,Cell Index,Cell X,Cell Y,Height,Azimuth,Electrical Downtilt,Mechanical Downtilt,Frequency Band,RS Power,Cell Altitude,Cell Building Height,Cell Clutter Index,X,Y,Altitude,Building Height,Clutter Index,RSRP,Station Absolute Height,X Distance,Y Distance,Distance To Station,Altitude Delta,Azimuth To Station,Height Delta,Station Total Downtilt,Station Downtilt Delta,Vertical Degree
0,567501,414050.0,3393655.0,15,260,3,3,2585.0,16.2,503,27,6,414020,3393595,501,0,11,-98.0,518,-30.0,-60.0,67.08203932499369,-2,-53.434948822921996,-17,6,0,14.220575401634786
1,567501,414050.0,3393655.0,15,260,3,3,2585.0,16.2,503,27,6,414355,3393600,500,111,5,-96.33,518,305.0,-55.0,309.9193443462347,-3,-159.7778313663639,-18,6,0,3.3239833391155003
2,567501,414050.0,3393655.0,15,260,3,3,2585.0,16.2,503,27,6,414515,3393760,498,0,6,-96.5,518,465.0,105.0,476.7074574621211,-5,-182.72435568542238,-20,6,0,2.4024041239324885
3,567501,414050.0,3393655.0,15,260,3,3,2585.0,16.2,503,27,6,414555,3393720,499,0,6,-99.4,518,505.0,65.0,509.1659847240387,-4,-177.33437880141673,-19,6,0,2.137053479582362
4,567501,414050.0,3393655.0,15,260,3,3,2585.0,16.2,503,27,6,414545,3393710,499,0,6,-102.6,518,495.0,55.0,498.0461825975579,-4,-176.34019174590992,-19,6,0,2.1847214198052365
5,567501,414050.0,3393655.0,15,260,3,3,2585.0,16.2,503,27,6,414525,3393690,500,0,5,-102.5,518,475.0,35.0,476.28772816439437,-3,-174.21417852273407,-18,6,0,2.1643082367581163
6,567501,414050.0,3393655.0,15,260,3,3,2585.0,16.2,503,27,6,414550,3393715,499,0,6,-102.0,518,500.0,60.0,503.5871324805669,-4,-176.84277341263095,-19,6,0,2.160705924820904
7,567501,414050.0,3393655.0,15,260,3,3,2585.0,16.2,503,27,6,414510,3393755,498,0,5,-94.6,518,460.0,100.0,470.7440918375928,-5,-182.26477372789242,-20,6,0,2.432801337263697
8,567501,414050.0,3393655.0,15,260,3,3,2585.0,16.2,503,27,6,414505,3393750,498,0,5,-92.75,518,455.0,95.0,464.81178986768396,-5,-181.79342968491045,-20,6,0,2.463812683271163
9,567501,414050.0,3393655.0,15,260,3,3,2585.0,16.2,503,27,6,414485,3393730,499,0,10,-99.2,518,435.0,75.0,441.41816908686485,-4,-179.78240703180728,-19,6,0,2.464665787160347
10,567501,414050.0,3393655.0,15,260,3,3,2585.0,16.2,503,27,6,414495,3393740,498,0,5,-97.33,518,445.0,85.0,453.0452516029718,-5,-180.81387751362496,-20,6,0,2.527721132250029
11,567501,414050.0,3393655.0,15,260,3,3,2585.0,16.2,503,27,6,414540,3393705,499,0,6,-103.5,518,490.0,50.0,492.54441424099,-4,-175.8263420295558,-19,6,0,2.209100923084981
12,567501,414050.0,3393655.0,15,260,3,3,2585.0,16.2,503,27,6,414490,3393735,498,0,10,-97.56,518,440.0,80.0,447.21359549995793,-5,-180.30484646876602,-20,6,0,2.560638973149915
13,567501,414050.0,3393655.0,15,260,3,3,2585.0,16.2,503,27,6,414500,3393745,498,0,5,-95.75,518,450.0,90.0,458.9117562233506,-5,-181.30993247402023,-20,6,0,2.4954490874677373
14,567501,414050.0,3393655.0,15,260,3,3,2585.0,16.2,503,27,6,414230,3393395,502,0,5,-89.5,518,180.0,-260.0,316.22776601683796,-1,-114.69515353123393,-16,6,0,2.896492628579106
15,567501,414050.0,3393655.0,15,260,3,3,2585.0,16.2,503,27,6,414480,3393725,499,0,5,-100.67,518,430.0,70.0,435.6604182158393,-4,-179.2461127455632,-19,6,0,2.4971981986601826
16,567501,414050.0,3393655.0,15,260,3,3,2585.0,16.2,503,27,6,414530,3393695,499,0,5,-102.29,518,480.0,40.0,481.6637831516918,-4,-174.76364169072616,-19,6,0,2.2589526804052826
17,567501,414050.0,3393655.0,15,260,3,3,2585.0,16.2,503,27,6,414535,3393700,499,0,6,-99.0,518,485.0,45.0,487.08315511830216,-4,-175.3009265165257,-19,6,0,2.2338447845673985
18,567501,414050.0,3393655.0,15,260,3,3,2585.0,16.2,503,27,6,414350,3393595,500,111,5,-94.0,518,300.0,-60.0,305.9411708155671,-3,-158.69006752597977,-18,6,0,3.3671065082357314
19,567501,414050.0,3393655.0,15,260,3,3,2585.0,16.2,503,27,6,414005,3393605,502,0,5,-91.5,518,-45.0,-50.0,67.26812023536856,-1,-38.012787504183365,-16,6,0,13.37942351383341
20,567501,414050.0,3393655.0,15,260,3,3,2585.0,16.2,503,27,6,414285,3393585,500,0,2,-83.0,518,235.0,-70.0,245.20399670478457,-3,-153.41266144307258,-18,6,0,4.198453075718601
21,567501,414050.0,3393655.0,15,260,3,3,2585.0,16.2,503,27,6,414245,3393545,501,0,12,-87.5,518,195.0,-110.0,223.8861317723811,-2,-140.57254359681025,-17,6,0,4.3422196154235895
22,567501,414050.0,3393655.0,15,260,3,3,2585.0,16.2,503,27,6,414280,3393590,500,0,2,-91.4,518,230.0,-65.0,239.0083680543424,-3,-154.21924669048462,-18,6,0,4.306881957521401
23,567501,414050.0,3393655.0,15,260,3,3,2585.0,16.2,503,27,6,414240,3393550,500,0,12,-86.75,518,190.0,-105.0,217.0829334609241,-3,-141.0735741647464,-18,6,0,4.739986476548583
24,567501,414050.0,3393655.0,15,260,3,3,2585.0,16.2,503,27,6,414405,3393705,501,0,5,-96.75,518,355.0,50.0,358.50383540486706,-2,-178.01709307365536,-17,6,0,2.7148919360692103
25,567501,414050.0,3393655.0,15,260,3,3,2585.0,16.2,503,27,6,414465,3393725,499,0,5,-100.0,518,415.0,70.0,420.86221023037933,-4,-179.57422788509183,-19,6,0,2.584886721184376
26,567501,414050.0,3393655.0,15,260,3,3,2585.0,16.2,503,27,6,414445,3393745,500,0,10,-99.0,518,395.0,90.0,405.123437979093,-3,-182.83560948640144,-18,6,0,2.5440300164647938
27,567501,414050.0,3393655.0,15,260,3,3,2585.0,16.2,503,27,6,414470,3393740,499,0,5,-97.6,518,420.0,85.0,428.51487722131657,-4,-181.44104386876745,-19,6,0,2.5387852636962522
28,567501,414050.0,3393655.0,15,260,3,3,2585.0,16.2,503,27,6,414530,3393680,500,0,5,-98.83,518,480.0,25.0,480.6506007486103,-3,-172.98146121998218,-18,6,0,2.1446812083987994
29,567501,414050.0,3393655.0,15,260,3,3,2585.0,16.2,503,27,6,414535,3393675,500,0,5,-101.5,518,485.0,20.0,485.41219597368996,-3,-172.36137465817563,-18,6,0,2.1236625623184926
30,567501,414050.0,3393655.0,15,260,3,3,2585.0,16.2,503,27,6,414290,3393600,500,0,5,-97.5,518,240.0,-55.0,246.22144504490262,-3,-157.09259132873416,-18,6,0,4.181165676587974
31,567501,414050.0,3393655.0,15,260,3,3,2585.0,16.2,503,27,6,414410,3393720,501,0,5,-97.5,518,360.0,65.0,365.8209944768069,-2,-180.2348027634232,-17,6,0,2.6606674400666273
32,567501,414050.0,3393655.0,15,260,3,3,2585.0,16.2,503,27,6,414460,3393730,499,0,5,-99.0,518,410.0,75.0,416.80331092734855,-4,-180.3663226034505,-19,6,0,2.610024132427622
33,567501,414050.0,3393655.0,15,260,3,3,2585.0,16.2,503,27,6,414440,3393750,500,0,10,-98.5,518,390.0,95.0,401.40378672852603,-3,-183.6900496174655,-18,6,0,2.5675731396239247
34,567501,414050.0,3393655.0,15,260,3,3,2585.0,16.2,503,27,6,414475,3393735,499,0,5,-99.33,518,425.0,80.0,432.46387132337424,-4,-180.6603482945353,-19,6,0,2.5156325569433973
35,567501,414050.0,3393655.0,15,260,3,3,2585.0,16.2,503,27,6,414400,3393710,501,0,5,-99.0,518,350.0,55.0,354.29507476113747,-2,-178.93059010041895,-17,6,0,2.747093709211381
36,567501,414050.0,3393655.0,15,260,3,3,2585.0,16.2,503,27,6,414385,3393685,500,0,7,-100.0,518,335.0,30.0,336.34060117684277,-3,-175.11731484997262,-18,6,0,3.0633860886947053
37,567501,414050.0,3393655.0,15,260,3,3,2585.0,16.2,503,27,6,414345,3393725,500,0,5,-100.5,518,295.0,70.0,303.1913587159106,-3,-183.3487271132874,-18,6,0,3.3975734633784755
38,567501,414050.0,3393655.0,15,260,3,3,2585.0,16.2,503,27,6,414380,3393690,500,0,5,-96.0,518,330.0,35.0,331.85087012090236,-3,-176.05419189411487,-18,6,0,3.1047512070950822
39,567501,414050.0,3393655.0,15,260,3,3,2585.0,16.2,503,27,6,414270,3393660,499,0,6,-85.12,518,220.0,5.0,220.05681084665386,-4,-171.30195267257886,-19,6,0,4.934756097430211
40,567501,414050.0,3393655.0,15,260,3,3,2585.0,16.2,503,27,6,414355,3393735,500,0,5,-96.0,518,305.0,80.0,315.3173005085512,-3,-184.69731927951193,-18,6,0,3.267203998562687
41,567501,414050.0,3393655.0,15,260,3,3,2585.0,16.2,503,27,6,414365,3393705,500,0,5,-94.67,518,315.0,50.0,318.9435686763412,-3,-179.01932243138168,-18,6,0,3.2301362307887187
42,567501,414050.0,3393655.0,15,260,3,3,2585.0,16.2,503,27,6,414245,3393665,499,0,5,-85.09,518,195.0,10.0,195.25624189766637,-4,-172.93567344642116,-19,6,0,5.55784130959903
43,567501,414050.0,3393655.0,15,260,3,3,2585.0,16.2,503,27,6,414360,3393710,500,0,10,-94.92,518,310.0,55.0,314.8412298286233,-3,-180.06068979532296,-18,6,0,3.272133603179156
44,567501,414050.0,3393655.0,15,260,3,3,2585.0,16.2,503,27,6,414275,3393655,499,0,5,-86.93,518,225.0,0.0,225.0,-4,-170.0,-19,6,0,4.826858781122976
45,567501,414050.0,3393655.0,15,260,3,3,2585.0,16.2,503,27,6,414255,3393675,499,0,6,-86.03,518,205.0,20.0,205.9732992404598,-4,-175.57219780396377,-19,6,0,5.270332352547675
46,567501,414050.0,3393655.0,15,260,3,3,2585.0,16.2,503,27,6,414250,3393680,499,0,6,-85.63,518,200.0,25.0,201.55644370746373,-4,-177.1250163489018,-19,6,0,5.385153295019114
47,567501,414050.0,3393655.0,15,260,3,3,2585.0,16.2,503,27,6,414375,3393715,500,0,10,-98.5,518,325.0,60.0,330.49205739321485,-3,-180.45990909292914,-18,6,0,3.1174912134434396
48,567501,414050.0,3393655.0,15,260,3,3,2585.0,16.2,503,27,6,414260,3393650,499,0,5,-89.0,518,210.0,-5.0,210.05951537600004,-4,-168.63607246839706,-19,6,0,5.168371073501759
49,567501,414050.0,3393655.0,15,260,3,3,2585.0,16.2,503,27,6,414390,3393700,500,0,5,-99.0,518,340.0,45.0,342.96501279285036,-3,-177.53944513950933,-18,6,0,3.0043258691818036
50,567501,414050.0,3393655.0,15,260,3,3,2585.0,16.2,503,27,6,414370,3393720,500,0,10,-101.0,518,320.0,65.0,326.5348373451139,-3,-181.48199135474806,-18,6,0,3.155195679642878
51,567501,414050.0,3393655.0,15,260,3,3,2585.0,16.2,503,27,6,414240,3393670,499,0,5,-87.6,518,190.0,15.0,190.59118552545917,-4,-174.51398845800122,-19,6,0,5.692996261902162
52,567501,414050.0,3393655.0,15,260,3,3,2585.0,16.2,503,27,6,414395,3393695,500,0,5,-101.6,518,345.0,40.0,347.3110997362451,-3,-176.61346048231474,-18,6,0,2.966798743122556
53,567501,414050.0,3393655.0,15,260,3,3,2585.0,16.2,503,27,6,414265,3393645,499,0,5,-89.0,518,215.0,-10.0,215.23243250030885,-4,-167.33699923393283,-19,6,0,5.044802771468416
54,567501,414050.0,3393655.0,15,260,3,3,2585.0,16.2,503,27,6,414040,3393590,501,0,11,-97.0,518,-10.0,-65.0,65.76473218982953,-2,-71.2538377374448,-17,6,0,14.493535412739618
55,567501,414050.0,3393655.0,15,260,3,3,2585.0,16.2,503,27,6,414055,3393595,501,0,11,-93.33,518,5.0,-60.0,60.207972893961475,-2,-84.76364169072622,-17,6,0,15.76727224001903
56,567501,414050.0,3393655.0,15,260,3,3,2585.0,16.2,503,27,6,413985,3393485,500,0,7,-112.0,518,-65.0,-170.0,182.00274723201295,-3,-59.075498255078855,-18,6,0,5.6481626678024215
57,567501,414050.0,3393655.0,15,260,3,3,2585.0,16.2,503,27,6,414045,3393585,501,0,5,-90.5,518,-5.0,-70.0,70.178344238091,-2,-75.91438322002512,-17,6,0,13.617022453438507
58,567501,414050.0,3393655.0,15,260,3,3,2585.0,16.2,503,27,6,414050,3393600,501,0,11,-91.67,518,0.0,-55.0,55.0,-2,-80.0,-17,6,0,17.175903615746744
59,567501,414050.0,3393655.0,15,260,3,3,2585.0,16.2,503,27,6,414400,3393760,502,27,6,-101.0,518,350.0,105.0,365.41072781186926,-1,-186.69924423399362,-16,6,0,2.5071712703245046
60,567501,414050.0,3393655.0,15,260,3,3,2585.0,16.2,503,27,6,414270,3393570,500,0,6,-82.5,518,220.0,-85.0,235.8495283014151,-3,-148.8752808539275,-18,6,0,4.364344574930321
61,567501,414050.0,3393655.0,15,260,3,3,2585.0,16.2,503,27,6,414430,3393730,500,0,5,-100.5,518,380.0,75.0,387.3306081372863,-3,-181.16488017754858,-18,6,0,2.6607310152282406
62,567501,414050.0,3393655.0,15,260,3,3,2585.0,16.2,503,27,6,414435,3393725,500,0,5,-98.67,518,385.0,70.0,391.3118960624632,-3,-180.30484646876602,-18,6,0,2.633698501193632
63,567501,414050.0,3393655.0,15,260,3,3,2585.0,16.2,503,27,6,414440,3393720,500,0,5,-99.5,518,390.0,65.0,395.37956446938426,-3,-179.46232220802563,-18,6,0,2.6066405535983876
64,567501,414050.0,3393655.0,15,260,3,3,2585.0,16.2,503,27,6,414445,3393715,500,0,5,-99.0,518,395.0,60.0,399.53097501945956,-3,-178.6371314150707,-18,6,0,2.57959248493208
65,567501,414050.0,3393655.0,15,260,3,3,2585.0,16.2,503,27,6,414160,3393685,500,18,6,-94.0,518,110.0,30.0,114.0175425099138,-3,-185.25511870305775,-18,6,0,8.971268559630829
66,567501,414050.0,3393655.0,15,260,3,3,2585.0,16.2,503,27,6,414140,3393665,500,0,6,-76.5,518,90.0,10.0,90.55385138137417,-3,-176.34019174590992,-18,6,0,11.242525073210018
67,567501,414050.0,3393655.0,15,260,3,3,2585.0,16.2,503,27,6,414210,3393735,500,0,2,-98.0,518,160.0,80.0,178.88543819998318,-3,-196.56505117707798,-18,6,0,5.745936151128176
68,567501,414050.0,3393655.0,15,260,3,3,2585.0,16.2,503,27,6,414095,3393620,501,0,11,-84.78,518,45.0,-35.0,57.0087712549569,-2,-132.1250163489018,-17,6,0,16.604566151538044
69,567501,414050.0,3393655.0,15,260,3,3,2585.0,16.2,503,27,6,414090,3393615,501,0,5,-88.67,518,40.0,-40.0,56.568542494923804,-2,-125.0,-17,6,0,16.726594161142604
70,567501,414050.0,3393655.0,15,260,3,3,2585.0,16.2,503,27,6,414150,3393675,500,18,6,-78.75,518,100.0,20.0,101.9803902718557,-3,-181.30993247402023,-18,6,0,10.009865311812067
71,567501,414050.0,3393655.0,15,260,3,3,2585.0,16.2,503,27,6,414115,3393640,501,0,11,-75.15,518,65.0,-15.0,66.70832032063167,-2,-157.00538320808352,-17,6,0,14.296985558771674
72,567501,414050.0,3393655.0,15,260,3,3,2585.0,16.2,503,27,6,414105,3393630,501,0,11,-81.23,518,55.0,-25.0,60.41522986797286,-2,-145.55604521958344,-17,6,0,15.715858717004783
73,567501,414050.0,3393655.0,15,260,3,3,2585.0,16.2,503,27,6,414130,3393655,500,0,5,-72.58,518,80.0,0.0,80.0,-3,-170.0,-18,6,0,12.68038349181982
74,567501,414050.0,3393655.0,15,260,3,3,2585.0,16.2,503,27,6,414185,3393710,500,0,6,-90.5,518,135.0,55.0,145.7737973711325,-3,-192.16634582208246,-18,6,0,7.03919313257408
75,567501,414050.0,3393655.0,15,260,3,3,2585.0,16.2,503,27,6,414120,3393645,501,0,11,-72.5,518,70.0,-10.0,70.71067811865476,-2,-161.86989764584405,-17,6,0,13.518284623129587
76,567501,414050.0,3393655.0,15,260,3,3,2585.0,16.2,503,27,6,414125,3393650,500,0,5,-72.18,518,75.0,-5.0,75.16648189186454,-3,-166.18592516570965,-18,6,0,13.466932280961634
77,567501,414050.0,3393655.0,15,260,3,3,2585.0,16.2,503,27,6,414100,3393625,501,0,11,-83.3,518,50.0,-30.0,58.309518948453004,-2,-139.0362434679265,-17,6,0,16.253917058152773
78,567501,414050.0,3393655.0,15,260,3,3,2585.0,16.2,503,27,6,414135,3393660,500,0,5,-73.64,518,85.0,5.0,85.14693182963201,-3,-173.3664606634298,-18,6,0,11.936543968468476
79,567501,414050.0,3393655.0,15,260,3,3,2585.0,16.2,503,27,6,414110,3393635,501,0,11,-75.93,518,60.0,-20.0,63.245553203367585,-2,-151.56505117707798,-17,6,0,15.04513060115852
80,567501,414050.0,3393655.0,15,260,3,3,2585.0,16.2,503,27,6,414085,3393610,501,0,5,-88.75,518,35.0,-45.0,57.0087712549569,-2,-117.8749836510982,-17,6,0,16.604566151538044
81,567501,414050.0,3393655.0,15,260,3,3,2585.0,16.2,503,27,6,414145,3393670,500,0,6,-84.0,518,95.0,15.0,96.17692030835673,-3,-178.9726266148964,-18,6,0,10.600563253798075
82,567501,414050.0,3393655.0,15,260,3,3,2585.0,16.2,503,27,6,414155,3393680,500,18,5,-80.25,518,105.0,25.0,107.93516572461452,-3,-183.39249775375112,-18,6,0,9.467903140983717
83,567501,414050.0,3393655.0,15,260,3,3,2585.0,16.2,503,27,6,414175,3393700,500,0,6,-99.0,518,125.0,45.0,132.85330255586422,-3,-189.7988763545249,-18,6,0,7.715893908634508
84,567501,414050.0,3393655.0,15,260,3,3,2585.0,16.2,503,27,6,414060,3393585,501,0,5,-89.67,518,10.0,-70.0,70.71067811865476,-2,-88.13010235415595,-17,6,0,13.518284623129587
85,567501,414050.0,3393655.0,15,260,3,3,2585.0,16.2,503,27,6,413975,3393500,500,0,5,-111.0,518,-75.0,-155.0,172.19175357722565,-3,-54.17900802581073,-18,6,0,5.967718290227221
86,567501,414050.0,3393655.0,15,260,3,3,2585.0,16.2,503,27,6,414065,3393590,501,0,5,-82.0,518,15.0,-65.0,66.70832032063167,-2,-92.99461679191654,-17,6,0,14.296985558771674
87,567501,414050.0,3393655.0,15,260,3,3,2585.0,16.2,503,27,6,414110,3393680,502,0,6,-78.25,518,60.0,25.0,65.0,-1,-192.61986494804046,-16,6,0,13.828650972280155
88,567501,414050.0,3393655.0,15,260,3,3,2585.0,16.2,503,27,6,414105,3393665,502,0,5,-84.4,518,55.0,10.0,55.90169943749474,-1,-180.30484646876602,-16,6,0,15.972006100176625
89,567501,414050.0,3393655.0,15,260,3,3,2585.0,16.2,503,27,6,414125,3393605,500,0,5,-78.33,518,75.0,-50.0,90.13878188659973,-3,-136.30993247402023,-18,6,0,11.292966996162274
90,567501,414050.0,3393655.0,15,260,3,3,2585.0,16.2,503,27,6,414095,3393655,502,0,5,-83.0,518,45.0,0.0,45.0,-1,-170.0,-16,6,0,19.573125830410195
91,567501,414050.0,3393655.0,15,260,3,3,2585.0,16.2,503,27,6,414210,3393700,499,0,6,-96.5,518,160.0,45.0,166.20770138594662,-4,-185.70863782901574,-19,6,0,6.52144670072568
92,567501,414050.0,3393655.0,15,260,3,3,2585.0,16.2,503,27,6,414085,3393645,502,27,5,-79.5,518,35.0,-10.0,36.40054944640259,-1,-154.05460409907715,-16,6,0,23.72807247903225
93,567501,414050.0,3393655.0,15,260,3,3,2585.0,16.2,503,27,6,414145,3393625,499,0,11,-77.62,518,95.0,-30.0,99.62429422585637,-4,-152.47443162627712,-19,6,0,10.797585771951114
94,567501,414050.0,3393655.0,15,260,3,3,2585.0,16.2,503,27,6,414225,3393705,499,0,6,-99.9,518,175.0,50.0,182.00274723201295,-4,-185.94539590092285,-19,6,0,5.959749797691168
95,567501,414050.0,3393655.0,15,260,3,3,2585.0,16.2,503,27,6,414100,3393670,502,0,6,-87.5,518,50.0,15.0,52.20153254455275,-1,-186.69924423399362,-16,6,0,17.04053317094319
96,567501,414050.0,3393655.0,15,260,3,3,2585.0,16.2,503,27,6,414090,3393660,502,0,5,-87.0,518,40.0,5.0,40.311288741492746,-1,-177.1250163489018,-16,6,0,21.648679905696664
97,567501,414050.0,3393655.0,15,260,3,3,2585.0,16.2,503,27,6,414205,3393685,499,0,2,-81.4,518,155.0,30.0,157.87653403846943,-4,-180.95406264339834,-19,6,0,6.862383730110939
98,567501,414050.0,3393655.0,15,260,3,3,2585.0,16.2,503,27,6,414140,3393630,500,0,11,-77.1,518,90.0,-25.0,93.40770846134703,-3,-154.47588900324575,-18,6,0,10.907399307554117
99,567501,414050.0,3393655.0,15,260,3,3,2585.0,16.2,503,27,6,414115,3393675,501,0,6,-77.07,518,65.0,20.0,68.00735254367721,-2,-187.10272896905235,-17,6,0,14.034785935556176
100,567501,414050.0,3393655.0,15,260,3,3,2585.0,16.2,503,27,6,414150,3393640,500,0,6,-80.82,518,100.0,-15.0,101.11874208078342,-3,-161.46923439005184,-18,6,0,10.09341430546835
101,567501,414050.0,3393655.0,15,260,3,3,2585.0,16.2,503,27,6,414155,3393635,499,0,6,-78.79,518,105.0,-20.0,106.88779163215975,-4,-159.2157021324374,-19,6,0,10.079416344932223
102,567501,414050.0,3393655.0,15,260,3,3,2585.0,16.2,503,27,6,414135,3393615,500,0,5,-76.14,518,85.0,-40.0,93.94147114027967,-3,-144.7988763545249,-18,6,0,10.846899176606794
103,567501,414050.0,3393655.0,15,260,3,3,2585.0,16.2,503,27,6,414215,3393695,499,0,2,-95.6,518,165.0,40.0,169.77926846349644,-4,-183.6269948598915,-19,6,0,6.385403215773164
104,567501,414050.0,3393655.0,15,260,3,3,2585.0,16.2,503,27,6,414220,3393710,499,0,6,-102.13,518,170.0,55.0,178.67568385205638,-4,-187.92791976200726,-19,6,0,6.06990342869599
105,567501,414050.0,3393655.0,15,260,3,3,2585.0,16.2,503,27,6,414130,3393620,500,0,5,-78.36,518,80.0,-35.0,87.32124598286491,-3,-146.3706222693432,-18,6,0,11.647542284710939
106,567501,414050.0,3393655.0,15,260,3,3,2585.0,16.2,503,27,6,414120,3393610,500,0,5,-81.44,518,70.0,-45.0,83.21658488546619,-3,-137.26477372789242,-18,6,0,12.205220913362576
107,567501,414050.0,3393655.0,15,260,3,3,2585.0,16.2,503,27,6,414165,3393725,500,0,13,-97.0,518,115.0,70.0,134.6291201783626,-3,-201.32869286780414,-18,6,0,7.615320090479715
108,567501,414050.0,3393655.0,15,260,3,3,2585.0,16.2,503,27,6,414690,3393865,502,0,5,-99.5,518,640.0,210.0,673.5725647619564,-1,-188.16595652922553,-16,6,0,1.3607444194754446
109,567501,414050.0,3393655.0,15,260,3,3,2585.0,16.2,503,27,6,414525,3393720,499,0,6,-101.33,518,475.0,65.0,479.42674101472477,-4,-177.79207807821842,-19,6,0,2.2694821318504026
110,567501,414050.0,3393655.0,15,260,3,3,2585.0,16.2,503,27,6,414495,3393750,498,0,5,-97.25,518,445.0,95.0,455.02747169813824,-5,-182.05078488340956,-20,6,0,2.516723899194438
111,567501,414050.0,3393655.0,15,260,3,3,2585.0,16.2,503,27,6,414515,3393730,499,0,5,-94.08,518,465.0,75.0,471.00955404322747,-4,-179.16234704572173,-19,6,0,2.3099954142475636
112,567501,414050.0,3393655.0,15,260,3,3,2585.0,16.2,503,27,6,414540,3393695,499,0,6,-104.0,518,490.0,40.0,491.62994213127416,-4,-174.666858371439,-19,6,0,2.213205949948685
113,567501,414050.0,3393655.0,15,260,3,3,2585.0,16.2,503,27,6,414510,3393725,499,0,5,-99.0,518,460.0,70.0,465.29560496527364,-4,-178.65254179111474,-19,6,0,2.3383314513048252
114,567501,414050.0,3393655.0,15,260,3,3,2585.0,16.2,503,27,6,414520,3393715,499,0,5,-97.25,518,470.0,60.0,473.8143096192853,-4,-177.27500495788922,-19,6,0,2.296336020890706
115,567501,414050.0,3393655.0,15,260,3,3,2585.0,16.2,503,27,6,414500,3393735,498,0,5,-96.58,518,450.0,80.0,457.05579528105756,-5,-180.08059798754232,-20,6,0,2.5055694395344004
116,567501,414050.0,3393655.0,15,260,3,3,2585.0,16.2,503,27,6,414485,3393760,498,0,10,-98.92,518,435.0,105.0,447.49301670528894,-5,-183.5704343851615,-20,6,0,2.5590421987941454
117,567501,414050.0,3393655.0,15,260,3,3,2585.0,16.2,503,27,6,414545,3393700,499,0,6,-96.33,518,495.0,45.0,497.04124577342674,-4,-175.1944289077348,-19,6,0,2.1891342791031523
118,567501,414050.0,3393655.0,15,260,3,3,2585.0,16.2,503,27,6,414480,3393755,498,0,10,-97.4,518,430.0,100.0,441.47480109288233,-5,-183.09189306434683,-20,6,0,2.5938799163755557
119,567501,414050.0,3393655.0,15,260,3,3,2585.0,16.2,503,27,6,414530,3393705,499,0,5,-99.75,518,480.0,50.0,482.59714048054616,-4,-175.94686305397352,-19,6,0,2.254588311119656
120,567501,414050.0,3393655.0,15,260,3,3,2585.0,16.2,503,27,6,414505,3393740,498,0,5,-95.9,518,455.0,85.0,462.87147244132467,-5,-180.5816355209438,-20,6,0,2.474127966883097
121,567501,414050.0,3393655.0,15,260,3,3,2585.0,16.2,503,27,6,414490,3393745,498,0,5,-97.29,518,440.0,90.0,449.1102314577124,-5,-181.56013079421774,-20,6,0,2.5498394496146233
122,567501,414050.0,3393655.0,15,260,3,3,2585.0,16.2,503,27,6,414465,3393620,500,0,7,-98.5,518,415.0,-35.0,416.473288459176,-3,-165.17923392190733,-18,6,0,2.474786778847309
123,567501,414050.0,3393655.0,15,260,3,3,2585.0,16.2,503,27,6,414270,3393545,500,0,5,-86.5,518,220.0,-110.0,245.96747752497686,-3,-143.43494882292202,-18,6,0,4.185467499565042
124,567501,414050.0,3393655.0,15,260,3,3,2585.0,16.2,503,27,6,414285,3393580,500,0,2,-98.0,518,235.0,-75.0,246.6779276708802,-3,-152.29957221133282,-18,6,0,4.173455707090691
125,567501,414050.0,3393655.0,15,260,3,3,2585.0,16.2,503,27,6,414290,3393565,500,0,5,-89.5,518,240.0,-90.0,256.3201123595259,-3,-149.44395478041656,-18,6,0,4.016983658795792
126,567501,414050.0,3393655.0,15,260,3,3,2585.0,16.2,503,27,6,414240,3393535,501,0,5,-86.0,518,190.0,-120.0,224.72205054244233,-2,-137.72435568542238,-17,6,0,4.326128904702494
127,567501,414050.0,3393655.0,15,260,3,3,2585.0,16.2,503,27,6,414435,3393710,500,0,5,-97.0,518,385.0,55.0,388.90872965260115,-3,-178.13010235415595,-18,6,0,2.6499496699909475
128,567501,414050.0,3393655.0,15,260,3,3,2585.0,16.2,503,27,6,414400,3393695,500,0,5,-93.0,518,350.0,40.0,352.27829907617075,-3,-176.51980175165698,-18,6,0,2.925039410958328
129,567501,414050.0,3393655.0,15,260,3,3,2585.0,16.2,503,27,6,414430,3393705,500,0,5,-96.0,518,380.0,50.0,383.275357934736,-3,-177.49585763972988,-18,6,0,2.688841816899184
130,567501,414050.0,3393655.0,15,260,3,3,2585.0,16.2,503,27,6,414295,3393570,500,0,2,-98.2,518,245.0,-85.0,259.3260495977988,-3,-150.8663567940945,-18,6,0,3.970571222747236
131,567501,414050.0,3393655.0,15,260,3,3,2585.0,16.2,503,27,6,414455,3393730,500,0,5,-99.0,518,405.0,75.0,411.8859065323794,-3,-180.4914770123316,-18,6,0,2.5023148896104748
132,567501,414050.0,3393655.0,15,260,3,3,2585.0,16.2,503,27,6,414445,3393740,500,0,10,-99.88,518,395.0,85.0,404.04207701673846,-3,-182.144278049567,-18,6,0,2.550829768416922
133,567501,414050.0,3393655.0,15,260,3,3,2585.0,16.2,503,27,6,414425,3393720,500,0,5,-97.43,518,375.0,65.0,380.5916446797013,-3,-179.8335639642071,-18,6,0,2.707773861916083
134,567501,414050.0,3393655.0,15,260,3,3,2585.0,16.2,503,27,6,414465,3393760,499,0,13,-100.4,518,415.0,105.0,428.07709586007985,-4,-184.19855402386315,-19,6,0,2.5413781994969513
135,567501,414050.0,3393655.0,15,260,3,3,2585.0,16.2,503,27,6,414470,3393745,499,0,10,-100.0,518,420.0,90.0,429.53463189829057,-4,-182.0947570770121,-19,6,0,2.532765812437679
136,567501,414050.0,3393655.0,15,260,3,3,2585.0,16.2,503,27,6,414440,3393735,500,0,10,-97.33,518,390.0,80.0,398.1205847478877,-3,-181.59217541029108,-18,6,0,2.588718593134609
137,567501,414050.0,3393655.0,15,260,3,3,2585.0,16.2,503,27,6,414475,3393750,499,0,10,-96.83,518,425.0,95.0,435.4882317583335,-4,-182.6001598260807,-19,6,0,2.4981843081231787
138,567501,414050.0,3393655.0,15,260,3,3,2585.0,16.2,503,27,6,414280,3393575,500,0,5,-79.0,518,230.0,-80.0,243.51591323771842,-3,-150.82099197418927,-18,6,0,4.227452138220514
139,567501,414050.0,3393655.0,15,260,3,3,2585.0,16.2,503,27,6,414415,3393690,500,0,7,-104.5,518,365.0,35.0,366.67424234598207,-3,-175.47736872882888,-18,6,0,2.810387732942627
140,567501,414050.0,3393655.0,15,260,3,3,2585.0,16.2,503,27,6,414245,3393540,501,0,5,-89.86,518,195.0,-115.0,226.38462845343543,-2,-139.47029410006587,-17,6,0,4.294476933846017
141,567501,414050.0,3393655.0,15,260,3,3,2585.0,16.2,503,27,6,414405,3393700,500,0,5,-92.0,518,355.0,45.0,357.8407467016578,-3,-177.22431569404534,-18,6,0,2.8796483324911013
142,567501,414050.0,3393655.0,15,260,3,3,2585.0,16.2,503,27,6,414450,3393725,500,0,13,-96.0,518,400.0,70.0,406.07881008493905,-3,-179.9262455066517,-18,6,0,2.5380525725378105
143,567501,414050.0,3393655.0,15,260,3,3,2585.0,16.2,503,27,6,414070,3393710,503,0,12,-107.25,518,20.0,55.0,58.52349955359813,0,-240.01689347810003,-15,6,0,14.37585925104065
144,567501,414050.0,3393655.0,15,260,3,3,2585.0,16.2,503,27,6,414035,3393595,501,0,11,-96.67,518,-15.0,-60.0,61.84658438426491,-2,-65.96375653207352,-17,6,0,15.36952380130432
145,567501,414050.0,3393655.0,15,260,3,3,2585.0,16.2,503,27,6,414025,3393585,501,0,11,-101.0,518,-25.0,-70.0,74.33034373659252,-2,-60.34617594194671,-17,6,0,12.882478622426117
146,567501,414050.0,3393655.0,15,260,3,3,2585.0,16.2,503,27,6,414245,3393525,501,0,5,-88.0,518,195.0,-130.0,234.3608329051593,-2,-136.30993247402023,-17,6,0,4.14883860070616
147,567501,414050.0,3393655.0,15,260,3,3,2585.0,16.2,503,27,6,414420,3393710,500,0,5,-103.25,518,370.0,55.0,374.0655022853618,-3,-178.45502767717744,-18,6,0,2.754942943876589
148,567501,414050.0,3393655.0,15,260,3,3,2585.0,16.2,503,27,6,414410,3393700,500,0,5,-97.0,518,360.0,45.0,362.80159867343474,-3,-177.1250163489018,-18,6,0,2.8403377163007493
149,567501,414050.0,3393655.0,15,260,3,3,2585.0,16.2,503,27,6,414435,3393715,500,0,5,-95.33,518,385.0,60.0,389.6472763923803,-3,-178.85795876362835,-18,6,0,2.6449340316173475
150,567501,414050.0,3393655.0,15,260,3,3,2585.0,16.2,503,27,6,414460,3393750,499,0,10,-100.0,518,410.0,95.0,420.86221023037933,-4,-183.04563706294857,-19,6,0,2.584886721184376
151,567501,414050.0,3393655.0,15,260,3,3,2585.0,16.2,503,27,6,414475,3393755,498,0,10,-105.33,518,425.0,100.0,436.6062299143245,-5,-183.24051991518718,-20,6,0,2.6227639568191745
152,567501,414050.0,3393655.0,15,260,3,3,2585.0,16.2,503,27,6,414465,3393745,499,0,10,-95.33,518,415.0,90.0,424.64691215173104,-4,-182.23611150941633,-19,6,0,2.5618795288574163
153,567501,414050.0,3393655.0,15,260,3,3,2585.0,16.2,503,27,6,414555,3393675,499,0,6,-100.0,518,505.0,20.0,505.3958844312051,-4,-172.2679545359058,-19,6,0,2.152980304731849
154,567501,414050.0,3393655.0,15,260,3,3,2585.0,16.2,503,27,6,414450,3393740,500,0,10,-99.33,518,400.0,85.0,408.93153461184676,-3,-181.99689930792357,-18,6,0,2.520369916692879
155,567501,414050.0,3393655.0,15,260,3,3,2585.0,16.2,503,27,6,414470,3393760,499,0,13,-98.0,518,420.0,105.0,432.92609068985433,-4,-184.03624346792645,-19,6,0,2.5129501528970524
156,567501,414050.0,3393655.0,15,260,3,3,2585.0,16.2,503,27,6,414455,3393735,500,0,10,-98.0,518,405.0,80.0,412.82562904936026,-3,-181.17383824181474,-18,6,0,2.496626040174888
157,567501,414050.0,3393655.0,15,260,3,3,2585.0,16.2,503,27,6,414255,3393535,500,0,5,-91.0,518,205.0,-120.0,237.53947040439405,-3,-139.65675111576041,-18,6,0,4.333413734974902
158,567501,414050.0,3393655.0,15,260,3,3,2585.0,16.2,503,27,6,414400,3393690,500,0,7,-102.17,518,350.0,35.0,351.7456467392312,-3,-175.71059313749964,-18,6,0,2.9294611210157546
159,567501,414050.0,3393655.0,15,260,3,3,2585.0,16.2,503,27,6,414290,3393580,500,0,2,-82.75,518,240.0,-75.0,251.44581921360316,-3,-152.64597536373867,-18,6,0,4.094590791547127
160,567501,414050.0,3393655.0,15,260,3,3,2585.0,16.2,503,27,6,414440,3393730,500,0,5,-99.0,518,390.0,75.0,397.1460688462118,-3,-180.88552705465872,-18,6,0,2.5950621104192786
161,567501,414050.0,3393655.0,15,260,3,3,2585.0,16.2,503,27,6,414445,3393725,500,0,10,-97.0,518,395.0,70.0,401.15458367068425,-3,-180.04934858812487,-18,6,0,2.5691660168751254
162,567501,414050.0,3393655.0,15,260,3,3,2585.0,16.2,503,27,6,414285,3393565,500,0,5,-85.0,518,235.0,-90.0,251.6445906432324,-3,-149.04422326936782,-18,6,0,4.091367504772813
163,567501,414050.0,3393655.0,15,260,3,3,2585.0,16.2,503,27,6,413995,3393585,502,0,5,-91.0,518,-55.0,-70.0,89.02246907382428,-1,-41.84277341263095,-16,6,0,10.188983433324225
164,567501,414050.0,3393655.0,15,260,3,3,2585.0,16.2,503,27,6,413970,3393570,501,0,12,-95.0,518,-80.0,-85.0,116.72617529928752,-2,-36.7357045889284,-17,6,0,8.286298081071688
165,567501,414050.0,3393655.0,15,260,3,3,2585.0,16.2,503,27,6,413985,3393595,502,0,12,-90.0,518,-65.0,-60.0,88.45903006477066,-1,-32.70938995736148,-16,6,0,10.252509777894534
166,567501,414050.0,3393655.0,15,260,3,3,2585.0,16.2,503,27,6,413990,3393590,502,0,12,-87.0,518,-60.0,-65.0,88.45903006477066,-1,-37.29061004263855,-16,6,0,10.252509777894534
167,567501,414050.0,3393655.0,15,260,3,3,2585.0,16.2,503,27,6,414140,3393585,499,0,10,-75.25,518,90.0,-70.0,114.0175425099138,-4,-132.1250163489018,-19,6,0,9.46089267557271
168,567501,414050.0,3393655.0,15,260,3,3,2585.0,16.2,503,27,6,414145,3393590,499,0,10,-79.33,518,95.0,-65.0,115.10864433221339,-4,-135.61965527615513,-19,6,0,9.372812699793336
169,567501,414050.0,3393655.0,15,260,3,3,2585.0,16.2,503,27,6,414155,3393600,499,0,5,-76.78,518,105.0,-55.0,118.53269591129698,-4,-142.35402463626133,-19,6,0,9.106662977537894
170,567501,414050.0,3393655.0,15,260,3,3,2585.0,16.2,503,27,6,414530,3393815,499,0,6,-103.0,518,480.0,160.0,505.9644256269407,-4,-188.43494882292202,-19,6,0,2.1505633205489123
171,567501,414050.0,3393655.0,15,260,3,3,2585.0,16.2,503,27,6,414150,3393595,499,0,10,-76.36,518,100.0,-60.0,116.61903789690601,-4,-139.0362434679265,-19,6,0,9.253533863587183
172,567501,414050.0,3393655.0,15,260,3,3,2585.0,16.2,503,27,6,414510,3393795,498,0,6,-100.3,518,460.0,140.0,480.83261120685233,-5,-186.92751306414704,-20,6,0,2.381817284751597
173,567501,414050.0,3393655.0,15,260,3,3,2585.0,16.2,503,27,6,414515,3393800,498,0,6,-100.0,518,465.0,145.0,487.08315511830216,-5,-187.31893843151477,-20,6,0,2.351286900358621
174,567501,414050.0,3393655.0,15,260,3,3,2585.0,16.2,503,27,6,414480,3393765,498,0,10,-97.0,518,430.0,110.0,443.8468204234429,-5,-184.34933204294714,-20,6,0,2.5800364082345846
175,567501,414050.0,3393655.0,15,260,3,3,2585.0,16.2,503,27,6,414490,3393775,497,0,10,-100.17,518,440.0,120.0,456.0701700396552,-6,-185.25511870305775,-21,6,0,2.636353312203302
176,567501,414050.0,3393655.0,15,260,3,3,2585.0,16.2,503,27,6,414495,3393780,497,0,5,-97.0,518,445.0,125.0,462.22288995678264,-6,-185.68999292908387,-21,6,0,2.6013089370769893
177,567501,414050.0,3393655.0,15,260,3,3,2585.0,16.2,503,27,6,414325,3393290,500,24,12,-103.57,518,275.0,-365.0,457.00109409059405,-3,-116.99527114270711,-18,6,0,2.2555552375624828
178,567501,414050.0,3393655.0,15,260,3,3,2585.0,16.2,503,27,6,414485,3393770,498,0,10,-96.5,518,435.0,115.0,449.9444410146657,-5,-184.8083770390424,-20,6,0,2.5451181982133786
179,567501,414050.0,3393655.0,15,260,3,3,2585.0,16.2,503,27,6,414520,3393805,499,0,6,-105.5,518,470.0,150.0,493.3558553417604,-4,-187.70042778866718,-19,6,0,2.2054711218786682
180,567501,414050.0,3393655.0,15,260,3,3,2585.0,16.2,503,27,6,414240,3393365,502,0,5,-93.5,518,190.0,-290.0,346.69871646719434,-1,-113.23171106797935,-16,6,0,2.64230135600087
181,567501,414050.0,3393655.0,15,260,3,3,2585.0,16.2,503,27,6,414635,3393760,501,0,13,-103.0,518,585.0,105.0,594.3483826847685,-2,-180.17551084304318,-17,6,0,1.638370335011987
182,567501,414050.0,3393655.0,15,260,3,3,2585.0,16.2,503,27,6,414210,3393635,499,0,6,-80.11,518,160.0,-20.0,161.24515496597098,-4,-162.8749836510982,-19,6,0,6.720344662364318
183,567501,414050.0,3393655.0,15,260,3,3,2585.0,16.2,503,27,6,414205,3393630,499,0,7,-88.43,518,155.0,-25.0,157.00318468107582,-4,-160.83765295427827,-19,6,0,6.900189551220449
184,567501,414050.0,3393655.0,15,260,3,3,2585.0,16.2,503,27,6,414140,3393685,500,0,6,-86.0,518,90.0,30.0,94.86832980505137,-3,-188.43494882292202,-18,6,0,10.743403801775964
185,567501,414050.0,3393655.0,15,260,3,3,2585.0,16.2,503,27,6,414165,3393670,500,18,7,-86.71,518,115.0,15.0,115.97413504743201,-3,-177.43140797117252,-18,6,0,8.822315760759363
186,567501,414050.0,3393655.0,15,260,3,3,2585.0,16.2,503,27,6,414185,3393650,499,0,7,-83.14,518,135.0,-5.0,135.09256086106296,-4,-167.87890360333853,-19,6,0,8.005813777548799
187,567501,414050.0,3393655.0,15,260,3,3,2585.0,16.2,503,27,6,414160,3393665,500,18,6,-78.82,518,110.0,10.0,110.45361017187261,-3,-175.1944289077348,-18,6,0,9.255804762401157
188,567501,414050.0,3393655.0,15,260,3,3,2585.0,16.2,503,27,6,414180,3393645,499,0,7,-80.07,518,130.0,-10.0,130.38404810405297,-4,-165.6012946450045,-19,6,0,8.290974400390276
189,567501,414050.0,3393655.0,15,260,3,3,2585.0,16.2,503,27,6,414215,3393640,499,0,6,-80.77,518,165.0,-15.0,165.6804152578089,-4,-164.8055710922652,-19,6,0,6.5420218915286386
190,567501,414050.0,3393655.0,15,260,3,3,2585.0,16.2,503,27,6,414175,3393680,500,0,7,-91.83,518,125.0,25.0,127.47548783981962,-3,-181.30993247402023,-18,6,0,8.037235702371657
191,567501,414050.0,3393655.0,15,260,3,3,2585.0,16.2,503,27,6,414145,3393690,500,18,6,-87.5,518,95.0,35.0,101.24228365658294,-3,-190.22485943116806,-18,6,0,10.081350537428044
192,567501,414050.0,3393655.0,15,260,3,3,2585.0,16.2,503,27,6,414155,3393700,500,18,6,-82.67,518,105.0,45.0,114.23659658795863,-3,-193.19859051364818,-18,6,0,8.95434473505222
193,567501,414050.0,3393655.0,15,260,3,3,2585.0,16.2,503,27,6,414190,3393655,499,0,7,-83.96,518,140.0,0.0,140.0,-4,-170.0,-19,6,0,7.72863699595161
194,567501,414050.0,3393655.0,15,260,3,3,2585.0,16.2,503,27,6,414170,3393675,500,0,7,-80.0,518,120.0,20.0,121.6552506059644,-3,-179.46232220802563,-18,6,0,8.416369055792709
195,567501,414050.0,3393655.0,15,260,3,3,2585.0,16.2,503,27,6,414195,3393660,499,0,6,-85.85,518,145.0,5.0,145.08618128546908,-4,-171.97493401088195,-19,6,0,7.460806498770392
196,567501,414050.0,3393655.0,15,260,3,3,2585.0,16.2,503,27,6,414255,3393610,499,0,2,-92.0,518,205.0,-45.0,209.88091861815357,-4,-157.61924307119284,-19,6,0,5.172745215218803
197,567501,414050.0,3393655.0,15,260,3,3,2585.0,16.2,503,27,6,414375,3393730,501,0,10,-102.5,518,325.0,75.0,333.54160160315837,-2,-182.99461679191648,-17,6,0,2.9177353919638
198,567501,414050.0,3393655.0,15,260,3,3,2585.0,16.2,503,27,6,414395,3393750,501,0,5,-101.0,518,345.0,95.0,357.8407467016578,-2,-185.3955492539951,-17,6,0,2.7199151575209584
199,567501,414050.0,3393655.0,15,260,3,3,2585.0,16.2,503,27,6,414290,3393645,500,111,7,-99.0,518,240.0,-10.0,240.20824298928628,-3,-167.61405596961117,-18,6,0,4.2854488047356085
200,567501,414050.0,3393655.0,15,260,3,3,2585.0,16.2,503,27,6,414265,3393640,499,0,5,-81.4,518,215.0,-15.0,215.52262062252305,-4,-166.00908690157019,-19,6,0,5.038045232258712
201,567501,414050.0,3393655.0,15,260,3,3,2585.0,16.2,503,27,6,414295,3393650,500,111,7,-89.0,518,245.0,-5.0,245.05101509685693,-3,-168.83086067209257,-18,6,0,4.201064724809324
202,567501,414050.0,3393655.0,15,260,3,3,2585.0,16.2,503,27,6,414275,3393630,499,0,5,-83.5,518,225.0,-25.0,226.38462845343543,-4,-163.65980825409008,-19,6,0,4.797474647077011
203,567501,414050.0,3393655.0,15,260,3,3,2585.0,16.2,503,27,6,414340,3393715,500,0,10,-96.4,518,290.0,60.0,296.1418578992169,-3,-181.6893691754392,-18,6,0,3.4782546473538316
204,567501,414050.0,3393655.0,15,260,3,3,2585.0,16.2,503,27,6,414315,3393670,500,0,5,-93.83,518,265.0,15.0,265.42418879973997,-3,-173.23970029610211,-18,6,0,3.8796289153371464
205,567501,414050.0,3393655.0,15,260,3,3,2585.0,16.2,503,27,6,414320,3393695,500,0,5,-92.85,518,270.0,40.0,272.9468812791236,-3,-178.42696902148066,-18,6,0,3.773015620502161
206,567501,414050.0,3393655.0,15,260,3,3,2585.0,16.2,503,27,6,414305,3393680,500,0,10,-89.7,518,255.0,25.0,256.2225595063791,-3,-175.59933933652053,-18,6,0,4.0185080547562695
207,567501,414050.0,3393655.0,15,260,3,3,2585.0,16.2,503,27,6,414280,3393655,500,0,7,-81.8,518,230.0,0.0,230.0,-3,-170.0,-18,6,0,4.474896506246098
208,567501,414050.0,3393655.0,15,260,3,3,2585.0,16.2,503,27,6,414345,3393720,500,0,10,-96.25,518,295.0,65.0,302.0761493398643,-3,-182.4259428654275,-18,6,0,3.4100871313380052
209,567501,414050.0,3393655.0,15,260,3,3,2585.0,16.2,503,27,6,414330,3393685,500,0,5,-90.62,518,280.0,30.0,281.60255680657446,-3,-176.11550356628538,-18,6,0,3.657363408395787
210,567501,414050.0,3393655.0,15,260,3,3,2585.0,16.2,503,27,6,414335,3393690,500,0,5,-91.67,518,285.0,35.0,287.14108030722457,-3,-177.00126755749534,-18,6,0,3.5870043072512954
211,567501,414050.0,3393655.0,15,260,3,3,2585.0,16.2,503,27,6,414350,3393705,500,0,10,-98.17,518,300.0,50.0,304.138126514911,-3,-179.46232220802563,-18,6,0,3.3870216367885724
212,567501,414050.0,3393655.0,15,260,3,3,2585.0,16.2,503,27,6,414310,3393665,500,0,5,-94.38,518,260.0,10.0,260.1922366251537,-3,-172.20259816176582,-18,6,0,3.9573951519500405
213,567501,414050.0,3393655.0,15,260,3,3,2585.0,16.2,503,27,6,414300,3393675,500,0,5,-90.21,518,250.0,20.0,250.79872407968904,-3,-174.57392125990089,-18,6,0,4.105119326154769
214,567501,414050.0,3393655.0,15,260,3,3,2585.0,16.2,503,27,6,414270,3393625,499,0,5,-85.5,518,220.0,-30.0,222.03603311174518,-4,-162.23483398157464,-19,6,0,4.890982170612817
215,567501,414050.0,3393655.0,15,260,3,3,2585.0,16.2,503,27,6,414355,3393710,500,0,10,-89.0,518,305.0,55.0,309.9193443462347,-3,-180.2221686336361,-18,6,0,3.3239833391155003
216,567501,414050.0,3393655.0,15,260,3,3,2585.0,16.2,503,27,6,414285,3393660,500,0,7,-88.15,518,235.0,5.0,235.05318547086316,-3,-171.2188752351313,-18,6,0,4.3790732344953796
217,567501,414050.0,3393655.0,15,260,3,3,2585.0,16.2,503,27,6,414325,3393700,500,0,10,-97.0,518,275.0,45.0,278.65749586185547,-3,-179.2933085993971,-18,6,0,3.695910583292807
218,567501,414050.0,3393655.0,15,260,3,3,2585.0,16.2,503,27,6,414370,3393725,501,0,5,-97.0,518,320.0,70.0,327.566787083184,-2,-182.3390872783262,-17,6,0,2.970860366517891
219,567501,414050.0,3393655.0,15,260,3,3,2585.0,16.2,503,27,6,414100,3393660,502,0,5,-80.0,518,50.0,5.0,50.24937810560445,-1,-175.71059313749964,-16,6,0,17.662094266669943
220,567501,414050.0,3393655.0,15,260,3,3,2585.0,16.2,503,27,6,414220,3393700,499,0,6,-105.5,518,170.0,45.0,175.85505395068975,-4,-184.82647997035565,-19,6,0,6.166517504315724
221,567501,414050.0,3393655.0,15,260,3,3,2585.0,16.2,503,27,6,414215,3393705,499,0,6,-95.5,518,165.0,50.0,172.40939649566667,-4,-186.85839876773827,-19,6,0,6.288779482231681
222,567501,414050.0,3393655.0,15,260,3,3,2585.0,16.2,503,27,6,414080,3393680,503,96,5,-104.67,518,30.0,25.0,39.05124837953327,0,-209.8055710922652,-15,6,0,21.012313789688616
223,567501,414050.0,3393655.0,15,260,3,3,2585.0,16.2,503,27,6,414090,3393670,502,0,6,-91.5,518,40.0,15.0,42.720018726587654,-1,-190.55604521958344,-16,6,0,20.532516536432254
224,567501,414050.0,3393655.0,15,260,3,3,2585.0,16.2,503,27,6,414235,3393685,499,0,5,-92.75,518,185.0,30.0,187.41664813991312,-4,-179.21102654081665,-19,6,0,5.78877699938632
225,567501,414050.0,3393655.0,15,260,3,3,2585.0,16.2,503,27,6,414150,3393610,499,0,5,-75.82,518,100.0,-45.0,109.65856099730654,-4,-145.77225468204585,-19,6,0,9.829767691099576
226,567501,414050.0,3393655.0,15,260,3,3,2585.0,16.2,503,27,6,414145,3393615,499,0,5,-75.56,518,95.0,-40.0,103.07764064044152,-4,-147.16634582208246,-19,6,0,10.443933803708083
227,567501,414050.0,3393655.0,15,260,3,3,2585.0,16.2,503,27,6,414110,3393650,501,0,5,-79.13,518,60.0,-5.0,60.207972893961475,-2,-165.23635830927384,-17,6,0,15.76727224001903
228,567501,414050.0,3393655.0,15,260,3,3,2585.0,16.2,503,27,6,414140,3393620,500,0,5,-78.75,518,90.0,-35.0,96.56603957913983,-3,-148.74949449286675,-18,6,0,10.558810026419948
229,567501,414050.0,3393655.0,15,260,3,3,2585.0,16.2,503,27,6,414120,3393640,500,0,5,-75.65,518,70.0,-15.0,71.58910531638176,-3,-157.9052429229879,-18,6,0,14.113595267486957
230,567501,414050.0,3393655.0,15,260,3,3,2585.0,16.2,503,27,6,414155,3393605,499,0,5,-77.41,518,105.0,-50.0,116.29703349613007,-4,-144.53665493812838,-19,6,0,9.278710123327585
231,567501,414050.0,3393655.0,15,260,3,3,2585.0,16.2,503,27,6,414095,3393665,502,0,6,-80.0,518,45.0,10.0,46.09772228646444,-1,-182.52880770915152,-16,6,0,19.14131168231073
232,567501,414050.0,3393655.0,15,260,3,3,2585.0,16.2,503,27,6,414115,3393645,501,0,11,-71.4,518,65.0,-10.0,65.76473218982953,-2,-161.25383773744477,-17,6,0,14.493535412739618
233,567501,414050.0,3393655.0,15,260,3,3,2585.0,16.2,503,27,6,414125,3393635,500,0,11,-76.12,518,75.0,-20.0,77.62087348130012,-3,-155.06858282186244,-18,6,0,13.055917496785929
234,567501,414050.0,3393655.0,15,260,3,3,2585.0,16.2,503,27,6,414105,3393655,501,0,5,-76.13,518,55.0,0.0,55.0,-2,-170.0,-17,6,0,17.175903615746744
235,567501,414050.0,3393655.0,15,260,3,3,2585.0,16.2,503,27,6,414225,3393695,499,0,5,-93.45,518,175.0,40.0,179.51323071016242,-4,-182.87500155961249,-19,6,0,6.041793307583032
236,567501,414050.0,3393655.0,15,260,3,3,2585.0,16.2,503,27,6,414210,3393710,500,0,6,-98.0,518,160.0,55.0,169.1892431568863,-3,-188.97040780848653,-18,6,0,6.072839601563694
237,567501,414050.0,3393655.0,15,260,3,3,2585.0,16.2,503,27,6,414130,3393630,500,0,11,-74.21,518,80.0,-25.0,83.81527307120105,-3,-152.64597536373867,-18,6,0,12.12062628053194
238,567501,414050.0,3393655.0,15,260,3,3,2585.0,16.2,503,27,6,414230,3393690,499,0,5,-91.64,518,180.0,35.0,183.3712082089225,-4,-181.0035408517495,-19,6,0,5.915590004490475
239,567501,414050.0,3393655.0,15,260,3,3,2585.0,16.2,503,27,6,414135,3393625,500,0,11,-76.65,518,85.0,-30.0,90.13878188659973,-3,-150.55996517182382,-18,6,0,11.292966996162274
240,567501,414050.0,3393655.0,15,260,3,3,2585.0,16.2,503,27,6,414060,3393650,503,27,5,-102.33,518,10.0,-5.0,11.180339887498949,0,-143.43494882292202,-15,6,0,53.30077479951012
241,567501,414050.0,3393655.0,15,260,3,3,2585.0,16.2,503,27,6,414235,3393550,501,0,12,-87.75,518,185.0,-105.0,212.72047386182646,-2,-140.42216131873863,-17,6,0,4.569200709158741
242,567501,414050.0,3393655.0,15,260,3,3,2585.0,16.2,503,27,6,414175,3393570,499,0,6,-92.0,518,125.0,-85.0,151.16216457830973,-4,-135.7842978675626,-19,6,0,7.164098438795279
243,567501,414050.0,3393655.0,15,260,3,3,2585.0,16.2,503,27,6,414220,3393555,500,0,12,-88.33,518,170.0,-100.0,197.2308292331602,-3,-139.5344550805401,-18,6,0,5.2145749414281655
244,567501,414050.0,3393655.0,15,260,3,3,2585.0,16.2,503,27,6,414445,3393780,500,0,6,-101.0,518,395.0,125.0,414.30664971733194,-3,-187.56027205180067,-18,6,0,2.487712591303397
245,567501,414050.0,3393655.0,15,260,3,3,2585.0,16.2,503,27,6,414165,3393580,499,0,5,-71.0,518,115.0,-75.0,137.2953021774598,-4,-136.88865803962796,-19,6,0,7.878995968682917
246,567501,414050.0,3393655.0,15,260,3,3,2585.0,16.2,503,27,6,414455,3393770,499,0,5,-98.5,518,405.0,115.0,421.0106887004177,-4,-185.85192815428695,-19,6,0,2.5839763411249845
247,567501,414050.0,3393655.0,15,260,3,3,2585.0,16.2,503,27,6,414470,3393785,499,0,6,-103.0,518,420.0,130.0,439.65895873961216,-4,-187.19854122006586,-19,6,0,2.474515436699933
248,567501,414050.0,3393655.0,15,260,3,3,2585.0,16.2,503,27,6,414245,3393340,503,0,5,-98.5,518,195.0,-315.0,370.4726710568541,0,-111.75948008481282,-15,6,0,2.318571877669649
249,567501,414050.0,3393655.0,15,260,3,3,2585.0,16.2,503,27,6,414160,3393575,499,0,10,-79.83,518,110.0,-80.0,136.01470508735443,-4,-133.9726266148964,-19,6,0,7.9522331327140146
250,567501,414050.0,3393655.0,15,260,3,3,2585.0,16.2,503,27,6,414230,3393545,501,0,12,-90.67,518,180.0,-110.0,210.95023109728987,-2,-138.5704343851615,-17,6,0,4.607379923402294
251,567501,414050.0,3393655.0,15,260,3,3,2585.0,16.2,503,27,6,414225,3393560,500,0,12,-86.7,518,175.0,-95.0,199.12307751739877,-3,-141.50436138175502,-18,6,0,5.165290644323302
252,567501,414050.0,3393655.0,15,260,3,3,2585.0,16.2,503,27,6,414270,3393585,500,0,5,-88.0,518,220.0,-70.0,230.8679276123039,-3,-152.34987578006985,-18,6,0,4.458141473129975
253,567501,414050.0,3393655.0,15,260,3,3,2585.0,16.2,503,27,6,414265,3393600,499,0,2,-79.6,518,215.0,-55.0,221.92341021172146,-4,-155.65066795705286,-19,6,0,4.893452223310432
254,567501,414050.0,3393655.0,15,260,3,3,2585.0,16.2,503,27,6,414275,3393590,500,0,2,-82.8,518,225.0,-65.0,234.2007685726074,-3,-153.8865817669107,-18,6,0,4.3949493456163005
255,567501,414050.0,3393655.0,15,260,3,3,2585.0,16.2,503,27,6,414460,3393715,500,0,5,-94.5,518,410.0,60.0,414.36698710201324,-3,-178.3256503304268,-18,6,0,2.487350802017055
256,567501,414050.0,3393655.0,15,260,3,3,2585.0,16.2,503,27,6,414490,3393645,500,0,5,-101.0,518,440.0,-10.0,440.1136216933077,-3,-168.69804732742114,-18,6,0,2.3420079008620838
257,567501,414050.0,3393655.0,15,260,3,3,2585.0,16.2,503,27,6,414465,3393720,499,0,5,-99.67,518,415.0,65.0,420.05951959216446,-4,-178.901716032892,-19,6,0,2.589819455684611
258,567501,414050.0,3393655.0,15,260,3,3,2585.0,16.2,503,27,6,414440,3393695,500,111,7,-94.67,518,390.0,40.0,392.04591567825315,-3,-175.85601358542897,-18,6,0,2.628774404483918
259,567501,414050.0,3393655.0,15,260,3,3,2585.0,16.2,503,27,6,414415,3393730,501,0,5,-99.33,518,365.0,75.0,372.6258176777342,-2,-181.6114864238885,-17,6,0,2.612146751536272
260,567501,414050.0,3393655.0,15,260,3,3,2585.0,16.2,503,27,6,414405,3393740,501,0,5,-97.0,518,355.0,85.0,365.0342449688796,-2,-183.46520809481171,-17,6,0,2.66639364539507
261,567501,414050.0,3393655.0,15,260,3,3,2585.0,16.2,503,27,6,414430,3393745,501,0,5,-100.0,518,380.0,90.0,390.51248379533274,-2,-183.3245312618908,-17,6,0,2.4926569648606236
262,567501,414050.0,3393655.0,15,260,3,3,2585.0,16.2,503,27,6,414400,3393735,501,0,5,-97.0,518,350.0,80.0,359.02646142032484,-2,-182.87500155961249,-17,6,0,2.710945834339764
263,567501,414050.0,3393655.0,15,260,3,3,2585.0,16.2,503,27,6,414410,3393725,501,0,5,-96.6,518,360.0,70.0,366.742416417845,-2,-181.0035408517495,-17,6,0,2.653992216421215
264,567501,414050.0,3393655.0,15,260,3,3,2585.0,16.2,503,27,6,413995,3393595,502,0,12,-95.67,518,-55.0,-60.0,81.39410298049853,-1,-37.48955292199918,-16,6,0,11.12108733013461
265,567501,414050.0,3393655.0,15,260,3,3,2585.0,16.2,503,27,6,413975,3393575,502,0,12,-93.5,518,-75.0,-80.0,109.65856099730654,-1,-36.847610265994604,-16,6,0,8.301302550797054
266,567501,414050.0,3393655.0,15,260,3,3,2585.0,16.2,503,27,6,413990,3393600,502,0,5,-88.5,518,-60.0,-55.0,81.39410298049853,-1,-32.51044707800085,-16,6,0,11.12108733013461
267,567501,414050.0,3393655.0,15,260,3,3,2585.0,16.2,503,27,6,414010,3393480,500,6,7,-90.0,518,-40.0,-175.0,179.51323071016242,-3,-67.12499844038751,-18,6,0,5.725975261090391
268,567501,414050.0,3393655.0,15,260,3,3,2585.0,16.2,503,27,6,413965,3393585,502,0,12,-87.0,518,-85.0,-70.0,110.11357772772621,-1,-29.472459848343846,-16,6,0,8.26747463209003
269,567501,414050.0,3393655.0,15,260,3,3,2585.0,16.2,503,27,6,413975,3393595,502,0,12,-84.5,518,-75.0,-60.0,96.04686356149273,-1,-28.65980825409011,-16,6,0,9.457788745938107
270,567501,414050.0,3393655.0,15,260,3,3,2585.0,16.2,503,27,6,413985,3393565,501,0,5,-98.5,518,-65.0,-90.0,111.01801655587259,-2,-44.1623470457217,-17,6,0,8.705978847904722
271,567501,414050.0,3393655.0,15,260,3,3,2585.0,16.2,503,27,6,413970,3393600,502,0,12,-91.75,518,-80.0,-55.0,97.082439194738,-1,-24.508522987668414,-16,6,0,9.358697002098447
272,567501,414050.0,3393655.0,15,260,3,3,2585.0,16.2,503,27,6,414085,3393600,501,0,5,-86.0,518,35.0,-55.0,65.19202405202648,-2,-112.47119229084848,-17,6,0,14.615430541128882
273,567501,414050.0,3393655.0,15,260,3,3,2585.0,16.2,503,27,6,414535,3393790,499,0,6,-98.33,518,485.0,135.0,503.43817892567506,-4,-185.5545712700744,-19,6,0,2.161344612254694
274,567501,414050.0,3393655.0,15,260,3,3,2585.0,16.2,503,27,6,414495,3393830,498,0,6,-104.0,518,445.0,175.0,478.17360864020924,-5,-191.46765143909897,-20,6,0,2.395046587732383
275,567501,414050.0,3393655.0,15,260,3,3,2585.0,16.2,503,27,6,414500,3393815,498,0,6,-100.0,518,450.0,160.0,477.59815745038213,-5,-189.57312583041016,-20,6,0,2.3979289785816653
276,567501,414050.0,3393655.0,15,260,3,3,2585.0,16.2,503,27,6,414540,3393775,499,0,6,-99.2,518,490.0,120.0,504.47993022517755,-4,-183.76078511179122,-19,6,0,2.1568856543417185
277,567501,414050.0,3393655.0,15,260,3,3,2585.0,16.2,503,27,6,414565,3393760,499,0,5,-100.0,518,515.0,105.0,525.594901040716,-4,-181.5237217038973,-19,6,0,2.0703130526207523
278,567501,414050.0,3393655.0,15,260,3,3,2585.0,16.2,503,27,6,414545,3393780,499,0,6,-99.0,518,495.0,125.0,510.5389309347525,-4,-184.17233770013195,-19,6,0,2.131311801933129
279,567501,414050.0,3393655.0,15,260,3,3,2585.0,16.2,503,27,6,414555,3393770,499,0,5,-97.25,518,505.0,115.0,517.9285665031424,-4,-182.82878287145542,-19,6,0,2.1009303886437585
280,567501,414050.0,3393655.0,15,260,3,3,2585.0,16.2,503,27,6,414510,3393805,498,0,6,-99.0,518,460.0,150.0,483.83881613611777,-5,-188.06047193619918,-20,6,0,2.367035376090057
281,567501,414050.0,3393655.0,15,260,3,3,2585.0,16.2,503,27,6,414505,3393820,498,0,6,-104.0,518,455.0,165.0,483.9938016132025,-5,-189.93253656193951,-20,6,0,2.3662782609518778
282,567501,414050.0,3393655.0,15,260,3,3,2585.0,16.2,503,27,6,414525,3393800,499,0,6,-98.0,518,475.0,145.0,496.63870167356066,-4,-186.97549946792975,-19,6,0,2.19090692524469
283,567501,414050.0,3393655.0,15,260,3,3,2585.0,16.2,503,27,6,414515,3393810,499,0,6,-103.0,518,465.0,155.0,490.1530373260988,-4,-188.43494882292202,-19,6,0,2.219868010677547
284,567501,414050.0,3393655.0,15,260,3,3,2585.0,16.2,503,27,6,414570,3393745,499,102,5,-93.8,518,520.0,90.0,527.7309920783505,-4,-179.8193006387579,-19,6,0,2.061940316977935
285,567501,414050.0,3393655.0,15,260,3,3,2585.0,16.2,503,27,6,414530,3393785,499,0,6,-99.25,518,480.0,130.0,497.29267036625424,-4,-185.15406805031262,-19,6,0,2.1880285578037206
286,567501,414050.0,3393655.0,15,260,3,3,2585.0,16.2,503,27,6,414520,3393795,498,0,6,-98.8,518,470.0,140.0,490.40799340956914,-5,-186.58733855692742,-20,6,0,2.3353634986326215
287,567501,414050.0,3393655.0,15,260,3,3,2585.0,16.2,503,27,6,414560,3393755,499,102,5,-97.38,518,510.0,100.0,519.7114584074513,-4,-181.0937230115578,-19,6,0,2.093729484564138
288,567501,414050.0,3393655.0,15,260,3,3,2585.0,16.2,503,27,6,414550,3393765,499,0,6,-94.5,518,500.0,110.0,511.9570294468082,-4,-182.40741852740075,-19,6,0,2.125413583655811
289,567501,414050.0,3393655.0,15,260,3,3,2585.0,16.2,503,27,6,414115,3393690,501,0,5,-80.67,518,65.0,35.0,73.824115301167,-2,-198.30075576600638,-17,6,0,12.967840237730101
290,567501,414050.0,3393655.0,15,260,3,3,2585.0,16.2,503,27,6,414185,3393620,499,0,7,-78.75,518,135.0,-35.0,139.46325680981354,-4,-155.4655449194599,-19,6,0,7.758020152516126
291,567501,414050.0,3393655.0,15,260,3,3,2585.0,16.2,503,27,6,414170,3393625,499,0,6,-75.94,518,120.0,-30.0,123.69316876852982,-4,-155.9637565320735,-19,6,0,8.732714292082512
292,567501,414050.0,3393655.0,15,260,3,3,2585.0,16.2,503,27,6,414175,3393630,499,0,7,-78.79,518,125.0,-25.0,127.47548783981962,-4,-158.69006752597977,-19,6,0,8.47742758645368
293,567501,414050.0,3393655.0,15,260,3,3,2585.0,16.2,503,27,6,414160,3393635,499,0,6,-77.38,518,110.0,-20.0,111.80339887498948,-4,-159.69515353123398,-19,6,0,9.644769044311076
294,567501,414050.0,3393655.0,15,260,3,3,2585.0,16.2,503,27,6,414210,3393665,499,0,5,-86.13,518,160.0,10.0,160.31219541881399,-4,-173.57633437499737,-19,6,0,6.759093849908679
295,567501,414050.0,3393655.0,15,260,3,3,2585.0,16.2,503,27,6,414200,3393675,499,0,6,-86.94,518,150.0,20.0,151.32745950421557,-4,-177.59464336859145,-19,6,0,7.156354273032834
296,567501,414050.0,3393655.0,15,260,3,3,2585.0,16.2,503,27,6,414165,3393640,499,0,6,-78.43,518,115.0,-15.0,115.97413504743201,-4,-162.56859202882748,-19,6,0,9.304093013053524
297,567501,414050.0,3393655.0,15,260,3,3,2585.0,16.2,503,27,6,414235,3393650,499,0,2,-83.17,518,185.0,-5.0,185.06755523321746,-4,-168.45184230102205,-19,6,0,5.86174642815649
298,567501,414050.0,3393655.0,15,260,3,3,2585.0,16.2,503,27,6,414215,3393670,499,0,2,-86.85,518,165.0,15.0,165.6804152578089,-4,-175.1944289077348,-19,6,0,6.5420218915286386
299,567501,414050.0,3393655.0,15,260,3,3,2585.0,16.2,503,27,6,414225,3393660,499,0,2,-88.8,518,175.0,5.0,175.07141400011596,-4,-171.6365770416167,-19,6,0,6.193905478666842
300,567501,414050.0,3393655.0,15,260,3,3,2585.0,16.2,503,27,6,414100,3393695,502,0,5,-81.0,518,50.0,40.0,64.03124237432849,-1,-208.65980825409008,-16,6,0,14.029665401288817
301,567501,414050.0,3393655.0,15,260,3,3,2585.0,16.2,503,27,6,414230,3393645,499,0,2,-81.83,518,180.0,-10.0,180.27756377319946,-4,-166.82016988013578,-19,6,0,6.016365847585433
302,567501,414050.0,3393655.0,15,260,3,3,2585.0,16.2,503,27,6,414110,3393685,502,0,6,-81.75,518,60.0,30.0,67.08203932499369,-1,-196.56505117707798,-16,6,0,13.415197239362266
303,567501,414050.0,3393655.0,15,260,3,3,2585.0,16.2,503,27,6,414220,3393655,499,0,2,-85.4,518,170.0,0.0,170.0,-4,-170.0,-19,6,0,6.37718062360736
304,567501,414050.0,3393655.0,15,260,3,3,2585.0,16.2,503,27,6,414205,3393680,499,0,5,-89.74,518,155.0,25.0,157.00318468107582,-4,-179.16234704572173,-19,6,0,6.900189551220449
305,567501,414050.0,3393655.0,15,260,3,3,2585.0,16.2,503,27,6,414190,3393605,499,0,7,-85.0,518,140.0,-50.0,148.66068747318505,-4,-150.34617594194668,-19,6,0,7.283363053534669
306,567501,414050.0,3393655.0,15,260,3,3,2585.0,16.2,503,27,6,414310,3393715,500,6,5,-98.0,518,260.0,60.0,266.8332812825267,-3,-182.99461679191648,-18,6,0,3.8592034538974738
307,567501,414050.0,3393655.0,15,260,3,3,2585.0,16.2,503,27,6,414350,3393675,500,0,5,-99.0,518,300.0,20.0,300.66592756745814,-3,-173.81407483429035,-18,6,0,3.4260435481074714
308,567501,414050.0,3393655.0,15,260,3,3,2585.0,16.2,503,27,6,414290,3393695,500,0,10,-93.0,518,240.0,40.0,243.3105012119288,-3,-179.46232220802563,-18,6,0,4.231008159861686
309,567501,414050.0,3393655.0,15,260,3,3,2585.0,16.2,503,27,6,414345,3393670,500,0,5,-96.83,518,295.0,15.0,295.3811097548386,-3,-172.91083782616772,-18,6,0,3.4871907448319583
310,567501,414050.0,3393655.0,15,260,3,3,2585.0,16.2,503,27,6,414280,3393685,500,0,7,-92.82,518,230.0,30.0,231.94827009486403,-3,-177.43140797117252,-18,6,0,4.437459972128725
311,567501,414050.0,3393655.0,15,260,3,3,2585.0,16.2,503,27,6,414340,3393665,500,111,5,-90.0,518,290.0,10.0,290.17236257093816,-3,-171.97493401088195,-18,6,0,3.5496290186616695
312,567501,414050.0,3393655.0,15,260,3,3,2585.0,16.2,503,27,6,414285,3393690,500,0,5,-89.71,518,235.0,35.0,237.59208741033444,-3,-178.47114463301483,-18,6,0,4.332457714010052
313,567501,414050.0,3393655.0,15,260,3,3,2585.0,16.2,503,27,6,414355,3393680,500,0,5,-93.22,518,305.0,25.0,306.0228749619871,-3,-174.68589983950267,-18,6,0,3.3662096019073897
314,567501,414050.0,3393655.0,15,260,3,3,2585.0,16.2,503,27,6,414315,3393720,500,0,5,-99.5,518,265.0,65.0,272.8552729928451,-3,-183.78159723565363,-18,6,0,3.774278710013839
315,567501,414050.0,3393655.0,15,260,3,3,2585.0,16.2,503,27,6,414300,3393705,500,0,10,-94.57,518,250.0,50.0,254.95097567963924,-3,-181.30993247402023,-18,6,0,4.038484460418017
316,567501,414050.0,3393655.0,15,260,3,3,2585.0,16.2,503,27,6,414295,3393700,500,0,10,-93.08,518,245.0,45.0,249.09837414162303,-3,-180.40771131249005,-18,6,0,4.1330441654323575
317,567501,414050.0,3393655.0,15,260,3,3,2585.0,16.2,503,27,6,414335,3393660,500,111,5,-95.0,518,285.0,5.0,285.0438562747845,-3,-171.00508600525416,-18,6,0,3.613326200767612
318,567501,414050.0,3393655.0,15,260,3,3,2585.0,16.2,503,27,6,414330,3393655,500,0,5,-92.0,518,280.0,0.0,280.0,-3,-170.0,-18,6,0,3.678238721993387
319,567501,414050.0,3393655.0,15,260,3,3,2585.0,16.2,503,27,6,414305,3393710,500,0,10,-92.25,518,255.0,55.0,260.86394921491166,-3,-182.17145820858747,-18,6,0,3.94723729596617
320,567501,414050.0,3393655.0,15,260,3,3,2585.0,16.2,503,27,6,414270,3393635,499,0,5,-81.0,518,220.0,-20.0,220.90722034374522,-4,-164.8055710922652,-19,6,0,4.915852416302111
321,567501,414050.0,3393655.0,15,260,3,3,2585.0,16.2,503,27,6,414260,3393625,499,0,2,-83.0,518,210.0,-30.0,212.13203435596427,-4,-161.86989764584405,-19,6,0,5.118145857102647
322,567501,414050.0,3393655.0,15,260,3,3,2585.0,16.2,503,27,6,414350,3393715,500,0,10,-92.4,518,300.0,60.0,305.9411708155671,-3,-181.30993247402023,-18,6,0,3.3671065082357314
323,567501,414050.0,3393655.0,15,260,3,3,2585.0,16.2,503,27,6,414390,3393755,501,27,6,-102.25,518,340.0,100.0,354.400902933387,-2,-186.3895403340348,-17,6,0,2.746274651558682
324,567501,414050.0,3393655.0,15,260,3,3,2585.0,16.2,503,27,6,414365,3393730,501,0,5,-94.6,518,315.0,75.0,323.80549717384355,-2,-183.39249775375112,-17,6,0,3.0053066627675213
325,567501,414050.0,3393655.0,15,260,3,3,2585.0,16.2,503,27,6,414375,3393740,501,0,5,-99.0,518,325.0,85.0,335.9315406448165,-2,-184.65675111576041,-17,6,0,2.8970130495360094
326,567501,414050.0,3393655.0,15,260,3,3,2585.0,16.2,503,27,6,414285,3393650,500,111,7,-96.0,518,235.0,-5.0,235.05318547086316,-3,-168.7811247648687,-18,6,0,4.3790732344953796
327,567501,414050.0,3393655.0,15,260,3,3,2585.0,16.2,503,27,6,414290,3393655,500,0,7,-92.75,518,240.0,0.0,240.0,-3,-170.0,-18,6,0,4.289153328819018
328,567501,414050.0,3393655.0,15,260,3,3,2585.0,16.2,503,27,6,414255,3393620,499,0,2,-85.17,518,205.0,-35.0,207.9663434308542,-4,-160.3112134396332,-19,6,0,5.220104530015074
329,567501,414050.0,3393655.0,15,260,3,3,2585.0,16.2,503,27,6,414330,3393695,500,0,5,-92.63,518,280.0,40.0,282.842712474619,-3,-178.13010235415595,-18,6,0,3.6413705281081428
330,567501,414050.0,3393655.0,15,260,3,3,2585.0,16.2,503,27,6,414340,3393705,500,0,10,-95.43,518,290.0,50.0,294.27877939124323,-3,-179.78240703180728,-18,6,0,3.5002208963685457
331,567501,414050.0,3393655.0,15,260,3,3,2585.0,16.2,503,27,6,414325,3393690,500,0,5,-93.13,518,275.0,35.0,277.2183255125822,-3,-177.25319461272534,-18,6,0,3.7150441941153565
332,567501,414050.0,3393655.0,15,260,3,3,2585.0,16.2,503,27,6,414280,3393645,500,0,6,-92.33,518,230.0,-10.0,230.21728866442677,-3,-167.51044707800082,-18,6,0,4.470690043051321
333,567501,414050.0,3393655.0,15,260,3,3,2585.0,16.2,503,27,6,414295,3393660,500,0,7,-91.38,518,245.0,5.0,245.05101509685693,-3,-171.16913932790743,-18,6,0,4.201064724809324
334,567501,414050.0,3393655.0,15,260,3,3,2585.0,16.2,503,27,6,414320,3393685,500,0,5,-91.64,518,270.0,30.0,271.6615541441225,-3,-176.34019174590992,-18,6,0,3.790815166957204
335,567501,414050.0,3393655.0,15,260,3,3,2585.0,16.2,503,27,6,414310,3393675,500,0,5,-89.75,518,260.0,20.0,260.76809620810593,-3,-174.3987053549955,-18,6,0,3.9486836304554567
336,567501,414050.0,3393655.0,15,260,3,3,2585.0,16.2,503,27,6,414335,3393700,500,0,5,-94.42,518,285.0,45.0,288.5307609250702,-3,-178.9726266148964,-18,6,0,3.569772628929599
337,567501,414050.0,3393655.0,15,260,3,3,2585.0,16.2,503,27,6,414305,3393670,500,0,5,-91.1,518,255.0,15.0,255.44079548889601,-3,-173.3664606634298,-18,6,0,4.030766025252885
338,567501,414050.0,3393655.0,15,260,3,3,2585.0,16.2,503,27,6,414315,3393680,500,0,5,-89.11,518,265.0,25.0,266.1766330841233,-3,-175.3893117599734,-18,6,0,3.8686950950868573
339,567501,414050.0,3393655.0,15,260,3,3,2585.0,16.2,503,27,6,414345,3393710,500,0,10,-93.4,518,295.0,55.0,300.0833217624732,-3,-180.56101069119637,-18,6,0,3.4326792535366755
340,567501,414050.0,3393655.0,15,260,3,3,2585.0,16.2,503,27,6,414265,3393630,499,0,5,-87.33,518,215.0,-25.0,216.44860821913363,-4,-163.36748538486154,-19,6,0,5.016602217043057
341,567501,414050.0,3393655.0,15,260,3,3,2585.0,16.2,503,27,6,414355,3393720,500,0,5,-98.33,518,305.0,65.0,311.8493225902535,-3,-182.03059609653786,-18,6,0,3.3034575168835154
342,567501,414050.0,3393655.0,15,260,3,3,2585.0,16.2,503,27,6,414300,3393665,500,0,5,-90.13,518,250.0,10.0,250.19992006393608,-3,-172.2906100426385,-18,6,0,4.114910408388507
343,567501,414050.0,3393655.0,15,260,3,3,2585.0,16.2,503,27,6,414275,3393640,499,0,6,-90.5,518,225.0,-15.0,225.49944567559362,-4,-166.18592516570965,-19,6,0,4.816218394855389
344,567501,414050.0,3393655.0,15,260,3,3,2585.0,16.2,503,27,6,414370,3393735,501,0,10,-94.22,518,320.0,80.0,329.84845004941286,-2,-184.03624346792645,-17,6,0,2.9503464473139136
345,567501,414050.0,3393655.0,15,260,3,3,2585.0,16.2,503,27,6,414245,3393630,499,0,2,-84.0,518,195.0,-25.0,196.596032513375,-4,-162.69424046668917,-19,6,0,5.52019969300069
346,567501,414050.0,3393655.0,15,260,3,3,2585.0,16.2,503,27,6,414315,3393660,500,0,5,-88.67,518,265.0,5.0,265.04716561397146,-3,-171.0809241866607,-18,6,0,3.885130704703122
347,567501,414050.0,3393655.0,15,260,3,3,2585.0,16.2,503,27,6,414350,3393695,500,0,10,-94.94,518,300.0,40.0,302.65491900843114,-3,-177.59464336859145,-18,6,0,3.4035813366719596
348,567501,414050.0,3393655.0,15,260,3,3,2585.0,16.2,503,27,6,414305,3393650,500,111,7,-89.0,518,255.0,-5.0,255.04901489713697,-3,-168.8766972859246,-18,6,0,4.036937226207545
349,567501,414050.0,3393655.0,15,260,3,3,2585.0,16.2,503,27,6,414270,3393615,499,0,2,-97.33,518,220.0,-40.0,223.60679774997897,-4,-159.69515353123398,-19,6,0,4.856789543351406
350,567501,414050.0,3393655.0,15,260,3,3,2585.0,16.2,503,27,6,414390,3393735,501,0,5,-95.0,518,340.0,80.0,349.28498393145964,-2,-183.24051991518718,-17,6,0,2.7864359421528797
351,567501,414050.0,3393655.0,15,260,3,3,2585.0,16.2,503,27,6,414340,3393685,500,0,5,-92.91,518,290.0,30.0,291.547594742265,-3,-175.9061411137705,-18,6,0,3.5329279007238
352,567501,414050.0,3393655.0,15,260,3,3,2585.0,16.2,503,27,6,414290,3393675,500,0,7,-90.82,518,240.0,20.0,240.8318915758459,-3,-174.76364169072616,-18,6,0,4.2743925611134435
353,567501,414050.0,3393655.0,15,260,3,3,2585.0,16.2,503,27,6,414285,3393670,500,0,7,-90.06,518,235.0,15.0,235.47823678633233,-3,-173.65222278030632,-18,6,0,4.371199427248424
354,567501,414050.0,3393655.0,15,260,3,3,2585.0,16.2,503,27,6,414250,3393635,499,0,2,-84.0,518,200.0,-20.0,200.9975124224178,-4,-164.28940686250036,-19,6,0,5.4000398592078644
355,567501,414050.0,3393655.0,15,260,3,3,2585.0,16.2,503,27,6,414335,3393720,500,0,10,-97.67,518,285.0,65.0,292.31831964486935,-3,-182.84770485871763,-18,6,0,3.5236365020378586
356,567501,414050.0,3393655.0,15,260,3,3,2585.0,16.2,503,27,6,414280,3393665,500,0,7,-85.7,518,230.0,10.0,230.21728866442677,-3,-172.48955292199912,-18,6,0,4.470690043051321
357,567501,414050.0,3393655.0,15,260,3,3,2585.0,16.2,503,27,6,414295,3393680,500,0,5,-90.9,518,245.0,25.0,246.272207120495,-3,-175.8263420295558,-18,6,0,4.18030690261528
358,567501,414050.0,3393655.0,15,260,3,3,2585.0,16.2,503,27,6,414385,3393730,501,0,10,-93.8,518,335.0,75.0,343.29287787543745,-2,-182.61932229343074,-17,6,0,2.834993938177357
359,567501,414050.0,3393655.0,15,260,3,3,2585.0,16.2,503,27,6,414355,3393700,500,0,5,-90.88,518,305.0,45.0,308.3018001893599,-3,-178.3929251873925,-18,6,0,3.3413836235801417
360,567501,414050.0,3393655.0,15,260,3,3,2585.0,16.2,503,27,6,414330,3393715,500,0,5,-98.8,518,280.0,60.0,286.35642126552705,-3,-182.0947570770121,-18,6,0,3.5968074633886675
361,567501,414050.0,3393655.0,15,260,3,3,2585.0,16.2,503,27,6,414325,3393710,500,0,5,-97.0,518,275.0,55.0,280.4460732476032,-3,-181.30993247402023,-18,6,0,3.6724041947471915
362,567501,414050.0,3393655.0,15,260,3,3,2585.0,16.2,503,27,6,414320,3393705,500,0,10,-97.67,518,270.0,50.0,274.5906043549196,-3,-180.4914770123316,-18,6,0,3.7504946777425
363,567501,414050.0,3393655.0,15,260,3,3,2585.0,16.2,503,27,6,414380,3393725,501,0,10,-102.0,518,330.0,70.0,337.34255586866,-2,-181.97613244420336,-17,6,0,2.884916118581292
364,567501,414050.0,3393655.0,15,260,3,3,2585.0,16.2,503,27,6,414260,3393605,499,0,2,-84.2,518,210.0,-50.0,215.87033144922904,-4,-156.60750224624888,-19,6,0,5.029971918691721
365,567501,414050.0,3393655.0,15,260,3,3,2585.0,16.2,503,27,6,414345,3393690,500,0,10,-90.08,518,295.0,35.0,297.06901555025894,-3,-176.76617482255307,-18,6,0,3.467425480439498
366,567501,414050.0,3393655.0,15,260,3,3,2585.0,16.2,503,27,6,414395,3393740,501,0,5,-108.0,518,345.0,85.0,355.31676008879737,-2,-183.84069549165565,-17,6,0,2.7392067058184058
367,567501,414050.0,3393655.0,15,260,3,3,2585.0,16.2,503,27,6,414310,3393655,500,0,5,-94.67,518,260.0,0.0,260.0,-3,-170.0,-18,6,0,3.9603118304583846
368,567501,414050.0,3393655.0,15,260,3,3,2585.0,16.2,503,27,6,414190,3393620,499,0,7,-86.0,518,140.0,-35.0,144.30869689661813,-4,-155.9637565320735,-19,6,0,7.500546235536165
369,567501,414050.0,3393655.0,15,260,3,3,2585.0,16.2,503,27,6,414100,3393690,502,0,5,-100.5,518,50.0,35.0,61.032778078668514,-1,-204.99202019855863,-16,6,0,14.689767449158829
370,567501,414050.0,3393655.0,15,260,3,3,2585.0,16.2,503,27,6,414195,3393615,499,0,7,-84.75,518,145.0,-40.0,150.41608956491322,-4,-154.5778386812613,-19,6,0,7.199260969875046
371,567501,414050.0,3393655.0,15,260,3,3,2585.0,16.2,503,27,6,414175,3393635,499,0,7,-76.69,518,125.0,-20.0,126.58988901172162,-4,-160.9097230791777,-19,6,0,8.535863384225339
372,567501,414050.0,3393655.0,15,260,3,3,2585.0,16.2,503,27,6,414225,3393645,499,0,5,-82.12,518,175.0,-10.0,175.28548142958104,-4,-166.72951207681643,-19,6,0,6.186399859548666
373,567501,414050.0,3393655.0,15,260,3,3,2585.0,16.2,503,27,6,414230,3393660,499,0,2,-84.67,518,180.0,5.0,180.06943105369106,-4,-171.5911402711946,-19,6,0,6.023268754043912
374,567501,414050.0,3393655.0,15,260,3,3,2585.0,16.2,503,27,6,414170,3393640,499,0,5,-78.94,518,120.0,-15.0,120.93386622447825,-4,-162.8749836510982,-19,6,0,8.928790000822561
375,567501,414050.0,3393655.0,15,260,3,3,2585.0,16.2,503,27,6,414105,3393685,502,0,5,-81.0,518,55.0,30.0,62.64982043070834,-1,-198.6104596659652,-16,6,0,14.326412777554246
376,567501,414050.0,3393655.0,15,260,3,3,2585.0,16.2,503,27,6,414110,3393700,502,0,5,-84.0,518,60.0,45.0,75.0,-1,-206.86989764584405,-16,6,0,12.042575142884983
377,567501,414050.0,3393655.0,15,260,3,3,2585.0,16.2,503,27,6,414215,3393675,499,0,2,-88.37,518,165.0,20.0,166.20770138594662,-4,-176.91122711902472,-19,6,0,6.52144670072568
378,567501,414050.0,3393655.0,15,260,3,3,2585.0,16.2,503,27,6,414160,3393630,499,0,6,-76.56,518,110.0,-25.0,112.80514172678478,-4,-157.19573393471325,-19,6,0,9.560708574262883
379,567501,414050.0,3393655.0,15,260,3,3,2585.0,16.2,503,27,6,414235,3393655,499,0,2,-82.16,518,185.0,0.0,185.0,-4,-170.0,-19,6,0,5.863872010768939
380,567501,414050.0,3393655.0,15,260,3,3,2585.0,16.2,503,27,6,414200,3393670,499,0,6,-86.94,518,150.0,15.0,150.74813431681335,-4,-175.71059313749964,-19,6,0,7.183569384922623
381,567501,414050.0,3393655.0,15,260,3,3,2585.0,16.2,503,27,6,414220,3393650,499,0,5,-85.25,518,170.0,-5.0,170.07351351694948,-4,-168.3153156821037,-19,6,0,6.374446810491902
382,567501,414050.0,3393655.0,15,260,3,3,2585.0,16.2,503,27,6,414095,3393715,502,0,5,-79.0,518,45.0,60.0,75.0,-1,-223.13010235415595,-16,6,0,12.042575142884983
383,567501,414050.0,3393655.0,15,260,3,3,2585.0,16.2,503,27,6,414205,3393665,499,0,6,-86.36,518,155.0,10.0,155.32224567009067,-4,-173.69138598645128,-19,6,0,6.97413370778555
384,567501,414050.0,3393655.0,15,260,3,3,2585.0,16.2,503,27,6,414165,3393625,499,0,6,-75.38,518,115.0,-30.0,118.84864324004712,-4,-155.37912601136833,-19,6,0,9.082857898146711
385,567501,414050.0,3393655.0,15,260,3,3,2585.0,16.2,503,27,6,414210,3393680,499,0,2,-89.0,518,160.0,25.0,161.94134740701648,-4,-178.88065915052027,-19,6,0,6.691716193962981
386,567501,414050.0,3393655.0,15,260,3,3,2585.0,16.2,503,27,6,414260,3393590,499,0,5,-82.0,518,210.0,-65.0,219.82947936980608,-4,-152.80145877993414,-19,6,0,4.939834020933737
387,567501,414050.0,3393655.0,15,260,3,3,2585.0,16.2,503,27,6,414255,3393575,500,0,6,-77.0,518,205.0,-80.0,220.05681084665386,-3,-148.68208772453846,-18,6,0,4.676215671746434
388,567501,414050.0,3393655.0,15,260,3,3,2585.0,16.2,503,27,6,414265,3393585,499,0,5,-82.0,518,215.0,-70.0,226.10838109190027,-4,-151.96571443287013,-19,6,0,4.803308542767377
389,567501,414050.0,3393655.0,15,260,3,3,2585.0,16.2,503,27,6,414275,3393595,499,0,2,-91.67,518,225.0,-60.0,232.86262044390037,-4,-155.06858282186244,-19,6,0,4.6646112792090815
390,567501,414050.0,3393655.0,15,260,3,3,2585.0,16.2,503,27,6,414470,3393720,499,0,5,-97.88,518,420.0,65.0,425.0,-4,-178.79741070999103,-19,6,0,2.5597539644848246
391,567501,414050.0,3393655.0,15,260,3,3,2585.0,16.2,503,27,6,414415,3393735,501,0,5,-101.0,518,365.0,80.0,373.6642878306676,-2,-182.3624924157143,-17,6,0,2.6048972098996934
392,567501,414050.0,3393655.0,15,260,3,3,2585.0,16.2,503,27,6,414405,3393725,501,0,5,-98.4,518,355.0,70.0,361.83559802761255,-2,-181.15465973892827,-17,6,0,2.6899302453076968
393,567501,414050.0,3393655.0,15,260,3,3,2585.0,16.2,503,27,6,414475,3393715,499,111,10,-99.5,518,425.0,60.0,429.2143986401202,-4,-178.03571071053477,-19,6,0,2.534653024219314
394,567501,414050.0,3393655.0,15,260,3,3,2585.0,16.2,503,27,6,414400,3393730,501,0,5,-95.0,518,350.0,75.0,357.94552658190884,-2,-182.0947570770121,-17,6,0,2.7191201633597673
395,567501,414050.0,3393655.0,15,260,3,3,2585.0,16.2,503,27,6,414440,3393690,500,111,7,-101.67,518,390.0,35.0,391.56736329781114,-3,-175.12819104185286,-18,6,0,2.631982634890884
396,567501,414050.0,3393655.0,15,260,3,3,2585.0,16.2,503,27,6,414455,3393695,500,111,7,-98.0,518,405.0,40.0,406.97051490249265,-3,-175.64054943215683,-18,6,0,2.532498745309991
397,567501,414050.0,3393655.0,15,260,3,3,2585.0,16.2,503,27,6,414425,3393745,501,0,5,-99.25,518,375.0,90.0,385.64880396547323,-2,-183.49573328079583,-17,6,0,2.5240531566274607
398,567501,414050.0,3393655.0,15,260,3,3,2585.0,16.2,503,27,6,414420,3393750,501,0,5,-100.0,518,370.0,95.0,382.00130889828114,-2,-184.40002130679102,-17,6,0,2.54812216867372
399,567501,414050.0,3393655.0,15,260,3,3,2585.0,16.2,503,27,6,414410,3393740,501,0,5,-98.2,518,360.0,85.0,369.8986347636336,-2,-183.28486648490218,-17,6,0,2.6313785761665334
400,567501,414050.0,3393655.0,15,260,3,3,2585.0,16.2,503,27,6,414290,3393625,500,0,6,-89.5,518,240.0,-30.0,241.8677324489565,-3,-162.8749836510982,-18,6,0,4.256154139057605
401,567501,414050.0,3393655.0,15,260,3,3,2585.0,16.2,503,27,6,414270,3393645,499,0,6,-85.25,518,220.0,-10.0,220.22715545545242,-4,-167.39743779750017,-19,6,0,4.930957914779906
402,567501,414050.0,3393655.0,15,260,3,3,2585.0,16.2,503,27,6,414360,3393715,500,0,10,-93.89,518,310.0,60.0,315.75306807693886,-3,-180.95406264339834,-18,6,0,3.2627047119565913
403,567501,414050.0,3393655.0,15,260,3,3,2585.0,16.2,503,27,6,414380,3393695,500,0,5,-95.75,518,330.0,40.0,332.41540277189324,-3,-176.91122711902472,-18,6,0,3.0994887762851095
404,567501,414050.0,3393655.0,15,260,3,3,2585.0,16.2,503,27,6,414250,3393665,499,0,5,-85.11,518,200.0,10.0,200.24984394500785,-4,-172.86240522611172,-19,6,0,5.420082022292971
405,567501,414050.0,3393655.0,15,260,3,3,2585.0,16.2,503,27,6,414265,3393660,499,0,6,-85.79,518,215.0,5.0,215.05813167606567,-4,-171.33221985386962,-19,6,0,5.048870370464536
406,567501,414050.0,3393655.0,15,260,3,3,2585.0,16.2,503,27,6,414245,3393680,499,0,5,-87.39,518,195.0,25.0,196.596032513375,-4,-177.30575953331083,-19,6,0,5.52019969300069
407,567501,414050.0,3393655.0,15,260,3,3,2585.0,16.2,503,27,6,414285,3393640,500,0,6,-100.0,518,235.0,-15.0,235.47823678633233,-3,-166.34777721969363,-18,6,0,4.371199427248424
408,567501,414050.0,3393655.0,15,260,3,3,2585.0,16.2,503,27,6,414275,3393650,499,0,6,-83.5,518,225.0,-5.0,225.055548698538,-4,-168.7269699799433,-19,6,0,4.82567303221839
409,567501,414050.0,3393655.0,15,260,3,3,2585.0,16.2,503,27,6,414395,3393690,500,0,7,-103.44,518,345.0,35.0,346.77081768799405,-3,-175.79279649503212,-18,6,0,2.9714128505346182
410,567501,414050.0,3393655.0,15,260,3,3,2585.0,16.2,503,27,6,414240,3393675,499,0,5,-90.48,518,190.0,20.0,191.049731745428,-4,-176.00900595749454,-19,6,0,5.679421706393807
411,567501,414050.0,3393655.0,15,260,3,3,2585.0,16.2,503,27,6,414280,3393635,500,0,6,-89.0,518,230.0,-20.0,230.8679276123039,-3,-165.0302592718897,-18,6,0,4.458141473129975
412,567501,414050.0,3393655.0,15,260,3,3,2585.0,16.2,503,27,6,414255,3393670,499,0,6,-85.86,518,205.0,15.0,205.54804791094466,-4,-174.18491612511843,-19,6,0,5.281174372680939
413,567501,414050.0,3393655.0,15,260,3,3,2585.0,16.2,503,27,6,414375,3393710,500,0,5,-98.57,518,325.0,55.0,329.6209944769902,-3,-179.60520415501293,-18,6,0,3.1257132425322665
414,567501,414050.0,3393655.0,15,260,3,3,2585.0,16.2,503,27,6,414350,3393725,500,0,5,-95.25,518,300.0,70.0,308.05843601498725,-3,-183.13402230639633,-18,6,0,3.3440173070310375
415,567501,414050.0,3393655.0,15,260,3,3,2585.0,16.2,503,27,6,414365,3393720,500,0,10,-98.67,518,315.0,65.0,321.6364407215078,-3,-181.65929265352298,-18,6,0,3.203148758072119
416,567501,414050.0,3393655.0,15,260,3,3,2585.0,16.2,503,27,6,414385,3393700,500,0,5,-99.29,518,335.0,45.0,338.0088756231114,-3,-177.65065095535942,-18,6,0,3.04829504535621
417,567501,414050.0,3393655.0,15,260,3,3,2585.0,16.2,503,27,6,414355,3393730,500,0,5,-104.5,518,305.0,75.0,314.0859754907882,-3,-183.81502534126162,-18,6,0,3.2799846505132213
418,567501,414050.0,3393655.0,15,260,3,3,2585.0,16.2,503,27,6,414260,3393655,499,0,5,-83.5,518,210.0,0.0,210.0,-4,-170.0,-19,6,0,5.169827887557858
419,567501,414050.0,3393655.0,15,260,3,3,2585.0,16.2,503,27,6,414370,3393705,500,0,5,-96.5,518,320.0,50.0,323.88269481403296,-3,-178.88065915052027,-18,6,0,3.180979439325842
420,567501,414050.0,3393655.0,15,260,3,3,2585.0,16.2,503,27,6,414685,3392950,501,0,6,-104.5,518,635.0,-705.0,948.8150504708491,-2,-122.00965502483461,-17,6,0,1.0264635274961211
421,567501,414050.0,3393655.0,15,260,3,3,2585.0,16.2,503,27,6,414675,3393005,499,0,5,-96.5,518,625.0,-650.0,901.7344398435716,-4,-123.87669728592459,-19,6,0,1.2070723952596354
422,567501,414050.0,3393655.0,15,260,3,3,2585.0,16.2,503,27,6,414155,3393685,500,18,6,-84.5,518,105.0,30.0,109.20164833920778,-3,-185.94539590092285,-18,6,0,9.36005201533333
423,567501,414050.0,3393655.0,15,260,3,3,2585.0,16.2,503,27,6,414160,3393680,500,18,5,-79.5,518,110.0,25.0,112.80514172678478,-3,-182.80426606528675,-18,6,0,9.066096346827562
424,567501,414050.0,3393655.0,15,260,3,3,2585.0,16.2,503,27,6,414165,3393675,500,18,7,-79.0,518,115.0,20.0,116.72617529928752,-3,-179.86580694308435,-18,6,0,8.76636129980239
425,567501,414050.0,3393655.0,15,260,3,3,2585.0,16.2,503,27,6,414195,3393645,499,0,7,-81.71,518,145.0,-10.0,145.34441853748632,-4,-166.05481377096243,-19,6,0,7.447699632530754
426,567501,414050.0,3393655.0,15,260,3,3,2585.0,16.2,503,27,6,414170,3393670,500,18,7,-80.58,518,120.0,15.0,120.93386622447825,-3,-177.1250163489018,-18,6,0,8.465848238967705
427,567501,414050.0,3393655.0,15,260,3,3,2585.0,16.2,503,27,6,414175,3393665,500,0,7,-85.04,518,125.0,10.0,125.39936203984452,-3,-174.57392125990089,-18,6,0,8.168519619768567
428,567501,414050.0,3393655.0,15,260,3,3,2585.0,16.2,503,27,6,414190,3393650,499,0,7,-82.79,518,140.0,-5.0,140.089257261219,-4,-167.95459151111277,-19,6,0,7.723772187982988
429,567501,414050.0,3393655.0,15,260,3,3,2585.0,16.2,503,27,6,414200,3393640,499,0,7,-81.67,518,150.0,-15.0,150.74813431681335,-4,-164.28940686250036,-19,6,0,7.183569384922623
430,567501,414050.0,3393655.0,15,260,3,3,2585.0,16.2,503,27,6,414185,3393655,499,0,7,-81.34,518,135.0,0.0,135.0,-4,-170.0,-19,6,0,8.011231612856024
431,567501,414050.0,3393655.0,15,260,3,3,2585.0,16.2,503,27,6,414215,3393625,499,0,6,-93.33,518,165.0,-30.0,167.70509831248424,-4,-159.69515353123398,-19,6,0,6.463713306054913
432,567501,414050.0,3393655.0,15,260,3,3,2585.0,16.2,503,27,6,414210,3393630,499,0,6,-89.0,518,160.0,-25.0,161.94134740701648,-4,-161.11934084947973,-19,6,0,6.691716193962981
433,567501,414050.0,3393655.0,15,260,3,3,2585.0,16.2,503,27,6,414150,3393690,500,18,6,-89.5,518,100.0,35.0,105.94810050208545,-3,-189.29004621918875,-18,6,0,9.642170525024117
434,567501,414050.0,3393655.0,15,260,3,3,2585.0,16.2,503,27,6,414180,3393660,499,0,7,-81.46,518,130.0,5.0,130.09611831257686,-4,-172.20259816176582,-19,6,0,8.309068135184257
435,567501,414050.0,3393655.0,15,260,3,3,2585.0,16.2,503,27,6,414205,3393635,499,0,7,-84.75,518,155.0,-20.0,156.28499608087785,-4,-162.64762064010762,-19,6,0,6.931590734345365
436,567501,414050.0,3393655.0,15,260,3,3,2585.0,16.2,503,27,6,414165,3393560,500,0,5,-84.5,518,115.0,-95.0,149.164338901763,-3,-130.44033203100548,-18,6,0,6.8807420678025135
437,567501,414050.0,3393655.0,15,260,3,3,2585.0,16.2,503,27,6,414430,3393765,501,102,5,-102.5,518,380.0,110.0,395.60080889704966,-2,-186.14433878028348,-17,6,0,2.4606353972877133
438,567501,414050.0,3393655.0,15,260,3,3,2585.0,16.2,503,27,6,414225,3393580,499,0,12,-83.0,518,175.0,-75.0,190.3943276465977,-4,-146.80140948635182,-19,6,0,5.698843799983976
439,567501,414050.0,3393655.0,15,260,3,3,2585.0,16.2,503,27,6,414215,3393590,499,0,5,-86.25,518,165.0,-65.0,177.341478509682,-4,-148.49856567595208,-19,6,0,6.115224813558766
440,567501,414050.0,3393655.0,15,260,3,3,2585.0,16.2,503,27,6,414210,3393585,499,0,12,-83.25,518,160.0,-70.0,174.64249196572982,-4,-146.3706222693432,-19,6,0,6.208999039615587
441,567501,414050.0,3393655.0,15,260,3,3,2585.0,16.2,503,27,6,414425,3393780,501,0,6,-97.0,518,375.0,125.0,395.28470752104744,-2,-188.43494882292202,-17,6,0,2.462600697348354
442,567501,414050.0,3393655.0,15,260,3,3,2585.0,16.2,503,27,6,414245,3393320,502,0,5,-98.0,518,195.0,-335.0,387.62094886628614,-1,-110.20323775494262,-16,6,0,2.3636812079849023
443,567501,414050.0,3393655.0,15,260,3,3,2585.0,16.2,503,27,6,414485,3393880,500,0,6,-104.5,518,435.0,225.0,489.74483151943525,-3,-197.34987578006985,-18,6,0,2.1048920884107134
444,567501,414050.0,3393655.0,15,260,3,3,2585.0,16.2,503,27,6,414480,3393875,500,0,6,-98.0,518,430.0,220.0,483.01138702933287,-3,-197.09555249375182,-18,6,0,2.134208493722214
445,567501,414050.0,3393655.0,15,260,3,3,2585.0,16.2,503,27,6,414220,3393575,500,0,12,-85.6,518,170.0,-80.0,187.88294228055935,-3,-144.7988763545249,-18,6,0,5.472481730538456
446,567501,414050.0,3393655.0,15,260,3,3,2585.0,16.2,503,27,6,414230,3393565,500,0,5,-85.25,518,180.0,-90.0,201.24611797498108,-3,-143.43494882292202,-18,6,0,5.111089695288715
447,567501,414050.0,3393655.0,15,260,3,3,2585.0,16.2,503,27,6,414205,3393600,499,0,7,-86.33,518,155.0,-55.0,164.46884203398528,-4,-150.46334506187162,-19,6,0,6.589791887871953
448,567501,414050.0,3393655.0,15,260,3,3,2585.0,16.2,503,27,6,414030,3393700,503,0,12,-105.5,518,-20.0,45.0,49.24428900898052,0,76.0375110254218,-15,6,0,16.94093759874622
449,567501,414050.0,3393655.0,15,260,3,3,2585.0,16.2,503,27,6,414205,3393625,499,0,7,-91.5,518,155.0,-30.0,157.87653403846943,-4,-159.04593735660166,-19,6,0,6.862383730110939
450,567501,414050.0,3393655.0,15,260,3,3,2585.0,16.2,503,27,6,414175,3393675,500,0,7,-85.57,518,125.0,20.0,126.58988901172162,-3,-179.0902769208223,-18,6,0,8.09272036815857
451,567501,414050.0,3393655.0,15,260,3,3,2585.0,16.2,503,27,6,414170,3393680,500,0,5,-96.0,518,120.0,25.0,122.57650672131263,-3,-181.76828893202065,-18,6,0,8.354009612472149
452,567501,414050.0,3393655.0,15,260,3,3,2585.0,16.2,503,27,6,414200,3393630,499,0,7,-85.5,518,150.0,-25.0,152.0690632574555,-4,-160.53767779197437,-19,6,0,7.121813706239428
453,567501,414050.0,3393655.0,15,260,3,3,2585.0,16.2,503,27,6,414185,3393645,499,0,7,-83.64,518,135.0,-10.0,135.36986370680884,-4,-165.76360520094113,-19,6,0,7.989625988406572
454,567501,414050.0,3393655.0,15,260,3,3,2585.0,16.2,503,27,6,414160,3393670,500,18,5,-72.67,518,110.0,15.0,111.01801655587259,-3,-177.76516601842536,-18,6,0,9.209557345966832
455,567501,414050.0,3393655.0,15,260,3,3,2585.0,16.2,503,27,6,414210,3393640,499,0,6,-83.18,518,160.0,-15.0,160.70158679988197,-4,-164.6441749571448,-19,6,0,6.742867065962031
456,567501,414050.0,3393655.0,15,260,3,3,2585.0,16.2,503,27,6,414190,3393660,499,0,7,-82.08,518,140.0,5.0,140.089257261219,-4,-172.04540848888723,-19,6,0,7.723772187982988
457,567501,414050.0,3393655.0,15,260,3,3,2585.0,16.2,503,27,6,414165,3393665,500,18,7,-81.57,518,115.0,10.0,115.43396380615195,-3,-174.9697407281103,-18,6,0,8.862945700323786
458,567501,414050.0,3393655.0,15,260,3,3,2585.0,16.2,503,27,6,414180,3393650,499,0,7,-82.0,518,130.0,-5.0,130.09611831257686,-4,-167.79740183823418,-19,6,0,8.309068135184257
459,567501,414050.0,3393655.0,15,260,3,3,2585.0,16.2,503,27,6,414195,3393655,499,0,5,-85.47,518,145.0,0.0,145.0,-4,-170.0,-19,6,0,7.465190856121426
460,567501,414050.0,3393655.0,15,260,3,3,2585.0,16.2,503,27,6,414145,3393685,500,18,6,-87.33,518,95.0,30.0,99.62429422585637,-3,-187.52556837372288,-18,6,0,10.241642218914189
461,567501,414050.0,3393655.0,15,260,3,3,2585.0,16.2,503,27,6,414215,3393635,499,0,6,-87.17,518,165.0,-20.0,166.20770138594662,-4,-163.08877288097528,-19,6,0,6.52144670072568
462,567501,414050.0,3393655.0,15,260,3,3,2585.0,16.2,503,27,6,414100,3393730,502,0,5,-101.0,518,50.0,75.0,90.13878188659973,-1,-226.30993247402023,-16,6,0,10.065395023400326
463,567501,414050.0,3393655.0,15,260,3,3,2585.0,16.2,503,27,6,414220,3393610,499,0,7,-86.0,518,170.0,-45.0,175.85505395068975,-4,-155.17352002964435,-19,6,0,6.166517504315724
464,567501,414050.0,3393655.0,15,260,3,3,2585.0,16.2,503,27,6,414060,3393645,503,27,5,-83.0,518,10.0,-10.0,14.142135623730951,0,-125.0,-15,6,0,46.68614334171695
465,567501,414050.0,3393655.0,15,260,3,3,2585.0,16.2,503,27,6,414335,3393670,500,0,5,-95.0,518,285.0,15.0,285.3944638566067,-3,-173.01278750418334,-18,6,0,3.6088989620373226
466,567501,414050.0,3393655.0,15,260,3,3,2585.0,16.2,503,27,6,414345,3393660,500,111,5,-97.5,518,295.0,5.0,295.0423698386386,-3,-170.97102193107918,-18,6,0,3.4911845126313255
467,567501,414050.0,3393655.0,15,260,3,3,2585.0,16.2,503,27,6,414305,3393700,500,0,10,-92.67,518,255.0,45.0,258.940147524481,-3,-180.00797980144137,-18,6,0,3.976469650581785
468,567501,414050.0,3393655.0,15,260,3,3,2585.0,16.2,503,27,6,414290,3393705,500,0,10,-98.0,518,240.0,50.0,245.15301344262525,-3,-181.76828893202065,-18,6,0,4.199323084150299
469,567501,414050.0,3393655.0,15,260,3,3,2585.0,16.2,503,27,6,414375,3393630,500,0,5,-94.0,518,325.0,-25.0,325.96012026013244,-3,-165.6012946450045,-18,6,0,3.16074749800371
470,567501,414050.0,3393655.0,15,260,3,3,2585.0,16.2,503,27,6,414300,3393695,500,0,10,-94.45,518,250.0,40.0,253.17977802344325,-3,-179.0902769208223,-18,6,0,4.066642470216497
471,567501,414050.0,3393655.0,15,260,3,3,2585.0,16.2,503,27,6,414330,3393665,500,111,5,-97.83,518,280.0,10.0,280.178514522438,-3,-172.04540848888723,-18,6,0,3.675901575802358
472,567501,414050.0,3393655.0,15,260,3,3,2585.0,16.2,503,27,6,414310,3393685,500,0,10,-89.75,518,260.0,30.0,261.72504656604804,-3,-176.581944655178,-18,6,0,3.934291404977045
473,567501,414050.0,3393655.0,15,260,3,3,2585.0,16.2,503,27,6,414320,3393675,500,0,5,-96.18,518,270.0,20.0,270.7397274136177,-3,-174.23639479905887,-18,6,0,3.8036844783760957
474,567501,414050.0,3393655.0,15,260,3,3,2585.0,16.2,503,27,6,414315,3393690,500,0,5,-90.79,518,265.0,35.0,267.30132809247317,-3,-177.5238204386386,-18,6,0,3.8524663234621506
475,567501,414050.0,3393655.0,15,260,3,3,2585.0,16.2,503,27,6,414325,3393680,500,0,5,-93.57,518,275.0,25.0,276.1340254296815,-3,-175.1944289077348,-18,6,0,3.7295910273742305
476,567501,414050.0,3393655.0,15,260,3,3,2585.0,16.2,503,27,6,414295,3393710,500,18,10,-99.5,518,245.0,55.0,251.09759058979438,-3,-182.65255650055798,-18,6,0,4.10024992172924
477,567501,414050.0,3393655.0,15,260,3,3,2585.0,16.2,503,27,6,414230,3393575,500,0,5,-87.25,518,180.0,-80.0,196.9771560359221,-3,-146.0375110254218,-18,6,0,5.221253337254093
478,567501,414050.0,3393655.0,15,260,3,3,2585.0,16.2,503,27,6,414215,3393600,499,0,7,-87.0,518,165.0,-55.0,173.92527130926086,-4,-151.56505117707798,-19,6,0,6.23440205555374
479,567501,414050.0,3393655.0,15,260,3,3,2585.0,16.2,503,27,6,414645,3393710,502,5,5,-103.5,518,595.0,55.0,597.5366097570926,-1,-175.28124062844512,-16,6,0,1.5338197803084541
480,567501,414050.0,3393655.0,15,260,3,3,2585.0,16.2,503,27,6,414515,3393860,500,0,6,-104.0,518,465.0,205.0,508.1830378908765,-3,-193.79077386577717,-18,6,0,2.0285861188456638
481,567501,414050.0,3393655.0,15,260,3,3,2585.0,16.2,503,27,6,414225,3393570,500,0,5,-86.4,518,175.0,-85.0,194.5507645834372,-3,-144.09349200048564,-18,6,0,5.286004957149443
482,567501,414050.0,3393655.0,15,260,3,3,2585.0,16.2,503,27,6,414210,3393595,499,0,7,-88.13,518,160.0,-60.0,170.88007490635061,-4,-149.44395478041656,-19,6,0,6.344605073977476
483,567501,414050.0,3393655.0,15,260,3,3,2585.0,16.2,503,27,6,414220,3393565,500,0,12,-89.14,518,170.0,-90.0,192.35384061671346,-3,-142.10272896905235,-18,6,0,5.346029977875715
484,567501,414050.0,3393655.0,15,260,3,3,2585.0,16.2,503,27,6,414205,3393590,499,0,7,-85.4,518,155.0,-65.0,168.0773631397161,-4,-147.24902365721238,-19,6,0,6.449517959851752
485,567501,414050.0,3393655.0,15,260,3,3,2585.0,16.2,503,27,6,414075,3393620,501,0,11,-86.33,518,25.0,-35.0,43.01162633521314,-2,-115.53767779197437,-17,6,0,21.56601171344901
486,567501,414050.0,3393655.0,15,260,3,3,2585.0,16.2,503,27,6,414070,3393615,501,0,11,-87.8,518,20.0,-40.0,44.721359549995796,-2,-106.56505117707798,-17,6,0,20.813377245065748
487,567501,414050.0,3393655.0,15,260,3,3,2585.0,16.2,503,27,6,414065,3393610,501,0,11,-91.57,518,15.0,-45.0,47.43416490252569,-2,-98.43494882292202,-17,6,0,19.717246314379057
488,567501,414050.0,3393655.0,15,260,3,3,2585.0,16.2,503,27,6,414215,3393595,499,0,7,-81.0,518,165.0,-60.0,175.57049866079439,-4,-150.01689347810003,-19,6,0,6.176434680786632
489,567501,414050.0,3393655.0,15,260,3,3,2585.0,16.2,503,27,6,414675,3393695,504,0,5,-91.5,518,625.0,40.0,626.2786919575022,1,-173.6619355755198,-14,6,0,1.2805917717914752
490,567501,414050.0,3393655.0,15,260,3,3,2585.0,16.2,503,27,6,414230,3393580,500,0,12,-90.0,518,180.0,-75.0,195.0,-3,-147.38013505195954,-18,6,0,5.2738959573517645
491,567501,414050.0,3393655.0,15,260,3,3,2585.0,16.2,503,27,6,414220,3393570,500,0,12,-85.5,518,170.0,-85.0,190.06577808748213,-3,-143.43494882292202,-18,6,0,5.41000732348185
492,567501,414050.0,3393655.0,15,260,3,3,2585.0,16.2,503,27,6,414435,3393775,500,102,6,-97.5,518,385.0,120.0,403.2679010285842,-3,-187.31164610884662,-18,6,0,2.5557202524845195
493,567501,414050.0,3393655.0,15,260,3,3,2585.0,16.2,503,27,6,414235,3393575,500,0,5,-88.0,518,185.0,-80.0,201.55644370746373,-3,-146.61477894278624,-18,6,0,5.103262007412762
494,567501,414050.0,3393655.0,15,260,3,3,2585.0,16.2,503,27,6,414225,3393565,500,0,5,-86.7,518,175.0,-90.0,196.78668654154427,-3,-142.7838884426925,-18,6,0,5.22627900743248
495,567501,414050.0,3393655.0,15,260,3,3,2585.0,16.2,503,27,6,414210,3393600,499,0,7,-84.63,518,160.0,-55.0,169.1892431568863,-4,-151.02959219151342,-19,6,0,6.407486590928007
496,567501,414050.0,3393655.0,15,260,3,3,2585.0,16.2,503,27,6,414205,3393585,499,0,12,-86.0,518,155.0,-70.0,170.07351351694948,-4,-145.6954507340633,-19,6,0,6.374446810491902
497,567501,414050.0,3393655.0,15,260,3,3,2585.0,16.2,503,27,6,414280,3393585,500,0,2,-89.8,518,230.0,-70.0,240.41630560342617,-3,-153.07248693585296,-18,6,0,4.28175386287447
498,567501,414050.0,3393655.0,15,260,3,3,2585.0,16.2,503,27,6,414260,3393525,501,0,12,-90.67,518,210.0,-130.0,246.9817807045694,-2,-138.24051991518718,-17,6,0,3.9375146915850654
499,567501,414050.0,3393655.0,15,260,3,3,2585.0,16.2,503,27,6,414240,3393545,501,0,12,-87.5,518,190.0,-110.0,219.5449840010015,-2,-139.9314171781375,-17,6,0,4.427741860277992
500,567501,414050.0,3393655.0,15,260,3,3,2585.0,16.2,503,27,6,414455,3393760,499,0,13,-102.5,518,405.0,105.0,418.3897704294406,-4,-184.5344550805401,-19,6,0,2.600140993728256
501,567501,414050.0,3393655.0,15,260,3,3,2585.0,16.2,503,27,6,414460,3393725,499,0,5,-98.0,518,410.0,70.0,415.9326868617084,-4,-179.6887865603668,-19,6,0,2.6154798172968134
502,567501,414050.0,3393655.0,15,260,3,3,2585.0,16.2,503,27,6,414415,3393720,501,0,5,-99.25,518,365.0,65.0,370.74249823833253,-2,-180.09750438407525,-17,6,0,2.625397568198475
503,567501,414050.0,3393655.0,15,260,3,3,2585.0,16.2,503,27,6,414410,3393715,501,0,5,-97.0,518,360.0,60.0,364.9657518178932,-2,-179.46232220802563,-17,6,0,2.666893325318379
504,567501,414050.0,3393655.0,15,260,3,3,2585.0,16.2,503,27,6,414475,3393740,499,0,5,-101.25,518,425.0,85.0,433.4166586553867,-4,-181.30993247402023,-19,6,0,2.510109479449267
505,567501,414050.0,3393655.0,15,260,3,3,2585.0,16.2,503,27,6,414300,3393565,499,0,2,-85.33,518,250.0,-90.0,265.70660511172844,-4,-150.2011236454751,-19,6,0,4.090112841020231
506,567501,414050.0,3393655.0,15,260,3,3,2585.0,16.2,503,27,6,414465,3393730,499,0,5,-99.4,518,415.0,75.0,421.7226576791909,-4,-180.2440874464586,-19,6,0,2.5796198671712363
507,567501,414050.0,3393655.0,15,260,3,3,2585.0,16.2,503,27,6,414530,3393675,500,0,5,-104.86,518,480.0,20.0,480.41648597857255,-3,-172.38594403038883,-18,6,0,2.1457253697530643
508,567501,414050.0,3393655.0,15,260,3,3,2585.0,16.2,503,27,6,414470,3393735,499,0,5,-95.0,518,420.0,80.0,427.551166528639,-4,-180.7842978675626,-19,6,0,2.5445002345512826
509,567501,414050.0,3393655.0,15,260,3,3,2585.0,16.2,503,27,6,414525,3393670,500,0,10,-96.67,518,475.0,15.0,475.2367830881781,-3,-171.80873932249204,-18,6,0,2.169089850664898
510,567501,414050.0,3393655.0,15,260,3,3,2585.0,16.2,503,27,6,414245,3393550,500,0,12,-92.5,518,195.0,-105.0,221.472345903501,-3,-141.69924423399362,-18,6,0,4.646459039719347
511,567501,414050.0,3393655.0,15,260,3,3,2585.0,16.2,503,27,6,414405,3393710,501,0,5,-95.75,518,355.0,55.0,359.23529893372114,-2,-178.80679269443533,-17,6,0,2.709372204618173
512,567501,414050.0,3393655.0,15,260,3,3,2585.0,16.2,503,27,6,414440,3393745,500,0,10,-98.5,518,390.0,90.0,400.24992192379,-3,-182.99461679191648,-18,6,0,2.574965147128857
513,567501,414050.0,3393655.0,15,260,3,3,2585.0,16.2,503,27,6,414400,3393705,500,0,5,-96.09,518,350.0,50.0,353.5533905932738,-3,-178.13010235415595,-18,6,0,2.9145084672093007
514,567501,414050.0,3393655.0,15,260,3,3,2585.0,16.2,503,27,6,414070,3393620,502,0,11,-87.4,518,20.0,-35.0,40.311288741492746,-1,-109.74488129694225,-16,6,0,21.648679905696664
515,567501,414050.0,3393655.0,15,260,3,3,2585.0,16.2,503,27,6,414060,3393610,502,0,11,-90.4,518,10.0,-45.0,46.09772228646444,-1,-92.52880770915158,-16,6,0,19.14131168231073
516,567501,414050.0,3393655.0,15,260,3,3,2585.0,16.2,503,27,6,414065,3393605,501,0,11,-90.5,518,15.0,-50.0,52.20153254455275,-2,-96.69924423399357,-17,6,0,18.038406072913723
517,567501,414050.0,3393655.0,15,260,3,3,2585.0,16.2,503,27,6,414075,3393615,501,0,11,-89.43,518,25.0,-40.0,47.16990566028302,-2,-112.00538320808346,-17,6,0,19.819126090246726
518,567501,414050.0,3393655.0,15,260,3,3,2585.0,16.2,503,27,6,414190,3393625,499,0,7,-86.89,518,140.0,-30.0,143.17821063276352,-4,-157.9052429229879,-19,6,0,7.559085808925371
519,567501,414050.0,3393655.0,15,260,3,3,2585.0,16.2,503,27,6,414195,3393630,499,0,7,-85.44,518,145.0,-25.0,147.13938969562162,-4,-160.21759296819272,-19,6,0,7.3578458811723895
520,567501,414050.0,3393655.0,15,260,3,3,2585.0,16.2,503,27,6,414100,3393715,502,0,5,-96.0,518,50.0,60.0,78.10249675906654,-1,-220.1944289077348,-16,6,0,11.57737355411696
521,567501,414050.0,3393655.0,15,260,3,3,2585.0,16.2,503,27,6,414105,3393720,502,0,5,-98.67,518,55.0,65.0,85.14693182963201,-1,-219.76364169072616,-16,6,0,10.642373066799445
522,567501,414050.0,3393655.0,15,260,3,3,2585.0,16.2,503,27,6,414225,3393680,499,0,2,-90.0,518,175.0,25.0,176.7766952966369,-4,-178.13010235415595,-19,6,0,6.134613582861085
523,567501,414050.0,3393655.0,15,260,3,3,2585.0,16.2,503,27,6,414160,3393615,499,0,6,-80.38,518,110.0,-40.0,117.04699910719626,-4,-150.01689347810003,-19,6,0,9.220282129628883
524,567501,414050.0,3393655.0,15,260,3,3,2585.0,16.2,503,27,6,414235,3393670,499,0,5,-87.09,518,185.0,15.0,185.60711193270586,-4,-174.63546342690267,-19,6,0,5.844824571737359
525,567501,414050.0,3393655.0,15,260,3,3,2585.0,16.2,503,27,6,414220,3393675,499,0,2,-87.3,518,170.0,20.0,171.1724276862369,-4,-176.70983680775691,-19,6,0,6.333856991052261
526,567501,414050.0,3393655.0,15,260,3,3,2585.0,16.2,503,27,6,414180,3393635,499,0,7,-80.0,518,130.0,-20.0,131.52946437965906,-4,-161.25383773744477,-19,6,0,8.219763794455261
527,567501,414050.0,3393655.0,15,260,3,3,2585.0,16.2,503,27,6,414185,3393640,499,0,7,-80.0,518,135.0,-15.0,135.83077707206124,-4,-163.65980825409008,-19,6,0,7.962863195291388
528,567501,414050.0,3393655.0,15,260,3,3,2585.0,16.2,503,27,6,414230,3393665,499,0,2,-87.0,518,180.0,10.0,180.27756377319946,-4,-173.17983011986422,-19,6,0,6.016365847585433
529,567501,414050.0,3393655.0,15,260,3,3,2585.0,16.2,503,27,6,414165,3393620,499,0,6,-75.88,518,115.0,-35.0,120.20815280171308,-4,-153.07248693585296,-19,6,0,8.98181814105644
530,567501,414050.0,3393655.0,15,260,3,3,2585.0,16.2,503,27,6,414110,3393705,501,0,5,-90.5,518,60.0,50.0,78.10249675906654,-2,-209.8055710922652,-17,6,0,12.279620784580557
531,567501,414050.0,3393655.0,15,260,3,3,2585.0,16.2,503,27,6,414210,3393645,499,0,6,-82.11,518,160.0,-10.0,160.31219541881399,-4,-166.42366562500263,-19,6,0,6.759093849908679
532,567501,414050.0,3393655.0,15,260,3,3,2585.0,16.2,503,27,6,414205,3393660,499,0,6,-86.0,518,155.0,5.0,155.08062419270823,-4,-171.8476102659946,-19,6,0,6.9848924143704565
533,567501,414050.0,3393655.0,15,260,3,3,2585.0,16.2,503,27,6,414215,3393650,499,0,6,-84.0,518,165.0,-5.0,165.07574019219177,-4,-168.2642954110716,-19,6,0,6.565776557925105
534,567501,414050.0,3393655.0,15,260,3,3,2585.0,16.2,503,27,6,414200,3393655,499,0,6,-83.67,518,150.0,0.0,150.0,-4,-170.0,-19,6,0,7.219020824869662
535,567501,414050.0,3393655.0,15,260,3,3,2585.0,16.2,503,27,6,414085,3393595,500,0,5,-87.0,518,35.0,-60.0,69.46221994724903,-3,-110.25643716352931,-18,6,0,14.527712356605074
536,567501,414050.0,3393655.0,15,260,3,3,2585.0,16.2,503,27,6,414595,3393725,500,0,5,-92.33,518,545.0,70.0,549.4770240874499,-3,-177.31901937559041,-18,6,0,1.8762483487146098
537,567501,414050.0,3393655.0,15,260,3,3,2585.0,16.2,503,27,6,414515,3393805,498,0,6,-99.33,518,465.0,150.0,488.5949242470699,-5,-187.87869659584135,-20,6,0,2.3440198745773233
538,567501,414050.0,3393655.0,15,260,3,3,2585.0,16.2,503,27,6,414560,3393760,499,0,5,-96.0,518,510.0,105.0,520.6966487312934,-4,-181.63363399894047,-19,6,0,2.0897715343476793
539,567501,414050.0,3393655.0,15,260,3,3,2585.0,16.2,503,27,6,414540,3393780,499,0,6,-100.5,518,490.0,125.0,505.69259436934607,-4,-184.3110412626064,-19,6,0,2.151718253390078
540,567501,414050.0,3393655.0,15,260,3,3,2585.0,16.2,503,27,6,414555,3393765,499,0,5,-97.5,518,505.0,110.0,516.8413683133346,-4,-182.28832316327532,-19,6,0,2.1053458138179635
541,567501,414050.0,3393655.0,15,260,3,3,2585.0,16.2,503,27,6,414505,3393815,498,0,6,-104.5,518,455.0,160.0,482.3121395942673,-5,-189.37413976865759,-20,6,0,2.374519258929012
542,567501,414050.0,3393655.0,15,260,3,3,2585.0,16.2,503,27,6,414570,3393750,500,102,5,-100.75,518,520.0,95.0,528.6066590575642,-3,-180.35332004392944,-18,6,0,1.9502699704347064
543,567501,414050.0,3393655.0,15,260,3,3,2585.0,16.2,503,27,6,414510,3393810,498,0,6,-102.88,518,460.0,155.0,485.41219597368996,-5,-188.6215793664876,-20,6,0,2.3593717239555128
544,567501,414050.0,3393655.0,15,260,3,3,2585.0,16.2,503,27,6,414530,3393790,499,0,6,-99.0,518,480.0,135.0,498.62310415783986,-4,-185.70863782901574,-19,6,0,2.1821960782385217
545,567501,414050.0,3393655.0,15,260,3,3,2585.0,16.2,503,27,6,414525,3393795,499,0,6,-99.67,518,475.0,140.0,495.20197899443014,-4,-186.42218749831528,-19,6,0,2.1972571519761943
546,567501,414050.0,3393655.0,15,260,3,3,2585.0,16.2,503,27,6,414545,3393775,499,0,6,-99.33,518,495.0,120.0,509.33780539048934,-4,-183.6269948598915,-19,6,0,2.1363332313251866
547,567501,414050.0,3393655.0,15,260,3,3,2585.0,16.2,503,27,6,414520,3393800,498,0,6,-100.0,518,470.0,145.0,491.85871955267805,-5,-187.14555091886177,-20,6,0,2.3284829898138364
548,567501,414050.0,3393655.0,15,260,3,3,2585.0,16.2,503,27,6,414585,3393735,500,102,5,-95.0,518,535.0,80.0,540.9482415166908,-3,-178.5045792408788,-18,6,0,1.905808302677742
549,567501,414050.0,3393655.0,15,260,3,3,2585.0,16.2,503,27,6,414550,3393770,499,0,5,-97.83,518,500.0,115.0,513.0545779934139,-4,-182.95276451337554,-19,6,0,2.120870963606124
550,567501,414050.0,3393655.0,15,260,3,3,2585.0,16.2,503,27,6,414495,3393825,498,0,6,-102.0,518,445.0,170.0,476.366455578056,-5,-190.90798047100964,-20,6,0,2.404121842378609
551,567501,414050.0,3393655.0,15,260,3,3,2585.0,16.2,503,27,6,414500,3393820,498,0,6,-98.75,518,450.0,165.0,479.2963592601137,-5,-190.13630342824814,-20,6,0,2.3894427070016766
552,567501,414050.0,3393655.0,15,260,3,3,2585.0,16.2,503,27,6,414565,3393755,499,102,5,-96.33,518,515.0,100.0,524.6189093046495,-4,-180.98865109649398,-19,6,0,2.0741612653790167
553,567501,414050.0,3393655.0,15,260,3,3,2585.0,16.2,503,27,6,414060,3393600,501,0,11,-92.25,518,10.0,-55.0,55.90169943749474,-2,-90.30484646876607,-17,6,0,16.914791607260977
554,567501,414050.0,3393655.0,15,260,3,3,2585.0,16.2,503,27,6,414330,3393725,500,0,5,-97.0,518,280.0,70.0,288.61739379323626,-3,-184.03624346792645,-18,6,0,3.5687038773555995
555,567501,414050.0,3393655.0,15,260,3,3,2585.0,16.2,503,27,6,414320,3393735,500,0,6,-102.5,518,270.0,80.0,281.60255680657446,-3,-186.50436138175502,-18,6,0,3.657363408395787
556,567501,414050.0,3393655.0,15,260,3,3,2585.0,16.2,503,27,6,414305,3393640,500,111,7,-94.0,518,255.0,-15.0,255.44079548889601,-3,-166.6335393365702,-18,6,0,4.030766025252885
557,567501,414050.0,3393655.0,15,260,3,3,2585.0,16.2,503,27,6,414280,3393615,500,0,5,-88.0,518,230.0,-40.0,233.45235059857504,-3,-160.1341930569156,-18,6,0,4.408983516366096
558,567501,414050.0,3393655.0,15,260,3,3,2585.0,16.2,503,27,6,414370,3393685,500,0,5,-95.0,518,320.0,30.0,321.40317359976393,-3,-175.3558250428552,-18,6,0,3.205468684506683
559,567501,414050.0,3393655.0,15,260,3,3,2585.0,16.2,503,27,6,414380,3393715,501,0,10,-99.0,518,330.0,60.0,335.4101966249685,-2,-180.30484646876602,-17,6,0,2.9015083260317396
560,567501,414050.0,3393655.0,15,260,3,3,2585.0,16.2,503,27,6,414270,3393665,499,0,5,-85.33,518,220.0,10.0,220.22715545545242,-4,-172.60256220249983,-19,6,0,4.930957914779906
561,567501,414050.0,3393655.0,15,260,3,3,2585.0,16.2,503,27,6,414360,3393695,500,0,5,-91.08,518,310.0,40.0,312.5699921617557,-3,-177.35237935989232,-18,6,0,3.2958577886978833
562,567501,414050.0,3393655.0,15,260,3,3,2585.0,16.2,503,27,6,414255,3393650,499,0,5,-87.1,518,205.0,-5.0,205.0609665440988,-4,-168.60281897270363,-19,6,0,5.293647565422581
563,567501,414050.0,3393655.0,15,260,3,3,2585.0,16.2,503,27,6,414275,3393670,499,0,7,-86.55,518,225.0,15.0,225.49944567559362,-4,-173.81407483429035,-19,6,0,4.816218394855389
564,567501,414050.0,3393655.0,15,260,3,3,2585.0,16.2,503,27,6,414260,3393675,499,0,5,-88.42,518,210.0,20.0,210.95023109728987,-4,-175.44033203100548,-19,6,0,5.146665602834838
565,567501,414050.0,3393655.0,15,260,3,3,2585.0,16.2,503,27,6,414250,3393645,499,0,5,-83.33,518,200.0,-10.0,200.24984394500785,-4,-167.13759477388828,-19,6,0,5.420082022292971
566,567501,414050.0,3393655.0,15,260,3,3,2585.0,16.2,503,27,6,414245,3393660,499,0,5,-84.19,518,195.0,5.0,195.0640920313116,-4,-171.4688007143858,-19,6,0,5.563281788446146
567,567501,414050.0,3393655.0,15,260,3,3,2585.0,16.2,503,27,6,414365,3393700,500,0,5,-94.31,518,315.0,45.0,318.1980515339464,-3,-178.13010235415595,-18,6,0,3.2376881462291043
568,567501,414050.0,3393655.0,15,260,3,3,2585.0,16.2,503,27,6,414240,3393655,499,0,2,-84.08,518,190.0,0.0,190.0,-4,-170.0,-19,6,0,5.710593137499642
569,567501,414050.0,3393655.0,15,260,3,3,2585.0,16.2,503,27,6,414375,3393690,500,0,5,-94.75,518,325.0,35.0,326.87918257362304,-3,-176.1466256596467,-18,6,0,3.151878598288094
570,567501,414050.0,3393655.0,15,260,3,3,2585.0,16.2,503,27,6,414390,3393705,500,0,5,-96.5,518,340.0,50.0,343.6568055487917,-3,-178.3658861240326,-18,6,0,2.9982891057974443
571,567501,414050.0,3393655.0,15,260,3,3,2585.0,16.2,503,27,6,414325,3393740,500,6,6,-99.0,518,275.0,85.0,287.8367592924851,-3,-187.17590361574673,-18,6,0,3.578357351066128
572,567501,414050.0,3393655.0,15,260,3,3,2585.0,16.2,503,27,6,414395,3393710,501,0,5,-95.75,518,345.0,55.0,349.35655139126845,-2,-179.05788812861766,-17,6,0,2.7858660259600074
573,567501,414050.0,3393655.0,15,260,3,3,2585.0,16.2,503,27,6,414265,3393680,499,0,7,-88.5,518,215.0,25.0,216.44860821913363,-4,-176.63251461513846,-19,6,0,5.016602217043057
574,567501,414050.0,3393655.0,15,260,3,3,2585.0,16.2,503,27,6,414385,3393720,501,0,10,-104.0,518,335.0,65.0,341.2477106150311,-2,-180.98065001017358,-17,6,0,2.8519566686844033
575,567501,414050.0,3393655.0,15,260,3,3,2585.0,16.2,503,27,6,413965,3393590,502,0,12,-88.5,518,-85.0,-65.0,107.00467279516349,-1,-27.40535663140855,-16,6,0,8.504213284442404
576,567501,414050.0,3393655.0,15,260,3,3,2585.0,16.2,503,27,6,414050,3393580,501,0,5,-95.0,518,0.0,-75.0,75.0,-2,-80.0,-17,6,0,12.771242564901442
577,567501,414050.0,3393655.0,15,260,3,3,2585.0,16.2,503,27,6,414030,3393560,501,0,5,-92.5,518,-20.0,-95.0,97.082439194738,-2,-68.11134196037204,-17,6,0,9.932299992490863
578,567501,414050.0,3393655.0,15,260,3,3,2585.0,16.2,503,27,6,414070,3393600,501,0,11,-82.5,518,20.0,-55.0,58.52349955359813,-2,-99.98310652190003,-17,6,0,16.19760897312209
579,567501,414050.0,3393655.0,15,260,3,3,2585.0,16.2,503,27,6,414070,3393675,503,96,5,-98.33,518,20.0,20.0,28.284271247461902,0,-215.0,-15,6,0,27.93835272960235
580,567501,414050.0,3393655.0,15,260,3,3,2585.0,16.2,503,27,6,414060,3393665,503,27,6,-87.0,518,10.0,10.0,14.142135623730951,0,-215.0,-15,6,0,46.68614334171695
581,567501,414050.0,3393655.0,15,260,3,3,2585.0,16.2,503,27,6,414005,3393610,502,27,5,-100.5,518,-45.0,-45.0,63.63961030678928,-1,-35.0,-16,6,0,14.112562639840242
582,567501,414050.0,3393655.0,15,260,3,3,2585.0,16.2,503,27,6,414665,3392985,500,0,5,-97.0,518,615.0,-670.0,909.4641279346866,-3,-122.54914736222895,-18,6,0,1.1338428513785987
583,567501,414050.0,3393655.0,15,260,3,3,2585.0,16.2,503,27,6,414300,3393730,500,6,6,-101.0,518,250.0,75.0,261.00766272276377,-3,-186.69924423399362,-18,6,0,3.9450707710900366
584,567501,414050.0,3393655.0,15,260,3,3,2585.0,16.2,503,27,6,414320,3393630,500,0,7,-92.5,518,270.0,-25.0,271.15493725912495,-3,-164.70991879462872,-18,6,0,3.7978770913858626
585,567501,414050.0,3393655.0,15,260,3,3,2585.0,16.2,503,27,6,414240,3393710,499,18,6,-91.5,518,190.0,55.0,197.80040444852483,-4,-186.14433878028348,-19,6,0,5.486793901001081
586,567501,414050.0,3393655.0,15,260,3,3,2585.0,16.2,503,27,6,414275,3393695,500,0,7,-93.0,518,225.0,40.0,228.52789764052878,-3,-180.08059798754232,-18,6,0,4.503604125745327
587,567501,414050.0,3393655.0,15,260,3,3,2585.0,16.2,503,27,6,414270,3393700,500,0,7,-88.5,518,220.0,45.0,224.5551157288562,-3,-181.56013079421774,-18,6,0,4.5829444605360985
588,567501,414050.0,3393655.0,15,260,3,3,2585.0,16.2,503,27,6,414190,3393780,500,0,2,-103.5,518,140.0,125.0,187.6832437912346,-3,-211.76029970389789,-18,6,0,5.4782691489623305
589,567501,414050.0,3393655.0,15,260,3,3,2585.0,16.2,503,27,6,414265,3393685,499,0,7,-91.0,518,215.0,30.0,217.0829334609241,-4,-177.94347181059038,-19,6,0,5.002017975855335
590,567501,414050.0,3393655.0,15,260,3,3,2585.0,16.2,503,27,6,414485,3393465,501,0,5,-102.0,518,435.0,-190.0,474.68410548490033,-2,-146.40517943011855,-17,6,0,2.0510738273219626
591,567501,414050.0,3393655.0,15,260,3,3,2585.0,16.2,503,27,6,414360,3393670,500,0,5,-97.25,518,310.0,15.0,310.3626910567699,-3,-172.7702157972002,-18,6,0,3.3192457215123508
592,567501,414050.0,3393655.0,15,260,3,3,2585.0,16.2,503,27,6,414370,3393680,500,111,7,-96.0,518,320.0,25.0,320.97507691408066,-3,-174.46715906138928,-18,6,0,3.209735007068167
593,567501,414050.0,3393655.0,15,260,3,3,2585.0,16.2,503,27,6,414260,3393690,499,0,7,-90.33,518,210.0,35.0,212.8966885604377,-4,-179.46232220802563,-19,6,0,5.099860289585864
594,567501,414050.0,3393655.0,15,260,3,3,2585.0,16.2,503,27,6,414395,3393585,501,0,10,-86.0,518,345.0,-70.0,352.02982828163863,-2,-158.5304696671331,-17,6,0,2.7647434066986216
595,567501,414050.0,3393655.0,15,260,3,3,2585.0,16.2,503,27,6,414355,3393545,499,0,5,-99.67,518,305.0,-110.0,324.2298567374695,-4,-150.1678701497816,-19,6,0,3.3537203313090536
596,567501,414050.0,3393655.0,15,260,3,3,2585.0,16.2,503,27,6,414570,3393770,500,0,5,-101.33,518,520.0,115.0,532.5645500782041,-3,-182.47046172166893,-18,6,0,1.9357871038217367
597,567501,414050.0,3393655.0,15,260,3,3,2585.0,16.2,503,27,6,414500,3393720,499,0,10,-98.71,518,450.0,65.0,454.6702101523697,-4,-178.21920924889906,-19,6,0,2.3929141843331294
598,567501,414050.0,3393655.0,15,260,3,3,2585.0,16.2,503,27,6,414495,3393685,500,0,5,-95.5,518,445.0,30.0,446.0100895719737,-3,-173.8568009855898,-18,6,0,2.31107922738984
599,567501,414050.0,3393655.0,15,260,3,3,2585.0,16.2,503,27,6,414530,3393730,499,0,6,-95.75,518,480.0,75.0,485.8240422210494,-4,-178.88065915052027,-19,6,0,2.2396283647327015
600,567501,414050.0,3393655.0,15,260,3,3,2585.0,16.2,503,27,6,414555,3393745,499,0,6,-98.86,518,505.0,90.0,512.9571132170797,-4,-180.10503636503796,-19,6,0,2.121273573072299
601,567501,414050.0,3393655.0,15,260,3,3,2585.0,16.2,503,27,6,414480,3393700,500,111,5,-99.5,518,430.0,45.0,432.3482392701513,-3,-175.97432328648063,-18,6,0,2.3840244658589747
602,567501,414050.0,3393655.0,15,260,3,3,2585.0,16.2,503,27,6,414540,3393760,499,0,6,-96.6,518,490.0,105.0,501.12373721467236,-4,-182.0947570770121,-19,6,0,2.1713172571819883
603,567501,414050.0,3393655.0,15,260,3,3,2585.0,16.2,503,27,6,414550,3393750,499,0,6,-97.5,518,500.0,95.0,508.9449872039217,-4,-180.75796708839,-19,6,0,2.137980584367725
604,567501,414050.0,3393655.0,15,260,3,3,2585.0,16.2,503,27,6,414520,3393740,498,0,6,-91.0,518,470.0,85.0,477.62432936357,-5,-180.25119875081742,-20,6,0,2.397797734980576
605,567501,414050.0,3393655.0,15,260,3,3,2585.0,16.2,503,27,6,414545,3393755,499,0,6,-95.67,518,495.0,100.0,505.0,-4,-181.4211862749993,-19,6,0,2.154666499463119
606,567501,414050.0,3393655.0,15,260,3,3,2585.0,16.2,503,27,6,414535,3393725,499,0,6,-100.0,518,485.0,70.0,490.02550954006466,-4,-178.21278018928592,-19,6,0,2.2204451470096633
607,567501,414050.0,3393655.0,15,260,3,3,2585.0,16.2,503,27,6,414525,3393735,499,0,6,-96.33,518,475.0,80.0,481.6897341650536,-4,-179.56009648088627,-19,6,0,2.2588311054955126
608,567501,414050.0,3393655.0,15,260,3,3,2585.0,16.2,503,27,6,414510,3393710,499,0,5,-103.0,518,460.0,55.0,463.2763753959401,-4,-176.81821457165188,-19,6,0,2.34851188114579
609,567501,414050.0,3393655.0,15,260,3,3,2585.0,16.2,503,27,6,414560,3393780,499,0,5,-100.67,518,510.0,125.0,525.0952294584288,-4,-183.77159971708238,-19,6,0,2.0722814100710494
610,567501,414050.0,3393655.0,15,260,3,3,2585.0,16.2,503,27,6,414505,3393715,499,0,10,-99.5,518,455.0,60.0,458.93899376714546,-4,-177.51214410305272,-19,6,0,2.3706822016175946
611,567501,414050.0,3393655.0,15,260,3,3,2585.0,16.2,503,27,6,414515,3393705,499,0,5,-100.4,518,465.0,50.0,467.68044645890427,-4,-176.137255949262,-19,6,0,2.3264207395487384
612,567501,414050.0,3393655.0,15,260,3,3,2585.0,16.2,503,27,6,414215,3393540,501,0,5,-87.33,518,165.0,-115.0,201.12185361118767,-2,-135.12467165539783,-17,6,0,4.831491156097816
613,567501,414050.0,3393655.0,15,260,3,3,2585.0,16.2,503,27,6,414235,3393560,500,0,5,-86.8,518,185.0,-95.0,207.9663434308542,-3,-142.81888891452274,-18,6,0,4.946763014120009
614,567501,414050.0,3393655.0,15,260,3,3,2585.0,16.2,503,27,6,414165,3393570,499,0,5,-82.5,518,115.0,-85.0,143.0034964607509,-4,-133.53076560994816,-19,6,0,7.568214117937812
615,567501,414050.0,3393655.0,15,260,3,3,2585.0,16.2,503,27,6,414195,3393600,499,0,7,-86.33,518,145.0,-55.0,155.08062419270823,-4,-149.22774531795415,-19,6,0,6.9848924143704565
616,567501,414050.0,3393655.0,15,260,3,3,2585.0,16.2,503,27,6,414440,3393765,500,0,5,-100.0,518,390.0,110.0,405.2159917870962,-3,-185.75117366345302,-18,6,0,2.5434497076317997
617,567501,414050.0,3393655.0,15,260,3,3,2585.0,16.2,503,27,6,414225,3393550,500,0,12,-90.67,518,175.0,-105.0,204.08331631958552,-3,-139.0362434679265,-18,6,0,5.040403112223227
618,567501,414050.0,3393655.0,15,260,3,3,2585.0,16.2,503,27,6,414475,3393800,499,0,6,-100.0,518,425.0,145.0,449.0545623863541,-4,-188.83843355798075,-19,6,0,2.422803311547504
619,567501,414050.0,3393655.0,15,260,3,3,2585.0,16.2,503,27,6,414465,3393790,499,0,6,-106.0,518,415.0,135.0,436.4057744805859,-4,-188.01976928177714,-19,6,0,2.4929385114515634
620,567501,414050.0,3393655.0,15,260,3,3,2585.0,16.2,503,27,6,414255,3393340,502,0,6,-104.5,518,205.0,-315.0,375.8324094593227,-1,-113.05582281155364,-16,6,0,2.4377334823199948
621,567501,414050.0,3393655.0,15,260,3,3,2585.0,16.2,503,27,6,414260,3393345,502,0,6,-102.0,518,210.0,-310.0,374.4329045369811,-1,-114.11447294534128,-16,6,0,2.446833861155465
622,567501,414050.0,3393655.0,15,260,3,3,2585.0,16.2,503,27,6,414230,3393555,500,0,5,-85.75,518,180.0,-100.0,205.91260281974002,-3,-140.94539590092285,-18,6,0,4.9958527973033755
623,567501,414050.0,3393655.0,15,260,3,3,2585.0,16.2,503,27,6,414060,3393800,502,0,5,-91.0,518,10.0,145.0,145.34441853748632,-1,-256.0548137709624,-16,6,0,6.282016762758497
624,567501,414050.0,3393655.0,15,260,3,3,2585.0,16.2,503,27,6,413940,3393570,501,0,10,-93.0,518,-110.0,-85.0,139.01438774457844,-2,-27.694240466689166,-17,6,0,6.972054719956137
625,567501,414050.0,3393655.0,15,260,3,3,2585.0,16.2,503,27,6,414135,3393595,499,0,5,-80.0,518,85.0,-60.0,104.04326023342406,-4,-134.78240703180728,-19,6,0,10.3491082699296
626,567501,414050.0,3393655.0,15,260,3,3,2585.0,16.2,503,27,6,414155,3393575,499,0,10,-76.75,518,105.0,-80.0,132.00378782444085,-4,-132.6960517220166,-19,6,0,8.19062953025565
627,567501,414050.0,3393655.0,15,260,3,3,2585.0,16.2,503,27,6,414130,3393600,499,0,5,-79.4,518,80.0,-55.0,97.082439194738,-4,-135.4914770123316,-19,6,0,11.073391208683669
628,567501,414050.0,3393655.0,15,260,3,3,2585.0,16.2,503,27,6,414150,3393580,499,0,10,-73.5,518,100.0,-75.0,125.0,-4,-133.13010235415595,-19,6,0,8.642802580004533
629,567501,414050.0,3393655.0,15,260,3,3,2585.0,16.2,503,27,6,414505,3393765,497,0,5,-99.33,518,455.0,110.0,468.10789354592174,-6,-183.59094844784136,-21,6,0,2.568649632548604
630,567501,414050.0,3393655.0,15,260,3,3,2585.0,16.2,503,27,6,414485,3393785,498,0,6,-96.2,518,435.0,130.0,454.00991178607546,-5,-186.63880567042628,-20,6,0,2.522357286138018
631,567501,414050.0,3393655.0,15,260,3,3,2585.0,16.2,503,27,6,414560,3393710,499,0,6,-101.75,518,510.0,55.0,512.9571132170797,-4,-176.155168343274,-19,6,0,2.121273573072299
632,567501,414050.0,3393655.0,15,260,3,3,2585.0,16.2,503,27,6,414510,3393780,498,0,6,-98.0,518,460.0,125.0,476.68123520860354,-5,-185.20240870917615,-20,6,0,2.402536125422414
633,567501,414050.0,3393655.0,15,260,3,3,2585.0,16.2,503,27,6,414515,3393775,498,0,6,-97.3,518,465.0,120.0,480.23431780746364,-5,-184.47029410006587,-20,6,0,2.384781215640656
634,567501,414050.0,3393655.0,15,260,3,3,2585.0,16.2,503,27,6,414475,3393895,501,0,6,-109.0,518,425.0,240.0,488.082984747471,-2,-199.45367272692096,-17,6,0,1.9948137743563727
635,567501,414050.0,3393655.0,15,260,3,3,2585.0,16.2,503,27,6,414575,3393715,499,0,5,-103.0,518,525.0,60.0,528.4174486142562,-4,-176.51980175165698,-19,6,0,2.0592639992101542
636,567501,414050.0,3393655.0,15,260,3,3,2585.0,16.2,503,27,6,414570,3393720,499,0,5,-97.0,518,520.0,65.0,524.0467536394058,-4,-177.1250163489018,-19,6,0,2.076423859052637
637,567501,414050.0,3393655.0,15,260,3,3,2585.0,16.2,503,27,6,414125,3393585,500,0,5,-76.0,518,75.0,-70.0,102.59142264341595,-3,-126.97493401088195,-18,6,0,9.951441999641593
638,567501,414050.0,3393655.0,15,260,3,3,2585.0,16.2,503,27,6,414015,3393610,502,0,5,-92.5,518,-35.0,-45.0,57.0087712549569,-1,-42.12501634890182,-16,6,0,15.677230328573879
639,567501,414050.0,3393655.0,15,260,3,3,2585.0,16.2,503,27,6,414015,3393470,500,0,7,-90.0,518,-35.0,-185.0,188.2817038376273,-3,-69.28687697720898,-18,6,0,5.4609617079356045
640,567501,414050.0,3393655.0,15,260,3,3,2585.0,16.2,503,27,6,413965,3393600,502,0,12,-95.67,518,-85.0,-55.0,101.24228365658294,-1,-22.905242922987895,-16,6,0,8.980564462130223
641,567501,414050.0,3393655.0,15,260,3,3,2585.0,16.2,503,27,6,413990,3393565,501,0,7,-102.5,518,-60.0,-90.0,108.16653826391968,-2,-46.30993247402023,-17,6,0,8.93183132322755
642,567501,414050.0,3393655.0,15,260,3,3,2585.0,16.2,503,27,6,414270,3393580,500,0,5,-82.0,518,220.0,-75.0,232.43278598338918,-3,-151.17528998175993,-18,6,0,4.42824673092631
643,567501,414050.0,3393655.0,15,260,3,3,2585.0,16.2,503,27,6,414445,3393705,500,111,5,-101.5,518,395.0,50.0,398.1519810323691,-3,-177.21426203920674,-18,6,0,2.5885147373283077
644,567501,414050.0,3393655.0,15,260,3,3,2585.0,16.2,503,27,6,414455,3393715,500,0,5,-98.5,518,405.0,60.0,409.42032191868543,-3,-178.42696902148066,-18,6,0,2.51736484092957
645,567501,414050.0,3393655.0,15,260,3,3,2585.0,16.2,503,27,6,414440,3393710,500,0,5,-95.33,518,390.0,55.0,393.8591118661596,-3,-178.02723751043197,-18,6,0,2.61668926206281
646,567501,414050.0,3393655.0,15,260,3,3,2585.0,16.2,503,27,6,414435,3393735,500,0,10,-99.0,518,385.0,80.0,393.2238548206352,-3,-181.73857120672233,-18,6,0,2.6209106598015275
647,567501,414050.0,3393655.0,15,260,3,3,2585.0,16.2,503,27,6,414430,3393740,500,0,10,-97.0,518,380.0,85.0,389.39054944875073,-3,-182.60860679336622,-18,6,0,2.6466753697631686
648,567501,414050.0,3393655.0,15,260,3,3,2585.0,16.2,503,27,6,414425,3393725,500,0,5,-97.0,518,375.0,70.0,381.4773912042495,-3,-180.5735234185609,-18,6,0,2.701496047892352
649,567501,414050.0,3393655.0,15,260,3,3,2585.0,16.2,503,27,6,414275,3393575,500,0,5,-77.0,518,225.0,-80.0,238.79907872519107,-3,-150.42687416958978,-18,6,0,4.310642392314382
650,567501,414050.0,3393655.0,15,260,3,3,2585.0,16.2,503,27,6,414470,3393700,500,6,7,-86.0,518,420.0,45.0,422.4038352098617,-3,-176.11550356628538,-18,6,0,2.440083086192603
651,567501,414050.0,3393655.0,15,260,3,3,2585.0,16.2,503,27,6,414405,3393745,501,0,5,-96.33,518,355.0,90.0,366.23080154459973,-2,-184.2259638987518,-17,6,0,2.657694462119663
652,567501,414050.0,3393655.0,15,260,3,3,2585.0,16.2,503,27,6,414450,3393720,500,0,5,-96.0,518,400.0,65.0,405.2468383590426,-3,-179.22988624372772,-18,6,0,2.5432563595842756
653,567501,414050.0,3393655.0,15,260,3,3,2585.0,16.2,503,27,6,414420,3393730,501,0,5,-99.5,518,370.0,75.0,377.5248336202534,-2,-181.4587523458772,-17,6,0,2.578295821802255
654,567501,414050.0,3393655.0,15,260,3,3,2585.0,16.2,503,27,6,414525,3393725,499,0,6,-98.0,518,475.0,70.0,480.13019067748695,-4,-178.38324848092935,-19,6,0,2.2661605311472
655,567501,414050.0,3393655.0,15,260,3,3,2585.0,16.2,503,27,6,414515,3393715,499,0,5,-99.0,518,465.0,60.0,468.8549882426335,-4,-177.35237935989232,-19,6,0,2.3205991371451677
656,567501,414050.0,3393655.0,15,260,3,3,2585.0,16.2,503,27,6,414535,3393735,499,0,6,-95.67,518,485.0,80.0,491.553659329274,-4,-179.3665099570121,-19,6,0,2.2135490693997886
657,567501,414050.0,3393655.0,15,260,3,3,2585.0,16.2,503,27,6,414520,3393730,499,0,5,-99.11,518,470.0,75.0,475.94642555649057,-4,-179.0665027398162,-19,6,0,2.28605997265926
658,567501,414050.0,3393655.0,15,260,3,3,2585.0,16.2,503,27,6,414555,3393755,499,0,6,-102.25,518,505.0,100.0,514.8057886232439,-4,-181.20079778788443,-19,6,0,2.113662969130473
659,567501,414050.0,3393655.0,15,260,3,3,2585.0,16.2,503,27,6,414530,3393740,499,0,6,-93.17,518,480.0,85.0,487.46794766425415,-4,-180.04202363552952,-19,6,0,2.232083238893933
660,567501,414050.0,3393655.0,15,260,3,3,2585.0,16.2,503,27,6,414510,3393720,499,0,5,-97.29,518,460.0,65.0,464.5696933722647,-4,-178.0428942335053,-19,6,0,2.3419811369118353
661,567501,414050.0,3393655.0,15,260,3,3,2585.0,16.2,503,27,6,414550,3393760,499,0,6,-94.5,518,500.0,105.0,510.9060579010588,-4,-181.85977912094796,-19,6,0,2.1297816944034085
662,567501,414050.0,3393655.0,15,260,3,3,2585.0,16.2,503,27,6,414545,3393745,499,0,6,-96.0,518,495.0,90.0,503.1152949374527,-4,-180.30484646876602,-19,6,0,2.162730380269565
663,567501,414050.0,3393655.0,15,260,3,3,2585.0,16.2,503,27,6,414540,3393750,499,0,6,-98.0,518,490.0,95.0,499.1242330322181,-4,-180.97224023781166,-19,6,0,2.180007232746845
664,567501,414050.0,3393655.0,15,260,3,3,2585.0,16.2,503,27,6,414505,3393705,499,0,5,-97.33,518,455.0,50.0,457.73900860643283,-4,-176.27107744950115,-19,6,0,2.376889942132084
665,567501,414050.0,3393655.0,15,260,3,3,2585.0,16.2,503,27,6,414500,3393710,499,0,10,-97.5,518,450.0,55.0,453.3486517019765,-4,-176.96825674137853,-19,6,0,2.3998816338815354
666,567501,414050.0,3393655.0,15,260,3,3,2585.0,16.2,503,27,6,414565,3393765,499,0,5,-96.5,518,515.0,110.0,526.6165587977652,-4,-182.05676253383263,-19,6,0,2.0663000452739055
667,567501,414050.0,3393655.0,15,260,3,3,2585.0,16.2,503,27,6,414225,3393535,501,0,12,-96.33,518,175.0,-120.0,212.19095173922943,-2,-135.56101069119637,-17,6,0,4.580554678589819
668,567501,414050.0,3393655.0,15,260,3,3,2585.0,16.2,503,27,6,414160,3393600,499,0,5,-76.38,518,110.0,-55.0,122.98373876248843,-4,-143.43494882292202,-19,6,0,8.782305703487424
669,567501,414050.0,3393655.0,15,260,3,3,2585.0,16.2,503,27,6,414260,3393340,502,0,6,-101.67,518,210.0,-315.0,378.5828839237189,-1,-113.69006752597977,-16,6,0,2.4200440325261097
670,567501,414050.0,3393655.0,15,260,3,3,2585.0,16.2,503,27,6,414245,3393355,502,0,5,-97.5,518,195.0,-300.0,357.80581325629686,-1,-113.02386755579664,-16,6,0,2.5603892801167283
671,567501,414050.0,3393655.0,15,260,3,3,2585.0,16.2,503,27,6,414240,3393360,503,0,5,-89.67,518,190.0,-295.0,350.891721190455,0,-112.78428086586916,-15,6,0,2.447802838731534
672,567501,414050.0,3393655.0,15,260,3,3,2585.0,16.2,503,27,6,414265,3393335,502,0,6,-100.33,518,215.0,-320.0,385.5191305240247,-1,-113.89616656336386,-16,6,0,2.3765530663103536
673,567501,414050.0,3393655.0,15,260,3,3,2585.0,16.2,503,27,6,414165,3393595,499,0,6,-82.5,518,115.0,-60.0,129.71121771072848,-4,-142.44718842328223,-19,6,0,8.333378427361286
674,567501,414050.0,3393655.0,15,260,3,3,2585.0,16.2,503,27,6,414170,3393590,499,0,6,-85.0,518,120.0,-65.0,136.4734406395618,-4,-141.55707137563667,-19,6,0,7.925843122861305
675,567501,414050.0,3393655.0,15,260,3,3,2585.0,16.2,503,27,6,414270,3393610,499,0,2,-80.0,518,220.0,-45.0,224.5551157288562,-4,-158.4398692057822,-19,6,0,4.836376345255954
676,567501,414050.0,3393655.0,15,260,3,3,2585.0,16.2,503,27,6,414265,3393615,499,0,2,-84.5,518,215.0,-40.0,218.68927728629038,-4,-159.46081627137175,-19,6,0,4.9654608925136685
677,567501,414050.0,3393655.0,15,260,3,3,2585.0,16.2,503,27,6,414260,3393620,499,0,2,-86.0,518,210.0,-35.0,212.8966885604377,-4,-160.53767779197437,-19,6,0,5.099860289585864
678,567501,414050.0,3393655.0,15,260,3,3,2585.0,16.2,503,27,6,414320,3393720,500,0,5,-101.5,518,270.0,65.0,277.71388153997634,-3,-183.53585636913425,-18,6,0,3.708433539176367
679,567501,414050.0,3393655.0,15,260,3,3,2585.0,16.2,503,27,6,414295,3393665,500,0,7,-88.0,518,245.0,10.0,245.20399670478457,-3,-172.33730585912383,-18,6,0,4.198453075718601
680,567501,414050.0,3393655.0,15,260,3,3,2585.0,16.2,503,27,6,414250,3393630,499,0,2,-84.6,518,200.0,-25.0,201.55644370746373,-4,-162.8749836510982,-19,6,0,5.385153295019114
681,567501,414050.0,3393655.0,15,260,3,3,2585.0,16.2,503,27,6,414305,3393655,500,111,7,-99.0,518,255.0,0.0,255.0,-3,-170.0,-18,6,0,4.037710620977124
682,567501,414050.0,3393655.0,15,260,3,3,2585.0,16.2,503,27,6,414345,3393695,500,0,10,-93.8,518,295.0,40.0,297.6995129320839,-3,-177.721825800131,-18,6,0,3.460099685426297
683,567501,414050.0,3393655.0,15,260,3,3,2585.0,16.2,503,27,6,414290,3393670,500,0,7,-90.38,518,240.0,15.0,240.46829312822095,-3,-173.57633437499737,-18,6,0,4.280831619793325
684,567501,414050.0,3393655.0,15,260,3,3,2585.0,16.2,503,27,6,414350,3393690,500,0,5,-93.82,518,300.0,35.0,302.03476621077914,-3,-176.65442504600662,-18,6,0,3.4105532597425356
685,567501,414050.0,3393655.0,15,260,3,3,2585.0,16.2,503,27,6,414240,3393640,499,0,2,-82.0,518,190.0,-15.0,190.59118552545917,-4,-165.48601154199872,-19,6,0,5.692996261902162
686,567501,414050.0,3393655.0,15,260,3,3,2585.0,16.2,503,27,6,414285,3393675,500,0,7,-86.43,518,235.0,20.0,235.8495283014151,-3,-174.86451443776053,-18,6,0,4.364344574930321
687,567501,414050.0,3393655.0,15,260,3,3,2585.0,16.2,503,27,6,414395,3393725,501,0,10,-110.5,518,345.0,70.0,352.02982828163863,-2,-181.4695303328669,-17,6,0,2.7647434066986216
688,567501,414050.0,3393655.0,15,260,3,3,2585.0,16.2,503,27,6,414380,3393740,501,0,5,-98.33,518,330.0,85.0,340.77118422777477,-2,-184.4440357244922,-17,6,0,2.855938179668069
689,567501,414050.0,3393655.0,15,260,3,3,2585.0,16.2,503,27,6,414255,3393625,499,0,2,-83.2,518,205.0,-30.0,207.18349355100662,-4,-161.6743496695732,-19,6,0,5.239719289218321
690,567501,414050.0,3393655.0,15,260,3,3,2585.0,16.2,503,27,6,414300,3393660,500,0,7,-99.6,518,250.0,5.0,250.04999500099976,-3,-171.14576283817507,-18,6,0,4.117369145125787
691,567501,414050.0,3393655.0,15,260,3,3,2585.0,16.2,503,27,6,414355,3393685,500,0,5,-91.92,518,305.0,30.0,306.4718584144391,-3,-175.6175805901268,-18,6,0,3.361289396417888
692,567501,414050.0,3393655.0,15,260,3,3,2585.0,16.2,503,27,6,414315,3393645,500,111,7,-95.25,518,265.0,-10.0,265.1886121235224,-3,-167.8389205117736,-18,6,0,3.883064791855533
693,567501,414050.0,3393655.0,15,260,3,3,2585.0,16.2,503,27,6,414330,3393710,500,0,5,-97.0,518,280.0,55.0,285.3506614676055,-3,-181.1130405359483,-18,6,0,3.6094514770588324
694,567501,414050.0,3393655.0,15,260,3,3,2585.0,16.2,503,27,6,414335,3393705,500,0,10,-95.0,518,285.0,50.0,289.35272592460575,-3,-179.95062668795163,-18,6,0,3.5596580782428964
695,567501,414050.0,3393655.0,15,260,3,3,2585.0,16.2,503,27,6,414340,3393700,500,0,10,-95.6,518,290.0,45.0,293.47061181658376,-3,-178.82037955202105,-18,6,0,3.5098358395617173
696,567501,414050.0,3393655.0,15,260,3,3,2585.0,16.2,503,27,6,414280,3393680,500,0,7,-88.46,518,230.0,25.0,231.3547060251855,-3,-176.20344790169185,-18,6,0,4.448799082436552
697,567501,414050.0,3393655.0,15,260,3,3,2585.0,16.2,503,27,6,414390,3393730,501,0,10,-96.0,518,340.0,75.0,348.1738071710737,-2,-182.43956201884657,-17,6,0,2.7953146108314217
698,567501,414050.0,3393655.0,15,260,3,3,2585.0,16.2,503,27,6,414325,3393715,500,0,5,-95.57,518,275.0,60.0,281.4693589007514,-3,-182.30801581742793,-18,6,0,3.6590894576184003
699,567501,414050.0,3393655.0,15,260,3,3,2585.0,16.2,503,27,6,414310,3393650,500,0,7,-101.2,518,260.0,-5.0,260.0480724789169,-3,-168.8982938847936,-18,6,0,3.959582056278252
700,567501,414050.0,3393655.0,15,260,3,3,2585.0,16.2,503,27,6,414245,3393635,499,0,2,-85.08,518,195.0,-20.0,196.02295783912658,-4,-164.14398641457103,-19,6,0,5.53623792225696
701,567501,414050.0,3393655.0,15,260,3,3,2585.0,16.2,503,27,6,414070,3393705,503,0,12,-106.75,518,20.0,50.0,53.85164807134504,0,-238.19859051364818,-15,6,0,15.564806661388419
702,567501,414050.0,3393655.0,15,260,3,3,2585.0,16.2,503,27,6,413975,3393610,502,27,5,-93.33,518,-75.0,-45.0,87.46427842267951,-1,-20.963756532073518,-16,6,0,10.366599522622009
703,567501,414050.0,3393655.0,15,260,3,3,2585.0,16.2,503,27,6,414040,3393575,501,0,5,-92.25,518,-10.0,-80.0,80.62257748298549,-2,-72.8749836510982,-17,6,0,11.90691192131115
704,567501,414050.0,3393655.0,15,260,3,3,2585.0,16.2,503,27,6,414065,3393600,501,0,11,-87.33,518,15.0,-55.0,57.0087712549569,-2,-95.25511870305775,-17,6,0,16.604566151538044
705,567501,414050.0,3393655.0,15,260,3,3,2585.0,16.2,503,27,6,414115,3393615,500,0,5,-76.5,518,65.0,-40.0,76.32168761236873,-3,-138.39249775375106,-18,6,0,13.27036082035403
706,567501,414050.0,3393655.0,15,260,3,3,2585.0,16.2,503,27,6,414205,3393745,500,0,2,-99.67,518,155.0,90.0,179.2344832893492,-3,-200.14138555207535,-18,6,0,5.734821048810164
707,567501,414050.0,3393655.0,15,260,3,3,2585.0,16.2,503,27,6,414090,3393640,502,27,11,-82.29,518,40.0,-15.0,42.720018726587654,-1,-149.44395478041656,-16,6,0,20.532516536432254
708,567501,414050.0,3393655.0,15,260,3,3,2585.0,16.2,503,27,6,414080,3393630,502,0,11,-88.0,518,30.0,-25.0,39.05124837953327,-1,-130.1944289077348,-16,6,0,22.27979635056861
709,567501,414050.0,3393655.0,15,260,3,3,2585.0,16.2,503,27,6,414105,3393605,500,0,5,-85.5,518,55.0,-50.0,74.33034373659252,-3,-127.72631099390628,-18,6,0,13.612813783864372
710,567501,414050.0,3393655.0,15,260,3,3,2585.0,16.2,503,27,6,414085,3393625,501,0,11,-81.57,518,35.0,-30.0,46.09772228646444,-2,-129.3987053549955,-17,6,0,20.243055274274415
711,567501,414050.0,3393655.0,15,260,3,3,2585.0,16.2,503,27,6,414155,3393655,500,18,6,-78.96,518,105.0,0.0,105.0,-3,-170.0,-18,6,0,9.727578551401603
712,567501,414050.0,3393655.0,15,260,3,3,2585.0,16.2,503,27,6,414150,3393660,500,0,6,-80.73,518,100.0,5.0,100.12492197250393,-3,-172.86240522611172,-18,6,0,10.191509625809994
713,567501,414050.0,3393655.0,15,260,3,3,2585.0,16.2,503,27,6,414110,3393620,500,0,5,-82.42,518,60.0,-35.0,69.46221994724903,-3,-139.74356283647074,-18,6,0,14.527712356605074
714,567501,414050.0,3393655.0,15,260,3,3,2585.0,16.2,503,27,6,414140,3393650,500,0,5,-75.44,518,90.0,-5.0,90.13878188659973,-3,-166.82016988013578,-18,6,0,11.292966996162274
715,567501,414050.0,3393655.0,15,260,3,3,2585.0,16.2,503,27,6,414120,3393670,501,0,5,-81.1,518,70.0,15.0,71.58910531638176,-2,-182.0947570770121,-17,6,0,13.358390691268117
716,567501,414050.0,3393655.0,15,260,3,3,2585.0,16.2,503,27,6,414125,3393665,501,0,5,-76.21,518,75.0,10.0,75.66372975210778,-2,-177.59464336859145,-17,6,0,12.662839708360636
717,567501,414050.0,3393655.0,15,260,3,3,2585.0,16.2,503,27,6,414095,3393635,501,0,11,-84.38,518,45.0,-20.0,49.24428900898052,-2,-146.0375110254218,-17,6,0,19.045579979908837
718,567501,414050.0,3393655.0,15,260,3,3,2585.0,16.2,503,27,6,414145,3393645,500,0,5,-75.23,518,95.0,-10.0,95.524865872714,-3,-163.99099404250546,-18,6,0,10.671266518103224
719,567501,414050.0,3393655.0,15,260,3,3,2585.0,16.2,503,27,6,414100,3393610,500,0,5,-84.5,518,50.0,-45.0,67.26812023536856,-3,-128.01278750418334,-18,6,0,14.980577069508122
720,567501,414050.0,3393655.0,15,260,3,3,2585.0,16.2,503,27,6,414165,3393705,500,0,6,-91.5,518,115.0,50.0,125.39936203984452,-3,-193.49856567595208,-18,6,0,8.168519619768567
721,567501,414050.0,3393655.0,15,260,3,3,2585.0,16.2,503,27,6,414135,3393675,500,0,6,-76.86,518,85.0,20.0,87.32124598286491,-3,-183.24051991518718,-18,6,0,11.647542284710939
722,567501,414050.0,3393655.0,15,260,3,3,2585.0,16.2,503,27,6,414170,3393720,500,0,13,-98.0,518,120.0,65.0,136.4734406395618,-3,-198.44292862436333,-18,6,0,7.513589354419147
723,567501,414050.0,3393655.0,15,260,3,3,2585.0,16.2,503,27,6,413955,3393570,501,0,12,-95.5,518,-95.0,-85.0,127.47548783981962,-2,-31.82016988013575,-17,6,0,7.596086685998065
724,567501,414050.0,3393655.0,15,260,3,3,2585.0,16.2,503,27,6,414130,3393590,499,0,5,-85.5,518,80.0,-65.0,103.07764064044152,-4,-130.9061411137705,-19,6,0,10.443933803708083
725,567501,414050.0,3393655.0,15,260,3,3,2585.0,16.2,503,27,6,414160,3393480,500,81,5,-91.0,518,110.0,-175.0,206.70026608594387,-3,-112.15229514128237,-18,6,0,4.976911127985613
726,567501,414050.0,3393655.0,15,260,3,3,2585.0,16.2,503,27,6,414140,3393580,499,54,5,-77.0,518,90.0,-75.0,117.15374513859982,-4,-130.1944289077348,-19,6,0,9.212025058484981
727,567501,414050.0,3393655.0,15,260,3,3,2585.0,16.2,503,27,6,414135,3393585,499,54,5,-73.0,518,85.0,-70.0,110.11357772772621,-4,-130.52754015165613,-19,6,0,9.78993621228658
728,567501,414050.0,3393655.0,15,260,3,3,2585.0,16.2,503,27,6,414560,3393720,499,0,6,-99.86,518,510.0,65.0,514.1254710671316,-4,-177.26324474058458,-19,6,0,2.1164573359910426
729,567501,414050.0,3393655.0,15,260,3,3,2585.0,16.2,503,27,6,414515,3393765,498,0,6,-99.5,518,465.0,110.0,477.83365306349026,-5,-183.30917869540048,-20,6,0,2.3967485613814135
730,567501,414050.0,3393655.0,15,260,3,3,2585.0,16.2,503,27,6,414260,3393380,502,0,6,-104.0,518,210.0,-275.0,346.01300553591915,-1,-117.36666941276872,-16,6,0,2.6475302908555296
731,567501,414050.0,3393655.0,15,260,3,3,2585.0,16.2,503,27,6,414510,3393770,498,0,6,-95.6,518,460.0,115.0,474.157146946031,-5,-184.03624346792645,-20,6,0,2.4153104777960026
732,567501,414050.0,3393655.0,15,260,3,3,2585.0,16.2,503,27,6,414570,3393710,499,0,6,-101.5,518,520.0,55.0,522.9005641611031,-4,-176.03768252142288,-19,6,0,2.0809713489299084
733,567501,414050.0,3393655.0,15,260,3,3,2585.0,16.2,503,27,6,414150,3393570,499,0,10,-74.5,518,100.0,-85.0,131.24404748406687,-4,-129.63546342690267,-19,6,0,8.237394298905146
734,567501,414050.0,3393655.0,15,260,3,3,2585.0,16.2,503,27,6,414175,3393620,499,0,6,-73.67,518,125.0,-35.0,129.80754985747168,-4,-154.35775354279127,-19,6,0,8.327280854244266
735,567501,414050.0,3393655.0,15,260,3,3,2585.0,16.2,503,27,6,414185,3393630,499,0,7,-78.42,518,135.0,-25.0,137.2953021774598,-4,-159.5085229876684,-19,6,0,7.878995968682917
736,567501,414050.0,3393655.0,15,260,3,3,2585.0,16.2,503,27,6,414200,3393645,499,0,5,-85.69,518,150.0,-10.0,150.33296378372907,-4,-166.18592516570965,-19,6,0,7.2031999598264
737,567501,414050.0,3393655.0,15,260,3,3,2585.0,16.2,503,27,6,414195,3393640,499,0,7,-81.64,518,145.0,-15.0,145.7737973711325,-4,-164.0938588862295,-19,6,0,7.426007529510353
738,567501,414050.0,3393655.0,15,260,3,3,2585.0,16.2,503,27,6,414210,3393655,499,0,6,-88.5,518,160.0,0.0,160.0,-4,-170.0,-19,6,0,6.772159966113561
739,567501,414050.0,3393655.0,15,260,3,3,2585.0,16.2,503,27,6,414160,3393605,499,0,6,-75.57,518,110.0,-50.0,120.83045973594572,-4,-145.55604521958344,-19,6,0,8.93630797534588
740,567501,414050.0,3393655.0,15,260,3,3,2585.0,16.2,503,27,6,414190,3393635,499,0,7,-79.65,518,140.0,-20.0,141.4213562373095,-4,-161.86989764584405,-19,6,0,7.651885189910647
741,567501,414050.0,3393655.0,15,260,3,3,2585.0,16.2,503,27,6,414230,3393675,499,0,5,-87.57,518,180.0,20.0,181.10770276274835,-4,-176.34019174590992,-19,6,0,5.988989666500021
742,567501,414050.0,3393655.0,15,260,3,3,2585.0,16.2,503,27,6,414220,3393665,499,0,2,-87.55,518,170.0,10.0,170.29386365926402,-4,-173.3664606634298,-19,6,0,6.3662664184107705
743,567501,414050.0,3393655.0,15,260,3,3,2585.0,16.2,503,27,6,414205,3393650,499,0,6,-85.0,518,155.0,-5.0,155.08062419270823,-4,-168.1523897340054,-19,6,0,6.9848924143704565
744,567501,414050.0,3393655.0,15,260,3,3,2585.0,16.2,503,27,6,414215,3393660,499,0,5,-87.72,518,165.0,5.0,165.07574019219177,-4,-171.7357045889284,-19,6,0,6.565776557925105
745,567501,414050.0,3393655.0,15,260,3,3,2585.0,16.2,503,27,6,414235,3393680,499,0,5,-92.11,518,185.0,25.0,186.6815470259447,-4,-177.6960517220166,-19,6,0,5.811415915059137
746,567501,414050.0,3393655.0,15,260,3,3,2585.0,16.2,503,27,6,414225,3393670,499,0,2,-89.0,518,175.0,15.0,175.64168070250295,-4,-174.89909245378777,-19,6,0,6.173950901533865
747,567501,414050.0,3393655.0,15,260,3,3,2585.0,16.2,503,27,6,414095,3393700,502,0,12,-95.5,518,45.0,45.0,63.63961030678928,-1,-215.0,-16,6,0,14.112562639840242
748,567501,414050.0,3393655.0,15,260,3,3,2585.0,16.2,503,27,6,414170,3393615,499,0,6,-81.8,518,120.0,-40.0,126.49110640673517,-4,-151.56505117707798,-19,6,0,8.5424311145407
749,567501,414050.0,3393655.0,15,260,3,3,2585.0,16.2,503,27,6,414180,3393625,499,0,7,-80.15,518,130.0,-30.0,133.41664064126334,-4,-157.00538320808352,-19,6,0,8.105051104455274
750,567501,414050.0,3393655.0,15,260,3,3,2585.0,16.2,503,27,6,414025,3393595,501,0,11,-100.0,518,-25.0,-60.0,65.0,-2,-57.38013505195957,-17,6,0,14.656751115760423
751,567501,414050.0,3393655.0,15,260,3,3,2585.0,16.2,503,27,6,414010,3393570,501,0,7,-98.0,518,-40.0,-85.0,93.94147114027967,-2,-54.798876354524936,-17,6,0,10.25745005553697
752,567501,414050.0,3393655.0,15,260,3,3,2585.0,16.2,503,27,6,414000,3393580,501,0,5,-94.5,518,-50.0,-75.0,90.13878188659973,-2,-46.30993247402023,-17,6,0,10.680421033966617
753,567501,414050.0,3393655.0,15,260,3,3,2585.0,16.2,503,27,6,414035,3393585,501,0,11,-98.5,518,-15.0,-70.0,71.58910531638176,-2,-67.90524292298792,-17,6,0,13.358390691268117
754,567501,414050.0,3393655.0,15,260,3,3,2585.0,16.2,503,27,6,414255,3393565,500,0,5,-89.5,518,205.0,-90.0,223.8861317723811,-3,-146.29735404903374,-18,6,0,4.596579952719925
755,567501,414050.0,3393655.0,15,260,3,3,2585.0,16.2,503,27,6,414405,3393735,501,0,5,-95.5,518,355.0,80.0,363.90245945857527,-2,-182.69958448959733,-17,6,0,2.6746744636984134
756,567501,414050.0,3393655.0,15,260,3,3,2585.0,16.2,503,27,6,414420,3393760,501,0,5,-101.0,518,370.0,105.0,384.61019227264376,-2,-185.843082117687,-17,6,0,2.530860326867957
757,567501,414050.0,3393655.0,15,260,3,3,2585.0,16.2,503,27,6,414275,3393585,500,0,2,-91.17,518,225.0,-70.0,235.63743335896356,-3,-152.71850162818333,-18,6,0,4.368257680687629
758,567501,414050.0,3393655.0,15,260,3,3,2585.0,16.2,503,27,6,414430,3393750,501,0,5,-98.0,518,380.0,95.0,391.69503443367773,-2,-184.03624346792645,-17,6,0,2.485140934155934
759,567501,414050.0,3393655.0,15,260,3,3,2585.0,16.2,503,27,6,414435,3393745,500,0,10,-100.67,518,385.0,90.0,395.37956446938426,-3,-183.15754274001483,-18,6,0,2.6066405535983876
760,567501,414050.0,3393655.0,15,260,3,3,2585.0,16.2,503,27,6,414270,3393590,499,0,2,-86.0,518,220.0,-65.0,229.40139493908924,-4,-153.53998518795999,-19,6,0,4.734673683043087
761,567501,414050.0,3393655.0,15,260,3,3,2585.0,16.2,503,27,6,414410,3393730,501,0,5,-96.0,518,360.0,75.0,367.7295201639379,-2,-181.76828893202065,-17,6,0,2.6468781969912287
762,567501,414050.0,3393655.0,15,260,3,3,2585.0,16.2,503,27,6,414440,3393700,500,111,7,-100.43,518,390.0,45.0,392.587569849072,-3,-176.581944655178,-18,6,0,2.6251525543152083
763,567501,414050.0,3393655.0,15,260,3,3,2585.0,16.2,503,27,6,414460,3393720,500,0,5,-99.5,518,410.0,65.0,415.12046444375636,-3,-179.00850374202514,-18,6,0,2.4828417132987917
764,567501,414050.0,3393655.0,15,260,3,3,2585.0,16.2,503,27,6,414260,3393600,499,0,2,-84.83,518,210.0,-55.0,217.0829334609241,-4,-155.32360686254998,-19,6,0,5.002017975855335
765,567501,414050.0,3393655.0,15,260,3,3,2585.0,16.2,503,27,6,414265,3393595,499,0,2,-83.43,518,215.0,-60.0,223.21514285549716,-4,-154.40718906073369,-19,6,0,4.865270431382923
766,567501,414050.0,3393655.0,15,260,3,3,2585.0,16.2,503,27,6,414470,3393710,499,111,5,-98.0,518,420.0,55.0,423.5858826731599,-4,-177.46056612616837,-19,6,0,2.568288133757075
767,567501,414050.0,3393655.0,15,260,3,3,2585.0,16.2,503,27,6,414400,3393740,501,0,5,-94.5,518,350.0,85.0,360.17356926904006,-2,-183.650419134757,-17,6,0,2.702324629213875
768,567501,414050.0,3393655.0,15,260,3,3,2585.0,16.2,503,27,6,414305,3393555,499,0,2,-87.0,518,255.0,-100.0,273.9069184960467,-4,-148.58703052512823,-19,6,0,3.9680589025294077
769,567501,414050.0,3393655.0,15,260,3,3,2585.0,16.2,503,27,6,414250,3393570,500,0,12,-85.5,518,200.0,-85.0,217.3131381210073,-3,-146.97450799147197,-18,6,0,4.7349881454282405
770,567501,414050.0,3393655.0,15,260,3,3,2585.0,16.2,503,27,6,414550,3393745,499,0,6,-96.56,518,500.0,90.0,508.0354318352215,-4,-180.2039737217317,-19,6,0,2.1418047315529387
771,567501,414050.0,3393655.0,15,260,3,3,2585.0,16.2,503,27,6,414505,3393720,499,0,10,-98.33,518,455.0,65.0,459.6194077712559,-4,-178.13010235415595,-19,6,0,2.3671766728281023
772,567501,414050.0,3393655.0,15,260,3,3,2585.0,16.2,503,27,6,414510,3393705,499,0,5,-101.0,518,460.0,50.0,462.709412050371,-4,-176.20344790169185,-19,6,0,2.3513863126422323
773,567501,414050.0,3393655.0,15,260,3,3,2585.0,16.2,503,27,6,414555,3393750,499,0,6,-94.0,518,505.0,95.0,513.8579570270368,-4,-180.65390259993848,-19,6,0,2.117558159178678
774,567501,414050.0,3393655.0,15,260,3,3,2585.0,16.2,503,27,6,414500,3393715,499,0,10,-99.17,518,450.0,60.0,453.9823785126467,-4,-177.59464336859145,-19,6,0,2.396535480123475
775,567501,414050.0,3393655.0,15,260,3,3,2585.0,16.2,503,27,6,414525,3393740,499,0,6,-97.29,518,475.0,85.0,482.5453346577915,-4,-180.14554443389636,-19,6,0,2.2548301127509953
776,567501,414050.0,3393655.0,15,260,3,3,2585.0,16.2,503,27,6,414515,3393710,499,0,5,-99.0,518,465.0,55.0,468.2413907377262,-4,-176.74557964748283,-19,6,0,2.3236367884746807
777,567501,414050.0,3393655.0,15,260,3,3,2585.0,16.2,503,27,6,414570,3393765,500,0,5,-95.33,518,520.0,110.0,531.5072906367325,-3,-181.94417718844636,-18,6,0,1.9396347790570143
778,567501,414050.0,3393655.0,15,260,3,3,2585.0,16.2,503,27,6,414560,3393775,499,0,5,-103.0,518,510.0,120.0,523.9274758971894,-4,-183.24051991518718,-19,6,0,2.076896165408823
779,567501,414050.0,3393655.0,15,260,3,3,2585.0,16.2,503,27,6,414545,3393760,499,0,6,-94.3,518,495.0,105.0,506.01383380299,-4,-181.97613244420336,-19,6,0,2.15035353249685
780,567501,414050.0,3393655.0,15,260,3,3,2585.0,16.2,503,27,6,414520,3393735,499,0,6,-98.11,518,470.0,80.0,476.7598976424087,-4,-179.65989307844234,-19,6,0,2.282163508196517
781,567501,414050.0,3393655.0,15,260,3,3,2585.0,16.2,503,27,6,414535,3393730,499,0,6,-99.4,518,485.0,75.0,490.7647094076753,-4,-178.79054318281396,-19,6,0,2.217104007115089
782,567501,414050.0,3393655.0,15,260,3,3,2585.0,16.2,503,27,6,414540,3393755,499,0,6,-97.2,518,490.0,100.0,500.0999900019995,-4,-181.5346206536447,-19,6,0,2.1757578607584165
783,567501,414050.0,3393655.0,15,260,3,3,2585.0,16.2,503,27,6,414530,3393725,499,0,6,-95.67,518,480.0,70.0,485.07731342539614,-4,-178.29714496983684,-19,6,0,2.2430725332984007
784,567501,414050.0,3393655.0,15,260,3,3,2585.0,16.2,503,27,6,414440,3393655,500,0,7,-98.0,518,390.0,0.0,390.0,-3,-170.0,-18,6,0,2.642545294064724
785,567501,414050.0,3393655.0,15,260,3,3,2585.0,16.2,503,27,6,414490,3393685,500,111,5,-102.0,518,440.0,30.0,441.02154142399894,-3,-173.90049374238185,-18,6,0,2.3371918214712655
786,567501,414050.0,3393655.0,15,260,3,3,2585.0,16.2,503,27,6,414435,3393630,500,0,7,-102.5,518,385.0,-25.0,385.8108344772085,-3,-166.28471089457122,-18,6,0,2.6711969304792844
787,567501,414050.0,3393655.0,15,260,3,3,2585.0,16.2,503,27,6,414480,3393695,500,111,5,-102.5,518,430.0,40.0,431.8564576337837,-3,-175.31454566994478,-18,6,0,2.386736164095621
788,567501,414050.0,3393655.0,15,260,3,3,2585.0,16.2,503,27,6,414590,3393785,500,0,5,-108.0,518,540.0,130.0,555.4277630799527,-3,-183.53585636913425,-18,6,0,1.8561607469416057
789,567501,414050.0,3393655.0,15,260,3,3,2585.0,16.2,503,27,6,414020,3393565,501,0,7,-94.75,518,-30.0,-90.0,94.86832980505137,-2,-61.565051177078004,-17,6,0,10.159332597830865
790,567501,414050.0,3393655.0,15,260,3,3,2585.0,16.2,503,27,6,414035,3393580,501,0,5,-94.33,518,-15.0,-75.0,76.48529270389177,-2,-68.6900675259798,-17,6,0,12.531140776012572
791,567501,414050.0,3393655.0,15,260,3,3,2585.0,16.2,503,27,6,414005,3393590,502,0,5,-91.0,518,-45.0,-65.0,79.05694150420949,-1,-45.304846468766044,-16,6,0,11.44130905077799
792,567501,414050.0,3393655.0,15,260,3,3,2585.0,16.2,503,27,6,414070,3393870,501,0,6,-100.5,518,20.0,215.0,215.92822881689185,-2,-254.68545433005522,-17,6,0,4.501603329316421
793,567501,414050.0,3393655.0,15,260,3,3,2585.0,16.2,503,27,6,414040,3393860,501,0,13,-100.33,518,-10.0,205.0,205.24375751773792,-2,97.2072976342867,-17,6,0,4.734906124958333
794,567501,414050.0,3393655.0,15,260,3,3,2585.0,16.2,503,27,6,414565,3393185,499,0,5,-97.0,518,515.0,-470.0,697.2266489456639,-4,-127.61575487542189,-19,6,0,1.560970826400439
795,567501,414050.0,3393655.0,15,260,3,3,2585.0,16.2,503,27,6,414100,3393665,502,0,5,-86.0,518,50.0,10.0,50.99019513592785,-1,-181.30993247402023,-16,6,0,17.421117453299548
796,567501,414050.0,3393655.0,15,260,3,3,2585.0,16.2,503,27,6,414230,3393715,499,6,6,-98.25,518,180.0,60.0,189.73665961010275,-4,-188.43494882292202,-19,6,0,5.718466522921914
797,567501,414050.0,3393655.0,15,260,3,3,2585.0,16.2,503,27,6,414095,3393660,502,0,5,-78.0,518,45.0,5.0,45.27692569068709,-1,-176.34019174590992,-16,6,0,19.46243444102998
798,567501,414050.0,3393655.0,15,260,3,3,2585.0,16.2,503,27,6,414215,3393700,499,0,6,-98.2,518,165.0,45.0,171.0263137648707,-4,-185.25511870305775,-19,6,0,6.339224198713656
799,567501,414050.0,3393655.0,15,260,3,3,2585.0,16.2,503,27,6,414150,3393635,499,0,6,-78.25,518,100.0,-20.0,101.9803902718557,-4,-158.69006752597977,-19,6,0,10.553792925212454
800,567501,414050.0,3393655.0,15,260,3,3,2585.0,16.2,503,27,6,414105,3393670,502,0,6,-83.0,518,55.0,15.0,57.0087712549569,-1,-185.25511870305775,-16,6,0,15.677230328573879
801,567501,414050.0,3393655.0,15,260,3,3,2585.0,16.2,503,27,6,414155,3393640,499,0,6,-77.83,518,105.0,-15.0,106.06601717798213,-4,-161.86989764584405,-19,6,0,10.155889845067865
802,567501,414050.0,3393655.0,15,260,3,3,2585.0,16.2,503,27,6,414130,3393615,500,0,5,-74.4,518,80.0,-40.0,89.44271909999159,-3,-143.43494882292202,-18,6,0,11.378567244391915
803,567501,414050.0,3393655.0,15,260,3,3,2585.0,16.2,503,27,6,414120,3393605,500,0,5,-77.0,518,70.0,-50.0,86.02325267042627,-3,-134.46232220802563,-18,6,0,11.818382793000794
804,567501,414050.0,3393655.0,15,260,3,3,2585.0,16.2,503,27,6,414110,3393675,502,0,6,-76.73,518,60.0,20.0,63.245553203367585,-1,-188.43494882292202,-16,6,0,14.196947417484148
805,567501,414050.0,3393655.0,15,260,3,3,2585.0,16.2,503,27,6,414145,3393630,499,0,11,-77.47,518,95.0,-25.0,98.2344135219425,-4,-155.25643716352926,-19,6,0,10.94669078957908
806,567501,414050.0,3393655.0,15,260,3,3,2585.0,16.2,503,27,6,414220,3393705,499,0,6,-100.8,518,170.0,50.0,177.2004514666935,-4,-186.3895403340348,-19,6,0,6.120054766384396
807,567501,414050.0,3393655.0,15,260,3,3,2585.0,16.2,503,27,6,414235,3393720,499,6,6,-101.0,518,185.0,65.0,196.08671551127577,-4,-189.3589941756947,-19,6,0,5.5344489905043845
808,567501,414050.0,3393655.0,15,260,3,3,2585.0,16.2,503,27,6,414125,3393610,500,0,5,-79.2,518,75.0,-45.0,87.46427842267951,-3,-139.0362434679265,-18,6,0,11.62901399521606
809,567501,414050.0,3393655.0,15,260,3,3,2585.0,16.2,503,27,6,414115,3393680,501,0,6,-80.0,518,65.0,25.0,69.6419413859206,-2,-191.0375110254218,-17,6,0,13.71795658125382
810,567501,414050.0,3393655.0,15,260,3,3,2585.0,16.2,503,27,6,414135,3393620,500,0,11,-75.1,518,85.0,-35.0,91.92388155425118,-3,-147.6198649480404,-18,6,0,11.079142653965262
811,567501,414050.0,3393655.0,15,260,3,3,2585.0,16.2,503,27,6,414140,3393625,500,0,11,-78.36,518,90.0,-30.0,94.86832980505137,-3,-151.56505117707798,-18,6,0,10.743403801775964
812,567501,414050.0,3393655.0,15,260,3,3,2585.0,16.2,503,27,6,414225,3393710,499,0,6,-102.2,518,175.0,55.0,183.43936327844142,-4,-187.44718842328223,-19,6,0,5.9134077033914885
813,567501,414050.0,3393655.0,15,260,3,3,2585.0,16.2,503,27,6,414365,3393545,499,0,5,-95.0,518,315.0,-110.0,333.65401241405743,-4,-150.75047412731828,-19,6,0,3.2592006820907007
814,567501,414050.0,3393655.0,15,260,3,3,2585.0,16.2,503,27,6,414250,3393520,501,0,5,-86.5,518,200.0,-135.0,241.29857024027308,-2,-135.98065001017352,-17,6,0,4.0299513676381675
815,567501,414050.0,3393655.0,15,260,3,3,2585.0,16.2,503,27,6,414235,3393375,503,0,5,-91.25,518,185.0,-280.0,335.5964838909967,0,-113.45330945407267,-15,6,0,2.5592194706660005
816,567501,414050.0,3393655.0,15,260,3,3,2585.0,16.2,503,27,6,414535,3393715,499,0,6,-96.57,518,485.0,60.0,488.6972477925367,-4,-177.0523060078412,-19,6,0,2.2264741725326203
817,567501,414050.0,3393655.0,15,260,3,3,2585.0,16.2,503,27,6,414530,3393720,499,0,6,-90.0,518,480.0,65.0,484.38104834933415,-4,-177.71189241265887,-19,6,0,2.246293498205317
818,567501,414050.0,3393655.0,15,260,3,3,2585.0,16.2,503,27,6,414510,3393740,498,0,5,-95.3,518,460.0,85.0,467.78734484806233,-5,-180.46917425771142,-20,6,0,2.4481597123547645
819,567501,414050.0,3393655.0,15,260,3,3,2585.0,16.2,503,27,6,414490,3393760,498,0,10,-99.14,518,440.0,105.0,452.3549491273418,-5,-183.4218350678862,-20,6,0,2.5315734694289747
820,567501,414050.0,3393655.0,15,260,3,3,2585.0,16.2,503,27,6,414505,3393725,499,0,10,-98.42,518,455.0,70.0,460.3531253288067,-4,-178.74616226255523,-19,6,0,2.363408113570179
821,567501,414050.0,3393655.0,15,260,3,3,2585.0,16.2,503,27,6,414485,3393745,498,0,10,-95.83,518,435.0,90.0,444.21278684882543,-5,-181.6893691754392,-20,6,0,2.5779137039039814
822,567501,414050.0,3393655.0,15,260,3,3,2585.0,16.2,503,27,6,414500,3393730,498,0,5,-96.63,518,450.0,75.0,456.20718977236646,-5,-179.46232220802563,-20,6,0,2.5102241727660703
823,567501,414050.0,3393655.0,15,260,3,3,2585.0,16.2,503,27,6,414520,3393710,499,0,5,-93.8,518,470.0,55.0,473.2071428032337,-4,-176.67446904711755,-19,6,0,2.299279263821493
824,567501,414050.0,3393655.0,15,260,3,3,2585.0,16.2,503,27,6,414495,3393755,497,0,10,-93.5,518,445.0,100.0,456.0975772792484,-6,-182.66506376504236,-21,6,0,2.636195115279998
825,567501,414050.0,3393655.0,15,260,3,3,2585.0,16.2,503,27,6,414525,3393705,499,0,5,-98.86,518,475.0,50.0,477.62432936357,-4,-176.00900595749454,-19,6,0,2.2780374741038125
826,567501,414050.0,3393655.0,15,260,3,3,2585.0,16.2,503,27,6,414480,3393750,498,0,10,-104.75,518,430.0,95.0,440.3691633164157,-5,-182.45824644000493,-20,6,0,2.6003834597050295
827,567501,414050.0,3393655.0,15,260,3,3,2585.0,16.2,503,27,6,414545,3393685,499,0,6,-103.67,518,495.0,30.0,495.9082576444962,-4,-173.46822925891718,-19,6,0,2.1941308520064746
828,567501,414050.0,3393655.0,15,260,3,3,2585.0,16.2,503,27,6,414515,3393735,499,0,5,-98.0,518,465.0,80.0,471.8315377335432,-4,-179.76177477504223,-19,6,0,2.3059754900972798
829,567501,414050.0,3393655.0,15,260,3,3,2585.0,16.2,503,27,6,414025,3393845,501,0,5,-98.0,518,-25.0,190.0,191.637678967368,-2,92.50414236027012,-17,6,0,5.0693855192693436
830,567501,414050.0,3393655.0,15,260,3,3,2585.0,16.2,503,27,6,414195,3393740,500,0,2,-88.0,518,145.0,85.0,168.0773631397161,-3,-200.37912601136833,-18,6,0,6.1127100200714235
831,567501,414050.0,3393655.0,15,260,3,3,2585.0,16.2,503,27,6,414215,3393720,500,0,6,-94.33,518,165.0,65.0,177.341478509682,-3,-191.50143432404792,-18,6,0,5.795621993231323
832,567501,414050.0,3393655.0,15,260,3,3,2585.0,16.2,503,27,6,414210,3393715,500,0,6,-99.0,518,160.0,60.0,170.88007490635061,-3,-190.55604521958344,-18,6,0,6.0131922412668795
833,567501,414050.0,3393655.0,15,260,3,3,2585.0,16.2,503,27,6,414145,3393610,499,0,5,-79.29,518,95.0,-45.0,105.11898020814318,-4,-144.65382405805332,-19,6,0,10.245456566668595
834,567501,414050.0,3393655.0,15,260,3,3,2585.0,16.2,503,27,6,414230,3393695,499,0,5,-91.4,518,180.0,40.0,184.39088914585776,-4,-182.52880770915152,-19,6,0,5.883106892230795
835,567501,414050.0,3393655.0,15,260,3,3,2585.0,16.2,503,27,6,414155,3393620,499,0,6,-76.42,518,105.0,-35.0,110.67971810589327,-4,-151.56505117707798,-19,6,0,9.74082123030309
836,567501,414050.0,3393655.0,15,260,3,3,2585.0,16.2,503,27,6,414105,3393650,501,0,5,-77.1,518,55.0,-5.0,55.226805085936306,-2,-164.8055710922652,-17,6,0,17.109492622055786
837,567501,414050.0,3393655.0,15,260,3,3,2585.0,16.2,503,27,6,414110,3393655,501,0,5,-73.69,518,60.0,0.0,60.0,-2,-170.0,-17,6,0,15.81919394750014
838,567501,414050.0,3393655.0,15,260,3,3,2585.0,16.2,503,27,6,414135,3393640,500,0,11,-74.4,518,85.0,-15.0,86.31338250816034,-3,-159.99202019855863,-18,6,0,11.779768848788244
839,567501,414050.0,3393655.0,15,260,3,3,2585.0,16.2,503,27,6,414125,3393630,500,0,5,-74.75,518,75.0,-25.0,79.05694150420949,-3,-151.56505117707798,-18,6,0,12.826670426247519
840,567501,414050.0,3393655.0,15,260,3,3,2585.0,16.2,503,27,6,414220,3393685,499,0,2,-89.09,518,170.0,30.0,172.6267650163207,-4,-180.00797980144137,-19,6,0,6.2809240915262725
841,567501,414050.0,3393655.0,15,260,3,3,2585.0,16.2,503,27,6,414130,3393635,500,0,11,-74.15,518,80.0,-20.0,82.46211251235322,-3,-155.9637565320735,-18,6,0,12.313498291821032
842,567501,414050.0,3393655.0,15,260,3,3,2585.0,16.2,503,27,6,414115,3393660,501,0,5,-75.08,518,65.0,5.0,65.19202405202648,-2,-174.3987053549955,-17,6,0,14.615430541128882
843,567501,414050.0,3393655.0,15,260,3,3,2585.0,16.2,503,27,6,414225,3393690,499,0,5,-90.31,518,175.0,35.0,178.46568297574746,-4,-181.30993247402023,-19,6,0,6.076992479950243
844,567501,414050.0,3393655.0,15,260,3,3,2585.0,16.2,503,27,6,414150,3393615,499,0,5,-75.66,518,100.0,-40.0,107.70329614269008,-4,-148.19859051364818,-19,6,0,10.004644902204367
845,567501,414050.0,3393655.0,15,260,3,3,2585.0,16.2,503,27,6,414100,3393645,501,0,11,-78.0,518,50.0,-10.0,50.99019513592785,-2,-158.69006752597977,-17,6,0,18.43825396732722
846,567501,414050.0,3393655.0,15,260,3,3,2585.0,16.2,503,27,6,414120,3393625,500,0,5,-77.25,518,70.0,-30.0,76.15773105863909,-3,-146.80140948635182,-18,6,0,13.297916054000208
847,567501,414050.0,3393655.0,15,260,3,3,2585.0,16.2,503,27,6,414140,3393605,499,0,5,-77.57,518,90.0,-50.0,102.95630140987001,-4,-140.94539590092285,-19,6,0,10.455971200791257
848,567501,414050.0,3393655.0,15,260,3,3,2585.0,16.2,503,27,6,414160,3393745,500,0,13,-109.0,518,110.0,90.0,142.12670403551894,-3,-209.28940686250036,-18,6,0,7.217943268057939
849,567501,414050.0,3393655.0,15,260,3,3,2585.0,16.2,503,27,6,414235,3393700,499,18,5,-100.0,518,185.0,45.0,190.3943276465977,-4,-183.6713071321958,-19,6,0,5.698843799983976
850,567501,414050.0,3393655.0,15,260,3,3,2585.0,16.2,503,27,6,414080,3393665,503,27,6,-82.25,518,30.0,10.0,31.622776601683793,0,-188.43494882292202,-15,6,0,25.376933525152303
851,567501,414050.0,3393655.0,15,260,3,3,2585.0,16.2,503,27,6,414320,3393650,500,111,5,-100.0,518,270.0,-5.0,270.04629232781554,-3,-168.93908830973578,-18,6,0,3.8134229408924667
852,567501,414050.0,3393655.0,15,260,3,3,2585.0,16.2,503,27,6,414305,3393705,500,0,10,-95.0,518,255.0,50.0,259.8557292037257,-3,-181.0937230115578,-18,6,0,3.9625035764158314
853,567501,414050.0,3393655.0,15,260,3,3,2585.0,16.2,503,27,6,414315,3393715,500,0,5,-102.0,518,265.0,60.0,271.7075633838705,-3,-182.75753216087668,-18,6,0,3.790175125475795
854,567501,414050.0,3393655.0,15,260,3,3,2585.0,16.2,503,27,6,414355,3393675,500,0,5,-95.75,518,305.0,20.0,305.6550343115585,-3,-173.75172907052598,-18,6,0,3.37025133547504
855,567501,414050.0,3393655.0,15,260,3,3,2585.0,16.2,503,27,6,414340,3393670,500,0,5,-95.22,518,290.0,15.0,290.38767191463205,-3,-172.96093613416372,-18,6,0,3.5470038508039785
856,567501,414050.0,3393655.0,15,260,3,3,2585.0,16.2,503,27,6,414290,3393700,500,0,10,-90.14,518,240.0,45.0,244.1823089414956,-3,-180.61965527615513,-18,6,0,4.215956692812888
857,567501,414050.0,3393655.0,15,260,3,3,2585.0,16.2,503,27,6,414335,3393655,500,111,10,-96.67,518,285.0,0.0,285.0,-3,-170.0,-18,6,0,3.6138807520036442
858,567501,414050.0,3393655.0,15,260,3,3,2585.0,16.2,503,27,6,414280,3393690,500,0,7,-95.48,518,230.0,35.0,232.64780248263682,-3,-178.65254179111474,-18,6,0,4.424170336569022
859,567501,414050.0,3393655.0,15,260,3,3,2585.0,16.2,503,27,6,414295,3393695,500,0,10,-88.87,518,245.0,40.0,248.2438317461282,-3,-179.2726017772003,-18,6,0,4.147221996836432
860,567501,414050.0,3393655.0,15,260,3,3,2585.0,16.2,503,27,6,414370,3393620,500,0,10,-109.0,518,320.0,-35.0,321.90837205639747,-3,-163.75808565258495,-18,6,0,3.200448533059518
861,567501,414050.0,3393655.0,15,260,3,3,2585.0,16.2,503,27,6,414285,3393685,500,0,7,-91.23,518,235.0,30.0,236.90715480964266,-3,-177.27500495788922,-18,6,0,4.344935573925234
862,567501,414050.0,3393655.0,15,260,3,3,2585.0,16.2,503,27,6,414330,3393660,500,0,5,-94.33,518,280.0,5.0,280.04463929880893,-3,-171.0230301886678,-18,6,0,3.6776540175401777
863,567501,414050.0,3393655.0,15,260,3,3,2585.0,16.2,503,27,6,414300,3393710,500,0,10,-92.5,518,250.0,55.0,255.9785147234041,-3,-182.40741852740075,-18,6,0,4.022326650338541
864,567501,414050.0,3393655.0,15,260,3,3,2585.0,16.2,503,27,6,414350,3393680,500,0,5,-94.0,518,300.0,25.0,301.0398644698074,-3,-174.76364169072616,-18,6,0,3.4217980035336772
865,567501,414050.0,3393655.0,15,260,3,3,2585.0,16.2,503,27,6,414365,3393605,500,0,5,-102.0,518,315.0,-50.0,318.9435686763412,-3,-160.98067756861832,-18,6,0,3.2301362307887187
866,567501,414050.0,3393655.0,15,260,3,3,2585.0,16.2,503,27,6,414345,3393665,500,111,5,-92.0,518,295.0,10.0,295.16944286290885,-3,-171.9414863909144,-18,6,0,3.4896852422180897
867,567501,414050.0,3393655.0,15,260,3,3,2585.0,16.2,503,27,6,414325,3393730,500,0,5,-103.0,518,275.0,75.0,285.0438562747845,-3,-185.25511870305775,-18,6,0,3.613326200767612
868,567501,414050.0,3393655.0,15,260,3,3,2585.0,16.2,503,27,6,414240,3393645,499,0,2,-84.29,518,190.0,-10.0,190.26297590440447,-4,-166.98721249581666,-19,6,0,5.702752184126061
869,567501,414050.0,3393655.0,15,260,3,3,2585.0,16.2,503,27,6,414370,3393695,500,0,5,-97.25,518,320.0,40.0,322.49030993194197,-3,-177.1250163489018,-18,6,0,3.19468525611452
870,567501,414050.0,3393655.0,15,260,3,3,2585.0,16.2,503,27,6,414385,3393710,500,0,10,-98.0,518,335.0,55.0,339.4849039353591,-3,-179.323591778138,-18,6,0,3.0350663590103992
871,567501,414050.0,3393655.0,15,260,3,3,2585.0,16.2,503,27,6,414285,3393610,500,0,5,-88.33,518,235.0,-45.0,239.26972228010797,-3,-159.15969454566942,-18,6,0,4.3021952243782575
872,567501,414050.0,3393655.0,15,260,3,3,2585.0,16.2,503,27,6,414395,3393720,501,0,5,-105.0,518,345.0,65.0,351.0697936308392,-2,-180.66978280449666,-17,6,0,2.7722920890216174
873,567501,414050.0,3393655.0,15,260,3,3,2585.0,16.2,503,27,6,414265,3393670,499,0,5,-87.34,518,215.0,15.0,215.52262062252305,-4,-173.99091309842976,-19,6,0,5.038045232258712
874,567501,414050.0,3393655.0,15,260,3,3,2585.0,16.2,503,27,6,414390,3393715,501,0,5,-97.0,518,340.0,60.0,345.2535300326414,-2,-180.00797980144137,-17,6,0,2.8189203993905094
875,567501,414050.0,3393655.0,15,260,3,3,2585.0,16.2,503,27,6,414270,3393675,499,0,7,-89.05,518,220.0,20.0,220.90722034374522,-4,-175.1944289077348,-19,6,0,4.915852416302111
876,567501,414050.0,3393655.0,15,260,3,3,2585.0,16.2,503,27,6,414380,3393705,500,0,10,-101.2,518,330.0,50.0,333.7663853655727,-3,-178.61564818416412,-18,6,0,3.0869673227627104
877,567501,414050.0,3393655.0,15,260,3,3,2585.0,16.2,503,27,6,414275,3393680,499,0,7,-86.0,518,225.0,25.0,226.38462845343543,-4,-176.34019174590992,-19,6,0,4.797474647077011
878,567501,414050.0,3393655.0,15,260,3,3,2585.0,16.2,503,27,6,414260,3393665,499,0,6,-84.61,518,210.0,10.0,210.23796041628637,-4,-172.72631099390628,-19,6,0,5.164008009612448
879,567501,414050.0,3393655.0,15,260,3,3,2585.0,16.2,503,27,6,414250,3393655,499,0,5,-83.91,518,200.0,0.0,200.0,-4,-170.0,-19,6,0,5.42681249857282
880,567501,414050.0,3393655.0,15,260,3,3,2585.0,16.2,503,27,6,414255,3393660,499,0,5,-84.46,518,205.0,5.0,205.0609665440988,-4,-171.39718102729637,-19,6,0,5.293647565422581
881,567501,414050.0,3393655.0,15,260,3,3,2585.0,16.2,503,27,6,414245,3393650,499,0,5,-83.31,518,195.0,-5.0,195.0640920313116,-4,-168.5311992856142,-19,6,0,5.563281788446146
882,567501,414050.0,3393655.0,15,260,3,3,2585.0,16.2,503,27,6,414360,3393685,500,0,5,-93.69,518,310.0,30.0,311.44823004794875,-3,-175.52754015165618,-18,6,0,3.3077023702767496
883,567501,414050.0,3393655.0,15,260,3,3,2585.0,16.2,503,27,6,414375,3393700,500,0,5,-96.57,518,325.0,45.0,328.10059433045836,-3,-177.88313931672974,-18,6,0,3.1401687054329286
884,567501,414050.0,3393655.0,15,260,3,3,2585.0,16.2,503,27,6,414365,3393690,500,0,5,-94.88,518,315.0,35.0,316.9384798348096,-3,-176.34019174590992,-18,6,0,3.250527776230977
885,567501,414050.0,3393655.0,15,260,3,3,2585.0,16.2,503,27,6,414330,3393735,500,6,6,-99.0,518,280.0,80.0,291.20439557122074,-3,-185.94539590092285,-18,6,0,3.5370810711519667
886,567501,414050.0,3393655.0,15,260,3,3,2585.0,16.2,503,27,6,414045,3393590,501,0,11,-104.33,518,-5.0,-65.0,65.19202405202648,-2,-75.60129464500449,-17,6,0,14.615430541128882
887,567501,414050.0,3393655.0,15,260,3,3,2585.0,16.2,503,27,6,414055,3393600,501,0,11,-93.0,518,5.0,-55.0,55.226805085936306,-2,-85.19442890773485,-17,6,0,17.109492622055786
888,567501,414050.0,3393655.0,15,260,3,3,2585.0,16.2,503,27,6,414195,3393525,501,0,6,-93.0,518,145.0,-130.0,194.74342094150447,-2,-128.1221304621157,-17,6,0,4.988950937482262
889,567501,414050.0,3393655.0,15,260,3,3,2585.0,16.2,503,27,6,414230,3393570,500,0,5,-86.75,518,180.0,-85.0,199.06029237394384,-3,-144.72227776444703,-18,6,0,5.166910999675981
890,567501,414050.0,3393655.0,15,260,3,3,2585.0,16.2,503,27,6,414200,3393600,499,0,7,-85.25,518,150.0,-55.0,159.76545308670458,-4,-149.86369657175186,-19,6,0,6.782009434154871
891,567501,414050.0,3393655.0,15,260,3,3,2585.0,16.2,503,27,6,414225,3393575,500,0,12,-85.0,518,175.0,-80.0,192.41881404893857,-3,-145.43282867939865,-18,6,0,5.344235255129556
892,567501,414050.0,3393655.0,15,260,3,3,2585.0,16.2,503,27,6,414220,3393580,499,0,12,-83.75,518,170.0,-75.0,185.80904176062046,-4,-146.19405648154225,-19,6,0,5.838516554497952
893,567501,414050.0,3393655.0,15,260,3,3,2585.0,16.2,503,27,6,414235,3393565,500,0,5,-86.75,518,185.0,-90.0,205.73040611440985,-3,-144.0577045101283,-18,6,0,5.0002547490518685
894,567501,414050.0,3393655.0,15,260,3,3,2585.0,16.2,503,27,6,414210,3393590,499,0,7,-87.5,518,160.0,-65.0,172.69916039170545,-4,-147.8905516562483,-19,6,0,6.27831216229564
895,567501,414050.0,3393655.0,15,260,3,3,2585.0,16.2,503,27,6,414215,3393585,499,0,12,-85.67,518,165.0,-70.0,179.2344832893492,-4,-147.01128319791934,-19,6,0,6.051119909628495
896,567501,414050.0,3393655.0,15,260,3,3,2585.0,16.2,503,27,6,414205,3393595,499,0,7,-86.2,518,155.0,-60.0,166.20770138594662,-4,-148.8387401831717,-19,6,0,6.52144670072568
897,567501,414050.0,3393655.0,15,260,3,3,2585.0,16.2,503,27,6,414075,3393630,502,0,11,-82.33,518,25.0,-25.0,35.35533905932738,-1,-125.0,-16,6,0,24.34905076402161
898,567501,414050.0,3393655.0,15,260,3,3,2585.0,16.2,503,27,6,414055,3393610,502,0,11,-95.67,518,5.0,-45.0,45.27692569068709,-1,-86.34019174590992,-16,6,0,19.46243444102998
899,567501,414050.0,3393655.0,15,260,3,3,2585.0,16.2,503,27,6,414050,3393605,501,0,11,-88.75,518,0.0,-50.0,50.0,-2,-80.0,-17,6,0,18.77803322244554
900,567501,414050.0,3393655.0,15,260,3,3,2585.0,16.2,503,27,6,414070,3393625,502,0,11,-89.83,518,20.0,-30.0,36.05551275463989,-1,-113.69006752597977,-16,6,0,23.929740976046826
901,567501,414050.0,3393655.0,15,260,3,3,2585.0,16.2,503,27,6,414060,3393635,502,27,5,-79.5,518,10.0,-20.0,22.360679774997898,-1,-106.56505117707798,-16,6,0,35.585302455842225
902,567501,414050.0,3393655.0,15,260,3,3,2585.0,16.2,503,27,6,414415,3393750,501,0,5,-99.5,518,365.0,95.0,377.1604433129222,-2,-184.58891873287462,-17,6,0,2.5807834537453265
903,567501,414050.0,3393655.0,15,260,3,3,2585.0,16.2,503,27,6,414445,3393720,500,0,5,-98.75,518,395.0,65.0,400.3123780249619,-3,-179.34467190209966,-18,6,0,2.5745639457584506
904,567501,414050.0,3393655.0,15,260,3,3,2585.0,16.2,503,27,6,414435,3393730,500,0,5,-98.0,518,385.0,75.0,392.23717314910374,-3,-181.02345596374312,-18,6,0,2.6274943932624324
905,567501,414050.0,3393655.0,15,260,3,3,2585.0,16.2,503,27,6,414430,3393725,500,0,5,-104.5,518,380.0,70.0,386.39358172723314,-3,-180.43747535111817,-18,6,0,2.667174132969536
906,567501,414050.0,3393655.0,15,260,3,3,2585.0,16.2,503,27,6,414455,3393710,500,0,5,-96.6,518,405.0,55.0,408.71750635371615,-3,-177.73359809902286,-18,6,0,2.52168802572764
907,567501,414050.0,3393655.0,15,260,3,3,2585.0,16.2,503,27,6,414275,3393570,500,0,6,-79.5,518,225.0,-85.0,240.52026941611388,-3,-149.3045492659367,-18,6,0,4.2799099723805405
908,567501,414050.0,3393655.0,15,260,3,3,2585.0,16.2,503,27,6,414440,3393715,500,0,5,-98.38,518,390.0,60.0,394.58839313897715,-3,-178.74616226255523,-18,6,0,2.6118597803119794
909,567501,414050.0,3393655.0,15,260,3,3,2585.0,16.2,503,27,6,414420,3393735,501,0,5,-95.5,518,370.0,80.0,378.549864614954,-2,-182.20046872738078,-17,6,0,2.571323738370548
910,567501,414050.0,3393655.0,15,260,3,3,2585.0,16.2,503,27,6,414235,3393675,499,0,5,-86.38,518,185.0,20.0,186.07794065928394,-4,-176.1701750950296,-19,6,0,5.8301375480571584
911,567501,414050.0,3393655.0,15,260,3,3,2585.0,16.2,503,27,6,414100,3393710,502,0,5,-91.0,518,50.0,55.0,74.33034373659252,-1,-217.72631099390628,-16,6,0,12.147860438366074
912,567501,414050.0,3393655.0,15,260,3,3,2585.0,16.2,503,27,6,414185,3393625,499,0,7,-84.71,518,135.0,-30.0,138.2931668593933,-4,-157.47119229084848,-19,6,0,7.8228508997486825
913,567501,414050.0,3393655.0,15,260,3,3,2585.0,16.2,503,27,6,414170,3393620,499,0,6,-74.0,518,120.0,-35.0,125.0,-4,-153.73979529168804,-19,6,0,8.642802580004533
914,567501,414050.0,3393655.0,15,260,3,3,2585.0,16.2,503,27,6,414225,3393665,499,0,2,-86.78,518,175.0,10.0,175.28548142958104,-4,-173.27048792318357,-19,6,0,6.186399859548666
915,567501,414050.0,3393655.0,15,260,3,3,2585.0,16.2,503,27,6,414180,3393630,499,0,7,-76.16,518,130.0,-25.0,132.38202294873727,-4,-159.11447294534128,-19,6,0,8.167543867635878
916,567501,414050.0,3393655.0,15,260,3,3,2585.0,16.2,503,27,6,414230,3393680,499,0,5,-89.04,518,180.0,25.0,181.72781845386248,-4,-177.90716270295843,-19,6,0,5.968701025418693
917,567501,414050.0,3393655.0,15,260,3,3,2585.0,16.2,503,27,6,414200,3393650,499,0,6,-84.0,518,150.0,-5.0,150.08331019803634,-4,-168.0908475670036,-19,6,0,7.215055837192452
918,567501,414050.0,3393655.0,15,260,3,3,2585.0,16.2,503,27,6,414160,3393610,499,0,6,-75.2,518,110.0,-45.0,118.84864324004712,-4,-147.75097634278762,-19,6,0,9.082857898146711
919,567501,414050.0,3393655.0,15,260,3,3,2585.0,16.2,503,27,6,414165,3393605,499,0,6,-76.5,518,115.0,-50.0,125.39936203984452,-4,-146.50143432404786,-19,6,0,8.615691357893432
920,567501,414050.0,3393655.0,15,260,3,3,2585.0,16.2,503,27,6,414195,3393635,499,0,7,-82.69,518,145.0,-20.0,146.37281168304446,-4,-162.14668669802177,-19,6,0,7.395954568299191
921,567501,414050.0,3393655.0,15,260,3,3,2585.0,16.2,503,27,6,414205,3393645,499,0,6,-85.6,518,155.0,-10.0,155.32224567009067,-4,-166.30861401354872,-19,6,0,6.97413370778555
922,567501,414050.0,3393655.0,15,260,3,3,2585.0,16.2,503,27,6,414105,3393705,502,0,5,-105.0,518,55.0,50.0,74.33034373659252,-1,-212.27368900609372,-16,6,0,12.147860438366074
923,567501,414050.0,3393655.0,15,260,3,3,2585.0,16.2,503,27,6,414190,3393640,499,0,7,-81.95,518,140.0,-15.0,140.80127840328723,-4,-163.88449643371462,-19,6,0,7.685181628094281
924,567501,414050.0,3393655.0,15,260,3,3,2585.0,16.2,503,27,6,414215,3393655,499,0,5,-86.43,518,165.0,0.0,165.0,-4,-170.0,-19,6,0,6.5687641218211255
925,567501,414050.0,3393655.0,15,260,3,3,2585.0,16.2,503,27,6,414210,3393660,499,0,6,-87.56,518,160.0,5.0,160.0781059358212,-4,-171.78991060824603,-19,6,0,6.768886334182364
926,567501,414050.0,3393655.0,15,260,3,3,2585.0,16.2,503,27,6,414220,3393670,499,0,2,-87.5,518,170.0,15.0,170.66048165876012,-4,-175.0424510691709,-19,6,0,6.352702140831586
927,567501,414050.0,3393655.0,15,260,3,3,2585.0,16.2,503,27,6,414390,3393595,501,0,10,-102.0,518,340.0,-60.0,345.2535300326414,-2,-159.99202019855863,-17,6,0,2.8189203993905094
928,567501,414050.0,3393655.0,15,260,3,3,2585.0,16.2,503,27,6,414570,3393775,500,0,5,-98.67,518,520.0,120.0,533.6665625650534,-3,-182.99461679191648,-18,6,0,1.9317927678262077
929,567501,414050.0,3393655.0,15,260,3,3,2585.0,16.2,503,27,6,414565,3393770,499,0,5,-99.6,518,515.0,115.0,527.683617331446,-4,-182.58769338164876,-19,6,0,2.062125275477615
930,567501,414050.0,3393655.0,15,260,3,3,2585.0,16.2,503,27,6,414545,3393750,499,0,6,-95.25,518,495.0,95.0,504.03372903011166,-4,-180.86405992208773,-19,6,0,2.1587932544070916
931,567501,414050.0,3393655.0,15,260,3,3,2585.0,16.2,503,27,6,414525,3393730,499,0,6,-97.0,518,475.0,75.0,480.88460154178364,-4,-178.9726266148964,-19,6,0,2.2626090805566266
932,567501,414050.0,3393655.0,15,260,3,3,2585.0,16.2,503,27,6,414550,3393755,499,0,6,-97.57,518,500.0,100.0,509.9019513592785,-4,-181.30993247402023,-19,6,0,2.1339718186737535
933,567501,414050.0,3393655.0,15,260,3,3,2585.0,16.2,503,27,6,414520,3393725,499,0,5,-96.88,518,470.0,70.0,475.1841748206689,-4,-178.47114463301483,-19,6,0,2.2897231789705343
934,567501,414050.0,3393655.0,15,260,3,3,2585.0,16.2,503,27,6,414530,3393735,499,0,6,-95.94,518,480.0,80.0,486.6210024238576,-4,-179.46232220802563,-19,6,0,2.235964154727672
935,567501,414050.0,3393655.0,15,260,3,3,2585.0,16.2,503,27,6,414535,3393740,499,0,6,-92.44,518,485.0,85.0,492.3921201644072,-4,-179.94057303311303,-19,6,0,2.2097835081526087
936,567501,414050.0,3393655.0,15,260,3,3,2585.0,16.2,503,27,6,414560,3393765,499,0,5,-101.0,518,510.0,110.0,521.7278984298233,-4,-182.17145820858747,-19,6,0,2.085644534128252
937,567501,414050.0,3393655.0,15,260,3,3,2585.0,16.2,503,27,6,414540,3393745,499,0,6,-96.57,518,490.0,90.0,498.19674828324605,-4,-180.40771131249005,-19,6,0,2.1840617899036374
938,567501,414050.0,3393655.0,15,260,3,3,2585.0,16.2,503,27,6,414500,3393705,499,0,10,-99.5,518,450.0,50.0,452.76925690687085,-4,-176.34019174590992,-19,6,0,2.4029490905023208
939,567501,414050.0,3393655.0,15,260,3,3,2585.0,16.2,503,27,6,414515,3393720,499,0,5,-96.8,518,465.0,65.0,469.52103254273925,-4,-177.95752522691714,-19,6,0,2.3173108165964593
940,567501,414050.0,3393655.0,15,260,3,3,2585.0,16.2,503,27,6,414555,3393760,499,0,5,-95.67,518,505.0,105.0,515.8003489723519,-4,-181.74563342528796,-19,6,0,2.109591114227044
941,567501,414050.0,3393655.0,15,260,3,3,2585.0,16.2,503,27,6,414505,3393710,499,0,5,-100.67,518,455.0,55.0,458.31212072123947,-4,-176.89242312248513,-19,6,0,2.3739210811172664
942,567501,414050.0,3393655.0,15,260,3,3,2585.0,16.2,503,27,6,414510,3393715,499,0,5,-95.6,518,460.0,60.0,463.89654018972806,-4,-177.43140797117252,-19,6,0,2.3453757576431036
943,567501,414050.0,3393655.0,15,260,3,3,2585.0,16.2,503,27,6,414290,3393570,500,0,2,-98.5,518,240.0,-85.0,254.6075411294803,-3,-150.49755149333777,-18,6,0,4.0439138231806515
944,567501,414050.0,3393655.0,15,260,3,3,2585.0,16.2,503,27,6,414245,3393535,501,0,5,-88.33,518,195.0,-120.0,228.96506283710622,-2,-138.39249775375106,-17,6,0,4.246256241105411
945,567501,414050.0,3393655.0,15,260,3,3,2585.0,16.2,503,27,6,414405,3393695,500,0,5,-101.5,518,355.0,40.0,357.24641355792505,-3,-176.42874774882984,-18,6,0,2.884430977021315
946,567501,414050.0,3393655.0,15,260,3,3,2585.0,16.2,503,27,6,414280,3393580,500,0,2,-87.86,518,230.0,-75.0,241.91940806805889,-3,-151.93952806380082,-18,6,0,4.25524833553404
947,567501,414050.0,3393655.0,15,260,3,3,2585.0,16.2,503,27,6,414250,3393530,501,0,5,-90.67,518,200.0,-125.0,235.8495283014151,-2,-137.99461679191648,-17,6,0,4.122741484006788
948,567501,414050.0,3393655.0,15,260,3,3,2585.0,16.2,503,27,6,414430,3393710,500,0,5,-96.33,518,380.0,55.0,383.9596332949598,-3,-178.2356193242095,-18,6,0,2.6840568993537266
949,567501,414050.0,3393655.0,15,260,3,3,2585.0,16.2,503,27,6,414475,3393745,499,0,5,-97.5,518,425.0,90.0,434.42490720491617,-4,-181.9565842431491,-19,6,0,2.504291239183834
950,567501,414050.0,3393655.0,15,260,3,3,2585.0,16.2,503,27,6,414425,3393715,500,0,5,-96.6,518,375.0,60.0,379.7696670351649,-3,-179.0902769208223,-18,6,0,2.7136258465492635
951,567501,414050.0,3393655.0,15,260,3,3,2585.0,16.2,503,27,6,414455,3393725,500,0,5,-99.0,518,405.0,70.0,411.0048661512416,-3,-179.80609275989707,-18,6,0,2.5076720746723256
952,567501,414050.0,3393655.0,15,260,3,3,2585.0,16.2,503,27,6,414465,3393755,499,0,13,-101.4,518,415.0,100.0,426.8782027698299,-4,-183.5479389880005,-19,6,0,2.548506296587033
953,567501,414050.0,3393655.0,15,260,3,3,2585.0,16.2,503,27,6,414445,3393735,500,0,10,-95.57,518,395.0,80.0,403.01985062773275,-3,-181.44933798850002,-18,6,0,2.5572911579713185
954,567501,414050.0,3393655.0,15,260,3,3,2585.0,16.2,503,27,6,414470,3393750,499,0,10,-103.67,518,420.0,95.0,430.6100323959023,-4,-182.74528947313286,-19,6,0,2.526448718630032
955,567501,414050.0,3393655.0,15,260,3,3,2585.0,16.2,503,27,6,414410,3393690,500,0,7,-98.0,518,360.0,35.0,361.69738732813653,-3,-175.55297103303678,-18,6,0,2.848994604341708
956,567501,414050.0,3393655.0,15,260,3,3,2585.0,16.2,503,27,6,414400,3393700,500,0,5,-95.75,518,350.0,45.0,352.8809997718778,-3,-177.32640666016954,-18,6,0,2.9200522634105295
957,567501,414050.0,3393655.0,15,260,3,3,2585.0,16.2,503,27,6,414295,3393565,500,0,2,-87.8,518,245.0,-90.0,261.00766272276377,-3,-149.82934658814963,-18,6,0,3.9450707710900366
958,567501,414050.0,3393655.0,15,260,3,3,2585.0,16.2,503,27,6,414255,3393525,501,0,5,-88.29,518,205.0,-130.0,242.7447218787671,-2,-137.61932229343074,-17,6,0,4.006021334114177
959,567501,414050.0,3393655.0,15,260,3,3,2585.0,16.2,503,27,6,414285,3393575,500,0,2,-84.33,518,235.0,-80.0,248.2438317461282,-3,-151.20011484134733,-18,6,0,4.147221996836432
960,567501,414050.0,3393655.0,15,260,3,3,2585.0,16.2,503,27,6,414420,3393720,501,0,5,-94.33,518,370.0,65.0,375.6660751252367,-2,-179.9638041899072,-17,6,0,2.591035631147933
961,567501,414050.0,3393655.0,15,260,3,3,2585.0,16.2,503,27,6,413955,3393580,501,0,12,-89.5,518,-95.0,-75.0,121.03718436910205,-2,-28.290163192243085,-17,6,0,7.995048306737518
962,567501,414050.0,3393655.0,15,260,3,3,2585.0,16.2,503,27,6,414050,3393720,503,0,10,-106.33,518,0.0,65.0,65.0,0,-260.0,-15,6,0,12.994616791916505
963,567501,414050.0,3393655.0,15,260,3,3,2585.0,16.2,503,27,6,413995,3393615,502,27,5,-98.0,518,-55.0,-40.0,68.00735254367721,-1,-26.0273733851036,-16,6,0,13.23913884448169
964,567501,414050.0,3393655.0,15,260,3,3,2585.0,16.2,503,27,6,413985,3393605,502,27,5,-94.0,518,-65.0,-50.0,82.00609733428362,-1,-27.56859202882748,-16,6,0,11.040139431903672
965,567501,414050.0,3393655.0,15,260,3,3,2585.0,16.2,503,27,6,414245,3393615,499,0,5,-81.0,518,195.0,-40.0,199.06029237394384,-4,-158.40782458970892,-19,6,0,5.452276934429082
966,567501,414050.0,3393655.0,15,260,3,3,2585.0,16.2,503,27,6,414270,3393630,499,0,5,-85.33,518,220.0,-25.0,221.41589825484527,-4,-163.51692630710278,-19,6,0,4.904613955502575
967,567501,414050.0,3393655.0,15,260,3,3,2585.0,16.2,503,27,6,414285,3393655,500,0,7,-89.33,518,235.0,0.0,235.0,-3,-170.0,-18,6,0,4.380060455063662
968,567501,414050.0,3393655.0,15,260,3,3,2585.0,16.2,503,27,6,414265,3393635,499,0,5,-86.5,518,215.0,-20.0,215.92822881689185,-4,-164.68545433005522,-19,6,0,5.028630136119307
969,567501,414050.0,3393655.0,15,260,3,3,2585.0,16.2,503,27,6,414325,3393695,500,0,5,-96.08,518,275.0,40.0,277.89386463180506,-3,-178.2758928270752,-18,6,0,3.706038399542244
970,567501,414050.0,3393655.0,15,260,3,3,2585.0,16.2,503,27,6,414315,3393665,500,0,5,-92.44,518,265.0,10.0,265.1886121235224,-3,-172.1610794882264,-18,6,0,3.883064791855533
971,567501,414050.0,3393655.0,15,260,3,3,2585.0,16.2,503,27,6,414360,3393740,501,27,5,-93.5,518,310.0,85.0,321.4420632089086,-2,-185.33328479305356,-17,6,0,3.0273625176700754
972,567501,414050.0,3393655.0,15,260,3,3,2585.0,16.2,503,27,6,414320,3393700,500,0,10,-95.42,518,270.0,45.0,273.72431386341987,-3,-179.46232220802563,-18,6,0,3.76233031232997
973,567501,414050.0,3393655.0,15,260,3,3,2585.0,16.2,503,27,6,414280,3393660,500,0,7,-87.7,518,230.0,5.0,230.05434140654683,-3,-171.24536426676832,-18,6,0,4.473843777385054
974,567501,414050.0,3393655.0,15,260,3,3,2585.0,16.2,503,27,6,414350,3393710,500,0,10,-97.0,518,300.0,55.0,305.0,-3,-180.38885781546963,-18,6,0,3.377472729316326
975,567501,414050.0,3393655.0,15,260,3,3,2585.0,16.2,503,27,6,414340,3393720,500,0,10,-95.5,518,290.0,65.0,297.1952220342716,-3,-182.633361935275,-18,6,0,3.465956598956511
976,567501,414050.0,3393655.0,15,260,3,3,2585.0,16.2,503,27,6,414310,3393670,500,0,5,-90.56,518,260.0,15.0,260.43233286210835,-3,-173.30186567443502,-18,6,0,3.953758349889839
977,567501,414050.0,3393655.0,15,260,3,3,2585.0,16.2,503,27,6,414290,3393650,500,111,7,-94.0,518,240.0,-5.0,240.05207768315609,-3,-168.80651057601796,-18,6,0,4.288226297200223
978,567501,414050.0,3393655.0,15,260,3,3,2585.0,16.2,503,27,6,414300,3393680,500,0,5,-90.68,518,250.0,25.0,251.24689052802225,-3,-175.71059313749964,-18,6,0,4.097821708532467
979,567501,414050.0,3393655.0,15,260,3,3,2585.0,16.2,503,27,6,414355,3393705,500,0,5,-93.25,518,305.0,50.0,309.0711892105118,-3,-179.30994017498602,-18,6,0,3.333084498080527
980,567501,414050.0,3393655.0,15,260,3,3,2585.0,16.2,503,27,6,414260,3393640,499,0,5,-84.5,518,210.0,-15.0,210.535032714273,-4,-165.91438322002512,-19,6,0,5.156760727196646
981,567501,414050.0,3393655.0,15,260,3,3,2585.0,16.2,503,27,6,414305,3393675,500,0,5,-88.79,518,255.0,20.0,255.78311124857325,-3,-174.48460600954462,-18,6,0,4.025389377092129
982,567501,414050.0,3393655.0,15,260,3,3,2585.0,16.2,503,27,6,414335,3393685,500,0,5,-93.6,518,285.0,30.0,286.574597618142,-3,-176.00900595749454,-18,6,0,3.594076305003113
983,567501,414050.0,3393655.0,15,260,3,3,2585.0,16.2,503,27,6,414365,3393735,501,0,5,-88.0,518,315.0,80.0,325.0,-2,-184.2500326978036,-17,6,0,2.9942811160952982
984,567501,414050.0,3393655.0,15,260,3,3,2585.0,16.2,503,27,6,414375,3393725,501,0,10,-94.5,518,325.0,70.0,332.4530041975858,-2,-182.15494169722223,-17,6,0,2.9272727516493724
985,567501,414050.0,3393655.0,15,260,3,3,2585.0,16.2,503,27,6,414345,3393715,500,0,10,-93.33,518,295.0,60.0,301.0398644698074,-3,-181.4965630175858,-18,6,0,3.4217980035336772
986,567501,414050.0,3393655.0,15,260,3,3,2585.0,16.2,503,27,6,414330,3393690,500,0,5,-90.75,518,280.0,35.0,282.17902119044925,-3,-177.1250163489018,-18,6,0,3.6499119873285024
987,567501,414050.0,3393655.0,15,260,3,3,2585.0,16.2,503,27,6,414370,3393730,501,0,10,-100.33,518,320.0,75.0,328.6715685908959,-2,-183.19061071220688,-17,6,0,2.96089205229337
988,567501,414050.0,3393655.0,15,260,3,3,2585.0,16.2,503,27,6,414295,3393645,500,111,7,-90.8,518,245.0,-10.0,245.20399670478457,-3,-167.66269414087617,-18,6,0,4.198453075718601
989,567501,414050.0,3393655.0,15,260,3,3,2585.0,16.2,503,27,6,414155,3393690,500,18,6,-89.5,518,105.0,35.0,110.67971810589327,-3,-188.43494882292202,-18,6,0,9.237222324530089
990,567501,414050.0,3393655.0,15,260,3,3,2585.0,16.2,503,27,6,414215,3393630,499,0,6,-82.8,518,165.0,-25.0,166.88319268278636,-4,-161.38435181583588,-19,6,0,6.495275939749246
991,567501,414050.0,3393655.0,15,260,3,3,2585.0,16.2,503,27,6,414160,3393675,500,18,5,-86.38,518,110.0,20.0,111.80339887498948,-3,-180.30484646876602,-18,6,0,9.145960365565434
992,567501,414050.0,3393655.0,15,260,3,3,2585.0,16.2,503,27,6,414180,3393655,499,0,7,-84.7,518,130.0,0.0,130.0,-4,-170.0,-19,6,0,8.315125756791886
993,567501,414050.0,3393655.0,15,260,3,3,2585.0,16.2,503,27,6,414205,3393640,499,0,6,-82.71,518,155.0,-15.0,155.72411502397438,-4,-164.47245984834382,-19,6,0,6.956312481848435
994,567501,414050.0,3393655.0,15,260,3,3,2585.0,16.2,503,27,6,414195,3393650,499,0,7,-86.14,518,145.0,-5.0,145.08618128546908,-4,-168.02506598911805,-19,6,0,7.460806498770392
995,567501,414050.0,3393655.0,15,260,3,3,2585.0,16.2,503,27,6,414175,3393670,500,0,7,-83.88,518,125.0,15.0,125.89678312014172,-3,-176.84277341263095,-18,6,0,8.13667862419925
996,567501,414050.0,3393655.0,15,260,3,3,2585.0,16.2,503,27,6,414170,3393665,500,18,7,-79.63,518,120.0,10.0,120.41594578792295,-3,-174.76364169072616,-18,6,0,8.501729643938765
997,567501,414050.0,3393655.0,15,260,3,3,2585.0,16.2,503,27,6,414185,3393660,499,0,7,-81.95,518,135.0,5.0,135.09256086106296,-4,-172.12109639666147,-19,6,0,8.005813777548799
998,567501,414050.0,3393655.0,15,260,3,3,2585.0,16.2,503,27,6,414190,3393645,499,0,7,-82.58,518,140.0,-10.0,140.356688476182,-4,-165.91438322002512,-19,6,0,7.709232700266042
999,567501,414050.0,3393655.0,15,260,3,3,2585.0,16.2,503,27,6,414165,3393680,500,18,5,-93.5,518,115.0,25.0,117.6860229593982,-3,-182.26477372789242,-18,6,0,8.695960141279395
1000,567501,414050.0,3393655.0,15,260,3,3,2585.0,16.2,503,27,6,414200,3393635,499,0,7,-81.21,518,150.0,-20.0,151.32745950421557,-4,-162.40535663140855,-19,6,0,7.156354273032834
1001,567501,414050.0,3393655.0,15,260,3,3,2585.0,16.2,503,27,6,414150,3393685,500,18,6,-88.0,518,100.0,30.0,104.4030650891055,-3,-186.69924423399362,-18,6,0,9.782125386210328
1002,567501,414050.0,3393655.0,15,260,3,3,2585.0,16.2,503,27,6,414080,3393625,501,0,11,-88.0,518,30.0,-30.0,42.42640687119285,-2,-125.0,-17,6,0,21.83567219571615
1003,567501,414050.0,3393655.0,15,260,3,3,2585.0,16.2,503,27,6,414130,3393675,501,0,5,-86.2,518,80.0,20.0,82.46211251235322,-2,-184.03624346792645,-17,6,0,11.648634944412732
1004,567501,414050.0,3393655.0,15,260,3,3,2585.0,16.2,503,27,6,414200,3393745,500,0,2,-98.0,518,150.0,90.0,174.92855684535903,-3,-200.9637565320735,-18,6,0,5.875009967692122
1005,567501,414050.0,3393655.0,15,260,3,3,2585.0,16.2,503,27,6,414170,3393715,500,0,13,-88.67,518,120.0,60.0,134.16407864998737,-3,-196.56505117707798,-18,6,0,7.641405059952685
1006,567501,414050.0,3393655.0,15,260,3,3,2585.0,16.2,503,27,6,414090,3393635,501,0,11,-81.63,518,40.0,-20.0,44.721359549995796,-2,-143.43494882292202,-17,6,0,20.813377245065748
1007,567501,414050.0,3393655.0,15,260,3,3,2585.0,16.2,503,27,6,414115,3393620,500,0,5,-75.11,518,65.0,-35.0,73.824115301167,-3,-141.69924423399362,-18,6,0,13.702652316812177
1008,567501,414050.0,3393655.0,15,260,3,3,2585.0,16.2,503,27,6,414125,3393670,501,0,5,-82.54,518,75.0,15.0,76.48529270389177,-2,-181.30993247402023,-17,6,0,12.531140776012572
1009,567501,414050.0,3393655.0,15,260,3,3,2585.0,16.2,503,27,6,414145,3393650,500,0,6,-75.95,518,95.0,-5.0,95.13148795220224,-3,-166.98721249581666,-18,6,0,10.71437371265983
1010,567501,414050.0,3393655.0,15,260,3,3,2585.0,16.2,503,27,6,414140,3393645,500,0,5,-74.72,518,90.0,-10.0,90.55385138137417,-3,-163.65980825409008,-18,6,0,11.242525073210018
1011,567501,414050.0,3393655.0,15,260,3,3,2585.0,16.2,503,27,6,414110,3393615,500,0,5,-80.3,518,60.0,-40.0,72.11102550927978,-3,-136.30993247402023,-18,6,0,14.015485056263797
1012,567501,414050.0,3393655.0,15,260,3,3,2585.0,16.2,503,27,6,414120,3393665,501,0,5,-79.45,518,70.0,10.0,70.71067811865476,-2,-178.13010235415595,-17,6,0,13.518284623129587
1013,567501,414050.0,3393655.0,15,260,3,3,2585.0,16.2,503,27,6,414155,3393660,500,18,6,-77.47,518,105.0,5.0,105.11898020814318,-3,-172.72631099390628,-18,6,0,9.716778285337092
1014,567501,414050.0,3393655.0,15,260,3,3,2585.0,16.2,503,27,6,414105,3393610,500,0,5,-84.25,518,55.0,-45.0,71.06335201775947,-3,-130.71059313749964,-18,6,0,14.213795823180797
1015,567501,414050.0,3393655.0,15,260,3,3,2585.0,16.2,503,27,6,414150,3393655,500,0,6,-74.79,518,100.0,0.0,100.0,-3,-170.0,-18,6,0,10.203973721731684
1016,567501,414050.0,3393655.0,15,260,3,3,2585.0,16.2,503,27,6,414085,3393630,501,0,11,-80.3,518,35.0,-25.0,43.01162633521314,-2,-134.46232220802563,-17,6,0,21.56601171344901
1017,567501,414050.0,3393655.0,15,260,3,3,2585.0,16.2,503,27,6,414100,3393605,500,0,5,-90.67,518,50.0,-50.0,70.71067811865476,-3,-125.0,-18,6,0,14.28179453796326
1018,567501,414050.0,3393655.0,15,260,3,3,2585.0,16.2,503,27,6,414135,3393680,501,0,6,-84.8,518,85.0,25.0,88.60022573334675,-2,-186.3895403340348,-17,6,0,10.861512860966322
1019,567501,414050.0,3393655.0,15,260,3,3,2585.0,16.2,503,27,6,414095,3393640,501,27,11,-83.75,518,45.0,-15.0,47.43416490252569,-2,-151.56505117707798,-17,6,0,19.717246314379057
1020,567501,414050.0,3393655.0,15,260,3,3,2585.0,16.2,503,27,6,414165,3393710,500,0,5,-97.0,518,115.0,55.0,127.47548783981962,-3,-195.55996517182382,-18,6,0,8.037235702371657
1021,567501,414050.0,3393655.0,15,260,3,3,2585.0,16.2,503,27,6,414205,3393750,500,0,5,-95.0,518,155.0,95.0,181.79658962697843,-3,-201.50426671920417,-18,6,0,5.654526208099867
1022,567501,414050.0,3393655.0,15,260,3,3,2585.0,16.2,503,27,6,414365,3393635,500,0,10,-101.5,518,315.0,-20.0,315.6342820417326,-3,-166.3670492605118,-18,6,0,3.2639299463763263
1023,567501,414050.0,3393655.0,15,260,3,3,2585.0,16.2,503,27,6,414290,3393710,500,18,5,-93.33,518,240.0,55.0,246.22144504490262,-3,-182.90740867126584,-18,6,0,4.181165676587974
1024,567501,414050.0,3393655.0,15,260,3,3,2585.0,16.2,503,27,6,414300,3393700,500,0,10,-92.5,518,250.0,45.0,254.01771591761076,-3,-180.2039737217317,-18,6,0,4.053272467740213
1025,567501,414050.0,3393655.0,15,260,3,3,2585.0,16.2,503,27,6,414335,3393665,500,111,5,-90.75,518,285.0,10.0,285.17538463198395,-3,-172.00955381302117,-18,6,0,3.61166407753856
1026,567501,414050.0,3393655.0,15,260,3,3,2585.0,16.2,503,27,6,414330,3393670,500,0,5,-95.54,518,280.0,15.0,280.40149785619906,-3,-173.0664855011259,-18,6,0,3.6729863983898987
1027,567501,414050.0,3393655.0,15,260,3,3,2585.0,16.2,503,27,6,414325,3393675,500,0,5,-96.0,518,275.0,20.0,275.72631357924473,-3,-174.15964229371264,-18,6,0,3.735090311130812
1028,567501,414050.0,3393655.0,15,260,3,3,2585.0,16.2,503,27,6,414320,3393680,500,0,5,-92.07,518,270.0,25.0,271.15493725912495,-3,-175.29008120537128,-18,6,0,3.7978770913858626
1029,567501,414050.0,3393655.0,15,260,3,3,2585.0,16.2,503,27,6,414345,3393655,500,111,5,-99.5,518,295.0,0.0,295.0,-3,-170.0,-18,6,0,3.4916846990204715
1030,567501,414050.0,3393655.0,15,260,3,3,2585.0,16.2,503,27,6,414280,3393720,500,18,6,-98.33,518,230.0,65.0,239.0083680543424,-3,-185.78075330951538,-18,6,0,4.306881957521401
1031,567501,414050.0,3393655.0,15,260,3,3,2585.0,16.2,503,27,6,414295,3393705,500,0,10,-97.63,518,245.0,50.0,250.04999500099976,-3,-181.5346206536447,-18,6,0,4.117369145125787
1032,567501,414050.0,3393655.0,15,260,3,3,2585.0,16.2,503,27,6,414315,3393685,500,0,5,-90.4,518,265.0,30.0,266.6927070618917,-3,-176.45881637871867,-18,6,0,3.86123149544225
1033,567501,414050.0,3393655.0,15,260,3,3,2585.0,16.2,503,27,6,414310,3393690,500,0,10,-89.94,518,260.0,35.0,262.3451924468981,-3,-177.66680426181415,-18,6,0,3.9250204153351103
1034,567501,414050.0,3393655.0,15,260,3,3,2585.0,16.2,503,27,6,414305,3393695,500,0,10,-89.15,518,255.0,40.0,258.11818998280614,-3,-178.91492695714783,-18,6,0,3.9890915964206135
1035,567501,414050.0,3393655.0,15,260,3,3,2585.0,16.2,503,27,6,414575,3393720,499,0,5,-99.0,518,525.0,65.0,529.0085065478626,-4,-177.05784664988107,-19,6,0,2.0569651738251467
1036,567501,414050.0,3393655.0,15,260,3,3,2585.0,16.2,503,27,6,414515,3393780,498,0,6,-98.0,518,465.0,125.0,481.5080477001397,-5,-185.04639183219854,-20,6,0,2.378480024998369
1037,567501,414050.0,3393655.0,15,260,3,3,2585.0,16.2,503,27,6,414130,3393595,499,0,5,-78.75,518,80.0,-60.0,100.0,-4,-133.13010235415595,-19,6,0,10.757967088390004
1038,567501,414050.0,3393655.0,15,260,3,3,2585.0,16.2,503,27,6,414530,3393835,499,0,5,-104.5,518,480.0,180.0,512.6402247190518,-4,-190.55604521958344,-19,6,0,2.122583639065151
1039,567501,414050.0,3393655.0,15,260,3,3,2585.0,16.2,503,27,6,414520,3393825,499,0,6,-101.5,518,470.0,170.0,499.799959983992,-4,-189.88516511385546,-19,6,0,2.177062712243552
1040,567501,414050.0,3393655.0,15,260,3,3,2585.0,16.2,503,27,6,414510,3393775,498,0,6,-98.4,518,460.0,120.0,475.3945729601885,-5,-184.62087398863167,-20,6,0,2.409030973501944
1041,567501,414050.0,3393655.0,15,260,3,3,2585.0,16.2,503,27,6,414500,3393765,497,0,5,-97.25,518,450.0,110.0,463.24939287601876,-6,-183.73626830562256,-21,6,0,2.5955526522410937
1042,567501,414050.0,3393655.0,15,260,3,3,2585.0,16.2,503,27,6,414135,3393600,499,0,5,-80.4,518,85.0,-55.0,101.24228365658294,-4,-137.0947570770121,-19,6,0,10.628988274806911
1043,567501,414050.0,3393655.0,15,260,3,3,2585.0,16.2,503,27,6,414155,3393580,499,0,10,-74.75,518,105.0,-75.0,129.0348790056394,-4,-134.46232220802563,-19,6,0,8.376439831775965
1044,567501,414050.0,3393655.0,15,260,3,3,2585.0,16.2,503,27,6,414715,3392910,501,0,5,-98.5,518,665.0,-745.0,998.6240533854569,-2,-121.75265720967707,-17,6,0,0.9752761057991294
1045,567501,414050.0,3393655.0,15,260,3,3,2585.0,16.2,503,27,6,413995,3393590,502,0,5,-104.0,518,-55.0,-65.0,85.14693182963201,-1,-39.76364169072619,-16,6,0,10.642373066799445
1046,567501,414050.0,3393655.0,15,260,3,3,2585.0,16.2,503,27,6,413980,3393595,502,0,12,-96.5,518,-70.0,-60.0,92.19544457292888,-1,-30.601294645004486,-16,6,0,9.845302162757218
1047,567501,414050.0,3393655.0,15,260,3,3,2585.0,16.2,503,27,6,413990,3393585,502,0,12,-99.0,518,-60.0,-70.0,92.19544457292888,-1,-39.39870535499554,-16,6,0,9.845302162757218
1048,567501,414050.0,3393655.0,15,260,3,3,2585.0,16.2,503,27,6,414210,3393570,500,0,12,-91.33,518,160.0,-85.0,181.1767093199344,-3,-142.02052561151987,-18,6,0,5.673746661955176
1049,567501,414050.0,3393655.0,15,260,3,3,2585.0,16.2,503,27,6,414250,3393290,500,0,5,-100.0,518,200.0,-365.0,416.20307543313515,-3,-108.72032679786946,-18,6,0,2.476391494030698
1050,567501,414050.0,3393655.0,15,260,3,3,2585.0,16.2,503,27,6,414490,3393850,499,0,6,-103.0,518,440.0,195.0,481.27435003332556,-4,-193.90205041101086,-19,6,0,2.260778662896541
1051,567501,414050.0,3393655.0,15,260,3,3,2585.0,16.2,503,27,6,414120,3393580,500,0,5,-77.0,518,70.0,-75.0,102.59142264341595,-3,-123.02506598911805,-18,6,0,9.951441999641593
1052,567501,414050.0,3393655.0,15,260,3,3,2585.0,16.2,503,27,6,414555,3393825,500,9,5,-102.0,518,505.0,170.0,532.8461316365166,-3,-188.60496547380228,-18,6,0,1.934764918357046
1053,567501,414050.0,3393655.0,15,260,3,3,2585.0,16.2,503,27,6,414145,3393595,499,0,10,-76.75,518,95.0,-60.0,112.36102527122117,-4,-137.72435568542238,-19,6,0,9.597796451056055
1054,567501,414050.0,3393655.0,15,260,3,3,2585.0,16.2,503,27,6,414150,3393590,499,0,10,-76.79,518,100.0,-65.0,119.26860441876563,-4,-136.97613244420336,-19,6,0,9.051406275520247
1055,567501,414050.0,3393655.0,15,260,3,3,2585.0,16.2,503,27,6,414550,3393830,500,9,5,-104.5,518,500.0,175.0,529.7405025104273,-3,-189.29004621918875,-18,6,0,1.946098874123631
1056,567501,414050.0,3393655.0,15,260,3,3,2585.0,16.2,503,27,6,414505,3393795,498,0,6,-100.0,518,455.0,140.0,476.0514678057405,-5,-187.10272896905235,-20,6,0,2.4057107032909752
1057,567501,414050.0,3393655.0,15,260,3,3,2585.0,16.2,503,27,6,414485,3393775,498,0,5,-94.0,518,435.0,120.0,451.2482686947397,-5,-185.4221613187387,-20,6,0,2.5377740128991477
1058,567501,414050.0,3393655.0,15,260,3,3,2585.0,16.2,503,27,6,414525,3393815,499,0,6,-105.67,518,475.0,160.0,501.22350304031033,-4,-188.61569200733106,-19,6,0,2.170885481784542
1059,567501,414050.0,3393655.0,15,260,3,3,2585.0,16.2,503,27,6,414500,3393800,498,0,6,-96.25,518,450.0,145.0,472.78430600010404,-5,-187.86009407067905,-20,6,0,2.4223155604466147
1060,567501,414050.0,3393655.0,15,260,3,3,2585.0,16.2,503,27,6,414495,3393765,497,0,5,-97.17,518,445.0,110.0,458.3939353874569,-6,-183.8846676852582,-21,6,0,2.623007392589477
1061,567501,414050.0,3393655.0,15,260,3,3,2585.0,16.2,503,27,6,414535,3393805,499,0,6,-94.5,518,485.0,150.0,507.66622893393253,-4,-187.18570614422475,-19,6,0,2.1433609179154294
1062,567501,414050.0,3393655.0,15,260,3,3,2585.0,16.2,503,27,6,414155,3393585,499,0,10,-77.13,518,105.0,-70.0,126.19429464123962,-4,-136.30993247402023,-19,6,0,8.562225645557213
1063,567501,414050.0,3393655.0,15,260,3,3,2585.0,16.2,503,27,6,414560,3393700,499,0,6,-99.5,518,510.0,45.0,511.9814449762804,-4,-175.0424510691709,-19,6,0,2.125312319226817
1064,567501,414050.0,3393655.0,15,260,3,3,2585.0,16.2,503,27,6,414515,3393785,498,0,6,-99.63,518,465.0,130.0,482.83019789569914,-5,-185.6193921387108,-20,6,0,2.3719744023203537
1065,567501,414050.0,3393655.0,15,260,3,3,2585.0,16.2,503,27,6,414330,3393290,500,24,12,-103.33,518,280.0,-365.0,460.02717311045876,-3,-117.49265333305033,-18,6,0,2.240733269598209
1066,567501,414050.0,3393655.0,15,260,3,3,2585.0,16.2,503,27,6,414510,3393790,498,0,6,-99.17,518,460.0,135.0,479.40066750057827,-5,-186.35581710101724,-20,6,0,2.388923413239266
1067,567501,414050.0,3393655.0,15,260,3,3,2585.0,16.2,503,27,6,414140,3393600,499,0,5,-78.0,518,90.0,-55.0,105.47511554864494,-4,-138.5704343851615,-19,6,0,10.211592035123685
1068,567501,414050.0,3393655.0,15,260,3,3,2585.0,16.2,503,27,6,414125,3393575,500,0,5,-77.0,518,75.0,-80.0,109.65856099730654,-3,-123.1523897340054,-18,6,0,9.321737604920564
1069,567501,414050.0,3393655.0,15,260,3,3,2585.0,16.2,503,27,6,414580,3393730,500,102,5,-94.5,518,530.0,75.0,535.2803004034429,-3,-178.05441444638177,-18,6,0,1.9259732826948202
1070,567501,414050.0,3393655.0,15,260,3,3,2585.0,16.2,503,27,6,414570,3393760,500,102,5,-98.5,518,520.0,105.0,530.495051814812,-3,-181.41583952440703,-18,6,0,1.943332965529191
1071,567501,414050.0,3393655.0,15,260,3,3,2585.0,16.2,503,27,6,414490,3393840,499,0,6,-102.67,518,440.0,185.0,477.31017169132275,-4,-192.80454047132105,-19,6,0,2.279535259558323
1072,567501,414050.0,3393655.0,15,260,3,3,2585.0,16.2,503,27,6,414525,3393785,498,0,6,-100.5,518,475.0,130.0,492.4682730897494,-5,-185.3061389740899,-20,6,0,2.3256040719962976
1073,567501,414050.0,3393655.0,15,260,3,3,2585.0,16.2,503,27,6,414530,3393800,499,0,6,-101.5,518,480.0,145.0,501.42297514174595,-4,-186.80869162620684,-19,6,0,2.1700227031696704
1074,567501,414050.0,3393655.0,15,260,3,3,2585.0,16.2,503,27,6,414510,3393820,499,0,6,-98.5,518,460.0,165.0,488.6972477925367,-4,-189.73268949966098,-19,6,0,2.2264741725326203
1075,567501,414050.0,3393655.0,15,260,3,3,2585.0,16.2,503,27,6,414515,3393815,499,0,6,-105.5,518,465.0,160.0,491.7570538385799,-4,-188.98762408787013,-19,6,0,2.212634438602766
1076,567501,414050.0,3393655.0,15,260,3,3,2585.0,16.2,503,27,6,414520,3393790,498,0,6,-96.4,518,470.0,135.0,489.004089962446,-5,-186.02586744844973,-20,6,0,2.3420607414484693
1077,567501,414050.0,3393655.0,15,260,3,3,2585.0,16.2,503,27,6,414500,3393810,498,0,6,-99.0,518,450.0,155.0,475.94642555649057,-5,-189.00598419603676,-20,6,0,2.4062410240486534
1078,567501,414050.0,3393655.0,15,260,3,3,2585.0,16.2,503,27,6,414550,3393780,499,9,5,-98.25,518,500.0,125.0,515.3882032022076,-4,-184.03624346792645,-19,6,0,2.1112765865092564
1079,567501,414050.0,3393655.0,15,260,3,3,2585.0,16.2,503,27,6,414545,3393765,499,0,6,-94.75,518,495.0,110.0,507.0749451511088,-4,-182.52880770915152,-19,6,0,2.1458578870132063
1080,567501,414050.0,3393655.0,15,260,3,3,2585.0,16.2,503,27,6,414540,3393770,499,0,6,-98.0,518,490.0,115.0,503.3140172894055,-4,-183.20792846277914,-19,6,0,2.1618772846491323
1081,567501,414050.0,3393655.0,15,260,3,3,2585.0,16.2,503,27,6,414085,3393585,500,0,5,-87.25,518,35.0,-70.0,78.26237921249263,-3,-106.56505117707798,-18,6,0,12.952523086171624
1082,567501,414050.0,3393655.0,15,260,3,3,2585.0,16.2,503,27,6,414505,3393805,498,0,6,-100.75,518,455.0,150.0,479.0876746483883,-5,-188.24585452757822,-20,6,0,2.3904823112735367
1083,567501,414050.0,3393655.0,15,260,3,3,2585.0,16.2,503,27,6,414560,3393750,499,102,5,-92.0,518,510.0,95.0,518.7725898695883,-4,-180.55180950619228,-19,6,0,2.097515310050982
1084,567501,414050.0,3393655.0,15,260,3,3,2585.0,16.2,503,27,6,414565,3393745,499,102,5,-100.14,518,515.0,90.0,522.8049349422785,-4,-179.91275144672386,-19,6,0,2.0813516564664996
1085,567501,414050.0,3393655.0,15,260,3,3,2585.0,16.2,503,27,6,414595,3393735,500,102,5,-99.67,518,545.0,80.0,550.8402672281684,-3,-178.3507525323314,-18,6,0,1.8716082353147847
1086,567501,414050.0,3393655.0,15,260,3,3,2585.0,16.2,503,27,6,414095,3393595,500,0,5,-86.67,518,45.0,-60.0,75.0,-3,-116.86989764584405,-18,6,0,13.495733280795811
1087,567501,414050.0,3393655.0,15,260,3,3,2585.0,16.2,503,27,6,414575,3393755,500,102,13,-91.0,518,525.0,100.0,534.4389581607987,-3,-180.7842978675626,-18,6,0,1.9290029634716868
1088,567501,414050.0,3393655.0,15,260,3,3,2585.0,16.2,503,27,6,414370,3393650,500,0,10,-92.0,518,320.0,-5.0,320.0390601161052,-3,-169.10482628978895,-18,6,0,3.2191027904768035
1089,567501,414050.0,3393655.0,15,260,3,3,2585.0,16.2,503,27,6,414315,3393745,500,0,6,-97.0,518,265.0,90.0,279.8660393831306,-3,-188.75865034784226,-18,6,0,3.6799945100780964
1090,567501,414050.0,3393655.0,15,260,3,3,2585.0,16.2,503,27,6,414265,3393715,500,18,6,-99.0,518,215.0,60.0,223.21514285549716,-3,-185.59281093926631,-18,6,0,4.610337881872884
1091,567501,414050.0,3393655.0,15,260,3,3,2585.0,16.2,503,27,6,414380,3393680,500,111,7,-96.0,518,330.0,25.0,330.94561486745823,-3,-174.3323139831885,-18,6,0,3.1132271348241156
1092,567501,414050.0,3393655.0,15,260,3,3,2585.0,16.2,503,27,6,414255,3393685,499,0,5,-88.58,518,205.0,30.0,207.18349355100662,-4,-178.3256503304268,-19,6,0,5.239719289218321
1093,567501,414050.0,3393655.0,15,260,3,3,2585.0,16.2,503,27,6,414250,3393690,499,0,6,-90.33,518,200.0,35.0,203.03940504246953,-4,-179.9262455066517,-19,6,0,5.346049874129945
1094,567501,414050.0,3393655.0,15,260,3,3,2585.0,16.2,503,27,6,414355,3393625,500,0,10,-100.0,518,305.0,-30.0,306.4718584144391,-3,-164.38241940987314,-18,6,0,3.361289396417888
1095,567501,414050.0,3393655.0,15,260,3,3,2585.0,16.2,503,27,6,414245,3393695,499,18,6,-91.2,518,195.0,40.0,199.06029237394384,-4,-181.59217541029108,-19,6,0,5.452276934429082
1096,567501,414050.0,3393655.0,15,260,3,3,2585.0,16.2,503,27,6,414355,3393540,499,0,5,-93.33,518,305.0,-115.0,325.96012026013244,-4,-149.34108993669253,-19,6,0,3.3359584046794435
1097,567501,414050.0,3393655.0,15,260,3,3,2585.0,16.2,503,27,6,414505,3393690,500,0,10,-105.4,518,455.0,35.0,456.3441683641854,-3,-174.3987053549955,-18,6,0,2.258798838908503
1098,567501,414050.0,3393655.0,15,260,3,3,2585.0,16.2,503,27,6,414220,3393405,502,0,12,-94.33,518,170.0,-250.0,302.32432915661946,-1,-114.2157021324374,-16,6,0,3.0294552403055746
1099,567501,414050.0,3393655.0,15,260,3,3,2585.0,16.2,503,27,6,414540,3393725,499,0,6,-93.2,518,490.0,70.0,494.9747468305833,-4,-178.13010235415595,-19,6,0,2.1982648756661
1100,567501,414050.0,3393655.0,15,260,3,3,2585.0,16.2,503,27,6,414535,3393760,499,0,6,-98.0,518,485.0,105.0,496.2358310319802,-4,-182.21571913413084,-19,6,0,2.19268388456035
1101,567501,414050.0,3393655.0,15,260,3,3,2585.0,16.2,503,27,6,414580,3393765,500,0,13,-99.0,518,530.0,110.0,541.2947441089743,-3,-181.72511201516505,-18,6,0,1.9045892237727362
1102,567501,414050.0,3393655.0,15,260,3,3,2585.0,16.2,503,27,6,414550,3393735,499,0,6,-97.63,518,500.0,80.0,506.3595560468865,-4,-179.0902769208223,-19,6,0,2.1488867331730415
1103,567501,414050.0,3393655.0,15,260,3,3,2585.0,16.2,503,27,6,414530,3393755,498,0,6,-97.0,518,480.0,100.0,490.3060268852505,-5,-181.76828893202065,-20,6,0,2.33584863474398
1104,567501,414050.0,3393655.0,15,260,3,3,2585.0,16.2,503,27,6,414495,3393720,499,0,10,-100.4,518,445.0,65.0,449.7221364353772,-4,-178.3102771675242,-19,6,0,2.419211143378744
1105,567501,414050.0,3393655.0,15,260,3,3,2585.0,16.2,503,27,6,414515,3393700,499,0,5,-103.5,518,465.0,45.0,467.17234507192313,-4,-175.52754015165618,-19,6,0,2.3289481937539547
1106,567501,414050.0,3393655.0,15,260,3,3,2585.0,16.2,503,27,6,414555,3393740,499,0,6,-97.83,518,505.0,85.0,512.1035051627747,-4,-179.55428967240175,-19,6,0,2.124806214103809
1107,567501,414050.0,3393655.0,15,260,3,3,2585.0,16.2,503,27,6,414545,3393730,499,0,6,-101.0,518,495.0,75.0,500.6495780483591,-4,-178.61564818416412,-19,6,0,2.173371714393172
1108,567501,414050.0,3393655.0,15,260,3,3,2585.0,16.2,503,27,6,414520,3393745,498,0,6,-94.0,518,470.0,90.0,478.53944456021594,-5,-180.84030545433058,-20,6,0,2.393217741810456
1109,567501,414050.0,3393655.0,15,260,3,3,2585.0,16.2,503,27,6,414525,3393750,498,0,6,-95.89,518,475.0,95.0,484.4068537913146,-5,-181.30993247402023,-20,6,0,2.364262833648394
1110,567501,414050.0,3393655.0,15,260,3,3,2585.0,16.2,503,27,6,414510,3393695,499,0,5,-96.0,518,460.0,40.0,461.7358552246078,-4,-174.9697407281103,-19,6,0,2.35633856085227
1111,567501,414050.0,3393655.0,15,260,3,3,2585.0,16.2,503,27,6,414485,3393710,499,111,10,-102.67,518,435.0,55.0,438.46322536787505,-4,-177.20605700138327,-19,6,0,2.481255266918399
1112,567501,414050.0,3393655.0,15,260,3,3,2585.0,16.2,503,27,6,414585,3393770,500,0,5,-95.0,518,535.0,115.0,547.2202481633881,-3,-182.1313210666325,-18,6,0,1.883980567981019
1113,567501,414050.0,3393655.0,15,260,3,3,2585.0,16.2,503,27,6,414245,3393560,500,0,12,-84.5,518,195.0,-95.0,216.91011963483862,-3,-144.02560603756865,-18,6,0,4.743745630079875
1114,567501,414050.0,3393655.0,15,260,3,3,2585.0,16.2,503,27,6,414280,3393595,500,0,2,-87.0,518,230.0,-60.0,237.69728648009425,-3,-155.37912601136833,-18,6,0,4.33054756877446
1115,567501,414050.0,3393655.0,15,260,3,3,2585.0,16.2,503,27,6,414250,3393545,500,0,12,-88.0,518,200.0,-110.0,228.25424421026653,-3,-141.18920625702697,-18,6,0,4.508981233370459
1116,567501,414050.0,3393655.0,15,260,3,3,2585.0,16.2,503,27,6,414425,3393700,500,0,5,-99.67,518,375.0,45.0,377.69034936042516,-3,-176.84277341263095,-18,6,0,2.7285427922214343
1117,567501,414050.0,3393655.0,15,260,3,3,2585.0,16.2,503,27,6,414415,3393710,501,0,5,-99.5,518,365.0,55.0,369.120576505835,-2,-178.56914187983762,-17,6,0,2.6369173599455578
1118,567501,414050.0,3393655.0,15,260,3,3,2585.0,16.2,503,27,6,414435,3393690,500,111,7,-93.0,518,385.0,35.0,386.58763560155415,-3,-175.1944289077348,-18,6,0,2.6658372339316196
1119,567501,414050.0,3393655.0,15,260,3,3,2585.0,16.2,503,27,6,414410,3393705,500,0,5,-92.2,518,360.0,50.0,363.45563690772497,-3,-177.90716270295843,-18,6,0,2.835234877221135
1120,567501,414050.0,3393655.0,15,260,3,3,2585.0,16.2,503,27,6,414450,3393745,500,0,10,-101.0,518,400.0,90.0,410.0,-3,-182.68038349181984,-18,6,0,2.5138102361777377
1121,567501,414050.0,3393655.0,15,260,3,3,2585.0,16.2,503,27,6,414540,3393655,499,0,5,-107.0,518,490.0,0.0,490.0,-4,-170.0,-19,6,0,2.220560628302675
1122,567501,414050.0,3393655.0,15,260,3,3,2585.0,16.2,503,27,6,414530,3393665,500,0,5,-113.0,518,480.0,10.0,480.10415536631217,-3,-171.19348942398204,-18,6,0,2.1471199602007878
1123,567501,414050.0,3393655.0,15,260,3,3,2585.0,16.2,503,27,6,414525,3393680,500,0,5,-104.75,518,475.0,25.0,475.6574397610112,-3,-173.01278750418334,-18,6,0,2.1671734048496103
1124,567501,414050.0,3393655.0,15,260,3,3,2585.0,16.2,503,27,6,414465,3393740,499,0,5,-106.0,518,415.0,85.0,423.6153915995027,-4,-181.57518881739622,-19,6,0,2.56810946707249
1125,567501,414050.0,3393655.0,15,260,3,3,2585.0,16.2,503,27,6,414460,3393735,499,0,10,-98.5,518,410.0,80.0,417.73197148410844,-4,-181.04094018032373,-19,6,0,2.6042297809951256
1126,567501,414050.0,3393655.0,15,260,3,3,2585.0,16.2,503,27,6,414405,3393720,501,0,5,-97.57,518,355.0,65.0,360.90164865237176,-2,-180.37584492005107,-17,6,0,2.6968810432290717
1127,567501,414050.0,3393655.0,15,260,3,3,2585.0,16.2,503,27,6,414420,3393695,500,0,7,-93.0,518,370.0,40.0,372.1558813185679,-3,-176.1701750950296,-18,6,0,2.769057270155287
1128,567501,414050.0,3393655.0,15,260,3,3,2585.0,16.2,503,27,6,414470,3393725,499,0,5,-95.0,518,420.0,70.0,425.7933771208754,-4,-179.46232220802563,-19,6,0,2.554990723380972
1129,567501,414050.0,3393655.0,15,260,3,3,2585.0,16.2,503,27,6,414455,3393750,499,0,10,-96.0,518,405.0,95.0,415.99278839902985,-4,-183.2010871757056,-19,6,0,2.615102464310614
1130,567501,414050.0,3393655.0,15,260,3,3,2585.0,16.2,503,27,6,414475,3393730,499,0,5,-100.08,518,425.0,75.0,431.5669125408017,-4,-180.00797980144137,-19,6,0,2.5208542522936197
1131,567501,414050.0,3393655.0,15,260,3,3,2585.0,16.2,503,27,6,414240,3393555,500,0,5,-86.67,518,190.0,-100.0,214.7091055358389,-3,-142.24145939893998,-18,6,0,4.792149123498514
1132,567501,414050.0,3393655.0,15,260,3,3,2585.0,16.2,503,27,6,414400,3393715,501,0,5,-97.83,518,350.0,60.0,355.10561809129405,-2,-179.72757855140162,-17,6,0,2.7408329259829367
1133,567501,414050.0,3393655.0,15,260,3,3,2585.0,16.2,503,27,6,414535,3393775,499,0,6,-98.75,518,485.0,120.0,499.62485926943225,-4,-183.89717631501537,-19,6,0,2.177824960616211
1134,567501,414050.0,3393655.0,15,260,3,3,2585.0,16.2,503,27,6,414575,3393735,500,102,5,-98.75,518,525.0,80.0,531.0602602341847,-3,-178.66413543310807,-18,6,0,1.9412662560020553
1135,567501,414050.0,3393655.0,15,260,3,3,2585.0,16.2,503,27,6,414505,3393825,499,0,6,-100.6,518,455.0,170.0,485.7211133973898,-4,-190.4870141933307,-19,6,0,2.240102479378975
1136,567501,414050.0,3393655.0,15,260,3,3,2585.0,16.2,503,27,6,414530,3393780,498,0,6,-98.0,518,480.0,125.0,496.0090724976711,-5,-184.5965755254942,-20,6,0,2.3090205996927105
1137,567501,414050.0,3393655.0,15,260,3,3,2585.0,16.2,503,27,6,414580,3393750,500,102,13,-94.5,518,530.0,95.0,538.4468404587402,-3,-180.16208319400073,-18,6,0,1.9146553243762363
1138,567501,414050.0,3393655.0,15,260,3,3,2585.0,16.2,503,27,6,414565,3393725,499,0,6,-97.0,518,515.0,70.0,519.7355096585185,-4,-177.7403411588379,-19,6,0,2.0936326814820876
1139,567501,414050.0,3393655.0,15,260,3,3,2585.0,16.2,503,27,6,414520,3393770,498,0,6,-96.75,518,470.0,115.0,483.86465049639656,-5,-183.7490489834193,-20,6,0,2.366909139764701
1140,567501,414050.0,3393655.0,15,260,3,3,2585.0,16.2,503,27,6,414525,3393765,498,0,6,-96.3,518,475.0,110.0,487.5705077217038,-5,-183.038656583023,-20,6,0,2.3489392981320534
1141,567501,414050.0,3393655.0,15,260,3,3,2585.0,16.2,503,27,6,414560,3393730,499,0,6,-99.67,518,510.0,75.0,515.4852083231875,-4,-178.3658861240326,-19,6,0,2.110879641365333
1142,567501,414050.0,3393655.0,15,260,3,3,2585.0,16.2,503,27,6,414555,3393795,499,9,5,-96.5,518,505.0,140.0,524.0467536394058,-4,-185.49484859913866,-19,6,0,2.076423859052637
1143,567501,414050.0,3393655.0,15,260,3,3,2585.0,16.2,503,27,6,414540,3393790,499,0,6,-98.2,518,490.0,135.0,508.2568248435037,-4,-185.40342496246961,-19,6,0,2.1408726451728612
1144,567501,414050.0,3393655.0,15,260,3,3,2585.0,16.2,503,27,6,414500,3393830,499,0,6,-103.2,518,450.0,175.0,482.83019789569914,-4,-191.25050550713325,-19,6,0,2.253501165626824
1145,567501,414050.0,3393655.0,15,260,3,3,2585.0,16.2,503,27,6,414570,3393740,499,102,5,-99.0,518,520.0,85.0,526.9013190342191,-4,-179.28355280526137,-19,6,0,2.0651842946875334
1146,567501,414050.0,3393655.0,15,260,3,3,2585.0,16.2,503,27,6,413935,3393585,501,0,10,-94.5,518,-115.0,-70.0,134.6291201783626,-2,-21.328692867804165,-17,6,0,7.196810883124875
1147,567501,414050.0,3393655.0,15,260,3,3,2585.0,16.2,503,27,6,414670,3393020,499,0,5,-99.6,518,620.0,-635.0,887.4823941915693,-4,-124.31522249299087,-19,6,0,1.2264508504965463
1148,567501,414050.0,3393655.0,15,260,3,3,2585.0,16.2,503,27,6,413980,3393605,502,27,5,-93.0,518,-70.0,-50.0,86.02325267042627,-1,-25.537677791974374,-16,6,0,10.536398717028874
1149,567501,414050.0,3393655.0,15,260,3,3,2585.0,16.2,503,27,6,414030,3393735,502,12,5,-104.67,518,-20.0,80.0,82.46211251235322,-1,85.96375653207355,-16,6,0,10.980575427612159
1150,567501,414050.0,3393655.0,15,260,3,3,2585.0,16.2,503,27,6,414690,3392935,501,0,5,-105.5,518,640.0,-720.0,963.3275663033836,-2,-121.63353933657021,-17,6,0,1.0110031034809404
1151,567501,414050.0,3393655.0,15,260,3,3,2585.0,16.2,503,27,6,414330,3393545,499,0,2,-90.33,518,280.0,-110.0,300.83217912982644,-4,-148.55226367289464,-19,6,0,3.6138945806430125
1152,567501,414050.0,3393655.0,15,260,3,3,2585.0,16.2,503,27,6,414345,3393540,499,0,5,-96.25,518,295.0,-115.0,316.62280397975127,-4,-148.70264595096626,-19,6,0,3.4341048950528577
1153,567501,414050.0,3393655.0,15,260,3,3,2585.0,16.2,503,27,6,414355,3393530,499,0,5,-93.33,518,305.0,-125.0,329.6209944769902,-4,-147.71441235316723,-19,6,0,3.29899049448408
1154,567501,414050.0,3393655.0,15,260,3,3,2585.0,16.2,503,27,6,414550,3393725,499,0,6,-97.83,518,500.0,70.0,504.8762224545735,-4,-177.96961039432136,-19,6,0,2.155194248346853
1155,567501,414050.0,3393655.0,15,260,3,3,2585.0,16.2,503,27,6,414485,3393720,499,0,10,-96.0,518,435.0,65.0,439.82951242498496,-4,-178.49855887949366,-19,6,0,2.473557080304558
1156,567501,414050.0,3393655.0,15,260,3,3,2585.0,16.2,503,27,6,414520,3393755,498,0,6,-95.56,518,470.0,100.0,480.52055106935853,-5,-182.0114783863654,-20,6,0,2.3833623037699367
1157,567501,414050.0,3393655.0,15,260,3,3,2585.0,16.2,503,27,6,414535,3393750,499,0,6,-94.33,518,485.0,95.0,494.2165517260627,-4,-181.08256946302964,-19,6,0,2.201633995446937
1158,567501,414050.0,3393655.0,15,260,3,3,2585.0,16.2,503,27,6,414555,3393730,499,0,6,-101.0,518,505.0,75.0,510.5389309347525,-4,-178.44752724790845,-19,6,0,2.131311801933129
1159,567501,414050.0,3393655.0,15,260,3,3,2585.0,16.2,503,27,6,414560,3393795,500,9,5,-99.0,518,510.0,140.0,528.8667128870941,-3,-185.35013649242444,-18,6,0,1.949311725588363
1160,567501,414050.0,3393655.0,15,260,3,3,2585.0,16.2,503,27,6,414545,3393740,499,0,6,-94.57,518,495.0,85.0,502.24496015390736,-4,-179.74364128703718,-19,6,0,2.1664745838672426
1161,567501,414050.0,3393655.0,15,260,3,3,2585.0,16.2,503,27,6,414505,3393700,499,0,13,-95.67,518,455.0,45.0,457.21985958617324,-4,-175.64824737373527,-19,6,0,2.3795856746130672
1162,567501,414050.0,3393655.0,15,260,3,3,2585.0,16.2,503,27,6,414500,3393695,500,0,13,-102.0,518,450.0,40.0,451.7742799230607,-3,-175.07960786001456,-18,6,0,2.2816235201613964
1163,567501,414050.0,3393655.0,15,260,3,3,2585.0,16.2,503,27,6,414530,3393745,499,0,6,-92.67,518,480.0,90.0,488.3646178829912,-4,-180.61965527615513,-19,6,0,2.2279891181045124
1164,567501,414050.0,3393655.0,15,260,3,3,2585.0,16.2,503,27,6,414525,3393760,498,0,6,-96.11,518,475.0,105.0,486.46685395821163,-5,-182.46493284206497,-20,6,0,2.354262378227139
1165,567501,414050.0,3393655.0,15,260,3,3,2585.0,16.2,503,27,6,414540,3393735,499,0,6,-99.29,518,490.0,80.0,496.4876634922564,-4,-179.2726017772003,-19,6,0,2.1915727785991415
1166,567501,414050.0,3393655.0,15,260,3,3,2585.0,16.2,503,27,6,414565,3393800,500,9,10,-106.5,518,515.0,145.0,535.0233639758175,-3,-185.72474572274746,-18,6,0,1.9268975035328184
1167,567501,414050.0,3393655.0,15,260,3,3,2585.0,16.2,503,27,6,414515,3393690,500,0,5,-99.5,518,465.0,35.0,466.31534394656154,-3,-174.30446896050796,-18,6,0,2.2105476017008656
1168,567501,414050.0,3393655.0,15,260,3,3,2585.0,16.2,503,27,6,414480,3393715,499,111,10,-94.6,518,430.0,60.0,434.1658669218482,-4,-177.94347181059038,-19,6,0,2.505783493039176
1169,567501,414050.0,3393655.0,15,260,3,3,2585.0,16.2,503,27,6,414590,3393765,500,102,5,-102.5,518,540.0,110.0,551.0898293381941,-3,-181.513831184487,-18,6,0,1.8707612762438437
1170,567501,414050.0,3393655.0,15,260,3,3,2585.0,16.2,503,27,6,414495,3393710,499,0,10,-100.8,518,445.0,55.0,448.3859944289072,-4,-177.0457691248675,-19,6,0,2.426411528891885
1171,567501,414050.0,3393655.0,15,260,3,3,2585.0,16.2,503,27,6,414580,3393775,500,0,5,-100.0,518,530.0,120.0,543.415126767741,-3,-182.75753216087668,-18,6,0,1.8971630392087253
1172,567501,414050.0,3393655.0,15,260,3,3,2585.0,16.2,503,27,6,414575,3393790,500,0,10,-102.0,518,525.0,135.0,542.0793299877796,-3,-184.42077312751098,-18,6,0,1.90183461654483
1173,567501,414050.0,3393655.0,15,260,3,3,2585.0,16.2,503,27,6,414070,3393630,502,27,11,-91.25,518,20.0,-25.0,32.01562118716424,-1,-118.65980825409008,-16,6,0,26.553867693508632
1174,567501,414050.0,3393655.0,15,260,3,3,2585.0,16.2,503,27,6,414055,3393605,501,0,11,-93.33,518,5.0,-50.0,50.24937810560445,-2,-85.7105931374997,-17,6,0,18.69132830334244
1175,567501,414050.0,3393655.0,15,260,3,3,2585.0,16.2,503,27,6,414075,3393625,502,0,11,-92.0,518,25.0,-30.0,39.05124837953327,-1,-119.80557109226515,-16,6,0,22.27979635056861
1176,567501,414050.0,3393655.0,15,260,3,3,2585.0,16.2,503,27,6,414365,3393660,500,111,5,-103.5,518,315.0,5.0,315.03968004046726,-3,-170.90938044919915,-18,6,0,3.2700768910113185
1177,567501,414050.0,3393655.0,15,260,3,3,2585.0,16.2,503,27,6,414345,3393640,500,111,10,-103.0,518,295.0,-15.0,295.3811097548386,-3,-167.08916217383228,-18,6,0,3.4871907448319583
1178,567501,414050.0,3393655.0,15,260,3,3,2585.0,16.2,503,27,6,414240,3393695,499,18,5,-87.5,518,190.0,40.0,194.164878389476,-4,-181.888658039628,-19,6,0,5.5888836314758255
1179,567501,414050.0,3393655.0,15,260,3,3,2585.0,16.2,503,27,6,414255,3393690,499,0,7,-88.36,518,205.0,35.0,207.9663434308542,-4,-179.6887865603668,-19,6,0,5.220104530015074
1180,567501,414050.0,3393655.0,15,260,3,3,2585.0,16.2,503,27,6,414385,3393680,500,0,7,-92.5,518,335.0,25.0,335.9315406448165,-3,-174.26789330029078,-18,6,0,3.067109225956255
1181,567501,414050.0,3393655.0,15,260,3,3,2585.0,16.2,503,27,6,414335,3393610,500,0,7,-102.67,518,285.0,-45.0,288.5307609250702,-3,-161.0273733851036,-18,6,0,3.569772628929599
1182,567501,414050.0,3393655.0,15,260,3,3,2585.0,16.2,503,27,6,414250,3393685,499,0,6,-87.75,518,200.0,30.0,202.23748416156684,-4,-178.53076560994816,-19,6,0,5.3671247155751916
1183,567501,414050.0,3393655.0,15,260,3,3,2585.0,16.2,503,27,6,414245,3393700,499,18,6,-98.0,518,195.0,45.0,200.124960961895,-4,-182.99461679191648,-19,6,0,5.423444128225884
1184,567501,414050.0,3393655.0,15,260,3,3,2585.0,16.2,503,27,6,414275,3393710,500,18,5,-89.5,518,225.0,55.0,231.62469643800938,-3,-183.73626830562256,-18,6,0,4.443634177204057
1185,567501,414050.0,3393655.0,15,260,3,3,2585.0,16.2,503,27,6,414035,3393840,501,0,10,-106.0,518,-15.0,185.0,185.60711193270586,-2,95.36453657309738,-17,6,0,5.2331948470644
1186,567501,414050.0,3393655.0,15,260,3,3,2585.0,16.2,503,27,6,414020,3393825,501,0,5,-109.0,518,-30.0,170.0,172.6267650163207,-2,89.99202019855863,-17,6,0,5.624259615914248
1187,567501,414050.0,3393655.0,15,260,3,3,2585.0,16.2,503,27,6,414275,3393600,499,0,2,-81.0,518,225.0,-55.0,231.62469643800938,-4,-156.26373169437744,-19,6,0,4.68943051970225
1188,567501,414050.0,3393655.0,15,260,3,3,2585.0,16.2,503,27,6,414310,3393555,499,0,2,-98.0,518,260.0,-100.0,278.5677655436824,-4,-148.96248897457815,-19,6,0,3.90187427479142
1189,567501,414050.0,3393655.0,15,260,3,3,2585.0,16.2,503,27,6,414465,3393710,500,6,5,-98.5,518,415.0,55.0,418.6287137786896,-3,-177.5494217682633,-18,6,0,2.462060377347832
1190,567501,414050.0,3393655.0,15,260,3,3,2585.0,16.2,503,27,6,414265,3393590,499,0,5,-82.5,518,215.0,-65.0,224.61077445216202,-4,-153.17859010995915,-19,6,0,4.8351835700623855
1191,567501,414050.0,3393655.0,15,260,3,3,2585.0,16.2,503,27,6,414515,3393680,500,0,5,-100.5,518,465.0,25.0,465.67155807500205,-3,-173.07745539942437,-18,6,0,2.213600621704905
1192,567501,414050.0,3393655.0,15,260,3,3,2585.0,16.2,503,27,6,414410,3393735,501,0,5,-99.0,518,360.0,80.0,368.7817782917155,-2,-182.52880770915152,-17,6,0,2.6393364604105147
1193,567501,414050.0,3393655.0,15,260,3,3,2585.0,16.2,503,27,6,414470,3393715,499,0,5,-99.0,518,420.0,60.0,424.26406871192853,-4,-178.13010235415595,-19,6,0,2.5641882095662947
1194,567501,414050.0,3393655.0,15,260,3,3,2585.0,16.2,503,27,6,414475,3393720,499,0,5,-98.0,518,425.0,65.0,429.94185653411324,-4,-178.69550287742476,-19,6,0,2.5303699921412237
1195,567501,414050.0,3393655.0,15,260,3,3,2585.0,16.2,503,27,6,414270,3393595,499,0,2,-89.83,518,220.0,-60.0,228.0350850198276,-4,-154.7448812969422,-19,6,0,4.762912138492461
1196,567501,414050.0,3393655.0,15,260,3,3,2585.0,16.2,503,27,6,414400,3393725,501,0,10,-96.5,518,350.0,70.0,356.9313659514949,-2,-181.30993247402023,-17,6,0,2.7268344429034745
1197,567501,414050.0,3393655.0,15,260,3,3,2585.0,16.2,503,27,6,414420,3393745,501,0,5,-99.0,518,370.0,90.0,380.7886552931954,-2,-183.6713071321958,-17,6,0,2.556226132074341
1198,567501,414050.0,3393655.0,15,260,3,3,2585.0,16.2,503,27,6,414415,3393740,501,0,5,-101.71,518,365.0,85.0,374.7665940288702,-2,-183.1092081981543,-17,6,0,2.597245896561225
1199,567501,414050.0,3393655.0,15,260,3,3,2585.0,16.2,503,27,6,414375,3393685,500,0,5,-96.5,518,325.0,30.0,326.3816784073518,-3,-175.27389595735178,-18,6,0,3.156673303478539
1200,567501,414050.0,3393655.0,15,260,3,3,2585.0,16.2,503,27,6,414320,3393740,500,0,6,-84.5,518,270.0,85.0,283.0635970943632,-3,-187.47477425625567,-18,6,0,3.6385366731024065
1201,567501,414050.0,3393655.0,15,260,3,3,2585.0,16.2,503,27,6,414280,3393620,500,0,5,-87.67,518,230.0,-35.0,232.64780248263682,-3,-161.34745820888526,-18,6,0,4.424170336569022
1202,567501,414050.0,3393655.0,15,260,3,3,2585.0,16.2,503,27,6,414385,3393715,501,0,10,-96.2,518,335.0,60.0,340.3307215048327,-2,-180.15426658020027,-17,6,0,2.8596282599451492
1203,567501,414050.0,3393655.0,15,260,3,3,2585.0,16.2,503,27,6,414380,3393720,501,0,10,-93.0,518,330.0,65.0,336.34060117684277,-2,-181.14288985833934,-17,6,0,2.893495666772237
1204,567501,414050.0,3393655.0,15,260,3,3,2585.0,16.2,503,27,6,414395,3393705,500,0,5,-94.33,518,345.0,50.0,348.60436027106715,-3,-178.2463208144685,-18,6,0,2.9558119982593074
1205,567501,414050.0,3393655.0,15,260,3,3,2585.0,16.2,503,27,6,414370,3393690,500,0,5,-100.13,518,320.0,35.0,321.90837205639747,-3,-176.24191434741505,-18,6,0,3.200448533059518
1206,567501,414050.0,3393655.0,15,260,3,3,2585.0,16.2,503,27,6,414245,3393655,499,0,5,-86.14,518,195.0,0.0,195.0,-4,-170.0,-19,6,0,5.565098834911646
1207,567501,414050.0,3393655.0,15,260,3,3,2585.0,16.2,503,27,6,414275,3393665,499,0,7,-85.5,518,225.0,10.0,225.22211259110415,-4,-172.54480437981312,-19,6,0,4.822121021831341
1208,567501,414050.0,3393655.0,15,260,3,3,2585.0,16.2,503,27,6,414265,3393675,499,0,7,-88.65,518,215.0,20.0,215.92822881689185,-4,-175.31454566994478,-19,6,0,5.028630136119307
1209,567501,414050.0,3393655.0,15,260,3,3,2585.0,16.2,503,27,6,414270,3393670,499,0,7,-89.19,518,220.0,15.0,220.51077071199947,-4,-173.90049374238185,-19,6,0,4.924647053139296
1210,567501,414050.0,3393655.0,15,260,3,3,2585.0,16.2,503,27,6,414255,3393645,499,0,5,-87.67,518,205.0,-10.0,205.24375751773792,-4,-167.2072976342867,-19,6,0,5.288959768374366
1211,567501,414050.0,3393655.0,15,260,3,3,2585.0,16.2,503,27,6,414390,3393710,501,0,10,-99.45,518,340.0,55.0,344.41980198589044,-2,-179.18883607735876,-17,6,0,2.8257330404705585
1212,567501,414050.0,3393655.0,15,260,3,3,2585.0,16.2,503,27,6,414240,3393660,499,0,5,-85.67,518,190.0,5.0,190.06577808748213,-4,-171.50743575877493,-19,6,0,5.708629867361996
1213,567501,414050.0,3393655.0,15,260,3,3,2585.0,16.2,503,27,6,414325,3393735,500,0,6,-102.4,518,275.0,80.0,286.40006983239374,-3,-186.2201936956028,-18,6,0,3.596260733609553
1214,567501,414050.0,3393655.0,15,260,3,3,2585.0,16.2,503,27,6,414330,3393730,500,6,5,-100.0,518,280.0,75.0,289.8706608127149,-3,-184.99507912917596,-18,6,0,3.5533140653038964
1215,567501,414050.0,3393655.0,15,260,3,3,2585.0,16.2,503,27,6,414365,3393695,500,0,5,-96.91,518,315.0,40.0,317.52952618614853,-3,-177.236922025968,-18,6,0,3.244490213813402
1216,567501,414050.0,3393655.0,15,260,3,3,2585.0,16.2,503,27,6,414260,3393680,499,0,5,-88.0,518,210.0,25.0,211.482859825566,-4,-176.78897457443878,-19,6,0,5.133772854785825
1217,567501,414050.0,3393655.0,15,260,3,3,2585.0,16.2,503,27,6,414250,3393650,499,0,5,-83.68,518,200.0,-5.0,200.06249023742558,-4,-168.56790381583534,-19,6,0,5.425127529132217
1218,567501,414050.0,3393655.0,15,260,3,3,2585.0,16.2,503,27,6,414360,3393700,500,0,5,-95.2,518,310.0,45.0,313.2491021535417,-3,-178.25943797987884,-18,6,0,3.2887282177663977
1219,567501,414050.0,3393655.0,15,260,3,3,2585.0,16.2,503,27,6,414025,3393735,502,12,5,-105.33,518,-25.0,80.0,83.81527307120105,-1,82.64597536373867,-16,6,0,10.807507017271917
1220,567501,414050.0,3393655.0,15,260,3,3,2585.0,16.2,503,27,6,413995,3393605,502,27,5,-86.0,518,-55.0,-50.0,74.33034373659252,-1,-32.27368900609375,-16,6,0,12.147860438366074
1221,567501,414050.0,3393655.0,15,260,3,3,2585.0,16.2,503,27,6,413970,3393670,502,0,12,-99.5,518,-80.0,15.0,81.39410298049853,-1,20.61965527615513,-16,6,0,11.12108733013461
1222,567501,414050.0,3393655.0,15,260,3,3,2585.0,16.2,503,27,6,414120,3393690,501,0,5,-83.75,518,70.0,35.0,78.26237921249263,-2,-196.56505117707798,-17,6,0,12.255293622483563
1223,567501,414050.0,3393655.0,15,260,3,3,2585.0,16.2,503,27,6,414230,3393640,499,0,2,-89.4,518,180.0,-15.0,180.62391868188442,-4,-165.23635830927384,-19,6,0,6.004913556758473
1224,567501,414050.0,3393655.0,15,260,3,3,2585.0,16.2,503,27,6,414190,3393680,499,0,6,-92.5,518,140.0,25.0,142.21462653327893,-4,-180.12467165539783,-19,6,0,7.609704669965769
1225,567501,414050.0,3393655.0,15,260,3,3,2585.0,16.2,503,27,6,414205,3393605,499,0,7,-85.0,518,155.0,-50.0,162.8649747490233,-4,-152.12130340415865,-19,6,0,6.654107916007009
1226,567501,414050.0,3393655.0,15,260,3,3,2585.0,16.2,503,27,6,414165,3393645,499,0,6,-79.61,518,115.0,-10.0,115.43396380615195,-4,-165.0302592718897,-19,6,0,9.346864751446516
1227,567501,414050.0,3393655.0,15,260,3,3,2585.0,16.2,503,27,6,414185,3393665,499,0,7,-83.68,518,135.0,10.0,135.36986370680884,-4,-174.23639479905887,-19,6,0,7.989625988406572
1228,567501,414050.0,3393655.0,15,260,3,3,2585.0,16.2,503,27,6,414170,3393660,500,18,7,-79.84,518,120.0,5.0,120.10412149464314,-3,-172.38594403038883,-18,6,0,8.523478734603634
1229,567501,414050.0,3393655.0,15,260,3,3,2585.0,16.2,503,27,6,414160,3393650,500,0,6,-79.25,518,110.0,-5.0,110.11357772772621,-3,-167.39743779750017,-18,6,0,9.283889912490663
1230,567501,414050.0,3393655.0,15,260,3,3,2585.0,16.2,503,27,6,414180,3393670,500,0,7,-84.95,518,130.0,15.0,130.86252328302402,-3,-176.581944655178,-18,6,0,7.831827931044313
1231,567501,414050.0,3393655.0,15,260,3,3,2585.0,16.2,503,27,6,414175,3393655,499,0,7,-80.91,518,125.0,0.0,125.0,-4,-170.0,-19,6,0,8.642802580004533
1232,567501,414050.0,3393655.0,15,260,3,3,2585.0,16.2,503,27,6,414200,3393610,499,0,7,-85.38,518,150.0,-45.0,156.60459763365824,-4,-153.30075576600638,-19,6,0,6.91758182427769
1233,567501,414050.0,3393655.0,15,260,3,3,2585.0,16.2,503,27,6,414125,3393685,501,0,6,-85.11,518,75.0,30.0,80.77747210701756,-2,-191.80140948635182,-17,6,0,11.884729755846125
1234,567501,414050.0,3393655.0,15,260,3,3,2585.0,16.2,503,27,6,414195,3393675,499,0,6,-89.0,518,145.0,20.0,146.37281168304446,-4,-177.85331330197823,-19,6,0,7.395954568299191
1235,567501,414050.0,3393655.0,15,260,3,3,2585.0,16.2,503,27,6,414095,3393735,502,0,5,-91.5,518,45.0,80.0,91.7877987534291,-1,-230.64224645720873,-16,6,0,9.888165688777185
1236,567501,414050.0,3393655.0,15,260,3,3,2585.0,16.2,503,27,6,414210,3393620,499,0,7,-86.33,518,160.0,-35.0,163.783393541592,-4,-157.6609127216738,-19,6,0,6.61712669282246
1237,567501,414050.0,3393655.0,15,260,3,3,2585.0,16.2,503,27,6,414225,3393625,499,0,6,-85.5,518,175.0,-30.0,177.55280904564702,-4,-160.27242144859838,-19,6,0,6.108001278128449
1238,567501,414050.0,3393655.0,15,260,3,3,2585.0,16.2,503,27,6,414235,3393635,499,0,2,-87.33,518,185.0,-20.0,186.07794065928394,-4,-163.8298249049704,-19,6,0,5.8301375480571584
1239,567501,414050.0,3393655.0,15,260,3,3,2585.0,16.2,503,27,6,414260,3393695,499,0,7,-89.6,518,210.0,40.0,213.7755832643195,-4,-180.7842978675626,-19,6,0,5.079003145492714
1240,567501,414050.0,3393655.0,15,260,3,3,2585.0,16.2,503,27,6,414240,3393715,499,18,6,-83.0,518,190.0,60.0,199.24858845171275,-4,-187.52556837372288,-19,6,0,5.447155370078311
1241,567501,414050.0,3393655.0,15,260,3,3,2585.0,16.2,503,27,6,414360,3393675,500,0,5,-95.8,518,310.0,20.0,310.64449134018133,-3,-173.69138598645128,-18,6,0,3.316241400254981
1242,567501,414050.0,3393655.0,15,260,3,3,2585.0,16.2,503,27,6,414250,3393705,499,18,5,-97.33,518,200.0,50.0,206.15528128088303,-4,-184.03624346792645,-19,6,0,5.265706169947506
1243,567501,414050.0,3393655.0,15,260,3,3,2585.0,16.2,503,27,6,414365,3393680,500,0,5,-98.25,518,315.0,25.0,315.9905061864992,-3,-174.53777250790665,-18,6,0,3.260258376857037
1244,567501,414050.0,3393655.0,15,260,3,3,2585.0,16.2,503,27,6,414275,3393690,500,0,7,-96.24,518,225.0,35.0,227.705950734714,-3,-178.84181456019166,-18,6,0,4.519793483241679
1245,567501,414050.0,3393655.0,15,260,3,3,2585.0,16.2,503,27,6,414270,3393685,499,0,7,-89.43,518,220.0,30.0,222.03603311174518,-4,-177.76516601842536,-19,6,0,4.890982170612817
1246,567501,414050.0,3393655.0,15,260,3,3,2585.0,16.2,503,27,6,414355,3393610,500,0,5,-96.6,518,305.0,-45.0,308.3018001893599,-3,-161.6070748126075,-18,6,0,3.3413836235801417
1247,567501,414050.0,3393655.0,15,260,3,3,2585.0,16.2,503,27,6,414465,3393580,500,0,7,-99.5,518,415.0,-75.0,421.7226576791909,-3,-159.75591255354135,-18,6,0,2.4440195972557133
1248,567501,414050.0,3393655.0,15,260,3,3,2585.0,16.2,503,27,6,414265,3393700,499,18,7,-89.88,518,215.0,45.0,219.65882636488797,-4,-181.82148834060723,-19,6,0,4.94365276760112
1249,567501,414050.0,3393655.0,15,260,3,3,2585.0,16.2,503,27,6,414670,3392975,500,15,2,-97.5,518,620.0,-680.0,920.2173656261873,-3,-122.35745470593531,-18,6,0,1.1205966828466452
1250,567501,414050.0,3393655.0,15,260,3,3,2585.0,16.2,503,27,6,414145,3393675,500,0,6,-85.0,518,95.0,20.0,97.082439194738,-3,-181.888658039628,-18,6,0,10.503898953962947
1251,567501,414050.0,3393655.0,15,260,3,3,2585.0,16.2,503,27,6,414165,3393695,500,0,6,-93.75,518,115.0,40.0,121.75795661885921,-3,-189.17900802581073,-18,6,0,8.409371188674637
1252,567501,414050.0,3393655.0,15,260,3,3,2585.0,16.2,503,27,6,414140,3393680,500,0,6,-87.0,518,90.0,25.0,93.40770846134703,-3,-185.52411099675425,-18,6,0,10.907399307554117
1253,567501,414050.0,3393655.0,15,260,3,3,2585.0,16.2,503,27,6,414115,3393625,500,0,5,-79.25,518,65.0,-30.0,71.58910531638176,-3,-145.22485943116806,-18,6,0,14.113595267486957
1254,567501,414050.0,3393655.0,15,260,3,3,2585.0,16.2,503,27,6,414175,3393685,500,0,5,-95.5,518,125.0,30.0,128.5496013218244,-3,-183.49573328079583,-18,6,0,7.970946213592191
1255,567501,414050.0,3393655.0,15,260,3,3,2585.0,16.2,503,27,6,414125,3393655,501,0,5,-72.91,518,75.0,0.0,75.0,-2,-170.0,-17,6,0,12.771242564901442
1256,567501,414050.0,3393655.0,15,260,3,3,2585.0,16.2,503,27,6,414120,3393660,501,0,5,-76.67,518,70.0,5.0,70.178344238091,-2,-174.08561677997488,-17,6,0,13.617022453438507
1257,567501,414050.0,3393655.0,15,260,3,3,2585.0,16.2,503,27,6,414155,3393665,500,18,6,-77.72,518,105.0,10.0,105.47511554864494,-3,-175.44033203100548,-18,6,0,9.684592075152338
1258,567501,414050.0,3393655.0,15,260,3,3,2585.0,16.2,503,27,6,414100,3393640,501,0,11,-83.38,518,50.0,-15.0,52.20153254455275,-2,-153.30075576600638,-17,6,0,18.038406072913723
1259,567501,414050.0,3393655.0,15,260,3,3,2585.0,16.2,503,27,6,414130,3393650,500,0,5,-74.84,518,80.0,-5.0,80.15609770940699,-3,-166.42366562500263,-18,6,0,12.656485681272859
1260,567501,414050.0,3393655.0,15,260,3,3,2585.0,16.2,503,27,6,414135,3393645,500,0,5,-75.66,518,85.0,-10.0,85.58621384311844,-3,-163.29016319224309,-18,6,0,11.877022497416286
1261,567501,414050.0,3393655.0,15,260,3,3,2585.0,16.2,503,27,6,414110,3393630,501,0,11,-82.5,518,60.0,-25.0,65.0,-2,-147.38013505195954,-17,6,0,14.656751115760423
1262,567501,414050.0,3393655.0,15,260,3,3,2585.0,16.2,503,27,6,414105,3393635,501,0,11,-78.13,518,55.0,-20.0,58.52349955359813,-2,-150.01689347810003,-17,6,0,16.19760897312209
1263,567501,414050.0,3393655.0,15,260,3,3,2585.0,16.2,503,27,6,414090,3393610,501,0,5,-88.7,518,40.0,-45.0,60.207972893961475,-2,-121.63353933657021,-17,6,0,15.76727224001903
1264,567501,414050.0,3393655.0,15,260,3,3,2585.0,16.2,503,27,6,414085,3393615,501,0,11,-88.33,518,35.0,-40.0,53.150729063673246,-2,-121.18592516570965,-17,6,0,17.736620293943464
1265,567501,414050.0,3393655.0,15,260,3,3,2585.0,16.2,503,27,6,414205,3393735,500,0,2,-102.8,518,155.0,80.0,174.42763542512407,-3,-197.29957221133282,-18,6,0,5.891763308233976
1266,567501,414050.0,3393655.0,15,260,3,3,2585.0,16.2,503,27,6,414215,3393725,500,0,6,-96.0,518,165.0,70.0,179.2344832893492,-3,-192.9887168020806,-18,6,0,5.734821048810164
1267,567501,414050.0,3393655.0,15,260,3,3,2585.0,16.2,503,27,6,414080,3393620,501,0,11,-87.2,518,30.0,-35.0,46.09772228646444,-2,-120.60129464500449,-17,6,0,20.243055274274415
1268,567501,414050.0,3393655.0,15,260,3,3,2585.0,16.2,503,27,6,414150,3393670,500,18,6,-87.56,518,100.0,15.0,101.11874208078342,-3,-178.53076560994816,-18,6,0,10.09341430546835
1269,567501,414050.0,3393655.0,15,260,3,3,2585.0,16.2,503,27,6,414210,3393730,500,0,2,-98.6,518,160.0,75.0,176.70597047072292,-3,-195.11483488614454,-18,6,0,5.816322808553637
1270,567501,414050.0,3393655.0,15,260,3,3,2585.0,16.2,503,27,6,414140,3393590,499,0,10,-81.0,518,90.0,-65.0,111.01801655587259,-4,-134.16234704572173,-19,6,0,9.711704731981392
1271,567501,414050.0,3393655.0,15,260,3,3,2585.0,16.2,503,27,6,414155,3393595,499,0,10,-82.08,518,105.0,-60.0,120.93386622447825,-4,-140.25511870305775,-19,6,0,8.928790000822561
1272,567501,414050.0,3393655.0,15,260,3,3,2585.0,16.2,503,27,6,414150,3393600,499,0,5,-76.58,518,100.0,-55.0,114.12712210513327,-4,-141.18920625702697,-19,6,0,9.451972754026382
1273,567501,414050.0,3393655.0,15,260,3,3,2585.0,16.2,503,27,6,414520,3393810,499,0,6,-105.0,518,470.0,155.0,494.8989795907848,-4,-188.25189583707856,-19,6,0,2.1986010918019963
1274,567501,414050.0,3393655.0,15,260,3,3,2585.0,16.2,503,27,6,414505,3393785,498,0,6,-92.5,518,455.0,130.0,473.2071428032337,-5,-185.94539590092285,-20,6,0,2.4201536620511805
1275,567501,414050.0,3393655.0,15,260,3,3,2585.0,16.2,503,27,6,414480,3393770,498,0,10,-100.5,518,430.0,115.0,445.1123453691214,-5,-184.9728757667869,-20,6,0,2.572710825746125
1276,567501,414050.0,3393655.0,15,260,3,3,2585.0,16.2,503,27,6,414500,3393790,498,0,6,-98.25,518,450.0,135.0,469.81379290097476,-5,-186.69924423399362,-20,6,0,2.4376128289856083
1277,567501,414050.0,3393655.0,15,260,3,3,2585.0,16.2,503,27,6,414485,3393765,498,0,10,-100.33,518,435.0,110.0,448.69254506844663,-5,-184.191096549024,-20,6,0,2.5522099494688057
1278,567501,414050.0,3393655.0,15,260,3,3,2585.0,16.2,503,27,6,414525,3393805,499,0,6,-101.0,518,475.0,150.0,498.1214711292819,-4,-187.52556837372288,-19,6,0,2.1843915301577197
1279,567501,414050.0,3393655.0,15,260,3,3,2585.0,16.2,503,27,6,414495,3393775,497,0,5,-100.33,518,445.0,120.0,460.89586676384937,-6,-185.09157267859484,-21,6,0,2.6087883599238753
1280,567501,414050.0,3393655.0,15,260,3,3,2585.0,16.2,503,27,6,414510,3393800,498,0,6,-97.57,518,460.0,145.0,482.3121395942673,-5,-187.4957578771864,-20,6,0,2.374519258929012
1281,567501,414050.0,3393655.0,15,260,3,3,2585.0,16.2,503,27,6,414320,3393290,500,24,12,-104.0,518,270.0,-365.0,454.00991178607546,-3,-116.49129668372973,-18,6,0,2.2704001548718673
1282,567501,414050.0,3393655.0,15,260,3,3,2585.0,16.2,503,27,6,414265,3393385,502,0,5,-101.5,518,215.0,-270.0,345.14489710844634,-1,-118.53018001482678,-16,6,0,2.6541798483198207
1283,567501,414050.0,3393655.0,15,260,3,3,2585.0,16.2,503,27,6,414145,3393585,499,0,10,-73.8,518,95.0,-70.0,118.00423721205946,-4,-133.61564818416412,-19,6,0,9.146757490122212
1284,567501,414050.0,3393655.0,15,260,3,3,2585.0,16.2,503,27,6,414515,3393795,498,0,6,-100.33,518,465.0,140.0,485.61816275753114,-5,-186.755748929199,-20,6,0,2.3583721662218657
1285,567501,414050.0,3393655.0,15,260,3,3,2585.0,16.2,503,27,6,413970,3393510,500,30,5,-112.25,518,-80.0,-145.0,165.60495161679194,-3,-51.113418233089305,-18,6,0,6.2032638636254385
1286,567501,414050.0,3393655.0,15,260,3,3,2585.0,16.2,503,27,6,414005,3393555,501,0,7,-92.67,518,-45.0,-100.0,109.65856099730654,-2,-55.772254682045855,-17,6,0,8.812224417588126
1287,567501,414050.0,3393655.0,15,260,3,3,2585.0,16.2,503,27,6,414050,3393590,501,0,11,-91.67,518,0.0,-65.0,65.0,-2,-80.0,-17,6,0,14.656751115760423
1288,567501,414050.0,3393655.0,15,260,3,3,2585.0,16.2,503,27,6,414030,3393595,501,0,11,-96.5,518,-20.0,-60.0,63.245553203367585,-2,-61.565051177078004,-17,6,0,15.04513060115852
1289,567501,414050.0,3393655.0,15,260,3,3,2585.0,16.2,503,27,6,414035,3393850,501,0,5,-101.0,518,-15.0,195.0,195.57607215607945,-2,95.60129464500449,-17,6,0,4.967817350623385
1290,567501,414050.0,3393655.0,15,260,3,3,2585.0,16.2,503,27,6,414075,3393610,501,0,11,-91.75,518,25.0,-45.0,51.478150704935004,-2,-109.05460409907715,-17,6,0,18.275144617950893
1291,567501,414050.0,3393655.0,15,260,3,3,2585.0,16.2,503,27,6,414065,3393620,502,0,11,-87.75,518,15.0,-35.0,38.07886552931954,-1,-103.19859051364824,-16,6,0,22.791200443061175
1292,567501,414050.0,3393655.0,15,260,3,3,2585.0,16.2,503,27,6,414070,3393605,501,0,11,-85.0,518,20.0,-50.0,53.85164807134504,-2,-101.80140948635176,-17,6,0,17.51997270389526
1293,567501,414050.0,3393655.0,15,260,3,3,2585.0,16.2,503,27,6,414060,3393615,502,0,11,-86.0,518,10.0,-40.0,41.23105625617661,-1,-94.03624346792651,-16,6,0,21.209091611163863
1294,567501,414050.0,3393655.0,15,260,3,3,2585.0,16.2,503,27,6,414180,3393620,499,0,7,-79.33,518,130.0,-35.0,134.6291201783626,-4,-154.93151184050777,-19,6,0,8.033013475170353
1295,567501,414050.0,3393655.0,15,260,3,3,2585.0,16.2,503,27,6,414195,3393605,499,0,7,-83.75,518,145.0,-50.0,153.37861650177967,-4,-150.9743939624313,-19,6,0,7.061623860285766
1296,567501,414050.0,3393655.0,15,260,3,3,2585.0,16.2,503,27,6,414215,3393665,499,0,2,-86.0,518,165.0,10.0,165.3027525481654,-4,-173.46822925891718,-19,6,0,6.556838265565355
1297,567501,414050.0,3393655.0,15,260,3,3,2585.0,16.2,503,27,6,414210,3393670,499,0,5,-87.71,518,160.0,15.0,160.70158679988197,-4,-175.3558250428552,-19,6,0,6.742867065962031
1298,567501,414050.0,3393655.0,15,260,3,3,2585.0,16.2,503,27,6,414165,3393635,499,0,6,-75.64,518,115.0,-20.0,116.72617529928752,-4,-160.1341930569156,-19,6,0,9.245187211296576
1299,567501,414050.0,3393655.0,15,260,3,3,2585.0,16.2,503,27,6,414225,3393655,499,0,2,-84.75,518,175.0,0.0,175.0,-4,-170.0,-19,6,0,6.196413429104334
1300,567501,414050.0,3393655.0,15,260,3,3,2585.0,16.2,503,27,6,414115,3393685,501,0,6,-82.25,518,65.0,30.0,71.58910531638176,-2,-194.77514056883194,-17,6,0,13.358390691268117
1301,567501,414050.0,3393655.0,15,260,3,3,2585.0,16.2,503,27,6,414105,3393695,502,0,5,-84.33,518,55.0,40.0,68.00735254367721,-1,-206.0273733851036,-16,6,0,13.23913884448169
1302,567501,414050.0,3393655.0,15,260,3,3,2585.0,16.2,503,27,6,414175,3393625,499,0,5,-78.36,518,125.0,-30.0,128.5496013218244,-4,-156.50426671920417,-19,6,0,8.407609936410093
1303,567501,414050.0,3393655.0,15,260,3,3,2585.0,16.2,503,27,6,414230,3393650,499,0,2,-82.59,518,180.0,-5.0,180.06943105369106,-4,-168.4088597288054,-19,6,0,6.023268754043912
1304,567501,414050.0,3393655.0,15,260,3,3,2585.0,16.2,503,27,6,414160,3393640,499,0,6,-78.9,518,110.0,-15.0,111.01801655587259,-4,-162.23483398157464,-19,6,0,9.711704731981392
1305,567501,414050.0,3393655.0,15,260,3,3,2585.0,16.2,503,27,6,414205,3393675,499,0,5,-87.63,518,155.0,20.0,156.28499608087785,-4,-177.35237935989232,-19,6,0,6.931590734345365
1306,567501,414050.0,3393655.0,15,260,3,3,2585.0,16.2,503,27,6,414235,3393645,499,0,2,-82.53,518,185.0,-10.0,185.27007313648906,-4,-166.90594194108292,-19,6,0,5.8553835226596025
1307,567501,414050.0,3393655.0,15,260,3,3,2585.0,16.2,503,27,6,414190,3393610,499,0,7,-87.67,518,140.0,-45.0,147.05441169852742,-4,-152.18111108547726,-19,6,0,7.362051110898594
1308,567501,414050.0,3393655.0,15,260,3,3,2585.0,16.2,503,27,6,414185,3393615,499,0,7,-84.5,518,135.0,-40.0,140.80127840328723,-4,-153.49563861824498,-19,6,0,7.685181628094281
1309,567501,414050.0,3393655.0,15,260,3,3,2585.0,16.2,503,27,6,414170,3393630,499,0,6,-76.5,518,120.0,-25.0,122.57650672131263,-4,-158.23171106797935,-19,6,0,8.811025787181737
1310,567501,414050.0,3393655.0,15,260,3,3,2585.0,16.2,503,27,6,414220,3393660,499,0,2,-87.0,518,170.0,5.0,170.07351351694948,-4,-171.6846843178963,-19,6,0,6.374446810491902
1311,567501,414050.0,3393655.0,15,260,3,3,2585.0,16.2,503,27,6,414100,3393700,502,0,5,-88.4,518,50.0,45.0,67.26812023536856,-1,-211.98721249581666,-16,6,0,13.37942351383341
1312,567501,414050.0,3393655.0,15,260,3,3,2585.0,16.2,503,27,6,414110,3393690,502,0,5,-84.8,518,60.0,35.0,69.46221994724903,-1,-200.25643716352926,-16,6,0,12.971321555913605
1313,567501,414050.0,3393655.0,15,260,3,3,2585.0,16.2,503,27,6,414200,3393680,499,0,6,-88.56,518,150.0,25.0,152.0690632574555,-4,-179.46232220802563,-19,6,0,7.121813706239428
1314,567501,414050.0,3393655.0,15,260,3,3,2585.0,16.2,503,27,6,414090,3393595,500,0,5,-91.0,518,40.0,-60.0,72.11102550927978,-3,-113.69006752597977,-18,6,0,14.015485056263797
1315,567501,414050.0,3393655.0,15,260,3,3,2585.0,16.2,503,27,6,414560,3393745,499,102,5,-95.8,518,510.0,90.0,517.880295048962,-4,-180.00797980144137,-19,6,0,2.1011260401726624
1316,567501,414050.0,3393655.0,15,260,3,3,2585.0,16.2,503,27,6,414575,3393760,500,102,13,-97.86,518,525.0,105.0,535.3970489272424,-3,-181.30993247402023,-18,6,0,1.9255536217155163
1317,567501,414050.0,3393655.0,15,260,3,3,2585.0,16.2,503,27,6,414550,3393775,499,0,5,-98.5,518,500.0,120.0,514.1984052872976,-4,-183.49573328079583,-19,6,0,2.116157409321324
1318,567501,414050.0,3393655.0,15,260,3,3,2585.0,16.2,503,27,6,414580,3393725,499,0,5,-104.0,518,530.0,70.0,534.6026561849463,-4,-177.5238204386386,-19,6,0,2.035459031765475
1319,567501,414050.0,3393655.0,15,260,3,3,2585.0,16.2,503,27,6,414565,3393750,499,102,5,-97.0,518,515.0,95.0,523.6888389110464,-4,-180.45163294398867,-19,6,0,2.0778417458118037
1320,567501,414050.0,3393655.0,15,260,3,3,2585.0,16.2,503,27,6,414520,3393785,498,0,6,-104.2,518,470.0,130.0,487.64741360946437,-5,-185.4612177404419,-20,6,0,2.3485692665071722
1321,567501,414050.0,3393655.0,15,260,3,3,2585.0,16.2,503,27,6,414540,3393765,499,0,6,-97.0,518,490.0,110.0,502.19518117958876,-4,-182.65255650055798,-19,6,0,2.1666891261533054
1322,567501,414050.0,3393655.0,15,260,3,3,2585.0,16.2,503,27,6,414495,3393840,499,0,6,-104.0,518,445.0,185.0,481.9232304008596,-4,-192.57413807864822,-19,6,0,2.257737813892314
1323,567501,414050.0,3393655.0,15,260,3,3,2585.0,16.2,503,27,6,414555,3393780,499,0,5,-98.5,518,505.0,125.0,520.2403290787826,-4,-183.90268711422056,-19,6,0,2.0916029133387517
1324,567501,414050.0,3393655.0,15,260,3,3,2585.0,16.2,503,27,6,414545,3393770,499,0,6,-99.0,518,495.0,115.0,508.1830378908765,-4,-183.07912378006682,-19,6,0,2.141183205409048
1325,567501,414050.0,3393655.0,15,260,3,3,2585.0,16.2,503,27,6,414500,3393805,498,0,6,-101.33,518,450.0,150.0,474.3416490252569,-5,-188.43494882292202,-20,6,0,2.414372119626912
1326,567501,414050.0,3393655.0,15,260,3,3,2585.0,16.2,503,27,6,414510,3393815,499,0,6,-101.75,518,460.0,160.0,487.03182647543684,-4,-189.17900802581073,-19,6,0,2.2340799725742317
1327,567501,414050.0,3393655.0,15,260,3,3,2585.0,16.2,503,27,6,414505,3393810,498,0,6,-100.4,518,455.0,155.0,480.67660646218263,-5,-188.81188930251915,-20,6,0,2.382589418553376
1328,567501,414050.0,3393655.0,15,260,3,3,2585.0,16.2,503,27,6,414530,3393795,499,0,6,-99.33,518,480.0,140.0,500.0,-4,-186.26020470831196,-19,6,0,2.1761925505253368
1329,567501,414050.0,3393655.0,15,260,3,3,2585.0,16.2,503,27,6,414525,3393790,498,0,6,-98.67,518,475.0,135.0,493.81170500505556,-5,-185.86570780277384,-20,6,0,2.3192841037174263
1330,567501,414050.0,3393655.0,15,260,3,3,2585.0,16.2,503,27,6,414585,3393730,500,0,5,-90.0,518,535.0,75.0,540.2314318882233,-3,-177.98011374516852,-18,6,0,1.9083351684627214
1331,567501,414050.0,3393655.0,15,260,3,3,2585.0,16.2,503,27,6,414570,3393755,500,102,5,-91.0,518,520.0,100.0,529.5280917949491,-3,-180.88552705465872,-18,6,0,1.9468789162226747
1332,567501,414050.0,3393655.0,15,260,3,3,2585.0,16.2,503,27,6,414225,3393630,499,0,6,-86.5,518,175.0,-25.0,176.7766952966369,-4,-161.86989764584405,-19,6,0,6.134613582861085
1333,567501,414050.0,3393655.0,15,260,3,3,2585.0,16.2,503,27,6,414195,3393680,499,0,6,-94.33,518,145.0,25.0,147.13938969562162,-4,-179.78240703180728,-19,6,0,7.3578458811723895
1334,567501,414050.0,3393655.0,15,260,3,3,2585.0,16.2,503,27,6,414120,3393685,501,0,6,-86.0,518,70.0,30.0,76.15773105863909,-2,-193.19859051364818,-17,6,0,12.583325435491222
1335,567501,414050.0,3393655.0,15,260,3,3,2585.0,16.2,503,27,6,414180,3393665,500,0,7,-83.3,518,130.0,10.0,130.38404810405297,-3,-174.3987053549955,-18,6,0,7.860210075750999
1336,567501,414050.0,3393655.0,15,260,3,3,2585.0,16.2,503,27,6,414125,3393690,501,0,6,-82.0,518,75.0,35.0,82.76472678623425,-2,-195.01689347810003,-17,6,0,11.6072016160614
1337,567501,414050.0,3393655.0,15,260,3,3,2585.0,16.2,503,27,6,414170,3393655,500,0,7,-80.76,518,120.0,0.0,120.0,-3,-170.0,-18,6,0,8.530765609948133
1338,567501,414050.0,3393655.0,15,260,3,3,2585.0,16.2,503,27,6,414160,3393645,499,0,6,-79.65,518,110.0,-10.0,110.45361017187261,-4,-164.8055710922652,-19,6,0,9.760378362569897
1339,567501,414050.0,3393655.0,15,260,3,3,2585.0,16.2,503,27,6,414230,3393635,499,0,5,-86.25,518,180.0,-20.0,181.10770276274835,-4,-163.65980825409008,-19,6,0,5.988989666500021
1340,567501,414050.0,3393655.0,15,260,3,3,2585.0,16.2,503,27,6,414185,3393670,499,0,7,-86.06,518,135.0,15.0,135.83077707206124,-4,-176.34019174590992,-19,6,0,7.962863195291388
1341,567501,414050.0,3393655.0,15,260,3,3,2585.0,16.2,503,27,6,414165,3393650,500,0,6,-80.64,518,115.0,-5.0,115.10864433221339,-3,-167.51044707800082,-18,6,0,8.88759478932527
1342,567501,414050.0,3393655.0,15,260,3,3,2585.0,16.2,503,27,6,414175,3393660,500,0,7,-81.79,518,125.0,5.0,125.09996003196804,-3,-172.2906100426385,-18,6,0,8.187804592346408
1343,567501,414050.0,3393655.0,15,260,3,3,2585.0,16.2,503,27,6,414235,3393640,499,0,2,-84.5,518,185.0,-15.0,185.60711193270586,-4,-165.36453657309733,-19,6,0,5.844824571737359
1344,567501,414050.0,3393655.0,15,260,3,3,2585.0,16.2,503,27,6,414200,3393605,499,0,7,-85.5,518,150.0,-50.0,158.11388300841898,-4,-151.56505117707798,-19,6,0,6.852180437698146
1345,567501,414050.0,3393655.0,15,260,3,3,2585.0,16.2,503,27,6,414080,3393725,502,0,12,-90.0,518,30.0,70.0,76.15773105863909,-1,-236.80140948635182,-16,6,0,11.864733904530008
1346,567501,414050.0,3393655.0,15,260,3,3,2585.0,16.2,503,27,6,414210,3393615,499,0,7,-81.33,518,160.0,-40.0,164.92422502470643,-4,-155.9637565320735,-19,6,0,6.571755767704941
1347,567501,414050.0,3393655.0,15,260,3,3,2585.0,16.2,503,27,6,414205,3393610,499,0,7,-89.83,518,155.0,-45.0,161.40012391568973,-4,-153.81079374297303,-19,6,0,6.713951031469632
1348,567501,414050.0,3393655.0,15,260,3,3,2585.0,16.2,503,27,6,414190,3393675,499,0,6,-89.0,518,140.0,20.0,141.4213562373095,-4,-178.13010235415595,-19,6,0,7.651885189910647
1349,567501,414050.0,3393655.0,15,260,3,3,2585.0,16.2,503,27,6,414670,3393025,499,0,13,-98.17,518,620.0,-630.0,883.911760301898,-4,-124.54164354199952,-19,6,0,1.231403676644579
1350,567501,414050.0,3393655.0,15,260,3,3,2585.0,16.2,503,27,6,414330,3393740,500,6,6,-96.0,518,280.0,85.0,292.61749776799064,-3,-186.88679112394402,-18,6,0,3.5200429269382343
1351,567501,414050.0,3393655.0,15,260,3,3,2585.0,16.2,503,27,6,414355,3393755,501,27,6,-97.5,518,305.0,100.0,320.97507691408066,-2,-188.15270588665112,-17,6,0,3.031758813220225
1352,567501,414050.0,3393655.0,15,260,3,3,2585.0,16.2,503,27,6,414365,3393685,500,0,5,-93.33,518,315.0,30.0,316.4253466459348,-3,-175.44033203100548,-18,6,0,3.255787684689814
1353,567501,414050.0,3393655.0,15,260,3,3,2585.0,16.2,503,27,6,414360,3393690,500,0,5,-93.5,518,310.0,35.0,311.96954979612997,-3,-176.441600099335,-18,6,0,3.3021872442641107
1354,567501,414050.0,3393655.0,15,260,3,3,2585.0,16.2,503,27,6,414335,3393735,500,27,5,-103.0,518,285.0,80.0,296.0152023123137,-3,-185.67952412241925,-18,6,0,3.4797392269466307
1355,567501,414050.0,3393655.0,15,260,3,3,2585.0,16.2,503,27,6,414395,3393715,501,0,5,-99.0,518,345.0,60.0,350.1785258978626,-2,-179.86580694308435,-17,6,0,2.7793370245305695
1356,567501,414050.0,3393655.0,15,260,3,3,2585.0,16.2,503,27,6,414245,3393645,499,0,2,-83.64,518,195.0,-10.0,195.25624189766637,-4,-167.06432655357884,-19,6,0,5.55784130959903
1357,567501,414050.0,3393655.0,15,260,3,3,2585.0,16.2,503,27,6,414250,3393660,499,0,5,-83.93,518,200.0,5.0,200.06249023742558,-4,-171.43209618416466,-19,6,0,5.425127529132217
1358,567501,414050.0,3393655.0,15,260,3,3,2585.0,16.2,503,27,6,414265,3393665,499,0,6,-84.03,518,215.0,10.0,215.23243250030885,-4,-172.66300076606717,-19,6,0,5.044802771468416
1359,567501,414050.0,3393655.0,15,260,3,3,2585.0,16.2,503,27,6,414255,3393655,499,0,5,-82.48,518,205.0,0.0,205.0,-4,-170.0,-19,6,0,5.295212936617116
1360,567501,414050.0,3393655.0,15,260,3,3,2585.0,16.2,503,27,6,414275,3393675,499,0,7,-87.95,518,225.0,20.0,225.88713996153035,-4,-175.07960786001456,-19,6,0,4.807991014023596
1361,567501,414050.0,3393655.0,15,260,3,3,2585.0,16.2,503,27,6,414270,3393680,499,0,7,-88.67,518,220.0,25.0,221.41589825484527,-4,-176.48307369289722,-19,6,0,4.904613955502575
1362,567501,414050.0,3393655.0,15,260,3,3,2585.0,16.2,503,27,6,414240,3393650,499,0,2,-83.55,518,190.0,-5.0,190.06577808748213,-4,-168.492564241225,-19,6,0,5.708629867361996
1363,567501,414050.0,3393655.0,15,260,3,3,2585.0,16.2,503,27,6,414370,3393700,500,0,5,-89.88,518,320.0,45.0,323.1485726411305,-3,-178.0047288572929,-18,6,0,3.188191031083543
1364,567501,414050.0,3393655.0,15,260,3,3,2585.0,16.2,503,27,6,414375,3393695,500,0,5,-94.25,518,325.0,40.0,327.4522866006588,-3,-177.01650174472292,-18,6,0,3.1463733020900784
1365,567501,414050.0,3393655.0,15,260,3,3,2585.0,16.2,503,27,6,414385,3393705,500,0,10,-103.71,518,335.0,50.0,338.71079108879894,-3,-178.48894388050473,-18,6,0,3.0419898944090926
1366,567501,414050.0,3393655.0,15,260,3,3,2585.0,16.2,503,27,6,414260,3393670,499,0,6,-85.26,518,210.0,15.0,210.535032714273,-4,-174.08561677997488,-19,6,0,5.156760727196646
1367,567501,414050.0,3393655.0,15,260,3,3,2585.0,16.2,503,27,6,414380,3393710,500,0,10,-97.5,518,330.0,55.0,334.55193916640206,-3,-179.46232220802563,-18,6,0,3.0797328548536824
1368,567501,414050.0,3393655.0,15,260,3,3,2585.0,16.2,503,27,6,414320,3393730,500,0,5,-101.0,518,270.0,75.0,280.22312538404105,-3,-185.52411099675425,-18,6,0,3.675317985026455
1369,567501,414050.0,3393655.0,15,260,3,3,2585.0,16.2,503,27,6,414390,3393720,501,0,10,-96.6,518,340.0,65.0,346.1574786134195,-2,-180.8230112262071,-17,6,0,2.811570955070919
1370,567501,414050.0,3393655.0,15,260,3,3,2585.0,16.2,503,27,6,414315,3393635,500,0,7,-99.5,518,265.0,-20.0,265.75364531836624,-3,-165.68397248013434,-18,6,0,3.87483397472287
1371,567501,414050.0,3393655.0,15,260,3,3,2585.0,16.2,503,27,6,414310,3393640,500,111,7,-112.67,518,260.0,-15.0,260.43233286210835,-3,-166.69813432556498,-18,6,0,3.953758349889839
1372,567501,414050.0,3393655.0,15,260,3,3,2585.0,16.2,503,27,6,414325,3393725,500,0,5,-97.5,518,275.0,70.0,283.7692724732542,-3,-184.28109573597084,-18,6,0,3.629512603152665
1373,567501,414050.0,3393655.0,15,260,3,3,2585.0,16.2,503,27,6,414215,3393575,500,0,12,-86.71,518,165.0,-80.0,183.3712082089225,-3,-144.1336432059055,-18,6,0,5.6062811385168585
1374,567501,414050.0,3393655.0,15,260,3,3,2585.0,16.2,503,27,6,414275,3393315,501,6,6,-99.0,518,225.0,-340.0,407.7070026379238,-2,-113.49518467374116,-17,6,0,2.387656697900276
1375,567501,414050.0,3393655.0,15,260,3,3,2585.0,16.2,503,27,6,414220,3393590,499,0,5,-88.0,518,170.0,-65.0,182.00274723201295,-4,-149.07549825507886,-19,6,0,5.959749797691168
1376,567501,414050.0,3393655.0,15,260,3,3,2585.0,16.2,503,27,6,414655,3393695,503,0,5,-102.5,518,605.0,40.0,606.320872146094,0,-173.7826454465963,-15,6,0,1.4171727560827083
1377,567501,414050.0,3393655.0,15,260,3,3,2585.0,16.2,503,27,6,414200,3393570,500,0,5,-84.5,518,150.0,-85.0,172.40939649566667,-3,-140.4612177404419,-18,6,0,5.960239138972554
1378,567501,414050.0,3393655.0,15,260,3,3,2585.0,16.2,503,27,6,414275,3393720,500,18,6,-93.33,518,225.0,65.0,234.2007685726074,-3,-186.1134182330893,-18,6,0,4.3949493456163005
1379,567501,414050.0,3393655.0,15,260,3,3,2585.0,16.2,503,27,6,414260,3393705,499,18,7,-94.0,518,210.0,50.0,215.87033144922904,-4,-183.39249775375112,-19,6,0,5.029971918691721
1380,567501,414050.0,3393655.0,15,260,3,3,2585.0,16.2,503,27,6,414395,3393680,500,0,7,-103.0,518,345.0,25.0,345.90461112855957,-3,-174.14462374110428,-18,6,0,2.9788404111233984
1381,567501,414050.0,3393655.0,15,260,3,3,2585.0,16.2,503,27,6,414255,3393700,499,18,7,-88.67,518,205.0,45.0,209.88091861815357,-4,-182.38075692880716,-19,6,0,5.172745215218803
1382,567501,414050.0,3393655.0,15,260,3,3,2585.0,16.2,503,27,6,414490,3393455,501,0,5,-100.5,518,440.0,-200.0,483.3218389437829,-2,-145.55604521958344,-17,6,0,2.0144483358851875
1383,567501,414050.0,3393655.0,15,260,3,3,2585.0,16.2,503,27,6,414245,3393690,499,0,6,-90.31,518,195.0,35.0,198.11612756158948,-4,-180.17551084304318,-19,6,0,5.478103233438338
1384,567501,414050.0,3393655.0,15,260,3,3,2585.0,16.2,503,27,6,414240,3393685,499,0,5,-87.3,518,190.0,30.0,192.35384061671346,-4,-178.9726266148964,-19,6,0,5.6411659042729845
1385,567501,414050.0,3393655.0,15,260,3,3,2585.0,16.2,503,27,6,414250,3393695,499,18,6,-98.6,518,200.0,40.0,203.9607805437114,-4,-181.30993247402023,-19,6,0,5.322038533038611
1386,567501,414050.0,3393655.0,15,260,3,3,2585.0,16.2,503,27,6,414275,3393580,500,0,5,-88.33,518,225.0,-75.0,237.17082451262846,-3,-151.56505117707798,-18,6,0,4.340123649491708
1387,567501,414050.0,3393655.0,15,260,3,3,2585.0,16.2,503,27,6,414470,3393695,500,111,7,-92.5,518,420.0,40.0,421.90046219457975,-3,-175.44033203100548,-18,6,0,2.4429908448597684
1388,567501,414050.0,3393655.0,15,260,3,3,2585.0,16.2,503,27,6,414455,3393720,500,0,5,-98.0,518,405.0,65.0,410.18288603987367,-3,-179.1178627537958,-18,6,0,2.5126908539464163
1389,567501,414050.0,3393655.0,15,260,3,3,2585.0,16.2,503,27,6,414420,3393725,501,0,5,-96.4,518,370.0,70.0,376.5634076752546,-2,-180.71312302279102,-17,6,0,2.5848697018000655
1390,567501,414050.0,3393655.0,15,260,3,3,2585.0,16.2,503,27,6,414510,3393655,500,0,10,-102.5,518,460.0,0.0,460.0,-3,-170.0,-18,6,0,2.240865499213534
1391,567501,414050.0,3393655.0,15,260,3,3,2585.0,16.2,503,27,6,414425,3393730,501,0,5,-96.5,518,375.0,75.0,382.4264635194589,-2,-181.30993247402023,-17,6,0,2.545293074743141
1392,567501,414050.0,3393655.0,15,260,3,3,2585.0,16.2,503,27,6,414255,3393600,499,0,5,-82.17,518,205.0,-55.0,212.24985276791125,-4,-154.9816393688493,-19,6,0,5.115319887049628
1393,567501,414050.0,3393655.0,15,260,3,3,2585.0,16.2,503,27,6,414450,3393715,500,0,5,-98.0,518,400.0,60.0,404.4749683231337,-3,-178.53076560994816,-18,6,0,2.548103330622972
1394,567501,414050.0,3393655.0,15,260,3,3,2585.0,16.2,503,27,6,414270,3393575,500,0,6,-84.0,518,220.0,-80.0,234.0939982143925,-3,-150.01689347810003,-18,6,0,4.396946024569446
1395,567501,414050.0,3393655.0,15,260,3,3,2585.0,16.2,503,27,6,414435,3393740,500,0,10,-100.5,518,385.0,85.0,394.27148007432646,-3,-182.4499965078066,-18,6,0,2.613956266912407
1396,567501,414050.0,3393655.0,15,260,3,3,2585.0,16.2,503,27,6,414170,3393580,499,0,6,-84.5,518,120.0,-75.0,141.50971698084905,-4,-137.99461679191648,-19,6,0,7.647163798194775
1397,567501,414050.0,3393655.0,15,260,3,3,2585.0,16.2,503,27,6,414235,3393555,500,0,5,-91.7,518,185.0,-100.0,210.2974084481309,-3,-141.60698057861703,-18,6,0,4.892197670356898
1398,567501,414050.0,3393655.0,15,260,3,3,2585.0,16.2,503,27,6,414175,3393575,499,0,6,-79.67,518,125.0,-80.0,148.4082207965583,-4,-137.38075692880716,-19,6,0,7.295619865011837
1399,567501,414050.0,3393655.0,15,260,3,3,2585.0,16.2,503,27,6,414160,3393570,499,0,5,-78.33,518,110.0,-85.0,139.01438774457844,-4,-132.30575953331083,-19,6,0,7.782763815031676
1400,567501,414050.0,3393655.0,15,260,3,3,2585.0,16.2,503,27,6,414465,3393785,499,0,6,-95.5,518,415.0,130.0,434.8850422812907,-4,-187.39332214691206,-19,6,0,2.501644913308961
1401,567501,414050.0,3393655.0,15,260,3,3,2585.0,16.2,503,27,6,414450,3393780,500,0,6,-102.75,518,400.0,125.0,419.0763653560052,-3,-187.35402463626133,-18,6,0,2.459433669609401
1402,567501,414050.0,3393655.0,15,260,3,3,2585.0,16.2,503,27,6,414445,3393765,500,0,5,-100.67,518,395.0,110.0,410.03048667141815,-3,-185.56151032532847,-18,6,0,2.5136235685792503
1403,567501,414050.0,3393655.0,15,260,3,3,2585.0,16.2,503,27,6,414260,3393350,502,0,6,-111.5,518,210.0,-305.0,370.3039292257105,-1,-114.54836705601133,-16,6,0,2.4740829153585224
1404,567501,414050.0,3393655.0,15,260,3,3,2585.0,16.2,503,27,6,414230,3393560,500,0,5,-85.6,518,180.0,-95.0,203.5313243704762,-3,-142.17590361574673,-18,6,0,5.0540023531315965
1405,567501,414050.0,3393655.0,15,260,3,3,2585.0,16.2,503,27,6,414295,3393295,501,0,12,-116.0,518,245.0,-360.0,435.4595273960601,-2,-114.23746277685757,-17,6,0,2.2356472104230756
1406,567501,414050.0,3393655.0,15,260,3,3,2585.0,16.2,503,27,6,414225,3393545,501,0,12,-91.0,518,175.0,-110.0,206.70026608594387,-2,-137.84770485871763,-17,6,0,4.701691825991136
1407,567501,414050.0,3393655.0,15,260,3,3,2585.0,16.2,503,27,6,414230,3393540,501,0,12,-84.5,518,180.0,-115.0,213.60009363293827,-2,-137.4259428654275,-17,6,0,4.550463615219151
1408,567501,414050.0,3393655.0,15,260,3,3,2585.0,16.2,503,27,6,414165,3393585,499,0,5,-74.5,518,115.0,-70.0,134.6291201783626,-4,-138.6713071321958,-19,6,0,8.033013475170353
1409,567501,414050.0,3393655.0,15,260,3,3,2585.0,16.2,503,27,6,414445,3393785,500,0,6,-98.67,518,395.0,130.0,415.84251826863493,-3,-188.21709519782485,-18,6,0,2.4785359781834475
1410,567501,414050.0,3393655.0,15,260,3,3,2585.0,16.2,503,27,6,414470,3393780,499,0,6,-95.8,518,420.0,125.0,438.20657229210974,-4,-186.574007756909,-19,6,0,2.4827066946984138
1411,567501,414050.0,3393655.0,15,260,3,3,2585.0,16.2,503,27,6,414160,3393590,499,0,5,-78.43,518,110.0,-65.0,127.76932339180638,-4,-139.42077312751098,-19,6,0,8.45821408250766
1412,567501,414050.0,3393655.0,15,260,3,3,2585.0,16.2,503,27,6,414285,3393305,501,0,12,-114.33,518,235.0,-350.0,421.57442996462675,-2,-113.87853980510965,-17,6,0,2.3092026905433074
1413,567501,414050.0,3393655.0,15,260,3,3,2585.0,16.2,503,27,6,414260,3393330,502,0,6,-103.0,518,210.0,-325.0,386.9431482789171,-1,-112.8686789333675,-16,6,0,2.367816912737815
1414,567501,414050.0,3393655.0,15,260,3,3,2585.0,16.2,503,27,6,414255,3393355,502,0,6,-101.67,518,205.0,-300.0,363.35244598048325,-1,-114.34609740006147,-16,6,0,2.521355361242149
1415,567501,414050.0,3393655.0,15,260,3,3,2585.0,16.2,503,27,6,414475,3393775,498,0,5,-98.0,518,425.0,120.0,441.61634933503086,-5,-185.76718254247567,-20,6,0,2.5930496529127196
1416,567501,414050.0,3393655.0,15,260,3,3,2585.0,16.2,503,27,6,414235,3393535,501,0,12,-89.67,518,185.0,-120.0,220.51077071199947,-2,-137.03059609653786,-17,6,0,4.408425976487987
1417,567501,414050.0,3393655.0,15,260,3,3,2585.0,16.2,503,27,6,414000,3393555,501,0,7,-95.0,518,-50.0,-100.0,111.80339887498948,-2,-53.434948822921996,-17,6,0,8.645749515862148
1418,567501,414050.0,3393655.0,15,260,3,3,2585.0,16.2,503,27,6,414365,3393715,500,0,10,-99.0,518,315.0,60.0,320.66337489647924,-3,-180.7842978675626,-18,6,0,3.212848508722145
1419,567501,414050.0,3393655.0,15,260,3,3,2585.0,16.2,503,27,6,414385,3393695,500,0,5,-97.25,518,335.0,40.0,337.37960815674677,-3,-176.8090501796134,-18,6,0,3.0539698553365184
1420,567501,414050.0,3393655.0,15,260,3,3,2585.0,16.2,503,27,6,414350,3393730,500,0,5,-101.0,518,300.0,75.0,309.23292192132453,-3,-184.03624346792645,-18,6,0,3.3313451801106333
1421,567501,414050.0,3393655.0,15,260,3,3,2585.0,16.2,503,27,6,414270,3393650,499,0,6,-86.57,518,220.0,-5.0,220.05681084665386,-4,-168.69804732742114,-19,6,0,4.934756097430211
1422,567501,414050.0,3393655.0,15,260,3,3,2585.0,16.2,503,27,6,414275,3393645,499,0,6,-89.33,518,225.0,-10.0,225.22211259110415,-4,-167.45519562018688,-19,6,0,4.822121021831341
1423,567501,414050.0,3393655.0,15,260,3,3,2585.0,16.2,503,27,6,414265,3393655,499,0,6,-84.31,518,215.0,0.0,215.0,-4,-170.0,-19,6,0,5.050228424832808
1424,567501,414050.0,3393655.0,15,260,3,3,2585.0,16.2,503,27,6,414375,3393705,500,0,5,-97.2,518,325.0,50.0,328.8236609491476,-3,-178.74616226255523,-18,6,0,3.133277406653083
1425,567501,414050.0,3393655.0,15,260,3,3,2585.0,16.2,503,27,6,414380,3393700,500,0,5,-98.4,518,330.0,45.0,333.0540496676178,-3,-177.76516601842536,-18,6,0,3.093556915154805
1426,567501,414050.0,3393655.0,15,260,3,3,2585.0,16.2,503,27,6,414240,3393680,499,0,5,-84.17,518,190.0,25.0,191.637678967368,-4,-177.49585763972988,-19,6,0,5.66211055202435
1427,567501,414050.0,3393655.0,15,260,3,3,2585.0,16.2,503,27,6,414260,3393660,499,0,6,-83.89,518,210.0,5.0,210.05951537600004,-4,-171.36392753160294,-19,6,0,5.168371073501759
1428,567501,414050.0,3393655.0,15,260,3,3,2585.0,16.2,503,27,6,414250,3393670,499,0,5,-86.74,518,200.0,15.0,200.5617112013158,-4,-174.289153328819,-19,6,0,5.4117040372090734
1429,567501,414050.0,3393655.0,15,260,3,3,2585.0,16.2,503,27,6,414245,3393675,499,0,5,-85.41,518,195.0,20.0,196.02295783912658,-4,-175.85601358542897,-19,6,0,5.53623792225696
1430,567501,414050.0,3393655.0,15,260,3,3,2585.0,16.2,503,27,6,414370,3393710,500,0,5,-96.38,518,320.0,55.0,324.6921619010844,-3,-179.75242494165377,-18,6,0,3.173065389216584
1431,567501,414050.0,3393655.0,15,260,3,3,2585.0,16.2,503,27,6,414255,3393665,499,0,6,-84.75,518,205.0,10.0,205.24375751773792,-4,-172.7927023657133,-19,6,0,5.288959768374366
1432,567501,414050.0,3393655.0,15,260,3,3,2585.0,16.2,503,27,6,414390,3393690,500,0,7,-95.0,518,340.0,35.0,341.796723214252,-3,-175.87739260664313,-18,6,0,3.014575995513784
1433,567501,414050.0,3393655.0,15,260,3,3,2585.0,16.2,503,27,6,414280,3393640,500,0,6,-89.75,518,230.0,-15.0,230.4886114323222,-3,-166.26860300083956,-18,6,0,4.4654486078027436
1434,567501,414050.0,3393655.0,15,260,3,3,2585.0,16.2,503,27,6,414360,3393720,500,0,10,-97.83,518,310.0,65.0,316.7412192942371,-3,-181.84207611532776,-18,6,0,3.2525477995165395
1435,567501,414050.0,3393655.0,15,260,3,3,2585.0,16.2,503,27,6,414395,3393685,500,0,7,-105.0,518,345.0,30.0,346.30189141845585,-3,-174.9697407281103,-18,6,0,2.975429205878104
1436,567501,414050.0,3393655.0,15,260,3,3,2585.0,16.2,503,27,6,414670,3392990,500,0,5,-96.0,518,620.0,-665.0,909.1891992319311,-3,-122.99435262861141,-18,6,0,1.134185623300445
1437,567501,414050.0,3393655.0,15,260,3,3,2585.0,16.2,503,27,6,414040,3393845,501,0,5,-97.5,518,-10.0,190.0,190.26297590440447,-2,96.98721249581666,-17,6,0,5.105820327861484
1438,567501,414050.0,3393655.0,15,260,3,3,2585.0,16.2,503,27,6,414210,3393690,499,0,2,-94.5,518,160.0,35.0,163.783393541592,-4,-182.3390872783262,-19,6,0,6.61712669282246
1439,567501,414050.0,3393655.0,15,260,3,3,2585.0,16.2,503,27,6,414215,3393685,499,0,2,-93.6,518,165.0,30.0,167.70509831248424,-4,-180.30484646876602,-19,6,0,6.463713306054913
1440,567501,414050.0,3393655.0,15,260,3,3,2585.0,16.2,503,27,6,414130,3393610,500,0,5,-76.29,518,80.0,-45.0,91.7877987534291,-3,-140.64224645720873,-18,6,0,11.095161099138817
1441,567501,414050.0,3393655.0,15,260,3,3,2585.0,16.2,503,27,6,414105,3393675,502,0,6,-77.11,518,55.0,20.0,58.52349955359813,-1,-189.98310652189997,-16,6,0,15.29069269462305
1442,567501,414050.0,3393655.0,15,260,3,3,2585.0,16.2,503,27,6,414120,3393620,500,0,5,-78.6,518,70.0,-35.0,78.26237921249263,-3,-143.43494882292202,-18,6,0,12.952523086171624
1443,567501,414050.0,3393655.0,15,260,3,3,2585.0,16.2,503,27,6,414155,3393625,499,0,6,-74.56,518,105.0,-30.0,109.20164833920778,-4,-154.05460409907715,-19,6,0,9.870089375457226
1444,567501,414050.0,3393655.0,15,260,3,3,2585.0,16.2,503,27,6,414115,3393665,501,0,5,-74.63,518,65.0,10.0,65.76473218982953,-2,-178.74616226255523,-17,6,0,14.493535412739618
1445,567501,414050.0,3393655.0,15,260,3,3,2585.0,16.2,503,27,6,414110,3393670,501,0,6,-80.3,518,60.0,15.0,61.84658438426491,-2,-184.03624346792645,-17,6,0,15.36952380130432
1446,567501,414050.0,3393655.0,15,260,3,3,2585.0,16.2,503,27,6,414125,3393615,500,0,5,-79.89,518,75.0,-40.0,85.0,-3,-141.92751306414704,-18,6,0,11.956584243149132
1447,567501,414050.0,3393655.0,15,260,3,3,2585.0,16.2,503,27,6,414140,3393640,500,0,5,-75.19,518,90.0,-15.0,91.2414379544733,-3,-160.53767779197437,-18,6,0,11.159936872185444
1448,567501,414050.0,3393655.0,15,260,3,3,2585.0,16.2,503,27,6,414100,3393680,502,0,6,-80.88,518,50.0,25.0,55.90169943749474,-1,-196.56505117707798,-16,6,0,15.972006100176625
1449,567501,414050.0,3393655.0,15,260,3,3,2585.0,16.2,503,27,6,414225,3393715,499,6,6,-108.75,518,175.0,60.0,185.0,-4,-188.92464441605125,-19,6,0,5.863872010768939
1450,567501,414050.0,3393655.0,15,260,3,3,2585.0,16.2,503,27,6,414095,3393645,501,27,5,-81.0,518,45.0,-10.0,46.09772228646444,-2,-157.47119229084848,-17,6,0,20.243055274274415
1451,567501,414050.0,3393655.0,15,260,3,3,2585.0,16.2,503,27,6,414150,3393630,499,0,5,-76.36,518,100.0,-25.0,103.07764064044152,-4,-155.9637565320735,-19,6,0,10.443933803708083
1452,567501,414050.0,3393655.0,15,260,3,3,2585.0,16.2,503,27,6,414145,3393635,500,0,5,-77.09,518,95.0,-20.0,97.082439194738,-3,-158.111341960372,-18,6,0,10.503898953962947
1453,567501,414050.0,3393655.0,15,260,3,3,2585.0,16.2,503,27,6,414135,3393605,499,0,5,-77.43,518,85.0,-50.0,98.6154146165801,-4,-139.5344550805401,-19,6,0,10.905414154889163
1454,567501,414050.0,3393655.0,15,260,3,3,2585.0,16.2,503,27,6,414040,3393640,502,27,5,-105.0,518,-10.0,-15.0,18.027756377319946,-1,-46.30993247402023,-16,6,0,41.58970611637925
1455,567501,414050.0,3393655.0,15,260,3,3,2585.0,16.2,503,27,6,414065,3393615,502,0,11,-90.4,518,15.0,-40.0,42.720018726587654,-1,-100.55604521958344,-16,6,0,20.532516536432254
1456,567501,414050.0,3393655.0,15,260,3,3,2585.0,16.2,503,27,6,414050,3393630,502,27,5,-91.5,518,0.0,-25.0,25.0,-1,-80.0,-16,6,0,32.61924307119283
1457,567501,414050.0,3393655.0,15,260,3,3,2585.0,16.2,503,27,6,414070,3393610,501,0,11,-91.5,518,20.0,-45.0,49.24428900898052,-2,-103.96248897457815,-17,6,0,19.045579979908837
1458,567501,414050.0,3393655.0,15,260,3,3,2585.0,16.2,503,27,6,414085,3393660,502,27,6,-84.0,518,35.0,5.0,35.35533905932738,-1,-178.13010235415595,-16,6,0,24.34905076402161
1459,567501,414050.0,3393655.0,15,260,3,3,2585.0,16.2,503,27,6,414225,3393720,499,6,6,-99.5,518,175.0,65.0,186.6815470259447,-4,-190.37643521383637,-19,6,0,5.811415915059137
1460,567501,414050.0,3393655.0,15,260,3,3,2585.0,16.2,503,27,6,414130,3393605,500,0,5,-81.67,518,80.0,-50.0,94.33981132056604,-3,-137.99461679191648,-18,6,0,10.80217906937425
1461,567501,414050.0,3393655.0,15,260,3,3,2585.0,16.2,503,27,6,414220,3393715,499,0,6,-101.63,518,170.0,60.0,180.27756377319946,-4,-189.44003482817618,-19,6,0,6.016365847585433
1462,567501,414050.0,3393655.0,15,260,3,3,2585.0,16.2,503,27,6,414145,3393640,500,0,5,-78.11,518,95.0,-15.0,96.17692030835673,-3,-161.0273733851036,-18,6,0,10.600563253798075
1463,567501,414050.0,3393655.0,15,260,3,3,2585.0,16.2,503,27,6,414095,3393650,502,27,5,-81.2,518,45.0,-5.0,45.27692569068709,-1,-163.65980825409008,-16,6,0,19.46243444102998
1464,567501,414050.0,3393655.0,15,260,3,3,2585.0,16.2,503,27,6,414215,3393690,499,0,2,-88.8,518,165.0,35.0,168.67127793433,-4,-181.97613244420336,-19,6,0,6.426998669346733
1465,567501,414050.0,3393655.0,15,260,3,3,2585.0,16.2,503,27,6,414155,3393630,499,0,6,-76.75,518,105.0,-25.0,107.93516572461452,-4,-156.60750224624888,-19,6,0,9.983585468269746
1466,567501,414050.0,3393655.0,15,260,3,3,2585.0,16.2,503,27,6,414150,3393625,499,0,5,-77.21,518,100.0,-30.0,104.4030650891055,-4,-153.30075576600638,-19,6,0,10.314208915496081
1467,567501,414050.0,3393655.0,15,260,3,3,2585.0,16.2,503,27,6,414110,3393665,501,0,5,-82.1,518,60.0,10.0,60.8276253029822,-2,-179.46232220802563,-17,6,0,15.614523448893694
1468,567501,414050.0,3393655.0,15,260,3,3,2585.0,16.2,503,27,6,414140,3393635,500,0,11,-76.41,518,90.0,-20.0,92.19544457292888,-3,-157.47119229084848,-18,6,0,11.047312831029233
1469,567501,414050.0,3393655.0,15,260,3,3,2585.0,16.2,503,27,6,414125,3393620,500,0,5,-77.59,518,75.0,-35.0,82.76472678623425,-3,-144.98310652189997,-18,6,0,12.269842492219425
1470,567501,414050.0,3393655.0,15,260,3,3,2585.0,16.2,503,27,6,414120,3393615,500,0,5,-77.13,518,70.0,-40.0,80.62257748298549,-3,-140.25511870305775,-18,6,0,12.585595050151632
1471,567501,414050.0,3393655.0,15,260,3,3,2585.0,16.2,503,27,6,414105,3393680,502,0,6,-86.4,518,55.0,25.0,60.41522986797286,-1,-194.44395478041656,-16,6,0,14.833333491677681
1472,567501,414050.0,3393655.0,15,260,3,3,2585.0,16.2,503,27,6,414115,3393670,501,0,5,-75.46,518,65.0,15.0,66.70832032063167,-2,-182.99461679191648,-17,6,0,14.296985558771674
1473,567501,414050.0,3393655.0,15,260,3,3,2585.0,16.2,503,27,6,414210,3393685,499,0,2,-89.4,518,160.0,30.0,162.78820596099706,-4,-180.61965527615513,-19,6,0,6.657217746604968
1474,567501,414050.0,3393655.0,15,260,3,3,2585.0,16.2,503,27,6,414200,3393695,499,0,6,-77.0,518,150.0,40.0,155.24174696260025,-4,-184.93141717813756,-19,6,0,6.977714417500189
1475,567501,414050.0,3393655.0,15,260,3,3,2585.0,16.2,503,27,6,414135,3393610,500,0,5,-80.13,518,85.0,-45.0,96.17692030835673,-3,-142.10272896905235,-18,6,0,10.600563253798075
1476,567501,414050.0,3393655.0,15,260,3,3,2585.0,16.2,503,27,6,414075,3393645,502,27,5,-81.25,518,25.0,-10.0,26.92582403567252,-1,-148.19859051364818,-16,6,0,30.719843615670136
1477,567501,414050.0,3393655.0,15,260,3,3,2585.0,16.2,503,27,6,414035,3393605,502,0,11,-93.0,518,-15.0,-50.0,52.20153254455275,-1,-63.300755766006404,-16,6,0,17.04053317094319
1478,567501,414050.0,3393655.0,15,260,3,3,2585.0,16.2,503,27,6,414555,3393705,499,0,6,-98.0,518,505.0,50.0,507.4692108887001,-4,-175.6544208226407,-19,6,0,2.1441922721875017
1479,567501,414050.0,3393655.0,15,260,3,3,2585.0,16.2,503,27,6,414505,3393755,498,0,5,-99.67,518,455.0,100.0,465.8594208556912,-5,-182.39540683375844,-20,6,0,2.458278832668795
1480,567501,414050.0,3393655.0,15,260,3,3,2585.0,16.2,503,27,6,414545,3393715,499,0,6,-100.25,518,495.0,60.0,498.62310415783986,-4,-176.91122711902472,-19,6,0,2.1821960782385217
1481,567501,414050.0,3393655.0,15,260,3,3,2585.0,16.2,503,27,6,414550,3393710,499,0,6,-99.33,518,500.0,55.0,503.0159043211258,-4,-176.27729848959757,-19,6,0,2.1631573069731216
1482,567501,414050.0,3393655.0,15,260,3,3,2585.0,16.2,503,27,6,414220,3393400,502,0,5,-92.5,518,170.0,-255.0,306.4718584144391,-1,-113.69006752597977,-16,6,0,2.9885320002156814
1483,567501,414050.0,3393655.0,15,260,3,3,2585.0,16.2,503,27,6,414515,3393745,498,0,5,-94.5,518,465.0,90.0,473.6296021154083,-5,-180.95406264339834,-20,6,0,2.4179975417783957
1484,567501,414050.0,3393655.0,15,260,3,3,2585.0,16.2,503,27,6,414530,3393690,499,0,5,-106.75,518,480.0,35.0,481.27435003332556,-4,-174.1704365248421,-19,6,0,2.260778662896541
1485,567501,414050.0,3393655.0,15,260,3,3,2585.0,16.2,503,27,6,414490,3393730,498,0,10,-97.83,518,440.0,75.0,446.3462781294362,-5,-179.67335543240347,-20,6,0,2.565608034398865
1486,567501,414050.0,3393655.0,15,260,3,3,2585.0,16.2,503,27,6,414485,3393735,499,0,10,-98.0,518,435.0,80.0,442.2951503238533,-4,-180.4207123967945,-19,6,0,2.459784865154912
1487,567501,414050.0,3393655.0,15,260,3,3,2585.0,16.2,503,27,6,414495,3393725,499,0,10,-94.63,518,445.0,70.0,450.4719747109691,-4,-178.93956500315153,-19,6,0,2.4151889903149435
1488,567501,414050.0,3393655.0,15,260,3,3,2585.0,16.2,503,27,6,414230,3393390,502,0,12,-96.67,518,180.0,-265.0,320.3513695928269,-1,-114.18612248637498,-16,6,0,2.8592708794135446
1489,567501,414050.0,3393655.0,15,260,3,3,2585.0,16.2,503,27,6,414510,3393750,498,0,5,-100.6,518,460.0,95.0,469.7073557013984,-5,-181.66877400036896,-20,6,0,2.4381645333823045
1490,567501,414050.0,3393655.0,15,260,3,3,2585.0,16.2,503,27,6,414520,3393700,499,0,5,-99.6,518,470.0,45.0,472.1493407810711,-4,-175.46909497011194,-19,6,0,2.30442501517764
1491,567501,414050.0,3393655.0,15,260,3,3,2585.0,16.2,503,27,6,414525,3393695,499,0,5,-98.5,518,475.0,40.0,476.68123520860354,-4,-174.81355089370652,-19,6,0,2.2825397148929465
1492,567501,414050.0,3393655.0,15,260,3,3,2585.0,16.2,503,27,6,414480,3393740,499,0,10,-100.5,518,430.0,85.0,438.32065887886233,-4,-181.1817542101967,-19,6,0,2.4820613013069774
1493,567501,414050.0,3393655.0,15,260,3,3,2585.0,16.2,503,27,6,414370,3393530,499,0,5,-90.5,518,320.0,-125.0,343.5476677260377,-4,-148.66314070819436,-19,6,0,3.16553431836792
1494,567501,414050.0,3393655.0,15,260,3,3,2585.0,16.2,503,27,6,414030,3393705,503,0,12,-103.5,518,-20.0,50.0,53.85164807134504,0,78.19859051364818,-15,6,0,15.564806661388419
1495,567501,414050.0,3393655.0,15,260,3,3,2585.0,16.2,503,27,6,414000,3393695,502,0,12,-100.0,518,-50.0,40.0,64.03124237432849,-1,48.65980825409008,-16,6,0,14.029665401288817
1496,567501,414050.0,3393655.0,15,260,3,3,2585.0,16.2,503,27,6,414035,3393880,501,6,5,-110.5,518,-15.0,225.0,225.49944567559362,-2,96.18592516570965,-17,6,0,4.31127117581442
1497,567501,414050.0,3393655.0,15,260,3,3,2585.0,16.2,503,27,6,414260,3393630,499,0,5,-81.5,518,210.0,-25.0,211.482859825566,-4,-163.21102542556122,-19,6,0,5.133772854785825
1498,567501,414050.0,3393655.0,15,260,3,3,2585.0,16.2,503,27,6,414255,3393615,499,0,2,-83.0,518,205.0,-40.0,208.86598574205422,-4,-158.95905981967627,-19,6,0,5.197743548660988
1499,567501,414050.0,3393655.0,15,260,3,3,2585.0,16.2,503,27,6,414395,3393755,501,27,6,-105.0,518,345.0,100.0,359.2005011132362,-2,-186.1644991522569,-17,6,0,2.709634285942643
1500,567501,414050.0,3393655.0,15,260,3,3,2585.0,16.2,503,27,6,414375,3393735,501,0,10,-100.5,518,325.0,80.0,334.7013594235912,-2,-183.82865097228017,-17,6,0,2.9076426645210085
1501,567501,414050.0,3393655.0,15,260,3,3,2585.0,16.2,503,27,6,414265,3393625,499,0,5,-85.33,518,215.0,-30.0,217.0829334609241,-4,-162.05652818940962,-19,6,0,5.002017975855335
1502,567501,414050.0,3393655.0,15,260,3,3,2585.0,16.2,503,27,6,414250,3393620,499,0,2,-88.0,518,200.0,-35.0,203.03940504246953,-4,-160.0737544933483,-19,6,0,5.346049874129945
1503,567501,414050.0,3393655.0,15,260,3,3,2585.0,16.2,503,27,6,414345,3393705,500,0,10,-97.19,518,295.0,50.0,299.2072860075436,-3,-179.61972779969886,-18,6,0,3.4427055050620057
1504,567501,414050.0,3393655.0,15,260,3,3,2585.0,16.2,503,27,6,414335,3393695,500,0,5,-88.5,518,285.0,40.0,287.7933286231632,-3,-177.9893267663969,-18,6,0,3.578895954788656
1505,567501,414050.0,3393655.0,15,260,3,3,2585.0,16.2,503,27,6,414340,3393710,500,0,10,-94.43,518,290.0,55.0,295.16944286290885,-3,-180.73889710090543,-18,6,0,3.4896852422180897
1506,567501,414050.0,3393655.0,15,260,3,3,2585.0,16.2,503,27,6,414320,3393690,500,0,5,-92.28,518,270.0,35.0,272.2590678012396,-3,-177.38604315126724,-18,6,0,3.7825198283683332
1507,567501,414050.0,3393655.0,15,260,3,3,2585.0,16.2,503,27,6,414285,3393645,500,0,7,-87.67,518,235.0,-10.0,235.2126697267815,-3,-167.56335175318986,-18,6,0,4.37611557316273
1508,567501,414050.0,3393655.0,15,260,3,3,2585.0,16.2,503,27,6,414330,3393700,500,0,5,-92.82,518,280.0,45.0,283.59301824974466,-3,-179.13017648227867,-18,6,0,3.631762324698268
1509,567501,414050.0,3393655.0,15,260,3,3,2585.0,16.2,503,27,6,414310,3393680,500,0,10,-90.5,518,260.0,25.0,261.1991577321795,-3,-175.4923245571274,-18,6,0,3.942187612828331
1510,567501,414050.0,3393655.0,15,260,3,3,2585.0,16.2,503,27,6,414295,3393655,500,0,7,-89.75,518,245.0,0.0,245.0,-3,-170.0,-18,6,0,4.201936358159631
1511,567501,414050.0,3393655.0,15,260,3,3,2585.0,16.2,503,27,6,414290,3393660,500,0,7,-90.42,518,240.0,5.0,240.05207768315609,-3,-171.19348942398204,-18,6,0,4.288226297200223
1512,567501,414050.0,3393655.0,15,260,3,3,2585.0,16.2,503,27,6,414300,3393670,500,0,5,-89.38,518,250.0,15.0,250.44959572736389,-3,-173.43363036245051,-18,6,0,4.110822284128651
1513,567501,414050.0,3393655.0,15,260,3,3,2585.0,16.2,503,27,6,414305,3393665,500,0,5,-91.27,518,255.0,10.0,255.1960031034969,-3,-172.24574256589506,-18,6,0,4.034619705672468
1514,567501,414050.0,3393655.0,15,260,3,3,2585.0,16.2,503,27,6,414355,3393715,500,0,10,-98.29,518,305.0,60.0,310.84562084739105,-3,-181.1291892896112,-18,6,0,3.3141004442148363
1515,567501,414050.0,3393655.0,15,260,3,3,2585.0,16.2,503,27,6,414350,3393720,500,0,5,-101.6,518,300.0,65.0,306.9609095634166,-3,-182.22512267573575,-18,6,0,3.3559464283787848
1516,567501,414050.0,3393655.0,15,260,3,3,2585.0,16.2,503,27,6,414315,3393675,500,0,5,-93.18,518,265.0,20.0,265.75364531836624,-3,-174.3160275198656,-18,6,0,3.87483397472287
1517,567501,414050.0,3393655.0,15,260,3,3,2585.0,16.2,503,27,6,414370,3393740,501,0,5,-95.0,518,320.0,85.0,331.09666262286606,-2,-184.87568200163878,-17,6,0,2.9392433761690944
1518,567501,414050.0,3393655.0,15,260,3,3,2585.0,16.2,503,27,6,414280,3393650,500,0,5,-85.44,518,230.0,-5.0,230.05434140654683,-3,-168.75463573323168,-18,6,0,4.473843777385054
1519,567501,414050.0,3393655.0,15,260,3,3,2585.0,16.2,503,27,6,414365,3393725,501,0,5,-98.33,518,315.0,70.0,322.6840560052511,-2,-182.52880770915152,-17,6,0,3.0157319196176586
1520,567501,414050.0,3393655.0,15,260,3,3,2585.0,16.2,503,27,6,414325,3393685,500,0,5,-93.78,518,275.0,30.0,276.63152387246106,-3,-176.22582906442574,-18,6,0,3.7229025527006216
1521,567501,414050.0,3393655.0,15,260,3,3,2585.0,16.2,503,27,6,414085,3393635,502,27,11,-85.17,518,35.0,-20.0,40.311288741492746,-1,-140.25511870305775,-16,6,0,21.648679905696664
1522,567501,414050.0,3393655.0,15,260,3,3,2585.0,16.2,503,27,6,414120,3393680,501,0,6,-84.75,518,70.0,25.0,74.33034373659252,-2,-189.65382405805332,-17,6,0,12.882478622426117
1523,567501,414050.0,3393655.0,15,260,3,3,2585.0,16.2,503,27,6,414115,3393605,500,0,5,-94.67,518,65.0,-50.0,82.00609733428362,-3,-132.43140797117252,-18,6,0,12.379864777655973
1524,567501,414050.0,3393655.0,15,260,3,3,2585.0,16.2,503,27,6,414090,3393630,501,0,11,-83.5,518,40.0,-25.0,47.16990566028302,-2,-137.99461679191648,-17,6,0,19.819126090246726
1525,567501,414050.0,3393655.0,15,260,3,3,2585.0,16.2,503,27,6,414125,3393675,501,0,6,-83.14,518,75.0,20.0,77.62087348130012,-2,-184.93141717813756,-17,6,0,12.353480972837842
1526,567501,414050.0,3393655.0,15,260,3,3,2585.0,16.2,503,27,6,414155,3393645,500,0,6,-78.29,518,105.0,-10.0,105.47511554864494,-3,-164.55966796899452,-18,6,0,9.684592075152338
1527,567501,414050.0,3393655.0,15,260,3,3,2585.0,16.2,503,27,6,414130,3393670,501,0,5,-80.22,518,80.0,15.0,81.39410298049853,-2,-180.61965527615513,-17,6,0,11.797225084985099
1528,567501,414050.0,3393655.0,15,260,3,3,2585.0,16.2,503,27,6,414100,3393620,501,0,11,-81.5,518,50.0,-35.0,61.032778078668514,-2,-135.0079798014413,-17,6,0,15.564585775591429
1529,567501,414050.0,3393655.0,15,260,3,3,2585.0,16.2,503,27,6,414135,3393665,500,0,5,-78.93,518,85.0,10.0,85.58621384311844,-3,-176.70983680775691,-18,6,0,11.877022497416286
1530,567501,414050.0,3393655.0,15,260,3,3,2585.0,16.2,503,27,6,414140,3393660,500,0,5,-79.0,518,90.0,5.0,90.13878188659973,-3,-173.17983011986422,-18,6,0,11.292966996162274
1531,567501,414050.0,3393655.0,15,260,3,3,2585.0,16.2,503,27,6,414105,3393615,500,0,5,-76.2,518,55.0,-40.0,68.00735254367721,-3,-133.9726266148964,-18,6,0,14.824947616101927
1532,567501,414050.0,3393655.0,15,260,3,3,2585.0,16.2,503,27,6,414195,3393685,499,0,6,-82.25,518,145.0,30.0,148.07092894960846,-4,-181.6893691754392,-19,6,0,7.3120589548945825
1533,567501,414050.0,3393655.0,15,260,3,3,2585.0,16.2,503,27,6,414095,3393625,501,0,11,-84.46,518,45.0,-30.0,54.08326913195984,-2,-136.30993247402023,-17,6,0,17.449503475954494
1534,567501,414050.0,3393655.0,15,260,3,3,2585.0,16.2,503,27,6,414145,3393655,500,0,6,-78.62,518,95.0,0.0,95.0,-3,-170.0,-18,6,0,10.72885929801005
1535,567501,414050.0,3393655.0,15,260,3,3,2585.0,16.2,503,27,6,414110,3393610,500,0,5,-85.75,518,60.0,-45.0,75.0,-3,-133.13010235415595,-18,6,0,13.495733280795811
1536,567501,414050.0,3393655.0,15,260,3,3,2585.0,16.2,503,27,6,414150,3393650,500,0,6,-75.61,518,100.0,-5.0,100.12492197250393,-3,-167.13759477388828,-18,6,0,10.191509625809994
1537,567501,414050.0,3393655.0,15,260,3,3,2585.0,16.2,503,27,6,414205,3393755,500,0,5,-99.0,518,155.0,100.0,184.45866745696716,-3,-202.82854179141253,-18,6,0,5.573438532526482
1538,567501,414050.0,3393655.0,15,260,3,3,2585.0,16.2,503,27,6,414665,3392990,500,0,5,-98.5,518,615.0,-665.0,905.7869506677605,-3,-122.76302093656227,-18,6,0,1.1384446466286733
1539,567501,414050.0,3393655.0,15,260,3,3,2585.0,16.2,503,27,6,414240,3393630,499,0,2,-81.75,518,190.0,-25.0,191.637678967368,-4,-162.50414236027012,-19,6,0,5.66211055202435
1540,567501,414050.0,3393655.0,15,260,3,3,2585.0,16.2,503,27,6,414265,3393605,499,0,2,-81.67,518,215.0,-50.0,220.73740054644117,-4,-156.90810693565317,-19,6,0,4.9196157729359395
1541,567501,414050.0,3393655.0,15,260,3,3,2585.0,16.2,503,27,6,414380,3393730,501,0,10,-107.0,518,330.0,75.0,338.4154251803543,-2,-182.80426606528675,-17,6,0,2.8757855238225587
1542,567501,414050.0,3393655.0,15,260,3,3,2585.0,16.2,503,27,6,414385,3393725,501,0,10,-98.5,518,335.0,70.0,342.23529917295207,-2,-181.80243420778356,-17,6,0,2.843740304540131
1543,567501,414050.0,3393655.0,15,260,3,3,2585.0,16.2,503,27,6,414325,3393705,500,0,10,-93.5,518,275.0,50.0,279.5084971874737,-3,-180.30484646876602,-18,6,0,3.6846889321305167
1544,567501,414050.0,3393655.0,15,260,3,3,2585.0,16.2,503,27,6,414340,3393690,500,0,5,-92.73,518,290.0,35.0,292.1044333795706,-3,-176.88172363063694,-18,6,0,3.526210090226991
1545,567501,414050.0,3393655.0,15,260,3,3,2585.0,16.2,503,27,6,414295,3393675,500,0,5,-87.59,518,245.0,20.0,245.81497106563708,-3,-174.666858371439,-18,6,0,4.1880549755082015
1546,567501,414050.0,3393655.0,15,260,3,3,2585.0,16.2,503,27,6,414300,3393650,500,111,7,-96.0,518,250.0,-5.0,250.04999500099976,-3,-168.85423716182493,-18,6,0,4.117369145125787
1547,567501,414050.0,3393655.0,15,260,3,3,2585.0,16.2,503,27,6,414350,3393700,500,0,10,-92.74,518,300.0,45.0,303.35622624235026,-3,-178.53076560994816,-18,6,0,3.3957312780138946
1548,567501,414050.0,3393655.0,15,260,3,3,2585.0,16.2,503,27,6,414280,3393670,500,0,7,-87.26,518,230.0,15.0,230.4886114323222,-3,-173.73139699916044,-18,6,0,4.4654486078027436
1549,567501,414050.0,3393655.0,15,260,3,3,2585.0,16.2,503,27,6,414250,3393640,499,0,2,-86.54,518,200.0,-15.0,200.5617112013158,-4,-165.710846671181,-19,6,0,5.4117040372090734
1550,567501,414050.0,3393655.0,15,260,3,3,2585.0,16.2,503,27,6,414260,3393610,499,0,2,-84.6,518,210.0,-45.0,214.76731594914529,-4,-157.9052429229879,-19,6,0,5.0556716217985125
1551,567501,414050.0,3393655.0,15,260,3,3,2585.0,16.2,503,27,6,414335,3393715,500,0,10,-96.0,518,285.0,60.0,291.247317584214,-3,-181.888658039628,-18,6,0,3.536561123726988
1552,567501,414050.0,3393655.0,15,260,3,3,2585.0,16.2,503,27,6,414355,3393695,500,0,5,-93.18,518,305.0,40.0,307.6117683054405,-3,-177.4715591765924,-18,6,0,3.3488619445454737
1553,567501,414050.0,3393655.0,15,260,3,3,2585.0,16.2,503,27,6,414275,3393615,499,0,5,-86.0,518,225.0,-40.0,228.52789764052878,-4,-159.91940201245768,-19,6,0,4.7526881813006385
1554,567501,414050.0,3393655.0,15,260,3,3,2585.0,16.2,503,27,6,414290,3393680,500,0,5,-92.92,518,240.0,25.0,241.29857024027308,-3,-175.94686305397352,-18,6,0,4.2661563078290055
1555,567501,414050.0,3393655.0,15,260,3,3,2585.0,16.2,503,27,6,414285,3393665,500,0,7,-87.37,518,235.0,10.0,235.2126697267815,-3,-172.43664824681014,-18,6,0,4.37611557316273
1556,567501,414050.0,3393655.0,15,260,3,3,2585.0,16.2,503,27,6,414345,3393685,500,0,5,-93.0,518,295.0,30.0,296.52150006365474,-3,-175.8067269055316,-18,6,0,3.4738122834432463
1557,567501,414050.0,3393655.0,15,260,3,3,2585.0,16.2,503,27,6,414310,3393660,500,0,5,-89.0,518,260.0,5.0,260.0480724789169,-3,-171.10170611520635,-18,6,0,3.959582056278252
1558,567501,414050.0,3393655.0,15,260,3,3,2585.0,16.2,503,27,6,414315,3393655,500,0,5,-95.5,518,265.0,0.0,265.0,-3,-170.0,-18,6,0,3.885820075420881
1559,567501,414050.0,3393655.0,15,260,3,3,2585.0,16.2,503,27,6,414245,3393625,499,0,2,-82.0,518,195.0,-30.0,197.29419656948858,-4,-161.25383773744477,-19,6,0,5.500785413395319
1560,567501,414050.0,3393655.0,15,260,3,3,2585.0,16.2,503,27,6,414305,3393645,500,111,7,-95.5,518,255.0,-10.0,255.1960031034969,-3,-167.75425743410494,-18,6,0,4.034619705672468
1561,567501,414050.0,3393655.0,15,260,3,3,2585.0,16.2,503,27,6,414255,3393635,499,0,5,-86.33,518,205.0,-20.0,205.9732992404598,-4,-164.42780219603617,-19,6,0,5.270332352547675
1562,567501,414050.0,3393655.0,15,260,3,3,2585.0,16.2,503,27,6,414330,3393720,500,0,10,-99.2,518,280.0,65.0,287.4456470360962,-3,-183.0693178962822,-18,6,0,3.5832135580860207
1563,567501,414050.0,3393655.0,15,260,3,3,2585.0,16.2,503,27,6,414080,3393790,501,0,5,-96.0,518,30.0,135.0,138.2931668593933,-2,-247.47119229084848,-17,6,0,7.008054452879307
1564,567501,414050.0,3393655.0,15,260,3,3,2585.0,16.2,503,27,6,414540,3393715,499,0,6,-94.0,518,490.0,60.0,493.65980188789933,-4,-176.9810574068298,-19,6,0,2.2041145520883103
1565,567501,414050.0,3393655.0,15,260,3,3,2585.0,16.2,503,27,6,414510,3393745,498,0,5,-98.67,518,460.0,90.0,468.7216658103186,-5,-181.07020257793937,-20,6,0,2.4432856210473823
1566,567501,414050.0,3393655.0,15,260,3,3,2585.0,16.2,503,27,6,414490,3393725,499,0,10,-96.6,518,440.0,70.0,445.5333881989093,-4,-179.0394828033551,-19,6,0,2.441928311035826
1567,567501,414050.0,3393655.0,15,260,3,3,2585.0,16.2,503,27,6,414495,3393730,498,0,5,-98.0,518,445.0,75.0,451.27596878185307,-5,-179.56668598971441,-20,6,0,2.537618443644798
1568,567501,414050.0,3393655.0,15,260,3,3,2585.0,16.2,503,27,6,414520,3393695,499,0,5,-96.0,518,470.0,40.0,471.6990566028302,-4,-174.86451443776053,-19,6,0,2.306622445618415
1569,567501,414050.0,3393655.0,15,260,3,3,2585.0,16.2,503,27,6,414545,3393720,499,0,6,-96.25,518,495.0,65.0,499.24943665466463,-4,-177.48088617952368,-19,6,0,2.179461049748151
1570,567501,414050.0,3393655.0,15,260,3,3,2585.0,16.2,503,27,6,414515,3393750,498,0,6,-97.86,518,465.0,95.0,474.60509900337144,-5,-181.54669054592733,-20,6,0,2.4130335031383874
1571,567501,414050.0,3393655.0,15,260,3,3,2585.0,16.2,503,27,6,414555,3393710,499,0,6,-102.0,518,505.0,55.0,507.98622028555064,-4,-176.21563589970265,-19,6,0,2.1420120272398404
1572,567501,414050.0,3393655.0,15,260,3,3,2585.0,16.2,503,27,6,414235,3393390,502,0,5,-103.5,518,185.0,-265.0,323.18725222384626,-1,-114.91940201245768,-16,6,0,2.8342226225233493
1573,567501,414050.0,3393655.0,15,260,3,3,2585.0,16.2,503,27,6,414485,3393740,498,0,10,-96.82,518,435.0,85.0,443.2268042436062,-5,-181.05641298024818,-20,6,0,2.583640653756585
1574,567501,414050.0,3393655.0,15,260,3,3,2585.0,16.2,503,27,6,414480,3393735,499,0,5,-95.71,518,430.0,80.0,437.37855457258075,-4,-180.53918372862825,-19,6,0,2.487400901919503
1575,567501,414050.0,3393655.0,15,260,3,3,2585.0,16.2,503,27,6,414550,3393705,499,0,6,-96.0,518,500.0,50.0,502.4937810560445,-4,-175.71059313749964,-19,6,0,2.1654028275818678
1576,567501,414050.0,3393655.0,15,260,3,3,2585.0,16.2,503,27,6,414500,3393755,498,0,5,-99.2,518,450.0,100.0,460.9772228646444,-5,-182.52880770915152,-20,6,0,2.4842819526915947
1577,567501,414050.0,3393655.0,15,260,3,3,2585.0,16.2,503,27,6,414505,3393760,498,0,5,-93.33,518,455.0,105.0,466.9582422444217,-5,-182.99461679191648,-20,6,0,2.4525012127366366
1578,567501,414050.0,3393655.0,15,260,3,3,2585.0,16.2,503,27,6,414530,3393685,500,0,5,-106.0,518,480.0,30.0,480.9365862564419,-3,-173.57633437499737,-18,6,0,2.1434070788972206
1579,567501,414050.0,3393655.0,15,260,3,3,2585.0,16.2,503,27,6,414115,3393600,500,0,5,-83.0,518,65.0,-55.0,85.14693182963201,-3,-129.76364169072622,-18,6,0,11.936543968468476
1580,567501,414050.0,3393655.0,15,260,3,3,2585.0,16.2,503,27,6,414100,3393585,500,54,5,-78.0,518,50.0,-70.0,86.02325267042627,-3,-115.53767779197437,-18,6,0,11.818382793000794
1581,567501,414050.0,3393655.0,15,260,3,3,2585.0,16.2,503,27,6,414565,3393730,499,0,5,-99.6,518,515.0,75.0,520.4325124355703,-4,-178.2857970239537,-19,6,0,2.09083121973822
1582,567501,414050.0,3393655.0,15,260,3,3,2585.0,16.2,503,27,6,414555,3393800,500,9,5,-107.0,518,505.0,145.0,525.4046059942756,-3,-186.0202923020712,-18,6,0,1.962146534116557
1583,567501,414050.0,3393655.0,15,260,3,3,2585.0,16.2,503,27,6,414525,3393770,498,0,6,-103.5,518,475.0,115.0,488.72282533149604,-5,-183.60973189581216,-20,6,0,2.3434071174237863
1584,567501,414050.0,3393655.0,15,260,3,3,2585.0,16.2,503,27,6,414560,3393725,499,0,6,-98.14,518,510.0,70.0,514.78150704935,-4,-177.8152935467669,-19,6,0,2.113762577427482
1585,567501,414050.0,3393655.0,15,260,3,3,2585.0,16.2,503,27,6,414545,3393790,499,0,5,-97.33,518,495.0,135.0,513.078941294612,-4,-185.25511870305775,-19,6,0,2.1207703470534143
1586,567501,414050.0,3393655.0,15,260,3,3,2585.0,16.2,503,27,6,414500,3393825,498,0,6,-99.75,518,450.0,170.0,481.04053883222775,-5,-190.6954507340633,-20,6,0,2.3807889397806523
1587,567501,414050.0,3393655.0,15,260,3,3,2585.0,16.2,503,27,6,414495,3393820,498,0,6,-105.67,518,445.0,165.0,474.60509900337144,-5,-190.34410125591842,-20,6,0,2.4130335031383874
1588,567501,414050.0,3393655.0,15,260,3,3,2585.0,16.2,503,27,6,414570,3393735,499,102,5,-98.0,518,520.0,80.0,526.1178575186362,-4,-178.74616226255523,-19,6,0,2.068256967939939
1589,567501,414050.0,3393655.0,15,260,3,3,2585.0,16.2,503,27,6,414520,3393765,498,0,6,-95.71,518,470.0,110.0,482.7007354458868,-5,-183.17255342332692,-20,6,0,2.3726098493189616
1590,567501,414050.0,3393655.0,15,260,3,3,2585.0,16.2,503,27,6,414535,3393780,499,0,6,-101.83,518,485.0,125.0,500.8492787256462,-4,-184.45242825109295,-19,6,0,2.172505969241581
1591,567501,414050.0,3393655.0,15,260,3,3,2585.0,16.2,503,27,6,414530,3393775,498,0,6,-93.4,518,480.0,120.0,494.77267507411926,-5,-184.03624346792645,-20,6,0,2.3147843891017885
1592,567501,414050.0,3393655.0,15,260,3,3,2585.0,16.2,503,27,6,414505,3393830,499,0,6,-106.5,518,455.0,175.0,487.4935897014442,-4,-191.0375110254218,-19,6,0,2.2319659506349248
1593,567501,414050.0,3393655.0,15,260,3,3,2585.0,16.2,503,27,6,414575,3393740,500,102,5,-100.33,518,525.0,85.0,531.8364410229897,-3,-179.1966558916289,-18,6,0,1.9384352668037363
1594,567501,414050.0,3393655.0,15,260,3,3,2585.0,16.2,503,27,6,414055,3393865,501,0,5,-107.0,518,5.0,210.0,210.05951537600004,-2,-258.63607246839706,-17,6,0,4.6268319588681655
1595,567501,414050.0,3393655.0,15,260,3,3,2585.0,16.2,503,27,6,414485,3393590,499,0,7,-99.5,518,435.0,-65.0,439.82951242498496,-4,-161.50144112050634,-19,6,0,2.473557080304558
1596,567501,414050.0,3393655.0,15,260,3,3,2585.0,16.2,503,27,6,414380,3393685,500,0,7,-93.67,518,330.0,30.0,331.3608305156178,-3,-175.1944289077348,-18,6,0,3.109333727805505
1597,567501,414050.0,3393655.0,15,260,3,3,2585.0,16.2,503,27,6,414280,3393625,500,0,5,-81.0,518,230.0,-30.0,231.94827009486403,-3,-162.56859202882748,-18,6,0,4.437459972128725
1598,567501,414050.0,3393655.0,15,260,3,3,2585.0,16.2,503,27,6,414340,3393725,500,0,10,-100.5,518,290.0,70.0,298.328677803526,-3,-183.5704343851615,-18,6,0,3.4528201277946122
1599,567501,414050.0,3393655.0,15,260,3,3,2585.0,16.2,503,27,6,414385,3393690,500,0,5,-100.75,518,335.0,35.0,336.82339586198583,-3,-175.9644871012531,-18,6,0,3.0590034489905733
1600,567501,414050.0,3393655.0,15,260,3,3,2585.0,16.2,503,27,6,414360,3393705,500,0,5,-98.11,518,310.0,50.0,314.00636936215164,-3,-179.16234704572173,-18,6,0,3.2808143680052604
1601,567501,414050.0,3393655.0,15,260,3,3,2585.0,16.2,503,27,6,414245,3393670,499,0,5,-86.64,518,195.0,15.0,195.57607215607945,-4,-174.3987053549955,-19,6,0,5.548809206807626
1602,567501,414050.0,3393655.0,15,260,3,3,2585.0,16.2,503,27,6,414390,3393695,500,0,5,-97.67,518,340.0,40.0,342.3448553724738,-3,-176.70983680775691,-18,6,0,3.0097582057426178
1603,567501,414050.0,3393655.0,15,260,3,3,2585.0,16.2,503,27,6,414270,3393655,499,0,6,-84.57,518,220.0,0.0,220.0,-4,-170.0,-19,6,0,4.936024110083987
1604,567501,414050.0,3393655.0,15,260,3,3,2585.0,16.2,503,27,6,414240,3393665,499,0,5,-88.29,518,190.0,10.0,190.26297590440447,-4,-173.01278750418334,-19,6,0,5.702752184126061
1605,567501,414050.0,3393655.0,15,260,3,3,2585.0,16.2,503,27,6,414250,3393675,499,0,6,-87.47,518,200.0,20.0,200.9975124224178,-4,-175.71059313749964,-19,6,0,5.4000398592078644
1606,567501,414050.0,3393655.0,15,260,3,3,2585.0,16.2,503,27,6,414275,3393660,499,0,7,-85.29,518,225.0,5.0,225.055548698538,-4,-171.2730300200567,-19,6,0,4.82567303221839
1607,567501,414050.0,3393655.0,15,260,3,3,2585.0,16.2,503,27,6,414395,3393700,500,0,5,-95.09,518,345.0,45.0,347.92240514229604,-3,-177.43140797117252,-18,6,0,2.961595316900559
1608,567501,414050.0,3393655.0,15,260,3,3,2585.0,16.2,503,27,6,414365,3393710,500,0,5,-94.0,518,315.0,55.0,319.7655391063896,-3,-179.90418321297386,-18,6,0,3.2218505478438417
1609,567501,414050.0,3393655.0,15,260,3,3,2585.0,16.2,503,27,6,414295,3393640,500,111,7,-83.0,518,245.0,-15.0,245.45875417267155,-3,-166.49646835521554,-18,6,0,4.194111130151813
1610,567501,414050.0,3393655.0,15,260,3,3,2585.0,16.2,503,27,6,414265,3393650,499,0,5,-81.4,518,215.0,-5.0,215.05813167606567,-4,-168.66778014613038,-19,6,0,5.048870370464536
1611,567501,414050.0,3393655.0,15,260,3,3,2585.0,16.2,503,27,6,414375,3393720,501,0,10,-99.4,518,325.0,65.0,331.436268383531,-2,-181.30993247402023,-17,6,0,2.9362369570028024
1612,567501,414050.0,3393655.0,15,260,3,3,2585.0,16.2,503,27,6,414255,3393680,499,0,6,-89.35,518,205.0,25.0,206.51876428063383,-4,-176.9529574681739,-19,6,0,5.256490234606749
1613,567501,414050.0,3393655.0,15,260,3,3,2585.0,16.2,503,27,6,414290,3393635,500,111,5,-100.0,518,240.0,-20.0,240.8318915758459,-3,-165.23635830927384,-18,6,0,4.2743925611134435
1614,567501,414050.0,3393655.0,15,260,3,3,2585.0,16.2,503,27,6,414370,3393715,500,0,10,-97.5,518,320.0,60.0,325.5764119219941,-3,-180.61965527615513,-18,6,0,3.1644650331916626
1615,567501,414050.0,3393655.0,15,260,3,3,2585.0,16.2,503,27,6,414260,3393645,499,0,5,-80.33,518,210.0,-10.0,210.23796041628637,-4,-167.27368900609372,-19,6,0,5.164008009612448
1616,567501,414050.0,3393655.0,15,260,3,3,2585.0,16.2,503,27,6,414320,3393745,500,0,6,-98.0,518,270.0,90.0,284.60498941515414,-3,-188.43494882292202,-18,6,0,3.6188832299832416
1617,567501,414050.0,3393655.0,15,260,3,3,2585.0,16.2,503,27,6,414305,3393610,500,0,6,-78.5,518,255.0,-45.0,258.940147524481,-3,-159.99202019855863,-18,6,0,3.976469650581785
1618,567501,414050.0,3393655.0,15,260,3,3,2585.0,16.2,503,27,6,414060,3393870,501,0,6,-96.0,518,10.0,215.0,215.23243250030885,-2,-257.33699923393283,-17,6,0,4.5160958612532855
1619,567501,414050.0,3393655.0,15,260,3,3,2585.0,16.2,503,27,6,414040,3393850,501,0,5,-103.5,518,-10.0,195.0,195.25624189766637,-2,97.06432655357884,-17,6,0,4.975913828199995
1620,567501,414050.0,3393655.0,15,260,3,3,2585.0,16.2,503,27,6,414525,3393715,499,0,5,-94.0,518,475.0,60.0,478.77447718106276,-4,-177.19923363836767,-19,6,0,2.2725707469892322
1621,567501,414050.0,3393655.0,15,260,3,3,2585.0,16.2,503,27,6,414545,3393695,499,0,6,-100.33,518,495.0,40.0,496.6135318333563,-4,-174.6199234816604,-19,6,0,2.1910178586581113
1622,567501,414050.0,3393655.0,15,260,3,3,2585.0,16.2,503,27,6,414530,3393710,499,0,6,-104.5,518,480.0,55.0,483.1407662369219,-4,-176.53663364879708,-19,6,0,2.2520540816219525
1623,567501,414050.0,3393655.0,15,260,3,3,2585.0,16.2,503,27,6,414520,3393720,499,0,5,-97.56,518,470.0,65.0,474.4733922992943,-4,-177.8739381317256,-19,6,0,2.29314962838134
1624,567501,414050.0,3393655.0,15,260,3,3,2585.0,16.2,503,27,6,414490,3393750,498,0,5,-94.5,518,440.0,95.0,450.1388674620311,-5,-182.18365658598736,-20,6,0,2.544020341395795
1625,567501,414050.0,3393655.0,15,260,3,3,2585.0,16.2,503,27,6,414515,3393725,499,0,5,-98.58,518,465.0,70.0,470.2393007820593,-4,-178.56088957116458,-19,6,0,2.3137750840646025
1626,567501,414050.0,3393655.0,15,260,3,3,2585.0,16.2,503,27,6,414510,3393730,499,0,5,-95.25,518,460.0,75.0,466.074028454708,-4,-179.2602215311715,-19,6,0,2.3344303613566377
1627,567501,414050.0,3393655.0,15,260,3,3,2585.0,16.2,503,27,6,414495,3393745,498,0,5,-96.8,518,445.0,90.0,454.00991178607546,-5,-181.43368126542669,-20,6,0,2.522357286138018
1628,567501,414050.0,3393655.0,15,260,3,3,2585.0,16.2,503,27,6,414505,3393735,498,0,5,-96.78,518,455.0,80.0,461.9794367718113,-5,-179.97205768733107,-20,6,0,2.478899304658904
1629,567501,414050.0,3393655.0,15,260,3,3,2585.0,16.2,503,27,6,414485,3393755,498,0,10,-99.67,518,435.0,100.0,446.3462781294362,-5,-182.94650951563693,-20,6,0,2.565608034398865
1630,567501,414050.0,3393655.0,15,260,3,3,2585.0,16.2,503,27,6,414235,3393365,503,0,13,-97.0,518,185.0,-290.0,343.98401125633734,0,-112.53506715793503,-15,6,0,2.496896755398335
1631,567501,414050.0,3393655.0,15,260,3,3,2585.0,16.2,503,27,6,414500,3393740,498,0,5,-97.93,518,450.0,85.0,457.9574216016157,-5,-180.69651073577813,-20,6,0,2.500642743904427
1632,567501,414050.0,3393655.0,15,260,3,3,2585.0,16.2,503,27,6,414400,3393680,500,0,7,-107.0,518,350.0,25.0,350.891721190455,-3,-174.08561677997488,-18,6,0,2.936577756540046
1633,567501,414050.0,3393655.0,15,260,3,3,2585.0,16.2,503,27,6,414405,3393675,500,0,7,-95.0,518,355.0,20.0,355.5629339512205,-3,-173.22452260651988,-18,6,0,2.8980646314772973
1634,567501,414050.0,3393655.0,15,260,3,3,2585.0,16.2,503,27,6,414180,3393675,500,0,7,-85.75,518,130.0,20.0,131.52946437965906,-3,-178.74616226255523,-18,6,0,7.792604540036136
1635,567501,414050.0,3393655.0,15,260,3,3,2585.0,16.2,503,27,6,414220,3393635,499,0,6,-83.75,518,170.0,-20.0,171.1724276862369,-4,-163.29016319224309,-19,6,0,6.333856991052261
1636,567501,414050.0,3393655.0,15,260,3,3,2585.0,16.2,503,27,6,414235,3393630,499,0,5,-89.0,518,185.0,-25.0,186.6815470259447,-4,-162.3039482779834,-19,6,0,5.811415915059137
1637,567501,414050.0,3393655.0,15,260,3,3,2585.0,16.2,503,27,6,414190,3393665,499,0,5,-83.53,518,140.0,10.0,140.356688476182,-4,-174.08561677997488,-19,6,0,7.709232700266042
1638,567501,414050.0,3393655.0,15,260,3,3,2585.0,16.2,503,27,6,414135,3393690,501,0,6,-84.33,518,85.0,35.0,91.92388155425118,-2,-192.38013505195954,-17,6,0,10.477651451932093
1639,567501,414050.0,3393655.0,15,260,3,3,2585.0,16.2,503,27,6,414175,3393650,499,0,7,-80.77,518,125.0,-5.0,125.09996003196804,-4,-167.70938995736145,-19,6,0,8.636000785801698
1640,567501,414050.0,3393655.0,15,260,3,3,2585.0,16.2,503,27,6,414160,3393655,500,18,6,-80.6,518,110.0,0.0,110.0,-3,-170.0,-18,6,0,9.293308599397115
1641,567501,414050.0,3393655.0,15,260,3,3,2585.0,16.2,503,27,6,414165,3393660,500,18,7,-81.3,518,115.0,5.0,115.10864433221339,-3,-172.48955292199912,-18,6,0,8.88759478932527
1642,567501,414050.0,3393655.0,15,260,3,3,2585.0,16.2,503,27,6,414170,3393645,499,0,7,-80.17,518,120.0,-10.0,120.41594578792295,-4,-165.23635830927384,-19,6,0,8.966570912345551
1643,567501,414050.0,3393655.0,15,260,3,3,2585.0,16.2,503,27,6,414195,3393670,499,0,6,-89.57,518,145.0,15.0,145.7737973711325,-4,-175.9061411137705,-19,6,0,7.426007529510353
1644,567501,414050.0,3393655.0,15,260,3,3,2585.0,16.2,503,27,6,414200,3393615,499,0,7,-84.86,518,150.0,-40.0,155.24174696260025,-4,-155.06858282186244,-19,6,0,6.977714417500189
1645,567501,414050.0,3393655.0,15,260,3,3,2585.0,16.2,503,27,6,414225,3393640,499,0,5,-84.11,518,175.0,-15.0,175.64168070250295,-4,-165.10090754621223,-19,6,0,6.173950901533865
1646,567501,414050.0,3393655.0,15,260,3,3,2585.0,16.2,503,27,6,414095,3393730,502,0,5,-85.5,518,45.0,75.0,87.46427842267951,-1,-229.03624346792645,-16,6,0,10.366599522622009
1647,567501,414050.0,3393655.0,15,260,3,3,2585.0,16.2,503,27,6,414090,3393725,502,0,5,-88.67,518,40.0,70.0,80.62257748298549,-1,-230.2551187030578,-16,6,0,11.224821667293003
1648,567501,414050.0,3393655.0,15,260,3,3,2585.0,16.2,503,27,6,414205,3393620,499,0,7,-96.67,518,155.0,-35.0,158.90248582070703,-4,-157.27564431457762,-19,6,0,6.8184953156840145
1649,567501,414050.0,3393655.0,15,260,3,3,2585.0,16.2,503,27,6,414040,3393855,501,0,5,-102.33,518,-10.0,200.0,200.24984394500785,-2,97.13759477388822,-17,6,0,4.852430165412521
1650,567501,414050.0,3393655.0,15,260,3,3,2585.0,16.2,503,27,6,414195,3393730,500,0,2,-100.5,518,145.0,75.0,163.24827717314508,-3,-197.34987578006985,-18,6,0,6.292101819842027
1651,567501,414050.0,3393655.0,15,260,3,3,2585.0,16.2,503,27,6,414080,3393675,503,96,5,-88.5,518,30.0,20.0,36.05551275463989,0,-203.69006752597977,-15,6,0,22.58853878798488
1652,567501,414050.0,3393655.0,15,260,3,3,2585.0,16.2,503,27,6,414225,3393700,499,0,6,-92.0,518,175.0,45.0,180.6931099959265,-4,-184.42077312751098,-19,6,0,6.002630936620526
1653,567501,414050.0,3393655.0,15,260,3,3,2585.0,16.2,503,27,6,414210,3393705,499,0,6,-101.5,518,160.0,50.0,167.6305461424021,-4,-187.35402463626133,-19,6,0,6.466563639773631
1654,567501,414050.0,3393655.0,15,260,3,3,2585.0,16.2,503,27,6,414220,3393695,499,0,2,-95.4,518,170.0,40.0,174.64249196572982,-4,-183.24051991518718,-19,6,0,6.208999039615587
1655,567501,414050.0,3393655.0,15,260,3,3,2585.0,16.2,503,27,6,414150,3393605,499,0,5,-77.23,518,100.0,-50.0,111.80339887498948,-4,-143.43494882292202,-19,6,0,9.644769044311076
1656,567501,414050.0,3393655.0,15,260,3,3,2585.0,16.2,503,27,6,414110,3393645,501,0,11,-76.0,518,60.0,-10.0,60.8276253029822,-2,-160.53767779197437,-17,6,0,15.614523448893694
1657,567501,414050.0,3393655.0,15,260,3,3,2585.0,16.2,503,27,6,414130,3393625,500,0,11,-74.47,518,80.0,-30.0,85.44003745317531,-3,-149.44395478041656,-18,6,0,11.896763927219828
1658,567501,414050.0,3393655.0,15,260,3,3,2585.0,16.2,503,27,6,414120,3393635,500,0,5,-74.71,518,70.0,-20.0,72.80109889280519,-3,-154.05460409907715,-18,6,0,13.887799644071936
1659,567501,414050.0,3393655.0,15,260,3,3,2585.0,16.2,503,27,6,414140,3393615,499,0,5,-80.48,518,90.0,-40.0,98.48857801796105,-4,-146.0375110254218,-19,6,0,10.919121102981283
1660,567501,414050.0,3393655.0,15,260,3,3,2585.0,16.2,503,27,6,414115,3393650,501,0,11,-71.33,518,65.0,-5.0,65.19202405202648,-2,-165.6012946450045,-17,6,0,14.615430541128882
1661,567501,414050.0,3393655.0,15,260,3,3,2585.0,16.2,503,27,6,414125,3393640,500,0,5,-73.0,518,75.0,-15.0,76.48529270389177,-3,-158.69006752597977,-18,6,0,13.242976219823511
1662,567501,414050.0,3393655.0,15,260,3,3,2585.0,16.2,503,27,6,414155,3393610,499,0,5,-75.5,518,105.0,-45.0,114.23659658795863,-4,-146.80140948635182,-19,6,0,9.44307801632306
1663,567501,414050.0,3393655.0,15,260,3,3,2585.0,16.2,503,27,6,414145,3393620,499,0,5,-77.52,518,95.0,-35.0,101.24228365658294,-4,-149.77514056883194,-19,6,0,10.628988274806911
1664,567501,414050.0,3393655.0,15,260,3,3,2585.0,16.2,503,27,6,414135,3393630,500,0,11,-75.32,518,85.0,-25.0,88.60022573334675,-3,-153.6104596659652,-18,6,0,11.483903656063504
1665,567501,414050.0,3393655.0,15,260,3,3,2585.0,16.2,503,27,6,414105,3393660,501,0,5,-79.0,518,55.0,5.0,55.226805085936306,-2,-175.1944289077348,-17,6,0,17.109492622055786
1666,567501,414050.0,3393655.0,15,260,3,3,2585.0,16.2,503,27,6,414100,3393655,502,0,5,-79.4,518,50.0,0.0,50.0,-1,-170.0,-16,6,0,17.744671625056935
1667,567501,414050.0,3393655.0,15,260,3,3,2585.0,16.2,503,27,6,414235,3393690,499,18,5,-92.75,518,185.0,35.0,188.2817038376273,-4,-180.71312302279102,-19,6,0,5.7623599948165065
1668,567501,414050.0,3393655.0,15,260,3,3,2585.0,16.2,503,27,6,414230,3393685,499,0,5,-90.71,518,180.0,30.0,182.4828759089466,-4,-179.46232220802563,-19,6,0,5.944181585530532
1669,567501,414050.0,3393655.0,15,260,3,3,2585.0,16.2,503,27,6,414215,3393710,499,0,6,-99.75,518,165.0,55.0,173.92527130926086,-4,-188.43494882292202,-19,6,0,6.23440205555374
1670,567501,414050.0,3393655.0,15,260,3,3,2585.0,16.2,503,27,6,414035,3393845,501,0,5,-103.5,518,-15.0,190.0,190.59118552545917,-2,95.48601154199872,-17,6,0,5.097074150222065
1671,567501,414050.0,3393655.0,15,260,3,3,2585.0,16.2,503,27,6,414030,3393850,501,0,5,-110.0,518,-20.0,195.0,196.02295783912658,-2,94.14398641457103,-17,6,0,4.95654839277814
1672,567501,414050.0,3393655.0,15,260,3,3,2585.0,16.2,503,27,6,414010,3393585,501,0,5,-97.0,518,-40.0,-70.0,80.62257748298549,-2,-50.255118703057775,-17,6,0,11.90691192131115
1673,567501,414050.0,3393655.0,15,260,3,3,2585.0,16.2,503,27,6,414005,3393600,502,0,5,-90.5,518,-45.0,-55.0,71.06335201775947,-1,-40.71059313749967,-16,6,0,12.688629689420846
1674,567501,414050.0,3393655.0,15,260,3,3,2585.0,16.2,503,27,6,414015,3393590,501,0,11,-100.0,518,-35.0,-65.0,73.824115301167,-2,-51.699244233993625,-17,6,0,12.967840237730101
1675,567501,414050.0,3393655.0,15,260,3,3,2585.0,16.2,503,27,6,414035,3393575,501,0,5,-88.5,518,-15.0,-80.0,81.39410298049853,-2,-69.38034472384487,-17,6,0,11.797225084985099
1676,567501,414050.0,3393655.0,15,260,3,3,2585.0,16.2,503,27,6,414000,3393590,502,0,5,-93.5,518,-50.0,-65.0,82.00609733428362,-1,-42.43140797117252,-16,6,0,11.040139431903672
1677,567501,414050.0,3393655.0,15,260,3,3,2585.0,16.2,503,27,6,414005,3393585,501,0,5,-95.0,518,-45.0,-70.0,83.21658488546619,-2,-47.26477372789239,-17,6,0,11.545872465738235
1678,567501,414050.0,3393655.0,15,260,3,3,2585.0,16.2,503,27,6,414095,3393675,502,0,6,-85.0,518,45.0,20.0,49.24428900898052,-1,-193.96248897457815,-16,6,0,17.99953754838117
1679,567501,414050.0,3393655.0,15,260,3,3,2585.0,16.2,503,27,6,414235,3393695,499,18,5,-91.0,518,185.0,40.0,189.274932307477,-4,-182.20046872738078,-19,6,0,5.732323662600133
1680,567501,414050.0,3393655.0,15,260,3,3,2585.0,16.2,503,27,6,414220,3393690,499,0,2,-92.2,518,170.0,35.0,173.5655495770978,-4,-181.63363399894047,-19,6,0,6.24722104918166
1681,567501,414050.0,3393655.0,15,260,3,3,2585.0,16.2,503,27,6,414195,3393735,500,0,2,-103.0,518,145.0,80.0,165.60495161679194,-3,-198.8865817669107,-18,6,0,6.2032638636254385
1682,567501,414050.0,3393655.0,15,260,3,3,2585.0,16.2,503,27,6,414100,3393650,501,0,5,-81.5,518,50.0,-5.0,50.24937810560445,-2,-164.28940686250036,-17,6,0,18.69132830334244
1683,567501,414050.0,3393655.0,15,260,3,3,2585.0,16.2,503,27,6,414115,3393655,501,0,5,-74.8,518,65.0,0.0,65.0,-2,-170.0,-17,6,0,14.656751115760423
1684,567501,414050.0,3393655.0,15,260,3,3,2585.0,16.2,503,27,6,414230,3393700,499,0,5,-89.43,518,180.0,45.0,185.53975315279473,-4,-184.03624346792645,-19,6,0,5.846931792076928
1685,567501,414050.0,3393655.0,15,260,3,3,2585.0,16.2,503,27,6,414155,3393615,499,0,5,-73.39,518,105.0,-40.0,112.36102527122117,-4,-149.14554196042167,-19,6,0,9.597796451056055
1686,567501,414050.0,3393655.0,15,260,3,3,2585.0,16.2,503,27,6,414105,3393645,501,0,11,-80.31,518,55.0,-10.0,55.90169943749474,-2,-159.69515353123398,-17,6,0,16.914791607260977
1687,567501,414050.0,3393655.0,15,260,3,3,2585.0,16.2,503,27,6,414080,3393670,503,27,6,-86.25,518,30.0,15.0,33.54101966249684,0,-196.56505117707798,-15,6,0,24.094842552110705
1688,567501,414050.0,3393655.0,15,260,3,3,2585.0,16.2,503,27,6,414130,3393640,500,0,5,-74.86,518,80.0,-15.0,81.39410298049853,-3,-159.38034472384487,-18,6,0,12.470046353738654
1689,567501,414050.0,3393655.0,15,260,3,3,2585.0,16.2,503,27,6,414150,3393620,499,0,5,-75.51,518,100.0,-35.0,105.94810050208545,-4,-150.70995378081125,-19,6,0,10.166957354206582
1690,567501,414050.0,3393655.0,15,260,3,3,2585.0,16.2,503,27,6,414135,3393635,500,0,11,-77.26,518,85.0,-20.0,87.32124598286491,-3,-156.75948008481282,-18,6,0,11.647542284710939
1691,567501,414050.0,3393655.0,15,260,3,3,2585.0,16.2,503,27,6,414120,3393630,500,0,5,-80.69,518,70.0,-25.0,74.33034373659252,-3,-150.34617594194668,-18,6,0,13.612813783864372
1692,567501,414050.0,3393655.0,15,260,3,3,2585.0,16.2,503,27,6,414225,3393685,499,0,2,-91.58,518,175.0,30.0,177.55280904564702,-4,-179.72757855140162,-19,6,0,6.108001278128449
1693,567501,414050.0,3393655.0,15,260,3,3,2585.0,16.2,503,27,6,414215,3393715,500,0,6,-101.71,518,165.0,60.0,175.57049866079439,-3,-189.98310652189997,-18,6,0,5.853678490703382
1694,567501,414050.0,3393655.0,15,260,3,3,2585.0,16.2,503,27,6,414145,3393605,499,0,5,-76.36,518,95.0,-50.0,107.35455276791944,-4,-142.24145939893998,-19,6,0,10.03648545605312
1695,567501,414050.0,3393655.0,15,260,3,3,2585.0,16.2,503,27,6,414140,3393610,499,0,5,-78.37,518,90.0,-45.0,100.62305898749054,-4,-143.43494882292202,-19,6,0,10.692894253341155
1696,567501,414050.0,3393655.0,15,260,3,3,2585.0,16.2,503,27,6,414210,3393720,500,0,6,-102.6,518,160.0,65.0,172.69916039170545,-3,-192.10944834375164,-18,6,0,5.950310540574069
1697,567501,414050.0,3393655.0,15,260,3,3,2585.0,16.2,503,27,6,414125,3393625,500,0,5,-77.15,518,75.0,-30.0,80.77747210701756,-3,-148.19859051364818,-18,6,0,12.562228295302136
1698,567501,414050.0,3393655.0,15,260,3,3,2585.0,16.2,503,27,6,414110,3393660,501,0,5,-76.75,518,60.0,5.0,60.207972893961475,-2,-174.76364169072616,-17,6,0,15.76727224001903
1699,567501,414050.0,3393655.0,15,260,3,3,2585.0,16.2,503,27,6,414665,3393025,499,0,13,-98.33,518,615.0,-630.0,880.4118354497514,-4,-124.3097228021349,-19,6,0,1.2362973925155092
1700,567501,414050.0,3393655.0,15,260,3,3,2585.0,16.2,503,27,6,413990,3393550,501,0,7,-92.0,518,-60.0,-105.0,120.93386622447825,-2,-50.255118703057775,-17,6,0,8.001790331143708
1701,567501,414050.0,3393655.0,15,260,3,3,2585.0,16.2,503,27,6,413955,3393585,501,0,12,-91.5,518,-95.0,-70.0,118.00423721205946,-2,-26.384351815835885,-17,6,0,8.197778476701412
1702,567501,414050.0,3393655.0,15,260,3,3,2585.0,16.2,503,27,6,413940,3393600,501,0,5,-97.5,518,-110.0,-55.0,122.98373876248843,-2,-16.565051177077976,-17,6,0,7.87010298464458
1703,567501,414050.0,3393655.0,15,260,3,3,2585.0,16.2,503,27,6,413995,3393545,501,0,7,-98.0,518,-55.0,-110.0,122.98373876248843,-2,-53.434948822921996,-17,6,0,7.87010298464458
1704,567501,414050.0,3393655.0,15,260,3,3,2585.0,16.2,503,27,6,414335,3393710,500,0,10,-102.0,518,285.0,55.0,290.25850547399983,-3,-180.92280471986925,-18,6,0,3.548578252242947
1705,567501,414050.0,3393655.0,15,260,3,3,2585.0,16.2,503,27,6,414240,3393635,499,0,2,-83.33,518,190.0,-20.0,191.049731745428,-4,-163.99099404250546,-19,6,0,5.679421706393807
1706,567501,414050.0,3393655.0,15,260,3,3,2585.0,16.2,503,27,6,414300,3393655,500,111,7,-96.67,518,250.0,0.0,250.0,-3,-170.0,-18,6,0,4.118189703988783
1707,567501,414050.0,3393655.0,15,260,3,3,2585.0,16.2,503,27,6,414275,3393610,499,0,2,-85.0,518,225.0,-45.0,229.4558781116753,-4,-158.69006752597977,-19,6,0,4.7335545671684285
1708,567501,414050.0,3393655.0,15,260,3,3,2585.0,16.2,503,27,6,414265,3393620,499,0,2,-83.5,518,215.0,-35.0,217.83020910791964,-4,-160.75388725443673,-19,6,0,4.984944955376254
1709,567501,414050.0,3393655.0,15,260,3,3,2585.0,16.2,503,27,6,414245,3393640,499,0,2,-84.33,518,195.0,-15.0,195.57607215607945,-4,-165.6012946450045,-19,6,0,5.548809206807626
1710,567501,414050.0,3393655.0,15,260,3,3,2585.0,16.2,503,27,6,414295,3393670,500,0,5,-91.36,518,245.0,15.0,245.45875417267155,-3,-173.50353164478446,-18,6,0,4.194111130151813
1711,567501,414050.0,3393655.0,15,260,3,3,2585.0,16.2,503,27,6,414290,3393665,500,0,7,-90.76,518,240.0,10.0,240.20824298928628,-3,-172.38594403038883,-18,6,0,4.2854488047356085
1712,567501,414050.0,3393655.0,15,260,3,3,2585.0,16.2,503,27,6,414350,3393685,500,0,5,-91.8,518,300.0,30.0,301.4962686336267,-3,-175.71059313749964,-18,6,0,3.4166303758495835
1713,567501,414050.0,3393655.0,15,260,3,3,2585.0,16.2,503,27,6,414390,3393725,501,0,10,-95.33,518,340.0,70.0,347.1310991541956,-2,-181.63363399894047,-17,6,0,2.803697764294146
1714,567501,414050.0,3393655.0,15,260,3,3,2585.0,16.2,503,27,6,414330,3393705,500,0,10,-93.64,518,280.0,50.0,284.42925306655786,-3,-180.12467165539783,-18,6,0,3.6211132316296757
1715,567501,414050.0,3393655.0,15,260,3,3,2585.0,16.2,503,27,6,414395,3393730,501,0,10,-98.2,518,345.0,75.0,353.0580688781946,-2,-182.26477372789242,-17,6,0,2.7567038516134676
1716,567501,414050.0,3393655.0,15,260,3,3,2585.0,16.2,503,27,6,414280,3393675,500,0,7,-89.87,518,230.0,20.0,230.8679276123039,-3,-174.9697407281103,-18,6,0,4.458141473129975
1717,567501,414050.0,3393655.0,15,260,3,3,2585.0,16.2,503,27,6,414325,3393720,500,0,5,-98.2,518,275.0,65.0,282.57742301889584,-3,-183.29857033049427,-18,6,0,3.6447799102882494
1718,567501,414050.0,3393655.0,15,260,3,3,2585.0,16.2,503,27,6,414270,3393605,499,0,2,-86.0,518,220.0,-50.0,225.61028345356956,-4,-157.19573393471325,-19,6,0,4.8138634058772976
1719,567501,414050.0,3393655.0,15,260,3,3,2585.0,16.2,503,27,6,414250,3393625,499,0,2,-84.17,518,200.0,-30.0,202.23748416156684,-4,-161.46923439005184,-19,6,0,5.3671247155751916
1720,567501,414050.0,3393655.0,15,260,3,3,2585.0,16.2,503,27,6,414340,3393695,500,0,5,-92.53,518,290.0,40.0,292.7456233660889,-3,-177.85331330197823,-18,6,0,3.518506185462338
1721,567501,414050.0,3393655.0,15,260,3,3,2585.0,16.2,503,27,6,414260,3393615,499,0,2,-86.78,518,210.0,-40.0,213.7755832643195,-4,-159.2157021324374,-19,6,0,5.079003145492714
1722,567501,414050.0,3393655.0,15,260,3,3,2585.0,16.2,503,27,6,414345,3393700,500,0,10,-94.0,518,295.0,45.0,298.41246622753545,-3,-178.6731740478798,-18,6,0,3.4518529874952577
1723,567501,414050.0,3393655.0,15,260,3,3,2585.0,16.2,503,27,6,414305,3393660,500,0,5,-90.4,518,255.0,5.0,255.04901489713697,-3,-171.1233027140754,-18,6,0,4.036937226207545
1724,567501,414050.0,3393655.0,15,260,3,3,2585.0,16.2,503,27,6,414380,3393735,501,0,10,-95.67,518,330.0,80.0,339.5585369269929,-2,-183.6269948598915,-17,6,0,2.8661204635565944
1725,567501,414050.0,3393655.0,15,260,3,3,2585.0,16.2,503,27,6,414255,3393630,499,0,2,-84.2,518,205.0,-25.0,206.51876428063383,-4,-163.0470425318261,-19,6,0,5.256490234606749
1726,567501,414050.0,3393655.0,15,260,3,3,2585.0,16.2,503,27,6,414355,3393690,500,0,5,-91.14,518,305.0,35.0,307.001628660175,-3,-176.546290783294,-18,6,0,3.3555023302692524
1727,567501,414050.0,3393655.0,15,260,3,3,2585.0,16.2,503,27,6,414285,3393680,500,0,7,-87.38,518,235.0,25.0,236.32604596192948,-3,-176.0724564072077,-18,6,0,4.355578396607837
1728,567501,414050.0,3393655.0,15,260,3,3,2585.0,16.2,503,27,6,414315,3393650,500,0,5,-93.5,518,265.0,-5.0,265.04716561397146,-3,-168.9190758133393,-18,6,0,3.885130704703122
1729,567501,414050.0,3393655.0,15,260,3,3,2585.0,16.2,503,27,6,414310,3393645,500,111,7,-106.5,518,260.0,-10.0,260.1922366251537,-3,-167.79740183823418,-18,6,0,3.9573951519500405
1730,567501,414050.0,3393655.0,15,260,3,3,2585.0,16.2,503,27,6,414370,3393745,501,27,5,-94.5,518,320.0,90.0,332.41540277189324,-2,-185.70863782901574,-17,6,0,2.92760329637271
1731,567501,414050.0,3393655.0,15,260,3,3,2585.0,16.2,503,27,6,414665,3393035,499,0,5,-98.5,518,615.0,-620.0,873.2840316872856,-4,-124.76803454870179,-19,6,0,1.2463849658419173
1732,567501,414050.0,3393655.0,15,260,3,3,2585.0,16.2,503,27,6,414330,3393650,500,111,5,-100.5,518,280.0,-5.0,280.04463929880893,-3,-168.97696981133214,-18,6,0,3.6776540175401777
1733,567501,414050.0,3393655.0,15,260,3,3,2585.0,16.2,503,27,6,414335,3393645,500,0,5,-96.5,518,285.0,-10.0,285.17538463198395,-3,-167.99044618697883,-18,6,0,3.61166407753856
1734,567501,414050.0,3393655.0,15,260,3,3,2585.0,16.2,503,27,6,414355,3393665,500,0,5,-96.6,518,305.0,10.0,305.16389039334257,-3,-171.87787744728536,-18,6,0,3.375663029797156
1735,567501,414050.0,3393655.0,15,260,3,3,2585.0,16.2,503,27,6,414285,3393695,500,0,5,-93.25,518,235.0,40.0,238.37994882120435,-3,-179.65989307844234,-18,6,0,4.3181929067842875
1736,567501,414050.0,3393655.0,15,260,3,3,2585.0,16.2,503,27,6,414345,3393675,500,0,5,-96.8,518,295.0,20.0,295.67718883945037,-3,-173.8785245028477,-18,6,0,3.483707418315651
1737,567501,414050.0,3393655.0,15,260,3,3,2585.0,16.2,503,27,6,414315,3393705,500,0,10,-93.0,518,265.0,50.0,269.675731203236,-3,-180.6849124000027,-18,6,0,3.818647468233451
1738,567501,414050.0,3393655.0,15,260,3,3,2585.0,16.2,503,27,6,414280,3393700,500,0,5,-87.0,518,230.0,45.0,234.3608329051593,-3,-181.07020257793937,-18,6,0,4.39195942085685
1739,567501,414050.0,3393655.0,15,260,3,3,2585.0,16.2,503,27,6,414295,3393685,500,0,5,-89.96,518,245.0,30.0,246.82990094394967,-3,-176.9810574068298,-18,6,0,4.1708951797700635
1740,567501,414050.0,3393655.0,15,260,3,3,2585.0,16.2,503,27,6,414325,3393655,500,0,5,-97.43,518,275.0,0.0,275.0,-3,-170.0,-18,6,0,3.7449271735420706
1741,567501,414050.0,3393655.0,15,260,3,3,2585.0,16.2,503,27,6,414310,3393710,500,0,5,-95.0,518,260.0,55.0,265.75364531836624,-3,-181.94417718844636,-18,6,0,3.87483397472287
1742,567501,414050.0,3393655.0,15,260,3,3,2585.0,16.2,503,27,6,414360,3393620,500,0,10,-105.0,518,310.0,-35.0,311.96954979612997,-3,-163.55839990066494,-18,6,0,3.3021872442641107
1743,567501,414050.0,3393655.0,15,260,3,3,2585.0,16.2,503,27,6,414350,3393670,500,0,5,-93.29,518,300.0,15.0,300.3747659175118,-3,-172.86240522611172,-18,6,0,3.4293565858644537
1744,567501,414050.0,3393655.0,15,260,3,3,2585.0,16.2,503,27,6,414340,3393680,500,0,5,-91.63,518,290.0,25.0,291.0755915565577,-3,-174.927109947649,-18,6,0,3.538642290482406
1745,567501,414050.0,3393655.0,15,260,3,3,2585.0,16.2,503,27,6,414320,3393660,500,0,5,-93.2,518,270.0,5.0,270.04629232781554,-3,-171.06091169026422,-18,6,0,3.8134229408924667
1746,567501,414050.0,3393655.0,15,260,3,3,2585.0,16.2,503,27,6,414290,3393690,500,0,10,-96.57,518,240.0,35.0,242.53865671269807,-3,-178.29714496983684,-18,6,0,4.244423608396276
1747,567501,414050.0,3393655.0,15,260,3,3,2585.0,16.2,503,27,6,414155,3393590,499,0,10,-80.0,518,105.0,-65.0,123.4908903522847,-4,-138.24051991518718,-19,6,0,8.746797470318263
1748,567501,414050.0,3393655.0,15,260,3,3,2585.0,16.2,503,27,6,414495,3393770,497,0,5,-94.0,518,445.0,115.0,459.6194077712559,-6,-184.48976259388445,-21,6,0,2.616023458433716
1749,567501,414050.0,3393655.0,15,260,3,3,2585.0,16.2,503,27,6,414145,3393600,499,0,5,-76.19,518,95.0,-55.0,109.77249200050075,-4,-139.9314171781375,-19,6,0,9.81976425432907
1750,567501,414050.0,3393655.0,15,260,3,3,2585.0,16.2,503,27,6,414240,3393375,502,0,5,-86.0,518,190.0,-280.0,338.3784863137726,-1,-114.15969454566942,-16,6,0,2.7071761703615738
1751,567501,414050.0,3393655.0,15,260,3,3,2585.0,16.2,503,27,6,414510,3393785,498,0,6,-100.25,518,460.0,130.0,478.0167361086848,-5,-185.78075330951538,-20,6,0,2.3958316633485257
1752,567501,414050.0,3393655.0,15,260,3,3,2585.0,16.2,503,27,6,414505,3393800,498,0,6,-99.8,518,455.0,145.0,477.5458093209488,-5,-187.67610869865348,-20,6,0,2.3981915304494756
1753,567501,414050.0,3393655.0,15,260,3,3,2585.0,16.2,503,27,6,414480,3393775,498,0,5,-98.0,518,430.0,120.0,446.4302857109943,-5,-185.59281093926631,-20,6,0,2.5651258927893656
1754,567501,414050.0,3393655.0,15,260,3,3,2585.0,16.2,503,27,6,414490,3393765,497,0,10,-98.0,518,440.0,110.0,453.54161881794266,-6,-184.03624346792645,-21,6,0,2.6510304010879255
1755,567501,414050.0,3393655.0,15,260,3,3,2585.0,16.2,503,27,6,414520,3393815,499,0,6,-101.33,518,470.0,160.0,496.4876634922564,-4,-188.79988515865261,-19,6,0,2.1915727785991415
1756,567501,414050.0,3393655.0,15,260,3,3,2585.0,16.2,503,27,6,414530,3393805,499,0,6,-103.0,518,480.0,150.0,502.8916384272063,-4,-187.35402463626133,-19,6,0,2.1636913210619855
1757,567501,414050.0,3393655.0,15,260,3,3,2585.0,16.2,503,27,6,414515,3393790,498,0,6,-100.43,518,465.0,135.0,484.2003717470692,-5,-186.18920625702697,-20,6,0,2.36526990330174
1758,567501,414050.0,3393655.0,15,260,3,3,2585.0,16.2,503,27,6,414140,3393595,499,0,10,-76.5,518,90.0,-60.0,108.16653826391968,-4,-136.30993247402023,-19,6,0,9.962658476005261
1759,567501,414050.0,3393655.0,15,260,3,3,2585.0,16.2,503,27,6,414125,3393580,500,54,5,-81.0,518,75.0,-75.0,106.06601717798213,-3,-125.0,-18,6,0,9.6316519614038
1760,567501,414050.0,3393655.0,15,260,3,3,2585.0,16.2,503,27,6,414105,3393715,502,0,5,-93.0,518,55.0,60.0,81.39410298049853,-1,-217.48955292199918,-16,6,0,11.12108733013461
1761,567501,414050.0,3393655.0,15,260,3,3,2585.0,16.2,503,27,6,414205,3393655,499,0,6,-88.0,518,155.0,0.0,155.0,-4,-170.0,-19,6,0,6.988489729983474
1762,567501,414050.0,3393655.0,15,260,3,3,2585.0,16.2,503,27,6,414165,3393615,499,0,6,-83.25,518,115.0,-40.0,121.75795661885921,-4,-150.82099197418927,-19,6,0,8.869321553237048
1763,567501,414050.0,3393655.0,15,260,3,3,2585.0,16.2,503,27,6,414220,3393680,499,0,2,-87.3,518,170.0,25.0,171.82840277439584,-4,-178.3658861240326,-19,6,0,6.309872152353677
1764,567501,414050.0,3393655.0,15,260,3,3,2585.0,16.2,503,27,6,414100,3393720,502,0,5,-91.5,518,50.0,65.0,82.00609733428362,-1,-222.43140797117252,-16,6,0,11.040139431903672
1765,567501,414050.0,3393655.0,15,260,3,3,2585.0,16.2,503,27,6,414190,3393630,499,0,7,-81.35,518,140.0,-25.0,142.21462653327893,-4,-159.87532834460217,-19,6,0,7.609704669965769
1766,567501,414050.0,3393655.0,15,260,3,3,2585.0,16.2,503,27,6,414180,3393640,499,0,7,-81.23,518,130.0,-15.0,130.86252328302402,-4,-163.418055344822,-19,6,0,8.261079090400656
1767,567501,414050.0,3393655.0,15,260,3,3,2585.0,16.2,503,27,6,414235,3393665,499,0,2,-86.4,518,185.0,10.0,185.27007313648906,-4,-173.09405805891708,-19,6,0,5.8553835226596025
1768,567501,414050.0,3393655.0,15,260,3,3,2585.0,16.2,503,27,6,414170,3393610,499,0,6,-81.0,518,120.0,-45.0,128.16005617976296,-4,-149.44395478041656,-19,6,0,8.432798130910372
1769,567501,414050.0,3393655.0,15,260,3,3,2585.0,16.2,503,27,6,414225,3393675,499,0,2,-89.86,518,175.0,20.0,176.13914953808538,-4,-176.51980175165698,-19,6,0,6.156647945986208
1770,567501,414050.0,3393655.0,15,260,3,3,2585.0,16.2,503,27,6,414230,3393670,499,0,2,-85.68,518,180.0,15.0,180.62391868188442,-4,-174.76364169072616,-19,6,0,6.004913556758473
1771,567501,414050.0,3393655.0,15,260,3,3,2585.0,16.2,503,27,6,414200,3393660,499,0,6,-89.4,518,150.0,5.0,150.08331019803634,-4,-171.9091524329964,-19,6,0,7.215055837192452
1772,567501,414050.0,3393655.0,15,260,3,3,2585.0,16.2,503,27,6,414160,3393620,499,0,6,-72.29,518,110.0,-35.0,115.43396380615195,-4,-152.34987578006985,-19,6,0,9.346864751446516
1773,567501,414050.0,3393655.0,15,260,3,3,2585.0,16.2,503,27,6,414215,3393645,499,0,6,-81.7,518,165.0,-10.0,165.3027525481654,-4,-166.53177074108282,-19,6,0,6.556838265565355
1774,567501,414050.0,3393655.0,15,260,3,3,2585.0,16.2,503,27,6,414210,3393650,499,0,6,-86.06,518,160.0,-5.0,160.0781059358212,-4,-168.2100893917539,-19,6,0,6.768886334182364
1775,567501,414050.0,3393655.0,15,260,3,3,2585.0,16.2,503,27,6,414185,3393635,499,0,7,-81.52,518,135.0,-20.0,136.4734406395618,-4,-161.57303097851934,-19,6,0,7.925843122861305
1776,567501,414050.0,3393655.0,15,260,3,3,2585.0,16.2,503,27,6,414175,3393605,499,0,6,-86.5,518,125.0,-50.0,134.6291201783626,-4,-148.19859051364818,-19,6,0,8.033013475170353
1777,567501,414050.0,3393655.0,15,260,3,3,2585.0,16.2,503,27,6,414195,3393625,499,0,7,-83.58,518,145.0,-30.0,148.07092894960846,-4,-158.3106308245608,-19,6,0,7.3120589548945825
1778,567501,414050.0,3393655.0,15,260,3,3,2585.0,16.2,503,27,6,414210,3393725,500,0,6,-103.4,518,160.0,70.0,174.64249196572982,-3,-193.6293777306568,-18,6,0,5.8845657742966875
1779,567501,414050.0,3393655.0,15,260,3,3,2585.0,16.2,503,27,6,414200,3393735,500,0,2,-107.0,518,150.0,80.0,170.0,-3,-198.07248693585296,-18,6,0,6.044092162241109
1780,567501,414050.0,3393655.0,15,260,3,3,2585.0,16.2,503,27,6,414215,3393730,500,0,5,-103.67,518,165.0,75.0,181.24568960391858,-3,-194.44395478041656,-18,6,0,5.671601372097208
1781,567501,414050.0,3393655.0,15,260,3,3,2585.0,16.2,503,27,6,414080,3393615,501,0,11,-87.71,518,30.0,-40.0,50.0,-2,-116.86989764584405,-17,6,0,18.77803322244554
1782,567501,414050.0,3393655.0,15,260,3,3,2585.0,16.2,503,27,6,414140,3393675,500,0,6,-78.43,518,90.0,20.0,92.19544457292888,-3,-182.52880770915152,-18,6,0,11.047312831029233
1783,567501,414050.0,3393655.0,15,260,3,3,2585.0,16.2,503,27,6,414145,3393680,500,18,6,-79.5,518,95.0,25.0,98.2344135219425,-3,-184.74356283647074,-18,6,0,10.38341657312404
1784,567501,414050.0,3393655.0,15,260,3,3,2585.0,16.2,503,27,6,414150,3393665,500,18,6,-74.75,518,100.0,10.0,100.4987562112089,-3,-175.71059313749964,-18,6,0,10.154389636022229
1785,567501,414050.0,3393655.0,15,260,3,3,2585.0,16.2,503,27,6,414105,3393640,501,0,11,-79.38,518,55.0,-15.0,57.0087712549569,-2,-154.7448812969422,-17,6,0,16.604566151538044
1786,567501,414050.0,3393655.0,15,260,3,3,2585.0,16.2,503,27,6,414110,3393625,501,0,11,-79.63,518,60.0,-30.0,67.08203932499369,-2,-143.43494882292202,-17,6,0,14.220575401634786
1787,567501,414050.0,3393655.0,15,260,3,3,2585.0,16.2,503,27,6,414120,3393655,501,0,5,-74.95,518,70.0,0.0,70.0,-2,-170.0,-17,6,0,13.65041913475699
1788,567501,414050.0,3393655.0,15,260,3,3,2585.0,16.2,503,27,6,414135,3393650,500,0,5,-76.39,518,85.0,-5.0,85.14693182963201,-3,-166.6335393365702,-18,6,0,11.936543968468476
1789,567501,414050.0,3393655.0,15,260,3,3,2585.0,16.2,503,27,6,414130,3393645,500,0,11,-73.7,518,80.0,-10.0,80.62257748298549,-3,-162.8749836510982,-18,6,0,12.585595050151632
1790,567501,414050.0,3393655.0,15,260,3,3,2585.0,16.2,503,27,6,414095,3393610,501,0,5,-87.0,518,45.0,-45.0,63.63961030678928,-2,-125.0,-17,6,0,14.95615764081733
1791,567501,414050.0,3393655.0,15,260,3,3,2585.0,16.2,503,27,6,414125,3393660,501,0,5,-76.26,518,75.0,5.0,75.16648189186454,-2,-173.81407483429035,-17,6,0,12.74388097999818
1792,567501,414050.0,3393655.0,15,260,3,3,2585.0,16.2,503,27,6,414115,3393630,500,0,5,-78.43,518,65.0,-25.0,69.6419413859206,-3,-148.96248897457815,-18,6,0,14.491801944068072
1793,567501,414050.0,3393655.0,15,260,3,3,2585.0,16.2,503,27,6,414205,3393740,500,0,2,-102.0,518,155.0,85.0,176.7766952966369,-3,-198.73979529168804,-18,6,0,5.8140117581184425
1794,567501,414050.0,3393655.0,15,260,3,3,2585.0,16.2,503,27,6,414100,3393635,501,0,11,-80.1,518,50.0,-20.0,53.85164807134504,-2,-148.19859051364818,-17,6,0,17.51997270389526
1795,567501,414050.0,3393655.0,15,260,3,3,2585.0,16.2,503,27,6,414175,3393690,500,0,6,-96.25,518,125.0,35.0,129.80754985747168,-3,-185.64224645720873,-18,6,0,7.894679445099195
1796,567501,414050.0,3393655.0,15,260,3,3,2585.0,16.2,503,27,6,414085,3393620,501,0,11,-87.25,518,35.0,-35.0,49.49747468305833,-2,-125.0,-17,6,0,18.955129697977252
1797,567501,414050.0,3393655.0,15,260,3,3,2585.0,16.2,503,27,6,414195,3393715,500,0,6,-99.5,518,145.0,60.0,156.92354826475216,-3,-192.4794343971031,-18,6,0,6.543544616744443
1798,567501,414050.0,3393655.0,15,260,3,3,2585.0,16.2,503,27,6,414160,3393690,500,18,6,-90.5,518,110.0,35.0,115.43396380615195,-3,-187.65012421993015,-18,6,0,8.862945700323786
1799,567501,414050.0,3393655.0,15,260,3,3,2585.0,16.2,503,27,6,414175,3393695,500,0,6,-86.5,518,125.0,40.0,131.24404748406687,-3,-187.74467162505692,-18,6,0,7.809342263672017
1800,567501,414050.0,3393655.0,15,260,3,3,2585.0,16.2,503,27,6,414205,3393725,500,0,6,-100.33,518,155.0,70.0,170.07351351694948,-3,-194.3045492659367,-18,6,0,6.041498956364688
1801,567501,414050.0,3393655.0,15,260,3,3,2585.0,16.2,503,27,6,414190,3393720,500,0,6,-96.5,518,140.0,65.0,154.35349040433132,-3,-194.90476880809518,-18,6,0,6.651529297378005
1802,567501,414050.0,3393655.0,15,260,3,3,2585.0,16.2,503,27,6,414155,3393675,500,18,6,-92.67,518,105.0,20.0,106.88779163215975,-3,-180.7842978675626,-18,6,0,9.55897350420276
1803,567501,414050.0,3393655.0,15,260,3,3,2585.0,16.2,503,27,6,414080,3393610,501,0,11,-98.5,518,30.0,-45.0,54.08326913195984,-2,-113.69006752597977,-17,6,0,17.449503475954494
1804,567501,414050.0,3393655.0,15,260,3,3,2585.0,16.2,503,27,6,414135,3393655,500,0,5,-74.48,518,85.0,0.0,85.0,-3,-170.0,-18,6,0,11.956584243149132
1805,567501,414050.0,3393655.0,15,260,3,3,2585.0,16.2,503,27,6,414085,3393605,501,0,5,-86.0,518,35.0,-50.0,61.032778078668514,-2,-114.99202019855863,-17,6,0,15.564585775591429
1806,567501,414050.0,3393655.0,15,260,3,3,2585.0,16.2,503,27,6,414115,3393635,501,0,5,-73.93,518,65.0,-20.0,68.00735254367721,-2,-152.89727103094765,-17,6,0,14.034785935556176
1807,567501,414050.0,3393655.0,15,260,3,3,2585.0,16.2,503,27,6,414110,3393640,501,0,11,-77.94,518,60.0,-15.0,61.84658438426491,-2,-155.9637565320735,-17,6,0,15.36952380130432
1808,567501,414050.0,3393655.0,15,260,3,3,2585.0,16.2,503,27,6,414125,3393645,500,0,11,-73.81,518,75.0,-10.0,75.66372975210778,-3,-162.40535663140855,-18,6,0,13.381623483602445
1809,567501,414050.0,3393655.0,15,260,3,3,2585.0,16.2,503,27,6,414215,3393735,500,0,5,-91.5,518,165.0,80.0,183.3712082089225,-3,-195.8663567940945,-18,6,0,5.6062811385168585
1810,567501,414050.0,3393655.0,15,260,3,3,2585.0,16.2,503,27,6,414145,3393665,500,0,6,-77.43,518,95.0,10.0,95.524865872714,-3,-176.00900595749454,-18,6,0,10.671266518103224
1811,567501,414050.0,3393655.0,15,260,3,3,2585.0,16.2,503,27,6,414130,3393660,500,0,5,-76.48,518,80.0,5.0,80.15609770940699,-3,-173.57633437499737,-18,6,0,12.656485681272859
1812,567501,414050.0,3393655.0,15,260,3,3,2585.0,16.2,503,27,6,414120,3393650,501,0,11,-71.78,518,70.0,-5.0,70.178344238091,-2,-165.91438322002512,-17,6,0,13.617022453438507
1813,567501,414050.0,3393655.0,15,260,3,3,2585.0,16.2,503,27,6,414095,3393615,501,0,5,-86.3,518,45.0,-40.0,60.207972893961475,-2,-128.36646066342985,-17,6,0,15.76727224001903
1814,567501,414050.0,3393655.0,15,260,3,3,2585.0,16.2,503,27,6,414105,3393625,501,0,11,-81.69,518,55.0,-30.0,62.64982043070834,-2,-141.3895403340348,-17,6,0,15.1816197633973
1815,567501,414050.0,3393655.0,15,260,3,3,2585.0,16.2,503,27,6,414140,3393670,500,0,6,-79.63,518,90.0,15.0,91.2414379544733,-3,-179.46232220802563,-18,6,0,11.159936872185444
1816,567501,414050.0,3393655.0,15,260,3,3,2585.0,16.2,503,27,6,414165,3393685,500,18,5,-94.0,518,115.0,30.0,118.84864324004712,-3,-184.62087398863167,-18,6,0,8.61217479343368
1817,567501,414050.0,3393655.0,15,260,3,3,2585.0,16.2,503,27,6,414090,3393620,501,0,11,-87.53,518,40.0,-35.0,53.150729063673246,-2,-128.81407483429035,-17,6,0,17.736620293943464
1818,567501,414050.0,3393655.0,15,260,3,3,2585.0,16.2,503,27,6,414100,3393630,501,0,11,-82.91,518,50.0,-25.0,55.90169943749474,-2,-143.43494882292202,-17,6,0,16.914791607260977
1819,567501,414050.0,3393655.0,15,260,3,3,2585.0,16.2,503,27,6,414350,3393540,499,0,5,-91.5,518,300.0,-115.0,321.2864765283469,-4,-149.02650657867923,-19,6,0,3.384373450635987
1820,567501,414050.0,3393655.0,15,260,3,3,2585.0,16.2,503,27,6,414480,3393710,499,111,10,-99.33,518,430.0,55.0,433.50317184537414,-4,-177.28895232361015,-19,6,0,2.5096091834342595
1821,567501,414050.0,3393655.0,15,260,3,3,2585.0,16.2,503,27,6,414525,3393745,498,0,6,-95.5,518,475.0,90.0,483.4511350695125,-5,-180.72885929801004,-20,6,0,2.368931348010416
1822,567501,414050.0,3393655.0,15,260,3,3,2585.0,16.2,503,27,6,414555,3393735,499,0,6,-98.8,518,505.0,80.0,511.2973694436536,-4,-179.0017551225613,-19,6,0,2.128153206556163
1823,567501,414050.0,3393655.0,15,260,3,3,2585.0,16.2,503,27,6,414520,3393750,498,0,6,-93.3,518,470.0,95.0,479.5049530505394,-5,-181.4271015939451,-20,6,0,2.3884044579016996
1824,567501,414050.0,3393655.0,15,260,3,3,2585.0,16.2,503,27,6,414530,3393760,498,0,6,-94.73,518,480.0,105.0,491.350180624776,-5,-182.3390872783262,-20,6,0,2.3308902726669642
1825,567501,414050.0,3393655.0,15,260,3,3,2585.0,16.2,503,27,6,414540,3393730,499,0,6,-98.22,518,490.0,75.0,495.70656642816425,-4,-178.7022237899468,-19,6,0,2.1950227186108933
1826,567501,414050.0,3393655.0,15,260,3,3,2585.0,16.2,503,27,6,414545,3393725,499,0,6,-99.33,518,495.0,70.0,499.9249943741561,-4,-178.04906170167453,-19,6,0,2.1765187388821152
1827,567501,414050.0,3393655.0,15,260,3,3,2585.0,16.2,503,27,6,414535,3393755,499,0,6,-94.75,518,485.0,100.0,495.20197899443014,-4,-181.65029943753768,-19,6,0,2.1972571519761943
1828,567501,414050.0,3393655.0,15,260,3,3,2585.0,16.2,503,27,6,414550,3393740,499,0,6,-98.4,518,500.0,85.0,507.17354031928755,-4,-179.64804531609815,-19,6,0,2.145441119433733
1829,567501,414050.0,3393655.0,15,260,3,3,2585.0,16.2,503,27,6,414490,3393720,499,0,10,-98.29,518,440.0,65.0,444.7752241301217,-4,-178.40337109056082,-19,6,0,2.4460857715808597
1830,567501,414050.0,3393655.0,15,260,3,3,2585.0,16.2,503,27,6,414510,3393700,499,0,5,-101.43,518,460.0,45.0,462.1958459354649,-4,-175.58724396420433,-19,6,0,2.353996103774371
1831,567501,414050.0,3393655.0,15,260,3,3,2585.0,16.2,503,27,6,414560,3393790,500,9,5,-102.0,518,510.0,135.0,527.5651618520692,-3,-184.82647997035565,-18,6,0,1.954117130279176
1832,567501,414050.0,3393655.0,15,260,3,3,2585.0,16.2,503,27,6,414355,3393535,499,0,5,-88.0,518,305.0,-120.0,327.75753233144775,-4,-148.5232090204596,-19,6,0,3.317705091357756
1833,567501,414050.0,3393655.0,15,260,3,3,2585.0,16.2,503,27,6,414485,3393705,499,111,5,-97.5,518,435.0,50.0,437.86413417862855,-4,-176.55694649816337,-19,6,0,2.4846458997788776
1834,567501,414050.0,3393655.0,15,260,3,3,2585.0,16.2,503,27,6,414495,3393715,499,0,10,-99.2,518,445.0,60.0,449.02672526253934,-4,-177.6789638073687,-19,6,0,2.422953332683884
1835,567501,414050.0,3393655.0,15,260,3,3,2585.0,16.2,503,27,6,414375,3393680,500,111,7,-98.25,518,325.0,25.0,325.96012026013244,-3,-174.3987053549955,-18,6,0,3.16074749800371
1836,567501,414050.0,3393655.0,15,260,3,3,2585.0,16.2,503,27,6,414360,3393665,500,0,5,-99.2,518,310.0,10.0,310.16124838541646,-3,-171.8476102659946,-18,6,0,3.321396671297541
1837,567501,414050.0,3393655.0,15,260,3,3,2585.0,16.2,503,27,6,414330,3393635,500,0,5,-96.0,518,280.0,-20.0,280.713376952364,-3,-165.91438322002512,-18,6,0,3.6689167773401676
1838,567501,414050.0,3393655.0,15,260,3,3,2585.0,16.2,503,27,6,414265,3393690,499,0,7,-88.0,518,215.0,35.0,217.83020910791964,-4,-179.2461127455632,-19,6,0,4.984944955376254
1839,567501,414050.0,3393655.0,15,260,3,3,2585.0,16.2,503,27,6,414260,3393685,499,0,7,-89.9,518,210.0,30.0,212.13203435596427,-4,-178.13010235415595,-19,6,0,5.118145857102647
1840,567501,414050.0,3393655.0,15,260,3,3,2585.0,16.2,503,27,6,414250,3393715,499,18,6,-101.6,518,200.0,60.0,208.806130178211,-4,-186.69924423399362,-19,6,0,5.199225349182282
1841,567501,414050.0,3393655.0,15,260,3,3,2585.0,16.2,503,27,6,414480,3393465,501,0,5,-99.0,518,430.0,-190.0,470.1063709417263,-2,-146.1612598168283,-17,6,0,2.0710291719148155
1842,567501,414050.0,3393655.0,15,260,3,3,2585.0,16.2,503,27,6,414370,3393675,500,111,7,-92.17,518,320.0,20.0,320.62439083762797,-3,-173.57633437499737,-18,6,0,3.2132383338279418
1843,567501,414050.0,3393655.0,15,260,3,3,2585.0,16.2,503,27,6,414315,3393740,500,0,6,-101.0,518,265.0,85.0,278.29840100151495,-3,-187.7838884426925,-18,6,0,3.700666258675244
1844,567501,414050.0,3393655.0,15,260,3,3,2585.0,16.2,503,27,6,414365,3393670,500,0,5,-94.2,518,315.0,15.0,315.35694062442957,-3,-172.72631099390628,-18,6,0,3.2667942031563673
1845,567501,414050.0,3393655.0,15,260,3,3,2585.0,16.2,503,27,6,414270,3393695,500,0,7,-94.67,518,220.0,40.0,223.60679774997897,-3,-180.30484646876602,-18,6,0,4.602297438795547
1846,567501,414050.0,3393655.0,15,260,3,3,2585.0,16.2,503,27,6,414055,3393615,502,0,11,-94.67,518,5.0,-40.0,40.311288741492746,-1,-87.1250163489018,-16,6,0,21.648679905696664
1847,567501,414050.0,3393655.0,15,260,3,3,2585.0,16.2,503,27,6,414045,3393605,501,0,11,-92.33,518,-5.0,-50.0,50.24937810560445,-2,-74.28940686250036,-17,6,0,18.69132830334244
1848,567501,414050.0,3393655.0,15,260,3,3,2585.0,16.2,503,27,6,414065,3393625,502,0,11,-90.5,518,15.0,-30.0,33.54101966249684,-1,-106.56505117707798,-16,6,0,25.50244125286558
1849,567501,414050.0,3393655.0,15,260,3,3,2585.0,16.2,503,27,6,414070,3393640,502,27,5,-84.5,518,20.0,-15.0,25.0,-1,-133.13010235415595,-16,6,0,32.61924307119283
1850,567501,414050.0,3393655.0,15,260,3,3,2585.0,16.2,503,27,6,414050,3393620,502,0,5,-89.0,518,0.0,-35.0,35.0,-1,-80.0,-16,6,0,24.567171320601314
1851,567501,414050.0,3393655.0,15,260,3,3,2585.0,16.2,503,27,6,414075,3393635,502,27,11,-85.0,518,25.0,-20.0,32.01562118716424,-1,-131.34019174590992,-16,6,0,26.553867693508632
1852,567501,414050.0,3393655.0,15,260,3,3,2585.0,16.2,503,27,6,414210,3393565,500,0,5,-86.0,518,160.0,-90.0,183.5755975068582,-3,-140.64224645720873,-18,6,0,5.600078919299996
1853,567501,414050.0,3393655.0,15,260,3,3,2585.0,16.2,503,27,6,414220,3393595,499,0,7,-86.67,518,170.0,-60.0,180.27756377319946,-4,-150.55996517182382,-19,6,0,6.016365847585433
1854,567501,414050.0,3393655.0,15,260,3,3,2585.0,16.2,503,27,6,414265,3393320,502,0,6,-105.0,518,215.0,-335.0,398.05778474990285,-1,-112.69198418257207,-16,6,0,2.3017744623654077
1855,567501,414050.0,3393655.0,15,260,3,3,2585.0,16.2,503,27,6,414230,3393535,501,0,12,-95.0,518,180.0,-120.0,216.33307652783935,-2,-136.30993247402023,-17,6,0,4.493213516377645
1856,567501,414050.0,3393655.0,15,260,3,3,2585.0,16.2,503,27,6,414225,3393530,501,24,12,-93.0,518,175.0,-125.0,215.05813167606567,-2,-134.46232220802563,-17,6,0,4.5197409179289085
1857,567501,414050.0,3393655.0,15,260,3,3,2585.0,16.2,503,27,6,414235,3393540,501,0,12,-89.0,518,185.0,-115.0,217.83020910791964,-2,-138.13402230639633,-17,6,0,4.462457120412535
1858,567501,414050.0,3393655.0,15,260,3,3,2585.0,16.2,503,27,6,414285,3393310,501,0,5,-104.0,518,235.0,-345.0,417.43262929483603,-2,-114.26110289909457,-17,6,0,2.3320896151068706
1859,567501,414050.0,3393655.0,15,260,3,3,2585.0,16.2,503,27,6,414170,3393595,499,0,6,-71.0,518,120.0,-60.0,134.16407864998737,-4,-143.43494882292202,-19,6,0,8.060492312152014
1860,567501,414050.0,3393655.0,15,260,3,3,2585.0,16.2,503,27,6,414270,3393335,502,0,6,-103.5,518,220.0,-320.0,388.329756778952,-1,-114.50852298766841,-16,6,0,2.3593717239555128
1861,567501,414050.0,3393655.0,15,260,3,3,2585.0,16.2,503,27,6,414475,3393780,498,0,6,-93.0,518,425.0,125.0,443.00112866673373,-5,-186.3895403340348,-20,6,0,2.5849550384849436
1862,567501,414050.0,3393655.0,15,260,3,3,2585.0,16.2,503,27,6,414460,3393765,499,0,13,-99.0,518,410.0,110.0,424.4997055358225,-4,-185.0183606311507,-19,6,0,2.562766744795273
1863,567501,414050.0,3393655.0,15,260,3,3,2585.0,16.2,503,27,6,414240,3393345,503,0,5,-91.5,518,190.0,-310.0,363.59317925395686,0,-111.50426671920417,-15,6,0,2.3623919849372124
1864,567501,414050.0,3393655.0,15,260,3,3,2585.0,16.2,503,27,6,414470,3393775,499,0,5,-104.5,518,420.0,120.0,436.8065933568311,-4,-185.94539590092285,-19,6,0,2.49065384371417
1865,567501,414050.0,3393655.0,15,260,3,3,2585.0,16.2,503,27,6,414260,3393325,502,0,6,-106.33,518,210.0,-330.0,391.1521443121589,-1,-112.47119229084848,-16,6,0,2.3423665322084744
1866,567501,414050.0,3393655.0,15,260,3,3,2585.0,16.2,503,27,6,414160,3393585,499,0,5,-76.38,518,110.0,-70.0,130.38404810405297,-4,-137.52880770915152,-19,6,0,8.290974400390276
1867,567501,414050.0,3393655.0,15,260,3,3,2585.0,16.2,503,27,6,414465,3393770,499,0,5,-97.67,518,415.0,115.0,430.6390600026895,-4,-185.4885014429097,-19,6,0,2.526278641757083
1868,567501,414050.0,3393655.0,15,260,3,3,2585.0,16.2,503,27,6,414205,3393550,500,0,5,-82.5,518,155.0,-105.0,187.21645226849054,-3,-135.88552705465872,-18,6,0,5.491844851767013
1869,567501,414050.0,3393655.0,15,260,3,3,2585.0,16.2,503,27,6,414225,3393555,500,0,12,-88.0,518,175.0,-100.0,201.55644370746373,-3,-140.25511870305775,-18,6,0,5.103262007412762
1870,567501,414050.0,3393655.0,15,260,3,3,2585.0,16.2,503,27,6,414220,3393560,500,0,12,-91.0,518,170.0,-95.0,194.74342094150447,-3,-140.80251395393555,-18,6,0,5.2808051814850945
1871,567501,414050.0,3393655.0,15,260,3,3,2585.0,16.2,503,27,6,414160,3393580,499,0,10,-81.67,518,110.0,-75.0,133.13526955694348,-4,-135.71312302279102,-19,6,0,8.121952188501124
1872,567501,414050.0,3393655.0,15,260,3,3,2585.0,16.2,503,27,6,414475,3393785,498,0,6,-96.5,518,425.0,130.0,444.43784717325775,-5,-187.0079469554073,-20,6,0,2.5766100255645967
1873,567501,414050.0,3393655.0,15,260,3,3,2585.0,16.2,503,27,6,414535,3393845,500,0,5,-106.0,518,485.0,190.0,520.8886637276722,-3,-191.39289035198146,-18,6,0,1.9791442622052082
1874,567501,414050.0,3393655.0,15,260,3,3,2585.0,16.2,503,27,6,414230,3393550,501,0,12,-86.67,518,180.0,-105.0,208.38665984174708,-2,-139.74356283647074,-17,6,0,4.6638113540111155
1875,567501,414050.0,3393655.0,15,260,3,3,2585.0,16.2,503,27,6,414235,3393545,501,0,12,-89.38,518,185.0,-110.0,215.23243250030885,-2,-139.26451229807992,-17,6,0,4.5160958612532855
1876,567501,414050.0,3393655.0,15,260,3,3,2585.0,16.2,503,27,6,414355,3393605,500,0,5,-94.5,518,305.0,-50.0,309.0711892105118,-3,-160.69005982501398,-18,6,0,3.333084498080527
1877,567501,414050.0,3393655.0,15,260,3,3,2585.0,16.2,503,27,6,414365,3393675,500,0,7,-97.0,518,315.0,20.0,315.6342820417326,-3,-173.6329507394882,-18,6,0,3.2639299463763263
1878,567501,414050.0,3393655.0,15,260,3,3,2585.0,16.2,503,27,6,414250,3393710,499,18,6,-86.67,518,200.0,55.0,207.4246851269154,-4,-185.37625124882618,-19,6,0,5.2336604443094
1879,567501,414050.0,3393655.0,15,260,3,3,2585.0,16.2,503,27,6,414360,3393680,500,0,5,-94.5,518,310.0,25.0,311.0064308016797,-3,-174.6106493186606,-18,6,0,3.312390661718337
1880,567501,414050.0,3393655.0,15,260,3,3,2585.0,16.2,503,27,6,414315,3393725,500,0,5,-101.8,518,265.0,70.0,274.0894014733149,-3,-184.79676224505732,-18,6,0,3.7573332459101993
1881,567501,414050.0,3393655.0,15,260,3,3,2585.0,16.2,503,27,6,414265,3393695,499,0,7,-90.0,518,215.0,40.0,218.68927728629038,-4,-180.53918372862825,-19,6,0,4.9654608925136685
1882,567501,414050.0,3393655.0,15,260,3,3,2585.0,16.2,503,27,6,414275,3393685,499,0,7,-89.59,518,225.0,30.0,226.99118925632334,-4,-177.59464336859145,-19,6,0,4.7847145391926365
1883,567501,414050.0,3393655.0,15,260,3,3,2585.0,16.2,503,27,6,414260,3393700,499,18,7,-94.5,518,210.0,45.0,214.76731594914529,-4,-182.0947570770121,-19,6,0,5.0556716217985125
1884,567501,414050.0,3393655.0,15,260,3,3,2585.0,16.2,503,27,6,414255,3393705,499,18,7,-92.17,518,205.0,50.0,211.00947846009194,-4,-183.7069610040798,-19,6,0,5.145228276675967
1885,567501,414050.0,3393655.0,15,260,3,3,2585.0,16.2,503,27,6,414370,3393670,500,0,7,-92.5,518,320.0,15.0,320.3513695928269,-3,-172.68377515946895,-18,6,0,3.2159710884579824
1886,567501,414050.0,3393655.0,15,260,3,3,2585.0,16.2,503,27,6,414320,3393640,500,0,7,-96.5,518,270.0,-15.0,270.4163456597992,-3,-166.82016988013578,-18,6,0,3.808219799072917
1887,567501,414050.0,3393655.0,15,260,3,3,2585.0,16.2,503,27,6,414270,3393690,499,0,7,-93.6,518,220.0,35.0,222.76669409945464,-4,-179.0394828033551,-19,6,0,4.875017489948617
1888,567501,414050.0,3393655.0,15,260,3,3,2585.0,16.2,503,27,6,414345,3393650,500,111,10,-93.5,518,295.0,-5.0,295.0423698386386,-3,-169.02897806892082,-18,6,0,3.4911845126313255
1889,567501,414050.0,3393655.0,15,260,3,3,2585.0,16.2,503,27,6,414335,3393680,500,0,5,-92.7,518,285.0,25.0,286.09439001839934,-3,-175.01311375503582,-18,6,0,3.6000930867348147
1890,567501,414050.0,3393655.0,15,260,3,3,2585.0,16.2,503,27,6,414300,3393685,500,0,5,-96.5,518,250.0,30.0,251.79356624028344,-3,-176.84277341263095,-18,6,0,4.088955028973602
1891,567501,414050.0,3393655.0,15,260,3,3,2585.0,16.2,503,27,6,414310,3393695,500,0,10,-92.17,518,260.0,40.0,263.0589287593181,-3,-178.74616226255523,-18,6,0,3.9144041294451104
1892,567501,414050.0,3393655.0,15,260,3,3,2585.0,16.2,503,27,6,414330,3393675,500,0,5,-93.0,518,280.0,20.0,280.713376952364,-3,-174.08561677997488,-18,6,0,3.6689167773401676
1893,567501,414050.0,3393655.0,15,260,3,3,2585.0,16.2,503,27,6,414325,3393670,500,0,5,-95.4,518,275.0,15.0,275.40878707840824,-3,-173.1221304621157,-18,6,0,3.73938439040705
1894,567501,414050.0,3393655.0,15,260,3,3,2585.0,16.2,503,27,6,414320,3393665,500,0,5,-93.4,518,270.0,10.0,270.1851217221259,-3,-172.12109639666147,-18,6,0,3.811469264439561
1895,567501,414050.0,3393655.0,15,260,3,3,2585.0,16.2,503,27,6,414350,3393655,500,111,5,-99.5,518,300.0,0.0,300.0,-3,-170.0,-18,6,0,3.4336303624505224
1896,567501,414050.0,3393655.0,15,260,3,3,2585.0,16.2,503,27,6,414340,3393645,500,111,10,-105.0,518,290.0,-10.0,290.17236257093816,-3,-168.02506598911805,-18,6,0,3.5496290186616695
1897,567501,414050.0,3393655.0,15,260,3,3,2585.0,16.2,503,27,6,414290,3393715,500,18,5,-95.5,518,240.0,60.0,247.38633753705963,-3,-184.03624346792645,-18,6,0,4.161546742043851
1898,567501,414050.0,3393655.0,15,260,3,3,2585.0,16.2,503,27,6,414315,3393700,500,0,10,-90.14,518,265.0,45.0,268.79360111431225,-3,-179.63753811293094,-18,6,0,3.831142291254625
1899,567501,414050.0,3393655.0,15,260,3,3,2585.0,16.2,503,27,6,414065,3393930,501,0,5,-107.0,518,15.0,275.0,275.40878707840824,-2,-256.8778695378843,-17,6,0,3.532182169298269
1900,567501,414050.0,3393655.0,15,260,3,3,2585.0,16.2,503,27,6,414305,3393690,500,0,10,-93.18,518,255.0,35.0,257.390753524675,-3,-177.8152935467669,-18,6,0,4.000328996180363
1901,567501,414050.0,3393655.0,15,260,3,3,2585.0,16.2,503,27,6,414205,3393520,501,0,6,-112.5,518,155.0,-135.0,205.54804791094466,-2,-128.94518622903752,-17,6,0,4.727928437030017
1902,567501,414050.0,3393655.0,15,260,3,3,2585.0,16.2,503,27,6,414155,3393570,499,0,10,-89.5,518,105.0,-85.0,135.09256086106296,-4,-131.00900595749454,-19,6,0,8.005813777548799
1903,567501,414050.0,3393655.0,15,260,3,3,2585.0,16.2,503,27,6,414510,3393765,498,0,6,-102.5,518,460.0,110.0,472.96934361541867,-5,-183.4486150516865,-20,6,0,2.4213690172655027
1904,567501,414050.0,3393655.0,15,260,3,3,2585.0,16.2,503,27,6,414125,3393600,500,0,5,-84.0,518,75.0,-55.0,93.00537618869137,-3,-133.74616226255523,-18,6,0,10.953444758225038
1905,567501,414050.0,3393655.0,15,260,3,3,2585.0,16.2,503,27,6,414140,3393575,499,54,5,-78.0,518,90.0,-80.0,120.41594578792295,-4,-128.36646066342985,-19,6,0,8.966570912345551
1906,567501,414050.0,3393655.0,15,260,3,3,2585.0,16.2,503,27,6,414515,3393770,498,0,6,-96.75,518,465.0,115.0,479.0093944798995,-5,-183.89119117145486,-20,6,0,2.3908725128576758
1907,567501,414050.0,3393655.0,15,260,3,3,2585.0,16.2,503,27,6,414500,3393775,497,0,5,-98.0,518,450.0,120.0,465.72524088780074,-6,-184.93141717813756,-21,6,0,2.5817731209320987
1908,567501,414050.0,3393655.0,15,260,3,3,2585.0,16.2,503,27,6,414505,3393780,498,0,6,-97.33,518,455.0,125.0,471.85802949616107,-5,-185.36161631184865,-20,6,0,2.4270649836662783
1909,567501,414050.0,3393655.0,15,260,3,3,2585.0,16.2,503,27,6,414560,3393715,499,0,6,-99.0,518,510.0,60.0,513.5172830587107,-4,-176.70983680775691,-19,6,0,2.1189616943226333
1910,567501,414050.0,3393655.0,15,260,3,3,2585.0,16.2,503,27,6,414145,3393580,499,0,5,-76.0,518,95.0,-75.0,121.03718436910205,-4,-131.70983680775691,-19,6,0,8.9212909696908
1911,567501,414050.0,3393655.0,15,260,3,3,2585.0,16.2,503,27,6,414565,3393720,499,0,6,-96.0,518,515.0,65.0,519.0857347298229,-4,-177.1934700552955,-19,6,0,2.0962510873298656
1912,567501,414050.0,3393655.0,15,260,3,3,2585.0,16.2,503,27,6,414135,3393590,499,0,5,-73.5,518,85.0,-65.0,107.00467279516349,-4,-132.59464336859145,-19,6,0,10.06863198914884
1913,567501,414050.0,3393655.0,15,260,3,3,2585.0,16.2,503,27,6,414130,3393585,499,54,5,-75.5,518,80.0,-70.0,106.30145812734649,-4,-128.81407483429035,-19,6,0,10.133862835819166
1914,567501,414050.0,3393655.0,15,260,3,3,2585.0,16.2,503,27,6,414280,3393710,500,18,5,-92.5,518,230.0,55.0,236.48467180770933,-3,-183.4486150516865,-18,6,0,4.352668054716901
1915,567501,414050.0,3393655.0,15,260,3,3,2585.0,16.2,503,27,6,414350,3393660,500,111,5,-95.0,518,300.0,5.0,300.04166377354994,-3,-170.9548412538722,-18,6,0,3.433154709184059
1916,567501,414050.0,3393655.0,15,260,3,3,2585.0,16.2,503,27,6,414310,3393700,500,0,10,-94.43,518,260.0,45.0,263.86549603917524,-3,-179.8193006387579,-18,6,0,3.90247585534932
1917,567501,414050.0,3393655.0,15,260,3,3,2585.0,16.2,503,27,6,414335,3393675,500,0,5,-94.2,518,285.0,20.0,285.70089254323307,-3,-174.01417569541104,-18,6,0,3.605038448253093
1918,567501,414050.0,3393655.0,15,260,3,3,2585.0,16.2,503,27,6,414325,3393665,500,0,5,-94.2,518,275.0,10.0,275.1817581163403,-3,-172.0825652797309,-18,6,0,3.742460673273913
1919,567501,414050.0,3393655.0,15,260,3,3,2585.0,16.2,503,27,6,414320,3393670,500,0,5,-90.13,518,270.0,15.0,270.4163456597992,-3,-173.17983011986422,-18,6,0,3.808219799072917
1920,567501,414050.0,3393655.0,15,260,3,3,2585.0,16.2,503,27,6,414330,3393680,500,0,5,-94.6,518,280.0,25.0,281.1138559374119,-3,-175.1021652523582,-18,6,0,3.663704229863331
1921,567501,414050.0,3393655.0,15,260,3,3,2585.0,16.2,503,27,6,414305,3393685,500,0,10,-89.94,518,255.0,30.0,256.7586415293554,-3,-176.70983680775691,-18,6,0,4.010145281702475
1922,567501,414050.0,3393655.0,15,260,3,3,2585.0,16.2,503,27,6,414315,3393695,500,0,5,-94.7,518,265.0,40.0,268.00186566514793,-3,-178.58362148011395,-18,6,0,3.8424264592342725
1923,567501,414050.0,3393655.0,15,260,3,3,2585.0,16.2,503,27,6,414340,3393650,500,111,10,-94.5,518,290.0,-5.0,290.0431002454635,-3,-169.0122396003602,-18,6,0,3.5512069199328087
1924,567501,414050.0,3393655.0,15,260,3,3,2585.0,16.2,503,27,6,414300,3393690,500,0,10,-91.47,518,250.0,35.0,252.43811122728675,-3,-177.96961039432136,-18,6,0,4.07855006253606
1925,567501,414050.0,3393655.0,15,260,3,3,2585.0,16.2,503,27,6,414295,3393715,500,18,5,-94.5,518,245.0,60.0,252.23996511258878,-3,-183.76078511179122,-18,6,0,4.081743126681676
1926,567501,414050.0,3393655.0,15,260,3,3,2585.0,16.2,503,27,6,414215,3393605,499,0,7,-89.5,518,165.0,-50.0,172.40939649566667,-4,-153.14160123226173,-19,6,0,6.288779482231681
1927,567501,414050.0,3393655.0,15,260,3,3,2585.0,16.2,503,27,6,414205,3393615,499,0,7,-88.5,518,155.0,-40.0,160.0781059358212,-4,-155.52970589993413,-19,6,0,6.768886334182364
1928,567501,414050.0,3393655.0,15,260,3,3,2585.0,16.2,503,27,6,414180,3393680,500,0,5,-83.75,518,130.0,25.0,132.38202294873727,-3,-180.88552705465872,-18,6,0,7.743029824745633
1929,567501,414050.0,3393655.0,15,260,3,3,2585.0,16.2,503,27,6,414220,3393640,499,0,6,-84.0,518,170.0,-15.0,170.66048165876012,-4,-164.9575489308291,-19,6,0,6.352702140831586
1930,567501,414050.0,3393655.0,15,260,3,3,2585.0,16.2,503,27,6,414160,3393660,500,18,6,-81.6,518,110.0,5.0,110.11357772772621,-3,-172.60256220249983,-18,6,0,9.283889912490663
1931,567501,414050.0,3393655.0,15,260,3,3,2585.0,16.2,503,27,6,414195,3393665,499,0,6,-84.22,518,145.0,10.0,145.34441853748632,-4,-173.94518622903757,-19,6,0,7.447699632530754
1932,567501,414050.0,3393655.0,15,260,3,3,2585.0,16.2,503,27,6,414120,3393700,501,0,5,-79.0,518,70.0,45.0,83.21658488546619,-2,-202.73522627210758,-17,6,0,11.545872465738235
1933,567501,414050.0,3393655.0,15,260,3,3,2585.0,16.2,503,27,6,414170,3393650,499,0,7,-79.94,518,120.0,-5.0,120.10412149464314,-4,-167.61405596961117,-19,6,0,8.989470983070996
1934,567501,414050.0,3393655.0,15,260,3,3,2585.0,16.2,503,27,6,414165,3393655,500,0,5,-79.73,518,115.0,0.0,115.0,-3,-170.0,-18,6,0,8.895856969663305
1935,567501,414050.0,3393655.0,15,260,3,3,2585.0,16.2,503,27,6,414175,3393645,499,0,7,-78.76,518,125.0,-10.0,125.39936203984452,-4,-165.42607874009911,-19,6,0,8.615691357893432
1936,567501,414050.0,3393655.0,15,260,3,3,2585.0,16.2,503,27,6,414095,3393725,502,0,5,-94.5,518,45.0,70.0,83.21658488546619,-1,-227.26477372789242,-16,6,0,10.883409407298705
1937,567501,414050.0,3393655.0,15,260,3,3,2585.0,16.2,503,27,6,414190,3393670,499,0,6,-87.17,518,140.0,15.0,140.80127840328723,-4,-176.11550356628538,-19,6,0,7.685181628094281
1938,567501,414050.0,3393655.0,15,260,3,3,2585.0,16.2,503,27,6,414185,3393675,500,0,5,-85.86,518,135.0,20.0,136.4734406395618,-3,-178.42696902148066,-18,6,0,7.513589354419147
1939,567501,414050.0,3393655.0,15,260,3,3,2585.0,16.2,503,27,6,414200,3393620,499,0,7,-88.33,518,150.0,-35.0,154.02921800749363,-4,-156.86597769360367,-19,6,0,7.032095640711637
1940,567501,414050.0,3393655.0,15,260,3,3,2585.0,16.2,503,27,6,414230,3393630,499,0,5,-84.0,518,180.0,-25.0,181.72781845386248,-4,-162.09283729704157,-19,6,0,5.968701025418693
1941,567501,414050.0,3393655.0,15,260,3,3,2585.0,16.2,503,27,6,414045,3393830,501,0,5,-104.0,518,-5.0,175.0,175.07141400011596,-2,98.3634229583833,-17,6,0,5.546217113908482
1942,567501,414050.0,3393655.0,15,260,3,3,2585.0,16.2,503,27,6,414255,3393695,499,0,7,-91.67,518,205.0,40.0,208.86598574205422,-4,-181.04094018032373,-19,6,0,5.197743548660988
1943,567501,414050.0,3393655.0,15,260,3,3,2585.0,16.2,503,27,6,414395,3393675,500,111,7,-95.0,518,345.0,20.0,345.5792239125495,-3,-173.31778116833482,-18,6,0,2.9816401408387296
1944,567501,414050.0,3393655.0,15,260,3,3,2585.0,16.2,503,27,6,414245,3393685,499,0,6,-90.13,518,195.0,30.0,197.29419656948858,-4,-178.74616226255523,-19,6,0,5.500785413395319
1945,567501,414050.0,3393655.0,15,260,3,3,2585.0,16.2,503,27,6,414350,3393640,500,111,10,-108.0,518,300.0,-15.0,300.3747659175118,-3,-167.13759477388828,-18,6,0,3.4293565858644537
1946,567501,414050.0,3393655.0,15,260,3,3,2585.0,16.2,503,27,6,414240,3393690,499,18,5,-90.11,518,190.0,35.0,193.19679086361657,-4,-180.43747535111817,-19,6,0,5.61671027057179
1947,567501,414050.0,3393655.0,15,260,3,3,2585.0,16.2,503,27,6,414390,3393680,500,0,7,-97.5,518,340.0,25.0,340.91787867461574,-3,-174.2053570017086,-18,6,0,3.0223328140014702
1948,567501,414050.0,3393655.0,15,260,3,3,2585.0,16.2,503,27,6,414250,3393700,499,18,5,-91.75,518,200.0,45.0,205.0,-4,-182.68038349181984,-19,6,0,5.295212936617116
1949,567501,414050.0,3393655.0,15,260,3,3,2585.0,16.2,503,27,6,414075,3393640,502,27,5,-72.5,518,25.0,-15.0,29.154759474226502,-1,-139.0362434679265,-16,6,0,28.75778073300796
1950,567501,414050.0,3393655.0,15,260,3,3,2585.0,16.2,503,27,6,414050,3393615,502,0,5,-88.5,518,0.0,-40.0,40.0,-1,-80.0,-16,6,0,21.80140948635181
1951,567501,414050.0,3393655.0,15,260,3,3,2585.0,16.2,503,27,6,414040,3393605,501,0,11,-96.0,518,-10.0,-50.0,50.99019513592785,-2,-68.6900675259798,-17,6,0,18.43825396732722
1952,567501,414050.0,3393655.0,15,260,3,3,2585.0,16.2,503,27,6,414060,3393625,502,0,11,-97.25,518,10.0,-30.0,31.622776601683793,-1,-98.43494882292202,-16,6,0,26.83778755833606
1953,567501,414050.0,3393655.0,15,260,3,3,2585.0,16.2,503,27,6,414065,3393630,502,27,11,-91.33,518,15.0,-25.0,29.154759474226502,-1,-110.96375653207349,-16,6,0,28.75778073300796
1954,567501,414050.0,3393655.0,15,260,3,3,2585.0,16.2,503,27,6,414055,3393620,502,0,11,-93.0,518,5.0,-35.0,35.35533905932738,-1,-88.13010235415595,-16,6,0,24.34905076402161
1955,567501,414050.0,3393655.0,15,260,3,3,2585.0,16.2,503,27,6,414285,3393570,500,0,5,-83.0,518,235.0,-85.0,249.899979991996,-3,-150.11483488614454,-18,6,0,4.119832294572182
1956,567501,414050.0,3393655.0,15,260,3,3,2585.0,16.2,503,27,6,414300,3393585,500,0,2,-81.0,518,250.0,-70.0,259.61509971494337,-3,-154.35775354279127,-18,6,0,3.966164586794864
1957,567501,414050.0,3393655.0,15,260,3,3,2585.0,16.2,503,27,6,414430,3393715,500,0,5,-101.5,518,380.0,60.0,384.7076812334269,-3,-178.9726266148964,-18,6,0,2.678845473310666
1958,567501,414050.0,3393655.0,15,260,3,3,2585.0,16.2,503,27,6,414405,3393690,500,0,7,-98.0,518,355.0,35.0,356.72117963473937,-3,-175.63068275763527,-18,6,0,2.8886708063191477
1959,567501,414050.0,3393655.0,15,260,3,3,2585.0,16.2,503,27,6,414250,3393535,501,0,5,-90.33,518,200.0,-120.0,233.23807579381202,-2,-139.0362434679265,-17,6,0,4.1687399618329435
1960,567501,414050.0,3393655.0,15,260,3,3,2585.0,16.2,503,27,6,414235,3393360,503,0,13,-90.0,518,185.0,-295.0,348.209706929603,0,-112.09259132873416,-15,6,0,2.46663334304209
1961,567501,414050.0,3393655.0,15,260,3,3,2585.0,16.2,503,27,6,414425,3393710,500,0,5,-101.7,518,375.0,55.0,379.0118731649445,-3,-178.3438915840331,-18,6,0,2.7190433181702294
1962,567501,414050.0,3393655.0,15,260,3,3,2585.0,16.2,503,27,6,414455,3393740,500,0,10,-100.33,518,405.0,85.0,413.82363393117123,-3,-181.85300416774402,-18,6,0,2.4906126001848365
1963,567501,414050.0,3393655.0,15,260,3,3,2585.0,16.2,503,27,6,414465,3393750,499,0,10,-99.0,518,415.0,95.0,425.73465914816,-4,-182.89374404488217,-19,6,0,2.5553426445251883
1964,567501,414050.0,3393655.0,15,260,3,3,2585.0,16.2,503,27,6,414475,3393760,498,0,10,-97.67,518,425.0,105.0,437.77848279695064,-5,-183.877529803208,-20,6,0,2.61575066873736
1965,567501,414050.0,3393655.0,15,260,3,3,2585.0,16.2,503,27,6,414450,3393735,500,0,10,-98.0,518,400.0,80.0,407.9215610874228,-3,-181.30993247402023,-18,6,0,2.526602027219685
1966,567501,414050.0,3393655.0,15,260,3,3,2585.0,16.2,503,27,6,414280,3393565,500,0,6,-81.0,518,230.0,-90.0,246.9817807045694,-3,-148.6293777306568,-18,6,0,4.1683393595427765
1967,567501,414050.0,3393655.0,15,260,3,3,2585.0,16.2,503,27,6,414470,3393755,499,0,10,-103.33,518,420.0,100.0,431.7406628984581,-4,-183.39249775375112,-19,6,0,2.519841063855583
1968,567501,414050.0,3393655.0,15,260,3,3,2585.0,16.2,503,27,6,414420,3393705,500,0,5,-101.0,518,370.0,50.0,373.3630940518894,-3,-177.6960517220166,-18,6,0,2.7601178126355728
1969,567501,414050.0,3393655.0,15,260,3,3,2585.0,16.2,503,27,6,414255,3393540,500,0,5,-87.0,518,205.0,-115.0,235.05318547086316,-3,-140.70863782901574,-18,6,0,4.3790732344953796
1970,567501,414050.0,3393655.0,15,260,3,3,2585.0,16.2,503,27,6,414440,3393725,500,0,5,-98.33,518,390.0,70.0,396.23225512317896,-3,-180.17551084304318,-18,6,0,2.6010387827700816
1971,567501,414050.0,3393655.0,15,260,3,3,2585.0,16.2,503,27,6,414290,3393575,500,0,2,-81.67,518,240.0,-80.0,252.98221281347034,-3,-151.56505117707798,-18,6,0,4.069807627117499
1972,567501,414050.0,3393655.0,15,260,3,3,2585.0,16.2,503,27,6,414400,3393685,500,0,7,-99.43,518,350.0,30.0,351.2833614050059,-3,-174.89909245378777,-18,6,0,2.9333095337562476
1973,567501,414050.0,3393655.0,15,260,3,3,2585.0,16.2,503,27,6,414350,3393665,500,0,5,-106.25,518,300.0,10.0,300.1666203960727,-3,-171.9091524329964,-18,6,0,3.43172893455207
1974,567501,414050.0,3393655.0,15,260,3,3,2585.0,16.2,503,27,6,414355,3393670,500,0,5,-97.75,518,305.0,15.0,305.3686296920494,-3,-172.81555668421123,-18,6,0,3.3734049908809607
1975,567501,414050.0,3393655.0,15,260,3,3,2585.0,16.2,503,27,6,414285,3393700,500,0,5,-96.5,518,235.0,45.0,239.26972228010797,-3,-180.84030545433058,-18,6,0,4.3021952243782575
1976,567501,414050.0,3393655.0,15,260,3,3,2585.0,16.2,503,27,6,414345,3393680,500,0,5,-96.2,518,295.0,25.0,296.05742686174926,-3,-174.84400037508067,-18,6,0,3.4792441558873466
1977,567501,414050.0,3393655.0,15,260,3,3,2585.0,16.2,503,27,6,414340,3393675,500,0,5,-95.56,518,290.0,20.0,290.68883707497264,-3,-173.94518622903757,-18,6,0,3.543338381578365
1978,567501,414050.0,3393655.0,15,260,3,3,2585.0,16.2,503,27,6,414280,3393695,500,0,5,-90.33,518,230.0,40.0,233.45235059857504,-3,-179.86580694308435,-18,6,0,4.408983516366096
1979,567501,414050.0,3393655.0,15,260,3,3,2585.0,16.2,503,27,6,414310,3393705,500,0,5,-92.33,518,260.0,50.0,264.76404589747455,-3,-180.88552705465872,-18,6,0,3.8892724419309603
1980,567501,414050.0,3393655.0,15,260,3,3,2585.0,16.2,503,27,6,414315,3393710,500,0,5,-102.0,518,265.0,55.0,270.64737205448716,-3,-181.72511201516505,-18,6,0,3.804978630562779
1981,567501,414050.0,3393655.0,15,260,3,3,2585.0,16.2,503,27,6,414325,3393660,500,0,5,-101.0,518,275.0,5.0,275.04545078950133,-3,-171.04162667600997,-18,6,0,3.74431009130848
1982,567501,414050.0,3393655.0,15,260,3,3,2585.0,16.2,503,27,6,414295,3393690,500,0,10,-87.0,518,245.0,35.0,247.48737341529164,-3,-178.13010235415595,-18,6,0,4.159853769975279
1983,567501,414050.0,3393655.0,15,260,3,3,2585.0,16.2,503,27,6,414320,3393655,500,0,5,-98.0,518,270.0,0.0,270.0,-3,-170.0,-18,6,0,3.8140748342903543
1984,567501,414050.0,3393655.0,15,260,3,3,2585.0,16.2,503,27,6,414290,3393685,500,0,5,-91.14,518,240.0,30.0,241.8677324489565,-3,-177.1250163489018,-18,6,0,4.256154139057605
1985,567501,414050.0,3393655.0,15,260,3,3,2585.0,16.2,503,27,6,414260,3393755,500,0,13,-91.0,518,210.0,100.0,232.59406699226014,-3,-195.46334506187162,-18,6,0,4.425188379683837
1986,567501,414050.0,3393655.0,15,260,3,3,2585.0,16.2,503,27,6,414305,3393720,500,6,5,-94.25,518,255.0,65.0,263.1539473388153,-3,-184.30027744918561,-18,6,0,3.9129951235530025
1987,567501,414050.0,3393655.0,15,260,3,3,2585.0,16.2,503,27,6,414345,3393535,499,0,2,-92.5,518,295.0,-120.0,318.47291878588356,-4,-147.86450812189963,-19,6,0,3.414202370692027
1988,567501,414050.0,3393655.0,15,260,3,3,2585.0,16.2,503,27,6,414350,3393530,499,0,2,-99.0,518,300.0,-125.0,325.0,-4,-147.38013505195954,-19,6,0,3.3457911911976312
1989,567501,414050.0,3393655.0,15,260,3,3,2585.0,16.2,503,27,6,414480,3393720,499,0,5,-95.75,518,430.0,65.0,434.8850422812907,-4,-178.59591143692097,-19,6,0,2.501644913308961
1990,567501,414050.0,3393655.0,15,260,3,3,2585.0,16.2,503,27,6,414525,3393755,498,0,6,-97.43,518,475.0,100.0,485.41219597368996,-5,-181.888658039628,-20,6,0,2.3593717239555128
1991,567501,414050.0,3393655.0,15,260,3,3,2585.0,16.2,503,27,6,414550,3393730,499,0,6,-98.8,518,500.0,75.0,505.5937104039171,-4,-178.53076560994816,-19,6,0,2.1521386905387017
1992,567501,414050.0,3393655.0,15,260,3,3,2585.0,16.2,503,27,6,414555,3393725,499,0,6,-98.08,518,505.0,70.0,509.82840250421515,-4,-177.8917024282357,-19,6,0,2.1342793849960833
1993,567501,414050.0,3393655.0,15,260,3,3,2585.0,16.2,503,27,6,414545,3393735,499,0,6,-93.17,518,495.0,80.0,501.42297514174595,-4,-179.18054195762613,-19,6,0,2.1700227031696704
1994,567501,414050.0,3393655.0,15,260,3,3,2585.0,16.2,503,27,6,414540,3393740,499,0,6,-98.43,518,490.0,85.0,497.31780583445834,-4,-179.84113175963438,-19,6,0,2.1879180778021285
1995,567501,414050.0,3393655.0,15,260,3,3,2585.0,16.2,503,27,6,414530,3393750,499,0,6,-96.33,518,480.0,95.0,489.3107397145499,-4,-181.19511142629995,-19,6,0,2.223685450084087
1996,567501,414050.0,3393655.0,15,260,3,3,2585.0,16.2,503,27,6,414520,3393760,498,0,6,-97.7,518,470.0,105.0,481.58592172114004,-5,-182.5933299561031,-20,6,0,2.3780958585843166
1997,567501,414050.0,3393655.0,15,260,3,3,2585.0,16.2,503,27,6,414490,3393710,499,0,5,-100.5,518,440.0,55.0,443.42417615642023,-4,-177.1250163489018,-19,6,0,2.453529539736686
1998,567501,414050.0,3393655.0,15,260,3,3,2585.0,16.2,503,27,6,414535,3393745,499,0,6,-95.56,518,485.0,90.0,493.27983944207574,-4,-180.51262716992136,-19,6,0,2.205810655880554
1999,567501,414050.0,3393655.0,15,260,3,3,2585.0,16.2,503,27,6,414485,3393715,499,111,10,-95.33,518,435.0,60.0,439.11843504913344,-4,-177.85331330197823,-19,6,0,2.4775575967347203
2000,567501,414050.0,3393655.0,15,260,3,3,2585.0,16.2,503,27,6,414500,3393700,499,0,13,-105.0,518,450.0,45.0,452.2444029504401,-4,-175.71059313749964,-19,6,0,2.4057345675341097
2001,567501,414050.0,3393655.0,15,260,3,3,2585.0,16.2,503,27,6,414300,3393280,500,24,12,-107.0,518,250.0,-375.0,450.6939094329987,-3,-113.69006752597977,-18,6,0,2.2870870602054034
2002,567501,414050.0,3393655.0,15,260,3,3,2585.0,16.2,503,27,6,413940,3393595,501,0,10,-95.5,518,-110.0,-60.0,125.29964086141668,-2,-18.61045966596521,-17,6,0,7.7264138673739335
2003,567501,414050.0,3393655.0,15,260,3,3,2585.0,16.2,503,27,6,414280,3393600,500,0,2,-90.5,518,230.0,-55.0,236.48467180770933,-3,-156.5513849483135,-18,6,0,4.352668054716901
2004,567501,414050.0,3393655.0,15,260,3,3,2585.0,16.2,503,27,6,414410,3393710,501,0,5,-94.17,518,360.0,55.0,364.17715469260287,-2,-178.68635458123663,-17,6,0,2.6726599095516166
2005,567501,414050.0,3393655.0,15,260,3,3,2585.0,16.2,503,27,6,414450,3393750,500,0,10,-99.33,518,400.0,95.0,411.1265012134343,-3,-183.36021844476448,-18,6,0,2.506931106514483
2006,567501,414050.0,3393655.0,15,260,3,3,2585.0,16.2,503,27,6,414475,3393725,499,0,5,-99.0,518,425.0,70.0,430.7261310856354,-4,-179.35297925009326,-19,6,0,2.5257686171522615
2007,567501,414050.0,3393655.0,15,260,3,3,2585.0,16.2,503,27,6,414520,3393680,500,0,10,-106.5,518,470.0,25.0,470.6644239795483,-3,-173.04477844419398,-18,6,0,2.1901414648606803
2008,567501,414050.0,3393655.0,15,260,3,3,2585.0,16.2,503,27,6,414455,3393745,499,0,10,-97.5,518,405.0,90.0,414.87950057817994,-4,-182.52880770915152,-19,6,0,2.6221100504616053
2009,567501,414050.0,3393655.0,15,260,3,3,2585.0,16.2,503,27,6,414440,3393760,500,0,10,-101.5,518,390.0,105.0,403.8873605350878,-3,-185.06848815949218,-18,6,0,2.5518056192727867
2010,567501,414050.0,3393655.0,15,260,3,3,2585.0,16.2,503,27,6,414465,3393735,499,0,10,-100.0,518,415.0,80.0,422.6405091800832,-4,-180.91112838428342,-19,6,0,2.5740252307066207
2011,567501,414050.0,3393655.0,15,260,3,3,2585.0,16.2,503,27,6,414535,3393665,500,0,5,-103.25,518,485.0,10.0,485.1030818290067,-3,-171.18118891332665,-18,6,0,2.1250145481638083
2012,567501,414050.0,3393655.0,15,260,3,3,2585.0,16.2,503,27,6,414460,3393740,499,0,10,-100.29,518,410.0,85.0,418.7182823808867,-4,-181.71247231108748,-19,6,0,2.598103808971976
2013,567501,414050.0,3393655.0,15,260,3,3,2585.0,16.2,503,27,6,414545,3393655,499,0,5,-104.0,518,495.0,0.0,495.0,-4,-170.0,-19,6,0,2.198152837892881
2014,567501,414050.0,3393655.0,15,260,3,3,2585.0,16.2,503,27,6,414470,3393730,499,0,5,-102.25,518,420.0,75.0,426.64387959983674,-4,-180.12467165539783,-19,6,0,2.54990415112545
2015,567501,414050.0,3393655.0,15,260,3,3,2585.0,16.2,503,27,6,414530,3393670,500,0,5,-104.0,518,480.0,15.0,480.23431780746364,-3,-171.78991060824603,-18,6,0,2.1465385504672416
2016,567501,414050.0,3393655.0,15,260,3,3,2585.0,16.2,503,27,6,414430,3393690,500,0,7,-93.0,518,380.0,35.0,381.6084380618437,-3,-175.2623953995951,-18,6,0,2.700569709936662
2017,567501,414050.0,3393655.0,15,260,3,3,2585.0,16.2,503,27,6,414400,3393720,501,0,5,-101.6,518,350.0,65.0,355.9845502265513,-2,-180.52078431387434,-17,6,0,2.734076041991522
2018,567501,414050.0,3393655.0,15,260,3,3,2585.0,16.2,503,27,6,414230,3393595,499,0,5,-83.0,518,180.0,-60.0,189.73665961010275,-4,-151.56505117707798,-19,6,0,5.718466522921914
2019,567501,414050.0,3393655.0,15,260,3,3,2585.0,16.2,503,27,6,414220,3393585,499,0,5,-86.5,518,170.0,-70.0,183.84776310850236,-4,-147.6198649480404,-19,6,0,5.90036442386976
2020,567501,414050.0,3393655.0,15,260,3,3,2585.0,16.2,503,27,6,414210,3393575,500,0,12,-88.0,518,160.0,-80.0,178.88543819998318,-3,-143.43494882292202,-18,6,0,5.745936151128176
2021,567501,414050.0,3393655.0,15,260,3,3,2585.0,16.2,503,27,6,414215,3393580,499,0,12,-82.75,518,165.0,-75.0,181.24568960391858,-4,-145.55604521958344,-19,6,0,5.9844632019757995
2022,567501,414050.0,3393655.0,15,260,3,3,2585.0,16.2,503,27,6,414490,3393855,499,0,6,-102.5,518,440.0,200.0,483.3218389437829,-4,-194.44395478041656,-19,6,0,2.251211235597594
2023,567501,414050.0,3393655.0,15,260,3,3,2585.0,16.2,503,27,6,414205,3393760,500,0,7,-98.5,518,155.0,105.0,187.21645226849054,-3,-204.11447294534128,-18,6,0,5.491844851767013
2024,567501,414050.0,3393655.0,15,260,3,3,2585.0,16.2,503,27,6,414125,3393680,501,0,6,-81.5,518,75.0,25.0,79.05694150420949,-2,-188.43494882292202,-17,6,0,12.135790384535275
2025,567501,414050.0,3393655.0,15,260,3,3,2585.0,16.2,503,27,6,414185,3393700,500,0,6,-103.5,518,135.0,45.0,142.30249470757707,-3,-188.43494882292202,-18,6,0,7.209120586689089
2026,567501,414050.0,3393655.0,15,260,3,3,2585.0,16.2,503,27,6,414110,3393605,500,0,5,-80.0,518,60.0,-50.0,78.10249675906654,-3,-130.1944289077348,-18,6,0,12.978141191171733
2027,567501,414050.0,3393655.0,15,260,3,3,2585.0,16.2,503,27,6,414200,3393755,500,0,2,-99.5,518,150.0,100.0,180.27756377319946,-3,-203.69006752597977,-18,6,0,5.701858819938873
2028,567501,414050.0,3393655.0,15,260,3,3,2585.0,16.2,503,27,6,414180,3393695,500,0,6,-102.0,518,130.0,40.0,136.01470508735443,-3,-187.10272896905235,-18,6,0,7.53863939569589
2029,567501,414050.0,3393655.0,15,260,3,3,2585.0,16.2,503,27,6,414080,3393635,502,27,11,-84.8,518,30.0,-20.0,36.05551275463989,-1,-136.30993247402023,-16,6,0,23.929740976046826
2030,567501,414050.0,3393655.0,15,260,3,3,2585.0,16.2,503,27,6,414090,3393625,501,0,11,-85.85,518,40.0,-30.0,50.0,-2,-133.13010235415595,-17,6,0,18.77803322244554
2031,567501,414050.0,3393655.0,15,260,3,3,2585.0,16.2,503,27,6,414145,3393660,500,0,6,-77.42,518,95.0,5.0,95.13148795220224,-3,-173.01278750418334,-18,6,0,10.71437371265983
2032,567501,414050.0,3393655.0,15,260,3,3,2585.0,16.2,503,27,6,414135,3393670,500,0,5,-81.0,518,85.0,15.0,86.31338250816034,-3,-180.00797980144137,-18,6,0,11.779768848788244
2033,567501,414050.0,3393655.0,15,260,3,3,2585.0,16.2,503,27,6,414140,3393655,500,0,5,-75.2,518,90.0,0.0,90.0,-3,-170.0,-18,6,0,11.309932474020213
2034,567501,414050.0,3393655.0,15,260,3,3,2585.0,16.2,503,27,6,414155,3393650,500,0,6,-77.86,518,105.0,-5.0,105.11898020814318,-3,-167.27368900609372,-18,6,0,9.716778285337092
2035,567501,414050.0,3393655.0,15,260,3,3,2585.0,16.2,503,27,6,414195,3393690,500,0,6,-77.0,518,145.0,35.0,149.164338901763,-3,-183.5704343851615,-18,6,0,6.8807420678025135
2036,567501,414050.0,3393655.0,15,260,3,3,2585.0,16.2,503,27,6,414150,3393645,500,0,6,-76.3,518,100.0,-10.0,100.4987562112089,-3,-164.28940686250036,-18,6,0,10.154389636022229
2037,567501,414050.0,3393655.0,15,260,3,3,2585.0,16.2,503,27,6,414120,3393675,501,0,6,-81.33,518,70.0,20.0,72.80109889280519,-2,-185.94539590092285,-17,6,0,13.143782296145877
2038,567501,414050.0,3393655.0,15,260,3,3,2585.0,16.2,503,27,6,414105,3393620,501,0,5,-84.71,518,55.0,-35.0,65.19202405202648,-2,-137.52880770915152,-17,6,0,14.615430541128882
2039,567501,414050.0,3393655.0,15,260,3,3,2585.0,16.2,503,27,6,414085,3393640,502,27,11,-76.67,518,35.0,-15.0,38.07886552931954,-1,-146.80140948635182,-16,6,0,22.791200443061175
2040,567501,414050.0,3393655.0,15,260,3,3,2585.0,16.2,503,27,6,414100,3393615,501,0,5,-82.83,518,50.0,-40.0,64.03124237432849,-2,-131.34019174590992,-17,6,0,14.868745380147226
2041,567501,414050.0,3393655.0,15,260,3,3,2585.0,16.2,503,27,6,414130,3393665,501,0,5,-82.3,518,80.0,10.0,80.62257748298549,-2,-177.1250163489018,-17,6,0,11.90691192131115
2042,567501,414050.0,3393655.0,15,260,3,3,2585.0,16.2,503,27,6,414115,3393610,500,0,5,-80.6,518,65.0,-45.0,79.05694150420949,-3,-135.30484646876602,-18,6,0,12.826670426247519
2043,567501,414050.0,3393655.0,15,260,3,3,2585.0,16.2,503,27,6,414190,3393685,500,0,6,-90.67,518,140.0,30.0,143.17821063276352,-3,-182.0947570770121,-18,6,0,7.165487395024589
2044,567501,414050.0,3393655.0,15,260,3,3,2585.0,16.2,503,27,6,414095,3393630,501,0,11,-81.29,518,45.0,-25.0,51.478150704935004,-2,-140.94539590092285,-17,6,0,18.275144617950893
2045,567501,414050.0,3393655.0,15,260,3,3,2585.0,16.2,503,27,6,414685,3392970,500,0,6,-97.5,518,635.0,-685.0,934.0503198436367,-3,-122.83074241027145,-18,6,0,1.104005181367209
2046,567501,414050.0,3393655.0,15,260,3,3,2585.0,16.2,503,27,6,414270,3393520,500,0,5,-87.0,518,220.0,-135.0,258.11818998280614,-3,-138.46520809481171,-18,6,0,3.9890915964206135
2047,567501,414050.0,3393655.0,15,260,3,3,2585.0,16.2,503,27,6,414550,3393720,499,0,6,-99.2,518,500.0,65.0,504.2072986381693,-4,-177.4069121284952,-19,6,0,2.158050808675394
2048,567501,414050.0,3393655.0,15,260,3,3,2585.0,16.2,503,27,6,414485,3393725,499,0,10,-99.75,518,435.0,70.0,440.5961870012041,-4,-179.14164022352486,-19,6,0,2.469258214261718
2049,567501,414050.0,3393655.0,15,260,3,3,2585.0,16.2,503,27,6,414520,3393690,500,0,5,-95.25,518,470.0,35.0,471.3013897709193,-3,-174.25884612217033,-18,6,0,2.1871843562217954
2050,567501,414050.0,3393655.0,15,260,3,3,2585.0,16.2,503,27,6,414530,3393700,499,0,5,-101.0,518,480.0,45.0,482.1047603996459,-4,-175.3558250428552,-19,6,0,2.256888572634197
2051,567501,414050.0,3393655.0,15,260,3,3,2585.0,16.2,503,27,6,414505,3393745,498,0,5,-98.54,518,455.0,90.0,463.8156961552724,-5,-181.1887999282518,-20,6,0,2.4690974424954386
2052,567501,414050.0,3393655.0,15,260,3,3,2585.0,16.2,503,27,6,414500,3393750,498,0,5,-99.33,518,450.0,95.0,459.91847103590004,-5,-181.9207385399223,-20,6,0,2.4899936854006213
2053,567501,414050.0,3393655.0,15,260,3,3,2585.0,16.2,503,27,6,414540,3393710,499,0,6,-96.5,518,490.0,55.0,493.0770730829005,-4,-176.40435272638416,-19,6,0,2.2067168470991043
2054,567501,414050.0,3393655.0,15,260,3,3,2585.0,16.2,503,27,6,414495,3393735,498,0,5,-97.75,518,445.0,80.0,452.133829745132,-5,-180.1915018500277,-20,6,0,2.5328099421754513
2055,567501,414050.0,3393655.0,15,260,3,3,2585.0,16.2,503,27,6,414490,3393740,498,0,10,-94.86,518,440.0,85.0,448.13502429513363,-5,-180.93381678575577,-20,6,0,2.555380924717338
2056,567501,414050.0,3393655.0,15,260,3,3,2585.0,16.2,503,27,6,414230,3393400,502,0,5,-102.0,518,180.0,-255.0,312.1297807002722,-1,-115.21759296819272,-16,6,0,2.9344549541720633
2057,567501,414050.0,3393655.0,15,260,3,3,2585.0,16.2,503,27,6,414555,3393715,499,0,6,-101.67,518,505.0,60.0,508.55186559484764,-4,-176.77565616939899,-19,6,0,2.139631754180688
2058,567501,414050.0,3393655.0,15,260,3,3,2585.0,16.2,503,27,6,414515,3393755,498,0,6,-97.0,518,465.0,100.0,475.631159618459,-5,-182.1368244552923,-20,6,0,2.4078340930930606
2059,567501,414050.0,3393655.0,15,260,3,3,2585.0,16.2,503,27,6,414510,3393760,498,0,5,-94.0,518,460.0,105.0,471.8315377335432,-5,-182.85809017299817,-20,6,0,2.4272010922751224
2060,567501,414050.0,3393655.0,15,260,3,3,2585.0,16.2,503,27,6,414480,3393730,499,0,5,-100.67,518,430.0,75.0,436.4916952245483,-4,-179.8939206697354,-19,6,0,2.492448410529426
2061,567501,414050.0,3393655.0,15,260,3,3,2585.0,16.2,503,27,6,414235,3393395,502,0,5,-97.0,518,185.0,-260.0,319.100297712177,-1,-115.43331401028559,-16,6,0,2.870462290131287
2062,567501,414050.0,3393655.0,15,260,3,3,2585.0,16.2,503,27,6,414100,3393595,500,0,13,-87.0,518,50.0,-60.0,78.10249675906654,-3,-119.80557109226515,-18,6,0,12.978141191171733
2063,567501,414050.0,3393655.0,15,260,3,3,2585.0,16.2,503,27,6,414105,3393600,500,0,5,-87.0,518,55.0,-55.0,77.78174593052023,-3,-125.0,-18,6,0,13.02983686346547
2064,567501,414050.0,3393655.0,15,260,3,3,2585.0,16.2,503,27,6,414555,3393790,499,9,5,-102.5,518,505.0,135.0,522.7332015474051,-4,-184.96671956400485,-19,6,0,2.081637023992669
2065,567501,414050.0,3393655.0,15,260,3,3,2585.0,16.2,503,27,6,414530,3393765,498,0,6,-93.33,518,480.0,110.0,492.44289008980525,-5,-182.90740867126584,-20,6,0,2.325723813777401
2066,567501,414050.0,3393655.0,15,260,3,3,2585.0,16.2,503,27,6,414545,3393800,499,9,5,-103.0,518,495.0,145.0,515.8003489723519,-4,-186.326853510565,-19,6,0,2.109591114227044
2067,567501,414050.0,3393655.0,15,260,3,3,2585.0,16.2,503,27,6,414565,3393740,499,102,5,-98.91,518,515.0,85.0,521.9674319342156,-4,-179.3720927085791,-19,6,0,2.084688265945695
2068,567501,414050.0,3393655.0,15,260,3,3,2585.0,16.2,503,27,6,414560,3393735,499,0,6,-99.0,518,510.0,80.0,516.2363799656123,-4,-178.91492695714783,-19,6,0,2.1078108889519807
2069,567501,414050.0,3393655.0,15,260,3,3,2585.0,16.2,503,27,6,414570,3393725,499,0,5,-101.25,518,520.0,70.0,524.6903848937962,-4,-177.66680426181415,-19,6,0,2.0738789609200334
2070,567501,414050.0,3393655.0,15,260,3,3,2585.0,16.2,503,27,6,414510,3393825,499,0,6,-99.6,518,460.0,170.0,490.40799340956914,-4,-190.28255908891663,-19,6,0,2.218715086807537
2071,567501,414050.0,3393655.0,15,260,3,3,2585.0,16.2,503,27,6,414500,3393835,499,0,6,-102.0,518,450.0,180.0,484.66483264210535,-4,-191.80140948635182,-19,6,0,2.2449795791119764
2072,567501,414050.0,3393655.0,15,260,3,3,2585.0,16.2,503,27,6,414525,3393780,498,0,6,-93.6,518,475.0,125.0,491.1720676097125,-5,-184.74356283647074,-20,6,0,2.331734587240283
2073,567501,414050.0,3393655.0,15,260,3,3,2585.0,16.2,503,27,6,414520,3393775,498,0,6,-94.75,518,470.0,120.0,485.07731342539614,-5,-184.32271997820357,-20,6,0,2.3609987194470556
2074,567501,414050.0,3393655.0,15,260,3,3,2585.0,16.2,503,27,6,414505,3393840,499,0,6,-99.0,518,455.0,185.0,491.1720676097125,-4,-192.1263348093733,-19,6,0,2.2152670636408125
2075,567501,414050.0,3393655.0,15,260,3,3,2585.0,16.2,503,27,6,414535,3393770,498,0,6,-99.0,518,485.0,115.0,498.4475900232641,-5,-183.3392489033634,-20,6,0,2.297736489801
2076,567501,414050.0,3393655.0,15,260,3,3,2585.0,16.2,503,27,6,414180,3393515,501,0,5,-92.33,518,130.0,-140.0,191.049731745428,-2,-122.87890360333859,-17,6,0,5.084904668166573
2077,567501,414050.0,3393655.0,15,260,3,3,2585.0,16.2,503,27,6,413975,3393585,502,0,12,-95.33,518,-75.0,-70.0,102.59142264341595,-1,-33.02506598911802,-16,6,0,8.864352352771315
2078,567501,414050.0,3393655.0,15,260,3,3,2585.0,16.2,503,27,6,413990,3393570,501,0,5,-91.5,518,-60.0,-85.0,104.04326023342406,-2,-44.78240703180728,-17,6,0,9.279759952926078
2079,567501,414050.0,3393655.0,15,260,3,3,2585.0,16.2,503,27,6,413995,3393565,501,0,7,-99.5,518,-55.0,-90.0,105.47511554864494,-2,-48.57043438516149,-17,6,0,9.155932512041899
2080,567501,414050.0,3393655.0,15,260,3,3,2585.0,16.2,503,27,6,414295,3393280,500,24,12,-100.0,518,245.0,-375.0,447.9397280885008,-3,-113.15792388467224,-18,6,0,2.3011342663618044
2081,567501,414050.0,3393655.0,15,260,3,3,2585.0,16.2,503,27,6,414215,3393550,500,0,5,-92.75,518,165.0,-105.0,195.57607215607945,-3,-137.52880770915152,-18,6,0,5.2584488321218466
2082,567501,414050.0,3393655.0,15,260,3,3,2585.0,16.2,503,27,6,414220,3393535,501,0,5,-94.75,518,170.0,-120.0,208.08652046684813,-2,-134.78240703180728,-17,6,0,4.670508593073468
2083,567501,414050.0,3393655.0,15,260,3,3,2585.0,16.2,503,27,6,414160,3393595,499,0,5,-73.29,518,110.0,-60.0,125.29964086141668,-4,-141.3895403340348,-19,6,0,8.622445237475743
2084,567501,414050.0,3393655.0,15,260,3,3,2585.0,16.2,503,27,6,414315,3393290,500,24,12,-98.5,518,265.0,-365.0,451.0543204537564,-3,-115.98067756861826,-18,6,0,2.285261521543447
2085,567501,414050.0,3393655.0,15,260,3,3,2585.0,16.2,503,27,6,414470,3393765,498,0,10,-102.5,518,420.0,110.0,434.1658669218482,-5,-184.67639313745002,-20,6,0,2.6374852506157223
2086,567501,414050.0,3393655.0,15,260,3,3,2585.0,16.2,503,27,6,414475,3393770,498,0,10,-100.4,518,425.0,115.0,440.2839992550263,-5,-185.1409838350769,-20,6,0,2.6008857608180462
2087,567501,414050.0,3393655.0,15,260,3,3,2585.0,16.2,503,27,6,414165,3393600,499,0,6,-77.0,518,115.0,-55.0,127.47548783981962,-4,-144.44003482817618,-19,6,0,8.47742758645368
2088,567501,414050.0,3393655.0,15,260,3,3,2585.0,16.2,503,27,6,414240,3393355,503,0,5,-99.33,518,190.0,-300.0,355.10561809129405,0,-112.34744349944202,-15,6,0,2.418790443483418
2089,567501,414050.0,3393655.0,15,260,3,3,2585.0,16.2,503,27,6,414300,3393295,501,0,5,-119.0,518,250.0,-360.0,438.2921400162225,-2,-114.7778313663639,-17,6,0,2.2212130962920575
2090,567501,414050.0,3393655.0,15,260,3,3,2585.0,16.2,503,27,6,414465,3393780,499,0,6,-107.0,518,415.0,125.0,433.4166586553867,-4,-186.76255446183274,-19,6,0,2.510109479449267
2091,567501,414050.0,3393655.0,15,260,3,3,2585.0,16.2,503,27,6,414260,3393335,502,0,6,-108.0,518,210.0,-320.0,382.7531841800928,-1,-113.27488798483489,-16,6,0,2.3937072004181235
2092,567501,414050.0,3393655.0,15,260,3,3,2585.0,16.2,503,27,6,414255,3393520,501,0,5,-88.5,518,205.0,-135.0,245.45875417267155,-2,-136.6336339989404,-17,6,0,3.961868682896234
2093,567501,414050.0,3393655.0,15,260,3,3,2585.0,16.2,503,27,6,414530,3393715,499,0,6,-99.5,518,480.0,60.0,483.735464897913,-4,-177.1250163489018,-19,6,0,2.2492882784346473
2094,567501,414050.0,3393655.0,15,260,3,3,2585.0,16.2,503,27,6,414495,3393760,497,0,10,-102.5,518,445.0,105.0,457.21985958617324,-6,-183.27639704231598,-21,6,0,2.629733460634434
2095,567501,414050.0,3393655.0,15,260,3,3,2585.0,16.2,503,27,6,414415,3393680,500,0,7,-83.0,518,365.0,25.0,365.8551625985343,-3,-173.91824886406738,-18,6,0,2.816669532627769
2096,567501,414050.0,3393655.0,15,260,3,3,2585.0,16.2,503,27,6,414550,3393695,499,0,6,-99.33,518,500.0,40.0,501.5974481593781,-4,-174.57392125990089,-19,6,0,2.169268615125863
2097,567501,414050.0,3393655.0,15,260,3,3,2585.0,16.2,503,27,6,414520,3393705,499,0,5,-95.5,518,470.0,50.0,472.65209192385896,-4,-176.0724564072077,-19,6,0,2.3019764799541558
2098,567501,414050.0,3393655.0,15,260,3,3,2585.0,16.2,503,27,6,414525,3393710,499,0,5,-101.17,518,475.0,55.0,478.17360864020924,-4,-176.604835496754,-19,6,0,2.2754234386189656
2099,567501,414050.0,3393655.0,15,260,3,3,2585.0,16.2,503,27,6,414535,3393720,499,0,6,-99.2,518,485.0,65.0,489.33628518637363,-4,-177.63333058723128,-19,6,0,2.2235694806066304
2100,567501,414050.0,3393655.0,15,260,3,3,2585.0,16.2,503,27,6,414490,3393755,498,0,10,-97.86,518,440.0,100.0,451.22056690713913,-5,-182.80426606528675,-20,6,0,2.5379296107686375
2101,567501,414050.0,3393655.0,15,260,3,3,2585.0,16.2,503,27,6,414505,3393730,498,0,5,-91.29,518,455.0,75.0,461.1398920067532,-5,-179.3601908019133,-20,6,0,2.4834067085664038
2102,567501,414050.0,3393655.0,15,260,3,3,2585.0,16.2,503,27,6,414510,3393735,498,0,5,-97.0,518,460.0,80.0,466.9047011971501,-5,-179.86580694308435,-20,6,0,2.452782103299482
2103,567501,414050.0,3393655.0,15,260,3,3,2585.0,16.2,503,27,6,414480,3393745,498,0,10,-97.0,518,430.0,90.0,439.31765272977594,-5,-181.82148834060723,-20,6,0,2.6065989258522753
2104,567501,414050.0,3393655.0,15,260,3,3,2585.0,16.2,503,27,6,414515,3393740,498,0,5,-96.45,518,465.0,85.0,472.7049819919397,-5,-180.3590524880837,-20,6,0,2.4227215617593876
2105,567501,414050.0,3393655.0,15,260,3,3,2585.0,16.2,503,27,6,414500,3393725,499,0,10,-97.8,518,450.0,70.0,455.411901469428,-4,-178.84181456019166,-19,6,0,2.38902156401458
2106,567501,414050.0,3393655.0,15,260,3,3,2585.0,16.2,503,27,6,414055,3393805,501,0,5,-103.5,518,5.0,150.0,150.08331019803634,-2,-258.0908475670036,-17,6,0,6.46237327610815
2107,567501,414050.0,3393655.0,15,260,3,3,2585.0,16.2,503,27,6,414025,3393840,501,0,10,-105.5,518,-25.0,185.0,186.6815470259447,-2,92.30394827798341,-17,6,0,5.203241290022999
2108,567501,414050.0,3393655.0,15,260,3,3,2585.0,16.2,503,27,6,414115,3393585,500,54,5,-87.5,518,65.0,-70.0,95.524865872714,-3,-122.87890360333859,-18,6,0,10.671266518103224
2109,567501,414050.0,3393655.0,15,260,3,3,2585.0,16.2,503,27,6,414100,3393600,500,0,5,-85.0,518,50.0,-55.0,74.33034373659252,-3,-122.27368900609372,-18,6,0,13.612813783864372
2110,567501,414050.0,3393655.0,15,260,3,3,2585.0,16.2,503,27,6,414570,3393730,499,102,5,-96.33,518,520.0,75.0,525.3808142671371,-4,-178.20721641191813,-19,6,0,2.071155947328089
2111,567501,414050.0,3393655.0,15,260,3,3,2585.0,16.2,503,27,6,414105,3393595,500,0,13,-82.0,518,55.0,-60.0,81.39410298049853,-3,-122.51044707800082,-18,6,0,12.470046353738654
2112,567501,414050.0,3393655.0,15,260,3,3,2585.0,16.2,503,27,6,414500,3393840,499,0,6,-106.5,518,450.0,185.0,486.5439342957633,-4,-192.34810834790943,-19,6,0,2.236317969900232
2113,567501,414050.0,3393655.0,15,260,3,3,2585.0,16.2,503,27,6,414535,3393765,498,0,6,-93.8,518,485.0,110.0,497.31780583445834,-5,-182.77873318840602,-20,6,0,2.302950770180783
2114,567501,414050.0,3393655.0,15,260,3,3,2585.0,16.2,503,27,6,414565,3393735,499,102,5,-99.4,518,515.0,80.0,521.1765535785354,-4,-178.82974466790904,-19,6,0,2.0878489545453003
2115,567501,414050.0,3393655.0,15,260,3,3,2585.0,16.2,503,27,6,414525,3393775,498,0,6,-97.67,518,475.0,120.0,489.9234634103576,-5,-184.1780644147069,-20,6,0,2.337670591555545
2116,567501,414050.0,3393655.0,15,260,3,3,2585.0,16.2,503,27,6,414560,3393740,499,0,6,-101.93,518,510.0,85.0,517.0348150753487,-4,-179.46232220802563,-19,6,0,2.1045588145273957
2117,567501,414050.0,3393655.0,15,260,3,3,2585.0,16.2,503,27,6,414555,3393785,499,9,5,-100.63,518,505.0,130.0,521.4642844912775,-4,-184.4359749789752,-19,6,0,2.0866979505642806
2118,567501,414050.0,3393655.0,15,260,3,3,2585.0,16.2,503,27,6,414545,3393795,499,9,5,-101.0,518,495.0,140.0,514.4171459039833,-4,-185.79240352885728,-19,6,0,2.1152583937904095
2119,567501,414050.0,3393655.0,15,260,3,3,2585.0,16.2,503,27,6,414540,3393800,499,0,5,-96.5,518,490.0,145.0,511.00391387933615,-4,-186.48445318953566,-19,6,0,2.129374221987589
2120,567501,414050.0,3393655.0,15,260,3,3,2585.0,16.2,503,27,6,414520,3393780,498,0,6,-94.0,518,470.0,125.0,486.3383595810637,-5,-184.89347295884158,-20,6,0,2.3548836924954366
2121,567501,414050.0,3393655.0,15,260,3,3,2585.0,16.2,503,27,6,414550,3393790,499,9,5,-102.5,518,500.0,135.0,517.9044313384469,-4,-185.10957512234046,-19,6,0,2.1010282075759252
2122,567501,414050.0,3393655.0,15,260,3,3,2585.0,16.2,503,27,6,414505,3393835,499,0,6,-97.5,518,455.0,180.0,489.3107397145499,-4,-191.58396924176958,-19,6,0,2.223685450084087
2123,567501,414050.0,3393655.0,15,260,3,3,2585.0,16.2,503,27,6,414530,3393770,498,0,6,-98.4,518,480.0,115.0,493.5838327984416,-5,-183.47315811273114,-20,6,0,2.3203536745202937
2124,567501,414050.0,3393655.0,15,260,3,3,2585.0,16.2,503,27,6,414160,3393625,499,0,6,-74.18,518,110.0,-30.0,114.0175425099138,-4,-154.7448812969422,-19,6,0,9.46089267557271
2125,567501,414050.0,3393655.0,15,260,3,3,2585.0,16.2,503,27,6,414100,3393685,502,0,5,-84.5,518,50.0,30.0,58.309518948453004,-1,-200.9637565320735,-16,6,0,15.344165268263534
2126,567501,414050.0,3393655.0,15,260,3,3,2585.0,16.2,503,27,6,414230,3393655,499,0,2,-83.59,518,180.0,0.0,180.0,-4,-170.0,-19,6,0,6.025575008366681
2127,567501,414050.0,3393655.0,15,260,3,3,2585.0,16.2,503,27,6,414205,3393670,499,0,6,-88.36,518,155.0,15.0,155.72411502397438,-4,-175.52754015165618,-19,6,0,6.956312481848435
2128,567501,414050.0,3393655.0,15,260,3,3,2585.0,16.2,503,27,6,414225,3393650,499,0,2,-82.71,518,175.0,-5.0,175.07141400011596,-4,-168.3634229583833,-19,6,0,6.193905478666842
2129,567501,414050.0,3393655.0,15,260,3,3,2585.0,16.2,503,27,6,414175,3393640,499,0,7,-80.63,518,125.0,-15.0,125.89678312014172,-4,-163.15722658736905,-19,6,0,8.582158427345261
2130,567501,414050.0,3393655.0,15,260,3,3,2585.0,16.2,503,27,6,414215,3393680,499,0,2,-90.04,518,165.0,25.0,166.88319268278636,-4,-178.61564818416412,-19,6,0,6.495275939749246
2131,567501,414050.0,3393655.0,15,260,3,3,2585.0,16.2,503,27,6,414210,3393675,499,0,2,-91.0,518,160.0,20.0,161.24515496597098,-4,-177.1250163489018,-19,6,0,6.720344662364318
2132,567501,414050.0,3393655.0,15,260,3,3,2585.0,16.2,503,27,6,414195,3393620,499,0,7,-84.0,518,145.0,-35.0,149.164338901763,-4,-156.4295656148385,-19,6,0,7.259033626144391
2133,567501,414050.0,3393655.0,15,260,3,3,2585.0,16.2,503,27,6,414170,3393635,499,0,6,-77.0,518,120.0,-20.0,121.6552506059644,-4,-160.53767779197437,-19,6,0,8.876690178706975
2134,567501,414050.0,3393655.0,15,260,3,3,2585.0,16.2,503,27,6,414165,3393630,499,0,6,-75.03,518,115.0,-25.0,117.6860229593982,-4,-157.73522627210758,-19,6,0,9.171069912458586
2135,567501,414050.0,3393655.0,15,260,3,3,2585.0,16.2,503,27,6,414105,3393690,502,0,5,-92.67,518,55.0,35.0,65.19202405202648,-1,-202.47119229084848,-16,6,0,13.789475412300085
2136,567501,414050.0,3393655.0,15,260,3,3,2585.0,16.2,503,27,6,414200,3393665,499,0,6,-87.12,518,150.0,10.0,150.33296378372907,-4,-173.81407483429035,-19,6,0,7.2031999598264
2137,567501,414050.0,3393655.0,15,260,3,3,2585.0,16.2,503,27,6,414185,3393610,499,0,7,-91.0,518,135.0,-45.0,142.30249470757707,-4,-151.56505117707798,-19,6,0,7.605060882651513
2138,567501,414050.0,3393655.0,15,260,3,3,2585.0,16.2,503,27,6,414095,3393720,502,0,5,-87.0,518,45.0,65.0,79.05694150420949,-1,-225.30484646876602,-16,6,0,11.44130905077799
2139,567501,414050.0,3393655.0,15,260,3,3,2585.0,16.2,503,27,6,414110,3393695,502,0,5,-86.33,518,60.0,40.0,72.11102550927978,-1,-203.69006752597977,-16,6,0,12.510125476930867
2140,567501,414050.0,3393655.0,15,260,3,3,2585.0,16.2,503,27,6,414220,3393645,499,0,5,-83.44,518,170.0,-10.0,170.29386365926402,-4,-166.6335393365702,-19,6,0,6.3662664184107705
2141,567501,414050.0,3393655.0,15,260,3,3,2585.0,16.2,503,27,6,414235,3393660,499,0,2,-86.05,518,185.0,5.0,185.06755523321746,-4,-171.54815769897795,-19,6,0,5.86174642815649
2142,567501,414050.0,3393655.0,15,260,3,3,2585.0,16.2,503,27,6,414025,3393575,501,0,5,-94.5,518,-25.0,-80.0,83.81527307120105,-2,-62.6459753637387,-17,6,0,11.465592563131876
2143,567501,414050.0,3393655.0,15,260,3,3,2585.0,16.2,503,27,6,414015,3393585,501,0,11,-96.0,518,-35.0,-70.0,78.26237921249263,-2,-53.434948822921996,-17,6,0,12.255293622483563
