,Cell Index,Cell X,Cell Y,Height,Azimuth,Electrical Downtilt,Mechanical Downtilt,Frequency Band,RS Power,Cell Altitude,Cell Building Height,Cell Clutter Index,X,Y,Altitude,Building Height,Clutter Index,RSRP,Station Absolute Height,X Distance,Y Distance,Distance To Station,Altitude Delta,Azimuth To Station,Height Delta,Station Total Downtilt,Station Downtilt Delta,Vertical Degree
0,3032301,406510.0,3383525.0,28,260,9,4,2585.0,12.2,483,0,5,406230,3383360,486,0,5,-113.0,511,-280.0,-165.0,325.0,3,-20.51023740611555,-25,13,5,4.398705354995532
1,3032301,406510.0,3383525.0,28,260,9,4,2585.0,12.2,483,0,5,406030,3383480,484,0,5,-106.4,511,-480.0,-45.0,482.1047603996459,1,4.6441749571447986,-27,13,5,3.205468684506683
2,3032301,406510.0,3383525.0,28,260,9,4,2585.0,12.2,483,0,5,406055,3383495,484,0,5,-103.4,511,-455.0,-30.0,455.98793843697223,1,6.227716390620174,-27,13,5,3.388646414256647
3,3032301,406510.0,3383525.0,28,260,9,4,2585.0,12.2,483,0,5,406010,3383460,485,0,2,-108.5,511,-500.0,-65.0,504.2072986381693,2,2.5930878715047356,-26,13,5,2.9519048635669805
4,3032301,406510.0,3383525.0,28,260,9,4,2585.0,12.2,483,0,5,406040,3383490,484,0,5,-103.67,511,-470.0,-35.0,471.3013897709193,1,5.7411538778296745,-27,13,5,3.278787280273342
5,3032301,406510.0,3383525.0,28,260,9,4,2585.0,12.2,483,0,5,406395,3383195,488,0,5,-104.33,511,-115.0,-330.0,349.4638751001311,5,-60.78732818281438,-23,13,5,3.765496833082788
6,3032301,406510.0,3383525.0,28,260,9,4,2585.0,12.2,483,0,5,406020,3383470,485,0,5,-125.5,511,-490.0,-55.0,493.0770730829005,2,3.5956472736158958,-26,13,5,3.0184163314151524
7,3032301,406510.0,3383525.0,28,260,9,4,2585.0,12.2,483,0,5,406060,3383510,484,0,5,-111.17,511,-450.0,-15.0,450.24993059410906,1,8.090847567003607,-27,13,5,3.4317289345520696
8,3032301,406510.0,3383525.0,28,260,9,4,2585.0,12.2,483,0,5,406075,3383515,483,0,6,-100.0,511,-435.0,-10.0,435.1149273467873,0,8.683087594206768,-28,13,5,3.681953325973829
9,3032301,406510.0,3383525.0,28,260,9,4,2585.0,12.2,483,0,5,406050,3383500,484,0,5,-104.67,511,-460.0,-25.0,460.6788469204984,1,6.8891593465092456,-27,13,5,3.3542203698558803
10,3032301,406510.0,3383525.0,28,260,9,4,2585.0,12.2,483,0,5,406025,3383465,484,0,5,-106.5,511,-485.0,-60.0,488.6972477925367,1,2.947693992158804,-27,13,5,3.162315525178616
11,3032301,406510.0,3383525.0,28,260,9,4,2585.0,12.2,483,0,5,406070,3383520,483,0,6,-112.0,511,-440.0,-5.0,440.028408173836,0,9.348939619770476,-28,13,5,3.6409508158352573
12,3032301,406510.0,3383525.0,28,260,9,4,2585.0,12.2,483,0,5,405970,3383420,485,0,5,-125.5,511,-540.0,-105.0,550.1136246267674,2,-1.0035408517495057,-26,13,5,2.705954675045166
13,3032301,406510.0,3383525.0,28,260,9,4,2585.0,12.2,483,0,5,406390,3383200,487,0,14,-103.6,511,-120.0,-325.0,346.44624402640017,4,-59.73430252905251,-24,13,5,3.9628235101651352
14,3032301,406510.0,3383525.0,28,260,9,4,2585.0,12.2,483,0,5,406065,3383505,483,0,5,-105.25,511,-445.0,-20.0,445.44921147084773,0,7.426640536823186,-28,13,5,3.596760033072475
15,3032301,406510.0,3383525.0,28,260,9,4,2585.0,12.2,483,0,5,405985,3383440,485,0,5,-100.5,511,-525.0,-85.0,531.8364410229897,2,0.8033441083711068,-26,13,5,2.7988025735519493
16,3032301,406510.0,3383525.0,28,260,9,4,2585.0,12.2,483,0,5,406065,3383520,483,0,6,-102.5,511,-445.0,-5.0,445.0280890011326,0,9.356254285824605,-28,13,5,3.600154638303842
17,3032301,406510.0,3383525.0,28,260,9,4,2585.0,12.2,483,0,5,406380,3383195,487,0,14,-101.0,511,-130.0,-330.0,354.682957019364,4,-58.49856567595211,-24,13,5,3.87107896836623
18,3032301,406510.0,3383525.0,28,260,9,4,2585.0,12.2,483,0,5,406220,3383355,486,0,5,-112.5,511,-290.0,-170.0,336.1547262794322,3,-20.379126011368328,-25,13,5,4.2532865378662565
19,3032301,406510.0,3383525.0,28,260,9,4,2585.0,12.2,483,0,5,406030,3383465,484,0,5,-102.0,511,-480.0,-60.0,483.735464897913,1,2.874983651098205,-27,13,5,3.1946852561145196
20,3032301,406510.0,3383525.0,28,260,9,4,2585.0,12.2,483,0,5,406060,3383515,484,0,6,-102.67,511,-450.0,-10.0,450.111097397076,1,8.726969979943306,-27,13,5,3.432784893276021
21,3032301,406510.0,3383525.0,28,260,9,4,2585.0,12.2,483,0,5,406385,3383200,487,0,14,-105.27,511,-125.0,-325.0,348.209706929603,4,-58.96248897457818,-24,13,5,3.942817763538263
22,3032301,406510.0,3383525.0,28,260,9,4,2585.0,12.2,483,0,5,406050,3383485,484,0,5,-108.5,511,-460.0,-40.0,461.7358552246078,1,5.03025927188969,-27,13,5,3.3465593415749426
23,3032301,406510.0,3383525.0,28,260,9,4,2585.0,12.2,483,0,5,406395,3383190,488,0,14,-104.71,511,-115.0,-335.0,354.18921496849674,5,-61.053495310490945,-23,13,5,3.715401918795771
24,3032301,406510.0,3383525.0,28,260,9,4,2585.0,12.2,483,0,5,406045,3383500,484,0,5,-107.8,511,-465.0,-25.0,465.67155807500205,1,6.922544600575634,-27,13,5,3.3183387965724735
25,3032301,406510.0,3383525.0,28,260,9,4,2585.0,12.2,483,0,5,405980,3383435,485,0,5,-105.33,511,-530.0,-90.0,537.5872022286245,2,0.3624618870690597,-26,13,5,2.7689096334748418
26,3032301,406510.0,3383525.0,28,260,9,4,2585.0,12.2,483,0,5,406040,3383495,484,0,5,-112.0,511,-470.0,-30.0,470.95647357266466,1,6.347777219693626,-27,13,5,3.281183333505048
27,3032301,406510.0,3383525.0,28,260,9,4,2585.0,12.2,483,0,5,406070,3383505,483,0,5,-111.67,511,-440.0,-20.0,440.45431091090484,0,7.397437797500174,-28,13,5,3.6374396101430775
28,3032301,406510.0,3383525.0,28,260,9,4,2585.0,12.2,483,0,5,407905,3382700,483,0,5,-99.0,511,1395.0,-825.0,1620.6942956646697,0,-139.40002130679102,-28,13,5,0.9897747184012803
29,3032301,406510.0,3383525.0,28,260,9,4,2585.0,12.2,483,0,5,406235,3383685,486,0,5,-107.0,511,-275.0,160.0,318.15876539866065,3,40.1916229609576,-25,13,5,4.492905665500019
30,3032301,406510.0,3383525.0,28,260,9,4,2585.0,12.2,483,0,5,406360,3383610,484,0,5,-99.0,511,-150.0,85.0,172.40939649566667,1,39.538782259558104,-27,13,5,8.900457038603422
31,3032301,406510.0,3383525.0,28,260,9,4,2585.0,12.2,483,0,5,406390,3383640,485,0,5,-96.5,511,-120.0,115.0,166.20770138594662,2,53.78112476486871,-26,13,5,8.890769825703192
32,3032301,406510.0,3383525.0,28,260,9,4,2585.0,12.2,483,0,5,406370,3383620,485,0,5,-94.33,511,-140.0,95.0,169.1892431568863,2,44.159694545669424,-26,13,5,8.736530438482275
33,3032301,406510.0,3383525.0,28,260,9,4,2585.0,12.2,483,0,5,406380,3383630,485,0,5,-92.0,511,-130.0,105.0,167.10774967068403,2,48.92754359279229,-26,13,5,8.84364276668775
34,3032301,406510.0,3383525.0,28,260,9,4,2585.0,12.2,483,0,5,406115,3383435,483,0,5,-107.75,511,-395.0,-90.0,405.123437979093,0,-2.835609486401438,-28,13,5,3.9536953509513673
35,3032301,406510.0,3383525.0,28,260,9,4,2585.0,12.2,483,0,5,406350,3383680,485,0,5,-96.67,511,-160.0,155.0,222.76669409945464,2,54.09061955080085,-26,13,5,6.6571026604227805
36,3032301,406510.0,3383525.0,28,260,9,4,2585.0,12.2,483,0,5,406110,3383440,483,0,5,-109.5,511,-400.0,-85.0,408.93153461184676,0,-1.9968993079235702,-28,13,5,3.9169924660932103
37,3032301,406510.0,3383525.0,28,260,9,4,2585.0,12.2,483,0,5,406390,3383645,485,0,5,-93.67,511,-120.0,120.0,169.7056274847714,2,55.0,-26,13,5,8.710355024840407
38,3032301,406510.0,3383525.0,28,260,9,4,2585.0,12.2,483,0,5,406155,3383410,484,0,5,-108.0,511,-355.0,-115.0,373.1621631409058,1,-7.949402992913889,-27,13,5,4.138401637845374
39,3032301,406510.0,3383525.0,28,260,9,4,2585.0,12.2,483,0,5,406355,3383610,484,0,5,-90.5,511,-155.0,85.0,176.7766952966369,1,38.73979529168804,-27,13,5,8.683963108117272
40,3032301,406510.0,3383525.0,28,260,9,4,2585.0,12.2,483,0,5,406145,3383420,484,0,5,-112.67,511,-365.0,-105.0,379.80258029665885,1,-6.0490047925331965,-27,13,5,4.066291241784568
41,3032301,406510.0,3383525.0,28,260,9,4,2585.0,12.2,483,0,5,406395,3383650,485,0,13,-103.29,511,-115.0,125.0,169.85287751463028,2,57.38594403038883,-26,13,5,8.70291944585237
42,3032301,406510.0,3383525.0,28,260,9,4,2585.0,12.2,483,0,5,406360,3383675,485,0,5,-99.8,511,-150.0,150.0,212.13203435596427,2,55.0,-26,13,5,6.9876164978196105
43,3032301,406510.0,3383525.0,28,260,9,4,2585.0,12.2,483,0,5,406125,3383440,483,0,5,-114.29,511,-385.0,-85.0,394.27148007432646,0,-2.4499965078065884,-28,13,5,4.062157715603507
44,3032301,406510.0,3383525.0,28,260,9,4,2585.0,12.2,483,0,5,406385,3383660,485,0,5,-103.0,511,-125.0,135.0,183.98369492974098,2,57.20259816176582,-26,13,5,8.043597685808171
45,3032301,406510.0,3383525.0,28,260,9,4,2585.0,12.2,483,0,5,406135,3383430,483,0,5,-111.5,511,-375.0,-95.0,386.84622267769396,0,-4.215853473673548,-28,13,5,4.139859596594387
46,3032301,406510.0,3383525.0,28,260,9,4,2585.0,12.2,483,0,5,406140,3383415,484,0,5,-107.63,511,-370.0,-110.0,386.00518131237567,1,-6.557071375636667,-27,13,5,4.001165178925791
47,3032301,406510.0,3383525.0,28,260,9,4,2585.0,12.2,483,0,5,406365,3383680,485,0,5,-99.75,511,-145.0,155.0,212.24985276791125,2,56.90915243299639,-26,13,5,6.983776035510621
48,3032301,406510.0,3383525.0,28,260,9,4,2585.0,12.2,483,0,5,406120,3383435,483,0,5,-110.75,511,-390.0,-90.0,400.24992192379,0,-2.994616791916485,-28,13,5,4.001680801789889
49,3032301,406510.0,3383525.0,28,260,9,4,2585.0,12.2,483,0,5,406370,3383665,485,0,5,-104.5,511,-140.0,140.0,197.9898987322333,2,55.0,-26,13,5,7.481263524433121
50,3032301,406510.0,3383525.0,28,260,9,4,2585.0,12.2,483,0,5,406150,3383405,484,0,5,-103.0,511,-360.0,-120.0,379.4733192202055,1,-8.434948822922024,-27,13,5,4.069807627117499
51,3032301,406510.0,3383525.0,28,260,9,4,2585.0,12.2,483,0,5,406130,3383425,484,0,5,-106.4,511,-380.0,-100.0,392.93765408777,1,-4.743562836470744,-27,13,5,3.930797176932656
52,3032301,406510.0,3383525.0,28,260,9,4,2585.0,12.2,483,0,5,406375,3383670,485,0,5,-98.22,511,-135.0,145.0,198.11612756158948,2,57.04540848888723,-26,13,5,7.476550813080748
53,3032301,406510.0,3383525.0,28,260,9,4,2585.0,12.2,483,0,5,406630,3383285,485,0,5,-95.0,511,120.0,-240.0,268.32815729997475,2,-106.56505117707798,-26,13,5,5.5344701511553245
54,3032301,406510.0,3383525.0,28,260,9,4,2585.0,12.2,483,0,5,406655,3383270,486,0,5,-93.5,511,145.0,-255.0,293.3428028774526,3,-109.62374875117382,-25,13,5,4.871234532446781
55,3032301,406510.0,3383525.0,28,260,9,4,2585.0,12.2,483,0,5,406650,3383265,486,0,5,-101.0,511,140.0,-260.0,295.296461204668,3,-108.30075576600638,-25,13,5,4.839160373859959
56,3032301,406510.0,3383525.0,28,260,9,4,2585.0,12.2,483,0,5,406430,3383165,489,0,5,-107.5,511,-80.0,-360.0,368.7817782917155,6,-67.47119229084848,-22,13,5,3.413983826550467
57,3032301,406510.0,3383525.0,28,260,9,4,2585.0,12.2,483,0,5,406435,3383170,489,0,5,-109.56,511,-75.0,-355.0,362.8360511305347,6,-68.07067782276167,-22,13,5,3.4697925637924825
58,3032301,406510.0,3383525.0,28,260,9,4,2585.0,12.2,483,0,5,406400,3383195,488,0,14,-107.0,511,-110.0,-330.0,347.85054261852173,5,-61.565051177078004,-23,13,5,3.782910632295779
59,3032301,406510.0,3383525.0,28,260,9,4,2585.0,12.2,483,0,5,406410,3383185,489,0,5,-108.0,511,-100.0,-340.0,354.400902933387,6,-63.61045966596524,-22,13,5,3.5521686017162595
60,3032301,406510.0,3383525.0,28,260,9,4,2585.0,12.2,483,0,5,406420,3383175,489,0,5,-108.17,511,-90.0,-350.0,361.386219991853,6,-65.57922687248902,-22,13,5,3.483678673968538
61,3032301,406510.0,3383525.0,28,260,9,4,2585.0,12.2,483,0,5,406645,3383280,485,0,5,-91.46,511,135.0,-245.0,279.7320146139873,2,-108.85566121971652,-26,13,5,5.31016290176046
62,3032301,406510.0,3383525.0,28,260,9,4,2585.0,12.2,483,0,5,406685,3383240,487,0,6,-97.71,511,175.0,-285.0,334.43983016381287,4,-111.55138494831351,-24,13,5,4.10461128692443
63,3032301,406510.0,3383525.0,28,260,9,4,2585.0,12.2,483,0,5,406680,3383235,487,0,6,-92.29,511,170.0,-290.0,336.1547262794322,4,-110.37912601136838,-24,13,5,4.083742604211623
64,3032301,406510.0,3383525.0,28,260,9,4,2585.0,12.2,483,0,5,406445,3383160,488,0,14,-104.0,511,-65.0,-365.0,370.74249823833253,5,-69.90249561592472,-23,13,5,3.549947014712544
65,3032301,406510.0,3383525.0,28,260,9,4,2585.0,12.2,483,0,5,406690,3383225,487,0,6,-95.25,511,180.0,-300.0,349.85711369071805,4,-110.96375653207349,-24,13,5,3.9243099740178775
66,3032301,406510.0,3383525.0,28,260,9,4,2585.0,12.2,483,0,5,406640,3383275,485,0,5,-97.67,511,130.0,-250.0,281.7800560721074,2,-107.47443162627712,-26,13,5,5.271785680629503
67,3032301,406510.0,3383525.0,28,260,9,4,2585.0,12.2,483,0,5,406675,3383250,487,0,6,-90.0,511,165.0,-275.0,320.7023542164915,4,-110.96375653207349,-24,13,5,4.279794808304941
68,3032301,406510.0,3383525.0,28,260,9,4,2585.0,12.2,483,0,5,406670,3383245,487,0,6,-103.5,511,160.0,-280.0,322.49030993194197,4,-109.74488129694225,-24,13,5,4.256154139057605
69,3032301,406510.0,3383525.0,28,260,9,4,2585.0,12.2,483,0,5,406265,3383355,485,0,5,-117.0,511,-245.0,-170.0,298.2029510249689,2,-24.75591255354135,-26,13,5,4.982957262998098
70,3032301,406510.0,3383525.0,28,260,9,4,2585.0,12.2,483,0,5,406260,3383360,486,0,5,-118.0,511,-250.0,-165.0,299.5413160150032,3,-23.424811182603804,-25,13,5,4.770902551862321
71,3032301,406510.0,3383525.0,28,260,9,4,2585.0,12.2,483,0,5,406370,3383210,487,0,14,-101.5,511,-140.0,-315.0,344.7100230628637,4,-56.03751102542182,-24,13,5,3.982719220165799
72,3032301,406510.0,3383525.0,28,260,9,4,2585.0,12.2,483,0,5,406270,3383350,485,0,5,-112.5,511,-240.0,-175.0,297.0269348055829,2,-26.09828396710799,-26,13,5,5.002586325096551
73,3032301,406510.0,3383525.0,28,260,9,4,2585.0,12.2,483,0,5,406360,3383220,486,0,5,-102.25,511,-150.0,-305.0,339.8896879871468,3,-53.81188930251915,-25,13,5,4.20671696149253
74,3032301,406510.0,3383525.0,28,260,9,4,2585.0,12.2,483,0,5,406375,3383205,487,0,5,-101.63,511,-135.0,-320.0,347.3110997362451,4,-57.126334809373276,-24,13,5,3.9529868203395564
75,3032301,406510.0,3383525.0,28,260,9,4,2585.0,12.2,483,0,5,406310,3383310,484,0,5,-106.5,511,-200.0,-215.0,293.64093720052045,1,-37.0700306530411,-27,13,5,5.253519199570555
76,3032301,406510.0,3383525.0,28,260,9,4,2585.0,12.2,483,0,5,406365,3383215,487,0,5,-98.75,511,-145.0,-310.0,342.23529917295207,4,-54.932536561939514,-24,13,5,4.011424817250354
77,3032301,406510.0,3383525.0,28,260,9,4,2585.0,12.2,483,0,5,406720,3383275,487,0,5,-88.75,511,210.0,-250.0,326.49655434629017,4,-120.03025927188969,-24,13,5,4.2041178173603
78,3032301,406510.0,3383525.0,28,260,9,4,2585.0,12.2,483,0,5,406285,3383720,486,0,5,-102.0,511,-225.0,195.0,297.7414986191881,3,50.914383220025115,-25,13,5,4.799607852286132
79,3032301,406510.0,3383525.0,28,260,9,4,2585.0,12.2,483,0,5,406270,3383725,486,0,5,-105.71,511,-240.0,200.0,312.40998703626616,3,49.80557109226521,-25,13,5,4.575233524303433
80,3032301,406510.0,3383525.0,28,260,9,4,2585.0,12.2,483,0,5,406275,3383730,486,0,5,-100.43,511,-235.0,205.0,311.8493225902535,3,51.09950625761809,-25,13,5,4.583424181558539
81,3032301,406510.0,3383525.0,28,260,9,4,2585.0,12.2,483,0,5,406280,3383715,486,0,5,-107.33,511,-230.0,190.0,298.328677803526,3,49.55966796899452,-25,13,5,4.790205126289543
82,3032301,406510.0,3383525.0,28,260,9,4,2585.0,12.2,483,0,5,406290,3383705,486,0,5,-105.0,511,-220.0,180.0,284.2534080710379,3,49.28940686250036,-25,13,5,5.026213345247665
83,3032301,406510.0,3383525.0,28,260,9,4,2585.0,12.2,483,0,5,406710,3383365,486,0,6,-95.83,511,200.0,-160.0,256.12496949731394,3,-131.34019174590992,-25,13,5,5.574900808014441
84,3032301,406510.0,3383525.0,28,260,9,4,2585.0,12.2,483,0,5,406740,3383335,486,0,5,-94.5,511,230.0,-190.0,298.328677803526,3,-130.44033203100548,-25,13,5,4.790205126289543
85,3032301,406510.0,3383525.0,28,260,9,4,2585.0,12.2,483,0,5,406725,3383360,486,0,6,-95.5,511,215.0,-165.0,271.01660465735307,3,-132.49585763972982,-25,13,5,5.27034964648156
86,3032301,406510.0,3383525.0,28,260,9,4,2585.0,12.2,483,0,5,406420,3383655,486,0,5,-98.0,511,-90.0,130.0,158.11388300841898,3,65.30484646876602,-25,13,5,8.984876931685683
87,3032301,406510.0,3383525.0,28,260,9,4,2585.0,12.2,483,0,5,406715,3383370,486,0,6,-93.78,511,205.0,-155.0,257.00194551792794,3,-132.90716270295843,-25,13,5,5.555996626798778
88,3032301,406510.0,3383525.0,28,260,9,4,2585.0,12.2,483,0,5,406445,3383640,486,0,5,-98.2,511,-65.0,115.0,132.09844813622905,3,70.52411099675425,-25,13,5,10.716641173689032
89,3032301,406510.0,3383525.0,28,260,9,4,2585.0,12.2,483,0,5,406730,3383345,486,0,6,-99.0,511,220.0,-180.0,284.2534080710379,3,-130.71059313749964,-25,13,5,5.026213345247665
90,3032301,406510.0,3383525.0,28,260,9,4,2585.0,12.2,483,0,5,406745,3383340,486,0,5,-93.33,511,235.0,-185.0,299.0819285747636,3,-131.78897457443878,-25,13,5,4.778196716233
91,3032301,406510.0,3383525.0,28,260,9,4,2585.0,12.2,483,0,5,406455,3383630,486,0,13,-90.33,511,-55.0,105.0,118.53269591129698,3,72.35402463626133,-25,13,5,11.909831449346372
92,3032301,406510.0,3383525.0,28,260,9,4,2585.0,12.2,483,0,5,406325,3383760,486,0,6,-99.17,511,-185.0,235.0,299.0819285747636,3,61.78897457443878,-25,13,5,4.778196716233
93,3032301,406510.0,3383525.0,28,260,9,4,2585.0,12.2,483,0,5,406320,3383755,486,0,5,-106.0,511,-190.0,230.0,298.328677803526,3,60.44033203100548,-25,13,5,4.790205126289543
94,3032301,406510.0,3383525.0,28,260,9,4,2585.0,12.2,483,0,5,406330,3383745,486,0,5,-104.67,511,-180.0,220.0,284.2534080710379,3,60.71059313749964,-25,13,5,5.026213345247665
95,3032301,406510.0,3383525.0,28,260,9,4,2585.0,12.2,483,0,5,406720,3383355,486,0,6,-101.33,511,210.0,-170.0,270.1851217221259,3,-131.00900595749454,-25,13,5,5.2864771632950776
96,3032301,406510.0,3383525.0,28,260,9,4,2585.0,12.2,483,0,5,406335,3383750,486,0,6,-109.57,511,-175.0,225.0,285.0438562747845,3,62.125016348901795,-25,13,5,5.012346376969023
97,3032301,406510.0,3383525.0,28,260,9,4,2585.0,12.2,483,0,5,406430,3383645,486,0,5,-95.0,511,-80.0,120.0,144.22205101855957,3,66.30993247402023,-25,13,5,9.834146796705738
98,3032301,406510.0,3383525.0,28,260,9,4,2585.0,12.2,483,0,5,406440,3383650,486,0,5,-91.0,511,-70.0,125.0,143.26548781894402,3,70.75117366345302,-25,13,5,9.898513430934097
99,3032301,406510.0,3383525.0,28,260,9,4,2585.0,12.2,483,0,5,406430,3383640,486,0,5,-100.0,511,-80.0,115.0,140.089257261219,3,65.17551084304318,-25,13,5,10.11835409474971
100,3032301,406510.0,3383525.0,28,260,9,4,2585.0,12.2,483,0,5,406340,3383710,485,0,5,-101.67,511,-170.0,185.0,251.24689052802225,2,57.41950921665631,-26,13,5,5.90815878097044
101,3032301,406510.0,3383525.0,28,260,9,4,2585.0,12.2,483,0,5,406725,3383285,487,0,6,-98.6,511,215.0,-240.0,322.21886971436044,4,-121.855042535302,-24,13,5,4.259726371635333
102,3032301,406510.0,3383525.0,28,260,9,4,2585.0,12.2,483,0,5,406335,3383695,485,0,5,-100.83,511,-175.0,170.0,243.97745797511703,2,54.16968451374197,-26,13,5,6.082894450919762
103,3032301,406510.0,3383525.0,28,260,9,4,2585.0,12.2,483,0,5,406435,3383635,486,0,5,-96.67,511,-75.0,110.0,133.13526955694348,3,65.71312302279102,-25,13,5,10.635093878331585
104,3032301,406510.0,3383525.0,28,260,9,4,2585.0,12.2,483,0,5,406330,3383700,485,0,5,-98.67,511,-180.0,175.0,251.04780421266383,2,54.19307054489764,-26,13,5,5.912810896825759
105,3032301,406510.0,3383525.0,28,260,9,4,2585.0,12.2,483,0,5,406720,3383290,487,0,5,-90.67,511,210.0,-235.0,315.15869018638847,4,-121.78451600825179,-24,13,5,4.354789602618126
106,3032301,406510.0,3383525.0,28,260,9,4,2585.0,12.2,483,0,5,406470,3383270,483,0,6,-111.75,511,-40.0,-255.0,258.11818998280614,0,-71.08507304285214,-28,13,5,6.1910908638245985
107,3032301,406510.0,3383525.0,28,260,9,4,2585.0,12.2,483,0,5,406445,3383255,485,0,6,-111.44,511,-65.0,-270.0,277.71388153997634,2,-66.46414363086578,-26,13,5,5.348528606180423
108,3032301,406510.0,3383525.0,28,260,9,4,2585.0,12.2,483,0,5,406655,3383125,487,0,6,-104.5,511,145.0,-400.0,425.47032799009617,4,-99.92558065818434,-24,13,5,3.2285283584723117
109,3032301,406510.0,3383525.0,28,260,9,4,2585.0,12.2,483,0,5,406440,3383260,484,0,6,-106.17,511,-70.0,-265.0,274.0894014733149,1,-65.20323775494268,-27,13,5,5.62594203690644
110,3032301,406510.0,3383525.0,28,260,9,4,2585.0,12.2,483,0,5,406640,3383140,487,0,6,-102.4,511,130.0,-385.0,406.3557554655772,4,-98.65788847411955,-24,13,5,3.3800509144895092
111,3032301,406510.0,3383525.0,28,260,9,4,2585.0,12.2,483,0,5,406630,3383110,487,0,6,-109.0,511,120.0,-415.0,432.001157405857,4,-96.12757582595975,-24,13,5,3.179821618031713
112,3032301,406510.0,3383525.0,28,260,9,4,2585.0,12.2,483,0,5,406615,3383085,488,0,6,-112.0,511,105.0,-440.0,452.3549491273418,5,-93.42183506788615,-23,13,5,2.910698970896196
113,3032301,406510.0,3383525.0,28,260,9,4,2585.0,12.2,483,0,5,406450,3383250,485,0,5,-109.25,511,-60.0,-275.0,281.4693589007514,2,-67.69198418257207,-26,13,5,5.277572047794441
114,3032301,406510.0,3383525.0,28,260,9,4,2585.0,12.2,483,0,5,406445,3383895,487,0,5,-114.0,511,-65.0,370.0,375.6660751252367,4,90.0361958100928,-24,13,5,3.6554603969998216
115,3032301,406510.0,3383525.0,28,260,9,4,2585.0,12.2,483,0,5,406175,3383605,484,0,5,-97.0,511,-335.0,80.0,344.41980198589044,1,23.431028870681644,-27,13,5,4.4824040717875056
116,3032301,406510.0,3383525.0,28,260,9,4,2585.0,12.2,483,0,5,406185,3383635,485,0,5,-99.5,511,-325.0,110.0,343.11076928595526,2,28.698982804181128,-26,13,5,4.333436370357681
117,3032301,406510.0,3383525.0,28,260,9,4,2585.0,12.2,483,0,5,406150,3383590,483,0,5,-101.5,511,-360.0,65.0,365.8209944768069,0,20.234802763423204,-28,13,5,4.376894647080502
118,3032301,406510.0,3383525.0,28,260,9,4,2585.0,12.2,483,0,5,406190,3383630,485,0,5,-106.33,511,-320.0,105.0,336.7862823809782,2,28.165956529225525,-26,13,5,4.414494954276795
119,3032301,406510.0,3383525.0,28,260,9,4,2585.0,12.2,483,0,5,406235,3383665,486,0,5,-102.5,511,-275.0,140.0,308.58548248418947,3,36.980230718222856,-25,13,5,4.631692216787853
120,3032301,406510.0,3383525.0,28,260,9,4,2585.0,12.2,483,0,5,406495,3383925,487,0,5,-110.0,511,-15.0,400.0,400.2811511925087,4,97.8524145717015,-24,13,5,3.4312243985108295
121,3032301,406510.0,3383525.0,28,260,9,4,2585.0,12.2,483,0,5,406475,3383905,487,0,5,-106.0,511,-35.0,380.0,381.6084380618437,4,94.7376046004049,-24,13,5,3.5986887505693264
122,3032301,406510.0,3383525.0,28,260,9,4,2585.0,12.2,483,0,5,406455,3383885,488,0,5,-109.11,511,-55.0,360.0,364.17715469260287,5,91.31364541876337,-23,13,5,3.6137769507827664
123,3032301,406510.0,3383525.0,28,260,9,4,2585.0,12.2,483,0,5,406090,3383530,483,0,6,-100.5,511,-420.0,5.0,420.0297608503474,0,10.682060393172662,-28,13,5,3.81380538883591
124,3032301,406510.0,3383525.0,28,260,9,4,2585.0,12.2,483,0,5,406435,3383865,488,0,5,-108.33,511,-75.0,340.0,348.1738071710737,5,87.56043798115343,-23,13,5,3.7794085449605848
125,3032301,406510.0,3383525.0,28,260,9,4,2585.0,12.2,483,0,5,406145,3383595,484,0,5,-98.67,511,-365.0,70.0,371.6517186829626,1,20.856413348062233,-27,13,5,4.155161888985744
126,3032301,406510.0,3383525.0,28,260,9,4,2585.0,12.2,483,0,5,406155,3383585,483,0,5,-99.0,511,-355.0,60.0,360.0347205478938,0,19.59313426273036,-28,13,5,4.446957679543398
127,3032301,406510.0,3383525.0,28,260,9,4,2585.0,12.2,483,0,5,406195,3383625,485,0,5,-93.5,511,-315.0,100.0,330.49205739321485,2,27.612577842923827,-26,13,5,4.498227221412504
128,3032301,406510.0,3383525.0,28,260,9,4,2585.0,12.2,483,0,5,406205,3383655,486,0,5,-96.75,511,-305.0,130.0,331.54939300200806,3,33.0851336728083,-25,13,5,4.312144803471259
129,3032301,406510.0,3383525.0,28,260,9,4,2585.0,12.2,483,0,5,406170,3383610,484,0,5,-95.67,511,-340.0,85.0,350.46397817750113,1,24.036243467926454,-27,13,5,4.405406549732366
130,3032301,406510.0,3383525.0,28,260,9,4,2585.0,12.2,483,0,5,406240,3383380,486,0,5,-116.5,511,-270.0,-145.0,306.4718584144391,3,-18.237445538167265,-25,13,5,4.663494886889304
131,3032301,406510.0,3383525.0,28,260,9,4,2585.0,12.2,483,0,5,406220,3383680,486,0,5,-95.67,511,-290.0,155.0,328.8236609491476,3,38.12373538328882,-25,13,5,4.347753151335397
132,3032301,406510.0,3383525.0,28,260,9,4,2585.0,12.2,483,0,5,406275,3383385,485,0,6,-111.0,511,-235.0,-140.0,273.5415873317986,2,-20.784146526326452,-26,13,5,5.429625105760799
133,3032301,406510.0,3383525.0,28,260,9,4,2585.0,12.2,483,0,5,406270,3383390,485,0,6,-121.0,511,-240.0,-135.0,275.3633962602873,2,-19.357753542791272,-26,13,5,5.393915181697736
134,3032301,406510.0,3383525.0,28,260,9,4,2585.0,12.2,483,0,5,406250,3383370,486,0,5,-110.4,511,-260.0,-155.0,302.6962173533062,3,-20.801445976136847,-25,13,5,4.7214030063336585
135,3032301,406510.0,3383525.0,28,260,9,4,2585.0,12.2,483,0,5,406210,3383650,486,0,5,-96.0,511,-300.0,125.0,325.0,3,32.61986494804046,-25,13,5,4.398705354995532
136,3032301,406510.0,3383525.0,28,260,9,4,2585.0,12.2,483,0,5,406230,3383670,486,0,5,-96.33,511,-280.0,145.0,315.3173005085512,3,37.37770277133171,-25,13,5,4.533225236997318
137,3032301,406510.0,3383525.0,28,260,9,4,2585.0,12.2,483,0,5,406135,3383565,483,0,5,-97.0,511,-375.0,40.0,377.12729946266154,0,16.08852815419516,-28,13,5,4.246162316633327
138,3032301,406510.0,3383525.0,28,260,9,4,2585.0,12.2,483,0,5,406140,3383600,484,0,5,-93.5,511,-370.0,75.0,377.5248336202534,1,21.4587523458772,-27,13,5,4.0907416380867865
139,3032301,406510.0,3383525.0,28,260,9,4,2585.0,12.2,483,0,5,406105,3383555,483,0,5,-91.5,511,-405.0,30.0,406.1095911204265,0,14.236394799058871,-28,13,5,3.9441249573155934
140,3032301,406510.0,3383525.0,28,260,9,4,2585.0,12.2,483,0,5,406225,3383675,486,0,5,-109.6,511,-285.0,150.0,322.0636583037583,3,37.75854060106002,-25,13,5,4.438650000599151
141,3032301,406510.0,3383525.0,28,260,9,4,2585.0,12.2,483,0,5,406180,3383640,485,0,5,-99.0,511,-330.0,115.0,349.4638751001311,2,29.21267181718565,-26,13,5,4.254948315164422
142,3032301,406510.0,3383525.0,28,260,9,4,2585.0,12.2,483,0,5,406165,3383615,484,0,5,-102.0,511,-345.0,90.0,356.5459297201414,1,24.620873988631672,-27,13,5,4.33054756877446
143,3032301,406510.0,3383525.0,28,260,9,4,2585.0,12.2,483,0,5,406435,3383285,484,0,5,-107.33,511,-75.0,-240.0,251.44581921360316,1,-62.6459753637387,-27,13,5,6.1288795245713965
144,3032301,406510.0,3383525.0,28,260,9,4,2585.0,12.2,483,0,5,406500,3383220,486,0,5,-113.75,511,-10.0,-305.0,305.16389039334257,3,-78.12212255271464,-25,13,5,4.683394442175811
145,3032301,406510.0,3383525.0,28,260,9,4,2585.0,12.2,483,0,5,406495,3383225,485,0,5,-108.5,511,-15.0,-300.0,300.3747659175118,2,-77.13759477388825,-26,13,5,4.947108179532942
146,3032301,406510.0,3383525.0,28,260,9,4,2585.0,12.2,483,0,5,406510,3383210,486,0,6,-104.33,511,0.0,-315.0,315.0,3,-80.0,-25,13,5,4.537772507906652
147,3032301,406510.0,3383525.0,28,260,9,4,2585.0,12.2,483,0,5,406550,3383250,484,0,6,-114.75,511,40.0,-275.0,277.89386463180506,1,-88.27589282707515,-27,13,5,5.54940503210506
148,3032301,406510.0,3383525.0,28,260,9,4,2585.0,12.2,483,0,5,406555,3383245,484,0,7,-106.67,511,45.0,-280.0,283.59301824974466,1,-89.13017648227867,-27,13,5,5.43855830791075
149,3032301,406510.0,3383525.0,28,260,9,4,2585.0,12.2,483,0,5,406615,3383185,486,0,5,-95.33,511,105.0,-340.0,355.8440669731617,3,-97.16191880286533,-25,13,5,4.0187399149201735
150,3032301,406510.0,3383525.0,28,260,9,4,2585.0,12.2,483,0,5,406480,3383240,485,0,5,-108.56,511,-30.0,-285.0,286.574597618142,2,-73.99099404250546,-26,13,5,5.184070601417147
151,3032301,406510.0,3383525.0,28,260,9,4,2585.0,12.2,483,0,5,406490,3383230,485,0,5,-106.25,511,-20.0,-295.0,295.67718883945037,2,-76.12147549715229,-26,13,5,5.025306113792251
152,3032301,406510.0,3383525.0,28,260,9,4,2585.0,12.2,483,0,5,406515,3383205,486,0,5,-106.43,511,5.0,-320.0,320.0390601161052,3,-80.89517371021111,-25,13,5,4.466616060099301
153,3032301,406510.0,3383525.0,28,260,9,4,2585.0,12.2,483,0,5,406485,3383235,485,0,5,-110.63,511,-25.0,-290.0,291.0755915565577,2,-75.072890052351,-26,13,5,5.1043344482200075
154,3032301,406510.0,3383525.0,28,260,9,4,2585.0,12.2,483,0,5,406505,3383215,486,0,6,-108.67,511,-5.0,-310.0,310.0403199585499,3,-79.07595464722729,-25,13,5,4.610052300060176
155,3032301,406510.0,3383525.0,28,260,9,4,2585.0,12.2,483,0,5,406575,3383145,487,0,5,-107.0,511,65.0,-380.0,385.5191305240247,4,-89.70665240933977,-24,13,5,3.562278260107741
156,3032301,406510.0,3383525.0,28,260,9,4,2585.0,12.2,483,0,5,406580,3383140,487,0,5,-105.5,511,70.0,-385.0,391.3118960624632,4,-90.30484646876607,-24,13,5,3.509677057619714
157,3032301,406510.0,3383525.0,28,260,9,4,2585.0,12.2,483,0,5,406460,3383220,486,0,6,-106.0,511,-50.0,-305.0,309.0711892105118,3,-70.69005982501398,-25,13,5,4.62444508669813
158,3032301,406510.0,3383525.0,28,260,9,4,2585.0,12.2,483,0,5,406435,3383245,485,0,5,-109.0,511,-75.0,-280.0,289.8706608127149,2,-65.00492087082401,-26,13,5,5.125439301089062
159,3032301,406510.0,3383525.0,28,260,9,4,2585.0,12.2,483,0,5,406425,3383255,485,0,5,-110.0,511,-85.0,-270.0,283.0635970943632,2,-62.52522574374433,-26,13,5,5.248014749546531
160,3032301,406510.0,3383525.0,28,260,9,4,2585.0,12.2,483,0,5,406420,3383260,485,0,5,-107.0,511,-90.0,-265.0,279.8660393831306,2,-61.241349652157766,-26,13,5,5.307634449795255
161,3032301,406510.0,3383525.0,28,260,9,4,2585.0,12.2,483,0,5,406660,3383180,487,0,6,-103.0,511,150.0,-345.0,376.19808611953357,4,-103.49856567595202,-24,13,5,3.6503049128335006
162,3032301,406510.0,3383525.0,28,260,9,4,2585.0,12.2,483,0,5,406430,3383250,485,0,5,-109.5,511,-80.0,-275.0,286.40006983239374,2,-63.7798063043972,-26,13,5,5.187212465459871
163,3032301,406510.0,3383525.0,28,260,9,4,2585.0,12.2,483,0,5,406440,3383240,485,0,5,-110.33,511,-70.0,-285.0,293.47061181658376,2,-66.20051460398062,-26,13,5,5.062895247751985
164,3032301,406510.0,3383525.0,28,260,9,4,2585.0,12.2,483,0,5,406445,3383235,486,0,5,-113.5,511,-65.0,-290.0,297.1952220342716,3,-67.36663806472498,-25,13,5,4.808388717744087
165,3032301,406510.0,3383525.0,28,260,9,4,2585.0,12.2,483,0,5,406400,3383280,484,0,5,-110.33,511,-110.0,-245.0,268.5609800399157,1,-55.82089285331082,-27,13,5,5.740988132976461
166,3032301,406510.0,3383525.0,28,260,9,4,2585.0,12.2,483,0,5,406645,3383195,487,0,6,-96.4,511,135.0,-330.0,356.5459297201414,4,-102.24902365721232,-24,13,5,3.8509133788582384
167,3032301,406510.0,3383525.0,28,260,9,4,2585.0,12.2,483,0,5,406650,3383190,487,0,6,-100.0,511,140.0,-335.0,363.07712679264165,4,-102.68055960702486,-24,13,5,3.78184424880435
168,3032301,406510.0,3383525.0,28,260,9,4,2585.0,12.2,483,0,5,406610,3383070,488,0,6,-116.0,511,100.0,-455.0,465.8594208556912,5,-92.39540683375844,-23,13,5,2.8264616212947162
169,3032301,406510.0,3383525.0,28,260,9,4,2585.0,12.2,483,0,5,406665,3383175,488,0,6,-97.67,511,155.0,-350.0,382.78584090846414,5,-103.88649992163471,-23,13,5,3.4385296536175485
170,3032301,406510.0,3383525.0,28,260,9,4,2585.0,12.2,483,0,5,407940,3382685,482,0,5,-98.0,511,1430.0,-840.0,1658.463143998081,-1,-139.56948765307027,-29,13,5,1.0017758269336823
171,3032301,406510.0,3383525.0,28,260,9,4,2585.0,12.2,483,0,5,406540,3383020,488,0,5,-107.5,511,30.0,-505.0,505.8903043150758,5,-83.39971415912328,-23,13,5,2.6031257578389106
172,3032301,406510.0,3383525.0,28,260,9,4,2585.0,12.2,483,0,5,406440,3383160,488,0,14,-110.5,511,-70.0,-365.0,371.6517186829626,5,-69.14358665193774,-23,13,5,3.541284440570443
173,3032301,406510.0,3383525.0,28,260,9,4,2585.0,12.2,483,0,5,406780,3383460,487,0,5,-115.0,511,270.0,-65.0,277.71388153997634,4,-156.46414363086575,-24,13,5,4.939222694914037
174,3032301,406510.0,3383525.0,28,260,9,4,2585.0,12.2,483,0,5,406635,3383285,485,0,5,-99.4,511,125.0,-240.0,270.60118255469615,2,-107.51200262385146,-26,13,5,5.488266146090405
175,3032301,406510.0,3383525.0,28,260,9,4,2585.0,12.2,483,0,5,406445,3383155,488,0,5,-104.5,511,-65.0,-370.0,375.6660751252367,5,-70.03619581009283,-23,13,5,3.50353714786807
176,3032301,406510.0,3383525.0,28,260,9,4,2585.0,12.2,483,0,5,406685,3383235,487,0,6,-95.45,511,175.0,-290.0,338.71079108879894,4,-111.10880882854514,-24,13,5,4.053027928488844
177,3032301,406510.0,3383525.0,28,260,9,4,2585.0,12.2,483,0,5,406655,3383265,486,0,5,-94.0,511,145.0,-260.0,297.6995129320839,3,-109.14807184571305,-25,13,5,4.800281596214061
178,3032301,406510.0,3383525.0,28,260,9,4,2585.0,12.2,483,0,5,406425,3383175,489,0,14,-107.11,511,-85.0,-350.0,360.17356926904006,6,-66.34958086524301,-22,13,5,3.4953786696591806
179,3032301,406510.0,3383525.0,28,260,9,4,2585.0,12.2,483,0,5,406430,3383170,489,0,14,-106.27,511,-80.0,-355.0,363.90245945857527,6,-67.30041551040264,-22,13,5,3.4596491449872677
180,3032301,406510.0,3383525.0,28,260,9,4,2585.0,12.2,483,0,5,406435,3383165,488,0,14,-105.0,511,-75.0,-360.0,367.7295201639379,5,-68.23171106797935,-23,13,5,3.578958077852775
181,3032301,406510.0,3383525.0,28,260,9,4,2585.0,12.2,483,0,5,406640,3383280,485,0,5,-93.1,511,130.0,-245.0,277.35356496717327,2,-107.9509690278901,-26,13,5,5.355436632299687
182,3032301,406510.0,3383525.0,28,260,9,4,2585.0,12.2,483,0,5,406690,3383230,487,0,6,-89.25,511,180.0,-295.0,345.5792239125495,4,-111.39026810418778,-24,13,5,3.972734000948458
183,3032301,406510.0,3383525.0,28,260,9,4,2585.0,12.2,483,0,5,406645,3383275,486,0,5,-102.5,511,135.0,-250.0,284.1214529035075,3,-108.36904629327859,-25,13,5,5.028535715079963
184,3032301,406510.0,3383525.0,28,260,9,4,2585.0,12.2,483,0,5,406680,3383240,487,0,6,-95.58,511,170.0,-285.0,331.85087012090236,4,-110.81570575172918,-24,13,5,4.136522998105041
185,3032301,406510.0,3383525.0,28,260,9,4,2585.0,12.2,483,0,5,406650,3383270,486,0,5,-98.67,511,140.0,-255.0,290.90376415577714,3,-108.7676493388438,-25,13,5,4.9118776724872015
186,3032301,406510.0,3383525.0,28,260,9,4,2585.0,12.2,483,0,5,405990,3383545,486,0,5,-118.5,511,-520.0,20.0,520.3844732503075,3,12.20259816176582,-25,13,5,2.750454918143882
187,3032301,406510.0,3383525.0,28,260,9,4,2585.0,12.2,483,0,5,406370,3383285,484,0,5,-111.33,511,-140.0,-240.0,277.8488797889961,1,-49.743562836470716,-27,13,5,5.550297893097511
188,3032301,406510.0,3383525.0,28,260,9,4,2585.0,12.2,483,0,5,406390,3383305,484,0,6,-108.29,511,-120.0,-220.0,250.59928172283335,1,-51.38954033403479,-27,13,5,6.149424836367932
189,3032301,406510.0,3383525.0,28,260,9,4,2585.0,12.2,483,0,5,406365,3383300,484,0,5,-109.75,511,-145.0,-225.0,267.67517628648346,1,-47.20046872738078,-27,13,5,5.75985895986486
190,3032301,406510.0,3383525.0,28,260,9,4,2585.0,12.2,483,0,5,406335,3383330,484,0,5,-108.33,511,-175.0,-195.0,262.01145013147806,1,-38.09405805891711,-27,13,5,5.883501714809931
191,3032301,406510.0,3383525.0,28,260,9,4,2585.0,12.2,483,0,5,406330,3383325,484,0,5,-109.14,511,-180.0,-200.0,269.0724809414742,1,-38.012787504183365,-27,13,5,5.730147334165948
192,3032301,406510.0,3383525.0,28,260,9,4,2585.0,12.2,483,0,5,406325,3383340,484,0,5,-107.57,511,-185.0,-185.0,261.6295090390226,1,-35.0,-27,13,5,5.892030391009962
193,3032301,406510.0,3383525.0,28,260,9,4,2585.0,12.2,483,0,5,406320,3383335,484,0,5,-108.27,511,-190.0,-190.0,268.70057685088807,1,-35.0,-27,13,5,5.7380254508059165
194,3032301,406510.0,3383525.0,28,260,9,4,2585.0,12.2,483,0,5,406375,3383290,484,0,5,-115.5,511,-135.0,-235.0,271.01660465735307,1,-50.12400730831058,-27,13,5,5.689313042455971
195,3032301,406510.0,3383525.0,28,260,9,4,2585.0,12.2,483,0,5,406110,3383425,484,0,5,-114.67,511,-400.0,-100.0,412.31056256176606,1,-4.036243467926482,-27,13,5,3.7466428929794042
196,3032301,406510.0,3383525.0,28,260,9,4,2585.0,12.2,483,0,5,406385,3383640,485,0,13,-95.0,511,-125.0,115.0,169.85287751463028,2,52.61405596961117,-26,13,5,8.70291944585237
197,3032301,406510.0,3383525.0,28,260,9,4,2585.0,12.2,483,0,5,406345,3383680,485,0,5,-94.0,511,-165.0,155.0,226.38462845343543,2,53.21008939175391,-26,13,5,6.551645477935625
198,3032301,406510.0,3383525.0,28,260,9,4,2585.0,12.2,483,0,5,406105,3383440,483,0,5,-104.0,511,-405.0,-85.0,413.82363393117123,0,-1.853004167744018,-28,13,5,3.8708285589140687
199,3032301,406510.0,3383525.0,28,260,9,4,2585.0,12.2,483,0,5,406380,3383635,485,0,5,-94.25,511,-130.0,110.0,170.29386365926402,2,50.23635830927384,-26,13,5,8.680726449238696
200,3032301,406510.0,3383525.0,28,260,9,4,2585.0,12.2,483,0,5,406100,3383435,483,0,5,-106.75,511,-410.0,-90.0,419.76183723630714,0,-2.380756928807159,-28,13,5,3.816232455840132
201,3032301,406510.0,3383525.0,28,260,9,4,2585.0,12.2,483,0,5,406115,3383430,483,0,5,-119.75,511,-395.0,-95.0,406.2634613154375,0,-3.5231606504160027,-28,13,5,3.9426358522821703
202,3032301,406510.0,3383525.0,28,260,9,4,2585.0,12.2,483,0,5,406125,3383465,483,0,5,-106.0,511,-385.0,-60.0,389.6472763923803,0,1.1420412363716537,-28,13,5,4.110201788864584
203,3032301,406510.0,3383525.0,28,260,9,4,2585.0,12.2,483,0,5,406205,3383385,485,0,5,-116.5,511,-305.0,-140.0,335.5964838909967,2,-14.655898744081611,-26,13,5,4.430083579008992
204,3032301,406510.0,3383525.0,28,260,9,4,2585.0,12.2,483,0,5,406335,3383595,484,0,5,-93.5,511,-175.0,70.0,188.48076824970764,1,31.801409486351815,-27,13,5,8.152198723312335
205,3032301,406510.0,3383525.0,28,260,9,4,2585.0,12.2,483,0,5,406145,3383445,483,0,5,-116.0,511,-365.0,-80.0,373.6642878306676,0,-2.362492415714314,-28,13,5,4.285368583336015
206,3032301,406510.0,3383525.0,28,260,9,4,2585.0,12.2,483,0,5,406210,3383400,485,0,5,-117.0,511,-300.0,-125.0,325.0,2,-12.61986494804043,-26,13,5,4.573921259900861
207,3032301,406510.0,3383525.0,28,260,9,4,2585.0,12.2,483,0,5,406180,3383410,484,0,5,-114.5,511,-330.0,-115.0,349.4638751001311,1,-9.212671817185623,-27,13,5,4.417964192028467
208,3032301,406510.0,3383525.0,28,260,9,4,2585.0,12.2,483,0,5,406200,3383390,485,0,5,-113.56,511,-310.0,-135.0,338.11980125393427,2,-13.532348560901028,-26,13,5,4.397152936790168
209,3032301,406510.0,3383525.0,28,260,9,4,2585.0,12.2,483,0,5,406225,3383365,486,0,5,-114.0,511,-285.0,-160.0,326.84093990808435,3,-19.31000707091613,-25,13,5,4.374025955522823
210,3032301,406510.0,3383525.0,28,260,9,4,2585.0,12.2,483,0,5,406220,3383370,486,0,5,-118.5,511,-290.0,-155.0,328.8236609491476,3,-18.123735383288818,-25,13,5,4.347753151335397
211,3032301,406510.0,3383525.0,28,260,9,4,2585.0,12.2,483,0,5,406485,3383745,485,0,5,-101.0,511,-25.0,220.0,221.41589825484527,2,93.51692630710278,-26,13,5,6.697347931691229
212,3032301,406510.0,3383525.0,28,260,9,4,2585.0,12.2,483,0,5,406215,3383395,485,0,5,-117.67,511,-295.0,-130.0,322.37400639629743,2,-13.782030423221386,-26,13,5,4.611019480672595
213,3032301,406510.0,3383525.0,28,260,9,4,2585.0,12.2,483,0,5,406165,3383425,484,0,5,-116.5,511,-345.0,-100.0,359.2005011132362,1,-6.164499152256923,-27,13,5,4.298664266870538
214,3032301,406510.0,3383525.0,28,260,9,4,2585.0,12.2,483,0,5,406160,3383430,483,0,5,-115.0,511,-350.0,-95.0,362.6637561157718,0,-5.185837262201346,-28,13,5,4.414848539649627
215,3032301,406510.0,3383525.0,28,260,9,4,2585.0,12.2,483,0,5,406185,3383405,485,0,5,-111.8,511,-325.0,-120.0,346.44624402640017,2,-10.265697470947515,-26,13,5,4.291872062273411
216,3032301,406510.0,3383525.0,28,260,9,4,2585.0,12.2,483,0,5,406210,3383415,485,0,6,-112.5,511,-300.0,-110.0,319.53090617340916,2,-10.13630342824814,-26,13,5,4.6518678207157595
217,3032301,406510.0,3383525.0,28,260,9,4,2585.0,12.2,483,0,5,406180,3383385,485,0,5,-109.2,511,-330.0,-140.0,358.4689665786984,2,-12.98871680208066,-26,13,5,4.148437798431051
218,3032301,406510.0,3383525.0,28,260,9,4,2585.0,12.2,483,0,5,406095,3383460,483,0,5,-109.4,511,-415.0,-65.0,420.05951959216446,0,1.0982839671079887,-28,13,5,3.8135360004784498
219,3032301,406510.0,3383525.0,28,260,9,4,2585.0,12.2,483,0,5,406080,3383445,483,0,5,-108.33,511,-430.0,-80.0,437.37855457258075,0,-0.5391837286282453,-28,13,5,3.662949604950927
220,3032301,406510.0,3383525.0,28,260,9,4,2585.0,12.2,483,0,5,406105,3383470,483,0,5,-111.67,511,-405.0,-55.0,408.71750635371615,0,2.2664019009771437,-28,13,5,3.919037241131163
221,3032301,406510.0,3383525.0,28,260,9,4,2585.0,12.2,483,0,5,406110,3383475,483,0,5,-110.29,511,-400.0,-50.0,403.11288741492746,0,2.874983651098205,-28,13,5,3.9733516466858623
222,3032301,406510.0,3383525.0,28,260,9,4,2585.0,12.2,483,0,5,406090,3383455,483,0,5,-106.08,511,-420.0,-70.0,425.7933771208754,0,0.5376777919743745,-28,13,5,3.76233031232997
223,3032301,406510.0,3383525.0,28,260,9,4,2585.0,12.2,483,0,5,406185,3383390,485,0,5,-107.5,511,-325.0,-135.0,351.9232870953555,2,-12.557246634705677,-26,13,5,4.225320725856167
224,3032301,406510.0,3383525.0,28,260,9,4,2585.0,12.2,483,0,5,406190,3383395,485,0,5,-111.89,511,-320.0,-130.0,345.3983207834109,2,-12.109448343751694,-26,13,5,4.304844537018755
225,3032301,406510.0,3383525.0,28,260,9,4,2585.0,12.2,483,0,5,406085,3383450,483,0,5,-104.67,511,-425.0,-75.0,431.5669125408017,0,-0.007979801441365453,-28,13,5,3.7121392509024265
226,3032301,406510.0,3383525.0,28,260,9,4,2585.0,12.2,483,0,5,406195,3383400,485,0,5,-118.0,511,-315.0,-125.0,338.89526405661087,2,-11.644435140713995,-26,13,5,4.3871306626837985
227,3032301,406510.0,3383525.0,28,260,9,4,2585.0,12.2,483,0,5,406310,3383735,486,0,13,-98.67,511,-200.0,210.0,290.0,3,56.39718102729637,-25,13,5,4.927109947649014
228,3032301,406510.0,3383525.0,28,260,9,4,2585.0,12.2,483,0,5,406300,3383725,486,0,5,-97.86,511,-210.0,200.0,290.0,3,53.60281897270363,-25,13,5,4.927109947649014
229,3032301,406510.0,3383525.0,28,260,9,4,2585.0,12.2,483,0,5,406345,3383770,486,0,5,-118.0,511,-165.0,245.0,295.3811097548386,3,66.04094018032373,-25,13,5,4.837780178964247
230,3032301,406510.0,3383525.0,28,260,9,4,2585.0,12.2,483,0,5,406250,3383715,486,0,5,-105.0,511,-260.0,190.0,322.02484376209236,3,46.158185439808335,-25,13,5,4.439182864966512
231,3032301,406510.0,3383525.0,28,260,9,4,2585.0,12.2,483,0,5,406305,3383730,486,0,5,-100.77,511,-205.0,205.0,289.9137802864845,3,55.0,-25,13,5,4.928568042664063
232,3032301,406510.0,3383525.0,28,260,9,4,2585.0,12.2,483,0,5,406315,3383740,486,0,13,-103.0,511,-195.0,215.0,290.25850547399983,3,57.792702365713296,-25,13,5,4.922743415087569
233,3032301,406510.0,3383525.0,28,260,9,4,2585.0,12.2,483,0,5,406775,3383455,487,0,5,-98.0,511,265.0,-70.0,274.0894014733149,4,-155.20323775494262,-24,13,5,5.0042080611083675
234,3032301,406510.0,3383525.0,28,260,9,4,2585.0,12.2,483,0,5,406470,3383160,488,0,14,-98.17,511,-40.0,-365.0,367.18523935474315,5,-73.74596725608353,-23,13,5,3.5842493686015398
235,3032301,406510.0,3383525.0,28,260,9,4,2585.0,12.2,483,0,5,406475,3383155,488,0,14,-100.0,511,-35.0,-370.0,371.6517186829626,5,-74.5962086397503,-23,13,5,3.541284440570443
236,3032301,406510.0,3383525.0,28,260,9,4,2585.0,12.2,483,0,5,406415,3383175,489,0,5,-105.29,511,-95.0,-350.0,362.6637561157718,6,-64.81416273779868,-22,13,5,3.4714369694533804
237,3032301,406510.0,3383525.0,28,260,9,4,2585.0,12.2,483,0,5,406410,3383180,489,0,5,-106.0,511,-100.0,-345.0,359.2005011132362,6,-63.83550084774308,-22,13,5,3.504824020599386
238,3032301,406510.0,3383525.0,28,260,9,4,2585.0,12.2,483,0,5,406700,3383230,487,0,5,-95.5,511,190.0,-295.0,350.891721190455,4,-112.78428086586916,-24,13,5,3.912775103796372
239,3032301,406510.0,3383525.0,28,260,9,4,2585.0,12.2,483,0,5,406710,3383240,487,0,5,-95.0,511,200.0,-285.0,348.1738071710737,4,-115.05942696688697,-24,13,5,3.9432230200315317
240,3032301,406510.0,3383525.0,28,260,9,4,2585.0,12.2,483,0,5,406680,3383210,488,0,6,-94.33,511,170.0,-315.0,357.94552658190884,5,-108.35496178532406,-23,13,5,3.676519668673913
241,3032301,406510.0,3383525.0,28,260,9,4,2585.0,12.2,483,0,5,406670,3383280,486,0,6,-98.33,511,160.0,-245.0,292.61749776799064,3,-113.14699583225604,-25,13,5,4.883250449013462
242,3032301,406510.0,3383525.0,28,260,9,4,2585.0,12.2,483,0,5,406060,3383475,483,0,5,-100.5,511,-450.0,-50.0,452.76925690687085,0,3.6598082540900805,-28,13,5,3.5387591995716265
243,3032301,406510.0,3383525.0,28,260,9,4,2585.0,12.2,483,0,5,406070,3383465,483,0,5,-118.33,511,-440.0,-60.0,444.07206622349037,0,2.2348339815746385,-28,13,5,3.607884799188995
244,3032301,406510.0,3383525.0,28,260,9,4,2585.0,12.2,483,0,5,406065,3383480,483,0,5,-110.5,511,-445.0,-45.0,447.2694937059759,0,4.225674097336707,-28,13,5,3.582160253383169
245,3032301,406510.0,3383525.0,28,260,9,4,2585.0,12.2,483,0,5,406075,3383470,483,0,5,-115.4,511,-435.0,-55.0,438.46322536787505,0,2.7939429986167283,-28,13,5,3.653912774961078
246,3032301,406510.0,3383525.0,28,260,9,4,2585.0,12.2,483,0,5,406500,3383675,486,0,5,-98.0,511,-10.0,150.0,150.33296378372907,3,96.18592516570965,-25,13,5,9.441742419083349
247,3032301,406510.0,3383525.0,28,260,9,4,2585.0,12.2,483,0,5,406315,3383710,485,0,5,-96.86,511,-195.0,185.0,268.79360111431225,2,53.49256424122501,-26,13,5,5.524945994269117
248,3032301,406510.0,3383525.0,28,260,9,4,2585.0,12.2,483,0,5,406305,3383720,486,0,5,-96.25,511,-205.0,195.0,282.93108701590216,3,53.567903815835336,-25,13,5,5.049582940765654
249,3032301,406510.0,3383525.0,28,260,9,4,2585.0,12.2,483,0,5,406270,3383320,485,0,5,-105.0,511,-240.0,-205.0,315.6342820417326,2,-30.502848385332243,-26,13,5,4.709040175647217
250,3032301,406510.0,3383525.0,28,260,9,4,2585.0,12.2,483,0,5,406000,3383530,486,0,5,-116.0,511,-510.0,5.0,510.02450921499843,3,10.561705332566532,-25,13,5,2.8062356073105463
251,3032301,406510.0,3383525.0,28,260,9,4,2585.0,12.2,483,0,5,406395,3383275,484,0,5,-106.0,511,-115.0,-250.0,275.1817581163403,1,-55.297569772228684,-27,13,5,5.6037518218209925
252,3032301,406510.0,3383525.0,28,260,9,4,2585.0,12.2,483,0,5,406380,3383270,485,0,5,-108.33,511,-130.0,-255.0,286.2254356272342,2,-52.98733465206146,-26,13,5,5.190360048955597
253,3032301,406510.0,3383525.0,28,260,9,4,2585.0,12.2,483,0,5,406305,3383345,484,0,5,-111.0,511,-205.0,-180.0,272.8094573140748,1,-31.28471089457122,-27,13,5,5.652166834245693
254,3032301,406510.0,3383525.0,28,260,9,4,2585.0,12.2,483,0,5,406290,3383340,485,0,5,-115.0,511,-220.0,-185.0,287.4456470360962,2,-30.060784457873808,-26,13,5,5.168446470035695
255,3032301,406510.0,3383525.0,28,260,9,4,2585.0,12.2,483,0,5,406300,3383350,484,0,5,-110.5,511,-210.0,-175.0,273.3587386567329,1,-29.80557109226521,-27,13,5,5.640882808640753
256,3032301,406510.0,3383525.0,28,260,9,4,2585.0,12.2,483,0,5,406295,3383335,484,0,5,-115.0,511,-215.0,-190.0,286.9233347080715,1,-31.467705416109112,-27,13,5,5.375804982477276
257,3032301,406510.0,3383525.0,28,260,9,4,2585.0,12.2,483,0,5,406280,3383330,485,0,5,-115.0,511,-230.0,-195.0,301.53772566629203,2,-30.29214775562778,-26,13,5,4.928122496148733
258,3032301,406510.0,3383525.0,28,260,9,4,2585.0,12.2,483,0,5,406285,3383325,484,0,5,-112.0,511,-225.0,-200.0,301.0398644698074,1,-31.63353933657018,-27,13,5,5.12509497502771
259,3032301,406510.0,3383525.0,28,260,9,4,2585.0,12.2,483,0,5,406625,3383070,488,0,6,-119.5,511,115.0,-455.0,469.3080012102926,5,-94.18429424827082,-23,13,5,2.805725457703865
260,3032301,406510.0,3383525.0,28,260,9,4,2585.0,12.2,483,0,5,406660,3383185,487,0,6,-125.33,511,150.0,-340.0,371.6180835212409,4,-103.80594351845775,-24,13,5,3.6951691639338042
261,3032301,406510.0,3383525.0,28,260,9,4,2585.0,12.2,483,0,5,406430,3383275,484,0,6,-109.43,511,-80.0,-250.0,262.48809496813374,1,-62.255328374943076,-27,13,5,5.872892769881453
262,3032301,406510.0,3383525.0,28,260,9,4,2585.0,12.2,483,0,5,406675,3383200,488,0,6,-95.38,511,165.0,-325.0,364.4859393721519,5,-106.91655461695132,-23,13,5,3.6107235390081516
263,3032301,406510.0,3383525.0,28,260,9,4,2585.0,12.2,483,0,5,406410,3383255,485,0,5,-104.5,511,-100.0,-270.0,287.92360097775935,2,-59.67686317033704,-26,13,5,5.1599131873839275
264,3032301,406510.0,3383525.0,28,260,9,4,2585.0,12.2,483,0,5,406435,3383280,484,0,5,-107.64,511,-75.0,-245.0,256.2225595063791,1,-62.979474388480156,-27,13,5,6.015464889200492
265,3032301,406510.0,3383525.0,28,260,9,4,2585.0,12.2,483,0,5,406470,3383235,485,0,5,-108.0,511,-40.0,-290.0,292.7456233660889,2,-72.1466866980218,-26,13,5,5.075368168515256
266,3032301,406510.0,3383525.0,28,260,9,4,2585.0,12.2,483,0,5,406420,3383265,484,0,5,-111.71,511,-90.0,-260.0,275.13632984395207,1,-60.90650799951439,-27,13,5,5.604671177203342
267,3032301,406510.0,3383525.0,28,260,9,4,2585.0,12.2,483,0,5,406425,3383270,484,0,6,-107.0,511,-85.0,-255.0,268.79360111431225,1,-61.565051177078004,-27,13,5,5.736052875676191
268,3032301,406510.0,3383525.0,28,260,9,4,2585.0,12.2,483,0,5,406415,3383260,485,0,5,-107.0,511,-95.0,-265.0,281.51376520518494,2,-60.27772223555294,-26,13,5,5.27674425724172
269,3032301,406510.0,3383525.0,28,260,9,4,2585.0,12.2,483,0,5,406475,3383240,485,0,5,-111.17,511,-35.0,-285.0,287.14108030722457,2,-72.99873244250466,-26,13,5,5.173898834655248
270,3032301,406510.0,3383525.0,28,260,9,4,2585.0,12.2,483,0,5,406465,3383230,486,0,5,-111.0,511,-45.0,-295.0,298.41246622753545,3,-71.32682595212023,-25,13,5,4.78886638583921
271,3032301,406510.0,3383525.0,28,260,9,4,2585.0,12.2,483,0,5,406665,3383190,487,0,7,-96.4,511,155.0,-335.0,369.120576505835,4,-104.82934658814952,-24,13,5,3.720101078845864
272,3032301,406510.0,3383525.0,28,260,9,4,2585.0,12.2,483,0,5,406670,3383195,487,0,6,-103.67,511,160.0,-330.0,366.742416417845,4,-105.86635679409449,-24,13,5,3.7441558684075567
273,3032301,406510.0,3383525.0,28,260,9,4,2585.0,12.2,483,0,5,406460,3383225,486,0,6,-107.33,511,-50.0,-300.0,304.138126514911,3,-70.53767779197437,-25,13,5,4.69911946436983
274,3032301,406510.0,3383525.0,28,260,9,4,2585.0,12.2,483,0,5,406285,3383330,485,0,5,-105.0,511,-225.0,-195.0,297.7414986191881,2,-30.914383220025115,-26,13,5,4.99064108904673
275,3032301,406510.0,3383525.0,28,260,9,4,2585.0,12.2,483,0,5,406300,3383345,484,0,6,-110.33,511,-210.0,-180.0,276.5863337187866,1,-30.601294645004486,-27,13,5,5.575474308033315
276,3032301,406510.0,3383525.0,28,260,9,4,2585.0,12.2,483,0,5,406290,3383335,484,0,5,-119.0,511,-220.0,-190.0,290.68883707497264,1,-30.815083874881594,-27,13,5,5.306568426931763
277,3032301,406510.0,3383525.0,28,260,9,4,2585.0,12.2,483,0,5,406380,3383265,485,0,5,-107.5,511,-130.0,-260.0,290.68883707497264,2,-53.434948822921996,-26,13,5,5.111089695288715
278,3032301,406510.0,3383525.0,28,260,9,4,2585.0,12.2,483,0,5,406350,3383235,486,0,5,-103.0,511,-160.0,-290.0,331.2099032335839,3,-51.113418233089305,-25,13,5,4.316548049884402
279,3032301,406510.0,3383525.0,28,260,9,4,2585.0,12.2,483,0,5,406385,3383270,484,0,5,-113.67,511,-125.0,-255.0,283.98943642325855,1,-53.88608736970929,-27,13,5,5.431012099171202
280,3032301,406510.0,3383525.0,28,260,9,4,2585.0,12.2,483,0,5,406395,3383280,484,0,5,-109.0,511,-115.0,-245.0,270.64737205448716,1,-54.85521436932106,-27,13,5,5.697023705489169
281,3032301,406510.0,3383525.0,28,260,9,4,2585.0,12.2,483,0,5,406295,3383340,484,0,6,-111.33,511,-215.0,-185.0,283.6370920736567,1,-30.710846671180974,-27,13,5,5.437718286578867
282,3032301,406510.0,3383525.0,28,260,9,4,2585.0,12.2,483,0,5,406305,3383350,484,0,5,-107.5,511,-205.0,-175.0,269.5366394388711,1,-30.48601154199872,-27,13,5,5.720345169534659
283,3032301,406510.0,3383525.0,28,260,9,4,2585.0,12.2,483,0,5,406235,3383390,485,0,5,-126.5,511,-275.0,-135.0,306.3494736408078,2,-16.146841235580894,-26,13,5,4.851090130402563
284,3032301,406510.0,3383525.0,28,260,9,4,2585.0,12.2,483,0,5,406345,3383600,484,0,5,-101.67,511,-165.0,75.0,181.24568960391858,1,34.44395478041656,-27,13,5,8.472988173639854
285,3032301,406510.0,3383525.0,28,260,9,4,2585.0,12.2,483,0,5,406215,3383370,486,0,5,-112.2,511,-295.0,-155.0,333.24165405903267,3,-17.71850162818339,-25,13,5,4.290328927395341
286,3032301,406510.0,3383525.0,28,260,9,4,2585.0,12.2,483,0,5,406160,3383415,484,0,5,-107.67,511,-350.0,-110.0,366.87872655688284,1,-7.447188423282228,-27,13,5,4.20902637804005
287,3032301,406510.0,3383525.0,28,260,9,4,2585.0,12.2,483,0,5,406220,3383395,485,0,5,-121.5,511,-290.0,-130.0,317.80497164141406,2,-14.145541960421667,-26,13,5,4.677019398304785
288,3032301,406510.0,3383525.0,28,260,9,4,2585.0,12.2,483,0,5,406205,3383380,485,0,5,-108.4,511,-305.0,-145.0,337.71289581536564,2,-15.42687416958978,-26,13,5,4.40243018767258
289,3032301,406510.0,3383525.0,28,260,9,4,2585.0,12.2,483,0,5,406130,3383445,483,0,5,-114.5,511,-380.0,-80.0,388.329756778952,0,-1.8886580396280124,-28,13,5,4.1240987870983545
290,3032301,406510.0,3383525.0,28,260,9,4,2585.0,12.2,483,0,5,406090,3383485,483,0,5,-110.6,511,-420.0,-40.0,421.90046219457975,0,4.559667968994518,-28,13,5,3.7969445989616983
291,3032301,406510.0,3383525.0,28,260,9,4,2585.0,12.2,483,0,5,406200,3383375,486,0,5,-116.83,511,-310.0,-150.0,344.3835071544513,3,-15.820991974189269,-25,13,5,4.1520172511312845
292,3032301,406510.0,3383525.0,28,260,9,4,2585.0,12.2,483,0,5,406505,3383760,485,0,5,-97.0,511,-5.0,235.0,235.05318547086316,2,98.78112476486871,-26,13,5,6.312013516293748
293,3032301,406510.0,3383525.0,28,260,9,4,2585.0,12.2,483,0,5,406500,3383755,485,0,5,-97.0,511,-10.0,230.0,230.21728866442677,2,97.51044707800082,-26,13,5,6.443498584238016
294,3032301,406510.0,3383525.0,28,260,9,4,2585.0,12.2,483,0,5,406165,3383420,484,0,5,-111.67,511,-345.0,-105.0,360.62445840513925,1,-6.9275130641470355,-27,13,5,4.28175386287447
295,3032301,406510.0,3383525.0,28,260,9,4,2585.0,12.2,483,0,5,406510,3383745,485,0,5,-98.2,511,0.0,220.0,220.0,2,-260.0,-26,13,5,6.740056097946948
296,3032301,406510.0,3383525.0,28,260,9,4,2585.0,12.2,483,0,5,406120,3383455,483,0,5,-109.8,511,-390.0,-70.0,396.23225512317896,0,-0.17551084304318465,-28,13,5,4.042122722947595
297,3032301,406510.0,3383525.0,28,260,9,4,2585.0,12.2,483,0,5,406170,3383405,484,0,5,-106.5,511,-340.0,-120.0,360.5551275463989,1,-9.44003482817618,-27,13,5,4.2825741350883355
298,3032301,406510.0,3383525.0,28,260,9,4,2585.0,12.2,483,0,5,406125,3383460,483,0,5,-103.5,511,-385.0,-65.0,390.4484601070927,0,0.4170552764674085,-28,13,5,4.101796645300828
299,3032301,406510.0,3383525.0,28,260,9,4,2585.0,12.2,483,0,5,406175,3383410,484,0,5,-112.0,511,-335.0,-115.0,354.18921496849674,1,-8.946504689509055,-27,13,5,4.3592515894706905
300,3032301,406510.0,3383525.0,28,260,9,4,2585.0,12.2,483,0,5,406495,3383150,488,0,5,-106.5,511,-15.0,-375.0,375.2998800959041,5,-77.70938995736148,-23,13,5,3.5069471609070892
301,3032301,406510.0,3383525.0,28,260,9,4,2585.0,12.2,483,0,5,406670,3383285,486,0,6,-95.0,511,160.0,-240.0,288.44410203711914,3,-113.69006752597977,-25,13,5,4.953555412107314
302,3032301,406510.0,3383525.0,28,260,9,4,2585.0,12.2,483,0,5,406615,3383270,485,0,5,-94.8,511,105.0,-255.0,275.77164466275354,2,-102.38013505195954,-26,13,5,5.385977098599754
303,3032301,406510.0,3383525.0,28,260,9,4,2585.0,12.2,483,0,5,406665,3383300,486,0,5,-92.11,511,155.0,-225.0,273.22152184628504,3,-114.56252464888183,-25,13,5,5.228054186596434
304,3032301,406510.0,3383525.0,28,260,9,4,2585.0,12.2,483,0,5,406485,3383160,488,0,14,-98.67,511,-25.0,-365.0,365.8551625985343,5,-76.08175113593262,-23,13,5,3.5972458540954824
305,3032301,406510.0,3383525.0,28,260,9,4,2585.0,12.2,483,0,5,406480,3383155,488,0,14,-100.57,511,-30.0,-370.0,371.2142238654117,5,-75.36453657309735,-23,13,5,3.5454473845004784
306,3032301,406510.0,3383525.0,28,260,9,4,2585.0,12.2,483,0,5,406660,3383295,486,0,5,-92.31,511,150.0,-230.0,274.5906043549196,3,-113.11134196037199,-25,13,5,5.20213098236654
307,3032301,406510.0,3383525.0,28,260,9,4,2585.0,12.2,483,0,5,406710,3383325,486,0,6,-95.25,511,200.0,-200.0,282.842712474619,3,-125.0,-25,13,5,5.051152528017927
308,3032301,406510.0,3383525.0,28,260,9,4,2585.0,12.2,483,0,5,406700,3383335,486,0,6,-94.27,511,190.0,-190.0,268.70057685088807,3,-125.0,-25,13,5,5.315517596331869
309,3032301,406510.0,3383525.0,28,260,9,4,2585.0,12.2,483,0,5,406535,3383190,486,0,5,-110.0,511,25.0,-335.0,335.9315406448165,3,-84.26789330029078,-25,13,5,4.256101949074084
310,3032301,406510.0,3383525.0,28,260,9,4,2585.0,12.2,483,0,5,406610,3383265,484,0,5,-97.0,511,100.0,-260.0,278.5677655436824,1,-101.03751102542185,-27,13,5,5.536063615338732
311,3032301,406510.0,3383525.0,28,260,9,4,2585.0,12.2,483,0,5,406715,3383330,486,0,6,-97.13,511,205.0,-195.0,282.93108701590216,3,-126.4320961841646,-25,13,5,5.049582940765654
312,3032301,406510.0,3383525.0,28,260,9,4,2585.0,12.2,483,0,5,406705,3383340,486,0,6,-98.14,511,195.0,-185.0,268.79360111431225,3,-126.50743575877499,-25,13,5,5.313688530442622
313,3032301,406510.0,3383525.0,28,260,9,4,2585.0,12.2,483,0,5,406520,3383195,486,0,5,-106.0,511,10.0,-330.0,330.15148038438355,3,-81.73570458892834,-25,13,5,4.330333789802819
314,3032301,406510.0,3383525.0,28,260,9,4,2585.0,12.2,483,0,5,406750,3383365,486,0,6,-97.5,511,240.0,-160.0,288.44410203711914,3,-136.30993247402023,-25,13,5,4.953555412107314
315,3032301,406510.0,3383525.0,28,260,9,4,2585.0,12.2,483,0,5,406525,3383200,486,0,5,-108.33,511,15.0,-325.0,325.3459696999488,3,-82.64254529406469,-25,13,5,4.394046143629574
316,3032301,406510.0,3383525.0,28,260,9,4,2585.0,12.2,483,0,5,406545,3383180,487,0,5,-106.86,511,35.0,-345.0,346.77081768799405,4,-85.79279649503212,-24,13,5,3.959126152231303
317,3032301,406510.0,3383525.0,28,260,9,4,2585.0,12.2,483,0,5,406675,3383290,486,0,6,-94.0,511,165.0,-235.0,287.14108030722457,3,-115.0737544933483,-25,13,5,4.9759216198487435
318,3032301,406510.0,3383525.0,28,260,9,4,2585.0,12.2,483,0,5,406690,3383345,486,0,6,-98.0,511,180.0,-180.0,254.55844122715712,3,-125.0,-25,13,5,5.608990105730803
319,3032301,406510.0,3383525.0,28,260,9,4,2585.0,12.2,483,0,5,406245,3383685,486,0,5,-119.0,511,-265.0,160.0,309.5561338432821,3,41.122470196791994,-25,13,5,4.617231869009839
320,3032301,406510.0,3383525.0,28,260,9,4,2585.0,12.2,483,0,5,406280,3383730,486,0,5,-102.71,511,-230.0,205.0,308.09901006007794,3,51.7107573215082,-25,13,5,4.638973525843303
321,3032301,406510.0,3383525.0,28,260,9,4,2585.0,12.2,483,0,5,406260,3383710,486,0,5,-108.92,511,-250.0,185.0,311.0064308016797,3,46.50144112050634,-25,13,5,4.595793067990834
322,3032301,406510.0,3383525.0,28,260,9,4,2585.0,12.2,483,0,5,406285,3383725,486,0,5,-106.2,511,-225.0,200.0,301.0398644698074,3,51.63353933657021,-25,13,5,4.747262254852599
323,3032301,406510.0,3383525.0,28,260,9,4,2585.0,12.2,483,0,5,406305,3383745,486,0,13,-103.45,511,-205.0,220.0,300.70749907509787,3,57.02136494035602,-25,13,5,4.7524852789501635
324,3032301,406510.0,3383525.0,28,260,9,4,2585.0,12.2,483,0,5,406290,3383740,486,0,5,-99.65,511,-220.0,215.0,307.6117683054405,3,54.341456822436385,-25,13,5,4.646289283371459
325,3032301,406510.0,3383525.0,28,260,9,4,2585.0,12.2,483,0,5,406275,3383715,486,0,5,-106.13,511,-235.0,190.0,302.2002647252315,3,48.9559078377589,-25,13,5,4.72911636958024
326,3032301,406510.0,3383525.0,28,260,9,4,2585.0,12.2,483,0,5,406240,3383690,486,0,5,-110.73,511,-270.0,165.0,316.4253466459348,3,41.42956561483851,-25,13,5,4.517416782378643
327,3032301,406510.0,3383525.0,28,260,9,4,2585.0,12.2,483,0,5,406255,3383695,486,0,5,-99.33,511,-255.0,170.0,306.4718584144391,3,43.69006752597977,-25,13,5,4.663494886889304
328,3032301,406510.0,3383525.0,28,260,9,4,2585.0,12.2,483,0,5,406315,3383755,486,0,5,-100.89,511,-195.0,230.0,301.53772566629203,3,59.70785224437225,-25,13,5,4.739459906973968
329,3032301,406510.0,3383525.0,28,260,9,4,2585.0,12.2,483,0,5,406300,3383750,486,0,13,-105.09,511,-210.0,225.0,307.77426793024785,3,56.97493401088195,-25,13,5,4.643846853162072
330,3032301,406510.0,3383525.0,28,260,9,4,2585.0,12.2,483,0,5,406265,3383705,486,0,5,-100.67,511,-245.0,180.0,304.0148022712052,3,46.30449712257524,-25,13,5,4.701017130342874
331,3032301,406510.0,3383525.0,28,260,9,4,2585.0,12.2,483,0,5,406270,3383720,486,0,5,-101.89,511,-240.0,195.0,309.23292192132453,3,49.0938588862295,-25,13,5,4.622036925837125
332,3032301,406510.0,3383525.0,28,260,9,4,2585.0,12.2,483,0,5,406250,3383700,486,0,5,-98.0,511,-260.0,175.0,313.40867888429636,3,43.94358701975182,-25,13,5,4.560715925345035
333,3032301,406510.0,3383525.0,28,260,9,4,2585.0,12.2,483,0,5,406295,3383735,486,0,5,-97.4,511,-215.0,210.0,300.54117854297436,3,54.32596310201552,-25,13,5,4.755103264109179
334,3032301,406510.0,3383525.0,28,260,9,4,2585.0,12.2,483,0,5,406690,3383265,487,0,6,-92.47,511,180.0,-260.0,316.22776601683796,4,-114.69515353123393,-24,13,5,4.340123649491708
335,3032301,406510.0,3383525.0,28,260,9,4,2585.0,12.2,483,0,5,406695,3383270,487,0,6,-94.76,511,185.0,-255.0,315.03968004046726,4,-115.9605171966449,-24,13,5,4.35642834659859
336,3032301,406510.0,3383525.0,28,260,9,4,2585.0,12.2,483,0,5,406700,3383255,487,0,6,-93.0,511,190.0,-270.0,330.15148038438355,4,-115.13419305691565,-24,13,5,4.1577404575947865
337,3032301,406510.0,3383525.0,28,260,9,4,2585.0,12.2,483,0,5,406460,3383175,488,0,14,-107.75,511,-50.0,-350.0,353.5533905932738,5,-71.86989764584402,-23,13,5,3.722064868418995
338,3032301,406510.0,3383525.0,28,260,9,4,2585.0,12.2,483,0,5,406670,3383205,487,0,6,-103.83,511,160.0,-320.0,357.77087639996637,4,-106.56505117707798,-24,13,5,3.8377679742380146
339,3032301,406510.0,3383525.0,28,260,9,4,2585.0,12.2,483,0,5,406705,3383260,487,0,5,-99.33,511,195.0,-265.0,329.013677527242,4,-116.34745820888531,-24,13,5,4.172068169619888
340,3032301,406510.0,3383525.0,28,260,9,4,2585.0,12.2,483,0,5,406675,3383210,487,0,6,-96.57,511,165.0,-315.0,355.59808773389096,4,-107.64597536373867,-24,13,5,3.861146929868165
341,3032301,406510.0,3383525.0,28,260,9,4,2585.0,12.2,483,0,5,406665,3383220,487,0,6,-92.0,511,155.0,-305.0,342.12570789112004,4,-106.93952806380082,-24,13,5,4.012705578384909
342,3032301,406510.0,3383525.0,28,260,9,4,2585.0,12.2,483,0,5,407865,3382715,483,0,5,-105.0,511,1355.0,-810.0,1578.646572225715,0,-139.12960967455035,-28,13,5,1.0161322081089927
343,3032301,406510.0,3383525.0,28,260,9,4,2585.0,12.2,483,0,5,406230,3383370,486,0,5,-112.0,511,-280.0,-155.0,320.0390601161052,3,-18.96766064606402,-25,13,5,4.466616060099301
344,3032301,406510.0,3383525.0,28,260,9,4,2585.0,12.2,483,0,5,406325,3383595,484,0,5,-98.5,511,-185.0,70.0,197.80040444852483,1,30.725558865560515,-27,13,5,7.772905918044079
345,3032301,406510.0,3383525.0,28,260,9,4,2585.0,12.2,483,0,5,406330,3383590,484,0,5,-90.33,511,-180.0,65.0,191.3765920900464,1,29.85521436932106,-27,13,5,8.030464597863494
346,3032301,406510.0,3383525.0,28,260,9,4,2585.0,12.2,483,0,5,406175,3383425,484,0,5,-110.0,511,-335.0,-100.0,349.6069221282668,1,-6.62075691389208,-27,13,5,4.416163666619054
347,3032301,406510.0,3383525.0,28,260,9,4,2585.0,12.2,483,0,5,406160,3383440,483,0,5,-110.25,511,-350.0,-85.0,360.17356926904006,0,-3.650419134756987,-28,13,5,4.4452502274217185
348,3032301,406510.0,3383525.0,28,260,9,4,2585.0,12.2,483,0,5,406185,3383415,484,0,5,-110.33,511,-325.0,-110.0,343.11076928595526,1,-8.698982804181128,-27,13,5,4.499435204920303
349,3032301,406510.0,3383525.0,28,260,9,4,2585.0,12.2,483,0,5,406170,3383430,484,0,5,-122.33,511,-340.0,-95.0,353.02266216207704,1,-5.610988533679659,-27,13,5,4.373600805201841
350,3032301,406510.0,3383525.0,28,260,9,4,2585.0,12.2,483,0,5,406220,3383380,486,0,5,-125.0,511,-290.0,-145.0,324.2298567374695,3,-16.565051177077976,-25,13,5,4.409112449696337
351,3032301,406510.0,3383525.0,28,260,9,4,2585.0,12.2,483,0,5,406155,3383445,483,0,5,-111.75,511,-355.0,-80.0,363.90245945857527,0,-2.6995844895973846,-28,13,5,4.399879756366745
352,3032301,406510.0,3383525.0,28,260,9,4,2585.0,12.2,483,0,5,406510,3383730,485,0,5,-96.0,511,0.0,205.0,205.0,2,-260.0,-26,13,5,7.2281899099778375
353,3032301,406510.0,3383525.0,28,260,9,4,2585.0,12.2,483,0,5,406240,3383680,486,0,5,-103.67,511,-270.0,155.0,311.3278015211619,3,39.859016164923105,-25,13,5,4.5910693133471705
354,3032301,406510.0,3383525.0,28,260,9,4,2585.0,12.2,483,0,5,406235,3383365,486,0,5,-118.67,511,-275.0,-160.0,318.15876539866065,3,-20.191622960957602,-25,13,5,4.492905665500019
355,3032301,406510.0,3383525.0,28,260,9,4,2585.0,12.2,483,0,5,406135,3383465,483,0,6,-115.0,511,-375.0,-60.0,379.7696670351649,0,0.9097230791776951,-28,13,5,4.216725235141376
356,3032301,406510.0,3383525.0,28,260,9,4,2585.0,12.2,483,0,5,406225,3383375,486,0,5,-121.5,511,-285.0,-150.0,322.0636583037583,3,-17.75854060106002,-25,13,5,4.438650000599151
357,3032301,406510.0,3383525.0,28,260,9,4,2585.0,12.2,483,0,5,406345,3383300,484,0,5,-105.67,511,-165.0,-225.0,279.0161285660741,1,-43.74616226255523,-27,13,5,5.52722261012917
358,3032301,406510.0,3383525.0,28,260,9,4,2585.0,12.2,483,0,5,406355,3383290,484,0,5,-110.0,511,-155.0,-235.0,281.51376520518494,1,-46.59217541029108,-27,13,5,5.478483850563035
359,3032301,406510.0,3383525.0,28,260,9,4,2585.0,12.2,483,0,5,406325,3383320,484,0,6,-112.75,511,-185.0,-205.0,276.1340254296815,1,-37.93567344642119,-27,13,5,5.584549265682211
360,3032301,406510.0,3383525.0,28,260,9,4,2585.0,12.2,483,0,5,406330,3383305,484,0,6,-107.5,511,-180.0,-220.0,284.2534080710379,1,-40.71059313749967,-27,13,5,5.425998709656796
361,3032301,406510.0,3383525.0,28,260,9,4,2585.0,12.2,483,0,5,406500,3383910,487,0,5,-108.0,511,-10.0,385.0,385.12984823303424,4,98.51213247117221,-24,13,5,3.565869660681579
362,3032301,406510.0,3383525.0,28,260,9,4,2585.0,12.2,483,0,5,406490,3383900,487,0,5,-102.5,511,-20.0,375.0,375.53295461250804,4,96.94711748520757,-24,13,5,3.656752684781219
363,3032301,406510.0,3383525.0,28,260,9,4,2585.0,12.2,483,0,5,406365,3383365,483,0,5,-95.0,511,-145.0,-160.0,215.92822881689185,0,-37.81555668421123,-28,13,5,7.388471035818534
364,3032301,406510.0,3383525.0,28,260,9,4,2585.0,12.2,483,0,5,406480,3383890,487,0,5,-105.5,511,-30.0,365.0,366.23080154459973,4,95.30131948270053,-24,13,5,3.749371447437636
365,3032301,406510.0,3383525.0,28,260,9,4,2585.0,12.2,483,0,5,406305,3383715,486,0,5,-102.67,511,-205.0,190.0,279.5084971874737,3,52.825255885389936,-25,13,5,5.111089695288715
366,3032301,406510.0,3383525.0,28,260,9,4,2585.0,12.2,483,0,5,406310,3383710,485,0,5,-95.67,511,-200.0,185.0,272.44265451650557,2,52.76882539196873,-26,13,5,5.451394531507615
367,3032301,406510.0,3383525.0,28,260,9,4,2585.0,12.2,483,0,5,406505,3383675,486,0,5,-96.5,511,-5.0,150.0,150.08331019803634,3,98.0908475670036,-25,13,5,9.457164646231
368,3032301,406510.0,3383525.0,28,260,9,4,2585.0,12.2,483,0,5,406300,3383720,486,0,5,-99.33,511,-210.0,195.0,286.574597618142,3,52.87890360333853,-25,13,5,4.985708180906084
369,3032301,406510.0,3383525.0,28,260,9,4,2585.0,12.2,483,0,5,406675,3383270,487,0,6,-99.5,511,165.0,-255.0,303.7268509697488,4,-112.9052429229879,-24,13,5,4.518031199058291
370,3032301,406510.0,3383525.0,28,260,9,4,2585.0,12.2,483,0,5,406665,3383280,486,0,5,-98.0,511,155.0,-245.0,289.9137802864845,3,-112.31961650818016,-25,13,5,4.928568042664063
371,3032301,406510.0,3383525.0,28,260,9,4,2585.0,12.2,483,0,5,406685,3383220,488,0,6,-94.0,511,175.0,-305.0,351.63901945034485,5,-109.84593194968738,-23,13,5,3.7422708755956675
372,3032301,406510.0,3383525.0,28,260,9,4,2585.0,12.2,483,0,5,406465,3383160,488,0,14,-97.85,511,-45.0,-365.0,367.76351096866586,5,-72.9716037610504,-23,13,5,3.578628149761435
373,3032301,406510.0,3383525.0,28,260,9,4,2585.0,12.2,483,0,5,406680,3383215,487,0,6,-97.25,511,170.0,-310.0,353.5533905932738,4,-108.73979529168804,-24,13,5,3.883408881805994
374,3032301,406510.0,3383525.0,28,260,9,4,2585.0,12.2,483,0,5,406405,3383180,488,0,5,-106.2,511,-105.0,-345.0,360.62445840513925,5,-63.072486935852965,-23,13,5,3.6492823827314473
375,3032301,406510.0,3383525.0,28,260,9,4,2585.0,12.2,483,0,5,406700,3383235,487,0,5,-91.5,511,190.0,-290.0,346.69871646719434,4,-113.23171106797935,-24,13,5,3.9599468929347417
376,3032301,406510.0,3383525.0,28,260,9,4,2585.0,12.2,483,0,5,406460,3383155,488,0,14,-103.0,511,-50.0,-370.0,373.3630940518894,5,-72.30394827798344,-23,13,5,3.525093365568208
377,3032301,406510.0,3383525.0,28,260,9,4,2585.0,12.2,483,0,5,406280,3383380,485,0,6,-119.0,511,-230.0,-145.0,271.89152248645047,2,-22.228757435098544,-26,13,5,5.462377898676155
378,3032301,406510.0,3383525.0,28,260,9,4,2585.0,12.2,483,0,5,406460,3383880,488,0,5,-100.83,511,-50.0,355.0,358.50383540486706,5,91.9829069263447,-23,13,5,3.6708097808198685
379,3032301,406510.0,3383525.0,28,260,9,4,2585.0,12.2,483,0,5,406100,3383485,483,0,5,-104.5,511,-410.0,-40.0,411.9465984809196,0,4.427802196036168,-28,13,5,3.888412012871565
380,3032301,406510.0,3383525.0,28,260,9,4,2585.0,12.2,483,0,5,406320,3383585,484,0,5,-94.0,511,-190.0,60.0,199.24858845171275,1,27.525568373722876,-27,13,5,7.71709389649215
381,3032301,406510.0,3383525.0,28,260,9,4,2585.0,12.2,483,0,5,406330,3383595,484,0,5,-90.5,511,-180.0,70.0,193.13207915827965,1,31.250505507133255,-27,13,5,7.958410591150581
382,3032301,406510.0,3383525.0,28,260,9,4,2585.0,12.2,483,0,5,406335,3383600,484,0,5,-96.0,511,-175.0,75.0,190.3943276465977,1,33.198590513648185,-27,13,5,8.071350041863894
383,3032301,406510.0,3383525.0,28,260,9,4,2585.0,12.2,483,0,5,406140,3383445,483,0,5,-112.2,511,-370.0,-80.0,378.549864614954,0,-2.2004687273807804,-28,13,5,4.230263555958814
384,3032301,406510.0,3383525.0,28,260,9,4,2585.0,12.2,483,0,5,406165,3383430,483,0,5,-112.5,511,-345.0,-95.0,357.8407467016578,0,-5.395549253995114,-28,13,5,4.474112260072734
385,3032301,406510.0,3383525.0,28,260,9,4,2585.0,12.2,483,0,5,406185,3383410,484,0,5,-109.25,511,-325.0,-115.0,344.74628351876396,1,-9.486129572465757,-27,13,5,4.478176421355736
386,3032301,406510.0,3383525.0,28,260,9,4,2585.0,12.2,483,0,5,406200,3383385,485,0,5,-115.2,511,-310.0,-140.0,340.14702703389895,2,-14.304549265936714,-26,13,5,4.371048423849929
387,3032301,406510.0,3383525.0,28,260,9,4,2585.0,12.2,483,0,5,406220,3383365,486,0,5,-114.43,511,-290.0,-160.0,331.2099032335839,3,-18.886581766910695,-25,13,5,4.316548049884402
388,3032301,406510.0,3383525.0,28,260,9,4,2585.0,12.2,483,0,5,406160,3383425,484,0,5,-116.2,511,-350.0,-100.0,364.0054944640259,1,-5.945395900922847,-27,13,5,4.242128993498668
389,3032301,406510.0,3383525.0,28,260,9,4,2585.0,12.2,483,0,5,406325,3383590,484,0,5,-94.67,511,-185.0,65.0,196.08671551127577,1,29.358994175694704,-27,13,5,7.839995619184622
390,3032301,406510.0,3383525.0,28,260,9,4,2585.0,12.2,483,0,5,406225,3383370,486,0,5,-117.57,511,-285.0,-155.0,324.4225639501667,3,-18.539985187959985,-25,13,5,4.4065037522600266
391,3032301,406510.0,3383525.0,28,260,9,4,2585.0,12.2,483,0,5,406215,3383400,485,0,5,-115.25,511,-295.0,-125.0,320.3903868720159,2,-12.96377305985456,-26,13,5,4.639443248410088
392,3032301,406510.0,3383525.0,28,260,9,4,2585.0,12.2,483,0,5,406235,3383380,486,0,5,-115.0,511,-275.0,-145.0,310.8858311341963,3,-17.801458779934137,-25,13,5,4.59756823882491
393,3032301,406510.0,3383525.0,28,260,9,4,2585.0,12.2,483,0,5,406510,3383735,485,0,5,-95.5,511,0.0,210.0,210.0,2,-260.0,-26,13,5,7.057846649881077
394,3032301,406510.0,3383525.0,28,260,9,4,2585.0,12.2,483,0,5,406505,3383730,485,0,5,-110.67,511,-5.0,205.0,205.0609665440988,2,98.60281897270363,-26,13,5,7.226063620367123
395,3032301,406510.0,3383525.0,28,260,9,4,2585.0,12.2,483,0,5,406190,3383415,484,0,5,-111.0,511,-320.0,-110.0,338.3784863137726,1,-8.970407808486556,-27,13,5,4.56209679730471
396,3032301,406510.0,3383525.0,28,260,9,4,2585.0,12.2,483,0,5,406145,3383450,483,0,5,-109.2,511,-365.0,-75.0,372.6258176777342,0,-1.6114864238884934,-28,13,5,4.297266793148523
397,3032301,406510.0,3383525.0,28,260,9,4,2585.0,12.2,483,0,5,406170,3383435,483,0,5,-118.5,511,-340.0,-90.0,351.7101079013795,0,-4.8264799703556776,-28,13,5,4.551775322788412
398,3032301,406510.0,3383525.0,28,260,9,4,2585.0,12.2,483,0,5,406510,3383675,486,0,5,-105.0,511,0.0,150.0,150.0,3,-260.0,-25,13,5,9.462322208025617
399,3032301,406510.0,3383525.0,28,260,9,4,2585.0,12.2,483,0,5,406315,3383720,486,0,5,-96.36,511,-195.0,195.0,275.77164466275354,3,55.0,-25,13,5,5.179973405472954
400,3032301,406510.0,3383525.0,28,260,9,4,2585.0,12.2,483,0,5,406310,3383715,486,0,5,-95.0,511,-200.0,190.0,275.86228448267445,3,53.53119928561415,-25,13,5,5.178280680761769
401,3032301,406510.0,3383525.0,28,260,9,4,2585.0,12.2,483,0,5,406245,3383695,486,0,5,-100.67,511,-265.0,170.0,314.8412298286233,3,42.680554743363416,-25,13,5,4.540051280921813
402,3032301,406510.0,3383525.0,28,260,9,4,2585.0,12.2,483,0,5,406315,3383745,486,0,5,-103.2,511,-195.0,220.0,293.981291921782,3,58.44738685186519,-25,13,5,4.860705589306778
403,3032301,406510.0,3383525.0,28,260,9,4,2585.0,12.2,483,0,5,406285,3383735,486,0,5,-99.12,511,-225.0,210.0,307.77426793024785,3,53.02506598911805,-25,13,5,4.643846853162072
404,3032301,406510.0,3383525.0,28,260,9,4,2585.0,12.2,483,0,5,406280,3383740,486,0,5,-97.75,511,-230.0,215.0,314.8412298286233,3,53.069412558832994,-25,13,5,4.540051280921813
405,3032301,406510.0,3383525.0,28,260,9,4,2585.0,12.2,483,0,5,406270,3383710,486,0,5,-102.13,511,-240.0,185.0,303.0264014900352,3,47.62623363866976,-25,13,5,4.716281682940845
406,3032301,406510.0,3383525.0,28,260,9,4,2585.0,12.2,483,0,5,406510,3383630,486,0,5,-90.25,511,0.0,105.0,105.0,3,-260.0,-25,13,5,13.392497753751098
407,3032301,406510.0,3383525.0,28,260,9,4,2585.0,12.2,483,0,5,406290,3383730,486,0,5,-100.3,511,-220.0,205.0,300.70749907509787,3,52.97863505964398,-25,13,5,4.7524852789501635
408,3032301,406510.0,3383525.0,28,260,9,4,2585.0,12.2,483,0,5,406305,3383755,486,0,5,-104.25,511,-205.0,230.0,308.09901006007794,3,58.2892426784918,-25,13,5,4.638973525843303
409,3032301,406510.0,3383525.0,28,260,9,4,2585.0,12.2,483,0,5,406310,3383750,486,0,5,-102.0,511,-200.0,225.0,301.0398644698074,3,58.36646066342979,-25,13,5,4.747262254852599
410,3032301,406510.0,3383525.0,28,260,9,4,2585.0,12.2,483,0,5,406295,3383725,486,0,5,-96.29,511,-215.0,200.0,293.64093720052045,3,52.9299693469589,-25,13,5,4.866312519149697
411,3032301,406510.0,3383525.0,28,260,9,4,2585.0,12.2,483,0,5,406265,3383715,486,0,5,-104.83,511,-245.0,190.0,310.0403199585499,3,47.79394299861673,-25,13,5,4.610052300060176
412,3032301,406510.0,3383525.0,28,260,9,4,2585.0,12.2,483,0,5,406240,3383700,486,0,5,-104.5,511,-270.0,175.0,321.7530108639234,3,42.94921511659044,-25,13,5,4.44291829686393
413,3032301,406510.0,3383525.0,28,260,9,4,2585.0,12.2,483,0,5,406260,3383720,486,0,5,-98.0,511,-250.0,195.0,317.0567772497538,3,47.95423087513251,-25,13,5,4.508457302486849
414,3032301,406510.0,3383525.0,28,260,9,4,2585.0,12.2,483,0,5,406140,3383580,483,0,5,-93.67,511,-370.0,55.0,374.0655022853618,0,18.45502767717744,-28,13,5,4.280789286205682
415,3032301,406510.0,3383525.0,28,260,9,4,2585.0,12.2,483,0,5,406255,3383385,486,0,6,-115.0,511,-255.0,-140.0,290.90376415577714,3,-18.767649338843796,-25,13,5,4.9118776724872015
416,3032301,406510.0,3383525.0,28,260,9,4,2585.0,12.2,483,0,5,406250,3383390,486,0,6,-130.0,511,-260.0,-135.0,292.95904150580503,3,-17.439727948199334,-25,13,5,4.877584835854741
417,3032301,406510.0,3383525.0,28,260,9,4,2585.0,12.2,483,0,5,406270,3383370,485,0,6,-113.0,511,-240.0,-155.0,285.70089254323307,2,-22.855721950433008,-26,13,5,5.199837290271295
418,3032301,406510.0,3383525.0,28,260,9,4,2585.0,12.2,483,0,5,406260,3383380,485,0,6,-121.83,511,-250.0,-145.0,289.0069203323685,2,-20.113733150982455,-26,13,5,5.140675490597909
419,3032301,406510.0,3383525.0,28,260,9,4,2585.0,12.2,483,0,5,406180,3383620,485,0,5,-98.0,511,-330.0,95.0,343.4020966738555,2,26.059987307160668,-26,13,5,4.3297740575570565
420,3032301,406510.0,3383525.0,28,260,9,4,2585.0,12.2,483,0,5,406465,3383895,487,0,5,-103.6,511,-45.0,370.0,372.7264412407577,4,93.06565109873043,-24,13,5,3.6842113350659615
421,3032301,406510.0,3383525.0,28,260,9,4,2585.0,12.2,483,0,5,406275,3383365,485,0,6,-114.63,511,-235.0,-160.0,284.29737951659,2,-24.249033006811942,-26,13,5,5.225365973698128
422,3032301,406510.0,3383525.0,28,260,9,4,2585.0,12.2,483,0,5,406470,3383890,487,0,5,-111.0,511,-40.0,365.0,367.18523935474315,4,93.74596725608353,-24,13,5,3.7396532623541776
423,3032301,406510.0,3383525.0,28,260,9,4,2585.0,12.2,483,0,5,406240,3383400,485,0,6,-123.8,511,-270.0,-125.0,297.5315109362368,2,-14.842389105455197,-26,13,5,4.9941455078117025
424,3032301,406510.0,3383525.0,28,260,9,4,2585.0,12.2,483,0,5,406135,3383585,483,0,5,-97.5,511,-375.0,60.0,379.7696670351649,0,19.090276920822305,-28,13,5,4.216725235141376
425,3032301,406510.0,3383525.0,28,260,9,4,2585.0,12.2,483,0,5,406515,3383925,486,0,5,-105.0,511,5.0,400.0,400.03124877939223,3,-259.2838400545296,-25,13,5,3.5760557315953534
426,3032301,406510.0,3383525.0,28,260,9,4,2585.0,12.2,483,0,5,406265,3383375,485,0,6,-120.6,511,-245.0,-150.0,287.2716484444645,2,-21.476839349583997,-26,13,5,5.171559994862559
427,3032301,406510.0,3383525.0,28,260,9,4,2585.0,12.2,483,0,5,406175,3383625,485,0,5,-95.43,511,-335.0,100.0,349.6069221282668,2,26.620756913892023,-26,13,5,4.253213727873578
428,3032301,406510.0,3383525.0,28,260,9,4,2585.0,12.2,483,0,5,406215,3383665,486,0,5,-99.75,511,-295.0,140.0,326.5348373451139,3,35.38790629109593,-25,13,5,4.378110350627782
429,3032301,406510.0,3383525.0,28,260,9,4,2585.0,12.2,483,0,5,406425,3383855,487,0,5,-114.0,511,-85.0,330.0,340.77118422777477,4,85.55596427550779,-24,13,5,4.028603176834793
430,3032301,406510.0,3383525.0,28,260,9,4,2585.0,12.2,483,0,5,406170,3383630,484,0,5,-95.5,511,-340.0,105.0,355.8440669731617,1,27.16191880286533,-27,13,5,4.339056502383124
431,3032301,406510.0,3383525.0,28,260,9,4,2585.0,12.2,483,0,5,406475,3383885,487,0,13,-100.0,511,-35.0,360.0,361.69738732813653,4,94.44702896696322,-24,13,5,3.796228458227053
432,3032301,406510.0,3383525.0,28,260,9,4,2585.0,12.2,483,0,5,406185,3383615,485,0,5,-105.5,511,-325.0,90.0,337.23137457834497,2,25.478638165418374,-26,13,5,4.408691503216664
433,3032301,406510.0,3383525.0,28,260,9,4,2585.0,12.2,483,0,5,406300,3383755,486,0,5,-96.5,511,-210.0,230.0,311.44823004794875,3,57.602562202499826,-25,13,5,4.589301656928981
434,3032301,406510.0,3383525.0,28,260,9,4,2585.0,12.2,483,0,5,406280,3383735,486,0,5,-98.5,511,-230.0,210.0,311.44823004794875,3,52.397437797500174,-25,13,5,4.589301656928981
435,3032301,406510.0,3383525.0,28,260,9,4,2585.0,12.2,483,0,5,406275,3383710,486,0,5,-104.0,511,-235.0,185.0,299.0819285747636,3,48.21102542556122,-25,13,5,4.778196716233
436,3032301,406510.0,3383525.0,28,260,9,4,2585.0,12.2,483,0,5,406290,3383725,486,0,5,-107.71,511,-220.0,200.0,297.3213749463701,3,52.27368900609372,-25,13,5,4.806358087015098
437,3032301,406510.0,3383525.0,28,260,9,4,2585.0,12.2,483,0,5,406315,3383750,486,0,5,-102.69,511,-195.0,225.0,297.7414986191881,3,59.085616779974885,-25,13,5,4.799607852286132
438,3032301,406510.0,3383525.0,28,260,9,4,2585.0,12.2,483,0,5,406285,3383740,486,0,5,-98.4,511,-225.0,215.0,311.20732639190874,3,53.698047327421136,-25,13,5,4.592839013886594
439,3032301,406510.0,3383525.0,28,260,9,4,2585.0,12.2,483,0,5,406265,3383720,486,0,5,-109.67,511,-245.0,195.0,313.12936623702353,3,48.51692630710278,-25,13,5,4.564766916902434
440,3032301,406510.0,3383525.0,28,260,9,4,2585.0,12.2,483,0,5,406310,3383745,486,0,5,-102.94,511,-200.0,220.0,297.3213749463701,3,57.72631099390628,-25,13,5,4.806358087015098
441,3032301,406510.0,3383525.0,28,260,9,4,2585.0,12.2,483,0,5,406240,3383695,486,0,5,-104.22,511,-270.0,170.0,319.06112267087633,3,42.195733934713246,-25,13,5,4.4802507961928635
442,3032301,406510.0,3383525.0,28,260,9,4,2585.0,12.2,483,0,5,406295,3383730,486,0,5,-97.11,511,-215.0,205.0,297.06901555025894,3,53.63607246839706,-25,13,5,4.81042192441519
443,3032301,406510.0,3383525.0,28,260,9,4,2585.0,12.2,483,0,5,406255,3383690,486,0,5,-103.0,511,-255.0,165.0,303.7268509697488,3,42.905242922987895,-25,13,5,4.705453973587052
444,3032301,406510.0,3383525.0,28,260,9,4,2585.0,12.2,483,0,5,406270,3383705,486,0,5,-101.1,511,-240.0,180.0,300.0,3,46.86989764584405,-25,13,5,4.763641690726178
445,3032301,406510.0,3383525.0,28,260,9,4,2585.0,12.2,483,0,5,406260,3383715,486,0,5,-104.4,511,-250.0,190.0,314.00636936215164,3,47.23483398157464,-25,13,5,4.552071421157576
446,3032301,406510.0,3383525.0,28,260,9,4,2585.0,12.2,483,0,5,406115,3383460,483,0,5,-105.0,511,-395.0,-65.0,400.3123780249619,0,0.6553280979003375,-28,13,5,4.0010584937868225
447,3032301,406510.0,3383525.0,28,260,9,4,2585.0,12.2,483,0,5,406105,3383450,483,0,5,-111.56,511,-405.0,-75.0,411.8859065323794,0,-0.49147701233158614,-28,13,5,3.8889832176251917
448,3032301,406510.0,3383525.0,28,260,9,4,2585.0,12.2,483,0,5,406090,3383475,483,0,5,-105.25,511,-420.0,-50.0,422.965719651132,0,3.2110254255612176,-28,13,5,3.7874096972569515
449,3032301,406510.0,3383525.0,28,260,9,4,2585.0,12.2,483,0,5,406175,3383400,485,0,5,-112.0,511,-335.0,-125.0,357.56118357562247,2,-10.462271523422203,-26,13,5,4.158933020150811
450,3032301,406510.0,3383525.0,28,260,9,4,2585.0,12.2,483,0,5,406085,3383470,483,0,5,-110.25,511,-425.0,-55.0,428.54404674432243,0,2.62623363866976,-28,13,5,3.738249966341137
451,3032301,406510.0,3383525.0,28,260,9,4,2585.0,12.2,483,0,5,406100,3383445,483,0,5,-103.71,511,-410.0,-80.0,417.73197148410844,0,-1.0409401803237301,-28,13,5,3.834721303612236
452,3032301,406510.0,3383525.0,28,260,9,4,2585.0,12.2,483,0,5,406170,3383395,485,0,5,-108.25,511,-340.0,-130.0,364.0054944640259,2,-10.924501744921173,-26,13,5,4.085555318656717
453,3032301,406510.0,3383525.0,28,260,9,4,2585.0,12.2,483,0,5,406195,3383380,485,0,5,-113.5,511,-315.0,-145.0,346.77081768799405,2,-14.717440911083372,-26,13,5,4.28786990659764
454,3032301,406510.0,3383525.0,28,260,9,4,2585.0,12.2,483,0,5,406080,3383465,483,0,5,-111.0,511,-430.0,-60.0,434.1658669218482,0,2.056528189409619,-28,13,5,3.6899796416760577
455,3032301,406510.0,3383525.0,28,260,9,4,2585.0,12.2,483,0,5,406360,3383325,484,0,6,-110.0,511,-150.0,-200.0,250.0,1,-43.13010235415598,-27,13,5,6.164052442828819
456,3032301,406510.0,3383525.0,28,260,9,4,2585.0,12.2,483,0,5,406335,3383300,484,0,6,-108.0,511,-175.0,-225.0,285.0438562747845,1,-42.12501634890182,-27,13,5,5.411041435555305
457,3032301,406510.0,3383525.0,28,260,9,4,2585.0,12.2,483,0,5,406350,3383315,484,0,5,-107.53,511,-160.0,-210.0,264.0075756488817,1,-42.69605172201659,-27,13,5,5.83932590625923
458,3032301,406510.0,3383525.0,28,260,9,4,2585.0,12.2,483,0,5,406340,3383305,484,0,5,-109.0,511,-170.0,-220.0,278.0287754891569,1,-42.305759533310834,-27,13,5,5.546729032309012
459,3032301,406510.0,3383525.0,28,260,9,4,2585.0,12.2,483,0,5,406355,3383320,484,0,5,-105.5,511,-155.0,-205.0,257.00194551792794,1,-42.90716270295846,-27,13,5,5.997355504183674
460,3032301,406510.0,3383525.0,28,260,9,4,2585.0,12.2,483,0,5,406390,3383355,484,0,5,-104.5,511,-120.0,-170.0,208.08652046684813,1,-44.78240703180728,-27,13,5,7.393035366232885
461,3032301,406510.0,3383525.0,28,260,9,4,2585.0,12.2,483,0,5,406350,3383355,483,0,7,-104.0,511,-160.0,-170.0,233.45235059857504,0,-36.7357045889284,-28,13,5,6.8393179237789266
462,3032301,406510.0,3383525.0,28,260,9,4,2585.0,12.2,483,0,5,406380,3383305,484,0,5,-108.0,511,-130.0,-220.0,255.53864678361276,1,-49.420773127510984,-27,13,5,6.031445904689003
463,3032301,406510.0,3383525.0,28,260,9,4,2585.0,12.2,483,0,5,406330,3383335,484,0,5,-106.59,511,-180.0,-190.0,261.72504656604804,1,-36.548157698977974,-27,13,5,5.889894745224497
464,3032301,406510.0,3383525.0,28,260,9,4,2585.0,12.2,483,0,5,406365,3383290,484,0,5,-107.0,511,-145.0,-235.0,276.1340254296815,1,-48.32453126189077,-27,13,5,5.584549265682211
465,3032301,406510.0,3383525.0,28,260,9,4,2585.0,12.2,483,0,5,406375,3383300,484,0,5,-110.5,511,-135.0,-225.0,262.39283526803854,1,-49.03624346792648,-27,13,5,5.875009967692122
466,3032301,406510.0,3383525.0,28,260,9,4,2585.0,12.2,483,0,5,406325,3383330,484,0,5,-107.44,511,-185.0,-195.0,268.79360111431225,1,-36.50743575877496,-27,13,5,5.736052875676191
467,3032301,406510.0,3383525.0,28,260,9,4,2585.0,12.2,483,0,5,406360,3383285,484,0,5,-107.0,511,-150.0,-240.0,283.0194339616981,1,-47.99461679191651,-27,13,5,5.449514132678968
468,3032301,406510.0,3383525.0,28,260,9,4,2585.0,12.2,483,0,5,406320,3383325,484,0,6,-109.0,511,-190.0,-200.0,275.86228448267445,1,-36.46880071438582,-27,13,5,5.5900155568234675
469,3032301,406510.0,3383525.0,28,260,9,4,2585.0,12.2,483,0,5,406230,3383350,486,0,5,-108.67,511,-280.0,-175.0,330.1893396219811,3,-22.005383208083515,-25,13,5,4.329839165576608
470,3032301,406510.0,3383525.0,28,260,9,4,2585.0,12.2,483,0,5,406220,3383360,486,0,5,-110.11,511,-290.0,-165.0,333.65401241405743,3,-19.63838368815135,-25,13,5,4.285046331243765
471,3032301,406510.0,3383525.0,28,260,9,4,2585.0,12.2,483,0,5,406395,3383185,488,0,14,-105.75,511,-115.0,-340.0,358.92199709686224,5,-61.312648494788846,-23,13,5,3.6665447807092444
472,3032301,406510.0,3383525.0,28,260,9,4,2585.0,12.2,483,0,5,406385,3383195,488,0,14,-104.29,511,-125.0,-330.0,352.8809997718778,5,-59.2539197243166,-23,13,5,3.7291370176703578
473,3032301,406510.0,3383525.0,28,260,9,4,2585.0,12.2,483,0,5,405940,3383400,485,0,5,-129.0,511,-570.0,-125.0,583.5451996203893,2,-2.369061525925531,-26,13,5,2.5511403024164734
474,3032301,406510.0,3383525.0,28,260,9,4,2585.0,12.2,483,0,5,406380,3383200,487,0,14,-106.71,511,-130.0,-325.0,350.03571246374275,4,-58.198590513648185,-24,13,5,3.922313924213728
475,3032301,406510.0,3383525.0,28,260,9,4,2585.0,12.2,483,0,5,406225,3383355,486,0,5,-112.0,511,-285.0,-170.0,331.85087012090236,3,-20.815705751729183,-25,13,5,4.308242098184339
476,3032301,406510.0,3383525.0,28,260,9,4,2585.0,12.2,483,0,5,406045,3383495,484,0,5,-105.5,511,-465.0,-30.0,465.966737010272,1,6.30861401354872,-27,13,5,3.316241400254981
477,3032301,406510.0,3383525.0,28,260,9,4,2585.0,12.2,483,0,5,406005,3383455,485,0,5,-101.0,511,-505.0,-70.0,509.82840250421515,2,2.1082975717642967,-26,13,5,2.9194153054018344
478,3032301,406510.0,3383525.0,28,260,9,4,2585.0,12.2,483,0,5,406065,3383515,483,0,6,-101.0,511,-445.0,-10.0,445.1123453691214,0,8.712671058474939,-28,13,5,3.5994749483415993
479,3032301,406510.0,3383525.0,28,260,9,4,2585.0,12.2,483,0,5,406055,3383485,484,0,5,-121.0,511,-455.0,-40.0,456.75485766437123,1,4.97592474146046,-27,13,5,3.38296989605923
480,3032301,406510.0,3383525.0,28,260,9,4,2585.0,12.2,483,0,5,406070,3383510,483,0,6,-110.0,511,-440.0,-15.0,440.25560757360034,0,8.047490950600377,-28,13,5,3.639076908117679
481,3032301,406510.0,3383525.0,28,260,9,4,2585.0,12.2,483,0,5,406390,3383190,488,0,5,-112.0,511,-120.0,-335.0,355.8440669731617,5,-60.29202115702128,-23,13,5,3.698171511493863
482,3032301,406510.0,3383525.0,28,260,9,4,2585.0,12.2,483,0,5,406025,3383475,484,0,5,-125.0,511,-485.0,-50.0,487.5705077217038,1,4.114012166971747,-27,13,5,3.16960852357188
483,3032301,406510.0,3383525.0,28,260,9,4,2585.0,12.2,483,0,5,406175,3383430,484,0,5,-114.67,511,-335.0,-95.0,348.209706929603,1,-5.832386620422199,-27,13,5,4.433813306123081
484,3032301,406510.0,3383525.0,28,260,9,4,2585.0,12.2,483,0,5,406225,3383380,486,0,5,-114.5,511,-285.0,-145.0,319.7655391063896,3,-16.965714432870158,-25,13,5,4.470421233132057
485,3032301,406510.0,3383525.0,28,260,9,4,2585.0,12.2,483,0,5,406210,3383385,485,0,5,-116.44,511,-300.0,-140.0,331.058907144937,2,-15.01689347810003,-26,13,5,4.490556740068184
486,3032301,406510.0,3383525.0,28,260,9,4,2585.0,12.2,483,0,5,406170,3383425,484,0,5,-111.75,511,-340.0,-100.0,354.400902933387,1,-6.389540334034791,-27,13,5,4.356657783445813
487,3032301,406510.0,3383525.0,28,260,9,4,2585.0,12.2,483,0,5,406160,3383435,483,0,5,-113.0,511,-350.0,-90.0,361.386219991853,0,-4.420773127510984,-28,13,5,4.430393439371998
488,3032301,406510.0,3383525.0,28,260,9,4,2585.0,12.2,483,0,5,406165,3383440,483,0,5,-109.8,511,-345.0,-85.0,355.31676008879737,0,-3.8406954916556515,-28,13,5,4.505763629206553
489,3032301,406510.0,3383525.0,28,260,9,4,2585.0,12.2,483,0,5,406505,3383740,485,0,5,-99.8,511,-5.0,215.0,215.05813167606567,2,98.66778014613038,-26,13,5,6.893463502278576
490,3032301,406510.0,3383525.0,28,260,9,4,2585.0,12.2,483,0,5,406185,3383420,484,0,5,-112.6,511,-325.0,-105.0,341.5406271587613,1,-7.904447506248204,-27,13,5,4.520034639690317
491,3032301,406510.0,3383525.0,28,260,9,4,2585.0,12.2,483,0,5,406190,3383405,485,0,5,-112.33,511,-320.0,-120.0,341.76014981270123,2,-10.556045219583467,-26,13,5,4.350496280267007
492,3032301,406510.0,3383525.0,28,260,9,4,2585.0,12.2,483,0,5,406230,3383365,486,0,5,-121.5,511,-280.0,-160.0,322.49030993194197,3,-19.744881296942225,-25,13,5,4.432801129005423
493,3032301,406510.0,3383525.0,28,260,9,4,2585.0,12.2,483,0,5,406235,3383370,486,0,5,-119.75,511,-275.0,-155.0,315.67388235329196,3,-19.407189060733685,-25,13,5,4.528125861565279
494,3032301,406510.0,3383525.0,28,260,9,4,2585.0,12.2,483,0,5,406140,3383455,483,0,5,-111.0,511,-370.0,-70.0,376.5634076752546,0,-0.7131230227910237,-28,13,5,4.252497502370369
495,3032301,406510.0,3383525.0,28,260,9,4,2585.0,12.2,483,0,5,406195,3383410,485,0,5,-118.5,511,-315.0,-115.0,335.3356527421443,2,-10.056094736575403,-26,13,5,4.4335156585767725
496,3032301,406510.0,3383525.0,28,260,9,4,2585.0,12.2,483,0,5,406220,3383375,486,0,5,-113.0,511,-290.0,-150.0,326.49655434629017,3,-17.34987578006988,-25,13,5,4.378621704928897
497,3032301,406510.0,3383525.0,28,260,9,4,2585.0,12.2,483,0,5,407625,3382790,484,0,5,-108.0,511,1115.0,-735.0,1335.458722686703,1,-136.60741567579493,-27,13,5,1.1582352124592008
498,3032301,406510.0,3383525.0,28,260,9,4,2585.0,12.2,483,0,5,406315,3383695,485,0,5,-106.0,511,-195.0,170.0,258.69866640553056,2,51.08175113593262,-26,13,5,5.739127885710544
499,3032301,406510.0,3383525.0,28,260,9,4,2585.0,12.2,483,0,5,406725,3383265,487,0,5,-100.67,511,215.0,-260.0,337.37960815674677,4,-119.58813084768298,-24,13,5,4.0689661615459
500,3032301,406510.0,3383525.0,28,260,9,4,2585.0,12.2,483,0,5,406275,3383735,486,0,5,-103.75,511,-235.0,210.0,315.15869018638847,3,51.784516008251785,-25,13,5,4.535497162793688
501,3032301,406510.0,3383525.0,28,260,9,4,2585.0,12.2,483,0,5,406310,3383700,485,0,5,-96.5,511,-200.0,175.0,265.75364531836624,2,51.18592516570965,-26,13,5,5.5877481178154955
502,3032301,406510.0,3383525.0,28,260,9,4,2585.0,12.2,483,0,5,406265,3383725,486,0,5,-115.0,511,-245.0,200.0,316.26729201736936,3,49.22567409733671,-25,13,5,4.519665010846351
503,3032301,406510.0,3383525.0,28,260,9,4,2585.0,12.2,483,0,5,406300,3383355,484,0,5,-111.6,511,-210.0,-170.0,270.1851217221259,1,-28.990994042505463,-27,13,5,5.706706266243781
504,3032301,406510.0,3383525.0,28,260,9,4,2585.0,12.2,483,0,5,406315,3383350,484,0,5,-108.5,511,-195.0,-175.0,262.01145013147806,1,-31.905941941082887,-27,13,5,5.883501714809931
505,3032301,406510.0,3383525.0,28,260,9,4,2585.0,12.2,483,0,5,406390,3383265,485,0,5,-112.2,511,-120.0,-260.0,286.35642126552705,2,-55.224859431168085,-26,13,5,5.187998824457673
506,3032301,406510.0,3383525.0,28,260,9,4,2585.0,12.2,483,0,5,406395,3383270,484,0,5,-111.33,511,-115.0,-255.0,279.7320146139873,1,-55.725558865560544,-27,13,5,5.513164684700713
507,3032301,406510.0,3383525.0,28,260,9,4,2585.0,12.2,483,0,5,406310,3383345,484,0,5,-108.33,511,-200.0,-180.0,269.0724809414742,1,-31.987212495816664,-27,13,5,5.730147334165948
508,3032301,406510.0,3383525.0,28,260,9,4,2585.0,12.2,483,0,5,406380,3383275,484,0,5,-107.0,511,-130.0,-250.0,281.7800560721074,1,-52.52556837372288,-27,13,5,5.473337968572438
509,3032301,406510.0,3383525.0,28,260,9,4,2585.0,12.2,483,0,5,406355,3383230,486,0,5,-104.75,511,-155.0,-295.0,333.24165405903267,3,-52.28149837181664,-25,13,5,4.290328927395341
510,3032301,406510.0,3383525.0,28,260,9,4,2585.0,12.2,483,0,5,406400,3383680,486,0,5,-96.0,511,-110.0,155.0,190.06577808748213,3,64.63753811293094,-25,13,5,7.493292953090467
511,3032301,406510.0,3383525.0,28,260,9,4,2585.0,12.2,483,0,5,406710,3383370,486,0,6,-93.5,511,200.0,-155.0,253.03161857759991,3,-132.22431569404534,-25,13,5,5.642617648180169
512,3032301,406510.0,3383525.0,28,260,9,4,2585.0,12.2,483,0,5,406715,3383365,486,0,6,-100.0,511,205.0,-160.0,260.0480724789169,3,-132.0283962389496,-25,13,5,5.491315452822978
513,3032301,406510.0,3383525.0,28,260,9,4,2585.0,12.2,483,0,5,406450,3383630,486,0,5,-97.33,511,-60.0,105.0,120.93386622447825,3,70.2551187030578,-25,13,5,11.679918837509431
514,3032301,406510.0,3383525.0,28,260,9,4,2585.0,12.2,483,0,5,406445,3383635,486,0,5,-98.67,511,-65.0,110.0,127.76932339180638,3,69.42077312751098,-25,13,5,11.070916987623693
515,3032301,406510.0,3383525.0,28,260,9,4,2585.0,12.2,483,0,5,406320,3383760,486,0,6,-98.0,511,-190.0,235.0,302.2002647252315,3,61.0440921622411,-25,13,5,4.72911636958024
516,3032301,406510.0,3383525.0,28,260,9,4,2585.0,12.2,483,0,5,406325,3383755,486,0,6,-99.71,511,-185.0,230.0,295.16944286290885,3,61.1886159632416,-25,13,5,4.8412328829213624
517,3032301,406510.0,3383525.0,28,260,9,4,2585.0,12.2,483,0,5,406440,3383640,486,0,5,-96.8,511,-70.0,115.0,134.6291201783626,3,68.6713071321958,-25,13,5,10.519734890658619
518,3032301,406510.0,3383525.0,28,260,9,4,2585.0,12.2,483,0,5,406330,3383750,486,0,6,-110.67,511,-180.0,225.0,288.1405906844782,3,61.34019174590992,-25,13,5,4.958747210602109
519,3032301,406510.0,3383525.0,28,260,9,4,2585.0,12.2,483,0,5,406730,3383350,486,0,6,-102.83,511,220.0,-175.0,281.1138559374119,3,-131.49934627965456,-25,13,5,5.08205504577769
520,3032301,406510.0,3383525.0,28,260,9,4,2585.0,12.2,483,0,5,406335,3383745,486,0,5,-113.33,511,-175.0,220.0,281.1138559374119,3,61.49934627965456,-25,13,5,5.08205504577769
521,3032301,406510.0,3383525.0,28,260,9,4,2585.0,12.2,483,0,5,406740,3383340,486,0,5,-92.67,511,230.0,-185.0,295.16944286290885,3,-131.18861596324155,-25,13,5,4.8412328829213624
522,3032301,406510.0,3383525.0,28,260,9,4,2585.0,12.2,483,0,5,406735,3383345,486,0,5,-89.57,511,225.0,-180.0,288.1405906844782,3,-131.34019174590992,-25,13,5,4.958747210602109
523,3032301,406510.0,3383525.0,28,260,9,4,2585.0,12.2,483,0,5,406725,3383355,486,0,6,-91.67,511,215.0,-170.0,274.0894014733149,3,-131.66665989090137,-25,13,5,5.211591320717498
524,3032301,406510.0,3383525.0,28,260,9,4,2585.0,12.2,483,0,5,406425,3383655,486,0,5,-91.33,511,-85.0,130.0,155.32224567009067,3,66.82148834060723,-25,13,5,9.143659439427058
525,3032301,406510.0,3383525.0,28,260,9,4,2585.0,12.2,483,0,5,406435,3383645,486,0,5,-94.75,511,-75.0,120.0,141.50971698084905,3,67.99461679191648,-25,13,5,10.018854974592053
526,3032301,406510.0,3383525.0,28,260,9,4,2585.0,12.2,483,0,5,406430,3383650,486,0,5,-101.0,511,-80.0,125.0,148.4082207965583,3,67.38075692880716,-25,13,5,9.56194775352716
527,3032301,406510.0,3383525.0,28,260,9,4,2585.0,12.2,483,0,5,406340,3383365,483,0,6,-102.0,511,-170.0,-160.0,233.45235059857504,0,-33.26429541107163,-28,13,5,6.8393179237789266
528,3032301,406510.0,3383525.0,28,260,9,4,2585.0,12.2,483,0,5,406630,3383815,486,0,5,-108.67,511,120.0,290.0,313.8470965295043,3,-237.5205656028969,-25,13,5,4.5543718149725505
529,3032301,406510.0,3383525.0,28,260,9,4,2585.0,12.2,483,0,5,406345,3383370,483,0,6,-111.0,511,-165.0,-155.0,226.38462845343543,0,-33.21008939175394,-28,13,5,7.050724153705327
530,3032301,406510.0,3383525.0,28,260,9,4,2585.0,12.2,483,0,5,406475,3383925,487,0,7,-103.5,511,-35.0,400.0,401.52833025827704,4,94.99935540244155,-24,13,5,3.4205920864251427
531,3032301,406510.0,3383525.0,28,260,9,4,2585.0,12.2,483,0,5,406490,3383910,487,0,5,-109.0,511,-20.0,385.0,385.5191305240247,4,97.02626891751987,-24,13,5,3.562278260107741
532,3032301,406510.0,3383525.0,28,260,9,4,2585.0,12.2,483,0,5,406160,3383600,484,0,5,-97.33,511,-350.0,75.0,357.94552658190884,1,22.094757077012105,-27,13,5,4.313678805232351
533,3032301,406510.0,3383525.0,28,260,9,4,2585.0,12.2,483,0,5,406485,3383915,487,0,5,-101.29,511,-25.0,390.0,390.80046059338264,4,96.33221194446855,-24,13,5,3.5142586228903707
534,3032301,406510.0,3383525.0,28,260,9,4,2585.0,12.2,483,0,5,406150,3383610,484,0,5,-102.5,511,-360.0,85.0,369.8986347636336,1,23.28486648490218,-27,13,5,4.174785245837845
535,3032301,406510.0,3383525.0,28,260,9,4,2585.0,12.2,483,0,5,406760,3383380,486,0,5,-90.2,511,250.0,-145.0,289.0069203323685,3,-139.88626684901755,-25,13,5,4.9439566106606625
536,3032301,406510.0,3383525.0,28,260,9,4,2585.0,12.2,483,0,5,406695,3383285,487,0,6,-94.2,511,185.0,-240.0,303.0264014900352,4,-117.62623363866976,-24,13,5,4.5284312996431195
537,3032301,406510.0,3383525.0,28,260,9,4,2585.0,12.2,483,0,5,406570,3383250,484,0,6,-99.5,511,60.0,-275.0,281.4693589007514,1,-92.30801581742799,-27,13,5,5.479342909471364
538,3032301,406510.0,3383525.0,28,260,9,4,2585.0,12.2,483,0,5,406700,3383320,486,0,6,-96.5,511,190.0,-205.0,279.5084971874737,3,-122.82525588538994,-25,13,5,5.111089695288715
539,3032301,406510.0,3383525.0,28,260,9,4,2585.0,12.2,483,0,5,406540,3383160,487,0,5,-101.5,511,30.0,-365.0,366.23080154459973,4,-84.69868051729941,-24,13,5,3.749371447437636
540,3032301,406510.0,3383525.0,28,260,9,4,2585.0,12.2,483,0,5,406705,3383315,486,0,6,-94.38,511,195.0,-210.0,286.574597618142,3,-122.87890360333859,-25,13,5,4.985708180906084
541,3032301,406510.0,3383525.0,28,260,9,4,2585.0,12.2,483,0,5,406710,3383310,487,0,6,-96.57,511,200.0,-215.0,293.64093720052045,4,-122.9299693469589,-24,13,5,4.6725397319400805
542,3032301,406510.0,3383525.0,28,260,9,4,2585.0,12.2,483,0,5,406715,3383305,487,0,6,-96.6,511,205.0,-220.0,300.70749907509787,4,-122.97863505964398,-24,13,5,4.563205324128004
543,3032301,406510.0,3383525.0,28,260,9,4,2585.0,12.2,483,0,5,406680,3383300,486,0,6,-101.5,511,170.0,-225.0,282.00177304407146,3,-117.07307331731039,-25,13,5,5.066136975547635
544,3032301,406510.0,3383525.0,28,260,9,4,2585.0,12.2,483,0,5,406595,3383265,484,0,5,-95.67,511,85.0,-260.0,273.5415873317986,1,-98.10376303450664,-27,13,5,5.637136458629678
545,3032301,406510.0,3383525.0,28,260,9,4,2585.0,12.2,483,0,5,407915,3382695,483,0,5,-106.5,511,1405.0,-830.0,1631.847112936748,0,-139.42764312502158,-28,13,5,0.9830114604041603
546,3032301,406510.0,3383525.0,28,260,9,4,2585.0,12.2,483,0,5,406355,3383620,484,0,5,-100.5,511,-155.0,95.0,181.79658962697843,1,41.50426671920417,-27,13,5,8.4476834308223
547,3032301,406510.0,3383525.0,28,260,9,4,2585.0,12.2,483,0,5,406375,3383680,485,0,5,-101.33,511,-135.0,155.0,205.54804791094466,2,58.945186229037574,-26,13,5,7.209120586689089
548,3032301,406510.0,3383525.0,28,260,9,4,2585.0,12.2,483,0,5,406345,3383610,484,0,5,-100.5,511,-165.0,85.0,185.60711193270586,1,37.255328374943076,-27,13,5,8.276679375272918
549,3032301,406510.0,3383525.0,28,260,9,4,2585.0,12.2,483,0,5,406390,3383655,485,0,5,-101.5,511,-120.0,130.0,176.91806012954132,2,57.29061004263855,-26,13,5,8.360382371777744
550,3032301,406510.0,3383525.0,28,260,9,4,2585.0,12.2,483,0,5,406315,3383580,484,0,5,-94.0,511,-195.0,55.0,202.6079958935481,1,25.751173663453017,-27,13,5,7.5906424187296775
551,3032301,406510.0,3383525.0,28,260,9,4,2585.0,12.2,483,0,5,406370,3383675,485,0,5,-100.0,511,-140.0,150.0,205.1828452868319,2,56.97493401088195,-26,13,5,7.2218166645519215
552,3032301,406510.0,3383525.0,28,260,9,4,2585.0,12.2,483,0,5,406135,3383440,483,0,5,-113.5,511,-375.0,-85.0,384.5126785946076,0,-2.7712425649014563,-28,13,5,4.164895576980585
553,3032301,406510.0,3383525.0,28,260,9,4,2585.0,12.2,483,0,5,406130,3383435,483,0,5,-112.63,511,-380.0,-90.0,390.51248379533274,0,-3.3245312618907974,-28,13,5,4.101126459270192
554,3032301,406510.0,3383525.0,28,260,9,4,2585.0,12.2,483,0,5,406395,3383660,485,0,5,-100.36,511,-115.0,135.0,177.341478509682,2,59.573921259900885,-26,13,5,8.340702362441073
555,3032301,406510.0,3383525.0,28,260,9,4,2585.0,12.2,483,0,5,406125,3383430,483,0,5,-106.25,511,-385.0,-95.0,396.547601177967,0,-3.861027563021139,-28,13,5,4.038918953032758
556,3032301,406510.0,3383525.0,28,260,9,4,2585.0,12.2,483,0,5,406155,3383420,484,0,5,-108.33,511,-355.0,-105.0,370.20264720825537,1,-6.476881393687961,-27,13,5,4.171368995935268
557,3032301,406510.0,3383525.0,28,260,9,4,2585.0,12.2,483,0,5,406120,3383425,484,0,5,-113.13,511,-390.0,-100.0,402.6164427839479,1,-4.381394591090611,-27,13,5,3.836587562463904
558,3032301,406510.0,3383525.0,28,260,9,4,2585.0,12.2,483,0,5,406145,3383410,484,0,5,-108.57,511,-365.0,-115.0,382.6878623630491,1,-7.487997376148542,-27,13,5,4.035735050527278
559,3032301,406510.0,3383525.0,28,260,9,4,2585.0,12.2,483,0,5,406150,3383415,484,0,5,-107.78,511,-360.0,-110.0,376.4306044943742,1,-6.990823291986175,-27,13,5,4.102592285554564
560,3032301,406510.0,3383525.0,28,260,9,4,2585.0,12.2,483,0,5,406365,3383670,485,0,5,-97.83,511,-145.0,145.0,205.0609665440988,2,55.0,-26,13,5,7.226063620367123
561,3032301,406510.0,3383525.0,28,260,9,4,2585.0,12.2,483,0,5,406320,3383345,484,0,5,-108.67,511,-190.0,-180.0,261.72504656604804,1,-33.451842301022054,-27,13,5,5.889894745224497
562,3032301,406510.0,3383525.0,28,260,9,4,2585.0,12.2,483,0,5,406395,3383300,484,0,6,-108.5,511,-115.0,-225.0,252.68557536986555,1,-52.927919762007235,-27,13,5,6.099036476698654
563,3032301,406510.0,3383525.0,28,260,9,4,2585.0,12.2,483,0,5,406390,3383295,484,0,5,-110.0,511,-120.0,-230.0,259.42243542145695,1,-52.4471884232822,-27,13,5,5.94180055676638
564,3032301,406510.0,3383525.0,28,260,9,4,2585.0,12.2,483,0,5,406340,3383325,484,0,5,-107.85,511,-170.0,-200.0,262.48809496813374,1,-39.635463426902646,-27,13,5,5.872892769881453
565,3032301,406510.0,3383525.0,28,260,9,4,2585.0,12.2,483,0,5,406365,3383310,484,0,5,-106.33,511,-145.0,-215.0,259.3260495977988,1,-46.003540851749534,-27,13,5,5.943993185647415
566,3032301,406510.0,3383525.0,28,260,9,4,2585.0,12.2,483,0,5,406370,3383315,484,0,5,-107.63,511,-140.0,-210.0,252.38858928247924,1,-46.30993247402023,-27,13,5,6.106159037238109
567,3032301,406510.0,3383525.0,28,260,9,4,2585.0,12.2,483,0,5,406360,3383305,484,0,5,-108.25,511,-150.0,-220.0,266.27053911388697,1,-45.71312302279105,-27,13,5,5.790037612124108
568,3032301,406510.0,3383525.0,28,260,9,4,2585.0,12.2,483,0,5,406380,3383285,484,0,5,-107.67,511,-130.0,-240.0,272.9468812791236,1,-51.55707137563664,-27,13,5,5.6493394803166055
569,3032301,406510.0,3383525.0,28,260,9,4,2585.0,12.2,483,0,5,406345,3383330,484,0,5,-106.57,511,-165.0,-195.0,255.44079548889601,1,-39.76364169072619,-27,13,5,6.03373932021673
570,3032301,406510.0,3383525.0,28,260,9,4,2585.0,12.2,483,0,5,406385,3383290,484,0,5,-109.33,511,-125.0,-235.0,266.1766330841233,1,-51.990823291986175,-27,13,5,5.792066427925522
571,3032301,406510.0,3383525.0,28,260,9,4,2585.0,12.2,483,0,5,406615,3383275,485,0,5,-96.0,511,105.0,-250.0,271.15493725912495,2,-102.78240573048174,-26,13,5,5.4771261926625225
572,3032301,406510.0,3383525.0,28,260,9,4,2585.0,12.2,483,0,5,406600,3383270,484,0,5,-96.5,511,90.0,-255.0,270.4163456597992,1,-99.44003482817618,-27,13,5,5.701858819938872
573,3032301,406510.0,3383525.0,28,260,9,4,2585.0,12.2,483,0,5,406490,3383160,488,0,5,-102.0,511,-20.0,-365.0,365.54753452868476,5,-76.8636416316674,-23,13,5,3.6002651724952357
574,3032301,406510.0,3383525.0,28,260,9,4,2585.0,12.2,483,0,5,406675,3383295,486,0,6,-95.67,511,165.0,-230.0,283.0635970943632,3,-115.65532809790034,-25,13,5,5.047231300976169
575,3032301,406510.0,3383525.0,28,260,9,4,2585.0,12.2,483,0,5,406530,3383200,486,0,5,-105.0,511,20.0,-325.0,325.61480310329875,3,-83.52145337692218,-25,13,5,4.3904325308185745
576,3032301,406510.0,3383525.0,28,260,9,4,2585.0,12.2,483,0,5,406525,3383185,487,0,5,-105.0,511,15.0,-340.0,340.3307215048327,4,-82.52611691161951,-24,13,5,4.033799873764173
577,3032301,406510.0,3383525.0,28,260,9,4,2585.0,12.2,483,0,5,406725,3383385,486,0,6,-89.5,511,215.0,-140.0,256.56383221335,3,-136.9293221772383,-25,13,5,5.565424637791135
578,3032301,406510.0,3383525.0,28,260,9,4,2585.0,12.2,483,0,5,406495,3383155,488,0,5,-99.29,511,-15.0,-370.0,370.3039292257105,5,-77.67846941016728,-23,13,5,3.554140619481112
579,3032301,406510.0,3383525.0,28,260,9,4,2585.0,12.2,483,0,5,406480,3383150,488,0,14,-101.0,511,-30.0,-375.0,376.19808611953357,5,-75.42607874009914,-23,13,5,3.498594838563258
580,3032301,406510.0,3383525.0,28,260,9,4,2585.0,12.2,483,0,5,406605,3383265,484,0,5,-94.25,511,95.0,-260.0,276.81221071332817,1,-100.07152586453867,-27,13,5,5.570953388223693
581,3032301,406510.0,3383525.0,28,260,9,4,2585.0,12.2,483,0,5,406485,3383145,488,0,5,-112.67,511,-25.0,-380.0,380.8214804865923,5,-76.23596513509429,-23,13,5,3.4562234553763154
582,3032301,406510.0,3383525.0,28,260,9,4,2585.0,12.2,483,0,5,406670,3383300,486,0,5,-94.47,511,160.0,-225.0,276.08875384557047,3,-115.41705527646741,-25,13,5,5.174056118498099
583,3032301,406510.0,3383525.0,28,260,9,4,2585.0,12.2,483,0,5,406745,3383365,486,0,5,-91.67,511,235.0,-160.0,284.29737951659,3,-135.75096699318806,-25,13,5,5.025439936719966
584,3032301,406510.0,3383525.0,28,260,9,4,2585.0,12.2,483,0,5,406720,3383390,486,0,6,-96.33,511,210.0,-135.0,249.64975465639858,3,-137.26477372789242,-25,13,5,5.718551733327251
585,3032301,406510.0,3383525.0,28,260,9,4,2585.0,12.2,483,0,5,406660,3383290,486,0,5,-93.63,511,150.0,-235.0,278.792037189013,3,-112.55000349219341,-25,13,5,5.124154707230018
586,3032301,406510.0,3383525.0,28,260,9,4,2585.0,12.2,483,0,5,406700,3383330,486,0,6,-96.83,511,190.0,-195.0,272.2590678012396,3,-124.2559407971113,-25,13,5,5.246432754619428
587,3032301,406510.0,3383525.0,28,260,9,4,2585.0,12.2,483,0,5,406715,3383335,486,0,6,-93.71,511,205.0,-190.0,279.5084971874737,3,-127.17474411461001,-25,13,5,5.111089695288715
588,3032301,406510.0,3383525.0,28,260,9,4,2585.0,12.2,483,0,5,406750,3383380,486,0,5,-92.5,511,240.0,-145.0,280.40149785619906,3,-138.86102756302114,-25,13,5,5.094898104688072
589,3032301,406510.0,3383525.0,28,260,9,4,2585.0,12.2,483,0,5,406550,3383180,487,0,5,-103.0,511,40.0,-345.0,347.3110997362451,4,-86.61346048231474,-24,13,5,3.9529868203395564
590,3032301,406510.0,3383525.0,28,260,9,4,2585.0,12.2,483,0,5,406520,3383190,487,0,5,-104.25,511,10.0,-335.0,335.1492204973779,4,-81.70981404414147,-24,13,5,4.095952902420578
591,3032301,406510.0,3383525.0,28,260,9,4,2585.0,12.2,483,0,5,406535,3383195,486,0,5,-105.17,511,25.0,-330.0,330.94561486745823,3,-84.33231398318844,-25,13,5,4.319982138269159
592,3032301,406510.0,3383525.0,28,260,9,4,2585.0,12.2,483,0,5,406555,3383175,487,0,5,-110.29,511,45.0,-350.0,352.8809997718778,4,-87.3264066601696,-24,13,5,3.8907857485504524
593,3032301,406510.0,3383525.0,28,260,9,4,2585.0,12.2,483,0,5,406355,3383325,484,0,5,-107.6,511,-155.0,-200.0,253.03161857759991,1,-42.224315694045345,-27,13,5,6.090758241354376
594,3032301,406510.0,3383525.0,28,260,9,4,2585.0,12.2,483,0,5,406385,3383295,484,0,5,-108.5,511,-125.0,-230.0,261.7728022541685,1,-51.47688139368796,-27,13,5,5.888827792827621
595,3032301,406510.0,3383525.0,28,260,9,4,2585.0,12.2,483,0,5,406375,3383305,484,0,5,-110.0,511,-135.0,-220.0,258.11818998280614,1,-48.465208094811715,-27,13,5,5.971607469966175
596,3032301,406510.0,3383525.0,28,260,9,4,2585.0,12.2,483,0,5,406365,3383315,484,0,5,-109.06,511,-145.0,-210.0,255.1960031034969,1,-45.375844920051065,-27,13,5,6.039484324509268
597,3032301,406510.0,3383525.0,28,260,9,4,2585.0,12.2,483,0,5,406390,3383290,484,0,5,-108.29,511,-120.0,-235.0,263.86549603917524,1,-52.94940299291389,-27,13,5,5.842448374242675
598,3032301,406510.0,3383525.0,28,260,9,4,2585.0,12.2,483,0,5,406370,3383310,484,0,5,-107.25,511,-140.0,-215.0,256.56383221335,1,-46.92932217723833,-27,13,5,6.007521871664987
599,3032301,406510.0,3383525.0,28,260,9,4,2585.0,12.2,483,0,5,406345,3383335,484,0,6,-113.5,511,-165.0,-190.0,251.6445906432324,1,-39.028263666485145,-27,13,5,6.124075188555855
600,3032301,406510.0,3383525.0,28,260,9,4,2585.0,12.2,483,0,5,406380,3383300,484,0,5,-110.38,511,-130.0,-225.0,259.8557292037257,1,-49.98163257239091,-27,13,5,5.9319636680542445
601,3032301,406510.0,3383525.0,28,260,9,4,2585.0,12.2,483,0,5,406360,3383320,484,0,5,-108.5,511,-150.0,-205.0,254.01771591761076,1,-43.8067926944353,-27,13,5,6.067290606280333
602,3032301,406510.0,3383525.0,28,260,9,4,2585.0,12.2,483,0,5,406395,3383285,484,0,5,-110.5,511,-115.0,-240.0,266.1296676434253,1,-54.39781244855823,-27,13,5,5.793081635914681
603,3032301,406510.0,3383525.0,28,260,9,4,2585.0,12.2,483,0,5,406350,3383330,484,0,5,-108.75,511,-160.0,-195.0,252.23996511258878,1,-40.63068275763524,-27,13,5,6.109729687963506
604,3032301,406510.0,3383525.0,28,260,9,4,2585.0,12.2,483,0,5,406520,3383930,486,0,5,-126.0,511,10.0,405.0,405.123437979093,3,-258.58557678859785,-25,13,5,3.5312210447955663
605,3032301,406510.0,3383525.0,28,260,9,4,2585.0,12.2,483,0,5,406285,3383365,485,0,6,-113.5,511,-225.0,-160.0,276.08875384557047,2,-25.417055276467465,-26,13,5,5.3798272060584225
606,3032301,406510.0,3383525.0,28,260,9,4,2585.0,12.2,483,0,5,406290,3383380,485,0,6,-114.25,511,-220.0,-145.0,263.48624252510797,2,-23.388513576111507,-26,13,5,5.635524668398525
607,3032301,406510.0,3383525.0,28,260,9,4,2585.0,12.2,483,0,5,406035,3383485,484,0,5,-101.5,511,-475.0,-40.0,476.68123520860354,1,5.18644910629348,-27,13,5,3.2418621190884473
608,3032301,406510.0,3383525.0,28,260,9,4,2585.0,12.2,483,0,5,406055,3383465,484,0,5,-110.5,511,-455.0,-60.0,458.93899376714546,1,2.4878558969472806,-27,13,5,3.3669071337623078
609,3032301,406510.0,3383525.0,28,260,9,4,2585.0,12.2,483,0,5,406060,3383460,483,0,5,-102.0,511,-450.0,-65.0,454.6702101523697,0,1.7807907511009375,-28,13,5,3.524001188465568
610,3032301,406510.0,3383525.0,28,260,9,4,2585.0,12.2,483,0,5,406565,3383160,487,0,5,-106.0,511,55.0,-365.0,369.120576505835,4,-88.56914187983762,-24,13,5,3.720101078845864
611,3032301,406510.0,3383525.0,28,260,9,4,2585.0,12.2,483,0,5,406775,3383670,486,0,5,-102.5,511,265.0,145.0,302.0761493398643,3,-198.68614757373945,-25,13,5,4.731050624536694
612,3032301,406510.0,3383525.0,28,260,9,4,2585.0,12.2,483,0,5,406495,3383230,485,0,5,-106.25,511,-15.0,-295.0,295.3811097548386,2,-77.08916217383225,-26,13,5,5.030317462610773
613,3032301,406510.0,3383525.0,28,260,9,4,2585.0,12.2,483,0,5,406500,3383215,486,0,6,-106.67,511,-10.0,-310.0,310.16124838541646,3,-78.1523897340054,-25,13,5,4.608262634813169
614,3032301,406510.0,3383525.0,28,260,9,4,2585.0,12.2,483,0,5,406555,3383250,484,0,6,-111.4,511,45.0,-275.0,278.65749586185547,1,-89.29330859939705,-27,13,5,5.534292020304896
615,3032301,406510.0,3383525.0,28,260,9,4,2585.0,12.2,483,0,5,406570,3383145,487,0,5,-107.33,511,60.0,-380.0,384.7076812334269,4,-88.9726266148964,-24,13,5,3.569772628929599
616,3032301,406510.0,3383525.0,28,260,9,4,2585.0,12.2,483,0,5,406480,3383235,485,0,5,-108.33,511,-30.0,-290.0,291.547594742265,2,-74.0938588862295,-26,13,5,5.096114296326428
617,3032301,406510.0,3383525.0,28,260,9,4,2585.0,12.2,483,0,5,406585,3383140,487,0,5,-104.5,511,75.0,-385.0,392.23717314910374,4,-91.02345596374312,-24,13,5,3.5014184444302474
618,3032301,406510.0,3383525.0,28,260,9,4,2585.0,12.2,483,0,5,406485,3383240,485,0,5,-107.0,511,-25.0,-285.0,286.09439001839934,2,-74.98688624496418,-26,13,5,5.192724500417206
619,3032301,406510.0,3383525.0,28,260,9,4,2585.0,12.2,483,0,5,406610,3383185,486,0,5,-97.8,511,100.0,-340.0,354.400902933387,3,-96.38954033403479,-25,13,5,4.035050771180193
620,3032301,406510.0,3383525.0,28,260,9,4,2585.0,12.2,483,0,5,406510,3383205,486,0,5,-102.4,511,0.0,-320.0,320.0,3,-80.0,-25,13,5,4.467159061389273
621,3032301,406510.0,3383525.0,28,260,9,4,2585.0,12.2,483,0,5,406655,3383195,487,0,7,-93.33,511,145.0,-330.0,360.4511062543712,4,-103.7203955723046,-24,13,5,3.8093155643085783
622,3032301,406510.0,3383525.0,28,260,9,4,2585.0,12.2,483,0,5,406615,3383075,488,0,6,-106.67,511,105.0,-450.0,462.0876540224809,5,-93.13402230639633,-23,13,5,2.84949460005312
623,3032301,406510.0,3383525.0,28,260,9,4,2585.0,12.2,483,0,5,406415,3383275,484,0,5,-109.5,511,-95.0,-250.0,267.44158240632663,1,-59.193208987288784,-27,13,5,5.764855974497074
624,3032301,406510.0,3383525.0,28,260,9,4,2585.0,12.2,483,0,5,406455,3383235,486,0,6,-107.5,511,-55.0,-290.0,295.16944286290885,3,-69.26110289909454,-25,13,5,4.8412328829213624
625,3032301,406510.0,3383525.0,28,260,9,4,2585.0,12.2,483,0,5,406660,3383170,487,0,6,-104.5,511,150.0,-355.0,385.3894134508627,4,-102.90576965841717,-24,13,5,3.563474187656246
626,3032301,406510.0,3383525.0,28,260,9,4,2585.0,12.2,483,0,5,406410,3383280,484,0,5,-108.77,511,-100.0,-245.0,264.62237244798484,1,-57.7965214679426,-27,13,5,5.825852830909139
627,3032301,406510.0,3383525.0,28,260,9,4,2585.0,12.2,483,0,5,406400,3383270,484,0,5,-106.0,511,-110.0,-255.0,277.71388153997634,1,-56.66595872329023,-27,13,5,5.552979064109269
628,3032301,406510.0,3383525.0,28,260,9,4,2585.0,12.2,483,0,5,406640,3383190,487,0,6,-91.67,511,130.0,-335.0,359.339672176619,4,-101.20922613422283,-24,13,5,3.821062889839737
629,3032301,406510.0,3383525.0,28,260,9,4,2585.0,12.2,483,0,5,406425,3383245,485,0,5,-107.5,511,-85.0,-280.0,292.61749776799064,2,-63.11320887605598,-26,13,5,5.077578856383761
630,3032301,406510.0,3383525.0,28,260,9,4,2585.0,12.2,483,0,5,406635,3383055,488,0,5,-97.5,511,125.0,-470.0,486.3383595810637,5,-94.89347295884158,-23,13,5,2.707624794672226
631,3032301,406510.0,3383525.0,28,260,9,4,2585.0,12.2,483,0,5,406435,3383255,485,0,6,-110.67,511,-75.0,-270.0,280.22312538404105,2,-64.47588900324575,-26,13,5,5.300909528916054
632,3032301,406510.0,3383525.0,28,260,9,4,2585.0,12.2,483,0,5,406430,3383260,485,0,6,-114.0,511,-80.0,-265.0,276.81221071332817,2,-63.20162821869471,-26,13,5,5.365849043759991
633,3032301,406510.0,3383525.0,28,260,9,4,2585.0,12.2,483,0,5,406450,3383240,485,0,6,-118.5,511,-60.0,-285.0,291.247317584214,2,-68.11134196037204,-26,13,5,5.101340701675692
634,3032301,406510.0,3383525.0,28,260,9,4,2585.0,12.2,483,0,5,406605,3383065,488,0,6,-112.0,511,95.0,-460.0,469.7073557013984,5,-91.66877400036901,-23,13,5,2.803343781261393
635,3032301,406510.0,3383525.0,28,260,9,4,2585.0,12.2,483,0,5,406470,3383265,484,0,5,-107.33,511,-40.0,-260.0,263.0589287593181,1,-71.2538377374448,-27,13,5,5.8602374730508044
636,3032301,406510.0,3383525.0,28,260,9,4,2585.0,12.2,483,0,5,406615,3383090,488,0,6,-108.0,511,105.0,-435.0,447.49301670528894,5,-93.57043438516143,-23,13,5,2.9422679305851034
637,3032301,406510.0,3383525.0,28,260,9,4,2585.0,12.2,483,0,5,406635,3383110,487,0,6,-106.0,511,125.0,-415.0,433.4166586553867,4,-96.76255446183268,-24,13,5,3.169457803389458
638,3032301,406510.0,3383525.0,28,260,9,4,2585.0,12.2,483,0,5,406485,3383300,483,0,5,-90.5,511,-25.0,-225.0,226.38462845343543,0,-73.65980825409011,-28,13,5,7.050724153705327
639,3032301,406510.0,3383525.0,28,260,9,4,2585.0,12.2,483,0,5,406630,3383105,488,0,6,-103.25,511,120.0,-420.0,436.8065933568311,5,-95.9453959009229,-23,13,5,3.01411902920992
640,3032301,406510.0,3383525.0,28,260,9,4,2585.0,12.2,483,0,5,406440,3383255,485,0,6,-110.17,511,-70.0,-270.0,278.9265136196271,2,-65.46554491945989,-26,13,5,5.325409873332195
641,3032301,406510.0,3383525.0,28,260,9,4,2585.0,12.2,483,0,5,406455,3383250,485,0,5,-108.63,511,-55.0,-275.0,280.4460732476032,2,-68.6900675259798,-26,13,5,5.29671941157305
642,3032301,406510.0,3383525.0,28,260,9,4,2585.0,12.2,483,0,5,406645,3383140,487,0,6,-107.6,511,135.0,-385.0,407.98284277650697,4,-99.3231843181618,-24,13,5,3.366601910224652
643,3032301,406510.0,3383525.0,28,260,9,4,2585.0,12.2,483,0,5,406425,3383240,486,0,5,-102.0,511,-85.0,-285.0,297.40544715926103,3,-63.393019421383,-25,13,5,4.805005761590267
644,3032301,406510.0,3383525.0,28,260,9,4,2585.0,12.2,483,0,5,406650,3383125,487,0,6,-101.25,511,140.0,-400.0,423.7924020083418,4,-99.29004621918875,-24,13,5,3.241283905498512
645,3032301,406510.0,3383525.0,28,260,9,4,2585.0,12.2,483,0,5,406640,3383135,487,0,6,-106.0,511,130.0,-390.0,411.0960958218893,4,-98.43494882292202,-24,13,5,3.341164430741505
646,3032301,406510.0,3383525.0,28,260,9,4,2585.0,12.2,483,0,5,406445,3383260,484,0,5,-107.33,511,-65.0,-265.0,272.8552729928451,1,-66.2184027643464,-27,13,5,5.651223911311035
647,3032301,406510.0,3383525.0,28,260,9,4,2585.0,12.2,483,0,5,406450,3383260,484,0,5,-114.17,511,-60.0,-265.0,271.7075633838705,1,-67.24246783912335,-27,13,5,5.674939542054883
648,3032301,406510.0,3383525.0,28,260,9,4,2585.0,12.2,483,0,5,406465,3383265,484,0,5,-107.67,511,-45.0,-260.0,263.86549603917524,1,-70.18069936124209,-27,13,5,5.842448374242675
649,3032301,406510.0,3383525.0,28,260,9,4,2585.0,12.2,483,0,5,406440,3383250,485,0,6,-109.67,511,-70.0,-275.0,283.7692724732542,2,-65.71890426402919,-26,13,5,5.23503662634725
650,3032301,406510.0,3383525.0,28,260,9,4,2585.0,12.2,483,0,5,406445,3383245,485,0,6,-112.5,511,-65.0,-280.0,287.4456470360962,2,-66.93068210371783,-26,13,5,5.168446470035695
651,3032301,406510.0,3383525.0,28,260,9,4,2585.0,12.2,483,0,5,406460,3383270,484,0,5,-107.4,511,-50.0,-255.0,259.8557292037257,1,-68.90627698844216,-27,13,5,5.9319636680542445
652,3032301,406510.0,3383525.0,28,260,9,4,2585.0,12.2,483,0,5,406640,3383130,487,0,6,-104.17,511,130.0,-395.0,415.84251826863493,4,-98.21709519782485,-24,13,5,3.303113339974265
653,3032301,406510.0,3383525.0,28,260,9,4,2585.0,12.2,483,0,5,406650,3383140,487,0,6,-97.33,511,140.0,-385.0,409.6644968751869,4,-99.98310652190003,-24,13,5,3.3528137546470376
654,3032301,406510.0,3383525.0,28,260,9,4,2585.0,12.2,483,0,5,406630,3383120,487,0,6,-104.0,511,120.0,-405.0,422.4038352098617,4,-96.50436138175496,-24,13,5,3.2519161377359795
655,3032301,406510.0,3383525.0,28,260,9,4,2585.0,12.2,483,0,5,406455,3383255,484,0,5,-107.45,511,-55.0,-270.0,275.54491466909707,1,-68.486168815513,-27,13,5,5.5964132294445985
656,3032301,406510.0,3383525.0,28,260,9,4,2585.0,12.2,483,0,5,406655,3383135,487,0,6,-103.5,511,145.0,-390.0,416.08292442733097,4,-100.39487608204843,-24,13,5,3.301209075291455
657,3032301,406510.0,3383525.0,28,260,9,4,2585.0,12.2,483,0,5,406575,3383055,488,0,5,-112.0,511,65.0,-470.0,474.4733922992943,5,-87.8739381317256,-23,13,5,2.77522872601802
658,3032301,406510.0,3383525.0,28,260,9,4,2585.0,12.2,483,0,5,406660,3383150,487,0,6,-100.0,511,150.0,-375.0,403.8873605350878,4,-101.80140948635176,-24,13,5,3.4006600748447715
659,3032301,406510.0,3383525.0,28,260,9,4,2585.0,12.2,483,0,5,406390,3383310,484,0,6,-107.0,511,-120.0,-215.0,246.22144504490262,1,-50.8323866204222,-27,13,5,6.257902109851679
660,3032301,406510.0,3383525.0,28,260,9,4,2585.0,12.2,483,0,5,406325,3383335,484,0,5,-107.07,511,-185.0,-190.0,265.1886121235224,1,-35.763898460929994,-27,13,5,5.813498565363983
661,3032301,406510.0,3383525.0,28,260,9,4,2585.0,12.2,483,0,5,406330,3383330,484,0,5,-107.33,511,-180.0,-195.0,265.37709019431196,1,-37.29061004263855,-27,13,5,5.809397909732975
662,3032301,406510.0,3383525.0,28,260,9,4,2585.0,12.2,483,0,5,406335,3383325,484,0,5,-105.6,511,-175.0,-200.0,265.75364531836624,1,-38.81407483429035,-27,13,5,5.80122256380943
663,3032301,406510.0,3383525.0,28,260,9,4,2585.0,12.2,483,0,5,406360,3383300,484,0,5,-106.0,511,-150.0,-225.0,270.4163456597992,1,-46.30993247402023,-27,13,5,5.701858819938872
664,3032301,406510.0,3383525.0,28,260,9,4,2585.0,12.2,483,0,5,406320,3383340,484,0,5,-108.0,511,-190.0,-185.0,265.1886121235224,1,-34.236101539070006,-27,13,5,5.813498565363983
665,3032301,406510.0,3383525.0,28,260,9,4,2585.0,12.2,483,0,5,406400,3383275,484,0,5,-112.67,511,-110.0,-250.0,273.1300056749533,1,-56.250505507133255,-27,13,5,5.645576266832389
666,3032301,406510.0,3383525.0,28,260,9,4,2585.0,12.2,483,0,5,406445,3383240,485,0,6,-110.25,511,-65.0,-285.0,292.31831964486935,2,-67.15229514128234,-26,13,5,5.082748382831027
667,3032301,406510.0,3383525.0,28,260,9,4,2585.0,12.2,483,0,5,406405,3383280,484,0,5,-110.8,511,-105.0,-245.0,266.5520587052368,1,-56.801409486351815,-27,13,5,5.783963932569519
668,3032301,406510.0,3383525.0,28,260,9,4,2585.0,12.2,483,0,5,406665,3383180,488,0,6,-100.25,511,155.0,-345.0,378.21951298154886,5,-104.1932089872887,-23,13,5,3.479942370161068
669,3032301,406510.0,3383525.0,28,260,9,4,2585.0,12.2,483,0,5,406455,3383230,486,0,6,-110.25,511,-55.0,-295.0,300.0833217624732,3,-69.43898930880363,-25,13,5,4.7623250924048115
670,3032301,406510.0,3383525.0,28,260,9,4,2585.0,12.2,483,0,5,406435,3383250,485,0,5,-105.5,511,-75.0,-275.0,285.0438562747845,2,-64.74488129694222,-26,13,5,5.21175717059746
671,3032301,406510.0,3383525.0,28,260,9,4,2585.0,12.2,483,0,5,406425,3383260,485,0,5,-112.33,511,-85.0,-265.0,278.29840100151495,2,-62.21611155730747,-26,13,5,5.3373598560618385
672,3032301,406510.0,3383525.0,28,260,9,4,2585.0,12.2,483,0,5,406415,3383270,484,0,5,-110.5,511,-95.0,-255.0,272.12129648375554,1,-59.56717132060132,-27,13,5,5.666367557811303
673,3032301,406510.0,3383525.0,28,260,9,4,2585.0,12.2,483,0,5,406630,3383830,486,0,13,-116.0,511,120.0,305.0,327.75753233144775,3,-238.5232090204596,-25,13,5,4.361841017856435
674,3032301,406510.0,3383525.0,28,260,9,4,2585.0,12.2,483,0,5,406325,3383375,483,0,6,-113.5,511,-185.0,-150.0,238.17010727629108,0,-29.0355128987469,-28,13,5,6.705088117953531
675,3032301,406510.0,3383525.0,28,260,9,4,2585.0,12.2,483,0,5,406280,3383780,486,0,6,-95.25,511,-230.0,255.0,343.4020966738555,3,57.95077910900636,-25,13,5,4.1638416450934255
676,3032301,406510.0,3383525.0,28,260,9,4,2585.0,12.2,483,0,5,406320,3383740,486,0,5,-108.4,511,-190.0,215.0,286.9233347080715,3,58.532294583890916,-25,13,5,4.979678857428621
677,3032301,406510.0,3383525.0,28,260,9,4,2585.0,12.2,483,0,5,406415,3383645,486,0,5,-99.3,511,-95.0,120.0,153.05227865013967,3,61.63251461513846,-25,13,5,9.276930986167645
678,3032301,406510.0,3383525.0,28,260,9,4,2585.0,12.2,483,0,5,406735,3383325,486,0,5,-93.29,511,225.0,-200.0,301.0398644698074,3,-128.36646066342985,-25,13,5,4.747262254852599
679,3032301,406510.0,3383525.0,28,260,9,4,2585.0,12.2,483,0,5,406340,3383760,486,0,5,-111.5,511,-170.0,235.0,290.0431002454635,3,64.1178627537958,-25,13,5,4.92638138526873
680,3032301,406510.0,3383525.0,28,260,9,4,2585.0,12.2,483,0,5,406745,3383355,486,0,5,-98.67,511,235.0,-170.0,290.0431002454635,3,-134.11786275379575,-25,13,5,4.92638138526873
681,3032301,406510.0,3383525.0,28,260,9,4,2585.0,12.2,483,0,5,406410,3383650,486,0,5,-97.6,511,-100.0,125.0,160.0781059358212,3,61.34019174590992,-25,13,5,8.876395080973342
682,3032301,406510.0,3383525.0,28,260,9,4,2585.0,12.2,483,0,5,406750,3383350,486,0,6,-90.5,511,240.0,-175.0,297.0269348055829,3,-133.901716032892,-25,13,5,4.811100233345451
683,3032301,406510.0,3383525.0,28,260,9,4,2585.0,12.2,483,0,5,406725,3383335,486,0,6,-90.8,511,215.0,-190.0,286.9233347080715,3,-128.53229458389092,-25,13,5,4.979678857428621
684,3032301,406510.0,3383525.0,28,260,9,4,2585.0,12.2,483,0,5,406470,3383630,486,0,5,-106.67,511,-40.0,105.0,112.36102527122117,3,79.14554196042167,-25,13,5,12.5438139207558
685,3032301,406510.0,3383525.0,28,260,9,4,2585.0,12.2,483,0,5,406720,3383340,486,0,6,-94.94,511,210.0,-185.0,279.8660393831306,3,-128.62148470411734,-25,13,5,5.104594554094187
686,3032301,406510.0,3383525.0,28,260,9,4,2585.0,12.2,483,0,5,406405,3383655,486,0,5,-99.6,511,-105.0,130.0,167.10774967068403,3,61.07245640720771,-25,13,5,8.508578562538244
687,3032301,406510.0,3383525.0,28,260,9,4,2585.0,12.2,483,0,5,406465,3383635,486,0,5,-96.67,511,-45.0,110.0,118.84864324004712,3,77.75097634278762,-25,13,5,11.879071027666903
688,3032301,406510.0,3383525.0,28,260,9,4,2585.0,12.2,483,0,5,406715,3383385,486,0,6,-98.0,511,205.0,-140.0,248.2438317461282,3,-135.66978280449666,-25,13,5,5.750722145622489
689,3032301,406510.0,3383525.0,28,260,9,4,2585.0,12.2,483,0,5,406740,3383360,486,0,5,-125.5,511,230.0,-165.0,283.0635970943632,3,-134.34467190209966,-25,13,5,5.047231300976169
690,3032301,406510.0,3383525.0,28,260,9,4,2585.0,12.2,483,0,5,406400,3383660,486,0,5,-93.86,511,-110.0,135.0,174.14074767268,3,60.82634202955575,-25,13,5,8.16967800403405
691,3032301,406510.0,3383525.0,28,260,9,4,2585.0,12.2,483,0,5,406370,3383360,483,0,5,-103.25,511,-140.0,-165.0,216.390850083824,0,-39.685899839502696,-28,13,5,7.372849226386288
692,3032301,406510.0,3383525.0,28,260,9,4,2585.0,12.2,483,0,5,406340,3383290,485,0,6,-106.5,511,-170.0,-235.0,290.0431002454635,2,-44.117862753795805,-26,13,5,5.122408288009621
693,3032301,406510.0,3383525.0,28,260,9,4,2585.0,12.2,483,0,5,406330,3383320,484,0,5,-108.5,511,-180.0,-205.0,272.8094573140748,1,-38.71528910542878,-27,13,5,5.652166834245693
694,3032301,406510.0,3383525.0,28,260,9,4,2585.0,12.2,483,0,5,406350,3383300,484,0,5,-111.75,511,-160.0,-225.0,276.08875384557047,1,-44.58294472353259,-27,13,5,5.58545920065217
695,3032301,406510.0,3383525.0,28,260,9,4,2585.0,12.2,483,0,5,406355,3383295,484,0,5,-107.0,511,-155.0,-230.0,277.35356496717327,1,-46.023455963743146,-27,13,5,5.560147893661769
696,3032301,406510.0,3383525.0,28,260,9,4,2585.0,12.2,483,0,5,406345,3383285,485,0,6,-102.5,511,-165.0,-240.0,291.247317584214,2,-45.491477012331586,-26,13,5,5.101340701675692
697,3032301,406510.0,3383525.0,28,260,9,4,2585.0,12.2,483,0,5,406335,3383315,484,0,5,-106.0,511,-175.0,-210.0,273.3587386567329,1,-40.19442890773482,-27,13,5,5.640882808640753
698,3032301,406510.0,3383525.0,28,260,9,4,2585.0,12.2,483,0,5,406485,3383265,484,0,6,-107.0,511,-25.0,-260.0,261.1991577321795,1,-74.50767544287257,-27,13,5,5.901669627879564
699,3032301,406510.0,3383525.0,28,260,9,4,2585.0,12.2,483,0,5,406530,3383240,484,0,6,-104.5,511,20.0,-285.0,285.70089254323307,1,-84.01417569541104,-27,13,5,5.398671082748588
700,3032301,406510.0,3383525.0,28,260,9,4,2585.0,12.2,483,0,5,406515,3383255,484,0,6,-106.0,511,5.0,-270.0,270.04629232781554,1,-81.06091169026422,-27,13,5,5.709620675148358
701,3032301,406510.0,3383525.0,28,260,9,4,2585.0,12.2,483,0,5,406400,3383350,484,0,5,-99.0,511,-110.0,-175.0,206.70026608594387,1,-47.84770485871766,-27,13,5,7.4420634692907885
702,3032301,406510.0,3383525.0,28,260,9,4,2585.0,12.2,483,0,5,406500,3383250,484,0,5,-104.85,511,-10.0,-275.0,275.1817581163403,1,-77.91743472026914,-27,13,5,5.6037518218209925
703,3032301,406510.0,3383525.0,28,260,9,4,2585.0,12.2,483,0,5,406580,3383170,486,0,5,-108.13,511,70.0,-355.0,361.83559802761255,3,-91.15465973892833,-25,13,5,3.952407435490896
704,3032301,406510.0,3383525.0,28,260,9,4,2585.0,12.2,483,0,5,406585,3383165,487,0,5,-107.0,511,75.0,-360.0,367.7295201639379,4,-91.7682889320206,-24,13,5,3.734133829216432
705,3032301,406510.0,3383525.0,28,260,9,4,2585.0,12.2,483,0,5,406565,3383185,486,0,5,-111.0,511,55.0,-340.0,344.41980198589044,3,-89.1888360773587,-25,13,5,4.151581243023297
706,3032301,406510.0,3383525.0,28,260,9,4,2585.0,12.2,483,0,5,406605,3383145,487,0,5,-108.5,511,95.0,-380.0,391.69503443367773,4,-94.03624346792651,-24,13,5,3.5062526188440115
707,3032301,406510.0,3383525.0,28,260,9,4,2585.0,12.2,483,0,5,406595,3383175,486,0,5,-95.75,511,85.0,-350.0,360.17356926904006,3,-93.65041913475693,-25,13,5,3.9705877017186624
708,3032301,406510.0,3383525.0,28,260,9,4,2585.0,12.2,483,0,5,406640,3383110,487,0,6,-99.5,511,130.0,-415.0,434.8850422812907,4,-97.39332214691206,-24,13,5,3.158777878826193
709,3032301,406510.0,3383525.0,28,260,9,4,2585.0,12.2,483,0,5,406545,3383205,486,0,5,-109.0,511,35.0,-320.0,321.90837205639747,3,-86.2419143474151,-25,13,5,4.440782610286255
710,3032301,406510.0,3383525.0,28,260,9,4,2585.0,12.2,483,0,5,406615,3383155,487,0,5,-108.33,511,105.0,-370.0,384.61019227264376,4,-95.843082117687,-24,13,5,3.57067513533922
711,3032301,406510.0,3383525.0,28,260,9,4,2585.0,12.2,483,0,5,406540,3383210,486,0,5,-103.0,511,30.0,-315.0,316.4253466459348,3,-85.44033203100548,-25,13,5,4.517416782378643
712,3032301,406510.0,3383525.0,28,260,9,4,2585.0,12.2,483,0,5,406365,3383355,483,0,6,-100.5,511,-145.0,-170.0,223.4390297150433,0,-39.53777250790665,-28,13,5,7.142720018461059
713,3032301,406510.0,3383525.0,28,260,9,4,2585.0,12.2,483,0,5,406335,3383305,484,0,6,-106.8,511,-175.0,-220.0,281.1138559374119,1,-41.49934627965459,-27,13,5,5.486229960294783
714,3032301,406510.0,3383525.0,28,260,9,4,2585.0,12.2,483,0,5,406355,3383285,485,0,6,-101.5,511,-155.0,-240.0,285.70089254323307,2,-47.14427804956702,-26,13,5,5.199837290271295
715,3032301,406510.0,3383525.0,28,260,9,4,2585.0,12.2,483,0,5,406320,3383320,484,0,6,-110.6,511,-190.0,-205.0,279.5084971874737,1,-37.174744114610064,-27,13,5,5.517546258247726
716,3032301,406510.0,3383525.0,28,260,9,4,2585.0,12.2,483,0,5,406360,3383360,483,0,6,-106.0,511,-150.0,-165.0,222.9910312097776,0,-37.72631099390625,-28,13,5,7.1569213911545635
717,3032301,406510.0,3383525.0,28,260,9,4,2585.0,12.2,483,0,5,406710,3383250,487,0,5,-95.5,511,200.0,-275.0,340.03676271838606,4,-116.0273733851036,-24,13,5,4.037275531731115
718,3032301,406510.0,3383525.0,28,260,9,4,2585.0,12.2,483,0,5,406705,3383255,487,0,5,-95.6,511,195.0,-270.0,333.0540496676178,4,-115.83765295427827,-24,13,5,4.121631130504016
719,3032301,406510.0,3383525.0,28,260,9,4,2585.0,12.2,483,0,5,406675,3383205,487,0,6,-97.5,511,165.0,-320.0,360.0347205478938,4,-107.27676338311369,-24,13,5,3.813708103121463
720,3032301,406510.0,3383525.0,28,260,9,4,2585.0,12.2,483,0,5,406670,3383210,487,0,6,-108.57,511,160.0,-315.0,353.30581653859025,4,-106.92767785104047,-24,13,5,3.886121790524275
721,3032301,406510.0,3383525.0,28,260,9,4,2585.0,12.2,483,0,5,406690,3383270,487,0,6,-93.15,511,180.0,-255.0,312.1297807002722,4,-115.21759296819272,-24,13,5,4.396883587154512
722,3032301,406510.0,3383525.0,28,260,9,4,2585.0,12.2,483,0,5,406695,3383265,487,0,6,-95.72,511,185.0,-260.0,319.100297712177,4,-115.43331401028559,-24,13,5,4.30120126322067
723,3032301,406510.0,3383525.0,28,260,9,4,2585.0,12.2,483,0,5,406700,3383260,487,0,6,-98.74,511,190.0,-265.0,326.0751447136074,4,-115.63980919808665,-24,13,5,4.209531573350457
724,3032301,406510.0,3383525.0,28,260,9,4,2585.0,12.2,483,0,5,406450,3383190,488,0,14,-110.0,511,-60.0,-335.0,340.3307215048327,5,-69.84573341979976,-23,13,5,3.866245645742303
725,3032301,406510.0,3383525.0,28,260,9,4,2585.0,12.2,483,0,5,406475,3383165,488,0,14,-106.0,511,-35.0,-360.0,361.69738732813653,5,-74.44702896696319,-23,13,5,3.6384863770777764
726,3032301,406510.0,3383525.0,28,260,9,4,2585.0,12.2,483,0,5,407645,3382790,484,0,5,-109.0,511,1135.0,-735.0,1352.2019080004288,1,-137.0738309349502,-27,13,5,1.1438975890169314
727,3032301,406510.0,3383525.0,28,260,9,4,2585.0,12.2,483,0,5,406665,3383185,488,0,6,-98.33,511,155.0,-340.0,373.6642878306676,5,-104.50740523012973,-23,13,5,3.522259104495272
728,3032301,406510.0,3383525.0,28,260,9,4,2585.0,12.2,483,0,5,406425,3383265,484,0,6,-116.33,511,-85.0,-260.0,273.5415873317986,1,-61.89623696549339,-27,13,5,5.637136458629678
729,3032301,406510.0,3383525.0,28,260,9,4,2585.0,12.2,483,0,5,406415,3383255,485,0,5,-103.67,511,-95.0,-270.0,286.2254356272342,2,-60.61548432064217,-26,13,5,5.190360048955597
730,3032301,406510.0,3383525.0,28,260,9,4,2585.0,12.2,483,0,5,406410,3383260,485,0,5,-98.5,511,-100.0,-265.0,283.24018076537095,2,-59.325575239126096,-26,13,5,5.24476117164997
731,3032301,406510.0,3383525.0,28,260,9,4,2585.0,12.2,483,0,5,406470,3383240,485,0,5,-112.38,511,-40.0,-285.0,287.7933286231632,2,-72.01067323360311,-26,13,5,5.162236253734788
732,3032301,406510.0,3383525.0,28,260,9,4,2585.0,12.2,483,0,5,406670,3383200,487,0,6,-98.5,511,160.0,-325.0,362.2499137335991,4,-106.21137801783152,-24,13,5,3.790455103730127
733,3032301,406510.0,3383525.0,28,260,9,4,2585.0,12.2,483,0,5,406420,3383270,484,0,5,-105.25,511,-90.0,-255.0,270.4163456597992,1,-60.55996517182382,-27,13,5,5.701858819938872
734,3032301,406510.0,3383525.0,28,260,9,4,2585.0,12.2,483,0,5,406475,3383235,485,0,5,-109.25,511,-35.0,-290.0,292.1044333795706,2,-73.11827636936306,-26,13,5,5.086450583786982
735,3032301,406510.0,3383525.0,28,260,9,4,2585.0,12.2,483,0,5,406660,3383190,487,0,6,-93.5,511,150.0,-335.0,367.0490430446591,4,-104.1209831194426,-24,13,5,3.741036949086235
736,3032301,406510.0,3383525.0,28,260,9,4,2585.0,12.2,483,0,5,406435,3383275,484,0,5,-107.21,511,-75.0,-250.0,261.00766272276377,1,-63.300755766006404,-27,13,5,5.905968945566214
737,3032301,406510.0,3383525.0,28,260,9,4,2585.0,12.2,483,0,5,406600,3383050,489,0,6,-102.5,511,90.0,-475.0,483.4511350695125,6,-90.7288592980101,-22,13,5,2.6055128372711978
738,3032301,406510.0,3383525.0,28,260,9,4,2585.0,12.2,483,0,5,406430,3383280,484,0,5,-105.79,511,-80.0,-245.0,257.73047937719747,1,-61.916554616951345,-27,13,5,5.980525654201142
739,3032301,406510.0,3383525.0,28,260,9,4,2585.0,12.2,483,0,5,406655,3383175,487,0,6,-91.0,511,145.0,-350.0,378.8469347902923,4,-102.50352849976741,-24,13,5,3.624850740994273
740,3032301,406510.0,3383525.0,28,260,9,4,2585.0,12.2,483,0,5,406405,3383190,488,0,14,-106.0,511,-105.0,-335.0,351.0697936308392,5,-62.59729586864373,-23,13,5,3.748321323087036
741,3032301,406510.0,3383525.0,28,260,9,4,2585.0,12.2,483,0,5,406420,3383165,488,0,14,-111.0,511,-90.0,-360.0,371.07950630558946,5,-65.96375653207352,-23,13,5,3.5467312468838865
742,3032301,406510.0,3383525.0,28,260,9,4,2585.0,12.2,483,0,5,406455,3383160,488,0,5,-100.67,511,-55.0,-365.0,369.120576505835,5,-71.43085812016236,-23,13,5,3.565505386960108
743,3032301,406510.0,3383525.0,28,260,9,4,2585.0,12.2,483,0,5,406400,3383185,488,0,14,-105.44,511,-110.0,-340.0,357.35136770411276,5,-62.072080237992765,-23,13,5,3.682615715375376
744,3032301,406510.0,3383525.0,28,260,9,4,2585.0,12.2,483,0,5,406690,3383235,487,0,6,-98.22,511,180.0,-290.0,341.32096331752024,4,-111.82744657667308,-24,13,5,4.022135461957692
745,3032301,406510.0,3383525.0,28,260,9,4,2585.0,12.2,483,0,5,406680,3383225,487,0,6,-93.67,511,170.0,-300.0,344.81879299133334,4,-109.53878225955805,-24,13,5,3.981466948950688
746,3032301,406510.0,3383525.0,28,260,9,4,2585.0,12.2,483,0,5,406685,3383230,487,0,6,-92.43,511,175.0,-295.0,343.0014577228499,4,-110.67728002179649,-24,13,5,4.00249369664886
747,3032301,406510.0,3383525.0,28,260,9,4,2585.0,12.2,483,0,5,406425,3383170,489,0,14,-106.0,511,-85.0,-355.0,365.0342449688796,6,-66.53479190518829,-22,13,5,3.4489484660715077
748,3032301,406510.0,3383525.0,28,260,9,4,2585.0,12.2,483,0,5,406695,3383240,487,0,6,-98.0,511,185.0,-285.0,339.7793401606401,4,-112.98852161363459,-24,13,5,4.040324113742015
749,3032301,406510.0,3383525.0,28,260,9,4,2585.0,12.2,483,0,5,406655,3383280,486,0,5,-100.0,511,145.0,-245.0,284.6928169097352,3,-110.61860540890939,-25,13,5,5.018495288353156
750,3032301,406510.0,3383525.0,28,260,9,4,2585.0,12.2,483,0,5,406355,3383365,483,0,6,-109.5,511,-155.0,-160.0,222.76669409945464,0,-35.90938044919915,-28,13,5,7.164053917100209
751,3032301,406510.0,3383525.0,28,260,9,4,2585.0,12.2,483,0,5,406475,3383315,483,0,5,-87.33,511,-35.0,-210.0,212.8966885604377,0,-70.53767779197437,-28,13,5,7.492492028240438
752,3032301,406510.0,3383525.0,28,260,9,4,2585.0,12.2,483,0,5,406470,3383320,483,0,5,-92.67,511,-40.0,-205.0,208.86598574205422,0,-68.95905981967627,-28,13,5,7.63539246111948
753,3032301,406510.0,3383525.0,28,260,9,4,2585.0,12.2,483,0,5,406535,3383215,485,0,6,-103.5,511,25.0,-310.0,311.0064308016797,2,-84.61064931866053,-26,13,5,4.778789682058494
754,3032301,406510.0,3383525.0,28,260,9,4,2585.0,12.2,483,0,5,406495,3383255,484,0,5,-104.14,511,-15.0,-270.0,270.4163456597992,1,-76.82016988013575,-27,13,5,5.701858819938872
755,3032301,406510.0,3383525.0,28,260,9,4,2585.0,12.2,483,0,5,406480,3383250,484,0,5,-106.67,511,-30.0,-275.0,276.63152387246106,1,-73.77417093557423,-27,13,5,5.5745692435523315
756,3032301,406510.0,3383525.0,28,260,9,4,2585.0,12.2,483,0,5,406575,3383175,486,0,6,-107.57,511,65.0,-350.0,355.9845502265513,3,-90.5207843138744,-25,13,5,4.017159180801285
757,3032301,406510.0,3383525.0,28,260,9,4,2585.0,12.2,483,0,5,406570,3383180,486,0,6,-105.75,511,60.0,-345.0,350.1785258978626,3,-89.86580694308441,-25,13,5,4.083540923698865
758,3032301,406510.0,3383525.0,28,260,9,4,2585.0,12.2,483,0,5,406625,3383145,487,0,6,-109.4,511,115.0,-380.0,397.0201506221063,4,-96.83747262567636,-24,13,5,3.459339249205679
759,3032301,406510.0,3383525.0,28,260,9,4,2585.0,12.2,483,0,5,406485,3383245,485,0,5,-106.6,511,-25.0,-280.0,281.1138559374119,2,-74.89783474764181,-26,13,5,5.2842084273071
760,3032301,406510.0,3383525.0,28,260,9,4,2585.0,12.2,483,0,5,406520,3383210,486,0,5,-111.0,511,10.0,-315.0,315.15869018638847,3,-81.81830296445185,-25,13,5,4.535497162793688
761,3032301,406510.0,3383525.0,28,260,9,4,2585.0,12.2,483,0,5,406560,3383170,487,0,5,-101.33,511,50.0,-355.0,358.50383540486706,4,-88.01709307365536,-24,13,5,3.8299450558093464
762,3032301,406510.0,3383525.0,28,260,9,4,2585.0,12.2,483,0,5,406565,3383165,487,0,5,-98.5,511,55.0,-360.0,364.17715469260287,4,-88.68635458123663,-24,13,5,3.7704538690937457
763,3032301,406510.0,3383525.0,28,260,9,4,2585.0,12.2,483,0,5,406620,3383150,487,0,5,-104.25,511,110.0,-375.0,390.80046059338264,4,-96.34817154735128,-24,13,5,3.5142586228903707
764,3032301,406510.0,3383525.0,28,260,9,4,2585.0,12.2,483,0,5,406420,3383350,484,0,5,-88.0,511,-90.0,-175.0,196.78668654154427,1,-52.78388844269253,-27,13,5,7.8124536945261305
765,3032301,406510.0,3383525.0,28,260,9,4,2585.0,12.2,483,0,5,406385,3383630,485,0,5,-101.0,511,-125.0,105.0,163.24827717314508,2,50.03025927188969,-26,13,5,9.049301057652961
766,3032301,406510.0,3383525.0,28,260,9,4,2585.0,12.2,483,0,5,406380,3383625,485,0,5,-94.0,511,-130.0,100.0,164.01219466856725,2,47.56859202882748,-26,13,5,9.007844922879361
767,3032301,406510.0,3383525.0,28,260,9,4,2585.0,12.2,483,0,5,406395,3383640,485,0,5,-95.5,511,-115.0,115.0,162.63455967290594,2,55.0,-26,13,5,9.082881282669641
768,3032301,406510.0,3383525.0,28,260,9,4,2585.0,12.2,483,0,5,406390,3383635,485,0,5,-102.0,511,-120.0,110.0,162.78820596099706,2,52.51044707800082,-26,13,5,9.07445118883015
769,3032301,406510.0,3383525.0,28,260,9,4,2585.0,12.2,483,0,5,406375,3383620,485,0,5,-97.5,511,-135.0,95.0,165.07574019219177,2,45.13419305691565,-26,13,5,8.950752018812691
770,3032301,406510.0,3383525.0,28,260,9,4,2585.0,12.2,483,0,5,406110,3383435,483,0,5,-105.29,511,-400.0,-90.0,410.0,0,-2.680383491819839,-28,13,5,3.9068163841034207
771,3032301,406510.0,3383525.0,28,260,9,4,2585.0,12.2,483,0,5,406355,3383680,485,0,5,-99.77,511,-155.0,155.0,219.20310216782974,2,55.0,-26,13,5,6.764332464113602
772,3032301,406510.0,3383525.0,28,260,9,4,2585.0,12.2,483,0,5,406115,3383440,483,0,5,-113.33,511,-395.0,-85.0,404.04207701673846,0,-2.144278049566992,-28,13,5,3.9642431594594973
773,3032301,406510.0,3383525.0,28,260,9,4,2585.0,12.2,483,0,5,406155,3383400,484,0,5,-106.0,511,-355.0,-125.0,376.36418533117626,1,-9.397812448558227,-27,13,5,4.103313820906779
774,3032301,406510.0,3383525.0,28,260,9,4,2585.0,12.2,483,0,5,406445,3383275,484,0,5,-106.92,511,-65.0,-250.0,258.3118270617898,1,-65.42578380196127,-27,13,5,5.96716331320904
775,3032301,406510.0,3383525.0,28,260,9,4,2585.0,12.2,483,0,5,406440,3383280,484,0,5,-107.0,511,-70.0,-245.0,254.80384612481814,1,-64.05460409907712,-27,13,5,6.0487105628884805
776,3032301,406510.0,3383525.0,28,260,9,4,2585.0,12.2,483,0,5,406450,3383270,484,0,5,-108.94,511,-60.0,-255.0,261.9637379485947,1,-66.75948008481282,-27,13,5,5.8845657742966875
777,3032301,406510.0,3383525.0,28,260,9,4,2585.0,12.2,483,0,5,406455,3383265,484,0,5,-108.93,511,-55.0,-260.0,265.75364531836624,1,-68.05582281155367,-27,13,5,5.80122256380943
778,3032301,406510.0,3383525.0,28,260,9,4,2585.0,12.2,483,0,5,406670,3383130,487,0,6,-101.33,511,160.0,-395.0,426.1748467472007,4,-102.05106271907675,-24,13,5,3.2232024715787255
779,3032301,406510.0,3383525.0,28,260,9,4,2585.0,12.2,483,0,5,406460,3383260,484,0,5,-108.33,511,-50.0,-265.0,269.675731203236,1,-69.31508759999727,-27,13,5,5.7174143154777655
780,3032301,406510.0,3383525.0,28,260,9,4,2585.0,12.2,483,0,5,406435,3383205,488,0,5,-107.5,511,-75.0,-320.0,328.6715685908959,5,-66.80938928779315,-23,13,5,4.002956911504483
781,3032301,406510.0,3383525.0,28,260,9,4,2585.0,12.2,483,0,5,406475,3383245,485,0,5,-106.5,511,-35.0,-280.0,282.17902119044925,2,-72.8749836510982,-26,13,5,5.264373956499975
782,3032301,406510.0,3383525.0,28,260,9,4,2585.0,12.2,483,0,5,406655,3383145,487,0,6,-101.5,511,145.0,-380.0,406.7247226319049,4,-100.88580146069307,-24,13,5,3.376991744019761
783,3032301,406510.0,3383525.0,28,260,9,4,2585.0,12.2,483,0,5,406625,3383095,488,0,6,-103.33,511,115.0,-430.0,445.1123453691214,5,-94.97287576678696,-23,13,5,2.9579766982441615
784,3032301,406510.0,3383525.0,28,260,9,4,2585.0,12.2,483,0,5,406470,3383250,485,0,5,-113.71,511,-40.0,-275.0,277.89386463180506,2,-71.72410717292482,-26,13,5,5.345084602691162
785,3032301,406510.0,3383525.0,28,260,9,4,2585.0,12.2,483,0,5,406465,3383255,484,0,5,-109.13,511,-45.0,-270.0,273.72431386341987,1,-70.53767779197437,-27,13,5,5.633397563110583
786,3032301,406510.0,3383525.0,28,260,9,4,2585.0,12.2,483,0,5,406680,3383200,488,0,6,-96.33,511,170.0,-325.0,366.7764987018661,5,-107.61302782308451,-23,13,5,3.588233274117698
787,3032301,406510.0,3383525.0,28,260,9,4,2585.0,12.2,483,0,5,406275,3383780,486,0,6,-93.0,511,-235.0,255.0,346.77081768799405,3,57.33730585912383,-25,13,5,4.123532025479686
788,3032301,406510.0,3383525.0,28,260,9,4,2585.0,12.2,483,0,5,406270,3383775,486,0,6,-88.0,511,-240.0,250.0,346.5544690232691,3,56.16913932790743,-25,13,5,4.126097395468361
789,3032301,406510.0,3383525.0,28,260,9,4,2585.0,12.2,483,0,5,406340,3383685,485,0,5,-99.5,511,-170.0,160.0,233.45235059857504,2,53.2642954110716,-26,13,5,6.354943484976892
790,3032301,406510.0,3383525.0,28,260,9,4,2585.0,12.2,483,0,5,406725,3383310,487,0,5,-95.3,511,215.0,-215.0,304.05591591021545,4,-125.0,-24,13,5,4.5131617649156635
791,3032301,406510.0,3383525.0,28,260,9,4,2585.0,12.2,483,0,5,406350,3383695,485,0,5,-100.76,511,-160.0,170.0,233.45235059857504,2,56.7357045889284,-26,13,5,6.354943484976892
792,3032301,406510.0,3383525.0,28,260,9,4,2585.0,12.2,483,0,5,406730,3383315,486,0,5,-94.88,511,220.0,-210.0,304.138126514911,3,-126.33221985386967,-25,13,5,4.69911946436983
793,3032301,406510.0,3383525.0,28,260,9,4,2585.0,12.2,483,0,5,406415,3383640,486,0,5,-104.5,511,-95.0,115.0,149.164338901763,3,60.44033203100548,-25,13,5,9.514366303397871
794,3032301,406510.0,3383525.0,28,260,9,4,2585.0,12.2,483,0,5,406320,3383705,485,0,5,-100.0,511,-190.0,180.0,261.72504656604804,2,53.451842301022,-26,13,5,5.673200588079947
795,3032301,406510.0,3383525.0,28,260,9,4,2585.0,12.2,483,0,5,406325,3383710,485,0,5,-99.36,511,-185.0,185.0,261.6295090390226,2,55.0,-26,13,5,5.67525871209127
796,3032301,406510.0,3383525.0,28,260,9,4,2585.0,12.2,483,0,5,406735,3383320,486,0,5,-89.0,511,225.0,-205.0,304.38462510448846,3,-127.66300076606717,-25,13,5,4.695331016563507
797,3032301,406510.0,3383525.0,28,260,9,4,2585.0,12.2,483,0,5,406330,3383715,485,0,5,-101.29,511,-180.0,190.0,261.72504656604804,2,56.548157698977946,-26,13,5,5.673200588079947
798,3032301,406510.0,3383525.0,28,260,9,4,2585.0,12.2,483,0,5,406345,3383690,485,0,5,-101.0,511,-165.0,165.0,233.3452377915607,2,55.0,-26,13,5,6.357836722136298
799,3032301,406510.0,3383525.0,28,260,9,4,2585.0,12.2,483,0,5,406700,3383315,486,0,6,-96.67,511,190.0,-210.0,283.1960451701259,3,-122.13759477388828,-25,13,5,5.044882943691471
800,3032301,406510.0,3383525.0,28,260,9,4,2585.0,12.2,483,0,5,406545,3383160,487,0,5,-100.5,511,35.0,-365.0,366.67424234598207,4,-85.47736872882888,-24,13,5,3.744850021577601
801,3032301,406510.0,3383525.0,28,260,9,4,2585.0,12.2,483,0,5,406685,3383300,487,0,6,-93.5,511,175.0,-225.0,285.0438562747845,4,-117.8749836510982,-24,13,5,4.812813769545933
802,3032301,406510.0,3383525.0,28,260,9,4,2585.0,12.2,483,0,5,406575,3383250,484,0,6,-101.67,511,65.0,-275.0,282.57742301889584,1,-93.29857033049427,-27,13,5,5.457986892192305
803,3032301,406510.0,3383525.0,28,260,9,4,2585.0,12.2,483,0,5,406710,3383305,487,0,6,-95.0,511,200.0,-220.0,297.3213749463701,4,-122.27368900609372,-24,13,5,4.614951383964139
804,3032301,406510.0,3383525.0,28,260,9,4,2585.0,12.2,483,0,5,406715,3383310,487,0,6,-92.71,511,205.0,-215.0,297.06901555025894,4,-123.63607246839706,-24,13,5,4.618854818159279
805,3032301,406510.0,3383525.0,28,260,9,4,2585.0,12.2,483,0,5,406695,3383290,487,0,6,-91.75,511,185.0,-235.0,299.0819285747636,4,-118.21102542556122,-24,13,5,4.58790166651493
806,3032301,406510.0,3383525.0,28,260,9,4,2585.0,12.2,483,0,5,406505,3383200,486,0,5,-102.0,511,-5.0,-325.0,325.0384592629002,3,-79.11859600341788,-25,13,5,4.398186932818697
807,3032301,406510.0,3383525.0,28,260,9,4,2585.0,12.2,483,0,5,406705,3383320,486,0,6,-95.17,511,195.0,-205.0,282.93108701590216,3,-123.56790381583534,-25,13,5,5.049582940765654
808,3032301,406510.0,3383525.0,28,260,9,4,2585.0,12.2,483,0,5,406590,3383265,484,0,5,-102.0,511,80.0,-260.0,272.02941017470886,1,-97.10272896905235,-27,13,5,5.668269086103665
809,3032301,406510.0,3383525.0,28,260,9,4,2585.0,12.2,483,0,5,406560,3383255,484,0,6,-104.5,511,50.0,-270.0,274.5906043549196,1,-90.49147701233164,-27,13,5,5.615738854473789
810,3032301,406510.0,3383525.0,28,260,9,4,2585.0,12.2,483,0,5,406425,3383650,486,0,5,-88.67,511,-85.0,125.0,151.16216457830973,3,65.7842978675626,-25,13,5,9.390874760709181
811,3032301,406510.0,3383525.0,28,260,9,4,2585.0,12.2,483,0,5,406280,3383785,486,0,6,-95.0,511,-230.0,260.0,347.1310991541956,3,58.50353164478446,-25,13,5,4.1192670216606375
812,3032301,406510.0,3383525.0,28,260,9,4,2585.0,12.2,483,0,5,406760,3383305,487,0,5,-94.5,511,250.0,-220.0,333.01651610693426,4,-128.65222278030632,-24,13,5,4.122094069292674
813,3032301,406510.0,3383525.0,28,260,9,4,2585.0,12.2,483,0,5,406325,3383750,486,0,5,-103.17,511,-185.0,225.0,291.29023327259017,3,60.572197803963775,-25,13,5,4.905392661919683
814,3032301,406510.0,3383525.0,28,260,9,4,2585.0,12.2,483,0,5,406725,3383350,486,0,6,-102.63,511,215.0,-175.0,277.2183255125822,3,-130.85601358542897,-25,13,5,5.153087311958862
815,3032301,406510.0,3383525.0,28,260,9,4,2585.0,12.2,483,0,5,406720,3383345,486,0,6,-95.09,511,210.0,-180.0,276.5863337187866,3,-129.3987053549955,-25,13,5,5.164798358374825
816,3032301,406510.0,3383525.0,28,260,9,4,2585.0,12.2,483,0,5,406445,3383630,486,0,5,-99.5,511,-65.0,105.0,123.4908903522847,3,68.24051991518718,-25,13,5,11.4445185981727
817,3032301,406510.0,3383525.0,28,260,9,4,2585.0,12.2,483,0,5,406450,3383635,486,0,5,-90.67,511,-60.0,110.0,125.29964086141668,3,71.38954033403479,-25,13,5,11.283580666133709
818,3032301,406510.0,3383525.0,28,260,9,4,2585.0,12.2,483,0,5,406420,3383645,486,0,5,-93.83,511,-90.0,120.0,150.0,3,63.13010235415595,-25,13,5,9.462322208025617
819,3032301,406510.0,3383525.0,28,260,9,4,2585.0,12.2,483,0,5,406730,3383355,486,0,6,-93.5,511,220.0,-170.0,278.0287754891569,3,-132.30575953331083,-25,13,5,5.138146656109159
820,3032301,406510.0,3383525.0,28,260,9,4,2585.0,12.2,483,0,5,406735,3383360,486,0,6,-104.5,511,225.0,-165.0,279.0161285660741,3,-133.74616226255523,-25,13,5,5.120061133431081
821,3032301,406510.0,3383525.0,28,260,9,4,2585.0,12.2,483,0,5,406750,3383335,486,0,6,-100.0,511,240.0,-190.0,306.10455730027934,3,-131.63251461513846,-25,13,5,4.669065983809868
822,3032301,406510.0,3383525.0,28,260,9,4,2585.0,12.2,483,0,5,406320,3383745,486,0,5,-104.7,511,-190.0,220.0,290.68883707497264,3,59.184916125118434,-25,13,5,4.915491588248209
823,3032301,406510.0,3383525.0,28,260,9,4,2585.0,12.2,483,0,5,406715,3383380,486,0,6,-94.33,511,205.0,-145.0,251.09759058979438,3,-134.72757855140162,-25,13,5,5.685795068892014
824,3032301,406510.0,3383525.0,28,260,9,4,2585.0,12.2,483,0,5,406315,3383595,485,0,5,-91.5,511,-195.0,70.0,207.18349355100662,2,29.746836605426097,-26,13,5,7.152805633425109
825,3032301,406510.0,3383525.0,28,260,9,4,2585.0,12.2,483,0,5,406165,3383445,483,0,6,-105.0,511,-345.0,-80.0,354.1539213392956,0,-3.0552472237966413,-28,13,5,4.520496758988838
826,3032301,406510.0,3383525.0,28,260,9,4,2585.0,12.2,483,0,5,406135,3383415,484,0,5,-109.0,511,-375.0,-110.0,390.80046059338264,1,-6.3481715473512565,-27,13,5,3.952225818820117
827,3032301,406510.0,3383525.0,28,260,9,4,2585.0,12.2,483,0,5,406380,3383670,485,0,5,-98.27,511,-130.0,145.0,194.74342094150447,2,58.122130462115706,-26,13,5,7.6045324697262755
828,3032301,406510.0,3383525.0,28,260,9,4,2585.0,12.2,483,0,5,406155,3383435,483,0,5,-112.29,511,-355.0,-90.0,366.23080154459973,0,-4.225963898751786,-28,13,5,4.372015964103817
829,3032301,406510.0,3383525.0,28,260,9,4,2585.0,12.2,483,0,5,406145,3383425,484,0,5,-110.88,511,-365.0,-100.0,378.4507894033252,1,-5.32151007486479,-27,13,5,4.0807666726388785
830,3032301,406510.0,3383525.0,28,260,9,4,2585.0,12.2,483,0,5,406385,3383665,485,0,5,-97.63,511,-125.0,140.0,187.6832437912346,2,58.239700296102114,-26,13,5,7.887060009657136
831,3032301,406510.0,3383525.0,28,260,9,4,2585.0,12.2,483,0,5,406140,3383430,483,0,5,-107.57,511,-370.0,-95.0,382.00130889828114,0,-4.4000213067910465,-28,13,5,4.192179314855094
832,3032301,406510.0,3383525.0,28,260,9,4,2585.0,12.2,483,0,5,406130,3383420,484,0,5,-109.75,511,-380.0,-105.0,394.23977475642914,1,-5.44631636769256,-27,13,5,3.9178547840393376
833,3032301,406510.0,3383525.0,28,260,9,4,2585.0,12.2,483,0,5,406450,3383330,484,0,5,-88.5,511,-60.0,-195.0,204.02205763103166,1,-62.89727103094762,-27,13,5,7.538639395695888
834,3032301,406510.0,3383525.0,28,260,9,4,2585.0,12.2,483,0,5,406505,3383235,485,0,5,-99.5,511,-5.0,-290.0,290.0431002454635,2,-79.01223960036018,-26,13,5,5.122408288009621
835,3032301,406510.0,3383525.0,28,260,9,4,2585.0,12.2,483,0,5,406560,3383140,487,0,5,-111.0,511,50.0,-385.0,388.2331773560833,4,-87.39959465988704,-24,13,5,3.5374386680644756
836,3032301,406510.0,3383525.0,28,260,9,4,2585.0,12.2,483,0,5,406535,3383245,484,0,6,-105.0,511,25.0,-280.0,281.1138559374119,1,-85.10216525235819,-27,13,5,5.486229960294783
837,3032301,406510.0,3383525.0,28,260,9,4,2585.0,12.2,483,0,5,406600,3383180,486,0,5,-95.83,511,90.0,-345.0,356.5459297201414,3,-94.62087398863162,-25,13,5,4.010854846168996
838,3032301,406510.0,3383525.0,28,260,9,4,2585.0,12.2,483,0,5,406485,3383215,486,0,6,-117.0,511,-25.0,-310.0,311.0064308016797,3,-75.38935068133941,-25,13,5,4.595793067990834
839,3032301,406510.0,3383525.0,28,260,9,4,2585.0,12.2,483,0,5,406630,3383190,487,0,6,-98.0,511,120.0,-335.0,355.8440669731617,4,-99.70797884297872,-24,13,5,3.8584859551136947
840,3032301,406510.0,3383525.0,28,260,9,4,2585.0,12.2,483,0,5,406455,3383325,484,0,5,-97.5,511,-55.0,-200.0,207.4246851269154,1,-64.62374875117382,-27,13,5,7.416362322215869
841,3032301,406510.0,3383525.0,28,260,9,4,2585.0,12.2,483,0,5,406480,3383220,486,0,5,-110.0,511,-30.0,-305.0,306.4718584144391,3,-74.3824194098732,-25,13,5,4.663494886889304
842,3032301,406510.0,3383525.0,28,260,9,4,2585.0,12.2,483,0,5,406585,3383155,487,0,6,-101.33,511,75.0,-370.0,377.5248336202534,4,-91.4587523458772,-24,13,5,3.6375110333765073
843,3032301,406510.0,3383525.0,28,260,9,4,2585.0,12.2,483,0,5,406405,3383295,484,0,6,-107.0,511,-105.0,-230.0,252.83393759541065,1,-55.4622715234222,-27,13,5,6.095484530499217
844,3032301,406510.0,3383525.0,28,260,9,4,2585.0,12.2,483,0,5,406610,3383170,487,0,5,-109.0,511,100.0,-355.0,368.81567211820055,4,-95.73200478510728,-24,13,5,3.7231678847703
845,3032301,406510.0,3383525.0,28,260,9,4,2585.0,12.2,483,0,5,406415,3383285,484,0,6,-106.18,511,-95.0,-240.0,258.11818998280614,1,-58.404689551032334,-27,13,5,5.971607469966175
846,3032301,406510.0,3383525.0,28,260,9,4,2585.0,12.2,483,0,5,406410,3383290,484,0,6,-106.41,511,-100.0,-235.0,255.3918557824427,1,-56.948699083527,-27,13,5,6.034887009489083
847,3032301,406510.0,3383525.0,28,260,9,4,2585.0,12.2,483,0,5,406400,3383300,484,0,6,-109.67,511,-110.0,-225.0,250.44959572736389,1,-53.946504689509055,-27,13,5,6.15307197318068
848,3032301,406510.0,3383525.0,28,260,9,4,2585.0,12.2,483,0,5,406490,3383210,486,0,6,-114.33,511,-20.0,-315.0,315.6342820417326,3,-76.3670492605118,-25,13,5,4.528691609162193
849,3032301,406510.0,3383525.0,28,260,9,4,2585.0,12.2,483,0,5,406515,3383225,485,0,5,-96.5,511,5.0,-300.0,300.04166377354994,2,-80.95484125387225,-26,13,5,4.952573089870609
850,3032301,406510.0,3383525.0,28,260,9,4,2585.0,12.2,483,0,5,406580,3383160,487,0,6,-94.5,511,70.0,-365.0,371.6517186829626,4,-90.85641334806223,-24,13,5,3.6948356707629535
851,3032301,406510.0,3383525.0,28,260,9,4,2585.0,12.2,483,0,5,406500,3383240,485,0,5,-106.5,511,-10.0,-285.0,285.17538463198395,2,-77.99044618697886,-26,13,5,5.209366636589477
852,3032301,406510.0,3383525.0,28,260,9,4,2585.0,12.2,483,0,5,406630,3383030,488,0,5,-102.5,511,120.0,-495.0,509.33780539048934,5,-93.62699485989151,-23,13,5,2.585530246402025
853,3032301,406510.0,3383525.0,28,260,9,4,2585.0,12.2,483,0,5,405785,3383665,485,0,5,-102.5,511,-725.0,140.0,738.3935265155025,2,20.929488002180392,-26,13,5,2.0166415397352937
854,3032301,406510.0,3383525.0,28,260,9,4,2585.0,12.2,483,0,5,406260,3383780,486,0,5,-90.0,511,-250.0,255.0,357.1064267133819,3,55.56726640985795,-25,13,5,4.004580099893271
855,3032301,406510.0,3383525.0,28,260,9,4,2585.0,12.2,483,0,5,406265,3383775,486,0,5,-98.63,511,-245.0,250.0,350.03571246374275,3,55.57872556560778,-25,13,5,4.085201355457765
856,3032301,406510.0,3383525.0,28,260,9,4,2585.0,12.2,483,0,5,406735,3383305,487,0,5,-101.5,511,225.0,-220.0,314.6823795511913,4,-125.64374571417534,-24,13,5,4.361355701014934
857,3032301,406510.0,3383525.0,28,260,9,4,2585.0,12.2,483,0,5,406325,3383715,485,0,5,-99.44,511,-185.0,190.0,265.1886121235224,2,55.76389846093002,-26,13,5,5.5995782583276705
858,3032301,406510.0,3383525.0,28,260,9,4,2585.0,12.2,483,0,5,406725,3383315,486,0,5,-94.8,511,215.0,-210.0,300.54117854297436,3,-125.67403689798448,-25,13,5,4.755103264109179
859,3032301,406510.0,3383525.0,28,260,9,4,2585.0,12.2,483,0,5,406345,3383695,485,0,5,-93.14,511,-165.0,170.0,236.90715480964266,2,55.85509739626673,-26,13,5,6.263011527037875
860,3032301,406510.0,3383525.0,28,260,9,4,2585.0,12.2,483,0,5,406720,3383320,486,0,6,-99.71,511,210.0,-205.0,293.47061181658376,3,-125.69027719786504,-25,13,5,4.869123270090518
861,3032301,406510.0,3383525.0,28,260,9,4,2585.0,12.2,483,0,5,406350,3383690,485,0,5,-97.93,511,-160.0,165.0,229.83689869122406,2,55.88140399658215,-26,13,5,6.454072942532735
862,3032301,406510.0,3383525.0,28,260,9,4,2585.0,12.2,483,0,5,406330,3383710,485,0,5,-100.07,511,-180.0,185.0,258.11818998280614,2,55.784824602991876,-26,13,5,5.7519480399382905
863,3032301,406510.0,3383525.0,28,260,9,4,2585.0,12.2,483,0,5,406355,3383685,485,0,5,-98.83,511,-155.0,160.0,222.76669409945464,2,55.90938044919915,-26,13,5,6.6571026604227805
864,3032301,406510.0,3383525.0,28,260,9,4,2585.0,12.2,483,0,5,406320,3383720,486,0,5,-100.85,511,-190.0,195.0,272.2590678012396,3,55.74405920288871,-25,13,5,5.246432754619428
865,3032301,406510.0,3383525.0,28,260,9,4,2585.0,12.2,483,0,5,406765,3383355,486,0,5,-93.5,511,255.0,-170.0,306.4718584144391,3,-136.30993247402023,-25,13,5,4.663494886889304
866,3032301,406510.0,3383525.0,28,260,9,4,2585.0,12.2,483,0,5,406340,3383700,485,0,5,-97.21,511,-170.0,175.0,243.97745797511703,2,55.83031548625803,-26,13,5,6.082894450919762
867,3032301,406510.0,3383525.0,28,260,9,4,2585.0,12.2,483,0,5,406730,3383310,487,0,5,-89.57,511,220.0,-215.0,307.6117683054405,4,-125.65854317756362,-24,13,5,4.461203489240744
868,3032301,406510.0,3383525.0,28,260,9,4,2585.0,12.2,483,0,5,406335,3383705,485,0,5,-100.71,511,-175.0,180.0,251.04780421266383,2,55.80692945510236,-26,13,5,5.912810896825759
869,3032301,406510.0,3383525.0,28,260,9,4,2585.0,12.2,483,0,5,406245,3383360,486,0,5,-111.0,511,-265.0,-165.0,312.1698255757593,3,-21.908106935653166,-25,13,5,4.578738425504314
870,3032301,406510.0,3383525.0,28,260,9,4,2585.0,12.2,483,0,5,406250,3383345,486,0,5,-127.5,511,-260.0,-180.0,316.22776601683796,3,-24.695153531233984,-25,13,5,4.520227592644633
871,3032301,406510.0,3383525.0,28,260,9,4,2585.0,12.2,483,0,5,406260,3383335,485,0,5,-118.5,511,-250.0,-190.0,314.00636936215164,2,-27.234833981574667,-26,13,5,4.733342752913574
872,3032301,406510.0,3383525.0,28,260,9,4,2585.0,12.2,483,0,5,406265,3383340,485,0,5,-106.67,511,-245.0,-185.0,307.001628660175,2,-27.05652818940959,-26,13,5,4.840834116681461
873,3032301,406510.0,3383525.0,28,260,9,4,2585.0,12.2,483,0,5,406390,3383205,487,0,14,-106.5,511,-120.0,-320.0,341.76014981270123,4,-59.44395478041653,-24,13,5,4.016983658795792
874,3032301,406510.0,3383525.0,28,260,9,4,2585.0,12.2,483,0,5,406240,3383355,486,0,5,-117.0,511,-270.0,-170.0,319.06112267087633,3,-22.195733934713246,-25,13,5,4.4802507961928635
875,3032301,406510.0,3383525.0,28,260,9,4,2585.0,12.2,483,0,5,406030,3383525,485,0,6,-106.5,511,-480.0,0.0,480.0,2,10.0,-26,13,5,3.10049144980778
876,3032301,406510.0,3383525.0,28,260,9,4,2585.0,12.2,483,0,5,406280,3383355,485,0,5,-118.33,511,-230.0,-170.0,286.0069929215018,2,-26.469234390051867,-26,13,5,5.19430259778131
877,3032301,406510.0,3383525.0,28,260,9,4,2585.0,12.2,483,0,5,406370,3383265,485,0,6,-105.5,511,-140.0,-260.0,295.296461204668,2,-51.699244233993625,-26,13,5,5.03175203248423
878,3032301,406510.0,3383525.0,28,260,9,4,2585.0,12.2,483,0,5,406295,3383350,484,0,6,-110.0,511,-215.0,-175.0,277.2183255125822,1,-29.14398641457106,-27,13,5,5.562843371733207
879,3032301,406510.0,3383525.0,28,260,9,4,2585.0,12.2,483,0,5,406315,3383330,484,0,6,-107.73,511,-195.0,-195.0,275.77164466275354,1,-35.0,-27,13,5,5.591841224030371
880,3032301,406510.0,3383525.0,28,260,9,4,2585.0,12.2,483,0,5,406300,3383335,484,0,6,-108.0,511,-210.0,-190.0,283.1960451701259,1,-32.13759477388825,-27,13,5,5.446136060156771
881,3032301,406510.0,3383525.0,28,260,9,4,2585.0,12.2,483,0,5,406290,3383345,485,0,5,-108.2,511,-220.0,-180.0,284.2534080710379,2,-29.289406862500357,-26,13,5,5.226169815163522
882,3032301,406510.0,3383525.0,28,260,9,4,2585.0,12.2,483,0,5,406305,3383340,484,0,6,-109.86,511,-205.0,-185.0,276.1340254296815,1,-32.06432655357884,-27,13,5,5.584549265682211
883,3032301,406510.0,3383525.0,28,260,9,4,2585.0,12.2,483,0,5,406285,3383360,485,0,6,-114.18,511,-225.0,-165.0,279.0161285660741,2,-26.253837737444798,-26,13,5,5.3237092769025995
884,3032301,406510.0,3383525.0,28,260,9,4,2585.0,12.2,483,0,5,406385,3383260,485,0,5,-106.5,511,-125.0,-265.0,293.00170647967224,2,-54.746836605426125,-26,13,5,5.070955441469055
885,3032301,406510.0,3383525.0,28,260,9,4,2585.0,12.2,483,0,5,406375,3383270,485,0,5,-106.5,511,-135.0,-255.0,288.5307609250702,2,-52.10272896905238,-26,13,5,5.149113528345509
886,3032301,406510.0,3383525.0,28,260,9,4,2585.0,12.2,483,0,5,406605,3383165,487,0,5,-107.0,511,95.0,-360.0,372.3237838226293,4,-94.78272604261565,-24,13,5,3.6881847117678257
887,3032301,406510.0,3383525.0,28,260,9,4,2585.0,12.2,483,0,5,406490,3383220,486,0,5,-112.0,511,-20.0,-305.0,305.6550343115585,3,-76.24827092947405,-25,13,5,4.675902293711388
888,3032301,406510.0,3383525.0,28,260,9,4,2585.0,12.2,483,0,5,406610,3383180,486,0,5,-98.17,511,100.0,-345.0,359.2005011132362,3,-96.1644991522569,-25,13,5,3.9813094134292237
889,3032301,406510.0,3383525.0,28,260,9,4,2585.0,12.2,483,0,5,406405,3383285,484,0,5,-107.43,511,-105.0,-240.0,261.9637379485947,1,-56.37062226934319,-27,13,5,5.8845657742966875
890,3032301,406510.0,3383525.0,28,260,9,4,2585.0,12.2,483,0,5,406495,3383215,486,0,6,-113.25,511,-15.0,-310.0,310.3626910567699,3,-77.2297842027998,-25,13,5,4.605284485596548
891,3032301,406510.0,3383525.0,28,260,9,4,2585.0,12.2,483,0,5,406525,3383245,484,0,6,-106.33,511,15.0,-280.0,280.40149785619906,1,-83.06648550112595,-27,13,5,5.500082331077502
892,3032301,406510.0,3383525.0,28,260,9,4,2585.0,12.2,483,0,5,406520,3383250,484,0,6,-106.22,511,10.0,-275.0,275.1817581163403,1,-82.08256527973083,-27,13,5,5.6037518218209925
893,3032301,406510.0,3383525.0,28,260,9,4,2585.0,12.2,483,0,5,406400,3383290,484,0,5,-109.27,511,-110.0,-235.0,259.47061490658245,1,-54.91640599380909,-27,13,5,5.940705151866488
894,3032301,406510.0,3383525.0,28,260,9,4,2585.0,12.2,483,0,5,406590,3383160,487,0,5,-109.0,511,80.0,-365.0,373.6642878306676,4,-92.36249241571431,-24,13,5,3.6749898373386705
895,3032301,406510.0,3383525.0,28,260,9,4,2585.0,12.2,483,0,5,406505,3383225,485,0,5,-98.5,511,-5.0,-300.0,300.04166377354994,2,-79.04515874612781,-26,13,5,4.952573089870609
896,3032301,406510.0,3383525.0,28,260,9,4,2585.0,12.2,483,0,5,406600,3383170,486,0,5,-105.67,511,90.0,-355.0,366.23080154459973,3,-94.22596389875184,-25,13,5,3.9051215129104437
897,3032301,406510.0,3383525.0,28,260,9,4,2585.0,12.2,483,0,5,406625,3383185,487,0,5,-98.0,511,115.0,-340.0,358.92199709686224,4,-98.68735150521115,-24,13,5,3.825496239240565
898,3032301,406510.0,3383525.0,28,260,9,4,2585.0,12.2,483,0,5,406415,3383295,484,0,5,-108.0,511,-95.0,-230.0,248.84734276258607,1,-57.55724663470565,-27,13,5,6.192382929677246
899,3032301,406510.0,3383525.0,28,260,9,4,2585.0,12.2,483,0,5,406670,3383320,486,0,5,-96.5,511,160.0,-205.0,260.0480724789169,3,-117.97160376105035,-25,13,5,5.491315452822978
900,3032301,406510.0,3383525.0,28,260,9,4,2585.0,12.2,483,0,5,406640,3383290,485,0,5,-92.5,511,130.0,-235.0,268.5609800399157,2,-108.9509952074668,-26,13,5,5.529701921151418
901,3032301,406510.0,3383525.0,28,260,9,4,2585.0,12.2,483,0,5,406625,3383265,485,0,5,-95.0,511,115.0,-260.0,284.29737951659,2,-103.86017519134236,-26,13,5,5.225365973698128
902,3032301,406510.0,3383525.0,28,260,9,4,2585.0,12.2,483,0,5,406705,3383345,486,0,6,-97.78,511,195.0,-180.0,265.37709019431196,3,-127.29061004263849,-25,13,5,5.381698758509837
903,3032301,406510.0,3383525.0,28,260,9,4,2585.0,12.2,483,0,5,406715,3383355,486,0,6,-97.5,511,205.0,-170.0,266.3174797117155,3,-130.33215888165955,-25,13,5,5.362806513547218
904,3032301,406510.0,3383525.0,28,260,9,4,2585.0,12.2,483,0,5,406735,3383375,486,0,6,-97.5,511,225.0,-150.0,270.4163456597992,3,-136.30993247402023,-25,13,5,5.281982452343407
905,3032301,406510.0,3383525.0,28,260,9,4,2585.0,12.2,483,0,5,406530,3383180,487,0,5,-108.0,511,20.0,-345.0,345.5792239125495,4,-83.31778116833482,-24,13,5,3.972734000948458
906,3032301,406510.0,3383525.0,28,260,9,4,2585.0,12.2,483,0,5,406755,3383395,486,0,6,-93.5,511,245.0,-130.0,277.35356496717327,3,-142.0490309721098,-25,13,5,5.150588150249143
907,3032301,406510.0,3383525.0,28,260,9,4,2585.0,12.2,483,0,5,406665,3383305,486,0,5,-93.83,511,155.0,-220.0,269.1189328159578,3,-115.16643603579291,-25,13,5,5.307301637556291
908,3032301,406510.0,3383525.0,28,260,9,4,2585.0,12.2,483,0,5,406635,3383275,485,0,5,-94.83,511,125.0,-250.0,279.5084971874737,2,-106.56505117707798,-26,13,5,5.3143850303715965
909,3032301,406510.0,3383525.0,28,260,9,4,2585.0,12.2,483,0,5,406655,3383295,486,0,5,-94.3,511,145.0,-230.0,271.89152248645047,3,-112.2287574350986,-25,13,5,5.253485271118187
910,3032301,406510.0,3383525.0,28,260,9,4,2585.0,12.2,483,0,5,406515,3383155,487,0,5,-99.0,511,5.0,-370.0,370.0337822415678,4,-80.77422016492801,-24,13,5,3.7109459330936296
911,3032301,406510.0,3383525.0,28,260,9,4,2585.0,12.2,483,0,5,406675,3383315,486,0,5,-90.95,511,165.0,-210.0,267.0674072214728,3,-118.15722658736905,-25,13,5,5.347835137704932
912,3032301,406510.0,3383525.0,28,260,9,4,2585.0,12.2,483,0,5,406695,3383335,486,0,6,-95.76,511,185.0,-190.0,265.1886121235224,3,-124.23610153906998,-25,13,5,5.385501223535447
913,3032301,406510.0,3383525.0,28,260,9,4,2585.0,12.2,483,0,5,406645,3383285,485,0,5,-95.71,511,135.0,-240.0,275.3633962602873,2,-109.35775354279127,-26,13,5,5.393915181697736
914,3032301,406510.0,3383525.0,28,260,9,4,2585.0,12.2,483,0,5,406540,3383190,486,0,6,-108.6,511,30.0,-335.0,336.34060117684277,3,-85.11731484997267,-25,13,5,4.250944625001747
915,3032301,406510.0,3383525.0,28,260,9,4,2585.0,12.2,483,0,5,406555,3383195,486,0,5,-104.5,511,45.0,-330.0,333.0540496676178,3,-87.76516601842536,-25,13,5,4.292736574732025
916,3032301,406510.0,3383525.0,28,260,9,4,2585.0,12.2,483,0,5,406700,3383350,486,0,6,-95.82,511,190.0,-175.0,258.3118270617898,3,-127.35329686610828,-25,13,5,5.5279975076183305
917,3032301,406510.0,3383525.0,28,260,9,4,2585.0,12.2,483,0,5,406545,3383185,487,0,5,-107.56,511,35.0,-340.0,341.796723214252,4,-85.87739260664307,-24,13,5,4.0165552349083
918,3032301,406510.0,3383525.0,28,260,9,4,2585.0,12.2,483,0,5,406720,3383370,486,0,6,-90.5,511,210.0,-155.0,261.00766272276377,3,-133.56914187983762,-25,13,5,5.47124945343343
919,3032301,406510.0,3383525.0,28,260,9,4,2585.0,12.2,483,0,5,406630,3383280,485,0,5,-90.0,511,120.0,-245.0,272.8094573140748,2,-106.09542415738838,-26,13,5,5.444108988051647
920,3032301,406510.0,3383525.0,28,260,9,4,2585.0,12.2,483,0,5,406725,3383365,486,0,6,-97.5,511,215.0,-160.0,268.00186566514793,3,-133.3438915840331,-25,13,5,5.329296063308979
921,3032301,406510.0,3383525.0,28,260,9,4,2585.0,12.2,483,0,5,406685,3383325,486,0,6,-94.6,511,175.0,-200.0,265.75364531836624,3,-121.18592516570965,-25,13,5,5.374117929017665
922,3032301,406510.0,3383525.0,28,260,9,4,2585.0,12.2,483,0,5,406730,3383380,486,0,6,-90.5,511,220.0,-145.0,263.48624252510797,3,-136.6114864238885,-25,13,5,5.42009008386343
923,3032301,406510.0,3383525.0,28,260,9,4,2585.0,12.2,483,0,5,406650,3383300,485,0,5,-92.0,511,140.0,-225.0,265.0,2,-111.8907918018457,-26,13,5,5.603538367624309
924,3032301,406510.0,3383525.0,28,260,9,4,2585.0,12.2,483,0,5,406510,3383160,487,0,5,-101.0,511,0.0,-365.0,365.0,4,-80.0,-24,13,5,3.7619783042636334
925,3032301,406510.0,3383525.0,28,260,9,4,2585.0,12.2,483,0,5,406620,3383270,485,0,5,-94.55,511,110.0,-255.0,277.71388153997634,2,-103.33404127670974,-26,13,5,5.348528606180423
926,3032301,406510.0,3383525.0,28,260,9,4,2585.0,12.2,483,0,5,406710,3383360,486,0,6,-92.57,511,200.0,-165.0,259.2778432492835,3,-130.47736872882888,-25,13,5,5.50752819172926
927,3032301,406510.0,3383525.0,28,260,9,4,2585.0,12.2,483,0,5,406610,3383260,485,0,5,-97.33,511,100.0,-265.0,283.24018076537095,2,-100.67442476087388,-26,13,5,5.24476117164997
928,3032301,406510.0,3383525.0,28,260,9,4,2585.0,12.2,483,0,5,406670,3383315,486,0,5,-93.33,511,160.0,-210.0,264.0075756488817,3,-117.30394827798341,-25,13,5,5.409450637664746
929,3032301,406510.0,3383525.0,28,260,9,4,2585.0,12.2,483,0,5,406535,3383180,487,0,6,-103.0,511,25.0,-345.0,345.90461112855957,4,-84.14462374110428,-24,13,5,3.9690088598360105
930,3032301,406510.0,3383525.0,28,260,9,4,2585.0,12.2,483,0,5,406720,3383365,486,0,6,-95.0,511,210.0,-160.0,264.0075756488817,3,-132.6960517220166,-25,13,5,5.409450637664746
931,3032301,406510.0,3383525.0,28,260,9,4,2585.0,12.2,483,0,5,406675,3383320,486,0,5,-98.5,511,165.0,-205.0,263.1539473388153,3,-118.8298249049704,-25,13,5,5.426893416599572
932,3032301,406510.0,3383525.0,28,260,9,4,2585.0,12.2,483,0,5,406685,3383330,486,0,6,-91.83,511,175.0,-195.0,262.01145013147806,3,-121.90594194108292,-25,13,5,5.450415112059782
933,3032301,406510.0,3383525.0,28,260,9,4,2585.0,12.2,483,0,5,406660,3383305,486,0,5,-96.0,511,150.0,-220.0,266.27053911388697,3,-114.28687697720898,-25,13,5,5.363746404577997
934,3032301,406510.0,3383525.0,28,260,9,4,2585.0,12.2,483,0,5,406665,3383310,486,0,5,-96.0,511,155.0,-215.0,265.04716561397146,3,-115.78897345918335,-25,13,5,5.388358367607603
935,3032301,406510.0,3383525.0,28,260,9,4,2585.0,12.2,483,0,5,406555,3383200,486,0,6,-104.0,511,45.0,-325.0,328.10059433045836,3,-87.88313931672974,-25,13,5,4.357297850097904
936,3032301,406510.0,3383525.0,28,260,9,4,2585.0,12.2,483,0,5,406700,3383345,486,0,6,-96.22,511,190.0,-180.0,261.72504656604804,3,-126.54815769897795,-25,13,5,5.456343480991793
937,3032301,406510.0,3383525.0,28,260,9,4,2585.0,12.2,483,0,5,406695,3383340,486,0,6,-94.5,511,185.0,-185.0,261.6295090390226,3,-125.0,-25,13,5,5.458323906984202
938,3032301,406510.0,3383525.0,28,260,9,4,2585.0,12.2,483,0,5,406635,3383280,485,0,5,-95.67,511,125.0,-245.0,275.04545078950133,2,-107.03086025984294,-26,13,5,5.400113570527229
939,3032301,406510.0,3383525.0,28,260,9,4,2585.0,12.2,483,0,5,406625,3383270,485,0,5,-95.41,511,115.0,-255.0,279.7320146139873,2,-104.27444113443948,-26,13,5,5.31016290176046
940,3032301,406510.0,3383525.0,28,260,9,4,2585.0,12.2,483,0,5,406730,3383375,486,0,6,-97.67,511,220.0,-150.0,266.27053911388697,3,-135.71312302279102,-25,13,5,5.363746404577997
941,3032301,406510.0,3383525.0,28,260,9,4,2585.0,12.2,483,0,5,406705,3383350,486,0,6,-95.25,511,195.0,-175.0,262.01145013147806,3,-128.09405805891708,-25,13,5,5.450415112059782
942,3032301,406510.0,3383525.0,28,260,9,4,2585.0,12.2,483,0,5,406710,3383355,486,0,6,-94.67,511,200.0,-170.0,262.48809496813374,3,-129.63546342690267,-25,13,5,5.440577294372524
943,3032301,406510.0,3383525.0,28,260,9,4,2585.0,12.2,483,0,5,406620,3383265,485,0,5,-97.33,511,110.0,-260.0,282.3118842698621,2,-102.93210043758972,-26,13,5,5.261910320037843
944,3032301,406510.0,3383525.0,28,260,9,4,2585.0,12.2,483,0,5,406680,3383325,486,0,5,-91.67,511,170.0,-200.0,262.48809496813374,3,-120.36453657309733,-25,13,5,5.440577294372524
945,3032301,406510.0,3383525.0,28,260,9,4,2585.0,12.2,483,0,5,406550,3383195,486,0,5,-108.0,511,40.0,-330.0,332.41540277189324,3,-86.91122711902472,-25,13,5,4.300952997432809
946,3032301,406510.0,3383525.0,28,260,9,4,2585.0,12.2,483,0,5,406715,3383360,486,0,6,-95.0,511,205.0,-165.0,263.1539473388153,3,-131.1701750950296,-25,13,5,5.426893416599572
947,3032301,406510.0,3383525.0,28,260,9,4,2585.0,12.2,483,0,5,406735,3383380,486,0,6,-92.5,511,225.0,-145.0,267.67517628648346,3,-137.20046872738078,-25,13,5,5.335762788592479
948,3032301,406510.0,3383525.0,28,260,9,4,2585.0,12.2,483,0,5,406650,3383295,485,0,5,-93.33,511,140.0,-230.0,269.2582403567252,2,-111.3286928678042,-26,13,5,5.515470838915584
949,3032301,406510.0,3383525.0,28,260,9,4,2585.0,12.2,483,0,5,406510,3383155,487,0,5,-102.67,511,0.0,-370.0,370.0,4,-80.0,-24,13,5,3.711283808020886
950,3032301,406510.0,3383525.0,28,260,9,4,2585.0,12.2,483,0,5,406545,3383190,486,0,5,-107.25,511,35.0,-335.0,336.82339586198583,3,-85.9644871012531,-25,13,5,4.244873709600013
951,3032301,406510.0,3383525.0,28,260,9,4,2585.0,12.2,483,0,5,406540,3383185,487,0,5,-123.0,511,30.0,-340.0,341.32096331752024,4,-85.04245106917097,-24,13,5,4.022135461957692
952,3032301,406510.0,3383525.0,28,260,9,4,2585.0,12.2,483,0,5,406485,3383130,488,0,14,-112.5,511,-25.0,-395.0,395.790348543266,5,-76.37851529588266,-23,13,5,3.3258075770483795
953,3032301,406510.0,3383525.0,28,260,9,4,2585.0,12.2,483,0,5,406690,3383335,486,0,6,-98.13,511,180.0,-190.0,261.72504656604804,3,-123.451842301022,-25,13,5,5.456343480991793
954,3032301,406510.0,3383525.0,28,260,9,4,2585.0,12.2,483,0,5,406505,3383150,487,0,6,-101.0,511,-5.0,-375.0,375.0333318519835,4,-79.23610153907003,-24,13,5,3.661610998997105
955,3032301,406510.0,3383525.0,28,260,9,4,2585.0,12.2,483,0,5,406645,3383290,485,0,5,-92.0,511,135.0,-235.0,271.01660465735307,2,-109.87599269168942,-26,13,5,5.479904820382892
956,3032301,406510.0,3383525.0,28,260,9,4,2585.0,12.2,483,0,5,406515,3383160,487,0,5,-101.0,511,5.0,-365.0,365.0342449688796,4,-80.78482460299188,-24,13,5,3.761626394981847
957,3032301,406510.0,3383525.0,28,260,9,4,2585.0,12.2,483,0,5,406725,3383370,486,0,6,-94.33,511,215.0,-155.0,265.04716561397146,3,-134.21102654081665,-25,13,5,5.388358367607603
958,3032301,406510.0,3383525.0,28,260,9,4,2585.0,12.2,483,0,5,406640,3383285,485,0,5,-93.42,511,130.0,-240.0,272.9468812791236,2,-108.44292862436339,-26,13,5,5.441384430483884
959,3032301,406510.0,3383525.0,28,260,9,4,2585.0,12.2,483,0,5,406655,3383300,486,0,5,-93.5,511,145.0,-225.0,267.67517628648346,3,-112.79953127261922,-25,13,5,5.335762788592479
960,3032301,406510.0,3383525.0,28,260,9,4,2585.0,12.2,483,0,5,406630,3383275,485,0,5,-96.11,511,120.0,-250.0,277.308492477241,2,-105.64100582430524,-26,13,5,5.356302018928516
961,3032301,406510.0,3383525.0,28,260,9,4,2585.0,12.2,483,0,5,406615,3383260,485,0,5,-99.5,511,105.0,-265.0,285.0438562747845,2,-101.61477894278619,-26,13,5,5.21175717059746
962,3032301,406510.0,3383525.0,28,260,9,4,2585.0,12.2,483,0,5,406500,3383145,488,0,5,-102.0,511,-10.0,-380.0,380.13155617496426,5,-78.49256424122504,-23,13,5,3.462481121958394
963,3032301,406510.0,3383525.0,28,260,9,4,2585.0,12.2,483,0,5,406485,3383140,488,0,5,-120.0,511,-25.0,-385.0,385.8108344772085,5,-76.28471089457122,-23,13,5,3.4116334028633464
964,3032301,406510.0,3383525.0,28,260,9,4,2585.0,12.2,483,0,5,406660,3383315,486,0,5,-97.0,511,150.0,-210.0,258.0697580112788,3,-115.53767779197437,-25,13,5,5.533150597325475
965,3032301,406510.0,3383525.0,28,260,9,4,2585.0,12.2,483,0,5,406620,3383275,485,0,5,-94.0,511,110.0,-250.0,273.1300056749533,2,-103.74949449286669,-26,13,5,5.437758042125864
966,3032301,406510.0,3383525.0,28,260,9,4,2585.0,12.2,483,0,5,406690,3383325,486,0,6,-94.21,511,180.0,-200.0,269.0724809414742,3,-121.9872124958166,-25,13,5,5.308212640944095
967,3032301,406510.0,3383525.0,28,260,9,4,2585.0,12.2,483,0,5,406810,3383445,486,0,5,-98.5,511,300.0,-80.0,310.4834939252005,3,-155.06858282186244,-25,13,5,4.603500365211799
968,3032301,406510.0,3383525.0,28,260,9,4,2585.0,12.2,483,0,5,406655,3383290,486,0,5,-93.47,511,145.0,-235.0,276.1340254296815,3,-111.6754687381092,-25,13,5,5.1732124461169535
969,3032301,406510.0,3383525.0,28,260,9,4,2585.0,12.2,483,0,5,406650,3383285,486,0,5,-94.2,511,140.0,-240.0,277.8488797889961,3,-110.25643716352931,-25,13,5,5.141455569913974
970,3032301,406510.0,3383525.0,28,260,9,4,2585.0,12.2,483,0,5,406605,3383260,484,0,5,-99.43,511,95.0,-265.0,281.51376520518494,1,-99.72227776444709,-27,13,5,5.478483850563035
971,3032301,406510.0,3383525.0,28,260,9,4,2585.0,12.2,483,0,5,406665,3383320,486,0,5,-92.0,511,155.0,-205.0,257.00194551792794,3,-117.09283729704157,-25,13,5,5.555996626798778
972,3032301,406510.0,3383525.0,28,260,9,4,2585.0,12.2,483,0,5,406675,3383310,486,0,5,-94.39,511,165.0,-215.0,271.01660465735307,3,-117.50414236027012,-25,13,5,5.27034964648156
973,3032301,406510.0,3383525.0,28,260,9,4,2585.0,12.2,483,0,5,406670,3383305,486,0,5,-93.33,511,160.0,-220.0,272.02941017470886,3,-116.0273733851036,-25,13,5,5.250837245783736
974,3032301,406510.0,3383525.0,28,260,9,4,2585.0,12.2,483,0,5,406705,3383360,486,0,6,-95.57,511,195.0,-165.0,255.44079548889601,3,-129.76364169072622,-25,13,5,5.589738211937469
975,3032301,406510.0,3383525.0,28,260,9,4,2585.0,12.2,483,0,5,406755,3383390,486,0,6,-95.25,511,245.0,-135.0,279.7320146139873,3,-141.14433878028348,-25,13,5,5.107027329158814
976,3032301,406510.0,3383525.0,28,260,9,4,2585.0,12.2,483,0,5,406695,3383330,486,0,6,-97.44,511,185.0,-195.0,268.79360111431225,3,-123.49256424122507,-25,13,5,5.313688530442622
977,3032301,406510.0,3383525.0,28,260,9,4,2585.0,12.2,483,0,5,406730,3383365,486,0,6,-92.5,511,220.0,-160.0,272.02941017470886,3,-133.9726266148964,-25,13,5,5.250837245783736
978,3032301,406510.0,3383525.0,28,260,9,4,2585.0,12.2,483,0,5,406710,3383345,486,0,6,-101.0,511,200.0,-180.0,269.0724809414742,3,-128.01278750418334,-25,13,5,5.308212640944095
979,3032301,406510.0,3383525.0,28,260,9,4,2585.0,12.2,483,0,5,406540,3383195,486,0,6,-106.33,511,30.0,-330.0,331.3608305156178,3,-85.19442890773485,-25,13,5,4.3145893868803515
980,3032301,406510.0,3383525.0,28,260,9,4,2585.0,12.2,483,0,5,406505,3383160,487,0,5,-105.0,511,-5.0,-365.0,365.0342449688796,4,-79.2151753970081,-24,13,5,3.761626394981847
981,3032301,406510.0,3383525.0,28,260,9,4,2585.0,12.2,483,0,5,406515,3383150,487,0,5,-106.0,511,5.0,-375.0,375.0333318519835,4,-80.76389846093002,-24,13,5,3.661610998997105
982,3032301,406510.0,3383525.0,28,260,9,4,2585.0,12.2,483,0,5,406740,3383395,486,0,6,-92.0,511,230.0,-130.0,264.1968962724581,3,-140.52411099675425,-25,13,5,5.405597253845337
983,3032301,406510.0,3383525.0,28,260,9,4,2585.0,12.2,483,0,5,406735,3383370,486,0,6,-106.33,511,225.0,-155.0,273.22152184628504,3,-135.43747535111817,-25,13,5,5.228054186596434
984,3032301,406510.0,3383525.0,28,260,9,4,2585.0,12.2,483,0,5,406550,3383185,486,0,5,-105.29,511,40.0,-340.0,342.3448553724738,3,-86.70983680775691,-25,13,5,4.17665513000808
985,3032301,406510.0,3383525.0,28,260,9,4,2585.0,12.2,483,0,5,406715,3383350,486,0,6,-93.33,511,205.0,-175.0,269.5366394388711,3,-129.51398845800128,-25,13,5,5.29912365876157
986,3032301,406510.0,3383525.0,28,260,9,4,2585.0,12.2,483,0,5,406600,3383255,484,0,5,-93.43,511,90.0,-270.0,284.60498941515414,1,-98.43494882292202,-27,13,5,5.419335736411587
987,3032301,406510.0,3383525.0,28,260,9,4,2585.0,12.2,483,0,5,406635,3383270,485,0,5,-98.0,511,125.0,-255.0,283.98943642325855,2,-106.11391263029077,-26,13,5,5.231000666896647
988,3032301,406510.0,3383525.0,28,260,9,4,2585.0,12.2,483,0,5,406500,3383155,487,0,6,-100.2,511,-10.0,-370.0,370.1351104664349,4,-78.45184230102205,-24,13,5,3.709932861725854
989,3032301,406510.0,3383525.0,28,260,9,4,2585.0,12.2,483,0,5,406700,3383355,486,0,6,-98.33,511,190.0,-170.0,254.95097567963924,3,-128.17983011986428,-25,13,5,5.600409184816616
990,3032301,406510.0,3383525.0,28,260,9,4,2585.0,12.2,483,0,5,406075,3383465,483,0,5,-107.5,511,-435.0,-60.0,439.11843504913344,0,2.1466866980217674,-28,13,5,3.64847550001723
991,3032301,406510.0,3383525.0,28,260,9,4,2585.0,12.2,483,0,5,406060,3383480,484,0,5,-109.5,511,-450.0,-45.0,452.2444029504401,1,4.289406862500357,-27,13,5,3.4166303758495835
992,3032301,406510.0,3383525.0,28,260,9,4,2585.0,12.2,483,0,5,406065,3383475,483,0,5,-110.25,511,-445.0,-50.0,447.8001786511479,0,3.589159979767544,-28,13,5,3.5779260938541375
993,3032301,406510.0,3383525.0,28,260,9,4,2585.0,12.2,483,0,5,406070,3383470,483,0,5,-108.91,511,-440.0,-55.0,443.42417615642023,0,2.874983651098205,-28,13,5,3.613142349831649
994,3032301,406510.0,3383525.0,28,260,9,4,2585.0,12.2,483,0,5,406525,3383105,488,0,5,-120.5,511,15.0,-420.0,420.267771783657,5,-82.04540848888723,-23,13,5,3.132502060740158
995,3032301,406510.0,3383525.0,28,260,9,4,2585.0,12.2,483,0,5,406465,3383165,488,0,14,-112.0,511,-45.0,-360.0,362.80159867343474,5,-72.8749836510982,-23,13,5,3.6274420090894806
996,3032301,406510.0,3383525.0,28,260,9,4,2585.0,12.2,483,0,5,406700,3383250,487,0,5,-91.0,511,190.0,-275.0,334.2528982671654,4,-114.6409475119163,-24,13,5,4.106898950173221
997,3032301,406510.0,3383525.0,28,260,9,4,2585.0,12.2,483,0,5,406675,3383215,487,0,6,-96.43,511,165.0,-310.0,351.17659375305755,4,-108.02450053207025,-24,13,5,3.9096109288635295
998,3032301,406510.0,3383525.0,28,260,9,4,2585.0,12.2,483,0,5,406695,3383275,487,0,6,-93.97,511,185.0,-250.0,311.0064308016797,4,-116.50144112050634,-24,13,5,4.412702441403977
999,3032301,406510.0,3383525.0,28,260,9,4,2585.0,12.2,483,0,5,406690,3383280,487,0,6,-95.5,511,180.0,-245.0,304.0148022712052,4,-116.30449712257519,-24,13,5,4.513769583269006
1000,3032301,406510.0,3383525.0,28,260,9,4,2585.0,12.2,483,0,5,406665,3383205,487,0,6,-94.6,511,155.0,-320.0,355.5629339512205,4,-105.8443875545604,-24,13,5,3.8615275187140505
1001,3032301,406510.0,3383525.0,28,260,9,4,2585.0,12.2,483,0,5,406670,3383220,487,0,6,-97.33,511,160.0,-305.0,344.41980198589044,4,-107.68106156848523,-24,13,5,3.986064395549887
1002,3032301,406510.0,3383525.0,28,260,9,4,2585.0,12.2,483,0,5,406685,3383265,487,0,6,-95.0,511,175.0,-260.0,313.40867888429636,4,-113.94358701975182,-24,13,5,4.379011555371761
1003,3032301,406510.0,3383525.0,28,260,9,4,2585.0,12.2,483,0,5,406705,3383245,487,0,5,-89.0,511,195.0,-280.0,341.2110783664563,4,-114.85445556610364,-24,13,5,4.023426512868632
1004,3032301,406510.0,3383525.0,28,260,9,4,2585.0,12.2,483,0,5,405980,3383410,484,0,5,-101.0,511,-530.0,-115.0,542.3329235810786,1,-2.242331198874467,-27,13,5,2.850112521368421
1005,3032301,406510.0,3383525.0,28,260,9,4,2585.0,12.2,483,0,5,406075,3383495,483,0,5,-105.5,511,-435.0,-30.0,436.033255612459,0,6.054813770962426,-28,13,5,3.6742200398868032
1006,3032301,406510.0,3383525.0,28,260,9,4,2585.0,12.2,483,0,5,406045,3383505,484,0,5,-114.0,511,-465.0,-20.0,465.4299087940095,1,7.5371833240831165,-27,13,5,3.320057811298906
1007,3032301,406510.0,3383525.0,28,260,9,4,2585.0,12.2,483,0,5,406030,3383460,484,0,5,-100.0,511,-480.0,-65.0,484.38104834933415,1,2.2881075873411305,-27,13,5,3.1904361789300313
1008,3032301,406510.0,3383525.0,28,260,9,4,2585.0,12.2,483,0,5,406070,3383500,483,0,5,-107.0,511,-440.0,-25.0,440.70965498840616,0,6.748054399636089,-28,13,5,3.6353377564343505
1009,3032301,406510.0,3383525.0,28,260,9,4,2585.0,12.2,483,0,5,406275,3383740,486,0,5,-105.0,511,-235.0,215.0,318.5121661726597,3,52.455195620186885,-25,13,5,4.487941000751441
1010,3032301,406510.0,3383525.0,28,260,9,4,2585.0,12.2,483,0,5,406265,3383730,486,0,5,-100.0,511,-245.0,205.0,319.4526568992658,3,49.92039213998544,-25,13,5,4.474781933315992
1011,3032301,406510.0,3383525.0,28,260,9,4,2585.0,12.2,483,0,5,406240,3383370,486,0,5,-117.5,511,-270.0,-155.0,311.3278015211619,3,-19.859016164923105,-25,13,5,4.5910693133471705
1012,3032301,406510.0,3383525.0,28,260,9,4,2585.0,12.2,483,0,5,406110,3383560,483,0,5,-100.5,511,-400.0,35.0,401.52833025827704,0,15.000644597558448,-28,13,5,3.988981222531238
1013,3032301,406510.0,3383525.0,28,260,9,4,2585.0,12.2,483,0,5,406120,3383570,483,0,5,-100.5,511,-390.0,45.0,392.587569849072,0,16.581944655178006,-28,13,5,4.079522664251014
1014,3032301,406510.0,3383525.0,28,260,9,4,2585.0,12.2,483,0,5,406185,3383625,485,0,5,-98.6,511,-325.0,100.0,340.03676271838606,2,27.10272896905235,-26,13,5,4.372460335523231
1015,3032301,406510.0,3383525.0,28,260,9,4,2585.0,12.2,483,0,5,406475,3383915,487,0,7,-104.25,511,-35.0,390.0,391.56736329781114,4,94.87180895814714,-24,13,5,3.507392984436245
1016,3032301,406510.0,3383525.0,28,260,9,4,2585.0,12.2,483,0,5,406445,3383885,488,0,5,-126.0,511,-65.0,360.0,365.8209944768069,5,89.7651972365768,-23,13,5,3.597580958835719
1017,3032301,406510.0,3383525.0,28,260,9,4,2585.0,12.2,483,0,5,406190,3383640,485,0,5,-100.0,511,-320.0,115.0,340.03676271838606,2,29.76716867679164,-26,13,5,4.372460335523231
1018,3032301,406510.0,3383525.0,28,260,9,4,2585.0,12.2,483,0,5,406210,3383660,486,0,5,-96.5,511,-300.0,135.0,328.97568299191965,3,34.227745317954145,-25,13,5,4.345751721563948
1019,3032301,406510.0,3383525.0,28,260,9,4,2585.0,12.2,483,0,5,406090,3383540,483,0,6,-113.0,511,-420.0,15.0,420.267771783657,0,12.045408488887233,-28,13,5,3.811651878999395
1020,3032301,406510.0,3383525.0,28,260,9,4,2585.0,12.2,483,0,5,406260,3383390,485,0,6,-118.2,511,-250.0,-135.0,284.1214529035075,2,-18.369046293278586,-26,13,5,5.228583567254895
1021,3032301,406510.0,3383525.0,28,260,9,4,2585.0,12.2,483,0,5,406175,3383615,484,0,5,-98.0,511,-335.0,90.0,346.87894141904894,1,25.037815903582214,-27,13,5,4.450754961106261
1022,3032301,406510.0,3383525.0,28,260,9,4,2585.0,12.2,483,0,5,406220,3383670,486,0,5,-102.0,511,-290.0,145.0,324.2298567374695,3,36.565051177077976,-25,13,5,4.409112449696337
1023,3032301,406510.0,3383525.0,28,260,9,4,2585.0,12.2,483,0,5,406275,3383395,485,0,6,-125.0,511,-235.0,-130.0,268.5609800399157,2,-18.950995207466804,-26,13,5,5.529701921151418
1024,3032301,406510.0,3383525.0,28,260,9,4,2585.0,12.2,483,0,5,406230,3383680,486,0,5,-102.33,511,-280.0,155.0,320.0390601161052,3,38.96766064606402,-25,13,5,4.466616060099301
1025,3032301,406510.0,3383525.0,28,260,9,4,2585.0,12.2,483,0,5,406080,3383530,483,0,6,-110.0,511,-430.0,5.0,430.0290687848904,0,10.66619997018313,-28,13,5,3.7253770603259038
1026,3032301,406510.0,3383525.0,28,260,9,4,2585.0,12.2,483,0,5,406155,3383595,484,0,5,-100.0,511,-355.0,70.0,361.83559802761255,1,21.154659738928274,-27,13,5,4.267474968600256
1027,3032301,406510.0,3383525.0,28,260,9,4,2585.0,12.2,483,0,5,406225,3383665,486,0,5,-98.33,511,-285.0,140.0,317.52952618614853,3,36.16156644201925,-25,13,5,4.501772566904061
1028,3032301,406510.0,3383525.0,28,260,9,4,2585.0,12.2,483,0,5,406140,3383590,483,0,5,-109.67,511,-370.0,65.0,375.6660751252367,0,19.963804189907194,-28,13,5,4.262617810157867
1029,3032301,406510.0,3383525.0,28,260,9,4,2585.0,12.2,483,0,5,406130,3383580,483,0,5,-105.88,511,-380.0,55.0,383.9596332949598,0,18.235619324209495,-28,13,5,4.170873426782351
1030,3032301,406510.0,3383525.0,28,260,9,4,2585.0,12.2,483,0,5,406200,3383650,486,0,5,-100.33,511,-310.0,125.0,334.2528982671654,3,31.960564020096456,-25,13,5,4.27739727050854
1031,3032301,406510.0,3383525.0,28,260,9,4,2585.0,12.2,483,0,5,406265,3383385,485,0,6,-123.0,511,-245.0,-140.0,282.17902119044925,2,-19.744881296942225,-26,13,5,5.264373956499975
1032,3032301,406510.0,3383525.0,28,260,9,4,2585.0,12.2,483,0,5,406250,3383380,486,0,5,-117.0,511,-260.0,-145.0,297.6995129320839,3,-19.148071845713048,-25,13,5,4.800281596214061
1033,3032301,406510.0,3383525.0,28,260,9,4,2585.0,12.2,483,0,5,406150,3383600,484,0,5,-101.5,511,-360.0,75.0,367.7295201639379,1,21.768288932020653,-27,13,5,4.199323084150299
1034,3032301,406510.0,3383525.0,28,260,9,4,2585.0,12.2,483,0,5,406215,3383655,486,0,5,-102.33,511,-295.0,130.0,322.37400639629743,3,33.782030423221386,-25,13,5,4.4343939823971
1035,3032301,406510.0,3383525.0,28,260,9,4,2585.0,12.2,483,0,5,406255,3383375,486,0,5,-113.0,511,-255.0,-150.0,295.8462438497403,3,-20.465544919459887,-25,13,5,4.830210159607375
1036,3032301,406510.0,3383525.0,28,260,9,4,2585.0,12.2,483,0,5,406085,3383525,483,0,6,-112.33,511,-425.0,0.0,425.0,0,10.0,-28,13,5,3.769333488150146
1037,3032301,406510.0,3383525.0,28,260,9,4,2585.0,12.2,483,0,5,406195,3383635,485,0,5,-119.0,511,-315.0,110.0,333.65401241405743,2,29.249525872681716,-26,13,5,4.455771137237435
1038,3032301,406510.0,3383525.0,28,260,9,4,2585.0,12.2,483,0,5,406235,3383675,486,0,5,-104.0,511,-275.0,150.0,313.2491021535417,3,38.61045966596521,-25,13,5,4.563029456305065
1039,3032301,406510.0,3383525.0,28,260,9,4,2585.0,12.2,483,0,5,406180,3383630,485,0,5,-109.0,511,-330.0,105.0,346.30189141845585,2,27.65012421993015,-26,13,5,4.293654398877503
1040,3032301,406510.0,3383525.0,28,260,9,4,2585.0,12.2,483,0,5,406165,3383605,484,0,5,-95.33,511,-345.0,80.0,354.1539213392956,1,23.055247223796584,-27,13,5,4.359684341050432
1041,3032301,406510.0,3383525.0,28,260,9,4,2585.0,12.2,483,0,5,406160,3383610,484,0,5,-97.75,511,-350.0,85.0,360.17356926904006,1,23.650419134756987,-27,13,5,4.287094074433029
1042,3032301,406510.0,3383525.0,28,260,9,4,2585.0,12.2,483,0,5,406205,3383645,486,0,5,-100.0,511,-305.0,120.0,327.75753233144775,3,31.476790979540397,-25,13,5,4.361841017856435
1043,3032301,406510.0,3383525.0,28,260,9,4,2585.0,12.2,483,0,5,406170,3383620,484,0,5,-96.0,511,-340.0,95.0,353.02266216207704,1,25.610988533679688,-27,13,5,4.373600805201841
1044,3032301,406510.0,3383525.0,28,260,9,4,2585.0,12.2,483,0,5,406630,3383835,486,0,5,-130.0,511,120.0,310.0,332.41540277189324,3,-238.8387401831717,-25,13,5,4.300952997432809
1045,3032301,406510.0,3383525.0,28,260,9,4,2585.0,12.2,483,0,5,406005,3383450,485,0,5,-115.5,511,-505.0,-75.0,510.5389309347525,2,1.5524727520915462,-26,13,5,2.915359304046437
1046,3032301,406510.0,3383525.0,28,260,9,4,2585.0,12.2,483,0,5,405975,3383420,485,0,5,-120.5,511,-535.0,-105.0,545.2063829413592,2,-1.10383343663608,-26,13,5,2.730273484912776
1047,3032301,406510.0,3383525.0,28,260,9,4,2585.0,12.2,483,0,5,406065,3383510,483,0,6,-106.83,511,-445.0,-15.0,445.25273721786374,0,8.069412558832994,-28,13,5,3.5983429867157715
1048,3032301,406510.0,3383525.0,28,260,9,4,2585.0,12.2,483,0,5,406030,3383475,484,0,5,-104.5,511,-480.0,-50.0,482.59714048054616,1,4.053136946026484,-27,13,5,3.2022050459007674
1049,3032301,406510.0,3383525.0,28,260,9,4,2585.0,12.2,483,0,5,406020,3383465,485,0,5,-101.5,511,-490.0,-60.0,493.65980188789933,2,3.018942593170209,-26,13,5,3.0148598917138725
1050,3032301,406510.0,3383525.0,28,260,9,4,2585.0,12.2,483,0,5,406000,3383445,485,0,5,-115.4,511,-510.0,-80.0,516.2363799656123,2,1.085073042852116,-26,13,5,2.8832384991439035
1051,3032301,406510.0,3383525.0,28,260,9,4,2585.0,12.2,483,0,5,406055,3383500,484,0,5,-110.64,511,-455.0,-25.0,455.6862956025779,1,6.855042535302005,-27,13,5,3.390884306018282
1052,3032301,406510.0,3383525.0,28,260,9,4,2585.0,12.2,483,0,5,406045,3383490,484,0,5,-107.5,511,-465.0,-35.0,466.31534394656154,1,5.695531039492039,-27,13,5,3.3137677791471902
1053,3032301,406510.0,3383525.0,28,260,9,4,2585.0,12.2,483,0,5,406010,3383455,485,0,2,-104.0,511,-500.0,-70.0,504.8762224545735,2,2.0303896056786357,-26,13,5,2.9480007105069146
1054,3032301,406510.0,3383525.0,28,260,9,4,2585.0,12.2,483,0,5,406390,3383195,488,0,14,-107.0,511,-120.0,-330.0,351.14099732158877,5,-60.01689347810003,-23,13,5,3.747563411919973
1055,3032301,406510.0,3383525.0,28,260,9,4,2585.0,12.2,483,0,5,405985,3383430,485,0,5,-109.33,511,-525.0,-95.0,533.5260068637704,2,-0.2568198416963696,-26,13,5,2.789953374112955
1056,3032301,406510.0,3383525.0,28,260,9,4,2585.0,12.2,483,0,5,406230,3383355,486,0,5,-116.75,511,-280.0,-170.0,327.566787083184,3,-21.26373169437744,-25,13,5,4.364371148547879
1057,3032301,406510.0,3383525.0,28,260,9,4,2585.0,12.2,483,0,5,406040,3383485,484,0,5,-108.67,511,-470.0,-40.0,471.6990566028302,1,5.135485562239467,-27,13,5,3.2760291152777077
1058,3032301,406510.0,3383525.0,28,260,9,4,2585.0,12.2,483,0,5,406060,3383505,484,0,5,-105.14,511,-450.0,-20.0,450.4442251822083,1,7.455195620186885,-27,13,5,3.4302522281085426
1059,3032301,406510.0,3383525.0,28,260,9,4,2585.0,12.2,483,0,5,406035,3383480,484,0,5,-108.6,511,-475.0,-45.0,477.12681752339176,1,4.588130847682976,-27,13,5,3.238841036138183
1060,3032301,406510.0,3383525.0,28,260,9,4,2585.0,12.2,483,0,5,406050,3383495,484,0,5,-104.75,511,-460.0,-30.0,460.9772228646444,1,6.268603000839562,-27,13,5,3.352054241603398
1061,3032301,406510.0,3383525.0,28,260,9,4,2585.0,12.2,483,0,5,406025,3383470,484,0,5,-109.5,511,-485.0,-55.0,488.1085944746312,1,3.53018001482684,-27,13,5,3.1661214868460514
1062,3032301,406510.0,3383525.0,28,260,9,4,2585.0,12.2,483,0,5,406485,3383920,487,0,5,-105.75,511,-25.0,395.0,395.790348543266,4,96.37851529588266,-24,13,5,3.470061903505369
1063,3032301,406510.0,3383525.0,28,260,9,4,2585.0,12.2,483,0,5,406150,3383605,484,0,5,-97.0,511,-360.0,80.0,368.7817782917155,1,22.528807709151522,-27,13,5,4.187383687651583
1064,3032301,406510.0,3383525.0,28,260,9,4,2585.0,12.2,483,0,5,406490,3383905,487,0,5,-105.75,511,-20.0,380.0,380.52595180880894,4,96.98721249581666,-24,13,5,3.6088989620373226
1065,3032301,406510.0,3383525.0,28,260,9,4,2585.0,12.2,483,0,5,406165,3383600,484,0,5,-95.8,511,-345.0,75.0,353.0580688781946,1,22.26477372789242,-27,13,5,4.373163896649145
1066,3032301,406510.0,3383525.0,28,260,9,4,2585.0,12.2,483,0,5,406495,3383910,487,0,5,-104.0,511,-15.0,385.0,385.2920969861697,4,97.76882539196873,-24,13,5,3.564371924185558
1067,3032301,406510.0,3383525.0,28,260,9,4,2585.0,12.2,483,0,5,406325,3383310,484,0,6,-110.33,511,-185.0,-215.0,283.6370920736567,1,-39.289153328819026,-27,13,5,5.437718286578867
1068,3032301,406510.0,3383525.0,28,260,9,4,2585.0,12.2,483,0,5,406335,3383320,484,0,5,-107.27,511,-175.0,-205.0,269.5366394388711,1,-39.51398845800128,-27,13,5,5.720345169534659
1069,3032301,406510.0,3383525.0,28,260,9,4,2585.0,12.2,483,0,5,406350,3383295,484,0,5,-104.5,511,-160.0,-230.0,280.178514522438,1,-45.17551084304321,-27,13,5,5.504432762252363
1070,3032301,406510.0,3383525.0,28,260,9,4,2585.0,12.2,483,0,5,406330,3383315,484,0,5,-109.5,511,-180.0,-210.0,276.5863337187866,1,-39.39870535499554,-27,13,5,5.575474308033315
1071,3032301,406510.0,3383525.0,28,260,9,4,2585.0,12.2,483,0,5,406650,3383170,487,0,6,-100.5,511,140.0,-355.0,381.6084380618437,4,-101.52260010790701,-24,13,5,3.5986887505693264
1072,3032301,406510.0,3383525.0,28,260,9,4,2585.0,12.2,483,0,5,406655,3383165,487,0,6,-98.0,511,145.0,-360.0,388.1043674065006,4,-101.93848046770654,-24,13,5,3.538609743991112
1073,3032301,406510.0,3383525.0,28,260,9,4,2585.0,12.2,483,0,5,406420,3383280,484,0,6,-106.88,511,-90.0,-245.0,261.00766272276377,1,-59.829346588149605,-27,13,5,5.905968945566214
1074,3032301,406510.0,3383525.0,28,260,9,4,2585.0,12.2,483,0,5,406400,3383260,485,0,5,-107.0,511,-110.0,-265.0,286.9233347080715,2,-57.45693899994211,-26,13,5,5.177803962562084
1075,3032301,406510.0,3383525.0,28,260,9,4,2585.0,12.2,483,0,5,406470,3383230,486,0,5,-111.33,511,-40.0,-295.0,297.6995129320839,3,-72.27817419986903,-25,13,5,4.800281596214061
1076,3032301,406510.0,3383525.0,28,260,9,4,2585.0,12.2,483,0,5,406425,3383275,484,0,6,-109.0,511,-85.0,-250.0,264.0549185302179,1,-61.22196677755446,-27,13,5,5.83828619560568
1077,3032301,406510.0,3383525.0,28,260,9,4,2585.0,12.2,483,0,5,406430,3383270,484,0,6,-109.0,511,-80.0,-255.0,267.25456029785533,1,-62.58202920779715,-27,13,5,5.76886296388635
1078,3032301,406510.0,3383525.0,28,260,9,4,2585.0,12.2,483,0,5,406475,3383225,486,0,5,-111.25,511,-35.0,-300.0,302.03476621077914,3,-73.3455749539934,-25,13,5,4.731695903802343
1079,3032301,406510.0,3383525.0,28,260,9,4,2585.0,12.2,483,0,5,406415,3383245,485,0,5,-101.0,511,-95.0,-280.0,295.67718883945037,2,-61.25865955480728,-26,13,5,5.025306113792251
1080,3032301,406510.0,3383525.0,28,260,9,4,2585.0,12.2,483,0,5,406600,3383060,488,0,6,-125.5,511,90.0,-465.0,473.6296021154083,5,-90.9540626433984,-23,13,5,2.78016515746959
1081,3032301,406510.0,3383525.0,28,260,9,4,2585.0,12.2,483,0,5,406460,3383240,485,0,5,-115.5,511,-50.0,-285.0,289.35272592460575,2,-70.0493733120484,-26,13,5,5.1345647257367375
1082,3032301,406510.0,3383525.0,28,260,9,4,2585.0,12.2,483,0,5,406435,3383265,484,0,6,-106.63,511,-75.0,-260.0,270.60118255469615,1,-63.909183651147856,-27,13,5,5.697989744340698
1083,3032301,406510.0,3383525.0,28,260,9,4,2585.0,12.2,483,0,5,406670,3383190,488,0,7,-94.5,511,160.0,-335.0,371.24789561693143,5,-105.52969799053301,-23,13,5,3.545126636691962
1084,3032301,406510.0,3383525.0,28,260,9,4,2585.0,12.2,483,0,5,406300,3383360,484,0,5,-110.0,511,-210.0,-165.0,267.0674072214728,1,-28.157226587369053,-27,13,5,5.772878320421866
1085,3032301,406510.0,3383525.0,28,260,9,4,2585.0,12.2,483,0,5,406000,3383540,486,0,5,-122.0,511,-510.0,15.0,510.22054055084845,3,11.684684317896313,-25,13,5,2.805159148711493
1086,3032301,406510.0,3383525.0,28,260,9,4,2585.0,12.2,483,0,5,406310,3383350,484,0,5,-109.14,511,-200.0,-175.0,265.75364531836624,1,-31.185925165709648,-27,13,5,5.80122256380943
1087,3032301,406510.0,3383525.0,28,260,9,4,2585.0,12.2,483,0,5,406380,3383280,484,0,5,-107.0,511,-130.0,-245.0,277.35356496717327,1,-52.04903097210985,-27,13,5,5.560147893661769
1088,3032301,406510.0,3383525.0,28,260,9,4,2585.0,12.2,483,0,5,406395,3383265,485,0,5,-106.6,511,-115.0,-260.0,284.29737951659,2,-56.139824808657664,-26,13,5,5.225365973698128
1089,3032301,406510.0,3383525.0,28,260,9,4,2585.0,12.2,483,0,5,406390,3383270,484,0,5,-105.33,511,-120.0,-255.0,281.82441342083905,1,-54.798876354524936,-27,13,5,5.472481730538455
1090,3032301,406510.0,3383525.0,28,260,9,4,2585.0,12.2,483,0,5,406315,3383345,484,0,5,-108.7,511,-195.0,-180.0,265.37709019431196,1,-32.70938995736148,-27,13,5,5.809397909732975
1091,3032301,406510.0,3383525.0,28,260,9,4,2585.0,12.2,483,0,5,406305,3383355,484,0,5,-112.0,511,-205.0,-170.0,266.3174797117155,1,-29.667841118340448,-27,13,5,5.789024003378048
1092,3032301,406510.0,3383525.0,28,260,9,4,2585.0,12.2,483,0,5,406340,3383240,486,0,5,-107.5,511,-170.0,-285.0,331.85087012090236,3,-49.18429424827082,-25,13,5,4.308242098184339
1093,3032301,406510.0,3383525.0,28,260,9,4,2585.0,12.2,483,0,5,406285,3383335,485,0,5,-113.5,511,-225.0,-190.0,294.49108645254444,2,-30.179233921907354,-26,13,5,5.045441944415656
1094,3032301,406510.0,3383525.0,28,260,9,4,2585.0,12.2,483,0,5,406355,3383315,484,0,5,-106.71,511,-155.0,-210.0,261.00766272276377,1,-43.569141879837645,-27,13,5,5.905968945566214
1095,3032301,406510.0,3383525.0,28,260,9,4,2585.0,12.2,483,0,5,406350,3383320,484,0,5,-107.67,511,-160.0,-205.0,260.0480724789169,1,-42.028396238949625,-27,13,5,5.927607372040305
1096,3032301,406510.0,3383525.0,28,260,9,4,2585.0,12.2,483,0,5,406335,3383295,484,0,6,-114.0,511,-175.0,-230.0,289.0069203323685,1,-42.733598099022856,-27,13,5,5.337272921339046
1097,3032301,406510.0,3383525.0,28,260,9,4,2585.0,12.2,483,0,5,406340,3383310,484,0,5,-106.67,511,-170.0,-215.0,274.0894014733149,1,-41.66665989090137,-27,13,5,5.62594203690644
1098,3032301,406510.0,3383525.0,28,260,9,4,2585.0,12.2,483,0,5,406750,3383340,486,0,6,-88.5,511,240.0,-185.0,303.0264014900352,3,-132.37376636133018,-25,13,5,4.716281682940845
1099,3032301,406510.0,3383525.0,28,260,9,4,2585.0,12.2,483,0,5,406745,3383325,486,0,5,-110.5,511,235.0,-200.0,308.58548248418947,3,-129.60009566626326,-25,13,5,4.631692216787853
1100,3032301,406510.0,3383525.0,28,260,9,4,2585.0,12.2,483,0,5,406420,3383650,486,0,5,-101.6,511,-90.0,125.0,154.02921800749363,3,64.24611274556327,-25,13,5,9.219104966739229
1101,3032301,406510.0,3383525.0,28,260,9,4,2585.0,12.2,483,0,5,406450,3383640,486,0,5,-97.5,511,-60.0,115.0,129.71121771072848,3,72.44718842328223,-25,13,5,10.909181157426625
1102,3032301,406510.0,3383525.0,28,260,9,4,2585.0,12.2,483,0,5,406425,3383645,486,0,5,-97.33,511,-85.0,120.0,147.05441169852742,3,64.6887865603668,-25,13,5,9.648329329490423
1103,3032301,406510.0,3383525.0,28,260,9,4,2585.0,12.2,483,0,5,406730,3383360,486,0,6,-91.5,511,220.0,-165.0,275.0,3,-133.13010235415595,-25,13,5,5.194428907734806
1104,3032301,406510.0,3383525.0,28,260,9,4,2585.0,12.2,483,0,5,406320,3383750,486,0,5,-105.0,511,-190.0,225.0,294.49108645254444,3,59.820766078092674,-25,13,5,4.85233141546764
1105,3032301,406510.0,3383525.0,28,260,9,4,2585.0,12.2,483,0,5,406715,3383375,486,0,6,-91.4,511,205.0,-150.0,254.01771591761076,3,-133.80679269443533,-25,13,5,5.620853535577127
1106,3032301,406510.0,3383525.0,28,260,9,4,2585.0,12.2,483,0,5,406325,3383745,486,0,5,-104.0,511,-185.0,220.0,287.4456470360962,3,59.93921554212619,-25,13,5,4.970675746459918
1107,3032301,406510.0,3383525.0,28,260,9,4,2585.0,12.2,483,0,5,406335,3383755,486,0,6,-112.25,511,-175.0,230.0,289.0069203323685,3,62.733598099022856,-25,13,5,4.9439566106606625
1108,3032301,406510.0,3383525.0,28,260,9,4,2585.0,12.2,483,0,5,406740,3383330,486,0,5,-93.33,511,230.0,-195.0,301.53772566629203,3,-129.70785224437225,-25,13,5,4.739459906973968
1109,3032301,406510.0,3383525.0,28,260,9,4,2585.0,12.2,483,0,5,406455,3383635,486,0,5,-93.17,511,-55.0,110.0,122.98373876248843,3,73.43494882292202,-25,13,5,11.49045990373152
1110,3032301,406510.0,3383525.0,28,260,9,4,2585.0,12.2,483,0,5,406725,3383345,486,0,6,-97.2,511,215.0,-180.0,280.40149785619906,3,-130.0636168530301,-25,13,5,5.094898104688072
1111,3032301,406510.0,3383525.0,28,260,9,4,2585.0,12.2,483,0,5,406710,3383380,486,0,6,-102.5,511,200.0,-145.0,247.0323865407125,3,-134.05788812861766,-25,13,5,5.77873324894507
1112,3032301,406510.0,3383525.0,28,260,9,4,2585.0,12.2,483,0,5,406720,3383350,486,0,6,-94.5,511,210.0,-175.0,273.3587386567329,3,-130.1944289077348,-25,13,5,5.225444412291295
1113,3032301,406510.0,3383525.0,28,260,9,4,2585.0,12.2,483,0,5,406525,3383240,484,0,5,-109.0,511,15.0,-285.0,285.3944638566067,1,-83.01278750418328,-27,13,5,5.404433345291693
1114,3032301,406510.0,3383525.0,28,260,9,4,2585.0,12.2,483,0,5,406625,3383140,487,0,6,-105.0,511,115.0,-385.0,401.8084120572888,4,-96.63095370672136,-24,13,5,3.4182134076051507
1115,3032301,406510.0,3383525.0,28,260,9,4,2585.0,12.2,483,0,5,406510,3383245,484,0,5,-103.33,511,0.0,-280.0,280.0,1,-80.0,-27,13,5,5.507920549804675
1116,3032301,406510.0,3383525.0,28,260,9,4,2585.0,12.2,483,0,5,406500,3383255,484,0,6,-105.8,511,-10.0,-270.0,270.1851217221259,1,-77.87890360333856,-27,13,5,5.706706266243781
1117,3032301,406510.0,3383525.0,28,260,9,4,2585.0,12.2,483,0,5,406565,3383200,486,0,6,-99.67,511,55.0,-325.0,329.6209944769902,3,-89.60520415501287,-25,13,5,4.337276376031931
1118,3032301,406510.0,3383525.0,28,260,9,4,2585.0,12.2,483,0,5,406605,3383160,487,0,5,-109.0,511,95.0,-365.0,377.1604433129222,4,-94.58891873287462,-24,13,5,3.6410159340889203
1119,3032301,406510.0,3383525.0,28,260,9,4,2585.0,12.2,483,0,5,406580,3383175,486,0,5,-107.0,511,70.0,-350.0,356.9313659514949,3,-91.30993247402023,-25,13,5,4.006537793659347
1120,3032301,406510.0,3383525.0,28,260,9,4,2585.0,12.2,483,0,5,406645,3383120,487,0,6,-101.33,511,135.0,-405.0,426.9074841227312,4,-98.43494882292202,-24,13,5,3.2176826049000815
1121,3032301,406510.0,3383525.0,28,260,9,4,2585.0,12.2,483,0,5,406540,3383215,485,0,6,-111.0,511,30.0,-310.0,311.44823004794875,2,-85.52754015165613,-26,13,5,4.772042144493768
1122,3032301,406510.0,3383525.0,28,260,9,4,2585.0,12.2,483,0,5,406550,3383205,486,0,5,-104.0,511,40.0,-320.0,322.49030993194197,3,-87.1250163489018,-25,13,5,4.432801129005423
1123,3032301,406510.0,3383525.0,28,260,9,4,2585.0,12.2,483,0,5,406590,3383165,486,0,5,-109.57,511,80.0,-360.0,368.7817782917155,3,-92.52880770915158,-25,13,5,3.8781913064729676
1124,3032301,406510.0,3383525.0,28,260,9,4,2585.0,12.2,483,0,5,406570,3383185,486,0,6,-108.0,511,60.0,-340.0,345.2535300326414,3,-90.00797980144125,-25,13,5,4.14159081392284
1125,3032301,406510.0,3383525.0,28,260,9,4,2585.0,12.2,483,0,5,406640,3383115,487,0,6,-102.33,511,130.0,-410.0,430.11626335213134,4,-97.59242456218158,-24,13,5,3.193727733648796
1126,3032301,406510.0,3383525.0,28,260,9,4,2585.0,12.2,483,0,5,406595,3383170,486,0,5,-95.67,511,85.0,-355.0,365.0342449688796,3,-93.46520809481171,-25,13,5,3.9178824260815848
1127,3032301,406510.0,3383525.0,28,260,9,4,2585.0,12.2,483,0,5,406290,3383385,484,0,6,-117.0,511,-220.0,-140.0,260.76809620810593,1,-22.471192290848478,-27,13,5,5.911356329312366
1128,3032301,406510.0,3383525.0,28,260,9,4,2585.0,12.2,483,0,5,406195,3383650,485,0,5,-98.5,511,-315.0,125.0,338.89526405661087,2,31.644435140713995,-26,13,5,4.3871306626837985
1129,3032301,406510.0,3383525.0,28,260,9,4,2585.0,12.2,483,0,5,406445,3383880,488,0,5,-111.0,511,-65.0,355.0,360.90164865237176,5,89.62415507994893,-23,13,5,3.6464871193246684
1130,3032301,406510.0,3383525.0,28,260,9,4,2585.0,12.2,483,0,5,406455,3383870,487,0,5,-111.0,511,-55.0,345.0,349.35655139126845,4,90.94211187138234,-24,13,5,3.9299151667397108
1131,3032301,406510.0,3383525.0,28,260,9,4,2585.0,12.2,483,0,5,406200,3383635,485,0,5,-101.0,511,-310.0,110.0,328.93768406797057,2,29.53665493812838,-26,13,5,4.519395445504603
1132,3032301,406510.0,3383525.0,28,260,9,4,2585.0,12.2,483,0,5,406115,3383570,483,0,5,-91.5,511,-395.0,45.0,397.5550276376844,0,16.49934627965456,-28,13,5,4.028717852762378
1133,3032301,406510.0,3383525.0,28,260,9,4,2585.0,12.2,483,0,5,406190,3383645,485,0,5,-96.33,511,-320.0,120.0,341.76014981270123,2,30.55604521958344,-26,13,5,4.350496280267007
1134,3032301,406510.0,3383525.0,28,260,9,4,2585.0,12.2,483,0,5,406725,3383295,487,0,5,-93.4,511,215.0,-230.0,314.8412298286233,4,-123.06941255883305,-24,13,5,4.359163702551684
1135,3032301,406510.0,3383525.0,28,260,9,4,2585.0,12.2,483,0,5,406420,3383640,486,0,5,-97.67,511,-90.0,115.0,146.03081866510234,3,61.952957468173906,-25,13,5,9.71467426703657
1136,3032301,406510.0,3383525.0,28,260,9,4,2585.0,12.2,483,0,5,406325,3383695,485,0,5,-102.0,511,-185.0,170.0,251.24689052802225,2,52.580490783343635,-26,13,5,5.90815878097044
1137,3032301,406510.0,3383525.0,28,260,9,4,2585.0,12.2,483,0,5,406720,3383300,487,0,5,-91.6,511,210.0,-225.0,307.77426793024785,4,-123.02506598911805,-24,13,5,4.458857550037766
1138,3032301,406510.0,3383525.0,28,260,9,4,2585.0,12.2,483,0,5,406730,3383290,487,0,6,-91.0,511,220.0,-235.0,321.90837205639747,4,-123.11181199325904,-24,13,5,4.2638199577467
1139,3032301,406510.0,3383525.0,28,260,9,4,2585.0,12.2,483,0,5,406715,3383300,487,0,6,-94.33,511,205.0,-225.0,304.38462510448846,4,-122.33699923393283,-24,13,5,4.508308041470049
1140,3032301,406510.0,3383525.0,28,260,9,4,2585.0,12.2,483,0,5,406695,3383320,486,0,6,-90.5,511,185.0,-205.0,276.1340254296815,3,-122.06432655357878,-25,13,5,5.1732124461169535
1141,3032301,406510.0,3383525.0,28,260,9,4,2585.0,12.2,483,0,5,406690,3383315,486,0,6,-92.67,511,180.0,-210.0,276.5863337187866,3,-120.60129464500449,-25,13,5,5.164798358374825
1142,3032301,406510.0,3383525.0,28,260,9,4,2585.0,12.2,483,0,5,406705,3383290,487,0,6,-94.0,511,195.0,-235.0,305.3686296920494,4,-119.68545433005522,-24,13,5,4.4938402954648975
1143,3032301,406510.0,3383525.0,28,260,9,4,2585.0,12.2,483,0,5,406700,3383285,487,0,6,-96.21,511,190.0,-240.0,306.10455730027934,4,-118.36748538486154,-24,13,5,4.483080431079536
1144,3032301,406510.0,3383525.0,28,260,9,4,2585.0,12.2,483,0,5,406595,3383260,484,0,5,-100.33,511,85.0,-265.0,278.29840100151495,1,-97.7838884426925,-27,13,5,5.541388625948214
1145,3032301,406510.0,3383525.0,28,260,9,4,2585.0,12.2,483,0,5,406535,3383160,487,0,6,-103.25,511,25.0,-365.0,365.8551625985343,4,-83.91824886406744,-24,13,5,3.7532100879276578
1146,3032301,406510.0,3383525.0,28,260,9,4,2585.0,12.2,483,0,5,406585,3383250,484,0,6,-99.67,511,75.0,-275.0,285.0438562747845,1,-95.25511870305775,-27,13,5,5.411041435555305
1147,3032301,406510.0,3383525.0,28,260,9,4,2585.0,12.2,483,0,5,406530,3383155,487,0,5,-100.25,511,20.0,-370.0,370.5401462729781,4,-83.09405805891708,-24,13,5,3.70588885736073
1148,3032301,406510.0,3383525.0,28,260,9,4,2585.0,12.2,483,0,5,406710,3383295,487,0,6,-95.06,511,200.0,-230.0,304.7950130825634,4,-121.00908690157019,-24,13,5,4.502262851964584
1149,3032301,406510.0,3383525.0,28,260,9,4,2585.0,12.2,483,0,5,406590,3383255,484,0,5,-93.2,511,80.0,-270.0,281.60255680657446,1,-96.50436138175496,-27,13,5,5.476766944218925
1150,3032301,406510.0,3383525.0,28,260,9,4,2585.0,12.2,483,0,5,406685,3383310,487,0,6,-102.29,511,175.0,-215.0,277.2183255125822,4,-119.14398641457103,-24,13,5,4.948008264500088
1151,3032301,406510.0,3383525.0,28,260,9,4,2585.0,12.2,483,0,5,406680,3383305,486,0,6,-96.33,511,170.0,-220.0,278.0287754891569,3,-117.69424046668917,-25,13,5,5.138146656109159
1152,3032301,406510.0,3383525.0,28,260,9,4,2585.0,12.2,483,0,5,406500,3383285,483,0,6,-101.5,511,-10.0,-240.0,240.20824298928628,0,-77.6140559696112,-28,13,5,6.648707816892799
1153,3032301,406510.0,3383525.0,28,260,9,4,2585.0,12.2,483,0,5,406470,3383255,484,0,5,-110.13,511,-40.0,-270.0,272.9468812791236,1,-71.57303097851934,-27,13,5,5.6493394803166055
1154,3032301,406510.0,3383525.0,28,260,9,4,2585.0,12.2,483,0,5,406475,3383260,484,0,5,-108.32,511,-35.0,-265.0,267.30132809247317,1,-72.47617956136136,-27,13,5,5.767860433255033
1155,3032301,406510.0,3383525.0,28,260,9,4,2585.0,12.2,483,0,5,406465,3383250,485,0,5,-109.36,511,-45.0,-275.0,278.65749586185547,2,-70.70669140060289,-26,13,5,5.330521457615494
1156,3032301,406510.0,3383525.0,28,260,9,4,2585.0,12.2,483,0,5,406460,3383245,485,0,5,-107.6,511,-50.0,-280.0,284.42925306655786,2,-69.8753283446022,-26,13,5,5.222956673002868
1157,3032301,406510.0,3383525.0,28,260,9,4,2585.0,12.2,483,0,5,406410,3383235,486,0,6,-101.5,511,-100.0,-290.0,306.75723300355935,3,-60.97439396243132,-25,13,5,4.659175571992704
1158,3032301,406510.0,3383525.0,28,260,9,4,2585.0,12.2,483,0,5,406670,3383135,487,0,6,-99.0,511,160.0,-390.0,421.54477816715985,4,-102.30620505490765,-24,13,5,3.2585288817109643
1159,3032301,406510.0,3383525.0,28,260,9,4,2585.0,12.2,483,0,5,406445,3383270,484,0,5,-106.33,511,-65.0,-255.0,263.1539473388153,1,-65.69972255081441,-27,13,5,5.85813620041316
1160,3032301,406510.0,3383525.0,28,260,9,4,2585.0,12.2,483,0,5,406655,3383160,487,0,6,-99.25,511,145.0,-365.0,392.7467377331096,4,-101.66595872329026,-24,13,5,3.4968868508551965
1161,3032301,406510.0,3383525.0,28,260,9,4,2585.0,12.2,483,0,5,406440,3383265,484,0,5,-106.69,511,-70.0,-260.0,269.2582403567252,1,-64.9315118405078,-27,13,5,5.726220424932875
1162,3032301,406510.0,3383525.0,28,260,9,4,2585.0,12.2,483,0,5,406625,3383090,488,0,6,-104.75,511,115.0,-435.0,449.9444410146657,5,-94.8083770390424,-23,13,5,2.9262655621683904
1163,3032301,406510.0,3383525.0,28,260,9,4,2585.0,12.2,483,0,5,406630,3383095,488,0,6,-106.5,511,120.0,-430.0,446.4302857109943,5,-95.59281093926631,-23,13,5,2.949259672927166
1164,3032301,406510.0,3383525.0,28,260,9,4,2585.0,12.2,483,0,5,406450,3383275,484,0,5,-108.5,511,-60.0,-250.0,257.0992026436488,1,-66.5042667192042,-27,13,5,5.9951033122936455
1165,3032301,406510.0,3383525.0,28,260,9,4,2585.0,12.2,483,0,5,406380,3383360,484,0,5,-103.8,511,-130.0,-165.0,210.05951537600004,1,-41.76617482255307,-27,13,5,7.324353440276317
1166,3032301,406510.0,3383525.0,28,260,9,4,2585.0,12.2,483,0,5,406345,3383315,484,0,5,-106.25,511,-165.0,-210.0,267.0674072214728,1,-41.84277341263095,-27,13,5,5.772878320421866
1167,3032301,406510.0,3383525.0,28,260,9,4,2585.0,12.2,483,0,5,406340,3383320,484,0,5,-108.57,511,-170.0,-205.0,266.3174797117155,1,-40.33215888165955,-27,13,5,5.789024003378048
1168,3032301,406510.0,3383525.0,28,260,9,4,2585.0,12.2,483,0,5,406350,3383310,484,0,5,-110.38,511,-160.0,-215.0,268.00186566514793,1,-43.34389158403309,-27,13,5,5.752884919720673
1169,3032301,406510.0,3383525.0,28,260,9,4,2585.0,12.2,483,0,5,406385,3383355,484,0,5,-101.0,511,-125.0,-170.0,211.00947846009194,1,-43.67317404787977,-27,13,5,7.291734933699586
1170,3032301,406510.0,3383525.0,28,260,9,4,2585.0,12.2,483,0,5,406325,3383295,484,0,5,-98.0,511,-185.0,-230.0,295.16944286290885,1,-41.1886159632416,-27,13,5,5.22646542217144
1171,3032301,406510.0,3383525.0,28,260,9,4,2585.0,12.2,483,0,5,406355,3383305,484,0,5,-106.5,511,-155.0,-220.0,269.1189328159578,1,-44.833563964207116,-27,13,5,5.729164849492688
1172,3032301,406510.0,3383525.0,28,260,9,4,2585.0,12.2,483,0,5,406290,3383375,485,0,6,-109.0,511,-220.0,-150.0,266.27053911388697,2,-24.286876977208976,-26,13,5,5.576969432830897
1173,3032301,406510.0,3383525.0,28,260,9,4,2585.0,12.2,483,0,5,406300,3383385,484,0,7,-111.0,511,-210.0,-140.0,252.38858928247924,1,-23.69006752597977,-27,13,5,6.106159037238109
1174,3032301,406510.0,3383525.0,28,260,9,4,2585.0,12.2,483,0,5,406280,3383365,485,0,6,-113.75,511,-230.0,-160.0,280.178514522438,2,-24.824489156956815,-26,13,5,5.301748746317293
1175,3032301,406510.0,3383525.0,28,260,9,4,2585.0,12.2,483,0,5,406240,3383405,485,0,6,-119.0,511,-270.0,-120.0,295.4657340538831,2,-13.962488974578207,-26,13,5,5.0288841190470475
1176,3032301,406510.0,3383525.0,28,260,9,4,2585.0,12.2,483,0,5,406070,3383455,483,0,5,-106.0,511,-440.0,-70.0,445.5333881989093,0,0.9605171966449007,-28,13,5,3.59608226358881
1177,3032301,406510.0,3383525.0,28,260,9,4,2585.0,12.2,483,0,5,406075,3383460,483,0,5,-107.88,511,-435.0,-65.0,439.82951242498496,0,1.5014411205063425,-28,13,5,3.6425928619681613
1178,3032301,406510.0,3383525.0,28,260,9,4,2585.0,12.2,483,0,5,406050,3383475,484,0,5,-104.5,511,-460.0,-50.0,462.709412050371,1,3.7965520983081547,-27,13,5,3.339534016580081
1179,3032301,406510.0,3383525.0,28,260,9,4,2585.0,12.2,483,0,5,406545,3383625,486,0,5,-89.0,511,35.0,100.0,105.94810050208545,3,-240.70995378081125,-25,13,5,13.276914431241691
1180,3032301,406510.0,3383525.0,28,260,9,4,2585.0,12.2,483,0,5,406720,3383250,487,0,5,-103.0,511,210.0,-275.0,346.01300553591915,4,-117.36666941276872,-24,13,5,3.967769472849881
1181,3032301,406510.0,3383525.0,28,260,9,4,2585.0,12.2,483,0,5,406800,3383330,486,0,7,-96.5,511,290.0,-195.0,349.4638751001311,3,-136.08256946302964,-25,13,5,4.091863395092708
1182,3032301,406510.0,3383525.0,28,260,9,4,2585.0,12.2,483,0,5,406315,3383715,485,0,5,-98.0,511,-195.0,190.0,272.2590678012396,2,54.25594079711129,-26,13,5,5.455048289027852
1183,3032301,406510.0,3383525.0,28,260,9,4,2585.0,12.2,483,0,5,406310,3383720,486,0,5,-97.33,511,-200.0,195.0,279.32955446926843,3,54.27477570094072,-25,13,5,5.114346577309826
1184,3032301,406510.0,3383525.0,28,260,9,4,2585.0,12.2,483,0,5,406515,3383230,485,0,5,-89.5,511,5.0,-295.0,295.0423698386386,2,-80.97102193107912,-26,13,5,5.036063117476906
1185,3032301,406510.0,3383525.0,28,260,9,4,2585.0,12.2,483,0,5,406565,3383140,487,0,5,-100.0,511,55.0,-385.0,388.90872965260115,4,-88.13010235415595,-24,13,5,3.531309537466572
1186,3032301,406510.0,3383525.0,28,260,9,4,2585.0,12.2,483,0,5,406485,3383220,486,0,5,-123.0,511,-25.0,-305.0,306.0228749619871,3,-75.3141001604973,-25,13,5,4.67030671907226
1187,3032301,406510.0,3383525.0,28,260,9,4,2585.0,12.2,483,0,5,406410,3383285,484,0,6,-105.82,511,-100.0,-240.0,260.0,1,-57.38013505195957,-27,13,5,5.928695546215155
1188,3032301,406510.0,3383525.0,28,260,9,4,2585.0,12.2,483,0,5,406585,3383160,487,0,5,-109.0,511,75.0,-365.0,372.6258176777342,4,-91.61148642388844,-24,13,5,3.685203475206919
1189,3032301,406510.0,3383525.0,28,260,9,4,2585.0,12.2,483,0,5,406500,3383235,485,0,5,-107.25,511,-10.0,-290.0,290.17236257093816,2,-78.02506598911802,-26,13,5,5.120138553784536
1190,3032301,406510.0,3383525.0,28,260,9,4,2585.0,12.2,483,0,5,406520,3383255,484,0,6,-97.0,511,10.0,-270.0,270.1851217221259,1,-82.12109639666141,-27,13,5,5.706706266243781
1191,3032301,406510.0,3383525.0,28,260,9,4,2585.0,12.2,483,0,5,406600,3383175,486,0,5,-93.67,511,90.0,-350.0,361.386219991853,3,-94.42077312751098,-25,13,5,3.957306585824622
1192,3032301,406510.0,3383525.0,28,260,9,4,2585.0,12.2,483,0,5,406605,3383180,486,0,5,-95.33,511,95.0,-345.0,357.8407467016578,3,-95.39554925399511,-25,13,5,3.996389011761158
1193,3032301,406510.0,3383525.0,28,260,9,4,2585.0,12.2,483,0,5,406400,3383295,484,0,6,-107.0,511,-110.0,-230.0,254.95097567963924,1,-54.44003482817621,-27,13,5,6.045245770554437
1194,3032301,406510.0,3383525.0,28,260,9,4,2585.0,12.2,483,0,5,406510,3383225,485,0,5,-104.5,511,0.0,-300.0,300.0,2,-80.0,-26,13,5,4.953257477842062
1195,3032301,406510.0,3383525.0,28,260,9,4,2585.0,12.2,483,0,5,406635,3383190,487,0,6,-95.0,511,125.0,-335.0,357.56118357562247,4,-100.46227152342226,-24,13,5,3.8400119130484898
1196,3032301,406510.0,3383525.0,28,260,9,4,2585.0,12.2,483,0,5,406630,3383185,487,0,5,-90.71,511,120.0,-340.0,360.5551275463989,4,-99.44003482817618,-24,13,5,3.808219799072917
1197,3032301,406510.0,3383525.0,28,260,9,4,2585.0,12.2,483,0,5,406495,3383210,486,0,6,-112.33,511,-15.0,-315.0,315.35694062442957,3,-77.27368900609375,-25,13,5,4.532657788813183
1198,3032301,406510.0,3383525.0,28,260,9,4,2585.0,12.2,483,0,5,406415,3383290,484,0,6,-107.17,511,-95.0,-235.0,253.4758371127315,1,-57.98871680208063,-27,13,5,6.080164161004177
1199,3032301,406510.0,3383525.0,28,260,9,4,2585.0,12.2,483,0,5,406535,3383250,484,0,6,-109.0,511,25.0,-275.0,276.1340254296815,1,-85.19442890773485,-27,13,5,5.584549265682211
1200,3032301,406510.0,3383525.0,28,260,9,4,2585.0,12.2,483,0,5,406375,3383210,487,0,14,-101.83,511,-135.0,-315.0,342.70978976387585,4,-56.801409486351815,-24,13,5,4.005888989620699
1201,3032301,406510.0,3383525.0,28,260,9,4,2585.0,12.2,483,0,5,406325,3383260,485,0,5,-107.0,511,-185.0,-265.0,323.18725222384626,2,-45.08059798754235,-26,13,5,4.599466478930016
1202,3032301,406510.0,3383525.0,28,260,9,4,2585.0,12.2,483,0,5,406345,3383280,485,0,5,-104.33,511,-165.0,-245.0,295.3811097548386,2,-46.04094018032373,-26,13,5,5.030317462610773
1203,3032301,406510.0,3383525.0,28,260,9,4,2585.0,12.2,483,0,5,406365,3383220,486,0,5,-97.0,511,-145.0,-305.0,337.71289581536564,3,-54.57312583041019,-25,13,5,4.233733869415825
1204,3032301,406510.0,3383525.0,28,260,9,4,2585.0,12.2,483,0,5,406170,3383400,485,0,5,-105.33,511,-340.0,-125.0,362.2499137335991,2,-10.185803009464848,-26,13,5,4.1052877121310365
1205,3032301,406510.0,3383525.0,28,260,9,4,2585.0,12.2,483,0,5,406110,3383460,483,0,5,-130.5,511,-400.0,-65.0,405.2468383590426,0,0.7701137562722806,-28,13,5,3.952495240644999
1206,3032301,406510.0,3383525.0,28,260,9,4,2585.0,12.2,483,0,5,406190,3383380,485,0,5,-103.33,511,-320.0,-145.0,351.31894341182345,2,-14.37646861667477,-26,13,5,4.232562789036801
1207,3032301,406510.0,3383525.0,28,260,9,4,2585.0,12.2,483,0,5,406090,3383480,483,0,5,-105.2,511,-420.0,-45.0,422.4038352098617,0,3.8844964337146166,-28,13,5,3.792433042868646
1208,3032301,406510.0,3383525.0,28,260,9,4,2585.0,12.2,483,0,5,406115,3383455,483,0,5,-105.0,511,-395.0,-70.0,401.15458367068425,0,-0.04934858812487164,-28,13,5,3.9926856511761413
1209,3032301,406510.0,3383525.0,28,260,9,4,2585.0,12.2,483,0,5,406080,3383470,483,0,5,-111.2,511,-430.0,-55.0,433.50317184537414,0,2.7110476763898532,-28,13,5,3.6956048828810415
1210,3032301,406510.0,3383525.0,28,260,9,4,2585.0,12.2,483,0,5,406085,3383465,483,0,5,-117.63,511,-425.0,-60.0,429.2143986401202,0,1.9642892894652277,-28,13,5,3.732428041616071
1211,3032301,406510.0,3383525.0,28,260,9,4,2585.0,12.2,483,0,5,406100,3383450,483,0,5,-112.25,511,-410.0,-75.0,416.80331092734855,0,-0.3663226034504987,-28,13,5,3.8432396954398076
1212,3032301,406510.0,3383525.0,28,260,9,4,2585.0,12.2,483,0,5,406205,3383425,484,0,6,-112.75,511,-305.0,-100.0,320.97507691408066,1,-8.152705886651148,-27,13,5,4.80832554093256
1213,3032301,406510.0,3383525.0,28,260,9,4,2585.0,12.2,483,0,5,406095,3383475,483,0,5,-104.33,511,-415.0,-50.0,418.0011961705373,0,3.1300076917857496,-28,13,5,3.832258812281884
1214,3032301,406510.0,3383525.0,28,260,9,4,2585.0,12.2,483,0,5,406105,3383445,483,0,5,-107.45,511,-405.0,-80.0,412.82562904936026,0,-1.1738382418147353,-28,13,5,3.880157726450505
1215,3032301,406510.0,3383525.0,28,260,9,4,2585.0,12.2,483,0,5,406175,3383395,485,0,5,-106.0,511,-335.0,-130.0,359.339672176619,2,-11.209226134222803,-26,13,5,4.138420805116523
1216,3032301,406510.0,3383525.0,28,260,9,4,2585.0,12.2,483,0,5,406195,3383375,486,0,5,-109.71,511,-315.0,-150.0,348.89110048839024,3,-15.463345061871621,-25,13,5,4.0985581343098865
1217,3032301,406510.0,3383525.0,28,260,9,4,2585.0,12.2,483,0,5,406225,3383405,485,0,6,-131.0,511,-285.0,-120.0,309.23292192132453,2,-12.833654177917538,-26,13,5,4.806068921504983
1218,3032301,406510.0,3383525.0,28,260,9,4,2585.0,12.2,483,0,5,406140,3383410,484,0,5,-102.67,511,-370.0,-115.0,387.45967532118743,1,-7.265809495014594,-27,13,5,3.986193622169676
1219,3032301,406510.0,3383525.0,28,260,9,4,2585.0,12.2,483,0,5,406345,3383605,484,0,5,-93.5,511,-165.0,80.0,183.3712082089225,1,35.866356794094486,-27,13,5,8.37617622112961
1220,3032301,406510.0,3383525.0,28,260,9,4,2585.0,12.2,483,0,5,406370,3383680,485,0,5,-104.67,511,-140.0,155.0,208.86598574205422,2,57.91083782616778,-26,13,5,7.095776848365501
1221,3032301,406510.0,3383525.0,28,260,9,4,2585.0,12.2,483,0,5,406375,3383675,485,0,5,-97.1,511,-135.0,150.0,201.80436070610565,2,58.012787504183336,-26,13,5,7.341411585411807
1222,3032301,406510.0,3383525.0,28,260,9,4,2585.0,12.2,483,0,5,406395,3383655,485,0,5,-98.9,511,-115.0,130.0,173.5655495770978,2,58.50353164478446,-26,13,5,8.519519756403936
1223,3032301,406510.0,3383525.0,28,260,9,4,2585.0,12.2,483,0,5,406390,3383660,485,0,5,-100.0,511,-120.0,135.0,180.62391868188442,2,58.36646066342979,-26,13,5,8.191204037309054
1224,3032301,406510.0,3383525.0,28,260,9,4,2585.0,12.2,483,0,5,406120,3383430,483,0,5,-108.36,511,-390.0,-95.0,401.40378672852603,0,-3.6900496174655473,-28,13,5,3.990214886180112
1225,3032301,406510.0,3383525.0,28,260,9,4,2585.0,12.2,483,0,5,406130,3383440,483,0,5,-108.5,511,-380.0,-85.0,389.39054944875073,0,-2.6086067933662207,-28,13,5,4.1129023669202684
1226,3032301,406510.0,3383525.0,28,260,9,4,2585.0,12.2,483,0,5,406505,3383765,485,0,5,-93.0,511,-5.0,240.0,240.05207768315609,2,98.80651057601796,-26,13,5,6.18159920667612
1227,3032301,406510.0,3383525.0,28,260,9,4,2585.0,12.2,483,0,5,406135,3383435,483,0,5,-119.33,511,-375.0,-90.0,385.64880396547323,0,-3.4957332807958323,-28,13,5,4.152668738528093
1228,3032301,406510.0,3383525.0,28,260,9,4,2585.0,12.2,483,0,5,406150,3383420,484,0,5,-107.88,511,-360.0,-105.0,375.0,1,-6.26020470831196,-27,13,5,4.118189703988783
1229,3032301,406510.0,3383525.0,28,260,9,4,2585.0,12.2,483,0,5,406155,3383415,484,0,5,-107.13,511,-355.0,-110.0,371.6517186829626,1,-7.216073587790731,-27,13,5,4.155161888985744
1230,3032301,406510.0,3383525.0,28,260,9,4,2585.0,12.2,483,0,5,406125,3383425,484,0,5,-107.0,511,-385.0,-100.0,397.77506206397607,1,-4.560275619356901,-27,13,5,3.883141248384596
1231,3032301,406510.0,3383525.0,28,260,9,4,2585.0,12.2,483,0,5,406495,3383260,484,0,6,-114.5,511,-15.0,-265.0,265.42418879973997,1,-76.76029970389789,-27,13,5,5.808374100966896
1232,3032301,406510.0,3383525.0,28,260,9,4,2585.0,12.2,483,0,5,406490,3383255,484,0,5,-103.2,511,-20.0,-270.0,270.7397274136177,1,-75.76360520094119,-27,13,5,5.695093100925814
1233,3032301,406510.0,3383525.0,28,260,9,4,2585.0,12.2,483,0,5,406525,3383210,486,0,5,-101.5,511,15.0,-315.0,315.35694062442957,3,-82.72631099390628,-25,13,5,4.532657788813183
1234,3032301,406510.0,3383525.0,28,260,9,4,2585.0,12.2,483,0,5,406480,3383245,485,0,5,-105.8,511,-30.0,-280.0,281.60255680657446,2,-73.88449643371459,-26,13,5,5.2750898440274225
1235,3032301,406510.0,3383525.0,28,260,9,4,2585.0,12.2,483,0,5,406565,3383170,487,0,5,-102.0,511,55.0,-355.0,359.23529893372114,4,-88.80679269443533,-24,13,5,3.822169782045351
1236,3032301,406510.0,3383525.0,28,260,9,4,2585.0,12.2,483,0,5,406560,3383165,487,0,5,-106.0,511,50.0,-360.0,363.45563690772497,4,-87.90716270295843,-24,13,5,3.777917170628305
1237,3032301,406510.0,3383525.0,28,260,9,4,2585.0,12.2,483,0,5,406485,3383250,484,0,5,-103.67,511,-25.0,-275.0,276.1340254296815,1,-74.80557109226521,-27,13,5,5.584549265682211
1238,3032301,406510.0,3383525.0,28,260,9,4,2585.0,12.2,483,0,5,406570,3383175,486,0,6,-106.0,511,60.0,-350.0,355.10561809129405,3,-89.72757855140162,-25,13,5,4.027069493591816
1239,3032301,406510.0,3383525.0,28,260,9,4,2585.0,12.2,483,0,5,406625,3383150,487,0,6,-108.67,511,115.0,-375.0,392.23717314910374,4,-97.04903097210979,-24,13,5,3.5014184444302474
1240,3032301,406510.0,3383525.0,28,260,9,4,2585.0,12.2,483,0,5,406575,3383180,486,0,5,-111.0,511,65.0,-345.0,351.0697936308392,3,-90.66978280449666,-25,13,5,4.073208896767388
1241,3032301,406510.0,3383525.0,28,260,9,4,2585.0,12.2,483,0,5,406520,3383205,486,0,5,-104.75,511,10.0,-320.0,320.1562118716424,3,-81.78991060824603,-25,13,5,4.464988243535739
1242,3032301,406510.0,3383525.0,28,260,9,4,2585.0,12.2,483,0,5,406480,3383895,487,0,5,-122.0,511,-30.0,370.0,371.2142238654117,4,95.36453657309738,-24,13,5,3.699178138545803
1243,3032301,406510.0,3383525.0,28,260,9,4,2585.0,12.2,483,0,5,406500,3383915,487,0,5,-108.0,511,-10.0,390.0,390.1281840626232,4,98.53119928561415,-24,13,5,3.5202992463328324
1244,3032301,406510.0,3383525.0,28,260,9,4,2585.0,12.2,483,0,5,406335,3383605,484,0,5,-95.5,511,-175.0,80.0,192.41881404893857,1,34.56717132060129,-27,13,5,7.987531066305354
1245,3032301,406510.0,3383525.0,28,260,9,4,2585.0,12.2,483,0,5,406140,3383440,483,0,5,-106.6,511,-370.0,-85.0,379.63798545456433,0,-2.938056317186465,-28,13,5,4.218182573969695
1246,3032301,406510.0,3383525.0,28,260,9,4,2585.0,12.2,483,0,5,406155,3383425,484,0,5,-106.5,511,-355.0,-100.0,368.81567211820055,1,-5.732004785107307,-27,13,5,4.1870002394894215
1247,3032301,406510.0,3383525.0,28,260,9,4,2585.0,12.2,483,0,5,406395,3383665,485,0,5,-94.25,511,-115.0,140.0,181.1767093199344,2,60.599339336520586,-26,13,5,8.166549369798824
1248,3032301,406510.0,3383525.0,28,260,9,4,2585.0,12.2,483,0,5,406145,3383435,483,0,5,-108.8,511,-365.0,-90.0,375.9321747336878,0,-3.851419013805014,-28,13,5,4.259611670604174
1249,3032301,406510.0,3383525.0,28,260,9,4,2585.0,12.2,483,0,5,406150,3383430,483,0,5,-113.67,511,-360.0,-95.0,372.3237838226293,0,-4.782726042615678,-28,13,5,4.300739717267792
1250,3032301,406510.0,3383525.0,28,260,9,4,2585.0,12.2,483,0,5,406390,3383670,485,0,5,-96.8,511,-120.0,145.0,188.2153022471871,2,60.389311759973396,-26,13,5,7.865043805087248
1251,3032301,406510.0,3383525.0,28,260,9,4,2585.0,12.2,483,0,5,406230,3383685,486,0,5,-103.5,511,-280.0,160.0,322.49030993194197,3,39.7448812969422,-25,13,5,4.432801129005423
1252,3032301,406510.0,3383525.0,28,260,9,4,2585.0,12.2,483,0,5,406235,3383690,486,0,5,-99.0,511,-275.0,165.0,320.7023542164915,3,40.96375653207349,-25,13,5,4.457415228926036
1253,3032301,406510.0,3383525.0,28,260,9,4,2585.0,12.2,483,0,5,406655,3383305,486,0,5,-97.0,511,145.0,-220.0,263.48624252510797,3,-113.3885135761115,-25,13,5,5.42009008386343
1254,3032301,406510.0,3383525.0,28,260,9,4,2585.0,12.2,483,0,5,406540,3383180,487,0,5,-108.0,511,30.0,-345.0,346.30189141845585,4,-84.96974072811031,-24,13,5,3.964470108715351
1255,3032301,406510.0,3383525.0,28,260,9,4,2585.0,12.2,483,0,5,406610,3383270,484,0,5,-95.25,511,100.0,-255.0,273.9069184960467,1,-101.41296947487172,-27,13,5,5.629666097394413
1256,3032301,406510.0,3383525.0,28,260,9,4,2585.0,12.2,483,0,5,406670,3383290,486,0,5,-100.0,511,160.0,-235.0,284.29737951659,3,-114.24903300681194,-25,13,5,5.025439936719966
1257,3032301,406510.0,3383525.0,28,260,9,4,2585.0,12.2,483,0,5,406555,3383165,487,0,5,-100.0,511,45.0,-360.0,362.80159867343474,4,-87.1250163489018,-24,13,5,3.784708009994458
1258,3032301,406510.0,3383525.0,28,260,9,4,2585.0,12.2,483,0,5,406535,3383185,487,0,6,-104.0,511,25.0,-340.0,340.91787867461574,4,-84.20535700170853,-24,13,5,4.0268754026581535
1259,3032301,406510.0,3383525.0,28,260,9,4,2585.0,12.2,483,0,5,406665,3383295,486,0,5,-94.13,511,155.0,-230.0,277.35356496717327,3,-113.97654403625688,-25,13,5,5.150588150249143
1260,3032301,406510.0,3383525.0,28,260,9,4,2585.0,12.2,483,0,5,406525,3383195,486,0,5,-95.0,511,15.0,-330.0,330.3407331831786,3,-82.60256220249983,-25,13,5,4.327862362248259
1261,3032301,406510.0,3383525.0,28,260,9,4,2585.0,12.2,483,0,5,406710,3383330,486,0,6,-94.75,511,200.0,-195.0,279.32955446926843,3,-125.72522429905928,-25,13,5,5.114346577309826
1262,3032301,406510.0,3383525.0,28,260,9,4,2585.0,12.2,483,0,5,406485,3383155,488,0,14,-103.17,511,-25.0,-370.0,370.84363281577316,5,-76.13453883014824,-23,13,5,3.5489813660598095
1263,3032301,406510.0,3383525.0,28,260,9,4,2585.0,12.2,483,0,5,406715,3383325,486,0,6,-93.73,511,205.0,-200.0,286.40006983239374,3,-125.70731936854423,-25,13,5,4.9887310670497955
1264,3032301,406510.0,3383525.0,28,260,9,4,2585.0,12.2,483,0,5,406615,3383265,485,0,5,-95.53,511,105.0,-260.0,280.40149785619906,2,-101.99112991717709,-26,13,5,5.297556640135207
1265,3032301,406510.0,3383525.0,28,260,9,4,2585.0,12.2,483,0,5,406520,3383200,486,0,5,-101.83,511,10.0,-325.0,325.1538097577822,3,-81.76239102366048,-25,13,5,4.396632765403423
1266,3032301,406510.0,3383525.0,28,260,9,4,2585.0,12.2,483,0,5,406770,3383430,487,0,5,-93.5,511,260.0,-95.0,276.81221071332817,4,-149.92847413546127,-24,13,5,4.9552314341739345
1267,3032301,406510.0,3383525.0,28,260,9,4,2585.0,12.2,483,0,5,406480,3383160,488,0,14,-94.67,511,-30.0,-365.0,366.23080154459973,5,-75.30131948270056,-23,13,5,3.593565871623092
1268,3032301,406510.0,3383525.0,28,260,9,4,2585.0,12.2,483,0,5,406705,3383335,486,0,6,-105.5,511,195.0,-190.0,272.2590678012396,3,-125.7440592028887,-25,13,5,5.246432754619428
1269,3032301,406510.0,3383525.0,28,260,9,4,2585.0,12.2,483,0,5,406700,3383340,486,0,6,-95.94,511,190.0,-185.0,265.1886121235224,3,-125.76389846093002,-25,13,5,5.385501223535447
1270,3032301,406510.0,3383525.0,28,260,9,4,2585.0,12.2,483,0,5,406750,3383370,486,0,6,-93.0,511,240.0,-155.0,285.70089254323307,3,-137.144278049567,-25,13,5,5.0008778305303245
1271,3032301,406510.0,3383525.0,28,260,9,4,2585.0,12.2,483,0,5,406725,3383395,486,0,6,-98.0,511,215.0,-130.0,251.24689052802225,3,-138.84069549165565,-25,13,5,5.6824384835168384
1272,3032301,406510.0,3383525.0,28,260,9,4,2585.0,12.2,483,0,5,406695,3383345,486,0,6,-95.0,511,185.0,-180.0,258.11818998280614,3,-125.78482460299188,-25,13,5,5.532118826509294
1273,3032301,406510.0,3383525.0,28,260,9,4,2585.0,12.2,483,0,5,406530,3383190,487,0,5,-105.0,511,20.0,-335.0,335.5964838909967,4,-83.41658819177133,-24,13,5,4.090512597981479
1274,3032301,406510.0,3383525.0,28,260,9,4,2585.0,12.2,483,0,5,406660,3383300,486,0,5,-92.38,511,150.0,-225.0,270.4163456597992,3,-113.69006752597977,-25,13,5,5.281982452343407
1275,3032301,406510.0,3383525.0,28,260,9,4,2585.0,12.2,483,0,5,406285,3383755,486,0,5,-100.5,511,-225.0,230.0,321.7530108639234,3,55.62959860841028,-25,13,5,4.44291829686393
1276,3032301,406510.0,3383525.0,28,260,9,4,2585.0,12.2,483,0,5,406800,3383320,487,0,7,-104.67,511,290.0,-205.0,355.1408171415953,4,-134.74364128703712,-24,13,5,3.866103380836609
1277,3032301,406510.0,3383525.0,28,260,9,4,2585.0,12.2,483,0,5,406260,3383700,486,0,5,-99.83,511,-250.0,175.0,305.16389039334257,3,44.992020198558635,-25,13,5,4.683394442175811
1278,3032301,406510.0,3383525.0,28,260,9,4,2585.0,12.2,483,0,5,406305,3383735,486,0,13,-100.35,511,-205.0,210.0,293.47061181658376,3,55.6902771978651,-25,13,5,4.869123270090518
1279,3032301,406510.0,3383525.0,28,260,9,4,2585.0,12.2,483,0,5,406255,3383705,486,0,5,-101.0,511,-255.0,180.0,312.1297807002722,3,45.21759296819272,-25,13,5,4.579323359188245
1280,3032301,406510.0,3383525.0,28,260,9,4,2585.0,12.2,483,0,5,406290,3383750,486,0,5,-96.0,511,-220.0,225.0,314.6823795511913,3,55.643745714175395,-25,13,5,4.542333490454983
1281,3032301,406510.0,3383525.0,28,260,9,4,2585.0,12.2,483,0,5,406300,3383740,486,0,13,-97.75,511,-210.0,215.0,300.54117854297436,3,55.67403689798448,-25,13,5,4.755103264109179
1282,3032301,406510.0,3383525.0,28,260,9,4,2585.0,12.2,483,0,5,406295,3383745,486,0,13,-101.33,511,-215.0,220.0,307.6117683054405,3,55.658543177563615,-25,13,5,4.646289283371459
1283,3032301,406510.0,3383525.0,28,260,9,4,2585.0,12.2,483,0,5,406315,3383725,486,0,13,-99.92,511,-195.0,200.0,279.32955446926843,3,55.72522429905928,-25,13,5,5.114346577309826
1284,3032301,406510.0,3383525.0,28,260,9,4,2585.0,12.2,483,0,5,406310,3383730,486,0,13,-96.73,511,-200.0,205.0,286.40006983239374,3,55.70731936854423,-25,13,5,4.9887310670497955
1285,3032301,406510.0,3383525.0,28,260,9,4,2585.0,12.2,483,0,5,406250,3383710,486,0,5,-104.0,511,-260.0,185.0,319.100297712177,3,45.433314010285585,-25,13,5,4.479703007408111
1286,3032301,406510.0,3383525.0,28,260,9,4,2585.0,12.2,483,0,5,406350,3383770,486,0,5,-111.5,511,-160.0,245.0,292.61749776799064,3,66.85300416774402,-25,13,5,4.883250449013462
1287,3032301,406510.0,3383525.0,28,260,9,4,2585.0,12.2,483,0,5,406320,3383765,486,0,6,-96.5,511,-190.0,240.0,306.10455730027934,3,61.63251461513846,-25,13,5,4.669065983809868
1288,3032301,406510.0,3383525.0,28,260,9,4,2585.0,12.2,483,0,5,406300,3383745,486,0,13,-101.29,511,-210.0,220.0,304.138126514911,3,56.33221985386962,-25,13,5,4.69911946436983
1289,3032301,406510.0,3383525.0,28,260,9,4,2585.0,12.2,483,0,5,406290,3383735,486,0,5,-101.14,511,-220.0,210.0,304.138126514911,3,53.66778014613038,-25,13,5,4.69911946436983
1290,3032301,406510.0,3383525.0,28,260,9,4,2585.0,12.2,483,0,5,406270,3383715,486,0,5,-98.67,511,-240.0,190.0,306.10455730027934,3,48.36748538486154,-25,13,5,4.669065983809868
1291,3032301,406510.0,3383525.0,28,260,9,4,2585.0,12.2,483,0,5,406245,3383690,486,0,5,-104.57,511,-265.0,165.0,312.1698255757593,3,41.908106935653166,-25,13,5,4.578738425504314
1292,3032301,406510.0,3383525.0,28,260,9,4,2585.0,12.2,483,0,5,406260,3383705,486,0,5,-103.5,511,-250.0,180.0,308.05843601498725,3,45.753887254436734,-25,13,5,4.639581852825224
1293,3032301,406510.0,3383525.0,28,260,9,4,2585.0,12.2,483,0,5,406265,3383710,486,0,5,-102.14,511,-245.0,185.0,307.001628660175,3,47.05652818940956,-25,13,5,4.655482838857868
1294,3032301,406510.0,3383525.0,28,260,9,4,2585.0,12.2,483,0,5,406280,3383725,486,0,5,-107.33,511,-230.0,200.0,304.7950130825634,3,51.00908690157024,-25,13,5,4.689037247770214
1295,3032301,406510.0,3383525.0,28,260,9,4,2585.0,12.2,483,0,5,406505,3383630,486,0,5,-94.0,511,-5.0,105.0,105.11898020814318,3,97.27368900609372,-25,13,5,13.377884532396852
1296,3032301,406510.0,3383525.0,28,260,9,4,2585.0,12.2,483,0,5,406305,3383750,486,0,5,-102.12,511,-205.0,225.0,304.38462510448846,3,57.66300076606717,-25,13,5,4.695331016563507
1297,3032301,406510.0,3383525.0,28,260,9,4,2585.0,12.2,483,0,5,406295,3383740,486,0,13,-98.2,511,-215.0,215.0,304.05591591021545,3,55.0,-25,13,5,4.700384319592838
1298,3032301,406510.0,3383525.0,28,260,9,4,2585.0,12.2,483,0,5,406240,3383685,486,0,5,-103.75,511,-270.0,160.0,313.8470965295043,3,40.65066795705286,-25,13,5,4.5543718149725505
1299,3032301,406510.0,3383525.0,28,260,9,4,2585.0,12.2,483,0,5,406255,3383700,486,0,5,-102.0,511,-255.0,175.0,309.2733418838423,3,44.460816271371755,-25,13,5,4.621435473225798
1300,3032301,406510.0,3383525.0,28,260,9,4,2585.0,12.2,483,0,5,406275,3383720,486,0,5,-102.67,511,-235.0,195.0,305.3686296920494,3,49.68545433005522,-25,13,5,4.680268339490791
1301,3032301,406510.0,3383525.0,28,260,9,4,2585.0,12.2,483,0,5,406310,3383755,486,0,5,-101.67,511,-200.0,230.0,304.7950130825634,3,58.99091309842976,-25,13,5,4.689037247770214
1302,3032301,406510.0,3383525.0,28,260,9,4,2585.0,12.2,483,0,5,406315,3383760,486,0,5,-98.0,511,-195.0,235.0,305.3686296920494,3,60.31454566994478,-25,13,5,4.680268339490791
1303,3032301,406510.0,3383525.0,28,260,9,4,2585.0,12.2,483,0,5,406285,3383730,486,0,5,-106.86,511,-225.0,205.0,304.38462510448846,3,52.33699923393283,-25,13,5,4.695331016563507
1304,3032301,406510.0,3383525.0,28,260,9,4,2585.0,12.2,483,0,5,406430,3383235,486,0,5,-106.5,511,-80.0,-290.0,300.83217912982644,3,-64.57783868126134,-25,13,5,4.750524625311576
1305,3032301,406510.0,3383525.0,28,260,9,4,2585.0,12.2,483,0,5,406630,3383115,487,0,6,-102.0,511,120.0,-410.0,427.20018726587654,4,-96.31385242626061,-24,13,5,3.2154825851783837
1306,3032301,406510.0,3383525.0,28,260,9,4,2585.0,12.2,483,0,5,406650,3383135,487,0,6,-107.25,511,140.0,-390.0,414.36698710201324,4,-99.7468366054261,-24,13,5,3.3148493070782106
1307,3032301,406510.0,3383525.0,28,260,9,4,2585.0,12.2,483,0,5,406460,3383265,484,0,5,-107.53,511,-50.0,-260.0,264.76404589747455,1,-69.11447294534128,-27,13,5,5.822756881813176
1308,3032301,406510.0,3383525.0,28,260,9,4,2585.0,12.2,483,0,5,406440,3383245,485,0,6,-111.33,511,-70.0,-280.0,288.61739379323626,2,-65.96375653207352,-26,13,5,5.1475762489054
1309,3032301,406510.0,3383525.0,28,260,9,4,2585.0,12.2,483,0,5,406455,3383260,484,0,5,-107.27,511,-55.0,-265.0,270.64737205448716,1,-68.27488798483492,-27,13,5,5.697023705489169
1310,3032301,406510.0,3383525.0,28,260,9,4,2585.0,12.2,483,0,5,406445,3383250,485,0,6,-112.0,511,-65.0,-275.0,282.57742301889584,2,-66.70142966950573,-26,13,5,5.256993405861338
1311,3032301,406510.0,3383525.0,28,260,9,4,2585.0,12.2,483,0,5,406635,3383120,487,0,6,-99.0,511,125.0,-405.0,423.8513890504548,4,-97.15242174021182,-24,13,5,3.2408337803260747
1312,3032301,406510.0,3383525.0,28,260,9,4,2585.0,12.2,483,0,5,406655,3383140,487,0,6,-99.0,511,145.0,-385.0,411.40004861448426,4,-100.63754698468779,-24,13,5,3.338701479986937
1313,3032301,406510.0,3383525.0,28,260,9,4,2585.0,12.2,483,0,5,406420,3383225,487,0,6,-108.33,511,-90.0,-300.0,313.2091952673165,4,-63.300755766006404,-24,13,5,4.381789698842649
1314,3032301,406510.0,3383525.0,28,260,9,4,2585.0,12.2,483,0,5,406645,3383130,487,0,6,-100.4,511,135.0,-395.0,417.43262929483603,4,-98.86899945506138,-24,13,5,3.2905586114850545
1315,3032301,406510.0,3383525.0,28,260,9,4,2585.0,12.2,483,0,5,406450,3383255,485,0,5,-112.17,511,-60.0,-270.0,276.5863337187866,2,-67.47119229084848,-26,13,5,5.370205509393975
1316,3032301,406510.0,3383525.0,28,260,9,4,2585.0,12.2,483,0,5,406465,3383270,484,0,5,-108.5,511,-45.0,-255.0,258.940147524481,1,-69.99202019855869,-27,13,5,5.952788037855787
1317,3032301,406510.0,3383525.0,28,260,9,4,2585.0,12.2,483,0,5,406035,3383525,484,0,6,-104.67,511,-475.0,0.0,475.0,1,10.0,-27,13,5,3.253311900101621
1318,3032301,406510.0,3383525.0,28,260,9,4,2585.0,12.2,483,0,5,406315,3383325,484,0,6,-117.67,511,-195.0,-200.0,279.32955446926843,1,-35.72522429905925,-27,13,5,5.521059048767793
1319,3032301,406510.0,3383525.0,28,260,9,4,2585.0,12.2,483,0,5,406290,3383350,485,0,6,-109.11,511,-220.0,-175.0,281.1138559374119,2,-28.50065372034544,-26,13,5,5.2842084273071
1320,3032301,406510.0,3383525.0,28,260,9,4,2585.0,12.2,483,0,5,406300,3383340,484,0,6,-106.8,511,-210.0,-185.0,279.8660393831306,1,-31.378515295882664,-27,13,5,5.510540745761138
1321,3032301,406510.0,3383525.0,28,260,9,4,2585.0,12.2,483,0,5,406280,3383360,485,0,6,-114.33,511,-230.0,-165.0,283.0635970943632,2,-25.655328097900338,-26,13,5,5.248014749546531
1322,3032301,406510.0,3383525.0,28,260,9,4,2585.0,12.2,483,0,5,406295,3383345,484,0,6,-106.2,511,-215.0,-180.0,280.40149785619906,1,-29.936383146969916,-27,13,5,5.500082331077502
1323,3032301,406510.0,3383525.0,28,260,9,4,2585.0,12.2,483,0,5,406370,3383270,485,0,6,-105.5,511,-140.0,-255.0,290.90376415577714,2,-51.232350661156204,-26,13,5,5.107333471671918
1324,3032301,406510.0,3383525.0,28,260,9,4,2585.0,12.2,483,0,5,406375,3383265,485,0,6,-111.0,511,-135.0,-260.0,292.95904150580503,2,-52.56027205180072,-26,13,5,5.071690096719293
1325,3032301,406510.0,3383525.0,28,260,9,4,2585.0,12.2,483,0,5,406360,3383280,485,0,6,-110.0,511,-150.0,-245.0,287.2716484444645,2,-48.52316065041603,-26,13,5,5.171559994862559
1326,3032301,406510.0,3383525.0,28,260,9,4,2585.0,12.2,483,0,5,406310,3383330,484,0,6,-111.67,511,-200.0,-195.0,279.32955446926843,1,-34.27477570094075,-27,13,5,5.521059048767793
1327,3032301,406510.0,3383525.0,28,260,9,4,2585.0,12.2,483,0,5,406030,3383530,485,0,6,-106.33,511,-480.0,5.0,480.02604096027954,2,10.596809451229205,-26,13,5,3.1003235792078256
1328,3032301,406510.0,3383525.0,28,260,9,4,2585.0,12.2,483,0,5,406305,3383335,484,0,6,-108.38,511,-205.0,-190.0,279.5084971874737,1,-32.825255885389964,-27,13,5,5.517546258247726
1329,3032301,406510.0,3383525.0,28,260,9,4,2585.0,12.2,483,0,5,406375,3383630,485,0,5,-94.33,511,-135.0,105.0,171.0263137648707,2,47.874983651098205,-26,13,5,8.644112460899281
1330,3032301,406510.0,3383525.0,28,260,9,4,2585.0,12.2,483,0,5,406370,3383625,485,0,5,-94.0,511,-140.0,100.0,172.04650534085255,2,45.537677791974374,-26,13,5,8.593622598673132
1331,3032301,406510.0,3383525.0,28,260,9,4,2585.0,12.2,483,0,5,406115,3383425,484,0,5,-110.67,511,-395.0,-100.0,407.4616546375867,1,-4.206766117760367,-27,13,5,3.791099733936713
1332,3032301,406510.0,3383525.0,28,260,9,4,2585.0,12.2,483,0,5,406360,3383620,485,0,5,-98.67,511,-150.0,95.0,177.55280904564702,2,42.34744349944202,-26,13,5,8.330914333833304
1333,3032301,406510.0,3383525.0,28,260,9,4,2585.0,12.2,483,0,5,406385,3383635,485,0,13,-97.67,511,-125.0,110.0,166.50825805346713,2,51.34777721969368,-26,13,5,8.874977188958132
1334,3032301,406510.0,3383525.0,28,260,9,4,2585.0,12.2,483,0,5,406365,3383615,485,0,5,-97.0,511,-145.0,90.0,170.66048165876012,2,41.82744657667308,-26,13,5,8.662361418010223
1335,3032301,406510.0,3383525.0,28,260,9,4,2585.0,12.2,483,0,5,406380,3383640,485,0,5,-94.25,511,-130.0,115.0,173.5655495770978,2,51.49646835521554,-26,13,5,8.519519756403936
1336,3032301,406510.0,3383525.0,28,260,9,4,2585.0,12.2,483,0,5,406105,3383435,483,0,5,-106.6,511,-405.0,-90.0,414.87950057817994,0,-2.528807709151522,-28,13,5,3.8610071499798866
1337,3032301,406510.0,3383525.0,28,260,9,4,2585.0,12.2,483,0,5,406110,3383430,483,0,5,-106.75,511,-400.0,-95.0,411.1265012134343,0,-3.3602184447644845,-28,13,5,3.8961445829473424
1338,3032301,406510.0,3383525.0,28,260,9,4,2585.0,12.2,483,0,5,406100,3383440,483,0,5,-106.13,511,-410.0,-85.0,418.7182823808867,0,-1.712472311087481,-28,13,5,3.8257152903200917
1339,3032301,406510.0,3383525.0,28,260,9,4,2585.0,12.2,483,0,5,406480,3383910,487,0,5,-104.1,511,-30.0,385.0,386.16706229299257,4,95.54439716667366,-24,13,5,3.556316631301241
1340,3032301,406510.0,3383525.0,28,260,9,4,2585.0,12.2,483,0,5,406495,3383915,487,0,5,-112.0,511,-15.0,390.0,390.2883549377306,4,97.79740183823418,-24,13,5,3.518858177610564
1341,3032301,406510.0,3383525.0,28,260,9,4,2585.0,12.2,483,0,5,406490,3383920,487,0,5,-109.4,511,-20.0,395.0,395.50600501130197,4,97.10142320071827,-24,13,5,3.4725505535824186
1342,3032301,406510.0,3383525.0,28,260,9,4,2585.0,12.2,483,0,5,406485,3383905,487,0,5,-106.5,511,-25.0,380.0,380.8214804865923,4,96.23596513509426,-24,13,5,3.606105743159243
1343,3032301,406510.0,3383525.0,28,260,9,4,2585.0,12.2,483,0,5,406145,3383605,484,0,5,-100.25,511,-365.0,80.0,373.6642878306676,1,22.362492415714314,-27,13,5,4.132859795928441
1344,3032301,406510.0,3383525.0,28,260,9,4,2585.0,12.2,483,0,5,406675,3383220,487,0,6,-94.75,511,165.0,-305.0,346.77081768799405,4,-108.41266144307258,-24,13,5,3.959126152231303
1345,3032301,406510.0,3383525.0,28,260,9,4,2585.0,12.2,483,0,5,406460,3383165,488,0,5,-105.0,511,-50.0,-360.0,363.45563690772497,5,-72.09283729704154,-23,13,5,3.6209318110072246
1346,3032301,406510.0,3383525.0,28,260,9,4,2585.0,12.2,483,0,5,406690,3383275,487,0,6,-91.31,511,180.0,-250.0,308.05843601498725,4,-115.75388725443673,-24,13,5,4.454761046465503
1347,3032301,406510.0,3383525.0,28,260,9,4,2585.0,12.2,483,0,5,406670,3383215,487,0,6,-99.5,511,160.0,-310.0,348.85527085024813,4,-107.29957221133282,-24,13,5,3.9355444464476013
1348,3032301,406510.0,3383525.0,28,260,9,4,2585.0,12.2,483,0,5,406705,3383250,487,0,5,-96.67,511,195.0,-275.0,337.12015662075146,4,-115.34010692155766,-24,13,5,4.072087154050803
1349,3032301,406510.0,3383525.0,28,260,9,4,2585.0,12.2,483,0,5,406710,3383255,487,0,5,-94.0,511,200.0,-270.0,336.00595232822883,4,-116.52885536698517,-24,13,5,4.085544648571558
1350,3032301,406510.0,3383525.0,28,260,9,4,2585.0,12.2,483,0,5,406685,3383270,487,0,6,-97.25,511,175.0,-255.0,309.2733418838423,4,-114.46081627137175,-24,13,5,4.437331616388189
1351,3032301,406510.0,3383525.0,28,260,9,4,2585.0,12.2,483,0,5,406695,3383280,487,0,6,-93.46,511,185.0,-245.0,307.001628660175,4,-117.05652818940962,-24,13,5,4.470033854137253
1352,3032301,406510.0,3383525.0,28,260,9,4,2585.0,12.2,483,0,5,406665,3383210,487,0,6,-107.5,511,155.0,-315.0,351.0697936308392,4,-106.20011484134739,-24,13,5,3.91079659467187
1353,3032301,406510.0,3383525.0,28,260,9,4,2585.0,12.2,483,0,5,406330,3383340,484,0,5,-108.4,511,-180.0,-185.0,258.11818998280614,1,-35.784824602991876,-27,13,5,5.971607469966175
1354,3032301,406510.0,3383525.0,28,260,9,4,2585.0,12.2,483,0,5,406320,3383330,484,0,5,-109.86,511,-190.0,-195.0,272.2590678012396,1,-35.744059202888735,-27,13,5,5.6635188502044995
1355,3032301,406510.0,3383525.0,28,260,9,4,2585.0,12.2,483,0,5,406365,3383285,484,0,5,-107.5,511,-145.0,-240.0,280.40149785619906,1,-48.86102756302114,-27,13,5,5.500082331077502
1356,3032301,406510.0,3383525.0,28,260,9,4,2585.0,12.2,483,0,5,406370,3383300,484,0,5,-107.4,511,-140.0,-225.0,265.0,1,-48.109208198154306,-27,13,5,5.817607916892776
1357,3032301,406510.0,3383525.0,28,260,9,4,2585.0,12.2,483,0,5,406375,3383295,484,0,5,-107.25,511,-135.0,-230.0,266.6927070618917,1,-49.588918732874646,-27,13,5,5.78093425171593
1358,3032301,406510.0,3383525.0,28,260,9,4,2585.0,12.2,483,0,5,406335,3383335,484,0,5,-109.29,511,-175.0,-190.0,258.3118270617898,1,-37.35329686610831,-27,13,5,5.96716331320904
1359,3032301,406510.0,3383525.0,28,260,9,4,2585.0,12.2,483,0,5,406325,3383325,484,0,5,-108.86,511,-185.0,-200.0,272.44265451650557,1,-37.23117460803127,-27,13,5,5.6597272482822305
1360,3032301,406510.0,3383525.0,28,260,9,4,2585.0,12.2,483,0,5,406385,3383305,484,0,6,-110.67,511,-125.0,-220.0,253.03161857759991,1,-50.395549253995085,-27,13,5,6.090758241354376
1361,3032301,406510.0,3383525.0,28,260,9,4,2585.0,12.2,483,0,5,406360,3383290,484,0,5,-106.5,511,-150.0,-235.0,278.792037189013,1,-47.44999650780659,-27,13,5,5.531637813859679
1362,3032301,406510.0,3383525.0,28,260,9,4,2585.0,12.2,483,0,5,406380,3383310,484,0,6,-110.8,511,-130.0,-215.0,251.24689052802225,1,-48.84069549165562,-27,13,5,6.133695185492027
1363,3032301,406510.0,3383525.0,28,260,9,4,2585.0,12.2,483,0,5,406690,3383300,487,0,6,-96.0,511,180.0,-225.0,288.1405906844782,4,-118.65980825409008,-24,13,5,4.761328084520052
1364,3032301,406510.0,3383525.0,28,260,9,4,2585.0,12.2,483,0,5,406510,3383200,486,0,5,-107.25,511,0.0,-325.0,325.0,3,-80.0,-25,13,5,4.398705354995532
1365,3032301,406510.0,3383525.0,28,260,9,4,2585.0,12.2,483,0,5,406575,3383255,484,0,6,-98.4,511,65.0,-270.0,277.71388153997634,1,-93.5358563691342,-27,13,5,5.552979064109269
1366,3032301,406510.0,3383525.0,28,260,9,4,2585.0,12.2,483,0,5,406560,3383250,484,0,6,-105.75,511,50.0,-275.0,279.5084971874737,1,-90.30484646876607,-27,13,5,5.517546258247726
1367,3032301,406510.0,3383525.0,28,260,9,4,2585.0,12.2,483,0,5,406710,3383320,486,0,6,-93.73,511,200.0,-205.0,286.40006983239374,3,-124.29268063145571,-25,13,5,4.9887310670497955
1368,3032301,406510.0,3383525.0,28,260,9,4,2585.0,12.2,483,0,5,406715,3383315,486,0,6,-96.65,511,205.0,-210.0,293.47061181658376,3,-124.3097228021349,-25,13,5,4.869123270090518
1369,3032301,406510.0,3383525.0,28,260,9,4,2585.0,12.2,483,0,5,406705,3383305,487,0,6,-95.08,511,195.0,-220.0,293.981291921782,4,-121.55261314813481,-24,13,5,4.66715404422487
1370,3032301,406510.0,3383525.0,28,260,9,4,2585.0,12.2,483,0,5,406695,3383295,487,0,6,-90.25,511,185.0,-230.0,295.16944286290885,4,-118.8113840367584,-24,13,5,4.648449759570652
1371,3032301,406510.0,3383525.0,28,260,9,4,2585.0,12.2,483,0,5,406480,3383315,483,0,5,-96.0,511,-30.0,-210.0,212.13203435596427,0,-71.86989764584402,-28,13,5,7.519191092593948
1372,3032301,406510.0,3383525.0,28,260,9,4,2585.0,12.2,483,0,5,406450,3383265,484,0,5,-106.33,511,-60.0,-260.0,266.8332812825267,1,-67.00538320808349,-27,13,5,5.77790932682835
1373,3032301,406510.0,3383525.0,28,260,9,4,2585.0,12.2,483,0,5,406445,3383280,484,0,5,-109.0,511,-65.0,-245.0,253.4758371127315,1,-65.14138555207535,-27,13,5,6.080164161004177
1374,3032301,406510.0,3383525.0,28,260,9,4,2585.0,12.2,483,0,5,406655,3383150,487,0,6,-99.5,511,145.0,-375.0,402.0572098594925,4,-101.13982480865764,-24,13,5,3.416103187149464
1375,3032301,406510.0,3383525.0,28,260,9,4,2585.0,12.2,483,0,5,406440,3383275,484,0,5,-107.18,511,-70.0,-250.0,259.61509971494337,1,-64.35775354279127,-27,13,5,5.9374225686287065
1376,3032301,406510.0,3383525.0,28,260,9,4,2585.0,12.2,483,0,5,406470,3383245,485,0,5,-108.2,511,-40.0,-280.0,282.842712474619,2,-71.86989764584402,-26,13,5,5.252090249674784
1377,3032301,406510.0,3383525.0,28,260,9,4,2585.0,12.2,483,0,5,406475,3383250,484,0,5,-110.8,511,-35.0,-275.0,277.2183255125822,1,-72.74680538727466,-27,13,5,5.562843371733207
1378,3032301,406510.0,3383525.0,28,260,9,4,2585.0,12.2,483,0,5,406460,3383255,484,0,5,-107.88,511,-50.0,-270.0,274.5906043549196,1,-69.50852298766841,-27,13,5,5.615738854473789
1379,3032301,406510.0,3383525.0,28,260,9,4,2585.0,12.2,483,0,5,406455,3383270,484,0,5,-107.31,511,-55.0,-255.0,260.86394921491166,1,-67.82854179141253,-27,13,5,5.909199607173798
1380,3032301,406510.0,3383525.0,28,260,9,4,2585.0,12.2,483,0,5,406465,3383260,484,0,5,-106.55,511,-45.0,-265.0,268.79360111431225,1,-70.36246188706906,-27,13,5,5.736052875676191
1381,3032301,406510.0,3383525.0,28,260,9,4,2585.0,12.2,483,0,5,406400,3383235,486,0,6,-107.5,511,-110.0,-290.0,310.16124838541646,3,-59.227745317954174,-25,13,5,4.608262634813169
1382,3032301,406510.0,3383525.0,28,260,9,4,2585.0,12.2,483,0,5,406670,3383235,487,0,6,-98.0,511,160.0,-290.0,331.2099032335839,4,-108.8865817669107,-24,13,5,4.1445002479709485
1383,3032301,406510.0,3383525.0,28,260,9,4,2585.0,12.2,483,0,5,406700,3383265,487,0,6,-95.0,511,190.0,-260.0,322.02484376209236,4,-116.15818543980834,-24,13,5,4.262283480318116
1384,3032301,406510.0,3383525.0,28,260,9,4,2585.0,12.2,483,0,5,406690,3383255,487,0,6,-95.74,511,180.0,-270.0,324.49961479175903,4,-113.69006752597977,-24,13,5,4.229895939277143
1385,3032301,406510.0,3383525.0,28,260,9,4,2585.0,12.2,483,0,5,406440,3383165,488,0,14,-106.78,511,-70.0,-360.0,366.742416417845,5,-68.9964591482505,-23,13,5,3.588565866201583
1386,3032301,406510.0,3383525.0,28,260,9,4,2585.0,12.2,483,0,5,406695,3383260,487,0,6,-98.13,511,185.0,-265.0,323.18725222384626,4,-114.91940201245768,-24,13,5,4.247009506295189
1387,3032301,406510.0,3383525.0,28,260,9,4,2585.0,12.2,483,0,5,406715,3383280,487,0,6,-92.33,511,205.0,-245.0,319.4526568992658,4,-119.92039213998544,-24,13,5,4.296474773974447
1388,3032301,406510.0,3383525.0,28,260,9,4,2585.0,12.2,483,0,5,406685,3383250,487,0,6,-95.24,511,175.0,-275.0,325.96012026013244,4,-112.47119229084848,-24,13,5,4.211011685710188
1389,3032301,406510.0,3383525.0,28,260,9,4,2585.0,12.2,483,0,5,406710,3383275,487,0,6,-96.75,511,200.0,-250.0,320.1562118716424,4,-118.65980825409008,-24,13,5,4.2870683525192215
1390,3032301,406510.0,3383525.0,28,260,9,4,2585.0,12.2,483,0,5,406675,3383240,487,0,6,-94.0,511,165.0,-285.0,329.31747600150226,4,-110.06858282186244,-24,13,5,4.168232968970813
1391,3032301,406510.0,3383525.0,28,260,9,4,2585.0,12.2,483,0,5,406680,3383245,487,0,6,-93.57,511,170.0,-280.0,327.566787083184,4,-111.26373169437744,-24,13,5,4.190431048908906
1392,3032301,406510.0,3383525.0,28,260,9,4,2585.0,12.2,483,0,5,406705,3383270,487,0,6,-95.43,511,195.0,-255.0,321.01401838549043,4,-117.40535663140855,-24,13,5,4.275655083052081
1393,3032301,406510.0,3383525.0,28,260,9,4,2585.0,12.2,483,0,5,408295,3382565,485,0,7,-109.5,511,1785.0,-960.0,2026.776998093278,2,-141.72796392056728,-26,13,5,0.7349642118297963
1394,3032301,406510.0,3383525.0,28,260,9,4,2585.0,12.2,483,0,5,406470,3383310,483,0,5,-95.33,511,-40.0,-215.0,218.68927728629038,0,-69.46081627137178,-28,13,5,7.29619984163724
1395,3032301,406510.0,3383525.0,28,260,9,4,2585.0,12.2,483,0,5,406535,3383205,486,0,5,-106.0,511,25.0,-320.0,320.97507691408066,3,-84.46715906138934,-25,13,5,4.453643143195707
1396,3032301,406510.0,3383525.0,28,260,9,4,2585.0,12.2,483,0,5,406475,3383305,483,0,5,-102.0,511,-35.0,-220.0,222.76669409945464,0,-70.96051719664487,-28,13,5,7.164053917100209
1397,3032301,406510.0,3383525.0,28,260,9,4,2585.0,12.2,483,0,5,406490,3383250,484,0,5,-102.5,511,-20.0,-275.0,275.72631357924473,1,-75.84035770628736,-27,13,5,5.592754728679006
1398,3032301,406510.0,3383525.0,28,260,9,4,2585.0,12.2,483,0,5,406575,3383165,487,0,6,-109.0,511,65.0,-360.0,365.8209944768069,4,-90.2348027634232,-24,13,5,3.753559640169482
1399,3032301,406510.0,3383525.0,28,260,9,4,2585.0,12.2,483,0,5,406485,3383255,484,0,5,-103.88,511,-25.0,-270.0,271.15493725912495,1,-74.70991879462875,-27,13,5,5.6864296050508925
1400,3032301,406510.0,3383525.0,28,260,9,4,2585.0,12.2,483,0,5,406495,3383245,484,0,5,-108.57,511,-15.0,-280.0,280.40149785619906,1,-76.9335144988741,-27,13,5,5.500082331077502
1401,3032301,406510.0,3383525.0,28,260,9,4,2585.0,12.2,483,0,5,406525,3383215,485,0,6,-106.5,511,15.0,-310.0,310.3626910567699,2,-82.7702157972002,-26,13,5,4.7886555771360335
1402,3032301,406510.0,3383525.0,28,260,9,4,2585.0,12.2,483,0,5,406530,3383210,486,0,5,-104.5,511,20.0,-315.0,315.6342820417326,3,-83.63295073948825,-25,13,5,4.528691609162193
1403,3032301,406510.0,3383525.0,28,260,9,4,2585.0,12.2,483,0,5,406630,3383150,487,0,6,-104.67,511,120.0,-375.0,393.7321424522006,4,-97.74467162505698,-24,13,5,3.4881567276089895
1404,3032301,406510.0,3383525.0,28,260,9,4,2585.0,12.2,483,0,5,406570,3383170,487,0,5,-105.8,511,60.0,-355.0,360.0347205478938,4,-89.59313426273036,-24,13,5,3.813708103121463
1405,3032301,406510.0,3383525.0,28,260,9,4,2585.0,12.2,483,0,5,406560,3383180,486,0,5,-106.7,511,50.0,-345.0,348.60436027106715,3,-88.2463208144685,-25,13,5,4.101917850010328
1406,3032301,406510.0,3383525.0,28,260,9,4,2585.0,12.2,483,0,5,406520,3383220,485,0,6,-104.5,511,10.0,-305.0,305.16389039334257,2,-81.8778774472853,-26,13,5,4.869846495064299
1407,3032301,406510.0,3383525.0,28,260,9,4,2585.0,12.2,483,0,5,406480,3383260,484,0,5,-107.09,511,-30.0,-265.0,266.6927070618917,1,-73.54118362128133,-27,13,5,5.78093425171593
1408,3032301,406510.0,3383525.0,28,260,9,4,2585.0,12.2,483,0,5,406565,3383175,487,0,5,-103.89,511,55.0,-350.0,354.29507476113747,4,-88.93059010041895,-24,13,5,3.8753041192444555
1409,3032301,406510.0,3383525.0,28,260,9,4,2585.0,12.2,483,0,5,406635,3383145,487,0,6,-104.5,511,125.0,-380.0,400.03124877939223,4,-98.20848447058086,-24,13,5,3.433362783163656
1410,3032301,406510.0,3383525.0,28,260,9,4,2585.0,12.2,483,0,5,406505,3383275,483,0,6,-98.0,511,-5.0,-250.0,250.04999500099976,0,-78.8542371618249,-28,13,5,6.389228166019749
1411,3032301,406510.0,3383525.0,28,260,9,4,2585.0,12.2,483,0,5,406465,3383330,484,0,5,-98.0,511,-45.0,-195.0,200.124960961895,1,-67.00538320808349,-27,13,5,7.683704360641303
1412,3032301,406510.0,3383525.0,28,260,9,4,2585.0,12.2,483,0,5,406540,3383245,484,0,6,-106.0,511,30.0,-280.0,281.60255680657446,1,-86.11550356628538,-27,13,5,5.476766944218925
1413,3032301,406510.0,3383525.0,28,260,9,4,2585.0,12.2,483,0,5,406490,3383235,485,0,5,-105.67,511,-20.0,-290.0,290.68883707497264,2,-76.05481377096245,-26,13,5,5.111089695288715
1414,3032301,406510.0,3383525.0,28,260,9,4,2585.0,12.2,483,0,5,406480,3383225,486,0,5,-110.5,511,-30.0,-300.0,301.4962686336267,3,-74.28940686250036,-25,13,5,4.7401086337321425
1415,3032301,406510.0,3383525.0,28,260,9,4,2585.0,12.2,483,0,5,406590,3383135,487,0,5,-107.5,511,80.0,-390.0,398.1205847478877,4,-91.59217541029102,-24,13,5,3.449800509829931
1416,3032301,406510.0,3383525.0,28,260,9,4,2585.0,12.2,483,0,5,406420,3383285,484,0,6,-107.89,511,-90.0,-240.0,256.3201123595259,1,-59.44395478041653,-27,13,5,6.0131922412668795
1417,3032301,406510.0,3383525.0,28,260,9,4,2585.0,12.2,483,0,5,406565,3383150,487,0,5,-106.0,511,55.0,-375.0,379.0118731649445,4,-88.34389158403314,-24,13,5,3.623277481693003
1418,3032301,406510.0,3383525.0,28,260,9,4,2585.0,12.2,483,0,5,406550,3383255,484,0,6,-103.5,511,40.0,-270.0,272.9468812791236,1,-88.42696902148066,-27,13,5,5.6493394803166055
1419,3032301,406510.0,3383525.0,28,260,9,4,2585.0,12.2,483,0,5,406505,3383210,486,0,6,-110.33,511,-5.0,-315.0,315.03968004046726,3,-79.09061955080085,-25,13,5,4.53720335059847
1420,3032301,406510.0,3383525.0,28,260,9,4,2585.0,12.2,483,0,5,406425,3383290,484,0,5,-101.0,511,-85.0,-235.0,249.899979991996,1,-60.114834886144564,-27,13,5,6.16650054055902
1421,3032301,406510.0,3383525.0,28,260,9,4,2585.0,12.2,483,0,5,406545,3383250,484,0,7,-103.6,511,35.0,-275.0,277.2183255125822,1,-87.25319461272534,-27,13,5,5.562843371733207
1422,3032301,406510.0,3383525.0,28,260,9,4,2585.0,12.2,483,0,5,406595,3383140,487,0,5,-106.0,511,85.0,-385.0,394.27148007432646,4,-92.44999650780665,-24,13,5,3.4833969143828987
1423,3032301,406510.0,3383525.0,28,260,9,4,2585.0,12.2,483,0,5,406485,3383230,485,0,5,-107.5,511,-25.0,-295.0,296.05742686174926,2,-75.15599962491933,-26,13,5,5.018884904533893
1424,3032301,406510.0,3383525.0,28,260,9,4,2585.0,12.2,483,0,5,406510,3383195,486,0,5,-101.67,511,0.0,-330.0,330.0,3,-80.0,-25,13,5,4.332313983188515
1425,3032301,406510.0,3383525.0,28,260,9,4,2585.0,12.2,483,0,5,406695,3383300,487,0,6,-98.5,511,185.0,-225.0,291.29023327259017,4,-119.42780219603617,-24,13,5,4.7100780178896855
1426,3032301,406510.0,3383525.0,28,260,9,4,2585.0,12.2,483,0,5,406555,3383160,487,0,5,-107.0,511,45.0,-365.0,367.76351096866586,4,-87.02839623894965,-24,13,5,3.7337896755654754
1427,3032301,406510.0,3383525.0,28,260,9,4,2585.0,12.2,483,0,5,406570,3383255,484,0,6,-102.5,511,60.0,-270.0,276.5863337187866,1,-92.52880770915158,-27,13,5,5.575474308033315
1428,3032301,406510.0,3383525.0,28,260,9,4,2585.0,12.2,483,0,5,406705,3383310,487,0,6,-94.88,511,195.0,-215.0,290.25850547399983,4,-122.2072976342867,-24,13,5,4.726744328928483
1429,3032301,406510.0,3383525.0,28,260,9,4,2585.0,12.2,483,0,5,406700,3383305,487,0,6,-95.33,511,190.0,-220.0,290.68883707497264,4,-120.81508387488157,-24,13,5,4.719778559594303
1430,3032301,406510.0,3383525.0,28,260,9,4,2585.0,12.2,483,0,5,406710,3383315,486,0,6,-94.18,511,200.0,-210.0,290.0,3,-123.60281897270363,-25,13,5,4.927109947649014
1431,3032301,406510.0,3383525.0,28,260,9,4,2585.0,12.2,483,0,5,406715,3383320,486,0,6,-96.37,511,205.0,-205.0,289.9137802864845,3,-125.0,-25,13,5,4.928568042664063
1432,3032301,406510.0,3383525.0,28,260,9,4,2585.0,12.2,483,0,5,406515,3383200,486,0,5,-96.8,511,5.0,-325.0,325.0384592629002,3,-80.8814039965821,-25,13,5,4.398186932818697
1433,3032301,406510.0,3383525.0,28,260,9,4,2585.0,12.2,483,0,5,406550,3383155,487,0,5,-100.0,511,40.0,-370.0,372.1558813185679,4,-86.17017509502966,-24,13,5,3.6898440838307907
1434,3032301,406510.0,3383525.0,28,260,9,4,2585.0,12.2,483,0,5,406560,3383245,484,0,6,-112.0,511,50.0,-280.0,284.42925306655786,1,-90.12467165539783,-27,13,5,5.422664152899225
1435,3032301,406510.0,3383525.0,28,260,9,4,2585.0,12.2,483,0,5,406690,3383295,487,0,6,-100.5,511,180.0,-230.0,292.0616373302047,4,-118.04704253182604,-24,13,5,4.697693335964966
1436,3032301,406510.0,3383525.0,28,260,9,4,2585.0,12.2,483,0,5,406565,3383250,484,0,6,-102.33,511,55.0,-275.0,280.4460732476032,1,-91.30993247402023,-27,13,5,5.499213482011548
1437,3032301,406510.0,3383525.0,28,260,9,4,2585.0,12.2,483,0,5,406475,3383220,486,0,5,-111.0,511,-35.0,-305.0,307.001628660175,3,-73.45370921670599,-25,13,5,4.655482838857868
1438,3032301,406510.0,3383525.0,28,260,9,4,2585.0,12.2,483,0,5,406415,3383280,484,0,6,-110.2,511,-95.0,-245.0,262.77366686941826,1,-58.805943518457724,-27,13,5,5.866554883916658
1439,3032301,406510.0,3383525.0,28,260,9,4,2585.0,12.2,483,0,5,406410,3383275,484,0,5,-109.43,511,-100.0,-250.0,269.2582403567252,1,-58.198590513648185,-27,13,5,5.726220424932875
1440,3032301,406510.0,3383525.0,28,260,9,4,2585.0,12.2,483,0,5,406405,3383270,484,0,5,-107.33,511,-105.0,-255.0,275.77164466275354,1,-57.61986494804043,-27,13,5,5.591841224030371
1441,3032301,406510.0,3383525.0,28,260,9,4,2585.0,12.2,483,0,5,406450,3383235,486,0,6,-112.5,511,-60.0,-290.0,296.1418578992169,3,-68.31063082456083,-25,13,5,4.825411336616205
1442,3032301,406510.0,3383525.0,28,260,9,4,2585.0,12.2,483,0,5,406645,3383190,487,0,6,-98.0,511,135.0,-335.0,361.178626167164,4,-101.948699083527,-24,13,5,3.8016650065377013
1443,3032301,406510.0,3383525.0,28,260,9,4,2585.0,12.2,483,0,5,406620,3383045,488,0,6,-127.5,511,110.0,-480.0,492.44289008980525,5,-92.90740867126578,-23,13,5,2.674108957808409
1444,3032301,406510.0,3383525.0,28,260,9,4,2585.0,12.2,483,0,5,406665,3383170,487,0,6,-97.0,511,155.0,-355.0,387.36287896493127,4,-103.58703052512828,-24,13,5,3.545366075603847
1445,3032301,406510.0,3383525.0,28,260,9,4,2585.0,12.2,483,0,5,406610,3383075,488,0,6,-104.0,511,100.0,-450.0,460.9772228646444,5,-92.52880770915158,-23,13,5,2.856347289810994
1446,3032301,406510.0,3383525.0,28,260,9,4,2585.0,12.2,483,0,5,406650,3383195,487,0,6,-96.0,511,140.0,-330.0,358.4689665786984,4,-102.9887168020806,-24,13,5,3.8303164915146963
1447,3032301,406510.0,3383525.0,28,260,9,4,2585.0,12.2,483,0,5,406435,3383260,484,0,6,-106.0,511,-75.0,-265.0,275.40878707840824,1,-64.19748604606448,-27,13,5,5.599161821571523
1448,3032301,406510.0,3383525.0,28,260,9,4,2585.0,12.2,483,0,5,406660,3383165,487,0,6,-99.38,511,150.0,-360.0,390.0,4,-102.61986494804046,-24,13,5,3.521453376922238
1449,3032301,406510.0,3383525.0,28,260,9,4,2585.0,12.2,483,0,5,406270,3383780,486,0,5,-93.0,511,-240.0,255.0,350.1785258978626,3,56.7357045889284,-25,13,5,4.083540923698865
1450,3032301,406510.0,3383525.0,28,260,9,4,2585.0,12.2,483,0,5,406275,3383775,486,0,6,-92.25,511,-235.0,250.0,343.11076928595526,3,56.77146974003409,-25,13,5,4.167364615912806
1451,3032301,406510.0,3383525.0,28,260,9,4,2585.0,12.2,483,0,5,406350,3383700,485,0,5,-100.33,511,-160.0,175.0,237.11811402758752,2,57.563770211465,-26,13,5,6.257483673247998
1452,3032301,406510.0,3383525.0,28,260,9,4,2585.0,12.2,483,0,5,406355,3383695,485,0,5,-100.0,511,-155.0,170.0,230.05434140654683,2,57.642545294064746,-26,13,5,6.448024083715608
1453,3032301,406510.0,3383525.0,28,260,9,4,2585.0,12.2,483,0,5,406320,3383710,485,0,5,-98.67,511,-190.0,185.0,265.1886121235224,2,54.23610153906998,-26,13,5,5.5995782583276705
1454,3032301,406510.0,3383525.0,28,260,9,4,2585.0,12.2,483,0,5,406720,3383310,487,0,5,-96.2,511,210.0,-215.0,300.54117854297436,4,-124.32596310201552,-24,13,5,4.565719943907035
1455,3032301,406510.0,3383525.0,28,260,9,4,2585.0,12.2,483,0,5,406410,3383640,486,0,5,-99.0,511,-100.0,115.0,152.3975065412817,3,58.99091309842976,-25,13,5,9.316091746422073
1456,3032301,406510.0,3383525.0,28,260,9,4,2585.0,12.2,483,0,5,406735,3383315,486,0,5,-91.25,511,225.0,-210.0,307.77426793024785,3,-126.97493401088195,-25,13,5,4.643846853162072
1457,3032301,406510.0,3383525.0,28,260,9,4,2585.0,12.2,483,0,5,406730,3383320,486,0,5,-96.0,511,220.0,-205.0,300.70749907509787,3,-127.02136494035597,-25,13,5,4.7524852789501635
1458,3032301,406510.0,3383525.0,28,260,9,4,2585.0,12.2,483,0,5,406345,3383685,485,0,5,-99.6,511,-165.0,160.0,229.83689869122406,2,54.11859600341785,-26,13,5,6.454072942532735
1459,3032301,406510.0,3383525.0,28,260,9,4,2585.0,12.2,483,0,5,406325,3383705,485,0,5,-98.29,511,-185.0,180.0,258.11818998280614,2,54.215175397008124,-26,13,5,5.7519480399382905
1460,3032301,406510.0,3383525.0,28,260,9,4,2585.0,12.2,483,0,5,406725,3383305,487,0,5,-109.0,511,215.0,-220.0,307.6117683054405,4,-124.34145682243638,-24,13,5,4.461203489240744
1461,3032301,406510.0,3383525.0,28,260,9,4,2585.0,12.2,483,0,5,406340,3383690,485,0,5,-98.0,511,-170.0,165.0,236.90715480964266,2,54.14490260373327,-26,13,5,6.263011527037875
1462,3032301,406510.0,3383525.0,28,260,9,4,2585.0,12.2,483,0,5,406720,3383280,487,0,6,-88.67,511,210.0,-245.0,322.6840560052511,4,-120.60129464500449,-24,13,5,4.253608039650981
1463,3032301,406510.0,3383525.0,28,260,9,4,2585.0,12.2,483,0,5,406805,3383355,486,0,7,-91.5,511,295.0,-170.0,340.4776057246644,3,-140.04639183219854,-25,13,5,4.19947904681338
1464,3032301,406510.0,3383525.0,28,260,9,4,2585.0,12.2,483,0,5,406280,3383720,486,0,5,-100.0,511,-230.0,195.0,301.53772566629203,3,50.29214775562775,-25,13,5,4.739459906973968
1465,3032301,406510.0,3383525.0,28,260,9,4,2585.0,12.2,483,0,5,406270,3383730,486,0,5,-105.25,511,-240.0,205.0,315.6342820417326,3,50.50284838533224,-25,13,5,4.528691609162193
1466,3032301,406510.0,3383525.0,28,260,9,4,2585.0,12.2,483,0,5,406275,3383725,486,0,5,-108.75,511,-235.0,200.0,308.58548248418947,3,50.39990433373674,-25,13,5,4.631692216787853
1467,3032301,406510.0,3383525.0,28,260,9,4,2585.0,12.2,483,0,5,406040,3383515,484,0,5,-111.0,511,-470.0,-10.0,470.1063709417263,1,8.781124764868707,-27,13,5,3.2871037628188513
1468,3032301,406510.0,3383525.0,28,260,9,4,2585.0,12.2,483,0,5,406020,3383455,484,0,5,-94.0,511,-490.0,-70.0,494.9747468305833,1,1.8698976458440484,-27,13,5,3.1222894352674837
1469,3032301,406510.0,3383525.0,28,260,9,4,2585.0,12.2,483,0,5,406065,3383500,483,0,5,-111.29,511,-445.0,-25.0,445.70169396133105,0,6.784516008251785,-28,13,5,3.5947278732926184
1470,3032301,406510.0,3383525.0,28,260,9,4,2585.0,12.2,483,0,5,406050,3383505,484,0,5,-108.09,511,-460.0,-20.0,460.43457732885355,1,7.510447078000823,-27,13,5,3.3559957834983867
1471,3032301,406510.0,3383525.0,28,260,9,4,2585.0,12.2,483,0,5,406025,3383460,484,0,5,-97.0,511,-485.0,-65.0,489.33628518637363,1,2.366669412768715,-27,13,5,3.158194137775619
1472,3032301,406510.0,3383525.0,28,260,9,4,2585.0,12.2,483,0,5,406045,3383520,484,0,5,-110.0,511,-465.0,-5.0,465.02688094345683,1,9.383940091600778,-27,13,5,3.32292878216202
1473,3032301,406510.0,3383525.0,28,260,9,4,2585.0,12.2,483,0,5,406055,3383510,484,0,5,-106.83,511,-455.0,-15.0,455.2471856036015,1,8.111811993259039,-27,13,5,3.3941473505871484
1474,3032301,406510.0,3383525.0,28,260,9,4,2585.0,12.2,483,0,5,406060,3383495,484,0,5,-108.0,511,-450.0,-30.0,450.99889135118724,1,6.185925165709648,-27,13,5,3.4260435481074714
1475,3032301,406510.0,3383525.0,28,260,9,4,2585.0,12.2,483,0,5,406070,3383485,483,0,5,-105.8,511,-440.0,-40.0,441.81444068749045,0,4.805571092265211,-28,13,5,3.626271644575028
1476,3032301,406510.0,3383525.0,28,260,9,4,2585.0,12.2,483,0,5,406710,3383290,487,0,6,-90.83,511,200.0,-235.0,308.58548248418947,4,-120.39990433373669,-24,13,5,4.447183115325985
1477,3032301,406510.0,3383525.0,28,260,9,4,2585.0,12.2,483,0,5,406585,3383255,484,0,5,-95.0,511,75.0,-270.0,280.22312538404105,1,-95.52411099675419,-27,13,5,5.503561850150757
1478,3032301,406510.0,3383525.0,28,260,9,4,2585.0,12.2,483,0,5,406705,3383295,487,0,6,-94.16,511,195.0,-230.0,301.53772566629203,4,-120.29214775562775,-24,13,5,4.550694252393929
1479,3032301,406510.0,3383525.0,28,260,9,4,2585.0,12.2,483,0,5,406760,3383400,486,0,6,-97.5,511,250.0,-125.0,279.5084971874737,3,-143.43494882292202,-25,13,5,5.111089695288715
1480,3032301,406510.0,3383525.0,28,260,9,4,2585.0,12.2,483,0,5,406715,3383285,487,0,5,-97.25,511,205.0,-240.0,315.6342820417326,4,-120.50284838533224,-24,13,5,4.3482530714253125
1481,3032301,406510.0,3383525.0,28,260,9,4,2585.0,12.2,483,0,5,406680,3383320,486,0,5,-97.3,511,170.0,-205.0,266.3174797117155,3,-119.66784111834045,-25,13,5,5.362806513547218
1482,3032301,406510.0,3383525.0,28,260,9,4,2585.0,12.2,483,0,5,406580,3383260,484,0,5,-102.33,511,70.0,-265.0,274.0894014733149,1,-94.79676224505738,-27,13,5,5.62594203690644
1483,3032301,406510.0,3383525.0,28,260,9,4,2585.0,12.2,483,0,5,406685,3383315,486,0,6,-91.18,511,175.0,-210.0,273.3587386567329,3,-119.80557109226515,-25,13,5,5.225444412291295
1484,3032301,406510.0,3383525.0,28,260,9,4,2585.0,12.2,483,0,5,406700,3383300,487,0,6,-96.4,511,190.0,-225.0,294.49108645254444,4,-120.17923392190733,-24,13,5,4.659110317343991
1485,3032301,406510.0,3383525.0,28,260,9,4,2585.0,12.2,483,0,5,406255,3383395,485,0,6,-118.5,511,-255.0,-130.0,286.2254356272342,2,-17.012665347938537,-26,13,5,5.190360048955597
1486,3032301,406510.0,3383525.0,28,260,9,4,2585.0,12.2,483,0,5,406465,3383885,487,0,13,-103.1,511,-45.0,360.0,362.80159867343474,4,92.8749836510982,-24,13,5,3.784708009994458
1487,3032301,406510.0,3383525.0,28,260,9,4,2585.0,12.2,483,0,5,406460,3383890,487,0,5,-106.25,511,-50.0,365.0,368.4087403957729,4,92.1998121158183,-24,13,5,3.727268782707783
1488,3032301,406510.0,3383525.0,28,260,9,4,2585.0,12.2,483,0,5,406470,3383900,487,0,5,-107.45,511,-40.0,375.0,377.12729946266154,4,93.91147184580484,-24,13,5,3.6413350640441196
1489,3032301,406510.0,3383525.0,28,260,9,4,2585.0,12.2,483,0,5,406265,3383365,485,0,5,-112.0,511,-245.0,-160.0,292.61749776799064,2,-23.146995832255982,-26,13,5,5.077578856383761
1490,3032301,406510.0,3383525.0,28,260,9,4,2585.0,12.2,483,0,5,406180,3383610,484,0,5,-95.5,511,-330.0,85.0,340.77118422777477,1,24.44403572449221,-27,13,5,4.530198198832112
1491,3032301,406510.0,3383525.0,28,260,9,4,2585.0,12.2,483,0,5,406245,3383385,486,0,5,-131.0,511,-265.0,-140.0,299.7081914129142,3,-17.84757825978818,-25,13,5,4.768258398800724
1492,3032301,406510.0,3383525.0,28,260,9,4,2585.0,12.2,483,0,5,406430,3383860,488,0,5,-110.6,511,-80.0,335.0,344.41980198589044,5,86.56897112931836,-23,13,5,3.820480884505056
1493,3032301,406510.0,3383525.0,28,260,9,4,2585.0,12.2,483,0,5,406475,3383895,487,0,5,-106.71,511,-35.0,370.0,371.6517186829626,4,94.59620863975027,-24,13,5,3.6948356707629535
1494,3032301,406510.0,3383525.0,28,260,9,4,2585.0,12.2,483,0,5,406420,3383850,487,0,5,-120.5,511,-90.0,325.0,337.23137457834497,4,84.52136183458163,-24,13,5,4.070748706706917
1495,3032301,406510.0,3383525.0,28,260,9,4,2585.0,12.2,483,0,5,406260,3383370,486,0,5,-115.4,511,-250.0,-155.0,294.15132160165456,3,-21.798912824294433,-25,13,5,4.857909382458989
1496,3032301,406510.0,3383525.0,28,260,9,4,2585.0,12.2,483,0,5,406265,3383325,485,0,5,-106.5,511,-245.0,-200.0,316.26729201736936,2,-29.225674097336736,-26,13,5,4.69965727725539
1497,3032301,406510.0,3383525.0,28,260,9,4,2585.0,12.2,483,0,5,406380,3383210,487,0,5,-99.0,511,-130.0,-315.0,340.77118422777477,4,-57.57413807864822,-24,13,5,4.028603176834793
1498,3032301,406510.0,3383525.0,28,260,9,4,2585.0,12.2,483,0,5,406245,3383345,486,0,5,-114.0,511,-265.0,-180.0,320.3513695928269,3,-24.18612248637504,-25,13,5,4.462279166414354
1499,3032301,406510.0,3383525.0,28,260,9,4,2585.0,12.2,483,0,5,406360,3383230,486,0,5,-97.33,511,-150.0,-295.0,330.94561486745823,3,-53.04782106877104,-25,13,5,4.319982138269159
1500,3032301,406510.0,3383525.0,28,260,9,4,2585.0,12.2,483,0,5,406255,3383355,486,0,5,-111.0,511,-255.0,-170.0,306.4718584144391,3,-23.69006752597977,-25,13,5,4.663494886889304
1501,3032301,406510.0,3383525.0,28,260,9,4,2585.0,12.2,483,0,5,407615,3382795,483,0,5,-104.5,511,1105.0,-730.0,1324.3583351948218,0,-136.54991339323595,-28,13,5,1.2111849272209292
1502,3032301,406510.0,3383525.0,28,260,9,4,2585.0,12.2,483,0,5,406665,3383270,486,0,6,-95.5,511,155.0,-255.0,298.41246622753545,3,-111.29303899592014,-25,13,5,4.78886638583921
1503,3032301,406510.0,3383525.0,28,260,9,4,2585.0,12.2,483,0,5,406685,3383210,488,0,5,-104.0,511,175.0,-315.0,360.347054934545,5,-109.05460409907715,-23,13,5,3.6520840842582563
1504,3032301,406510.0,3383525.0,28,260,9,4,2585.0,12.2,483,0,5,406470,3383155,488,0,5,-100.92,511,-40.0,-370.0,372.1558813185679,5,-73.8298249049704,-23,13,5,3.5364992171005016
1505,3032301,406510.0,3383525.0,28,260,9,4,2585.0,12.2,483,0,5,406410,3383175,488,0,5,-98.0,511,-100.0,-350.0,364.0054944640259,5,-64.05460409907712,-23,13,5,3.6154766414238186
1506,3032301,406510.0,3383525.0,28,260,9,4,2585.0,12.2,483,0,5,406415,3383180,489,0,5,-100.8,511,-95.0,-345.0,357.8407467016578,6,-64.60445074600491,-22,13,5,3.5181085693565355
1507,3032301,406510.0,3383525.0,28,260,9,4,2585.0,12.2,483,0,5,406475,3383160,488,0,5,-101.3,511,-35.0,-365.0,366.67424234598207,5,-74.52263127117112,-23,13,5,3.5892313279146557
1508,3032301,406510.0,3383525.0,28,260,9,4,2585.0,12.2,483,0,5,406710,3383235,487,0,5,-103.0,511,200.0,-290.0,352.27829907617075,4,-114.59228868750995,-24,13,5,3.897421861160809
1509,3032301,406510.0,3383525.0,28,260,9,4,2585.0,12.2,483,0,5,406650,3383255,486,0,6,-103.5,511,140.0,-270.0,304.138126514911,3,-107.40757543781842,-25,13,5,4.69911946436983
1510,3032301,406510.0,3383525.0,28,260,9,4,2585.0,12.2,483,0,5,406660,3383265,486,0,5,-99.5,511,150.0,-260.0,300.1666203960727,3,-109.9816393688493,-25,13,5,4.761009585148423
1511,3032301,406510.0,3383525.0,28,260,9,4,2585.0,12.2,483,0,5,406580,3383255,484,0,6,-96.0,511,70.0,-270.0,278.9265136196271,1,-94.53445508054006,-27,13,5,5.52898742259939
1512,3032301,406510.0,3383525.0,28,260,9,4,2585.0,12.2,483,0,5,406690,3383305,487,0,6,-94.5,511,180.0,-220.0,284.2534080710379,4,-119.2894068625003,-24,13,5,4.826134052945533
1513,3032301,406510.0,3383525.0,28,260,9,4,2585.0,12.2,483,0,5,406525,3383160,487,0,5,-103.5,511,15.0,-365.0,365.3080891521566,4,-82.35329686610828,-24,13,5,3.758814671434308
1514,3032301,406510.0,3383525.0,28,260,9,4,2585.0,12.2,483,0,5,406765,3383400,486,0,5,-97.0,511,255.0,-125.0,283.98943642325855,3,-143.8860873697093,-25,13,5,5.030861307071018
1515,3032301,406510.0,3383525.0,28,260,9,4,2585.0,12.2,483,0,5,406520,3383155,487,0,5,-104.0,511,10.0,-370.0,370.1351104664349,4,-81.548157698978,-24,13,5,3.709932861725854
1516,3032301,406510.0,3383525.0,28,260,9,4,2585.0,12.2,483,0,5,406680,3383315,486,0,6,-93.35,511,170.0,-210.0,270.1851217221259,3,-118.99099404250546,-25,13,5,5.2864771632950776
1517,3032301,406510.0,3383525.0,28,260,9,4,2585.0,12.2,483,0,5,406760,3383395,486,0,5,-92.33,511,250.0,-130.0,281.7800560721074,3,-142.52556837372288,-25,13,5,5.070102466610042
1518,3032301,406510.0,3383525.0,28,260,9,4,2585.0,12.2,483,0,5,406715,3383290,487,0,5,-97.33,511,205.0,-235.0,311.8493225902535,4,-121.09950625761815,-24,13,5,4.400822346764989
1519,3032301,406510.0,3383525.0,28,260,9,4,2585.0,12.2,483,0,5,406685,3383320,486,0,6,-94.52,511,175.0,-205.0,269.5366394388711,3,-120.48601154199872,-25,13,5,5.29912365876157
1520,3032301,406510.0,3383525.0,28,260,9,4,2585.0,12.2,483,0,5,406705,3383300,487,0,6,-94.93,511,195.0,-225.0,297.7414986191881,4,-120.91438322002512,-24,13,5,4.6084675948981895
1521,3032301,406510.0,3383525.0,28,260,9,4,2585.0,12.2,483,0,5,406710,3383285,487,0,6,-95.2,511,200.0,-240.0,312.40998703626616,4,-119.80557109226515,-24,13,5,4.392955384314265
1522,3032301,406510.0,3383525.0,28,260,9,4,2585.0,12.2,483,0,5,406700,3383295,487,0,6,-92.44,511,190.0,-230.0,298.328677803526,4,-119.55966796899452,-24,13,5,4.599436030506371
1523,3032301,406510.0,3383525.0,28,260,9,4,2585.0,12.2,483,0,5,406585,3383260,484,0,5,-97.29,511,75.0,-265.0,275.40878707840824,1,-95.80251395393555,-27,13,5,5.599161821571523
1524,3032301,406510.0,3383525.0,28,260,9,4,2585.0,12.2,483,0,5,406510,3383165,487,0,5,-103.0,511,0.0,-360.0,360.0,4,-80.0,-24,13,5,3.8140748342903543
1525,3032301,406510.0,3383525.0,28,260,9,4,2585.0,12.2,483,0,5,406485,3383200,487,0,5,-107.5,511,-25.0,-325.0,325.96012026013244,4,-75.60129464500449,-24,13,5,4.211011685710188
1526,3032301,406510.0,3383525.0,28,260,9,4,2585.0,12.2,483,0,5,406395,3383255,485,0,5,-105.0,511,-115.0,-270.0,293.47061181658376,2,-56.92958775017536,-26,13,5,5.062895247751985
1527,3032301,406510.0,3383525.0,28,260,9,4,2585.0,12.2,483,0,5,406025,3383525,485,0,6,-119.33,511,-485.0,0.0,485.0,2,10.0,-26,13,5,3.0685890248606515
1528,3032301,406510.0,3383525.0,28,260,9,4,2585.0,12.2,483,0,5,406295,3383355,484,0,5,-114.25,511,-215.0,-170.0,274.0894014733149,1,-28.33334010909863,-27,13,5,5.62594203690644
1529,3032301,406510.0,3383525.0,28,260,9,4,2585.0,12.2,483,0,5,406310,3383340,484,0,5,-111.2,511,-200.0,-185.0,272.44265451650557,1,-32.76882539196876,-27,13,5,5.6597272482822305
1530,3032301,406510.0,3383525.0,28,260,9,4,2585.0,12.2,483,0,5,406280,3383350,485,0,5,-111.5,511,-230.0,-175.0,289.0069203323685,2,-27.266401900977144,-26,13,5,5.140675490597909
1531,3032301,406510.0,3383525.0,28,260,9,4,2585.0,12.2,483,0,5,406370,3383280,484,0,5,-104.5,511,-140.0,-245.0,282.17902119044925,1,-50.255118703057775,-27,13,5,5.465646261915596
1532,3032301,406510.0,3383525.0,28,260,9,4,2585.0,12.2,483,0,5,406305,3383325,484,0,5,-113.0,511,-205.0,-200.0,286.40006983239374,1,-34.29268063145577,-27,13,5,5.385569104719675
1533,3032301,406510.0,3383525.0,28,260,9,4,2585.0,12.2,483,0,5,406315,3383335,484,0,5,-107.4,511,-195.0,-190.0,272.2590678012396,1,-34.25594079711129,-27,13,5,5.6635188502044995
1534,3032301,406510.0,3383525.0,28,260,9,4,2585.0,12.2,483,0,5,406290,3383360,485,0,5,-110.67,511,-220.0,-165.0,275.0,2,-26.86989764584402,-26,13,5,5.40100080017433
1535,3032301,406510.0,3383525.0,28,260,9,4,2585.0,12.2,483,0,5,407925,3382690,483,0,5,-104.0,511,1415.0,-835.0,1643.000304321335,0,-139.45488993871822,-28,13,5,0.9763397723861057
1536,3032301,406510.0,3383525.0,28,260,9,4,2585.0,12.2,483,0,5,406230,3383395,485,0,5,-116.5,511,-280.0,-130.0,308.70698080866265,2,-14.904768808095184,-26,13,5,4.814218523158742
1537,3032301,406510.0,3383525.0,28,260,9,4,2585.0,12.2,483,0,5,406350,3383595,484,0,5,-85.5,511,-160.0,70.0,174.64249196572982,1,33.62937773065681,-27,13,5,8.788437764703827
1538,3032301,406510.0,3383525.0,28,260,9,4,2585.0,12.2,483,0,5,406120,3383445,483,0,5,-106.33,511,-390.0,-80.0,398.1205847478877,0,-1.5921754102910768,-28,13,5,4.023013592689442
1539,3032301,406510.0,3383525.0,28,260,9,4,2585.0,12.2,483,0,5,406135,3383460,483,0,5,-111.67,511,-375.0,-65.0,380.5916446797013,0,0.16643603579291266,-28,13,5,4.2076509629154
1540,3032301,406510.0,3383525.0,28,260,9,4,2585.0,12.2,483,0,5,406225,3383390,485,0,5,-117.4,511,-285.0,-135.0,315.35694062442957,2,-15.346175941946683,-26,13,5,4.7131629033029725
1541,3032301,406510.0,3383525.0,28,260,9,4,2585.0,12.2,483,0,5,406215,3383380,486,0,5,-110.75,511,-295.0,-145.0,328.70959827787203,3,-16.17528998175993,-25,13,5,4.349256039700037
1542,3032301,406510.0,3383525.0,28,260,9,4,2585.0,12.2,483,0,5,406210,3383375,486,0,5,-115.25,511,-300.0,-150.0,335.4101966249685,3,-16.565051177077976,-25,13,5,4.262693045214653
1543,3032301,406510.0,3383525.0,28,260,9,4,2585.0,12.2,483,0,5,406160,3383405,484,0,5,-104.63,511,-350.0,-120.0,370.0,1,-8.924644416051251,-27,13,5,4.1736455634292
1544,3032301,406510.0,3383525.0,28,260,9,4,2585.0,12.2,483,0,5,406510,3383755,485,0,5,-92.25,511,0.0,230.0,230.0,2,-260.0,-26,13,5,6.449534703842278
1545,3032301,406510.0,3383525.0,28,260,9,4,2585.0,12.2,483,0,5,406125,3383450,483,0,5,-109.75,511,-385.0,-75.0,392.23717314910374,0,-1.0234559637431175,-28,13,5,4.083154697797187
1546,3032301,406510.0,3383525.0,28,260,9,4,2585.0,12.2,483,0,5,406205,3383370,486,0,5,-109.5,511,-305.0,-155.0,342.12570789112004,3,-16.93952806380082,-25,13,5,4.179320995894285
1547,3032301,406510.0,3383525.0,28,260,9,4,2585.0,12.2,483,0,5,406080,3383485,483,0,5,-111.5,511,-430.0,-40.0,431.8564576337837,0,4.685454330055222,-28,13,5,3.7096573396166685
1548,3032301,406510.0,3383525.0,28,260,9,4,2585.0,12.2,483,0,5,406175,3383420,484,0,5,-116.6,511,-335.0,-105.0,351.0697936308392,1,-7.402704131356302,-27,13,5,4.397834311385332
1549,3032301,406510.0,3383525.0,28,260,9,4,2585.0,12.2,483,0,5,406165,3383410,484,0,5,-109.0,511,-345.0,-115.0,363.6619309193636,1,-8.434948822922024,-27,13,5,4.246122023344503
1550,3032301,406510.0,3383525.0,28,260,9,4,2585.0,12.2,483,0,5,406180,3383425,484,0,5,-112.67,511,-330.0,-100.0,344.81879299133334,1,-6.858398767738265,-27,13,5,4.477238566896144
1551,3032301,406510.0,3383525.0,28,260,9,4,2585.0,12.2,483,0,5,406435,3383270,484,0,5,-109.64,511,-75.0,-255.0,265.80067720004024,1,-63.61045966596524,-27,13,5,5.800203070548211
1552,3032301,406510.0,3383525.0,28,260,9,4,2585.0,12.2,483,0,5,406470,3383225,486,0,5,-108.33,511,-40.0,-300.0,302.65491900843114,3,-72.40535663140858,-25,13,5,4.722044345508071
1553,3032301,406510.0,3383525.0,28,260,9,4,2585.0,12.2,483,0,5,406425,3383280,484,0,6,-109.28,511,-85.0,-245.0,259.3260495977988,1,-60.866356794094514,-27,13,5,5.943993185647415
1554,3032301,406510.0,3383525.0,28,260,9,4,2585.0,12.2,483,0,5,406475,3383230,485,0,5,-113.67,511,-35.0,-295.0,297.06901555025894,2,-73.23382517744693,-26,13,5,5.001881288443992
1555,3032301,406510.0,3383525.0,28,260,9,4,2585.0,12.2,483,0,5,406460,3383235,485,0,6,-109.33,511,-50.0,-290.0,294.27877939124323,2,-70.21759296819272,-26,13,5,5.049063163512604
1556,3032301,406510.0,3383525.0,28,260,9,4,2585.0,12.2,483,0,5,406655,3383170,487,0,6,-97.33,511,145.0,-355.0,383.4709897762802,4,-102.21759426951826,-24,13,5,3.581255208947967
1557,3032301,406510.0,3383525.0,28,260,9,4,2585.0,12.2,483,0,5,406665,3383200,487,0,6,-106.0,511,155.0,-325.0,360.06943774777665,4,-105.49755149333782,-24,13,5,3.813341477718295
1558,3032301,406510.0,3383525.0,28,260,9,4,2585.0,12.2,483,0,5,406430,3383265,484,0,6,-111.0,511,-80.0,-260.0,272.02941017470886,1,-62.89727103094762,-27,13,5,5.668269086103665
1559,3032301,406510.0,3383525.0,28,260,9,4,2585.0,12.2,483,0,5,406405,3383260,485,0,5,-104.75,511,-105.0,-265.0,285.0438562747845,2,-58.385221057213755,-26,13,5,5.21175717059746
1560,3032301,406510.0,3383525.0,28,260,9,4,2585.0,12.2,483,0,5,406670,3383185,488,0,6,-97.5,511,160.0,-340.0,375.7658845611187,5,-105.20112364547504,-23,13,5,3.502608869378962
1561,3032301,406510.0,3383525.0,28,260,9,4,2585.0,12.2,483,0,5,406620,3383075,488,0,6,-121.5,511,110.0,-450.0,463.24939287601876,5,-93.73626830562262,-23,13,5,2.8423603581558363
1562,3032301,406510.0,3383525.0,28,260,9,4,2585.0,12.2,483,0,5,406420,3383275,484,0,6,-108.71,511,-90.0,-250.0,265.70660511172844,1,-60.201123645475064,-27,13,5,5.802242594849297
1563,3032301,406510.0,3383525.0,28,260,9,4,2585.0,12.2,483,0,5,406465,3383240,485,0,5,-115.0,511,-45.0,-285.0,288.5307609250702,2,-71.0273733851036,-26,13,5,5.149113528345509
1564,3032301,406510.0,3383525.0,28,260,9,4,2585.0,12.2,483,0,5,406660,3383195,487,0,7,-102.0,511,150.0,-330.0,362.49137920783716,4,-104.44395478041656,-24,13,5,3.7879375306672154
1565,3032301,406510.0,3383525.0,28,260,9,4,2585.0,12.2,483,0,5,406675,3383190,488,0,6,-106.0,511,165.0,-335.0,373.4300469967568,5,-106.22196677755448,-23,13,5,3.524462938511836
1566,3032301,406510.0,3383525.0,28,260,9,4,2585.0,12.2,483,0,5,406715,3383700,486,0,5,-97.5,511,205.0,175.0,269.5366394388711,3,-210.48601154199872,-25,13,5,5.29912365876157
1567,3032301,406510.0,3383525.0,28,260,9,4,2585.0,12.2,483,0,5,406490,3383915,487,0,5,-103.89,511,-20.0,390.0,390.51248379533274,4,97.06432655357884,-24,13,5,3.5168436513353463
1568,3032301,406510.0,3383525.0,28,260,9,4,2585.0,12.2,483,0,5,406485,3383910,487,0,5,-109.0,511,-25.0,385.0,385.8108344772085,4,96.28471089457122,-24,13,5,3.559591819543188
1569,3032301,406510.0,3383525.0,28,260,9,4,2585.0,12.2,483,0,5,406495,3383920,487,0,5,-108.0,511,-15.0,395.0,395.28470752104744,4,97.82525588538994,-24,13,5,3.474489876460136
1570,3032301,406510.0,3383525.0,28,260,9,4,2585.0,12.2,483,0,5,406480,3383905,487,0,5,-106.56,511,-30.0,380.0,381.18237105091833,4,95.48601154199872,-24,13,5,3.6027006005921822
1571,3032301,406510.0,3383525.0,28,260,9,4,2585.0,12.2,483,0,5,406620,3383185,486,0,5,-96.4,511,110.0,-340.0,357.35136770411276,3,-97.92791976200726,-25,13,5,4.001844143509433
1572,3032301,406510.0,3383525.0,28,260,9,4,2585.0,12.2,483,0,5,406615,3383180,486,0,5,-94.0,511,105.0,-345.0,360.62445840513925,3,-96.92751306414698,-25,13,5,3.9656391212027016
1573,3032301,406510.0,3383525.0,28,260,9,4,2585.0,12.2,483,0,5,406400,3383285,484,0,5,-107.25,511,-110.0,-240.0,264.0075756488817,1,-55.3764352138364,-27,13,5,5.83932590625923
1574,3032301,406510.0,3383525.0,28,260,9,4,2585.0,12.2,483,0,5,406625,3383190,486,0,6,-96.33,511,115.0,-335.0,354.18921496849674,3,-98.94650468950908,-25,13,5,4.037454423401566
1575,3032301,406510.0,3383525.0,28,260,9,4,2585.0,12.2,483,0,5,406525,3383250,484,0,6,-101.75,511,15.0,-275.0,275.40878707840824,1,-83.1221304621157,-27,13,5,5.599161821571523
1576,3032301,406510.0,3383525.0,28,260,9,4,2585.0,12.2,483,0,5,406490,3383215,486,0,6,-111.67,511,-20.0,-310.0,310.64449134018133,3,-76.30861401354872,-25,13,5,4.601124760365764
1577,3032301,406510.0,3383525.0,28,260,9,4,2585.0,12.2,483,0,5,406595,3383160,487,0,5,-104.83,511,85.0,-365.0,374.7665940288702,4,-93.1092081981543,-24,13,5,3.6642100305591794
1578,3032301,406510.0,3383525.0,28,260,9,4,2585.0,12.2,483,0,5,406405,3383290,484,0,6,-106.8,511,-105.0,-235.0,257.390753524675,1,-55.92450174492117,-27,13,5,5.9883619301740545
1579,3032301,406510.0,3383525.0,28,260,9,4,2585.0,12.2,483,0,5,406505,3383230,485,0,5,-106.25,511,-5.0,-295.0,295.0423698386386,2,-79.02897806892085,-26,13,5,5.036063117476906
1580,3032301,406510.0,3383525.0,28,260,9,4,2585.0,12.2,483,0,5,406500,3383225,485,0,5,-103.0,511,-10.0,-300.0,300.1666203960727,2,-78.09084756700364,-26,13,5,4.950521626816357
1581,3032301,406510.0,3383525.0,28,260,9,4,2585.0,12.2,483,0,5,406610,3383175,486,0,5,-97.5,511,100.0,-350.0,364.0054944640259,3,-95.9453959009229,-25,13,5,3.9289204963079416
1582,3032301,406510.0,3383525.0,28,260,9,4,2585.0,12.2,483,0,5,406600,3383165,486,0,5,-110.0,511,90.0,-360.0,371.07950630558946,3,-94.03624346792651,-25,13,5,3.854250110259355
1583,3032301,406510.0,3383525.0,28,260,9,4,2585.0,12.2,483,0,5,406410,3383295,484,0,6,-109.0,511,-100.0,-230.0,250.79872407968904,1,-56.50143432404792,-27,13,5,6.144572060467327
1584,3032301,406510.0,3383525.0,28,260,9,4,2585.0,12.2,483,0,5,406580,3383145,487,0,5,-106.0,511,70.0,-380.0,386.39358172723314,4,-90.43747535111811,-24,13,5,3.554237121628293
1585,3032301,406510.0,3383525.0,28,260,9,4,2585.0,12.2,483,0,5,406045,3383515,484,0,5,-107.67,511,-465.0,-10.0,465.1075144523038,1,8.7680225973603,-27,13,5,3.3223539921577605
1586,3032301,406510.0,3383525.0,28,260,9,4,2585.0,12.2,483,0,5,406040,3383520,484,0,5,-117.25,511,-470.0,-5.0,470.02659499224086,1,9.390493423324813,-27,13,5,3.2876604475924944
1587,3032301,406510.0,3383525.0,28,260,9,4,2585.0,12.2,483,0,5,406055,3383505,484,0,5,-112.75,511,-455.0,-20.0,455.4393483220351,1,7.483124343060467,-27,13,5,3.3927186099178925
1588,3032301,406510.0,3383525.0,28,260,9,4,2585.0,12.2,483,0,5,406020,3383460,484,0,5,-105.5,511,-490.0,-65.0,494.2924235713107,1,2.443655943560543,-27,13,5,3.126590910912986
1589,3032301,406510.0,3383525.0,28,260,9,4,2585.0,12.2,483,0,5,406075,3383485,483,0,5,-118.5,511,-435.0,-40.0,436.83520920365385,0,4.746197248737758,-28,13,5,3.667493236289927
1590,3032301,406510.0,3383525.0,28,260,9,4,2585.0,12.2,483,0,5,406060,3383500,484,0,5,-106.33,511,-450.0,-25.0,450.6939094329987,1,6.820169880135779,-27,13,5,3.428356403688649
1591,3032301,406510.0,3383525.0,28,260,9,4,2585.0,12.2,483,0,5,406050,3383510,484,0,5,-101.5,511,-460.0,-15.0,460.2445002387318,1,8.132321160565823,-27,13,5,3.3573786115501454
1592,3032301,406510.0,3383525.0,28,260,9,4,2585.0,12.2,483,0,5,405975,3383425,485,0,5,-102.0,511,-535.0,-100.0,544.2655601817921,2,-0.587321318237116,-26,13,5,2.7349859024414056
1593,3032301,406510.0,3383525.0,28,260,9,4,2585.0,12.2,483,0,5,406065,3383495,483,0,5,-111.43,511,-445.0,-30.0,446.0100895719737,0,6.143199014410129,-28,13,5,3.5922487939097087
1594,3032301,406510.0,3383525.0,28,260,9,4,2585.0,12.2,483,0,5,406070,3383490,483,0,5,-112.0,511,-440.0,-35.0,441.3898503590675,0,5.451957590874599,-28,13,5,3.629750577345984
1595,3032301,406510.0,3383525.0,28,260,9,4,2585.0,12.2,483,0,5,406215,3383360,486,0,5,-115.63,511,-295.0,-165.0,338.0088756231114,3,-19.219246690484624,-25,13,5,4.230040033595016
1596,3032301,406510.0,3383525.0,28,260,9,4,2585.0,12.2,483,0,5,406070,3383495,483,0,5,-107.0,511,-440.0,-30.0,441.02154142399894,0,6.0995062576180885,-28,13,5,3.6327737654589476
1597,3032301,406510.0,3383525.0,28,260,9,4,2585.0,12.2,483,0,5,406045,3383510,484,0,5,-107.22,511,-465.0,-15.0,465.2418725781247,1,8.152389734005396,-27,13,5,3.321396671297541
1598,3032301,406510.0,3383525.0,28,260,9,4,2585.0,12.2,483,0,5,406060,3383485,484,0,5,-112.5,511,-450.0,-40.0,451.7742799230607,1,4.920392139985438,-27,13,5,3.4201773366097132
1599,3032301,406510.0,3383525.0,28,260,9,4,2585.0,12.2,483,0,5,406050,3383515,484,0,5,-104.5,511,-460.0,-10.0,460.10868281309365,1,8.75463573323168,-27,13,5,3.3583673930848446
1600,3032301,406510.0,3383525.0,28,260,9,4,2585.0,12.2,483,0,5,406075,3383500,483,0,5,-111.5,511,-435.0,-25.0,435.71779858068686,0,6.71075732150814,-28,13,5,3.676872858125927
1601,3032301,406510.0,3383525.0,28,260,9,4,2585.0,12.2,483,0,5,406320,3383350,484,0,6,-109.0,511,-190.0,-175.0,258.3118270617898,1,-32.64670313389169,-27,13,5,5.96716331320904
1602,3032301,406510.0,3383525.0,28,260,9,4,2585.0,12.2,483,0,5,406360,3383310,484,0,5,-107.4,511,-150.0,-215.0,262.15453457836657,1,-45.09750438407531,-27,13,5,5.880312996345715
1603,3032301,406510.0,3383525.0,28,260,9,4,2585.0,12.2,483,0,5,406375,3383315,484,0,6,-111.25,511,-135.0,-210.0,249.64975465639858,1,-47.26477372789239,-27,13,5,6.172633569058108
1604,3032301,406510.0,3383525.0,28,260,9,4,2585.0,12.2,483,0,5,406365,3383305,484,0,5,-105.6,511,-145.0,-220.0,263.48624252510797,1,-46.61148642388849,-27,13,5,5.850799507144896
1605,3032301,406510.0,3383525.0,28,260,9,4,2585.0,12.2,483,0,5,406345,3383325,484,0,5,-107.31,511,-165.0,-200.0,259.2778432492835,1,-40.47736872882888,-27,13,5,5.9450904107478495
1606,3032301,406510.0,3383525.0,28,260,9,4,2585.0,12.2,483,0,5,406395,3383295,484,0,5,-109.0,511,-115.0,-230.0,257.14781741247583,1,-53.434948822921996,-27,13,5,5.993978167430555
1607,3032301,406510.0,3383525.0,28,260,9,4,2585.0,12.2,483,0,5,406370,3383320,484,0,6,-112.0,511,-140.0,-205.0,248.2438317461282,1,-45.66978280449666,-27,13,5,6.2073199868361515
1608,3032301,406510.0,3383525.0,28,260,9,4,2585.0,12.2,483,0,5,406390,3383300,484,0,5,-108.92,511,-120.0,-225.0,255.0,1,-51.927513064147064,-27,13,5,6.044092162241109
1609,3032301,406510.0,3383525.0,28,260,9,4,2585.0,12.2,483,0,5,406380,3383290,484,0,5,-112.75,511,-130.0,-235.0,268.5609800399157,1,-51.0490047925332,-27,13,5,5.740988132976461
1610,3032301,406510.0,3383525.0,28,260,9,4,2585.0,12.2,483,0,5,406385,3383285,484,0,5,-109.4,511,-125.0,-240.0,270.60118255469615,1,-52.48799737614854,-27,13,5,5.697989744340698
1611,3032301,406510.0,3383525.0,28,260,9,4,2585.0,12.2,483,0,5,406340,3383330,484,0,5,-106.69,511,-170.0,-195.0,258.69866640553056,1,-38.91824886406738,-27,13,5,5.958304685663736
1612,3032301,406510.0,3383525.0,28,260,9,4,2585.0,12.2,483,0,5,406325,3383345,484,0,5,-106.0,511,-185.0,-180.0,258.11818998280614,1,-34.215175397008096,-27,13,5,5.971607469966175
1613,3032301,406510.0,3383525.0,28,260,9,4,2585.0,12.2,483,0,5,406355,3383330,484,0,6,-103.0,511,-155.0,-195.0,249.09837414162303,1,-41.519801751656985,-27,13,5,6.186190903108777
1614,3032301,406510.0,3383525.0,28,260,9,4,2585.0,12.2,483,0,5,406395,3383290,484,0,5,-116.0,511,-115.0,-235.0,261.6295090390226,1,-53.92464441605125,-27,13,5,5.892030391009962
1615,3032301,406510.0,3383525.0,28,260,9,4,2585.0,12.2,483,0,5,406375,3383310,484,0,5,-109.38,511,-135.0,-215.0,253.87004549572208,1,-47.875001559612485,-27,13,5,6.070793463994297
1616,3032301,406510.0,3383525.0,28,260,9,4,2585.0,12.2,483,0,5,406390,3383285,484,0,5,-107.25,511,-120.0,-240.0,268.32815729997475,1,-53.434948822921996,-27,13,5,5.745936151128177
1617,3032301,406510.0,3383525.0,28,260,9,4,2585.0,12.2,483,0,5,406350,3383325,484,0,5,-110.17,511,-160.0,-200.0,256.12496949731394,1,-41.34019174590992,-27,13,5,6.017740115910127
1618,3032301,406510.0,3383525.0,28,260,9,4,2585.0,12.2,483,0,5,406370,3383305,484,0,5,-107.5,511,-140.0,-220.0,260.76809620810593,1,-47.52880770915152,-27,13,5,5.911356329312366
1619,3032301,406510.0,3383525.0,28,260,9,4,2585.0,12.2,483,0,5,406360,3383315,484,0,5,-107.25,511,-150.0,-210.0,258.0697580112788,1,-44.462322208025626,-27,13,5,5.972720061540017
1620,3032301,406510.0,3383525.0,28,260,9,4,2585.0,12.2,483,0,5,406340,3383335,484,0,5,-108.67,511,-170.0,-190.0,254.95097567963924,1,-38.17983011986425,-27,13,5,6.045245770554437
1621,3032301,406510.0,3383525.0,28,260,9,4,2585.0,12.2,483,0,5,406380,3383295,484,0,5,-109.89,511,-130.0,-230.0,264.1968962724581,1,-50.524110996754246,-27,13,5,5.835170392744392
1622,3032301,406510.0,3383525.0,28,260,9,4,2585.0,12.2,483,0,5,406365,3383320,484,0,5,-109.0,511,-145.0,-205.0,251.09759058979438,1,-44.72757855140162,-27,13,5,6.1373143899495615
1623,3032301,406510.0,3383525.0,28,260,9,4,2585.0,12.2,483,0,5,406385,3383300,484,0,5,-111.33,511,-125.0,-225.0,257.390753524675,1,-50.94539590092285,-27,13,5,5.9883619301740545
1624,3032301,406510.0,3383525.0,28,260,9,4,2585.0,12.2,483,0,5,406065,3383460,483,0,5,-106.0,511,-445.0,-65.0,449.7221364353772,0,1.689722832475809,-28,13,5,3.5626747352792614
1625,3032301,406510.0,3383525.0,28,260,9,4,2585.0,12.2,483,0,5,406035,3383490,484,0,5,-119.0,511,-475.0,-35.0,476.28772816439437,1,5.785821477265927,-27,13,5,3.244534812892052
1626,3032301,406510.0,3383525.0,28,260,9,4,2585.0,12.2,483,0,5,406040,3383475,484,0,5,-106.5,511,-470.0,-50.0,472.65209192385896,1,3.92754359279229,-27,13,5,3.2694378155551287
1627,3032301,406510.0,3383525.0,28,260,9,4,2585.0,12.2,483,0,5,407630,3382800,483,0,5,-100.0,511,1120.0,-725.0,1334.1757755258488,0,-137.08415263894824,-28,13,5,1.202275132192263
1628,3032301,406510.0,3383525.0,28,260,9,4,2585.0,12.2,483,0,5,405995,3383445,485,0,5,-98.8,511,-515.0,-80.0,521.1765535785354,2,1.17025533209096,-26,13,5,2.855954070201065
1629,3032301,406510.0,3383525.0,28,260,9,4,2585.0,12.2,483,0,5,406605,3383770,486,0,5,-106.0,511,95.0,245.0,262.77366686941826,3,-238.8059435184577,-25,13,5,5.434700112540778
1630,3032301,406510.0,3383525.0,28,260,9,4,2585.0,12.2,483,0,5,406500,3383905,487,0,5,-110.0,511,-10.0,380.0,380.13155617496426,4,98.49256424122501,-24,13,5,3.612633370589072
1631,3032301,406510.0,3383525.0,28,260,9,4,2585.0,12.2,483,0,5,406295,3383750,486,0,5,-99.0,511,-215.0,225.0,311.20732639190874,3,56.301952672578864,-25,13,5,4.592839013886594
1632,3032301,406510.0,3383525.0,28,260,9,4,2585.0,12.2,483,0,5,406310,3383725,486,0,5,-97.58,511,-200.0,200.0,282.842712474619,3,55.0,-25,13,5,5.051152528017927
1633,3032301,406510.0,3383525.0,28,260,9,4,2585.0,12.2,483,0,5,406250,3383705,486,0,5,-103.0,511,-260.0,180.0,316.22776601683796,3,44.695153531233984,-25,13,5,4.520227592644633
1634,3032301,406510.0,3383525.0,28,260,9,4,2585.0,12.2,483,0,5,406495,3383630,486,0,5,-97.0,511,-15.0,105.0,106.06601717798213,3,91.86989764584405,-25,13,5,13.262676008304844
1635,3032301,406510.0,3383525.0,28,260,9,4,2585.0,12.2,483,0,5,406290,3383745,486,0,5,-98.33,511,-220.0,220.0,311.1269837220809,3,55.0,-25,13,5,4.594019951815725
1636,3032301,406510.0,3383525.0,28,260,9,4,2585.0,12.2,483,0,5,406255,3383710,486,0,5,-97.22,511,-255.0,185.0,315.03968004046726,3,45.9605171966449,-25,13,5,4.53720335059847
1637,3032301,406510.0,3383525.0,28,260,9,4,2585.0,12.2,483,0,5,406260,3383695,486,0,5,-100.75,511,-250.0,170.0,302.32432915661946,3,44.2157021324374,-25,13,5,4.72718448511272
1638,3032301,406510.0,3383525.0,28,260,9,4,2585.0,12.2,483,0,5,406305,3383740,486,0,13,-95.33,511,-205.0,215.0,297.06901555025894,3,56.36392753160294,-25,13,5,4.81042192441519
1639,3032301,406510.0,3383525.0,28,260,9,4,2585.0,12.2,483,0,5,406265,3383700,486,0,5,-100.4,511,-245.0,175.0,301.0813843464919,3,45.537677791974374,-25,13,5,4.7466105869379875
1640,3032301,406510.0,3383525.0,28,260,9,4,2585.0,12.2,483,0,5,406300,3383735,486,0,5,-93.1,511,-210.0,210.0,296.98484809834997,3,55.0,-25,13,5,4.811778829299293
1641,3032301,406510.0,3383525.0,28,260,9,4,2585.0,12.2,483,0,5,406315,3383730,486,0,13,-95.75,511,-195.0,205.0,282.93108701590216,3,56.432096184164664,-25,13,5,5.049582940765654
1642,3032301,406510.0,3383525.0,28,260,9,4,2585.0,12.2,483,0,5,406480,3383635,486,0,5,-105.6,511,-30.0,110.0,114.0175425099138,3,84.7448812969422,-25,13,5,12.367217013352775
1643,3032301,406510.0,3383525.0,28,260,9,4,2585.0,12.2,483,0,5,406240,3383345,486,0,5,-117.0,511,-270.0,-180.0,324.49961479175903,3,-23.69006752597977,-25,13,5,4.40546156903188
1644,3032301,406510.0,3383525.0,28,260,9,4,2585.0,12.2,483,0,5,406380,3383205,487,0,5,-100.43,511,-130.0,-320.0,345.3983207834109,4,-57.890551656248334,-24,13,5,3.974808061346391
1645,3032301,406510.0,3383525.0,28,260,9,4,2585.0,12.2,483,0,5,406360,3383225,486,0,5,-101.33,511,-150.0,-300.0,335.4101966249685,3,-53.434948822921996,-25,13,5,4.262693045214653
1646,3032301,406510.0,3383525.0,28,260,9,4,2585.0,12.2,483,0,5,406245,3383350,486,0,5,-125.0,511,-265.0,-175.0,317.56889016400834,3,-23.43986920578226,-25,13,5,4.501216846856416
1647,3032301,406510.0,3383525.0,28,260,9,4,2585.0,12.2,483,0,5,406135,3383570,483,0,5,-97.0,511,-375.0,45.0,377.69034936042516,0,16.842773412630947,-28,13,5,4.239855360524062
1648,3032301,406510.0,3383525.0,28,260,9,4,2585.0,12.2,483,0,5,406150,3383585,483,0,5,-98.5,511,-360.0,60.0,364.9657518178932,0,19.462322208025626,-28,13,5,4.387111249722437
1649,3032301,406510.0,3383525.0,28,260,9,4,2585.0,12.2,483,0,5,406175,3383610,484,0,5,-100.33,511,-335.0,85.0,345.61539317570913,1,24.237280465761046,-27,13,5,4.466960906285242
1650,3032301,406510.0,3383525.0,28,260,9,4,2585.0,12.2,483,0,5,406250,3383365,486,0,5,-109.0,511,-260.0,-160.0,305.28675044947494,3,-21.607502246248913,-25,13,5,4.6815180292073775
1651,3032301,406510.0,3383525.0,28,260,9,4,2585.0,12.2,483,0,5,406155,3383590,483,0,5,-123.67,511,-355.0,65.0,360.90164865237176,0,20.375844920051065,-28,13,5,4.436318259211632
1652,3032301,406510.0,3383525.0,28,260,9,4,2585.0,12.2,483,0,5,406260,3383395,485,0,6,-119.67,511,-250.0,-130.0,281.7800560721074,2,-17.474431626277124,-26,13,5,5.271785680629503
1653,3032301,406510.0,3383525.0,28,260,9,4,2585.0,12.2,483,0,5,406275,3383390,485,0,6,-121.5,511,-235.0,-135.0,271.01660465735307,2,-19.87599269168942,-26,13,5,5.479904820382892
1654,3032301,406510.0,3383525.0,28,260,9,4,2585.0,12.2,483,0,5,406110,3383545,483,0,5,-101.0,511,-400.0,20.0,400.4996878900157,0,12.862405226111719,-28,13,5,3.9991933103084403
1655,3032301,406510.0,3383525.0,28,260,9,4,2585.0,12.2,483,0,5,406430,3383865,488,0,5,-109.0,511,-80.0,340.0,349.28498393145964,5,86.75948008481282,-23,13,5,3.767419832121818
1656,3032301,406510.0,3383525.0,28,260,9,4,2585.0,12.2,483,0,5,406240,3383375,486,0,5,-127.0,511,-270.0,-150.0,308.86890422961,3,-19.054604099077153,-25,13,5,4.627460587705467
1657,3032301,406510.0,3383525.0,28,260,9,4,2585.0,12.2,483,0,5,406435,3383870,488,0,5,-108.6,511,-75.0,345.0,353.0580688781946,5,87.73522627210758,-23,13,5,3.7272720181214645
1658,3032301,406510.0,3383525.0,28,260,9,4,2585.0,12.2,483,0,5,406180,3383635,485,0,5,-95.75,511,-330.0,110.0,347.85054261852173,2,28.434948822922024,-26,13,5,4.274609806342519
1659,3032301,406510.0,3383525.0,28,260,9,4,2585.0,12.2,483,0,5,406270,3383385,485,0,6,-119.5,511,-240.0,-140.0,277.8488797889961,2,-20.256437163529256,-26,13,5,5.345944979811993
1660,3032301,406510.0,3383525.0,28,260,9,4,2585.0,12.2,483,0,5,406455,3383890,487,0,5,-103.09,511,-55.0,365.0,369.120576505835,4,91.43085812016238,-24,13,5,3.720101078845864
1661,3032301,406510.0,3383525.0,28,260,9,4,2585.0,12.2,483,0,5,406450,3383885,488,0,5,-110.86,511,-60.0,360.0,364.9657518178932,5,90.53767779197437,-23,13,5,3.6059891335256404
1662,3032301,406510.0,3383525.0,28,260,9,4,2585.0,12.2,483,0,5,406185,3383640,485,0,5,-90.0,511,-325.0,115.0,344.74628351876396,2,29.486129572465757,-26,13,5,4.3129558286561265
1663,3032301,406510.0,3383525.0,28,260,9,4,2585.0,12.2,483,0,5,406210,3383645,486,0,5,-103.0,511,-300.0,120.0,323.10988842807024,3,31.801409486351815,-25,13,5,4.424334804739391
1664,3032301,406510.0,3383525.0,28,260,9,4,2585.0,12.2,483,0,5,406170,3383605,484,0,5,-97.71,511,-340.0,80.0,349.28498393145964,1,23.24051991518718,-27,13,5,4.420217948825637
1665,3032301,406510.0,3383525.0,28,260,9,4,2585.0,12.2,483,0,5,406140,3383595,484,0,5,-95.25,511,-370.0,70.0,376.5634076752546,1,20.713123022791024,-27,13,5,4.10115035600374
1666,3032301,406510.0,3383525.0,28,260,9,4,2585.0,12.2,483,0,5,406245,3383380,486,0,5,-130.67,511,-265.0,-145.0,302.0761493398643,3,-18.686147573739447,-25,13,5,4.731050624536694
1667,3032301,406510.0,3383525.0,28,260,9,4,2585.0,12.2,483,0,5,406490,3383925,487,0,5,-116.0,511,-20.0,400.0,400.4996878900157,4,97.13759477388822,-24,13,5,3.4293565858644537
1668,3032301,406510.0,3383525.0,28,260,9,4,2585.0,12.2,483,0,5,406225,3383680,486,0,5,-90.5,511,-285.0,155.0,324.4225639501667,3,38.539985187959985,-25,13,5,4.4065037522600266
1669,3032301,406510.0,3383525.0,28,260,9,4,2585.0,12.2,483,0,5,406130,3383565,483,0,5,-103.0,511,-380.0,40.0,382.099463490856,0,16.009005957494537,-28,13,5,4.191106255980144
1670,3032301,406510.0,3383525.0,28,260,9,4,2585.0,12.2,483,0,5,406120,3383575,483,0,5,-100.0,511,-390.0,50.0,393.19206502675,0,17.305759533310834,-28,13,5,4.073271915662523
1671,3032301,406510.0,3383525.0,28,260,9,4,2585.0,12.2,483,0,5,406205,3383660,486,0,5,-100.0,511,-305.0,135.0,333.54160160315837,3,33.87528085392751,-25,13,5,4.286485103811265
1672,3032301,406510.0,3383525.0,28,260,9,4,2585.0,12.2,483,0,5,406160,3383615,484,0,5,-102.0,511,-350.0,90.0,361.386219991853,1,24.420773127510984,-27,13,5,4.272761866102596
1673,3032301,406510.0,3383525.0,28,260,9,4,2585.0,12.2,483,0,5,406125,3383580,483,0,5,-96.0,511,-385.0,55.0,388.90872965260115,0,18.13010235415595,-28,13,5,4.117980331136545
1674,3032301,406510.0,3383525.0,28,260,9,4,2585.0,12.2,483,0,5,406215,3383650,486,0,5,-98.0,511,-295.0,125.0,320.3903868720159,3,32.96377305985453,-25,13,5,4.461737942484557
1675,3032301,406510.0,3383525.0,28,260,9,4,2585.0,12.2,483,0,5,406470,3383905,487,0,5,-105.43,511,-40.0,380.0,382.099463490856,4,93.99099404250546,-24,13,5,3.594076305003113
1676,3032301,406510.0,3383525.0,28,260,9,4,2585.0,12.2,483,0,5,406195,3383630,485,0,5,-96.0,511,-315.0,105.0,332.03915431767985,2,28.434948822922024,-26,13,5,4.477353685934129
1677,3032301,406510.0,3383525.0,28,260,9,4,2585.0,12.2,483,0,5,406475,3383910,487,0,5,-102.8,511,-35.0,385.0,386.58763560155415,4,94.80557109226521,-24,13,5,3.5524575852107816
1678,3032301,406510.0,3383525.0,28,260,9,4,2585.0,12.2,483,0,5,406145,3383600,484,0,5,-96.75,511,-365.0,75.0,372.6258176777342,1,21.611486423888493,-27,13,5,4.144337578141387
1679,3032301,406510.0,3383525.0,28,260,9,4,2585.0,12.2,483,0,5,406255,3383370,486,0,5,-115.17,511,-255.0,-155.0,298.41246622753545,3,-21.2930389959202,-25,13,5,4.78886638583921
1680,3032301,406510.0,3383525.0,28,260,9,4,2585.0,12.2,483,0,5,406220,3383675,486,0,5,-97.6,511,-290.0,150.0,326.49655434629017,3,37.34987578006985,-25,13,5,4.378621704928897
1681,3032301,406510.0,3383525.0,28,260,9,4,2585.0,12.2,483,0,5,406145,3383440,483,0,5,-115.0,511,-365.0,-85.0,374.7665940288702,0,-3.109208198154306,-28,13,5,4.27281071822345
1682,3032301,406510.0,3383525.0,28,260,9,4,2585.0,12.2,483,0,5,406335,3383610,484,0,5,-98.5,511,-175.0,85.0,194.5507645834372,1,35.90650799951436,-27,13,5,7.901112567786653
1683,3032301,406510.0,3383525.0,28,260,9,4,2585.0,12.2,483,0,5,406330,3383605,484,0,5,-102.5,511,-180.0,80.0,196.9771560359221,1,33.96248897457815,-27,13,5,7.804992499488487
1684,3032301,406510.0,3383525.0,28,260,9,4,2585.0,12.2,483,0,5,406140,3383435,483,0,5,-126.0,511,-370.0,-90.0,380.7886552931954,0,-3.671307132195807,-28,13,5,4.2054818409752714
1685,3032301,406510.0,3383525.0,28,260,9,4,2585.0,12.2,483,0,5,406290,3383565,485,0,5,-87.0,511,-220.0,40.0,223.60679774997897,2,20.304846468766016,-26,13,5,6.632314779994855
1686,3032301,406510.0,3383525.0,28,260,9,4,2585.0,12.2,483,0,5,406125,3383420,484,0,5,-121.0,511,-385.0,-105.0,399.06139878469827,1,-5.2551187030578035,-27,13,5,3.870662418967942
1687,3032301,406510.0,3383525.0,28,260,9,4,2585.0,12.2,483,0,5,406155,3383430,483,0,5,-113.2,511,-355.0,-95.0,367.4914965002592,0,-4.981632572390936,-28,13,5,4.35707543501909
1688,3032301,406510.0,3383525.0,28,260,9,4,2585.0,12.2,483,0,5,406390,3383665,485,0,5,-94.86,511,-120.0,140.0,184.39088914585776,2,59.39870535499551,-26,13,5,8.026066553900723
1689,3032301,406510.0,3383525.0,28,260,9,4,2585.0,12.2,483,0,5,406380,3383675,485,0,5,-100.86,511,-130.0,150.0,198.4943324127921,2,59.085616779974885,-26,13,5,7.462465938155351
1690,3032301,406510.0,3383525.0,28,260,9,4,2585.0,12.2,483,0,5,406150,3383425,484,0,5,-111.67,511,-360.0,-100.0,373.6308338453881,1,-5.524110996754246,-27,13,5,4.133228559613058
1691,3032301,406510.0,3383525.0,28,260,9,4,2585.0,12.2,483,0,5,406260,3383350,486,0,5,-116.5,511,-250.0,-175.0,305.16389039334257,3,-24.99202019855869,-25,13,5,4.683394442175811
1692,3032301,406510.0,3383525.0,28,260,9,4,2585.0,12.2,483,0,5,406265,3383345,485,0,5,-116.0,511,-245.0,-180.0,304.0148022712052,2,-26.304497122575242,-26,13,5,4.888164088528803
1693,3032301,406510.0,3383525.0,28,260,9,4,2585.0,12.2,483,0,5,406275,3383355,485,0,5,-112.33,511,-235.0,-170.0,290.0431002454635,2,-25.882137246204223,-26,13,5,5.122408288009621
1694,3032301,406510.0,3383525.0,28,260,9,4,2585.0,12.2,483,0,5,406315,3383315,484,0,5,-109.0,511,-195.0,-210.0,286.574597618142,1,-37.12109639666144,-27,13,5,5.3823084880983965
1695,3032301,406510.0,3383525.0,28,260,9,4,2585.0,12.2,483,0,5,406255,3383335,485,0,5,-123.5,511,-255.0,-190.0,318.0015723231569,2,-26.68972283247581,-26,13,5,4.674140702653368
1696,3032301,406510.0,3383525.0,28,260,9,4,2585.0,12.2,483,0,5,406270,3383360,485,0,5,-114.71,511,-240.0,-165.0,291.247317584214,2,-24.508522987668414,-26,13,5,5.101340701675692
1697,3032301,406510.0,3383525.0,28,260,9,4,2585.0,12.2,483,0,5,406355,3383275,485,0,6,-108.0,511,-155.0,-250.0,294.15132160165456,2,-48.201087175705595,-26,13,5,5.051239641171373
1698,3032301,406510.0,3383525.0,28,260,9,4,2585.0,12.2,483,0,5,406350,3383280,485,0,6,-108.0,511,-160.0,-245.0,292.61749776799064,2,-46.85300416774399,-26,13,5,5.077578856383761
1699,3032301,406510.0,3383525.0,28,260,9,4,2585.0,12.2,483,0,5,406310,3383320,484,0,5,-122.67,511,-200.0,-205.0,286.40006983239374,1,-35.70731936854426,-27,13,5,5.385569104719675
1700,3032301,406510.0,3383525.0,28,260,9,4,2585.0,12.2,483,0,5,406160,3383410,484,0,5,-106.33,511,-350.0,-115.0,368.4087403957729,1,-8.18904569965133,-27,13,5,4.1916085824136085
1701,3032301,406510.0,3383525.0,28,260,9,4,2585.0,12.2,483,0,5,406205,3383365,486,0,5,-109.0,511,-305.0,-160.0,344.41980198589044,3,-17.68106156848529,-25,13,5,4.151581243023297
1702,3032301,406510.0,3383525.0,28,260,9,4,2585.0,12.2,483,0,5,406130,3383460,483,0,5,-113.0,511,-380.0,-65.0,385.5191305240247,0,0.29334759066028937,-28,13,5,4.154060643713729
1703,3032301,406510.0,3383525.0,28,260,9,4,2585.0,12.2,483,0,5,406225,3383385,485,0,5,-114.0,511,-285.0,-140.0,317.52952618614853,2,-16.16156644201925,-26,13,5,4.681058522481607
1704,3032301,406510.0,3383525.0,28,260,9,4,2585.0,12.2,483,0,5,406180,3383430,484,0,5,-116.75,511,-330.0,-95.0,343.4020966738555,1,-6.059987307160668,-27,13,5,4.495633734157569
1705,3032301,406510.0,3383525.0,28,260,9,4,2585.0,12.2,483,0,5,406120,3383450,483,0,5,-119.67,511,-390.0,-75.0,397.1460688462118,0,-0.8855270546587235,-28,13,5,4.032852719461981
1706,3032301,406510.0,3383525.0,28,260,9,4,2585.0,12.2,483,0,5,406210,3383380,485,0,5,-111.67,511,-300.0,-145.0,333.2041416309227,2,-15.796026494499955,-26,13,5,4.461762757616841
1707,3032301,406510.0,3383525.0,28,260,9,4,2585.0,12.2,483,0,5,406235,3383395,485,0,6,-114.67,511,-275.0,-130.0,304.1792234851026,2,-15.301378625419716,-26,13,5,4.885534629720436
1708,3032301,406510.0,3383525.0,28,260,9,4,2585.0,12.2,483,0,5,406085,3383485,483,0,5,-115.0,511,-425.0,-40.0,426.8782027698299,0,4.623294571949259,-28,13,5,3.7527964583953635
1709,3032301,406510.0,3383525.0,28,260,9,4,2585.0,12.2,483,0,5,406125,3383445,483,0,5,-127.67,511,-385.0,-80.0,393.2238548206352,0,-1.7385712067223267,-28,13,5,4.072943724301976
1710,3032301,406510.0,3383525.0,28,260,9,4,2585.0,12.2,483,0,5,406515,3383755,485,0,5,-96.5,511,5.0,230.0,230.05434140654683,2,-258.7546357332317,-26,13,5,6.448024083715608
1711,3032301,406510.0,3383525.0,28,260,9,4,2585.0,12.2,483,0,5,406165,3383405,484,0,5,-97.0,511,-345.0,-120.0,365.2738698565776,1,-9.179008025810731,-27,13,5,4.227452138220514
1712,3032301,406510.0,3383525.0,28,260,9,4,2585.0,12.2,483,0,5,406200,3383370,486,0,5,-111.25,511,-310.0,-155.0,346.5905365124674,3,-16.565051177077976,-25,13,5,4.125669501293024
1713,3032301,406510.0,3383525.0,28,260,9,4,2585.0,12.2,483,0,5,406215,3383375,486,0,5,-118.2,511,-295.0,-150.0,330.94561486745823,3,-16.952178931228957,-25,13,5,4.319982138269159
1714,3032301,406510.0,3383525.0,28,260,9,4,2585.0,12.2,483,0,5,406170,3383420,484,0,5,-110.33,511,-340.0,-105.0,355.8440669731617,1,-7.16191880286533,-27,13,5,4.339056502383124
1715,3032301,406510.0,3383525.0,28,260,9,4,2585.0,12.2,483,0,5,406175,3383415,484,0,5,-111.0,511,-335.0,-110.0,352.59750424527965,1,-8.178018798418492,-27,13,5,4.378853942784732
1716,3032301,406510.0,3383525.0,28,260,9,4,2585.0,12.2,483,0,5,406340,3383600,484,0,5,-95.5,511,-170.0,75.0,185.80904176062046,1,33.805943518457696,-27,13,5,8.267809021757412
1717,3032301,406510.0,3383525.0,28,260,9,4,2585.0,12.2,483,0,5,406320,3383580,484,0,5,-99.0,511,-190.0,55.0,197.80040444852483,1,26.144338780283476,-27,13,5,7.772905918044079
1718,3032301,406510.0,3383525.0,28,260,9,4,2585.0,12.2,483,0,5,406210,3383370,486,0,5,-109.6,511,-300.0,-155.0,337.6758800980609,3,-17.32389130134652,-25,13,5,4.234196279617469
1719,3032301,406510.0,3383525.0,28,260,9,4,2585.0,12.2,483,0,5,406215,3383365,486,0,5,-114.67,511,-295.0,-160.0,335.5964838909967,3,-18.47420361007437,-25,13,5,4.260335568516552
1720,3032301,406510.0,3383525.0,28,260,9,4,2585.0,12.2,483,0,5,406235,3383385,486,0,5,-126.67,511,-275.0,-140.0,308.58548248418947,3,-16.980230718222856,-25,13,5,4.631692216787853
1721,3032301,406510.0,3383525.0,28,260,9,4,2585.0,12.2,483,0,5,406160,3383420,484,0,5,-114.0,511,-350.0,-105.0,365.41072781186926,1,-6.699244233993625,-27,13,5,4.225874559594261
1722,3032301,406510.0,3383525.0,28,260,9,4,2585.0,12.2,483,0,5,406505,3383755,485,0,5,-92.5,511,-5.0,230.0,230.05434140654683,2,98.75463573323168,-26,13,5,6.448024083715608
1723,3032301,406510.0,3383525.0,28,260,9,4,2585.0,12.2,483,0,5,406230,3383390,485,0,5,-117.4,511,-280.0,-135.0,310.84562084739105,2,-15.740708356232858,-26,13,5,4.781250438039073
1724,3032301,406510.0,3383525.0,28,260,9,4,2585.0,12.2,483,0,5,406125,3383455,483,0,5,-124.67,511,-385.0,-70.0,391.3118960624632,0,-0.30484646876601573,-28,13,5,4.092776755788449
1725,3032301,406510.0,3383525.0,28,260,9,4,2585.0,12.2,483,0,5,406510,3383750,485,0,5,-98.33,511,0.0,225.0,225.0,2,-260.0,-26,13,5,6.591609935031183
1726,3032301,406510.0,3383525.0,28,260,9,4,2585.0,12.2,483,0,5,406500,3383760,485,0,5,-100.0,511,-10.0,235.0,235.2126697267815,2,97.56335175318986,-26,13,5,6.307768210024645
1727,3032301,406510.0,3383525.0,28,260,9,4,2585.0,12.2,483,0,5,406175,3383405,484,0,5,-111.4,511,-335.0,-120.0,355.8440669731617,1,-9.707978842978719,-27,13,5,4.339056502383124
1728,3032301,406510.0,3383525.0,28,260,9,4,2585.0,12.2,483,0,5,406200,3383380,485,0,5,-110.0,511,-310.0,-145.0,342.23529917295207,2,-15.067463438060486,-26,13,5,4.344479321073275
1729,3032301,406510.0,3383525.0,28,260,9,4,2585.0,12.2,483,0,5,406515,3383745,485,0,5,-97.5,511,5.0,220.0,220.05681084665386,2,-258.69804732742114,-26,13,5,6.7383320573244765
1730,3032301,406510.0,3383525.0,28,260,9,4,2585.0,12.2,483,0,5,406130,3383450,483,0,5,-110.0,511,-380.0,-75.0,387.3306081372863,0,-1.1648801775485822,-28,13,5,4.134700363729667
1731,3032301,406510.0,3383525.0,28,260,9,4,2585.0,12.2,483,0,5,406165,3383415,484,0,5,-109.29,511,-345.0,-110.0,362.1118611699981,1,-7.684392026557759,-27,13,5,4.264231231409303
1732,3032301,406510.0,3383525.0,28,260,9,4,2585.0,12.2,483,0,5,406170,3383410,484,0,5,-110.43,511,-340.0,-115.0,358.92199709686224,1,-8.687351505211154,-27,13,5,4.301987280088132
1733,3032301,406510.0,3383525.0,28,260,9,4,2585.0,12.2,483,0,5,406205,3383375,486,0,5,-110.5,511,-305.0,-150.0,339.8896879871468,3,-16.18811069748085,-25,13,5,4.20671696149253
1734,3032301,406510.0,3383525.0,28,260,9,4,2585.0,12.2,483,0,5,406080,3383500,483,0,6,-104.5,511,-430.0,-25.0,430.7261310856354,0,6.672595758273417,-28,13,5,3.719365061780518
1735,3032301,406510.0,3383525.0,28,260,9,4,2585.0,12.2,483,0,5,406135,3383445,483,0,5,-106.75,511,-375.0,-80.0,383.43839140075687,0,-2.0425751428849708,-28,13,5,4.176523216070871
1736,3032301,406510.0,3383525.0,28,260,9,4,2585.0,12.2,483,0,5,406220,3383400,485,0,5,-109.0,511,-290.0,-125.0,315.79265349276255,2,-13.317708386755072,-26,13,5,4.706689183244802
1737,3032301,406510.0,3383525.0,28,260,9,4,2585.0,12.2,483,0,5,406485,3383735,486,0,5,-90.0,511,-25.0,210.0,211.482859825566,3,93.21102542556122,-25,13,5,6.741811840870746
1738,3032301,406510.0,3383525.0,28,260,9,4,2585.0,12.2,483,0,5,406510,3383220,485,0,6,-111.0,511,0.0,-305.0,305.0,2,-80.0,-26,13,5,4.872450690845457
1739,3032301,406510.0,3383525.0,28,260,9,4,2585.0,12.2,483,0,5,406540,3383250,484,0,7,-102.33,511,30.0,-275.0,276.63152387246106,1,-86.22582906442574,-27,13,5,5.5745692435523315
1740,3032301,406510.0,3383525.0,28,260,9,4,2585.0,12.2,483,0,5,406465,3383325,484,0,5,-101.0,511,-45.0,-200.0,205.0,1,-67.31961650818019,-27,13,5,7.503087391049605
1741,3032301,406510.0,3383525.0,28,260,9,4,2585.0,12.2,483,0,5,406490,3383240,485,0,5,-105.75,511,-20.0,-285.0,285.70089254323307,2,-75.98582430458896,-26,13,5,5.199837290271295
1742,3032301,406510.0,3383525.0,28,260,9,4,2585.0,12.2,483,0,5,406505,3383205,486,0,5,-105.71,511,-5.0,-320.0,320.0390601161052,3,-79.10482628978895,-25,13,5,4.466616060099301
1743,3032301,406510.0,3383525.0,28,260,9,4,2585.0,12.2,483,0,5,406485,3383225,486,0,5,-109.0,511,-25.0,-300.0,301.0398644698074,3,-75.23635830927381,-25,13,5,4.747262254852599
1744,3032301,406510.0,3383525.0,28,260,9,4,2585.0,12.2,483,0,5,406495,3383235,485,0,5,-107.33,511,-15.0,-290.0,290.38767191463205,2,-77.03906386583625,-26,13,5,5.116362358998516
1745,3032301,406510.0,3383525.0,28,260,9,4,2585.0,12.2,483,0,5,406515,3383215,486,0,6,-106.5,511,5.0,-310.0,310.0403199585499,3,-80.92404535277274,-25,13,5,4.610052300060176
1746,3032301,406510.0,3383525.0,28,260,9,4,2585.0,12.2,483,0,5,406500,3383210,486,0,6,-112.67,511,-10.0,-315.0,315.15869018638847,3,-78.18169703554818,-25,13,5,4.535497162793688
1747,3032301,406510.0,3383525.0,28,260,9,4,2585.0,12.2,483,0,5,406565,3383145,487,0,5,-103.0,511,55.0,-380.0,383.9596332949598,4,-88.23561932420944,-24,13,5,3.5767093886226187
1748,3032301,406510.0,3383525.0,28,260,9,4,2585.0,12.2,483,0,5,406425,3383285,484,0,5,-109.08,511,-85.0,-240.0,254.6075411294803,1,-60.497551493337795,-27,13,5,6.053339566870637
1749,3032301,406510.0,3383525.0,28,260,9,4,2585.0,12.2,483,0,5,406640,3383070,488,0,5,-94.0,511,130.0,-455.0,473.2071428032337,5,-95.9453959009229,-23,13,5,2.78264327199091
1750,3032301,406510.0,3383525.0,28,260,9,4,2585.0,12.2,483,0,5,406605,3383185,486,0,5,-99.33,511,95.0,-340.0,353.02266216207704,3,-95.61098853367969,-25,13,5,4.050751730294745
1751,3032301,406510.0,3383525.0,28,260,9,4,2585.0,12.2,483,0,5,406420,3383290,484,0,5,-108.0,511,-90.0,-235.0,251.6445906432324,1,-59.04422326936782,-27,13,5,6.124075188555855
1752,3032301,406510.0,3383525.0,28,260,9,4,2585.0,12.2,483,0,5,406460,3383885,487,0,5,-105.0,511,-50.0,360.0,363.45563690772497,4,92.09283729704157,-24,13,5,3.777917170628305
1753,3032301,406510.0,3383525.0,28,260,9,4,2585.0,12.2,483,0,5,406475,3383900,487,0,5,-104.5,511,-35.0,375.0,376.62979170532964,4,94.66784111834045,-24,13,5,3.6461321054641265
1754,3032301,406510.0,3383525.0,28,260,9,4,2585.0,12.2,483,0,5,406465,3383890,487,0,5,-108.25,511,-45.0,365.0,367.76351096866586,4,92.9716037610504,-24,13,5,3.7337896755654754
1755,3032301,406510.0,3383525.0,28,260,9,4,2585.0,12.2,483,0,5,406430,3383855,487,0,13,-114.67,511,-80.0,330.0,339.5585369269929,4,86.37300514010849,-24,13,5,4.042942688010469
1756,3032301,406510.0,3383525.0,28,260,9,4,2585.0,12.2,483,0,5,406470,3383895,487,0,5,-104.41,511,-40.0,370.0,372.1558813185679,4,93.8298249049704,-24,13,5,3.6898440838307907
1757,3032301,406510.0,3383525.0,28,260,9,4,2585.0,12.2,483,0,5,406240,3383385,486,0,5,-116.33,511,-270.0,-140.0,304.138126514911,3,-17.407575437818423,-25,13,5,4.69911946436983
1758,3032301,406510.0,3383525.0,28,260,9,4,2585.0,12.2,483,0,5,406265,3383370,485,0,5,-116.0,511,-245.0,-155.0,289.9137802864845,2,-22.31961650818016,-26,13,5,5.124681043419287
1759,3032301,406510.0,3383525.0,28,260,9,4,2585.0,12.2,483,0,5,406435,3383860,487,0,5,-116.0,511,-75.0,335.0,343.29287787543745,4,87.3806777065692,-24,13,5,3.999107022386729
1760,3032301,406510.0,3383525.0,28,260,9,4,2585.0,12.2,483,0,5,406275,3383380,485,0,6,-115.0,511,-235.0,-145.0,276.1340254296815,2,-21.675468738109203,-26,13,5,5.378950368583459
1761,3032301,406510.0,3383525.0,28,260,9,4,2585.0,12.2,483,0,5,406425,3383850,487,0,5,-119.5,511,-85.0,325.0,335.9315406448165,4,85.34324888423959,-24,13,5,4.086446565806596
1762,3032301,406510.0,3383525.0,28,260,9,4,2585.0,12.2,483,0,5,406260,3383365,486,0,5,-109.33,511,-250.0,-160.0,296.8164415931166,3,-22.61924307119284,-25,13,5,4.814496087403053
1763,3032301,406510.0,3383525.0,28,260,9,4,2585.0,12.2,483,0,5,406250,3383395,486,0,6,-124.33,511,-260.0,-130.0,290.68883707497264,3,-16.565051177077976,-25,13,5,4.915491588248209
1764,3032301,406510.0,3383525.0,28,260,9,4,2585.0,12.2,483,0,5,406500,3383925,487,0,5,-102.33,511,-10.0,400.0,400.12498047485116,4,98.56790381583534,-24,13,5,3.4325604204867766
1765,3032301,406510.0,3383525.0,28,260,9,4,2585.0,12.2,483,0,5,406655,3383245,486,0,6,-100.0,511,145.0,-280.0,315.3173005085512,3,-107.37770277133177,-25,13,5,4.533225236997318
1766,3032301,406510.0,3383525.0,28,260,9,4,2585.0,12.2,483,0,5,406615,3383285,484,0,5,-101.0,511,105.0,-240.0,261.9637379485947,1,-103.62937773065687,-27,13,5,5.8845657742966875
1767,3032301,406510.0,3383525.0,28,260,9,4,2585.0,12.2,483,0,5,406660,3383280,486,0,5,-102.0,511,150.0,-245.0,287.2716484444645,3,-111.476839349584,-25,13,5,4.973671355458267
1768,3032301,406510.0,3383525.0,28,260,9,4,2585.0,12.2,483,0,5,406640,3383260,486,0,5,-101.0,511,130.0,-265.0,295.16944286290885,3,-106.13100054493862,-25,13,5,4.8412328829213624
1769,3032301,406510.0,3383525.0,28,260,9,4,2585.0,12.2,483,0,5,406460,3383160,488,0,14,-101.33,511,-50.0,-365.0,368.4087403957729,5,-72.1998121158183,-23,13,5,3.572376801383113
1770,3032301,406510.0,3383525.0,28,260,9,4,2585.0,12.2,483,0,5,406685,3383215,488,0,6,-91.17,511,175.0,-310.0,355.9845502265513,5,-109.4454287299256,-23,13,5,3.6967161385725262
1771,3032301,406510.0,3383525.0,28,260,9,4,2585.0,12.2,483,0,5,406465,3383155,488,0,14,-100.67,511,-45.0,-370.0,372.7264412407577,5,-73.06565109873046,-23,13,5,3.5310993441227927
1772,3032301,406510.0,3383525.0,28,260,9,4,2585.0,12.2,483,0,5,406680,3383220,487,0,6,-93.8,511,170.0,-305.0,349.17760523836574,4,-109.13429219722616,-24,13,5,3.9319228497428744
1773,3032301,406510.0,3383525.0,28,260,9,4,2585.0,12.2,483,0,5,406470,3383150,488,0,14,-102.5,511,-40.0,-375.0,377.12729946266154,5,-73.91147184580484,-23,13,5,3.489995896341231
1774,3032301,406510.0,3383525.0,28,260,9,4,2585.0,12.2,483,0,5,406235,3383695,486,0,5,-97.0,511,-275.0,170.0,323.3032632065442,3,41.72360295768402,-25,13,5,4.421699010607294
1775,3032301,406510.0,3383525.0,28,260,9,4,2585.0,12.2,483,0,5,406060,3383465,483,0,5,-104.5,511,-450.0,-60.0,453.9823785126467,0,2.4053566314085515,-28,13,5,3.529326939894134
1776,3032301,406510.0,3383525.0,28,260,9,4,2585.0,12.2,483,0,5,406065,3383470,483,0,5,-109.4,511,-445.0,-55.0,448.3859944289072,0,2.9542308751325095,-28,13,5,3.5732636569331873
1777,3032301,406510.0,3383525.0,28,260,9,4,2585.0,12.2,483,0,5,406030,3383515,485,0,6,-116.5,511,-480.0,-10.0,480.10415536631217,2,8.806510576017956,-26,13,5,3.099820130963856
1778,3032301,406510.0,3383525.0,28,260,9,4,2585.0,12.2,483,0,5,406075,3383480,483,0,5,-111.5,511,-435.0,-45.0,437.3213921133975,0,4.093858886229498,-28,13,5,3.663427086845533
1779,3032301,406510.0,3383525.0,28,260,9,4,2585.0,12.2,483,0,5,406035,3383520,484,0,6,-108.67,511,-475.0,-5.0,475.02631506054485,1,9.396908805619432,-27,13,5,3.2531320632814773
1780,3032301,406510.0,3383525.0,28,260,9,4,2585.0,12.2,483,0,5,406725,3383290,487,0,5,-90.6,511,215.0,-235.0,318.5121661726597,4,-122.45519562018694,-24,13,5,4.309113528074032
1781,3032301,406510.0,3383525.0,28,260,9,4,2585.0,12.2,483,0,5,406720,3383285,487,0,6,-89.83,511,210.0,-240.0,318.90437438203946,4,-121.18592516570965,-24,13,5,4.303833840095825
1782,3032301,406510.0,3383525.0,28,260,9,4,2585.0,12.2,483,0,5,406335,3383700,485,0,5,-96.78,511,-175.0,175.0,247.48737341529164,2,55.0,-26,13,5,5.997258834369383
1783,3032301,406510.0,3383525.0,28,260,9,4,2585.0,12.2,483,0,5,406435,3383640,486,0,5,-96.6,511,-75.0,115.0,137.2953021774598,3,66.88865803962796,-25,13,5,10.319880384659884
1784,3032301,406510.0,3383525.0,28,260,9,4,2585.0,12.2,483,0,5,406340,3383705,485,0,5,-100.13,511,-170.0,180.0,247.58836806279893,2,56.636577041616704,-26,13,5,5.994830289943297
1785,3032301,406510.0,3383525.0,28,260,9,4,2585.0,12.2,483,0,5,406330,3383695,485,0,5,-94.33,511,-180.0,170.0,247.58836806279893,2,53.363422958383296,-26,13,5,5.994830289943297
1786,3032301,406510.0,3383525.0,28,260,9,4,2585.0,12.2,483,0,5,406650,3383280,486,0,5,-95.25,511,140.0,-245.0,282.17902119044925,3,-109.74488129694225,-25,13,5,5.062971273336673
1787,3032301,406510.0,3383525.0,28,260,9,4,2585.0,12.2,483,0,5,406640,3383270,485,0,5,-91.0,511,130.0,-255.0,286.2254356272342,2,-107.01266534793854,-26,13,5,5.190360048955597
1788,3032301,406510.0,3383525.0,28,260,9,4,2585.0,12.2,483,0,5,406455,3383155,488,0,14,-104.5,511,-55.0,-370.0,374.0655022853618,5,-71.54497232282253,-23,13,5,3.5184907024111087
1789,3032301,406510.0,3383525.0,28,260,9,4,2585.0,12.2,483,0,5,406685,3383225,488,0,6,-96.91,511,175.0,-300.0,347.3110997362451,5,-110.25643716352931,-23,13,5,3.788769141215781
1790,3032301,406510.0,3383525.0,28,260,9,4,2585.0,12.2,483,0,5,406690,3383240,487,0,6,-94.87,511,180.0,-285.0,337.08307581366347,4,-112.27564431457762,-24,13,5,4.0725335966362755
1791,3032301,406510.0,3383525.0,28,260,9,4,2585.0,12.2,483,0,5,406405,3383185,488,0,5,-105.14,511,-105.0,-340.0,355.8440669731617,5,-62.83808119713473,-23,13,5,3.698171511493863
1792,3032301,406510.0,3383525.0,28,260,9,4,2585.0,12.2,483,0,5,406425,3383165,489,0,14,-104.0,511,-85.0,-360.0,369.8986347636336,6,-66.71513351509782,-22,13,5,3.403700057671879
1793,3032301,406510.0,3383525.0,28,260,9,4,2585.0,12.2,483,0,5,406680,3383230,487,0,6,-97.23,511,170.0,-295.0,340.4776057246644,4,-109.95360816780146,-24,13,5,4.032065407597192
1794,3032301,406510.0,3383525.0,28,260,9,4,2585.0,12.2,483,0,5,406400,3383190,488,0,14,-101.67,511,-110.0,-335.0,352.59750424527965,5,-61.82198120158151,-23,13,5,3.732126848768681
1795,3032301,406510.0,3383525.0,28,260,9,4,2585.0,12.2,483,0,5,406450,3383160,488,0,5,-105.71,511,-60.0,-365.0,369.8986347636336,5,-70.66500153686178,-23,13,5,3.5580248595566966
1796,3032301,406510.0,3383525.0,28,260,9,4,2585.0,12.2,483,0,5,406420,3383170,489,0,14,-104.5,511,-90.0,-355.0,366.23080154459973,6,-65.77403610124819,-22,13,5,3.4377070612553076
1797,3032301,406510.0,3383525.0,28,260,9,4,2585.0,12.2,483,0,5,406680,3383250,487,0,6,-96.0,511,170.0,-275.0,323.3032632065442,4,-111.72360295768402,-24,13,5,4.245491123958426
1798,3032301,406510.0,3383525.0,28,260,9,4,2585.0,12.2,483,0,5,406705,3383265,487,0,5,-99.33,511,195.0,-260.0,325.0,4,-116.86989764584405,-24,13,5,4.22340697665564
1799,3032301,406510.0,3383525.0,28,260,9,4,2585.0,12.2,483,0,5,406445,3383165,488,0,14,-102.78,511,-65.0,-360.0,365.8209944768069,5,-69.7651972365768,-23,13,5,3.597580958835719
1800,3032301,406510.0,3383525.0,28,260,9,4,2585.0,12.2,483,0,5,406700,3383270,487,0,6,-94.2,511,190.0,-255.0,318.0015723231569,4,-116.68972283247581,-24,13,5,4.316006260387627
1801,3032301,406510.0,3383525.0,28,260,9,4,2585.0,12.2,483,0,5,406685,3383245,487,0,6,-94.12,511,175.0,-280.0,330.1893396219811,4,-112.00538320808346,-24,13,5,4.15726540602407
1802,3032301,406510.0,3383525.0,28,260,9,4,2585.0,12.2,483,0,5,406690,3383260,487,0,6,-92.4,511,180.0,-265.0,320.3513695928269,4,-114.18612248637498,-24,13,5,4.284466402910845
1803,3032301,406510.0,3383525.0,28,260,9,4,2585.0,12.2,483,0,5,406695,3383255,487,0,6,-95.64,511,185.0,-270.0,327.29955698106284,4,-114.41836447905621,-24,13,5,4.193840205632889
1804,3032301,406510.0,3383525.0,28,260,9,4,2585.0,12.2,483,0,5,406675,3383235,487,0,6,-90.0,511,165.0,-290.0,333.65401241405743,4,-109.6383836881513,-24,13,5,4.114245258198596
1805,3032301,406510.0,3383525.0,28,260,9,4,2585.0,12.2,483,0,5,406710,3383280,487,0,6,-96.75,511,200.0,-245.0,316.26729201736936,4,-119.22567409733676,-24,13,5,4.33958330787516
1806,3032301,406510.0,3383525.0,28,260,9,4,2585.0,12.2,483,0,5,406715,3383275,487,0,5,-104.33,511,205.0,-250.0,323.3032632065442,4,-119.35175262626473,-24,13,5,4.245491123958426
1807,3032301,406510.0,3383525.0,28,260,9,4,2585.0,12.2,483,0,5,406440,3383170,488,0,14,-107.0,511,-70.0,-355.0,361.83559802761255,5,-68.8453402610717,-23,13,5,3.6371003121348213
1808,3032301,406510.0,3383525.0,28,260,9,4,2585.0,12.2,483,0,5,406590,3383260,484,0,5,-99.0,511,80.0,-265.0,276.81221071332817,1,-96.79837178130526,-27,13,5,5.570953388223693
1809,3032301,406510.0,3383525.0,28,260,9,4,2585.0,12.2,483,0,5,406715,3383295,487,0,5,-96.67,511,205.0,-230.0,308.09901006007794,4,-121.71075732150814,-24,13,5,4.4541767528859175
1810,3032301,406510.0,3383525.0,28,260,9,4,2585.0,12.2,483,0,5,406580,3383250,484,0,6,-102.0,511,70.0,-275.0,283.7692724732542,1,-94.28109573597078,-27,13,5,5.435200556121291
1811,3032301,406510.0,3383525.0,28,260,9,4,2585.0,12.2,483,0,5,406710,3383300,487,0,6,-92.84,511,200.0,-225.0,301.0398644698074,4,-121.63353933657021,-24,13,5,4.558188524083216
1812,3032301,406510.0,3383525.0,28,260,9,4,2585.0,12.2,483,0,5,406700,3383290,487,0,6,-94.03,511,190.0,-235.0,302.2002647252315,4,-118.9559078377589,-24,13,5,4.5407591505349485
1813,3032301,406510.0,3383525.0,28,260,9,4,2585.0,12.2,483,0,5,406595,3383255,484,0,5,-94.67,511,85.0,-270.0,283.0635970943632,1,-97.47477425625561,-27,13,5,5.448669025267088
1814,3032301,406510.0,3383525.0,28,260,9,4,2585.0,12.2,483,0,5,406690,3383320,486,0,6,-95.29,511,180.0,-205.0,272.8094573140748,3,-121.28471089457122,-25,13,5,5.235907033795061
1815,3032301,406510.0,3383525.0,28,260,9,4,2585.0,12.2,483,0,5,406760,3383390,486,0,5,-91.0,511,250.0,-135.0,284.1214529035075,3,-141.6309537067214,-25,13,5,5.028535715079963
1816,3032301,406510.0,3383525.0,28,260,9,4,2585.0,12.2,483,0,5,406705,3383285,487,0,6,-94.0,511,195.0,-240.0,309.23292192132453,4,-119.0938588862295,-24,13,5,4.437909304952874
1817,3032301,406510.0,3383525.0,28,260,9,4,2585.0,12.2,483,0,5,406680,3383310,486,0,6,-94.5,511,170.0,-215.0,274.0894014733149,3,-118.33334010909863,-25,13,5,5.211591320717498
1818,3032301,406510.0,3383525.0,28,260,9,4,2585.0,12.2,483,0,5,406675,3383335,486,0,5,-95.5,511,165.0,-190.0,251.6445906432324,3,-120.97173633351485,-25,13,5,5.673516570379803
1819,3032301,406510.0,3383525.0,28,260,9,4,2585.0,12.2,483,0,5,406530,3383160,487,0,6,-107.17,511,20.0,-365.0,365.54753452868476,4,-83.1363583683326,-24,13,5,3.756359578560329
1820,3032301,406510.0,3383525.0,28,260,9,4,2585.0,12.2,483,0,5,406680,3383345,486,0,5,-94.0,511,170.0,-180.0,247.58836806279893,3,-123.36342295838324,-25,13,5,5.765844123373551
1821,3032301,406510.0,3383525.0,28,260,9,4,2585.0,12.2,483,0,5,406730,3383395,486,0,6,-101.5,511,220.0,-130.0,255.53864678361276,3,-139.42077312751098,-25,13,5,5.587611327790322
1822,3032301,406510.0,3383525.0,28,260,9,4,2585.0,12.2,483,0,5,406700,3383325,486,0,6,-95.5,511,190.0,-200.0,275.86228448267445,3,-123.5311992856142,-25,13,5,5.178280680761769
1823,3032301,406510.0,3383525.0,28,260,9,4,2585.0,12.2,483,0,5,406670,3383295,486,0,5,-96.75,511,160.0,-230.0,280.178514522438,3,-114.82448915695682,-25,13,5,5.09893157206492
1824,3032301,406510.0,3383525.0,28,260,9,4,2585.0,12.2,483,0,5,406660,3383285,486,0,5,-99.0,511,150.0,-240.0,283.0194339616981,3,-112.00538320808346,-25,13,5,5.04801481580577
1825,3032301,406510.0,3383525.0,28,260,9,4,2585.0,12.2,483,0,5,406485,3383150,488,0,14,-102.6,511,-25.0,-375.0,375.8324094593227,5,-76.18592516570965,-23,13,5,3.501990426816096
1826,3032301,406510.0,3383525.0,28,260,9,4,2585.0,12.2,483,0,5,406725,3383390,486,0,6,-90.5,511,215.0,-135.0,253.87004549572208,3,-137.87500155961249,-25,13,5,5.624102102803417
1827,3032301,406510.0,3383525.0,28,260,9,4,2585.0,12.2,483,0,5,406715,3383340,486,0,6,-93.2,511,205.0,-185.0,276.1340254296815,3,-127.93567344642116,-25,13,5,5.1732124461169535
1828,3032301,406510.0,3383525.0,28,260,9,4,2585.0,12.2,483,0,5,406775,3383440,487,0,5,-109.0,511,265.0,-85.0,278.29840100151495,4,-152.2161115573075,-24,13,5,4.9288998387449965
1829,3032301,406510.0,3383525.0,28,260,9,4,2585.0,12.2,483,0,5,406750,3383375,486,0,5,-92.2,511,240.0,-150.0,283.0194339616981,3,-137.99461679191648,-25,13,5,5.04801481580577
1830,3032301,406510.0,3383525.0,28,260,9,4,2585.0,12.2,483,0,5,406720,3383385,486,0,6,-90.0,511,210.0,-140.0,252.38858928247924,3,-136.30993247402023,-25,13,5,5.656900641809577
1831,3032301,406510.0,3383525.0,28,260,9,4,2585.0,12.2,483,0,5,406705,3383330,486,0,6,-93.0,511,195.0,-195.0,275.77164466275354,3,-125.0,-25,13,5,5.179973405472954
1832,3032301,406510.0,3383525.0,28,260,9,4,2585.0,12.2,483,0,5,406710,3383335,486,0,6,-97.0,511,200.0,-190.0,275.86228448267445,3,-126.4688007143858,-25,13,5,5.178280680761769
1833,3032301,406510.0,3383525.0,28,260,9,4,2585.0,12.2,483,0,5,406535,3383200,486,0,5,-103.0,511,25.0,-325.0,325.96012026013244,3,-84.39870535499551,-25,13,5,4.385799530775008
1834,3032301,406510.0,3383525.0,28,260,9,4,2585.0,12.2,483,0,5,406550,3383175,487,0,5,-104.0,511,40.0,-350.0,352.27829907617075,4,-86.51980175165704,-24,13,5,3.897421861160809
1835,3032301,406510.0,3383525.0,28,260,9,4,2585.0,12.2,483,0,5,406600,3383265,484,0,5,-92.67,511,90.0,-260.0,275.13632984395207,1,-99.09349200048564,-27,13,5,5.604671177203342
1836,3032301,406510.0,3383525.0,28,260,9,4,2585.0,12.2,483,0,5,406555,3383180,487,0,5,-104.0,511,45.0,-345.0,347.92240514229604,4,-87.43140797117258,-24,13,5,3.9460633187207823
1837,3032301,406510.0,3383525.0,28,260,9,4,2585.0,12.2,483,0,5,406525,3383190,487,0,5,-105.17,511,15.0,-335.0,335.3356527421443,4,-82.563770211465,-24,13,5,4.093683472221695
1838,3032301,406510.0,3383525.0,28,260,9,4,2585.0,12.2,483,0,5,406675,3383300,486,0,6,-95.5,511,165.0,-225.0,279.0161285660741,3,-116.25383773744477,-25,13,5,5.120061133431081
1839,3032301,406510.0,3383525.0,28,260,9,4,2585.0,12.2,483,0,5,406665,3383290,486,0,5,-96.0,511,155.0,-235.0,281.51376520518494,3,-113.40782458970892,-25,13,5,5.074873370152396
1840,3032301,406510.0,3383525.0,28,260,9,4,2585.0,12.2,483,0,5,406490,3383155,488,0,14,-98.25,511,-20.0,-370.0,370.5401462729781,5,-76.90594194108289,-23,13,5,3.551880679088339
1841,3032301,406510.0,3383525.0,28,260,9,4,2585.0,12.2,483,0,5,406530,3383195,486,0,5,-108.0,511,20.0,-330.0,330.6055050963308,3,-83.46822925891706,-25,13,5,4.324409461831708
1842,3032301,406510.0,3383525.0,28,260,9,4,2585.0,12.2,483,0,5,406545,3383170,487,0,5,-108.0,511,35.0,-355.0,356.72117963473937,4,-85.63068275763521,-24,13,5,3.8490271910184126
1843,3032301,406510.0,3383525.0,28,260,9,4,2585.0,12.2,483,0,5,406350,3383305,484,0,5,-110.75,511,-160.0,-220.0,272.02941017470886,1,-43.9726266148964,-27,13,5,5.668269086103665
1844,3032301,406510.0,3383525.0,28,260,9,4,2585.0,12.2,483,0,5,406355,3383310,484,0,5,-106.33,511,-155.0,-215.0,265.04716561397146,1,-44.211026540816675,-27,13,5,5.816579762089581
1845,3032301,406510.0,3383525.0,28,260,9,4,2585.0,12.2,483,0,5,406340,3383315,484,0,5,-108.3,511,-170.0,-210.0,270.1851217221259,1,-41.00900595749454,-27,13,5,5.706706266243781
1846,3032301,406510.0,3383525.0,28,260,9,4,2585.0,12.2,483,0,5,406395,3383350,484,0,5,-99.0,511,-115.0,-175.0,209.40391591371923,1,-46.6893691754392,-27,13,5,7.347034286087858
1847,3032301,406510.0,3383525.0,28,260,9,4,2585.0,12.2,483,0,5,406345,3383320,484,0,5,-107.0,511,-165.0,-205.0,263.1539473388153,1,-41.170175095029606,-27,13,5,5.85813620041316
1848,3032301,406510.0,3383525.0,28,260,9,4,2585.0,12.2,483,0,5,406385,3383360,484,0,5,-100.33,511,-125.0,-165.0,207.0024154448445,1,-42.853313301978204,-27,13,5,7.4313222256908675
1849,3032301,406510.0,3383525.0,28,260,9,4,2585.0,12.2,483,0,5,406190,3383385,485,0,5,-109.29,511,-320.0,-140.0,349.28498393145964,2,-13.629377730656813,-26,13,5,4.257119536643397
1850,3032301,406510.0,3383525.0,28,260,9,4,2585.0,12.2,483,0,5,406105,3383480,483,0,5,-102.67,511,-405.0,-45.0,407.49233121618374,0,3.6598082540900805,-28,13,5,3.9307834194066325
1851,3032301,406510.0,3383525.0,28,260,9,4,2585.0,12.2,483,0,5,406210,3383405,485,0,5,-116.5,511,-300.0,-120.0,323.10988842807024,2,-11.801409486351815,-26,13,5,4.600563025079714
1852,3032301,406510.0,3383525.0,28,260,9,4,2585.0,12.2,483,0,5,406185,3383400,485,0,5,-102.5,511,-325.0,-125.0,348.209706929603,2,-11.037511025421821,-26,13,5,4.270217035668413
1853,3032301,406510.0,3383525.0,28,260,9,4,2585.0,12.2,483,0,5,406180,3383395,485,0,5,-111.17,511,-330.0,-130.0,354.682957019364,2,-11.50143432404792,-26,13,5,4.192562598683991
1854,3032301,406510.0,3383525.0,28,260,9,4,2585.0,12.2,483,0,5,406110,3383465,483,0,5,-105.5,511,-400.0,-60.0,404.4749683231337,0,1.469234390051838,-28,13,5,3.9600139147125586
1855,3032301,406510.0,3383525.0,28,260,9,4,2585.0,12.2,483,0,5,406195,3383390,485,0,5,-110.0,511,-315.0,-135.0,342.70978976387585,2,-13.198590513648185,-26,13,5,4.338487258382722
1856,3032301,406510.0,3383525.0,28,260,9,4,2585.0,12.2,483,0,5,406090,3383445,483,0,5,-106.9,511,-420.0,-80.0,427.551166528639,0,-0.7842978675626,-28,13,5,3.746906412169712
1857,3032301,406510.0,3383525.0,28,260,9,4,2585.0,12.2,483,0,5,406095,3383450,483,0,5,-110.8,511,-415.0,-75.0,421.7226576791909,0,-0.24408744645865,-28,13,5,3.7985407613141335
1858,3032301,406510.0,3383525.0,28,260,9,4,2585.0,12.2,483,0,5,406085,3383460,483,0,5,-109.27,511,-425.0,-65.0,429.94185653411324,0,1.304497122575242,-28,13,5,3.7261306117961936
1859,3032301,406510.0,3383525.0,28,260,9,4,2585.0,12.2,483,0,5,406115,3383470,483,0,5,-101.67,511,-395.0,-55.0,398.81073205218536,0,2.0730733173103886,-28,13,5,4.016074514198475
1860,3032301,406510.0,3383525.0,28,260,9,4,2585.0,12.2,483,0,5,406080,3383455,483,0,5,-103.17,511,-430.0,-70.0,435.6604182158393,0,0.7538872544367337,-28,13,5,3.6773558063461476
1861,3032301,406510.0,3383525.0,28,260,9,4,2585.0,12.2,483,0,5,406100,3383475,483,0,5,-116.0,511,-410.0,-50.0,413.03752856126766,0,3.0470425318260936,-28,13,5,3.8781731758006814
1862,3032301,406510.0,3383525.0,28,260,9,4,2585.0,12.2,483,0,5,406200,3383415,485,0,5,-115.67,511,-310.0,-110.0,328.93768406797057,2,-9.536654938128379,-26,13,5,4.519395445504603
1863,3032301,406510.0,3383525.0,28,260,9,4,2585.0,12.2,483,0,5,406385,3383670,485,0,5,-96.0,511,-125.0,145.0,191.44189719076647,2,59.236394799058814,-26,13,5,7.734102861740902
1864,3032301,406510.0,3383525.0,28,260,9,4,2585.0,12.2,483,0,5,406155,3383440,483,0,5,-111.5,511,-355.0,-85.0,365.0342449688796,0,-3.4652080948117145,-28,13,5,4.386291287486514
1865,3032301,406510.0,3383525.0,28,260,9,4,2585.0,12.2,483,0,5,406230,3383515,484,0,5,-90.33,511,-280.0,-10.0,280.178514522438,1,7.954591511112767,-27,13,5,5.504432762252363
1866,3032301,406510.0,3383525.0,28,260,9,4,2585.0,12.2,483,0,5,406140,3383425,484,0,5,-110.57,511,-370.0,-100.0,383.275357934736,1,-5.124007308310581,-27,13,5,4.029569352767868
1867,3032301,406510.0,3383525.0,28,260,9,4,2585.0,12.2,483,0,5,406135,3383420,484,0,5,-108.88,511,-375.0,-105.0,389.4226495724151,1,-5.642246457208728,-27,13,5,3.9661645867948634
1868,3032301,406510.0,3383525.0,28,260,9,4,2585.0,12.2,483,0,5,406145,3383430,483,0,5,-104.0,511,-365.0,-95.0,377.1604433129222,0,-4.5889187328746175,-28,13,5,4.245790539824718
1869,3032301,406510.0,3383525.0,28,260,9,4,2585.0,12.2,483,0,5,406380,3383665,485,0,5,-102.88,511,-130.0,140.0,191.049731745428,2,57.12109639666147,-26,13,5,7.749785829674352
1870,3032301,406510.0,3383525.0,28,260,9,4,2585.0,12.2,483,0,5,406150,3383435,483,0,5,-109.5,511,-360.0,-90.0,371.07950630558946,0,-4.036243467926482,-28,13,5,4.315106274806493
1871,3032301,406510.0,3383525.0,28,260,9,4,2585.0,12.2,483,0,5,405990,3383445,485,0,5,-108.0,511,-520.0,-80.0,526.1178575186362,2,1.2538377374447691,-26,13,5,2.8291747077305525
1872,3032301,406510.0,3383525.0,28,260,9,4,2585.0,12.2,483,0,5,406340,3383770,487,0,5,-109.67,511,-170.0,245.0,298.2029510249689,4,65.24408744645865,-24,13,5,4.601366895396778
1873,3032301,406510.0,3383525.0,28,260,9,4,2585.0,12.2,483,0,5,406245,3383705,486,0,5,-100.25,511,-265.0,180.0,320.3513695928269,3,44.18612248637504,-25,13,5,4.462279166414354
1874,3032301,406510.0,3383525.0,28,260,9,4,2585.0,12.2,483,0,5,406480,3383630,486,0,5,-95.0,511,-30.0,105.0,109.20164833920778,3,84.05460409907715,-25,13,5,12.894757254636815
1875,3032301,406510.0,3383525.0,28,260,9,4,2585.0,12.2,483,0,5,406300,3383730,486,0,5,-97.18,511,-210.0,205.0,293.47061181658376,3,54.3097228021349,-25,13,5,4.869123270090518
1876,3032301,406510.0,3383525.0,28,260,9,4,2585.0,12.2,483,0,5,406310,3383740,486,0,13,-100.56,511,-200.0,215.0,293.64093720052045,3,57.0700306530411,-25,13,5,4.866312519149697
1877,3032301,406510.0,3383525.0,28,260,9,4,2585.0,12.2,483,0,5,406345,3383765,486,0,5,-106.5,511,-165.0,240.0,291.247317584214,3,65.49147701233159,-25,13,5,4.906111950451267
1878,3032301,406510.0,3383525.0,28,260,9,4,2585.0,12.2,483,0,5,406315,3383735,486,0,13,-102.5,511,-195.0,210.0,286.574597618142,3,57.12109639666147,-25,13,5,4.985708180906084
1879,3032301,406510.0,3383525.0,28,260,9,4,2585.0,12.2,483,0,5,406305,3383725,486,0,5,-101.2,511,-205.0,200.0,286.40006983239374,3,54.29268063145577,-25,13,5,4.9887310670497955
1880,3032301,406510.0,3383525.0,28,260,9,4,2585.0,12.2,483,0,5,406465,3383320,484,0,5,-90.5,511,-45.0,-205.0,209.88091861815357,1,-67.61924307119284,-27,13,5,7.3305182855822855
1881,3032301,406510.0,3383525.0,28,260,9,4,2585.0,12.2,483,0,5,406450,3383285,484,0,6,-108.33,511,-60.0,-240.0,247.38633753705963,1,-65.96375653207352,-27,13,5,6.22866706348412
1882,3032301,406510.0,3383525.0,28,260,9,4,2585.0,12.2,483,0,5,406575,3383170,487,0,6,-103.55,511,65.0,-355.0,360.90164865237176,4,-90.37584492005101,-24,13,5,3.804574066113966
1883,3032301,406510.0,3383525.0,28,260,9,4,2585.0,12.2,483,0,5,406495,3383250,484,0,5,-103.0,511,-15.0,-275.0,275.40878707840824,1,-76.8778695378843,-27,13,5,5.599161821571523
1884,3032301,406510.0,3383525.0,28,260,9,4,2585.0,12.2,483,0,5,406490,3383245,484,0,5,-104.14,511,-20.0,-280.0,280.713376952364,1,-75.91438322002512,-27,13,5,5.494009020482455
1885,3032301,406510.0,3383525.0,28,260,9,4,2585.0,12.2,483,0,5,406520,3383215,486,0,6,-98.5,511,10.0,-310.0,310.16124838541646,3,-81.8476102659946,-25,13,5,4.608262634813169
1886,3032301,406510.0,3383525.0,28,260,9,4,2585.0,12.2,483,0,5,406620,3383155,487,0,5,-105.0,511,110.0,-370.0,386.00518131237567,4,-96.55707137563661,-24,13,5,3.5578042320643366
1887,3032301,406510.0,3383525.0,28,260,9,4,2585.0,12.2,483,0,5,406630,3383145,487,0,6,-109.4,511,120.0,-380.0,398.4971769034255,4,-97.52556837372288,-24,13,5,3.446548204197002
1888,3032301,406510.0,3383525.0,28,260,9,4,2585.0,12.2,483,0,5,406560,3383175,487,0,5,-105.54,511,50.0,-350.0,353.5533905932738,4,-88.13010235415595,-24,13,5,3.883408881805994
1889,3032301,406510.0,3383525.0,28,260,9,4,2585.0,12.2,483,0,5,406570,3383165,487,0,5,-104.0,511,60.0,-360.0,364.9657518178932,4,-89.46232220802563,-24,13,5,3.76233031232997
1890,3032301,406510.0,3383525.0,28,260,9,4,2585.0,12.2,483,0,5,406480,3383255,484,0,5,-105.2,511,-30.0,-270.0,271.6615541441225,1,-73.65980825409011,-27,13,5,5.675894388052354
1891,3032301,406510.0,3383525.0,28,260,9,4,2585.0,12.2,483,0,5,406565,3383180,486,0,5,-109.29,511,55.0,-345.0,349.35655139126845,3,-89.0578881286176,-25,13,5,4.093116159857328
1892,3032301,406510.0,3383525.0,28,260,9,4,2585.0,12.2,483,0,5,406485,3383260,484,0,5,-106.6,511,-25.0,-265.0,266.1766330841233,1,-74.6106882400266,-27,13,5,5.792066427925522
1893,3032301,406510.0,3383525.0,28,260,9,4,2585.0,12.2,483,0,5,406325,3383740,486,0,5,-98.5,511,-185.0,215.0,283.6370920736567,3,59.289153328819,-25,13,5,5.037078695283391
1894,3032301,406510.0,3383525.0,28,260,9,4,2585.0,12.2,483,0,5,406715,3383390,486,0,6,-98.5,511,205.0,-135.0,245.45875417267155,3,-136.6336339989404,-25,13,5,5.815527496276412
1895,3032301,406510.0,3383525.0,28,260,9,4,2585.0,12.2,483,0,5,406320,3383735,486,0,13,-106.5,511,-190.0,210.0,283.1960451701259,3,57.86240522611172,-25,13,5,5.044882943691471
1896,3032301,406510.0,3383525.0,28,260,9,4,2585.0,12.2,483,0,5,406740,3383355,486,0,5,-88.0,511,230.0,-170.0,286.0069929215018,3,-133.53076560994816,-25,13,5,4.99555271448033
1897,3032301,406510.0,3383525.0,28,260,9,4,2585.0,12.2,483,0,5,406400,3383655,486,0,5,-99.0,511,-110.0,130.0,170.29386365926402,3,59.76364169072616,-25,13,5,8.351653519076411
1898,3032301,406510.0,3383525.0,28,260,9,4,2585.0,12.2,483,0,5,406460,3383635,486,0,5,-91.33,511,-50.0,110.0,120.83045973594572,3,75.55604521958344,-25,13,5,11.68963952231531
1899,3032301,406510.0,3383525.0,28,260,9,4,2585.0,12.2,483,0,5,406415,3383650,486,0,5,-96.56,511,-95.0,125.0,157.00318468107582,3,62.76516601842536,-25,13,5,9.0473915128636
1900,3032301,406510.0,3383525.0,28,260,9,4,2585.0,12.2,483,0,5,406720,3383335,486,0,6,-95.58,511,210.0,-190.0,283.1960451701259,3,-127.86240522611172,-25,13,5,5.044882943691471
1901,3032301,406510.0,3383525.0,28,260,9,4,2585.0,12.2,483,0,5,406475,3383630,486,0,5,-88.75,511,-35.0,105.0,110.67971810589327,3,81.56505117707798,-25,13,5,12.728200325601636
1902,3032301,406510.0,3383525.0,28,260,9,4,2585.0,12.2,483,0,5,406730,3383325,486,0,5,-97.25,511,220.0,-200.0,297.3213749463701,3,-127.72631099390628,-25,13,5,4.806358087015098
1903,3032301,406510.0,3383525.0,28,260,9,4,2585.0,12.2,483,0,5,406405,3383660,486,0,5,-100.5,511,-105.0,135.0,171.0263137648707,3,62.125016348901795,-25,13,5,8.3163874074386
1904,3032301,406510.0,3383525.0,28,260,9,4,2585.0,12.2,483,0,5,406725,3383340,486,0,6,-90.0,511,215.0,-185.0,283.6370920736567,3,-129.289153328819,-25,13,5,5.037078695283391
1905,3032301,406510.0,3383525.0,28,260,9,4,2585.0,12.2,483,0,5,406410,3383645,486,0,5,-97.9,511,-100.0,120.0,156.20499351813308,3,60.19442890773479,-25,13,5,9.09285230267862
1906,3032301,406510.0,3383525.0,28,260,9,4,2585.0,12.2,483,0,5,406745,3383360,486,0,5,-100.43,511,235.0,-165.0,287.14108030722457,3,-134.9262455066517,-25,13,5,4.9759216198487435
1907,3032301,406510.0,3383525.0,28,260,9,4,2585.0,12.2,483,0,5,406735,3383330,486,0,5,-91.22,511,225.0,-195.0,297.7414986191881,3,-129.08561677997488,-25,13,5,4.799607852286132
1908,3032301,406510.0,3383525.0,28,260,9,4,2585.0,12.2,483,0,5,406370,3383685,485,0,5,-101.25,511,-140.0,160.0,212.60291625469299,2,58.81407483429035,-26,13,5,6.9722925319036975
1909,3032301,406510.0,3383525.0,28,260,9,4,2585.0,12.2,483,0,5,406345,3383760,486,0,5,-121.5,511,-165.0,235.0,287.14108030722457,3,64.9262455066517,-25,13,5,4.9759216198487435
1910,3032301,406510.0,3383525.0,28,260,9,4,2585.0,12.2,483,0,5,406340,3383755,486,0,5,-98.5,511,-170.0,230.0,286.0069929215018,3,63.53076560994816,-25,13,5,4.99555271448033
1911,3032301,406510.0,3383525.0,28,260,9,4,2585.0,12.2,483,0,5,406465,3383640,486,0,5,-92.0,511,-45.0,115.0,123.4908903522847,3,78.62937773065681,-25,13,5,11.4445185981727
1912,3032301,406510.0,3383525.0,28,260,9,4,2585.0,12.2,483,0,5,406160,3383400,484,0,5,-107.17,511,-350.0,-125.0,371.6517186829626,1,-9.653824058053317,-27,13,5,4.155161888985744
1913,3032301,406510.0,3383525.0,28,260,9,4,2585.0,12.2,483,0,5,406095,3383465,483,0,5,-111.6,511,-415.0,-60.0,419.3149174546501,0,1.7732775358917934,-28,13,5,3.820287885033407
1914,3032301,406510.0,3383525.0,28,260,9,4,2585.0,12.2,483,0,5,406080,3383480,483,0,5,-102.6,511,-430.0,-45.0,432.3482392701513,0,4.025676713519374,-28,13,5,3.705449491207876
1915,3032301,406510.0,3383525.0,28,260,9,4,2585.0,12.2,483,0,5,406115,3383445,483,0,5,-107.15,511,-395.0,-80.0,403.01985062773275,0,-1.4493379885000195,-28,13,5,3.9742659525412667
1916,3032301,406510.0,3383525.0,28,260,9,4,2585.0,12.2,483,0,5,406100,3383460,483,0,5,-118.33,511,-410.0,-65.0,415.12046444375636,0,0.991496257974859,-28,13,5,3.8587727343423857
1917,3032301,406510.0,3383525.0,28,260,9,4,2585.0,12.2,483,0,5,406090,3383470,483,0,5,-119.25,511,-420.0,-55.0,423.5858826731599,0,2.5394338738316264,-28,13,5,3.7818807354501875
1918,3032301,406510.0,3383525.0,28,260,9,4,2585.0,12.2,483,0,5,406105,3383455,483,0,5,-114.29,511,-405.0,-70.0,411.0048661512416,0,0.1939072401029307,-28,13,5,3.8972940768074733
1919,3032301,406510.0,3383525.0,28,260,9,4,2585.0,12.2,483,0,5,406520,3383760,485,0,5,-101.0,511,10.0,235.0,235.2126697267815,2,-257.56335175318986,-26,13,5,6.307768210024645
1920,3032301,406510.0,3383525.0,28,260,9,4,2585.0,12.2,483,0,5,406110,3383450,483,0,5,-108.29,511,-400.0,-75.0,406.97051490249265,0,-0.6196552761551288,-28,13,5,3.935807627630883
1921,3032301,406510.0,3383525.0,28,260,9,4,2585.0,12.2,483,0,5,406085,3383475,483,0,5,-111.33,511,-425.0,-50.0,427.93106921559223,0,3.290163192243085,-28,13,5,3.743589498839964
1922,3032301,406510.0,3383525.0,28,260,9,4,2585.0,12.2,483,0,5,406170,3383390,485,0,5,-103.75,511,-340.0,-135.0,365.8209944768069,2,-11.65598903842249,-26,13,5,4.065347636338671
1923,3032301,406510.0,3383525.0,28,260,9,4,2585.0,12.2,483,0,5,406165,3383395,485,0,5,-99.0,511,-345.0,-130.0,368.6800781165155,2,-10.646990824970374,-26,13,5,4.03392568392405
1924,3032301,406510.0,3383525.0,28,260,9,4,2585.0,12.2,483,0,5,406680,3383255,487,0,6,-94.75,511,170.0,-270.0,319.06112267087633,4,-112.19573393471325,-24,13,5,4.301727392122772
1925,3032301,406510.0,3383525.0,28,260,9,4,2585.0,12.2,483,0,5,406710,3383265,487,0,5,-94.29,511,200.0,-260.0,328.0243893371345,4,-117.56859202882748,-24,13,5,4.184606072736175
1926,3032301,406510.0,3383525.0,28,260,9,4,2585.0,12.2,483,0,5,406695,3383250,487,0,6,-95.6,511,185.0,-275.0,331.436268383531,4,-113.92979742206063,-24,13,5,4.14167948062568
1927,3032301,406510.0,3383525.0,28,260,9,4,2585.0,12.2,483,0,5,406685,3383260,487,0,6,-94.86,511,175.0,-265.0,317.56889016400834,4,-113.4398692057822,-24,13,5,4.321864479378231
1928,3032301,406510.0,3383525.0,28,260,9,4,2585.0,12.2,483,0,5,406675,3383230,487,0,6,-95.82,511,165.0,-295.0,338.0088756231114,4,-109.21924669048462,-24,13,5,4.061416384513134
1929,3032301,406510.0,3383525.0,28,260,9,4,2585.0,12.2,483,0,5,406705,3383280,487,0,6,-94.12,511,195.0,-245.0,313.12936623702353,4,-118.51692630710272,-24,13,5,4.382902437689427
1930,3032301,406510.0,3383525.0,28,260,9,4,2585.0,12.2,483,0,5,406700,3383275,487,0,6,-94.52,511,190.0,-250.0,314.00636936215164,4,-117.23483398157464,-24,13,5,4.370708723413061
1931,3032301,406510.0,3383525.0,28,260,9,4,2585.0,12.2,483,0,5,406690,3383245,487,0,6,-96.37,511,180.0,-280.0,332.86633954186476,4,-112.73522627210764,-24,13,5,4.123947385587552
1932,3032301,406510.0,3383525.0,28,260,9,4,2585.0,12.2,483,0,5,406455,3383170,488,0,14,-107.5,511,-55.0,-355.0,359.23529893372114,5,-71.1932073055647,-23,13,5,3.6633557686150073
1933,3032301,406510.0,3383525.0,28,260,9,4,2585.0,12.2,483,0,5,406670,3383225,487,0,6,-96.4,511,160.0,-300.0,340.0,4,-108.07248693585291,-24,13,5,4.037710620977124
1934,3032301,406510.0,3383525.0,28,260,9,4,2585.0,12.2,483,0,5,406805,3383380,486,0,5,-87.5,511,295.0,-145.0,328.70959827787203,3,-143.82471001824007,-25,13,5,4.349256039700037
1935,3032301,406510.0,3383525.0,28,260,9,4,2585.0,12.2,483,0,5,406665,3383240,487,0,6,-90.0,511,155.0,-285.0,324.4225639501667,4,-108.53998518795993,-24,13,5,4.230896898320597
1936,3032301,406510.0,3383525.0,28,260,9,4,2585.0,12.2,483,0,5,406450,3383165,488,0,14,-102.8,511,-60.0,-360.0,364.9657518178932,5,-70.53767779197437,-23,13,5,3.6059891335256404
1937,3032301,406510.0,3383525.0,28,260,9,4,2585.0,12.2,483,0,5,406605,3382995,489,0,6,-114.5,511,95.0,-530.0,538.4468404587402,6,-90.16208319400073,-22,13,5,2.339704363194933
1938,3032301,406510.0,3383525.0,28,260,9,4,2585.0,12.2,483,0,5,406195,3383370,486,0,5,-109.5,511,-315.0,-155.0,351.0697936308392,3,-16.20011484134733,-25,13,5,4.073208896767388
1939,3032301,406510.0,3383525.0,28,260,9,4,2585.0,12.2,483,0,5,406095,3383470,483,0,5,-106.5,511,-415.0,-55.0,418.6287137786896,0,2.4505782317366993,-28,13,5,3.826531397889924
1940,3032301,406510.0,3383525.0,28,260,9,4,2585.0,12.2,483,0,5,406090,3383465,483,0,5,-110.8,511,-420.0,-60.0,424.26406871192853,0,1.8698976458440484,-28,13,5,3.7758529015637263
1941,3032301,406510.0,3383525.0,28,260,9,4,2585.0,12.2,483,0,5,406085,3383480,483,0,5,-115.63,511,-425.0,-45.0,427.375712927162,0,3.9559078377589003,-28,13,5,3.748440271804727
1942,3032301,406510.0,3383525.0,28,260,9,4,2585.0,12.2,483,0,5,406100,3383455,483,0,5,-110.2,511,-410.0,-70.0,415.9326868617084,0,0.3112134396332067,-28,13,5,3.8512601230491343
1943,3032301,406510.0,3383525.0,28,260,9,4,2585.0,12.2,483,0,5,406160,3383395,485,0,5,-98.8,511,-350.0,-130.0,373.3630940518894,2,-10.376435213836373,-26,13,5,3.9834929087348847
1944,3032301,406510.0,3383525.0,28,260,9,4,2585.0,12.2,483,0,5,406175,3383390,485,0,5,-105.75,511,-335.0,-135.0,361.178626167164,2,-11.948699083526975,-26,13,5,4.117422539359338
1945,3032301,406510.0,3383525.0,28,260,9,4,2585.0,12.2,483,0,5,406105,3383460,483,0,5,-104.0,511,-405.0,-65.0,410.18288603987367,0,0.882137246204195,-28,13,5,3.9050798635332438
1946,3032301,406510.0,3383525.0,28,260,9,4,2585.0,12.2,483,0,5,406110,3383445,483,0,5,-109.27,511,-400.0,-80.0,407.9215610874228,0,-1.3099324740202292,-28,13,5,3.926660252030046
1947,3032301,406510.0,3383525.0,28,260,9,4,2585.0,12.2,483,0,5,406185,3383380,485,0,5,-105.33,511,-325.0,-145.0,355.8791929854849,2,-14.04422326936782,-26,13,5,4.178519911172493
1948,3032301,406510.0,3383525.0,28,260,9,4,2585.0,12.2,483,0,5,406115,3383450,483,0,5,-105.0,511,-395.0,-75.0,402.0572098594925,0,-0.750966993188058,-28,13,5,3.9837508883171737
1949,3032301,406510.0,3383525.0,28,260,9,4,2585.0,12.2,483,0,5,406165,3383400,485,0,5,-104.0,511,-345.0,-125.0,366.94686263817545,2,-9.916405993809065,-26,13,5,4.052915947181884
1950,3032301,406510.0,3383525.0,28,260,9,4,2585.0,12.2,483,0,5,406250,3383335,485,0,5,-112.0,511,-260.0,-190.0,322.02484376209236,2,-26.158185439808335,-26,13,5,4.615997487630596
1951,3032301,406510.0,3383525.0,28,260,9,4,2585.0,12.2,483,0,5,406310,3383315,484,0,5,-113.0,511,-200.0,-210.0,290.0,1,-36.39718102729637,-27,13,5,5.319100907613089
1952,3032301,406510.0,3383525.0,28,260,9,4,2585.0,12.2,483,0,5,406370,3383215,487,0,14,-100.25,511,-140.0,-310.0,340.14702703389895,4,-55.695450734063286,-24,13,5,4.035971107416121
1953,3032301,406510.0,3383525.0,28,260,9,4,2585.0,12.2,483,0,5,406350,3383275,485,0,5,-100.0,511,-160.0,-250.0,296.8164415931166,2,-47.38075692880719,-26,13,5,5.00611598586019
1954,3032301,406510.0,3383525.0,28,260,9,4,2585.0,12.2,483,0,5,406315,3383320,484,0,6,-113.33,511,-195.0,-205.0,282.93108701590216,1,-36.432096184164664,-27,13,5,5.451205527894422
1955,3032301,406510.0,3383525.0,28,260,9,4,2585.0,12.2,483,0,5,406275,3383360,485,0,5,-111.33,511,-235.0,-165.0,287.14108030722457,2,-25.073754493348304,-26,13,5,5.173898834655248
1956,3032301,406510.0,3383525.0,28,260,9,4,2585.0,12.2,483,0,5,406270,3383355,485,0,5,-108.0,511,-240.0,-170.0,294.10882339705483,2,-25.311213439633207,-26,13,5,5.051965759437245
1957,3032301,406510.0,3383525.0,28,260,9,4,2585.0,12.2,483,0,5,406510,3383255,484,0,6,-102.5,511,0.0,-270.0,270.0,1,-80.0,-27,13,5,5.710593137499642
1958,3032301,406510.0,3383525.0,28,260,9,4,2585.0,12.2,483,0,5,406480,3383265,484,0,6,-107.5,511,-30.0,-260.0,261.72504656604804,1,-73.418055344822,-27,13,5,5.889894745224497
1959,3032301,406510.0,3383525.0,28,260,9,4,2585.0,12.2,483,0,5,406590,3383175,486,0,5,-99.0,511,80.0,-350.0,359.02646142032484,3,-92.87500155961243,-25,13,5,3.9832331601318813
1960,3032301,406510.0,3383525.0,28,260,9,4,2585.0,12.2,483,0,5,406605,3383150,487,0,5,-109.33,511,95.0,-375.0,386.84622267769396,4,-94.21585347367352,-24,13,5,3.5500890225808996
1961,3032301,406510.0,3383525.0,28,260,9,4,2585.0,12.2,483,0,5,406500,3383245,484,0,5,-109.86,511,-10.0,-280.0,280.178514522438,1,-77.9545915111128,-27,13,5,5.504432762252363
1962,3032301,406510.0,3383525.0,28,260,9,4,2585.0,12.2,483,0,5,406560,3383185,486,0,5,-104.6,511,50.0,-340.0,343.6568055487917,3,-88.36588612403261,-25,13,5,4.160766363771198
1963,3032301,406510.0,3383525.0,28,260,9,4,2585.0,12.2,483,0,5,406610,3383155,487,0,5,-109.75,511,100.0,-370.0,383.275357934736,4,-95.12400730831064,-24,13,5,3.583078396370689
1964,3032301,406510.0,3383525.0,28,260,9,4,2585.0,12.2,483,0,5,406580,3383165,487,0,6,-106.29,511,70.0,-360.0,366.742416417845,4,-91.00354085174945,-24,13,5,3.7441558684075567
1965,3032301,406510.0,3383525.0,28,260,9,4,2585.0,12.2,483,0,5,406585,3383170,486,0,5,-105.25,511,75.0,-355.0,362.8360511305347,3,-91.9293221772383,-25,13,5,3.9415438029350574
1966,3032301,406510.0,3383525.0,28,260,9,4,2585.0,12.2,483,0,5,406505,3383250,484,0,5,-103.44,511,-5.0,-275.0,275.04545078950133,1,-78.95837332399003,-27,13,5,5.606511246266961
1967,3032301,406510.0,3383525.0,28,260,9,4,2585.0,12.2,483,0,5,406435,3383340,484,0,5,-97.0,511,-75.0,-185.0,199.6246477767713,1,-57.93210043758978,-27,13,5,7.702730882170561
1968,3032301,406510.0,3383525.0,28,260,9,4,2585.0,12.2,483,0,5,406535,3383240,484,0,6,-109.0,511,25.0,-285.0,286.09439001839934,1,-85.01311375503587,-27,13,5,5.391289471164834
1969,3032301,406510.0,3383525.0,28,260,9,4,2585.0,12.2,483,0,5,406270,3383785,486,0,5,-88.0,511,-240.0,260.0,353.83612025908263,3,57.29061004263855,-25,13,5,4.041470073778262
1970,3032301,406510.0,3383525.0,28,260,9,4,2585.0,12.2,483,0,5,406330,3383685,485,0,5,-96.0,511,-180.0,160.0,240.8318915758459,2,51.63353933657021,-26,13,5,6.161737402067999
1971,3032301,406510.0,3383525.0,28,260,9,4,2585.0,12.2,483,0,5,406720,3383295,487,0,5,-90.5,511,210.0,-230.0,311.44823004794875,4,-122.39743779750017,-24,13,5,4.406467552946499
1972,3032301,406510.0,3383525.0,28,260,9,4,2585.0,12.2,483,0,5,406760,3383335,486,0,5,-97.0,511,250.0,-190.0,314.00636936215164,3,-132.76516601842536,-25,13,5,4.552071421157576
1973,3032301,406510.0,3383525.0,28,260,9,4,2585.0,12.2,483,0,5,406725,3383300,487,0,5,-93.75,511,215.0,-225.0,311.20732639190874,4,-123.69804732742114,-24,13,5,4.409865122247827
1974,3032301,406510.0,3383525.0,28,260,9,4,2585.0,12.2,483,0,5,406275,3383790,486,0,5,-102.5,511,-235.0,265.0,354.18921496849674,3,58.433630362450515,-25,13,5,4.037454423401566
1975,3032301,406510.0,3383525.0,28,260,9,4,2585.0,12.2,483,0,5,406425,3383640,486,0,5,-100.83,511,-85.0,115.0,143.0034964607509,3,63.53076560994816,-25,13,5,9.916288472986412
1976,3032301,406510.0,3383525.0,28,260,9,4,2585.0,12.2,483,0,5,406325,3383700,485,0,5,-98.0,511,-185.0,175.0,254.65663156493687,2,53.408859728805396,-26,13,5,5.829599601040306
1977,3032301,406510.0,3383525.0,28,260,9,4,2585.0,12.2,483,0,5,406390,3383650,485,0,5,-96.5,511,-120.0,125.0,173.27723451163456,2,56.16913932790743,-26,13,5,8.533486805246254
1978,3032301,406510.0,3383525.0,28,260,9,4,2585.0,12.2,483,0,5,406395,3383645,485,0,13,-99.33,511,-115.0,120.0,166.20770138594662,2,56.21887523513129,-26,13,5,8.890769825703192
1979,3032301,406510.0,3383525.0,28,260,9,4,2585.0,12.2,483,0,5,406125,3383435,483,0,5,-112.0,511,-385.0,-90.0,395.37956446938426,0,-3.157542740014833,-28,13,5,4.0508111299144005
1980,3032301,406510.0,3383525.0,28,260,9,4,2585.0,12.2,483,0,5,406350,3383610,484,0,5,-91.67,511,-160.0,85.0,181.1767093199344,1,37.97947438848013,-27,13,5,8.47616728210471
1981,3032301,406510.0,3383525.0,28,260,9,4,2585.0,12.2,483,0,5,406365,3383675,485,0,5,-100.56,511,-145.0,150.0,208.62646045025065,2,55.97102193107918,-26,13,5,7.103840366137696
1982,3032301,406510.0,3383525.0,28,260,9,4,2585.0,12.2,483,0,5,406140,3383420,484,0,5,-110.1,511,-370.0,-105.0,384.61019227264376,1,-5.843082117687004,-27,13,5,4.015630095549417
1983,3032301,406510.0,3383525.0,28,260,9,4,2585.0,12.2,483,0,5,406360,3383680,485,0,5,-96.56,511,-150.0,155.0,215.6965461012299,2,55.93919094573556,-26,13,5,6.87325582893694
1984,3032301,406510.0,3383525.0,28,260,9,4,2585.0,12.2,483,0,5,406375,3383665,485,0,5,-99.88,511,-135.0,140.0,194.48650338776724,2,56.04162667600997,-26,13,5,7.6144603030673625
1985,3032301,406510.0,3383525.0,28,260,9,4,2585.0,12.2,483,0,5,406380,3383660,485,0,5,-103.75,511,-130.0,135.0,187.41664813991312,2,56.080924186660695,-26,13,5,7.89813767376143
1986,3032301,406510.0,3383525.0,28,260,9,4,2585.0,12.2,483,0,5,406385,3383655,485,0,5,-101.5,511,-125.0,130.0,180.34688796871433,2,56.12330271407541,-26,13,5,8.203615406199324
1987,3032301,406510.0,3383525.0,28,260,9,4,2585.0,12.2,483,0,5,406370,3383670,485,0,5,-99.43,511,-140.0,145.0,201.55644370746373,2,56.00508600525416,-26,13,5,7.3503429247135506
1988,3032301,406510.0,3383525.0,28,260,9,4,2585.0,12.2,483,0,5,406130,3383430,483,0,5,-104.67,511,-380.0,-95.0,391.69503443367773,0,-4.036243467926482,-28,13,5,4.088786971239869
1989,3032301,406510.0,3383525.0,28,260,9,4,2585.0,12.2,483,0,5,406135,3383425,484,0,5,-112.0,511,-375.0,-100.0,388.1043674065006,1,-4.931417178137565,-27,13,5,3.9795933268252908
1990,3032301,406510.0,3383525.0,28,260,9,4,2585.0,12.2,483,0,5,406120,3383440,483,0,5,-109.0,511,-390.0,-85.0,399.15535822534065,0,-2.295266422998168,-28,13,5,4.012618412886376
1991,3032301,406510.0,3383525.0,28,260,9,4,2585.0,12.2,483,0,5,406150,3383410,484,0,5,-110.67,511,-360.0,-115.0,377.9219496139381,1,-7.715792706376931,-27,13,5,4.086457704320236
1992,3032301,406510.0,3383525.0,28,260,9,4,2585.0,12.2,483,0,5,406155,3383405,484,0,5,-104.2,511,-355.0,-120.0,374.73323845103465,1,-8.67670173219011,-27,13,5,4.121111224778841
1993,3032301,406510.0,3383525.0,28,260,9,4,2585.0,12.2,483,0,5,406145,3383415,484,0,5,-104.67,511,-365.0,-110.0,381.21516234273787,1,-6.771223818630432,-27,13,5,4.051273978120901
1994,3032301,406510.0,3383525.0,28,260,9,4,2585.0,12.2,483,0,5,406260,3383385,485,0,6,-117.0,511,-250.0,-140.0,286.53097563788805,2,-19.248826336546983,-26,13,5,5.184855532176481
1995,3032301,406510.0,3383525.0,28,260,9,4,2585.0,12.2,483,0,5,406135,3383580,483,0,5,-102.0,511,-375.0,55.0,379.0118731649445,0,18.343891584033088,-28,13,5,4.22512562718668
1996,3032301,406510.0,3383525.0,28,260,9,4,2585.0,12.2,483,0,5,406180,3383625,485,0,5,-103.5,511,-330.0,100.0,344.81879299133334,2,26.858398767738265,-26,13,5,4.3120523091711975
1997,3032301,406510.0,3383525.0,28,260,9,4,2585.0,12.2,483,0,5,406210,3383655,486,0,5,-104.4,511,-300.0,130.0,326.9556544854363,3,33.42869280874538,-25,13,5,4.372497251828982
1998,3032301,406510.0,3383525.0,28,260,9,4,2585.0,12.2,483,0,5,406165,3383610,484,0,5,-91.5,511,-345.0,85.0,355.31676008879737,1,23.84069549165565,-27,13,5,4.345471220732118
1999,3032301,406510.0,3383525.0,28,260,9,4,2585.0,12.2,483,0,5,406120,3383565,483,0,5,-96.67,511,-390.0,40.0,392.04591567825315,0,15.856013585428968,-28,13,5,4.085139900346558
2000,3032301,406510.0,3383525.0,28,260,9,4,2585.0,12.2,483,0,5,406130,3383575,483,0,5,-106.0,511,-380.0,50.0,383.275357934736,0,17.495857639729877,-28,13,5,4.1782934891404215
2001,3032301,406510.0,3383525.0,28,260,9,4,2585.0,12.2,483,0,5,406265,3383390,485,0,6,-117.0,511,-245.0,-135.0,279.7320146139873,2,-18.855661219716524,-26,13,5,5.31016290176046
2002,3032301,406510.0,3383525.0,28,260,9,4,2585.0,12.2,483,0,5,406240,3383365,486,0,5,-111.0,511,-270.0,-160.0,313.8470965295043,3,-20.65066795705286,-25,13,5,4.5543718149725505
2003,3032301,406510.0,3383525.0,28,260,9,4,2585.0,12.2,483,0,5,406205,3383650,486,0,5,-100.0,511,-305.0,125.0,329.6209944769902,3,32.28558764683277,-25,13,5,4.337276376031931
2004,3032301,406510.0,3383525.0,28,260,9,4,2585.0,12.2,483,0,5,406080,3383525,483,0,7,-96.0,511,-430.0,0.0,430.0,0,10.0,-28,13,5,3.7256281933489817
2005,3032301,406510.0,3383525.0,28,260,9,4,2585.0,12.2,483,0,5,406140,3383585,483,0,5,-101.0,511,-370.0,60.0,374.83329627982624,0,19.211026540816647,-28,13,5,4.272053179159281
2006,3032301,406510.0,3383525.0,28,260,9,4,2585.0,12.2,483,0,5,406450,3383895,487,0,5,-105.5,511,-60.0,370.0,374.83329627982624,4,90.78897345918335,-24,13,5,3.6635597538466858
2007,3032301,406510.0,3383525.0,28,260,9,4,2585.0,12.2,483,0,5,406230,3383675,486,0,5,-98.0,511,-280.0,150.0,317.6476034853718,3,38.178590109959146,-25,13,5,4.500106023890242
2008,3032301,406510.0,3383525.0,28,260,9,4,2585.0,12.2,483,0,5,406190,3383635,485,0,5,-105.0,511,-320.0,110.0,338.3784863137726,2,28.970407808486527,-26,13,5,4.393804550743409
2009,3032301,406510.0,3383525.0,28,260,9,4,2585.0,12.2,483,0,5,406145,3383590,483,0,5,-105.67,511,-365.0,65.0,370.74249823833253,0,20.09750438407525,-28,13,5,4.319013907405056
2010,3032301,406510.0,3383525.0,28,260,9,4,2585.0,12.2,483,0,5,406100,3383545,483,0,5,-109.5,511,-410.0,20.0,410.48751503547584,0,12.792702365713296,-28,13,5,3.9021908012009683
2011,3032301,406510.0,3383525.0,28,260,9,4,2585.0,12.2,483,0,5,406170,3383615,484,0,5,-99.0,511,-340.0,90.0,351.7101079013795,1,24.82647997035565,-27,13,5,4.389859053980847
2012,3032301,406510.0,3383525.0,28,260,9,4,2585.0,12.2,483,0,5,406220,3383665,486,0,5,-97.5,511,-290.0,140.0,322.02484376209236,3,35.7693276243387,-25,13,5,4.439182864966512
2013,3032301,406510.0,3383525.0,28,260,9,4,2585.0,12.2,483,0,5,406235,3383680,486,0,5,-103.5,511,-275.0,155.0,315.67388235329196,3,39.40718906073363,-25,13,5,4.528125861565279
2014,3032301,406510.0,3383525.0,28,260,9,4,2585.0,12.2,483,0,5,406125,3383570,483,0,5,-98.0,511,-385.0,45.0,387.62094886628614,0,16.66665989090137,-28,13,5,4.131614067313174
2015,3032301,406510.0,3383525.0,28,260,9,4,2585.0,12.2,483,0,5,406175,3383620,484,0,5,-95.75,511,-335.0,95.0,348.209706929603,1,25.8323866204222,-27,13,5,4.433813306123081
2016,3032301,406510.0,3383525.0,28,260,9,4,2585.0,12.2,483,0,5,406185,3383630,485,0,5,-116.0,511,-325.0,105.0,341.5406271587613,2,27.904447506248175,-26,13,5,4.353281783183458
2017,3032301,406510.0,3383525.0,28,260,9,4,2585.0,12.2,483,0,5,406195,3383640,485,0,5,-96.33,511,-315.0,115.0,335.3356527421443,2,30.056094736575403,-26,13,5,4.4335156585767725
2018,3032301,406510.0,3383525.0,28,260,9,4,2585.0,12.2,483,0,5,406200,3383645,485,0,5,-101.25,511,-310.0,120.0,332.41540277189324,2,31.161259816828306,-26,13,5,4.47230650926629
2019,3032301,406510.0,3383525.0,28,260,9,4,2585.0,12.2,483,0,5,406150,3383595,484,0,5,-95.5,511,-360.0,70.0,366.742416417845,1,21.003540851749506,-27,13,5,4.210585155807224
2020,3032301,406510.0,3383525.0,28,260,9,4,2585.0,12.2,483,0,5,406085,3383530,483,0,6,-135.0,511,-425.0,5.0,425.0294107470682,0,10.674036897984479,-28,13,5,3.769073413533116
2021,3032301,406510.0,3383525.0,28,260,9,4,2585.0,12.2,483,0,5,406030,3383520,485,0,6,-119.0,511,-480.0,-5.0,480.02604096027954,2,9.403190548770795,-26,13,5,3.1003235792078256
2022,3032301,406510.0,3383525.0,28,260,9,4,2585.0,12.2,483,0,5,406035,3383515,484,0,5,-107.67,511,-475.0,-10.0,475.10525149697094,1,8.793951220780059,-27,13,5,3.2525927317070726
2023,3032301,406510.0,3383525.0,28,260,9,4,2585.0,12.2,483,0,5,406070,3383480,483,0,5,-106.5,511,-440.0,-45.0,442.2951503238533,0,4.160507688482539,-28,13,5,3.6223409211099025
2024,3032301,406510.0,3383525.0,28,260,9,4,2585.0,12.2,483,0,5,406060,3383470,483,0,5,-108.33,511,-450.0,-55.0,453.3486517019765,0,3.031743258621475,-28,13,5,3.5342480174095585
2025,3032301,406510.0,3383525.0,28,260,9,4,2585.0,12.2,483,0,5,406065,3383465,483,0,5,-113.5,511,-445.0,-60.0,449.02672526253934,0,2.3210361926313112,-28,13,5,3.5681780333196436
2026,3032301,406510.0,3383525.0,28,260,9,4,2585.0,12.2,483,0,5,406485,3383305,483,0,5,-95.0,511,-25.0,-220.0,221.41589825484527,0,-73.51692630710275,-28,13,5,7.207301562612543
2027,3032301,406510.0,3383525.0,28,260,9,4,2585.0,12.2,483,0,5,406455,3383275,484,0,5,-114.0,511,-55.0,-250.0,255.9785147234041,1,-67.59258147259928,-27,13,5,6.021157801859576
2028,3032301,406510.0,3383525.0,28,260,9,4,2585.0,12.2,483,0,5,406475,3383255,484,0,5,-107.42,511,-35.0,-270.0,272.2590678012396,1,-72.61395684873276,-27,13,5,5.6635188502044995
2029,3032301,406510.0,3383525.0,28,260,9,4,2585.0,12.2,483,0,5,406650,3383160,487,0,6,-101.67,511,140.0,-365.0,390.9283821878376,4,-100.98489783588218,-24,13,5,3.513111549648838
2030,3032301,406510.0,3383525.0,28,260,9,4,2585.0,12.2,483,0,5,406470,3383260,484,0,5,-108.22,511,-40.0,-265.0,268.00186566514793,1,-71.41637851988605,-27,13,5,5.752884919720673
2031,3032301,406510.0,3383525.0,28,260,9,4,2585.0,12.2,483,0,5,406445,3383265,484,0,5,-106.08,511,-65.0,-260.0,268.00186566514793,1,-65.96375653207352,-27,13,5,5.752884919720673
2032,3032301,406510.0,3383525.0,28,260,9,4,2585.0,12.2,483,0,5,406440,3383270,484,0,5,-108.47,511,-70.0,-255.0,264.43335644354704,1,-64.64986350757559,-27,13,5,5.829988455412225
2033,3032301,406510.0,3383525.0,28,260,9,4,2585.0,12.2,483,0,5,406465,3383245,485,0,5,-112.11,511,-45.0,-280.0,283.59301824974466,2,-70.86982351772133,-26,13,5,5.238272128698632
2034,3032301,406510.0,3383525.0,28,260,9,4,2585.0,12.2,483,0,5,406660,3383130,487,0,6,-115.0,511,150.0,-395.0,422.5221887664599,4,-100.79411495550369,-24,13,5,3.2510071909601725
2035,3032301,406510.0,3383525.0,28,260,9,4,2585.0,12.2,483,0,5,406640,3383150,487,0,6,-123.5,511,130.0,-375.0,396.8941924493227,4,-99.11972632993115,-24,13,5,3.4604344362697073
2036,3032301,406510.0,3383525.0,28,260,9,4,2585.0,12.2,483,0,5,406635,3383095,488,0,6,-104.0,511,125.0,-430.0,447.8001786511479,5,-96.20902492780795,-23,13,5,2.940253267743861
2037,3032301,406510.0,3383525.0,28,260,9,4,2585.0,12.2,483,0,5,406460,3383250,485,0,5,-105.25,511,-50.0,-275.0,279.5084971874737,2,-69.69515353123398,-26,13,5,5.3143850303715965
2038,3032301,406510.0,3383525.0,28,260,9,4,2585.0,12.2,483,0,5,406645,3383145,487,0,6,-102.0,511,135.0,-380.0,403.2679010285842,4,-99.55825153699743,-24,13,5,3.405871538615531
2039,3032301,406510.0,3383525.0,28,260,9,4,2585.0,12.2,483,0,5,406620,3383090,488,0,6,-110.5,511,110.0,-435.0,448.69254506844663,5,-94.191096549024,-23,13,5,2.9344158785710497
2040,3032301,406510.0,3383525.0,28,260,9,4,2585.0,12.2,483,0,5,406595,3383055,488,0,6,-108.5,511,85.0,-470.0,477.62432936357,5,-90.25119875081737,-23,13,5,2.7569485958105773
2041,3032301,406510.0,3383525.0,28,260,9,4,2585.0,12.2,483,0,5,406300,3383325,484,0,5,-104.5,511,-210.0,-200.0,290.0,1,-33.60281897270363,-27,13,5,5.319100907613089
2042,3032301,406510.0,3383525.0,28,260,9,4,2585.0,12.2,483,0,5,406305,3383330,484,0,6,-114.0,511,-205.0,-195.0,282.93108701590216,1,-33.567903815835365,-27,13,5,5.451205527894422
2043,3032301,406510.0,3383525.0,28,260,9,4,2585.0,12.2,483,0,5,406365,3383270,485,0,6,-102.5,511,-145.0,-255.0,293.3428028774526,2,-50.37625124882618,-26,13,5,5.0650896699517896
2044,3032301,406510.0,3383525.0,28,260,9,4,2585.0,12.2,483,0,5,406375,3383280,484,0,5,-108.83,511,-135.0,-245.0,279.7320146139873,1,-51.144338780283476,-27,13,5,5.513164684700713
2045,3032301,406510.0,3383525.0,28,260,9,4,2585.0,12.2,483,0,5,406370,3383275,485,0,5,-106.75,511,-140.0,-250.0,286.53097563788805,2,-50.751173663453045,-26,13,5,5.184855532176481
2046,3032301,406510.0,3383525.0,28,260,9,4,2585.0,12.2,483,0,5,406310,3383335,484,0,6,-108.8,511,-200.0,-190.0,275.86228448267445,1,-33.53119928561418,-27,13,5,5.5900155568234675
2047,3032301,406510.0,3383525.0,28,260,9,4,2585.0,12.2,483,0,5,406280,3383345,485,0,5,-112.25,511,-230.0,-180.0,292.0616373302047,2,-28.047042531826065,-26,13,5,5.087191995241959
2048,3032301,406510.0,3383525.0,28,260,9,4,2585.0,12.2,483,0,5,406315,3383340,484,0,5,-107.33,511,-195.0,-185.0,268.79360111431225,1,-33.49256424122501,-27,13,5,5.736052875676191
2049,3032301,406510.0,3383525.0,28,260,9,4,2585.0,12.2,483,0,5,406285,3383350,485,0,5,-118.0,511,-225.0,-175.0,285.0438562747845,2,-27.874983651098205,-26,13,5,5.21175717059746
2050,3032301,406510.0,3383525.0,28,260,9,4,2585.0,12.2,483,0,5,406395,3383260,485,0,5,-111.0,511,-115.0,-265.0,288.87713651308576,2,-56.540975918538436,-26,13,5,5.142972658749029
2051,3032301,406510.0,3383525.0,28,260,9,4,2585.0,12.2,483,0,5,406295,3383360,484,0,5,-111.33,511,-215.0,-165.0,271.01660465735307,1,-27.50414236027015,-27,13,5,5.689313042455971
2052,3032301,406510.0,3383525.0,28,260,9,4,2585.0,12.2,483,0,5,406290,3383355,485,0,6,-108.2,511,-220.0,-170.0,278.0287754891569,2,-27.694240466689166,-26,13,5,5.342505961653848
2053,3032301,406510.0,3383525.0,28,260,9,4,2585.0,12.2,483,0,5,406020,3383525,485,0,6,-114.0,511,-490.0,0.0,490.0,2,10.0,-26,13,5,3.0373358229524836
2054,3032301,406510.0,3383525.0,28,260,9,4,2585.0,12.2,483,0,5,406025,3383530,485,0,6,-115.0,511,-485.0,5.0,485.02577251111103,2,10.590657214646683,-26,13,5,3.0684262827580544
2055,3032301,406510.0,3383525.0,28,260,9,4,2585.0,12.2,483,0,5,407660,3382780,484,0,5,-107.5,511,1150.0,-745.0,1370.2280832036686,1,-137.06378080709095,-27,13,5,1.1288528476995445
2056,3032301,406510.0,3383525.0,28,260,9,4,2585.0,12.2,483,0,5,407655,3382785,484,0,5,-104.5,511,1145.0,-740.0,1363.313977042706,1,-137.1258904444495,-27,13,5,1.1345763813222605
2057,3032301,406510.0,3383525.0,28,260,9,4,2585.0,12.2,483,0,5,406440,3383870,488,0,5,-110.22,511,-70.0,345.0,352.02982828163863,5,88.5304696671331,-23,13,5,3.7381281484601283
2058,3032301,406510.0,3383525.0,28,260,9,4,2585.0,12.2,483,0,5,406455,3383875,488,0,5,-107.0,511,-55.0,350.0,354.29507476113747,5,91.06940989958099,-23,13,5,3.7142949022465923
2059,3032301,406510.0,3383525.0,28,260,9,4,2585.0,12.2,483,0,5,406285,3383385,485,0,6,-115.0,511,-225.0,-140.0,265.0,2,-21.890791801845722,-26,13,5,5.603538367624309
2060,3032301,406510.0,3383525.0,28,260,9,4,2585.0,12.2,483,0,5,406315,3383375,484,0,7,-105.75,511,-195.0,-150.0,246.01829200285087,1,-27.56859202882748,-27,13,5,6.26302861099972
2061,3032301,406510.0,3383525.0,28,260,9,4,2585.0,12.2,483,0,5,406450,3383880,488,0,5,-115.5,511,-60.0,355.0,360.0347205478938,5,90.40686573726964,-23,13,5,3.655243724865725
2062,3032301,406510.0,3383525.0,28,260,9,4,2585.0,12.2,483,0,5,406280,3383390,485,0,6,-120.67,511,-230.0,-135.0,266.6927070618917,2,-20.411081267125383,-26,13,5,5.56819675297053
2063,3032301,406510.0,3383525.0,28,260,9,4,2585.0,12.2,483,0,5,406115,3383575,483,0,5,-97.5,511,-395.0,50.0,398.1519810323691,0,17.214262039206744,-28,13,5,4.022697399372173
2064,3032301,406510.0,3383525.0,28,260,9,4,2585.0,12.2,483,0,5,406735,3383310,487,0,5,-91.2,511,225.0,-215.0,311.20732639190874,4,-126.30195267257886,-24,13,5,4.409865122247827
2065,3032301,406510.0,3383525.0,28,260,9,4,2585.0,12.2,483,0,5,406355,3383690,485,0,5,-100.93,511,-155.0,165.0,226.38462845343543,2,56.78991060824609,-26,13,5,6.551645477935625
2066,3032301,406510.0,3383525.0,28,260,9,4,2585.0,12.2,483,0,5,406730,3383305,487,0,5,-91.0,511,220.0,-220.0,311.1269837220809,4,-125.0,-24,13,5,4.4109993929960645
2067,3032301,406510.0,3383525.0,28,260,9,4,2585.0,12.2,483,0,5,406720,3383315,486,0,6,-94.78,511,210.0,-210.0,296.98484809834997,3,-125.0,-25,13,5,4.811778829299293
2068,3032301,406510.0,3383525.0,28,260,9,4,2585.0,12.2,483,0,5,406350,3383685,485,0,5,-94.17,511,-160.0,160.0,226.27416997969522,2,55.0,-26,13,5,6.554815916510016
2069,3032301,406510.0,3383525.0,28,260,9,4,2585.0,12.2,483,0,5,406325,3383720,485,0,5,-97.5,511,-185.0,195.0,268.79360111431225,2,56.50743575877499,-26,13,5,5.524945994269117
2070,3032301,406510.0,3383525.0,28,260,9,4,2585.0,12.2,483,0,5,406725,3383320,486,0,5,-99.5,511,215.0,-205.0,297.06901555025894,3,-126.36392753160294,-25,13,5,4.81042192441519
2071,3032301,406510.0,3383525.0,28,260,9,4,2585.0,12.2,483,0,5,406330,3383705,485,0,5,-96.67,511,-180.0,180.0,254.55844122715712,2,55.0,-26,13,5,5.831832745591208
2072,3032301,406510.0,3383525.0,28,260,9,4,2585.0,12.2,483,0,5,406340,3383695,485,0,5,-99.8,511,-170.0,170.0,240.41630560342617,2,55.0,-26,13,5,6.1723064966466294
2073,3032301,406510.0,3383525.0,28,260,9,4,2585.0,12.2,483,0,5,406320,3383715,485,0,5,-99.92,511,-190.0,190.0,268.70057685088807,2,55.0,-26,13,5,5.526846892034899
2074,3032301,406510.0,3383525.0,28,260,9,4,2585.0,12.2,483,0,5,406335,3383710,485,0,5,-100.6,511,-175.0,185.0,254.65663156493687,2,56.591140271194604,-26,13,5,5.829599601040306
2075,3032301,406510.0,3383525.0,28,260,9,4,2585.0,12.2,483,0,5,406345,3383700,485,0,5,-96.8,511,-165.0,175.0,240.52026941611388,2,56.68468431789631,-26,13,5,6.169659124907458
2076,3032301,406510.0,3383525.0,28,260,9,4,2585.0,12.2,483,0,5,406645,3383295,485,0,5,-98.5,511,135.0,-230.0,266.6927070618917,2,-110.41108126712538,-26,13,5,5.56819675297053
2077,3032301,406510.0,3383525.0,28,260,9,4,2585.0,12.2,483,0,5,406605,3383255,485,0,5,-93.5,511,95.0,-270.0,286.2254356272342,2,-99.38451567935783,-26,13,5,5.190360048955597
2078,3032301,406510.0,3383525.0,28,260,9,4,2585.0,12.2,483,0,5,406540,3383200,486,0,5,-107.5,511,30.0,-325.0,326.3816784073518,3,-85.27389595735178,-25,13,5,4.38015684355802
2079,3032301,406510.0,3383525.0,28,260,9,4,2585.0,12.2,483,0,5,406510,3383150,487,0,5,-99.5,511,0.0,-375.0,375.0,4,-80.0,-24,13,5,3.661935575519803
2080,3032301,406510.0,3383525.0,28,260,9,4,2585.0,12.2,483,0,5,406625,3383275,485,0,5,-98.6,511,115.0,-250.0,275.1817581163403,2,-104.70243022777129,-26,13,5,5.39745450274333
2081,3032301,406510.0,3383525.0,28,260,9,4,2585.0,12.2,483,0,5,406630,3383270,485,0,5,-95.63,511,120.0,-255.0,281.82441342083905,2,-105.20112364547504,-26,13,5,5.270960609470753
2082,3032301,406510.0,3383525.0,28,260,9,4,2585.0,12.2,483,0,5,406710,3383350,486,0,6,-93.4,511,200.0,-175.0,265.75364531836624,3,-128.81407483429035,-25,13,5,5.374117929017665
2083,3032301,406510.0,3383525.0,28,260,9,4,2585.0,12.2,483,0,5,406690,3383330,486,0,6,-95.92,511,180.0,-195.0,265.37709019431196,3,-122.70938995736145,-25,13,5,5.381698758509837
2084,3032301,406510.0,3383525.0,28,260,9,4,2585.0,12.2,483,0,5,406650,3383290,486,0,5,-92.1,511,140.0,-235.0,273.5415873317986,3,-110.78414652632642,-25,13,5,5.221970785076206
2085,3032301,406510.0,3383525.0,28,260,9,4,2585.0,12.2,483,0,5,406670,3383310,486,0,5,-94.18,511,160.0,-215.0,268.00186566514793,3,-116.65610841596691,-25,13,5,5.329296063308979
2086,3032301,406510.0,3383525.0,28,260,9,4,2585.0,12.2,483,0,5,406675,3383305,486,0,5,-92.1,511,165.0,-220.0,275.0,3,-116.86989764584405,-25,13,5,5.194428907734806
2087,3032301,406510.0,3383525.0,28,260,9,4,2585.0,12.2,483,0,5,406695,3383325,486,0,6,-100.83,511,185.0,-200.0,272.44265451650557,3,-122.76882539196873,-25,13,5,5.242917130850702
2088,3032301,406510.0,3383525.0,28,260,9,4,2585.0,12.2,483,0,5,406730,3383370,486,0,6,-92.0,511,220.0,-155.0,269.1189328159578,3,-134.8335639642071,-25,13,5,5.307301637556291
2089,3032301,406510.0,3383525.0,28,260,9,4,2585.0,12.2,483,0,5,406720,3383380,486,0,6,-92.5,511,210.0,-145.0,255.1960031034969,3,-135.37584492005107,-25,13,5,5.595066066404757
2090,3032301,406510.0,3383525.0,28,260,9,4,2585.0,12.2,483,0,5,406550,3383190,486,0,5,-108.2,511,40.0,-335.0,337.37960815674677,3,-86.80905017961345,-25,13,5,4.237901023900667
2091,3032301,406510.0,3383525.0,28,260,9,4,2585.0,12.2,483,0,5,406600,3383260,484,0,5,-94.0,511,90.0,-265.0,279.8660393831306,1,-98.75865034784226,-27,13,5,5.510540745761138
2092,3032301,406510.0,3383525.0,28,260,9,4,2585.0,12.2,483,0,5,406555,3383185,486,0,5,-95.0,511,45.0,-340.0,342.96501279285036,3,-87.53944513950933,-25,13,5,4.1691294579751
2093,3032301,406510.0,3383525.0,28,260,9,4,2585.0,12.2,483,0,5,406535,3383165,487,0,6,-106.0,511,25.0,-360.0,360.86701151532264,4,-83.9724959407506,-24,13,5,3.804938168310098
2094,3032301,406510.0,3383525.0,28,260,9,4,2585.0,12.2,483,0,5,406505,3383155,487,0,5,-103.33,511,-5.0,-370.0,370.0337822415678,4,-79.22577983507193,-24,13,5,3.7109459330936296
2095,3032301,406510.0,3383525.0,28,260,9,4,2585.0,12.2,483,0,5,406655,3383285,486,0,5,-93.42,511,145.0,-240.0,280.40149785619906,3,-111.13897243697886,-25,13,5,5.094898104688072
2096,3032301,406510.0,3383525.0,28,260,9,4,2585.0,12.2,483,0,5,406705,3383355,486,0,6,-94.83,511,195.0,-170.0,258.69866640553056,3,-128.91824886406738,-25,13,5,5.519782427491965
2097,3032301,406510.0,3383525.0,28,260,9,4,2585.0,12.2,483,0,5,406635,3383265,485,0,5,-95.5,511,125.0,-260.0,288.4874347350331,2,-105.6768156818382,-26,13,5,5.149882684730802
2098,3032301,406510.0,3383525.0,28,260,9,4,2585.0,12.2,483,0,5,406080,3383460,483,0,5,-111.6,511,-430.0,-65.0,434.8850422812907,0,1.4040885630790285,-28,13,5,3.6838942892117554
2099,3032301,406510.0,3383525.0,28,260,9,4,2585.0,12.2,483,0,5,406180,3383400,485,0,5,-110.11,511,-330.0,-125.0,352.8809997718778,2,-10.746080275683425,-26,13,5,4.213894644781322
2100,3032301,406510.0,3383525.0,28,260,9,4,2585.0,12.2,483,0,5,406185,3383395,485,0,5,-108.55,511,-325.0,-130.0,350.03571246374275,2,-11.801409486351815,-26,13,5,4.248022666728544
2101,3032301,406510.0,3383525.0,28,260,9,4,2585.0,12.2,483,0,5,406195,3383385,485,0,5,-109.67,511,-315.0,-140.0,344.7100230628637,2,-13.962488974578207,-26,13,5,4.313407801433595
2102,3032301,406510.0,3383525.0,28,260,9,4,2585.0,12.2,483,0,5,406100,3383480,483,0,5,-128.0,511,-410.0,-45.0,412.4621194728069,0,3.7365093856654426,-28,13,5,3.883566912941307
2103,3032301,406510.0,3383525.0,28,260,9,4,2585.0,12.2,483,0,5,406095,3383445,483,0,5,-103.43,511,-415.0,-80.0,422.6405091800832,0,-0.9111283842834155,-28,13,5,3.7903155149791723
2104,3032301,406510.0,3383525.0,28,260,9,4,2585.0,12.2,483,0,5,406085,3383455,483,0,5,-106.83,511,-425.0,-70.0,430.7261310856354,0,0.6470207499067442,-28,13,5,3.719365061780518
2105,3032301,406510.0,3383525.0,28,260,9,4,2585.0,12.2,483,0,5,406190,3383390,485,0,5,-105.33,511,-320.0,-135.0,347.3110997362451,2,-12.873665190626696,-26,13,5,4.281224455221796
2106,3032301,406510.0,3383525.0,28,260,9,4,2585.0,12.2,483,0,5,406205,3383415,485,0,6,-125.0,511,-305.0,-110.0,324.2298567374695,2,-9.832129850218394,-26,13,5,4.584739433395281
2107,3032301,406510.0,3383525.0,28,260,9,4,2585.0,12.2,483,0,5,406110,3383470,483,0,5,-102.0,511,-400.0,-55.0,403.7635446644484,0,2.170923489940378,-28,13,5,3.966969125828994
2108,3032301,406510.0,3383525.0,28,260,9,4,2585.0,12.2,483,0,5,406105,3383475,483,0,5,-101.5,511,-405.0,-50.0,408.0747480548141,0,2.962059236815321,-28,13,5,3.9251908336266172
2109,3032301,406510.0,3383525.0,28,260,9,4,2585.0,12.2,483,0,5,406215,3383405,485,0,5,-129.0,511,-295.0,-120.0,318.47291878588356,2,-12.135491878100368,-26,13,5,4.667253462707241
2110,3032301,406510.0,3383525.0,28,260,9,4,2585.0,12.2,483,0,5,406090,3383450,483,0,5,-112.33,511,-420.0,-75.0,426.64387959983674,0,-0.12467165539783309,-28,13,5,3.754851690556597
2111,3032301,406510.0,3383525.0,28,260,9,4,2585.0,12.2,483,0,5,406375,3383225,486,0,5,-98.0,511,-135.0,-300.0,328.97568299191965,3,-55.772254682045855,-25,13,5,4.345751721563948
2112,3032301,406510.0,3383525.0,28,260,9,4,2585.0,12.2,483,0,5,406245,3383355,486,0,5,-116.5,511,-265.0,-170.0,314.8412298286233,3,-22.680554743363388,-25,13,5,4.540051280921813
2113,3032301,406510.0,3383525.0,28,260,9,4,2585.0,12.2,483,0,5,406250,3383385,486,0,6,-124.0,511,-260.0,-140.0,295.296461204668,3,-18.300755766006375,-25,13,5,4.839160373859959
2114,3032301,406510.0,3383525.0,28,260,9,4,2585.0,12.2,483,0,5,406105,3383540,483,0,5,-97.0,511,-405.0,15.0,405.2776825831889,0,12.121096396661471,-28,13,5,3.9521953837876294
2115,3032301,406510.0,3383525.0,28,260,9,4,2585.0,12.2,483,0,5,406095,3383550,483,0,5,-92.0,511,-415.0,25.0,415.7523301197481,0,13.44738685186519,-28,13,5,3.852925799959364
2116,3032301,406510.0,3383525.0,28,260,9,4,2585.0,12.2,483,0,5,406170,3383625,484,0,5,-90.5,511,-340.0,100.0,354.400902933387,1,26.38954033403479,-27,13,5,4.356657783445813
2117,3032301,406510.0,3383525.0,28,260,9,4,2585.0,12.2,483,0,5,406460,3383895,487,0,5,-102.67,511,-50.0,370.0,373.3630940518894,4,92.30394827798341,-24,13,5,3.6779463349090333
2118,3032301,406510.0,3383525.0,28,260,9,4,2585.0,12.2,483,0,5,406245,3383400,485,0,6,-124.25,511,-265.0,-125.0,293.00170647967224,2,-15.253163394573903,-26,13,5,5.070955441469055
2119,3032301,406510.0,3383525.0,28,260,9,4,2585.0,12.2,483,0,5,406270,3383365,485,0,5,-112.8,511,-240.0,-160.0,288.44410203711914,2,-23.69006752597977,-26,13,5,5.150652185902697
2120,3032301,406510.0,3383525.0,28,260,9,4,2585.0,12.2,483,0,5,406265,3383380,485,0,6,-127.0,511,-245.0,-145.0,284.6928169097352,2,-20.61860540890939,-26,13,5,5.218148052678563
2121,3032301,406510.0,3383525.0,28,260,9,4,2585.0,12.2,483,0,5,406475,3383890,487,0,5,-107.83,511,-35.0,365.0,366.67424234598207,4,94.52263127117112,-24,13,5,3.744850021577601
2122,3032301,406510.0,3383525.0,28,260,9,4,2585.0,12.2,483,0,5,406130,3383585,483,0,5,-99.4,511,-380.0,60.0,384.7076812334269,0,18.9726266148964,-28,13,5,4.162791876267054
2123,3032301,406510.0,3383525.0,28,260,9,4,2585.0,12.2,483,0,5,406145,3383580,483,0,5,-94.0,511,-365.0,55.0,369.120576505835,0,18.569141879837616,-28,13,5,4.337919441877177
2124,3032301,406510.0,3383525.0,28,260,9,4,2585.0,12.2,483,0,5,406135,3383590,483,0,5,-98.0,511,-375.0,65.0,380.5916446797013,0,19.833563964207087,-28,13,5,4.2076509629154
2125,3032301,406510.0,3383525.0,28,260,9,4,2585.0,12.2,483,0,5,406260,3383375,486,0,5,-122.0,511,-250.0,-150.0,291.547594742265,3,-20.963756532073518,-25,13,5,4.901083564402995
2126,3032301,406510.0,3383525.0,28,260,9,4,2585.0,12.2,483,0,5,406210,3383665,486,0,5,-103.75,511,-300.0,140.0,331.058907144937,3,35.01689347810003,-25,13,5,4.318509382800619
2127,3032301,406510.0,3383525.0,28,260,9,4,2585.0,12.2,483,0,5,406465,3383900,487,0,5,-106.33,511,-45.0,375.0,377.69034936042516,4,93.15722658736905,-24,13,5,3.635921239174536
2128,3032301,406510.0,3383525.0,28,260,9,4,2585.0,12.2,483,0,5,406275,3383370,485,0,6,-118.8,511,-235.0,-155.0,281.51376520518494,2,-23.407824589708923,-26,13,5,5.27674425724172
2129,3032301,406510.0,3383525.0,28,260,9,4,2585.0,12.2,483,0,5,406185,3383620,485,0,5,-99.25,511,-325.0,95.0,338.60005906674024,2,26.29404745659889,-26,13,5,4.390940585627001
2130,3032301,406510.0,3383525.0,28,260,9,4,2585.0,12.2,483,0,5,406470,3383885,487,0,5,-104.57,511,-40.0,360.0,362.2154055254967,4,93.65980825409008,-24,13,5,3.790815166957204
2131,3032301,406510.0,3383525.0,28,260,9,4,2585.0,12.2,483,0,5,406180,3383615,484,0,5,-92.75,511,-330.0,90.0,342.0526275297414,1,25.255118703057747,-27,13,5,4.513296814440812
2132,3032301,406510.0,3383525.0,28,260,9,4,2585.0,12.2,483,0,5,406215,3383670,486,0,5,-108.33,511,-295.0,145.0,328.70959827787203,3,36.17528998175993,-25,13,5,4.349256039700037
2133,3032301,406510.0,3383525.0,28,260,9,4,2585.0,12.2,483,0,5,406175,3383630,485,0,5,-90.5,511,-335.0,105.0,351.0697936308392,2,27.402704131356245,-26,13,5,4.235555657526093
2134,3032301,406510.0,3383525.0,28,260,9,4,2585.0,12.2,483,0,5,408050,3382650,482,0,5,-104.0,511,1540.0,-875.0,1771.2213300431993,-1,-140.3955492539951,-29,13,5,0.9380132950161235
2135,3032301,406510.0,3383525.0,28,260,9,4,2585.0,12.2,483,0,5,406295,3383385,484,0,6,-115.5,511,-215.0,-140.0,256.56383221335,1,-23.070677822761667,-27,13,5,6.007521871664987
2136,3032301,406510.0,3383525.0,28,260,9,4,2585.0,12.2,483,0,5,406195,3383645,485,0,5,-94.33,511,-315.0,120.0,337.08307581366347,2,30.854458039578333,-26,13,5,4.410623443012249
2137,3032301,406510.0,3383525.0,28,260,9,4,2585.0,12.2,483,0,5,406115,3383565,483,0,5,-111.33,511,-395.0,40.0,397.0201506221063,0,15.782392322364046,-28,13,5,4.034127549724786
2138,3032301,406510.0,3383525.0,28,260,9,4,2585.0,12.2,483,0,5,406445,3383875,488,0,5,-115.29,511,-65.0,350.0,355.9845502265513,5,89.47921568612566,-23,13,5,3.6967161385725262
2139,3032301,406510.0,3383525.0,28,260,9,4,2585.0,12.2,483,0,5,406200,3383640,485,0,5,-99.75,511,-310.0,115.0,330.6433123473088,2,30.353229148068863,-26,13,5,4.496177917119258
2140,3032301,406510.0,3383525.0,28,260,9,4,2585.0,12.2,483,0,5,406110,3383570,483,0,5,-99.33,511,-400.0,45.0,402.5232912515747,0,16.418786730238764,-28,13,5,3.979152932913177
2141,3032301,406510.0,3383525.0,28,260,9,4,2585.0,12.2,483,0,5,406280,3383385,485,0,6,-116.33,511,-230.0,-140.0,269.2582403567252,2,-21.328692867804165,-26,13,5,5.515470838915584
2142,3032301,406510.0,3383525.0,28,260,9,4,2585.0,12.2,483,0,5,406450,3383875,488,0,5,-119.22,511,-60.0,350.0,355.10561809129405,5,90.27242144859838,-23,13,5,3.7058405215100185
2143,3032301,406510.0,3383525.0,28,260,9,4,2585.0,12.2,483,0,5,406440,3383865,488,0,5,-111.67,511,-70.0,340.0,347.1310991541956,5,88.36636600105959,-23,13,5,3.790728034497742
2144,3032301,406510.0,3383525.0,28,260,9,4,2585.0,12.2,483,0,5,406455,3383880,488,0,5,-108.77,511,-55.0,355.0,359.23529893372114,5,91.19320730556467,-23,13,5,3.6633557686150073
2145,3032301,406510.0,3383525.0,28,260,9,4,2585.0,12.2,483,0,5,406445,3383870,488,0,5,-116.4,511,-65.0,345.0,351.0697936308392,5,89.33021719550334,-23,13,5,3.748321323087036
2146,3032301,406510.0,3383525.0,28,260,9,4,2585.0,12.2,483,0,5,406305,3383370,484,0,6,-112.25,511,-205.0,-155.0,257.00194551792794,1,-27.09283729704154,-27,13,5,5.997355504183674
2147,3032301,406510.0,3383525.0,28,260,9,4,2585.0,12.2,483,0,5,406375,3383625,485,0,5,-90.67,511,-135.0,100.0,168.00297616411441,2,46.52885536698517,-26,13,5,8.79725730217058
2148,3032301,406510.0,3383525.0,28,260,9,4,2585.0,12.2,483,0,5,406360,3383690,485,0,5,-96.0,511,-150.0,165.0,222.9910312097776,2,57.72631099390628,-26,13,5,6.65046539452193
2149,3032301,406510.0,3383525.0,28,260,9,4,2585.0,12.2,483,0,5,406745,3383345,486,0,5,-96.4,511,235.0,-180.0,296.0152023123137,3,-132.5494217682633,-25,13,5,4.827466222992382
2150,3032301,406510.0,3383525.0,28,260,9,4,2585.0,12.2,483,0,5,406460,3383630,486,0,5,-93.0,511,-50.0,105.0,116.29703349613007,3,74.53665493812838,-25,13,5,12.132061446570226
2151,3032301,406510.0,3383525.0,28,260,9,4,2585.0,12.2,483,0,5,406750,3383360,486,0,6,-98.33,511,240.0,-165.0,291.247317584214,3,-135.4914770123316,-25,13,5,4.906111950451267
2152,3032301,406510.0,3383525.0,28,260,9,4,2585.0,12.2,483,0,5,406720,3383330,486,0,6,-91.91,511,210.0,-195.0,286.574597618142,3,-127.12109639666141,-25,13,5,4.985708180906084
2153,3032301,406510.0,3383525.0,28,260,9,4,2585.0,12.2,483,0,5,406730,3383340,486,0,6,-95.67,511,220.0,-185.0,287.4456470360962,3,-129.9392155421262,-25,13,5,4.970675746459918
2154,3032301,406510.0,3383525.0,28,260,9,4,2585.0,12.2,483,0,5,406740,3383350,486,0,5,-97.0,511,230.0,-175.0,289.0069203323685,3,-132.73359809902286,-25,13,5,4.9439566106606625
2155,3032301,406510.0,3383525.0,28,260,9,4,2585.0,12.2,483,0,5,406735,3383335,486,0,5,-93.14,511,225.0,-190.0,294.49108645254444,3,-129.82076607809267,-25,13,5,4.85233141546764
2156,3032301,406510.0,3383525.0,28,260,9,4,2585.0,12.2,483,0,5,406365,3383685,485,0,5,-101.4,511,-145.0,160.0,215.92822881689185,2,57.81555668421123,-26,13,5,6.865951524672503
2157,3032301,406510.0,3383525.0,28,260,9,4,2585.0,12.2,483,0,5,406320,3383730,486,0,13,-100.0,511,-190.0,205.0,279.5084971874737,3,57.174744114610064,-25,13,5,5.111089695288715
2158,3032301,406510.0,3383525.0,28,260,9,4,2585.0,12.2,483,0,5,406725,3383325,486,0,6,-91.0,511,215.0,-200.0,293.64093720052045,3,-127.0700306530411,-25,13,5,4.866312519149697
2159,3032301,406510.0,3383525.0,28,260,9,4,2585.0,12.2,483,0,5,406400,3383650,486,0,13,-93.29,511,-110.0,125.0,166.50825805346713,3,58.65222278030632,-25,13,5,8.538761825538227
2160,3032301,406510.0,3383525.0,28,260,9,4,2585.0,12.2,483,0,5,406410,3383660,486,0,5,-102.0,511,-100.0,135.0,168.00297616411441,3,63.47114463301483,-25,13,5,8.46389789567994
2161,3032301,406510.0,3383525.0,28,260,9,4,2585.0,12.2,483,0,5,406520,3383240,484,0,5,-103.5,511,10.0,-285.0,285.17538463198395,1,-82.00955381302117,-27,13,5,5.408560562137333
2162,3032301,406510.0,3383525.0,28,260,9,4,2585.0,12.2,483,0,5,406515,3383245,484,0,5,-97.5,511,5.0,-280.0,280.04463929880893,1,-81.0230301886678,-27,13,5,5.507047981389081
2163,3032301,406510.0,3383525.0,28,260,9,4,2585.0,12.2,483,0,5,406580,3383180,486,0,5,-109.33,511,70.0,-345.0,352.02982828163863,3,-91.46953033286695,-25,13,5,4.0621379222142036
2164,3032301,406510.0,3383525.0,28,260,9,4,2585.0,12.2,483,0,5,406595,3383165,486,0,5,-109.5,511,85.0,-360.0,369.8986347636336,3,-93.28486648490218,-25,13,5,3.8665172295752672
2165,3032301,406510.0,3383525.0,28,260,9,4,2585.0,12.2,483,0,5,406600,3383160,487,0,5,-105.67,511,90.0,-365.0,375.9321747336878,4,-93.85141901380496,-24,13,5,3.6528799263474507
2166,3032301,406510.0,3383525.0,28,260,9,4,2585.0,12.2,483,0,5,406610,3383150,487,0,5,-107.25,511,100.0,-375.0,388.1043674065006,4,-94.93141717813751,-24,13,5,3.538609743991112
2167,3032301,406510.0,3383525.0,28,260,9,4,2585.0,12.2,483,0,5,406590,3383170,486,0,5,-104.6,511,80.0,-355.0,363.90245945857527,3,-92.69958448959733,-25,13,5,3.9300294417741095
2168,3032301,406510.0,3383525.0,28,260,9,4,2585.0,12.2,483,0,5,406585,3383175,486,0,5,-98.0,511,75.0,-350.0,357.94552658190884,3,-92.0947570770121,-25,13,5,3.99522295462384
2169,3032301,406510.0,3383525.0,28,260,9,4,2585.0,12.2,483,0,5,406645,3383115,487,0,6,-107.5,511,135.0,-410.0,431.65379646193315,4,-98.2250751113545,-24,13,5,3.182375230356967
2170,3032301,406510.0,3383525.0,28,260,9,4,2585.0,12.2,483,0,5,406510,3383250,484,0,6,-107.33,511,0.0,-275.0,275.0,1,-80.0,-27,13,5,5.607431960691767
2171,3032301,406510.0,3383525.0,28,260,9,4,2585.0,12.2,483,0,5,406640,3383120,487,0,6,-104.5,511,130.0,-405.0,425.3527947480773,4,-97.7959889239304,-24,13,5,3.229418575631236
2172,3032301,406510.0,3383525.0,28,260,9,4,2585.0,12.2,483,0,5,406505,3383255,484,0,6,-102.8,511,-5.0,-270.0,270.04629232781554,1,-78.93908830973578,-27,13,5,5.709620675148358
2173,3032301,406510.0,3383525.0,28,260,9,4,2585.0,12.2,483,0,5,406605,3383155,487,0,5,-111.2,511,95.0,-370.0,382.00130889828114,4,-94.40002130679102,-24,13,5,3.594997375287646
2174,3032301,406510.0,3383525.0,28,260,9,4,2585.0,12.2,483,0,5,406560,3383200,486,0,6,-106.5,511,50.0,-325.0,328.8236609491476,3,-88.74616226255523,-25,13,5,4.347753151335397
2175,3032301,406510.0,3383525.0,28,260,9,4,2585.0,12.2,483,0,5,406615,3383145,487,0,5,-104.5,511,105.0,-380.0,394.23977475642914,4,-95.44631636769259,-24,13,5,3.4836763641858153
2176,3032301,406510.0,3383525.0,28,260,9,4,2585.0,12.2,483,0,5,406530,3383230,485,0,5,-104.33,511,20.0,-295.0,295.67718883945037,2,-83.87852450284777,-26,13,5,5.025306113792251
2177,3032301,406510.0,3383525.0,28,260,9,4,2585.0,12.2,483,0,5,406415,3383345,484,0,5,-91.5,511,-95.0,-180.0,203.5313243704762,1,-52.17590361574673,-27,13,5,7.556605970346122
2178,3032301,406510.0,3383525.0,28,260,9,4,2585.0,12.2,483,0,5,406480,3383900,487,0,5,-110.86,511,-30.0,375.0,376.19808611953357,4,95.42607874009911,-24,13,5,3.6503049128335006
2179,3032301,406510.0,3383525.0,28,260,9,4,2585.0,12.2,483,0,5,406500,3383920,487,0,5,-105.5,511,-10.0,395.0,395.12656200260693,4,98.54978370906656,-24,13,5,3.4758770980738274
2180,3032301,406510.0,3383525.0,28,260,9,4,2585.0,12.2,483,0,5,406485,3383895,487,0,5,-115.0,511,-25.0,370.0,370.84363281577316,4,96.13453883014824,-24,13,5,3.7028645177101245
2181,3032301,406510.0,3383525.0,28,260,9,4,2585.0,12.2,483,0,5,406730,3383335,486,0,5,-108.33,511,220.0,-190.0,290.68883707497264,3,-129.18491612511843,-25,13,5,4.915491588248209
2182,3032301,406510.0,3383525.0,28,260,9,4,2585.0,12.2,483,0,5,406725,3383330,486,0,6,-97.0,511,215.0,-195.0,290.25850547399983,3,-127.7927023657133,-25,13,5,4.922743415087569
2183,3032301,406510.0,3383525.0,28,260,9,4,2585.0,12.2,483,0,5,406320,3383725,486,0,5,-100.0,511,-190.0,200.0,275.86228448267445,3,56.46880071438579,-25,13,5,5.178280680761769
2184,3032301,406510.0,3383525.0,28,260,9,4,2585.0,12.2,483,0,5,406745,3383350,486,0,5,-116.67,511,235.0,-175.0,293.00170647967224,3,-133.3256503304268,-25,13,5,4.876878019905273
2185,3032301,406510.0,3383525.0,28,260,9,4,2585.0,12.2,483,0,5,406410,3383655,486,0,5,-96.25,511,-100.0,130.0,164.01219466856725,3,62.43140797117252,-25,13,5,8.666752526171996
2186,3032301,406510.0,3383525.0,28,260,9,4,2585.0,12.2,483,0,5,406465,3383630,486,0,5,-109.5,511,-45.0,105.0,114.23659658795863,3,76.80140948635182,-25,13,5,12.344230025176637
2187,3032301,406510.0,3383525.0,28,260,9,4,2585.0,12.2,483,0,5,406740,3383345,486,0,5,-95.8,511,230.0,-180.0,292.0616373302047,3,-131.95295746817396,-25,13,5,4.8924993277593085
2188,3032301,406510.0,3383525.0,28,260,9,4,2585.0,12.2,483,0,5,406470,3383635,486,0,5,-87.5,511,-40.0,110.0,117.04699910719626,3,80.01689347810003,-25,13,5,12.056608087085909
2189,3032301,406510.0,3383525.0,28,260,9,4,2585.0,12.2,483,0,5,406720,3383325,486,0,6,-95.0,511,210.0,-200.0,290.0,3,-126.39718102729637,-25,13,5,4.927109947649014
2190,3032301,406510.0,3383525.0,28,260,9,4,2585.0,12.2,483,0,5,406735,3383340,486,0,5,-95.0,511,225.0,-185.0,291.29023327259017,3,-130.57219780396377,-25,13,5,4.905392661919683
2191,3032301,406510.0,3383525.0,28,260,9,4,2585.0,12.2,483,0,5,406750,3383355,486,0,6,-89.67,511,240.0,-170.0,294.10882339705483,3,-134.6887865603668,-25,13,5,4.85860798173759
2192,3032301,406510.0,3383525.0,28,260,9,4,2585.0,12.2,483,0,5,406405,3383650,486,0,5,-98.67,511,-105.0,125.0,163.24827717314508,3,59.96974072811031,-25,13,5,8.706688390590985
2193,3032301,406510.0,3383525.0,28,260,9,4,2585.0,12.2,483,0,5,406325,3383730,486,0,5,-100.5,511,-185.0,205.0,276.1340254296815,3,57.93567344642116,-25,13,5,5.1732124461169535
2194,3032301,406510.0,3383525.0,28,260,9,4,2585.0,12.2,483,0,5,406400,3383645,486,0,5,-98.0,511,-110.0,120.0,162.78820596099706,3,57.48955292199918,-25,13,5,8.730916552103588
2195,3032301,406510.0,3383525.0,28,260,9,4,2585.0,12.2,483,0,5,406360,3383685,485,0,5,-99.63,511,-150.0,160.0,219.31712199461307,2,56.847610265994604,-26,13,5,6.7608483458661555
2196,3032301,406510.0,3383525.0,28,260,9,4,2585.0,12.2,483,0,5,406330,3383735,486,0,5,-104.5,511,-180.0,210.0,276.5863337187866,3,59.39870535499551,-25,13,5,5.164798358374825
2197,3032301,406510.0,3383525.0,28,260,9,4,2585.0,12.2,483,0,5,406475,3383870,487,0,13,-103.67,511,-35.0,345.0,346.77081768799405,4,94.20720350496782,-24,13,5,3.959126152231303
2198,3032301,406510.0,3383525.0,28,260,9,4,2585.0,12.2,483,0,5,406460,3383875,488,0,5,-109.33,511,-50.0,350.0,353.5533905932738,5,91.86989764584405,-23,13,5,3.722064868418995
2199,3032301,406510.0,3383525.0,28,260,9,4,2585.0,12.2,483,0,5,406285,3383380,485,0,6,-109.75,511,-225.0,-145.0,267.67517628648346,2,-22.79953127261922,-26,13,5,5.54788710130999
2200,3032301,406510.0,3383525.0,28,260,9,4,2585.0,12.2,483,0,5,406290,3383365,485,0,5,-114.0,511,-220.0,-160.0,272.02941017470886,2,-26.0273733851036,-26,13,5,5.459625834082291
2201,3032301,406510.0,3383525.0,28,260,9,4,2585.0,12.2,483,0,5,406210,3383420,485,0,6,-120.0,511,-300.0,-105.0,317.8443015062564,2,-9.290046219188753,-26,13,5,4.676443233671468
2202,3032301,406510.0,3383525.0,28,260,9,4,2585.0,12.2,483,0,5,406110,3383480,483,0,6,-107.5,511,-400.0,-45.0,402.5232912515747,0,3.5812132697611787,-28,13,5,3.979152932913177
2203,3032301,406510.0,3383525.0,28,260,9,4,2585.0,12.2,483,0,5,406200,3383410,485,0,5,-116.33,511,-310.0,-115.0,330.6433123473088,2,-10.353229148068834,-26,13,5,4.496177917119258
2204,3032301,406510.0,3383525.0,28,260,9,4,2585.0,12.2,483,0,5,406095,3383455,483,0,5,-108.0,511,-415.0,-70.0,420.86221023037933,0,0.42577211490817035,-28,13,5,3.8062840240493805
2205,3032301,406510.0,3383525.0,28,260,9,4,2585.0,12.2,483,0,5,406090,3383460,483,0,5,-108.4,511,-420.0,-65.0,425.0,0,1.2025892900089161,-28,13,5,3.769333488150146
2206,3032301,406510.0,3383525.0,28,260,9,4,2585.0,12.2,483,0,5,406085,3383445,483,0,5,-107.17,511,-425.0,-80.0,432.46387132337424,0,-0.6603482945353107,-28,13,5,3.704461488459045
2207,3032301,406510.0,3383525.0,28,260,9,4,2585.0,12.2,483,0,5,406080,3383450,483,0,5,-104.6,511,-430.0,-75.0,436.4916952245483,0,0.10607933026460614,-28,13,5,3.6703716248908584
2208,3032301,406510.0,3383525.0,28,260,9,4,2585.0,12.2,483,0,5,406520,3383730,485,0,5,-98.33,511,10.0,205.0,205.24375751773792,2,-257.2072976342867,-26,13,5,7.219695992842575
2209,3032301,406510.0,3383525.0,28,260,9,4,2585.0,12.2,483,0,5,406205,3383405,485,0,5,-114.0,511,-305.0,-120.0,327.75753233144775,2,-11.476790979540397,-26,13,5,4.53560058977268
2210,3032301,406510.0,3383525.0,28,260,9,4,2585.0,12.2,483,0,5,406105,3383465,483,0,5,-109.0,511,-405.0,-60.0,409.42032191868543,0,1.5730309785193413,-28,13,5,3.9123306873033155
2211,3032301,406510.0,3383525.0,28,260,9,4,2585.0,12.2,483,0,5,406195,3383395,485,0,5,-110.17,511,-315.0,-130.0,340.77118422777477,2,-12.425861921351782,-26,13,5,4.363073345309276
2212,3032301,406510.0,3383525.0,28,260,9,4,2585.0,12.2,483,0,5,406185,3383385,485,0,5,-109.6,511,-325.0,-140.0,353.8714455844099,2,-13.304890539203114,-26,13,5,4.20214274132556
2213,3032301,406510.0,3383525.0,28,260,9,4,2585.0,12.2,483,0,5,406180,3383390,485,0,5,-105.5,511,-330.0,-135.0,356.5459297201414,2,-12.249023657212376,-26,13,5,4.170733726652558
2214,3032301,406510.0,3383525.0,28,260,9,4,2585.0,12.2,483,0,5,406680,3383260,487,0,6,-96.0,511,170.0,-265.0,314.8412298286233,4,-112.68055474336336,-24,13,5,4.359163702551684
2215,3032301,406510.0,3383525.0,28,260,9,4,2585.0,12.2,483,0,5,406675,3383225,487,0,6,-94.46,511,165.0,-300.0,342.3813663153998,4,-108.81079374297303,-24,13,5,4.009719041868026
2216,3032301,406510.0,3383525.0,28,260,9,4,2585.0,12.2,483,0,5,406455,3383165,488,0,5,-107.75,511,-55.0,-360.0,364.17715469260287,5,-71.31364541876334,-23,13,5,3.6137769507827664
2217,3032301,406510.0,3383525.0,28,260,9,4,2585.0,12.2,483,0,5,406690,3383250,487,0,6,-95.85,511,180.0,-275.0,328.6715685908959,4,-113.2065703150895,-24,13,5,4.176395450121453
2218,3032301,406510.0,3383525.0,28,260,9,4,2585.0,12.2,483,0,5,406700,3383280,487,0,6,-96.13,511,190.0,-245.0,310.0403199585499,4,-117.79394299861673,-24,13,5,4.426398219166972
2219,3032301,406510.0,3383525.0,28,260,9,4,2585.0,12.2,483,0,5,406695,3383245,487,0,6,-93.16,511,185.0,-280.0,335.5964838909967,4,-113.45330945407267,-24,13,5,4.090512597981479
2220,3032301,406510.0,3383525.0,28,260,9,4,2585.0,12.2,483,0,5,406685,3383255,487,0,6,-93.32,511,175.0,-270.0,321.7530108639234,4,-112.94921511659044,-24,13,5,4.265871181448414
2221,3032301,406510.0,3383525.0,28,260,9,4,2585.0,12.2,483,0,5,406705,3383275,487,0,6,-95.71,511,195.0,-250.0,317.0567772497538,4,-117.95423087513251,-24,13,5,4.328818680204268
2222,3032301,406510.0,3383525.0,28,260,9,4,2585.0,12.2,483,0,5,406710,3383270,487,0,5,-98.0,511,200.0,-255.0,324.07560846197606,4,-118.10757687751487,-24,13,5,4.235410024026466
2223,3032301,406510.0,3383525.0,28,260,9,4,2585.0,12.2,483,0,5,406095,3383440,483,0,5,-108.13,511,-415.0,-85.0,423.6153915995027,0,-1.5751888173962243,-28,13,5,3.7816180551686376
2224,3032301,406510.0,3383525.0,28,260,9,4,2585.0,12.2,483,0,5,406630,3383805,486,18,5,-107.5,511,120.0,280.0,304.63092423455635,3,-236.80140948635182,-25,13,5,4.691551716827176
2225,3032301,406510.0,3383525.0,28,260,9,4,2585.0,12.2,483,0,5,406350,3383365,483,0,6,-106.5,511,-160.0,-160.0,226.27416997969522,0,-35.0,-28,13,5,7.054131382118999
2226,3032301,406510.0,3383525.0,28,260,9,4,2585.0,12.2,483,0,5,406320,3383370,484,0,6,-101.33,511,-190.0,-155.0,245.20399670478457,1,-29.20720350496785,-27,13,5,6.2836613336749725
2227,3032301,406510.0,3383525.0,28,260,9,4,2585.0,12.2,483,0,5,406040,3383470,484,0,5,-105.0,511,-470.0,-55.0,473.2071428032337,1,3.3255309528824455,-27,13,5,3.2656112153770382
2228,3032301,406510.0,3383525.0,28,260,9,4,2585.0,12.2,483,0,5,406070,3383460,483,0,5,-109.6,511,-440.0,-65.0,444.7752241301217,0,1.5966289094391755,-28,13,5,3.6021960207520487
2229,3032301,406510.0,3383525.0,28,260,9,4,2585.0,12.2,483,0,5,406055,3383475,484,0,5,-107.75,511,-455.0,-50.0,457.73900860643283,1,3.728922550498851,-27,13,5,3.3757132599538897
2230,3032301,406510.0,3383525.0,28,260,9,4,2585.0,12.2,483,0,5,406075,3383455,483,0,5,-115.0,511,-435.0,-70.0,440.5961870012041,0,0.8583597764750834,-28,13,5,3.636271463704788
