,Cell Index,Cell X,Cell Y,Height,Azimuth,Electrical Downtilt,Mechanical Downtilt,Frequency Band,RS Power,Cell Altitude,Cell Building Height,Cell Clutter Index,X,Y,Altitude,Building Height,Clutter Index,RSRP,Station Absolute Height,X Distance,Y Distance,Distance To Station,Altitude Delta,Azimuth To Station,Height Delta,Station Total Downtilt,Station Downtilt Delta,Vertical Degree
0,338101,410960.0,3393430.0,38,30,8,0,2585.0,12.2,502,0,11,411075,3393445,506,0,13,-92.5,540,115.0,15.0,115.97413504743201,4,52.56859202882748,-34,8,8,16.339491886238022
1,338101,410960.0,3393430.0,38,30,8,0,2585.0,12.2,502,0,11,411085,3393515,506,21,5,-91.0,540,125.0,85.0,151.16216457830973,4,25.7842978675626,-34,8,8,12.676239235329154
2,338101,410960.0,3393430.0,38,30,8,0,2585.0,12.2,502,0,11,411175,3393585,508,0,5,-95.5,540,215.0,155.0,265.04716561397146,6,24.211026540816647,-32,8,8,6.8841843407579
3,338101,410960.0,3393430.0,38,30,8,0,2585.0,12.2,502,0,11,411020,3393420,503,48,5,-94.33,540,60.0,-10.0,60.8276253029822,1,69.46232220802563,-37,8,8,31.311156133255544
4,338101,410960.0,3393430.0,38,30,8,0,2585.0,12.2,502,0,11,411005,3393435,503,0,5,-89.67,540,45.0,5.0,45.27692569068709,1,53.65980825409008,-37,8,8,39.255463505199046
5,338101,410960.0,3393430.0,38,30,8,0,2585.0,12.2,502,0,11,411195,3393565,509,0,12,-92.0,540,235.0,135.0,271.01660465735307,7,30.12400730831058,-31,8,8,6.5253680995852745
6,338101,410960.0,3393430.0,38,30,8,0,2585.0,12.2,502,0,11,411185,3393575,509,0,5,-92.18,540,225.0,145.0,267.67517628648346,7,27.20046872738078,-31,8,8,6.606109605695642
7,338101,410960.0,3393430.0,38,30,8,0,2585.0,12.2,502,0,11,411190,3393570,509,0,12,-100.5,540,230.0,140.0,269.2582403567252,7,28.671307132195864,-31,8,8,6.567610271040268
8,338101,410960.0,3393430.0,38,30,8,0,2585.0,12.2,502,0,11,411025,3393415,503,48,13,-86.67,540,65.0,-15.0,66.70832032063167,1,72.99461679191648,-37,8,8,29.015092418992143
9,338101,410960.0,3393430.0,38,30,8,0,2585.0,12.2,502,0,11,411080,3393520,506,21,5,-88.0,540,120.0,90.0,150.0,4,23.13010235415595,-34,8,8,12.771242564901442
10,338101,410960.0,3393430.0,38,30,8,0,2585.0,12.2,502,0,11,411180,3393580,508,0,5,-95.33,540,220.0,150.0,266.27053911388697,6,25.713123022791024,-32,8,8,6.852856589731667
11,338101,410960.0,3393430.0,38,30,8,0,2585.0,12.2,502,0,11,411450,3393130,499,0,5,-99.0,540,490.0,-300.0,574.543296888929,-3,91.476839349584,-41,8,8,4.0817664231227315
12,338101,410960.0,3393430.0,38,30,8,0,2585.0,12.2,502,0,11,411385,3393235,499,0,13,-94.33,540,425.0,-195.0,467.6002566295275,-3,84.64677085193114,-41,8,8,5.010977749377
13,338101,410960.0,3393430.0,38,30,8,0,2585.0,12.2,502,0,11,410880,3393565,510,0,5,-99.0,540,-80.0,135.0,156.92354826475216,8,299.34933204294714,-30,8,8,10.822979485599513
14,338101,410960.0,3393430.0,38,30,8,0,2585.0,12.2,502,0,11,410930,3393535,506,21,12,-115.0,540,-30.0,105.0,109.20164833920778,4,314.05460409907715,-34,8,8,17.294008910973254
15,338101,410960.0,3393430.0,38,30,8,0,2585.0,12.2,502,0,11,411200,3393885,508,0,6,-85.0,540,240.0,455.0,514.4171459039833,6,-2.1895845561536476,-32,8,8,3.5595731849505317
16,338101,410960.0,3393430.0,38,30,8,0,2585.0,12.2,502,0,11,410965,3393490,505,0,5,-88.85,540,5.0,60.0,60.207972893961475,3,-25.23635830927384,-35,8,8,30.17022311341457
17,338101,410960.0,3393430.0,38,30,8,0,2585.0,12.2,502,0,11,410955,3393560,506,21,12,-92.8,540,-5.0,130.0,130.09611831257686,4,327.7974018382342,-34,8,8,14.646388111097933
18,338101,410960.0,3393430.0,38,30,8,0,2585.0,12.2,502,0,11,411215,3393900,507,0,5,-89.0,540,255.0,470.0,534.7195526628889,5,-1.5178142529595675,-33,8,8,3.5315068319409764
19,338101,410960.0,3393430.0,38,30,8,0,2585.0,12.2,502,0,11,410995,3393520,505,0,5,-90.88,540,35.0,90.0,96.56603957913983,3,-8.749494492866745,-35,8,8,19.922859211286067
20,338101,410960.0,3393430.0,38,30,8,0,2585.0,12.2,502,0,11,410950,3393555,506,0,12,-90.14,540,-10.0,125.0,125.39936203984452,4,325.4260787400991,-34,8,8,15.17010347298545
21,338101,410960.0,3393430.0,38,30,8,0,2585.0,12.2,502,0,11,411205,3393890,507,0,5,-81.0,540,245.0,460.0,521.1765535785354,5,-1.9598470220650483,-33,8,8,3.6230332252215915
22,338101,410960.0,3393430.0,38,30,8,0,2585.0,12.2,502,0,11,411055,3393420,505,0,11,-90.5,540,95.0,-10.0,95.524865872714,3,66.00900595749454,-35,8,8,20.12266972865751
23,338101,410960.0,3393430.0,38,30,8,0,2585.0,12.2,502,0,11,410980,3393505,505,0,5,-89.6,540,20.0,75.0,77.62087348130012,3,-15.068582821862435,-35,8,8,24.2710723038448
24,338101,410960.0,3393430.0,38,30,8,0,2585.0,12.2,502,0,11,411230,3393915,506,0,5,-81.43,540,270.0,485.0,555.0900827793629,4,-0.8952683725813131,-34,8,8,3.505063129205894
25,338101,410960.0,3393430.0,38,30,8,0,2585.0,12.2,502,0,11,410960,3393485,505,0,5,-87.48,540,0.0,55.0,55.0,3,-30.0,-35,8,8,32.47119229084849
26,338101,410960.0,3393430.0,38,30,8,0,2585.0,12.2,502,0,11,410990,3393515,505,0,6,-93.5,540,30.0,85.0,90.13878188659973,3,-10.55996517182382,-35,8,8,21.22070022359343
27,338101,410960.0,3393430.0,38,30,8,0,2585.0,12.2,502,0,11,411060,3393425,506,0,5,-86.0,540,100.0,-5.0,100.12492197250393,4,62.86240522611172,-34,8,8,18.756243795105696
28,338101,410960.0,3393430.0,38,30,8,0,2585.0,12.2,502,0,11,410970,3393495,505,0,5,-86.33,540,10.0,65.0,65.76473218982953,3,-21.25383773744477,-35,8,8,28.0219145167851
29,338101,410960.0,3393430.0,38,30,8,0,2585.0,12.2,502,0,11,410935,3393540,506,0,6,-98.5,540,-25.0,110.0,112.80514172678478,4,317.19573393471325,-34,8,8,16.77305366829208
30,338101,410960.0,3393430.0,38,30,8,0,2585.0,12.2,502,0,11,411210,3393895,507,0,5,-81.0,540,250.0,465.0,527.9441258315126,5,-1.7359958514760478,-33,8,8,3.5767118884427096
31,338101,410960.0,3393430.0,38,30,8,0,2585.0,12.2,502,0,11,411000,3393445,503,0,11,-89.6,540,40.0,15.0,42.720018726587654,1,39.44395478041656,-37,8,8,40.89598384121026
32,338101,410960.0,3393430.0,38,30,8,0,2585.0,12.2,502,0,11,410885,3393570,510,5,6,-116.67,540,-75.0,140.0,158.8238017426859,8,301.82140989004085,-30,8,8,10.696492817954288
33,338101,410960.0,3393430.0,38,30,8,0,2585.0,12.2,502,0,11,411225,3393910,506,0,5,-80.75,540,265.0,480.0,548.2928049865327,4,-1.0976429637981937,-34,8,8,3.5484056376940396
34,338101,410960.0,3393430.0,38,30,8,0,2585.0,12.2,502,0,11,411100,3393385,506,0,6,-96.5,540,140.0,-45.0,147.05441169852742,4,77.81888891452274,-34,8,8,13.01842516439865
35,338101,410960.0,3393430.0,38,30,8,0,2585.0,12.2,502,0,11,410920,3393525,507,0,5,-97.0,540,-40.0,95.0,103.07764064044152,5,307.16634582208246,-33,8,8,17.752312730991235
36,338101,410960.0,3393430.0,38,30,8,0,2585.0,12.2,502,0,11,410975,3393500,505,0,5,-86.67,540,15.0,70.0,71.58910531638176,3,-17.905242922987895,-35,8,8,26.054064937232678
37,338101,410960.0,3393430.0,38,30,8,0,2585.0,12.2,502,0,11,411220,3393905,507,0,5,-81.75,540,260.0,475.0,541.5025392368904,5,-1.305095620656573,-33,8,8,3.487380221222164
38,338101,410960.0,3393430.0,38,30,8,0,2585.0,12.2,502,0,11,411005,3393450,503,0,5,-92.0,540,45.0,20.0,49.24428900898052,1,36.03751102542185,-37,8,8,36.91959479963187
39,338101,410960.0,3393430.0,38,30,8,0,2585.0,12.2,502,0,11,411115,3393400,507,0,6,-91.67,540,155.0,-30.0,157.87653403846943,5,70.95406264339834,-33,8,8,11.806215217640416
40,338101,410960.0,3393430.0,38,30,8,0,2585.0,12.2,502,0,11,410985,3393510,505,0,5,-85.57,540,25.0,80.0,83.81527307120105,3,-12.645975363738671,-35,8,8,22.664682957540414
41,338101,410960.0,3393430.0,38,30,8,0,2585.0,12.2,502,0,11,411035,3393480,505,0,5,-86.0,540,75.0,50.0,90.13878188659973,3,26.30993247402023,-35,8,8,21.22070022359343
42,338101,410960.0,3393430.0,38,30,8,0,2585.0,12.2,502,0,11,411050,3393415,505,0,11,-99.33,540,90.0,-15.0,91.2414379544733,3,69.46232220802563,-35,8,8,20.986695585946254
43,338101,410960.0,3393430.0,38,30,8,0,2585.0,12.2,502,0,11,410895,3393580,509,5,12,-95.0,540,-65.0,150.0,163.47782724271815,7,306.5713071912546,-31,8,8,10.737403274428729
44,338101,410960.0,3393430.0,38,30,8,0,2585.0,12.2,502,0,11,411550,3393295,502,0,12,-103.25,540,590.0,-135.0,605.2478831024525,0,72.88818512576569,-38,8,8,3.5925537977603375
45,338101,410960.0,3393430.0,38,30,8,0,2585.0,12.2,502,0,11,411520,3393305,501,0,5,-111.0,540,560.0,-125.0,573.7813172280883,-1,72.58296249407692,-39,8,8,3.8884217749410395
46,338101,410960.0,3393430.0,38,30,8,0,2585.0,12.2,502,0,11,411525,3393310,501,0,5,-89.8,540,565.0,-120.0,577.6028047023318,-1,71.99083497903928,-39,8,8,3.8627736645722637
47,338101,410960.0,3393430.0,38,30,8,0,2585.0,12.2,502,0,11,411540,3393285,502,0,5,-100.0,540,580.0,-145.0,597.8503157145608,0,74.03624346792651,-38,8,8,3.6368880788736986
48,338101,410960.0,3393430.0,38,30,8,0,2585.0,12.2,502,0,11,411535,3393320,501,0,5,-124.5,540,575.0,-110.0,585.4271944486351,-1,70.83007954340701,-39,8,8,3.8112998561770803
49,338101,410960.0,3393430.0,38,30,8,0,2585.0,12.2,502,0,11,411175,3393525,508,0,5,-97.0,540,215.0,95.0,235.05318547086316,6,36.161259816828306,-32,8,8,7.75255247330304
50,338101,410960.0,3393430.0,38,30,8,0,2585.0,12.2,502,0,11,411170,3393530,508,0,12,-98.0,540,210.0,100.0,232.59406699226014,6,34.53665493812838,-32,8,8,7.833504542349248
51,338101,410960.0,3393430.0,38,30,8,0,2585.0,12.2,502,0,11,410980,3393440,503,48,5,-81.5,540,20.0,10.0,22.360679774997898,1,33.434948822922024,-37,8,8,58.85363938762358
52,338101,410960.0,3393430.0,38,30,8,0,2585.0,12.2,502,0,11,411195,3393545,509,0,6,-90.0,540,235.0,115.0,261.6295090390226,7,33.92464441605125,-31,8,8,6.757365988766704
53,338101,410960.0,3393430.0,38,30,8,0,2585.0,12.2,502,0,11,411185,3393555,509,0,12,-91.0,540,225.0,125.0,257.390753524675,7,30.945395900922847,-31,8,8,6.867593152507581
54,338101,410960.0,3393430.0,38,30,8,0,2585.0,12.2,502,0,11,411190,3393550,509,0,5,-89.33,540,230.0,120.0,259.42243542145695,7,32.44718842328223,-31,8,8,6.8143169086645194
55,338101,410960.0,3393430.0,38,30,8,0,2585.0,12.2,502,0,11,410880,3393685,507,0,12,-101.0,540,-80.0,255.0,267.25456029785533,5,312.5820292077972,-33,8,8,7.039125378819942
56,338101,410960.0,3393430.0,38,30,8,0,2585.0,12.2,502,0,11,410960,3393605,507,0,5,-89.5,540,0.0,175.0,175.0,5,-30.0,-33,8,8,10.678947196535141
57,338101,410960.0,3393430.0,38,30,8,0,2585.0,12.2,502,0,11,411130,3393775,508,0,6,-79.0,540,170.0,345.0,384.61019227264376,6,-3.7680600668433613,-32,8,8,4.756118769051826
58,338101,410960.0,3393430.0,38,30,8,0,2585.0,12.2,502,0,11,411020,3393665,518,0,5,-83.25,540,60.0,235.0,242.53865671269807,16,-15.677280021796435,-22,8,8,5.182955445365691
59,338101,410960.0,3393430.0,38,30,8,0,2585.0,12.2,502,0,11,411190,3393835,507,0,6,-83.33,540,230.0,405.0,465.7520799738848,5,-0.40770364064201203,-33,8,8,4.052813336290474
60,338101,410960.0,3393430.0,38,30,8,0,2585.0,12.2,502,0,11,411150,3393795,507,0,5,-86.5,540,190.0,365.0,411.4911906711977,5,-2.5008612689528604,-33,8,8,4.5850869035315025
61,338101,410960.0,3393430.0,38,30,8,0,2585.0,12.2,502,0,11,411195,3393840,507,0,6,-87.5,540,235.0,410.0,472.5727457228146,5,-0.17992743452623472,-33,8,8,3.994509618417842
62,338101,410960.0,3393430.0,38,30,8,0,2585.0,12.2,502,0,11,411175,3393820,507,0,5,-79.0,540,215.0,390.0,445.3369510831096,5,-1.132840530485396,-33,8,8,4.237940198448917
63,338101,410960.0,3393430.0,38,30,8,0,2585.0,12.2,502,0,11,411180,3393825,507,0,12,-88.5,540,220.0,395.0,452.133829745132,5,-0.8838537339210575,-33,8,8,4.174458629836241
64,338101,410960.0,3393430.0,38,30,8,0,2585.0,12.2,502,0,11,411185,3393830,507,0,5,-81.67,540,225.0,400.0,458.93899376714546,5,-0.6422464572087279,-33,8,8,4.1127736029147846
65,338101,410960.0,3393430.0,38,30,8,0,2585.0,12.2,502,0,11,410980,3393625,510,69,12,-101.0,540,20.0,195.0,196.02295783912658,8,-24.14398641457103,-30,8,8,8.701220201006645
66,338101,410960.0,3393430.0,38,30,8,0,2585.0,12.2,502,0,11,410975,3393620,509,69,5,-93.5,540,15.0,190.0,190.59118552545917,7,-25.48601154199872,-31,8,8,9.238359958361725
67,338101,410960.0,3393430.0,38,30,8,0,2585.0,12.2,502,0,11,410775,3393640,516,0,6,-87.5,540,-185.0,210.0,279.8660393831306,14,288.62148470411734,-24,8,8,4.90142603109236
68,338101,410960.0,3393430.0,38,30,8,0,2585.0,12.2,502,0,11,411230,3393965,505,0,6,-91.5,540,270.0,535.0,599.2703897240377,3,-3.221159593044888,-35,8,8,3.342525913502847
69,338101,410960.0,3393430.0,38,30,8,0,2585.0,12.2,502,0,11,411470,3393305,501,0,5,-99.0,540,510.0,-125.0,525.0952294584288,-1,73.77159971708244,-39,8,8,4.247686864605865
70,338101,410960.0,3393430.0,38,30,8,0,2585.0,12.2,502,0,11,411065,3393720,514,18,5,-97.0,540,105.0,290.0,308.4234102658227,12,-10.096250462692183,-26,8,8,4.818623977974146
71,338101,410960.0,3393430.0,38,30,8,0,2585.0,12.2,502,0,11,411240,3393575,509,0,6,-95.5,540,280.0,145.0,315.3173005085512,7,32.62229722866829,-31,8,8,5.614914104399308
72,338101,410960.0,3393430.0,38,30,8,0,2585.0,12.2,502,0,11,411235,3393550,509,0,11,-90.56,540,275.0,120.0,300.04166377354994,7,36.42529379808741,-31,8,8,5.898811601836934
73,338101,410960.0,3393430.0,38,30,8,0,2585.0,12.2,502,0,11,411265,3393600,508,0,5,-93.0,540,305.0,170.0,349.17760523836574,6,30.86570780277384,-32,8,8,5.23618290058639
74,338101,410960.0,3393430.0,38,30,8,0,2585.0,12.2,502,0,11,411215,3393530,509,0,5,-95.4,540,255.0,100.0,273.9069184960467,7,38.58703052512823,-31,8,8,6.4570958726438334
75,338101,410960.0,3393430.0,38,30,8,0,2585.0,12.2,502,0,11,411205,3393540,509,0,5,-92.57,540,245.0,110.0,268.5609800399157,7,35.82089285331085,-31,8,8,6.584512102497803
76,338101,410960.0,3393430.0,38,30,8,0,2585.0,12.2,502,0,11,411210,3393525,509,0,12,-96.33,540,250.0,95.0,267.44158240632663,7,39.193208987288756,-31,8,8,6.611828571652183
77,338101,410960.0,3393430.0,38,30,8,0,2585.0,12.2,502,0,11,411230,3393545,509,0,11,-93.29,540,270.0,115.0,293.47061181658376,7,36.92958775017536,-31,8,8,6.029928343605223
78,338101,410960.0,3393430.0,38,30,8,0,2585.0,12.2,502,0,11,411225,3393560,509,0,13,-93.56,540,265.0,130.0,295.16944286290885,7,33.86899945506144,-31,8,8,5.995476939601638
79,338101,410960.0,3393430.0,38,30,8,0,2585.0,12.2,502,0,11,411255,3393570,508,0,6,-95.0,540,295.0,140.0,326.5348373451139,6,34.61209370890407,-32,8,8,5.5970418632417545
80,338101,410960.0,3393430.0,38,30,8,0,2585.0,12.2,502,0,11,411250,3393565,508,0,5,-94.33,540,290.0,135.0,319.88279103446627,6,35.037210169192974,-32,8,8,5.712671731355332
81,338101,410960.0,3393430.0,38,30,8,0,2585.0,12.2,502,0,11,411220,3393555,509,0,13,-90.57,540,260.0,125.0,288.4874347350331,7,34.32318431816179,-31,8,8,6.133298880805076
82,338101,410960.0,3393430.0,38,30,8,0,2585.0,12.2,502,0,11,411200,3393535,509,30,6,-95.0,540,240.0,105.0,261.9637379485947,7,36.37062226934319,-31,8,8,6.748824112957788
83,338101,410960.0,3393430.0,38,30,8,0,2585.0,12.2,502,0,11,411045,3393700,517,18,6,-115.0,540,85.0,270.0,283.0635970943632,15,-12.525225743744329,-23,8,8,4.64529614847914
84,338101,410960.0,3393430.0,38,30,8,0,2585.0,12.2,502,0,11,410920,3393530,507,0,5,-97.0,540,-40.0,100.0,107.70329614269008,5,308.1985905136482,-33,8,8,17.03492342801283
85,338101,410960.0,3393430.0,38,30,8,0,2585.0,12.2,502,0,11,410900,3393590,509,5,5,-98.0,540,-60.0,160.0,170.88007490635061,7,309.44395478041656,-31,8,8,10.282415710166209
86,338101,410960.0,3393430.0,38,30,8,0,2585.0,12.2,502,0,11,411080,3393370,505,0,13,-102.67,540,120.0,-60.0,134.16407864998737,3,86.56505117707798,-35,8,8,14.621143938770764
87,338101,410960.0,3393430.0,38,30,8,0,2585.0,12.2,502,0,11,410995,3393515,505,0,6,-86.53,540,35.0,85.0,91.92388155425118,3,-7.6198649480404015,-35,8,8,20.84432157628189
88,338101,410960.0,3393430.0,38,30,8,0,2585.0,12.2,502,0,11,410950,3393560,506,21,5,-92.13,540,-10.0,130.0,130.38404810405297,4,325.6012946450045,-34,8,8,14.615430541128882
89,338101,410960.0,3393430.0,38,30,8,0,2585.0,12.2,502,0,11,410935,3393535,506,21,5,-107.0,540,-25.0,105.0,107.93516572461452,4,316.6075022462489,-34,8,8,17.484631498999917
90,338101,410960.0,3393430.0,38,30,8,0,2585.0,12.2,502,0,11,410960,3393490,505,0,5,-85.81,540,0.0,60.0,60.0,3,-30.0,-35,8,8,30.256437163529263
91,338101,410960.0,3393430.0,38,30,8,0,2585.0,12.2,502,0,11,410975,3393495,505,0,11,-87.7,540,15.0,65.0,66.70832032063167,3,-17.005383208083515,-35,8,8,27.684746611207338
92,338101,410960.0,3393430.0,38,30,8,0,2585.0,12.2,502,0,11,410985,3393505,505,0,5,-89.18,540,25.0,75.0,79.05694150420949,3,-11.565051177077976,-35,8,8,23.879876253764902
93,338101,410960.0,3393430.0,38,30,8,0,2585.0,12.2,502,0,11,410955,3393555,506,21,12,-96.11,540,-5.0,125.0,125.09996003196804,4,327.70938995736145,-34,8,8,15.204731282503683
94,338101,410960.0,3393430.0,38,30,8,0,2585.0,12.2,502,0,11,411115,3393395,507,0,6,-94.0,540,155.0,-35.0,158.90248582070703,5,72.72435568542238,-33,8,8,11.732108012530986
95,338101,410960.0,3393430.0,38,30,8,0,2585.0,12.2,502,0,11,411055,3393415,505,0,11,-92.5,540,95.0,-15.0,96.17692030835673,3,68.9726266148964,-35,8,8,19.997087644203926
96,338101,410960.0,3393430.0,38,30,8,0,2585.0,12.2,502,0,11,411205,3393885,507,0,5,-82.33,540,245.0,455.0,516.768807108169,5,-1.6992442339936247,-33,8,8,3.653852292448382
97,338101,410960.0,3393430.0,38,30,8,0,2585.0,12.2,502,0,11,411215,3393895,507,0,5,-83.75,540,255.0,465.0,530.3300858899106,5,-1.26020470831196,-33,8,8,3.5606617201272206
98,338101,410960.0,3393430.0,38,30,8,0,2585.0,12.2,502,0,11,411220,3393910,507,0,5,-85.25,540,260.0,480.0,545.8937625582472,5,-1.5570713756366672,-33,8,8,3.4593957933191395
99,338101,410960.0,3393430.0,38,30,8,0,2585.0,12.2,502,0,11,411045,3393405,504,0,12,-93.33,540,85.0,-25.0,88.60022573334675,2,76.38954033403479,-36,8,8,22.11286654271424
100,338101,410960.0,3393430.0,38,30,8,0,2585.0,12.2,502,0,11,411225,3393905,506,0,5,-81.2,540,265.0,475.0,543.9209501388966,4,-0.843082117687004,-34,8,8,3.5768527864299244
101,338101,410960.0,3393430.0,38,30,8,0,2585.0,12.2,502,0,11,411230,3393920,506,0,5,-79.5,540,270.0,490.0,559.4640292279746,4,-1.1443387802834764,-34,8,8,3.4777277106761426
102,338101,410960.0,3393430.0,38,30,8,0,2585.0,12.2,502,0,11,410980,3393510,506,0,5,-93.31,540,20.0,80.0,82.46211251235322,4,-15.963756532073546,-34,8,8,22.406871204937445
103,338101,410960.0,3393430.0,38,30,8,0,2585.0,12.2,502,0,11,410965,3393485,505,0,5,-87.57,540,5.0,55.0,55.226805085936306,3,-24.80557109226521,-35,8,8,32.36448816990886
104,338101,410960.0,3393430.0,38,30,8,0,2585.0,12.2,502,0,11,411005,3393445,503,0,11,-90.0,540,45.0,15.0,47.43416490252569,1,41.565051177077976,-37,8,8,37.95524573836803
105,338101,410960.0,3393430.0,38,30,8,0,2585.0,12.2,502,0,11,410990,3393520,505,0,6,-85.78,540,30.0,90.0,94.86832980505137,3,-11.565051177077976,-35,8,8,20.25065140496839
106,338101,410960.0,3393430.0,38,30,8,0,2585.0,12.2,502,0,11,411210,3393900,507,0,5,-80.0,540,250.0,470.0,532.3532661682466,5,-1.9908232919861462,-33,8,8,3.547164231078329
107,338101,410960.0,3393430.0,38,30,8,0,2585.0,12.2,502,0,11,411015,3393455,504,0,5,-91.33,540,55.0,25.0,60.41522986797286,2,35.55604521958344,-36,8,8,30.78970949844349
108,338101,410960.0,3393430.0,38,30,8,0,2585.0,12.2,502,0,11,411000,3393450,503,0,11,-90.5,540,40.0,20.0,44.721359549995796,1,33.434948822922024,-37,8,8,39.60249007337404
109,338101,410960.0,3393430.0,38,30,8,0,2585.0,12.2,502,0,11,410970,3393500,505,0,5,-86.21,540,10.0,70.0,70.71067811865476,3,-21.86989764584405,-35,8,8,26.334247846853142
110,338101,410960.0,3393430.0,38,30,8,0,2585.0,12.2,502,0,11,411050,3393420,505,0,11,-91.8,540,90.0,-10.0,90.55385138137417,3,66.34019174590992,-35,8,8,21.132032576998256
111,338101,410960.0,3393430.0,38,30,8,0,2585.0,12.2,502,0,11,411065,3393425,506,0,5,-96.5,540,105.0,-5.0,105.11898020814318,4,62.72631099390628,-34,8,8,17.923438576894284
112,338101,410960.0,3393430.0,38,30,8,0,2585.0,12.2,502,0,11,410910,3393600,508,5,5,-98.0,540,-50.0,170.0,177.2004514666935,6,313.6104596659652,-32,8,8,10.236516844012204
113,338101,410960.0,3393430.0,38,30,8,0,2585.0,12.2,502,0,11,410880,3393570,510,0,5,-97.0,540,-80.0,140.0,161.24515496597098,8,300.2551187030578,-30,8,8,10.53949331071694
114,338101,410960.0,3393430.0,38,30,8,0,2585.0,12.2,502,0,11,410925,3393525,507,0,5,-92.75,540,-35.0,95.0,101.24228365658294,5,309.77514056883194,-33,8,8,18.05341853893549
115,338101,410960.0,3393430.0,38,30,8,0,2585.0,12.2,502,0,11,411045,3393685,517,18,6,-74.0,540,85.0,255.0,268.79360111431225,15,-11.565051177077976,-23,8,8,4.890744234625216
116,338101,410960.0,3393430.0,38,30,8,0,2585.0,12.2,502,0,11,411090,3393740,510,18,6,-76.5,540,130.0,310.0,336.1547262794322,8,-7.249023657212376,-30,8,8,5.099829199800812
117,338101,410960.0,3393430.0,38,30,8,0,2585.0,12.2,502,0,11,411215,3393535,509,0,5,-93.67,540,255.0,105.0,275.77164466275354,7,37.61986494804046,-31,8,8,6.413799026773253
118,338101,410960.0,3393430.0,38,30,8,0,2585.0,12.2,502,0,11,411250,3393580,508,0,6,-95.5,540,290.0,150.0,326.49655434629017,6,32.65012421993015,-32,8,8,5.597693970443172
119,338101,410960.0,3393430.0,38,30,8,0,2585.0,12.2,502,0,11,411205,3393525,509,30,12,-93.0,540,245.0,95.0,262.77366686941826,7,38.80594351845775,-31,8,8,6.728213677590995
120,338101,410960.0,3393430.0,38,30,8,0,2585.0,12.2,502,0,11,411260,3393590,508,0,6,-95.5,540,300.0,160.0,340.0,6,31.927513064147035,-32,8,8,5.376705428050741
121,338101,410960.0,3393430.0,38,30,8,0,2585.0,12.2,502,0,11,411225,3393545,509,0,5,-91.77,540,265.0,115.0,288.87713651308576,7,36.540975918538436,-31,8,8,6.125087858065156
122,338101,410960.0,3393430.0,38,30,8,0,2585.0,12.2,502,0,11,411255,3393575,508,0,6,-92.0,540,295.0,145.0,328.70959827787203,6,33.82471001824007,-32,8,8,5.560244343800038
123,338101,410960.0,3393430.0,38,30,8,0,2585.0,12.2,502,0,11,411235,3393555,509,0,11,-91.75,540,275.0,125.0,302.0761493398643,7,35.55604521958344,-31,8,8,5.859360392427062
124,338101,410960.0,3393430.0,38,30,8,0,2585.0,12.2,502,0,11,411220,3393550,509,0,5,-94.15,540,260.0,120.0,286.35642126552705,7,35.224859431168056,-31,8,8,6.178590061199984
125,338101,410960.0,3393430.0,38,30,8,0,2585.0,12.2,502,0,11,411210,3393540,509,0,12,-90.5,540,250.0,110.0,273.1300056749533,7,36.250505507133255,-31,8,8,6.475307174039281
126,338101,410960.0,3393430.0,38,30,8,0,2585.0,12.2,502,0,11,411230,3393560,509,0,11,-90.8,540,270.0,130.0,299.66648127543397,7,34.29004621918875,-31,8,8,5.906144741826487
127,338101,410960.0,3393430.0,38,30,8,0,2585.0,12.2,502,0,11,411200,3393530,509,30,5,-86.0,540,240.0,100.0,260.0,7,37.38013505195954,-31,8,8,6.799321441958474
128,338101,410960.0,3393430.0,38,30,8,0,2585.0,12.2,502,0,11,411240,3393570,509,0,5,-92.0,540,280.0,140.0,313.04951684997053,7,33.434948822922024,-31,8,8,5.655326758284678
129,338101,410960.0,3393430.0,38,30,8,0,2585.0,12.2,502,0,11,411550,3393280,503,0,5,-113.0,540,590.0,-150.0,608.7692502089769,1,74.26451229807992,-37,8,8,3.478065370877631
130,338101,410960.0,3393430.0,38,30,8,0,2585.0,12.2,502,0,11,411555,3393275,503,0,5,-101.4,540,595.0,-155.0,614.8577071160448,1,74.60127228583394,-37,8,8,3.4437080961261795
131,338101,410960.0,3393430.0,38,30,8,0,2585.0,12.2,502,0,11,411530,3393260,503,0,11,-90.5,540,570.0,-170.0,594.8108943185221,1,76.60698057861703,-37,8,8,3.5594772670283312
132,338101,410960.0,3393430.0,38,30,8,0,2585.0,12.2,502,0,11,409120,3390100,496,0,6,-101.5,540,-1840.0,-3330.0,3804.5367654945853,-6,178.92295714779488,-44,8,8,0.6626041659445029
133,338101,410960.0,3393430.0,38,30,8,0,2585.0,12.2,502,0,11,409030,3390310,497,0,5,-96.0,540,-1930.0,-3120.0,3668.6918649567724,-5,181.74051006690544,-43,8,8,0.6715215666835181
134,338101,410960.0,3393430.0,38,30,8,0,2585.0,12.2,502,0,11,409145,3390115,496,0,5,-90.0,540,-1815.0,-3315.0,3779.3451813773245,-6,178.70120361846267,-44,8,8,0.6670204191950727
135,338101,410960.0,3393430.0,38,30,8,0,2585.0,12.2,502,0,11,409175,3390135,496,0,10,-97.0,540,-1785.0,-3295.0,3747.4324543612524,-6,178.44572941526462,-44,8,8,0.672700172716739
136,338101,410960.0,3393430.0,38,30,8,0,2585.0,12.2,502,0,11,409140,3390110,496,0,5,-82.0,540,-1820.0,-3320.0,3786.1325914447316,-6,178.7312347390081,-44,8,8,0.6658247576456479
137,338101,410960.0,3393430.0,38,30,8,0,2585.0,12.2,502,0,11,409165,3390125,495,0,5,-93.0,540,-1795.0,-3305.0,3760.9905610091605,-7,178.50711460544224,-45,8,8,0.6855074508171014
138,338101,410960.0,3393430.0,38,30,8,0,2585.0,12.2,502,0,11,409010,3390300,497,0,5,-96.0,540,-1950.0,-3130.0,3687.7364330982223,-5,181.92303808008054,-43,8,8,0.6680539446342129
139,338101,410960.0,3393430.0,38,30,8,0,2585.0,12.2,502,0,11,409020,3390310,497,0,5,-94.0,540,-1940.0,-3120.0,3673.96243856684,-5,181.87313698127267,-43,8,8,0.6705583068526207
140,338101,410960.0,3393430.0,38,30,8,0,2585.0,12.2,502,0,11,410920,3393715,510,0,10,-97.0,540,-40.0,285.0,287.7933286231632,8,322.0106732336031,-30,8,8,5.951103003117666
141,338101,410960.0,3393430.0,38,30,8,0,2585.0,12.2,502,0,11,411185,3393780,506,0,12,-103.0,540,225.0,350.0,416.08292442733097,4,2.7352262721075817,-34,8,8,4.671515669490279
142,338101,410960.0,3393430.0,38,30,8,0,2585.0,12.2,502,0,11,411170,3393785,507,0,12,-86.17,540,210.0,355.0,412.4621194728069,5,0.6064070315094909,-33,8,8,4.574339546241893
143,338101,410960.0,3393430.0,38,30,8,0,2585.0,12.2,502,0,11,411035,3393610,507,0,5,-77.13,540,75.0,180.0,195.0,5,-7.3801350519595985,-33,8,8,9.605204155012947
144,338101,410960.0,3393430.0,38,30,8,0,2585.0,12.2,502,0,11,411160,3393795,507,0,12,-77.67,540,200.0,365.0,416.20307543313515,5,-1.2796732021305388,-33,8,8,4.533396190613347
145,338101,410960.0,3393430.0,38,30,8,0,2585.0,12.2,502,0,11,411175,3393790,507,0,12,-85.0,540,215.0,360.0,419.3149174546501,5,0.8465874121486081,-33,8,8,4.4998914004170185
146,338101,410960.0,3393430.0,38,30,8,0,2585.0,12.2,502,0,11,411165,3393800,507,0,12,-85.8,540,205.0,370.0,422.9952718411874,5,-1.011177478808463,-33,8,8,4.460897919752114
147,338101,410960.0,3393430.0,38,30,8,0,2585.0,12.2,502,0,11,408915,3390290,498,0,7,-93.25,540,-2045.0,-3140.0,3747.215632973368,-4,183.0751475371935,-42,8,8,0.6421626649468261
148,338101,410960.0,3393430.0,38,30,8,0,2585.0,12.2,502,0,11,411105,3393735,508,0,6,-92.5,540,145.0,305.0,337.71289581536564,6,-4.573125830410163,-32,8,8,5.412902714691834
149,338101,410960.0,3393430.0,38,30,8,0,2585.0,12.2,502,0,11,411235,3393525,509,0,5,-91.4,540,275.0,95.0,290.9467305195231,7,40.94229548987164,-31,8,8,6.081845913286926
150,338101,410960.0,3393430.0,38,30,8,0,2585.0,12.2,502,0,11,411215,3393545,509,0,12,-93.93,540,255.0,115.0,279.7320146139873,7,35.725558865560515,-31,8,8,6.323735047296584
151,338101,410960.0,3393430.0,38,30,8,0,2585.0,12.2,502,0,11,411200,3393560,509,0,5,-89.5,540,240.0,130.0,272.9468812791236,7,31.557071375636667,-31,8,8,6.4796146256268115
152,338101,410960.0,3393430.0,38,30,8,0,2585.0,12.2,502,0,11,411065,3393695,513,18,6,-72.5,540,105.0,265.0,285.0438562747845,11,-8.385221057213755,-27,8,8,5.411041435555305
153,338101,410960.0,3393430.0,38,30,8,0,2585.0,12.2,502,0,11,411220,3393540,509,0,5,-94.0,540,260.0,110.0,282.3118842698621,7,37.06789956241022,-31,8,8,6.266408258629421
154,338101,410960.0,3393430.0,38,30,8,0,2585.0,12.2,502,0,11,411070,3393690,512,0,6,-75.57,540,110.0,260.0,282.3118842698621,10,-7.0678995624102186,-28,8,8,5.66413376850717
155,338101,410960.0,3393430.0,38,30,8,0,2585.0,12.2,502,0,11,411115,3393725,506,0,11,-75.0,540,155.0,295.0,333.24165405903267,4,-2.2814983718166673,-34,8,8,5.825618766092917
156,338101,410960.0,3393430.0,38,30,8,0,2585.0,12.2,502,0,11,411075,3393685,511,0,6,-73.6,540,115.0,255.0,279.7320146139873,9,-5.725558865560515,-29,8,8,5.918747064876139
157,338101,410960.0,3393430.0,38,30,8,0,2585.0,12.2,502,0,11,411515,3393325,500,0,12,-83.4,540,555.0,-105.0,564.8451115128819,-2,70.71312302279102,-40,8,8,4.050688459660991
158,338101,410960.0,3393430.0,38,30,8,0,2585.0,12.2,502,0,11,411210,3393550,509,0,5,-92.54,540,250.0,120.0,277.308492477241,7,34.358994175694704,-31,8,8,6.378547425641862
159,338101,410960.0,3393430.0,38,30,8,0,2585.0,12.2,502,0,11,411225,3393535,509,0,5,-93.67,540,265.0,105.0,285.0438562747845,7,38.385221057213755,-31,8,8,6.206819562472815
160,338101,410960.0,3393430.0,38,30,8,0,2585.0,12.2,502,0,11,411060,3393700,514,18,6,-89.67,540,100.0,270.0,287.92360097775935,12,-9.676863170337072,-26,8,8,5.1599131873839275
161,338101,410960.0,3393430.0,38,30,8,0,2585.0,12.2,502,0,11,411230,3393530,509,0,5,-92.78,540,270.0,100.0,287.92360097775935,7,39.67686317033707,-31,8,8,6.145217760807854
162,338101,410960.0,3393430.0,38,30,8,0,2585.0,12.2,502,0,11,411260,3393580,508,0,6,-91.0,540,300.0,150.0,335.4101966249685,6,33.434948822922024,-32,8,8,5.449841057018368
163,338101,410960.0,3393430.0,38,30,8,0,2585.0,12.2,502,0,11,411490,3393350,500,100,5,-105.5,540,530.0,-80.0,536.0037313302959,-2,68.58362148011395,-40,8,8,4.2678636996043515
164,338101,410960.0,3393430.0,38,30,8,0,2585.0,12.2,502,0,11,411130,3393630,506,48,6,-95.0,540,170.0,200.0,262.48809496813374,4,10.364536573097382,-34,8,8,7.38041125415846
165,338101,410960.0,3393430.0,38,30,8,0,2585.0,12.2,502,0,11,411205,3393555,509,0,6,-91.86,540,245.0,125.0,275.04545078950133,7,32.969139740157004,-31,8,8,6.4305915116556776
166,338101,410960.0,3393430.0,38,30,8,0,2585.0,12.2,502,0,11,411470,3393180,501,21,5,-96.0,540,510.0,-250.0,567.9788728465171,-1,86.11391263029071,-39,8,8,3.928021974539927
167,338101,410960.0,3393430.0,38,30,8,0,2585.0,12.2,502,0,11,411430,3393220,501,0,6,-95.5,540,470.0,-210.0,514.78150704935,-1,84.07549825507886,-39,8,8,4.332469024168147
168,338101,410960.0,3393430.0,38,30,8,0,2585.0,12.2,502,0,11,411445,3393185,500,0,5,-93.67,540,485.0,-245.0,543.3691194758864,-2,86.80083494695464,-40,8,8,4.21022209819825
169,338101,410960.0,3393430.0,38,30,8,0,2585.0,12.2,502,0,11,411440,3393190,500,0,5,-97.33,540,480.0,-240.0,536.6563145999495,-2,86.56505117707798,-40,8,8,4.262693045214654
170,338101,410960.0,3393430.0,38,30,8,0,2585.0,12.2,502,0,11,411455,3393195,501,0,5,-94.25,540,495.0,-235.0,547.9507277118993,-1,85.3959118491706,-39,8,8,4.071120805135797
171,338101,410960.0,3393430.0,38,30,8,0,2585.0,12.2,502,0,11,411450,3393200,501,0,5,-90.33,540,490.0,-230.0,541.2947441089743,-1,85.14478563067894,-39,8,8,4.121009558697108
172,338101,410960.0,3393430.0,38,30,8,0,2585.0,12.2,502,0,11,411435,3393215,501,0,6,-97.33,540,475.0,-215.0,521.3923666491484,-1,84.35300917502963,-39,8,8,4.277741815027388
173,338101,410960.0,3393430.0,38,30,8,0,2585.0,12.2,502,0,11,411425,3393205,500,0,6,-91.0,540,465.0,-225.0,516.575260731677,-2,85.82099197418927,-40,8,8,4.427751867749111
174,338101,410960.0,3393430.0,38,30,8,0,2585.0,12.2,502,0,11,411415,3393235,501,0,8,-94.5,540,455.0,-195.0,495.025251881154,-1,83.19859051364818,-39,8,8,4.5046780082949835
175,338101,410960.0,3393430.0,38,30,8,0,2585.0,12.2,502,0,11,411385,3393245,500,0,8,-100.0,540,425.0,-185.0,463.51914739307153,-2,83.5232090204596,-40,8,8,4.932196107820834
176,338101,410960.0,3393430.0,38,30,8,0,2585.0,12.2,502,0,11,410880,3393625,509,21,5,-98.0,540,-80.0,195.0,210.77238908357992,7,307.69379494509235,-31,8,8,8.366966531444458
177,338101,410960.0,3393430.0,38,30,8,0,2585.0,12.2,502,0,11,410890,3393635,509,21,13,-100.5,540,-70.0,205.0,216.6217902243447,7,311.1468412355809,-31,8,8,8.144106805657477
178,338101,410960.0,3393430.0,38,30,8,0,2585.0,12.2,502,0,11,410995,3393700,518,0,5,-101.0,540,35.0,270.0,272.2590678012396,16,-22.613956848732755,-22,8,8,4.619770277535966
179,338101,410960.0,3393430.0,38,30,8,0,2585.0,12.2,502,0,11,411390,3393455,503,0,10,-101.5,540,430.0,25.0,430.7261310856354,1,56.67259575827342,-37,8,8,4.909737899757113
180,338101,410960.0,3393430.0,38,30,8,0,2585.0,12.2,502,0,11,410895,3393640,509,0,13,-100.0,540,-65.0,210.0,219.82947936980608,7,312.80145877993414,-31,8,8,8.026830348681477
181,338101,410960.0,3393430.0,38,30,8,0,2585.0,12.2,502,0,11,410920,3393665,512,63,5,-97.33,540,-40.0,235.0,238.37994882120435,10,320.34010692155766,-28,8,8,6.699239421754486
182,338101,410960.0,3393430.0,38,30,8,0,2585.0,12.2,502,0,11,411160,3393765,507,0,5,-84.0,540,200.0,335.0,390.16022349798806,5,0.8378319446872524,-33,8,8,4.834606666895942
183,338101,410960.0,3393430.0,38,30,8,0,2585.0,12.2,502,0,11,411180,3393785,507,0,12,-87.0,540,220.0,355.0,417.6421913552317,5,1.7872531216647758,-33,8,8,4.5178397462753015
184,338101,410960.0,3393430.0,38,30,8,0,2585.0,12.2,502,0,11,411175,3393780,507,0,12,-85.0,540,215.0,350.0,410.7614879708174,5,1.5618118416493303,-33,8,8,4.593197319817472
185,338101,410960.0,3393430.0,38,30,8,0,2585.0,12.2,502,0,11,411035,3393640,512,0,6,-75.0,540,75.0,210.0,222.9910312097776,10,-10.346175941946683,-28,8,8,7.1569213911545635
186,338101,410960.0,3393430.0,38,30,8,0,2585.0,12.2,502,0,11,411170,3393775,507,0,5,-91.25,540,210.0,345.0,403.8873605350878,5,1.3286928678041932,-33,8,8,4.6710300830116145
187,338101,410960.0,3393430.0,38,30,8,0,2585.0,12.2,502,0,11,411255,3393380,505,0,5,-107.0,540,295.0,-50.0,299.2072860075436,3,69.61972779969886,-35,8,8,6.671896415751874
188,338101,410960.0,3393430.0,38,30,8,0,2585.0,12.2,502,0,11,411030,3393635,512,0,6,-72.0,540,70.0,205.0,216.6217902243447,10,-11.146841235580894,-28,8,8,7.365075389850802
189,338101,410960.0,3393430.0,38,30,8,0,2585.0,12.2,502,0,11,411025,3393630,511,0,6,-74.0,540,65.0,200.0,210.2974084481309,9,-11.995838394086604,-29,8,8,7.851564971832428
190,338101,410960.0,3393430.0,38,30,8,0,2585.0,12.2,502,0,11,410940,3393705,513,0,12,-95.0,540,-20.0,275.0,275.72631357924473,11,325.84035770628736,-27,8,8,5.592754728679006
191,338101,410960.0,3393430.0,38,30,8,0,2585.0,12.2,502,0,11,411505,3393275,502,0,13,-101.75,540,545.0,-155.0,566.6127425323225,0,75.8759465052226,-38,8,8,3.8368077851756452
192,338101,410960.0,3393430.0,38,30,8,0,2585.0,12.2,502,0,11,411435,3393185,500,0,12,-94.0,540,475.0,-245.0,534.4623466625128,-2,87.28420729362307,-40,8,8,4.280126506013318
193,338101,410960.0,3393430.0,38,30,8,0,2585.0,12.2,502,0,11,411415,3393165,499,0,6,-102.5,540,455.0,-265.0,526.5453446760307,-3,90.21727395738435,-41,8,8,4.452411366367482
194,338101,410960.0,3393430.0,38,30,8,0,2585.0,12.2,502,0,11,411430,3393190,500,0,6,-90.0,540,470.0,-240.0,527.7309920783505,-2,87.05059700708614,-40,8,8,4.334513941874013
195,338101,410960.0,3393430.0,38,30,8,0,2585.0,12.2,502,0,11,411510,3393270,503,0,11,-94.0,540,550.0,-160.0,572.8001396647875,1,76.2201936956028,-37,8,8,3.6958837132652405
196,338101,410960.0,3393430.0,38,30,8,0,2585.0,12.2,502,0,11,411425,3393195,500,0,6,-93.0,540,465.0,-235.0,521.0086371644908,-2,86.81095430034873,-40,8,8,4.390223085841361
197,338101,410960.0,3393430.0,38,30,8,0,2585.0,12.2,502,0,11,411450,3393210,501,0,5,-93.0,540,490.0,-220.0,537.1219600798314,-1,84.17910714668915,-39,8,8,4.152913204373142
198,338101,410960.0,3393430.0,38,30,8,0,2585.0,12.2,502,0,11,411480,3393260,503,0,5,-116.5,540,520.0,-170.0,547.0831746635972,1,78.10376303450664,-37,8,8,3.8691017557621237
199,338101,410960.0,3393430.0,38,30,8,0,2585.0,12.2,502,0,11,411500,3393280,502,0,13,-96.25,540,540.0,-150.0,560.4462507680821,0,75.52411099675425,-38,8,8,3.8788953347652173
200,338101,410960.0,3393430.0,38,30,8,0,2585.0,12.2,502,0,11,411420,3393200,500,0,6,-90.0,540,460.0,-230.0,514.2956348249517,-2,86.56505117707798,-40,8,8,4.447299406132976
201,338101,410960.0,3393430.0,38,30,8,0,2585.0,12.2,502,0,11,411400,3393180,499,51,8,-91.0,540,440.0,-250.0,506.06323715519983,-3,89.60445074600489,-41,8,8,4.631846712472843
202,338101,410960.0,3393430.0,38,30,8,0,2585.0,12.2,502,0,11,411515,3393265,503,21,11,-98.0,540,555.0,-165.0,579.0077719685635,1,76.55707137563667,-37,8,8,3.656367639836136
203,338101,410960.0,3393430.0,38,30,8,0,2585.0,12.2,502,0,11,411115,3393340,503,0,12,-91.5,540,155.0,-90.0,179.2344832893492,1,90.14138555207535,-37,8,8,11.663924475056904
204,338101,410960.0,3393430.0,38,30,8,0,2585.0,12.2,502,0,11,411175,3393440,508,0,12,-97.33,540,215.0,10.0,215.23243250030885,6,57.33699923393283,-32,8,8,8.456587700049711
205,338101,410960.0,3393430.0,38,30,8,0,2585.0,12.2,502,0,11,411135,3393400,507,0,12,-96.0,540,175.0,-30.0,177.55280904564702,5,69.72757855140162,-33,8,8,10.528865457052177
206,338101,410960.0,3393430.0,38,30,8,0,2585.0,12.2,502,0,11,411025,3393570,505,0,5,-75.0,540,65.0,140.0,154.35349040433132,3,-5.095231191904816,-35,8,8,12.775905980338997
207,338101,410960.0,3393430.0,38,30,8,0,2585.0,12.2,502,0,11,411020,3393565,505,0,5,-88.0,540,60.0,135.0,147.73286702694156,3,-6.037511025421793,-35,8,8,13.328437377305457
208,338101,410960.0,3393430.0,38,30,8,0,2585.0,12.2,502,0,11,411110,3393335,503,0,8,-93.33,540,150.0,-95.0,177.55280904564702,1,92.34744349944202,-37,8,8,11.771329507698445
209,338101,410960.0,3393430.0,38,30,8,0,2585.0,12.2,502,0,11,411170,3393435,508,0,12,-96.0,540,210.0,5.0,210.05951537600004,6,58.63607246839706,-32,8,8,8.661717891655655
210,338101,410960.0,3393430.0,38,30,8,0,2585.0,12.2,502,0,11,410945,3393490,505,0,6,-88.5,540,-15.0,60.0,61.84658438426491,3,315.96375653207355,-35,8,8,29.506235717837065
211,338101,410960.0,3393430.0,38,30,8,0,2585.0,12.2,502,0,11,411165,3393430,508,0,5,-94.0,540,205.0,0.0,205.0,6,60.0,-32,8,8,8.872132992917543
212,338101,410960.0,3393430.0,38,30,8,0,2585.0,12.2,502,0,11,411125,3393390,507,0,12,-89.0,540,165.0,-40.0,169.77926846349644,5,73.62699485989151,-33,8,8,10.999432000992503
213,338101,410960.0,3393430.0,38,30,8,0,2585.0,12.2,502,0,11,410995,3393540,505,0,5,-90.0,540,35.0,110.0,115.43396380615195,3,-12.349875780069851,-35,8,8,16.867495433630733
214,338101,410960.0,3393430.0,38,30,8,0,2585.0,12.2,502,0,11,410985,3393530,505,0,5,-90.0,540,25.0,100.0,103.07764064044152,3,-15.963756532073546,-35,8,8,18.754912214077386
215,338101,410960.0,3393430.0,38,30,8,0,2585.0,12.2,502,0,11,410990,3393535,505,0,5,-89.17,540,30.0,105.0,109.20164833920778,3,-14.054604099077153,-35,8,8,17.771069450586268
216,338101,410960.0,3393430.0,38,30,8,0,2585.0,12.2,502,0,11,410980,3393525,506,0,6,-89.22,540,20.0,95.0,97.082439194738,4,-18.111341960372044,-34,8,8,19.30116353951732
217,338101,410960.0,3393430.0,38,30,8,0,2585.0,12.2,502,0,11,410920,3393505,507,0,12,-93.38,540,-40.0,75.0,85.0,5,301.92751306414704,-33,8,8,21.21796957677863
218,338101,410960.0,3393430.0,38,30,8,0,2585.0,12.2,502,0,11,410955,3393500,505,21,6,-90.33,540,-5.0,70.0,70.178344238091,3,325.9143832200251,-35,8,8,26.506779270207968
219,338101,410960.0,3393430.0,38,30,8,0,2585.0,12.2,502,0,11,410940,3393485,505,0,6,-85.0,540,-20.0,55.0,58.52349955359813,3,310.01689347810003,-35,8,8,30.88154902552605
220,338101,410960.0,3393430.0,38,30,8,0,2585.0,12.2,502,0,11,411130,3393395,507,0,12,-101.0,540,170.0,-35.0,173.5655495770978,5,71.63363399894047,-33,8,8,10.765150131993337
221,338101,410960.0,3393430.0,38,30,8,0,2585.0,12.2,502,0,11,411120,3393385,506,0,8,-100.67,540,160.0,-45.0,166.20770138594662,4,75.70863782901574,-34,8,8,11.561113561934464
222,338101,410960.0,3393430.0,38,30,8,0,2585.0,12.2,502,0,11,411035,3393580,505,0,5,-76.67,540,75.0,150.0,167.70509831248424,3,-3.434948822922024,-35,8,8,11.788404329313064
223,338101,410960.0,3393430.0,38,30,8,0,2585.0,12.2,502,0,11,411160,3393425,508,0,6,-94.0,540,200.0,-5.0,200.06249023742558,6,61.432096184164664,-32,8,8,9.087484926742688
224,338101,410960.0,3393430.0,38,30,8,0,2585.0,12.2,502,0,11,411510,3393275,502,0,12,-111.25,540,550.0,-155.0,571.4236606931848,0,75.73880143744947,-38,8,8,3.8046002860479367
225,338101,410960.0,3393430.0,38,30,8,0,2585.0,12.2,502,0,11,411505,3393270,503,0,13,-91.5,540,545.0,-160.0,568.000880281008,1,76.36107745534628,-37,8,8,3.727024016543421
226,338101,410960.0,3393430.0,38,30,8,0,2585.0,12.2,502,0,11,411515,3393280,502,0,11,-98.0,540,555.0,-150.0,574.913036902104,0,75.12400730831058,-38,8,8,3.78157585679177
227,338101,410960.0,3393430.0,38,30,8,0,2585.0,12.2,502,0,11,411435,3393200,501,0,6,-94.67,540,475.0,-230.0,527.7546778570513,-1,85.83675422400154,-39,8,8,4.226359780279895
228,338101,410960.0,3393430.0,38,30,8,0,2585.0,12.2,502,0,11,411430,3393195,500,0,6,-90.75,540,470.0,-235.0,525.4759747124506,-2,86.56505117707798,-40,8,8,4.353043645793134
229,338101,410960.0,3393430.0,38,30,8,0,2585.0,12.2,502,0,11,411490,3393255,503,0,5,-96.67,540,530.0,-175.0,558.1442465886395,1,78.27263826698533,-37,8,8,3.792651532600195
230,338101,410960.0,3393430.0,38,30,8,0,2585.0,12.2,502,0,11,411440,3393205,501,0,5,-88.33,540,480.0,-225.0,530.1179114121687,-1,85.11483488614454,-39,8,8,4.207586739520993
231,338101,410960.0,3393430.0,38,30,8,0,2585.0,12.2,502,0,11,411425,3393190,500,0,6,-92.5,540,465.0,-240.0,523.2829062753723,-2,87.29957221133282,-40,8,8,4.371216604876353
232,338101,410960.0,3393430.0,38,30,8,0,2585.0,12.2,502,0,11,411465,3393230,502,0,12,-98.67,540,505.0,-200.0,543.1620384378864,0,81.60552724263846,-38,8,8,4.001932565621763
233,338101,410960.0,3393430.0,38,30,8,0,2585.0,12.2,502,0,11,411260,3393570,508,21,6,-99.0,540,300.0,140.0,331.058907144937,6,34.98310652189997,-32,8,8,5.521031579082746
234,338101,410960.0,3393430.0,38,30,8,0,2585.0,12.2,502,0,11,411225,3393525,509,0,5,-90.5,540,265.0,95.0,281.51376520518494,7,40.27772223555297,-31,8,8,6.284032208615369
235,338101,410960.0,3393430.0,38,30,8,0,2585.0,12.2,502,0,11,411110,3393740,507,0,6,-79.0,540,150.0,310.0,344.3835071544513,5,-4.179008025810731,-33,8,8,5.473564478897096
236,338101,410960.0,3393430.0,38,30,8,0,2585.0,12.2,502,0,11,411210,3393560,509,0,6,-92.5,540,250.0,130.0,281.7800560721074,7,32.52556837372288,-31,8,8,6.278141046595459
237,338101,410960.0,3393430.0,38,30,8,0,2585.0,12.2,502,0,11,411255,3393595,508,9,6,-95.5,540,295.0,165.0,338.0088756231114,6,30.780753309515376,-32,8,8,5.408190984553801
238,338101,410960.0,3393430.0,38,30,8,0,2585.0,12.2,502,0,11,411065,3393685,513,0,6,-70.64,540,105.0,255.0,275.77164466275354,11,-7.6198649480404015,-27,8,8,5.591841224030371
239,338101,410960.0,3393430.0,38,30,8,0,2585.0,12.2,502,0,11,411205,3393545,509,0,6,-91.64,540,245.0,115.0,270.64737205448716,7,34.85521436932106,-31,8,8,6.534193443885489
240,338101,410960.0,3393430.0,38,30,8,0,2585.0,12.2,502,0,11,411235,3393535,509,0,5,-93.41,540,275.0,105.0,294.3637205907005,7,39.10223450116115,-31,8,8,6.011767534257698
241,338101,410960.0,3393430.0,38,30,8,0,2585.0,12.2,502,0,11,411070,3393700,512,18,6,-70.67,540,110.0,270.0,291.547594742265,10,-7.833654177917538,-28,8,8,5.485816356655684
242,338101,410960.0,3393430.0,38,30,8,0,2585.0,12.2,502,0,11,411075,3393695,511,18,6,-76.0,540,115.0,265.0,288.87713651308576,9,-6.540975918538436,-29,8,8,5.732642615523309
243,338101,410960.0,3393430.0,38,30,8,0,2585.0,12.2,502,0,11,411115,3393735,507,0,5,-77.8,540,155.0,305.0,342.12570789112004,5,-3.0604719361991783,-33,8,8,5.509464785965215
244,338101,410960.0,3393430.0,38,30,8,0,2585.0,12.2,502,0,11,411215,3393555,509,0,5,-93.83,540,255.0,125.0,283.98943642325855,7,33.88608736970929,-31,8,8,6.229683898618497
245,338101,410960.0,3393430.0,38,30,8,0,2585.0,12.2,502,0,11,411105,3393725,507,0,6,-73.6,540,145.0,295.0,328.70959827787203,5,-3.8247100182400686,-33,8,8,5.732861942141135
246,338101,410960.0,3393430.0,38,30,8,0,2585.0,12.2,502,0,11,411200,3393550,509,0,6,-90.91,540,240.0,120.0,268.32815729997475,7,33.434948822922024,-31,8,8,6.590175111306079
247,338101,410960.0,3393430.0,38,30,8,0,2585.0,12.2,502,0,11,411220,3393530,509,0,5,-95.57,540,260.0,100.0,278.5677655436824,7,38.96248897457821,-31,8,8,6.349949089343438
248,338101,410960.0,3393430.0,38,30,8,0,2585.0,12.2,502,0,11,411230,3393540,509,0,5,-94.69,540,270.0,110.0,291.547594742265,7,37.83365417791754,-31,8,8,6.069405203453847
249,338101,410960.0,3393430.0,38,30,8,0,2585.0,12.2,502,0,11,411505,3393325,500,100,6,-80.67,540,545.0,-105.0,555.0225220655465,-2,70.90502204523443,-40,8,8,4.1221311111349435
250,338101,410960.0,3393430.0,38,30,8,0,2585.0,12.2,502,0,11,411060,3393690,514,18,6,-72.5,540,100.0,260.0,278.5677655436824,12,-8.962488974578207,-26,8,8,5.332228592754262
251,338101,410960.0,3393430.0,38,30,8,0,2585.0,12.2,502,0,11,411290,3393480,507,21,12,-101.0,540,330.0,50.0,333.7663853655727,5,51.384351815835885,-33,8,8,5.646570765343183
252,338101,410960.0,3393430.0,38,30,8,0,2585.0,12.2,502,0,11,408920,3390345,498,0,7,-93.63,540,-2040.0,-3085.0,3698.489556562246,-4,183.4752362136119,-42,8,8,0.6506221709990565
253,338101,410960.0,3393430.0,38,30,8,0,2585.0,12.2,502,0,11,408955,3390340,498,0,7,-92.0,540,-2005.0,-3090.0,3683.493586257481,-4,182.97822135176327,-42,8,8,0.6532707074186795
254,338101,410960.0,3393430.0,38,30,8,0,2585.0,12.2,502,0,11,408925,3390345,498,0,7,-89.5,540,-2035.0,-3085.0,3695.7340272265265,-4,183.41057813543503,-42,8,8,0.6511072313898818
255,338101,410960.0,3393430.0,38,30,8,0,2585.0,12.2,502,0,11,408950,3390340,498,0,7,-86.67,540,-2010.0,-3090.0,3686.217573611194,-4,183.04341575685086,-42,8,8,0.6527880047397719
256,338101,410960.0,3393430.0,38,30,8,0,2585.0,12.2,502,0,11,408940,3390330,497,0,7,-93.33,540,-2020.0,-3100.0,3700.0540536592166,-5,183.0887845680284,-43,8,8,0.6658301682189254
257,338101,410960.0,3393430.0,38,30,8,0,2585.0,12.2,502,0,11,410615,3393470,508,0,5,-101.0,540,-345.0,40.0,347.3110997362451,6,246.61346048231474,-32,8,8,5.264165311544594
258,338101,410960.0,3393430.0,38,30,8,0,2585.0,12.2,502,0,11,411105,3393345,504,6,12,-97.0,540,145.0,-85.0,168.0773631397161,2,90.37912601136833,-36,8,8,12.089353868874143
259,338101,410960.0,3393430.0,38,30,8,0,2585.0,12.2,502,0,11,411125,3393365,505,0,12,-90.0,540,165.0,-65.0,177.341478509682,3,81.50143432404792,-35,8,8,11.164380264156117
260,338101,410960.0,3393430.0,38,30,8,0,2585.0,12.2,502,0,11,411160,3393410,508,0,12,-91.25,540,200.0,-20.0,200.9975124224178,6,65.71059313749964,-32,8,8,9.04591136276987
261,338101,410960.0,3393430.0,38,30,8,0,2585.0,12.2,502,0,11,411010,3393580,505,0,6,-82.25,540,50.0,150.0,158.11388300841898,3,-11.565051177077976,-35,8,8,12.481691419986054
262,338101,410960.0,3393430.0,38,30,8,0,2585.0,12.2,502,0,11,411020,3393590,505,0,5,-79.5,540,60.0,160.0,170.88007490635061,3,-9.443954780416561,-35,8,8,11.57533896378539
263,338101,410960.0,3393430.0,38,30,8,0,2585.0,12.2,502,0,11,410940,3393510,506,0,6,-88.0,540,-20.0,80.0,82.46211251235322,4,315.96375653207355,-34,8,8,22.406871204937445
264,338101,410960.0,3393430.0,38,30,8,0,2585.0,12.2,502,0,11,410975,3393535,506,21,6,-95.67,540,15.0,105.0,106.06601717798213,4,-21.86989764584405,-34,8,8,17.773516217988536
265,338101,410960.0,3393430.0,38,30,8,0,2585.0,12.2,502,0,11,410985,3393545,505,21,6,-87.0,540,25.0,115.0,117.6860229593982,3,-17.73522627210758,-35,8,8,16.56255686064647
266,338101,410960.0,3393430.0,38,30,8,0,2585.0,12.2,502,0,11,411140,3393390,507,0,8,-95.0,540,180.0,-40.0,184.39088914585776,5,72.52880770915152,-33,8,8,10.146669184089278
267,338101,410960.0,3393430.0,38,30,8,0,2585.0,12.2,502,0,11,410930,3393500,506,0,5,-88.29,540,-30.0,70.0,76.15773105863909,4,306.8014094863518,-34,8,8,24.05798486061791
268,338101,410960.0,3393430.0,38,30,8,0,2585.0,12.2,502,0,11,411150,3393400,507,0,8,-90.5,540,190.0,-30.0,192.35384061671346,5,68.9726266148964,-33,8,8,9.73482863905427
269,338101,410960.0,3393430.0,38,30,8,0,2585.0,12.2,502,0,11,410955,3393515,506,0,6,-93.33,540,-5.0,85.0,85.14693182963201,4,326.6335393365702,-34,8,8,21.767307879085703
270,338101,410960.0,3393430.0,38,30,8,0,2585.0,12.2,502,0,11,410935,3393495,505,0,6,-89.29,540,-25.0,65.0,69.6419413859206,3,308.9624889745782,-35,8,8,26.682762684391967
271,338101,410960.0,3393430.0,38,30,8,0,2585.0,12.2,502,0,11,410920,3393490,506,0,12,-94.33,540,-40.0,60.0,72.11102550927978,4,296.30993247402023,-34,8,8,25.24365100841065
272,338101,410960.0,3393430.0,38,30,8,0,2585.0,12.2,502,0,11,411120,3393370,506,0,12,-91.0,540,160.0,-60.0,170.88007490635061,4,80.55604521958344,-34,8,8,11.25317364912529
273,338101,410960.0,3393430.0,38,30,8,0,2585.0,12.2,502,0,11,410970,3393540,506,21,6,-93.33,540,10.0,110.0,110.45361017187261,4,-24.80557109226521,-34,8,8,17.109492622055786
274,338101,410960.0,3393430.0,38,30,8,0,2585.0,12.2,502,0,11,411110,3393360,505,6,12,-94.75,540,150.0,-70.0,165.5294535724685,3,85.01689347810003,-35,8,8,11.938927153068818
275,338101,410960.0,3393430.0,38,30,8,0,2585.0,12.2,502,0,11,411035,3393595,505,0,5,-79.5,540,75.0,165.0,181.24568960391858,3,-5.556045219583439,-35,8,8,10.929741668048266
276,338101,410960.0,3393430.0,38,30,8,0,2585.0,12.2,502,0,11,411115,3393355,504,0,12,-92.0,540,155.0,-75.0,172.19175357722565,2,85.82099197418927,-36,8,8,11.808693711383704
277,338101,410960.0,3393430.0,38,30,8,0,2585.0,12.2,502,0,11,411000,3393570,505,0,6,-84.5,540,40.0,140.0,145.60219778561037,3,-14.054604099077153,-35,8,8,13.516371569336057
278,338101,410960.0,3393430.0,38,30,8,0,2585.0,12.2,502,0,11,411135,3393375,506,0,8,-96.5,540,175.0,-55.0,183.43936327844142,4,77.44718842328223,-34,8,8,10.500460081416923
279,338101,410960.0,3393430.0,38,30,8,0,2585.0,12.2,502,0,11,410965,3393525,506,21,6,-96.33,540,5.0,95.0,95.13148795220224,4,-26.987212495816664,-34,8,8,19.666892856805624
280,338101,410960.0,3393430.0,38,30,8,0,2585.0,12.2,502,0,11,410935,3393450,503,0,5,-93.67,540,-25.0,20.0,32.01562118716424,1,278.6598082540901,-37,8,8,49.13078791884495
281,338101,410960.0,3393430.0,38,30,8,0,2585.0,12.2,502,0,11,410945,3393480,504,0,6,-84.73,540,-15.0,50.0,52.20153254455275,2,313.3007557660064,-36,8,8,34.59150252413114
282,338101,410960.0,3393430.0,38,30,8,0,2585.0,12.2,502,0,11,410960,3393575,506,0,12,-100.5,540,0.0,145.0,145.0,4,-30.0,-34,8,8,13.196463192218477
283,338101,410960.0,3393430.0,38,30,8,0,2585.0,12.2,502,0,11,410915,3393510,508,0,5,-92.5,540,-45.0,80.0,91.7877987534291,6,300.6422464572087,-32,8,8,19.22009842082425
284,338101,410960.0,3393430.0,38,30,8,0,2585.0,12.2,502,0,11,411010,3393525,505,0,5,-86.33,540,50.0,95.0,107.35455276791944,3,-2.2414593989399805,-35,8,8,18.05713389340598
285,338101,410960.0,3393430.0,38,30,8,0,2585.0,12.2,502,0,11,410900,3393515,509,0,12,-94.25,540,-60.0,85.0,104.04326023342406,7,294.7824070318073,-31,8,8,16.59158251547317
286,338101,410960.0,3393430.0,38,30,8,0,2585.0,12.2,502,0,11,411015,3393530,505,0,5,-87.11,540,55.0,100.0,114.12712210513327,3,-1.1892062570269673,-35,8,8,17.049497141169123
287,338101,410960.0,3393430.0,38,30,8,0,2585.0,12.2,502,0,11,411000,3393535,505,0,5,-85.0,540,40.0,105.0,112.36102527122117,3,-9.145541960421667,-35,8,8,17.301597968646885
288,338101,410960.0,3393430.0,38,30,8,0,2585.0,12.2,502,0,11,410950,3393465,504,0,5,-86.5,540,-10.0,35.0,36.40054944640259,2,314.05460409907715,-36,8,8,44.683019551656486
289,338101,410960.0,3393430.0,38,30,8,0,2585.0,12.2,502,0,11,410955,3393470,504,0,5,-86.75,540,-5.0,40.0,40.311288741492746,2,322.8749836510982,-36,8,8,41.76645037165943
290,338101,410960.0,3393430.0,38,30,8,0,2585.0,12.2,502,0,11,410910,3393505,508,0,5,-91.5,540,-50.0,75.0,90.13878188659973,6,296.30993247402023,-32,8,8,19.545275781467723
291,338101,410960.0,3393430.0,38,30,8,0,2585.0,12.2,502,0,11,411005,3393540,505,0,5,-80.5,540,45.0,110.0,118.84864324004712,3,-7.750976342787624,-35,8,8,16.409290713935878
292,338101,410960.0,3393430.0,38,30,8,0,2585.0,12.2,502,0,11,411155,3393430,508,0,6,-95.8,540,195.0,0.0,195.0,6,60.0,-32,8,8,9.319321391359525
293,338101,410960.0,3393430.0,38,30,8,0,2585.0,12.2,502,0,11,411040,3393335,504,0,11,-109.0,540,80.0,-95.0,124.19742348374221,2,109.89909245378777,-36,8,8,16.164816976822685
294,338101,410960.0,3393430.0,38,30,8,0,2585.0,12.2,502,0,11,411025,3393560,505,0,5,-83.0,540,65.0,130.0,145.34441853748632,3,-3.434948822922024,-35,8,8,13.539462086049529
295,338101,410960.0,3393430.0,38,30,8,0,2585.0,12.2,502,0,11,410940,3393475,504,0,6,-84.25,540,-20.0,45.0,49.24428900898052,2,306.0375110254218,-36,8,8,36.16864234757874
296,338101,410960.0,3393430.0,38,30,8,0,2585.0,12.2,502,0,11,410965,3393580,506,0,12,-91.0,540,5.0,150.0,150.08331019803634,4,-28.090847567003607,-34,8,8,12.76438564553145
297,338101,410960.0,3393430.0,38,30,8,0,2585.0,12.2,502,0,11,410980,3393595,506,24,12,-83.5,540,20.0,165.0,166.20770138594662,4,-23.08877288097534,-34,8,8,11.561113561934464
298,338101,410960.0,3393430.0,38,30,8,0,2585.0,12.2,502,0,11,411415,3393220,500,0,8,-94.67,540,455.0,-210.0,501.12373721467236,-2,84.77514056883194,-40,8,8,4.563707915693643
299,338101,410960.0,3393430.0,38,30,8,0,2585.0,12.2,502,0,11,411450,3393175,500,0,12,-95.25,540,490.0,-255.0,552.3812089490373,-2,87.49283695153963,-40,8,8,4.141773413429478
300,338101,410960.0,3393430.0,38,30,8,0,2585.0,12.2,502,0,11,411460,3393185,501,0,12,-94.2,540,500.0,-245.0,556.7988864931394,-1,86.10485400909931,-39,8,8,4.006638523251798
301,338101,410960.0,3393430.0,38,30,8,0,2585.0,12.2,502,0,11,411470,3393195,501,0,12,-91.0,540,510.0,-235.0,561.5380663855301,-1,84.73950886974814,-39,8,8,3.9729326755216365
302,338101,410960.0,3393430.0,38,30,8,0,2585.0,12.2,502,0,11,411455,3393180,501,0,12,-94.75,540,495.0,-250.0,554.5493666031907,-1,86.79608129397343,-39,8,8,4.022838128413248
303,338101,410960.0,3393430.0,38,30,8,0,2585.0,12.2,502,0,11,411405,3393210,500,0,8,-97.5,540,445.0,-220.0,496.4121271685453,-2,86.30696382574183,-40,8,8,4.606837986597706
304,338101,410960.0,3393430.0,38,30,8,0,2585.0,12.2,502,0,11,411440,3393165,500,0,12,-90.5,540,480.0,-265.0,548.2928049865327,-2,88.9023570362018,-40,8,8,4.172548314425359
305,338101,410960.0,3393430.0,38,30,8,0,2585.0,12.2,502,0,11,411465,3393190,501,0,12,-95.67,540,505.0,-240.0,559.128786595718,-1,85.4192883389029,-39,8,8,3.98999682323705
306,338101,410960.0,3393430.0,38,30,8,0,2585.0,12.2,502,0,11,411410,3393215,500,0,8,-94.67,540,450.0,-215.0,498.7233702163956,-2,85.53743439063635,-40,8,8,4.58557969255128
307,338101,410960.0,3393430.0,38,30,8,0,2585.0,12.2,502,0,11,408925,3390315,498,0,7,-92.0,540,-2035.0,-3115.0,3720.8130831849107,-4,183.1562050456641,-42,8,8,0.6467190069040685
308,338101,410960.0,3393430.0,38,30,8,0,2585.0,12.2,502,0,11,408880,3390280,498,21,5,-110.0,540,-2080.0,-3150.0,3774.7715162642626,-4,183.43747939224812,-42,8,8,0.637475257055943
309,338101,410960.0,3393430.0,38,30,8,0,2585.0,12.2,502,0,11,409005,3390320,497,0,5,-93.5,540,-1955.0,-3110.0,3673.4350409392023,-5,182.1541816084064,-43,8,8,0.6706545705831621
310,338101,410960.0,3393430.0,38,30,8,0,2585.0,12.2,502,0,11,409130,3390105,496,0,5,-99.0,540,-1830.0,-3325.0,3795.3293664713738,-6,178.82732836663763,-44,8,8,0.6642114875864716
311,338101,410960.0,3393430.0,38,30,8,0,2585.0,12.2,502,0,11,409120,3390115,496,0,6,-95.67,540,-1840.0,-3315.0,3791.414643638968,-6,179.03258702080396,-44,8,8,0.6648972396881354
312,338101,410960.0,3393430.0,38,30,8,0,2585.0,12.2,502,0,11,409180,3390135,496,0,10,-91.0,540,-1780.0,-3295.0,3745.053404158611,-6,178.37846949832007,-44,8,8,0.6731274670970454
313,338101,410960.0,3393430.0,38,30,8,0,2585.0,12.2,502,0,11,409015,3390310,497,0,5,-94.5,540,-1945.0,-3120.0,3676.605091657248,-5,181.93930766636475,-43,8,8,0.6700763700376491
314,338101,410960.0,3393430.0,38,30,8,0,2585.0,12.2,502,0,11,409000,3390325,498,0,7,-94.0,540,-1960.0,-3105.0,3671.869414889369,-4,182.26175695388173,-42,8,8,0.6553386103215346
315,338101,410960.0,3393430.0,38,30,8,0,2585.0,12.2,502,0,11,408950,3390265,497,0,7,-96.0,540,-2010.0,-3165.0,3749.309936508317,-5,182.41844994964308,-43,8,8,0.657083716559686
316,338101,410960.0,3393430.0,38,30,8,0,2585.0,12.2,502,0,11,410835,3393500,514,0,12,-99.0,540,-125.0,70.0,143.26548781894402,12,269.248826336547,-26,8,8,10.286158415817223
317,338101,410960.0,3393430.0,38,30,8,0,2585.0,12.2,502,0,11,410810,3393515,520,78,5,-92.0,540,-150.0,85.0,172.40939649566667,18,269.5387822595581,-20,8,8,6.61690513491109
318,338101,410960.0,3393430.0,38,30,8,0,2585.0,12.2,502,0,11,410800,3393505,521,78,5,-110.5,540,-160.0,75.0,176.70597047072292,19,265.11483488614454,-19,8,8,6.137050168542341
319,338101,410960.0,3393430.0,38,30,8,0,2585.0,12.2,502,0,11,411135,3393585,507,0,13,-95.5,540,175.0,155.0,233.77339455121918,5,18.468229258917177,-33,8,8,8.034917050096963
320,338101,410960.0,3393430.0,38,30,8,0,2585.0,12.2,502,0,11,411185,3393535,509,30,6,-92.8,540,225.0,105.0,248.29418035870273,7,34.98310652189997,-31,8,8,7.116661197795574
321,338101,410960.0,3393430.0,38,30,8,0,2585.0,12.2,502,0,11,411190,3393530,509,0,6,-100.57,540,230.0,100.0,250.79872407968904,7,36.50143432404792,-31,8,8,7.04631026256326
322,338101,410960.0,3393430.0,38,30,8,0,2585.0,12.2,502,0,11,410965,3393435,502,0,5,-88.0,540,5.0,5.0,7.0710678118654755,0,15.0,-38,8,8,79.45892120141083
323,338101,410960.0,3393430.0,38,30,8,0,2585.0,12.2,502,0,11,411150,3393755,507,0,12,-77.25,540,190.0,325.0,376.46380968162134,5,0.3112132266816161,-33,8,8,5.009618662829444
324,338101,410960.0,3393430.0,38,30,8,0,2585.0,12.2,502,0,11,411235,3393520,509,0,5,-92.67,540,275.0,90.0,289.35272592460575,7,41.87813975209866,-31,8,8,6.115096807138767
325,338101,410960.0,3393430.0,38,30,8,0,2585.0,12.2,502,0,11,411230,3393515,509,0,12,-89.1,540,270.0,85.0,283.0635970943632,7,42.52522574374433,-31,8,8,6.24989884865835
326,338101,410960.0,3393430.0,38,30,8,0,2585.0,12.2,502,0,11,411210,3393495,509,0,12,-95.33,540,250.0,65.0,258.3118270617898,7,45.425783801961245,-31,8,8,6.843337719008352
327,338101,410960.0,3393430.0,38,30,8,0,2585.0,12.2,502,0,11,411050,3393655,513,0,6,-71.63,540,90.0,225.0,242.33241632105268,11,-8.198590513648185,-27,8,8,6.357515056182176
328,338101,410960.0,3393430.0,38,30,8,0,2585.0,12.2,502,0,11,411145,3393750,507,0,5,-76.67,540,185.0,320.0,369.6281915655244,5,0.0332804359951524,-33,8,8,5.101778163620246
329,338101,410960.0,3393430.0,38,30,8,0,2585.0,12.2,502,0,11,411130,3393735,507,0,12,-82.25,540,170.0,305.0,349.17760523836574,5,-0.8657078027738407,-33,8,8,5.398861276272528
330,338101,410960.0,3393430.0,38,30,8,0,2585.0,12.2,502,0,11,411060,3393665,512,0,6,-69.7,540,100.0,235.0,255.3918557824427,10,-6.9486990835270035,-28,8,8,6.25665998021292
331,338101,410960.0,3393430.0,38,30,8,0,2585.0,12.2,502,0,11,411075,3393680,511,0,6,-74.33,540,115.0,250.0,275.1817581163403,9,-5.297569772228712,-29,8,8,6.015904312711415
332,338101,410960.0,3393430.0,38,30,8,0,2585.0,12.2,502,0,11,411065,3393670,512,0,6,-72.38,540,105.0,240.0,261.9637379485947,10,-6.370622269343187,-28,8,8,6.100897986937085
333,338101,410960.0,3393430.0,38,30,8,0,2585.0,12.2,502,0,11,411070,3393675,511,0,6,-71.17,540,110.0,245.0,268.5609800399157,9,-5.820892853310852,-29,8,8,6.1630853603357245
334,338101,410960.0,3393430.0,38,30,8,0,2585.0,12.2,502,0,11,411045,3393650,513,0,6,-71.28,540,85.0,220.0,235.8495283014151,11,-8.875280853927507,-27,8,8,6.530776793675793
335,338101,410960.0,3393430.0,38,30,8,0,2585.0,12.2,502,0,11,411090,3393615,506,0,5,-89.33,540,130.0,185.0,226.10838109190027,4,5.095816787026138,-34,8,8,8.551517932364378
336,338101,410960.0,3393430.0,38,30,8,0,2585.0,12.2,502,0,11,411040,3393645,512,0,6,-71.33,540,80.0,215.0,229.40139493908924,10,-9.590117166196023,-28,8,8,6.95891801647956
337,338101,410960.0,3393430.0,38,30,8,0,2585.0,12.2,502,0,11,411055,3393660,512,0,6,-71.61,540,95.0,230.0,248.84734276258607,10,-7.5572466347056775,-28,8,8,6.419849427914141
338,338101,410960.0,3393430.0,38,30,8,0,2585.0,12.2,502,0,11,411140,3393745,507,0,5,-74.4,540,180.0,315.0,362.80159867343474,5,-0.2551187030578035,-33,8,8,5.197253975822882
339,338101,410960.0,3393430.0,38,30,8,0,2585.0,12.2,502,0,11,411095,3393620,506,0,12,-81.5,540,135.0,190.0,233.0772404161333,4,5.3947958449870725,-34,8,8,8.299448278445196
340,338101,410960.0,3393430.0,38,30,8,0,2585.0,12.2,502,0,11,411135,3393740,507,0,5,-75.5,540,175.0,310.0,355.9845502265513,5,-0.5545712700744048,-33,8,8,5.296219877507793
341,338101,410960.0,3393430.0,38,30,8,0,2585.0,12.2,502,0,11,411220,3393505,509,6,5,-92.5,540,260.0,75.0,270.60118255469615,7,43.90918365114783,-31,8,8,6.535299131553575
342,338101,410960.0,3393430.0,38,30,8,0,2585.0,12.2,502,0,11,411105,3393630,506,0,12,-83.0,540,145.0,200.0,247.0323865407125,4,5.9421118713823375,-34,8,8,7.8365989156739335
343,338101,410960.0,3393430.0,38,30,8,0,2585.0,12.2,502,0,11,408970,3390335,498,0,7,-98.4,540,-1990.0,-3095.0,3679.555000268375,-4,182.7399042423383,-42,8,8,0.6539699059668385
344,338101,410960.0,3393430.0,38,30,8,0,2585.0,12.2,502,0,11,409045,3390250,497,0,12,-104.0,540,-1915.0,-3180.0,3712.0917283924978,-5,181.05640381944548,-43,8,8,0.6636711889952575
345,338101,410960.0,3393430.0,38,30,8,0,2585.0,12.2,502,0,11,410905,3393645,510,63,13,-102.5,540,-55.0,215.0,221.92341021172146,8,315.65066795705286,-30,8,8,7.698675920319627
346,338101,410960.0,3393430.0,38,30,8,0,2585.0,12.2,502,0,11,410910,3393660,510,63,13,-95.0,540,-50.0,230.0,235.3720459187964,8,317.7352262721076,-30,8,8,7.263628473888101
347,338101,410960.0,3393430.0,38,30,8,0,2585.0,12.2,502,0,11,410895,3393675,509,24,5,-97.0,540,-65.0,245.0,253.4758371127315,7,315.14138555207535,-31,8,8,6.972626318053752
348,338101,410960.0,3393430.0,38,30,8,0,2585.0,12.2,502,0,11,410930,3393640,510,21,5,-100.0,540,-30.0,210.0,212.13203435596427,8,321.86989764584405,-30,8,8,8.049466975528397
349,338101,410960.0,3393430.0,38,30,8,0,2585.0,12.2,502,0,11,410915,3393655,511,63,13,-104.0,540,-45.0,225.0,229.4558781116753,9,318.69006752597977,-29,8,8,7.2031905847594
350,338101,410960.0,3393430.0,38,30,8,0,2585.0,12.2,502,0,11,411185,3393845,507,0,6,-83.33,540,225.0,415.0,472.0699100768868,5,-1.5348378573451669,-33,8,8,3.998750662525219
351,338101,410960.0,3393430.0,38,30,8,0,2585.0,12.2,502,0,11,411190,3393860,507,0,5,-84.5,540,230.0,430.0,487.64741360946437,5,-1.8583987677382652,-33,8,8,3.8714086102606418
352,338101,410960.0,3393430.0,38,30,8,0,2585.0,12.2,502,0,11,411195,3393855,507,0,5,-84.5,540,235.0,425.0,485.64390246352315,5,-1.059987307160668,-33,8,8,3.8873311370734864
353,338101,410960.0,3393430.0,38,30,8,0,2585.0,12.2,502,0,11,410850,3393525,512,0,5,-92.5,540,-110.0,95.0,145.34441853748632,10,280.81508387488157,-28,8,8,10.904210273840647
354,338101,410960.0,3393430.0,38,30,8,0,2585.0,12.2,502,0,11,410865,3393560,511,0,5,-101.0,540,-95.0,130.0,161.01242188104618,9,293.84181456019166,-29,8,8,10.210096508914289
355,338101,410960.0,3393430.0,38,30,8,0,2585.0,12.2,502,0,11,410845,3393540,513,0,12,-98.5,540,-115.0,110.0,159.13830462839547,11,283.7269699799433,-27,8,8,9.629319174413656
356,338101,410960.0,3393430.0,38,30,8,0,2585.0,12.2,502,0,11,411190,3393545,509,0,5,-89.25,540,230.0,115.0,257.14781741247583,7,33.434948822922024,-31,8,8,6.8740191459303
357,338101,410960.0,3393430.0,38,30,8,0,2585.0,12.2,502,0,11,410985,3393440,503,48,5,-89.0,540,25.0,10.0,26.92582403567252,1,38.198590513648185,-37,8,8,53.9556825261507
358,338101,410960.0,3393430.0,38,30,8,0,2585.0,12.2,502,0,11,411195,3393550,509,0,5,-90.17,540,235.0,120.0,263.86549603917524,7,32.94940299291386,-31,8,8,6.700627177201624
359,338101,410960.0,3393430.0,38,30,8,0,2585.0,12.2,502,0,11,410975,3393410,502,48,5,-109.0,540,15.0,-20.0,25.0,0,113.13010235415595,-38,8,8,56.659292653523
360,338101,410960.0,3393430.0,38,30,8,0,2585.0,12.2,502,0,11,411185,3393560,509,0,12,-89.5,540,225.0,130.0,259.8557292037257,7,29.981632572390936,-31,8,8,6.803061025871918
361,338101,410960.0,3393430.0,38,30,8,0,2585.0,12.2,502,0,11,410980,3393435,503,48,5,-82.25,540,20.0,5.0,20.615528128088304,1,45.963756532073546,-37,8,8,60.874478341848274
362,338101,410960.0,3393430.0,38,30,8,0,2585.0,12.2,502,0,11,411175,3393530,508,0,5,-97.5,540,215.0,100.0,237.11811402758752,6,35.0560947365754,-32,8,8,7.685850313956002
363,338101,410960.0,3393430.0,38,30,8,0,2585.0,12.2,502,0,11,411170,3393525,508,0,12,-96.0,540,210.0,95.0,230.4886114323222,6,35.658910063307474,-32,8,8,7.904161220812194
364,338101,410960.0,3393430.0,38,30,8,0,2585.0,12.2,502,0,11,411400,3393040,499,0,12,-92.0,540,440.0,-390.0,587.962583843564,-3,101.55261314813481,-41,8,8,3.988910987313543
365,338101,410960.0,3393430.0,38,30,8,0,2585.0,12.2,502,0,11,410745,3393615,521,0,6,-89.0,540,-215.0,185.0,283.6370920736567,19,280.710846671181,-19,8,8,3.832347406928508
366,338101,410960.0,3393430.0,38,30,8,0,2585.0,12.2,502,0,11,410730,3393630,515,39,6,-84.0,540,-230.0,200.0,304.7950130825634,13,281.00908690157024,-25,8,8,4.689037247770214
367,338101,410960.0,3393430.0,38,30,8,0,2585.0,12.2,502,0,11,410975,3393430,502,48,12,-93.5,540,15.0,0.0,15.0,0,60.0,-38,8,8,68.45902408146156
368,338101,410960.0,3393430.0,38,30,8,0,2585.0,12.2,502,0,11,411195,3393530,509,30,6,-93.67,540,235.0,100.0,255.3918557824427,7,36.948699083527,-31,8,8,6.920825022166446
369,338101,410960.0,3393430.0,38,30,8,0,2585.0,12.2,502,0,11,411185,3393540,509,30,5,-95.75,540,225.0,110.0,250.44959572736389,7,33.94650468950903,-31,8,8,7.056033918951133
370,338101,410960.0,3393430.0,38,30,8,0,2585.0,12.2,502,0,11,410725,3393200,503,0,6,-94.0,540,-235.0,-230.0,328.8236609491476,1,195.61605990839922,-37,8,8,6.420049379217209
371,338101,410960.0,3393430.0,38,30,8,0,2585.0,12.2,502,0,11,411175,3393550,508,0,12,-92.0,540,215.0,120.0,246.22144504490262,6,30.8323866204222,-32,8,8,7.4049011685770445
372,338101,410960.0,3393430.0,38,30,8,0,2585.0,12.2,502,0,11,411190,3393540,509,30,6,-91.6,540,230.0,110.0,254.95097567963924,7,34.44003482817618,-31,8,8,6.932676653829419
373,338101,410960.0,3393430.0,38,30,8,0,2585.0,12.2,502,0,11,411150,3393580,507,0,13,-92.0,540,190.0,150.0,242.0743687382041,5,21.709836807756915,-33,8,8,7.762809538800024
374,338101,410960.0,3393430.0,38,30,8,0,2585.0,12.2,502,0,11,411180,3393530,508,0,5,-97.6,540,220.0,100.0,241.66091947189145,6,35.55604521958344,-32,8,8,7.543048966828776
375,338101,410960.0,3393430.0,38,30,8,0,2585.0,12.2,502,0,11,410970,3393440,503,0,5,-91.0,540,10.0,10.0,14.142135623730951,1,15.0,-37,8,8,69.08214990831675
376,338101,410960.0,3393430.0,38,30,8,0,2585.0,12.2,502,0,11,411195,3393535,509,30,6,-92.0,540,235.0,105.0,257.390753524675,7,35.924501744921145,-31,8,8,6.867593152507581
377,338101,410960.0,3393430.0,38,30,8,0,2585.0,12.2,502,0,11,410615,3393730,507,0,5,-101.0,540,-345.0,300.0,457.1925196238451,5,281.00908690157024,-33,8,8,4.128430166779342
378,338101,410960.0,3393430.0,38,30,8,0,2585.0,12.2,502,0,11,411380,3393235,499,0,13,-97.5,540,420.0,-195.0,463.06047121299395,-3,84.90476880809518,-41,8,8,5.059850935462983
379,338101,410960.0,3393430.0,38,30,8,0,2585.0,12.2,502,0,11,411565,3393280,503,0,5,-100.0,540,605.0,-150.0,623.3177359902412,1,73.9247732204094,-37,8,8,3.397078308638248
380,338101,410960.0,3393430.0,38,30,8,0,2585.0,12.2,502,0,11,411560,3393275,503,0,5,-112.33,540,600.0,-155.0,619.697506853142,1,74.48473356032298,-37,8,8,3.416876917416317
381,338101,410960.0,3393430.0,38,30,8,0,2585.0,12.2,502,0,11,411305,3393515,506,0,5,-96.0,540,345.0,85.0,355.31676008879737,4,46.15930450834435,-34,8,8,5.465948762531002
382,338101,410960.0,3393430.0,38,30,8,0,2585.0,12.2,502,0,11,411285,3393495,508,0,5,-89.2,540,325.0,65.0,331.436268383531,6,48.69006752597977,-32,8,8,5.514784307826003
383,338101,410960.0,3393430.0,38,30,8,0,2585.0,12.2,502,0,11,411090,3393690,508,0,6,-72.73,540,130.0,260.0,290.68883707497264,6,-3.434948822922024,-32,8,8,6.282016762758497
384,338101,410960.0,3393430.0,38,30,8,0,2585.0,12.2,502,0,11,411085,3393695,509,0,6,-71.1,540,125.0,265.0,293.00170647967224,7,-4.746836605426097,-31,8,8,6.039507074071776
385,338101,410960.0,3393430.0,38,30,8,0,2585.0,12.2,502,0,11,411105,3393715,507,0,11,-72.25,540,145.0,285.0,319.7655391063896,5,-3.0342855671298707,-33,8,8,5.892101030544725
386,338101,410960.0,3393430.0,38,30,8,0,2585.0,12.2,502,0,11,411490,3393290,502,0,6,-92.33,540,530.0,-140.0,548.1788029466298,0,74.79676224505738,-38,8,8,3.9654254831025413
387,338101,410960.0,3393430.0,38,30,8,0,2585.0,12.2,502,0,11,411095,3393685,507,0,6,-73.5,540,135.0,255.0,288.5307609250702,5,-2.1027289690523503,-33,8,8,6.52471309697737
388,338101,410960.0,3393430.0,38,30,8,0,2585.0,12.2,502,0,11,411500,3393320,501,0,6,-110.0,540,540.0,-110.0,551.0898293381941,-1,71.513831184487,-39,8,8,4.048008318626574
389,338101,410960.0,3393430.0,38,30,8,0,2585.0,12.2,502,0,11,411240,3393540,509,0,11,-93.43,540,280.0,110.0,300.83217912982644,7,38.55226367289464,-31,8,8,5.883419802840994
390,338101,410960.0,3393430.0,38,30,8,0,2585.0,12.2,502,0,11,411215,3393565,509,0,6,-87.2,540,255.0,135.0,288.5307609250702,7,32.10272896905235,-31,8,8,6.132384913886093
391,338101,410960.0,3393430.0,38,30,8,0,2585.0,12.2,502,0,11,411495,3393285,502,0,13,-95.7,540,535.0,-145.0,554.3013620766235,0,75.16446089973846,-38,8,8,3.9217626448611824
392,338101,410960.0,3393430.0,38,30,8,0,2585.0,12.2,502,0,11,411510,3393310,501,0,5,-98.25,540,550.0,-120.0,562.9387178015028,-1,72.30801581742793,-39,8,8,3.9630791342293326
393,338101,410960.0,3393430.0,38,30,8,0,2585.0,12.2,502,0,11,411515,3393305,501,0,5,-86.33,540,555.0,-125.0,568.9024520952604,-1,72.6926655451179,-39,8,8,3.9216649788284714
394,338101,410960.0,3393430.0,38,30,8,0,2585.0,12.2,502,0,11,411505,3393315,501,0,6,-90.2,540,545.0,-115.0,557.0008976653448,-1,71.91514707126504,-39,8,8,4.005190139379228
395,338101,410960.0,3393430.0,38,30,8,0,2585.0,12.2,502,0,11,411110,3393710,506,0,11,-74.67,540,150.0,280.0,317.6476034853718,4,-1.8214098900408544,-34,8,8,6.109498868440968
396,338101,410960.0,3393430.0,38,30,8,0,2585.0,12.2,502,0,11,411100,3393720,508,0,6,-75.33,540,140.0,290.0,322.02484376209236,6,-4.2306723756613,-32,8,8,5.674920897516674
397,338101,410960.0,3393430.0,38,30,8,0,2585.0,12.2,502,0,11,411115,3393705,505,0,11,-74.71,540,155.0,275.0,315.67388235329196,3,-0.5928109392663714,-35,8,8,6.326766939858915
398,338101,410960.0,3393430.0,38,30,8,0,2585.0,12.2,502,0,11,411205,3393575,509,0,5,-92.33,540,245.0,145.0,284.6928169097352,7,29.38139459109061,-31,8,8,6.2144130123161165
399,338101,410960.0,3393430.0,38,30,8,0,2585.0,12.2,502,0,11,411245,3393535,508,0,11,-95.31,540,285.0,105.0,303.7268509697488,6,39.775140568831944,-32,8,8,6.014370411903152
400,338101,410960.0,3393430.0,38,30,8,0,2585.0,12.2,502,0,11,411250,3393530,508,0,11,-93.38,540,290.0,100.0,306.75723300355935,6,40.97439396243135,-32,8,8,5.955384986344051
401,338101,410960.0,3393430.0,38,30,8,0,2585.0,12.2,502,0,11,411080,3393700,511,0,6,-69.63,540,120.0,270.0,295.4657340538831,9,-6.037511025421793,-29,8,8,5.605633650809575
402,338101,410960.0,3393430.0,38,30,8,0,2585.0,12.2,502,0,11,411280,3393500,508,0,5,-93.43,540,320.0,70.0,327.566787083184,6,47.66091272167381,-32,8,8,5.5795206643926845
403,338101,410960.0,3393430.0,38,30,8,0,2585.0,12.2,502,0,11,411485,3393295,502,0,6,-90.0,540,525.0,-135.0,542.0793299877796,0,74.42077312751098,-38,8,8,4.009899675395985
404,338101,410960.0,3393430.0,38,30,8,0,2585.0,12.2,502,0,11,411255,3393525,508,0,5,-94.0,540,295.0,95.0,309.9193443462347,6,42.149681697783194,-32,8,8,5.89505220674728
405,338101,410960.0,3393430.0,38,30,8,0,2585.0,12.2,502,0,11,411200,3393580,509,0,12,-89.73,540,240.0,150.0,283.0194339616981,7,27.994616791916485,-31,8,8,6.250866380532531
406,338101,410960.0,3393430.0,38,30,8,0,2585.0,12.2,502,0,11,411210,3393570,509,0,6,-90.14,540,250.0,140.0,286.53097563788805,7,30.751173663453017,-31,8,8,6.174855156786742
407,338101,410960.0,3393430.0,38,30,8,0,2585.0,12.2,502,0,11,411290,3393010,500,0,5,-99.0,540,330.0,-420.0,534.1348144429456,-2,111.84277341263095,-40,8,8,4.282741323371723
408,338101,410960.0,3393430.0,38,30,8,0,2585.0,12.2,502,0,11,411470,3393190,501,0,12,-95.0,540,510.0,-240.0,563.6488268416781,-1,85.20112364547509,-39,8,8,3.958102156427711
409,338101,410960.0,3393430.0,38,30,8,0,2585.0,12.2,502,0,11,411465,3393195,501,0,5,-93.8,540,505.0,-235.0,557.0008976653448,-1,84.95475057457901,-39,8,8,4.005190139379228
410,338101,410960.0,3393430.0,38,30,8,0,2585.0,12.2,502,0,11,411435,3393225,501,0,6,-96.25,540,475.0,-205.0,517.3490117899134,-1,83.34401096157751,-39,8,8,4.311049064307557
411,338101,410960.0,3393430.0,38,30,8,0,2585.0,12.2,502,0,11,411440,3393180,500,0,12,-94.5,540,480.0,-250.0,541.2023651093923,-2,87.51200262385146,-40,8,8,4.227017141743792
412,338101,410960.0,3393430.0,38,30,8,0,2585.0,12.2,502,0,11,411460,3393200,501,0,5,-94.67,540,500.0,-230.0,550.3635162326806,-1,84.70243022777129,-39,8,8,4.0533326688065
413,338101,410960.0,3393430.0,38,30,8,0,2585.0,12.2,502,0,11,411445,3393175,500,0,12,-96.67,540,485.0,-255.0,547.9507277118993,-2,87.7341905049854,-40,8,8,4.1751439640234524
414,338101,410960.0,3393430.0,38,30,8,0,2585.0,12.2,502,0,11,411295,3393490,507,0,5,-97.33,540,335.0,60.0,340.3307215048327,5,49.84573341979973,-33,8,8,5.538342834694559
415,338101,410960.0,3393430.0,38,30,8,0,2585.0,12.2,502,0,11,411235,3393590,509,0,6,-94.0,540,275.0,160.0,318.15876539866065,7,29.808377039042398,-31,8,8,5.5650837012645
416,338101,410960.0,3393430.0,38,30,8,0,2585.0,12.2,502,0,11,411205,3393580,509,0,12,-95.33,540,245.0,150.0,287.2716484444645,7,28.523160650416003,-31,8,8,6.159057039734143
417,338101,410960.0,3393430.0,38,30,8,0,2585.0,12.2,502,0,11,411250,3393525,508,0,5,-94.38,540,290.0,95.0,305.16389039334257,6,41.86191784440268,-32,8,8,5.9862544365284895
418,338101,410960.0,3393430.0,38,30,8,0,2585.0,12.2,502,0,11,411215,3393570,509,0,6,-91.5,540,255.0,140.0,290.90376415577714,7,31.232350661156204,-31,8,8,6.082737465489715
419,338101,410960.0,3393430.0,38,30,8,0,2585.0,12.2,502,0,11,411095,3393690,507,0,5,-73.56,540,135.0,260.0,292.95904150580503,5,-2.5602720518006663,-33,8,8,6.426918959401076
420,338101,410960.0,3393430.0,38,30,8,0,2585.0,12.2,502,0,11,411100,3393715,508,0,6,-75.2,540,140.0,285.0,317.52952618614853,6,-3.83843355798075,-32,8,8,5.7547261790130015
421,338101,410960.0,3393430.0,38,30,8,0,2585.0,12.2,502,0,11,411515,3393310,501,0,12,-86.75,540,555.0,-120.0,567.824796922431,-1,72.20046872738078,-39,8,8,3.929084482334294
422,338101,410960.0,3393430.0,38,30,8,0,2585.0,12.2,502,0,11,411115,3393710,506,0,11,-75.0,540,155.0,280.0,320.0390601161052,4,-1.0323393539359813,-34,8,8,6.064187749920258
423,338101,410960.0,3393430.0,38,30,8,0,2585.0,12.2,502,0,11,411500,3393315,501,0,6,-92.0,540,540.0,-115.0,552.1095905705678,-1,72.02227668618355,-39,8,8,4.0405563258402415
424,338101,410960.0,3393430.0,38,30,8,0,2585.0,12.2,502,0,11,411490,3393285,502,0,5,-96.2,540,530.0,-145.0,549.4770240874499,0,75.30084557244999,-38,8,8,3.9560863598714087
425,338101,410960.0,3393430.0,38,30,8,0,2585.0,12.2,502,0,11,411105,3393720,507,0,5,-75.0,540,145.0,290.0,324.2298567374695,5,-3.434948822922024,-33,8,8,5.811531878595321
426,338101,410960.0,3393430.0,38,30,8,0,2585.0,12.2,502,0,11,411495,3393290,502,0,5,-93.5,540,535.0,-140.0,553.0144663568938,0,74.66446148841112,-38,8,8,3.9308602298117123
427,338101,410960.0,3393430.0,38,30,8,0,2585.0,12.2,502,0,11,411110,3393705,505,0,11,-76.78,540,150.0,275.0,313.2491021535417,3,-1.3895403340347912,-35,8,8,6.3753390975397295
428,338101,410960.0,3393430.0,38,30,8,0,2585.0,12.2,502,0,11,411090,3393685,508,0,6,-73.09,540,130.0,255.0,286.2254356272342,6,-2.987334652061463,-32,8,8,6.3791771392611345
429,338101,410960.0,3393430.0,38,30,8,0,2585.0,12.2,502,0,11,411085,3393700,510,0,6,-74.75,540,125.0,270.0,297.5315109362368,8,-5.157610894544803,-30,8,8,5.757654416658292
430,338101,410960.0,3393430.0,38,30,8,0,2585.0,12.2,502,0,11,411210,3393565,509,0,6,-93.07,540,250.0,135.0,284.1214529035075,7,31.630953706721414,-31,8,8,6.226812031697401
431,338101,410960.0,3393430.0,38,30,8,0,2585.0,12.2,502,0,11,411245,3393540,508,0,11,-95.73,540,285.0,110.0,305.49140740780257,6,38.89516141507033,-32,8,8,5.979883108408767
432,338101,410960.0,3393430.0,38,30,8,0,2585.0,12.2,502,0,11,411080,3393695,510,0,6,-72.75,540,120.0,265.0,290.90376415577714,8,-5.637546984687788,-30,8,8,5.887921339044959
433,338101,410960.0,3393430.0,38,30,8,0,2585.0,12.2,502,0,11,411240,3393535,509,0,5,-93.86,540,280.0,105.0,299.0401310861136,7,39.44395478041656,-31,8,8,5.918427653329778
434,338101,410960.0,3393430.0,38,30,8,0,2585.0,12.2,502,0,11,411255,3393530,508,0,5,-93.0,540,295.0,100.0,311.4883625434504,6,41.27421215472742,-32,8,8,5.865565412229584
435,338101,410960.0,3393430.0,38,30,8,0,2585.0,12.2,502,0,11,411300,3393515,507,0,5,-96.5,540,340.0,85.0,350.46397817750113,5,45.963756532073546,-33,8,8,5.379161285723597
436,338101,410960.0,3393430.0,38,30,8,0,2585.0,12.2,502,0,11,411420,3393215,500,0,8,-97.5,540,460.0,-215.0,507.76470928964727,-2,85.05097781644287,-40,8,8,4.504267157503926
437,338101,410960.0,3393430.0,38,30,8,0,2585.0,12.2,502,0,11,411465,3393180,501,21,12,-91.67,540,505.0,-250.0,563.4935669552937,-1,86.33768816608745,-39,8,8,3.959189268014379
438,338101,410960.0,3393430.0,38,30,8,0,2585.0,12.2,502,0,11,411460,3393175,500,21,12,-92.33,540,500.0,-255.0,561.2708793443679,-2,87.02158159117704,-40,8,8,4.076396985479348
439,338101,410960.0,3393430.0,38,30,8,0,2585.0,12.2,502,0,11,411455,3393190,501,0,5,-95.13,540,495.0,-240.0,550.1136246267674,-1,85.86635679409449,-39,8,8,4.055167772244362
440,338101,410960.0,3393430.0,38,30,8,0,2585.0,12.2,502,0,11,411445,3393200,501,0,5,-103.2,540,485.0,-230.0,536.7727638395972,-1,85.37156175309593,-39,8,8,4.155605410499314
441,338101,410960.0,3393430.0,38,30,8,0,2585.0,12.2,502,0,11,411440,3393195,501,0,5,-99.25,540,480.0,-235.0,534.4389581607987,-1,86.08559977828145,-39,8,8,4.173688256588242
442,338101,410960.0,3393430.0,38,30,8,0,2585.0,12.2,502,0,11,411430,3393205,501,0,6,-93.0,540,470.0,-225.0,521.0806079677117,-1,85.58152925793888,-39,8,8,4.280291647604692
443,338101,410960.0,3393430.0,38,30,8,0,2585.0,12.2,502,0,11,411450,3393185,501,0,5,-98.5,540,490.0,-245.0,547.8366544874485,-1,86.56505117707798,-39,8,8,4.071965662552214
444,338101,410960.0,3393430.0,38,30,8,0,2585.0,12.2,502,0,11,411435,3393210,501,0,6,-93.25,540,475.0,-220.0,523.4739726099092,-1,84.85158585971215,-39,8,8,4.260794047723184
445,338101,410960.0,3393430.0,38,30,8,0,2585.0,12.2,502,0,11,410900,3393630,509,0,13,-105.0,540,-60.0,200.0,208.806130178211,7,313.3007557660064,-31,8,8,8.444624628305624
446,338101,410960.0,3393430.0,38,30,8,0,2585.0,12.2,502,0,11,410925,3393645,511,63,13,-101.0,540,-35.0,215.0,217.83020910791964,9,320.75388725443673,-29,8,8,7.583264715990084
447,338101,410960.0,3393430.0,38,30,8,0,2585.0,12.2,502,0,11,410935,3393655,512,21,5,-96.5,540,-25.0,225.0,226.38462845343543,10,323.6598082540901,-28,8,8,7.050724153705327
448,338101,410960.0,3393430.0,38,30,8,0,2585.0,12.2,502,0,11,410885,3393605,509,0,5,-100.0,540,-75.0,175.0,190.3943276465977,7,306.8014094863518,-31,8,8,9.24774699604276
449,338101,410960.0,3393430.0,38,30,8,0,2585.0,12.2,502,0,11,410945,3393665,514,24,5,-104.0,540,-15.0,235.0,235.47823678633233,12,326.3477772196937,-26,8,8,6.300711695344467
450,338101,410960.0,3393430.0,38,30,8,0,2585.0,12.2,502,0,11,410915,3393635,510,63,13,-99.0,540,-45.0,205.0,209.88091861815357,8,317.61924307119284,-30,8,8,8.134653456986202
451,338101,410960.0,3393430.0,38,30,8,0,2585.0,12.2,502,0,11,411215,3393885,507,0,5,-89.0,540,255.0,455.0,521.5841255253077,5,-0.7320047851072786,-33,8,8,3.6202096765261493
452,338101,410960.0,3393430.0,38,30,8,0,2585.0,12.2,502,0,11,410940,3393560,506,0,12,-89.91,540,-20.0,130.0,131.52946437965906,4,321.25383773744477,-34,8,8,14.493535412739618
453,338101,410960.0,3393430.0,38,30,8,0,2585.0,12.2,502,0,11,410945,3393555,506,0,12,-88.27,540,-15.0,125.0,125.89678312014172,4,323.15722658736905,-34,8,8,15.112912743567588
454,338101,410960.0,3393430.0,38,30,8,0,2585.0,12.2,502,0,11,410965,3393495,505,0,5,-89.5,540,5.0,65.0,65.19202405202648,3,-25.601294645004486,-35,8,8,28.230261125001654
455,338101,410960.0,3393430.0,38,30,8,0,2585.0,12.2,502,0,11,410980,3393520,506,0,6,-86.83,540,20.0,90.0,92.19544457292888,4,-17.471192290848478,-34,8,8,20.243055274274415
456,338101,410960.0,3393430.0,38,30,8,0,2585.0,12.2,502,0,11,410995,3393505,505,0,5,-85.54,540,35.0,75.0,82.76472678623425,3,-4.98310652189997,-35,8,8,22.922795493175126
457,338101,410960.0,3393430.0,38,30,8,0,2585.0,12.2,502,0,11,411140,3393360,505,0,12,-94.5,540,180.0,-70.0,193.13207915827965,3,81.25050550713325,-35,8,8,10.27184009659522
458,338101,410960.0,3393430.0,38,30,8,0,2585.0,12.2,502,0,11,410955,3393545,506,0,5,-89.0,540,-5.0,115.0,115.10864433221339,4,327.5104470780008,-34,8,8,16.455724206443232
459,338101,410960.0,3393430.0,38,30,8,0,2585.0,12.2,502,0,11,411230,3393910,506,0,5,-77.5,540,270.0,480.0,550.7267925205746,4,-0.6422464572087279,-34,8,8,3.53276293867313
460,338101,410960.0,3393430.0,38,30,8,0,2585.0,12.2,502,0,11,410985,3393515,505,0,6,-88.85,540,25.0,85.0,88.60022573334675,3,-13.610459665965209,-35,8,8,21.555648216417804
461,338101,410960.0,3393430.0,38,30,8,0,2585.0,12.2,502,0,11,411100,3393400,507,0,13,-104.0,540,140.0,-30.0,143.17821063276352,5,72.0947570770121,-33,8,8,12.978990668847555
462,338101,410960.0,3393430.0,38,30,8,0,2585.0,12.2,502,0,11,411210,3393890,507,0,5,-77.5,540,250.0,460.0,523.545604508337,5,-1.476881393687961,-33,8,8,3.606682322914485
463,338101,410960.0,3393430.0,38,30,8,0,2585.0,12.2,502,0,11,410925,3393535,507,21,12,-93.5,540,-35.0,105.0,110.67971810589327,5,311.565051177078,-33,8,8,16.60234997463106
464,338101,410960.0,3393430.0,38,30,8,0,2585.0,12.2,502,0,11,410990,3393510,505,0,6,-85.71,540,30.0,80.0,85.44003745317531,3,-9.443954780416561,-35,8,8,22.27616577847539
465,338101,410960.0,3393430.0,38,30,8,0,2585.0,12.2,502,0,11,410885,3393575,510,5,6,-99.17,540,-75.0,145.0,163.24827717314508,8,302.65012421993015,-30,8,8,10.413015382223078
466,338101,410960.0,3393430.0,38,30,8,0,2585.0,12.2,502,0,11,411225,3393915,506,0,5,-81.67,540,265.0,485.0,552.675311552814,4,-1.3481715473512281,-34,8,8,3.520339162695606
467,338101,410960.0,3393430.0,38,30,8,0,2585.0,12.2,502,0,11,411010,3393450,503,0,5,-87.88,540,50.0,20.0,53.85164807134504,1,38.198590513648185,-37,8,8,34.49189695370986
468,338101,410960.0,3393430.0,38,30,8,0,2585.0,12.2,502,0,11,411220,3393920,507,0,6,-80.0,540,260.0,490.0,554.7071299343465,5,-2.04903097210979,-33,8,8,3.4045621148245786
469,338101,410960.0,3393430.0,38,30,8,0,2585.0,12.2,502,0,11,411105,3393395,507,0,5,-95.33,540,145.0,-35.0,149.164338901763,5,73.57043438516149,-33,8,8,12.474758195325483
470,338101,410960.0,3393430.0,38,30,8,0,2585.0,12.2,502,0,11,410880,3393580,510,0,6,-90.1,540,-80.0,150.0,170.0,8,301.92751306414704,-30,8,8,10.007979801441337
471,338101,410960.0,3393430.0,38,30,8,0,2585.0,12.2,502,0,11,411015,3393445,503,0,11,-90.33,540,55.0,15.0,57.0087712549569,1,44.74488129694225,-37,8,8,32.98449550817681
472,338101,410960.0,3393430.0,38,30,8,0,2585.0,12.2,502,0,11,411040,3393420,504,0,11,-93.33,540,80.0,-10.0,80.62257748298549,2,67.1250163489018,-36,8,8,24.06195822979258
473,338101,410960.0,3393430.0,38,30,8,0,2585.0,12.2,502,0,11,410970,3393490,505,0,5,-90.89,540,10.0,60.0,60.8276253029822,3,-20.537677791974374,-35,8,8,29.915970012809115
474,338101,410960.0,3393430.0,38,30,8,0,2585.0,12.2,502,0,11,410960,3393500,505,21,6,-90.0,540,0.0,70.0,70.0,3,-30.0,-35,8,8,26.56505117707799
475,338101,410960.0,3393430.0,38,30,8,0,2585.0,12.2,502,0,11,411070,3393430,506,21,5,-90.33,540,110.0,0.0,110.0,4,60.0,-34,8,8,17.175903615746744
476,338101,410960.0,3393430.0,38,30,8,0,2585.0,12.2,502,0,11,410975,3393485,505,0,11,-89.0,540,15.0,55.0,57.0087712549569,3,-14.744881296942197,-35,8,8,31.54745390433632
477,338101,410960.0,3393430.0,38,30,8,0,2585.0,12.2,502,0,11,411750,3393890,502,0,12,-102.0,540,790.0,460.0,914.166286842826,0,29.78867761416518,-38,8,8,2.3802966036717614
478,338101,410960.0,3393430.0,38,30,8,0,2585.0,12.2,502,0,11,411470,3393185,501,0,12,-96.0,540,510.0,-245.0,565.795899596312,-1,85.65926451696737,-39,8,8,3.943129488211139
479,338101,410960.0,3393430.0,38,30,8,0,2585.0,12.2,502,0,11,411415,3393210,500,0,8,-97.5,540,455.0,-220.0,505.3958844312051,-2,85.8045323999471,-40,8,8,4.525291478988396
480,338101,410960.0,3393430.0,38,30,8,0,2585.0,12.2,502,0,11,411445,3393180,500,0,12,-94.0,540,485.0,-250.0,545.6418239101545,-2,87.26947198845806,-40,8,8,4.192748370341137
481,338101,410960.0,3393430.0,38,30,8,0,2585.0,12.2,502,0,11,411440,3393175,500,0,12,-93.0,540,480.0,-255.0,543.5301279598032,-2,87.97947438848013,-40,8,8,4.208979398034684
482,338101,410960.0,3393430.0,38,30,8,0,2585.0,12.2,502,0,11,411340,3392995,501,0,12,-102.0,540,380.0,-435.0,577.6028047023318,-1,108.86073262488327,-39,8,8,3.8627736645722637
483,338101,410960.0,3393430.0,38,30,8,0,2585.0,12.2,502,0,11,411460,3393195,501,0,5,-94.67,540,500.0,-235.0,552.4717187331855,-1,85.1735245245302,-39,8,8,4.03791662944368
484,338101,410960.0,3393430.0,38,30,8,0,2585.0,12.2,502,0,11,411355,3392990,501,0,5,-102.0,540,395.0,-440.0,591.2909605262032,-1,108.08481233049758,-39,8,8,3.773613374608975
485,338101,410960.0,3393430.0,38,30,8,0,2585.0,12.2,502,0,11,411455,3393170,500,0,12,-92.33,540,495.0,-260.0,559.128786595718,-2,87.7108140152531,-40,8,8,4.091961225919732
486,338101,410960.0,3393430.0,38,30,8,0,2585.0,12.2,502,0,11,411405,3393220,500,0,13,-96.0,540,445.0,-210.0,492.0619879649311,-2,85.26309850449911,-40,8,8,4.647387723975125
487,338101,410960.0,3393430.0,38,30,8,0,2585.0,12.2,502,0,11,410860,3393510,511,21,12,-97.0,540,-100.0,80.0,128.06248474865697,9,278.6598082540901,-29,8,8,12.75954110337882
488,338101,410960.0,3393430.0,38,30,8,0,2585.0,12.2,502,0,11,410790,3393600,523,5,12,-99.0,540,-170.0,170.0,240.41630560342617,21,285.0,-17,8,8,4.044691235386268
489,338101,410960.0,3393430.0,38,30,8,0,2585.0,12.2,502,0,11,410765,3393565,529,0,12,-99.0,540,-195.0,135.0,237.17082451262846,27,274.695153531234,-11,8,8,2.6554794130327313
490,338101,410960.0,3393430.0,38,30,8,0,2585.0,12.2,502,0,11,410875,3393515,510,0,5,-94.5,540,-85.0,85.0,120.20815280171308,8,285.0,-30,8,8,14.01289672750649
491,338101,410960.0,3393430.0,38,30,8,0,2585.0,12.2,502,0,11,410770,3393580,528,0,12,-99.0,540,-190.0,150.0,242.0743687382041,26,278.2901631922431,-12,8,8,2.8379171503347154
492,338101,410960.0,3393430.0,38,30,8,0,2585.0,12.2,502,0,11,410865,3393505,511,21,5,-107.5,540,-95.0,75.0,121.03718436910205,9,278.2901631922431,-29,8,8,13.47383316762501
493,338101,410960.0,3393430.0,38,30,8,0,2585.0,12.2,502,0,11,410870,3393520,511,0,12,-92.0,540,-90.0,90.0,127.27922061357856,9,285.0,-29,8,8,12.835468801612324
494,338101,410960.0,3393430.0,38,30,8,0,2585.0,12.2,502,0,11,410845,3393485,510,21,5,-92.0,540,-115.0,55.0,127.47548783981962,8,265.5599651718238,-30,8,8,13.242976219823511
495,338101,410960.0,3393430.0,38,30,8,0,2585.0,12.2,502,0,11,410850,3393500,511,0,5,-99.0,540,-110.0,70.0,130.38404810405297,9,272.4711922908485,-29,8,8,12.539597460226878
496,338101,410960.0,3393430.0,38,30,8,0,2585.0,12.2,502,0,11,411540,3393260,503,0,12,-111.0,540,580.0,-170.0,604.400529450463,1,76.33604288971844,-37,8,8,3.5031430987800936
497,338101,410960.0,3393430.0,38,30,8,0,2585.0,12.2,502,0,11,411195,3393455,508,21,5,-101.67,540,235.0,25.0,236.32604596192948,6,53.92754359279229,-32,8,8,7.711300695034164
498,338101,410960.0,3393430.0,38,30,8,0,2585.0,12.2,502,0,11,411180,3393450,508,0,5,-101.0,540,220.0,20.0,220.90722034374522,6,54.80557109226521,-32,8,8,8.242373354613559
499,338101,410960.0,3393430.0,38,30,8,0,2585.0,12.2,502,0,11,411065,3393565,505,30,5,-87.0,540,105.0,135.0,171.0263137648707,3,7.874983651098205,-35,8,8,11.565708076133154
500,338101,410960.0,3393430.0,38,30,8,0,2585.0,12.2,502,0,11,410870,3393715,504,18,5,-101.0,540,-90.0,285.0,298.8728826775691,2,312.4744316262771,-36,8,8,6.868333007857803
501,338101,410960.0,3393430.0,38,30,8,0,2585.0,12.2,502,0,11,411390,3393035,500,0,5,-91.0,540,430.0,-395.0,583.8878316937253,-2,102.57072667650004,-40,8,8,3.918999237549691
502,338101,410960.0,3393430.0,38,30,8,0,2585.0,12.2,502,0,11,411395,3393040,500,0,5,-88.0,540,435.0,-390.0,584.2302628245134,-2,101.8778695378843,-40,8,8,3.9167093711070384
503,338101,410960.0,3393430.0,38,30,8,0,2585.0,12.2,502,0,11,409005,3390215,498,0,5,-115.5,540,-1955.0,-3215.0,3762.745008633989,-4,181.3032444158618,-42,8,8,0.6395125902560463
504,338101,410960.0,3393430.0,38,30,8,0,2585.0,12.2,502,0,11,409015,3390205,498,0,5,-98.5,540,-1945.0,-3225.0,3766.1186917037016,-4,181.09421117802964,-42,8,8,0.6389397634202969
505,338101,410960.0,3393430.0,38,30,8,0,2585.0,12.2,502,0,11,409025,3390235,498,0,5,-102.33,540,-1935.0,-3195.0,3735.271074500484,-4,181.20051460398062,-42,8,8,0.6442159842198169
506,338101,410960.0,3393430.0,38,30,8,0,2585.0,12.2,502,0,11,411555,3393390,502,0,5,-119.0,540,595.0,-40.0,596.3430220938282,0,63.84603009004741,-38,8,8,3.6460557715467488
507,338101,410960.0,3393430.0,38,30,8,0,2585.0,12.2,502,0,11,411030,3393510,505,0,5,-90.0,540,70.0,80.0,106.30145812734649,3,11.185925165709648,-35,8,8,18.2242486248729
508,338101,410960.0,3393430.0,38,30,8,0,2585.0,12.2,502,0,11,410935,3393565,506,21,12,-91.0,540,-25.0,135.0,137.2953021774598,4,319.5085229876684,-34,8,8,13.908984179024536
509,338101,410960.0,3393430.0,38,30,8,0,2585.0,12.2,502,0,11,410895,3393525,509,21,12,-93.0,540,-65.0,95.0,115.10864433221339,7,295.61965527615513,-31,8,8,15.072763080591697
510,338101,410960.0,3393430.0,38,30,8,0,2585.0,12.2,502,0,11,411020,3393520,505,0,5,-83.25,540,60.0,90.0,108.16653826391968,3,3.690067525979771,-35,8,8,17.930290183705342
511,338101,410960.0,3393430.0,38,30,8,0,2585.0,12.2,502,0,11,410990,3393470,504,0,5,-87.58,540,30.0,40.0,50.0,2,6.869897645844048,-36,8,8,35.75388725443675
512,338101,410960.0,3393430.0,38,30,8,0,2585.0,12.2,502,0,11,411090,3393410,507,0,5,-96.5,540,130.0,-20.0,131.52946437965906,5,68.74616226255523,-33,8,8,14.084461743248859
513,338101,410960.0,3393430.0,38,30,8,0,2585.0,12.2,502,0,11,410955,3393585,506,21,5,-88.75,540,-5.0,155.0,155.08062419270823,4,328.1523897340054,-34,8,8,12.365921082872521
514,338101,410960.0,3393430.0,38,30,8,0,2585.0,12.2,502,0,11,411000,3393500,505,0,5,-84.5,540,40.0,70.0,80.62257748298549,3,-0.2551187030578035,-35,8,8,23.466704721091798
515,338101,410960.0,3393430.0,38,30,8,0,2585.0,12.2,502,0,11,411040,3393380,504,0,12,-105.5,540,80.0,-50.0,94.33981132056604,2,92.00538320808352,-36,8,8,20.886816202787372
516,338101,410960.0,3393430.0,38,30,8,0,2585.0,12.2,502,0,11,411200,3393860,507,0,5,-84.1,540,240.0,430.0,492.44289008980525,5,-0.8323866204221986,-33,8,8,3.8338212820462148
517,338101,410960.0,3393430.0,38,30,8,0,2585.0,12.2,502,0,11,411225,3393875,506,0,5,-88.33,540,265.0,445.0,517.9285665031424,4,0.774036101248214,-34,8,8,3.755856533043362
518,338101,410960.0,3393430.0,38,30,8,0,2585.0,12.2,502,0,11,410970,3393450,503,0,5,-86.0,540,10.0,20.0,22.360679774997898,1,-3.434948822922024,-37,8,8,58.85363938762358
519,338101,410960.0,3393430.0,38,30,8,0,2585.0,12.2,502,0,11,410980,3393480,504,0,11,-82.64,540,20.0,50.0,53.85164807134504,2,-8.198590513648185,-36,8,8,33.76285497948943
520,338101,410960.0,3393430.0,38,30,8,0,2585.0,12.2,502,0,11,411205,3393855,507,0,5,-86.0,540,245.0,425.0,490.5609034564414,5,-0.037815903582270494,-33,8,8,3.848485230141362
521,338101,410960.0,3393430.0,38,30,8,0,2585.0,12.2,502,0,11,410930,3393570,506,21,5,-102.0,540,-30.0,140.0,143.17821063276352,4,317.9052429229879,-34,8,8,13.358390691268117
522,338101,410960.0,3393430.0,38,30,8,0,2585.0,12.2,502,0,11,411220,3393880,506,0,5,-85.5,540,260.0,450.0,519.7114584074513,4,0.01836742760906418,-34,8,8,3.7430086002099126
523,338101,410960.0,3393430.0,38,30,8,0,2585.0,12.2,502,0,11,410985,3393475,504,0,11,-81.1,540,25.0,45.0,51.478150704935004,2,-0.945395900922847,-36,8,8,34.96608741135924
524,338101,410960.0,3393430.0,38,30,8,0,2585.0,12.2,502,0,11,410825,3392995,512,57,5,-116.5,540,-135.0,-435.0,455.4667935206693,10,167.24145939893995,-28,8,8,3.5178534184895836
525,338101,410960.0,3393430.0,38,30,8,0,2585.0,12.2,502,0,11,411010,3393490,505,0,5,-87.75,540,50.0,60.0,78.10249675906654,3,9.805571092265211,-35,8,8,24.13853878915506
526,338101,410960.0,3393430.0,38,30,8,0,2585.0,12.2,502,0,11,410995,3393465,504,0,5,-86.25,540,35.0,35.0,49.49747468305833,2,15.0,-36,8,8,36.028763845939885
527,338101,410960.0,3393430.0,38,30,8,0,2585.0,12.2,502,0,11,411005,3393495,505,0,5,-86.6,540,45.0,65.0,79.05694150420949,3,4.695153531233984,-35,8,8,23.879876253764902
528,338101,410960.0,3393430.0,38,30,8,0,2585.0,12.2,502,0,11,410975,3393445,503,0,5,-91.4,540,15.0,15.0,21.213203435596427,1,15.0,-37,8,8,60.17306673392014
529,338101,410960.0,3393430.0,38,30,8,0,2585.0,12.2,502,0,11,410960,3393460,503,0,11,-86.25,540,0.0,30.0,30.0,1,-30.0,-37,8,8,50.96448710125312
530,338101,410960.0,3393430.0,38,30,8,0,2585.0,12.2,502,0,11,409025,3390220,498,0,12,-99.25,540,-1935.0,-3210.0,3748.1095234798036,-4,181.08172983037792,-42,8,8,0.6420095277309548
531,338101,410960.0,3393430.0,38,30,8,0,2585.0,12.2,502,0,11,409020,3390215,498,0,12,-96.5,540,-1940.0,-3215.0,3754.9733687471075,-4,181.10768259943978,-42,8,8,0.640836074342367
532,338101,410960.0,3393430.0,38,30,8,0,2585.0,12.2,502,0,11,411560,3393260,503,21,12,-105.0,540,600.0,-170.0,623.6184731067545,1,75.81919394750014,-37,8,8,3.3954439171791684
533,338101,410960.0,3393430.0,38,30,8,0,2585.0,12.2,502,0,11,411565,3393255,504,0,12,-103.0,540,605.0,-175.0,629.8015560476173,2,76.1328405304854,-36,8,8,3.271516182097412
534,338101,410960.0,3393430.0,38,30,8,0,2585.0,12.2,502,0,11,409115,3390095,497,0,6,-88.75,540,-1845.0,-3335.0,3811.331788233609,-5,178.95239461101568,-43,8,8,0.6463918994654958
535,338101,410960.0,3393430.0,38,30,8,0,2585.0,12.2,502,0,11,408990,3390220,498,0,5,-96.5,540,-1970.0,-3210.0,3766.2979170532967,-4,181.53773876418447,-42,8,8,0.6389093609635481
536,338101,410960.0,3393430.0,38,30,8,0,2585.0,12.2,502,0,11,409015,3390195,498,0,5,-99.5,540,-1945.0,-3235.0,3774.6854173559946,-4,181.01581992484358,-42,8,8,0.6374897963852011
537,338101,410960.0,3393430.0,38,30,8,0,2585.0,12.2,502,0,11,411355,3393080,499,0,6,-91.67,540,395.0,-350.0,527.7546778570513,-3,101.543380827958,-41,8,8,4.442249690141176
538,338101,410960.0,3393430.0,38,30,8,0,2585.0,12.2,502,0,11,411480,3393205,502,0,5,-101.5,540,520.0,-225.0,566.5906811799855,0,83.39776391592608,-38,8,8,3.8369567327910836
539,338101,410960.0,3393430.0,38,30,8,0,2585.0,12.2,502,0,11,411475,3393280,502,21,6,-99.0,540,515.0,-150.0,536.4000372856065,0,76.23884162969227,-38,8,8,4.052214967455648
540,338101,410960.0,3393430.0,38,30,8,0,2585.0,12.2,502,0,11,410985,3393520,505,0,6,-87.43,540,25.0,90.0,93.40770846134703,3,-14.475889003245754,-35,8,8,20.541044964379743
541,338101,410960.0,3393430.0,38,30,8,0,2585.0,12.2,502,0,11,410995,3393510,505,0,6,-85.93,540,35.0,80.0,87.32124598286491,3,-6.370622269343187,-35,8,8,21.841842660868558
542,338101,410960.0,3393430.0,38,30,8,0,2585.0,12.2,502,0,11,411100,3393395,507,0,13,-96.0,540,140.0,-35.0,144.30869689661813,5,74.03624346792651,-33,8,8,12.880719757611933
543,338101,410960.0,3393430.0,38,30,8,0,2585.0,12.2,502,0,11,411105,3393400,507,0,5,-96.5,540,145.0,-30.0,148.07092894960846,5,71.6893691754392,-33,8,8,12.563961838921264
544,338101,410960.0,3393430.0,38,30,8,0,2585.0,12.2,502,0,11,410885,3393580,510,0,6,-94.5,540,-75.0,150.0,167.70509831248424,8,303.434948822922,-30,8,8,10.142106156573982
545,338101,410960.0,3393430.0,38,30,8,0,2585.0,12.2,502,0,11,410975,3393490,505,0,11,-87.73,540,15.0,60.0,61.84658438426491,3,-15.963756532073546,-35,8,8,29.506235717837065
546,338101,410960.0,3393430.0,38,30,8,0,2585.0,12.2,502,0,11,410940,3393555,506,0,5,-89.5,540,-20.0,125.0,126.58988901172162,4,320.9097230791777,-34,8,8,15.033922041977293
547,338101,410960.0,3393430.0,38,30,8,0,2585.0,12.2,502,0,11,410945,3393560,506,21,12,-91.25,540,-15.0,130.0,130.86252328302402,4,323.418055344822,-34,8,8,14.564268135172659
548,338101,410960.0,3393430.0,38,30,8,0,2585.0,12.2,502,0,11,410930,3393525,506,0,12,-98.75,540,-30.0,95.0,99.62429422585637,4,312.4744316262771,-34,8,8,18.84386048337026
549,338101,410960.0,3393430.0,38,30,8,0,2585.0,12.2,502,0,11,410970,3393485,505,0,11,-90.63,540,10.0,55.0,55.90169943749474,3,-19.695153531233984,-35,8,8,32.05064263526879
550,338101,410960.0,3393430.0,38,30,8,0,2585.0,12.2,502,0,11,411045,3393420,504,0,11,-88.0,540,85.0,-10.0,85.58621384311844,2,66.70983680775691,-36,8,8,22.813009108565677
551,338101,410960.0,3393430.0,38,30,8,0,2585.0,12.2,502,0,11,410990,3393505,505,0,5,-86.47,540,30.0,75.0,80.77747210701756,3,-8.198590513648185,-35,8,8,23.426560137095336
552,338101,410960.0,3393430.0,38,30,8,0,2585.0,12.2,502,0,11,410980,3393515,506,0,6,-90.38,540,20.0,85.0,87.32124598286491,4,-16.75948008481282,-34,8,8,21.274290168970037
553,338101,410960.0,3393430.0,38,30,8,0,2585.0,12.2,502,0,11,411230,3393905,506,0,10,-97.33,540,270.0,475.0,546.3744137493995,4,-0.3851883536535752,-34,8,8,3.5608325485677517
554,338101,410960.0,3393430.0,38,30,8,0,2585.0,12.2,502,0,11,411220,3393915,507,0,5,-77.5,540,260.0,485.0,550.2953752304302,5,-1.8050209375378472,-33,8,8,3.431791741194217
555,338101,410960.0,3393430.0,38,30,8,0,2585.0,12.2,502,0,11,410880,3393575,510,0,6,-94.0,540,-80.0,145.0,165.60495161679194,8,301.1134182330893,-30,8,8,10.268005305557432
556,338101,410960.0,3393430.0,38,30,8,0,2585.0,12.2,502,0,11,411015,3393450,504,0,5,-88.5,540,55.0,20.0,58.52349955359813,2,40.01689347810003,-36,8,8,31.597232084739304
557,338101,410960.0,3393430.0,38,30,8,0,2585.0,12.2,502,0,11,411000,3393455,504,0,5,-84.67,540,40.0,25.0,47.16990566028302,2,27.994616791916485,-36,8,8,37.350818292432976
558,338101,410960.0,3393430.0,38,30,8,0,2585.0,12.2,502,0,11,411215,3393890,507,0,5,-86.75,540,255.0,460.0,525.9515186782903,5,-0.9983005761118875,-33,8,8,3.5902271562130537
559,338101,410960.0,3393430.0,38,30,8,0,2585.0,12.2,502,0,11,410950,3393545,506,0,5,-86.33,540,-10.0,115.0,115.43396380615195,4,325.0302592718897,-34,8,8,16.411846828048237
560,338101,410960.0,3393430.0,38,30,8,0,2585.0,12.2,502,0,11,411010,3393445,503,0,11,-89.5,540,50.0,15.0,52.20153254455275,1,43.300755766006375,-37,8,8,35.328688241554175
561,338101,410960.0,3393430.0,38,30,8,0,2585.0,12.2,502,0,11,411225,3393920,506,0,5,-80.5,540,265.0,490.0,557.0682184436661,4,-1.5947535665292207,-34,8,8,3.492647600303228
562,338101,410960.0,3393430.0,38,30,8,0,2585.0,12.2,502,0,11,410960,3393495,505,0,6,-86.71,540,0.0,65.0,65.0,3,-30.0,-35,8,8,28.30075576600638
563,338101,410960.0,3393430.0,38,30,8,0,2585.0,12.2,502,0,11,411210,3393885,507,0,5,-82.67,540,250.0,455.0,519.1579721048305,5,-1.2133816899859653,-33,8,8,3.6370825034297396
564,338101,410960.0,3393430.0,38,30,8,0,2585.0,12.2,502,0,11,410920,3393535,507,0,12,-98.67,540,-40.0,105.0,112.36102527122117,5,309.14554196042167,-33,8,8,16.367310317262575
565,338101,410960.0,3393430.0,38,30,8,0,2585.0,12.2,502,0,11,410965,3393500,505,0,5,-87.38,540,5.0,70.0,70.178344238091,3,-25.914383220025115,-35,8,8,26.506779270207968
566,338101,410960.0,3393430.0,38,30,8,0,2585.0,12.2,502,0,11,411040,3393415,504,0,5,-93.4,540,80.0,-15.0,81.39410298049853,2,70.61965527615513,-36,8,8,23.859446399488764
567,338101,410960.0,3393430.0,38,30,8,0,2585.0,12.2,502,0,11,411055,3393410,505,0,11,-89.5,540,95.0,-20.0,97.082439194738,3,71.88865803962801,-35,8,8,19.825163440469897
568,338101,410960.0,3393430.0,38,30,8,0,2585.0,12.2,502,0,11,410935,3393530,506,21,12,-101.5,540,-25.0,100.0,103.07764064044152,4,315.96375653207355,-34,8,8,18.255059151203536
569,338101,410960.0,3393430.0,38,30,8,0,2585.0,12.2,502,0,11,411090,3393365,505,0,6,-108.5,540,130.0,-65.0,145.34441853748632,3,86.56505117707798,-35,8,8,13.539462086049529
570,338101,410960.0,3393430.0,38,30,8,0,2585.0,12.2,502,0,11,408910,3390265,498,0,7,-112.33,540,-2050.0,-3165.0,3770.905063774478,-4,182.93150645703943,-42,8,8,0.638128830677698
571,338101,410960.0,3393430.0,38,30,8,0,2585.0,12.2,502,0,11,408940,3390345,498,69,7,-90.5,540,-2020.0,-3085.0,3687.49576270943,-4,183.216025259126,-42,8,8,0.6525617497423657
572,338101,410960.0,3393430.0,38,30,8,0,2585.0,12.2,502,0,11,408945,3390350,498,69,7,-90.0,540,-2015.0,-3080.0,3680.5740041466356,-4,183.19354531790452,-42,8,8,0.6537888635486299
573,338101,410960.0,3393430.0,38,30,8,0,2585.0,12.2,502,0,11,408935,3390340,498,0,7,-99.6,540,-2025.0,-3090.0,3694.418086789853,-4,183.2384209613218,-42,8,8,0.6513391338195981
574,338101,410960.0,3393430.0,38,30,8,0,2585.0,12.2,502,0,11,411390,3393030,500,0,5,-93.5,540,430.0,-400.0,587.2818744010409,-2,102.9299693469589,-40,8,8,3.896420368710602
575,338101,410960.0,3393430.0,38,30,8,0,2585.0,12.2,502,0,11,411320,3393155,500,0,13,-104.33,540,360.0,-275.0,453.01765969992823,-2,97.3758074955482,-40,8,8,5.04594663686726
576,338101,410960.0,3393430.0,38,30,8,0,2585.0,12.2,502,0,11,411395,3393090,499,0,6,-91.0,540,435.0,-340.0,552.1095905705678,-3,98.01151027001652,-41,8,8,4.247024568808404
577,338101,410960.0,3393430.0,38,30,8,0,2585.0,12.2,502,0,11,410900,3393570,509,5,6,-97.0,540,-60.0,140.0,152.31546211727817,7,306.8014094863518,-31,8,8,11.50399821419501
578,338101,410960.0,3393430.0,38,30,8,0,2585.0,12.2,502,0,11,411115,3393375,506,0,12,-91.5,540,155.0,-55.0,164.46884203398528,4,79.53665493812838,-34,8,8,11.680002822508914
579,338101,410960.0,3393430.0,38,30,8,0,2585.0,12.2,502,0,11,411120,3393350,504,0,5,-95.5,540,160.0,-80.0,178.88543819998318,2,86.56505117707798,-36,8,8,11.378567244391915
580,338101,410960.0,3393430.0,38,30,8,0,2585.0,12.2,502,0,11,411225,3393885,506,0,5,-81.67,540,265.0,455.0,526.5453446760307,4,0.21727395738435007,-34,8,8,3.694564557748136
581,338101,410960.0,3393430.0,38,30,8,0,2585.0,12.2,502,0,11,411040,3393430,504,0,11,-90.8,540,80.0,0.0,80.0,2,60.0,-36,8,8,24.22774531795417
582,338101,410960.0,3393430.0,38,30,8,0,2585.0,12.2,502,0,11,410935,3393555,506,0,5,-91.0,540,-25.0,125.0,127.47548783981962,4,318.69006752597977,-34,8,8,14.934160054292468
583,338101,410960.0,3393430.0,38,30,8,0,2585.0,12.2,502,0,11,410885,3393585,510,0,5,-102.5,540,-75.0,155.0,172.19175357722565,8,304.17900802581073,-30,8,8,9.883120122004378
584,338101,410960.0,3393430.0,38,30,8,0,2585.0,12.2,502,0,11,411110,3393380,506,0,8,-97.5,540,150.0,-50.0,158.11388300841898,4,78.43494882292202,-34,8,8,12.135790384535275
585,338101,410960.0,3393430.0,38,30,8,0,2585.0,12.2,502,0,11,410990,3393500,505,0,5,-87.09,540,30.0,70.0,76.15773105863909,3,-6.801409486351815,-35,8,8,24.682211458662284
586,338101,410960.0,3393430.0,38,30,8,0,2585.0,12.2,502,0,11,410970,3393520,506,21,6,-96.0,540,10.0,90.0,90.55385138137417,4,-23.65980825409008,-34,8,8,20.57950939564286
587,338101,410960.0,3393430.0,38,30,8,0,2585.0,12.2,502,0,11,410945,3393525,506,21,5,-91.0,540,-15.0,95.0,96.17692030835673,4,321.0273733851036,-34,8,8,19.469273875998304
588,338101,410960.0,3393430.0,38,30,8,0,2585.0,12.2,502,0,11,410965,3393505,506,0,6,-90.14,540,5.0,75.0,75.16648189186454,4,-26.185925165709648,-34,8,8,24.33863183357764
589,338101,410960.0,3393430.0,38,30,8,0,2585.0,12.2,502,0,11,411220,3393890,506,0,5,-85.0,540,260.0,460.0,528.3937925449162,4,-0.5241109967542457,-34,8,8,3.6816756968356517
590,338101,410960.0,3393430.0,38,30,8,0,2585.0,12.2,502,0,11,411235,3393895,505,0,10,-85.67,540,275.0,465.0,540.2314318882233,3,0.599978693208925,-35,8,8,3.706843919179589
591,338101,410960.0,3393430.0,38,30,8,0,2585.0,12.2,502,0,11,410975,3393515,506,0,5,-91.64,540,15.0,85.0,86.31338250816034,4,-19.992020198558635,-34,8,8,21.500146215208936
592,338101,410960.0,3393430.0,38,30,8,0,2585.0,12.2,502,0,11,411025,3393445,504,0,11,-89.0,540,65.0,15.0,66.70832032063167,2,47.005383208083515,-36,8,8,28.35408660055788
593,338101,410960.0,3393430.0,38,30,8,0,2585.0,12.2,502,0,11,410995,3393495,505,0,5,-87.81,540,35.0,65.0,73.824115301167,3,-1.6992442339936247,-35,8,8,25.36562176516193
594,338101,410960.0,3393430.0,38,30,8,0,2585.0,12.2,502,0,11,410980,3393490,505,0,11,-87.86,540,20.0,60.0,63.245553203367585,3,-11.565051177077976,-35,8,8,28.960080041115702
595,338101,410960.0,3393430.0,38,30,8,0,2585.0,12.2,502,0,11,410985,3393485,505,0,11,-85.83,540,25.0,55.0,60.41522986797286,3,-5.556045219583439,-35,8,8,30.084747581593096
596,338101,410960.0,3393430.0,38,30,8,0,2585.0,12.2,502,0,11,411020,3393450,504,0,11,-89.5,540,60.0,20.0,63.245553203367585,2,41.565051177077976,-36,8,8,29.648963816069795
597,338101,410960.0,3393430.0,38,30,8,0,2585.0,12.2,502,0,11,411000,3393470,504,0,5,-85.5,540,40.0,40.0,56.568542494923804,2,15.0,-36,8,8,32.47251629973427
598,338101,410960.0,3393430.0,38,30,8,0,2585.0,12.2,502,0,11,410940,3393530,506,21,5,-90.5,540,-20.0,100.0,101.9803902718557,4,318.69006752597977,-34,8,8,18.43825396732722
599,338101,410960.0,3393430.0,38,30,8,0,2585.0,12.2,502,0,11,411215,3393915,507,0,6,-84.0,540,255.0,485.0,547.9507277118993,5,-2.2658094950145937,-33,8,8,3.446440846968813
600,338101,410960.0,3393430.0,38,30,8,0,2585.0,12.2,502,0,11,410905,3393565,508,5,6,-117.67,540,-55.0,135.0,145.7737973711325,6,307.83365417791754,-32,8,8,12.381084563984597
601,338101,410960.0,3393430.0,38,30,8,0,2585.0,12.2,502,0,11,411045,3393425,504,0,11,-89.13,540,85.0,-5.0,85.14693182963201,2,63.36646066342979,-36,8,8,22.918571333051382
602,338101,410960.0,3393430.0,38,30,8,0,2585.0,12.2,502,0,11,411055,3393435,505,0,5,-88.5,540,95.0,5.0,95.13148795220224,3,56.987212495816664,-35,8,8,20.19916589942006
603,338101,410960.0,3393430.0,38,30,8,0,2585.0,12.2,502,0,11,411065,3393405,505,0,11,-102.0,540,105.0,-25.0,107.93516572461452,3,73.39249775375112,-35,8,8,17.966257962906653
604,338101,410960.0,3393430.0,38,30,8,0,2585.0,12.2,502,0,11,410960,3393510,506,0,6,-92.0,540,0.0,80.0,80.0,4,-30.0,-34,8,8,23.025492008528037
605,338101,410960.0,3393430.0,38,30,8,0,2585.0,12.2,502,0,11,411125,3393345,504,0,5,-93.0,540,165.0,-85.0,185.60711193270586,2,87.25532837494308,-36,8,8,10.976687270407252
606,338101,410960.0,3393430.0,38,30,8,0,2585.0,12.2,502,0,11,411375,3393070,499,0,12,-83.33,540,415.0,-360.0,549.3860209360992,-3,100.94065363520076,-41,8,8,4.268001495071014
607,338101,410960.0,3393430.0,38,30,8,0,2585.0,12.2,502,0,11,411385,3393060,499,0,12,-84.0,540,425.0,-370.0,563.4935669552937,-3,101.04244688587215,-41,8,8,4.161528602898376
608,338101,410960.0,3393430.0,38,30,8,0,2585.0,12.2,502,0,11,411405,3393120,499,0,12,-98.0,540,445.0,-310.0,542.3329235810786,-3,94.86219614691487,-41,8,8,4.3232982066482215
609,338101,410960.0,3393430.0,38,30,8,0,2585.0,12.2,502,0,11,411380,3393055,499,0,12,-88.0,540,420.0,-375.0,563.0497313737038,-3,101.76029970389789,-41,8,8,4.164797475254979
610,338101,410960.0,3393430.0,38,30,8,0,2585.0,12.2,502,0,11,411395,3393050,499,0,5,-92.5,540,435.0,-380.0,577.6028047023318,-3,101.13926737511673,-41,8,8,4.060218190876823
611,338101,410960.0,3393430.0,38,30,8,0,2585.0,12.2,502,0,11,411370,3393065,499,0,12,-93.2,540,410.0,-365.0,548.9307788783573,-3,101.67687955486457,-41,8,8,4.271527960352015
612,338101,410960.0,3393430.0,38,30,8,0,2585.0,12.2,502,0,11,411365,3393080,499,0,6,-89.4,540,405.0,-350.0,535.2803004034429,-3,100.83349511445135,-41,8,8,4.38003989339692
613,338101,410960.0,3393430.0,38,30,8,0,2585.0,12.2,502,0,11,411330,3393185,500,0,11,-105.5,540,370.0,-245.0,443.7623237725348,-2,93.51101879784079,-40,8,8,5.150627171691263
614,338101,410960.0,3393430.0,38,30,8,0,2585.0,12.2,502,0,11,411290,3393995,502,0,6,-90.5,540,330.0,565.0,654.31261641512,0,0.28795299066598545,-38,8,8,3.3237884718944586
615,338101,410960.0,3393430.0,38,30,8,0,2585.0,12.2,502,0,11,411290,3393520,507,0,5,-92.5,540,330.0,90.0,342.0526275297414,5,44.74488129694225,-33,8,8,5.510634651350268
616,338101,410960.0,3393430.0,38,30,8,0,2585.0,12.2,502,0,11,411220,3393570,509,0,6,-90.75,540,260.0,140.0,295.296461204668,7,31.699244233993625,-31,8,8,5.992916827003842
617,338101,410960.0,3393430.0,38,30,8,0,2585.0,12.2,502,0,11,411100,3393690,506,0,5,-70.33,540,140.0,260.0,295.296461204668,4,-1.6992442339936247,-34,8,8,6.5680297749593635
618,338101,410960.0,3393430.0,38,30,8,0,2585.0,12.2,502,0,11,411505,3393285,502,0,13,-99.14,540,545.0,-145.0,563.9592183837409,0,74.89869543440034,-38,8,8,3.8548063181339045
619,338101,410960.0,3393430.0,38,30,8,0,2585.0,12.2,502,0,11,411240,3393550,509,0,11,-97.11,540,280.0,120.0,304.63092423455635,7,36.801409486351815,-31,8,8,5.810558738898235
620,338101,410960.0,3393430.0,38,30,8,0,2585.0,12.2,502,0,11,411510,3393300,501,0,13,-95.5,540,550.0,-130.0,565.1548460377917,-1,73.29857033049427,-39,8,8,3.9475880358293174
621,338101,410960.0,3393430.0,38,30,8,0,2585.0,12.2,502,0,11,411105,3393685,505,0,5,-73.5,540,145.0,255.0,293.3428028774526,3,-0.3762512488261791,-35,8,8,6.804041970212538
622,338101,410960.0,3393430.0,38,30,8,0,2585.0,12.2,502,0,11,411515,3393295,502,0,13,-94.4,540,555.0,-135.0,571.1829829397931,0,73.6713071321958,-38,8,8,3.8061987083681115
623,338101,410960.0,3393430.0,38,30,8,0,2585.0,12.2,502,0,11,411115,3393695,505,0,11,-74.5,540,155.0,265.0,307.001628660175,3,0.3236068625499797,-35,8,8,6.5039763319530115
624,338101,410960.0,3393430.0,38,30,8,0,2585.0,12.2,502,0,11,411250,3393560,508,0,5,-89.6,540,290.0,130.0,317.80497164141406,6,35.85445803957833,-32,8,8,5.749771920499021
625,338101,410960.0,3393430.0,38,30,8,0,2585.0,12.2,502,0,11,411500,3393290,502,0,13,-96.67,540,540.0,-140.0,557.8530272392542,0,74.53445508054011,-38,8,8,3.896871256850408
626,338101,410960.0,3393430.0,38,30,8,0,2585.0,12.2,502,0,11,411245,3393545,508,0,11,-93.38,540,285.0,115.0,307.3271872125862,6,38.02549200852803,-32,8,8,5.9444195740053996
627,338101,410960.0,3393430.0,38,30,8,0,2585.0,12.2,502,0,11,411110,3393700,505,0,11,-71.5,540,150.0,270.0,308.86890422961,3,-0.945395900922847,-35,8,8,6.464990254754585
628,338101,410960.0,3393430.0,38,30,8,0,2585.0,12.2,502,0,11,411270,3393540,508,0,5,-88.5,540,310.0,110.0,328.93768406797057,6,40.46334506187162,-32,8,8,5.556412999495449
629,338101,410960.0,3393430.0,38,30,8,0,2585.0,12.2,502,0,11,411085,3393705,510,0,6,-73.5,540,125.0,275.0,302.0761493398643,8,-5.556045219583439,-30,8,8,5.671601372097208
630,338101,410960.0,3393430.0,38,30,8,0,2585.0,12.2,502,0,11,411095,3393715,508,0,6,-70.0,540,135.0,285.0,315.35694062442957,6,-4.653824058053317,-32,8,8,5.794103331107534
631,338101,410960.0,3393430.0,38,30,8,0,2585.0,12.2,502,0,11,411260,3393530,508,0,5,-95.86,540,300.0,100.0,316.22776601683796,6,41.565051177077976,-32,8,8,5.778255691945867
632,338101,410960.0,3393430.0,38,30,8,0,2585.0,12.2,502,0,11,411265,3393525,508,0,12,-94.67,540,305.0,95.0,319.4526568992658,6,42.69947280805502,-32,8,8,5.720312707026276
633,338101,410960.0,3393430.0,38,30,8,0,2585.0,12.2,502,0,11,411205,3393585,509,36,12,-92.5,540,245.0,155.0,289.9137802864845,7,27.68038349181984,-31,8,8,6.103351999723504
634,338101,410960.0,3393430.0,38,30,8,0,2585.0,12.2,502,0,11,411280,3393510,508,0,12,-94.0,540,320.0,80.0,329.84845004941286,6,45.963756532073546,-32,8,8,5.541166443639222
635,338101,410960.0,3393430.0,38,30,8,0,2585.0,12.2,502,0,11,411235,3393575,509,36,6,-91.0,540,275.0,145.0,310.8858311341963,7,32.19854122006586,-31,8,8,5.6944285915324535
636,338101,410960.0,3393430.0,38,30,8,0,2585.0,12.2,502,0,11,410745,3393630,517,0,6,-85.5,540,-215.0,200.0,293.64093720052045,15,282.9299693469589,-23,8,8,4.478659761688816
637,338101,410960.0,3393430.0,38,30,8,0,2585.0,12.2,502,0,11,411220,3393575,509,36,6,-91.5,540,260.0,145.0,297.6995129320839,7,30.851928154286952,-31,8,8,5.9448894166829
638,338101,410960.0,3393430.0,38,30,8,0,2585.0,12.2,502,0,11,411315,3393490,505,0,12,-97.67,540,355.0,60.0,360.0347205478938,3,50.40686573726964,-35,8,8,5.552438869625679
639,338101,410960.0,3393430.0,38,30,8,0,2585.0,12.2,502,0,11,411230,3393565,509,0,11,-95.6,540,270.0,135.0,301.8691769624716,7,33.434948822922024,-31,8,8,5.863349801257008
640,338101,410960.0,3393430.0,38,30,8,0,2585.0,12.2,502,0,11,411295,3393510,507,0,5,-94.67,540,335.0,80.0,344.41980198589044,5,46.568971129318356,-33,8,8,5.472991179129405
641,338101,410960.0,3393430.0,38,30,8,0,2585.0,12.2,502,0,11,411495,3393310,501,5,6,-104.0,540,535.0,-120.0,548.2928049865327,-1,72.64215232788985,-39,8,8,4.068589384666886
642,338101,410960.0,3393430.0,38,30,8,0,2585.0,12.2,502,0,11,411100,3393695,507,0,5,-70.25,540,140.0,265.0,299.7081914129142,5,-2.152421740211821,-33,8,8,6.283361471762099
643,338101,410960.0,3393430.0,38,30,8,0,2585.0,12.2,502,0,11,411280,3393515,508,0,5,-91.33,540,320.0,85.0,331.09666262286606,6,45.12431799836122,-32,8,8,5.520405896367857
644,338101,410960.0,3393430.0,38,30,8,0,2585.0,12.2,502,0,11,411095,3393710,508,0,6,-78.4,540,135.0,280.0,310.84562084739105,6,-4.259291643767142,-32,8,8,5.877608936827452
645,338101,410960.0,3393430.0,38,30,8,0,2585.0,12.2,502,0,11,411500,3393295,502,0,13,-101.2,540,540.0,-135.0,556.6192594583841,0,74.03624346792651,-38,8,8,3.905482119677972
646,338101,410960.0,3393430.0,38,30,8,0,2585.0,12.2,502,0,11,411505,3393300,501,0,13,-100.43,540,545.0,-130.0,560.290103428572,-1,73.4161834818409,-39,8,8,3.9817533604367066
647,338101,410960.0,3393430.0,38,30,8,0,2585.0,12.2,502,0,11,411510,3393285,502,0,13,-100.0,540,550.0,-145.0,568.792580823625,0,74.76919853029165,-38,8,8,3.8221472871276907
648,338101,410960.0,3393430.0,38,30,8,0,2585.0,12.2,502,0,11,411305,3393500,506,0,5,-98.5,540,345.0,70.0,352.02982828163863,4,48.530469667133104,-34,8,8,5.516671383593952
649,338101,410960.0,3393430.0,38,30,8,0,2585.0,12.2,502,0,11,411105,3393700,506,0,11,-73.5,540,145.0,270.0,306.4718584144391,4,-1.7625544618327353,-34,8,8,6.330509401162715
650,338101,410960.0,3393430.0,38,30,8,0,2585.0,12.2,502,0,11,411240,3393555,509,0,11,-89.75,540,280.0,125.0,306.6349621292393,7,35.94265054998829,-31,8,8,5.772840676723108
651,338101,410960.0,3393430.0,38,30,8,0,2585.0,12.2,502,0,11,411090,3393705,509,0,6,-70.6,540,130.0,275.0,304.1792234851026,7,-4.698621374580284,-31,8,8,5.819128145203121
652,338101,410960.0,3393430.0,38,30,8,0,2585.0,12.2,502,0,11,411245,3393560,508,0,11,-92.43,540,285.0,130.0,313.2491021535417,6,35.48035731180926,-32,8,8,5.832823652647687
653,338101,410960.0,3393430.0,38,30,8,0,2585.0,12.2,502,0,11,411235,3393570,509,0,5,-93.71,540,275.0,140.0,308.58548248418947,7,33.019769281777144,-31,8,8,5.736595592761032
654,338101,410960.0,3393430.0,38,30,8,0,2585.0,12.2,502,0,11,411290,3393505,507,0,12,-91.67,540,330.0,75.0,338.4154251803543,5,47.195733934713246,-33,8,8,5.569491116534268
655,338101,410960.0,3393430.0,38,30,8,0,2585.0,12.2,502,0,11,411250,3393545,508,0,11,-96.5,540,290.0,115.0,311.96954979612997,6,38.3691131634821,-32,8,8,5.85658119658211
656,338101,410960.0,3393430.0,38,30,8,0,2585.0,12.2,502,0,11,411210,3393585,509,36,5,-89.67,540,250.0,155.0,294.15132160165456,7,28.201087175705595,-31,8,8,6.016076650136194
657,338101,410960.0,3393430.0,38,30,8,0,2585.0,12.2,502,0,11,411255,3393550,508,0,11,-98.43,540,295.0,120.0,318.47291878588356,6,37.86450812189963,-32,8,8,5.737793220832707
658,338101,410960.0,3393430.0,38,30,8,0,2585.0,12.2,502,0,11,411275,3393530,508,0,12,-90.67,540,315.0,100.0,330.49205739321485,6,42.38742215707617,-32,8,8,5.530442422881024
659,338101,410960.0,3393430.0,38,30,8,0,2585.0,12.2,502,0,11,411260,3393535,508,0,5,-93.5,540,300.0,105.0,317.8443015062564,6,40.70995378081125,-32,8,8,5.7490652133011055
660,338101,410960.0,3393430.0,38,30,8,0,2585.0,12.2,502,0,11,408800,3390240,497,0,7,-97.0,540,-2160.0,-3190.0,3852.4926995388323,-5,184.10255701216545,-43,8,8,0.6394862775013015
661,338101,410960.0,3393430.0,38,30,8,0,2585.0,12.2,502,0,11,408805,3390235,497,0,5,-104.0,540,-2155.0,-3195.0,3853.8357515597368,-5,183.99932565712908,-43,8,8,0.6392634366473043
662,338101,410960.0,3393430.0,38,30,8,0,2585.0,12.2,502,0,11,411300,3393525,507,0,5,-88.5,540,340.0,95.0,353.02266216207704,5,44.38901146632031,-33,8,8,5.340399725896506
663,338101,410960.0,3393430.0,38,30,8,0,2585.0,12.2,502,0,11,411140,3393685,504,0,11,-73.5,540,180.0,255.0,312.1297807002722,2,5.217592968192719,-36,8,8,6.579231941596222
664,338101,410960.0,3393430.0,38,30,8,0,2585.0,12.2,502,0,11,411270,3393495,508,0,12,-92.5,540,310.0,65.0,316.7412192942371,6,48.15792388467224,-32,8,8,5.768952081258576
665,338101,410960.0,3393430.0,38,30,8,0,2585.0,12.2,502,0,11,411160,3393745,507,24,13,-85.67,540,200.0,315.0,373.1286641361127,5,2.412306618351181,-33,8,8,5.054165360338999
666,338101,410960.0,3393430.0,38,30,8,0,2585.0,12.2,502,0,11,411245,3393510,508,0,5,-92.5,540,285.0,80.0,296.0152023123137,6,44.32047587758075,-32,8,8,6.1698606603299115
667,338101,410960.0,3393430.0,38,30,8,0,2585.0,12.2,502,0,11,411275,3393500,508,0,5,-90.4,540,315.0,70.0,322.6840560052511,6,47.47119229084848,-32,8,8,5.663403026946475
668,338101,410960.0,3393430.0,38,30,8,0,2585.0,12.2,502,0,11,411085,3393670,509,0,6,-75.4,540,125.0,240.0,270.60118255469615,7,-2.4879973761485417,-31,8,8,6.535299131553575
669,338101,410960.0,3393430.0,38,30,8,0,2585.0,12.2,502,0,11,411100,3393645,506,48,5,-75.4,540,140.0,215.0,256.56383221335,4,3.070677822761695,-34,8,8,7.548887239728511
670,338101,410960.0,3393430.0,38,30,8,0,2585.0,12.2,502,0,11,411090,3393675,508,0,6,-74.07,540,130.0,245.0,277.35356496717327,6,-2.04903097210979,-32,8,8,6.5814687457771095
671,338101,410960.0,3393430.0,38,30,8,0,2585.0,12.2,502,0,11,411080,3393665,509,0,6,-71.5,540,120.0,235.0,263.86549603917524,7,-2.9494029929138605,-31,8,8,6.700627177201624
672,338101,410960.0,3393430.0,38,30,8,0,2585.0,12.2,502,0,11,411050,3393635,510,0,5,-74.75,540,90.0,205.0,223.8861317723811,8,-6.297354049033743,-30,8,8,7.6319836190897
673,338101,410960.0,3393430.0,38,30,8,0,2585.0,12.2,502,0,11,411120,3393705,505,0,11,-83.5,540,160.0,275.0,318.15876539866065,3,0.19162296095760212,-35,8,8,6.277749691569409
674,338101,410960.0,3393430.0,38,30,8,0,2585.0,12.2,502,0,11,411130,3393715,506,0,5,-81.25,540,170.0,285.0,331.85087012090236,4,0.8157057517291832,-34,8,8,5.849864910014043
675,338101,410960.0,3393430.0,38,30,8,0,2585.0,12.2,502,0,11,411095,3393680,507,0,6,-72.71,540,135.0,250.0,284.1214529035075,5,-1.6309537067214137,-33,8,8,6.625077382195358
676,338101,410960.0,3393430.0,38,30,8,0,2585.0,12.2,502,0,11,411065,3393610,507,0,5,-76.0,540,105.0,180.0,208.38665984174708,5,0.25643716352925594,-33,8,8,8.99860404172194
677,338101,410960.0,3393430.0,38,30,8,0,2585.0,12.2,502,0,11,411125,3393710,506,0,5,-95.2,540,165.0,280.0,325.0,4,0.5102374061155501,-34,8,8,5.9722955479652935
678,338101,410960.0,3393430.0,38,30,8,0,2585.0,12.2,502,0,11,411250,3393515,508,0,5,-93.91,540,290.0,85.0,302.2002647252315,6,43.66395711028156,-32,8,8,6.044528067432538
679,338101,410960.0,3393430.0,38,30,8,0,2585.0,12.2,502,0,11,411070,3393615,507,0,13,-79.89,540,110.0,185.0,215.23243250030885,5,0.7354877019200785,-33,8,8,8.716857115515287
680,338101,410960.0,3393430.0,38,30,8,0,2585.0,12.2,502,0,11,411255,3393520,508,0,5,-91.14,540,295.0,90.0,308.4234102658227,6,43.033851891463826,-32,8,8,5.92344193505777
681,338101,410960.0,3393430.0,38,30,8,0,2585.0,12.2,502,0,11,411055,3393640,510,0,5,-71.6,540,95.0,210.0,230.4886114323222,8,-5.658910063307474,-30,8,8,7.415829709624493
682,338101,410960.0,3393430.0,38,30,8,0,2585.0,12.2,502,0,11,411045,3393630,510,0,5,-75.0,540,85.0,200.0,217.3131381210073,8,-6.974507991471967,-30,8,8,7.859981792743525
683,338101,410960.0,3393430.0,38,30,8,0,2585.0,12.2,502,0,11,411075,3393620,507,0,5,-73.4,540,115.0,190.0,222.0923231451281,5,1.1849746587383834,-33,8,8,8.45156371870527
684,338101,410960.0,3393430.0,38,30,8,0,2585.0,12.2,502,0,11,411060,3393605,506,0,6,-71.33,540,100.0,175.0,201.55644370746373,4,-0.2551187030578035,-34,8,8,9.574926510104254
685,338101,410960.0,3393430.0,38,30,8,0,2585.0,12.2,502,0,11,411105,3393650,505,48,6,-72.5,540,145.0,220.0,263.48624252510797,3,3.3885135761115066,-35,8,8,7.566546200745098
686,338101,410960.0,3393430.0,38,30,8,0,2585.0,12.2,502,0,11,411150,3393695,505,0,5,-80.0,540,190.0,265.0,326.0751447136074,3,5.6398091980866525,-35,8,8,6.126513202167711
687,338101,410960.0,3393430.0,38,30,8,0,2585.0,12.2,502,0,11,411320,3393175,500,0,11,-104.0,540,360.0,-255.0,441.16323509558225,-2,95.3112134396332,-40,8,8,5.180807153232604
688,338101,410960.0,3393430.0,38,30,8,0,2585.0,12.2,502,0,11,411375,3393050,500,0,12,-91.33,540,415.0,-380.0,562.6944108483751,-2,102.47917209228984,-40,8,8,4.066118953609571
689,338101,410960.0,3393430.0,38,30,8,0,2585.0,12.2,502,0,11,411380,3393075,499,0,5,-95.67,540,420.0,-355.0,549.9318139551484,-3,100.20576793336943,-41,8,8,4.26378124358844
690,338101,410960.0,3393430.0,38,30,8,0,2585.0,12.2,502,0,11,411385,3393080,499,0,5,-96.0,540,425.0,-350.0,550.567888638631,-3,99.47245984834387,-41,8,8,4.258873404108368
691,338101,410960.0,3393430.0,38,30,8,0,2585.0,12.2,502,0,11,411390,3393065,499,0,12,-88.25,540,430.0,-365.0,564.0257086339238,-3,100.32583628886925,-41,8,8,4.157616097606308
692,338101,410960.0,3393430.0,38,30,8,0,2585.0,12.2,502,0,11,411325,3393180,500,0,11,-104.33,540,365.0,-250.0,442.4081825644729,-2,94.40847225202862,-40,8,8,5.166307239101886
693,338101,410960.0,3393430.0,38,30,8,0,2585.0,12.2,502,0,11,411330,3393165,499,0,13,-104.5,540,370.0,-265.0,455.1098768429444,-3,95.61085243866876,-41,8,8,5.14777370444851
694,338101,410960.0,3393430.0,38,30,8,0,2585.0,12.2,502,0,11,411475,3393305,501,6,5,-116.5,540,515.0,-125.0,529.9528280894442,-1,73.6429147759901,-39,8,8,4.208892717377832
695,338101,410960.0,3393430.0,38,30,8,0,2585.0,12.2,502,0,11,411230,3393550,509,0,11,-92.62,540,270.0,120.0,295.4657340538831,7,36.03751102542185,-31,8,8,5.989508439572481
696,338101,410960.0,3393430.0,38,30,8,0,2585.0,12.2,502,0,11,411215,3393525,509,0,5,-89.4,540,255.0,95.0,272.12129648375554,7,39.56717132060135,-31,8,8,6.499105093517744
697,338101,410960.0,3393430.0,38,30,8,0,2585.0,12.2,502,0,11,411115,3393745,508,0,6,-73.0,540,155.0,315.0,351.0697936308392,6,-3.799885158652671,-32,8,8,5.208116652282431
698,338101,410960.0,3393430.0,38,30,8,0,2585.0,12.2,502,0,11,411055,3393685,515,0,6,-69.25,540,95.0,255.0,272.12129648375554,13,-9.56717132060129,-25,8,8,5.249074118523364
699,338101,410960.0,3393430.0,38,30,8,0,2585.0,12.2,502,0,11,411220,3393560,509,0,13,-94.9,540,260.0,130.0,290.68883707497264,7,33.434948822922024,-31,8,8,6.087201115316394
700,338101,410960.0,3393430.0,38,30,8,0,2585.0,12.2,502,0,11,411330,3393490,504,0,5,-106.5,540,370.0,60.0,374.83329627982624,2,50.78897345918335,-36,8,8,5.486014346725482
701,338101,410960.0,3393430.0,38,30,8,0,2585.0,12.2,502,0,11,411205,3393535,509,0,12,-91.17,540,245.0,105.0,266.5520587052368,7,36.801409486351815,-31,8,8,6.633696889254465
702,338101,410960.0,3393430.0,38,30,8,0,2585.0,12.2,502,0,11,411210,3393530,509,0,12,-92.8,540,250.0,100.0,269.2582403567252,7,38.198590513648185,-31,8,8,6.567610271040268
703,338101,410960.0,3393430.0,38,30,8,0,2585.0,12.2,502,0,11,411235,3393545,509,0,11,-93.55,540,275.0,115.0,298.0771712157776,7,37.30620505490765,-31,8,8,5.937411192098847
704,338101,410960.0,3393430.0,38,30,8,0,2585.0,12.2,502,0,11,411225,3393555,509,0,11,-91.0,540,265.0,125.0,293.00170647967224,7,34.7468366054261,-31,8,8,6.039507074071776
705,338101,410960.0,3393430.0,38,30,8,0,2585.0,12.2,502,0,11,411200,3393540,509,0,6,-95.5,540,240.0,110.0,264.0075756488817,7,35.37643521383637,-31,8,8,6.697053898371468
706,338101,410960.0,3393430.0,38,30,8,0,2585.0,12.2,502,0,11,411270,3393590,508,0,6,-93.5,540,310.0,160.0,348.85527085024813,6,32.700427788667184,-32,8,8,5.240994084961921
707,338101,410960.0,3393430.0,38,30,8,0,2585.0,12.2,502,0,11,411095,3393725,509,0,6,-80.5,540,135.0,295.0,324.4225639501667,7,-5.409882833803977,-31,8,8,5.458290916576131
708,338101,410960.0,3393430.0,38,30,8,0,2585.0,12.2,502,0,11,409005,3390195,498,0,6,-100.33,540,-1955.0,-3235.0,3779.847880536993,-4,181.14572981158048,-42,8,8,0.6366191934767127
709,338101,410960.0,3393430.0,38,30,8,0,2585.0,12.2,502,0,11,411270,3393480,508,33,5,-97.0,540,310.0,50.0,314.00636936215164,6,50.83765295427827,-32,8,8,5.818853678268906
710,338101,410960.0,3393430.0,38,30,8,0,2585.0,12.2,502,0,11,411150,3393760,507,0,5,-77.6,540,190.0,330.0,380.7886552931954,5,-0.06848815949223308,-33,8,8,4.95300606270047
711,338101,410960.0,3393430.0,38,30,8,0,2585.0,12.2,502,0,11,411120,3393730,507,0,5,-74.0,540,160.0,300.0,340.0,5,-1.9275130641470355,-33,8,8,5.543696494731975
712,338101,410960.0,3393430.0,38,30,8,0,2585.0,12.2,502,0,11,411060,3393670,513,0,6,-71.81,540,100.0,240.0,260.0,11,-7.3801350519595985,-27,8,8,5.928695546215155
713,338101,410960.0,3393430.0,38,30,8,0,2585.0,12.2,502,0,11,411125,3393725,506,0,5,-80.0,540,165.0,295.0,338.0088756231114,4,-0.7807533095153758,-34,8,8,5.744008499106368
714,338101,410960.0,3393430.0,38,30,8,0,2585.0,12.2,502,0,11,411105,3393625,506,0,5,-82.25,540,145.0,195.0,243.00205760445732,4,6.634113875967387,-34,8,8,7.964918713576995
715,338101,410960.0,3393430.0,38,30,8,0,2585.0,12.2,502,0,11,411070,3393680,512,0,6,-74.62,540,110.0,250.0,273.1300056749533,10,-6.250505507133255,-28,8,8,5.853245570606081
716,338101,410960.0,3393430.0,38,30,8,0,2585.0,12.2,502,0,11,411235,3393515,509,0,12,-90.75,540,275.0,85.0,287.8367592924851,7,42.82409638425327,-31,8,8,6.147057609208268
717,338101,410960.0,3393430.0,38,30,8,0,2585.0,12.2,502,0,11,411045,3393645,512,0,6,-70.5,540,85.0,215.0,231.19256043393784,10,-8.428692808745382,-28,8,8,6.905526359480581
718,338101,410960.0,3393430.0,38,30,8,0,2585.0,12.2,502,0,11,411050,3393660,513,0,6,-70.13,540,90.0,230.0,246.9817807045694,11,-8.629377730656813,-27,8,8,6.238789248815284
719,338101,410960.0,3393430.0,38,30,8,0,2585.0,12.2,502,0,11,411135,3393735,507,0,12,-82.0,540,175.0,305.0,351.63901945034485,5,-0.15406805031261683,-33,8,8,5.361291128094207
720,338101,410960.0,3393430.0,38,30,8,0,2585.0,12.2,502,0,11,411220,3393510,509,0,5,-93.8,540,260.0,80.0,272.02941017470886,7,42.89727103094765,-31,8,8,6.501281574966486
721,338101,410960.0,3393430.0,38,30,8,0,2585.0,12.2,502,0,11,411055,3393655,512,0,6,-71.48,540,95.0,225.0,244.23349483639626,10,-7.109448343751694,-28,8,8,6.540086571586877
722,338101,410960.0,3393430.0,38,30,8,0,2585.0,12.2,502,0,11,411095,3393615,506,0,12,-87.5,540,135.0,185.0,229.01964981197574,4,6.119340849479727,-34,8,8,8.444389326624167
723,338101,410960.0,3393430.0,38,30,8,0,2585.0,12.2,502,0,11,411500,3393390,502,0,10,-96.5,540,540.0,-40.0,541.4794548272354,0,64.23639479905887,-38,8,8,4.014327505986883
724,338101,410960.0,3393430.0,38,30,8,0,2585.0,12.2,502,0,11,411130,3393740,507,0,12,-72.4,540,170.0,310.0,353.5533905932738,5,-1.26020470831196,-33,8,8,5.332429355497221
725,338101,410960.0,3393430.0,38,30,8,0,2585.0,12.2,502,0,11,411100,3393630,506,0,5,-73.0,540,140.0,200.0,244.13111231467406,4,4.9920201985586345,-34,8,8,7.928552164495224
726,338101,410960.0,3393430.0,38,30,8,0,2585.0,12.2,502,0,11,411065,3393665,511,0,6,-67.57,540,105.0,235.0,257.390753524675,9,-5.924501744921145,-29,8,8,6.4283575730104054
727,338101,410960.0,3393430.0,38,30,8,0,2585.0,12.2,502,0,11,411075,3393675,511,0,6,-74.21,540,115.0,245.0,270.64737205448716,9,-4.855214369321061,-29,8,8,6.115936240106421
728,338101,410960.0,3393430.0,38,30,8,0,2585.0,12.2,502,0,11,411140,3393750,507,0,5,-83.0,540,180.0,320.0,367.1511950137164,5,-0.6422464572087279,-33,8,8,5.136013988982122
729,338101,410960.0,3393430.0,38,30,8,0,2585.0,12.2,502,0,11,411090,3393620,506,0,13,-73.0,540,130.0,190.0,230.21728866442677,4,4.380344723844871,-34,8,8,8.401088371459283
730,338101,410960.0,3393430.0,38,30,8,0,2585.0,12.2,502,0,11,411210,3393500,509,0,12,-91.0,540,250.0,70.0,259.61509971494337,7,44.35775354279127,-31,8,8,6.809307401127342
731,338101,410960.0,3393430.0,38,30,8,0,2585.0,12.2,502,0,11,411040,3393650,513,0,6,-73.83,540,80.0,220.0,234.0939982143925,11,-10.01689347810003,-27,8,8,6.57932491464859
732,338101,410960.0,3393430.0,38,30,8,0,2585.0,12.2,502,0,11,411230,3393520,509,0,5,-89.13,540,270.0,90.0,284.60498941515414,7,41.565051177077976,-31,8,8,6.216315733451273
733,338101,410960.0,3393430.0,38,30,8,0,2585.0,12.2,502,0,11,411045,3393470,505,0,5,-95.5,540,85.0,40.0,93.94147114027967,3,34.79887635452491,-35,8,8,20.43400534343736
734,338101,410960.0,3393430.0,38,30,8,0,2585.0,12.2,502,0,11,411020,3393405,503,0,13,-91.0,540,60.0,-25.0,65.0,1,82.61986494804046,-37,8,8,29.64986350757558
735,338101,410960.0,3393430.0,38,30,8,0,2585.0,12.2,502,0,11,411035,3393420,504,0,11,-86.33,540,75.0,-10.0,75.66372975210778,2,67.59464336859145,-36,8,8,25.44460949877764
736,338101,410960.0,3393430.0,38,30,8,0,2585.0,12.2,502,0,11,411015,3393440,503,0,11,-92.0,540,55.0,10.0,55.90169943749474,1,49.695153531233984,-37,8,8,33.4996239002392
737,338101,410960.0,3393430.0,38,30,8,0,2585.0,12.2,502,0,11,411105,3393490,507,21,5,-92.0,540,145.0,60.0,156.92354826475216,5,37.52056560289691,-33,8,8,11.875883436751575
738,338101,410960.0,3393430.0,38,30,8,0,2585.0,12.2,502,0,11,411195,3393580,509,0,12,-89.0,540,235.0,150.0,278.792037189013,7,27.44999650780659,-31,8,8,6.3448826078541005
739,338101,410960.0,3393430.0,38,30,8,0,2585.0,12.2,502,0,11,411185,3393570,509,0,5,-95.29,540,225.0,140.0,265.0,7,28.109208198154306,-31,8,8,6.672199997199424
740,338101,410960.0,3393430.0,38,30,8,0,2585.0,12.2,502,0,11,411085,3393510,506,0,5,-87.55,540,125.0,80.0,148.4082207965583,4,27.38075692880716,-34,8,8,12.903660869512318
741,338101,410960.0,3393430.0,38,30,8,0,2585.0,12.2,502,0,11,411190,3393575,509,0,12,-100.86,540,230.0,145.0,271.89152248645047,7,27.771242564901456,-31,8,8,6.5045504010479425
742,338101,410960.0,3393430.0,38,30,8,0,2585.0,12.2,502,0,11,411095,3393520,506,21,5,-85.5,540,135.0,90.0,162.24980739587951,4,26.30993247402023,-34,8,8,11.835269816695154
743,338101,410960.0,3393430.0,38,30,8,0,2585.0,12.2,502,0,11,411100,3393485,507,0,5,-89.22,540,140.0,55.0,150.41608956491322,5,38.55226367289464,-33,8,8,12.374155157295638
744,338101,410960.0,3393430.0,38,30,8,0,2585.0,12.2,502,0,11,411025,3393410,503,48,13,-99.0,540,65.0,-20.0,68.00735254367721,1,77.10272896905235,-37,8,8,28.54879122563375
745,338101,410960.0,3393430.0,38,30,8,0,2585.0,12.2,502,0,11,411010,3393435,503,0,11,-90.0,540,50.0,5.0,50.24937810560445,1,54.28940686250036,-37,8,8,36.365238410561474
746,338101,410960.0,3393430.0,38,30,8,0,2585.0,12.2,502,0,11,411005,3393430,503,48,11,-89.33,540,45.0,0.0,45.0,1,60.0,-37,8,8,39.427802196036204
747,338101,410960.0,3393430.0,38,30,8,0,2585.0,12.2,502,0,11,411180,3393565,508,0,5,-88.0,540,220.0,135.0,258.11818998280614,6,28.465208094811715,-32,8,8,7.067140117119026
748,338101,410960.0,3393430.0,38,30,8,0,2585.0,12.2,502,0,11,410900,3393565,509,5,6,-115.25,540,-60.0,135.0,147.73286702694156,7,306.0375110254218,-31,8,8,11.85090034378165
749,338101,410960.0,3393430.0,38,30,8,0,2585.0,12.2,502,0,11,410905,3393570,508,5,5,-98.0,540,-55.0,140.0,150.41608956491322,6,308.55226367289464,-32,8,8,12.010230863324217
750,338101,410960.0,3393430.0,38,30,8,0,2585.0,12.2,502,0,11,410970,3393515,506,21,6,-87.86,540,10.0,85.0,85.58621384311844,4,-23.290163192243085,-34,8,8,21.66595712768765
751,338101,410960.0,3393430.0,38,30,8,0,2585.0,12.2,502,0,11,410885,3393590,510,0,12,-105.67,540,-75.0,160.0,176.70597047072292,8,304.88516511385546,-30,8,8,9.635434677241497
752,338101,410960.0,3393430.0,38,30,8,0,2585.0,12.2,502,0,11,411025,3393450,504,0,11,-88.5,540,65.0,20.0,68.00735254367721,2,42.89727103094765,-36,8,8,27.89470947195275
753,338101,410960.0,3393430.0,38,30,8,0,2585.0,12.2,502,0,11,411130,3393355,505,0,5,-93.0,540,170.0,-75.0,185.80904176062046,3,83.80594351845775,-35,8,8,10.667549193727742
754,338101,410960.0,3393430.0,38,30,8,0,2585.0,12.2,502,0,11,410990,3393495,505,0,11,-85.89,540,30.0,65.0,71.58910531638176,3,-5.224859431168056,-35,8,8,26.054064937232678
755,338101,410960.0,3393430.0,38,30,8,0,2585.0,12.2,502,0,11,411210,3393915,507,5,6,-77.0,540,250.0,485.0,545.6418239101545,5,-2.730528011541935,-33,8,8,3.4609892148309935
756,338101,410960.0,3393430.0,38,30,8,0,2585.0,12.2,502,0,11,411230,3393895,506,0,10,-84.0,540,270.0,465.0,537.7034498680476,4,0.14138555207534864,-34,8,8,3.6181029317760403
757,338101,410960.0,3393430.0,38,30,8,0,2585.0,12.2,502,0,11,410995,3393500,505,0,5,-86.93,540,35.0,70.0,78.26237921249263,3,-3.434948822922024,-35,8,8,24.094842552110705
758,338101,410960.0,3393430.0,38,30,8,0,2585.0,12.2,502,0,11,410985,3393490,505,0,11,-88.13,540,25.0,60.0,65.0,3,-7.3801350519595985,-35,8,8,28.30075576600638
759,338101,410960.0,3393430.0,38,30,8,0,2585.0,12.2,502,0,11,411225,3393890,506,0,5,-81.67,540,265.0,460.0,530.8719242905958,4,-0.054316559604842496,-34,8,8,3.664536424439627
760,338101,410960.0,3393430.0,38,30,8,0,2585.0,12.2,502,0,11,411065,3393410,506,0,11,-101.5,540,105.0,-20.0,106.88779163215975,4,70.7842978675626,-34,8,8,17.645377292325243
761,338101,410960.0,3393430.0,38,30,8,0,2585.0,12.2,502,0,11,411040,3393425,504,0,11,-89.33,540,80.0,-5.0,80.15609770940699,2,63.57633437499737,-36,8,8,24.185976479696773
762,338101,410960.0,3393430.0,38,30,8,0,2585.0,12.2,502,0,11,410945,3393530,506,21,5,-90.0,540,-15.0,100.0,101.11874208078342,4,321.46923439005184,-34,8,8,18.584619232583446
763,338101,410960.0,3393430.0,38,30,8,0,2585.0,12.2,502,0,11,410975,3393520,506,0,6,-90.56,540,15.0,90.0,91.2414379544733,4,-20.537677791974374,-34,8,8,20.437290532418807
764,338101,410960.0,3393430.0,38,30,8,0,2585.0,12.2,502,0,11,411020,3393445,503,0,11,-87.0,540,60.0,15.0,61.84658438426491,1,45.963756532073546,-37,8,8,30.8901650569305
765,338101,410960.0,3393430.0,38,30,8,0,2585.0,12.2,502,0,11,410750,3393095,502,0,5,-97.0,540,-210.0,-335.0,395.37956446938426,0,182.08218715606603,-38,8,8,5.4898454206292095
766,338101,410960.0,3393430.0,38,30,8,0,2585.0,12.2,502,0,11,411045,3393430,505,0,5,-96.5,540,85.0,0.0,85.0,3,60.0,-35,8,8,22.380135051959574
767,338101,410960.0,3393430.0,38,30,8,0,2585.0,12.2,502,0,11,410980,3393485,505,0,11,-85.12,540,20.0,55.0,58.52349955359813,3,-10.01689347810003,-35,8,8,30.88154902552605
768,338101,410960.0,3393430.0,38,30,8,0,2585.0,12.2,502,0,11,411070,3393415,506,0,5,-95.5,540,110.0,-15.0,111.01801655587259,4,67.76516601842536,-34,8,8,17.027552924735428
769,338101,410960.0,3393430.0,38,30,8,0,2585.0,12.2,502,0,11,410960,3393505,506,21,6,-86.25,540,0.0,75.0,75.0,4,-30.0,-34,8,8,24.38637110180139
770,338101,410960.0,3393430.0,38,30,8,0,2585.0,12.2,502,0,11,411125,3393350,504,0,5,-95.0,540,165.0,-80.0,183.3712082089225,2,85.86635679409449,-36,8,8,11.10722063930916
771,338101,410960.0,3393430.0,38,30,8,0,2585.0,12.2,502,0,11,409135,3390115,496,0,5,-96.0,540,-1825.0,-3315.0,3784.1577662671516,-6,178.83401055539798,-44,8,8,0.6661721979768207
772,338101,410960.0,3393430.0,38,30,8,0,2585.0,12.2,502,0,11,409190,3390140,496,0,10,-97.5,540,-1770.0,-3290.0,3735.9068510871625,-6,178.2799813726045,-44,8,8,0.6747753206875862
773,338101,410960.0,3393430.0,38,30,8,0,2585.0,12.2,502,0,11,411075,3393360,504,0,5,-105.67,540,115.0,-70.0,134.6291201783626,2,91.3286928678042,-36,8,8,14.970706229945181
774,338101,410960.0,3393430.0,38,30,8,0,2585.0,12.2,502,0,11,410990,3393595,505,69,5,-90.0,540,30.0,165.0,167.70509831248424,3,-19.695153531233984,-35,8,8,11.788404329313064
775,338101,410960.0,3393430.0,38,30,8,0,2585.0,12.2,502,0,11,411140,3393425,509,21,8,-97.0,540,180.0,-5.0,180.06943105369106,7,61.591140271194604,-31,8,8,9.768052165558892
776,338101,410960.0,3393430.0,38,30,8,0,2585.0,12.2,502,0,11,411020,3393545,505,0,5,-87.5,540,60.0,115.0,129.71121771072848,3,-2.4471884232822276,-35,8,8,15.100505381210606
777,338101,410960.0,3393430.0,38,30,8,0,2585.0,12.2,502,0,11,410900,3393505,508,0,5,-95.14,540,-60.0,75.0,96.04686356149273,6,291.3401917459099,-32,8,8,18.426561619470036
778,338101,410960.0,3393430.0,38,30,8,0,2585.0,12.2,502,0,11,410970,3393575,506,0,12,-85.4,540,10.0,145.0,145.34441853748632,4,-26.054813770962426,-34,8,8,13.166282431124298
779,338101,410960.0,3393430.0,38,30,8,0,2585.0,12.2,502,0,11,410965,3393570,506,0,12,-95.25,540,5.0,140.0,140.089257261219,4,-27.954591511112767,-34,8,8,13.642046925868055
780,338101,410960.0,3393430.0,38,30,8,0,2585.0,12.2,502,0,11,410950,3393475,504,0,5,-84.44,540,-10.0,45.0,46.09772228646444,2,317.4711922908485,-36,8,8,37.98804446500309
781,338101,410960.0,3393430.0,38,30,8,0,2585.0,12.2,502,0,11,411005,3393530,505,0,5,-83.69,540,45.0,100.0,109.65856099730654,3,-5.772254682045855,-35,8,8,17.701654477890113
782,338101,410960.0,3393430.0,38,30,8,0,2585.0,12.2,502,0,11,411015,3393540,505,0,5,-85.86,540,55.0,110.0,122.98373876248843,3,-3.434948822922024,-35,8,8,15.885847955424136
783,338101,410960.0,3393430.0,38,30,8,0,2585.0,12.2,502,0,11,411000,3393525,505,0,5,-84.67,540,40.0,95.0,103.07764064044152,3,-7.166345822082462,-35,8,8,18.754912214077386
784,338101,410960.0,3393430.0,38,30,8,0,2585.0,12.2,502,0,11,410905,3393510,508,0,5,-97.67,540,-55.0,80.0,97.082439194738,6,295.4914770123316,-32,8,8,18.243086548277905
785,338101,410960.0,3393430.0,38,30,8,0,2585.0,12.2,502,0,11,411010,3393535,505,0,5,-87.17,540,50.0,105.0,116.29703349613007,3,-4.536654938128379,-35,8,8,16.74935206693702
786,338101,410960.0,3393430.0,38,30,8,0,2585.0,12.2,502,0,11,410945,3393470,504,0,6,-87.0,540,-15.0,40.0,42.720018726587654,2,309.44395478041656,-36,8,8,40.12071384071335
787,338101,410960.0,3393430.0,38,30,8,0,2585.0,12.2,502,0,11,410955,3393480,504,0,5,-85.39,540,-5.0,50.0,50.24937810560445,2,324.28940686250036,-36,8,8,35.61882554686214
788,338101,410960.0,3393430.0,38,30,8,0,2585.0,12.2,502,0,11,411025,3393550,505,0,5,-89.5,540,65.0,120.0,136.4734406395618,3,-1.5570713756366672,-35,8,8,14.384077268687058
789,338101,410960.0,3393430.0,38,30,8,0,2585.0,12.2,502,0,11,410975,3393580,506,24,12,-97.0,540,15.0,150.0,150.74813431681335,4,-24.289406862500357,-34,8,8,12.709925084842869
790,338101,410960.0,3393430.0,38,30,8,0,2585.0,12.2,502,0,11,410890,3393495,508,21,12,-98.0,540,-70.0,65.0,95.524865872714,6,282.87890360333853,-32,8,8,18.52040183836872
791,338101,410960.0,3393430.0,38,30,8,0,2585.0,12.2,502,0,11,411035,3393560,505,0,5,-82.0,540,75.0,130.0,150.08331019803634,3,-0.018360631150642348,-35,8,8,13.12698423080244
792,338101,410960.0,3393430.0,38,30,8,0,2585.0,12.2,502,0,11,410905,3393470,505,0,12,-99.0,540,-55.0,40.0,68.00735254367721,3,276.0273733851036,-35,8,8,27.232626066717298
793,338101,410960.0,3393430.0,38,30,8,0,2585.0,12.2,502,0,11,411050,3393295,504,48,6,-93.5,540,90.0,-135.0,162.24980739587951,2,116.30993247402023,-36,8,8,12.510125476930867
794,338101,410960.0,3393430.0,38,30,8,0,2585.0,12.2,502,0,11,411155,3393400,507,0,8,-92.0,540,195.0,-30.0,197.29419656948858,5,68.74616226255523,-33,8,8,9.495557505914315
795,338101,410960.0,3393430.0,38,30,8,0,2585.0,12.2,502,0,11,411150,3393395,507,0,8,-91.5,540,190.0,-35.0,193.19679086361657,5,70.43747535111822,-33,8,8,9.693161469355783
796,338101,410960.0,3393430.0,38,30,8,0,2585.0,12.2,502,0,11,410925,3393490,506,0,5,-92.0,540,-35.0,60.0,69.46221994724903,4,299.74356283647074,-34,8,8,26.080579259343303
797,338101,410960.0,3393430.0,38,30,8,0,2585.0,12.2,502,0,11,411120,3393365,505,0,12,-92.17,540,160.0,-65.0,172.69916039170545,3,82.1094483437517,-35,8,8,11.456653371824258
798,338101,410960.0,3393430.0,38,30,8,0,2585.0,12.2,502,0,11,410950,3393515,506,0,6,-94.0,540,-10.0,85.0,85.58621384311844,4,323.2901631922431,-34,8,8,21.66595712768765
799,338101,410960.0,3393430.0,38,30,8,0,2585.0,12.2,502,0,11,410965,3393530,506,21,6,-88.0,540,5.0,100.0,100.12492197250393,4,-27.137594773888225,-34,8,8,18.756243795105696
800,338101,410960.0,3393430.0,38,30,8,0,2585.0,12.2,502,0,11,410980,3393545,506,21,6,-94.0,540,20.0,115.0,116.72617529928752,4,-20.13419305691565,-34,8,8,16.239784966853986
801,338101,410960.0,3393430.0,38,30,8,0,2585.0,12.2,502,0,11,411125,3393370,506,0,12,-91.5,540,165.0,-60.0,175.57049866079439,4,79.98310652189997,-34,8,8,10.95991742764159
802,338101,410960.0,3393430.0,38,30,8,0,2585.0,12.2,502,0,11,410935,3393500,506,0,6,-91.67,540,-25.0,70.0,74.33034373659252,4,310.3461759419467,-34,8,8,24.580185798029675
803,338101,410960.0,3393430.0,38,30,8,0,2585.0,12.2,502,0,11,411160,3393405,508,27,12,-100.5,540,200.0,-25.0,201.55644370746373,6,67.1250163489018,-32,8,8,9.021239454738732
804,338101,410960.0,3393430.0,38,30,8,0,2585.0,12.2,502,0,11,410930,3393495,506,0,5,-90.6,540,-30.0,65.0,71.58910531638176,4,305.22485943116806,-34,8,8,25.40456724955244
805,338101,410960.0,3393430.0,38,30,8,0,2585.0,12.2,502,0,11,411115,3393360,505,0,12,-91.83,540,155.0,-70.0,170.07351351694948,3,84.30454926593671,-35,8,8,11.62874240169772
806,338101,410960.0,3393430.0,38,30,8,0,2585.0,12.2,502,0,11,410975,3393540,506,21,6,-93.5,540,15.0,110.0,111.01801655587259,4,-22.23483398157464,-34,8,8,17.027552924735428
807,338101,410960.0,3393430.0,38,30,8,0,2585.0,12.2,502,0,11,411030,3393595,505,0,5,-68.5,540,70.0,165.0,179.2344832893492,3,-7.01128319791934,-35,8,8,11.049383144781983
808,338101,410960.0,3393430.0,38,30,8,0,2585.0,12.2,502,0,11,410995,3393560,505,0,6,-86.67,540,35.0,130.0,134.6291201783626,3,-14.931511840507767,-35,8,8,14.572792566247553
809,338101,410960.0,3393430.0,38,30,8,0,2585.0,12.2,502,0,11,410920,3393485,505,21,5,-94.4,540,-40.0,55.0,68.00735254367721,3,293.9726266148964,-35,8,8,27.232626066717298
810,338101,410960.0,3393430.0,38,30,8,0,2585.0,12.2,502,0,11,411035,3393600,506,0,5,-77.83,540,75.0,170.0,185.80904176062046,4,-6.1940564815423045,-34,8,8,10.36946777586133
811,338101,410960.0,3393430.0,38,30,8,0,2585.0,12.2,502,0,11,410940,3393505,506,21,6,-94.0,540,-20.0,75.0,77.62087348130012,4,315.06858282186244,-34,8,8,23.65469297114185
812,338101,410960.0,3393430.0,38,30,8,0,2585.0,12.2,502,0,11,408910,3390260,498,0,7,-114.5,540,-2050.0,-3170.0,3775.1026476110555,-4,182.8902518768849,-42,8,8,0.6374193458284569
813,338101,410960.0,3393430.0,38,30,8,0,2585.0,12.2,502,0,11,408930,3390320,498,0,7,-86.0,540,-2030.0,-3110.0,3713.8928363645605,-4,183.13381529889912,-42,8,8,0.6479239619647662
814,338101,410960.0,3393430.0,38,30,8,0,2585.0,12.2,502,0,11,411175,3393540,508,30,6,-94.25,540,215.0,110.0,241.50569351466643,6,32.904447506248175,-32,8,8,7.5478413254979735
815,338101,410960.0,3393430.0,38,30,8,0,2585.0,12.2,502,0,11,411180,3393545,508,30,5,-87.67,540,220.0,115.0,248.2438317461282,6,32.402704131356245,-32,8,8,7.34523655939578
816,338101,410960.0,3393430.0,38,30,8,0,2585.0,12.2,502,0,11,411195,3393560,509,0,5,-91.0,540,235.0,130.0,268.5609800399157,7,31.049004792533196,-31,8,8,6.584512102497803
817,338101,410960.0,3393430.0,38,30,8,0,2585.0,12.2,502,0,11,411185,3393550,509,0,12,-94.75,540,225.0,120.0,255.0,7,31.927513064147035,-31,8,8,6.931356798315828
818,338101,410960.0,3393430.0,38,30,8,0,2585.0,12.2,502,0,11,411105,3393470,507,0,12,-90.0,540,145.0,40.0,150.41608956491322,5,44.57783868126131,-33,8,8,12.374155157295638
819,338101,410960.0,3393430.0,38,30,8,0,2585.0,12.2,502,0,11,411190,3393555,509,0,12,-93.17,540,230.0,125.0,261.7728022541685,7,31.47688139368796,-31,8,8,6.753701215192623
820,338101,410960.0,3393430.0,38,30,8,0,2585.0,12.2,502,0,11,411395,3393055,499,0,5,-85.38,540,435.0,-375.0,574.3256915722994,-3,100.76360520094119,-41,8,8,4.083307726618855
821,338101,410960.0,3393430.0,38,30,8,0,2585.0,12.2,502,0,11,411380,3393050,499,0,5,-89.0,540,420.0,-380.0,566.3920903402518,-3,102.13759477388828,-41,8,8,4.1403061431443335
822,338101,410960.0,3393430.0,38,30,8,0,2585.0,12.2,502,0,11,411370,3393080,499,0,5,-89.33,540,410.0,-350.0,539.0732788777422,-3,100.48601154199872,-41,8,8,4.349340125877308
823,338101,410960.0,3393430.0,38,30,8,0,2585.0,12.2,502,0,11,411390,3393060,499,0,12,-87.0,540,430.0,-370.0,567.2741841473133,-3,100.710846671181,-41,8,8,4.133890431908107
824,338101,410960.0,3393430.0,38,30,8,0,2585.0,12.2,502,0,11,411385,3393045,500,0,5,-91.75,540,425.0,-385.0,573.4544445725397,-2,102.17287542183874,-40,8,8,3.990072956612112
825,338101,410960.0,3393430.0,38,30,8,0,2585.0,12.2,502,0,11,411375,3393075,499,0,5,-90.33,540,415.0,-355.0,546.122696836526,-3,100.54439716667366,-41,8,8,4.293409606964171
826,338101,410960.0,3393430.0,38,30,8,0,2585.0,12.2,502,0,11,410815,3393530,519,21,5,-104.5,540,-145.0,100.0,176.13914953808538,17,274.59228868750995,-21,8,8,6.798934550843904
827,338101,410960.0,3393430.0,38,30,8,0,2585.0,12.2,502,0,11,410875,3393590,510,6,5,-97.0,540,-85.0,160.0,181.1767093199344,8,302.0205256115199,-30,8,8,9.401966956416741
828,338101,410960.0,3393430.0,38,30,8,0,2585.0,12.2,502,0,11,410855,3393570,512,0,5,-92.0,540,-105.0,140.0,175.0,10,293.13010235415595,-28,8,8,9.090276920822323
829,338101,410960.0,3393430.0,38,30,8,0,2585.0,12.2,502,0,11,408795,3390250,497,0,7,-95.33,540,-2165.0,-3180.0,3847.028073721324,-5,184.24772332912377,-43,8,8,0.6403945792683219
830,338101,410960.0,3393430.0,38,30,8,0,2585.0,12.2,502,0,11,411360,3393040,500,0,12,-94.0,540,400.0,-390.0,558.6591089385369,-2,104.27477570094072,-40,8,8,4.0953897317967
831,338101,410960.0,3393430.0,38,30,8,0,2585.0,12.2,502,0,11,410760,3393640,517,0,6,-96.5,540,-200.0,210.0,290.0,15,286.39718102729637,-23,8,8,4.534656066271809
832,338101,410960.0,3393430.0,38,30,8,0,2585.0,12.2,502,0,11,410795,3393605,521,69,5,-100.0,540,-165.0,175.0,240.52026941611388,19,286.6846843178963,-19,8,8,4.516724617880999
833,338101,410960.0,3393430.0,38,30,8,0,2585.0,12.2,502,0,11,410955,3393435,502,0,13,-80.5,540,-5.0,5.0,7.0710678118654755,0,285.0,-38,8,8,79.45892120141083
834,338101,410960.0,3393430.0,38,30,8,0,2585.0,12.2,502,0,11,411140,3393470,508,0,12,-88.5,540,180.0,40.0,184.39088914585776,6,47.47119229084848,-32,8,8,9.845302162757218
835,338101,410960.0,3393430.0,38,30,8,0,2585.0,12.2,502,0,11,411065,3393545,505,0,5,-85.0,540,105.0,115.0,155.72411502397438,3,12.397437797500174,-35,8,8,12.667101067635173
836,338101,410960.0,3393430.0,38,30,8,0,2585.0,12.2,502,0,11,411160,3393490,508,0,5,-107.0,540,200.0,60.0,208.806130178211,6,43.300755766006375,-32,8,8,8.712915410405545
837,338101,410960.0,3393430.0,38,30,8,0,2585.0,12.2,502,0,11,411040,3393390,504,0,5,-98.0,540,80.0,-40.0,89.44271909999159,2,86.56505117707798,-36,8,8,21.924402392569775
838,338101,410960.0,3393430.0,38,30,8,0,2585.0,12.2,502,0,11,411050,3393400,505,6,12,-95.5,540,90.0,-30.0,94.86832980505137,3,78.43494882292202,-35,8,8,20.25065140496839
839,338101,410960.0,3393430.0,38,30,8,0,2585.0,12.2,502,0,11,411060,3393370,504,0,12,-108.33,540,100.0,-60.0,116.61903789690601,2,90.96375653207349,-36,8,8,17.155323884866075
840,338101,410960.0,3393430.0,38,30,8,0,2585.0,12.2,502,0,11,410965,3393465,504,0,11,-80.33,540,5.0,35.0,35.35533905932738,2,-21.86989764584405,-36,8,8,45.51762554432677
841,338101,410960.0,3393430.0,38,30,8,0,2585.0,12.2,502,0,11,410990,3393460,504,0,5,-87.0,540,30.0,30.0,42.42640687119285,2,15.0,-36,8,8,40.315542210772584
842,338101,410960.0,3393430.0,38,30,8,0,2585.0,12.2,502,0,11,410960,3393470,504,0,11,-86.89,540,0.0,40.0,40.0,2,-30.0,-36,8,8,41.98721249581666
843,338101,410960.0,3393430.0,38,30,8,0,2585.0,12.2,502,0,11,410945,3393565,506,21,5,-90.13,540,-15.0,135.0,135.83077707206124,4,323.6598082540901,-34,8,8,14.053037805708675
844,338101,410960.0,3393430.0,38,30,8,0,2585.0,12.2,502,0,11,411210,3393880,507,0,13,-83.5,540,250.0,450.0,514.78150704935,5,-0.945395900922847,-33,8,8,3.6679194570318243
845,338101,410960.0,3393430.0,38,30,8,0,2585.0,12.2,502,0,11,411270,3393900,503,9,5,-92.0,540,310.0,470.0,563.0275304103699,1,3.407824589708923,-37,8,8,3.7598516459720543
846,338101,410960.0,3393430.0,38,30,8,0,2585.0,12.2,502,0,11,411010,3393520,505,0,5,-87.22,540,50.0,90.0,102.95630140987001,3,-0.945395900922847,-35,8,8,18.77546790944567
847,338101,410960.0,3393430.0,38,30,8,0,2585.0,12.2,502,0,11,410995,3393455,503,0,11,-87.5,540,35.0,25.0,43.01162633521314,1,24.462322208025626,-37,8,8,40.70318870066343
848,338101,410960.0,3393430.0,38,30,8,0,2585.0,12.2,502,0,11,410980,3393450,503,0,5,-87.83,540,20.0,20.0,28.284271247461902,1,15.0,-37,8,8,52.60426583708128
849,338101,410960.0,3393430.0,38,30,8,0,2585.0,12.2,502,0,11,411200,3393870,507,0,5,-81.25,540,240.0,440.0,501.1985634456667,5,-1.3895403340347912,-33,8,8,3.7670410032473955
850,338101,410960.0,3393430.0,38,30,8,0,2585.0,12.2,502,0,11,411245,3393905,505,0,10,-78.5,540,285.0,475.0,553.9404300103035,3,0.9637565320735462,-35,8,8,3.6153527952280844
851,338101,410960.0,3393430.0,38,30,8,0,2585.0,12.2,502,0,11,411240,3393910,505,0,10,-83.0,540,280.0,480.0,555.6977595779922,3,0.25643716352925594,-35,8,8,3.6039498428861134
852,338101,410960.0,3393430.0,38,30,8,0,2585.0,12.2,502,0,11,410975,3393475,504,0,11,-86.2,540,15.0,45.0,47.43416490252569,2,-11.565051177077976,-36,8,8,37.19655824341982
853,338101,410960.0,3393430.0,38,30,8,0,2585.0,12.2,502,0,11,411205,3393865,507,0,13,-82.17,540,245.0,435.0,499.24943665466463,5,-0.610988533679631,-33,8,8,3.7817053679766923
854,338101,410960.0,3393430.0,38,30,8,0,2585.0,12.2,502,0,11,410940,3393570,506,21,5,-101.0,540,-20.0,140.0,141.4213562373095,4,321.86989764584405,-34,8,8,13.518284623129587
855,338101,410960.0,3393430.0,38,30,8,0,2585.0,12.2,502,0,11,410970,3393480,504,0,11,-88.27,540,10.0,50.0,50.99019513592785,2,-18.69006752597977,-36,8,8,35.22278326309208
856,338101,410960.0,3393430.0,38,30,8,0,2585.0,12.2,502,0,11,411000,3393510,505,0,6,-86.58,540,40.0,80.0,89.44271909999159,3,-3.434948822922024,-35,8,8,21.37099732252035
857,338101,410960.0,3393430.0,38,30,8,0,2585.0,12.2,502,0,11,410950,3393580,506,21,12,-108.67,540,-10.0,150.0,150.33296378372907,4,326.18592516570965,-34,8,8,12.74388097999818
858,338101,410960.0,3393430.0,38,30,8,0,2585.0,12.2,502,0,11,411005,3393505,505,0,6,-86.11,540,45.0,75.0,87.46427842267951,3,0.9637565320735462,-35,8,8,21.809478121486467
859,338101,410960.0,3393430.0,38,30,8,0,2585.0,12.2,502,0,11,410935,3393595,506,5,12,-105.5,540,-25.0,165.0,166.88319268278636,4,321.3843518158359,-34,8,8,11.515570262329781
860,338101,410960.0,3393430.0,38,30,8,0,2585.0,12.2,502,0,11,411015,3393515,505,0,5,-86.5,540,55.0,85.0,101.24228365658294,3,2.9052429229878953,-35,8,8,19.070541941137613
861,338101,410960.0,3393430.0,38,30,8,0,2585.0,12.2,502,0,11,411400,3393050,499,0,5,-87.0,540,440.0,-380.0,581.3776741499453,-3,100.81508387488157,-41,8,8,4.033942620600488
862,338101,410960.0,3393430.0,38,30,8,0,2585.0,12.2,502,0,11,411390,3393120,499,0,5,-90.0,540,430.0,-310.0,530.0943312279429,-3,95.78897345918335,-41,8,8,4.422721095423517
863,338101,410960.0,3393430.0,38,30,8,0,2585.0,12.2,502,0,11,411365,3393085,499,0,6,-87.0,540,405.0,-345.0,532.024435529046,-3,100.42607874009911,-41,8,8,4.406739446462782
864,338101,410960.0,3393430.0,38,30,8,0,2585.0,12.2,502,0,11,411640,3393230,502,0,13,-102.33,540,680.0,-200.0,708.801805866774,0,76.38954033403479,-38,8,8,3.068780651940158
865,338101,410960.0,3393430.0,38,30,8,0,2585.0,12.2,502,0,11,410940,3393655,512,21,5,-102.0,540,-20.0,225.0,225.88713996153035,10,324.92039213998544,-28,8,8,7.066095697852356
866,338101,410960.0,3393430.0,38,30,8,0,2585.0,12.2,502,0,11,410880,3393635,509,21,5,-100.0,540,-80.0,205.0,220.05681084665386,7,308.68208772453846,-31,8,8,8.018646074153278
867,338101,410960.0,3393430.0,38,30,8,0,2585.0,12.2,502,0,11,410885,3393640,509,21,5,-95.0,540,-75.0,210.0,222.9910312097776,7,310.3461759419467,-31,8,8,7.914478786364806
868,338101,410960.0,3393430.0,38,30,8,0,2585.0,12.2,502,0,11,410890,3393625,509,21,13,-100.0,540,-70.0,195.0,207.18349355100662,7,310.2531633945739,-31,8,8,8.509797255940567
869,338101,410960.0,3393430.0,38,30,8,0,2585.0,12.2,502,0,11,410895,3393630,509,21,13,-97.0,540,-65.0,200.0,210.2974084481309,7,311.9958383940866,-31,8,8,8.385595865683133
870,338101,410960.0,3393430.0,38,30,8,0,2585.0,12.2,502,0,11,410920,3393675,512,24,5,-100.0,540,-40.0,245.0,248.2438317461282,10,320.7273982227997,-28,8,8,6.435326090755063
871,338101,410960.0,3393430.0,38,30,8,0,2585.0,12.2,502,0,11,409025,3390200,498,0,5,-99.2,540,-1935.0,-3230.0,3765.2523155825825,-4,180.92461116386707,-42,8,8,0.6390867698356515
872,338101,410960.0,3393430.0,38,30,8,0,2585.0,12.2,502,0,11,411080,3393690,510,0,6,-73.33,540,120.0,260.0,286.35642126552705,8,-5.224859431168056,-30,8,8,5.9807491210364745
873,338101,410960.0,3393430.0,38,30,8,0,2585.0,12.2,502,0,11,411500,3393310,501,5,6,-94.6,540,540.0,-120.0,553.1726674375732,-1,72.52880770915152,-39,8,8,4.03281690589372
874,338101,410960.0,3393430.0,38,30,8,0,2585.0,12.2,502,0,11,411260,3393550,508,0,11,-93.67,540,300.0,120.0,323.10988842807024,6,38.198590513648185,-32,8,8,5.655987551197803
875,338101,410960.0,3393430.0,38,30,8,0,2585.0,12.2,502,0,11,411200,3393570,509,0,5,-93.25,540,240.0,140.0,277.8488797889961,7,29.743562836470744,-31,8,8,6.36624376254383
876,338101,410960.0,3393430.0,38,30,8,0,2585.0,12.2,502,0,11,411085,3393685,509,0,6,-74.55,540,125.0,255.0,283.98943642325855,7,-3.886087369709287,-31,8,8,6.229683898618497
877,338101,410960.0,3393430.0,38,30,8,0,2585.0,12.2,502,0,11,411110,3393720,506,0,11,-76.0,540,150.0,290.0,326.49655434629017,4,-2.6501242199301487,-34,8,8,5.945116994671963
878,338101,410960.0,3393430.0,38,30,8,0,2585.0,12.2,502,0,11,411290,3393500,507,0,12,-94.0,540,330.0,70.0,337.34255586866,5,48.02386755579664,-33,8,8,5.587092182225326
879,338101,410960.0,3393430.0,38,30,8,0,2585.0,12.2,502,0,11,411515,3393315,501,0,12,-92.5,540,555.0,-115.0,566.7892024377317,-1,71.70643672915332,-39,8,8,3.9362408625208953
880,338101,410960.0,3393430.0,38,30,8,0,2585.0,12.2,502,0,11,411115,3393715,506,0,5,-73.13,540,155.0,285.0,324.4225639501667,4,-1.460014812040015,-34,8,8,5.982848534768757
881,338101,410960.0,3393430.0,38,30,8,0,2585.0,12.2,502,0,11,411105,3393705,506,0,11,-73.67,540,145.0,275.0,310.8858311341963,4,-2.198541220065863,-34,8,8,6.2413428949341885
882,338101,410960.0,3393430.0,38,30,8,0,2585.0,12.2,502,0,11,411495,3393295,502,0,5,-112.83,540,535.0,-135.0,551.7698795693726,0,74.16216805531275,-38,8,8,3.9396988925823484
883,338101,410960.0,3393430.0,38,30,8,0,2585.0,12.2,502,0,11,411245,3393525,508,0,5,-93.69,540,285.0,95.0,300.416377715996,6,41.565051177077976,-32,8,8,6.080152695698577
884,338101,410960.0,3393430.0,38,30,8,0,2585.0,12.2,502,0,11,411095,3393695,508,0,5,-75.62,540,135.0,265.0,297.40544715926103,6,-3.0041616059133958,-32,8,8,6.14124007076327
885,338101,410960.0,3393430.0,38,30,8,0,2585.0,12.2,502,0,11,411505,3393305,501,0,5,-102.0,540,545.0,-125.0,559.1511423577707,-1,72.91781284393397,-39,8,8,3.989837811968015
886,338101,410960.0,3393430.0,38,30,8,0,2585.0,12.2,502,0,11,411240,3393530,509,0,5,-93.52,540,280.0,100.0,297.3213749463701,7,40.34617594194668,-31,8,8,5.952395969607915
887,338101,410960.0,3393430.0,38,30,8,0,2585.0,12.2,502,0,11,411090,3393700,509,0,6,-71.14,540,130.0,270.0,299.66648127543397,7,-4.290046219188753,-31,8,8,5.906144741826487
888,338101,410960.0,3393430.0,38,30,8,0,2585.0,12.2,502,0,11,411100,3393710,507,0,11,-76.44,540,140.0,280.0,313.04951684997053,5,-3.434948822922024,-33,8,8,6.017589607988349
889,338101,410960.0,3393430.0,38,30,8,0,2585.0,12.2,502,0,11,411210,3393580,509,36,5,-90.67,540,250.0,150.0,291.547594742265,7,29.03624346792651,-31,8,8,6.069405203453847
890,338101,410960.0,3393430.0,38,30,8,0,2585.0,12.2,502,0,11,411255,3393535,508,0,11,-93.0,540,295.0,105.0,313.12936623702353,6,40.40771810894847,-32,8,8,5.835038649104127
891,338101,410960.0,3393430.0,38,30,8,0,2585.0,12.2,502,0,11,411250,3393540,508,0,11,-93.83,540,290.0,110.0,310.16124838541646,6,39.227745317954145,-32,8,8,5.8904868205014935
892,338101,410960.0,3393430.0,38,30,8,0,2585.0,12.2,502,0,11,411205,3393565,509,0,5,-91.0,540,245.0,135.0,279.7320146139873,7,31.144338780283476,-31,8,8,6.323735047296584
893,338101,410960.0,3393430.0,38,30,8,0,2585.0,12.2,502,0,11,411215,3393575,509,36,6,-91.4,540,255.0,145.0,293.3428028774526,7,30.37625124882618,-31,8,8,6.03253620379612
894,338101,410960.0,3393430.0,38,30,8,0,2585.0,12.2,502,0,11,411380,3393060,499,0,12,-92.0,540,420.0,-370.0,559.7320787662612,-3,101.37851529588266,-41,8,8,4.189395493135487
895,338101,410960.0,3393430.0,38,30,8,0,2585.0,12.2,502,0,11,411365,3393075,499,0,5,-91.0,540,405.0,-355.0,538.5629025471397,-3,101.23596513509426,-41,8,8,4.353445998122013
896,338101,410960.0,3393430.0,38,30,8,0,2585.0,12.2,502,0,11,411375,3393065,499,0,12,-92.0,540,415.0,-365.0,552.675311552814,-3,101.33221194446855,-41,8,8,4.242693177116472
897,338101,410960.0,3393430.0,38,30,8,0,2585.0,12.2,502,0,11,411395,3393045,499,0,5,-86.33,540,435.0,-385.0,580.9044671888829,-3,101.51067509420363,-41,8,8,4.037217823735959
898,338101,410960.0,3393430.0,38,30,8,0,2585.0,12.2,502,0,11,411360,3393080,499,0,6,-88.0,540,400.0,-350.0,531.5072906367325,-3,101.18592516570965,-41,8,8,4.411010193353727
899,338101,410960.0,3393430.0,38,30,8,0,2585.0,12.2,502,0,11,411385,3393055,499,0,5,-87.67,540,425.0,-375.0,566.7892024377317,-3,101.42366562500263,-41,8,8,4.137415378914697
900,338101,410960.0,3393430.0,38,30,8,0,2585.0,12.2,502,0,11,411370,3393070,499,0,5,-88.33,540,410.0,-360.0,545.6189146281496,-3,101.28471089457122,-41,8,8,4.297358965118107
901,338101,410960.0,3393430.0,38,30,8,0,2585.0,12.2,502,0,11,411405,3393015,500,0,12,-105.5,540,445.0,-415.0,608.481717063052,-2,103.00212014352331,-40,8,8,3.761063545487561
902,338101,410960.0,3393430.0,38,30,8,0,2585.0,12.2,502,0,11,411085,3393530,506,21,5,-89.4,540,125.0,100.0,160.0781059358212,4,21.34019174590992,-34,8,8,11.991215209334827
903,338101,410960.0,3393430.0,38,30,8,0,2585.0,12.2,502,0,11,411195,3393480,509,0,12,-102.33,540,235.0,50.0,240.26027553467927,7,47.98852161363459,-31,8,8,7.35206835120768
904,338101,410960.0,3393430.0,38,30,8,0,2585.0,12.2,502,0,11,411185,3393470,508,0,5,-97.0,540,225.0,40.0,228.52789764052878,6,49.91940201245768,-32,8,8,7.971108967589016
905,338101,410960.0,3393430.0,38,30,8,0,2585.0,12.2,502,0,11,411190,3393475,508,0,12,-99.75,540,230.0,45.0,234.3608329051593,6,48.92979742206063,-32,8,8,7.775175456374519
906,338101,410960.0,3393430.0,38,30,8,0,2585.0,12.2,502,0,11,411170,3393455,508,0,12,-91.5,540,210.0,25.0,211.482859825566,6,53.21102542556122,-32,8,8,8.60429727859676
907,338101,410960.0,3393430.0,38,30,8,0,2585.0,12.2,502,0,11,411165,3393450,508,0,12,-101.2,540,205.0,20.0,205.9732992404598,6,54.427802196036225,-32,8,8,8.830871246445271
908,338101,410960.0,3393430.0,38,30,8,0,2585.0,12.2,502,0,11,410970,3393335,502,0,5,-98.5,540,10.0,-95.0,95.524865872714,0,143.99099404250546,-38,8,8,21.692770607304222
909,338101,410960.0,3393430.0,38,30,8,0,2585.0,12.2,502,0,11,410920,3393720,510,0,10,-98.0,540,-40.0,290.0,292.7456233660889,8,322.14668669802177,-30,8,8,5.851134297764213
910,338101,410960.0,3393430.0,38,30,8,0,2585.0,12.2,502,0,11,411030,3393610,508,0,5,-75.0,540,70.0,180.0,193.13207915827965,6,-8.749494492866745,-32,8,8,9.407851475578873
911,338101,410960.0,3393430.0,38,30,8,0,2585.0,12.2,502,0,11,411175,3393785,507,0,12,-82.5,540,215.0,355.0,415.03011938894264,5,1.2005146039806505,-33,8,8,4.5461548203931965
912,338101,410960.0,3393430.0,38,30,8,0,2585.0,12.2,502,0,11,411170,3393790,507,0,12,-82.6,540,210.0,360.0,416.77331968349415,5,0.25643716352925594,-33,8,8,4.527219237497759
913,338101,410960.0,3393430.0,38,30,8,0,2585.0,12.2,502,0,11,411160,3393800,507,0,12,-85.75,540,200.0,370.0,420.5948168962618,5,-1.6069805786170264,-33,8,8,4.486253901048651
914,338101,410960.0,3393430.0,38,30,8,0,2585.0,12.2,502,0,11,411150,3393810,507,0,6,-77.0,540,190.0,380.0,424.85291572496004,5,-3.434948822922024,-33,8,8,4.441471125841228
915,338101,410960.0,3393430.0,38,30,8,0,2585.0,12.2,502,0,11,411165,3393795,507,0,12,-83.17,540,205.0,365.0,418.6287137786896,5,-0.6795241224192523,-33,8,8,4.507237119669081
916,338101,410960.0,3393430.0,38,30,8,0,2585.0,12.2,502,0,11,411035,3393605,507,0,5,-74.0,540,75.0,175.0,190.3943276465977,5,-6.801409486351815,-33,8,8,9.833072133334033
917,338101,410960.0,3393430.0,38,30,8,0,2585.0,12.2,502,0,11,411450,3393140,499,0,5,-100.33,540,490.0,-290.0,569.3856338194704,-3,90.61860540890939,-41,8,8,4.118613599306809
918,338101,410960.0,3393430.0,38,30,8,0,2585.0,12.2,502,0,11,411360,3393210,499,0,8,-93.0,540,400.0,-220.0,456.50848842053307,-3,88.81079374297303,-41,8,8,5.132086746275161
919,338101,410960.0,3393430.0,38,30,8,0,2585.0,12.2,502,0,11,411185,3393480,508,0,5,-111.33,540,225.0,50.0,230.4886114323222,6,47.47119229084848,-32,8,8,7.904161220812194
920,338101,410960.0,3393430.0,38,30,8,0,2585.0,12.2,502,0,11,411055,3393570,505,30,5,-84.5,540,95.0,140.0,169.1892431568863,3,4.159694545669424,-35,8,8,11.687852270571085
921,338101,410960.0,3393430.0,38,30,8,0,2585.0,12.2,502,0,11,411170,3393445,508,0,12,-98.75,540,210.0,15.0,210.535032714273,6,55.914383220025115,-32,8,8,8.642450139535118
922,338101,410960.0,3393430.0,38,30,8,0,2585.0,12.2,502,0,11,411080,3393535,506,0,5,-87.5,540,120.0,105.0,159.45218719101973,4,18.814074834290352,-34,8,8,12.036915661903693
923,338101,410960.0,3393430.0,38,30,8,0,2585.0,12.2,502,0,11,411190,3393465,508,0,5,-92.0,540,230.0,35.0,232.64780248263682,6,51.34745820888526,-32,8,8,7.831717665408843
924,338101,410960.0,3393430.0,38,30,8,0,2585.0,12.2,502,0,11,411065,3393600,506,0,5,-78.67,540,105.0,170.0,199.81241202688085,4,1.7014296695057283,-34,8,8,9.65693260830095
925,338101,410960.0,3393430.0,38,30,8,0,2585.0,12.2,502,0,11,411090,3393525,506,21,5,-95.5,540,130.0,95.0,161.01242188104618,4,23.841814560191665,-34,8,8,11.923630310586388
926,338101,410960.0,3393430.0,38,30,8,0,2585.0,12.2,502,0,11,411130,3393390,507,0,12,-94.5,540,170.0,-40.0,174.64249196572982,5,73.24051991518718,-33,8,8,10.700303640406299
927,338101,410960.0,3393430.0,38,30,8,0,2585.0,12.2,502,0,11,411025,3393575,505,0,5,-81.25,540,65.0,145.0,158.90248582070703,3,-5.854458039578333,-35,8,8,12.421674549638984
928,338101,410960.0,3393430.0,38,30,8,0,2585.0,12.2,502,0,11,411105,3393335,503,0,8,-93.67,540,145.0,-95.0,173.34935823359717,1,93.23171106797935,-37,8,8,12.048519468579324
929,338101,410960.0,3393430.0,38,30,8,0,2585.0,12.2,502,0,11,410930,3393510,506,21,12,-95.33,540,-30.0,80.0,85.44003745317531,4,309.44395478041656,-34,8,8,21.699582940244298
930,338101,410960.0,3393430.0,38,30,8,0,2585.0,12.2,502,0,11,410960,3393560,506,21,12,-95.0,540,0.0,130.0,130.0,4,-30.0,-34,8,8,14.656751115760423
931,338101,410960.0,3393430.0,38,30,8,0,2585.0,12.2,502,0,11,411140,3393380,506,0,8,-94.0,540,180.0,-50.0,186.81541692269406,4,75.52411099675425,-34,8,8,10.314809712009428
932,338101,410960.0,3393430.0,38,30,8,0,2585.0,12.2,502,0,11,411035,3393565,505,0,5,-82.5,540,75.0,135.0,154.434452114805,3,-0.945395900922847,-35,8,8,12.769427904669373
933,338101,410960.0,3393430.0,38,30,8,0,2585.0,12.2,502,0,11,410970,3393550,506,21,6,-86.0,540,10.0,120.0,120.41594578792295,4,-25.23635830927384,-34,8,8,15.76727224001903
934,338101,410960.0,3393430.0,38,30,8,0,2585.0,12.2,502,0,11,410990,3393530,505,0,5,-88.5,540,30.0,100.0,104.4030650891055,3,-13.300755766006375,-35,8,8,18.533170863002475
935,338101,410960.0,3393430.0,38,30,8,0,2585.0,12.2,502,0,11,410985,3393535,505,0,5,-88.67,540,25.0,105.0,107.93516572461452,3,-16.607502246248885,-35,8,8,17.966257962906653
936,338101,410960.0,3393430.0,38,30,8,0,2585.0,12.2,502,0,11,410955,3393485,505,0,6,-86.3,540,-5.0,55.0,55.226805085936306,3,324.8055710922652,-35,8,8,32.36448816990886
937,338101,410960.0,3393430.0,38,30,8,0,2585.0,12.2,502,0,11,411160,3393440,508,0,12,-98.5,540,200.0,10.0,200.24984394500785,6,57.13759477388828,-32,8,8,9.079124355767918
938,338101,410960.0,3393430.0,38,30,8,0,2585.0,12.2,502,0,11,410995,3393525,505,0,5,-87.25,540,35.0,95.0,101.24228365658294,3,-9.775140568831944,-35,8,8,19.070541941137613
939,338101,410960.0,3393430.0,38,30,8,0,2585.0,12.2,502,0,11,410950,3393490,505,0,6,-87.5,540,-10.0,60.0,60.8276253029822,3,320.5376777919744,-35,8,8,29.915970012809115
940,338101,410960.0,3393430.0,38,30,8,0,2585.0,12.2,502,0,11,411165,3393435,508,0,12,-99.0,540,205.0,5.0,205.0609665440988,6,58.60281897270363,-32,8,8,8.869537170056399
941,338101,410960.0,3393430.0,38,30,8,0,2585.0,12.2,502,0,11,411080,3393360,504,0,5,-107.0,540,120.0,-70.0,138.92443989449805,2,90.25643716352926,-36,8,8,14.527712356605074
942,338101,410960.0,3393430.0,38,30,8,0,2585.0,12.2,502,0,11,410880,3393480,507,0,12,-99.5,540,-80.0,50.0,94.33981132056604,5,272.0053832080835,-33,8,8,19.27980126645606
943,338101,410960.0,3393430.0,38,30,8,0,2585.0,12.2,502,0,11,410935,3393505,506,21,5,-90.5,540,-25.0,75.0,79.05694150420949,4,311.565051177078,-34,8,8,23.27107805213458
944,338101,410960.0,3393430.0,38,30,8,0,2585.0,12.2,502,0,11,411135,3393385,507,0,8,-94.33,540,175.0,-45.0,180.6931099959265,5,74.42077312751098,-33,8,8,10.34987065773344
945,338101,410960.0,3393430.0,38,30,8,0,2585.0,12.2,502,0,11,410945,3393495,505,21,6,-88.5,540,-15.0,65.0,66.70832032063167,3,317.0053832080835,-35,8,8,27.684746611207338
946,338101,410960.0,3393430.0,38,30,8,0,2585.0,12.2,502,0,11,411120,3393400,507,21,8,-91.0,540,160.0,-30.0,162.78820596099706,5,70.61965527615513,-33,8,8,11.459560572126199
947,338101,410960.0,3393430.0,38,30,8,0,2585.0,12.2,502,0,11,410925,3393515,507,21,5,-98.5,540,-35.0,85.0,91.92388155425118,5,307.6198649480404,-33,8,8,19.747766160874505
948,338101,410960.0,3393430.0,38,30,8,0,2585.0,12.2,502,0,11,411010,3393505,505,0,6,-83.5,540,50.0,75.0,90.13878188659973,3,3.690067525979771,-35,8,8,21.22070022359343
949,338101,410960.0,3393430.0,38,30,8,0,2585.0,12.2,502,0,11,411085,3393440,507,21,13,-101.5,540,125.0,10.0,125.39936203984452,5,55.426078740099115,-33,8,8,14.743634575751472
950,338101,410960.0,3393430.0,38,30,8,0,2585.0,12.2,502,0,11,411205,3393880,507,0,5,-86.0,540,245.0,450.0,512.3719352189383,5,-1.4341632062534018,-33,8,8,3.685121449768298
951,338101,410960.0,3393430.0,38,30,8,0,2585.0,12.2,502,0,11,410960,3393475,504,0,5,-87.11,540,0.0,45.0,45.0,2,-30.0,-36,8,8,38.65980825409009
952,338101,410960.0,3393430.0,38,30,8,0,2585.0,12.2,502,0,11,411005,3393520,505,0,5,-83.7,540,45.0,90.0,100.62305898749054,3,-3.434948822922024,-35,8,8,19.179350963862493
953,338101,410960.0,3393430.0,38,30,8,0,2585.0,12.2,502,0,11,410955,3393570,506,0,5,-89.0,540,-5.0,140.0,140.089257261219,4,327.95459151111277,-34,8,8,13.642046925868055
954,338101,410960.0,3393430.0,38,30,8,0,2585.0,12.2,502,0,11,410950,3393565,506,21,5,-87.4,540,-10.0,135.0,135.36986370680884,4,325.7636052009412,-34,8,8,14.098980956442768
955,338101,410960.0,3393430.0,38,30,8,0,2585.0,12.2,502,0,11,410975,3393470,504,0,11,-84.71,540,15.0,40.0,42.720018726587654,2,-9.443954780416561,-36,8,8,40.12071384071335
956,338101,410960.0,3393430.0,38,30,8,0,2585.0,12.2,502,0,11,411240,3393915,505,0,10,-81.5,540,280.0,485.0,560.0223209837266,3,-0.0013184604715092973,-35,8,8,3.576192201858163
957,338101,410960.0,3393430.0,38,30,8,0,2585.0,12.2,502,0,11,411200,3393875,507,0,5,-86.5,540,240.0,445.0,505.5937104039171,5,-1.6608679641041135,-33,8,8,3.7343870277760334
958,338101,410960.0,3393430.0,38,30,8,0,2585.0,12.2,502,0,11,411000,3393515,505,0,6,-84.93,540,40.0,85.0,93.94147114027967,3,-4.798876354524907,-35,8,8,20.43400534343736
959,338101,410960.0,3393430.0,38,30,8,0,2585.0,12.2,502,0,11,410965,3393480,504,0,11,-87.36,540,5.0,50.0,50.24937810560445,2,-24.289406862500357,-36,8,8,35.61882554686214
960,338101,410960.0,3393430.0,38,30,8,0,2585.0,12.2,502,0,11,410985,3393460,504,0,5,-84.25,540,25.0,30.0,39.05124837953327,2,9.805571092265211,-36,8,8,42.67189176477574
961,338101,410960.0,3393430.0,38,30,8,0,2585.0,12.2,502,0,11,410990,3393445,503,0,11,-85.0,540,30.0,15.0,33.54101966249684,1,33.434948822922024,-37,8,8,47.80725120815723
962,338101,410960.0,3393430.0,38,30,8,0,2585.0,12.2,502,0,11,410995,3393450,503,0,11,-91.0,540,35.0,20.0,40.311288741492746,1,30.255118703057803,-37,8,8,42.54748643781569
963,338101,410960.0,3393430.0,38,30,8,0,2585.0,12.2,502,0,11,410980,3393455,503,0,11,-85.36,540,20.0,25.0,32.01562118716424,1,8.65980825409008,-37,8,8,49.13078791884495
964,338101,410960.0,3393430.0,38,30,8,0,2585.0,12.2,502,0,11,411210,3393865,506,0,13,-84.5,540,250.0,435.0,501.72203459684727,4,-0.11347305957599474,-34,8,8,3.8768133162981764
965,338101,410960.0,3393430.0,38,30,8,0,2585.0,12.2,502,0,11,410970,3393465,504,0,11,-83.38,540,10.0,35.0,36.40054944640259,2,-14.054604099077153,-36,8,8,44.683019551656486
966,338101,410960.0,3393430.0,38,30,8,0,2585.0,12.2,502,0,11,411015,3393510,505,0,5,-84.0,540,55.0,80.0,97.082439194738,3,4.508522987668414,-35,8,8,19.825163440469897
967,338101,410960.0,3393430.0,38,30,8,0,2585.0,12.2,502,0,11,410885,3393560,510,0,5,-96.25,540,-75.0,130.0,150.08331019803634,8,300.01836063115064,-30,8,8,11.303816095896641
968,338101,410960.0,3393430.0,38,30,8,0,2585.0,12.2,502,0,11,410915,3393530,508,0,5,-91.5,540,-45.0,100.0,109.65856099730654,6,305.77225468204585,-32,8,8,16.268030709706498
969,338101,410960.0,3393430.0,38,30,8,0,2585.0,12.2,502,0,11,411040,3393395,504,0,5,-108.5,540,80.0,-35.0,87.32124598286491,2,83.62937773065681,-36,8,8,22.404924009686376
970,338101,410960.0,3393430.0,38,30,8,0,2585.0,12.2,502,0,11,410865,3393475,507,21,12,-99.0,540,-95.0,45.0,105.11898020814318,5,265.3461759419467,-33,8,8,17.42863705001454
971,338101,410960.0,3393430.0,38,30,8,0,2585.0,12.2,502,0,11,411065,3393275,504,0,8,-85.5,540,105.0,-155.0,187.21645226849054,2,115.88552705465872,-36,8,8,10.884593303604925
972,338101,410960.0,3393430.0,38,30,8,0,2585.0,12.2,502,0,11,410755,3393585,527,0,5,-98.0,540,-205.0,155.0,257.00194551792794,25,277.09283729704157,-13,8,8,2.8957400897096055
973,338101,410960.0,3393430.0,38,30,8,0,2585.0,12.2,502,0,11,411060,3393280,504,0,8,-90.5,540,100.0,-150.0,180.27756377319946,2,116.30993247402023,-36,8,8,11.292966996162274
974,338101,410960.0,3393430.0,38,30,8,0,2585.0,12.2,502,0,11,410840,3393460,507,0,13,-96.33,540,-120.0,30.0,123.69316876852982,5,254.03624346792645,-33,8,8,14.937970853769963
975,338101,410960.0,3393430.0,38,30,8,0,2585.0,12.2,502,0,11,410955,3393475,504,0,5,-86.25,540,-5.0,45.0,45.27692569068709,2,323.6598082540901,-36,8,8,38.48845528972088
976,338101,410960.0,3393430.0,38,30,8,0,2585.0,12.2,502,0,11,410895,3393495,508,21,5,-98.33,540,-65.0,65.0,91.92388155425118,6,285.0,-32,8,8,19.193728049170875
977,338101,410960.0,3393430.0,38,30,8,0,2585.0,12.2,502,0,11,410945,3393465,504,0,5,-89.0,540,-15.0,35.0,38.07886552931954,2,306.8014094863518,-36,8,8,43.39253790525675
978,338101,410960.0,3393430.0,38,30,8,0,2585.0,12.2,502,0,11,410890,3393500,508,21,12,-101.0,540,-70.0,70.0,98.99494936611666,6,285.0,-32,8,8,17.91336486752661
979,338101,410960.0,3393430.0,38,30,8,0,2585.0,12.2,502,0,11,410910,3393520,508,21,5,-99.67,540,-50.0,90.0,102.95630140987001,6,300.94539590092285,-32,8,8,17.265844247697565
980,338101,410960.0,3393430.0,38,30,8,0,2585.0,12.2,502,0,11,410965,3393565,506,0,12,-98.0,540,5.0,135.0,135.09256086106296,4,-27.87890360333853,-34,8,8,14.126764155864644
981,338101,410960.0,3393430.0,38,30,8,0,2585.0,12.2,502,0,11,411000,3393530,505,0,5,-84.2,540,40.0,100.0,107.70329614269008,3,-8.198590513648185,-35,8,8,18.002443263012836
982,338101,410960.0,3393430.0,38,30,8,0,2585.0,12.2,502,0,11,411010,3393540,505,0,5,-84.0,540,50.0,110.0,120.83045973594572,3,-5.556045219583439,-35,8,8,16.15429698487637
983,338101,410960.0,3393430.0,38,30,8,0,2585.0,12.2,502,0,11,411005,3393525,505,0,5,-83.73,540,45.0,95.0,105.11898020814318,3,-4.653824058053317,-35,8,8,18.415491341937102
984,338101,410960.0,3393430.0,38,30,8,0,2585.0,12.2,502,0,11,410950,3393480,504,0,6,-87.92,540,-10.0,50.0,50.99019513592785,2,318.69006752597977,-36,8,8,35.22278326309208
985,338101,410960.0,3393430.0,38,30,8,0,2585.0,12.2,502,0,11,411015,3393535,505,0,5,-86.11,540,55.0,105.0,118.53269591129698,3,-2.354024636261329,-35,8,8,16.45066786672279
986,338101,410960.0,3393430.0,38,30,8,0,2585.0,12.2,502,0,11,410975,3393575,506,0,5,-91.0,540,15.0,145.0,145.7737973711325,4,-24.093858886229498,-34,8,8,13.12884614937404
987,338101,410960.0,3393430.0,38,30,8,0,2585.0,12.2,502,0,11,410780,3392990,515,57,10,-94.0,540,-180.0,-440.0,475.3945729601885,13,172.24902365721235,-25,8,8,3.0102915204034484
988,338101,410960.0,3393430.0,38,30,8,0,2585.0,12.2,502,0,11,410900,3393510,509,0,5,-95.86,540,-60.0,80.0,100.0,7,293.13010235415595,-31,8,8,17.223436191131462
989,338101,410960.0,3393430.0,38,30,8,0,2585.0,12.2,502,0,11,410905,3393505,508,0,12,-94.17,540,-55.0,75.0,93.00537618869137,6,293.74616226255523,-32,8,8,18.986605112988904
990,338101,410960.0,3393430.0,38,30,8,0,2585.0,12.2,502,0,11,410970,3393580,506,24,12,-89.0,540,10.0,150.0,150.33296378372907,4,-26.185925165709648,-34,8,8,12.74388097999818
991,338101,410960.0,3393430.0,38,30,8,0,2585.0,12.2,502,0,11,410960,3393570,506,0,12,-89.0,540,0.0,140.0,140.0,4,-30.0,-34,8,8,13.65041913475699
992,338101,410960.0,3393430.0,38,30,8,0,2585.0,12.2,502,0,11,410940,3393470,504,0,6,-85.75,540,-20.0,40.0,44.721359549995796,2,303.434948822922,-36,8,8,38.8335250946362
993,338101,410960.0,3393430.0,38,30,8,0,2585.0,12.2,502,0,11,411020,3393550,505,0,5,-87.5,540,60.0,120.0,134.16407864998737,3,-3.434948822922024,-35,8,8,14.621143938770764
994,338101,410960.0,3393430.0,38,30,8,0,2585.0,12.2,502,0,11,410915,3393515,508,21,5,-90.5,540,-45.0,85.0,96.17692030835673,6,302.10272896905235,-32,8,8,18.40332382093995
995,338101,410960.0,3393430.0,38,30,8,0,2585.0,12.2,502,0,11,411030,3393560,505,0,5,-84.0,540,70.0,130.0,147.648230602334,3,-1.6992442339936247,-35,8,8,13.335804751055221
996,338101,410960.0,3393430.0,38,30,8,0,2585.0,12.2,502,0,11,410840,3393570,514,21,5,-90.0,540,-120.0,140.0,184.39088914585776,12,289.3987053549955,-26,8,8,8.026066553900723
997,338101,410960.0,3393430.0,38,30,8,0,2585.0,12.2,502,0,11,410825,3393545,517,0,5,-93.5,540,-135.0,115.0,177.341478509682,15,280.4260787400991,-23,8,8,7.389630377198819
998,338101,410960.0,3393430.0,38,30,8,0,2585.0,12.2,502,0,11,410830,3393560,516,0,5,-101.0,540,-130.0,130.0,183.84776310850236,14,285.0,-24,8,8,7.437492752668258
999,338101,410960.0,3393430.0,38,30,8,0,2585.0,12.2,502,0,11,410810,3393540,520,0,10,-98.0,540,-150.0,110.0,186.01075237738274,18,276.25383773744477,-20,8,8,6.136903891518818
1000,338101,410960.0,3393430.0,38,30,8,0,2585.0,12.2,502,0,11,410845,3393565,513,21,5,-123.0,540,-115.0,135.0,177.341478509682,11,289.5739212599009,-27,8,8,8.656726722064132
1001,338101,410960.0,3393430.0,38,30,8,0,2585.0,12.2,502,0,11,410865,3393585,511,6,6,-106.0,540,-95.0,155.0,181.79658962697843,9,298.49573328079583,-29,8,8,9.06340041421628
1002,338101,410960.0,3393430.0,38,30,8,0,2585.0,12.2,502,0,11,409030,3390245,498,0,5,-101.5,540,-1930.0,-3185.0,3724.127414576467,-4,181.21441572287804,-42,8,8,0.64614350046765
1003,338101,410960.0,3393430.0,38,30,8,0,2585.0,12.2,502,0,11,410960,3393360,501,0,13,-115.0,540,0.0,-70.0,70.0,-1,150.0,-39,8,8,29.124053494777428
1004,338101,410960.0,3393430.0,38,30,8,0,2585.0,12.2,502,0,11,410955,3393365,501,48,5,-99.0,540,-5.0,-65.0,65.19202405202648,-1,154.3987053549955,-39,8,8,30.88924308691088
1005,338101,410960.0,3393430.0,38,30,8,0,2585.0,12.2,502,0,11,411045,3393595,505,0,5,-74.5,540,85.0,165.0,185.60711193270586,3,-2.744671625056924,-35,8,8,10.678888099357284
1006,338101,410960.0,3393430.0,38,30,8,0,2585.0,12.2,502,0,11,411120,3393520,506,0,5,-107.0,540,160.0,90.0,183.5755975068582,4,30.642246457208728,-34,8,8,10.492840660676721
1007,338101,410960.0,3393430.0,38,30,8,0,2585.0,12.2,502,0,11,411050,3393590,505,0,5,-78.0,540,90.0,160.0,183.5755975068582,3,-0.6422464572087279,-35,8,8,10.794302681297324
1008,338101,410960.0,3393430.0,38,30,8,0,2585.0,12.2,502,0,11,411180,3393460,508,0,12,-95.33,540,220.0,30.0,222.03603311174518,6,52.23483398157464,-32,8,8,8.201041233892141
1009,338101,410960.0,3393430.0,38,30,8,0,2585.0,12.2,502,0,11,411080,3393560,506,0,5,-86.5,540,120.0,130.0,176.91806012954132,4,12.709389957361452,-34,8,8,10.878436350157193
1010,338101,410960.0,3393430.0,38,30,8,0,2585.0,12.2,502,0,11,409035,3390215,498,0,12,-89.0,540,-1925.0,-3215.0,3747.245655144589,-4,180.91131189728023,-42,8,8,0.6421575205007976
1011,338101,410960.0,3393430.0,38,30,8,0,2585.0,12.2,502,0,11,409025,3390205,498,0,13,-104.0,540,-1935.0,-3225.0,3760.9639721752187,-4,180.96375653207352,-42,8,8,0.6398154117093541
1012,338101,410960.0,3393430.0,38,30,8,0,2585.0,12.2,502,0,11,409020,3390210,498,0,13,-94.0,540,-1940.0,-3220.0,3759.2552453910334,-4,181.06831075819701,-42,8,8,0.6401062083467705
1013,338101,410960.0,3393430.0,38,30,8,0,2585.0,12.2,502,0,11,409030,3390220,498,0,12,-98.5,540,-1930.0,-3210.0,3745.5306700119277,-4,181.01622517996455,-42,8,8,0.6424515237840437
1014,338101,410960.0,3393430.0,38,30,8,0,2585.0,12.2,502,0,11,411550,3393225,503,0,12,-100.5,540,590.0,-205.0,624.5998719180144,1,79.1601731219813,-37,8,8,3.3901212991384093
1015,338101,410960.0,3393430.0,38,30,8,0,2585.0,12.2,502,0,11,411070,3393590,506,30,12,-81.0,540,110.0,160.0,194.164878389476,4,4.508522987668414,-34,8,8,9.932299992490863
1016,338101,410960.0,3393430.0,38,30,8,0,2585.0,12.2,502,0,11,411165,3393455,508,0,12,-102.0,540,205.0,25.0,206.51876428063383,6,53.047042531826094,-32,8,8,8.807913028949448
1017,338101,410960.0,3393430.0,38,30,8,0,2585.0,12.2,502,0,11,411175,3393445,508,0,5,-97.0,540,215.0,15.0,215.52262062252305,6,56.00908690157024,-32,8,8,8.445365734597045
1018,338101,410960.0,3393430.0,38,30,8,0,2585.0,12.2,502,0,11,411040,3393580,505,0,5,-73.33,540,80.0,150.0,170.0,3,-1.9275130641470355,-35,8,8,11.633633998940438
1019,338101,410960.0,3393430.0,38,30,8,0,2585.0,12.2,502,0,11,411190,3393470,508,0,5,-96.0,540,230.0,40.0,233.45235059857504,6,50.13419305691565,-32,8,8,7.805060408664655
1020,338101,410960.0,3393430.0,38,30,8,0,2585.0,12.2,502,0,11,411065,3393595,505,0,12,-73.5,540,105.0,165.0,195.57607215607945,3,2.471192290848478,-35,8,8,10.146162290941605
1021,338101,410960.0,3393430.0,38,30,8,0,2585.0,12.2,502,0,11,411170,3393450,508,0,12,-110.5,540,210.0,20.0,210.95023109728987,6,54.55966796899452,-32,8,8,8.625695919851148
1022,338101,410960.0,3393430.0,38,30,8,0,2585.0,12.2,502,0,11,411080,3393540,506,0,12,-105.0,540,120.0,110.0,162.78820596099706,4,17.489552921999177,-34,8,8,11.797225084985099
1023,338101,410960.0,3393430.0,38,30,8,0,2585.0,12.2,502,0,11,411100,3393560,506,30,5,-96.0,540,140.0,130.0,191.049731745428,4,17.12109639666147,-34,8,8,10.090947941597056
1024,338101,410960.0,3393430.0,38,30,8,0,2585.0,12.2,502,0,11,411090,3393530,506,0,5,-86.67,540,130.0,100.0,164.01219466856725,4,22.43140797117252,-34,8,8,11.711625519062448
1025,338101,410960.0,3393430.0,38,30,8,0,2585.0,12.2,502,0,11,410855,3393605,511,6,5,-98.0,540,-105.0,175.0,204.08331631958552,9,299.03624346792645,-29,8,8,8.087518547650228
1026,338101,410960.0,3393430.0,38,30,8,0,2585.0,12.2,502,0,11,411375,3393085,499,0,6,-91.75,540,415.0,-345.0,539.6758286230726,-3,99.7376046004049,-41,8,8,4.344502676452783
1027,338101,410960.0,3393430.0,38,30,8,0,2585.0,12.2,502,0,11,411440,3393160,500,0,12,-101.0,540,480.0,-270.0,550.7267925205746,-2,89.35775354279127,-40,8,8,4.154172056602207
1028,338101,410960.0,3393430.0,38,30,8,0,2585.0,12.2,502,0,11,411460,3393140,500,0,12,-105.0,540,500.0,-290.0,578.013840664737,-2,90.11373315098245,-40,8,8,3.95869956869482
1029,338101,410960.0,3393430.0,38,30,8,0,2585.0,12.2,502,0,11,411450,3393150,500,0,5,-105.5,540,490.0,-280.0,564.3580423808985,-2,89.74488129694225,-40,8,8,4.054172753490642
1030,338101,410960.0,3393430.0,38,30,8,0,2585.0,12.2,502,0,11,411390,3393210,499,51,13,-93.5,540,430.0,-220.0,483.01138702933287,-3,87.09555249375182,-41,8,8,4.8518714532270675
1031,338101,410960.0,3393430.0,38,30,8,0,2585.0,12.2,502,0,11,411485,3393195,501,0,5,-95.0,540,525.0,-235.0,575.1956188984752,-1,84.11419853930698,-39,8,8,3.8788900734346017
1032,338101,410960.0,3393430.0,38,30,8,0,2585.0,12.2,502,0,11,411395,3393085,499,0,6,-91.5,540,435.0,-345.0,555.2026656996525,-3,98.418055344822,-41,8,8,4.2234499341394205
1033,338101,410960.0,3393430.0,38,30,8,0,2585.0,12.2,502,0,11,411315,3393165,500,0,13,-105.33,540,355.0,-265.0,443.00112866673373,-2,96.74056202012116,-40,8,8,5.159429609858941
1034,338101,410960.0,3393430.0,38,30,8,0,2585.0,12.2,502,0,11,410850,3393465,506,0,5,-92.0,540,-110.0,35.0,115.43396380615195,4,257.65012421993015,-34,8,8,16.411846828048237
1035,338101,410960.0,3393430.0,38,30,8,0,2585.0,12.2,502,0,11,411050,3393265,504,48,5,-104.5,540,90.0,-165.0,187.94946129212502,2,121.38954033403479,-36,8,8,10.843151267830976
1036,338101,410960.0,3393430.0,38,30,8,0,2585.0,12.2,502,0,11,410980,3393465,504,0,11,-83.24,540,20.0,35.0,40.311288741492746,2,-0.2551187030578035,-36,8,8,41.76645037165943
1037,338101,410960.0,3393430.0,38,30,8,0,2585.0,12.2,502,0,11,410975,3393460,504,0,11,-85.33,540,15.0,30.0,33.54101966249684,2,-3.434948822922024,-36,8,8,47.02514314800429
1038,338101,410960.0,3393430.0,38,30,8,0,2585.0,12.2,502,0,11,410995,3393480,504,0,5,-84.33,540,35.0,50.0,61.032778078668514,2,4.9920201985586345,-36,8,8,30.534101008431254
1039,338101,410960.0,3393430.0,38,30,8,0,2585.0,12.2,502,0,11,411210,3393855,506,0,5,-85.5,540,250.0,425.0,493.0770730829005,4,0.4655449194598873,-34,8,8,3.944571502219579
1040,338101,410960.0,3393430.0,38,30,8,0,2585.0,12.2,502,0,11,411205,3393850,506,0,5,-85.0,540,245.0,420.0,486.2355396307432,4,0.25643716352925594,-34,8,8,3.9998943304539063
1041,338101,410960.0,3393430.0,38,30,8,0,2585.0,12.2,502,0,11,410990,3393475,504,0,11,-81.91,540,30.0,45.0,54.08326913195984,2,3.690067525979771,-36,8,8,33.64933349870999
1042,338101,410960.0,3393430.0,38,30,8,0,2585.0,12.2,502,0,11,411080,3393405,506,0,11,-93.0,540,120.0,-25.0,122.57650672131263,4,71.76828893202065,-34,8,8,15.502832619613127
1043,338101,410960.0,3393430.0,38,30,8,0,2585.0,12.2,502,0,11,411260,3393905,504,9,5,-78.67,540,300.0,475.0,561.8051263561058,2,2.275644314577619,-36,8,8,3.6664525258924043
1044,338101,410960.0,3393430.0,38,30,8,0,2585.0,12.2,502,0,11,410985,3393470,504,0,11,-85.0,540,25.0,40.0,47.16990566028302,2,2.005383208083515,-36,8,8,37.350818292432976
1045,338101,410960.0,3393430.0,38,30,8,0,2585.0,12.2,502,0,11,411225,3393870,506,0,5,-82.0,540,265.0,440.0,513.638978271704,4,1.0594088297099802,-34,8,8,3.787132170984111
1046,338101,410960.0,3393430.0,38,30,8,0,2585.0,12.2,502,0,11,410880,3393525,510,0,5,-95.0,540,-80.0,95.0,124.19742348374221,8,289.8990924537878,-30,8,8,13.579724359999313
1047,338101,410960.0,3393430.0,38,30,8,0,2585.0,12.2,502,0,11,411085,3393410,507,0,5,-93.0,540,125.0,-20.0,126.58988901172162,5,69.0902769208223,-33,8,8,14.61093641172051
1048,338101,410960.0,3393430.0,38,30,8,0,2585.0,12.2,502,0,11,411000,3393485,505,0,5,-83.5,540,40.0,55.0,68.00735254367721,3,6.027373385103601,-35,8,8,27.232626066717298
1049,338101,410960.0,3393430.0,38,30,8,0,2585.0,12.2,502,0,11,410935,3393580,506,0,5,-97.5,540,-25.0,150.0,152.0690632574555,4,320.5376777919744,-34,8,8,12.60306347367214
1050,338101,410960.0,3393430.0,38,30,8,0,2585.0,12.2,502,0,11,410960,3393445,503,0,5,-87.5,540,0.0,15.0,15.0,1,-30.0,-37,8,8,67.9321004375898
1051,338101,410960.0,3393430.0,38,30,8,0,2585.0,12.2,502,0,11,410965,3393450,503,0,11,-91.0,540,5.0,20.0,20.615528128088304,1,-15.963756532073546,-37,8,8,60.874478341848274
1052,338101,410960.0,3393430.0,38,30,8,0,2585.0,12.2,502,0,11,410930,3393575,506,0,5,-97.0,540,-30.0,145.0,148.07092894960846,4,318.3106308245608,-34,8,8,12.93206712682952
1053,338101,410960.0,3393430.0,38,30,8,0,2585.0,12.2,502,0,11,411005,3393490,505,0,5,-85.2,540,45.0,60.0,75.0,3,6.869897645844048,-35,8,8,25.016893478100023
1054,338101,410960.0,3393430.0,38,30,8,0,2585.0,12.2,502,0,11,410970,3393455,503,0,11,-83.6,540,10.0,25.0,26.92582403567252,1,-8.198590513648185,-37,8,8,53.9556825261507
1055,338101,410960.0,3393430.0,38,30,8,0,2585.0,12.2,502,0,11,411260,3393960,504,0,13,-82.5,540,300.0,530.0,609.0155991434045,2,-0.4885014429096941,-36,8,8,3.3829193412768657
1056,338101,410960.0,3393430.0,38,30,8,0,2585.0,12.2,502,0,11,411255,3393925,504,0,10,-81.0,540,295.0,495.0,576.2377981354573,2,0.7932338822396332,-36,8,8,3.5748623442152523
1057,338101,410960.0,3393430.0,38,30,8,0,2585.0,12.2,502,0,11,411270,3393950,503,0,13,-88.0,540,310.0,520.0,605.3924347066124,1,0.8014459761368471,-37,8,8,3.497417632570909
1058,338101,410960.0,3393430.0,38,30,8,0,2585.0,12.2,502,0,11,408940,3390320,497,0,7,-96.5,540,-2020.0,-3110.0,3708.4363281577316,-5,183.00443647599226,-43,8,8,0.6643253101103412
1059,338101,410960.0,3393430.0,38,30,8,0,2585.0,12.2,502,0,11,410870,3393555,511,21,5,-101.0,540,-90.0,125.0,154.02921800749363,9,294.24611274556327,-29,8,8,10.662598928572233
1060,338101,410960.0,3393430.0,38,30,8,0,2585.0,12.2,502,0,11,410840,3393525,514,0,12,-98.67,540,-120.0,95.0,153.05227865013967,12,278.36748538486154,-26,8,8,9.641173207424824
1061,338101,410960.0,3393430.0,38,30,8,0,2585.0,12.2,502,0,11,410850,3393535,512,0,5,-98.33,540,-110.0,105.0,152.0690632574555,10,283.6677801461304,-28,8,8,10.432839204932424
1062,338101,410960.0,3393430.0,38,30,8,0,2585.0,12.2,502,0,11,410855,3393540,512,0,12,-98.29,540,-105.0,110.0,152.0690632574555,10,286.3322198538696,-28,8,8,10.432839204932424
1063,338101,410960.0,3393430.0,38,30,8,0,2585.0,12.2,502,0,11,410865,3393550,511,21,5,-97.5,540,-95.0,120.0,153.05227865013967,9,291.63251461513846,-29,8,8,10.729083674508948
1064,338101,410960.0,3393430.0,38,30,8,0,2585.0,12.2,502,0,11,411470,3393255,503,21,6,-101.0,540,510.0,-175.0,539.1892061234164,1,78.93900426024004,-37,8,8,3.9255712858072265
1065,338101,410960.0,3393430.0,38,30,8,0,2585.0,12.2,502,0,11,411405,3393150,499,0,6,-91.0,540,445.0,-280.0,525.76135270672,-3,92.17865620660109,-41,8,8,4.459023848825711
1066,338101,410960.0,3393430.0,38,30,8,0,2585.0,12.2,502,0,11,411565,3393275,503,0,5,-102.0,540,605.0,-155.0,624.5398305952951,1,74.3700015151793,-37,8,8,3.3904464546357587
1067,338101,410960.0,3393430.0,38,30,8,0,2585.0,12.2,502,0,11,411560,3393280,503,0,5,-94.33,540,600.0,-150.0,618.4658438426491,1,74.03624346792651,-37,8,8,3.4236653930126053
1068,338101,410960.0,3393430.0,38,30,8,0,2585.0,12.2,502,0,11,410890,3393690,508,0,12,-98.0,540,-70.0,260.0,269.2582403567252,6,314.93151184050777,-32,8,8,6.777528245018989
1069,338101,410960.0,3393430.0,38,30,8,0,2585.0,12.2,502,0,11,410895,3393685,509,0,5,-102.0,540,-65.0,255.0,263.1539473388153,7,315.6997225508144,-31,8,8,6.718579766592878
1070,338101,410960.0,3393430.0,38,30,8,0,2585.0,12.2,502,0,11,411030,3393670,518,0,5,-95.0,540,70.0,240.0,250.0,16,-13.73979529168804,-22,8,8,5.029073581785447
1071,338101,410960.0,3393430.0,38,30,8,0,2585.0,12.2,502,0,11,411175,3393805,507,0,5,-82.5,540,215.0,375.0,432.26149493101974,5,-0.17291534552526855,-33,8,8,4.365645081055163
1072,338101,410960.0,3393430.0,38,30,8,0,2585.0,12.2,502,0,11,411195,3393825,507,0,12,-82.0,540,235.0,395.0,459.6194077712559,5,0.74996730219641,-33,8,8,4.106705958187715
1073,338101,410960.0,3393430.0,38,30,8,0,2585.0,12.2,502,0,11,411170,3393810,507,0,5,-84.33,540,210.0,380.0,434.1658669218482,5,-1.0735741647463897,-33,8,8,4.3465696947490455
1074,338101,410960.0,3393430.0,38,30,8,0,2585.0,12.2,502,0,11,411190,3393830,507,0,5,-81.4,540,230.0,400.0,461.41087980237313,5,-0.10109816138543692,-33,8,8,4.090815515304378
1075,338101,410960.0,3393430.0,38,30,8,0,2585.0,12.2,502,0,11,411180,3393840,507,0,6,-80.67,540,220.0,410.0,465.29560496527364,5,-1.7826441452706945,-33,8,8,4.056776052016567
1076,338101,410960.0,3393430.0,38,30,8,0,2585.0,12.2,502,0,11,411035,3393665,516,0,6,-72.33,540,75.0,235.0,246.6779276708802,14,-12.299572211332816,-24,8,8,5.5569801063265984
1077,338101,410960.0,3393430.0,38,30,8,0,2585.0,12.2,502,0,11,410965,3393615,508,0,12,-88.0,540,5.0,185.0,185.06755523321746,6,-28.451842301022054,-32,8,8,9.810005241817002
1078,338101,410960.0,3393430.0,38,30,8,0,2585.0,12.2,502,0,11,410970,3393610,508,0,5,-86.5,540,10.0,180.0,180.27756377319946,6,-26.82016988013578,-32,8,8,10.065395023400326
1079,338101,410960.0,3393430.0,38,30,8,0,2585.0,12.2,502,0,11,408910,3390335,498,0,7,-90.0,540,-2050.0,-3095.0,3712.3476399712354,-4,183.51884418955518,-42,8,8,0.6481936253858837
1080,338101,410960.0,3393430.0,38,30,8,0,2585.0,12.2,502,0,11,408905,3390330,498,0,12,-87.0,540,-2055.0,-3100.0,3719.277483598125,-4,183.54052630827292,-42,8,8,0.646985998824791
1081,338101,410960.0,3393430.0,38,30,8,0,2585.0,12.2,502,0,11,410930,3393435,502,0,5,-101.0,540,-30.0,5.0,30.4138126514911,0,249.46232220802563,-38,8,8,51.3274949179272
1082,338101,410960.0,3393430.0,38,30,8,0,2585.0,12.2,502,0,11,411100,3393565,506,30,12,-100.5,540,140.0,135.0,194.48650338776724,4,16.04162667600997,-34,8,8,9.916201106722939
1083,338101,410960.0,3393430.0,38,30,8,0,2585.0,12.2,502,0,11,410915,3393380,500,0,5,-87.0,540,-45.0,-50.0,67.26812023536856,-2,191.98721249581664,-40,8,8,30.73721145990559
1084,338101,410960.0,3393430.0,38,30,8,0,2585.0,12.2,502,0,11,411135,3393480,507,0,5,-93.0,540,175.0,50.0,182.00274723201295,5,44.05460409907715,-33,8,8,10.27698875951784
1085,338101,410960.0,3393430.0,38,30,8,0,2585.0,12.2,502,0,11,411250,3393755,504,0,5,-92.0,540,290.0,325.0,435.5743334954437,2,11.742778059333034,-36,8,8,4.724728828311746
1086,338101,410960.0,3393430.0,38,30,8,0,2585.0,12.2,502,0,11,410950,3393415,501,0,11,-99.0,540,-10.0,-15.0,18.027756377319946,-1,183.69006752597977,-39,8,8,65.1912519461732
1087,338101,410960.0,3393430.0,38,30,8,0,2585.0,12.2,502,0,11,408930,3390350,498,24,7,-91.0,540,-2030.0,-3080.0,3688.8073953515113,-4,183.3885135761115,-42,8,8,0.6523297378146462
1088,338101,410960.0,3393430.0,38,30,8,0,2585.0,12.2,502,0,11,408935,3390345,498,69,7,-97.0,540,-2025.0,-3085.0,3690.237119752605,-4,183.2809727077594,-42,8,8,0.652077024732627
1089,338101,410960.0,3393430.0,38,30,8,0,2585.0,12.2,502,0,11,408860,3390260,498,0,2,-89.75,540,-2100.0,-3170.0,3802.4860289026706,-4,183.5229030710078,-42,8,8,0.6328293822627467
1090,338101,410960.0,3393430.0,38,30,8,0,2585.0,12.2,502,0,11,410880,3393630,509,21,5,-104.0,540,-80.0,200.0,215.40659228538016,7,308.1985905136482,-31,8,8,8.189429600548138
1091,338101,410960.0,3393430.0,38,30,8,0,2585.0,12.2,502,0,11,410895,3393635,509,21,13,-98.0,540,-65.0,205.0,215.05813167606567,7,312.4075754378184,-31,8,8,8.20251858615372
1092,338101,410960.0,3393430.0,38,30,8,0,2585.0,12.2,502,0,11,410920,3393670,512,24,5,-103.33,540,-40.0,240.0,243.3105012119288,10,320.5376777919744,-28,8,8,6.564680108806798
1093,338101,410960.0,3393430.0,38,30,8,0,2585.0,12.2,502,0,11,410915,3393615,509,0,5,-99.0,540,-45.0,185.0,190.3943276465977,7,316.3286928678042,-31,8,8,9.24774699604276
1094,338101,410960.0,3393430.0,38,30,8,0,2585.0,12.2,502,0,11,408995,3390335,498,72,7,-96.0,540,-1965.0,-3095.0,3666.094652351464,-4,182.4112594889489,-42,8,8,0.6563707969894553
1095,338101,410960.0,3393430.0,38,30,8,0,2585.0,12.2,502,0,11,408985,3390325,497,0,7,-93.5,540,-1975.0,-3105.0,3679.898096415171,-5,182.45925069462433,-43,8,8,0.6694767980679914
1096,338101,410960.0,3393430.0,38,30,8,0,2585.0,12.2,502,0,11,408980,3390330,498,0,7,-92.0,540,-1980.0,-3100.0,3678.369203872825,-4,182.56676481190436,-42,8,8,0.6541807080185258
1097,338101,410960.0,3393430.0,38,30,8,0,2585.0,12.2,502,0,11,411485,3393235,503,0,5,-99.5,540,525.0,-195.0,560.0446410778341,1,80.37643521383637,-37,8,8,3.7798193322823512
1098,338101,410960.0,3393430.0,38,30,8,0,2585.0,12.2,502,0,11,411475,3393245,503,0,6,-96.0,540,515.0,-185.0,547.2202481633881,1,79.7594707352132,-37,8,8,3.8681355249118634
1099,338101,410960.0,3393430.0,38,30,8,0,2585.0,12.2,502,0,11,411405,3393155,499,0,6,-97.0,540,445.0,-275.0,523.1156659860227,-3,91.71513351509782,-41,8,8,4.481483974518983
1100,338101,410960.0,3393430.0,38,30,8,0,2585.0,12.2,502,0,11,411395,3393165,499,12,8,-97.0,540,435.0,-265.0,509.36234646860186,-3,91.34958086524301,-41,8,8,4.601975796057664
1101,338101,410960.0,3393430.0,38,30,8,0,2585.0,12.2,502,0,11,411030,3393400,504,48,13,-91.0,540,70.0,-30.0,76.15773105863909,2,83.19859051364818,-36,8,8,25.30024932363499
1102,338101,410960.0,3393430.0,38,30,8,0,2585.0,12.2,502,0,11,411185,3393545,509,0,5,-89.0,540,225.0,115.0,252.68557536986555,7,32.927919762007264,-31,8,8,6.9942172059857155
1103,338101,410960.0,3393430.0,38,30,8,0,2585.0,12.2,502,0,11,411180,3393550,508,0,12,-92.0,540,220.0,120.0,250.59928172283335,6,31.38954033403479,-32,8,8,7.276940205640297
1104,338101,410960.0,3393430.0,38,30,8,0,2585.0,12.2,502,0,11,410990,3393440,503,48,5,-87.5,540,30.0,10.0,31.622776601683793,1,41.565051177077976,-37,8,8,49.48049402961915
1105,338101,410960.0,3393430.0,38,30,8,0,2585.0,12.2,502,0,11,411035,3393395,504,0,5,-105.0,540,75.0,-35.0,82.76472678623425,2,85.01689347810003,-36,8,8,23.507494004000044
1106,338101,410960.0,3393430.0,38,30,8,0,2585.0,12.2,502,0,11,411195,3393555,509,0,5,-93.14,540,235.0,125.0,266.1766330841233,7,31.990823291986146,-31,8,8,6.642969741246422
1107,338101,410960.0,3393430.0,38,30,8,0,2585.0,12.2,502,0,11,411190,3393560,509,0,12,-91.2,540,230.0,130.0,264.1968962724581,7,30.524110996754246,-31,8,8,6.692298407170258
1108,338101,410960.0,3393430.0,38,30,8,0,2585.0,12.2,502,0,11,411650,3393265,503,51,5,-100.5,540,690.0,-165.0,709.454015423128,1,73.44861505168649,-37,8,8,2.9854295075547825
1109,338101,410960.0,3393430.0,38,30,8,0,2585.0,12.2,502,0,11,410935,3393720,512,0,12,-97.0,540,-25.0,290.0,291.0755915565577,10,325.072890052351,-28,8,8,5.494657664959833
1110,338101,410960.0,3393430.0,38,30,8,0,2585.0,12.2,502,0,11,410895,3393760,504,0,6,-100.0,540,-65.0,330.0,336.34060117684277,2,318.85711014166066,-36,8,8,6.109357452885924
1111,338101,410960.0,3393430.0,38,30,8,0,2585.0,12.2,502,0,11,411175,3393800,507,0,5,-82.75,540,215.0,370.0,427.93106921559223,5,0.16006083808707672,-33,8,8,4.409649616018896
1112,338101,410960.0,3393430.0,38,30,8,0,2585.0,12.2,502,0,11,411165,3393790,507,0,12,-85.71,540,205.0,360.0,414.2764777295472,5,-0.3408907640048824,-33,8,8,4.554390312519953
1113,338101,410960.0,3393430.0,38,30,8,0,2585.0,12.2,502,0,11,411160,3393785,507,0,5,-86.67,540,200.0,355.0,407.4616546375867,5,-0.6039471450567362,-33,8,8,4.630234289371183
1114,338101,410960.0,3393430.0,38,30,8,0,2585.0,12.2,502,0,11,411170,3393795,507,0,12,-84.0,540,210.0,365.0,421.0997506529777,5,-0.08635400846509356,-33,8,8,4.480896428773901
1115,338101,410960.0,3393430.0,38,30,8,0,2585.0,12.2,502,0,11,410970,3393675,516,0,5,-98.0,540,10.0,245.0,245.20399670478457,14,-27.66269414087617,-24,8,8,5.590172379870331
1116,338101,410960.0,3393430.0,38,30,8,0,2585.0,12.2,502,0,11,411030,3393615,508,0,6,-76.0,540,70.0,185.0,197.80040444852483,6,-9.274441134439485,-32,8,8,9.189647836795375
1117,338101,410960.0,3393430.0,38,30,8,0,2585.0,12.2,502,0,11,411185,3393500,509,30,12,-96.0,540,225.0,70.0,235.63743335896356,7,42.71850162818339,-31,8,8,7.494680385859439
1118,338101,410960.0,3393430.0,38,30,8,0,2585.0,12.2,502,0,11,411210,3393705,505,0,5,-99.5,540,250.0,275.0,371.6517186829626,3,12.273689006093718,-35,8,8,5.3799167033826505
1119,338101,410960.0,3393430.0,38,30,8,0,2585.0,12.2,502,0,11,410920,3393435,502,21,6,-94.0,540,-40.0,5.0,40.311288741492746,0,247.1250163489018,-38,8,8,43.30945626534975
1120,338101,410960.0,3393430.0,38,30,8,0,2585.0,12.2,502,0,11,411085,3393600,506,0,5,-76.0,540,125.0,170.0,211.00947846009194,4,6.326825952120203,-34,8,8,9.153405229236915
1121,338101,410960.0,3393430.0,38,30,8,0,2585.0,12.2,502,0,11,411190,3393485,509,0,5,-97.0,540,230.0,55.0,236.48467180770933,7,46.55138494831351,-31,8,8,7.468133297897308
1122,338101,410960.0,3393430.0,38,30,8,0,2585.0,12.2,502,0,11,411255,3393970,504,0,5,-83.17,540,295.0,540.0,615.3251173160413,2,-1.352383543191138,-36,8,8,3.348310356921338
1123,338101,410960.0,3393430.0,38,30,8,0,2585.0,12.2,502,0,11,411230,3393945,506,0,6,-79.0,540,270.0,515.0,581.4851674806504,4,-2.3332427077156126,-34,8,8,3.3463295625240574
1124,338101,410960.0,3393430.0,38,30,8,0,2585.0,12.2,502,0,11,407805,3393130,509,0,5,-117.0,540,-3155.0,-300.0,3169.230979275572,7,234.5682381251662,-31,8,8,0.5604238165480103
1125,338101,410960.0,3393430.0,38,30,8,0,2585.0,12.2,502,0,11,407800,3393125,508,0,12,-105.0,540,-3160.0,-305.0,3174.6850237464505,6,234.48694677079442,-32,8,8,0.5775070094936424
1126,338101,410960.0,3393430.0,38,30,8,0,2585.0,12.2,502,0,11,411475,3393265,503,21,6,-95.67,540,515.0,-165.0,540.7864643276494,1,77.7648533006975,-37,8,8,3.9140128722123877
1127,338101,410960.0,3393430.0,38,30,8,0,2585.0,12.2,502,0,11,411420,3393160,499,0,5,-95.0,540,460.0,-270.0,533.3854141237834,-3,90.41108126712538,-41,8,8,4.395539395173173
1128,338101,410960.0,3393430.0,38,30,8,0,2585.0,12.2,502,0,11,411350,3393070,499,0,6,-86.5,540,390.0,-360.0,530.7541803886239,-3,102.70938995736151,-41,8,8,4.41724441392761
1129,338101,410960.0,3393430.0,38,30,8,0,2585.0,12.2,502,0,11,411495,3393205,502,12,12,-94.5,540,535.0,-225.0,580.387801388003,0,82.80971110387748,-38,8,8,3.7460065185275773
1130,338101,410960.0,3393430.0,38,30,8,0,2585.0,12.2,502,0,11,410845,3393525,513,0,5,-103.0,540,-115.0,95.0,149.164338901763,11,279.5596679689945,-27,8,8,10.259928326357048
1131,338101,410960.0,3393430.0,38,30,8,0,2585.0,12.2,502,0,11,410855,3393535,512,0,5,-94.6,540,-105.0,105.0,148.49242404917499,10,285.0,-28,8,8,10.678414922779545
1132,338101,410960.0,3393430.0,38,30,8,0,2585.0,12.2,502,0,11,410870,3393560,511,0,12,-95.5,540,-90.0,130.0,158.11388300841898,9,295.304846468766,-29,8,8,10.393224235526036
1133,338101,410960.0,3393430.0,38,30,8,0,2585.0,12.2,502,0,11,410860,3393550,511,21,5,-90.33,540,-100.0,120.0,156.20499351813308,9,290.1944289077348,-29,8,8,10.51741629265024
1134,338101,410960.0,3393430.0,38,30,8,0,2585.0,12.2,502,0,11,409125,3390130,496,12,6,-101.0,540,-1835.0,-3300.0,3775.874070993364,-6,179.07671179425515,-44,8,8,0.6676335466413222
1135,338101,410960.0,3393430.0,38,30,8,0,2585.0,12.2,502,0,11,408990,3390315,497,0,7,-92.0,540,-1970.0,-3115.0,3685.6647975636633,-5,182.31023276767326,-43,8,8,0.6684294098030427
1136,338101,410960.0,3393430.0,38,30,8,0,2585.0,12.2,502,0,11,410935,3393665,513,24,5,-94.0,540,-25.0,235.0,236.32604596192948,11,323.9275435927923,-27,8,8,6.517721838236263
1137,338101,410960.0,3393430.0,38,30,8,0,2585.0,12.2,502,0,11,411565,3393285,503,0,5,-96.5,540,605.0,-145.0,622.1334262037365,1,73.4778227532413,-37,8,8,3.4035298898215296
1138,338101,410960.0,3393430.0,38,30,8,0,2585.0,12.2,502,0,11,411525,3393325,500,0,12,-90.5,540,565.0,-105.0,574.6738205277843,-2,70.52778611996354,-40,8,8,3.9816338501988238
1139,338101,410960.0,3393430.0,38,30,8,0,2585.0,12.2,502,0,11,411535,3393335,500,0,5,-91.33,540,575.0,-95.0,582.7949896833362,-2,69.38151016074823,-40,8,8,3.926325079400553
1140,338101,410960.0,3393430.0,38,30,8,0,2585.0,12.2,502,0,11,410870,3393625,509,21,5,-100.0,540,-90.0,195.0,214.76731594914529,7,305.22485943116806,-31,8,8,8.213474149614006
1141,338101,410960.0,3393430.0,38,30,8,0,2585.0,12.2,502,0,11,410865,3393640,508,0,13,-98.0,540,-95.0,210.0,230.4886114323222,6,305.6589100633075,-32,8,8,7.904161220812194
1142,338101,410960.0,3393430.0,38,30,8,0,2585.0,12.2,502,0,11,410875,3393630,509,21,5,-97.0,540,-85.0,200.0,217.3131381210073,7,306.97450799147197,-31,8,8,8.11854354385533
1143,338101,410960.0,3393430.0,38,30,8,0,2585.0,12.2,502,0,11,411375,3393090,499,0,6,-101.5,540,415.0,-340.0,536.4932432006949,-3,99.32697786007469,-41,8,8,4.3701755878114845
1144,338101,410960.0,3393430.0,38,30,8,0,2585.0,12.2,502,0,11,411400,3393055,499,0,5,-85.33,540,440.0,-375.0,578.1219594514638,-3,100.44004991258817,-41,8,8,4.056584284135912
1145,338101,410960.0,3393430.0,38,30,8,0,2585.0,12.2,502,0,11,411370,3393085,499,0,6,-92.0,540,410.0,-345.0,535.8404613315422,-3,100.07938396363602,-41,8,8,4.375478844923194
1146,338101,410960.0,3393430.0,38,30,8,0,2585.0,12.2,502,0,11,410680,3393775,504,0,5,-101.0,540,-280.0,345.0,444.3253312607779,2,290.93741609948154,-36,8,8,4.632084154568008
1147,338101,410960.0,3393430.0,38,30,8,0,2585.0,12.2,502,0,11,411395,3393190,499,51,8,-105.0,540,435.0,-240.0,496.8148548503758,-3,88.8865817669107,-41,8,8,4.717684503759441
1148,338101,410960.0,3393430.0,38,30,8,0,2585.0,12.2,502,0,11,408915,3390295,498,0,7,-77.5,540,-2045.0,-3135.0,3743.0268500239213,-4,183.1169165643156,-42,8,8,0.6428812423163331
1149,338101,410960.0,3393430.0,38,30,8,0,2585.0,12.2,502,0,11,411600,3393345,503,0,13,-102.33,540,640.0,-85.0,645.6198571915211,1,67.5653210684323,-37,8,8,3.2799913148362467
1150,338101,410960.0,3393430.0,38,30,8,0,2585.0,12.2,502,0,11,410835,3393520,515,0,12,-93.0,540,-125.0,90.0,154.02921800749363,13,275.75388725443673,-25,8,8,9.219104966739229
1151,338101,410960.0,3393430.0,38,30,8,0,2585.0,12.2,502,0,11,410825,3393510,517,0,12,-103.0,540,-135.0,80.0,156.92354826475216,15,270.65066795705286,-23,8,8,8.338367868393242
1152,338101,410960.0,3393430.0,38,30,8,0,2585.0,12.2,502,0,11,410830,3393515,516,0,5,-102.0,540,-130.0,85.0,155.32224567009067,14,273.1785116593927,-24,8,8,8.783732560622735
1153,338101,410960.0,3393430.0,38,30,8,0,2585.0,12.2,502,0,11,411120,3393665,505,0,6,-70.0,540,160.0,235.0,284.29737951659,3,4.249033006811942,-35,8,8,7.018398326820502
1154,338101,410960.0,3393430.0,38,30,8,0,2585.0,12.2,502,0,11,411225,3393570,509,36,13,-92.0,540,265.0,140.0,299.7081914129142,7,32.15242174021182,-31,8,8,5.905328597679118
1155,338101,410960.0,3393430.0,38,30,8,0,2585.0,12.2,502,0,11,411255,3393560,508,0,5,-95.0,540,295.0,130.0,322.37400639629743,6,36.217969576778614,-32,8,8,5.668814457302397
1156,338101,410960.0,3393430.0,38,30,8,0,2585.0,12.2,502,0,11,411290,3393515,507,0,5,-89.5,540,330.0,85.0,340.77118422777477,5,45.55596427550779,-33,8,8,5.5312286894175005
1157,338101,410960.0,3393430.0,38,30,8,0,2585.0,12.2,502,0,11,411095,3393720,509,0,6,-72.0,540,135.0,290.0,319.88279103446627,7,-5.037210169192974,-31,8,8,5.535277156391703
1158,338101,410960.0,3393430.0,38,30,8,0,2585.0,12.2,502,0,11,411115,3393700,505,0,11,-76.5,540,155.0,270.0,311.3278015211619,3,-0.14098383507689505,-35,8,8,6.4143563737719465
1159,338101,410960.0,3393430.0,38,30,8,0,2585.0,12.2,502,0,11,411505,3393290,502,0,13,-95.43,540,545.0,-140.0,562.6944108483751,0,74.40668515643688,-38,8,8,3.8634448243470136
1160,338101,410960.0,3393430.0,38,30,8,0,2585.0,12.2,502,0,11,411080,3393705,511,0,6,-72.0,540,120.0,275.0,300.04166377354994,9,-6.425293798087409,-29,8,8,5.520674445172193
1161,338101,410960.0,3393430.0,38,30,8,0,2585.0,12.2,502,0,11,411265,3393530,508,0,5,-94.8,540,305.0,100.0,320.97507691408066,6,41.84729411334888,-32,8,8,5.693359304866843
1162,338101,410960.0,3393430.0,38,30,8,0,2585.0,12.2,502,0,11,411085,3393710,510,0,6,-74.67,540,125.0,280.0,306.6349621292393,8,-5.9426505499882865,-30,8,8,5.587818001654409
1163,338101,410960.0,3393430.0,38,30,8,0,2585.0,12.2,502,0,11,411515,3393300,501,0,5,-110.0,540,555.0,-130.0,570.0219294027204,-1,73.18296515854087,-39,8,8,3.913987105260893
1164,338101,410960.0,3393430.0,38,30,8,0,2585.0,12.2,502,0,11,411100,3393685,506,0,6,-73.63,540,140.0,255.0,290.90376415577714,4,-1.2323506611562038,-34,8,8,6.666322061751786
1165,338101,410960.0,3393430.0,38,30,8,0,2585.0,12.2,502,0,11,411105,3393690,506,0,5,-76.67,540,145.0,260.0,297.6995129320839,4,-0.8519281542869521,-34,8,8,6.515469880156188
1166,338101,410960.0,3393430.0,38,30,8,0,2585.0,12.2,502,0,11,411510,3393295,502,0,13,-106.0,540,550.0,-135.0,566.325877918359,0,73.79086689736096,-38,8,8,3.838745458294827
1167,338101,410960.0,3393430.0,38,30,8,0,2585.0,12.2,502,0,11,411250,3393555,508,0,11,-94.67,540,290.0,125.0,315.79265349276255,6,36.682291613244956,-32,8,8,5.786163234612569
1168,338101,410960.0,3393430.0,38,30,8,0,2585.0,12.2,502,0,11,411280,3393505,508,0,12,-94.0,540,320.0,75.0,328.6715685908959,6,46.809389287793124,-32,8,8,5.560883672054072
1169,338101,410960.0,3393430.0,38,30,8,0,2585.0,12.2,502,0,11,411500,3393285,502,0,13,-92.0,540,540.0,-145.0,559.128786595718,0,75.03043052343327,-38,8,8,3.888007100499064
1170,338101,410960.0,3393430.0,38,30,8,0,2585.0,12.2,502,0,11,411245,3393550,508,0,11,-93.13,540,285.0,120.0,309.23292192132453,6,37.16634582208246,-32,8,8,5.90804534119788
1171,338101,410960.0,3393430.0,38,30,8,0,2585.0,12.2,502,0,11,411260,3393525,508,0,5,-96.15,540,300.0,95.0,314.6823795511913,6,42.42874122167757,-32,8,8,5.8064389421655696
1172,338101,410960.0,3393430.0,38,30,8,0,2585.0,12.2,502,0,11,411310,3393495,506,0,12,-97.0,540,350.0,65.0,355.9845502265513,4,49.479215686125656,-34,8,8,5.4557571336622095
1173,338101,410960.0,3393430.0,38,30,8,0,2585.0,12.2,502,0,11,411285,3393510,508,0,12,-93.0,540,325.0,80.0,334.7013594235912,6,46.17134902771983,-32,8,8,5.461313130255075
1174,338101,410960.0,3393430.0,38,30,8,0,2585.0,12.2,502,0,11,411240,3393545,509,0,11,-95.56,540,280.0,115.0,302.6962173533062,7,37.67134362198084,-31,8,8,5.847440848698858
1175,338101,410960.0,3393430.0,38,30,8,0,2585.0,12.2,502,0,11,411220,3393565,509,0,5,-89.0,540,260.0,135.0,292.95904150580503,7,32.560272051800666,-31,8,8,6.040380133073869
1176,338101,410960.0,3393430.0,38,30,8,0,2585.0,12.2,502,0,11,411295,3393520,507,0,5,-90.5,540,335.0,90.0,346.87894141904894,5,44.962184096417786,-33,8,8,5.4344244414111635
1177,338101,410960.0,3393430.0,38,30,8,0,2585.0,12.2,502,0,11,411270,3393535,508,0,12,-92.8,540,310.0,105.0,327.29955698106284,6,41.28826212490026,-32,8,8,5.584047392298191
1178,338101,410960.0,3393430.0,38,30,8,0,2585.0,12.2,502,0,11,411200,3393585,509,36,12,-95.0,540,240.0,155.0,285.70089254323307,7,27.144278049566992,-31,8,8,6.192656554729529
1179,338101,410960.0,3393430.0,38,30,8,0,2585.0,12.2,502,0,11,411110,3393695,505,0,11,-80.25,540,150.0,265.0,304.50779957170226,3,-0.4885014429096941,-35,8,8,6.5567800129656595
1180,338101,410960.0,3393430.0,38,30,8,0,2585.0,12.2,502,0,11,411230,3393575,509,36,5,-89.33,540,270.0,145.0,306.4718584144391,7,31.762554461832735,-31,8,8,5.775892204375689
1181,338101,410960.0,3393430.0,38,30,8,0,2585.0,12.2,502,0,11,411305,3393490,506,0,12,-96.75,540,345.0,60.0,350.1785258978626,4,50.13419305691565,-34,8,8,5.545655246211981
1182,338101,410960.0,3393430.0,38,30,8,0,2585.0,12.2,502,0,11,410825,3393470,511,0,5,-117.0,540,-135.0,40.0,140.80127840328723,9,256.504361381755,-29,8,8,11.638123876463087
1183,338101,410960.0,3393430.0,38,30,8,0,2585.0,12.2,502,0,11,410780,3393585,526,0,12,-97.0,540,-180.0,155.0,237.53947040439405,24,280.73210669970916,-14,8,8,3.372972333859266
1184,338101,410960.0,3393430.0,38,30,8,0,2585.0,12.2,502,0,11,410870,3393515,511,0,5,-102.0,540,-90.0,85.0,123.79418403139947,9,283.3634229583833,-29,8,8,13.1843534257593
1185,338101,410960.0,3393430.0,38,30,8,0,2585.0,12.2,502,0,11,410875,3393520,510,0,5,-103.25,540,-85.0,90.0,123.79418403139947,8,286.6365770416167,-30,8,8,13.622312433570903
1186,338101,410960.0,3393430.0,38,30,8,0,2585.0,12.2,502,0,11,411705,3392590,502,0,5,-109.5,540,745.0,-840.0,1122.775578644281,0,108.43002844006179,-38,8,8,1.9384184315691435
1187,338101,410960.0,3393430.0,38,30,8,0,2585.0,12.2,502,0,11,408835,3390245,498,0,6,-96.5,540,-2125.0,-3185.0,3828.818355576561,-4,183.7108193466997,-42,8,8,0.6284775099025602
1188,338101,410960.0,3393430.0,38,30,8,0,2585.0,12.2,502,0,11,411465,3393175,500,21,12,-98.5,540,505.0,-255.0,565.7296173968621,-2,86.79151552941914,-40,8,8,4.044376329425243
1189,338101,410960.0,3393430.0,38,30,8,0,2585.0,12.2,502,0,11,411455,3393185,501,0,5,-93.75,540,495.0,-245.0,552.3133168772956,-1,86.33308572577977,-39,8,8,4.039070859862873
1190,338101,410960.0,3393430.0,38,30,8,0,2585.0,12.2,502,0,11,411445,3393195,501,0,5,-92.5,540,485.0,-235.0,538.9341332667657,-1,85.85186254206042,-39,8,8,4.138997590726954
1191,338101,410960.0,3393430.0,38,30,8,0,2585.0,12.2,502,0,11,411420,3393220,501,0,8,-90.5,540,460.0,-210.0,505.6678751908213,-1,84.5377284765778,-39,8,8,4.410247589139131
1192,338101,410960.0,3393430.0,38,30,8,0,2585.0,12.2,502,0,11,411440,3393200,501,0,5,-100.0,540,480.0,-230.0,532.2593352868506,-1,85.60218755144177,-39,8,8,4.190718906200825
1193,338101,410960.0,3393430.0,38,30,8,0,2585.0,12.2,502,0,11,411450,3393190,501,0,5,-93.67,540,490.0,-240.0,545.6189146281496,-1,86.09542415738838,-39,8,8,4.0884606894158875
1194,338101,410960.0,3393430.0,38,30,8,0,2585.0,12.2,502,0,11,411430,3393210,501,0,6,-91.67,540,470.0,-220.0,518.9412298131649,-1,85.08359400619094,-39,8,8,4.297871520270131
1195,338101,410960.0,3393430.0,38,30,8,0,2585.0,12.2,502,0,11,411460,3393180,501,0,12,-91.67,540,500.0,-250.0,559.0169943749474,-1,86.56505117707798,-39,8,8,3.9907921648574254
1196,338101,410960.0,3393430.0,38,30,8,0,2585.0,12.2,502,0,11,411410,3393230,500,0,13,-94.33,540,450.0,-200.0,492.44289008980525,-2,83.9624889745782,-40,8,8,4.6438087207464624
1197,338101,410960.0,3393430.0,38,30,8,0,2585.0,12.2,502,0,11,408945,3390355,498,69,7,-98.0,540,-2015.0,-3075.0,3676.3908932538716,-4,183.23620626485643,-42,8,8,0.6545326999903697
1198,338101,410960.0,3393430.0,38,30,8,0,2585.0,12.2,502,0,11,408920,3390340,498,0,7,-84.5,540,-2040.0,-3090.0,3702.6612051334105,-4,183.4325601384009,-42,8,8,0.6498892024727244
1199,338101,410960.0,3393430.0,38,30,8,0,2585.0,12.2,502,0,11,408925,3390335,498,0,7,-97.5,540,-2035.0,-3095.0,3704.0855821646455,-4,183.32540444107426,-42,8,8,0.6496393141041313
1200,338101,410960.0,3393430.0,38,30,8,0,2585.0,12.2,502,0,11,408955,3390345,498,69,7,-109.0,540,-2005.0,-3085.0,3679.3002052020706,-4,183.02060339699466,-42,8,8,0.6540151900760872
1201,338101,410960.0,3393430.0,38,30,8,0,2585.0,12.2,502,0,11,411015,3393595,505,0,6,-87.0,540,55.0,165.0,173.92527130926086,3,-11.565051177077976,-35,8,8,11.378001891503647
1202,338101,410960.0,3393430.0,38,30,8,0,2585.0,12.2,502,0,11,411035,3393575,505,0,5,-77.67,540,75.0,145.0,163.24827717314508,3,-2.6501242199301487,-35,8,8,12.100873046248738
1203,338101,410960.0,3393430.0,38,30,8,0,2585.0,12.2,502,0,11,411160,3393430,508,0,5,-95.0,540,200.0,0.0,200.0,6,60.0,-32,8,8,9.090276920822323
1204,338101,410960.0,3393430.0,38,30,8,0,2585.0,12.2,502,0,11,411130,3393400,507,21,12,-96.0,540,170.0,-30.0,172.6267650163207,5,70.00797980144137,-33,8,8,10.822314570966277
1205,338101,410960.0,3393430.0,38,30,8,0,2585.0,12.2,502,0,11,410955,3393495,505,21,6,-87.57,540,-5.0,65.0,65.19202405202648,3,325.6012946450045,-35,8,8,28.230261125001654
1206,338101,410960.0,3393430.0,38,30,8,0,2585.0,12.2,502,0,11,410930,3393520,506,0,12,-97.0,540,-30.0,90.0,94.86832980505137,4,311.565051177078,-34,8,8,19.717246314379057
1207,338101,410960.0,3393430.0,38,30,8,0,2585.0,12.2,502,0,11,410985,3393525,505,0,5,-92.57,540,25.0,95.0,98.2344135219425,3,-15.256437163529256,-35,8,8,19.610506439921707
1208,338101,410960.0,3393430.0,38,30,8,0,2585.0,12.2,502,0,11,410995,3393535,505,0,5,-85.0,540,35.0,105.0,110.67971810589327,3,-11.565051177077976,-35,8,8,17.5484006137923
1209,338101,410960.0,3393430.0,38,30,8,0,2585.0,12.2,502,0,11,410990,3393540,505,0,5,-97.0,540,30.0,110.0,114.0175425099138,3,-14.744881296942197,-35,8,8,17.064931436430847
1210,338101,410960.0,3393430.0,38,30,8,0,2585.0,12.2,502,0,11,410980,3393530,506,0,6,-91.71,540,20.0,100.0,101.9803902718557,4,-18.69006752597977,-34,8,8,18.43825396732722
1211,338101,410960.0,3393430.0,38,30,8,0,2585.0,12.2,502,0,11,411165,3393425,508,0,6,-99.0,540,205.0,-5.0,205.0609665440988,6,61.39718102729637,-32,8,8,8.869537170056399
1212,338101,410960.0,3393430.0,38,30,8,0,2585.0,12.2,502,0,11,410945,3393485,505,0,6,-86.38,540,-15.0,55.0,57.0087712549569,3,314.7448812969422,-35,8,8,31.54745390433632
1213,338101,410960.0,3393430.0,38,30,8,0,2585.0,12.2,502,0,11,410940,3393490,505,0,6,-92.56,540,-20.0,60.0,63.245553203367585,3,311.565051177078,-35,8,8,28.960080041115702
1214,338101,410960.0,3393430.0,38,30,8,0,2585.0,12.2,502,0,11,410925,3393505,507,0,12,-89.33,540,-35.0,75.0,82.76472678623425,5,304.98310652189997,-33,8,8,21.73818741746322
1215,338101,410960.0,3393430.0,38,30,8,0,2585.0,12.2,502,0,11,410920,3393510,507,21,5,-91.67,540,-40.0,80.0,89.44271909999159,5,303.434948822922,-33,8,8,20.251600651044004
1216,338101,410960.0,3393430.0,38,30,8,0,2585.0,12.2,502,0,11,411150,3393380,506,0,12,-95.0,540,190.0,-50.0,196.468827043885,4,74.74356283647074,-34,8,8,9.818105739737042
1217,338101,410960.0,3393430.0,38,30,8,0,2585.0,12.2,502,0,11,411020,3393570,505,0,5,-81.83,540,60.0,140.0,152.31546211727817,3,-6.801409486351815,-35,8,8,12.94113272065674
1218,338101,410960.0,3393430.0,38,30,8,0,2585.0,12.2,502,0,11,410965,3393545,506,0,6,-90.0,540,5.0,115.0,115.10864433221339,4,-27.510447078000823,-34,8,8,16.455724206443232
1219,338101,410960.0,3393430.0,38,30,8,0,2585.0,12.2,502,0,11,411110,3393340,503,0,12,-93.67,540,150.0,-90.0,174.92855684535903,1,90.96375653207349,-37,8,8,11.942886216327581
1220,338101,410960.0,3393430.0,38,30,8,0,2585.0,12.2,502,0,11,410950,3393500,505,21,6,-84.0,540,-10.0,70.0,70.71067811865476,3,321.86989764584405,-35,8,8,26.334247846853142
1221,338101,410960.0,3393430.0,38,30,8,0,2585.0,12.2,502,0,11,410630,3393495,508,0,12,-100.0,540,-330.0,65.0,336.34060117684277,6,251.14288985833934,-32,8,8,5.434855787995588
1222,338101,410960.0,3393430.0,38,30,8,0,2585.0,12.2,502,0,11,410935,3393585,506,0,12,-102.0,540,-25.0,155.0,157.00318468107582,4,320.83765295427827,-34,8,8,12.219072511730241
1223,338101,410960.0,3393430.0,38,30,8,0,2585.0,12.2,502,0,11,411040,3393400,504,0,12,-97.0,540,80.0,-30.0,85.44003745317531,2,80.55604521958344,-36,8,8,22.84803388455861
1224,338101,410960.0,3393430.0,38,30,8,0,2585.0,12.2,502,0,11,410905,3393535,508,0,5,-92.5,540,-55.0,105.0,118.53269591129698,6,302.35402463626133,-32,8,8,15.107850520322298
1225,338101,410960.0,3393430.0,38,30,8,0,2585.0,12.2,502,0,11,410995,3393445,503,0,11,-89.5,540,35.0,15.0,38.07886552931954,1,36.801409486351815,-37,8,8,44.17672987073789
1226,338101,410960.0,3393430.0,38,30,8,0,2585.0,12.2,502,0,11,410975,3393465,504,0,11,-80.6,540,15.0,35.0,38.07886552931954,2,-6.801409486351815,-36,8,8,43.39253790525675
1227,338101,410960.0,3393430.0,38,30,8,0,2585.0,12.2,502,0,11,410950,3393570,506,21,5,-99.2,540,-10.0,140.0,140.356688476182,4,325.9143832200251,-34,8,8,13.617022453438507
1228,338101,410960.0,3393430.0,38,30,8,0,2585.0,12.2,502,0,11,410985,3393455,503,0,5,-85.9,540,25.0,25.0,35.35533905932738,1,15.0,-37,8,8,46.302127914466766
1229,338101,410960.0,3393430.0,38,30,8,0,2585.0,12.2,502,0,11,411010,3393510,505,0,5,-88.86,540,50.0,80.0,94.33981132056604,3,2.005383208083515,-35,8,8,20.35481643003547
1230,338101,410960.0,3393430.0,38,30,8,0,2585.0,12.2,502,0,11,411200,3393880,507,0,5,-81.67,540,240.0,450.0,510.0,5,-1.9275130641470355,-33,8,8,3.7022128531994083
1231,338101,410960.0,3393430.0,38,30,8,0,2585.0,12.2,502,0,11,411000,3393520,505,0,5,-84.94,540,40.0,90.0,98.48857801796105,3,-6.037511025421793,-35,8,8,19.563745820698376
1232,338101,410960.0,3393430.0,38,30,8,0,2585.0,12.2,502,0,11,411215,3393865,506,0,13,-84.25,540,255.0,435.0,504.23208941914834,4,0.3791260113683279,-34,8,8,3.8575730483108286
1233,338101,410960.0,3393430.0,38,30,8,0,2585.0,12.2,502,0,11,411205,3393875,507,0,13,-83.0,540,245.0,445.0,507.98622028555064,5,-1.1644991522568944,-33,8,8,3.7168482569580377
1234,338101,410960.0,3393430.0,38,30,8,0,2585.0,12.2,502,0,11,411245,3393915,505,0,10,-85.0,540,285.0,485.0,562.5388875446746,3,0.4397243806431561,-35,8,8,3.5602350368545617
1235,338101,410960.0,3393430.0,38,30,8,0,2585.0,12.2,502,0,11,411005,3393515,505,0,5,-85.89,540,45.0,85.0,96.17692030835673,3,-2.1027289690523503,-35,8,8,19.997087644203926
1236,338101,410960.0,3393430.0,38,30,8,0,2585.0,12.2,502,0,11,410990,3393450,503,0,11,-88.38,540,30.0,20.0,36.05551275463989,1,26.30993247402023,-37,8,8,45.74069863108554
1237,338101,410960.0,3393430.0,38,30,8,0,2585.0,12.2,502,0,11,410970,3393470,504,0,11,-85.0,540,10.0,40.0,41.23105625617661,2,-15.963756532073546,-36,8,8,41.12512918804402
1238,338101,410960.0,3393430.0,38,30,8,0,2585.0,12.2,502,0,11,410960,3393480,504,0,5,-86.88,540,0.0,50.0,50.0,2,-30.0,-36,8,8,35.75388725443675
1239,338101,410960.0,3393430.0,38,30,8,0,2585.0,12.2,502,0,11,410980,3393460,504,0,11,-83.67,540,20.0,30.0,36.05551275463989,2,3.690067525979771,-36,8,8,44.95585839585155
1240,338101,410960.0,3393430.0,38,30,8,0,2585.0,12.2,502,0,11,411065,3393375,505,0,5,-108.5,540,105.0,-55.0,118.53269591129698,3,87.64597536373867,-35,8,8,16.45066786672279
1241,338101,410960.0,3393430.0,38,30,8,0,2585.0,12.2,502,0,11,410965,3393475,504,0,11,-86.14,540,5.0,45.0,45.27692569068709,2,-23.65980825409008,-36,8,8,38.48845528972088
1242,338101,410960.0,3393430.0,38,30,8,0,2585.0,12.2,502,0,11,411545,3393295,502,21,12,-97.0,540,585.0,-135.0,600.374882885685,0,72.99461679191648,-38,8,8,3.6216358083021585
1243,338101,410960.0,3393430.0,38,30,8,0,2585.0,12.2,502,0,11,411555,3393285,502,0,5,-101.33,540,595.0,-145.0,612.413259164104,0,73.69587650440906,-38,8,8,3.550628257559247
1244,338101,410960.0,3393430.0,38,30,8,0,2585.0,12.2,502,0,11,411560,3393360,501,0,5,-101.0,540,600.0,-70.0,604.0695324215583,-1,66.65442504600662,-39,8,8,3.6940092337902
1245,338101,410960.0,3393430.0,38,30,8,0,2585.0,12.2,502,0,11,411530,3393310,501,0,12,-109.67,540,570.0,-120.0,582.494635168428,-1,71.88865803962801,-39,8,8,3.8304308011672936
1246,338101,410960.0,3393430.0,38,30,8,0,2585.0,12.2,502,0,11,411550,3393290,502,0,5,-117.5,540,590.0,-140.0,606.3827174318212,0,73.3487271132874,-38,8,8,3.5858479571183355
1247,338101,410960.0,3393430.0,38,30,8,0,2585.0,12.2,502,0,11,408990,3390230,497,0,5,-95.5,540,-1970.0,-3200.0,3757.778599119432,-5,181.61749105010745,-43,8,8,0.6556030188799307
1248,338101,410960.0,3393430.0,38,30,8,0,2585.0,12.2,502,0,11,409115,3390105,496,0,6,-104.0,540,-1845.0,-3325.0,3802.58464731556,-6,179.02533422703175,-44,8,8,0.6629442941322449
1249,338101,410960.0,3393430.0,38,30,8,0,2585.0,12.2,502,0,11,409000,3390180,498,0,5,-101.0,540,-1960.0,-3250.0,3795.2733761878076,-4,181.09320904454353,-42,8,8,0.6340319323430831
1250,338101,410960.0,3393430.0,38,30,8,0,2585.0,12.2,502,0,11,409020,3390200,498,0,5,-95.33,540,-1940.0,-3230.0,3767.82430588264,-4,180.98983562882196,-42,8,8,0.6386505528982683
1251,338101,410960.0,3393430.0,38,30,8,0,2585.0,12.2,502,0,11,409110,3390110,496,12,6,-107.5,540,-1850.0,-3320.0,3800.6446821559102,-6,179.12781614652135,-44,8,8,0.6632826509296416
1252,338101,410960.0,3393430.0,38,30,8,0,2585.0,12.2,502,0,11,410840,3393505,514,0,5,-101.0,540,-120.0,75.0,141.50971698084905,12,272.0053832080835,-26,8,8,10.411008925563065
1253,338101,410960.0,3393430.0,38,30,8,0,2585.0,12.2,502,0,11,411680,3392585,503,0,5,-105.0,540,720.0,-845.0,1110.1463867436582,1,109.56664560539866,-37,8,8,1.9089008735327442
1254,338101,410960.0,3393430.0,38,30,8,0,2585.0,12.2,502,0,11,411690,3392585,502,0,5,-97.5,540,730.0,-845.0,1116.6579601650633,0,109.17609052760457,-38,8,8,1.949029902362981
1255,338101,410960.0,3393430.0,38,30,8,0,2585.0,12.2,502,0,11,410850,3393505,512,0,5,-100.0,540,-110.0,75.0,133.13526955694348,10,274.286876977209,-28,8,8,11.876922027719372
1256,338101,410960.0,3393430.0,38,30,8,0,2585.0,12.2,502,0,11,410855,3393510,512,21,12,-100.0,540,-105.0,80.0,132.00378782444085,10,277.3039482779834,-28,8,8,11.975798713368071
1257,338101,410960.0,3393430.0,38,30,8,0,2585.0,12.2,502,0,11,410655,3393750,506,0,5,-99.0,540,-305.0,320.0,442.06899913927464,4,286.3748347805694,-34,8,8,4.398021488896908
1258,338101,410960.0,3393430.0,38,30,8,0,2585.0,12.2,502,0,11,410915,3393775,506,24,6,-96.0,540,-45.0,345.0,347.92240514229604,4,322.5685920288275,-34,8,8,5.5813899889986285
1259,338101,410960.0,3393430.0,38,30,8,0,2585.0,12.2,502,0,11,411275,3393495,508,0,12,-98.0,540,315.0,65.0,321.6364407215078,6,48.34070734647702,-32,8,8,5.681729030189
1260,338101,410960.0,3393430.0,38,30,8,0,2585.0,12.2,502,0,11,411130,3393720,506,0,5,-82.0,540,170.0,290.0,336.1547262794322,4,0.3791260113683279,-34,8,8,5.775477482799198
1261,338101,410960.0,3393430.0,38,30,8,0,2585.0,12.2,502,0,11,411045,3393625,509,0,5,-73.0,540,85.0,195.0,212.72047386182646,7,-6.4477363271053605,-31,8,8,8.29141232173108
1262,338101,410960.0,3393430.0,38,30,8,0,2585.0,12.2,502,0,11,411270,3393500,508,0,5,-91.5,540,310.0,70.0,317.80497164141406,6,47.27564431457762,-32,8,8,5.749771920499021
1263,338101,410960.0,3393430.0,38,30,8,0,2585.0,12.2,502,0,11,411040,3393630,510,0,6,-77.67,540,80.0,200.0,215.40659228538016,8,-8.198590513648185,-30,8,8,7.9286689116529825
1264,338101,410960.0,3393430.0,38,30,8,0,2585.0,12.2,502,0,11,411160,3393750,507,24,5,-86.5,540,200.0,320.0,377.35924528226417,5,2.005383208083515,-33,8,8,4.9977916181812905
1265,338101,410960.0,3393430.0,38,30,8,0,2585.0,12.2,502,0,11,411095,3393675,507,0,6,-76.69,540,135.0,245.0,279.7320146139873,5,-1.1443387802834764,-33,8,8,6.728089562570784
1266,338101,410960.0,3393430.0,38,30,8,0,2585.0,12.2,502,0,11,411120,3393710,506,0,5,-72.5,540,160.0,280.0,322.49030993194197,4,-0.2551187030578035,-34,8,8,6.018433431418543
1267,338101,410960.0,3393430.0,38,30,8,0,2585.0,12.2,502,0,11,411135,3393715,506,0,5,-76.5,540,175.0,285.0,334.43983016381287,4,1.5513849483135118,-34,8,8,5.804890478698003
1268,338101,410960.0,3393430.0,38,30,8,0,2585.0,12.2,502,0,11,411085,3393665,508,0,6,-75.0,540,125.0,235.0,266.1766330841233,6,-1.9908232919861462,-32,8,8,6.855251246459846
1269,338101,410960.0,3393430.0,38,30,8,0,2585.0,12.2,502,0,11,411080,3393670,509,0,6,-74.0,540,120.0,240.0,268.32815729997475,7,-3.434948822922024,-31,8,8,6.590175111306079
1270,338101,410960.0,3393430.0,38,30,8,0,2585.0,12.2,502,0,11,411060,3393610,507,0,5,-78.67,540,100.0,180.0,205.91260281974002,5,-0.945395900922847,-33,8,8,9.1049224595538
1271,338101,410960.0,3393430.0,38,30,8,0,2585.0,12.2,502,0,11,411100,3393650,506,48,6,-75.0,540,140.0,220.0,260.76809620810593,4,2.471192290848478,-34,8,8,7.428549707571748
1272,338101,410960.0,3393430.0,38,30,8,0,2585.0,12.2,502,0,11,411090,3393680,508,0,6,-73.3,540,130.0,250.0,281.7800560721074,6,-2.5255683737228765,-32,8,8,6.478966276075941
1273,338101,410960.0,3393430.0,38,30,8,0,2585.0,12.2,502,0,11,411070,3393620,507,0,13,-75.75,540,110.0,190.0,219.5449840010015,5,0.06858282186243514,-33,8,8,8.548185038493257
1274,338101,410960.0,3393430.0,38,30,8,0,2585.0,12.2,502,0,11,411250,3393520,508,0,5,-94.29,540,290.0,90.0,303.6445290137795,6,42.75854060106002,-32,8,8,6.015989029002211
1275,338101,410960.0,3393430.0,38,30,8,0,2585.0,12.2,502,0,11,411055,3393635,510,0,5,-73.69,540,95.0,205.0,225.94247055390008,8,-5.136303428248141,-30,8,8,7.563331432437475
1276,338101,410960.0,3393430.0,38,30,8,0,2585.0,12.2,502,0,11,411075,3393615,507,0,13,-84.33,540,115.0,185.0,217.83020910791964,5,1.8659776936036678,-33,8,8,8.614471276124323
1277,338101,410960.0,3393430.0,38,30,8,0,2585.0,12.2,502,0,11,411115,3393655,505,48,6,-77.0,540,155.0,225.0,273.22152184628504,3,4.562524648881833,-35,8,8,7.29990010691626
1278,338101,410960.0,3393430.0,38,30,8,0,2585.0,12.2,502,0,11,411255,3393515,508,0,5,-90.5,540,295.0,85.0,307.001628660175,6,43.92642583525361,-32,8,8,5.950678098577012
1279,338101,410960.0,3393430.0,38,30,8,0,2585.0,12.2,502,0,11,411280,3393550,508,21,5,-87.0,540,320.0,120.0,341.76014981270123,6,39.44395478041656,-32,8,8,5.3491750982856034
1280,338101,410960.0,3393430.0,38,30,8,0,2585.0,12.2,502,0,11,411050,3393640,511,0,5,-75.75,540,90.0,210.0,228.47319317591726,9,-6.801409486351815,-29,8,8,7.2338446967252255
1281,338101,410960.0,3393430.0,38,30,8,0,2585.0,12.2,502,0,11,411185,3393520,509,0,6,-102.5,540,225.0,90.0,242.33241632105268,7,38.198590513648185,-31,8,8,7.28988126924063
1282,338101,410960.0,3393430.0,38,30,8,0,2585.0,12.2,502,0,11,411060,3393555,505,0,5,-85.0,540,100.0,125.0,160.0781059358212,3,8.65980825409008,-35,8,8,12.333251044177262
1283,338101,410960.0,3393430.0,38,30,8,0,2585.0,12.2,502,0,11,411105,3393600,506,0,12,-95.5,540,145.0,170.0,223.4390297150433,4,10.462227492093348,-34,8,8,8.652142929208491
1284,338101,410960.0,3393430.0,38,30,8,0,2585.0,12.2,502,0,11,411075,3393550,506,15,12,-92.0,540,115.0,120.0,166.20770138594662,4,13.781124764868707,-34,8,8,11.561113561934464
1285,338101,410960.0,3393430.0,38,30,8,0,2585.0,12.2,502,0,11,410890,3393365,500,0,5,-89.5,540,-70.0,-65.0,95.524865872714,-2,197.12109639666144,-40,8,8,22.720968656300933
1286,338101,410960.0,3393430.0,38,30,8,0,2585.0,12.2,502,0,11,410920,3393415,501,0,5,-99.0,540,-40.0,-15.0,42.720018726587654,-1,219.44395478041653,-39,8,8,42.39360888038097
1287,338101,410960.0,3393430.0,38,30,8,0,2585.0,12.2,502,0,11,411540,3393305,501,0,12,-86.75,540,580.0,-125.0,593.3169473392784,-1,72.16220351968184,-39,8,8,3.7607647384691876
1288,338101,410960.0,3393430.0,38,30,8,0,2585.0,12.2,502,0,11,411525,3393290,502,0,5,-109.25,540,565.0,-140.0,582.0867632922088,0,73.9168774333013,-38,8,8,3.7351038820334574
1289,338101,410960.0,3393430.0,38,30,8,0,2585.0,12.2,502,0,11,411520,3393285,502,0,5,-94.67,540,560.0,-145.0,578.4678037713076,0,74.51669995885464,-38,8,8,3.7584043448336573
1290,338101,410960.0,3393430.0,38,30,8,0,2585.0,12.2,502,0,11,411385,3393040,500,0,5,-90.0,540,425.0,-390.0,576.8231964822496,-2,102.54095600989535,-40,8,8,3.9668448206404703
1291,338101,410960.0,3393430.0,38,30,8,0,2585.0,12.2,502,0,11,411450,3393135,499,0,5,-102.0,540,490.0,-295.0,571.9484242482009,-3,91.04965718662265,-41,8,8,4.100221970087277
1292,338101,410960.0,3393430.0,38,30,8,0,2585.0,12.2,502,0,11,411570,3393320,502,51,5,-113.0,540,610.0,-110.0,619.8386886924694,0,70.2221686336361,-38,8,8,3.508199967393723
1293,338101,410960.0,3393430.0,38,30,8,0,2585.0,12.2,502,0,11,410825,3393475,512,0,5,-107.5,540,-135.0,45.0,142.30249470757707,10,258.434948822922,-28,8,8,11.131540888310239
1294,338101,410960.0,3393430.0,38,30,8,0,2585.0,12.2,502,0,11,410860,3393520,511,0,12,-93.33,540,-100.0,90.0,134.5362404707371,9,281.98721249581666,-29,8,8,12.16428744557941
1295,338101,410960.0,3393430.0,38,30,8,0,2585.0,12.2,502,0,11,410765,3393575,529,0,12,-99.0,540,-195.0,145.0,243.00205760445732,27,276.6341138759674,-11,8,8,2.5918447886961085
1296,338101,410960.0,3393430.0,38,30,8,0,2585.0,12.2,502,0,11,410865,3393515,511,0,12,-94.0,540,-95.0,85.0,127.47548783981962,9,281.8201698801358,-29,8,8,12.81635983736497
1297,338101,410960.0,3393430.0,38,30,8,0,2585.0,12.2,502,0,11,410845,3393495,511,21,12,-97.5,540,-115.0,65.0,132.09844813622905,9,269.47588900324575,-29,8,8,12.381907144293008
1298,338101,410960.0,3393430.0,38,30,8,0,2585.0,12.2,502,0,11,408920,3390355,498,24,7,-95.0,540,-2040.0,-3075.0,3690.1524358757865,-4,183.56087771219282,-42,8,8,0.6520919877031509
1299,338101,410960.0,3393430.0,38,30,8,0,2585.0,12.2,502,0,11,408950,3390325,497,0,7,-92.5,540,-2010.0,-3105.0,3698.800481237127,-5,182.91671814404677,-43,8,8,0.6660558065465885
1300,338101,410960.0,3393430.0,38,30,8,0,2585.0,12.2,502,0,11,408940,3390335,497,0,7,-87.0,540,-2020.0,-3095.0,3695.86593371567,-5,183.13110204514763,-43,8,8,0.6665846125573006
1301,338101,410960.0,3393430.0,38,30,8,0,2585.0,12.2,502,0,11,408930,3390345,498,24,7,-94.8,540,-2030.0,-3085.0,3692.9832114430196,-4,183.34582365014654,-42,8,8,0.6515921839549619
1302,338101,410960.0,3393430.0,38,30,8,0,2585.0,12.2,502,0,11,408935,3390350,498,69,7,-99.0,540,-2025.0,-3080.0,3686.058192703962,-4,183.3236209605841,-42,8,8,0.6528162280979055
1303,338101,410960.0,3393430.0,38,30,8,0,2585.0,12.2,502,0,11,408955,3390330,497,0,7,-90.67,540,-2005.0,-3100.0,3691.886374199509,-5,182.89374621131427,-43,8,8,0.667303072748573
1304,338101,410960.0,3393430.0,38,30,8,0,2585.0,12.2,502,0,11,409130,3390110,496,0,5,-97.5,540,-1830.0,-3320.0,3790.949749073443,-6,178.86376567242021,-44,8,8,0.6649787705387875
1305,338101,410960.0,3393430.0,38,30,8,0,2585.0,12.2,502,0,11,409180,3390140,496,0,10,-98.25,540,-1780.0,-3290.0,3740.655022853618,-6,178.41486996866655,-44,8,8,0.6739188788551851
1306,338101,410960.0,3393430.0,38,30,8,0,2585.0,12.2,502,0,11,409000,3390320,497,0,7,-93.25,540,-1960.0,-3110.0,3676.0984752859927,-5,182.22015876890302,-43,8,8,0.6701687072538217
1307,338101,410960.0,3393430.0,38,30,8,0,2585.0,12.2,502,0,11,411185,3393815,507,0,12,-80.33,540,225.0,385.0,445.92600283006595,5,0.3026807204880697,-33,8,8,4.232362391988522
1308,338101,410960.0,3393430.0,38,30,8,0,2585.0,12.2,502,0,11,411190,3393810,507,0,13,-82.67,540,230.0,380.0,444.1846462902562,5,1.1849746587383834,-33,8,8,4.248894061994872
1309,338101,410960.0,3393430.0,38,30,8,0,2585.0,12.2,502,0,11,411180,3393820,507,0,12,-83.5,540,220.0,390.0,447.7722635447622,5,-0.5725435968102488,-33,8,8,4.214974479946415
1310,338101,410960.0,3393430.0,38,30,8,0,2585.0,12.2,502,0,11,411150,3393770,508,0,5,-77.5,540,190.0,340.0,389.48684188300894,6,-0.802513953935545,-32,8,8,4.696836912019651
1311,338101,410960.0,3393430.0,38,30,8,0,2585.0,12.2,502,0,11,411035,3393645,513,0,6,-75.5,540,75.0,215.0,227.705950734714,11,-10.7693276243387,-27,8,8,6.762214587151039
1312,338101,410960.0,3393430.0,38,30,8,0,2585.0,12.2,502,0,11,410985,3393615,508,69,12,-87.33,540,25.0,185.0,186.6815470259447,6,-22.30394827798341,-32,8,8,9.726817980239288
1313,338101,410960.0,3393430.0,38,30,8,0,2585.0,12.2,502,0,11,411030,3393650,514,0,6,-87.33,540,70.0,220.0,230.8679276123039,12,-12.349875780069851,-26,8,8,6.4254914076358
1314,338101,410960.0,3393430.0,38,30,8,0,2585.0,12.2,502,0,11,411010,3393670,518,0,12,-85.5,540,50.0,240.0,245.15301344262525,16,-18.231711067979347,-22,8,8,5.127979721791061
1315,338101,410960.0,3393430.0,38,30,8,0,2585.0,12.2,502,0,11,411155,3393765,507,0,5,-82.25,540,195.0,335.0,387.62094886628614,5,0.20323775494267693,-33,8,8,4.866126211257901
1316,338101,410960.0,3393430.0,38,30,8,0,2585.0,12.2,502,0,11,411355,3393055,499,0,5,-94.5,540,395.0,-375.0,544.6558546458489,-3,103.51213247117221,-41,8,8,4.304929011113306
1317,338101,410960.0,3393430.0,38,30,8,0,2585.0,12.2,502,0,11,409045,3390255,497,0,5,-106.0,540,-1915.0,-3175.0,3707.8093262733996,-5,181.09626272394533,-43,8,8,0.6644376394791669
1318,338101,410960.0,3393430.0,38,30,8,0,2585.0,12.2,502,0,11,408965,3390335,498,0,7,-102.75,540,-1995.0,-3095.0,3682.261533351481,-4,182.80534426702053,-42,8,8,0.6534892672027879
1319,338101,410960.0,3393430.0,38,30,8,0,2585.0,12.2,502,0,11,409040,3390260,497,0,5,-114.0,540,-1920.0,-3170.0,3706.116565894818,-5,181.20237709396838,-43,8,8,0.6647410926454063
1320,338101,410960.0,3393430.0,38,30,8,0,2585.0,12.2,502,0,11,408970,3390330,497,0,7,-90.67,540,-1990.0,-3100.0,3683.761664386012,-5,182.69784524364002,-43,8,8,0.6687747075696859
1321,338101,410960.0,3393430.0,38,30,8,0,2585.0,12.2,502,0,11,411095,3393320,504,0,12,-93.5,540,135.0,-110.0,174.14074767268,2,99.17365797044425,-36,8,8,11.680181037421685
1322,338101,410960.0,3393430.0,38,30,8,0,2585.0,12.2,502,0,11,410920,3393465,504,0,6,-98.0,540,-40.0,35.0,53.150729063673246,2,281.18592516570965,-36,8,8,34.11053248164869
1323,338101,410960.0,3393430.0,38,30,8,0,2585.0,12.2,502,0,11,410965,3393590,506,0,12,-89.33,540,5.0,160.0,160.0781059358212,4,-28.21008939175391,-34,8,8,11.991215209334827
1324,338101,410960.0,3393430.0,38,30,8,0,2585.0,12.2,502,0,11,410820,3393085,507,0,5,-114.5,540,-140.0,-345.0,372.3237838226293,5,172.08717160322834,-33,8,8,5.06503455618122
1325,338101,410960.0,3393430.0,38,30,8,0,2585.0,12.2,502,0,11,410970,3393595,506,24,12,-88.0,540,10.0,165.0,165.3027525481654,4,-26.53177074108288,-34,8,8,11.622687240898156
1326,338101,410960.0,3393430.0,38,30,8,0,2585.0,12.2,502,0,11,410995,3393580,505,24,6,-94.0,540,35.0,150.0,154.02921800749363,3,-16.865977693603668,-35,8,8,12.80191724890702
1327,338101,410960.0,3393430.0,38,30,8,0,2585.0,12.2,502,0,11,411005,3393550,505,0,5,-88.0,540,45.0,120.0,128.16005617976296,3,-9.443954780416561,-35,8,8,15.274781313264402
1328,338101,410960.0,3393430.0,38,30,8,0,2585.0,12.2,502,0,11,411000,3393545,505,0,5,-85.0,540,40.0,115.0,121.75795661885921,3,-10.820991974189269,-35,8,8,16.03759075004881
1329,338101,410960.0,3393430.0,38,30,8,0,2585.0,12.2,502,0,11,410915,3393500,507,0,5,-91.2,540,-45.0,70.0,83.21658488546619,5,297.2647737278924,-33,8,8,21.631077095112968
1330,338101,410960.0,3393430.0,38,30,8,0,2585.0,12.2,502,0,11,410985,3393570,505,0,6,-89.0,540,25.0,140.0,142.21462653327893,3,-19.875328344602167,-35,8,8,13.826114466885809
1331,338101,410960.0,3393430.0,38,30,8,0,2585.0,12.2,502,0,11,411140,3393405,508,21,12,-102.0,540,180.0,-25.0,181.72781845386248,6,67.90716270295843,-32,8,8,9.986692813644948
1332,338101,410960.0,3393430.0,38,30,8,0,2585.0,12.2,502,0,11,410955,3393460,503,0,11,-101.0,540,-5.0,30.0,30.4138126514911,1,320.5376777919744,-37,8,8,50.57996843609273
1333,338101,410960.0,3393430.0,38,30,8,0,2585.0,12.2,502,0,11,410950,3393455,503,0,5,-92.5,540,-10.0,25.0,26.92582403567252,1,308.1985905136482,-37,8,8,53.9556825261507
1334,338101,410960.0,3393430.0,38,30,8,0,2585.0,12.2,502,0,11,410885,3393510,510,0,12,-93.0,540,-75.0,80.0,109.65856099730654,8,286.8476102659946,-30,8,8,15.300394917635847
1335,338101,410960.0,3393430.0,38,30,8,0,2585.0,12.2,502,0,11,410890,3393515,509,0,12,-96.0,540,-70.0,85.0,110.11357772772621,7,290.5275401516562,-31,8,8,15.723370730105799
1336,338101,410960.0,3393430.0,38,30,8,0,2585.0,12.2,502,0,11,411035,3393540,505,0,5,-88.5,540,75.0,110.0,133.13526955694348,3,4.286876977208976,-35,8,8,14.729234543619212
1337,338101,410960.0,3393430.0,38,30,8,0,2585.0,12.2,502,0,11,410895,3393520,509,0,12,-96.67,540,-65.0,90.0,111.01801655587259,7,294.16234704572173,-31,8,8,15.601538198100194
1338,338101,410960.0,3393430.0,38,30,8,0,2585.0,12.2,502,0,11,410910,3393495,507,0,5,-91.0,540,-50.0,65.0,82.00609733428362,5,292.4314079711725,-33,8,8,21.9203031219928
1339,338101,410960.0,3393430.0,38,30,8,0,2585.0,12.2,502,0,11,411415,3393640,503,0,5,-103.5,540,455.0,210.0,501.12373721467236,1,35.224859431168056,-37,8,8,4.222717798706816
1340,338101,410960.0,3393430.0,38,30,8,0,2585.0,12.2,502,0,11,411025,3393530,505,0,5,-91.5,540,65.0,100.0,119.26860441876563,3,3.0238675557966417,-35,8,8,16.354604046713106
1341,338101,410960.0,3393430.0,38,30,8,0,2585.0,12.2,502,0,11,411015,3393560,505,0,5,-93.0,540,55.0,130.0,141.15594213493105,3,-7.0678995624102186,-35,8,8,13.925790001731514
1342,338101,410960.0,3393430.0,38,30,8,0,2585.0,12.2,502,0,11,410960,3393585,506,0,12,-92.75,540,0.0,155.0,155.0,4,-30.0,-34,8,8,12.372155250518237
1343,338101,410960.0,3393430.0,38,30,8,0,2585.0,12.2,502,0,11,411155,3393420,508,0,6,-95.0,540,195.0,-10.0,195.25624189766637,6,62.93567344642116,-32,8,8,9.30730545938537
1344,338101,410960.0,3393430.0,38,30,8,0,2585.0,12.2,502,0,11,411010,3393555,505,0,5,-84.5,540,50.0,125.0,134.6291201783626,3,-8.198590513648185,-35,8,8,14.572792566247553
1345,338101,410960.0,3393430.0,38,30,8,0,2585.0,12.2,502,0,11,410930,3393475,504,21,6,-85.0,540,-30.0,45.0,54.08326913195984,2,296.30993247402023,-36,8,8,33.64933349870999
1346,338101,410960.0,3393430.0,38,30,8,0,2585.0,12.2,502,0,11,410990,3393575,505,24,6,-86.0,540,30.0,145.0,148.07092894960846,3,-18.310630824560803,-35,8,8,13.29908954760271
1347,338101,410960.0,3393430.0,38,30,8,0,2585.0,12.2,502,0,11,410935,3393480,504,0,6,-86.33,540,-25.0,50.0,55.90169943749474,2,303.434948822922,-36,8,8,32.781032132924274
1348,338101,410960.0,3393430.0,38,30,8,0,2585.0,12.2,502,0,11,411145,3393410,508,0,12,-91.8,540,185.0,-20.0,186.07794065928394,6,66.1701750950296,-32,8,8,9.757764574857339
1349,338101,410960.0,3393430.0,38,30,8,0,2585.0,12.2,502,0,11,411560,3393365,502,0,5,-126.8,540,600.0,-65.0,603.5105632878351,0,66.18293016594828,-38,8,8,3.6028684448361132
1350,338101,410960.0,3393430.0,38,30,8,0,2585.0,12.2,502,0,11,411550,3393305,502,0,5,-95.0,540,590.0,-125.0,603.0961780678103,0,71.96205139766624,-38,8,8,3.6053374355865224
1351,338101,410960.0,3393430.0,38,30,8,0,2585.0,12.2,502,0,11,411520,3393295,502,0,5,-101.75,540,560.0,-135.0,576.0425331518499,0,73.55376409773169,-38,8,8,3.7741824466445903
1352,338101,410960.0,3393430.0,38,30,8,0,2585.0,12.2,502,0,11,411525,3393300,502,0,5,-108.4,540,565.0,-130.0,579.7628825649327,0,72.95758009409315,-38,8,8,3.7500327747532984
1353,338101,410960.0,3393430.0,38,30,8,0,2585.0,12.2,502,0,11,411570,3393325,501,12,12,-113.6,540,610.0,-105.0,618.9709201569974,-1,69.76667939577271,-39,8,8,3.605315417890983
1354,338101,410960.0,3393430.0,38,30,8,0,2585.0,12.2,502,0,11,411100,3393585,506,30,6,-92.0,540,140.0,155.0,208.86598574205422,4,12.089162173832221,-34,8,8,9.245728047812223
1355,338101,410960.0,3393430.0,38,30,8,0,2585.0,12.2,502,0,11,410925,3393410,501,0,13,-102.0,540,-35.0,-20.0,40.311288741492746,-1,210.25511870305778,-39,8,8,44.052789746689854
1356,338101,410960.0,3393430.0,38,30,8,0,2585.0,12.2,502,0,11,411060,3393545,505,0,5,-82.67,540,100.0,115.0,152.3975065412817,3,11.009086901570242,-35,8,8,12.93440011728562
1357,338101,410960.0,3393430.0,38,30,8,0,2585.0,12.2,502,0,11,411260,3393745,503,0,13,-108.0,540,300.0,315.0,435.0,1,13.60281897270363,-37,8,8,4.861732143802966
1358,338101,410960.0,3393430.0,38,30,8,0,2585.0,12.2,502,0,11,411115,3393600,506,0,5,-89.5,540,155.0,170.0,230.05434140654683,4,12.357454705935254,-34,8,8,8.406953843380938
1359,338101,410960.0,3393430.0,38,30,8,0,2585.0,12.2,502,0,11,411410,3393035,499,0,5,-93.0,540,450.0,-395.0,598.7695717051761,-3,101.27594202725174,-41,8,8,3.91714266988689
1360,338101,410960.0,3393430.0,38,30,8,0,2585.0,12.2,502,0,11,411570,3393290,502,0,5,-104.5,540,610.0,-140.0,625.8594091327541,0,72.92599912470598,-38,8,8,3.4745344261774886
1361,338101,410960.0,3393430.0,38,30,8,0,2585.0,12.2,502,0,11,410625,3393475,508,0,5,-100.0,540,-335.0,45.0,338.0088756231114,6,247.65065095535942,-32,8,8,5.408190984553801
1362,338101,410960.0,3393430.0,38,30,8,0,2585.0,12.2,502,0,11,411015,3393610,508,24,6,-82.17,540,55.0,180.0,188.2153022471871,6,-13.009176708013854,-32,8,8,9.649050847390344
1363,338101,410960.0,3393430.0,38,30,8,0,2585.0,12.2,502,0,11,411170,3393765,507,0,12,-89.0,540,210.0,335.0,395.37956446938426,5,2.082187156066027,-33,8,8,4.771082387661898
1364,338101,410960.0,3393430.0,38,30,8,0,2585.0,12.2,502,0,11,411165,3393780,507,0,12,-80.33,540,205.0,350.0,405.6168142471414,5,0.3581154587666333,-33,8,8,4.651201489466947
1365,338101,410960.0,3393430.0,38,30,8,0,2585.0,12.2,502,0,11,411035,3393630,511,0,6,-72.0,540,75.0,200.0,213.60009363293827,9,-9.443954780416561,-29,8,8,7.73164376912681
1366,338101,410960.0,3393430.0,38,30,8,0,2585.0,12.2,502,0,11,411180,3393795,507,0,5,-80.5,540,220.0,365.0,426.1748467472007,5,1.0790396350792548,-33,8,8,4.427749211948967
1367,338101,410960.0,3393430.0,38,30,8,0,2585.0,12.2,502,0,11,411160,3393775,507,0,12,-86.71,540,200.0,345.0,398.7793876318083,5,0.1013045655997189,-33,8,8,4.730591564513699
1368,338101,410960.0,3393430.0,38,30,8,0,2585.0,12.2,502,0,11,410835,3393515,515,0,5,-97.33,540,-125.0,85.0,151.16216457830973,13,274.2157021324374,-25,8,8,9.390874760709181
1369,338101,410960.0,3393430.0,38,30,8,0,2585.0,12.2,502,0,11,410825,3393505,516,0,12,-115.33,540,-135.0,75.0,154.434452114805,14,269.05460409907715,-24,8,8,8.833433256834843
1370,338101,410960.0,3393430.0,38,30,8,0,2585.0,12.2,502,0,11,411175,3393835,507,0,5,-85.25,540,215.0,405.0,458.53026072441503,5,-2.037767795625655,-33,8,8,4.116427124756748
1371,338101,410960.0,3393430.0,38,30,8,0,2585.0,12.2,502,0,11,411035,3393655,515,0,6,-74.0,540,75.0,225.0,237.17082451262846,13,-11.565051177077976,-25,8,8,6.017284864032033
1372,338101,410960.0,3393430.0,38,30,8,0,2585.0,12.2,502,0,11,411170,3393840,507,0,6,-87.5,540,210.0,410.0,460.65171225124084,5,-2.8786965958413475,-33,8,8,4.097534354646152
1373,338101,410960.0,3393430.0,38,30,8,0,2585.0,12.2,502,0,11,411030,3393660,516,0,5,-81.0,540,70.0,230.0,240.41630560342617,14,-13.072486935852965,-24,8,8,5.700769845867321
1374,338101,410960.0,3393430.0,38,30,8,0,2585.0,12.2,502,0,11,410995,3393615,508,69,5,-94.5,540,35.0,185.0,188.2817038376273,6,-19.286876977208976,-32,8,8,9.64571184609997
1375,338101,410960.0,3393430.0,38,30,8,0,2585.0,12.2,502,0,11,411180,3393810,507,0,12,-80.67,540,220.0,380.0,439.089968002003,5,0.06858282186243514,-33,8,8,4.2980094988172475
1376,338101,410960.0,3393430.0,38,30,8,0,2585.0,12.2,502,0,11,411155,3393775,507,0,5,-79.0,540,195.0,345.0,396.2953444086872,5,-0.5241109967542457,-33,8,8,4.760107842518989
1377,338101,410960.0,3393430.0,38,30,8,0,2585.0,12.2,502,0,11,411025,3393645,514,0,6,-79.0,540,65.0,215.0,224.61077445216202,12,-13.178590109959146,-26,8,8,6.6029316834074985
1378,338101,410960.0,3393430.0,38,30,8,0,2585.0,12.2,502,0,11,410975,3393635,511,0,12,-89.5,540,15.0,205.0,205.54804791094466,9,-25.815083874881566,-29,8,8,8.030641507513621
1379,338101,410960.0,3393430.0,38,30,8,0,2585.0,12.2,502,0,11,411530,3393335,500,0,12,-92.0,540,570.0,-95.0,577.8624403783309,-2,69.46232220802563,-40,8,8,3.9597334512496634
1380,338101,410960.0,3393430.0,38,30,8,0,2585.0,12.2,502,0,11,411535,3393340,500,0,5,-82.5,540,575.0,-90.0,582.0008591058952,-2,68.89585696966333,-40,8,8,3.931665694586049
1381,338101,410960.0,3393430.0,38,30,8,0,2585.0,12.2,502,0,11,408885,3390250,498,0,2,-83.5,540,-2075.0,-3180.0,3797.1074517321736,-4,183.12507997850253,-42,8,8,0.6337257077721417
1382,338101,410960.0,3393430.0,38,30,8,0,2585.0,12.2,502,0,11,409020,3390220,498,0,12,-100.25,540,-1940.0,-3210.0,3750.693269250366,-4,181.14714431761846,-42,8,8,0.64156730263218
1383,338101,410960.0,3393430.0,38,30,8,0,2585.0,12.2,502,0,11,409025,3390215,498,0,12,-98.5,540,-1935.0,-3215.0,3752.392570081121,-4,181.0423155955222,-42,8,8,0.6412767880433248
1384,338101,410960.0,3393430.0,38,30,8,0,2585.0,12.2,502,0,11,409030,3390210,498,0,12,-93.5,540,-1930.0,-3220.0,3754.1044204976506,-4,180.93758212571112,-42,8,8,0.6409843938526987
1385,338101,410960.0,3393430.0,38,30,8,0,2585.0,12.2,502,0,11,410685,3393785,503,0,5,-100.0,540,-275.0,355.0,449.0545623863541,1,292.236922025968,-37,8,8,4.7102647211880635
1386,338101,410960.0,3393430.0,38,30,8,0,2585.0,12.2,502,0,11,411385,3393085,499,0,5,-92.5,540,425.0,-345.0,547.4029594366475,-3,99.06847307508019,-41,8,8,4.283405623482975
1387,338101,410960.0,3393430.0,38,30,8,0,2585.0,12.2,502,0,11,411395,3393095,499,0,6,-102.5,540,435.0,-335.0,549.0446247801722,-3,97.6004053401129,-41,8,8,4.27064552458934
1388,338101,410960.0,3393430.0,38,30,8,0,2585.0,12.2,502,0,11,410915,3393645,510,63,13,-106.0,540,-45.0,215.0,219.65882636488797,8,318.17851165939277,-30,8,8,7.777079374770574
1389,338101,410960.0,3393430.0,38,30,8,0,2585.0,12.2,502,0,11,410910,3393650,510,63,13,-102.0,540,-50.0,220.0,225.61028345356956,8,317.19573393471325,-30,8,8,7.57433843322796
1390,338101,410960.0,3393430.0,38,30,8,0,2585.0,12.2,502,0,11,410890,3393670,509,24,5,-99.0,540,-70.0,240.0,250.0,7,313.73979529168804,-31,8,8,7.068595117003157
1391,338101,410960.0,3393430.0,38,30,8,0,2585.0,12.2,502,0,11,410945,3393615,508,0,12,-96.0,540,-15.0,185.0,185.60711193270586,6,325.3645365730974,-32,8,8,9.782039439640235
1392,338101,410960.0,3393430.0,38,30,8,0,2585.0,12.2,502,0,11,411190,3393850,507,0,5,-85.0,540,230.0,420.0,478.85279575251514,5,-1.2940474565988893,-33,8,8,3.9422887736905445
1393,338101,410960.0,3393430.0,38,30,8,0,2585.0,12.2,502,0,11,411185,3393855,507,0,5,-86.5,540,225.0,425.0,480.88460154178364,5,-2.1027289690523503,-33,8,8,3.9256842338694127
1394,338101,410960.0,3393430.0,38,30,8,0,2585.0,12.2,502,0,11,411195,3393845,507,0,5,-83.2,540,235.0,415.0,476.9171835864168,5,-0.47863816541837423,-33,8,8,3.9582381567912788
1395,338101,410960.0,3393430.0,38,30,8,0,2585.0,12.2,502,0,11,411210,3393910,507,0,6,-84.0,540,250.0,480.0,541.2023651093923,5,-2.4879973761485417,-33,8,8,3.4893096947666686
1396,338101,410960.0,3393430.0,38,30,8,0,2585.0,12.2,502,0,11,411060,3393420,505,0,11,-93.83,540,100.0,-10.0,100.4987562112089,3,65.71059313749964,-35,8,8,19.20133738183975
1397,338101,410960.0,3393430.0,38,30,8,0,2585.0,12.2,502,0,11,410975,3393505,505,0,5,-92.5,540,15.0,75.0,76.48529270389177,3,-18.69006752597977,-35,8,8,24.58903686111163
1398,338101,410960.0,3393430.0,38,30,8,0,2585.0,12.2,502,0,11,411250,3393870,504,90,5,-82.5,540,290.0,440.0,526.9724850502159,2,3.3885135761115066,-36,8,8,3.9080755584868663
1399,338101,410960.0,3393430.0,38,30,8,0,2585.0,12.2,502,0,11,411230,3393890,506,0,5,-89.33,540,270.0,460.0,533.3854141237834,4,0.4110812671253825,-34,8,8,3.647314631032252
1400,338101,410960.0,3393430.0,38,30,8,0,2585.0,12.2,502,0,11,411010,3393470,504,0,5,-86.0,540,50.0,40.0,64.03124237432849,2,21.34019174590992,-36,8,8,29.34580655951868
1401,338101,410960.0,3393430.0,38,30,8,0,2585.0,12.2,502,0,11,411120,3393360,505,0,5,-92.5,540,160.0,-70.0,174.64249196572982,3,83.62937773065681,-35,8,8,11.332486338180555
1402,338101,410960.0,3393430.0,38,30,8,0,2585.0,12.2,502,0,11,411000,3393480,504,0,11,-85.8,540,40.0,50.0,64.03124237432849,2,8.65980825409008,-36,8,8,29.34580655951868
1403,338101,410960.0,3393430.0,38,30,8,0,2585.0,12.2,502,0,11,411065,3393415,506,0,11,-100.2,540,105.0,-15.0,106.06601717798213,4,68.13010235415595,-34,8,8,17.773516217988536
1404,338101,410960.0,3393430.0,38,30,8,0,2585.0,12.2,502,0,11,410980,3393500,505,0,11,-86.8,540,20.0,70.0,72.80109889280519,3,-14.054604099077153,-35,8,8,25.676477950924156
1405,338101,410960.0,3393430.0,38,30,8,0,2585.0,12.2,502,0,11,410995,3393485,505,0,11,-84.67,540,35.0,55.0,65.19202405202648,3,2.471192290848478,-35,8,8,28.230261125001654
1406,338101,410960.0,3393430.0,38,30,8,0,2585.0,12.2,502,0,11,410970,3393510,506,0,6,-88.15,540,10.0,80.0,80.62257748298549,4,-22.874983651098205,-34,8,8,22.866033175151905
1407,338101,410960.0,3393430.0,38,30,8,0,2585.0,12.2,502,0,11,411215,3393905,507,0,5,-81.63,540,255.0,475.0,539.1196527673611,5,-1.7712238186304035,-33,8,8,3.5027560035865655
1408,338101,410960.0,3393430.0,38,30,8,0,2585.0,12.2,502,0,11,410950,3393530,506,21,5,-95.5,540,-10.0,100.0,100.4987562112089,4,324.28940686250036,-34,8,8,18.69132830334244
1409,338101,410960.0,3393430.0,38,30,8,0,2585.0,12.2,502,0,11,411070,3393410,506,0,11,-99.0,540,110.0,-20.0,111.80339887498948,4,70.30484646876602,-34,8,8,16.914791607260977
1410,338101,410960.0,3393430.0,38,30,8,0,2585.0,12.2,502,0,11,410985,3393495,505,0,11,-86.73,540,25.0,65.0,69.6419413859206,3,-8.962488974578207,-35,8,8,26.682762684391967
1411,338101,410960.0,3393430.0,38,30,8,0,2585.0,12.2,502,0,11,411220,3393900,506,0,5,-82.2,540,260.0,470.0,537.1219600798314,4,-1.0490047925331965,-34,8,8,3.6220094789434985
1412,338101,410960.0,3393430.0,38,30,8,0,2585.0,12.2,502,0,11,410990,3393490,505,0,11,-84.08,540,30.0,60.0,67.08203932499369,3,-3.434948822922024,-35,8,8,27.55326483492445
1413,338101,410960.0,3393430.0,38,30,8,0,2585.0,12.2,502,0,11,411055,3393425,505,0,5,-92.0,540,95.0,-5.0,95.13148795220224,3,63.012787504183336,-35,8,8,20.19916589942006
1414,338101,410960.0,3393430.0,38,30,8,0,2585.0,12.2,502,0,11,411225,3393895,506,0,5,-85.5,540,265.0,465.0,535.2102390649865,4,-0.3215100748648183,-34,8,8,3.6349123343910135
1415,338101,410960.0,3393430.0,38,30,8,0,2585.0,12.2,502,0,11,411110,3393370,505,6,12,-95.5,540,150.0,-60.0,161.55494421403512,3,81.80140948635182,-35,8,8,12.223912912057274
1416,338101,410960.0,3393430.0,38,30,8,0,2585.0,12.2,502,0,11,411125,3393355,505,0,5,-87.0,540,165.0,-75.0,181.24568960391858,3,84.44395478041656,-35,8,8,10.929741668048266
1417,338101,410960.0,3393430.0,38,30,8,0,2585.0,12.2,502,0,11,411115,3393365,505,6,12,-91.0,540,155.0,-65.0,168.0773631397161,3,82.75097634278762,-35,8,8,11.763023153588506
1418,338101,410960.0,3393430.0,38,30,8,0,2585.0,12.2,502,0,11,410910,3393570,508,5,5,-95.0,540,-50.0,140.0,148.66068747318505,6,310.3461759419467,-32,8,8,12.147860438366074
1419,338101,410960.0,3393430.0,38,30,8,0,2585.0,12.2,502,0,11,410965,3393515,506,21,6,-90.25,540,5.0,85.0,85.14693182963201,4,-26.63353933657021,-34,8,8,21.767307879085703
1420,338101,410960.0,3393430.0,38,30,8,0,2585.0,12.2,502,0,11,410945,3393535,506,0,6,-98.5,540,-15.0,105.0,106.06601717798213,4,321.86989764584405,-34,8,8,17.773516217988536
1421,338101,410960.0,3393430.0,38,30,8,0,2585.0,12.2,502,0,11,411040,3393440,504,0,5,-88.75,540,80.0,10.0,80.62257748298549,2,52.874983651098205,-36,8,8,24.06195822979258
1422,338101,410960.0,3393430.0,38,30,8,0,2585.0,12.2,502,0,11,410895,3393585,509,5,5,-107.0,540,-65.0,155.0,168.0773631397161,7,307.2490236572124,-31,8,8,10.450128932228514
1423,338101,410960.0,3393430.0,38,30,8,0,2585.0,12.2,502,0,11,411220,3393700,504,21,5,-93.0,540,260.0,270.0,374.83329627982624,2,13.919075813339305,-36,8,8,5.486014346725482
1424,338101,410960.0,3393430.0,38,30,8,0,2585.0,12.2,502,0,11,411210,3393710,505,0,5,-94.67,540,250.0,280.0,375.3664875824692,3,11.760299703897886,-35,8,8,5.326982812950776
1425,338101,410960.0,3393430.0,38,30,8,0,2585.0,12.2,502,0,11,411195,3393485,509,0,12,-99.0,540,235.0,55.0,241.3503677229434,7,46.82744657667308,-31,8,8,7.319222605600655
1426,338101,410960.0,3393430.0,38,30,8,0,2585.0,12.2,502,0,11,411055,3393545,505,0,5,-91.5,540,95.0,115.0,149.164338901763,3,9.559667968994518,-35,8,8,13.205031578729711
1427,338101,410960.0,3393430.0,38,30,8,0,2585.0,12.2,502,0,11,411240,3393760,504,0,5,-100.0,540,280.0,330.0,432.781700167648,2,10.314100160497276,-36,8,8,4.755076981970228
1428,338101,410960.0,3393430.0,38,30,8,0,2585.0,12.2,502,0,11,410910,3393370,500,0,6,-82.25,540,-50.0,-60.0,78.10249675906654,-2,189.80557109226518,-40,8,8,27.119142773381082
1429,338101,410960.0,3393430.0,38,30,8,0,2585.0,12.2,502,0,11,410900,3393380,500,0,6,-91.5,540,-60.0,-50.0,78.10249675906654,-2,200.1944289077348,-40,8,8,27.119142773381082
1430,338101,410960.0,3393430.0,38,30,8,0,2585.0,12.2,502,0,11,410945,3393415,501,0,11,-115.5,540,-15.0,-15.0,21.213203435596427,-1,195.0,-39,8,8,61.45697965661481
1431,338101,410960.0,3393430.0,38,30,8,0,2585.0,12.2,502,0,11,411125,3393475,507,21,5,-83.5,540,165.0,45.0,171.0263137648707,5,44.74488129694225,-33,8,8,10.921164573050605
1432,338101,410960.0,3393430.0,38,30,8,0,2585.0,12.2,502,0,11,411040,3393560,505,0,5,-82.5,540,80.0,130.0,152.64337522473747,3,1.6075022462488846,-35,8,8,12.914265194816144
1433,338101,410960.0,3393430.0,38,30,8,0,2585.0,12.2,502,0,11,411145,3393455,508,0,6,-89.5,540,185.0,25.0,186.6815470259447,6,52.30394827798341,-32,8,8,9.726817980239288
1434,338101,410960.0,3393430.0,38,30,8,0,2585.0,12.2,502,0,11,411060,3393275,504,0,6,-93.5,540,100.0,-155.0,184.45866745696716,2,117.17145820858752,-36,8,8,11.04335336486784
1435,338101,410960.0,3393430.0,38,30,8,0,2585.0,12.2,502,0,11,410840,3393455,506,0,13,-95.0,540,-120.0,25.0,122.57650672131263,4,251.76828893202065,-34,8,8,15.502832619613127
1436,338101,410960.0,3393430.0,38,30,8,0,2585.0,12.2,502,0,11,411700,3392635,502,45,10,-108.0,540,740.0,-795.0,1086.1054276634475,0,107.05206537040868,-38,8,8,2.0038127227014866
1437,338101,410960.0,3393430.0,38,30,8,0,2585.0,12.2,502,0,11,411160,3393450,508,36,12,-98.5,540,200.0,20.0,200.9975124224178,6,54.28940686250036,-32,8,8,9.04591136276987
1438,338101,410960.0,3393430.0,38,30,8,0,2585.0,12.2,502,0,11,411045,3393565,505,0,5,-79.5,540,85.0,135.0,159.53056133543816,3,2.195733934713246,-35,8,8,12.374279564569607
1439,338101,410960.0,3393430.0,38,30,8,0,2585.0,12.2,502,0,11,411050,3393580,505,0,12,-77.5,540,90.0,150.0,174.92855684535903,3,0.9637565320735462,-35,8,8,11.314432472589532
1440,338101,410960.0,3393430.0,38,30,8,0,2585.0,12.2,502,0,11,411165,3393445,508,0,12,-97.0,540,205.0,15.0,205.54804791094466,6,55.815083874881566,-32,8,8,8.848852289662666
1441,338101,410960.0,3393430.0,38,30,8,0,2585.0,12.2,502,0,11,411175,3393455,508,0,5,-99.2,540,215.0,25.0,216.44860821913363,6,53.36748538486154,-32,8,8,8.409753433412774
1442,338101,410960.0,3393430.0,38,30,8,0,2585.0,12.2,502,0,11,411085,3393525,506,21,5,-87.67,540,125.0,95.0,157.00318468107582,4,22.76516601842536,-34,8,8,12.219072511730241
1443,338101,410960.0,3393430.0,38,30,8,0,2585.0,12.2,502,0,11,411040,3393570,505,0,5,-76.67,540,80.0,140.0,161.24515496597098,3,-0.2551187030578035,-35,8,8,12.246689727311349
1444,338101,410960.0,3393430.0,38,30,8,0,2585.0,12.2,502,0,11,411485,3393270,502,0,5,-105.5,540,525.0,-160.0,548.839685154053,0,76.94922423382144,-38,8,8,3.9606657443497237
1445,338101,410960.0,3393430.0,38,30,8,0,2585.0,12.2,502,0,11,411490,3393275,502,0,13,-102.29,540,530.0,-155.0,552.2001448750262,0,76.30170834430737,-38,8,8,3.9366387992773832
1446,338101,410960.0,3393430.0,38,30,8,0,2585.0,12.2,502,0,11,411510,3393255,503,0,13,-118.5,540,550.0,-175.0,577.1698190307598,1,77.65012421993015,-37,8,8,3.667979325413852
1447,338101,410960.0,3393430.0,38,30,8,0,2585.0,12.2,502,0,11,411465,3393210,502,0,12,-94.0,540,505.0,-220.0,550.8402672281684,0,83.5400392695143,-38,8,8,3.946326640748677
1448,338101,410960.0,3393430.0,38,30,8,0,2585.0,12.2,502,0,11,411410,3393195,500,51,8,-94.5,540,450.0,-235.0,507.66622893393253,-2,87.57456395969439,-40,8,8,4.505137327543824
1449,338101,410960.0,3393430.0,38,30,8,0,2585.0,12.2,502,0,11,411430,3393175,500,0,5,-101.0,540,470.0,-255.0,534.7195526628889,-2,88.48218574704043,-40,8,8,4.278075363221531
1450,338101,410960.0,3393430.0,38,30,8,0,2585.0,12.2,502,0,11,411435,3393180,500,0,12,-95.86,540,475.0,-250.0,536.7727638395972,-2,87.75854060106002,-40,8,8,4.261771690173538
1451,338101,410960.0,3393430.0,38,30,8,0,2585.0,12.2,502,0,11,411415,3393200,500,0,8,-95.5,540,455.0,-230.0,509.82840250421515,-2,86.81634684428695,-40,8,8,4.486109273010177
1452,338101,410960.0,3393430.0,38,30,8,0,2585.0,12.2,502,0,11,411425,3393170,499,0,5,-100.5,540,465.0,-260.0,532.7522876534647,-3,89.21129225772813,-41,8,8,4.400742576282049
1453,338101,410960.0,3393430.0,38,30,8,0,2585.0,12.2,502,0,11,411460,3393205,502,0,5,-97.33,540,500.0,-225.0,548.2928049865327,0,84.22774531795415,-38,8,8,3.964603614157562
1454,338101,410960.0,3393430.0,38,30,8,0,2585.0,12.2,502,0,11,411470,3393215,502,0,5,-87.0,540,510.0,-215.0,553.4663494739315,0,82.85876187986565,-38,8,8,3.9276608887878157
1455,338101,410960.0,3393430.0,38,30,8,0,2585.0,12.2,502,0,11,411495,3393280,502,0,13,-93.9,540,535.0,-150.0,555.6302727533841,0,75.66210634532604,-38,8,8,3.912412060936245
1456,338101,410960.0,3393430.0,38,30,8,0,2585.0,12.2,502,0,11,410630,3393500,508,0,12,-101.0,540,-330.0,70.0,337.34255586866,6,251.97613244420336,-32,8,8,5.4188097318253075
1457,338101,410960.0,3393430.0,38,30,8,0,2585.0,12.2,502,0,11,411530,3393300,502,0,5,-94.67,540,570.0,-130.0,584.6366392897387,0,72.84770485871769,-38,8,8,3.7188591472192707
1458,338101,410960.0,3393430.0,38,30,8,0,2585.0,12.2,502,0,11,411520,3393290,502,0,5,-105.0,540,560.0,-140.0,577.2347875864725,0,74.03624346792651,-38,8,8,3.766409490877731
1459,338101,410960.0,3393430.0,38,30,8,0,2585.0,12.2,502,0,11,411535,3393295,502,21,5,-107.8,540,575.0,-135.0,590.6352512337882,0,73.21274687833522,-38,8,8,3.681194040547416
1460,338101,410960.0,3393430.0,38,30,8,0,2585.0,12.2,502,0,11,411525,3393285,502,21,11,-100.33,540,565.0,-145.0,583.3095233235953,0,74.39359296849051,-38,8,8,3.727296281303871
1461,338101,410960.0,3393430.0,38,30,8,0,2585.0,12.2,502,0,11,411520,3393275,503,21,11,-104.0,540,560.0,-155.0,581.0550748423078,1,75.47132816552016,-37,8,8,3.6435194738791785
1462,338101,410960.0,3393430.0,38,30,8,0,2585.0,12.2,502,0,11,411570,3393225,502,0,5,-104.0,540,610.0,-205.0,643.5254462723288,0,78.57572441068112,-38,8,8,3.379375798520472
1463,338101,410960.0,3393430.0,38,30,8,0,2585.0,12.2,502,0,11,410915,3393625,509,0,13,-98.0,540,-45.0,195.0,200.124960961895,7,317.0053832080835,-31,8,8,8.805317677124455
1464,338101,410960.0,3393430.0,38,30,8,0,2585.0,12.2,502,0,11,410930,3393650,511,63,13,-95.0,540,-30.0,220.0,222.03603311174518,9,322.23483398157464,-29,8,8,7.441246983138345
1465,338101,410960.0,3393430.0,38,30,8,0,2585.0,12.2,502,0,11,410905,3393635,509,0,13,-99.67,540,-55.0,205.0,212.24985276791125,7,314.98163936884936,-31,8,8,8.309540418172645
1466,338101,410960.0,3393430.0,38,30,8,0,2585.0,12.2,502,0,11,410935,3393645,511,21,13,-103.0,540,-25.0,215.0,216.44860821913363,9,323.36748538486154,-29,8,8,7.631100398067196
1467,338101,410960.0,3393430.0,38,30,8,0,2585.0,12.2,502,0,11,411600,3393450,504,0,12,-89.0,540,640.0,20.0,640.3124237432849,2,58.21008939175397,-36,8,8,3.2179273303839278
1468,338101,410960.0,3393430.0,38,30,8,0,2585.0,12.2,502,0,11,408980,3390335,498,0,7,-91.5,540,-1980.0,-3095.0,3674.156365752552,-4,182.6087353862869,-42,8,8,0.6549307352982221
1469,338101,410960.0,3393430.0,38,30,8,0,2585.0,12.2,502,0,11,408990,3390325,497,0,7,-90.0,540,-1970.0,-3105.0,3677.2170183441717,-5,182.39351529873935,-43,8,8,0.6699648726108978
1470,338101,410960.0,3393430.0,38,30,8,0,2585.0,12.2,502,0,11,410900,3393645,509,63,13,-98.0,540,-60.0,215.0,223.21514285549716,7,314.40718906073363,-31,8,8,7.90663306756228
1471,338101,410960.0,3393430.0,38,30,8,0,2585.0,12.2,502,0,11,410890,3393675,509,24,5,-99.0,540,-70.0,245.0,254.80384612481814,7,314.05460409907715,-31,8,8,6.936640748894277
1472,338101,410960.0,3393430.0,38,30,8,0,2585.0,12.2,502,0,11,410985,3393730,516,18,6,-97.0,540,25.0,300.0,301.0398644698074,14,-25.23635830927384,-24,8,8,4.558188524083216
1473,338101,410960.0,3393430.0,38,30,8,0,2585.0,12.2,502,0,11,411195,3393860,507,0,5,-81.82,540,235.0,430.0,490.02550954006466,5,-1.342882543441874,-33,8,8,3.8526773663862617
1474,338101,410960.0,3393430.0,38,30,8,0,2585.0,12.2,502,0,11,411190,3393855,507,0,5,-80.0,540,230.0,425.0,483.2442446630896,5,-1.5787907754731236,-33,8,8,3.906574929205635
1475,338101,410960.0,3393430.0,38,30,8,0,2585.0,12.2,502,0,11,411185,3393850,507,0,5,-81.5,540,225.0,420.0,476.47140522805773,5,-1.8214098900408544,-33,8,8,3.9619296274579745
1476,338101,410960.0,3393430.0,38,30,8,0,2585.0,12.2,502,0,11,411180,3393845,507,0,6,-85.67,540,220.0,415.0,469.7073557013984,5,-2.0710212913190844,-33,8,8,4.01879801231446
1477,338101,410960.0,3393430.0,38,30,8,0,2585.0,12.2,502,0,11,410695,3393520,513,21,5,-99.0,540,-265.0,90.0,279.8660393831306,11,258.75865034784226,-27,8,8,5.510540745761138
1478,338101,410960.0,3393430.0,38,30,8,0,2585.0,12.2,502,0,11,410635,3393490,508,0,5,-99.0,540,-325.0,60.0,330.49205739321485,6,250.45990909292914,-32,8,8,5.530442422881024
1479,338101,410960.0,3393430.0,38,30,8,0,2585.0,12.2,502,0,11,411265,3393975,503,0,5,-83.5,540,305.0,545.0,624.5398305952951,1,-0.7671825424756662,-37,8,8,3.3904464546357587
1480,338101,410960.0,3393430.0,38,30,8,0,2585.0,12.2,502,0,11,411225,3393935,507,0,6,-79.67,540,265.0,505.0,570.3069349043548,5,-2.31164610884656,-33,8,8,3.3116461091733562
1481,338101,410960.0,3393430.0,38,30,8,0,2585.0,12.2,502,0,11,411235,3393925,506,0,5,-76.5,540,275.0,495.0,566.2596577542851,4,-0.945395900922847,-34,8,8,3.436092432512096
1482,338101,410960.0,3393430.0,38,30,8,0,2585.0,12.2,502,0,11,411230,3393930,506,0,5,-79.0,540,270.0,500.0,568.242905807015,4,-1.6309537067214137,-34,8,8,3.4241285679729656
1483,338101,410960.0,3393430.0,38,30,8,0,2585.0,12.2,502,0,11,410860,3393565,511,0,12,-104.5,540,-100.0,135.0,168.00297616411441,9,293.47114463301483,-29,8,8,9.793657221080428
1484,338101,410960.0,3393430.0,38,30,8,0,2585.0,12.2,502,0,11,410865,3393570,511,0,12,-91.5,540,-95.0,140.0,169.1892431568863,9,295.8403054543306,-29,8,8,9.726305305831207
1485,338101,410960.0,3393430.0,38,30,8,0,2585.0,12.2,502,0,11,410835,3393540,515,0,5,-92.5,540,-125.0,110.0,166.50825805346713,13,281.3477772196937,-25,8,8,8.538761825538227
1486,338101,410960.0,3393430.0,38,30,8,0,2585.0,12.2,502,0,11,410820,3393525,518,0,5,-94.5,540,-140.0,95.0,169.1892431568863,16,274.1596945456694,-22,8,8,7.40870989833568
1487,338101,410960.0,3393430.0,38,30,8,0,2585.0,12.2,502,0,11,410825,3393530,517,0,5,-91.0,540,-135.0,100.0,168.00297616411441,15,276.52885536698517,-23,8,8,7.795465619906897
1488,338101,410960.0,3393430.0,38,30,8,0,2585.0,12.2,502,0,11,410830,3393535,516,0,5,-102.5,540,-130.0,105.0,167.10774967068403,14,278.9275435927923,-24,8,8,8.172927055067245
1489,338101,410960.0,3393430.0,38,30,8,0,2585.0,12.2,502,0,11,410870,3393575,511,0,5,-101.0,540,-90.0,145.0,170.66048165876012,9,298.1725534233269,-29,8,8,9.644037695669846
1490,338101,410960.0,3393430.0,38,30,8,0,2585.0,12.2,502,0,11,408910,3390295,498,21,7,-88.0,540,-2050.0,-3135.0,3745.760937379747,-4,183.18097366435484,-42,8,8,0.642412032950166
1491,338101,410960.0,3393430.0,38,30,8,0,2585.0,12.2,502,0,11,411520,3393265,503,21,11,-94.0,540,560.0,-165.0,583.8021925275718,1,76.41723283043478,-37,8,8,3.626420524493311
1492,338101,410960.0,3393430.0,38,30,8,0,2585.0,12.2,502,0,11,411555,3393260,503,0,12,-96.5,540,595.0,-170.0,618.8093405888441,1,75.94539590092285,-37,8,8,3.421769457063015
1493,338101,410960.0,3393430.0,38,30,8,0,2585.0,12.2,502,0,11,411110,3393505,506,21,5,-91.0,540,150.0,75.0,167.70509831248424,4,33.434948822922024,-34,8,8,11.460630509962053
1494,338101,410960.0,3393430.0,38,30,8,0,2585.0,12.2,502,0,11,411195,3393590,509,36,12,-91.5,540,235.0,160.0,284.29737951659,7,25.750966993188058,-31,8,8,6.22298904691541
1495,338101,410960.0,3393430.0,38,30,8,0,2585.0,12.2,502,0,11,411035,3393430,504,0,11,-90.89,540,75.0,0.0,75.0,2,60.0,-36,8,8,25.641005824305285
1496,338101,410960.0,3393430.0,38,30,8,0,2585.0,12.2,502,0,11,411020,3393435,503,0,11,-89.67,540,60.0,5.0,60.207972893961475,1,55.23635830927384,-37,8,8,31.57224514075259
1497,338101,410960.0,3393430.0,38,30,8,0,2585.0,12.2,502,0,11,411025,3393440,503,0,5,-87.25,540,65.0,10.0,65.76473218982953,1,51.25383773744477,-37,8,8,29.362609838429034
1498,338101,410960.0,3393430.0,38,30,8,0,2585.0,12.2,502,0,11,411030,3393425,503,0,11,-96.67,540,70.0,-5.0,70.178344238091,1,64.08561677997488,-37,8,8,27.79946115652851
1499,338101,410960.0,3393430.0,38,30,8,0,2585.0,12.2,502,0,11,410680,3393550,509,0,12,-101.0,540,-280.0,120.0,304.63092423455635,7,263.1985905136482,-31,8,8,5.810558738898235
1500,338101,410960.0,3393430.0,38,30,8,0,2585.0,12.2,502,0,11,411260,3393970,503,0,5,-81.5,540,300.0,540.0,617.73780845922,1,-0.945395900922847,-37,8,8,3.427690741761876
1501,338101,410960.0,3393430.0,38,30,8,0,2585.0,12.2,502,0,11,411225,3393925,506,0,5,-80.0,540,265.0,495.0,561.4712815451918,4,-1.837472625676412,-34,8,8,3.4653252320785977
1502,338101,410960.0,3393430.0,38,30,8,0,2585.0,12.2,502,0,11,411080,3393725,511,18,6,-77.5,540,120.0,295.0,318.47291878588356,9,-7.864508121899632,-29,8,8,5.202978681471858
1503,338101,410960.0,3393430.0,38,30,8,0,2585.0,12.2,502,0,11,411125,3393610,506,0,13,-79.5,540,165.0,180.0,244.1823089414956,4,12.510447078000823,-34,8,8,7.926910953605408
1504,338101,410960.0,3393430.0,38,30,8,0,2585.0,12.2,502,0,11,411110,3393755,508,0,6,-81.0,540,150.0,325.0,357.94552658190884,6,-5.224859431168056,-32,8,8,5.108609071646733
1505,338101,410960.0,3393430.0,38,30,8,0,2585.0,12.2,502,0,11,411250,3393575,508,0,6,-93.33,540,290.0,145.0,324.2298567374695,6,33.434948822922024,-32,8,8,5.636576428516284
1506,338101,410960.0,3393430.0,38,30,8,0,2585.0,12.2,502,0,11,411075,3393720,512,18,6,-80.33,540,115.0,290.0,311.96954979612997,10,-8.369113163482098,-28,8,8,5.128688916452505
1507,338101,410960.0,3393430.0,38,30,8,0,2585.0,12.2,502,0,11,411230,3393555,509,0,11,-94.2,540,270.0,125.0,297.5315109362368,7,35.1576108945448,-31,8,8,5.948222154479566
1508,338101,410960.0,3393430.0,38,30,8,0,2585.0,12.2,502,0,11,411220,3393545,509,0,5,-94.3,540,260.0,115.0,284.29737951659,7,36.139824808657636,-31,8,8,6.22298904691541
1509,338101,410960.0,3393430.0,38,30,8,0,2585.0,12.2,502,0,11,411215,3393540,509,0,12,-93.5,540,255.0,110.0,277.71388153997634,7,36.66595872329026,-31,8,8,6.369313002336767
1510,338101,410960.0,3393430.0,38,30,8,0,2585.0,12.2,502,0,11,411225,3393550,509,0,5,-93.35,540,265.0,120.0,290.90376415577714,7,35.63754698468779,-31,8,8,6.082737465489715
1511,338101,410960.0,3393430.0,38,30,8,0,2585.0,12.2,502,0,11,411235,3393560,509,0,11,-89.0,540,275.0,130.0,304.1792234851026,7,34.698621374580284,-31,8,8,5.819128145203121
1512,338101,410960.0,3393430.0,38,30,8,0,2585.0,12.2,502,0,11,411240,3393565,509,0,5,-94.8,540,280.0,135.0,310.84562084739105,7,34.25929164376714,-31,8,8,5.695160367862245
1513,338101,410960.0,3393430.0,38,30,8,0,2585.0,12.2,502,0,11,411210,3393535,509,0,12,-94.33,540,250.0,105.0,271.15493725912495,7,37.217594269518315,-31,8,8,6.5220678029631305
1514,338101,410960.0,3393430.0,38,30,8,0,2585.0,12.2,502,0,11,411100,3393745,509,0,6,-77.33,540,140.0,315.0,344.7100230628637,7,-6.037511025421793,-31,8,8,5.1388235853267155
1515,338101,410960.0,3393430.0,38,30,8,0,2585.0,12.2,502,0,11,411040,3393620,509,0,6,-72.25,540,80.0,190.0,206.15528128088303,7,-7.166345822082462,-31,8,8,8.551614392416132
1516,338101,410960.0,3393430.0,38,30,8,0,2585.0,12.2,502,0,11,411265,3393515,508,0,12,-94.25,540,305.0,85.0,316.62280397975127,6,44.42745640318975,-32,8,8,5.771095079268828
1517,338101,410960.0,3393430.0,38,30,8,0,2585.0,12.2,502,0,11,411050,3393610,507,0,6,-70.0,540,90.0,180.0,201.24611797498108,5,-3.434948822922024,-33,8,8,9.312389174979298
1518,338101,410960.0,3393430.0,38,30,8,0,2585.0,12.2,502,0,11,411105,3393675,505,0,6,-74.0,540,145.0,245.0,284.6928169097352,3,0.6186054089093886,-35,8,8,7.008746818818472
1519,338101,410960.0,3393430.0,38,30,8,0,2585.0,12.2,502,0,11,411275,3393505,508,0,5,-91.14,540,315.0,75.0,323.80549717384355,6,46.607502246248885,-32,8,8,5.6439157175586505
1520,338101,410960.0,3393430.0,38,30,8,0,2585.0,12.2,502,0,11,411090,3393650,507,0,5,-77.5,540,130.0,220.0,255.53864678361276,5,0.5792268724890164,-33,8,8,7.358393812962443
1521,338101,410960.0,3393430.0,38,30,8,0,2585.0,12.2,502,0,11,411075,3393625,507,0,5,-81.67,540,115.0,195.0,226.38462845343543,5,0.5297058999341289,-33,8,8,8.293570138964082
1522,338101,410960.0,3393430.0,38,30,8,0,2585.0,12.2,502,0,11,411060,3393640,510,0,12,-77.0,540,100.0,210.0,232.59406699226014,8,-4.536654938128379,-30,8,8,7.349438385417337
1523,338101,410960.0,3393430.0,38,30,8,0,2585.0,12.2,502,0,11,411140,3393720,506,0,12,-89.5,540,180.0,290.0,341.32096331752024,4,1.8274465766730827,-34,8,8,5.688637519090901
1524,338101,410960.0,3393430.0,38,30,8,0,2585.0,12.2,502,0,11,411085,3393655,508,0,6,-73.71,540,125.0,225.0,257.390753524675,6,-0.945395900922847,-32,8,8,7.086910422007105
1525,338101,410960.0,3393430.0,38,30,8,0,2585.0,12.2,502,0,11,411080,3393660,509,0,6,-72.59,540,120.0,230.0,259.42243542145695,7,-2.4471884232822276,-31,8,8,6.8143169086645194
1526,338101,410960.0,3393430.0,38,30,8,0,2585.0,12.2,502,0,11,411095,3393645,507,0,12,-80.4,540,135.0,215.0,253.87004549572208,5,2.1249984403875146,-33,8,8,7.406222804983482
1527,338101,410960.0,3393430.0,38,30,8,0,2585.0,12.2,502,0,11,411100,3393680,506,0,6,-75.0,540,140.0,250.0,286.53097563788805,4,-0.7511736634530166,-34,8,8,6.767121224379941
1528,338101,410960.0,3393430.0,38,30,8,0,2585.0,12.2,502,0,11,411045,3393615,508,0,6,-83.0,540,85.0,185.0,203.59273071502332,6,-5.3231368296629284,-32,8,8,8.932473198395666
1529,338101,410960.0,3393430.0,38,30,8,0,2585.0,12.2,502,0,11,411260,3393520,508,0,5,-94.6,540,300.0,90.0,313.2091952673165,6,43.300755766006375,-32,8,8,5.833561704500623
1530,338101,410960.0,3393430.0,38,30,8,0,2585.0,12.2,502,0,11,411055,3393605,506,0,5,-69.0,540,95.0,175.0,199.12307751739877,4,-1.504361381755018,-34,8,8,9.689730737921272
1531,338101,410960.0,3393430.0,38,30,8,0,2585.0,12.2,502,0,11,411070,3393630,508,0,12,-69.0,540,110.0,200.0,228.25424421026653,6,-1.1892062570269673,-32,8,8,7.98054245766622
1532,338101,410960.0,3393430.0,38,30,8,0,2585.0,12.2,502,0,11,411270,3393510,508,0,12,-83.5,540,310.0,80.0,320.1562118716424,6,45.52970589993413,-32,8,8,5.707825205225764
1533,338101,410960.0,3393430.0,38,30,8,0,2585.0,12.2,502,0,11,411065,3393635,509,0,12,-72.2,540,105.0,205.0,230.32585612562042,7,-2.8786965958413475,-31,8,8,7.6654839584429215
1534,338101,410960.0,3393430.0,38,30,8,0,2585.0,12.2,502,0,11,410650,3393505,508,0,12,-100.0,540,-310.0,75.0,318.9435686763412,6,253.60054251665872,-32,8,8,5.729382602789899
1535,338101,410960.0,3393430.0,38,30,8,0,2585.0,12.2,502,0,11,411205,3393520,509,0,5,-96.0,540,245.0,90.0,261.00766272276377,7,39.82934658814963,-31,8,8,6.7733158982604245
1536,338101,410960.0,3393430.0,38,30,8,0,2585.0,12.2,502,0,11,411220,3393495,509,0,12,-96.5,540,260.0,65.0,268.00186566514793,7,45.963756532073546,-31,8,8,6.598127927627202
1537,338101,410960.0,3393430.0,38,30,8,0,2585.0,12.2,502,0,11,411110,3393605,506,0,5,-82.2,540,150.0,175.0,230.4886114323222,4,10.601294645004486,-34,8,8,8.391339808952827
1538,338101,410960.0,3393430.0,38,30,8,0,2585.0,12.2,502,0,11,411215,3393510,509,0,12,-94.5,540,255.0,80.0,267.25456029785533,7,42.58202920779718,-31,8,8,6.616414454109992
1539,338101,410960.0,3393430.0,38,30,8,0,2585.0,12.2,502,0,11,411050,3393665,514,0,6,-70.47,540,90.0,235.0,251.6445906432324,12,-9.04422326936782,-26,8,8,5.898887396813954
1540,338101,410960.0,3393430.0,38,30,8,0,2585.0,12.2,502,0,11,411130,3393745,507,0,5,-75.0,540,170.0,315.0,357.94552658190884,5,-1.6450382146759353,-33,8,8,5.267368606575175
1541,338101,410960.0,3393430.0,38,30,8,0,2585.0,12.2,502,0,11,411085,3393640,507,0,12,-77.5,540,125.0,210.0,244.38698819699874,5,0.7627195342388973,-33,8,8,7.690233722782415
1542,338101,410960.0,3393430.0,38,30,8,0,2585.0,12.2,502,0,11,411060,3393655,511,0,6,-70.35,540,100.0,225.0,246.22144504490262,9,-6.037511025421793,-29,8,8,6.717358442357783
1543,338101,410960.0,3393430.0,38,30,8,0,2585.0,12.2,502,0,11,411080,3393635,508,0,5,-75.83,540,120.0,205.0,237.53947040439405,6,0.34324888423958555,-32,8,8,7.672379402038301
1544,338101,410960.0,3393430.0,38,30,8,0,2585.0,12.2,502,0,11,411070,3393645,509,0,12,-69.95,540,110.0,215.0,241.50569351466643,7,-2.904447506248175,-31,8,8,7.314566201854804
1545,338101,410960.0,3393430.0,38,30,8,0,2585.0,12.2,502,0,11,411065,3393660,511,0,6,-71.7,540,105.0,230.0,252.83393759541065,9,-5.462271523422203,-29,8,8,6.543219668920554
1546,338101,410960.0,3393430.0,38,30,8,0,2585.0,12.2,502,0,11,411145,3393740,507,0,5,-77.5,540,185.0,310.0,361.00554012369395,5,0.8276622998680523,-33,8,8,5.222968464335743
1547,338101,410960.0,3393430.0,38,30,8,0,2585.0,12.2,502,0,11,411075,3393650,509,0,5,-75.0,540,115.0,220.0,248.2438317461282,7,-2.402704131356302,-31,8,8,7.1180897888152135
1548,338101,410960.0,3393430.0,38,30,8,0,2585.0,12.2,502,0,11,411105,3393620,506,0,5,-81.0,540,145.0,190.0,239.0083680543424,4,7.349349044640576,-34,8,8,8.096257454051695
1549,338101,410960.0,3393430.0,38,30,8,0,2585.0,12.2,502,0,11,411055,3393670,514,0,6,-71.5,540,95.0,240.0,258.11818998280614,12,-8.404689551032334,-26,8,8,5.7519480399382905
1550,338101,410960.0,3393430.0,38,30,8,0,2585.0,12.2,502,0,11,411135,3393750,507,0,5,-81.5,540,175.0,320.0,364.72592449673766,5,-1.3268535105650017,-33,8,8,5.169981801187496
1551,338101,410960.0,3393430.0,38,30,8,0,2585.0,12.2,502,0,11,411090,3393625,507,0,13,-78.0,540,130.0,195.0,234.3608329051593,5,3.690067525979771,-33,8,8,8.01503912731059
1552,338101,410960.0,3393430.0,38,30,8,0,2585.0,12.2,502,0,11,411045,3393680,517,0,6,-77.0,540,85.0,250.0,264.0549185302179,15,-11.221966777554485,-23,8,8,4.978075486414436
1553,338101,410960.0,3393430.0,38,30,8,0,2585.0,12.2,502,0,11,411210,3393505,509,0,12,-95.2,540,250.0,75.0,261.00766272276377,7,43.300755766006375,-31,8,8,6.7733158982604245
1554,338101,410960.0,3393430.0,38,30,8,0,2585.0,12.2,502,0,11,411040,3393675,517,0,6,-74.0,540,80.0,245.0,257.73047937719747,15,-11.916554616951316,-23,8,8,5.099595838867478
1555,338101,410960.0,3393430.0,38,30,8,0,2585.0,12.2,502,0,11,410940,3393635,510,21,5,-93.0,540,-20.0,205.0,205.9732992404598,8,324.4278021960362,-30,8,8,8.286856213792678
1556,338101,410960.0,3393430.0,38,30,8,0,2585.0,12.2,502,0,11,410910,3393665,511,63,13,-100.0,540,-50.0,235.0,240.26027553467927,9,317.98852161363453,-29,8,8,6.882445278835257
1557,338101,410960.0,3393430.0,38,30,8,0,2585.0,12.2,502,0,11,411190,3393865,507,0,5,-83.67,540,230.0,435.0,492.0619879649311,5,-2.1329961503431605,-33,8,8,3.836780158599483
1558,338101,410960.0,3393430.0,38,30,8,0,2585.0,12.2,502,0,11,411240,3393960,505,0,6,-79.0,540,280.0,530.0,599.4163828258284,3,-2.152421740211821,-35,8,8,3.3417136572625594
1559,338101,410960.0,3393430.0,38,30,8,0,2585.0,12.2,502,0,11,411235,3393965,505,0,6,-98.5,540,275.0,535.0,601.5396911260303,3,-2.7959889239303948,-35,8,8,3.32994470309686
1560,338101,410960.0,3393430.0,38,30,8,0,2585.0,12.2,502,0,11,411535,3393275,503,0,11,-104.67,540,575.0,-155.0,595.5249784853696,1,75.08635400846515,-37,8,8,3.555220110229348
1561,338101,410960.0,3393430.0,38,30,8,0,2585.0,12.2,502,0,11,411555,3393255,504,0,5,-99.0,540,595.0,-175.0,620.2015801334272,2,76.38954033403479,-36,8,8,3.3220427720863017
1562,338101,410960.0,3393430.0,38,30,8,0,2585.0,12.2,502,0,11,410870,3393530,511,0,12,-95.0,540,-90.0,100.0,134.5362404707371,9,288.01278750418334,-29,8,8,12.16428744557941
1563,338101,410960.0,3393430.0,38,30,8,0,2585.0,12.2,502,0,11,410855,3393545,512,0,12,-90.0,540,-105.0,115.0,155.72411502397438,10,287.6025622024998,-28,8,8,10.193160398846617
1564,338101,410960.0,3393430.0,38,30,8,0,2585.0,12.2,502,0,11,410875,3393525,510,0,12,-97.0,540,-85.0,95.0,127.47548783981962,8,288.1798301198642,-30,8,8,13.242976219823511
1565,338101,410960.0,3393430.0,38,30,8,0,2585.0,12.2,502,0,11,409155,3390125,496,0,6,-97.5,540,-1805.0,-3305.0,3765.773492922802,-6,178.64081665131636,-44,8,8,0.6694241142148484
1566,338101,410960.0,3393430.0,38,30,8,0,2585.0,12.2,502,0,11,411465,3393225,502,0,12,-121.5,540,505.0,-205.0,545.0229352972221,0,82.09423034158283,-38,8,8,3.9883127543742525
1567,338101,410960.0,3393430.0,38,30,8,0,2585.0,12.2,502,0,11,411510,3393280,502,0,12,-98.8,540,550.0,-150.0,570.087712549569,0,75.2551187030578,-38,8,8,3.8134897400776286
1568,338101,410960.0,3393430.0,38,30,8,0,2585.0,12.2,502,0,11,411500,3393270,503,0,13,-104.5,540,540.0,-160.0,563.2051136131489,1,76.50436138175502,-37,8,8,3.758669532687065
1569,338101,410960.0,3393430.0,38,30,8,0,2585.0,12.2,502,0,11,411435,3393195,500,0,5,-88.33,540,475.0,-235.0,529.9528280894442,-2,86.32329826780989,-40,8,8,4.316410244198329
1570,338101,410960.0,3393430.0,38,30,8,0,2585.0,12.2,502,0,11,411440,3393210,501,0,6,-92.83,540,480.0,-220.0,528.0151512977634,-1,84.62356478616363,-39,8,8,4.224282437415276
1571,338101,410960.0,3393430.0,38,30,8,0,2585.0,12.2,502,0,11,411445,3393205,501,0,5,-92.5,540,485.0,-225.0,534.649417843132,-1,84.88741171092454,-39,8,8,4.172051126105461
1572,338101,410960.0,3393430.0,38,30,8,0,2585.0,12.2,502,0,11,411515,3393275,503,0,11,-99.67,540,555.0,-155.0,576.2377981354573,1,75.60394714505674,-37,8,8,3.6738957681849067
1573,338101,410960.0,3393430.0,38,30,8,0,2585.0,12.2,502,0,11,411490,3393260,503,0,5,-96.5,540,530.0,-170.0,556.5968020030299,1,77.7838884426925,-37,8,8,3.803164920417949
1574,338101,410960.0,3393430.0,38,30,8,0,2585.0,12.2,502,0,11,411430,3393200,500,0,6,-91.5,540,470.0,-230.0,523.2590180780452,-2,86.07535558394875,-40,8,8,4.371415389301668
1575,338101,410960.0,3393430.0,38,30,8,0,2585.0,12.2,502,0,11,411415,3393175,499,0,6,-94.67,540,455.0,-255.0,521.5841255253077,-3,89.26799521489272,-41,8,8,4.494589227819546
1576,338101,410960.0,3393430.0,38,30,8,0,2585.0,12.2,502,0,11,410900,3393805,505,24,5,-100.0,540,-60.0,375.0,379.7696670351649,3,320.9097230791777,-35,8,8,5.265569143960584
1577,338101,410960.0,3393430.0,38,30,8,0,2585.0,12.2,502,0,11,411205,3393510,509,0,12,-96.0,540,245.0,80.0,257.73047937719747,7,41.916554616951316,-31,8,8,6.858626963123623
1578,338101,410960.0,3393430.0,38,30,8,0,2585.0,12.2,502,0,11,411050,3393675,515,0,6,-71.1,540,90.0,245.0,261.00766272276377,13,-9.829346588149576,-25,8,8,5.47124945343343
1579,338101,410960.0,3393430.0,38,30,8,0,2585.0,12.2,502,0,11,411090,3393635,507,0,5,-79.0,540,130.0,205.0,242.7447218787671,5,2.3806777065692586,-33,8,8,7.741632423943442
1580,338101,410960.0,3393430.0,38,30,8,0,2585.0,12.2,502,0,11,411215,3393520,509,0,5,-93.8,540,255.0,90.0,270.4163456597992,7,40.55996517182382,-31,8,8,6.5397275019572385
1581,338101,410960.0,3393430.0,38,30,8,0,2585.0,12.2,502,0,11,411210,3393515,509,0,5,-92.5,540,250.0,85.0,264.0549185302179,7,41.221966777554485,-31,8,8,6.6958640752082115
1582,338101,410960.0,3393430.0,38,30,8,0,2585.0,12.2,502,0,11,411120,3393745,507,0,5,-74.75,540,160.0,315.0,353.30581653859025,5,-3.072322148959472,-33,8,8,5.336144417715192
1583,338101,410960.0,3393430.0,38,30,8,0,2585.0,12.2,502,0,11,411075,3393660,510,0,6,-73.17,540,115.0,230.0,257.14781741247583,8,-3.434948822922024,-30,8,8,6.654297836193974
1584,338101,410960.0,3393430.0,38,30,8,0,2585.0,12.2,502,0,11,411140,3393725,506,0,12,-87.0,540,180.0,295.0,345.5792239125495,4,1.3902681041877827,-34,8,8,5.618992924966521
1585,338101,410960.0,3393430.0,38,30,8,0,2585.0,12.2,502,0,11,411130,3393755,508,0,5,-74.0,540,170.0,325.0,366.7764987018661,6,-2.386972176915549,-32,8,8,4.98623546168124
1586,338101,410960.0,3393430.0,38,30,8,0,2585.0,12.2,502,0,11,411055,3393680,515,0,6,-72.08,540,95.0,250.0,267.44158240632663,13,-9.193208987288756,-25,8,8,5.340396317580039
1587,338101,410960.0,3393430.0,38,30,8,0,2585.0,12.2,502,0,11,411070,3393655,510,0,5,-70.46,540,110.0,225.0,250.44959572736389,8,-3.9465046895090268,-30,8,8,6.830605739368217
1588,338101,410960.0,3393430.0,38,30,8,0,2585.0,12.2,502,0,11,411125,3393750,508,0,5,-73.4,540,165.0,320.0,360.0347205478938,6,-2.723236616886311,-32,8,8,5.079120561995207
1589,338101,410960.0,3393430.0,38,30,8,0,2585.0,12.2,502,0,11,411155,3393740,506,24,5,-82.0,540,195.0,310.0,366.23080154459973,4,2.1712171285445834,-34,8,8,5.304001211921669
1590,338101,410960.0,3393430.0,38,30,8,0,2585.0,12.2,502,0,11,411065,3393650,510,0,5,-73.7,540,105.0,220.0,243.77243486497812,8,-4.486129572465757,-30,8,8,7.015862437823868
1591,338101,410960.0,3393430.0,38,30,8,0,2585.0,12.2,502,0,11,411060,3393645,510,0,5,-73.5,540,100.0,215.0,237.11811402758752,8,-5.056094736575403,-30,8,8,7.210706281758837
1592,338101,410960.0,3393430.0,38,30,8,0,2585.0,12.2,502,0,11,411085,3393630,507,0,13,-73.75,540,125.0,200.0,235.8495283014151,5,2.005383208083515,-33,8,8,7.965099069627403
1593,338101,410960.0,3393430.0,38,30,8,0,2585.0,12.2,502,0,11,411080,3393625,507,0,13,-75.0,540,120.0,195.0,228.96506283710622,5,1.6075022462488846,-33,8,8,8.201380277505379
1594,338101,410960.0,3393430.0,38,30,8,0,2585.0,12.2,502,0,11,411045,3393670,515,0,6,-74.8,540,85.0,240.0,254.6075411294803,13,-10.497551493337767,-25,8,8,5.6079153331504346
1595,338101,410960.0,3393430.0,38,30,8,0,2585.0,12.2,502,0,11,411040,3393665,515,0,6,-72.86,540,80.0,235.0,248.2438317461282,13,-11.200114841347329,-25,8,8,5.750722145622489
1596,338101,410960.0,3393430.0,38,30,8,0,2585.0,12.2,502,0,11,411235,3393500,508,54,5,-97.33,540,275.0,70.0,283.7692724732542,6,45.71890426402916,-32,8,8,6.433931030830153
1597,338101,410960.0,3393430.0,38,30,8,0,2585.0,12.2,502,0,11,407655,3392700,499,0,10,-94.5,540,-3305.0,-730.0,3384.660248828529,-3,227.54463660827412,-41,8,8,0.6940170938087126
1598,338101,410960.0,3393430.0,38,30,8,0,2585.0,12.2,502,0,11,410860,3393515,511,21,12,-94.75,540,-100.0,85.0,131.24404748406687,9,280.3645365730973,-29,8,8,12.460003830829528
1599,338101,410960.0,3393430.0,38,30,8,0,2585.0,12.2,502,0,11,410765,3393580,529,0,12,-95.67,540,-195.0,150.0,246.01829200285087,27,277.5685920288275,-11,8,8,2.5601107831723486
1600,338101,410960.0,3393430.0,38,30,8,0,2585.0,12.2,502,0,11,410875,3393510,510,0,5,-94.5,540,-85.0,80.0,116.72617529928752,8,283.2642954110716,-30,8,8,14.4137275685254
1601,338101,410960.0,3393430.0,38,30,8,0,2585.0,12.2,502,0,11,411225,3393930,507,0,6,-81.0,540,265.0,500.0,565.8842637854493,5,-2.076410284861595,-33,8,8,3.337470014376621
1602,338101,410960.0,3393430.0,38,30,8,0,2585.0,12.2,502,0,11,411220,3393925,507,0,6,-81.0,540,260.0,495.0,559.128786595718,5,-2.2891859847468936,-33,8,8,3.377701017869768
1603,338101,410960.0,3393430.0,38,30,8,0,2585.0,12.2,502,0,11,409035,3390255,497,0,5,-98.5,540,-1925.0,-3175.0,3712.983975187612,-5,181.22840028291756,-43,8,8,0.6635117200752152
1604,338101,410960.0,3393430.0,38,30,8,0,2585.0,12.2,502,0,11,411045,3393275,504,48,6,-89.0,540,85.0,-155.0,176.7766952966369,2,121.26020470831196,-36,8,8,11.510698119297015
1605,338101,410960.0,3393430.0,38,30,8,0,2585.0,12.2,502,0,11,410955,3393045,506,0,5,-94.0,540,-5.0,-385.0,385.0324661635691,4,150.7440592028887,-34,8,8,5.046370939549683
1606,338101,410960.0,3393430.0,38,30,8,0,2585.0,12.2,502,0,11,411260,3393975,503,0,5,-79.0,540,300.0,545.0,622.1133337262593,1,-1.1690316876096176,-37,8,8,3.403639555658533
1607,338101,410960.0,3393430.0,38,30,8,0,2585.0,12.2,502,0,11,411230,3393925,506,0,5,-75.0,540,270.0,495.0,563.848383876375,4,-1.3895403340347912,-34,8,8,3.450751304581811
1608,338101,410960.0,3393430.0,38,30,8,0,2585.0,12.2,502,0,11,411480,3393275,502,21,6,-94.25,540,520.0,-155.0,542.6094359666075,0,76.59810439286105,-38,8,8,4.005994937489351
1609,338101,410960.0,3393430.0,38,30,8,0,2585.0,12.2,502,0,11,411500,3393255,503,0,13,-96.0,540,540.0,-175.0,567.6486589431883,1,77.95616515262674,-37,8,8,3.7293300802714953
1610,338101,410960.0,3393430.0,38,30,8,0,2585.0,12.2,502,0,11,411490,3393265,503,0,5,-96.5,540,530.0,-165.0,555.0900827793629,1,77.29244939987768,-37,8,8,3.8134576937548266
1611,338101,410960.0,3393430.0,38,30,8,0,2585.0,12.2,502,0,11,411485,3393280,502,21,5,-119.25,540,525.0,-150.0,546.0082416960389,0,75.94539590092285,-38,8,8,3.9811387556417785
1612,338101,410960.0,3393430.0,38,30,8,0,2585.0,12.2,502,0,11,411460,3393215,502,0,12,-91.5,540,500.0,-215.0,544.2655601817921,0,83.26770481005696,-38,8,8,3.99384476052409
1613,338101,410960.0,3393430.0,38,30,8,0,2585.0,12.2,502,0,11,411405,3393200,500,51,8,-99.67,540,445.0,-230.0,500.9241459542552,-2,87.33235949216771,-40,8,8,4.565518621324115
1614,338101,410960.0,3393430.0,38,30,8,0,2585.0,12.2,502,0,11,411420,3393175,499,0,6,-99.0,540,460.0,-255.0,525.9515186782903,-3,89.00169942388811,-41,8,8,4.457418117678236
1615,338101,410960.0,3393430.0,38,30,8,0,2585.0,12.2,502,0,11,411425,3393180,500,0,6,-92.5,540,465.0,-250.0,527.9441258315126,-2,88.26400414852395,-40,8,8,4.3327707411939524
1616,338101,410960.0,3393430.0,38,30,8,0,2585.0,12.2,502,0,11,411505,3393260,503,0,13,-109.0,540,545.0,-170.0,570.8984147814741,1,77.32408953997094,-37,8,8,3.708160811988047
1617,338101,410960.0,3393430.0,38,30,8,0,2585.0,12.2,502,0,11,411350,3393085,499,0,6,-91.0,540,390.0,-345.0,520.6966487312934,-3,101.4964683552156,-41,8,8,4.502218349563583
1618,338101,410960.0,3393430.0,38,30,8,0,2585.0,12.2,502,0,11,411495,3393270,503,0,13,-98.45,540,535.0,-160.0,558.4129296497351,1,76.65010549860301,-37,8,8,3.7908320022265083
1619,338101,410960.0,3393430.0,38,30,8,0,2585.0,12.2,502,0,11,410955,3393360,501,48,13,-108.67,540,-5.0,-70.0,70.178344238091,-1,154.08561677997488,-39,8,8,29.062109398495313
1620,338101,410960.0,3393430.0,38,30,8,0,2585.0,12.2,502,0,11,411030,3393435,504,0,11,-89.0,540,70.0,5.0,70.178344238091,2,55.914383220025115,-36,8,8,27.1568601747977
1621,338101,410960.0,3393430.0,38,30,8,0,2585.0,12.2,502,0,11,411040,3393445,504,0,5,-88.5,540,80.0,15.0,81.39410298049853,2,49.38034472384487,-36,8,8,23.859446399488764
1622,338101,410960.0,3393430.0,38,30,8,0,2585.0,12.2,502,0,11,411020,3393425,503,48,5,-90.0,540,60.0,-5.0,60.207972893961475,1,64.76364169072616,-37,8,8,31.57224514075259
1623,338101,410960.0,3393430.0,38,30,8,0,2585.0,12.2,502,0,11,411035,3393440,504,0,5,-90.0,540,75.0,10.0,75.66372975210778,2,52.40535663140855,-36,8,8,25.44460949877764
1624,338101,410960.0,3393430.0,38,30,8,0,2585.0,12.2,502,0,11,411025,3393430,503,0,11,-92.74,540,65.0,0.0,65.0,1,60.0,-37,8,8,29.64986350757558
1625,338101,410960.0,3393430.0,38,30,8,0,2585.0,12.2,502,0,11,410830,3393575,516,0,5,-105.0,540,-130.0,145.0,194.74342094150447,14,288.1221304621157,-24,8,8,7.025653824569618
1626,338101,410960.0,3393430.0,38,30,8,0,2585.0,12.2,502,0,11,410835,3393580,515,0,5,-104.0,540,-125.0,150.0,195.25624189766637,13,290.1944289077348,-25,8,8,7.296275301016712
1627,338101,410960.0,3393430.0,38,30,8,0,2585.0,12.2,502,0,11,410825,3393570,517,0,5,-101.0,540,-135.0,140.0,194.48650338776724,15,286.04162667600997,-23,8,8,6.744481428683021
1628,338101,410960.0,3393430.0,38,30,8,0,2585.0,12.2,502,0,11,410870,3393535,511,0,12,-94.0,540,-90.0,105.0,138.2931668593933,9,289.3987053549955,-29,8,8,11.843284806684183
1629,338101,410960.0,3393430.0,38,30,8,0,2585.0,12.2,502,0,11,410840,3393545,514,0,12,-87.67,540,-120.0,115.0,166.20770138594662,12,283.7811247648687,-26,8,8,8.890769825703192
1630,338101,410960.0,3393430.0,38,30,8,0,2585.0,12.2,502,0,11,409025,3390210,498,0,13,-98.0,540,-1935.0,-3220.0,3756.677388331343,-4,181.0029912528387,-42,8,8,0.6405454169072007
1631,338101,410960.0,3393430.0,38,30,8,0,2585.0,12.2,502,0,11,409020,3390205,498,0,5,-95.5,540,-1940.0,-3225.0,3763.5388931164243,-4,181.02902852424359,-42,8,8,0.6393777020606585
1632,338101,410960.0,3393430.0,38,30,8,0,2585.0,12.2,502,0,11,409030,3390215,498,0,12,-94.67,540,-1930.0,-3215.0,3749.816662184966,-4,180.97685869958192,-42,8,8,0.6417172714053889
1633,338101,410960.0,3393430.0,38,30,8,0,2585.0,12.2,502,0,11,410870,3393670,506,0,12,-100.0,540,-90.0,240.0,256.3201123595259,4,309.44395478041656,-34,8,8,7.555982142551352
1634,338101,410960.0,3393430.0,38,30,8,0,2585.0,12.2,502,0,11,411385,3393075,499,0,5,-94.25,540,425.0,-355.0,553.7598757584374,-3,99.8718089581472,-41,8,8,4.234413920665392
1635,338101,410960.0,3393430.0,38,30,8,0,2585.0,12.2,502,0,11,411365,3393055,499,0,12,-91.0,540,405.0,-375.0,551.9510847892229,-3,102.79740183823424,-41,8,8,4.248239737668926
1636,338101,410960.0,3393430.0,38,30,8,0,2585.0,12.2,502,0,11,411390,3393070,499,0,12,-89.0,540,430.0,-360.0,560.8029957123981,-3,99.93638314696989,-41,8,8,4.181423769789865
1637,338101,410960.0,3393430.0,38,30,8,0,2585.0,12.2,502,0,11,411395,3393065,499,0,12,-89.5,540,435.0,-365.0,567.8468103282786,-3,99.99935540244155,-41,8,8,4.129736178193036
1638,338101,410960.0,3393430.0,38,30,8,0,2585.0,12.2,502,0,11,411325,3393175,500,0,11,-105.83,540,365.0,-255.0,445.25273721786374,-2,94.93931020467704,-40,8,8,5.133478530585295
1639,338101,410960.0,3393430.0,38,30,8,0,2585.0,12.2,502,0,11,411320,3393180,500,0,11,-104.0,540,360.0,-250.0,438.2921400162225,-2,94.7778313663639,-40,8,8,5.214558277538254
1640,338101,410960.0,3393430.0,38,30,8,0,2585.0,12.2,502,0,11,408980,3390325,497,0,7,-91.5,540,-1980.0,-3105.0,3682.5840112616575,-5,182.52489028779104,-43,8,8,0.6689885555236741
1641,338101,410960.0,3393430.0,38,30,8,0,2585.0,12.2,502,0,11,408985,3390330,498,0,7,-93.29,540,-1975.0,-3100.0,3675.6802091585714,-4,182.5010805403613,-42,8,8,0.6546592413303406
1642,338101,410960.0,3393430.0,38,30,8,0,2585.0,12.2,502,0,11,411410,3393220,500,0,8,-96.33,540,450.0,-210.0,496.58836071740546,-2,85.01689347810003,-40,8,8,4.605210105827882
1643,338101,410960.0,3393430.0,38,30,8,0,2585.0,12.2,502,0,11,411425,3393225,501,0,8,-91.0,540,465.0,-205.0,508.1830378908765,-1,83.79077386577717,-39,8,8,4.388505323904624
1644,338101,410960.0,3393430.0,38,30,8,0,2585.0,12.2,502,0,11,411450,3393180,500,0,12,-94.17,540,490.0,-250.0,550.0909015790027,-2,87.030860259843,-40,8,8,4.158957332095226
1645,338101,410960.0,3393430.0,38,30,8,0,2585.0,12.2,502,0,11,411405,3393205,500,0,8,-100.0,540,445.0,-225.0,498.6481725625794,-2,86.82198120158148,-40,8,8,4.586268262015024
1646,338101,410960.0,3393430.0,38,30,8,0,2585.0,12.2,502,0,11,411355,3392995,501,0,5,-108.33,540,395.0,-435.0,587.5797818169036,-1,107.75910765862028,-39,8,8,3.7973781586283435
1647,338101,410960.0,3393430.0,38,30,8,0,2585.0,12.2,502,0,11,411460,3393190,501,0,12,-94.67,540,500.0,-240.0,554.616984954482,-1,85.6410058243053,-39,8,8,4.022349277986641
1648,338101,410960.0,3393430.0,38,30,8,0,2585.0,12.2,502,0,11,411470,3393200,501,0,5,-89.0,540,510.0,-230.0,559.4640292279746,-1,84.27444113443948,-39,8,8,3.9876136484777795
1649,338101,410960.0,3393430.0,38,30,8,0,2585.0,12.2,502,0,11,411455,3393175,500,0,12,-95.0,540,495.0,-255.0,556.8213357981176,-2,87.25532837494308,-40,8,8,4.108860231376261
1650,338101,410960.0,3393430.0,38,30,8,0,2585.0,12.2,502,0,11,411415,3393215,500,0,8,-94.0,540,455.0,-215.0,503.23950560344525,-2,85.29202115702128,-40,8,8,4.544601275100155
1651,338101,410960.0,3393430.0,38,30,8,0,2585.0,12.2,502,0,11,411420,3393230,501,0,8,-92.0,540,460.0,-200.0,501.5974481593781,-1,83.49856567595214,-39,8,8,4.445893518429996
1652,338101,410960.0,3393430.0,38,30,8,0,2585.0,12.2,502,0,11,411565,3393320,501,51,12,-114.0,540,605.0,-110.0,614.9186938124421,-1,70.30484646876602,-39,8,8,3.629010647588028
1653,338101,410960.0,3393430.0,38,30,8,0,2585.0,12.2,502,0,11,411620,3393235,502,0,5,-102.5,540,660.0,-195.0,688.2041848172678,0,76.46001481204001,-38,8,8,3.1604442892516573
1654,338101,410960.0,3393430.0,38,30,8,0,2585.0,12.2,502,0,11,409160,3390125,495,0,5,-99.33,540,-1800.0,-3305.0,3763.37946532103,-7,178.57400810932248,-45,8,8,0.6850723483792379
1655,338101,410960.0,3393430.0,38,30,8,0,2585.0,12.2,502,0,11,409150,3390115,496,0,5,-94.5,540,-1810.0,-3315.0,3776.9465180221973,-6,178.63467341180868,-44,8,8,0.6674439922413241
1656,338101,410960.0,3393430.0,38,30,8,0,2585.0,12.2,502,0,11,409170,3390135,496,0,5,-98.5,540,-1790.0,-3295.0,3749.816662184966,-6,178.5129038943025,-44,8,8,0.6722724958694566
1657,338101,410960.0,3393430.0,38,30,8,0,2585.0,12.2,502,0,11,409185,3390150,496,0,10,-98.0,540,-1775.0,-3280.0,3729.4805268294404,-6,178.420414443288,-44,8,8,0.6759379284536111
1658,338101,410960.0,3393430.0,38,30,8,0,2585.0,12.2,502,0,11,409180,3390145,496,0,10,-96.0,540,-1780.0,-3285.0,3736.2581548924054,-6,178.4513561266824,-44,8,8,0.6747118804185912
1659,338101,410960.0,3393430.0,38,30,8,0,2585.0,12.2,502,0,11,411575,3393325,502,12,5,-109.25,540,615.0,-105.0,623.8990302925627,0,69.6887865603668,-38,8,8,3.4854250320408684
1660,338101,410960.0,3393430.0,38,30,8,0,2585.0,12.2,502,0,11,411570,3393330,501,12,5,-109.5,540,610.0,-100.0,618.1423784210236,-1,69.30994017498602,-39,8,8,3.6101351159652135
1661,338101,410960.0,3393430.0,38,30,8,0,2585.0,12.2,502,0,11,411545,3393315,501,12,5,-103.75,540,585.0,-115.0,596.1962764056817,-1,71.12146019489035,-39,8,8,3.7426538766879034
1662,338101,410960.0,3393430.0,38,30,8,0,2585.0,12.2,502,0,11,411540,3393320,501,0,5,-114.5,540,580.0,-110.0,590.3388857258177,-1,70.73889710090543,-39,8,8,3.779681679558333
1663,338101,410960.0,3393430.0,38,30,8,0,2585.0,12.2,502,0,11,411520,3393300,501,0,5,-101.33,540,560.0,-130.0,574.8912940721924,-1,73.0693178962822,-39,8,8,3.8809371320753994
1664,338101,410960.0,3393430.0,38,30,8,0,2585.0,12.2,502,0,11,411525,3393295,502,0,5,-93.0,540,565.0,-135.0,580.9044671888829,0,73.43818815835067,-38,8,8,3.742684233741318
1665,338101,410960.0,3393430.0,38,30,8,0,2585.0,12.2,502,0,11,410875,3393675,507,0,12,-99.0,540,-85.0,245.0,259.3260495977988,5,310.86635679409454,-33,8,8,7.252078469692509
1666,338101,410960.0,3393430.0,38,30,8,0,2585.0,12.2,502,0,11,410845,3393645,507,0,5,-100.0,540,-115.0,215.0,243.82370680473218,5,301.85839876773827,-33,8,8,7.707786368111409
1667,338101,410960.0,3393430.0,38,30,8,0,2585.0,12.2,502,0,11,411325,3393165,500,0,13,-104.6,540,365.0,-265.0,451.0543204537564,-2,95.98067756861832,-40,8,8,5.067796392236408
1668,338101,410960.0,3393430.0,38,30,8,0,2585.0,12.2,502,0,11,411315,3393155,500,0,13,-101.67,540,355.0,-275.0,449.0545623863541,-2,97.763077974032,-40,8,8,5.09024631899038
1669,338101,410960.0,3393430.0,38,30,8,0,2585.0,12.2,502,0,11,411330,3393180,500,0,11,-104.5,540,370.0,-250.0,446.5422712353221,-2,94.04593735660166,-40,8,8,5.118732832869929
1670,338101,410960.0,3393430.0,38,30,8,0,2585.0,12.2,502,0,11,411380,3393070,499,0,12,-90.5,540,420.0,-360.0,553.1726674375732,-3,100.60129464500449,-41,8,8,4.238892494677025
1671,338101,410960.0,3393430.0,38,30,8,0,2585.0,12.2,502,0,11,411395,3393075,499,0,5,-96.67,540,435.0,-355.0,561.4712815451918,-3,99.21760767763595,-41,8,8,4.176464491272551
1672,338101,410960.0,3393430.0,38,30,8,0,2585.0,12.2,502,0,11,411375,3393055,499,0,12,-89.0,540,415.0,-375.0,559.3299562869845,-3,102.10142320071827,-41,8,8,4.192396665469264
1673,338101,410960.0,3393430.0,38,30,8,0,2585.0,12.2,502,0,11,411385,3393065,499,0,12,-90.0,540,425.0,-365.0,560.2231698171721,-3,100.65676004831062,-41,8,8,4.185736131641262
1674,338101,410960.0,3393430.0,38,30,8,0,2585.0,12.2,502,0,11,411390,3393080,499,0,5,-95.0,540,430.0,-350.0,554.4366510251645,-3,99.14398641457103,-41,8,8,4.229263932650634
1675,338101,410960.0,3393430.0,38,30,8,0,2585.0,12.2,502,0,11,410540,3393350,507,0,6,-95.5,540,-420.0,-80.0,427.551166528639,5,229.2157021324374,-33,8,8,4.4135523571534705
1676,338101,410960.0,3393430.0,38,30,8,0,2585.0,12.2,502,0,11,411320,3393170,500,0,13,-103.0,540,360.0,-260.0,444.07206622349037,-2,95.83765295427827,-40,8,8,5.14705388746539
1677,338101,410960.0,3393430.0,38,30,8,0,2585.0,12.2,502,0,11,411515,3393515,504,0,5,-88.5,540,555.0,85.0,561.4712815451918,2,51.2926297284796,-36,8,8,3.668626607488511
1678,338101,410960.0,3393430.0,38,30,8,0,2585.0,12.2,502,0,11,411125,3393765,508,0,6,-78.0,540,165.0,335.0,373.4300469967568,6,-3.778033222445515,-32,8,8,4.897829823604326
1679,338101,410960.0,3393430.0,38,30,8,0,2585.0,12.2,502,0,11,411175,3393815,507,0,12,-84.6,540,215.0,385.0,440.9648512069868,5,-0.8191939475001391,-33,8,8,4.279803373907898
1680,338101,410960.0,3393430.0,38,30,8,0,2585.0,12.2,502,0,11,411180,3393830,507,0,5,-88.25,540,220.0,400.0,456.50848842053307,5,-1.1892062570269673,-33,8,8,4.134594759360319
1681,338101,410960.0,3393430.0,38,30,8,0,2585.0,12.2,502,0,11,410970,3393620,509,0,5,-97.2,540,10.0,190.0,190.26297590440447,7,-26.987212495816664,-31,8,8,9.25402094235134
1682,338101,410960.0,3393430.0,38,30,8,0,2585.0,12.2,502,0,11,410920,3393710,511,0,10,-98.0,540,-40.0,280.0,282.842712474619,9,321.86989764584405,-29,8,8,5.854107387362644
1683,338101,410960.0,3393430.0,38,30,8,0,2585.0,12.2,502,0,11,411160,3393790,507,0,12,-91.6,540,200.0,360.0,411.82520563948003,5,-0.945395900922847,-33,8,8,4.5813839599108634
1684,338101,410960.0,3393430.0,38,30,8,0,2585.0,12.2,502,0,11,411170,3393800,507,0,12,-81.67,540,210.0,370.0,425.4409477236529,5,-0.4221613187386879,-33,8,8,4.435356767202875
1685,338101,410960.0,3393430.0,38,30,8,0,2585.0,12.2,502,0,11,411165,3393785,507,0,12,-82.07,540,205.0,355.0,409.93901985539264,5,0.004920870824037138,-33,8,8,4.602373184905321
1686,338101,410960.0,3393430.0,38,30,8,0,2585.0,12.2,502,0,11,410930,3393720,511,0,10,-97.0,540,-30.0,290.0,291.547594742265,9,324.0938588862295,-29,8,8,5.68047890306651
1687,338101,410960.0,3393430.0,38,30,8,0,2585.0,12.2,502,0,11,411485,3393265,503,0,5,-107.5,540,525.0,-165.0,550.3180898353243,1,77.44718842328223,-37,8,8,3.8464266265363665
1688,338101,410960.0,3393430.0,38,30,8,0,2585.0,12.2,502,0,11,411400,3393190,499,51,8,-97.5,540,440.0,-240.0,501.1985634456667,-3,88.61045966596521,-41,8,8,4.676605333422741
1689,338101,410960.0,3393430.0,38,30,8,0,2585.0,12.2,502,0,11,411410,3393200,500,51,8,-92.5,540,450.0,-230.0,505.3711507397311,-2,87.07208023799274,-40,8,8,4.525512034196399
1690,338101,410960.0,3393430.0,38,30,8,0,2585.0,12.2,502,0,11,411480,3393270,502,21,5,-97.5,540,520.0,-160.0,544.0588203494177,0,77.10272896905235,-38,8,8,3.9953574889861154
1691,338101,410960.0,3393430.0,38,30,8,0,2585.0,12.2,502,0,11,411490,3393280,502,0,5,-105.57,540,530.0,-150.0,550.8175741568165,0,75.80251395393555,-38,8,8,3.9464887112773437
1692,338101,410960.0,3393430.0,38,30,8,0,2585.0,12.2,502,0,11,411435,3393175,500,0,12,-96.6,540,475.0,-255.0,539.1196527673611,-2,88.22877618136954,-40,8,8,4.243287308747466
1693,338101,410960.0,3393430.0,38,30,8,0,2585.0,12.2,502,0,11,411430,3393180,500,0,5,-94.5,540,470.0,-250.0,532.3532661682466,-2,88.00917670801385,-40,8,8,4.297020149953015
1694,338101,410960.0,3393430.0,38,30,8,0,2585.0,12.2,502,0,11,411425,3393165,499,0,5,-99.5,540,465.0,-265.0,535.2102390649865,-3,89.67848992513518,-41,8,8,4.380611027925575
1695,338101,410960.0,3393430.0,38,30,8,0,2585.0,12.2,502,0,11,411495,3393275,502,0,13,-102.2,540,535.0,-155.0,557.0008976653448,0,76.15733986458793,-38,8,8,3.9028144876711313
1696,338101,410960.0,3393430.0,38,30,8,0,2585.0,12.2,502,0,11,409005,3390325,498,0,5,-92.0,540,-1955.0,-3105.0,3669.202910715078,-4,182.19573393471325,-42,8,8,0.655814820172561
1697,338101,410960.0,3393430.0,38,30,8,0,2585.0,12.2,502,0,11,411570,3393285,503,0,5,-124.5,540,610.0,-145.0,626.9968101992226,1,73.37133196989191,-37,8,8,3.3771913012095705
1698,338101,410960.0,3393430.0,38,30,8,0,2585.0,12.2,502,0,11,411520,3393335,500,0,12,-99.0,540,560.0,-95.0,568.000880281008,-2,69.6281561284867,-40,8,8,4.028257444082263
1699,338101,410960.0,3393430.0,38,30,8,0,2585.0,12.2,502,0,11,411530,3393325,500,0,5,-114.5,540,570.0,-105.0,579.5903725908497,-2,70.43747535111822,-40,8,8,3.9479656882763488
1700,338101,410960.0,3393430.0,38,30,8,0,2585.0,12.2,502,0,11,411005,3393545,505,0,5,-90.5,540,45.0,115.0,123.4908903522847,3,-8.629377730656813,-35,8,8,15.823881456057778
1701,338101,410960.0,3393430.0,38,30,8,0,2585.0,12.2,502,0,11,410895,3393515,509,0,12,-97.25,540,-65.0,85.0,107.00467279516349,7,292.59464336859145,-31,8,8,16.15667110227455
1702,338101,410960.0,3393430.0,38,30,8,0,2585.0,12.2,502,0,11,410885,3393505,509,0,12,-103.5,540,-75.0,75.0,106.06601717798213,7,285.0,-31,8,8,16.292100207981242
1703,338101,410960.0,3393430.0,38,30,8,0,2585.0,12.2,502,0,11,410935,3393475,504,21,6,-81.33,540,-25.0,45.0,51.478150704935004,2,300.94539590092285,-36,8,8,34.96608741135924
1704,338101,410960.0,3393430.0,38,30,8,0,2585.0,12.2,502,0,11,410890,3393520,509,0,12,-91.5,540,-70.0,90.0,114.0175425099138,7,292.1250163489018,-31,8,8,15.210350726954788
1705,338101,410960.0,3393430.0,38,30,8,0,2585.0,12.2,502,0,11,411000,3393550,505,0,5,-88.67,540,40.0,120.0,126.49110640673517,3,-11.565051177077976,-35,8,8,15.46672895722096
1706,338101,410960.0,3393430.0,38,30,8,0,2585.0,12.2,502,0,11,410965,3393585,506,0,12,-93.0,540,5.0,155.0,155.08062419270823,4,-28.152389734005396,-34,8,8,12.365921082872521
1707,338101,410960.0,3393430.0,38,30,8,0,2585.0,12.2,502,0,11,411150,3393420,508,0,8,-96.0,540,190.0,-10.0,190.26297590440447,6,63.012787504183336,-32,8,8,9.547126191377368
1708,338101,410960.0,3393430.0,38,30,8,0,2585.0,12.2,502,0,11,410915,3393495,506,0,12,-92.83,540,-45.0,65.0,79.05694150420949,4,295.304846468766,-34,8,8,23.27107805213458
1709,338101,410960.0,3393430.0,38,30,8,0,2585.0,12.2,502,0,11,411015,3393555,505,0,5,-90.5,540,55.0,125.0,136.56500283747664,3,-6.250505507133255,-35,8,8,14.374832989277202
1710,338101,410960.0,3393430.0,38,30,8,0,2585.0,12.2,502,0,11,411020,3393530,505,0,5,-86.57,540,60.0,100.0,116.61903789690601,3,0.9637565320735462,-35,8,8,16.70568448289184
1711,338101,410960.0,3393430.0,38,30,8,0,2585.0,12.2,502,0,11,410970,3393600,506,0,12,-89.5,540,10.0,170.0,170.29386365926402,4,-26.63353933657021,-34,8,8,11.290917533059474
1712,338101,410960.0,3393430.0,38,30,8,0,2585.0,12.2,502,0,11,410930,3393480,505,21,6,-92.5,540,-30.0,50.0,58.309518948453004,3,299.03624346792645,-35,8,8,30.974079104309528
1713,338101,410960.0,3393430.0,38,30,8,0,2585.0,12.2,502,0,11,411200,3393830,507,0,6,-86.0,540,240.0,400.0,466.47615158762403,5,0.9637565320735462,-33,8,8,4.04654341001699
1714,338101,410960.0,3393430.0,38,30,8,0,2585.0,12.2,502,0,11,410910,3393500,507,0,12,-94.6,540,-50.0,70.0,86.02325267042627,5,294.4623222080256,-33,8,8,20.98767306944397
1715,338101,410960.0,3393430.0,38,30,8,0,2585.0,12.2,502,0,11,410960,3393590,506,21,5,-93.5,540,0.0,160.0,160.0,4,-30.0,-34,8,8,11.996899307923579
1716,338101,410960.0,3393430.0,38,30,8,0,2585.0,12.2,502,0,11,410955,3393455,503,0,11,-86.5,540,-5.0,25.0,25.495097567963924,1,318.69006752597977,-37,8,8,55.430955745913025
1717,338101,410960.0,3393430.0,38,30,8,0,2585.0,12.2,502,0,11,411155,3393415,508,0,8,-94.5,540,195.0,-15.0,195.57607215607945,6,64.39870535499551,-32,8,8,9.292350705843177
1718,338101,410960.0,3393430.0,38,30,8,0,2585.0,12.2,502,0,11,411140,3393410,508,21,12,-93.0,540,180.0,-20.0,181.10770276274835,6,66.34019174590992,-32,8,8,10.020195581850166
1719,338101,410960.0,3393430.0,38,30,8,0,2585.0,12.2,502,0,11,411145,3393405,508,0,8,-94.25,540,185.0,-25.0,186.6815470259447,6,67.69605172201659,-32,8,8,9.726817980239288
1720,338101,410960.0,3393430.0,38,30,8,0,2585.0,12.2,502,0,11,408905,3390340,498,0,12,-86.0,540,-2055.0,-3090.0,3710.9466447255745,-4,183.62583461621549,-42,8,8,0.6484383173063145
1721,338101,410960.0,3393430.0,38,30,8,0,2585.0,12.2,502,0,11,410860,3393530,511,0,5,-92.67,540,-100.0,100.0,141.4213562373095,9,285.0,-29,8,8,11.588478432113043
1722,338101,410960.0,3393430.0,38,30,8,0,2585.0,12.2,502,0,11,410865,3393525,511,0,12,-95.67,540,-95.0,95.0,134.35028842544403,9,285.0,-29,8,8,12.180621450033632
1723,338101,410960.0,3393430.0,38,30,8,0,2585.0,12.2,502,0,11,410845,3393545,513,0,12,-94.0,540,-115.0,115.0,162.63455967290594,11,285.0,-27,8,8,9.426066404792218
1724,338101,410960.0,3393430.0,38,30,8,0,2585.0,12.2,502,0,11,410870,3393540,511,0,5,-91.5,540,-90.0,110.0,142.12670403551894,9,290.71059313749964,-29,8,8,11.53251149379497
1725,338101,410960.0,3393430.0,38,30,8,0,2585.0,12.2,502,0,11,410820,3393570,518,0,5,-105.0,540,-140.0,140.0,197.9898987322333,16,285.0,-22,8,8,6.340512582483337
1726,338101,410960.0,3393430.0,38,30,8,0,2585.0,12.2,502,0,11,410930,3393655,512,63,13,-100.0,540,-30.0,225.0,226.99118925632334,10,322.40535663140855,-28,8,8,7.032072248556884
1727,338101,410960.0,3393430.0,38,30,8,0,2585.0,12.2,502,0,11,410905,3393630,509,0,13,-96.0,540,-55.0,200.0,207.4246851269154,7,314.6237487511738,-31,8,8,8.500046770702085
1728,338101,410960.0,3393430.0,38,30,8,0,2585.0,12.2,502,0,11,410900,3393625,509,0,13,-99.67,540,-60.0,195.0,204.02205763103166,7,312.89727103094765,-31,8,8,8.639686340921177
1729,338101,410960.0,3393430.0,38,30,8,0,2585.0,12.2,502,0,11,410900,3393635,509,0,13,-99.0,540,-60.0,205.0,213.60009363293827,7,313.68614757373945,-31,8,8,8.257739544351423
1730,338101,410960.0,3393430.0,38,30,8,0,2585.0,12.2,502,0,11,410895,3393610,509,0,5,-102.67,540,-65.0,180.0,191.3765920900464,7,310.14478563067894,-31,8,8,9.201095661462249
1731,338101,410960.0,3393430.0,38,30,8,0,2585.0,12.2,502,0,11,410915,3393630,509,0,13,-100.0,540,-45.0,200.0,205.0,7,317.31961650818016,-31,8,8,8.599088710777478
1732,338101,410960.0,3393430.0,38,30,8,0,2585.0,12.2,502,0,11,410910,3393625,509,0,13,-105.0,540,-50.0,195.0,201.30822139197394,7,315.6186054089094,-31,8,8,8.754365380550576
1733,338101,410960.0,3393430.0,38,30,8,0,2585.0,12.2,502,0,11,410930,3393645,511,63,13,-101.0,540,-30.0,215.0,217.0829334609241,9,322.05652818940956,-29,8,8,7.609063641780036
1734,338101,410960.0,3393430.0,38,30,8,0,2585.0,12.2,502,0,11,410935,3393650,512,21,13,-98.0,540,-25.0,220.0,221.41589825484527,10,323.5169263071028,-28,8,8,7.207301562612543
1735,338101,410960.0,3393430.0,38,30,8,0,2585.0,12.2,502,0,11,411035,3393635,511,0,6,-74.0,540,75.0,205.0,218.28879952943075,9,-9.904768808095184,-29,8,8,7.567518291835867
1736,338101,410960.0,3393430.0,38,30,8,0,2585.0,12.2,502,0,11,411175,3393775,507,0,5,-86.5,540,215.0,345.0,406.5095324835569,5,1.9306821037177997,-33,8,8,4.641031853322366
1737,338101,410960.0,3393430.0,38,30,8,0,2585.0,12.2,502,0,11,411180,3393790,507,0,12,-80.5,540,220.0,360.0,421.90046219457975,5,1.4295656148385092,-33,8,8,4.472426812361546
1738,338101,410960.0,3393430.0,38,30,8,0,2585.0,12.2,502,0,11,411170,3393780,507,0,5,-83.25,540,210.0,350.0,408.16663263917104,5,0.9637565320735462,-33,8,8,4.622271716235783
1739,338101,410960.0,3393430.0,38,30,8,0,2585.0,12.2,502,0,11,411160,3393770,507,0,5,-83.4,540,200.0,340.0,394.4616584663204,5,0.4655449194598873,-33,8,8,4.782133191078413
1740,338101,410960.0,3393430.0,38,30,8,0,2585.0,12.2,502,0,11,411145,3393825,507,0,6,-88.5,540,185.0,395.0,436.1765697512878,5,-4.903749537307817,-33,8,8,4.326608977062508
1741,338101,410960.0,3393430.0,38,30,8,0,2585.0,12.2,502,0,11,410860,3393585,511,6,6,-108.5,540,-100.0,155.0,184.45866745696716,9,297.17145820858747,-29,8,8,8.93472413650581
1742,338101,410960.0,3393430.0,38,30,8,0,2585.0,12.2,502,0,11,410830,3393555,516,0,5,-102.0,540,-130.0,125.0,180.34688796871433,14,283.8766972859246,-24,8,8,7.580205483812269
1743,338101,410960.0,3393430.0,38,30,8,0,2585.0,12.2,502,0,11,410825,3393550,517,0,5,-90.0,540,-135.0,120.0,180.62391868188442,15,281.6335393365702,-23,8,8,7.256784747852842
1744,338101,410960.0,3393430.0,38,30,8,0,2585.0,12.2,502,0,11,410960,3393045,506,0,5,-93.0,540,0.0,-385.0,385.0,4,150.0,-34,8,8,5.046794290775169
1745,338101,410960.0,3393430.0,38,30,8,0,2585.0,12.2,502,0,11,411230,3393570,509,36,5,-90.25,540,270.0,140.0,304.138126514911,7,32.59242456218158,-31,8,8,5.81990906355838
1746,338101,410960.0,3393430.0,38,30,8,0,2585.0,12.2,502,0,11,411245,3393555,508,0,11,-90.17,540,285.0,125.0,311.20732639190874,6,36.31791227546154,-32,8,8,5.870825337182105
1747,338101,410960.0,3393430.0,38,30,8,0,2585.0,12.2,502,0,11,411205,3393595,509,36,6,-93.0,540,245.0,165.0,295.3811097548386,7,26.04094018032373,-31,8,8,5.991211906146441
1748,338101,410960.0,3393430.0,38,30,8,0,2585.0,12.2,502,0,11,411215,3393585,509,36,6,-90.5,540,255.0,155.0,298.41246622753545,7,28.7069610040798,-31,8,8,5.930787519459197
1749,338101,410960.0,3393430.0,38,30,8,0,2585.0,12.2,502,0,11,411270,3393530,508,0,12,-92.5,540,310.0,100.0,325.7299494980466,6,42.12130340415865,-32,8,8,5.610784168605336
1750,338101,410960.0,3393430.0,38,30,8,0,2585.0,12.2,502,0,11,411510,3393290,502,0,13,-91.0,540,550.0,-140.0,567.5385449465084,0,74.28109573597084,-38,8,8,3.8305676062260057
1751,338101,410960.0,3393430.0,38,30,8,0,2585.0,12.2,502,0,11,411110,3393690,505,0,5,-76.5,540,150.0,260.0,300.1666203960727,3,-0.018360631150642348,-35,8,8,6.650764321361159
1752,338101,410960.0,3393430.0,38,30,8,0,2585.0,12.2,502,0,11,411505,3393295,502,0,13,-93.4,540,545.0,-135.0,561.4712815451918,0,73.91249467652005,-38,8,8,3.871835520838455
1753,338101,410960.0,3393430.0,38,30,8,0,2585.0,12.2,502,0,11,411095,3393705,508,0,5,-74.25,540,135.0,275.0,306.3494736408078,6,-3.8531587644191063,-32,8,8,5.963254681255577
1754,338101,410960.0,3393430.0,38,30,8,0,2585.0,12.2,502,0,11,411515,3393285,502,0,13,-102.0,540,555.0,-145.0,573.6287998348758,0,74.64188454123337,-38,8,8,3.7900173811247146
1755,338101,410960.0,3393430.0,38,30,8,0,2585.0,12.2,502,0,11,411500,3393300,501,0,5,-97.33,540,540.0,-130.0,555.4277630799527,-1,73.53585636913425,-39,8,8,4.016496939295425
1756,338101,410960.0,3393430.0,38,30,8,0,2585.0,12.2,502,0,11,411300,3393500,506,0,12,-96.33,540,340.0,70.0,347.1310991541956,4,48.36636600105953,-34,8,8,5.594032489342781
1757,338101,410960.0,3393430.0,38,30,8,0,2585.0,12.2,502,0,11,411100,3393700,507,0,11,-76.18,540,140.0,270.0,304.138126514911,5,-2.592424562181577,-33,8,8,6.192557189184783
1758,338101,410960.0,3393430.0,38,30,8,0,2585.0,12.2,502,0,11,411240,3393560,509,0,11,-89.8,540,280.0,130.0,308.70698080866265,7,35.095231191904816,-31,8,8,5.734352880804389
1759,338101,410960.0,3393430.0,38,30,8,0,2585.0,12.2,502,0,11,411105,3393695,506,0,11,-76.25,540,145.0,265.0,302.0761493398643,4,-1.3138524262605529,-34,8,8,6.421864695009181
1760,338101,410960.0,3393430.0,38,30,8,0,2585.0,12.2,502,0,11,411295,3393505,507,0,12,-96.5,540,335.0,75.0,343.29287787543745,5,47.38067770656926,-33,8,8,5.490847691441595
1761,338101,410960.0,3393430.0,38,30,8,0,2585.0,12.2,502,0,11,411285,3393515,508,0,5,-92.75,540,325.0,85.0,335.9315406448165,6,45.343248884239586,-32,8,8,5.441434060298758
1762,338101,410960.0,3393430.0,38,30,8,0,2585.0,12.2,502,0,11,411275,3393525,508,0,12,-94.5,540,315.0,95.0,329.013677527242,6,43.217355854729306,-32,8,8,5.555137643682225
1763,338101,410960.0,3393430.0,38,30,8,0,2585.0,12.2,502,0,11,411115,3393685,504,0,5,-73.5,540,155.0,255.0,298.41246622753545,2,1.2930389959201989,-36,8,8,6.878828603191923
1764,338101,410960.0,3393430.0,38,30,8,0,2585.0,12.2,502,0,11,411280,3393520,508,0,5,-98.0,540,320.0,90.0,332.41540277189324,6,44.29136217098426,-32,8,8,5.498640131455964
1765,338101,410960.0,3393430.0,38,30,8,0,2585.0,12.2,502,0,11,411290,3393510,507,0,5,-94.0,540,330.0,80.0,339.5585369269929,5,46.37300514010849,-33,8,8,5.550858918753987
1766,338101,410960.0,3393430.0,38,30,8,0,2585.0,12.2,502,0,11,411235,3393565,509,0,11,-92.67,540,275.0,135.0,306.3494736408078,7,33.853158764419106,-31,8,8,5.778184028476495
1767,338101,410960.0,3393430.0,38,30,8,0,2585.0,12.2,502,0,11,411260,3393540,508,0,11,-92.5,540,300.0,110.0,319.53090617340916,6,39.86369657175186,-32,8,8,5.718921158075267
1768,338101,410960.0,3393430.0,38,30,8,0,2585.0,12.2,502,0,11,411305,3393495,506,0,12,-108.0,540,345.0,65.0,351.0697936308392,4,49.33021719550334,-34,8,8,5.531663816958016
1769,338101,410960.0,3393430.0,38,30,8,0,2585.0,12.2,502,0,11,411255,3393545,508,0,11,-98.2,540,295.0,115.0,316.62280397975127,6,38.70264595096626,-32,8,8,5.771095079268828
1770,338101,410960.0,3393430.0,38,30,8,0,2585.0,12.2,502,0,11,411265,3393535,508,0,11,-97.0,540,305.0,105.0,322.56782232578627,6,41.00334584451144,-32,8,8,5.665430496731097
1771,338101,410960.0,3393430.0,38,30,8,0,2585.0,12.2,502,0,11,411085,3393715,510,0,6,-74.0,540,125.0,285.0,311.20732639190874,8,-6.317912275461538,-30,8,8,5.506228145089701
1772,338101,410960.0,3393430.0,38,30,8,0,2585.0,12.2,502,0,11,411220,3393580,509,36,6,-91.5,540,260.0,150.0,300.1666203960727,7,30.0183606311507,-31,8,8,5.8963732851519275
1773,338101,410960.0,3393430.0,38,30,8,0,2585.0,12.2,502,0,11,411225,3393575,509,36,6,-90.67,540,265.0,145.0,302.0761493398643,7,31.313852426260553,-31,8,8,5.859360392427062
1774,338101,410960.0,3393430.0,38,30,8,0,2585.0,12.2,502,0,11,411575,3393275,503,0,5,-98.0,540,615.0,-155.0,634.2318188170632,1,74.14579549410303,-37,8,8,3.3387535970683007
1775,338101,410960.0,3393430.0,38,30,8,0,2585.0,12.2,502,0,11,411570,3393280,503,0,5,-112.5,540,610.0,-150.0,628.1719509815764,1,73.81502534126162,-37,8,8,3.3708880667578396
1776,338101,410960.0,3393430.0,38,30,8,0,2585.0,12.2,502,0,11,409035,3390235,498,0,12,-102.5,540,-1925.0,-3195.0,3730.1005348381696,-4,181.06912796180708,-42,8,8,0.6451088992917687
1777,338101,410960.0,3393430.0,38,30,8,0,2585.0,12.2,502,0,11,409025,3390225,498,0,12,-97.8,540,-1935.0,-3205.0,3743.8282546078417,-4,181.12123422855626,-42,8,8,0.6427436385823299
1778,338101,410960.0,3393430.0,38,30,8,0,2585.0,12.2,502,0,11,409020,3390230,498,0,12,-100.33,540,-1940.0,-3200.0,3742.1384260874156,-4,181.2263384678293,-42,8,8,0.6430338564277173
1779,338101,410960.0,3393430.0,38,30,8,0,2585.0,12.2,502,0,11,409030,3390240,498,0,5,-102.75,540,-1930.0,-3190.0,3728.4044844946748,-4,181.1745956154041,-42,8,8,0.6454023343640453
1780,338101,410960.0,3393430.0,38,30,8,0,2585.0,12.2,502,0,11,409010,3390220,498,0,5,-99.5,540,-1950.0,-3210.0,3755.875397294218,-4,181.27770286686646,-42,8,8,0.6406821809934421
1781,338101,410960.0,3393430.0,38,30,8,0,2585.0,12.2,502,0,11,410870,3393580,511,6,6,-98.0,540,-90.0,150.0,174.92855684535903,9,299.03624346792645,-29,8,8,9.412995498602646
1782,338101,410960.0,3393430.0,38,30,8,0,2585.0,12.2,502,0,11,410835,3393535,515,0,5,-91.33,540,-125.0,105.0,163.24827717314508,13,280.0302592718897,-25,8,8,8.706688390590985
1783,338101,410960.0,3393430.0,38,30,8,0,2585.0,12.2,502,0,11,408870,3390280,498,21,2,-87.5,540,-2090.0,-3150.0,3780.2909940902696,-4,183.56395816356635,-42,8,8,0.6365445771626825
1784,338101,410960.0,3393430.0,38,30,8,0,2585.0,12.2,502,0,11,408940,3390350,498,69,7,-93.5,540,-2020.0,-3080.0,3683.313725438006,-4,183.25863155754718,-42,8,8,0.6533026046802114
1785,338101,410960.0,3393430.0,38,30,8,0,2585.0,12.2,502,0,11,408945,3390345,498,69,7,-97.67,540,-2015.0,-3085.0,3684.7591508808277,-4,183.15098125594452,-42,8,8,0.653046354984815
1786,338101,410960.0,3393430.0,38,30,8,0,2585.0,12.2,502,0,11,408955,3390355,498,69,7,-98.0,540,-2005.0,-3075.0,3670.9195033397286,-4,183.10565785528024,-42,8,8,0.6555081753042704
1787,338101,410960.0,3393430.0,38,30,8,0,2585.0,12.2,502,0,11,411555,3393365,501,0,5,-103.0,540,595.0,-65.0,598.5398900658167,-1,66.23448009554124,-39,8,8,3.728040730792043
1788,338101,410960.0,3393430.0,38,30,8,0,2585.0,12.2,502,0,11,410860,3393600,511,6,5,-101.0,540,-100.0,170.0,197.2308292331602,9,299.5344550805401,-29,8,8,8.364596951586051
1789,338101,410960.0,3393430.0,38,30,8,0,2585.0,12.2,502,0,11,410875,3393585,510,0,6,-104.25,540,-85.0,155.0,176.7766952966369,8,301.26020470831196,-30,8,8,9.6316519614038
1790,338101,410960.0,3393430.0,38,30,8,0,2585.0,12.2,502,0,11,410820,3393560,518,0,5,-95.5,540,-140.0,130.0,191.049731745428,16,282.87890360333853,-22,8,8,6.568862953914157
1791,338101,410960.0,3393430.0,38,30,8,0,2585.0,12.2,502,0,11,411075,3393700,511,18,6,-71.0,540,115.0,270.0,293.47061181658376,9,-6.929587750175358,-29,8,8,5.643497646046297
1792,338101,410960.0,3393430.0,38,30,8,0,2585.0,12.2,502,0,11,411085,3393750,511,0,6,-115.5,540,125.0,320.0,343.5476677260377,9,-8.663140708194362,-29,8,8,4.825088234278075
1793,338101,410960.0,3393430.0,38,30,8,0,2585.0,12.2,502,0,11,411115,3393740,507,0,6,-79.0,540,155.0,310.0,346.5905365124674,5,-3.434948822922024,-33,8,8,5.438919428434718
1794,338101,410960.0,3393430.0,38,30,8,0,2585.0,12.2,502,0,11,411220,3393525,509,0,5,-91.56,540,260.0,95.0,276.81221071332817,7,39.92847413546127,-31,8,8,6.38988867701763
1795,338101,410960.0,3393430.0,38,30,8,0,2585.0,12.2,502,0,11,411065,3393690,513,18,6,-70.67,540,105.0,260.0,280.40149785619906,11,-8.008870082822853,-27,8,8,5.500082331077502
1796,338101,410960.0,3393430.0,38,30,8,0,2585.0,12.2,502,0,11,411070,3393695,512,18,6,-72.13,540,110.0,265.0,286.9233347080715,10,-7.4569389999421105,-28,8,8,5.573677309068686
1797,338101,410960.0,3393430.0,38,30,8,0,2585.0,12.2,502,0,11,411235,3393540,509,0,11,-93.08,540,275.0,110.0,296.1840643923977,7,38.198590513648185,-31,8,8,5.975087399473912
1798,338101,410960.0,3393430.0,38,30,8,0,2585.0,12.2,502,0,11,411205,3393550,509,0,6,-93.64,540,245.0,120.0,272.8094573140748,7,33.90457584261168,-31,8,8,6.48285086154185
1799,338101,410960.0,3393430.0,38,30,8,0,2585.0,12.2,502,0,11,411110,3393735,507,0,6,-87.5,540,150.0,305.0,339.8896879871468,5,-3.8118893025191483,-33,8,8,5.5454845011621705
1800,338101,410960.0,3393430.0,38,30,8,0,2585.0,12.2,502,0,11,411225,3393530,509,0,5,-91.92,540,265.0,100.0,283.24018076537095,7,39.325575239126124,-31,8,8,6.246033209099305
1801,338101,410960.0,3393430.0,38,30,8,0,2585.0,12.2,502,0,11,411230,3393535,509,0,5,-93.18,540,270.0,105.0,289.69811873741946,7,38.749494492866745,-31,8,8,6.107861219987262
1802,338101,410960.0,3393430.0,38,30,8,0,2585.0,12.2,502,0,11,411210,3393555,509,0,6,-93.1,540,250.0,125.0,279.5084971874737,7,33.434948822922024,-31,8,8,6.328750996873351
1803,338101,410960.0,3393430.0,38,30,8,0,2585.0,12.2,502,0,11,411200,3393545,509,0,6,-87.29,540,240.0,115.0,266.1296676434253,7,34.39781244855823,-31,8,8,6.644131584026618
1804,338101,410960.0,3393430.0,38,30,8,0,2585.0,12.2,502,0,11,411060,3393685,514,0,6,-73.0,540,100.0,255.0,273.9069184960467,12,-8.587030525128228,-26,8,8,5.422426381441433
1805,338101,410960.0,3393430.0,38,30,8,0,2585.0,12.2,502,0,11,411215,3393560,509,0,6,-93.54,540,255.0,130.0,286.2254356272342,7,32.98733465206146,-31,8,8,6.18139569139726
1806,338101,410960.0,3393430.0,38,30,8,0,2585.0,12.2,502,0,11,411240,3393585,509,0,6,-91.5,540,280.0,155.0,320.0390601161052,7,31.03233935393598,-31,8,8,5.532591157738494
1807,338101,410960.0,3393430.0,38,30,8,0,2585.0,12.2,502,0,11,410770,3393560,528,0,12,-98.0,540,-190.0,130.0,230.21728866442677,26,274.38034472384487,-12,8,8,2.9838231744658543
1808,338101,410960.0,3393430.0,38,30,8,0,2585.0,12.2,502,0,11,411015,3393400,503,0,13,-101.0,540,55.0,-30.0,62.64982043070834,1,88.61045966596521,-37,8,8,30.56543167888365
1809,338101,410960.0,3393430.0,38,30,8,0,2585.0,12.2,502,0,11,410975,3393440,503,0,5,-87.5,540,15.0,10.0,18.027756377319946,1,26.30993247402023,-37,8,8,64.0229587366731
1810,338101,410960.0,3393430.0,38,30,8,0,2585.0,12.2,502,0,11,411190,3393535,509,30,6,-96.5,540,230.0,105.0,252.83393759541065,7,35.4622715234222,-31,8,8,6.990153635440052
1811,338101,410960.0,3393430.0,38,30,8,0,2585.0,12.2,502,0,11,411185,3393530,509,0,6,-98.0,540,225.0,100.0,246.22144504490262,7,36.03751102542185,-31,8,8,7.1759485331334085
1812,338101,410960.0,3393430.0,38,30,8,0,2585.0,12.2,502,0,11,411180,3393525,508,0,5,-93.0,540,220.0,95.0,239.63513932643517,6,36.644435140713995,-32,8,8,7.606071452033043
1813,338101,410960.0,3393430.0,38,30,8,0,2585.0,12.2,502,0,11,411195,3393540,509,0,6,-86.5,540,235.0,110.0,259.47061490658245,7,34.916405993809065,-31,8,8,6.813063495300593
1814,338101,410960.0,3393430.0,38,30,8,0,2585.0,12.2,502,0,11,410965,3393430,502,0,5,-87.33,540,5.0,0.0,5.0,0,60.0,-38,8,8,82.50414236027014
1815,338101,410960.0,3393430.0,38,30,8,0,2585.0,12.2,502,0,11,410870,3393525,511,0,12,-94.0,540,-90.0,95.0,130.86252328302402,9,286.54815769897795,-29,8,8,12.495191139322012
1816,338101,410960.0,3393430.0,38,30,8,0,2585.0,12.2,502,0,11,410790,3393445,512,21,12,-125.0,540,-170.0,15.0,170.66048165876012,10,245.0424510691709,-28,8,8,9.317417813604871
1817,338101,410960.0,3393430.0,38,30,8,0,2585.0,12.2,502,0,11,410860,3393535,511,0,12,-95.67,540,-100.0,105.0,145.0,9,286.39718102729637,-29,8,8,11.309932474020213
1818,338101,410960.0,3393430.0,38,30,8,0,2585.0,12.2,502,0,11,410970,3393740,514,0,6,-97.0,540,10.0,310.0,310.16124838541646,12,-28.152389734005396,-26,8,8,4.791751222823346
1819,338101,410960.0,3393430.0,38,30,8,0,2585.0,12.2,502,0,11,410905,3393665,510,24,13,-99.0,540,-55.0,235.0,241.3503677229434,8,316.8274465766731,-30,8,8,7.085557840637221
1820,338101,410960.0,3393430.0,38,30,8,0,2585.0,12.2,502,0,11,410910,3393680,511,24,5,-95.0,540,-50.0,250.0,254.95097567963924,9,318.69006752597977,-29,8,8,6.4893520699652365
1821,338101,410960.0,3393430.0,38,30,8,0,2585.0,12.2,502,0,11,410895,3393655,509,63,5,-96.0,540,-65.0,225.0,234.2007685726074,7,313.8865817669107,-31,8,8,7.540127834331925
1822,338101,410960.0,3393430.0,38,30,8,0,2585.0,12.2,502,0,11,411195,3393875,507,0,6,-82.33,540,235.0,445.0,503.23950560344525,5,-2.16191880286533,-33,8,8,3.751807084439769
1823,338101,410960.0,3393430.0,38,30,8,0,2585.0,12.2,502,0,11,411405,3393445,503,0,5,-107.5,540,445.0,15.0,445.25273721786374,1,58.069412558832994,-37,8,8,4.750300405241181
1824,338101,410960.0,3393430.0,38,30,8,0,2585.0,12.2,502,0,11,410955,3393635,511,24,5,-109.0,540,-5.0,205.0,205.0609665440988,9,328.60281897270363,-29,8,8,8.049466975528397
1825,338101,410960.0,3393430.0,38,30,8,0,2585.0,12.2,502,0,11,411190,3393880,507,0,6,-84.5,540,230.0,450.0,505.3711507397311,5,-2.9279197620072637,-33,8,8,3.736026952376141
1826,338101,410960.0,3393430.0,38,30,8,0,2585.0,12.2,502,0,11,410920,3393780,506,24,6,-97.0,540,-40.0,350.0,352.27829907617075,4,323.480198248343,-34,8,8,5.51280431427666
1827,338101,410960.0,3393430.0,38,30,8,0,2585.0,12.2,502,0,11,411205,3393495,509,0,12,-100.0,540,245.0,65.0,253.4758371127315,7,45.14138555207535,-31,8,8,6.972626318053752
1828,338101,410960.0,3393430.0,38,30,8,0,2585.0,12.2,502,0,11,411140,3393760,508,0,12,-81.67,540,180.0,330.0,375.89892258425004,6,-1.3895403340347912,-32,8,8,4.865816203014371
1829,338101,410960.0,3393430.0,38,30,8,0,2585.0,12.2,502,0,11,411210,3393490,509,0,12,-93.33,540,250.0,60.0,257.0992026436488,7,46.50426671920417,-31,8,8,6.875306510610186
1830,338101,410960.0,3393430.0,38,30,8,0,2585.0,12.2,502,0,11,411200,3393500,509,0,5,-95.33,540,240.0,70.0,250.0,7,43.73979529168804,-31,8,8,7.068595117003157
1831,338101,410960.0,3393430.0,38,30,8,0,2585.0,12.2,502,0,11,411130,3393730,506,0,12,-81.4,540,170.0,300.0,344.81879299133334,4,-0.4612177404418958,-34,8,8,5.631304962919491
1832,338101,410960.0,3393430.0,38,30,8,0,2585.0,12.2,502,0,11,411040,3393660,515,0,6,-69.67,540,80.0,230.0,243.51591323771842,13,-10.820991974189269,-25,8,8,5.861603671877728
1833,338101,410960.0,3393430.0,38,30,8,0,2585.0,12.2,502,0,11,411125,3393735,507,0,12,-79.0,540,165.0,305.0,346.77081768799405,5,-1.5873385569274205,-33,8,8,5.436108755209881
1834,338101,410960.0,3393430.0,38,30,8,0,2585.0,12.2,502,0,11,411135,3393725,506,0,5,-80.0,540,175.0,295.0,343.0014577228499,4,0.6772800217964345,-34,8,8,5.6609481914303945
1835,338101,410960.0,3393430.0,38,30,8,0,2585.0,12.2,502,0,11,411145,3393755,507,0,12,-83.75,540,185.0,325.0,373.9652390263031,5,-0.3501364924244399,-33,8,8,5.042917360419508
1836,338101,410960.0,3393430.0,38,30,8,0,2585.0,12.2,502,0,11,411120,3393740,507,0,5,-74.8,540,160.0,310.0,348.85527085024813,5,-2.7004277886671844,-33,8,8,5.403820186107782
1837,338101,410960.0,3393430.0,38,30,8,0,2585.0,12.2,502,0,11,411060,3393680,514,0,6,-72.17,540,100.0,250.0,269.2582403567252,12,-8.198590513648185,-26,8,8,5.515470838915584
1838,338101,410960.0,3393430.0,38,30,8,0,2585.0,12.2,502,0,11,411065,3393675,512,0,6,-68.69,540,105.0,245.0,266.5520587052368,10,-6.801409486351815,-28,8,8,5.996651421570145
1839,338101,410960.0,3393430.0,38,30,8,0,2585.0,12.2,502,0,11,411070,3393670,511,0,6,-73.06,540,110.0,240.0,264.0075756488817,9,-5.376435213836373,-29,8,8,6.268542508355928
1840,338101,410960.0,3393430.0,38,30,8,0,2585.0,12.2,502,0,11,411055,3393645,511,0,5,-70.4,540,95.0,215.0,235.05318547086316,9,-6.161259816828306,-29,8,8,7.033400051776738
1841,338101,410960.0,3393430.0,38,30,8,0,2585.0,12.2,502,0,11,411075,3393665,510,0,6,-73.96,540,115.0,235.0,261.6295090390226,8,-3.924644416051251,-30,8,8,6.5413066689353885
1842,338101,410960.0,3393430.0,38,30,8,0,2585.0,12.2,502,0,11,411220,3393520,509,0,5,-90.4,540,260.0,90.0,275.13632984395207,7,40.90650799951436,-31,8,8,6.428485235455506
1843,338101,410960.0,3393430.0,38,30,8,0,2585.0,12.2,502,0,11,411050,3393650,512,0,6,-70.64,540,90.0,220.0,237.69728648009425,10,-7.750976342787624,-28,8,8,6.718303893728543
1844,338101,410960.0,3393430.0,38,30,8,0,2585.0,12.2,502,0,11,411045,3393655,513,0,6,-71.0,540,85.0,225.0,240.52026941611388,11,-9.304549265936714,-27,8,8,6.405017760188262
1845,338101,410960.0,3393430.0,38,30,8,0,2585.0,12.2,502,0,11,411085,3393615,506,0,5,-86.33,540,125.0,185.0,223.27113561766106,4,4.045937356601655,-34,8,8,8.658550547754286
1846,338101,410960.0,3393430.0,38,30,8,0,2585.0,12.2,502,0,11,411225,3393515,509,6,5,-111.0,540,265.0,85.0,278.29840100151495,7,42.2161115573075,-31,8,8,6.356044918067795
1847,338101,410960.0,3393430.0,38,30,8,0,2585.0,12.2,502,0,11,411080,3393620,507,0,5,-73.8,540,120.0,190.0,224.72205054244233,5,2.275644314577619,-33,8,8,8.354066241208397
1848,338101,410960.0,3393430.0,38,30,8,0,2585.0,12.2,502,0,11,411095,3393605,506,0,12,-86.0,540,135.0,175.0,221.02036105300343,4,7.647620640107675,-34,8,8,8.745368996715541
1849,338101,410960.0,3393430.0,38,30,8,0,2585.0,12.2,502,0,11,410900,3393480,506,0,12,-94.5,540,-60.0,50.0,78.10249675906654,4,279.8055710922652,-34,8,8,23.524715437878022
1850,338101,410960.0,3393430.0,38,30,8,0,2585.0,12.2,502,0,11,410920,3393500,507,0,12,-94.0,540,-40.0,70.0,80.62257748298549,5,300.2551187030578,-33,8,8,22.26000311016407
1851,338101,410960.0,3393430.0,38,30,8,0,2585.0,12.2,502,0,11,411115,3393345,504,0,12,-91.6,540,155.0,-85.0,176.7766952966369,2,88.73979529168804,-36,8,8,11.510698119297015
1852,338101,410960.0,3393430.0,38,30,8,0,2585.0,12.2,502,0,11,410970,3393530,506,21,6,-100.0,540,10.0,100.0,100.4987562112089,4,-24.289406862500357,-34,8,8,18.69132830334244
1853,338101,410960.0,3393430.0,38,30,8,0,2585.0,12.2,502,0,11,410750,3392990,514,0,5,-98.0,540,-210.0,-440.0,487.54486972995625,12,175.51387042753424,-26,8,8,3.052602083311346
1854,338101,410960.0,3393430.0,38,30,8,0,2585.0,12.2,502,0,11,410995,3393545,505,0,5,-86.33,540,35.0,115.0,120.20815280171308,3,-13.072486935852965,-35,8,8,16.233532488261588
1855,338101,410960.0,3393430.0,38,30,8,0,2585.0,12.2,502,0,11,411160,3393420,508,0,6,-94.0,540,200.0,-10.0,200.24984394500785,6,62.86240522611172,-32,8,8,9.079124355767918
1856,338101,410960.0,3393430.0,38,30,8,0,2585.0,12.2,502,0,11,411140,3393400,507,0,8,-97.25,540,180.0,-30.0,182.4828759089466,5,69.46232220802563,-33,8,8,10.25052311134815
1857,338101,410960.0,3393430.0,38,30,8,0,2585.0,12.2,502,0,11,410935,3393485,505,0,6,-88.57,540,-25.0,55.0,60.41522986797286,3,305.55604521958344,-35,8,8,30.084747581593096
1858,338101,410960.0,3393430.0,38,30,8,0,2585.0,12.2,502,0,11,411145,3393395,507,0,8,-92.4,540,185.0,-35.0,188.2817038376273,5,70.71312302279102,-33,8,8,9.941215361638612
1859,338101,410960.0,3393430.0,38,30,8,0,2585.0,12.2,502,0,11,410925,3393495,506,0,5,-89.64,540,-35.0,65.0,73.824115301167,4,301.6992442339936,-34,8,8,24.72862839754378
1860,338101,410960.0,3393430.0,38,30,8,0,2585.0,12.2,502,0,11,410930,3393490,505,0,6,-88.67,540,-30.0,60.0,67.08203932499369,3,303.434948822922,-35,8,8,27.55326483492445
1861,338101,410960.0,3393430.0,38,30,8,0,2585.0,12.2,502,0,11,411035,3393585,505,0,5,-78.6,540,75.0,155.0,172.19175357722565,3,-4.179008025810731,-35,8,8,11.48951678830405
1862,338101,410960.0,3393430.0,38,30,8,0,2585.0,12.2,502,0,11,411130,3393370,506,0,12,-92.67,540,170.0,-60.0,180.27756377319946,4,79.44003482817618,-34,8,8,10.680421033966617
1863,338101,410960.0,3393430.0,38,30,8,0,2585.0,12.2,502,0,11,411030,3393590,505,0,5,-72.67,540,70.0,160.0,174.64249196572982,3,-6.370622269343187,-35,8,8,11.332486338180555
1864,338101,410960.0,3393430.0,38,30,8,0,2585.0,12.2,502,0,11,410940,3393520,506,0,5,-92.5,540,-20.0,90.0,92.19544457292888,4,317.4711922908485,-34,8,8,20.243055274274415
1865,338101,410960.0,3393430.0,38,30,8,0,2585.0,12.2,502,0,11,410945,3393515,506,0,6,-94.0,540,-15.0,85.0,86.31338250816034,4,319.99202019855863,-34,8,8,21.500146215208936
1866,338101,410960.0,3393430.0,38,30,8,0,2585.0,12.2,502,0,11,411165,3393415,508,27,6,-94.5,540,205.0,-15.0,205.54804791094466,6,64.18491612511843,-32,8,8,8.848852289662666
1867,338101,410960.0,3393430.0,38,30,8,0,2585.0,12.2,502,0,11,410975,3393525,506,21,6,-89.89,540,15.0,95.0,96.17692030835673,4,-21.0273733851036,-34,8,8,19.469273875998304
1868,338101,410960.0,3393430.0,38,30,8,0,2585.0,12.2,502,0,11,408975,3390335,498,0,7,-103.0,540,-1985.0,-3095.0,3676.8532742006446,-4,182.67436796231485,-42,8,8,0.6544503966994301
1869,338101,410960.0,3393430.0,38,30,8,0,2585.0,12.2,502,0,11,408965,3390325,497,0,7,-93.0,540,-1995.0,-3105.0,3690.670670758907,-5,182.72123462903696,-43,8,8,0.6675228618653418
1870,338101,410960.0,3393430.0,38,30,8,0,2585.0,12.2,502,0,11,410895,3393660,509,0,5,-97.0,540,-65.0,230.0,239.0083680543424,7,314.2192466904846,-31,8,8,7.390153319884391
1871,338101,410960.0,3393430.0,38,30,8,0,2585.0,12.2,502,0,11,410950,3393635,510,24,12,-100.0,540,-10.0,205.0,205.24375751773792,8,327.2072976342867,-30,8,8,8.315900741239302
1872,338101,410960.0,3393430.0,38,30,8,0,2585.0,12.2,502,0,11,411190,3393875,507,0,6,-82.5,540,230.0,445.0,500.9241459542552,5,-2.6676405078322887,-33,8,8,3.769098726052836
1873,338101,410960.0,3393430.0,38,30,8,0,2585.0,12.2,502,0,11,410940,3393625,509,0,12,-86.0,540,-20.0,195.0,196.02295783912658,7,324.14398641457103,-31,8,8,8.986601862630401
1874,338101,410960.0,3393430.0,38,30,8,0,2585.0,12.2,502,0,11,410870,3392915,509,0,5,-98.0,540,-90.0,-515.0,522.8049349422785,7,159.91275144672383,-31,8,8,3.393410772629796
1875,338101,410960.0,3393430.0,38,30,8,0,2585.0,12.2,502,0,11,410945,3393630,510,21,12,-104.0,540,-15.0,200.0,200.5617112013158,8,325.710846671181,-30,8,8,8.507223663130567
1876,338101,410960.0,3393430.0,38,30,8,0,2585.0,12.2,502,0,11,411555,3393240,503,21,12,-103.0,540,595.0,-190.0,624.5998719180144,1,77.70972452386275,-37,8,8,3.3901212991384093
1877,338101,410960.0,3393430.0,38,30,8,0,2585.0,12.2,502,0,11,411015,3393435,503,0,11,-90.56,540,55.0,5.0,55.226805085936306,1,54.80557109226521,-37,8,8,33.820682189912645
1878,338101,410960.0,3393430.0,38,30,8,0,2585.0,12.2,502,0,11,411190,3393580,509,0,5,-89.24,540,230.0,150.0,274.5906043549196,7,26.888658039627956,-31,8,8,6.441154036762687
1879,338101,410960.0,3393430.0,38,30,8,0,2585.0,12.2,502,0,11,411000,3393430,503,0,5,-89.33,540,40.0,0.0,40.0,1,60.0,-37,8,8,42.76882539196875
1880,338101,410960.0,3393430.0,38,30,8,0,2585.0,12.2,502,0,11,411165,3393585,508,0,5,-94.5,540,205.0,155.0,257.00194551792794,6,22.90716270295843,-32,8,8,7.097522662523723
1881,338101,410960.0,3393430.0,38,30,8,0,2585.0,12.2,502,0,11,411035,3393415,504,48,5,-91.5,540,75.0,-15.0,76.48529270389177,2,71.30993247402023,-36,8,8,25.205368146057527
1882,338101,410960.0,3393430.0,38,30,8,0,2585.0,12.2,502,0,11,411080,3393510,506,0,5,-86.0,540,120.0,80.0,144.22205101855957,4,26.30993247402023,-34,8,8,13.26513612547316
1883,338101,410960.0,3393430.0,38,30,8,0,2585.0,12.2,502,0,11,411195,3393575,509,0,12,-91.25,540,235.0,145.0,276.1340254296815,7,28.324531261890797,-31,8,8,6.405451967499143
1884,338101,410960.0,3393430.0,38,30,8,0,2585.0,12.2,502,0,11,411115,3393495,507,0,12,-84.5,540,155.0,65.0,168.0773631397161,5,37.249023657212376,-33,8,8,11.108052634406592
1885,338101,410960.0,3393430.0,38,30,8,0,2585.0,12.2,502,0,11,411010,3393440,503,0,11,-89.8,540,50.0,10.0,50.99019513592785,1,48.69006752597977,-37,8,8,35.96575356429952
1886,338101,410960.0,3393430.0,38,30,8,0,2585.0,12.2,502,0,11,411185,3393565,509,0,12,-89.5,540,225.0,135.0,262.39283526803854,7,29.03624346792651,-31,8,8,6.73788915130175
1887,338101,410960.0,3393430.0,38,30,8,0,2585.0,12.2,502,0,11,411105,3393485,507,0,12,-92.5,540,145.0,55.0,155.08062419270823,5,39.227745317954145,-33,8,8,12.012935510237917
1888,338101,410960.0,3393430.0,38,30,8,0,2585.0,12.2,502,0,11,410895,3393670,509,24,5,-100.0,540,-65.0,240.0,248.64633518312712,7,314.8459319496874,-31,8,8,7.106685087479087
1889,338101,410960.0,3393430.0,38,30,8,0,2585.0,12.2,502,0,11,410900,3393655,509,63,13,-106.0,540,-60.0,225.0,232.86262044390037,7,315.06858282186244,-31,8,8,7.582954493524861
1890,338101,410960.0,3393430.0,38,30,8,0,2585.0,12.2,502,0,11,410905,3393660,510,63,13,-95.0,540,-55.0,230.0,236.48467180770933,8,316.5513849483135,-30,8,8,7.229816606753249
1891,338101,410960.0,3393430.0,38,30,8,0,2585.0,12.2,502,0,11,410925,3393640,510,63,13,-100.0,540,-35.0,210.0,212.8966885604377,8,320.5376777919744,-30,8,8,8.020932875244533
1892,338101,410960.0,3393430.0,38,30,8,0,2585.0,12.2,502,0,11,411195,3393850,507,0,5,-80.0,540,235.0,420.0,481.27435003332556,5,-0.7719480568548533,-33,8,8,3.922515040766803
1893,338101,410960.0,3393430.0,38,30,8,0,2585.0,12.2,502,0,11,411190,3393845,507,0,6,-85.0,540,230.0,415.0,474.4733922992943,5,-1.0040404858816032,-33,8,8,3.978559892200613
1894,338101,410960.0,3393430.0,38,30,8,0,2585.0,12.2,502,0,11,411180,3393855,507,0,6,-78.33,540,220.0,425.0,478.56556499606194,5,-2.631789571111767,-33,8,8,3.944647432504913
1895,338101,410960.0,3393430.0,38,30,8,0,2585.0,12.2,502,0,11,411100,3393510,506,21,5,-86.5,540,140.0,80.0,161.24515496597098,4,30.255118703057803,-34,8,8,11.90691192131115
1896,338101,410960.0,3393430.0,38,30,8,0,2585.0,12.2,502,0,11,411030,3393440,504,0,5,-92.0,540,70.0,10.0,70.71067811865476,2,51.86989764584405,-36,8,8,26.981412563625305
1897,338101,410960.0,3393430.0,38,30,8,0,2585.0,12.2,502,0,11,411035,3393435,504,0,5,-89.0,540,75.0,5.0,75.16648189186454,2,56.18592516570965,-36,8,8,25.591479012087603
1898,338101,410960.0,3393430.0,38,30,8,0,2585.0,12.2,502,0,11,411025,3393425,503,0,5,-97.67,540,65.0,-5.0,65.19202405202648,1,64.39870535499551,-37,8,8,29.57725469149606
1899,338101,410960.0,3393430.0,38,30,8,0,2585.0,12.2,502,0,11,411215,3393615,508,0,6,-96.0,540,255.0,185.0,315.03968004046726,6,24.0394828033551,-32,8,8,5.799898521581287
1900,338101,410960.0,3393430.0,38,30,8,0,2585.0,12.2,502,0,11,411020,3393430,503,0,5,-86.0,540,60.0,0.0,60.0,1,60.0,-37,8,8,31.660751096636602
1901,338101,410960.0,3393430.0,38,30,8,0,2585.0,12.2,502,0,11,411185,3393585,509,0,5,-94.0,540,225.0,155.0,273.22152184628504,7,25.437475351118167,-31,8,8,6.473156667192261
1902,338101,410960.0,3393430.0,38,30,8,0,2585.0,12.2,502,0,11,410675,3393780,504,0,5,-99.0,540,-285.0,350.0,451.3590588434002,2,290.84456587738686,-36,8,8,4.5602071888039415
1903,338101,410960.0,3393430.0,38,30,8,0,2585.0,12.2,502,0,11,411375,3393080,499,0,5,-92.0,540,415.0,-350.0,542.8858075138822,-3,100.14339606605682,-41,8,8,4.318911955710454
1904,338101,410960.0,3393430.0,38,30,8,0,2585.0,12.2,502,0,11,411365,3393070,499,0,5,-87.25,540,405.0,-360.0,541.8717560456533,-3,101.63353933657015,-41,8,8,4.326963642230167
1905,338101,410960.0,3393430.0,38,30,8,0,2585.0,12.2,502,0,11,411385,3393050,499,0,5,-84.67,540,425.0,-380.0,570.1096385784053,-3,101.8004602904374,-41,8,8,4.113401174113391
1906,338101,410960.0,3393430.0,38,30,8,0,2585.0,12.2,502,0,11,411360,3393065,499,0,5,-88.67,540,400.0,-365.0,541.5025392368904,-3,102.38045120460532,-41,8,8,4.329902712798477
1907,338101,410960.0,3393430.0,38,30,8,0,2585.0,12.2,502,0,11,411315,3393200,501,0,8,-105.5,540,355.0,-230.0,422.9952718411874,-1,92.9386905429555,-39,8,8,5.267755678087729
1908,338101,410960.0,3393430.0,38,30,8,0,2585.0,12.2,502,0,11,411365,3393090,499,0,6,-87.5,540,405.0,-340.0,528.7958017987662,-3,100.01366622876452,-41,8,8,4.433538435448092
1909,338101,410960.0,3393430.0,38,30,8,0,2585.0,12.2,502,0,11,411360,3393085,499,0,6,-88.0,540,400.0,-345.0,528.2281703960894,-3,100.77776979385732,-41,8,8,4.438283668620383
1910,338101,410960.0,3393430.0,38,30,8,0,2585.0,12.2,502,0,11,411180,3393445,508,0,5,-96.0,540,220.0,15.0,220.51077071199947,6,56.099506257618145,-32,8,8,8.256987926100747
1911,338101,410960.0,3393430.0,38,30,8,0,2585.0,12.2,502,0,11,411140,3393485,507,21,5,-92.82,540,180.0,55.0,188.2153022471871,5,43.009176708013854,-33,8,8,9.94465257918308
1912,338101,410960.0,3393430.0,38,30,8,0,2585.0,12.2,502,0,11,411185,3393450,508,0,5,-96.5,540,225.0,20.0,225.88713996153035,6,54.92039213998544,-32,8,8,8.0630775358225
1913,338101,410960.0,3393430.0,38,30,8,0,2585.0,12.2,502,0,11,411050,3393595,505,0,5,-70.33,540,90.0,165.0,187.94946129212502,3,-1.3895403340347912,-35,8,8,10.548806149379718
1914,338101,410960.0,3393430.0,38,30,8,0,2585.0,12.2,502,0,11,411045,3393590,505,0,5,-75.0,540,85.0,160.0,181.1767093199344,3,-2.020525611519872,-35,8,8,10.93380272579203
1915,338101,410960.0,3393430.0,38,30,8,0,2585.0,12.2,502,0,11,411040,3393585,505,0,5,-76.2,540,80.0,155.0,174.42763542512407,3,-2.7004277886671844,-35,8,8,11.346083603978458
1916,338101,410960.0,3393430.0,38,30,8,0,2585.0,12.2,502,0,11,411055,3393600,506,0,5,-78.2,540,95.0,170.0,194.74342094150447,4,-0.802513953935545,-34,8,8,9.903378213990267
1917,338101,410960.0,3393430.0,38,30,8,0,2585.0,12.2,502,0,11,411095,3393560,506,30,12,-94.4,540,135.0,130.0,187.41664813991312,4,16.080924186660695,-34,8,8,10.28242688963855
1918,338101,410960.0,3393430.0,38,30,8,0,2585.0,12.2,502,0,11,411085,3393550,506,0,12,-89.0,540,125.0,120.0,173.27723451163456,4,16.16913932790743,-34,8,8,11.101387649024742
1919,338101,410960.0,3393430.0,38,30,8,0,2585.0,12.2,502,0,11,411155,3393500,508,0,5,-112.5,540,195.0,70.0,207.18349355100662,6,40.2531633945739,-32,8,8,8.780094673837898
1920,338101,410960.0,3393430.0,38,30,8,0,2585.0,12.2,502,0,11,410890,3393705,507,0,5,-99.0,540,-70.0,275.0,283.7692724732542,5,315.71890426402916,-33,8,8,6.633226407162149
1921,338101,410960.0,3393430.0,38,30,8,0,2585.0,12.2,502,0,11,411035,3393650,514,0,6,-72.78,540,75.0,220.0,232.43278598338918,12,-11.175289981759931,-26,8,8,6.382589848376976
1922,338101,410960.0,3393430.0,38,30,8,0,2585.0,12.2,502,0,11,411150,3393765,507,0,5,-81.14,540,190.0,335.0,385.12984823303424,5,-0.43964553531924366,-33,8,8,4.897448738080615
1923,338101,410960.0,3393430.0,38,30,8,0,2585.0,12.2,502,0,11,411175,3393830,507,0,5,-83.2,540,215.0,400.0,454.1200281863816,5,-1.7419703852930866,-33,8,8,4.156264797229843
1924,338101,410960.0,3393430.0,38,30,8,0,2585.0,12.2,502,0,11,411180,3393815,507,0,12,-81.0,540,220.0,385.0,443.42417615642023,5,-0.2551187030578035,-33,8,8,4.256154139057605
1925,338101,410960.0,3393430.0,38,30,8,0,2585.0,12.2,502,0,11,411155,3393770,507,0,5,-84.6,540,195.0,340.0,391.95025194532025,5,-0.164460899738458,-33,8,8,4.812631063872146
1926,338101,410960.0,3393430.0,38,30,8,0,2585.0,12.2,502,0,11,411170,3393825,507,0,5,-85.67,540,210.0,395.0,447.3533279187716,5,-2.0028526387573606,-33,8,8,4.21890745647026
1927,338101,410960.0,3393430.0,38,30,8,0,2585.0,12.2,502,0,11,411190,3393805,507,0,13,-84.0,540,230.0,375.0,439.9147644714826,5,1.5221772467587016,-33,8,8,4.289981269999028
1928,338101,410960.0,3393430.0,38,30,8,0,2585.0,12.2,502,0,11,411030,3393645,514,0,6,-73.6,540,70.0,215.0,226.10838109190027,12,-11.96571443287013,-26,8,8,6.5595802163544885
1929,338101,410960.0,3393430.0,38,30,8,0,2585.0,12.2,502,0,11,410970,3393625,510,0,5,-96.33,540,10.0,195.0,195.25624189766637,8,-27.064326553578837,-30,8,8,8.734861486585647
1930,338101,410960.0,3393430.0,38,30,8,0,2585.0,12.2,502,0,11,410980,3393615,508,69,12,-99.0,540,20.0,185.0,186.07794065928394,6,-23.829824904970394,-32,8,8,9.757764574857339
1931,338101,410960.0,3393430.0,38,30,8,0,2585.0,12.2,502,0,11,410825,3393535,517,0,5,-89.5,540,-135.0,105.0,171.0263137648707,15,277.8749836510982,-23,8,8,7.659310701749987
1932,338101,410960.0,3393430.0,38,30,8,0,2585.0,12.2,502,0,11,410820,3393540,518,0,5,-94.2,540,-140.0,110.0,178.04493814764857,16,278.15722658736905,-22,8,8,7.044008655631209
1933,338101,410960.0,3393430.0,38,30,8,0,2585.0,12.2,502,0,11,410810,3393550,520,0,10,-90.5,540,-150.0,120.0,192.09372712298546,18,278.6598082540901,-20,8,8,5.943982216464175
1934,338101,410960.0,3393430.0,38,30,8,0,2585.0,12.2,502,0,11,411050,3393560,505,0,5,-75.5,540,90.0,130.0,158.11388300841898,3,4.695153531233984,-35,8,8,12.481691419986054
1935,338101,410960.0,3393430.0,38,30,8,0,2585.0,12.2,502,0,11,411195,3393495,509,0,5,-98.0,540,235.0,65.0,243.82370680473218,7,44.538782259558104,-31,8,8,7.24576971440455
1936,338101,410960.0,3393430.0,38,30,8,0,2585.0,12.2,502,0,11,411060,3393530,505,21,5,-97.0,540,100.0,100.0,141.4213562373095,3,15.0,-35,8,8,13.900669075390693
1937,338101,410960.0,3393430.0,38,30,8,0,2585.0,12.2,502,0,11,411070,3393540,506,0,5,-86.67,540,110.0,110.0,155.56349186104046,4,15.0,-34,8,8,12.328712993512665
1938,338101,410960.0,3393430.0,38,30,8,0,2585.0,12.2,502,0,11,410900,3393370,500,0,6,-98.0,540,-60.0,-60.0,84.8528137423857,-2,195.0,-40,8,8,25.239401820678914
1939,338101,410960.0,3393430.0,38,30,8,0,2585.0,12.2,502,0,11,411130,3393385,507,0,8,-93.75,540,170.0,-45.0,175.85505395068975,5,74.82647997035565,-33,8,8,10.62820904212974
1940,338101,410960.0,3393430.0,38,30,8,0,2585.0,12.2,502,0,11,410960,3393555,506,21,5,-91.67,540,0.0,125.0,125.0,4,-30.0,-34,8,8,15.216326712022974
1941,338101,410960.0,3393430.0,38,30,8,0,2585.0,12.2,502,0,11,410920,3393515,507,21,5,-96.5,540,-40.0,85.0,93.94147114027967,5,304.7988763545249,-33,8,8,19.355485488350368
1942,338101,410960.0,3393430.0,38,30,8,0,2585.0,12.2,502,0,11,410935,3393510,506,21,5,-93.33,540,-25.0,80.0,83.81527307120105,4,312.64597536373867,-34,8,8,22.080130944740898
1943,338101,410960.0,3393430.0,38,30,8,0,2585.0,12.2,502,0,11,411140,3393375,506,0,8,-94.67,540,180.0,-55.0,188.2153022471871,4,76.9908232919862,-34,8,8,10.239720495093898
1944,338101,410960.0,3393430.0,38,30,8,0,2585.0,12.2,502,0,11,410965,3393560,506,21,5,-88.75,540,5.0,130.0,130.09611831257686,4,-27.79740183823418,-34,8,8,14.646388111097933
1945,338101,410960.0,3393430.0,38,30,8,0,2585.0,12.2,502,0,11,410995,3393530,505,0,5,-88.25,540,35.0,100.0,105.94810050208545,3,-10.709953780811247,-35,8,8,18.280994156924944
1946,338101,410960.0,3393430.0,38,30,8,0,2585.0,12.2,502,0,11,410985,3393540,505,0,6,-90.75,540,25.0,110.0,112.80514172678478,3,-17.195733934713246,-35,8,8,17.237524882626886
1947,338101,410960.0,3393430.0,38,30,8,0,2585.0,12.2,502,0,11,410980,3393535,506,21,6,-91.4,540,20.0,105.0,106.88779163215975,4,-19.2157021324374,-34,8,8,17.645377292325243
1948,338101,410960.0,3393430.0,38,30,8,0,2585.0,12.2,502,0,11,411145,3393380,506,0,8,-97.0,540,185.0,-50.0,191.637678967368,4,75.12400730831058,-34,8,8,10.060622153070453
1949,338101,410960.0,3393430.0,38,30,8,0,2585.0,12.2,502,0,11,410990,3393525,505,0,5,-86.71,540,30.0,95.0,99.62429422585637,3,-12.474431626277124,-35,8,8,19.357391634875682
1950,338101,410960.0,3393430.0,38,30,8,0,2585.0,12.2,502,0,11,410955,3393490,505,0,6,-86.71,540,-5.0,60.0,60.207972893961475,3,325.23635830927384,-35,8,8,30.17022311341457
1951,338101,410960.0,3393430.0,38,30,8,0,2585.0,12.2,502,0,11,411025,3393580,505,0,5,-81.0,540,65.0,150.0,163.47782724271815,3,-6.571307191254618,-35,8,8,12.084381181390215
1952,338101,410960.0,3393430.0,38,30,8,0,2585.0,12.2,502,0,11,410950,3393485,505,0,6,-84.31,540,-10.0,55.0,55.90169943749474,3,319.695153531234,-35,8,8,32.05064263526879
1953,338101,410960.0,3393430.0,38,30,8,0,2585.0,12.2,502,0,11,411015,3393590,505,0,6,-89.0,540,55.0,160.0,169.1892431568863,3,-11.029592191513473,-35,8,8,11.687852270571085
1954,338101,410960.0,3393430.0,38,30,8,0,2585.0,12.2,502,0,11,411135,3393390,507,0,8,-98.75,540,175.0,-40.0,179.51323071016242,5,72.87500155961249,-33,8,8,10.416412489611432
1955,338101,410960.0,3393430.0,38,30,8,0,2585.0,12.2,502,0,11,411000,3393595,505,24,6,-90.75,540,40.0,165.0,169.77926846349644,3,-16.37300514010849,-35,8,8,11.648345917156314
1956,338101,410960.0,3393430.0,38,30,8,0,2585.0,12.2,502,0,11,411030,3393565,505,0,5,-85.6,540,70.0,135.0,152.0690632574555,3,-2.592424562181577,-35,8,8,12.96139380155953
1957,338101,410960.0,3393430.0,38,30,8,0,2585.0,12.2,502,0,11,410940,3393495,505,0,6,-86.25,540,-20.0,65.0,68.00735254367721,3,312.89727103094765,-35,8,8,27.232626066717298
1958,338101,410960.0,3393430.0,38,30,8,0,2585.0,12.2,502,0,11,411160,3393435,508,0,12,-95.5,540,200.0,5.0,200.06249023742558,6,58.567903815835336,-32,8,8,9.087484926742688
1959,338101,410960.0,3393430.0,38,30,8,0,2585.0,12.2,502,0,11,411165,3393440,508,0,12,-94.75,540,205.0,10.0,205.24375751773792,6,57.207297634286704,-32,8,8,8.861763351698453
1960,338101,410960.0,3393430.0,38,30,8,0,2585.0,12.2,502,0,11,411600,3393230,502,0,13,-100.0,540,640.0,-200.0,670.5221845696084,0,77.35402463626133,-38,8,8,3.2436110856759877
1961,338101,410960.0,3393430.0,38,30,8,0,2585.0,12.2,502,0,11,411615,3393235,502,0,5,-107.0,540,655.0,-195.0,683.4105647412835,0,76.57879077547318,-38,8,8,3.1825670584116375
1962,338101,410960.0,3393430.0,38,30,8,0,2585.0,12.2,502,0,11,411055,3393665,513,0,6,-71.47,540,95.0,235.0,253.4758371127315,11,-7.98871680208066,-27,8,8,6.080164161004177
1963,338101,410960.0,3393430.0,38,30,8,0,2585.0,12.2,502,0,11,411110,3393610,506,0,5,-91.0,540,150.0,180.0,234.30749027719963,4,9.805571092265211,-34,8,8,8.25647369037794
1964,338101,410960.0,3393430.0,38,30,8,0,2585.0,12.2,502,0,11,411135,3393745,507,0,5,-92.0,540,175.0,315.0,360.347054934545,5,-0.945395900922847,-33,8,8,5.23245979837255
1965,338101,410960.0,3393430.0,38,30,8,0,2585.0,12.2,502,0,11,411070,3393650,510,0,5,-70.0,540,110.0,220.0,245.96747752497686,8,-3.434948822922024,-30,8,8,6.953867805869674
1966,338101,410960.0,3393430.0,38,30,8,0,2585.0,12.2,502,0,11,411065,3393655,511,0,5,-72.0,540,105.0,225.0,248.29418035870273,9,-4.98310652189997,-29,8,8,6.661788706551374
1967,338101,410960.0,3393430.0,38,30,8,0,2585.0,12.2,502,0,11,411125,3393755,508,0,5,-70.67,540,165.0,325.0,364.4859393721519,6,-3.0834453830486837,-32,8,8,5.01741128263327
1968,338101,410960.0,3393430.0,38,30,8,0,2585.0,12.2,502,0,11,411140,3393740,507,0,5,-79.0,540,180.0,310.0,358.4689665786984,5,0.14138555207534864,-33,8,8,5.259720311700988
1969,338101,410960.0,3393430.0,38,30,8,0,2585.0,12.2,502,0,11,411130,3393750,507,0,5,-77.33,540,170.0,320.0,362.3534186398688,5,-2.020525611519872,-33,8,8,5.20364697660572
1970,338101,410960.0,3393430.0,38,30,8,0,2585.0,12.2,502,0,11,411085,3393635,507,0,5,-73.5,540,125.0,205.0,240.10414407085938,5,1.3730051401084893,-33,8,8,7.8257227692691025
1971,338101,410960.0,3393430.0,38,30,8,0,2585.0,12.2,502,0,11,411050,3393670,514,0,6,-70.0,540,90.0,240.0,256.3201123595259,12,-9.443954780416561,-26,8,8,5.792024389401186
1972,338101,410960.0,3393430.0,38,30,8,0,2585.0,12.2,502,0,11,411075,3393645,509,0,12,-74.0,540,115.0,215.0,243.82370680473218,7,-1.8583987677382652,-31,8,8,7.24576971440455
1973,338101,410960.0,3393430.0,38,30,8,0,2585.0,12.2,502,0,11,411045,3393675,516,0,6,-69.75,540,85.0,245.0,259.3260495977988,14,-10.866356794094543,-24,8,8,5.287524454067262
1974,338101,410960.0,3393430.0,38,30,8,0,2585.0,12.2,502,0,11,411080,3393640,508,0,12,-76.13,540,120.0,210.0,241.8677324489565,6,-0.2551187030578035,-32,8,8,7.536673332462789
1975,338101,410960.0,3393430.0,38,30,8,0,2585.0,12.2,502,0,11,411060,3393660,512,0,6,-69.06,540,100.0,230.0,250.79872407968904,10,-6.501434324047921,-28,8,8,6.370310938887232
1976,338101,410960.0,3393430.0,38,30,8,0,2585.0,12.2,502,0,11,411090,3393630,507,0,5,-69.0,540,130.0,200.0,238.53720883753127,5,3.0238675557966417,-33,8,8,7.876486273147582
1977,338101,410960.0,3393430.0,38,30,8,0,2585.0,12.2,502,0,11,411205,3393515,509,0,12,-92.0,540,245.0,85.0,259.3260495977988,7,40.866356794094486,-31,8,8,6.816825812167955
1978,338101,410960.0,3393430.0,38,30,8,0,2585.0,12.2,502,0,11,411210,3393510,509,0,12,-94.5,540,250.0,80.0,262.48809496813374,7,42.255328374943076,-31,8,8,6.735466370030498
1979,338101,410960.0,3393430.0,38,30,8,0,2585.0,12.2,502,0,11,411150,3393485,508,21,5,-93.0,540,190.0,55.0,197.80040444852483,6,43.855661219716524,-32,8,8,9.189647836795375
1980,338101,410960.0,3393430.0,38,30,8,0,2585.0,12.2,502,0,11,411170,3393465,508,0,12,-100.0,540,210.0,35.0,212.8966885604377,6,50.537677791974374,-32,8,8,8.548003746672178
1981,338101,410960.0,3393430.0,38,30,8,0,2585.0,12.2,502,0,11,411155,3393490,508,21,5,-104.0,540,195.0,60.0,204.02205763103166,6,42.89727103094765,-32,8,8,8.913978607572178
1982,338101,410960.0,3393430.0,38,30,8,0,2585.0,12.2,502,0,11,411180,3393455,508,0,5,-96.0,540,220.0,25.0,221.41589825484527,6,53.51692630710278,-32,8,8,8.223696725268526
1983,338101,410960.0,3393430.0,38,30,8,0,2585.0,12.2,502,0,11,411050,3393585,505,0,5,-78.0,540,90.0,155.0,179.2344832893492,3,0.14138555207534864,-35,8,8,11.049383144781983
1984,338101,410960.0,3393430.0,38,30,8,0,2585.0,12.2,502,0,11,411055,3393590,505,0,5,-73.0,540,95.0,160.0,186.07794065928394,3,0.6997225508143856,-35,8,8,10.652486692262476
1985,338101,410960.0,3393430.0,38,30,8,0,2585.0,12.2,502,0,11,411045,3393600,506,0,5,-68.5,540,85.0,170.0,190.06577808748213,4,-3.434948822922024,-34,8,8,10.142106156573982
1986,338101,410960.0,3393430.0,38,30,8,0,2585.0,12.2,502,0,11,411040,3393595,505,0,5,-80.5,540,80.0,165.0,183.3712082089225,3,-4.133643205905457,-35,8,8,10.80605109505234
1987,338101,410960.0,3393430.0,38,30,8,0,2585.0,12.2,502,0,11,411080,3393555,506,0,5,-91.25,540,120.0,125.0,173.27723451163456,4,13.83086067209257,-34,8,8,11.101387649024742
1988,338101,410960.0,3393430.0,38,30,8,0,2585.0,12.2,502,0,11,410860,3393665,506,0,5,-98.0,540,-100.0,235.0,255.3918557824427,4,306.948699083527,-34,8,8,7.583126371573571
1989,338101,410960.0,3393430.0,38,30,8,0,2585.0,12.2,502,0,11,411395,3393080,499,0,5,-92.5,540,435.0,-350.0,558.3233829959122,-3,98.8200757508169,-41,8,8,4.199927905886631
1990,338101,410960.0,3393430.0,38,30,8,0,2585.0,12.2,502,0,11,411325,3393170,500,0,11,-103.0,540,365.0,-260.0,448.13502429513363,-2,95.4633642415406,-40,8,8,5.100636066638454
1991,338101,410960.0,3393430.0,38,30,8,0,2585.0,12.2,502,0,11,411390,3393075,499,0,12,-92.0,540,430.0,-355.0,557.6064920712455,-3,99.5424465148954,-41,8,8,4.205308215453056
1992,338101,410960.0,3393430.0,38,30,8,0,2585.0,12.2,502,0,11,411370,3393055,499,0,12,-90.5,540,410.0,-375.0,555.6302727533841,-3,102.44710185282827,-41,8,8,4.220211360418246
1993,338101,410960.0,3393430.0,38,30,8,0,2585.0,12.2,502,0,11,411400,3393085,499,0,6,-92.5,540,440.0,-345.0,559.128786595718,-3,98.09967183072274,-41,8,8,4.193899672371214
1994,338101,410960.0,3393430.0,38,30,8,0,2585.0,12.2,502,0,11,411385,3393070,499,0,12,-89.75,540,425.0,-360.0,556.9784555977009,-3,100.2665616694245,-41,8,8,4.210032987243961
1995,338101,410960.0,3393430.0,38,30,8,0,2585.0,12.2,502,0,11,411320,3393165,500,0,13,-103.5,540,360.0,-265.0,447.017896733453,-2,96.35719741999549,-40,8,8,5.113315406236972
1996,338101,410960.0,3393430.0,38,30,8,0,2585.0,12.2,502,0,11,411245,3393945,505,0,5,-77.33,540,285.0,515.0,588.6000339789321,3,-1.039943306049679,-35,8,8,3.4029793037601035
1997,338101,410960.0,3393430.0,38,30,8,0,2585.0,12.2,502,0,11,411250,3393960,504,0,5,-83.5,540,290.0,530.0,604.1522986797286,2,-1.3138524262605529,-36,8,8,3.4100871313380052
1998,338101,410960.0,3393430.0,38,30,8,0,2585.0,12.2,502,0,11,409115,3390100,497,0,6,-93.67,540,-1845.0,-3330.0,3806.9574465706864,-5,178.98882252119154,-43,8,8,0.6471345656838577
1999,338101,410960.0,3393430.0,38,30,8,0,2585.0,12.2,502,0,11,409015,3390200,498,0,5,-94.0,540,-1945.0,-3230.0,3770.40117228923,-4,181.0549710232633,-42,8,8,0.6382141057119617
2000,338101,410960.0,3393430.0,38,30,8,0,2585.0,12.2,502,0,11,408910,3390350,498,24,5,-84.67,540,-2050.0,-3080.0,3699.8513483652287,-4,183.64711717456984,-42,8,8,0.6503827192660109
2001,338101,410960.0,3393430.0,38,30,8,0,2585.0,12.2,502,0,11,408855,3390250,498,0,5,-94.0,540,-2105.0,-3180.0,3813.5842720464434,-4,183.50255473522037,-42,8,8,0.6309878795790717
2002,338101,410960.0,3393430.0,38,30,8,0,2585.0,12.2,502,0,11,408925,3390340,498,0,7,-84.5,540,-2035.0,-3090.0,3699.9087826593777,-4,183.36794322404793,-42,8,8,0.6503726241350317
2003,338101,410960.0,3393430.0,38,30,8,0,2585.0,12.2,502,0,11,410820,3393460,510,0,5,-104.0,540,-140.0,30.0,143.17821063276352,8,252.0947570770121,-30,8,8,11.833935061786432
2004,338101,410960.0,3393430.0,38,30,8,0,2585.0,12.2,502,0,11,410845,3393515,513,0,5,-103.0,540,-115.0,85.0,143.0034964607509,11,276.46923439005184,-27,8,8,10.691956755893306
2005,338101,410960.0,3393430.0,38,30,8,0,2585.0,12.2,502,0,11,411695,3392585,502,0,5,-100.0,540,735.0,-845.0,1119.933033712284,0,108.98252057182901,-38,8,8,1.943334637977981
2006,338101,410960.0,3393430.0,38,30,8,0,2585.0,12.2,502,0,11,410765,3393595,529,0,12,-95.0,540,-195.0,165.0,255.44079548889601,27,280.23635830927384,-11,8,8,2.4657941747332344
2007,338101,410960.0,3393430.0,38,30,8,0,2585.0,12.2,502,0,11,410770,3393590,528,0,12,-99.0,540,-190.0,160.0,248.39484696748443,26,280.1009075462122,-12,8,8,2.765819121793173
2008,338101,410960.0,3393430.0,38,30,8,0,2585.0,12.2,502,0,11,410775,3393585,527,0,12,-100.0,540,-185.0,155.0,241.3503677229434,25,279.9575489308291,-13,8,8,3.083177603587468
2009,338101,410960.0,3393430.0,38,30,8,0,2585.0,12.2,502,0,11,411690,3392590,502,0,5,-100.8,540,730.0,-840.0,1112.8791488746656,0,109.00780454237236,-38,8,8,1.9556427560039198
2010,338101,410960.0,3393430.0,38,30,8,0,2585.0,12.2,502,0,11,410840,3393520,514,0,12,-100.0,540,-120.0,90.0,150.0,12,276.86989764584405,-26,8,8,9.833563964207116
2011,338101,410960.0,3393430.0,38,30,8,0,2585.0,12.2,502,0,11,408885,3390280,498,0,5,-106.5,540,-2075.0,-3150.0,3772.0186903036415,-4,183.3741013566914,-42,8,8,0.6379404491996588
2012,338101,410960.0,3393430.0,38,30,8,0,2585.0,12.2,502,0,11,410910,3393535,508,0,12,-103.5,540,-50.0,105.0,116.29703349613007,6,304.5366549381284,-32,8,8,15.384640075853953
2013,338101,410960.0,3393430.0,38,30,8,0,2585.0,12.2,502,0,11,411040,3393385,504,0,5,-106.0,540,80.0,-45.0,91.7877987534291,2,89.35775354279127,-36,8,8,21.415558095231805
2014,338101,410960.0,3393430.0,38,30,8,0,2585.0,12.2,502,0,11,410940,3393565,506,21,5,-95.0,540,-20.0,135.0,136.4734406395618,4,321.57303097851934,-34,8,8,13.989465685130197
2015,338101,410960.0,3393430.0,38,30,8,0,2585.0,12.2,502,0,11,411065,3393370,504,0,5,-103.25,540,105.0,-60.0,120.93386622447825,2,89.74488129694225,-36,8,8,16.577392850994336
2016,338101,410960.0,3393430.0,38,30,8,0,2585.0,12.2,502,0,11,410975,3393480,504,0,11,-99.0,540,15.0,50.0,52.20153254455275,2,-13.300755766006375,-36,8,8,34.59150252413114
2017,338101,410960.0,3393430.0,38,30,8,0,2585.0,12.2,502,0,11,411015,3393520,505,0,5,-87.2,540,55.0,90.0,105.47511554864494,3,1.4295656148385092,-35,8,8,18.35748685441985
2018,338101,410960.0,3393430.0,38,30,8,0,2585.0,12.2,502,0,11,411215,3393880,506,0,5,-80.0,540,255.0,450.0,517.228189487,4,-0.4612177404418958,-34,8,8,3.760927739897945
2019,338101,410960.0,3393430.0,38,30,8,0,2585.0,12.2,502,0,11,410990,3393455,503,0,11,-88.0,540,30.0,25.0,39.05124837953327,1,20.19442890773479,-37,8,8,43.45499725631235
2020,338101,410960.0,3393430.0,38,30,8,0,2585.0,12.2,502,0,11,410995,3393460,504,0,5,-87.75,540,35.0,30.0,46.09772228646444,2,19.398705354995514,-36,8,8,37.98804446500309
2021,338101,410960.0,3393430.0,38,30,8,0,2585.0,12.2,502,0,11,410985,3393450,503,0,11,-86.71,540,25.0,20.0,32.01562118716424,1,21.34019174590992,-37,8,8,49.13078791884495
2022,338101,410960.0,3393430.0,38,30,8,0,2585.0,12.2,502,0,11,411000,3393505,505,0,6,-85.73,540,40.0,75.0,85.0,3,-1.9275130641470355,-35,8,8,22.380135051959574
2023,338101,410960.0,3393430.0,38,30,8,0,2585.0,12.2,502,0,11,411210,3393875,507,0,13,-81.5,540,250.0,445.0,510.4164965986111,5,-0.6728205095432145,-33,8,8,3.6992002627174276
2024,338101,410960.0,3393430.0,38,30,8,0,2585.0,12.2,502,0,11,410965,3393470,504,0,11,-88.57,540,5.0,40.0,40.311288741492746,2,-22.874983651098205,-36,8,8,41.76645037165943
2025,338101,410960.0,3393430.0,38,30,8,0,2585.0,12.2,502,0,11,410960,3393465,504,0,11,-87.25,540,0.0,35.0,35.0,2,-30.0,-36,8,8,45.80692945510238
2026,338101,410960.0,3393430.0,38,30,8,0,2585.0,12.2,502,0,11,411205,3393870,507,0,13,-82.33,540,245.0,440.0,503.6119537898202,5,-0.890144443108909,-33,8,8,3.749040336797192
2027,338101,410960.0,3393430.0,38,30,8,0,2585.0,12.2,502,0,11,410955,3393580,506,21,5,-93.5,540,-5.0,150.0,150.08331019803634,4,328.0908475670036,-34,8,8,12.76438564553145
2028,338101,410960.0,3393430.0,38,30,8,0,2585.0,12.2,502,0,11,411240,3393905,505,0,10,-77.0,540,280.0,475.0,551.3846207503434,3,0.5182306788752271,-35,8,8,3.63206612788527
2029,338101,410960.0,3393430.0,38,30,8,0,2585.0,12.2,502,0,11,411010,3393515,505,0,5,-86.38,540,50.0,85.0,98.6154146165801,3,0.4655449194598873,-35,8,8,19.54049075914917
2030,338101,410960.0,3393430.0,38,30,8,0,2585.0,12.2,502,0,11,411005,3393510,505,0,6,-88.43,540,45.0,80.0,91.7877987534291,3,-0.6422464572087279,-35,8,8,20.872564183754424
2031,338101,410960.0,3393430.0,38,30,8,0,2585.0,12.2,502,0,11,410970,3393475,504,0,11,-86.6,540,10.0,45.0,46.09772228646444,2,-17.471192290848478,-36,8,8,37.98804446500309
2032,338101,410960.0,3393430.0,38,30,8,0,2585.0,12.2,502,0,11,410980,3393445,503,48,5,-84.33,540,20.0,15.0,25.0,1,23.13010235415595,-37,8,8,55.95406264339834
2033,338101,410960.0,3393430.0,38,30,8,0,2585.0,12.2,502,0,11,411100,3393405,507,0,13,-95.75,540,140.0,-25.0,142.21462653327893,5,70.12467165539783,-33,8,8,13.06392389333208
2034,338101,410960.0,3393430.0,38,30,8,0,2585.0,12.2,502,0,11,410915,3393540,508,21,12,-90.5,540,-45.0,110.0,118.84864324004712,6,307.7509763427876,-32,8,8,15.069516789163844
2035,338101,410960.0,3393430.0,38,30,8,0,2585.0,12.2,502,0,11,411290,3393525,507,0,5,-91.0,540,330.0,95.0,343.4020966738555,5,43.94001269283933,-33,8,8,5.489111998891781
2036,338101,410960.0,3393430.0,38,30,8,0,2585.0,12.2,502,0,11,411270,3393505,508,0,5,-89.0,540,310.0,75.0,318.9435686763412,6,46.39945748334128,-32,8,8,5.729382602789899
2037,338101,410960.0,3393430.0,38,30,8,0,2585.0,12.2,502,0,11,411065,3393640,509,0,12,-71.5,540,105.0,210.0,234.7871376374779,7,-3.434948822922024,-31,8,8,7.521512611120302
2038,338101,410960.0,3393430.0,38,30,8,0,2585.0,12.2,502,0,11,411090,3393645,507,0,12,-75.27,540,130.0,215.0,251.24689052802225,5,1.1593045083444053,-33,8,8,7.482676042707655
2039,338101,410960.0,3393430.0,38,30,8,0,2585.0,12.2,502,0,11,411095,3393650,507,0,6,-77.22,540,135.0,220.0,258.11818998280614,5,1.5347919051882855,-33,8,8,7.285650647422213
2040,338101,410960.0,3393430.0,38,30,8,0,2585.0,12.2,502,0,11,411265,3393520,508,0,12,-95.06,540,305.0,90.0,318.0015723231569,6,43.55962047831986,-32,8,8,5.746240988144533
2041,338101,410960.0,3393430.0,38,30,8,0,2585.0,12.2,502,0,11,411075,3393630,508,0,5,-77.38,540,115.0,200.0,230.70543990118657,6,-0.10109816138543692,-32,8,8,7.896826259523827
2042,338101,410960.0,3393430.0,38,30,8,0,2585.0,12.2,502,0,11,411275,3393510,508,0,5,-92.88,540,315.0,80.0,325.0,6,45.74996730219641,-32,8,8,5.623305302053934
2043,338101,410960.0,3393430.0,38,30,8,0,2585.0,12.2,502,0,11,411080,3393655,509,0,5,-71.4,540,120.0,225.0,255.0,7,-1.9275130641470355,-31,8,8,6.931356798315828
2044,338101,410960.0,3393430.0,38,30,8,0,2585.0,12.2,502,0,11,411085,3393660,508,0,6,-71.57,540,125.0,230.0,261.7728022541685,6,-1.476881393687961,-32,8,8,6.969452842417422
2045,338101,410960.0,3393430.0,38,30,8,0,2585.0,12.2,502,0,11,411105,3393680,505,0,6,-78.5,540,145.0,250.0,289.0069203323685,3,0.11373315098245484,-35,8,8,6.905142546005969
2046,338101,410960.0,3393430.0,38,30,8,0,2585.0,12.2,502,0,11,411260,3393515,508,0,12,-90.5,540,300.0,85.0,311.8092365533773,6,44.18080605249986,-32,8,8,5.859571346521277
2047,338101,410960.0,3393430.0,38,30,8,0,2585.0,12.2,502,0,11,411120,3393695,505,0,11,-80.5,540,160.0,265.0,309.5561338432821,3,1.1224701967919941,-35,8,8,6.450758776174432
2048,338101,410960.0,3393430.0,38,30,8,0,2585.0,12.2,502,0,11,411050,3393605,506,0,5,-70.33,540,90.0,175.0,196.78668654154427,4,-2.7838884426925006,-34,8,8,9.802554952239358
2049,338101,410960.0,3393430.0,38,30,8,0,2585.0,12.2,502,0,11,411055,3393610,507,0,6,-70.0,540,95.0,180.0,203.5313243704762,5,-2.1759036157467335,-33,8,8,9.209633216911365
2050,338101,410960.0,3393430.0,38,30,8,0,2585.0,12.2,502,0,11,411045,3393620,509,0,5,-75.67,540,85.0,190.0,208.1465829649865,7,-5.897765498838851,-31,8,8,8.47099519964383
2051,338101,410960.0,3393430.0,38,30,8,0,2585.0,12.2,502,0,11,411040,3393615,508,0,5,-73.38,540,80.0,185.0,201.55644370746373,6,-6.614778942786245,-32,8,8,9.021239454738732
2052,338101,410960.0,3393430.0,38,30,8,0,2585.0,12.2,502,0,11,411100,3393675,506,0,6,-74.4,540,140.0,245.0,282.17902119044925,4,-0.2551187030578035,-34,8,8,6.870498181027459
2053,338101,410960.0,3393430.0,38,30,8,0,2585.0,12.2,502,0,11,411070,3393625,508,0,5,-76.0,540,110.0,195.0,223.8861317723811,6,-0.5725435968102488,-32,8,8,8.13418199205606
2054,338101,410960.0,3393430.0,38,30,8,0,2585.0,12.2,502,0,11,411280,3393535,508,0,5,-90.0,540,320.0,105.0,336.7862823809782,6,41.834043470774475,-32,8,8,5.427706630348079
2055,338101,410960.0,3393430.0,38,30,8,0,2585.0,12.2,502,0,11,411735,3393870,503,0,12,-104.67,540,775.0,440.0,891.1930206189903,1,30.41460549925023,-37,8,8,2.3774053511196733
2056,338101,410960.0,3393430.0,38,30,8,0,2585.0,12.2,502,0,11,411285,3394000,502,0,6,-82.0,540,325.0,570.0,656.1440390645944,0,-0.3092734879832051,-38,8,8,3.314531860008987
2057,338101,410960.0,3393430.0,38,30,8,0,2585.0,12.2,502,0,11,411425,3393210,501,0,6,-93.0,540,465.0,-220.0,514.4171459039833,-1,85.31968691030966,-39,8,8,4.3355260112922736
2058,338101,410960.0,3393430.0,38,30,8,0,2585.0,12.2,502,0,11,411455,3393200,501,0,5,-93.33,540,495.0,-230.0,545.8250635505849,-1,84.92177052258523,-39,8,8,4.086921780146959
2059,338101,410960.0,3393430.0,38,30,8,0,2585.0,12.2,502,0,11,411410,3393235,501,0,8,-95.0,540,450.0,-195.0,490.43348172815445,-1,83.42869280874538,-39,8,8,4.546677831845722
2060,338101,410960.0,3393430.0,38,30,8,0,2585.0,12.2,502,0,11,411440,3393185,500,0,12,-87.5,540,480.0,-245.0,538.9109388386915,-2,87.04052390952586,-40,8,8,4.244924678564992
2061,338101,410960.0,3393430.0,38,30,8,0,2585.0,12.2,502,0,11,411405,3393230,500,0,13,-95.5,540,445.0,-200.0,487.8780585351221,-2,84.20097159115852,-40,8,8,4.6870658275412955
2062,338101,410960.0,3393430.0,38,30,8,0,2585.0,12.2,502,0,11,411445,3393190,501,0,5,-92.14,540,485.0,-240.0,541.1330705103875,-1,86.32829310517087,-39,8,8,4.122236543382721
2063,338101,410960.0,3393430.0,38,30,8,0,2585.0,12.2,502,0,11,411460,3393165,500,21,12,-93.0,540,500.0,-265.0,565.8842637854493,-2,87.9235897151384,-40,8,8,4.0432747375111875
2064,338101,410960.0,3393430.0,38,30,8,0,2585.0,12.2,502,0,11,409040,3390170,498,21,6,-97.0,540,-1920.0,-3260.0,3783.3847279915904,-4,180.49625827996653,-42,8,8,0.636024107308744
2065,338101,410960.0,3393430.0,38,30,8,0,2585.0,12.2,502,0,11,410950,3393450,503,0,5,-89.5,540,-10.0,20.0,22.360679774997898,1,303.434948822922,-37,8,8,58.85363938762358
2066,338101,410960.0,3393430.0,38,30,8,0,2585.0,12.2,502,0,11,410915,3393485,506,21,12,-86.5,540,-45.0,55.0,71.06335201775947,4,290.71059313749964,-34,8,8,25.568612577714855
2067,338101,410960.0,3393430.0,38,30,8,0,2585.0,12.2,502,0,11,411405,3393635,502,21,5,-103.0,540,445.0,205.0,489.9489769353539,0,35.26569747094754,-38,8,8,4.434930467588946
2068,338101,410960.0,3393430.0,38,30,8,0,2585.0,12.2,502,0,11,411150,3393410,508,0,12,-97.86,540,190.0,-20.0,191.049731745428,6,66.00900595749454,-32,8,8,9.508529814713768
2069,338101,410960.0,3393430.0,38,30,8,0,2585.0,12.2,502,0,11,410975,3393585,506,24,12,-96.0,540,15.0,155.0,155.72411502397438,4,-24.472459848343817,-34,8,8,12.316384749890998
2070,338101,410960.0,3393430.0,38,30,8,0,2585.0,12.2,502,0,11,410965,3393595,506,0,12,-84.0,540,5.0,165.0,165.07574019219177,4,-28.2642954110716,-34,8,8,11.638235021100533
2071,338101,410960.0,3393430.0,38,30,8,0,2585.0,12.2,502,0,11,410895,3393505,509,0,12,-98.29,540,-65.0,75.0,99.24716620639605,7,289.0856167799749,-31,8,8,17.3462722127223
2072,338101,410960.0,3393430.0,38,30,8,0,2585.0,12.2,502,0,11,411155,3393405,508,0,12,-98.33,540,195.0,-25.0,196.596032513375,6,67.30575953331083,-32,8,8,9.244975578512616
2073,338101,410960.0,3393430.0,38,30,8,0,2585.0,12.2,502,0,11,410990,3393570,505,24,6,-86.0,540,30.0,140.0,143.17821063276352,3,-17.905242922987895,-35,8,8,13.736601296864695
2074,338101,410960.0,3393430.0,38,30,8,0,2585.0,12.2,502,0,11,410890,3393510,509,0,12,-93.0,540,-70.0,80.0,106.30145812734649,7,288.81407483429035,-31,8,8,16.257923691794257
2075,338101,410960.0,3393430.0,38,30,8,0,2585.0,12.2,502,0,11,410985,3393575,505,24,6,-94.33,540,25.0,145.0,147.13938969562162,3,-20.21759296819272,-35,8,8,13.380267096379134
2076,338101,410960.0,3393430.0,38,30,8,0,2585.0,12.2,502,0,11,410900,3393500,508,0,12,-94.75,540,-60.0,70.0,92.19544457292888,6,289.3987053549955,-32,8,8,19.14131168231073
2077,338101,410960.0,3393430.0,38,30,8,0,2585.0,12.2,502,0,11,411200,3393840,507,0,6,-81.33,540,240.0,410.0,475.0789408087881,5,0.34324888423958555,-33,8,8,3.973504966462778
2078,338101,410960.0,3393430.0,38,30,8,0,2585.0,12.2,502,0,11,411015,3393545,505,0,5,-88.0,540,55.0,115.0,127.47548783981962,3,-4.440034828176181,-35,8,8,15.35294889462336
2079,338101,410960.0,3393430.0,38,30,8,0,2585.0,12.2,502,0,11,410910,3393490,506,21,5,-90.5,540,-50.0,60.0,78.10249675906654,4,290.1944289077348,-34,8,8,23.524715437878022
2080,338101,410960.0,3393430.0,38,30,8,0,2585.0,12.2,502,0,11,410885,3393515,510,0,5,-95.0,540,-75.0,85.0,113.35784048754634,8,288.5763343749974,-30,8,8,14.823415737063478
2081,338101,410960.0,3393430.0,38,30,8,0,2585.0,12.2,502,0,11,410970,3393590,506,24,12,-93.0,540,10.0,160.0,160.31219541881399,4,-26.423665625002627,-34,8,8,11.974211275772774
2082,338101,410960.0,3393430.0,38,30,8,0,2585.0,12.2,502,0,11,410955,3393445,503,0,5,-84.5,540,-5.0,15.0,15.811388300841896,1,311.565051177078,-37,8,8,66.86129443459295
2083,338101,410960.0,3393430.0,38,30,8,0,2585.0,12.2,502,0,11,410905,3393495,507,0,12,-90.0,540,-55.0,65.0,85.14693182963201,5,289.76364169072616,-33,8,8,21.18460462616093
2084,338101,410960.0,3393430.0,38,30,8,0,2585.0,12.2,502,0,11,410930,3393470,504,21,6,-96.4,540,-30.0,40.0,50.0,2,293.13010235415595,-36,8,8,35.75388725443675
2085,338101,410960.0,3393430.0,38,30,8,0,2585.0,12.2,502,0,11,410920,3393480,505,21,5,-90.75,540,-40.0,50.0,64.03124237432849,3,291.3401917459099,-35,8,8,28.66137644029961
2086,338101,410960.0,3393430.0,38,30,8,0,2585.0,12.2,502,0,11,411025,3393535,505,0,5,-84.33,540,65.0,105.0,123.4908903522847,3,1.7594800848128216,-35,8,8,15.823881456057778
2087,338101,410960.0,3393430.0,38,30,8,0,2585.0,12.2,502,0,11,411005,3393555,505,0,5,-85.0,540,45.0,125.0,132.85330255586422,3,-10.201123645475093,-35,8,8,14.75913245804267
2088,338101,410960.0,3393430.0,38,30,8,0,2585.0,12.2,502,0,11,411020,3393540,505,0,5,-88.0,540,60.0,110.0,125.29964086141668,3,-1.3895403340347912,-35,8,8,15.606664695218461
2089,338101,410960.0,3393430.0,38,30,8,0,2585.0,12.2,502,0,11,411010,3393550,505,0,5,-87.0,540,50.0,120.0,130.0,3,-7.3801350519595985,-35,8,8,15.068488159492212
2090,338101,410960.0,3393430.0,38,30,8,0,2585.0,12.2,502,0,11,410945,3393455,503,0,5,-89.5,540,-15.0,25.0,29.154759474226502,1,299.03624346792645,-37,8,8,51.763075194282415
2091,338101,410960.0,3393430.0,38,30,8,0,2585.0,12.2,502,0,11,411565,3393270,503,21,5,-96.5,540,605.0,-160.0,625.7994886543133,1,74.81346411880469,-37,8,8,3.3836377716219617
2092,338101,410960.0,3393430.0,38,30,8,0,2585.0,12.2,502,0,11,411115,3393350,504,0,5,-95.5,540,155.0,-80.0,174.42763542512407,2,87.29957221133282,-36,8,8,11.661496776910507
2093,338101,410960.0,3393430.0,38,30,8,0,2585.0,12.2,502,0,11,411035,3393590,505,0,5,-72.67,540,75.0,160.0,176.70597047072292,3,-4.885165113855464,-35,8,8,11.203518082255256
2094,338101,410960.0,3393430.0,38,30,8,0,2585.0,12.2,502,0,11,411105,3393360,505,6,12,-92.0,540,145.0,-70.0,161.01242188104618,3,85.7693276243387,-35,8,8,12.263856155784577
2095,338101,410960.0,3393430.0,38,30,8,0,2585.0,12.2,502,0,11,411015,3393570,505,0,5,-77.0,540,55.0,140.0,150.41608956491322,3,-8.55226367289464,-35,8,8,13.098944677760741
2096,338101,410960.0,3393430.0,38,30,8,0,2585.0,12.2,502,0,11,411130,3393365,505,0,12,-97.33,540,170.0,-65.0,182.00274723201295,3,80.92450174492114,-35,8,8,10.885366668976571
2097,338101,410960.0,3393430.0,38,30,8,0,2585.0,12.2,502,0,11,410920,3393495,506,0,12,-97.64,540,-40.0,65.0,76.32168761236873,4,298.3924977537511,-34,8,8,24.01215043732756
2098,338101,410960.0,3393430.0,38,30,8,0,2585.0,12.2,502,0,11,410925,3393500,506,0,12,-88.33,540,-35.0,70.0,78.26237921249263,4,303.434948822922,-34,8,8,23.481864706255667
2099,338101,410960.0,3393430.0,38,30,8,0,2585.0,12.2,502,0,11,410960,3393535,506,0,6,-87.33,540,0.0,105.0,105.0,4,-30.0,-34,8,8,17.942447089158676
2100,338101,410960.0,3393430.0,38,30,8,0,2585.0,12.2,502,0,11,410995,3393550,505,0,5,-91.0,540,35.0,120.0,125.0,3,-13.73979529168804,-35,8,8,15.642246457208728
2101,338101,410960.0,3393430.0,38,30,8,0,2585.0,12.2,502,0,11,410990,3393545,505,0,6,-90.33,540,30.0,115.0,118.84864324004712,3,-15.379126011368328,-35,8,8,16.409290713935878
2102,338101,410960.0,3393430.0,38,30,8,0,2585.0,12.2,502,0,11,410955,3393510,506,0,6,-93.43,540,-5.0,80.0,80.15609770940699,4,326.4236656250026,-34,8,8,22.98531395506451
2103,338101,410960.0,3393430.0,38,30,8,0,2585.0,12.2,502,0,11,411120,3393375,506,0,12,-92.5,540,160.0,-55.0,169.1892431568863,4,78.97040780848658,-34,8,8,11.36272312342979
2104,338101,410960.0,3393430.0,38,30,8,0,2585.0,12.2,502,0,11,410935,3393490,505,0,6,-90.0,540,-25.0,60.0,65.0,3,307.3801350519596,-35,8,8,28.30075576600638
2105,338101,410960.0,3393430.0,38,30,8,0,2585.0,12.2,502,0,11,410985,3393560,505,21,6,-85.5,540,25.0,130.0,132.38202294873727,3,-19.114472945341276,-35,8,8,14.809369639322476
2106,338101,410960.0,3393430.0,38,30,8,0,2585.0,12.2,502,0,11,410970,3393525,506,21,6,-89.5,540,10.0,95.0,95.524865872714,4,-23.990994042505463,-34,8,8,19.592081730799517
2107,338101,410960.0,3393430.0,38,30,8,0,2585.0,12.2,502,0,11,410975,3393530,506,21,6,-96.0,540,15.0,100.0,101.11874208078342,4,-21.469234390051838,-34,8,8,18.584619232583446
2108,338101,410960.0,3393430.0,38,30,8,0,2585.0,12.2,502,0,11,411125,3393380,506,0,8,-95.2,540,165.0,-50.0,172.40939649566667,4,76.85839876773827,-34,8,8,11.15586921576799
2109,338101,410960.0,3393430.0,38,30,8,0,2585.0,12.2,502,0,11,411145,3393400,507,0,8,-95.0,540,185.0,-30.0,187.41664813991312,5,69.21102654081665,-33,8,8,9.986179275847228
2110,338101,410960.0,3393430.0,38,30,8,0,2585.0,12.2,502,0,11,411140,3393395,507,0,8,-93.5,540,180.0,-35.0,183.3712082089225,5,71.0035408517495,-33,8,8,10.201910385401636
2111,338101,410960.0,3393430.0,38,30,8,0,2585.0,12.2,502,0,11,411110,3393345,504,0,12,-88.0,540,150.0,-85.0,172.40939649566667,2,89.5387822595581,-36,8,8,11.79420467439224
2112,338101,410960.0,3393430.0,38,30,8,0,2585.0,12.2,502,0,11,410980,3393555,506,21,6,-89.0,540,20.0,125.0,126.58988901172162,4,-20.909723079177695,-34,8,8,15.033922041977293
2113,338101,410960.0,3393430.0,38,30,8,0,2585.0,12.2,502,0,11,410930,3393485,505,0,6,-90.6,540,-30.0,55.0,62.64982043070834,3,301.3895403340348,-35,8,8,29.19038144035604
2114,338101,410960.0,3393430.0,38,30,8,0,2585.0,12.2,502,0,11,411020,3393510,505,0,5,-91.5,540,60.0,80.0,100.0,3,6.869897645844048,-35,8,8,19.290046219188735
2115,338101,410960.0,3393430.0,38,30,8,0,2585.0,12.2,502,0,11,410965,3393445,503,0,5,-90.33,540,5.0,15.0,15.811388300841896,1,-11.565051177077976,-37,8,8,66.86129443459295
2116,338101,410960.0,3393430.0,38,30,8,0,2585.0,12.2,502,0,11,410990,3393480,504,0,11,-83.91,540,30.0,50.0,58.309518948453004,2,0.9637565320735462,-36,8,8,31.690970734596423
2117,338101,410960.0,3393430.0,38,30,8,0,2585.0,12.2,502,0,11,411200,3393850,507,0,5,-89.2,540,240.0,420.0,483.735464897913,5,-0.2551187030578035,-33,8,8,3.9026201731045855
2118,338101,410960.0,3393430.0,38,30,8,0,2585.0,12.2,502,0,11,411260,3393910,504,9,5,-78.5,540,300.0,480.0,566.0388679233962,2,2.005383208083515,-36,8,8,3.639102914803162
2119,338101,410960.0,3393430.0,38,30,8,0,2585.0,12.2,502,0,11,411220,3393870,506,0,13,-82.0,540,260.0,440.0,511.0772935672255,4,0.5792268724890164,-34,8,8,3.8060588477293784
2120,338101,410960.0,3393430.0,38,30,8,0,2585.0,12.2,502,0,11,410985,3393465,504,0,11,-84.43,540,25.0,35.0,43.01162633521314,2,5.5376777919743745,-36,8,8,39.92875922766464
2121,338101,410960.0,3393430.0,38,30,8,0,2585.0,12.2,502,0,11,410980,3393470,504,0,11,-82.82,540,20.0,40.0,44.721359549995796,2,-3.434948822922024,-36,8,8,38.8335250946362
2122,338101,410960.0,3393430.0,38,30,8,0,2585.0,12.2,502,0,11,410970,3393460,503,0,11,-87.0,540,10.0,30.0,31.622776601683793,1,-11.565051177077976,-37,8,8,49.48049402961915
2123,338101,410960.0,3393430.0,38,30,8,0,2585.0,12.2,502,0,11,410975,3393455,503,0,11,-85.2,540,15.0,25.0,29.154759474226502,1,0.9637565320735462,-37,8,8,51.763075194282415
2124,338101,410960.0,3393430.0,38,30,8,0,2585.0,12.2,502,0,11,411005,3393485,505,0,11,-94.0,540,45.0,55.0,71.06335201775947,3,9.289406862500357,-35,8,8,26.221089202623254
2125,338101,410960.0,3393430.0,38,30,8,0,2585.0,12.2,502,0,11,411000,3393490,505,0,5,-89.8,540,40.0,60.0,72.11102550927978,3,3.690067525979771,-35,8,8,25.890205318505092
2126,338101,410960.0,3393430.0,38,30,8,0,2585.0,12.2,502,0,11,410995,3393475,504,0,5,-84.33,540,35.0,45.0,57.0087712549569,2,7.874983651098205,-36,8,8,32.271664111703075
2127,338101,410960.0,3393430.0,38,30,8,0,2585.0,12.2,502,0,11,411615,3393240,503,21,5,-97.0,540,655.0,-190.0,682.0007331374359,1,76.1761933616084,-37,8,8,3.1053744243158365
2128,338101,410960.0,3393430.0,38,30,8,0,2585.0,12.2,502,0,11,411520,3393310,501,0,5,-90.43,540,560.0,-120.0,572.7128425310541,-1,72.0947570770121,-39,8,8,3.8956538451524256
2129,338101,410960.0,3393430.0,38,30,8,0,2585.0,12.2,502,0,11,411530,3393320,501,0,5,-96.0,540,570.0,-110.0,580.5170109479997,-1,70.92280471986925,-39,8,8,3.8434407334117338
2130,338101,410960.0,3393430.0,38,30,8,0,2585.0,12.2,502,0,11,411525,3393305,501,0,5,-105.0,540,565.0,-125.0,578.6622503671723,-1,72.47510971220896,-39,8,8,3.855722844448301
2131,338101,410960.0,3393430.0,38,30,8,0,2585.0,12.2,502,0,11,408970,3390160,498,0,13,-93.5,540,-1990.0,-3270.0,3827.9237191981765,-4,181.3231339486877,-42,8,8,0.6286243816193421
2132,338101,410960.0,3393430.0,38,30,8,0,2585.0,12.2,502,0,11,411250,3393510,508,0,5,-89.0,540,290.0,80.0,300.83217912982644,6,44.57783868126131,-32,8,8,6.071811706937732
2133,338101,410960.0,3393430.0,38,30,8,0,2585.0,12.2,502,0,11,411500,3393420,502,0,5,-101.0,540,540.0,-10.0,540.0925846556311,0,61.06091169026422,-38,8,8,4.024601817595745
2134,338101,410960.0,3393430.0,38,30,8,0,2585.0,12.2,502,0,11,411240,3393520,509,0,5,-90.67,540,280.0,90.0,294.10882339705483,7,42.181111085477255,-31,8,8,6.016939585783533
2135,338101,410960.0,3393430.0,38,30,8,0,2585.0,12.2,502,0,11,411090,3393670,508,0,6,-75.32,540,130.0,240.0,272.9468812791236,6,-1.5570713756366672,-32,8,8,6.686770830047119
2136,338101,410960.0,3393430.0,38,30,8,0,2585.0,12.2,502,0,11,411125,3393715,506,0,5,-75.0,540,165.0,285.0,329.31747600150226,4,0.06858282186243514,-34,8,8,5.8945514446713245
2137,338101,410960.0,3393430.0,38,30,8,0,2585.0,12.2,502,0,11,411100,3393660,506,0,6,-73.2,540,140.0,230.0,269.2582403567252,4,1.3286928678041932,-34,8,8,7.196810883124875
2138,338101,410960.0,3393430.0,38,30,8,0,2585.0,12.2,502,0,11,411055,3393625,509,0,12,-70.5,540,95.0,195.0,216.91011963483862,7,-4.025606037568707,-31,8,8,8.133426132721194
2139,338101,410960.0,3393430.0,38,30,8,0,2585.0,12.2,502,0,11,411080,3393680,510,0,6,-72.83,540,120.0,250.0,277.308492477241,8,-4.358994175694704,-30,8,8,6.174403278046155
2140,338101,410960.0,3393430.0,38,30,8,0,2585.0,12.2,502,0,11,411105,3393655,505,48,6,-74.67,540,145.0,225.0,267.67517628648346,3,2.7995312726192196,-35,8,8,7.44947526086931
2141,338101,410960.0,3393430.0,38,30,8,0,2585.0,12.2,502,0,11,411085,3393675,509,0,6,-72.92,540,125.0,245.0,275.04545078950133,7,-2.9691397401570043,-31,8,8,6.4305915116556776
2142,338101,410960.0,3393430.0,38,30,8,0,2585.0,12.2,502,0,11,411245,3393515,508,0,5,-91.75,540,285.0,85.0,297.40544715926103,6,43.393019421382974,-32,8,8,6.14124007076327
2143,338101,410960.0,3393430.0,38,30,8,0,2585.0,12.2,502,0,11,411060,3393620,508,0,12,-74.33,540,100.0,190.0,214.7091055358389,6,-2.2414593989399805,-32,8,8,8.476900474814279
2144,338101,410960.0,3393430.0,38,30,8,0,2585.0,12.2,502,0,11,411040,3393640,512,0,6,-74.0,540,80.0,210.0,224.72205054244233,10,-9.145541960421667,-28,8,8,7.102357250875363
2145,338101,410960.0,3393430.0,38,30,8,0,2585.0,12.2,502,0,11,411065,3393615,507,0,13,-76.4,540,105.0,185.0,212.72047386182646,5,-0.4221613187386879,-33,8,8,8.818183525634986
2146,338101,410960.0,3393430.0,38,30,8,0,2585.0,12.2,502,0,11,411095,3393665,507,0,6,-75.0,540,135.0,235.0,271.01660465735307,5,-0.12400730831058127,-33,8,8,6.942373818267159
2147,338101,410960.0,3393430.0,38,30,8,0,2585.0,12.2,502,0,11,411045,3393635,511,0,5,-68.6,540,85.0,205.0,221.92341021172146,9,-7.479434397103091,-29,8,8,7.444980954564724
2148,338101,410960.0,3393430.0,38,30,8,0,2585.0,12.2,502,0,11,410980,3393680,518,0,10,-100.0,540,20.0,250.0,250.79872407968904,16,-25.426078740099115,-22,8,8,5.013139128924395
2149,338101,410960.0,3393430.0,38,30,8,0,2585.0,12.2,502,0,11,411030,3393630,511,0,6,-74.25,540,70.0,200.0,211.8962010041709,9,-10.709953780811247,-29,8,8,7.793054245460244
2150,338101,410960.0,3393430.0,38,30,8,0,2585.0,12.2,502,0,11,411160,3393780,507,0,12,-83.2,540,200.0,350.0,403.11288741492746,5,-0.2551187030578035,-33,8,8,4.679964388218755
2151,338101,410960.0,3393430.0,38,30,8,0,2585.0,12.2,502,0,11,411035,3393625,510,0,6,-73.0,540,75.0,195.0,208.92582415776178,8,-8.962488974578207,-30,8,8,8.171339556579106
2152,338101,410960.0,3393430.0,38,30,8,0,2585.0,12.2,502,0,11,411180,3393800,507,0,5,-82.0,540,220.0,370.0,430.4648650006177,5,0.7354877019200785,-33,8,8,4.383795080452585
2153,338101,410960.0,3393430.0,38,30,8,0,2585.0,12.2,502,0,11,411170,3393770,507,0,12,-92.75,540,210.0,340.0,399.6248240537617,5,1.7014296695057283,-33,8,8,4.720628918321144
2154,338101,410960.0,3393430.0,38,30,8,0,2585.0,12.2,502,0,11,411165,3393775,507,0,5,-85.67,540,205.0,345.0,401.3103537164223,5,0.7189042640291632,-33,8,8,4.700891012677115
2155,338101,410960.0,3393430.0,38,30,8,0,2585.0,12.2,502,0,11,411175,3393765,507,0,12,-85.33,540,215.0,335.0,398.05778474990285,5,2.691984182572071,-33,8,8,4.739128200177033
2156,338101,410960.0,3393430.0,38,30,8,0,2585.0,12.2,502,0,11,409040,3390255,497,0,5,-108.5,540,-1920.0,-3175.0,3710.3941839109225,-5,181.16237757436696,-43,8,8,0.663974798388039
2157,338101,410960.0,3393430.0,38,30,8,0,2585.0,12.2,502,0,11,408975,3390330,498,0,7,-89.0,540,-1985.0,-3100.0,3681.063025811973,-4,182.63235303332746,-42,8,8,0.6537020165780095
2158,338101,410960.0,3393430.0,38,30,8,0,2585.0,12.2,502,0,11,408960,3390335,498,0,7,-87.2,540,-2000.0,-3095.0,3684.9728628580156,-4,182.87068807790996,-42,8,8,0.6530084844910243
2159,338101,410960.0,3393430.0,38,30,8,0,2585.0,12.2,502,0,11,409035,3390240,498,0,12,-107.6,540,-1925.0,-3190.0,3725.8187019767884,-4,181.10880882854514,-42,8,8,0.6458502168005708
2160,338101,410960.0,3393430.0,38,30,8,0,2585.0,12.2,502,0,11,409015,3390220,498,0,12,-100.5,540,-1945.0,-3210.0,3753.281897220085,-4,181.2124686575341,-42,8,8,0.6411248524155165
2161,338101,410960.0,3393430.0,38,30,8,0,2585.0,12.2,502,0,11,409020,3390225,498,0,12,-95.67,540,-1940.0,-3205.0,3746.4149529917263,-4,181.18669618327104,-42,8,8,0.6422998957998252
2162,338101,410960.0,3393430.0,38,30,8,0,2585.0,12.2,502,0,11,409030,3390235,498,0,12,-109.5,540,-1930.0,-3195.0,3732.683351156377,-4,181.13486678231288,-42,8,8,0.6446625562811987
2163,338101,410960.0,3393430.0,38,30,8,0,2585.0,12.2,502,0,11,411485,3393205,502,0,12,-103.5,540,525.0,-225.0,571.1829829397931,0,83.19859051364818,-38,8,8,3.8061987083681115
2164,338101,410960.0,3393430.0,38,30,8,0,2585.0,12.2,502,0,11,410660,3393750,505,36,5,-100.0,540,-300.0,320.0,438.63424398922615,3,286.8476102659946,-35,8,8,4.562143760807335
2165,338101,410960.0,3393430.0,38,30,8,0,2585.0,12.2,502,0,11,411525,3393415,503,12,5,-121.0,540,565.0,-15.0,565.1990799709426,1,61.52076966114373,-37,8,8,3.745447129664876
2166,338101,410960.0,3393430.0,38,30,8,0,2585.0,12.2,502,0,11,411535,3393405,502,12,5,-104.0,540,575.0,-25.0,575.5432216610669,0,62.48955292199918,-38,8,8,3.7774472561520342
2167,338101,410960.0,3393430.0,38,30,8,0,2585.0,12.2,502,0,11,411395,3393035,500,0,12,-89.0,540,435.0,-395.0,587.5797818169036,-2,102.24089234137972,-40,8,8,3.8944509345382308
2168,338101,410960.0,3393430.0,38,30,8,0,2585.0,12.2,502,0,11,411390,3393040,500,0,5,-88.0,540,430.0,-390.0,580.5170109479997,-2,102.2072976342867,-40,8,8,3.9416837097412762
2169,338101,410960.0,3393430.0,38,30,8,0,2585.0,12.2,502,0,11,410860,3393710,503,18,6,-100.0,540,-100.0,280.0,297.3213749463701,1,310.3461759419467,-37,8,8,7.093674194171855
2170,338101,410960.0,3393430.0,38,30,8,0,2585.0,12.2,502,0,11,411240,3393515,509,0,5,-95.33,540,280.0,85.0,292.61749776799064,7,43.11320887605598,-31,8,8,6.047378262653376
2171,338101,410960.0,3393430.0,38,30,8,0,2585.0,12.2,502,0,11,411045,3393640,511,0,6,-72.4,540,85.0,210.0,226.55021518418383,9,-7.963773059854532,-29,8,8,7.29458758036336
2172,338101,410960.0,3393430.0,38,30,8,0,2585.0,12.2,502,0,11,411280,3393555,508,21,6,-91.0,540,320.0,125.0,343.5476677260377,6,38.66314070819436,-32,8,8,5.321502924706155
2173,338101,410960.0,3393430.0,38,30,8,0,2585.0,12.2,502,0,11,411060,3393615,507,0,12,-71.5,540,100.0,185.0,210.2974084481309,5,-1.6069805786170264,-33,8,8,8.918163357582673
2174,338101,410960.0,3393430.0,38,30,8,0,2585.0,12.2,502,0,11,411120,3393715,506,0,5,-80.5,540,160.0,285.0,326.84093990808435,4,-0.6899929290838713,-34,8,8,5.9388975432146
2175,338101,410960.0,3393430.0,38,30,8,0,2585.0,12.2,502,0,11,411090,3393665,508,0,6,-75.88,540,130.0,235.0,268.5609800399157,6,-1.0490047925331965,-32,8,8,6.794960308807812
2176,338101,410960.0,3393430.0,38,30,8,0,2585.0,12.2,502,0,11,411165,3393760,507,0,5,-89.5,540,205.0,330.0,388.4906691286163,5,1.8490513190553202,-33,8,8,4.855284472467695
2177,338101,410960.0,3393430.0,38,30,8,0,2585.0,12.2,502,0,11,411160,3393755,507,0,5,-84.75,540,200.0,325.0,381.6084380618437,5,1.6075022462488846,-33,8,8,4.942418626088928
2178,338101,410960.0,3393430.0,38,30,8,0,2585.0,12.2,502,0,11,411055,3393630,509,0,12,-77.0,540,95.0,200.0,221.41589825484527,7,-4.5922818910515275,-31,8,8,7.970060689140853
2179,338101,410960.0,3393430.0,38,30,8,0,2585.0,12.2,502,0,11,411085,3393680,509,0,6,-72.35,540,125.0,250.0,279.5084971874737,7,-3.434948822922024,-31,8,8,6.328750996873351
2180,338101,410960.0,3393430.0,38,30,8,0,2585.0,12.2,502,0,11,411080,3393675,510,0,6,-72.69,540,120.0,245.0,272.8094573140748,8,-3.9045758426116777,-30,8,8,6.275422525981604
2181,338101,410960.0,3393430.0,38,30,8,0,2585.0,12.2,502,0,11,411095,3393670,507,0,6,-70.0,540,135.0,240.0,275.3633962602873,5,-0.6422464572087279,-33,8,8,6.833828481222442
2182,338101,410960.0,3393430.0,38,30,8,0,2585.0,12.2,502,0,11,411105,3393660,505,48,6,-73.75,540,145.0,230.0,271.89152248645047,3,2.2287574350985437,-35,8,8,7.335220724747887
2183,338101,410960.0,3393430.0,38,30,8,0,2585.0,12.2,502,0,11,411130,3393705,505,0,5,-86.67,540,170.0,275.0,323.3032632065442,3,1.7236029576840224,-35,8,8,6.178635073800442
2184,338101,410960.0,3393430.0,38,30,8,0,2585.0,12.2,502,0,11,411050,3393625,509,0,5,-70.0,540,90.0,195.0,214.76731594914529,7,-5.224859431168056,-31,8,8,8.213474149614006
2185,338101,410960.0,3393430.0,38,30,8,0,2585.0,12.2,502,0,11,411100,3393655,506,48,6,-74.0,540,140.0,225.0,265.0,4,1.890791801845694,-34,8,8,7.311213676989076
2186,338101,410960.0,3393430.0,38,30,8,0,2585.0,12.2,502,0,11,411245,3393520,508,0,5,-93.2,540,285.0,90.0,298.8728826775691,6,42.47443162627712,-32,8,8,6.111315939198317
2187,338101,410960.0,3393430.0,38,30,8,0,2585.0,12.2,502,0,11,411210,3393465,508,0,12,-98.0,540,250.0,35.0,252.43811122728675,6,52.030389605678636,-32,8,8,7.224495024149907
2188,338101,410960.0,3393430.0,38,30,8,0,2585.0,12.2,502,0,11,411040,3393635,511,0,6,-78.25,540,80.0,205.0,220.05681084665386,9,-8.682087724538462,-29,8,8,7.507414547405426
2189,338101,410960.0,3393430.0,38,30,8,0,2585.0,12.2,502,0,11,411065,3393620,508,0,12,-75.33,540,105.0,190.0,217.0829334609241,6,-1.0735741647463897,-32,8,8,8.385529697467797
2190,338101,410960.0,3393430.0,38,30,8,0,2585.0,12.2,502,0,11,411255,3393510,508,0,5,-88.5,540,295.0,80.0,305.6550343115585,6,44.82708465447473,-32,8,8,5.976705063787143
2191,338101,410960.0,3393430.0,38,30,8,0,2585.0,12.2,502,0,11,409020,3390235,498,0,12,-96.0,540,-1940.0,-3195.0,3737.8636946790875,-4,181.2660714436212,-42,8,8,0.6437691870969842
2192,338101,410960.0,3393430.0,38,30,8,0,2585.0,12.2,502,0,11,409025,3390240,498,0,5,-104.0,540,-1935.0,-3190.0,3730.995175553032,-4,181.24029112803268,-42,8,8,0.6449542242246935
2193,338101,410960.0,3393430.0,38,30,8,0,2585.0,12.2,502,0,11,409035,3390230,498,0,12,-97.5,540,-1925.0,-3200.0,3734.3841527084487,-4,181.0295381099591,-42,8,8,0.6443689735751351
2194,338101,410960.0,3393430.0,38,30,8,0,2585.0,12.2,502,0,11,409030,3390225,498,0,12,-97.0,540,-1930.0,-3205.0,3741.2464500484325,-4,181.0556818386195,-42,8,8,0.6431871536296845
2195,338101,410960.0,3393430.0,38,30,8,0,2585.0,12.2,502,0,11,410685,3393525,510,21,5,-99.0,540,-275.0,95.0,290.9467305195231,8,259.05770451012836,-30,8,8,5.88705793130097
2196,338101,410960.0,3393430.0,38,30,8,0,2585.0,12.2,502,0,11,409050,3390165,498,21,6,-98.0,540,-1910.0,-3265.0,3782.6346638289033,-4,180.32730726379646,-42,8,8,0.6361502150961823
2197,338101,410960.0,3393430.0,38,30,8,0,2585.0,12.2,502,0,11,411080,3393615,507,0,5,-77.33,540,120.0,185.0,220.51077071199947,5,2.969403903462137,-33,8,8,8.511295478928728
2198,338101,410960.0,3393430.0,38,30,8,0,2585.0,12.2,502,0,11,411235,3393510,509,54,12,-97.33,540,275.0,80.0,286.40006983239374,7,43.7798063043972,-31,8,8,6.177655699753931
2199,338101,410960.0,3393430.0,38,30,8,0,2585.0,12.2,502,0,11,411040,3393655,514,0,6,-71.69,540,80.0,225.0,238.79907872519107,12,-10.42687416958978,-26,8,8,6.213781503870593
2200,338101,410960.0,3393430.0,38,30,8,0,2585.0,12.2,502,0,11,411220,3393515,509,0,5,-92.6,540,260.0,85.0,273.5415873317986,7,41.89623696549336,-31,8,8,6.4656467320214155
2201,338101,410960.0,3393430.0,38,30,8,0,2585.0,12.2,502,0,11,411125,3393740,507,0,12,-76.0,540,165.0,310.0,351.17659375305755,5,-1.975499467929751,-33,8,8,5.3683096034262405
2202,338101,410960.0,3393430.0,38,30,8,0,2585.0,12.2,502,0,11,411055,3393650,511,0,5,-70.64,540,95.0,220.0,239.63513932643517,9,-6.644435140713995,-29,8,8,6.900226636088935
2203,338101,410960.0,3393430.0,38,30,8,0,2585.0,12.2,502,0,11,411060,3393675,513,0,6,-70.14,540,100.0,245.0,264.62237244798484,11,-7.796521467942625,-27,8,8,5.825852830909139
2204,338101,410960.0,3393430.0,38,30,8,0,2585.0,12.2,502,0,11,411070,3393665,511,0,6,-70.89,540,110.0,235.0,259.47061490658245,9,-4.9164059938090645,-29,8,8,6.377255438428776
2205,338101,410960.0,3393430.0,38,30,8,0,2585.0,12.2,502,0,11,411075,3393670,510,0,6,-72.81,540,115.0,240.0,266.1296676434253,8,-4.397812448558227,-30,8,8,6.431630199541778
2206,338101,410960.0,3393430.0,38,30,8,0,2585.0,12.2,502,0,11,411135,3393730,506,0,12,-84.75,540,175.0,300.0,347.3110997362451,4,0.25643716352925594,-34,8,8,5.591151650761467
2207,338101,410960.0,3393430.0,38,30,8,0,2585.0,12.2,502,0,11,411155,3393750,507,0,13,-82.0,540,195.0,320.0,374.73323845103465,5,1.3570852240099498,-33,8,8,5.0326352521394835
2208,338101,410960.0,3393430.0,38,30,8,0,2585.0,12.2,502,0,11,411205,3393500,509,0,12,-98.75,540,245.0,70.0,254.80384612481814,7,44.05460409907715,-31,8,8,6.936640748894277
2209,338101,410960.0,3393430.0,38,30,8,0,2585.0,12.2,502,0,11,411145,3393760,507,0,12,-80.67,540,185.0,330.0,378.3186487605389,5,-0.7247457227474001,-33,8,8,4.985181334733189
2210,338101,410960.0,3393430.0,38,30,8,0,2585.0,12.2,502,0,11,411085,3393620,507,0,5,-78.0,540,125.0,190.0,227.43130831088317,5,3.340707346477018,-33,8,8,8.255928958988944
2211,338101,410960.0,3393430.0,38,30,8,0,2585.0,12.2,502,0,11,411065,3393680,513,0,6,-71.83,540,105.0,250.0,271.15493725912495,11,-7.217594269518315,-27,8,8,5.6864296050508925
2212,338101,410960.0,3393430.0,38,30,8,0,2585.0,12.2,502,0,11,411140,3393755,507,0,12,-76.4,540,180.0,325.0,371.51715976519847,5,-1.0202923020711978,-33,8,8,5.075974179369184
2213,338101,410960.0,3393430.0,38,30,8,0,2585.0,12.2,502,0,11,411045,3393660,514,0,6,-70.0,540,85.0,230.0,245.20399670478457,12,-9.717440911083372,-26,8,8,6.052693539265969
2214,338101,410960.0,3393430.0,38,30,8,0,2585.0,12.2,502,0,11,411100,3393635,506,0,12,-80.0,540,140.0,205.0,248.2438317461282,4,4.330217195503337,-34,8,8,7.798827575815344
2215,338101,410960.0,3393430.0,38,30,8,0,2585.0,12.2,502,0,11,411225,3393520,509,0,5,-91.1,540,265.0,90.0,279.8660393831306,7,41.24134965215774,-31,8,8,6.3207311962578085
2216,338101,410960.0,3393430.0,38,30,8,0,2585.0,12.2,502,0,11,411050,3393645,511,0,6,-70.8,540,90.0,215.0,233.0772404161333,9,-7.2855876468327665,-29,8,8,7.092421958055159
2217,338101,410960.0,3393430.0,38,30,8,0,2585.0,12.2,502,0,11,411200,3393495,509,0,12,-101.0,540,240.0,65.0,248.64633518312712,7,44.84593194968738,-31,8,8,7.106685087479087
2218,338101,410960.0,3393430.0,38,30,8,0,2585.0,12.2,502,0,11,411645,3393230,502,0,13,-102.17,540,685.0,-200.0,713.6000280269053,0,76.27626294205993,-38,8,8,3.0481853199289475
2219,338101,410960.0,3393430.0,38,30,8,0,2585.0,12.2,502,0,11,411250,3393970,504,0,6,-85.67,540,290.0,540.0,612.9437168288782,2,-1.7625544618327353,-36,8,8,3.361289396417888
2220,338101,410960.0,3393430.0,38,30,8,0,2585.0,12.2,502,0,11,409030,3390255,497,0,5,-106.0,540,-1930.0,-3175.0,3715.578689787097,-5,181.2943308671182,-43,8,8,0.6630484087219418
2221,338101,410960.0,3393430.0,38,30,8,0,2585.0,12.2,502,0,11,408975,3390320,497,0,7,-84.0,540,-1985.0,-3110.0,3689.488446925942,-5,182.54861092512402,-43,8,8,0.6677367370420467
2222,338101,410960.0,3393430.0,38,30,8,0,2585.0,12.2,502,0,11,408995,3390325,498,0,7,-92.33,540,-1965.0,-3105.0,3674.540787635919,-4,182.32768406367643,-42,8,8,0.6548622239401126
2223,338101,410960.0,3393430.0,38,30,8,0,2585.0,12.2,502,0,11,408990,3390330,498,0,7,-91.67,540,-1970.0,-3100.0,3672.9960522712245,-4,182.4353001805843,-42,8,8,0.6551376123887748
2224,338101,410960.0,3393430.0,38,30,8,0,2585.0,12.2,502,0,11,411735,3393875,502,0,12,-111.5,540,775.0,445.0,893.6721994109473,0,30.13583550374807,-38,8,8,2.4348176633167817
2225,338101,410960.0,3393430.0,38,30,8,0,2585.0,12.2,502,0,11,410880,3393515,510,0,5,-95.33,540,-80.0,85.0,116.72617529928752,8,286.7357045889284,-30,8,8,14.4137275685254
2226,338101,410960.0,3393430.0,38,30,8,0,2585.0,12.2,502,0,11,410925,3393480,505,21,6,-94.0,540,-35.0,50.0,61.032778078668514,3,295.00797980144137,-35,8,8,29.832647470938927
2227,338101,410960.0,3393430.0,38,30,8,0,2585.0,12.2,502,0,11,410900,3393495,507,0,12,-104.0,540,-60.0,65.0,88.45903006477066,5,287.29061004263855,-33,8,8,20.45823426795641
2228,338101,410960.0,3393430.0,38,30,8,0,2585.0,12.2,502,0,11,410970,3393585,506,0,12,-92.2,540,10.0,155.0,155.32224567009067,4,-26.30861401354872,-34,8,8,12.347274983161372
2229,338101,410960.0,3393430.0,38,30,8,0,2585.0,12.2,502,0,11,411025,3393540,505,0,5,-89.25,540,65.0,110.0,127.76932339180638,3,0.5792268724890164,-35,8,8,15.319301775149327
2230,338101,410960.0,3393430.0,38,30,8,0,2585.0,12.2,502,0,11,411150,3393405,508,0,8,-98.83,540,190.0,-25.0,191.637678967368,6,67.49585763972988,-32,8,8,9.479887792174072
2231,338101,410960.0,3393430.0,38,30,8,0,2585.0,12.2,502,0,11,411020,3393535,505,0,5,-87.83,540,60.0,105.0,120.93386622447825,3,-0.2551187030578035,-35,8,8,16.141203598657285
2232,338101,410960.0,3393430.0,38,30,8,0,2585.0,12.2,502,0,11,411200,3393835,507,0,6,-79.5,540,240.0,405.0,470.7706447942565,5,0.6506679570528604,-33,8,8,4.009750740978719
2233,338101,410960.0,3393430.0,38,30,8,0,2585.0,12.2,502,0,11,410885,3393520,510,0,5,-94.6,540,-75.0,90.0,117.15374513859982,8,290.1944289077348,-30,8,8,14.363302674070406
2234,338101,410960.0,3393430.0,38,30,8,0,2585.0,12.2,502,0,11,410975,3393590,506,24,12,-79.67,540,15.0,160.0,160.70158679988197,4,-24.6441749571448,-34,8,8,11.946031455667557
2235,338101,410960.0,3393430.0,38,30,8,0,2585.0,12.2,502,0,11,411000,3393555,505,0,5,-88.75,540,40.0,125.0,131.24404748406687,3,-12.255328374943076,-35,8,8,14.932064136727819
2236,338101,410960.0,3393430.0,38,30,8,0,2585.0,12.2,502,0,11,410995,3393570,505,24,6,-86.0,540,35.0,140.0,144.30869689661813,3,-15.963756532073546,-35,8,8,13.633022225366409
2237,338101,410960.0,3393430.0,38,30,8,0,2585.0,12.2,502,0,11,410985,3393580,505,24,6,-88.0,540,25.0,150.0,152.0690632574555,3,-20.537677791974374,-35,8,8,12.96139380155953
2238,338101,410960.0,3393430.0,38,30,8,0,2585.0,12.2,502,0,11,411015,3393550,505,0,5,-87.83,540,55.0,120.0,132.00378782444085,3,-5.376435213836373,-35,8,8,14.849931000000733
2239,338101,410960.0,3393430.0,38,30,8,0,2585.0,12.2,502,0,11,410965,3393600,506,0,5,-85.5,540,5.0,170.0,170.07351351694948,4,-28.315315682103687,-34,8,8,11.30516973236951
2240,338101,410960.0,3393430.0,38,30,8,0,2585.0,12.2,502,0,11,411155,3393410,508,0,12,-94.0,540,195.0,-20.0,196.02295783912658,6,65.85601358542897,-32,8,8,9.271534647600115
2241,338101,410960.0,3393430.0,38,30,8,0,2585.0,12.2,502,0,11,410910,3393485,506,21,12,-89.67,540,-50.0,55.0,74.33034373659252,4,287.7263109939063,-34,8,8,24.580185798029675
2242,338101,410960.0,3393430.0,38,30,8,0,2585.0,12.2,502,0,11,410915,3393490,506,0,12,-90.75,540,-45.0,60.0,75.0,4,293.13010235415595,-34,8,8,24.38637110180139
2243,338101,410960.0,3393430.0,38,30,8,0,2585.0,12.2,502,0,11,410895,3393510,509,0,12,-97.5,540,-65.0,80.0,103.07764064044152,7,290.9061411137705,-31,8,8,16.738353730677066
2244,338101,410960.0,3393430.0,38,30,8,0,2585.0,12.2,502,0,11,411140,3393415,508,21,8,-96.0,540,180.0,-15.0,180.62391868188442,6,64.76364169072616,-32,8,8,10.046487703660919
2245,338101,410960.0,3393430.0,38,30,8,0,2585.0,12.2,502,0,11,410850,3393530,512,0,5,-96.75,540,-110.0,100.0,148.66068747318505,10,282.2736890060937,-28,8,8,10.666605914663227
2246,338101,410960.0,3393430.0,38,30,8,0,2585.0,12.2,502,0,11,410865,3393555,511,21,5,-94.86,540,-95.0,125.0,157.00318468107582,9,292.76516601842536,-29,8,8,10.46513083774294
2247,338101,410960.0,3393430.0,38,30,8,0,2585.0,12.2,502,0,11,410855,3393525,512,0,5,-100.75,540,-105.0,95.0,141.59802258506295,10,282.1375947738882,-28,8,8,11.185528892774697
2248,338101,410960.0,3393430.0,38,30,8,0,2585.0,12.2,502,0,11,410835,3393585,515,21,5,-135.0,540,-125.0,155.0,199.12307751739877,13,291.1155035662854,-25,8,8,7.156069766634032
2249,338101,410960.0,3393430.0,38,30,8,0,2585.0,12.2,502,0,11,410900,3393680,510,24,5,-100.0,540,-60.0,250.0,257.0992026436488,8,316.50426671920417,-30,8,8,6.655544807038729
2250,338101,410960.0,3393430.0,38,30,8,0,2585.0,12.2,502,0,11,410895,3393645,509,63,13,-96.0,540,-65.0,215.0,224.61077445216202,7,313.17859010995915,-31,8,8,7.858120401605949
2251,338101,410960.0,3393430.0,38,30,8,0,2585.0,12.2,502,0,11,410885,3393655,508,24,5,-98.0,540,-75.0,225.0,237.17082451262846,6,311.565051177078,-32,8,8,7.684162568632485
2252,338101,410960.0,3393430.0,38,30,8,0,2585.0,12.2,502,0,11,410905,3393675,510,24,5,-87.33,540,-55.0,245.0,251.09759058979438,8,317.347443499442,-30,8,8,6.813144249978668
2253,338101,410960.0,3393430.0,38,30,8,0,2585.0,12.2,502,0,11,411195,3393865,507,0,5,-83.0,540,235.0,435.0,494.41885077330943,5,-1.6207569138920803,-33,8,8,3.8185447140029023
2254,338101,410960.0,3393430.0,38,30,8,0,2585.0,12.2,502,0,11,411185,3393875,507,0,6,-91.5,540,225.0,445.0,498.6481725625794,5,-3.1780187984185204,-33,8,8,3.7862520480925674
2255,338101,410960.0,3393430.0,38,30,8,0,2585.0,12.2,502,0,11,411510,3393265,503,0,11,-100.33,540,550.0,-165.0,574.2168579900803,1,76.69924423399362,-37,8,8,3.6867903417323973
2256,338101,410960.0,3393430.0,38,30,8,0,2585.0,12.2,502,0,11,411425,3393200,500,0,6,-102.0,540,465.0,-230.0,518.7725898695883,-2,86.31808813965176,-40,8,8,4.409071653161537
2257,338101,410960.0,3393430.0,38,30,8,0,2585.0,12.2,502,0,11,411500,3393275,502,0,13,-96.25,540,540.0,-155.0,561.8051263561058,0,76.01543960626566,-38,8,8,3.869541728751542
2258,338101,410960.0,3393430.0,38,30,8,0,2585.0,12.2,502,0,11,411475,3393230,502,0,12,-112.25,540,515.0,-200.0,552.4717187331855,0,81.22365650276623,-38,8,8,3.934709778776016
2259,338101,410960.0,3393430.0,38,30,8,0,2585.0,12.2,502,0,11,411445,3393220,502,0,6,-89.0,540,485.0,-210.0,528.5120623032175,0,83.41211416930264,-38,8,8,4.112487770537452
2260,338101,410960.0,3393430.0,38,30,8,0,2585.0,12.2,502,0,11,411505,3393280,502,0,12,-96.0,540,545.0,-150.0,565.2654243804409,0,75.38846783275898,-38,8,8,3.8459254584957256
2261,338101,410960.0,3393430.0,38,30,8,0,2585.0,12.2,502,0,11,411435,3393190,500,0,5,-91.67,540,475.0,-240.0,532.1888762460185,-2,86.80578832979984,-40,8,8,4.298342499682588
2262,338101,410960.0,3393430.0,38,30,8,0,2585.0,12.2,502,0,11,411450,3393205,501,0,5,-92.0,540,490.0,-225.0,539.1892061234164,-1,84.66381471246359,-39,8,8,4.137046365783902
2263,338101,410960.0,3393430.0,38,30,8,0,2585.0,12.2,502,0,11,411440,3393215,501,0,6,-91.5,540,480.0,-215.0,525.9515186782903,-1,84.12840293026784,-39,8,8,4.240796556167305
2264,338101,410960.0,3393430.0,38,30,8,0,2585.0,12.2,502,0,11,411410,3393165,499,0,6,-99.0,540,450.0,-265.0,522.2307918918608,-3,90.49335840247568,-41,8,8,4.4890464436250355
2265,338101,410960.0,3393430.0,38,30,8,0,2585.0,12.2,502,0,11,411430,3393185,500,0,5,-90.0,540,470.0,-245.0,530.0235843809216,-2,87.53197674872229,-40,8,8,4.315836195872447
2266,338101,410960.0,3393430.0,38,30,8,0,2585.0,12.2,502,0,11,411515,3393270,503,21,11,-97.5,540,555.0,-160.0,577.6028047023318,1,76.08165195681374,-37,8,8,3.6652372133387847
2267,338101,410960.0,3393430.0,38,30,8,0,2585.0,12.2,502,0,11,410945,3393730,512,0,6,-97.0,540,-15.0,300.0,300.3747659175118,10,327.1375947738882,-28,8,8,5.325544428821075
2268,338101,410960.0,3393430.0,38,30,8,0,2585.0,12.2,502,0,11,411035,3393660,515,0,6,-71.5,540,75.0,230.0,241.91940806805889,13,-11.939528063800822,-25,8,8,5.900014317492689
2269,338101,410960.0,3393430.0,38,30,8,0,2585.0,12.2,502,0,11,411175,3393840,507,0,5,-81.0,540,215.0,410.0,462.95248136282845,5,-2.3279217772412153,-33,8,8,4.077239383977913
2270,338101,410960.0,3393430.0,38,30,8,0,2585.0,12.2,502,0,11,411190,3393815,507,0,12,-87.0,540,230.0,385.0,448.4696199298231,5,0.8542045058970302,-33,8,8,4.2084438912896776
2271,338101,410960.0,3393430.0,38,30,8,0,2585.0,12.2,502,0,11,411140,3393765,508,0,12,-80.0,540,180.0,335.0,380.2959373961284,6,-1.7502645050257115,-32,8,8,4.809822681168546
2272,338101,410960.0,3393430.0,38,30,8,0,2585.0,12.2,502,0,11,411030,3393655,515,0,6,-74.0,540,70.0,225.0,235.63743335896356,13,-12.718501628183333,-25,8,8,6.056151776537176
2273,338101,410960.0,3393430.0,38,30,8,0,2585.0,12.2,502,0,11,411170,3393835,507,0,6,-80.0,540,210.0,405.0,456.20718977236646,5,-2.592424562181577,-33,8,8,4.137315942505483
2274,338101,410960.0,3393430.0,38,30,8,0,2585.0,12.2,502,0,11,411160,3393825,507,0,6,-85.5,540,200.0,395.0,442.7471061452576,5,-3.14557865948143,-33,8,8,4.262638881099062
2275,338101,410960.0,3393430.0,38,30,8,0,2585.0,12.2,502,0,11,411145,3393770,508,0,5,-77.0,540,185.0,340.0,387.07234465923807,6,-1.4486081270397904,-32,8,8,4.726002751216618
2276,338101,410960.0,3393430.0,38,30,8,0,2585.0,12.2,502,0,11,411155,3393780,507,0,12,-80.5,540,195.0,350.0,400.65571255131255,5,-0.8759465052226005,-33,8,8,4.708537406281872
2277,338101,410960.0,3393430.0,38,30,8,0,2585.0,12.2,502,0,11,410980,3393605,507,69,12,-87.5,540,20.0,175.0,176.13914953808538,5,-23.480198248343015,-33,8,8,10.61145637748282
2278,338101,410960.0,3393430.0,38,30,8,0,2585.0,12.2,502,0,11,411025,3393650,515,0,6,-74.0,540,65.0,220.0,229.40139493908924,13,-13.539985187959985,-25,8,8,6.219508617115452
2279,338101,410960.0,3393430.0,38,30,8,0,2585.0,12.2,502,0,11,411240,3393895,505,0,10,-82.5,540,280.0,465.0,542.7936993002038,3,1.0542711163527656,-35,8,8,3.689394138898323
2280,338101,410960.0,3393430.0,38,30,8,0,2585.0,12.2,502,0,11,410980,3393475,504,0,11,-82.4,540,20.0,45.0,49.24428900898052,2,-6.037511025421793,-36,8,8,36.16864234757874
2281,338101,410960.0,3393430.0,38,30,8,0,2585.0,12.2,502,0,11,410965,3393460,503,0,11,-85.5,540,5.0,30.0,30.4138126514911,1,-20.537677791974374,-37,8,8,50.57996843609273
2282,338101,410960.0,3393430.0,38,30,8,0,2585.0,12.2,502,0,11,411005,3393500,505,0,6,-86.0,540,45.0,70.0,83.21658488546619,3,2.7352262721075817,-35,8,8,22.811098121724527
2283,338101,410960.0,3393430.0,38,30,8,0,2585.0,12.2,502,0,11,410990,3393465,504,0,5,-83.7,540,30.0,35.0,46.09772228646444,2,10.601294645004486,-36,8,8,37.98804446500309
2284,338101,410960.0,3393430.0,38,30,8,0,2585.0,12.2,502,0,11,411000,3393495,505,0,5,-81.0,540,40.0,65.0,76.32168761236873,3,1.6075022462488846,-35,8,8,24.635491571712013
2285,338101,410960.0,3393430.0,38,30,8,0,2585.0,12.2,502,0,11,410975,3393450,503,0,11,-83.45,540,15.0,20.0,25.0,1,6.869897645844048,-37,8,8,55.95406264339834
2286,338101,410960.0,3393430.0,38,30,8,0,2585.0,12.2,502,0,11,410985,3393480,504,0,11,-82.75,540,25.0,50.0,55.90169943749474,2,-3.434948822922024,-36,8,8,32.781032132924274
2287,338101,410960.0,3393430.0,38,30,8,0,2585.0,12.2,502,0,11,411200,3393855,507,0,5,-85.33,540,240.0,425.0,488.082984747471,5,-0.5463272730790436,-33,8,8,3.8679642105978678
2288,338101,410960.0,3393430.0,38,30,8,0,2585.0,12.2,502,0,11,410935,3393570,506,21,5,-97.0,540,-25.0,140.0,142.21462653327893,4,319.87532834460217,-34,8,8,13.445625178780503
2289,338101,410960.0,3393430.0,38,30,8,0,2585.0,12.2,502,0,11,410960,3393455,503,0,11,-86.0,540,0.0,25.0,25.0,1,-30.0,-37,8,8,55.95406264339834
2290,338101,410960.0,3393430.0,38,30,8,0,2585.0,12.2,502,0,11,410890,3393525,509,0,5,-91.0,540,-70.0,95.0,118.00423721205946,7,293.6156481841641,-31,8,8,14.719154124438962
2291,338101,410960.0,3393430.0,38,30,8,0,2585.0,12.2,502,0,11,410880,3393535,510,21,5,-93.0,540,-80.0,105.0,132.00378782444085,8,292.6960517220166,-30,8,8,12.803910760060285
2292,338101,410960.0,3393430.0,38,30,8,0,2585.0,12.2,502,0,11,410955,3393590,506,21,5,-85.5,540,-5.0,160.0,160.0781059358212,4,328.2100893917539,-34,8,8,11.991215209334827
2293,338101,410960.0,3393430.0,38,30,8,0,2585.0,12.2,502,0,11,410970,3393445,503,0,5,-81.5,540,10.0,15.0,18.027756377319946,1,3.690067525979771,-37,8,8,64.0229587366731
2294,338101,410960.0,3393430.0,38,30,8,0,2585.0,12.2,502,0,11,410890,3393585,509,0,5,-101.0,540,-70.0,155.0,170.07351351694948,7,305.6954507340633,-31,8,8,10.330131821176296
2295,338101,410960.0,3393430.0,38,30,8,0,2585.0,12.2,502,0,11,410900,3393575,509,5,5,-95.0,540,-60.0,145.0,156.92354826475216,7,307.5205656028969,-31,8,8,11.174806682433848
2296,338101,410960.0,3393430.0,38,30,8,0,2585.0,12.2,502,0,11,411000,3393475,504,0,5,-87.0,540,40.0,45.0,60.207972893961475,2,11.633539336570209,-36,8,8,30.876361921883554
2297,338101,410960.0,3393430.0,38,30,8,0,2585.0,12.2,502,0,11,411100,3393375,506,6,6,-102.0,540,140.0,-55.0,150.41608956491322,4,81.44773632710536,-34,8,8,12.737068024135802
2298,338101,410960.0,3393430.0,38,30,8,0,2585.0,12.2,502,0,11,410965,3393520,506,21,6,-90.5,540,5.0,90.0,90.13878188659973,4,-26.82016988013578,-34,8,8,20.666281481832634
2299,338101,410960.0,3393430.0,38,30,8,0,2585.0,12.2,502,0,11,411215,3393910,507,0,6,-82.25,540,255.0,480.0,543.5301279598032,5,-2.020525611519872,-33,8,8,3.4744028006129404
2300,338101,410960.0,3393430.0,38,30,8,0,2585.0,12.2,502,0,11,411040,3393435,504,0,5,-82.0,540,80.0,5.0,80.15609770940699,2,56.42366562500263,-36,8,8,24.185976479696773
2301,338101,410960.0,3393430.0,38,30,8,0,2585.0,12.2,502,0,11,410995,3393490,505,0,11,-88.5,540,35.0,60.0,69.46221994724903,3,0.25643716352925594,-35,8,8,26.74221103541712
2302,338101,410960.0,3393430.0,38,30,8,0,2585.0,12.2,502,0,11,410985,3393500,505,0,11,-87.6,540,25.0,70.0,74.33034373659252,3,-10.346175941946683,-35,8,8,25.214384019224813
2303,338101,410960.0,3393430.0,38,30,8,0,2585.0,12.2,502,0,11,411060,3393415,505,0,11,-97.25,540,100.0,-15.0,101.11874208078342,3,68.53076560994816,-35,8,8,19.092155422861197
2304,338101,410960.0,3393430.0,38,30,8,0,2585.0,12.2,502,0,11,411030,3393445,504,0,5,-87.67,540,70.0,15.0,71.58910531638176,2,47.905242922987895,-36,8,8,26.69644265511436
2305,338101,410960.0,3393430.0,38,30,8,0,2585.0,12.2,502,0,11,411220,3393895,506,0,5,-80.71,540,260.0,465.0,532.7522876534647,4,-0.7887077422718676,-34,8,8,3.6516374036602346
2306,338101,410960.0,3393430.0,38,30,8,0,2585.0,12.2,502,0,11,410935,3393550,506,0,6,-101.5,540,-25.0,120.0,122.57650672131263,4,318.23171106797935,-34,8,8,15.502832619613127
2307,338101,410960.0,3393430.0,38,30,8,0,2585.0,12.2,502,0,11,410915,3393570,508,5,12,-95.5,540,-45.0,140.0,147.05441169852742,6,312.1811110854772,-32,8,8,12.276548153249097
2308,338101,410960.0,3393430.0,38,30,8,0,2585.0,12.2,502,0,11,410950,3393525,506,21,6,-93.0,540,-10.0,95.0,95.524865872714,4,323.99099404250546,-34,8,8,19.592081730799517
2309,338101,410960.0,3393430.0,38,30,8,0,2585.0,12.2,502,0,11,411065,3393420,506,0,5,-98.75,540,105.0,-10.0,105.47511554864494,4,65.44033203100548,-34,8,8,17.86677380510163
2310,338101,410960.0,3393430.0,38,30,8,0,2585.0,12.2,502,0,11,410975,3393510,506,0,5,-84.72,540,15.0,80.0,81.39410298049853,4,-19.38034472384487,-34,8,8,22.671302666267483
2311,338101,410960.0,3393430.0,38,30,8,0,2585.0,12.2,502,0,11,411225,3393900,506,0,10,-81.0,540,265.0,470.0,539.5600059307584,4,-0.5844011669044562,-34,8,8,3.6056864080275064
2312,338101,410960.0,3393430.0,38,30,8,0,2585.0,12.2,502,0,11,410990,3393485,505,0,11,-82.25,540,30.0,55.0,62.64982043070834,3,-1.3895403340347912,-35,8,8,29.19038144035604
2313,338101,410960.0,3393430.0,38,30,8,0,2585.0,12.2,502,0,11,411120,3393355,505,0,5,-90.14,540,160.0,-75.0,176.70597047072292,3,85.11483488614454,-35,8,8,11.203518082255256
2314,338101,410960.0,3393430.0,38,30,8,0,2585.0,12.2,502,0,11,411125,3393360,505,0,5,-92.5,540,165.0,-70.0,179.2344832893492,3,82.98871680208066,-35,8,8,11.049383144781983
2315,338101,410960.0,3393430.0,38,30,8,0,2585.0,12.2,502,0,11,411055,3393430,505,0,5,-91.5,540,95.0,0.0,95.0,3,60.0,-35,8,8,20.224859431168078
2316,338101,410960.0,3393430.0,38,30,8,0,2585.0,12.2,502,0,11,410920,3393555,507,0,6,-99.0,540,-40.0,125.0,131.24404748406687,5,312.2553283749431,-33,8,8,14.113868397011302
2317,338101,410960.0,3393430.0,38,30,8,0,2585.0,12.2,502,0,11,410970,3393505,505,0,5,-86.18,540,10.0,75.0,75.66372975210778,3,-22.40535663140855,-35,8,8,24.82398776281814
2318,338101,410960.0,3393430.0,38,30,8,0,2585.0,12.2,502,0,11,410960,3393515,506,21,6,-93.18,540,0.0,85.0,85.0,4,-30.0,-34,8,8,21.80140948635181
2319,338101,410960.0,3393430.0,38,30,8,0,2585.0,12.2,502,0,11,410955,3393530,506,0,6,-97.0,540,-5.0,100.0,100.12492197250393,4,327.1375947738882,-34,8,8,18.756243795105696
2320,338101,410960.0,3393430.0,38,30,8,0,2585.0,12.2,502,0,11,410980,3393495,505,0,11,-86.38,540,20.0,65.0,68.00735254367721,3,-12.89727103094765,-35,8,8,27.232626066717298
2321,338101,410960.0,3393430.0,38,30,8,0,2585.0,12.2,502,0,11,411115,3393370,505,6,12,-92.0,540,155.0,-60.0,166.20770138594662,3,81.1612598168283,-35,8,8,11.89159748353952
2322,338101,410960.0,3393430.0,38,30,8,0,2585.0,12.2,502,0,11,410880,3393595,510,0,12,-91.5,540,-80.0,165.0,183.3712082089225,8,304.13364320590546,-30,8,8,9.291422568567548
2323,338101,410960.0,3393430.0,38,30,8,0,2585.0,12.2,502,0,11,411185,3393580,509,0,5,-87.0,540,225.0,150.0,270.4163456597992,7,26.30993247402023,-31,8,8,6.5397275019572385
2324,338101,410960.0,3393430.0,38,30,8,0,2585.0,12.2,502,0,11,410960,3393395,501,48,5,-103.0,540,0.0,-35.0,35.0,-1,150.0,-39,8,8,48.09405805891711
2325,338101,410960.0,3393430.0,38,30,8,0,2585.0,12.2,502,0,11,411005,3393440,503,0,11,-92.67,540,45.0,10.0,46.09772228646444,1,47.47119229084848,-37,8,8,38.75201565482781
2326,338101,410960.0,3393430.0,38,30,8,0,2585.0,12.2,502,0,11,411015,3393430,503,0,11,-89.33,540,55.0,0.0,55.0,1,60.0,-37,8,8,33.929797422060645
2327,338101,410960.0,3393430.0,38,30,8,0,2585.0,12.2,502,0,11,411025,3393420,503,48,13,-99.0,540,65.0,-10.0,65.76473218982953,1,68.74616226255523,-37,8,8,29.362609838429034
2328,338101,410960.0,3393430.0,38,30,8,0,2585.0,12.2,502,0,11,411195,3393570,509,0,12,-92.67,540,235.0,140.0,273.5415873317986,7,29.215853473673576,-31,8,8,6.4656467320214155
2329,338101,410960.0,3393430.0,38,30,8,0,2585.0,12.2,502,0,11,411190,3393565,509,0,12,-94.2,540,230.0,135.0,266.6927070618917,7,29.588918732874617,-31,8,8,6.630229567822716
2330,338101,410960.0,3393430.0,38,30,8,0,2585.0,12.2,502,0,11,411010,3393425,503,48,11,-85.5,540,50.0,-5.0,50.24937810560445,1,65.71059313749964,-37,8,8,36.365238410561474
2331,338101,410960.0,3393430.0,38,30,8,0,2585.0,12.2,502,0,11,411180,3393575,508,0,5,-89.5,540,220.0,145.0,263.48624252510797,6,26.611486423888493,-32,8,8,6.9245722311146345
2332,338101,410960.0,3393430.0,38,30,8,0,2585.0,12.2,502,0,11,410870,3393615,510,21,5,-98.0,540,-90.0,185.0,205.73040611440985,8,304.0577045101283,-30,8,8,8.296503881279873
2333,338101,410960.0,3393430.0,38,30,8,0,2585.0,12.2,502,0,11,411380,3393085,499,0,5,-93.5,540,420.0,-345.0,543.5301279598032,-3,99.40066066347947,-41,8,8,4.313811497471558
2334,338101,410960.0,3393430.0,38,30,8,0,2585.0,12.2,502,0,11,410805,3393670,507,69,10,-101.0,540,-155.0,240.0,285.70089254323307,5,297.144278049567,-33,8,8,6.588774900944543
2335,338101,410960.0,3393430.0,38,30,8,0,2585.0,12.2,502,0,11,410815,3393680,505,0,5,-100.0,540,-145.0,250.0,289.0069203323685,3,299.88626684901755,-35,8,8,6.905142546005969
2336,338101,410960.0,3393430.0,38,30,8,0,2585.0,12.2,502,0,11,411300,3393165,501,0,13,-105.0,540,340.0,-265.0,431.07423954581185,-1,97.93327028359892,-39,8,8,5.169570149641716
2337,338101,410960.0,3393430.0,38,30,8,0,2585.0,12.2,502,0,11,411210,3393610,508,0,6,-93.0,540,250.0,180.0,308.05843601498725,6,24.246112745563266,-32,8,8,5.930409785357437
2338,338101,410960.0,3393430.0,38,30,8,0,2585.0,12.2,502,0,11,410960,3393380,501,15,5,-103.5,540,0.0,-50.0,50.0,-1,150.0,-39,8,8,37.95423087513252
2339,338101,410960.0,3393430.0,38,30,8,0,2585.0,12.2,502,0,11,411035,3393425,504,0,11,-89.4,540,75.0,-5.0,75.16648189186454,2,63.81407483429035,-36,8,8,25.591479012087603
2340,338101,410960.0,3393430.0,38,30,8,0,2585.0,12.2,502,0,11,411025,3393435,503,0,5,-94.5,540,65.0,5.0,65.19202405202648,1,55.60129464500449,-37,8,8,29.57725469149606
2341,338101,410960.0,3393430.0,38,30,8,0,2585.0,12.2,502,0,11,411020,3393440,503,0,11,-102.83,540,60.0,10.0,60.8276253029822,1,50.537677791974374,-37,8,8,31.311156133255544
2342,338101,410960.0,3393430.0,38,30,8,0,2585.0,12.2,502,0,11,411030,3393430,504,0,11,-91.5,540,70.0,0.0,70.0,2,60.0,-36,8,8,27.216111557307478
2343,338101,410960.0,3393430.0,38,30,8,0,2585.0,12.2,502,0,11,411195,3393585,509,0,12,-96.5,540,235.0,155.0,281.51376520518494,7,26.592175410291077,-31,8,8,6.284032208615369
2344,338101,410960.0,3393430.0,38,30,8,0,2585.0,12.2,502,0,11,411240,3393925,505,0,10,-80.5,540,280.0,495.0,568.7046685231272,3,-0.5050441823123037,-35,8,8,3.5217333657177488
2345,338101,410960.0,3393430.0,38,30,8,0,2585.0,12.2,502,0,11,411495,3393265,503,0,13,-110.67,540,535.0,-165.0,559.8660554096846,1,77.1403493047577,-37,8,8,3.781021519532327
2346,338101,410960.0,3393430.0,38,30,8,0,2585.0,12.2,502,0,11,411485,3393275,502,0,5,-105.0,540,525.0,-155.0,547.4029594366475,0,76.44860812703985,-38,8,8,3.9710277798424998
2347,338101,410960.0,3393430.0,38,30,8,0,2585.0,12.2,502,0,11,411435,3393165,500,0,12,-98.0,540,475.0,-265.0,543.9209501388966,-2,89.156917882313,-40,8,8,4.205965987259133
2348,338101,410960.0,3393430.0,38,30,8,0,2585.0,12.2,502,0,11,411490,3393270,503,0,5,-101.75,540,530.0,-160.0,553.6244214266563,1,76.79837178130532,-37,8,8,3.823523507671902
2349,338101,410960.0,3393430.0,38,30,8,0,2585.0,12.2,502,0,11,411425,3393175,500,0,5,-92.5,540,465.0,-255.0,530.3300858899106,-2,88.73979529168804,-40,8,8,4.313351297065611
2350,338101,410960.0,3393430.0,38,30,8,0,2585.0,12.2,502,0,11,411355,3393085,499,0,6,-89.0,540,395.0,-345.0,524.4520950477746,-3,101.13453883014824,-41,8,8,4.470110427146689
2351,338101,410960.0,3393430.0,38,30,8,0,2585.0,12.2,502,0,11,411410,3393190,500,51,8,-92.0,540,450.0,-240.0,510.0,-2,88.07248693585296,-40,8,8,4.484606009544626
2352,338101,410960.0,3393430.0,38,30,8,0,2585.0,12.2,502,0,11,411400,3393200,499,51,8,-95.0,540,440.0,-230.0,496.4876634922564,-3,87.59729586864376,-41,8,8,4.720779467812722
2353,338101,410960.0,3393430.0,38,30,8,0,2585.0,12.2,502,0,11,411175,3393270,504,0,8,-104.0,540,215.0,-160.0,268.00186566514793,2,96.65610841596691,-36,8,8,7.650598327018486
2354,338101,410960.0,3393430.0,38,30,8,0,2585.0,12.2,502,0,11,410835,3393530,515,0,5,-93.5,540,-125.0,100.0,160.0781059358212,13,278.6598082540901,-25,8,8,8.876395080973342
2355,338101,410960.0,3393430.0,38,30,8,0,2585.0,12.2,502,0,11,410830,3393525,516,0,5,-100.0,540,-130.0,95.0,161.01242188104618,14,276.15818543980834,-24,8,8,8.477907371410234
2356,338101,410960.0,3393430.0,38,30,8,0,2585.0,12.2,502,0,11,411650,3392615,504,0,5,-101.0,540,690.0,-815.0,1067.8600095518138,2,109.74788810863402,-36,8,8,1.930840338775742
2357,338101,410960.0,3393430.0,38,30,8,0,2585.0,12.2,502,0,11,410940,3393275,499,0,5,-105.0,540,-20.0,-155.0,156.28499608087785,-3,157.35237935989235,-41,8,8,14.699793789636727
2358,338101,410960.0,3393430.0,38,30,8,0,2585.0,12.2,502,0,11,411540,3393280,502,0,5,-113.67,540,580.0,-150.0,599.0826320300064,0,74.50016676655258,-38,8,8,3.629426996945946
2359,338101,410960.0,3393430.0,38,30,8,0,2585.0,12.2,502,0,11,411595,3393225,502,0,5,-100.5,540,635.0,-205.0,667.2705598181295,0,77.89187712919824,-38,8,8,3.259383280780902
2360,338101,410960.0,3393430.0,38,30,8,0,2585.0,12.2,502,0,11,411550,3393285,502,0,5,-110.0,540,590.0,-145.0,607.5565817271672,0,73.8075190162013,-38,8,8,3.578937740310768
2361,338101,410960.0,3393430.0,38,30,8,0,2585.0,12.2,502,0,11,411525,3393320,501,0,5,-86.17,540,565.0,-110.0,575.6083738098326,-1,71.01711161878922,-39,8,8,3.876117096505689
2362,338101,410960.0,3393430.0,38,30,8,0,2585.0,12.2,502,0,11,411520,3393315,501,0,12,-108.4,540,560.0,-115.0,571.6861026822324,-1,71.60476235637884,-39,8,8,3.9026287814388083
2363,338101,410960.0,3393430.0,38,30,8,0,2585.0,12.2,502,0,11,411535,3393310,501,0,12,-114.5,540,575.0,-120.0,587.3882872512867,-1,71.78818329910763,-39,8,8,3.7986125186931856
2364,338101,410960.0,3393430.0,38,30,8,0,2585.0,12.2,502,0,11,411530,3393305,501,0,12,-86.0,540,570.0,-125.0,583.5451996203893,-1,72.36906152592553,-39,8,8,3.82355529761571
2365,338101,410960.0,3393430.0,38,30,8,0,2585.0,12.2,502,0,11,411060,3393560,505,30,5,-85.0,540,100.0,130.0,164.01219466856725,3,7.5685920288274815,-35,8,8,12.046160932249368
2366,338101,410960.0,3393430.0,38,30,8,0,2585.0,12.2,502,0,11,411160,3393500,508,0,5,-95.0,540,200.0,70.0,211.8962010041709,6,40.70995378081125,-32,8,8,8.58776355651017
2367,338101,410960.0,3393430.0,38,30,8,0,2585.0,12.2,502,0,11,411140,3393480,508,0,12,-94.5,540,180.0,50.0,186.81541692269406,6,44.475889003245754,-32,8,8,9.719980858790157
2368,338101,410960.0,3393430.0,38,30,8,0,2585.0,12.2,502,0,11,410955,3393425,502,0,11,-83.0,540,-5.0,-5.0,7.0710678118654755,0,195.0,-38,8,8,79.45892120141083
2369,338101,410960.0,3393430.0,38,30,8,0,2585.0,12.2,502,0,11,411070,3393550,506,0,5,-90.0,540,110.0,120.0,162.78820596099706,4,12.510447078000823,-34,8,8,11.797225084985099
2370,338101,410960.0,3393430.0,38,30,8,0,2585.0,12.2,502,0,11,409125,3390110,496,0,6,-100.0,540,-1835.0,-3320.0,3793.365919602273,-6,178.92990473743293,-44,8,8,0.6645552527446525
2371,338101,410960.0,3393430.0,38,30,8,0,2585.0,12.2,502,0,11,409130,3390115,496,0,5,-97.33,540,-1830.0,-3315.0,3786.5716684093013,-6,178.90028725152266,-44,8,8,0.6657475579979121
2372,338101,410960.0,3393430.0,38,30,8,0,2585.0,12.2,502,0,11,409015,3390320,497,0,5,-95.0,540,-1945.0,-3110.0,3668.1228169187575,-5,182.02194028882855,-43,8,8,0.6716257325056565
2373,338101,410960.0,3393430.0,38,30,8,0,2585.0,12.2,502,0,11,411040,3393715,518,18,6,-87.0,540,80.0,285.0,296.0152023123137,16,-14.320475877580748,-22,8,8,4.25043707584714
2374,338101,410960.0,3393430.0,38,30,8,0,2585.0,12.2,502,0,11,411065,3393700,513,18,6,-69.5,540,105.0,270.0,289.69811873741946,11,-8.749494492866745,-27,8,8,5.324611859752138
2375,338101,410960.0,3393430.0,38,30,8,0,2585.0,12.2,502,0,11,411230,3393525,509,0,5,-92.55,540,270.0,95.0,286.2254356272342,7,40.61548432064217,-31,8,8,6.18139569139726
2376,338101,410960.0,3393430.0,38,30,8,0,2585.0,12.2,502,0,11,411235,3393530,509,0,5,-91.9,540,275.0,100.0,292.61749776799064,7,40.01689347810003,-31,8,8,6.047378262653376
2377,338101,410960.0,3393430.0,38,30,8,0,2585.0,12.2,502,0,11,411505,3393340,500,100,6,-106.67,540,545.0,-90.0,552.3812089490373,-2,69.37706069430436,-40,8,8,4.141773413429478
2378,338101,410960.0,3393430.0,38,30,8,0,2585.0,12.2,502,0,11,411515,3393330,500,0,5,-139.5,540,555.0,-100.0,563.9370532249145,-2,70.21397298507048,-40,8,8,4.057189163169041
2379,338101,410960.0,3393430.0,38,30,8,0,2585.0,12.2,502,0,11,411210,3393545,509,0,12,-92.93,540,250.0,115.0,275.1817581163403,7,35.29756977222871,-31,8,8,6.427432873195955
2380,338101,410960.0,3393430.0,38,30,8,0,2585.0,12.2,502,0,11,411070,3393685,512,0,6,-69.71,540,110.0,255.0,277.71388153997634,10,-6.665958723290203,-28,8,8,5.757287764342292
2381,338101,410960.0,3393430.0,38,30,8,0,2585.0,12.2,502,0,11,411110,3393725,507,0,11,-72.14,540,150.0,295.0,330.94561486745823,5,-3.047821068771043,-33,8,8,5.694383578691763
2382,338101,410960.0,3393430.0,38,30,8,0,2585.0,12.2,502,0,11,411115,3393730,507,0,11,-77.33,540,155.0,300.0,337.6758800980609,5,-2.6761086986534792,-33,8,8,5.581611934891111
2383,338101,410960.0,3393430.0,38,30,8,0,2585.0,12.2,502,0,11,411510,3393325,500,0,6,-98.67,540,550.0,-105.0,559.933031710043,-2,70.80823094031979,-40,8,8,4.08610376689787
2384,338101,410960.0,3393430.0,38,30,8,0,2585.0,12.2,502,0,11,411205,3393560,509,0,6,-91.75,540,245.0,130.0,277.35356496717327,7,32.04903097210985,-31,8,8,6.3775193946963045
2385,338101,410960.0,3393430.0,38,30,8,0,2585.0,12.2,502,0,11,411200,3393555,509,0,5,-90.83,540,240.0,125.0,270.60118255469615,7,32.48799737614854,-31,8,8,6.535299131553575
2386,338101,410960.0,3393430.0,38,30,8,0,2585.0,12.2,502,0,11,411220,3393535,509,0,5,-92.09,540,260.0,105.0,280.40149785619906,7,38.00887008282285,-31,8,8,6.308758456800947
2387,338101,410960.0,3393430.0,38,30,8,0,2585.0,12.2,502,0,11,411225,3393540,509,0,5,-94.0,540,265.0,110.0,286.9233347080715,7,37.45693899994211,-31,8,8,6.166476325524317
2388,338101,410960.0,3393430.0,38,30,8,0,2585.0,12.2,502,0,11,411060,3393695,514,18,6,-80.0,540,100.0,265.0,283.24018076537095,12,-9.325575239126124,-26,8,8,5.24476117164997
2389,338101,410960.0,3393430.0,38,30,8,0,2585.0,12.2,502,0,11,411215,3393550,509,0,12,-93.0,540,255.0,120.0,281.82441342083905,7,34.79887635452491,-31,8,8,6.277160796189407
2390,338101,410960.0,3393430.0,38,30,8,0,2585.0,12.2,502,0,11,411075,3393690,511,0,6,-71.0,540,115.0,260.0,284.29737951659,9,-6.139824808657636,-29,8,8,5.824360072634442
2391,338101,410960.0,3393430.0,38,30,8,0,2585.0,12.2,502,0,11,411250,3393585,508,9,6,-93.67,540,290.0,155.0,328.8236609491476,6,31.876264616711182,-32,8,8,5.558327681288381
2392,338101,410960.0,3393430.0,38,30,8,0,2585.0,12.2,502,0,11,411255,3393980,503,0,6,-82.33,540,295.0,550.0,624.1193796061776,1,-1.7925091209847324,-37,8,8,3.392725165806812
2393,338101,410960.0,3393430.0,38,30,8,0,2585.0,12.2,502,0,11,411230,3393955,506,0,6,-79.0,540,270.0,525.0,590.3600596246328,4,-2.7838884426925006,-34,8,8,3.296135898271772
2394,338101,410960.0,3393430.0,38,30,8,0,2585.0,12.2,502,0,11,411245,3393970,504,0,6,-81.0,540,285.0,540.0,610.5939731114286,2,-2.1759036157467335,-36,8,8,3.3741947889769177
2395,338101,410960.0,3393430.0,38,30,8,0,2585.0,12.2,502,0,11,411240,3393965,505,0,6,-82.5,540,280.0,535.0,603.8418667167755,3,-2.3740371326578042,-35,8,8,3.3172775382458304
2396,338101,410960.0,3393430.0,38,30,8,0,2585.0,12.2,502,0,11,409130,3390125,496,0,6,-103.0,540,-1830.0,-3305.0,3777.820138651389,-6,178.97358428231863,-44,8,8,0.6672896598253378
2397,338101,410960.0,3393430.0,38,30,8,0,2585.0,12.2,502,0,11,408985,3390320,497,0,7,-90.5,540,-1975.0,-3110.0,3684.117940565964,-5,182.41751665175562,-43,8,8,0.6687100389396332
2398,338101,410960.0,3393430.0,38,30,8,0,2585.0,12.2,502,0,11,411060,3393650,511,0,5,-72.5,540,100.0,220.0,241.66091947189145,9,-5.556045219583439,-29,8,8,6.842934604816415
2399,338101,410960.0,3393430.0,38,30,8,0,2585.0,12.2,502,0,11,411205,3393505,509,0,12,-93.2,540,245.0,75.0,256.2225595063791,7,42.97947438848013,-31,8,8,6.898603466967941
2400,338101,410960.0,3393430.0,38,30,8,0,2585.0,12.2,502,0,11,411065,3393645,510,0,12,-70.83,540,105.0,215.0,239.26972228010797,8,-3.9704078084865273,-30,8,8,7.14653817687412
2401,338101,410960.0,3393430.0,38,30,8,0,2585.0,12.2,502,0,11,411090,3393640,507,0,12,-72.8,540,130.0,210.0,246.9817807045694,5,1.7594800848128216,-33,8,8,7.610391939104103
2402,338101,410960.0,3393430.0,38,30,8,0,2585.0,12.2,502,0,11,411055,3393675,514,0,6,-71.33,540,95.0,245.0,262.77366686941826,12,-8.805943518457696,-26,8,8,5.650708014232377
2403,338101,410960.0,3393430.0,38,30,8,0,2585.0,12.2,502,0,11,411040,3393670,516,0,6,-76.2,540,80.0,240.0,252.98221281347034,14,-11.565051177077976,-24,8,8,5.419335736411587
2404,338101,410960.0,3393430.0,38,30,8,0,2585.0,12.2,502,0,11,411045,3393665,515,0,6,-71.0,540,85.0,235.0,249.899979991996,13,-10.114834886144536,-25,8,8,5.7128636306758604
2405,338101,410960.0,3393430.0,38,30,8,0,2585.0,12.2,502,0,11,411125,3393745,507,0,5,-73.43,540,165.0,315.0,355.59808773389096,5,-2.354024636261329,-33,8,8,5.301943002181075
2406,338101,410960.0,3393430.0,38,30,8,0,2585.0,12.2,502,0,11,411070,3393660,510,0,6,-73.36,540,110.0,230.0,254.95097567963924,8,-4.440034828176181,-30,8,8,6.711115269369334
2407,338101,410960.0,3393430.0,38,30,8,0,2585.0,12.2,502,0,11,411150,3393740,507,0,5,-85.5,540,190.0,310.0,363.59317925395686,5,1.5042667192041677,-33,8,8,5.1860007720781045
2408,338101,410960.0,3393430.0,38,30,8,0,2585.0,12.2,502,0,11,411075,3393655,509,0,5,-73.07,540,115.0,225.0,252.68557536986555,7,-2.9279197620072637,-31,8,8,6.9942172059857155
2409,338101,410960.0,3393430.0,38,30,8,0,2585.0,12.2,502,0,11,411215,3393515,509,0,5,-96.67,540,255.0,85.0,268.79360111431225,7,41.565051177077976,-31,8,8,6.57886366772556
2410,338101,410960.0,3393430.0,38,30,8,0,2585.0,12.2,502,0,11,411470,3393420,502,0,5,-109.33,540,510.0,-10.0,510.09802979427394,0,61.12330271407541,-38,8,8,4.260407345219333
2411,338101,410960.0,3393430.0,38,30,8,0,2585.0,12.2,502,0,11,411085,3393625,507,0,13,-76.4,540,125.0,195.0,231.62469643800938,5,2.66091272167381,-33,8,8,8.108467287350246
2412,338101,410960.0,3393430.0,38,30,8,0,2585.0,12.2,502,0,11,411140,3393730,506,0,12,-78.67,540,180.0,300.0,349.85711369071805,4,0.9637565320735462,-34,8,8,5.5507182121273235
2413,338101,410960.0,3393430.0,38,30,8,0,2585.0,12.2,502,0,11,411095,3393635,506,0,12,-74.2,540,135.0,205.0,245.45875417267155,4,3.366366001059532,-34,8,8,7.8862090757682894
2414,338101,410960.0,3393430.0,38,30,8,0,2585.0,12.2,502,0,11,411210,3393520,509,0,5,-94.5,540,250.0,90.0,265.70660511172844,7,40.20112364547509,-31,8,8,6.654615675824447
2415,338101,410960.0,3393430.0,38,30,8,0,2585.0,12.2,502,0,11,411080,3393630,507,0,13,-80.0,540,120.0,200.0,233.23807579381202,5,0.9637565320735462,-33,8,8,8.053116824523677
2416,338101,410960.0,3393430.0,38,30,8,0,2585.0,12.2,502,0,11,411050,3393680,516,0,6,-70.5,540,90.0,250.0,265.70660511172844,14,-10.201123645475093,-24,8,8,5.161246416015057
2417,338101,410960.0,3393430.0,38,30,8,0,2585.0,12.2,502,0,11,411210,3393575,509,0,5,-95.5,540,250.0,145.0,289.0069203323685,7,29.886266849017545,-31,8,8,6.122358170258641
2418,338101,410960.0,3393430.0,38,30,8,0,2585.0,12.2,502,0,11,411080,3393685,510,0,6,-71.89,540,120.0,255.0,281.82441342083905,8,-4.798876354524907,-30,8,8,6.076211468268176
2419,338101,410960.0,3393430.0,38,30,8,0,2585.0,12.2,502,0,11,411240,3393525,509,0,5,-93.44,540,280.0,95.0,295.67718883945037,7,41.25865955480731,-31,8,8,5.985256122077433
2420,338101,410960.0,3393430.0,38,30,8,0,2585.0,12.2,502,0,11,411300,3393505,507,0,5,-94.5,540,340.0,75.0,348.1738071710737,5,47.56043798115343,-33,8,8,5.41433402874686
2421,338101,410960.0,3393430.0,38,30,8,0,2585.0,12.2,502,0,11,411295,3393500,507,0,12,-91.33,540,335.0,70.0,342.23529917295207,5,48.19756579221644,-33,8,8,5.507711384046576
2422,338101,410960.0,3393430.0,38,30,8,0,2585.0,12.2,502,0,11,411480,3393285,502,21,6,-92.5,540,520.0,-145.0,539.8379386445529,0,75.58092384825159,-38,8,8,4.026494012635526
2423,338101,410960.0,3393430.0,38,30,8,0,2585.0,12.2,502,0,11,411245,3393530,508,0,5,-91.88,540,285.0,100.0,302.03476621077914,6,40.665191462173595,-32,8,8,6.0478155978423045
2424,338101,410960.0,3393430.0,38,30,8,0,2585.0,12.2,502,0,11,411515,3393320,501,0,12,-93.67,540,555.0,-110.0,565.795899596312,-1,71.21063312887668,-39,8,8,3.943129488211139
2425,338101,410960.0,3393430.0,38,30,8,0,2585.0,12.2,502,0,11,411200,3393565,509,0,5,-90.33,540,240.0,135.0,275.3633962602873,7,30.642246457208728,-31,8,8,6.423228586560932
2426,338101,410960.0,3393430.0,38,30,8,0,2585.0,12.2,502,0,11,411500,3393305,501,5,5,-91.33,540,540.0,-125.0,554.2788107081128,-1,73.03335632591381,-39,8,8,4.024795313993191
2427,338101,410960.0,3393430.0,38,30,8,0,2585.0,12.2,502,0,11,411100,3393705,507,0,11,-74.38,540,140.0,275.0,308.58548248418947,5,-3.019769281777144,-33,8,8,6.10398823349903
2428,338101,410960.0,3393430.0,38,30,8,0,2585.0,12.2,502,0,11,411095,3393700,508,0,5,-72.4,540,135.0,270.0,301.8691769624716,6,-3.434948822922024,-32,8,8,6.051108498272414
2429,338101,410960.0,3393430.0,38,30,8,0,2585.0,12.2,502,0,11,411505,3393310,501,0,5,-93.5,540,545.0,-120.0,558.0546568213547,-1,72.41744579007633,-39,8,8,3.9976517938244345
2430,338101,410960.0,3393430.0,38,30,8,0,2585.0,12.2,502,0,11,411090,3393695,509,0,5,-71.75,540,130.0,265.0,295.16944286290885,7,-3.8689994550614415,-31,8,8,5.995476939601638
2431,338101,410960.0,3393430.0,38,30,8,0,2585.0,12.2,502,0,11,411105,3393710,507,0,11,-74.8,540,145.0,280.0,315.3173005085512,5,-2.6222972286682875,-33,8,8,5.974624863482742
2432,338101,410960.0,3393430.0,38,30,8,0,2585.0,12.2,502,0,11,411110,3393715,506,0,11,-74.5,540,150.0,285.0,322.0636583037583,4,-2.2414593989399805,-34,8,8,6.026347676946939
2433,338101,410960.0,3393430.0,38,30,8,0,2585.0,12.2,502,0,11,411115,3393720,506,0,11,-79.2,540,155.0,290.0,328.8236609491476,4,-1.8762646167111825,-34,8,8,5.903341191786469
2434,338101,410960.0,3393430.0,38,30,8,0,2585.0,12.2,502,0,11,411085,3393690,509,0,6,-71.55,540,125.0,260.0,288.4874347350331,7,-4.323184318161793,-31,8,8,6.133298880805076
2435,338101,410960.0,3393430.0,38,30,8,0,2585.0,12.2,502,0,11,411260,3393545,508,0,11,-92.83,540,300.0,115.0,321.2864765283469,6,39.02650657867923,-32,8,8,5.6878773459376895
2436,338101,410960.0,3393430.0,38,30,8,0,2585.0,12.2,502,0,11,411250,3393535,508,0,11,-93.5,540,290.0,105.0,308.4234102658227,6,40.09625046269218,-32,8,8,5.92344193505777
2437,338101,410960.0,3393430.0,38,30,8,0,2585.0,12.2,502,0,11,411490,3393295,502,0,6,-109.33,540,530.0,-135.0,546.9232121605372,0,74.29032508181774,-38,8,8,3.9744999068509483
2438,338101,410960.0,3393430.0,38,30,8,0,2585.0,12.2,502,0,11,411290,3393495,507,0,5,-93.6,540,330.0,65.0,336.34060117684277,5,48.857110141660655,-33,8,8,5.603630288031412
2439,338101,410960.0,3393430.0,38,30,8,0,2585.0,12.2,502,0,11,411205,3393570,509,0,5,-92.8,540,245.0,140.0,282.17902119044925,7,30.255118703057803,-31,8,8,6.269335287726856
2440,338101,410960.0,3393430.0,38,30,8,0,2585.0,12.2,502,0,11,411255,3393540,508,0,11,-92.8,540,295.0,110.0,314.8412298286233,6,39.55045238920741,-32,8,8,5.803529358138339
2441,338101,410960.0,3393430.0,38,30,8,0,2585.0,12.2,502,0,11,411265,3393510,508,0,5,-90.0,540,305.0,80.0,315.3173005085512,6,45.30268072048807,-32,8,8,5.794826780024982
2442,338101,410960.0,3393430.0,38,30,8,0,2585.0,12.2,502,0,11,411120,3393685,504,0,11,-81.0,540,160.0,255.0,301.0398644698074,2,2.106255955117831,-36,8,8,6.819359788641057
2443,338101,410960.0,3393430.0,38,30,8,0,2585.0,12.2,502,0,11,411095,3393660,507,0,6,-75.33,540,135.0,230.0,266.6927070618917,5,0.4110812671253825,-33,8,8,7.053805776878009
2444,338101,410960.0,3393430.0,38,30,8,0,2585.0,12.2,502,0,11,411075,3393640,508,0,12,-71.15,540,115.0,210.0,239.42639787625757,6,-1.2940474565988893,-32,8,8,7.61262499357412
2445,338101,410960.0,3393430.0,38,30,8,0,2585.0,12.2,502,0,11,411085,3393650,508,0,12,-73.2,540,125.0,220.0,253.03161857759991,6,-0.39554925399511376,-32,8,8,7.207727772834319
2446,338101,410960.0,3393430.0,38,30,8,0,2585.0,12.2,502,0,11,411090,3393655,507,0,6,-72.91,540,130.0,225.0,259.8557292037257,5,0.01836742760906418,-33,8,8,7.237453022640406
2447,338101,410960.0,3393430.0,38,30,8,0,2585.0,12.2,502,0,11,411065,3393630,508,0,12,-75.33,540,105.0,200.0,225.88713996153035,6,-2.3005271919449797,-32,8,8,8.0630775358225
2448,338101,410960.0,3393430.0,38,30,8,0,2585.0,12.2,502,0,11,411080,3393645,508,0,12,-73.9,540,120.0,215.0,246.22144504490262,6,-0.8323866204221986,-32,8,8,7.4049011685770445
2449,338101,410960.0,3393430.0,38,30,8,0,2585.0,12.2,502,0,11,411055,3393620,508,0,12,-72.67,540,95.0,190.0,212.42645786248002,6,-3.434948822922024,-32,8,8,8.566645307161172
2450,338101,410960.0,3393430.0,38,30,8,0,2585.0,12.2,502,0,11,411070,3393635,508,0,12,-70.0,540,110.0,205.0,232.64780248263682,6,-1.7826441452706945,-32,8,8,7.831717665408843
2451,338101,410960.0,3393430.0,38,30,8,0,2585.0,12.2,502,0,11,411100,3393665,506,0,6,-81.5,540,140.0,235.0,273.5415873317986,4,0.784146526326424,-34,8,8,7.085271429633381
2452,338101,410960.0,3393430.0,38,30,8,0,2585.0,12.2,502,0,11,411050,3393615,508,0,6,-74.75,540,90.0,185.0,205.73040611440985,6,-4.057704510128303,-32,8,8,8.841132688639538
2453,338101,410960.0,3393430.0,38,30,8,0,2585.0,12.2,502,0,11,411270,3393515,508,0,12,-95.2,540,310.0,85.0,321.4420632089086,6,44.666715206946435,-32,8,8,5.68514229807035
2454,338101,410960.0,3393430.0,38,30,8,0,2585.0,12.2,502,0,11,411060,3393625,508,0,12,-76.25,540,100.0,195.0,219.14607000811125,6,-2.850318302216806,-32,8,8,8.307691637676191
2455,338101,410960.0,3393430.0,38,30,8,0,2585.0,12.2,502,0,11,411040,3393605,507,0,5,-71.33,540,80.0,175.0,192.41881404893857,5,-5.43282867939871,-33,8,8,9.731604377006152
2456,338101,410960.0,3393430.0,38,30,8,0,2585.0,12.2,502,0,11,411045,3393610,507,0,5,-74.4,540,85.0,180.0,199.06029237394384,5,-4.722277764447028,-33,8,8,9.412825584267821
2457,338101,410960.0,3393430.0,38,30,8,0,2585.0,12.2,502,0,11,411260,3393505,508,0,5,-91.0,540,300.0,75.0,309.23292192132453,6,45.963756532073546,-32,8,8,5.90804534119788
2458,338101,410960.0,3393430.0,38,30,8,0,2585.0,12.2,502,0,11,411270,3393520,508,0,12,-95.25,540,310.0,90.0,322.80024783137947,6,43.81079374297303,-32,8,8,5.661377732316299
2459,338101,410960.0,3393430.0,38,30,8,0,2585.0,12.2,502,0,11,411080,3393650,508,0,12,-74.55,540,120.0,220.0,250.59928172283335,6,-1.3895403340347912,-32,8,8,7.276940205640297
2460,338101,410960.0,3393430.0,38,30,8,0,2585.0,12.2,502,0,11,411075,3393635,508,0,5,-71.67,540,115.0,205.0,235.05318547086316,6,-0.7086378290157427,-32,8,8,7.75255247330304
2461,338101,410960.0,3393430.0,38,30,8,0,2585.0,12.2,502,0,11,411100,3393670,506,0,6,-70.67,540,140.0,240.0,277.8488797889961,4,0.25643716352925594,-34,8,8,6.976524365904833
2462,338101,410960.0,3393430.0,38,30,8,0,2585.0,12.2,502,0,11,411090,3393660,507,0,6,-71.67,540,130.0,230.0,264.1968962724581,5,-0.5241109967542457,-33,8,8,7.119760849099699
2463,338101,410960.0,3393430.0,38,30,8,0,2585.0,12.2,502,0,11,411070,3393640,509,0,12,-75.17,540,110.0,210.0,237.06539182259397,7,-2.354024636261329,-31,8,8,7.450044965900322
2464,338101,410960.0,3393430.0,38,30,8,0,2585.0,12.2,502,0,11,411280,3393530,508,0,12,-98.0,540,320.0,100.0,335.2610922848042,6,42.64597536373867,-32,8,8,5.452250222178415
2465,338101,410960.0,3393430.0,38,30,8,0,2585.0,12.2,502,0,11,411065,3393625,508,0,12,-73.67,540,105.0,195.0,221.472345903501,6,-1.6992442339936247,-32,8,8,8.221629372347543
2466,338101,410960.0,3393430.0,38,30,8,0,2585.0,12.2,502,0,11,411085,3393645,508,0,12,-71.5,540,125.0,215.0,248.69660230891776,6,0.17352002964435087,-32,8,8,7.332009656027347
2467,338101,410960.0,3393430.0,38,30,8,0,2585.0,12.2,502,0,11,411055,3393615,508,0,12,-72.75,540,95.0,185.0,207.9663434308542,6,-2.8188889145228018,-32,8,8,8.747555820524887
2468,338101,410960.0,3393430.0,38,30,8,0,2585.0,12.2,502,0,11,411265,3393505,508,0,5,-94.0,540,305.0,75.0,314.0859754907882,6,46.18497465873838,-32,8,8,5.817388986693223
2469,338101,410960.0,3393430.0,38,30,8,0,2585.0,12.2,502,0,11,411275,3393515,508,0,12,-92.75,540,315.0,85.0,326.266762021509,6,44.89890183861456,-32,8,8,5.601611405981905
2470,338101,410960.0,3393430.0,38,30,8,0,2585.0,12.2,502,0,11,411095,3393655,507,0,6,-75.57,540,135.0,225.0,262.39283526803854,5,0.9637565320735462,-33,8,8,7.168204705597946
2471,338101,410960.0,3393430.0,38,30,8,0,2585.0,12.2,502,0,11,411110,3393680,504,0,6,-73.0,540,150.0,250.0,291.547594742265,2,0.9637565320735462,-36,8,8,7.03919313257408
2472,338101,410960.0,3393430.0,38,30,8,0,2585.0,12.2,502,0,11,411105,3393665,505,0,6,-77.0,540,145.0,235.0,276.1340254296815,3,1.6754687381092026,-35,8,8,7.223722534519979
2473,338101,410960.0,3393430.0,38,30,8,0,2585.0,12.2,502,0,11,411045,3393605,507,0,5,-78.5,540,85.0,175.0,194.5507645834372,5,-4.093492000485639,-33,8,8,9.62696882355282
2474,338101,410960.0,3393430.0,38,30,8,0,2585.0,12.2,502,0,11,411050,3393620,508,0,12,-75.38,540,90.0,190.0,210.23796041628637,6,-4.653824058053317,-32,8,8,8.654477391962008
2475,338101,410960.0,3393430.0,38,30,8,0,2585.0,12.2,502,0,11,410975,3393610,508,69,12,-91.0,540,15.0,180.0,180.62391868188442,6,-25.23635830927384,-32,8,8,10.046487703660919
2476,338101,410960.0,3393430.0,38,30,8,0,2585.0,12.2,502,0,11,411190,3393825,507,0,5,-88.5,540,230.0,395.0,457.083143421413,5,0.21132238583481922,-33,8,8,4.129414648811293
2477,338101,410960.0,3393430.0,38,30,8,0,2585.0,12.2,502,0,11,411175,3393810,507,0,12,-80.0,540,215.0,380.0,436.6062299143245,5,-0.4992753765008615,-33,8,8,4.322367344959675
2478,338101,410960.0,3393430.0,38,30,8,0,2585.0,12.2,502,0,11,411185,3393840,507,0,6,-88.33,540,225.0,410.0,467.68044645890427,5,-1.2428791026976,-33,8,8,4.036157889512423
2479,338101,410960.0,3393430.0,38,30,8,0,2585.0,12.2,502,0,11,411135,3393770,508,0,5,-77.0,540,175.0,340.0,382.39377609997786,6,-2.764853300697496,-32,8,8,4.783558444153311
2480,338101,410960.0,3393430.0,38,30,8,0,2585.0,12.2,502,0,11,411180,3393835,507,0,5,-77.5,540,220.0,405.0,460.89586676384937,5,-1.4887537058912699,-33,8,8,4.0953711185523645
2481,338101,410960.0,3393430.0,38,30,8,0,2585.0,12.2,502,0,11,411195,3393830,507,0,5,-84.0,540,235.0,400.0,463.9234850705448,5,0.43423575344343135,-33,8,8,4.068734308238767
2482,338101,410960.0,3393430.0,38,30,8,0,2585.0,12.2,502,0,11,411170,3393805,507,0,5,-80.5,540,210.0,375.0,429.7964634568321,5,-0.7511736634530166,-33,8,8,4.390585938655402
2483,338101,410960.0,3393430.0,38,30,8,0,2585.0,12.2,502,0,11,411035,3393670,517,0,6,-78.2,540,75.0,240.0,251.44581921360316,15,-12.645975363738671,-23,8,8,5.226358292927137
2484,338101,410960.0,3393430.0,38,30,8,0,2585.0,12.2,502,0,11,411030,3393665,517,0,5,-76.67,540,70.0,235.0,245.20399670478457,15,-13.41266144307258,-23,8,8,5.358633614707281
2485,338101,410960.0,3393430.0,38,30,8,0,2585.0,12.2,502,0,11,411015,3393650,515,0,5,-86.0,540,55.0,220.0,226.77080940897133,13,-15.963756532073546,-25,8,8,6.291080922768775
2486,338101,410960.0,3393430.0,38,30,8,0,2585.0,12.2,502,0,11,410845,3393505,513,0,5,-96.5,540,-115.0,75.0,137.2953021774598,11,273.11134196037204,-27,8,8,11.12560871314072
2487,338101,410960.0,3393430.0,38,30,8,0,2585.0,12.2,502,0,11,410855,3393515,512,0,5,-95.5,540,-105.0,85.0,135.09256086106296,10,278.99099404250546,-28,8,8,11.709628077029894
2488,338101,410960.0,3393430.0,38,30,8,0,2585.0,12.2,502,0,11,411685,3392585,503,0,5,-99.67,540,725.0,-845.0,1113.3957068356247,1,109.3707970379075,-37,8,8,1.9033340646584302
2489,338101,410960.0,3393430.0,38,30,8,0,2585.0,12.2,502,0,11,409140,3390115,496,0,5,-101.5,540,-1820.0,-3315.0,3781.7489340251027,-6,178.7676493388438,-44,8,8,0.6665964864059479
2490,338101,410960.0,3393430.0,38,30,8,0,2585.0,12.2,502,0,11,409120,3390095,497,0,5,-95.5,540,-1840.0,-3335.0,3808.9138871862147,-5,178.8865817669107,-43,8,8,0.6468021946204974
2491,338101,410960.0,3393430.0,38,30,8,0,2585.0,12.2,502,0,11,411240,3393945,505,0,5,-78.5,540,280.0,515.0,586.1953599270469,3,-1.4675467930027253,-35,8,8,3.4169059021348374
2492,338101,410960.0,3393430.0,38,30,8,0,2585.0,12.2,502,0,11,411255,3393960,504,0,13,-82.5,540,295.0,530.0,606.568215454783,2,-0.8995225884565343,-36,8,8,3.396536865317345
2493,338101,410960.0,3393430.0,38,30,8,0,2585.0,12.2,502,0,11,411590,3393225,502,0,5,-98.0,540,630.0,-205.0,662.514150792268,0,78.02472352123846,-38,8,8,3.2827324808565153
2494,338101,410960.0,3393430.0,38,30,8,0,2585.0,12.2,502,0,11,411015,3393525,505,0,5,-86.18,540,55.0,95.0,109.77249200050075,3,0.06858282186243514,-35,8,8,17.684427567256705
2495,338101,410960.0,3393430.0,38,30,8,0,2585.0,12.2,502,0,11,410950,3393470,504,0,5,-86.33,540,-10.0,40.0,41.23105625617661,2,315.96375653207355,-36,8,8,41.12512918804402
2496,338101,410960.0,3393430.0,38,30,8,0,2585.0,12.2,502,0,11,410960,3393580,506,0,12,-95.0,540,0.0,150.0,150.0,4,-30.0,-34,8,8,12.771242564901442
2497,338101,410960.0,3393430.0,38,30,8,0,2585.0,12.2,502,0,11,410940,3393480,504,0,6,-83.6,540,-20.0,50.0,53.85164807134504,2,308.1985905136482,-36,8,8,33.76285497948943
2498,338101,410960.0,3393430.0,38,30,8,0,2585.0,12.2,502,0,11,410915,3393505,507,0,5,-93.8,540,-45.0,75.0,87.46427842267951,5,299.03624346792645,-33,8,8,20.67133505503099
2499,338101,410960.0,3393430.0,38,30,8,0,2585.0,12.2,502,0,11,410765,3392975,516,0,5,-98.0,540,-195.0,-455.0,495.025251881154,14,173.19859051364818,-24,8,8,2.7756620728848085
2500,338101,410960.0,3393430.0,38,30,8,0,2585.0,12.2,502,0,11,410945,3393475,504,0,6,-88.0,540,-15.0,45.0,47.43416490252569,2,311.565051177078,-36,8,8,37.19655824341982
2501,338101,410960.0,3393430.0,38,30,8,0,2585.0,12.2,502,0,11,411005,3393535,505,0,5,-86.33,540,45.0,105.0,114.23659658795863,3,-6.801409486351815,-35,8,8,17.034104679047143
2502,338101,410960.0,3393430.0,38,30,8,0,2585.0,12.2,502,0,11,411000,3393540,505,0,5,-84.33,540,40.0,110.0,117.04699910719626,3,-10.01689347810003,-35,8,8,16.647989156271954
2503,338101,410960.0,3393430.0,38,30,8,0,2585.0,12.2,502,0,11,411010,3393530,505,0,5,-84.33,540,50.0,100.0,111.80339887498948,3,-3.434948822922024,-35,8,8,17.382703987116226
2504,338101,410960.0,3393430.0,38,30,8,0,2585.0,12.2,502,0,11,410955,3393465,504,0,5,-86.4,540,-5.0,35.0,35.35533905932738,2,321.86989764584405,-36,8,8,45.51762554432677
2505,338101,410960.0,3393430.0,38,30,8,0,2585.0,12.2,502,0,11,411155,3393425,508,0,6,-92.67,540,195.0,-5.0,195.0640920313116,6,61.46880071438579,-32,8,8,9.316313045579223
2506,338101,410960.0,3393430.0,38,30,8,0,2585.0,12.2,502,0,11,410905,3393515,508,0,5,-91.5,540,-55.0,85.0,101.24228365658294,6,297.0947570770121,-32,8,8,17.540363477891724
2507,338101,410960.0,3393430.0,38,30,8,0,2585.0,12.2,502,0,11,410900,3393520,509,0,12,-93.67,540,-60.0,90.0,108.16653826391968,7,296.30993247402023,-31,8,8,15.992043225884498
2508,338101,410960.0,3393430.0,38,30,8,0,2585.0,12.2,502,0,11,410965,3393575,506,0,12,-89.5,540,5.0,145.0,145.08618128546908,4,-28.025065989118048,-34,8,8,13.188898543075712
2509,338101,410960.0,3393430.0,38,30,8,0,2585.0,12.2,502,0,11,410910,3393510,508,0,5,-95.5,540,-50.0,80.0,94.33981132056604,6,297.9946167919165,-32,8,8,18.736901380909103
2510,338101,410960.0,3393430.0,38,30,8,0,2585.0,12.2,502,0,11,410785,3392995,514,57,10,-94.0,540,-175.0,-435.0,468.8816481800072,12,171.9148663271917,-26,8,8,3.173863252722084
