,Cell Index,Cell X,Cell Y,Height,Azimuth,Electrical Downtilt,Mechanical Downtilt,Frequency Band,RS Power,Cell Altitude,Cell Building Height,Cell Clutter Index,X,Y,Altitude,Building Height,Clutter Index,RSRP,Station Absolute Height,X Distance,Y Distance,Distance To Station,Altitude Delta,Azimuth To Station,Height Delta,Station Total Downtilt,Station Downtilt Delta,Vertical Degree
0,2404301,417315.0,3385530.0,30,60,3,3,2585.0,12.2,529,0,5,417275,3385440,531,0,5,-84.92,559,-40.0,-90.0,98.48857801796105,2,143.96248897457818,-28,6,0,15.870288067419208
1,2404301,417315.0,3385530.0,30,60,3,3,2585.0,12.2,529,0,5,417255,3385420,530,0,5,-84.5,559,-60.0,-110.0,125.29964086141668,1,148.6104596659652,-29,6,0,13.03138306724431
2,2404301,417315.0,3385530.0,30,60,3,3,2585.0,12.2,529,0,5,417270,3385435,531,0,5,-90.83,559,-45.0,-95.0,105.11898020814318,2,145.34617594194668,-28,6,0,14.915270505138627
3,2404301,417315.0,3385530.0,30,60,3,3,2585.0,12.2,529,0,5,417260,3385425,530,0,5,-87.25,559,-55.0,-105.0,118.53269591129698,1,147.64597536373867,-29,6,0,13.74782628986834
4,2404301,417315.0,3385530.0,30,60,3,3,2585.0,12.2,529,0,5,417265,3385430,531,0,5,-85.44,559,-50.0,-100.0,111.80339887498948,2,146.565051177078,-28,6,0,14.059947364815446
5,2404301,417315.0,3385530.0,30,60,3,3,2585.0,12.2,529,0,5,417250,3385415,530,0,5,-92.0,559,-65.0,-115.0,132.09844813622905,1,149.47588900324575,-29,6,0,12.381907144293008
6,2404301,417315.0,3385530.0,30,60,3,3,2585.0,12.2,529,0,5,417095,3385725,528,0,6,-95.33,559,-220.0,195.0,293.981291921782,-1,251.5526131481348,-31,6,0,6.019530622459608
7,2404301,417315.0,3385530.0,30,60,3,3,2585.0,12.2,529,0,5,417070,3385710,526,6,5,-116.71,559,-245.0,180.0,304.0148022712052,-3,246.30449712257524,-33,6,0,6.19504968428229
8,2404301,417315.0,3385530.0,30,60,3,3,2585.0,12.2,529,0,5,417115,3385745,528,0,6,-102.0,559,-200.0,215.0,293.64093720052045,-1,257.0700306530411,-31,6,0,6.026456452022642
9,2404301,417315.0,3385530.0,30,60,3,3,2585.0,12.2,529,0,5,417335,3385770,530,0,10,-109.5,559,20.0,240.0,240.8318915758459,1,-55.23635830927384,-29,6,0,6.866265885252496
10,2404301,417315.0,3385530.0,30,60,3,3,2585.0,12.2,529,0,5,417500,3385635,530,0,5,-85.5,559,185.0,105.0,212.72047386182646,1,0.4221613187386879,-29,6,0,7.763225790656005
11,2404301,417315.0,3385530.0,30,60,3,3,2585.0,12.2,529,0,5,417510,3385625,529,0,5,-97.5,559,195.0,95.0,216.91011963483862,0,4.02560603756865,-30,6,0,7.874402587044011
12,2404301,417315.0,3385530.0,30,60,3,3,2585.0,12.2,529,0,5,417485,3385620,529,0,5,-99.8,559,170.0,90.0,192.35384061671346,0,2.1027289690523503,-30,6,0,8.864582596037371
13,2404301,417315.0,3385530.0,30,60,3,3,2585.0,12.2,529,0,5,417505,3385640,530,102,5,-102.0,559,190.0,110.0,219.5449840010015,1,-0.06858282186243514,-29,6,0,7.524716311577198
14,2404301,417315.0,3385530.0,30,60,3,3,2585.0,12.2,529,0,5,417450,3385645,529,0,5,-91.4,559,135.0,115.0,177.341478509682,0,-10.426078740099115,-30,6,0,9.601549773958919
15,2404301,417315.0,3385530.0,30,60,3,3,2585.0,12.2,529,0,5,417480,3385615,529,0,5,-97.5,559,165.0,85.0,185.60711193270586,0,2.744671625056924,-30,6,0,9.181411672907572
16,2404301,417315.0,3385530.0,30,60,3,3,2585.0,12.2,529,0,5,417350,3385785,530,0,5,-101.8,559,35.0,255.0,257.390753524675,1,-52.184706453233105,-29,6,0,6.4283575730104054
17,2404301,417315.0,3385530.0,30,60,3,3,2585.0,12.2,529,0,5,417355,3385790,530,0,5,-100.33,559,40.0,260.0,263.0589287593181,1,-51.25383773744477,-29,6,0,6.29096729157823
18,2404301,417315.0,3385530.0,30,60,3,3,2585.0,12.2,529,0,5,417455,3385650,529,0,5,-94.5,559,140.0,120.0,184.39088914585776,0,-10.601294645004486,-30,6,0,9.240929857865739
19,2404301,417315.0,3385530.0,30,60,3,3,2585.0,12.2,529,0,5,417490,3385605,528,0,10,-99.5,559,175.0,75.0,190.3943276465977,-1,6.801409486351815,-31,6,0,9.24774699604276
20,2404301,417315.0,3385530.0,30,60,3,3,2585.0,12.2,529,0,5,417325,3385780,530,0,10,-105.25,559,10.0,250.0,250.19992006393608,1,-57.70938995736145,-29,6,0,6.611497677611474
21,2404301,417315.0,3385530.0,30,60,3,3,2585.0,12.2,529,0,5,417440,3385655,529,0,5,-94.0,559,125.0,125.0,176.7766952966369,0,-15.0,-30,6,0,9.6316519614038
22,2404301,417315.0,3385530.0,30,60,3,3,2585.0,12.2,529,0,5,417445,3385660,530,0,5,-100.67,559,130.0,130.0,183.84776310850236,1,-15.0,-29,6,0,8.963931852190168
23,2404301,417315.0,3385530.0,30,60,3,3,2585.0,12.2,529,0,5,417200,3385510,532,0,5,-99.75,559,-115.0,-20.0,116.72617529928752,3,200.1341930569156,-27,6,0,13.024062368025685
24,2404301,417315.0,3385530.0,30,60,3,3,2585.0,12.2,529,0,5,417240,3385470,531,0,5,-91.43,559,-75.0,-60.0,96.04686356149273,2,171.3401917459099,-28,6,0,16.2526898532125
25,2404301,417315.0,3385530.0,30,60,3,3,2585.0,12.2,529,0,5,417255,3385475,532,0,5,-88.46,559,-60.0,-55.0,81.39410298049853,3,167.48955292199915,-27,6,0,18.351682249716998
26,2404301,417315.0,3385530.0,30,60,3,3,2585.0,12.2,529,0,5,417265,3385445,531,0,5,-82.8,559,-50.0,-85.0,98.6154146165801,2,150.46554491945986,-28,6,0,15.850902386644494
27,2404301,417315.0,3385530.0,30,60,3,3,2585.0,12.2,529,0,5,417260,3385450,531,0,10,-84.42,559,-55.0,-80.0,97.082439194738,2,154.5085229876684,-28,6,0,16.088337420852614
28,2404301,417315.0,3385530.0,30,60,3,3,2585.0,12.2,529,0,5,417250,3385480,532,0,5,-92.33,559,-65.0,-50.0,82.00609733428362,3,172.43140797117252,-27,6,0,18.223809599704666
29,2404301,417315.0,3385530.0,30,60,3,3,2585.0,12.2,529,0,5,417225,3385485,532,90,6,-91.25,559,-90.0,-45.0,100.62305898749054,3,183.43494882292202,-27,6,0,15.020256666513818
30,2404301,417315.0,3385530.0,30,60,3,3,2585.0,12.2,529,0,5,417245,3385465,531,0,5,-86.57,559,-70.0,-65.0,95.524865872714,2,167.12109639666144,-28,6,0,16.336778844135836
31,2404301,417315.0,3385530.0,30,60,3,3,2585.0,12.2,529,0,5,417275,3385455,531,0,5,-85.13,559,-40.0,-75.0,85.0,2,148.07248693585294,-28,6,0,18.232491080703817
32,2404301,417315.0,3385530.0,30,60,3,3,2585.0,12.2,529,0,5,417205,3385505,532,0,5,-98.5,559,-110.0,-25.0,112.80514172678478,3,197.19573393471325,-27,6,0,13.460557068942325
33,2404301,417315.0,3385530.0,30,60,3,3,2585.0,12.2,529,0,5,417270,3385460,531,0,10,-83.11,559,-45.0,-70.0,83.21658488546619,2,152.7352262721076,-28,6,0,18.596613869614476
34,2404301,417315.0,3385530.0,30,60,3,3,2585.0,12.2,529,0,5,417375,3385400,527,0,5,-95.0,559,60.0,-130.0,143.17821063276352,-2,95.22485943116806,-32,6,0,12.598429036381495
35,2404301,417315.0,3385530.0,30,60,3,3,2585.0,12.2,529,0,5,417290,3385315,527,0,5,-87.5,559,-25.0,-215.0,216.44860821913363,-2,126.63251461513846,-32,6,0,8.409753433412774
36,2404301,417315.0,3385530.0,30,60,3,3,2585.0,12.2,529,0,5,417370,3385395,527,0,5,-97.0,559,55.0,-135.0,145.7737973711325,-2,97.83365417791754,-32,6,0,12.381084563984597
37,2404301,417315.0,3385530.0,30,60,3,3,2585.0,12.2,529,0,5,417405,3385430,525,0,10,-103.75,559,90.0,-100.0,134.5362404707371,-4,78.0127875041834,-34,6,0,14.182827054008785
38,2404301,417315.0,3385530.0,30,60,3,3,2585.0,12.2,529,0,5,417400,3385425,526,0,10,-104.25,559,85.0,-105.0,135.09256086106296,-3,81.00900595749454,-33,6,0,13.727212838879739
39,2404301,417315.0,3385530.0,30,60,3,3,2585.0,12.2,529,0,5,417415,3385440,525,102,5,-102.33,559,100.0,-90.0,134.5362404707371,-4,71.98721249581666,-34,6,0,14.182827054008785
40,2404301,417315.0,3385530.0,30,60,3,3,2585.0,12.2,529,0,5,417590,3385575,530,0,5,-98.0,559,275.0,45.0,278.65749586185547,1,20.706691400602892,-29,6,0,5.941407131179417
41,2404301,417315.0,3385530.0,30,60,3,3,2585.0,12.2,529,0,5,417455,3385480,524,0,5,-94.22,559,140.0,-50.0,148.66068747318505,-5,49.65382405805332,-35,6,0,13.248194135373478
42,2404301,417315.0,3385530.0,30,60,3,3,2585.0,12.2,529,0,5,417410,3385435,525,102,5,-104.22,559,95.0,-95.0,134.35028842544403,-4,75.0,-34,6,0,14.2016635889668
43,2404301,417315.0,3385530.0,30,60,3,3,2585.0,12.2,529,0,5,417585,3385570,529,0,5,-104.5,559,270.0,40.0,272.9468812791236,0,21.57303097851934,-30,6,0,6.272288149794524
44,2404301,417315.0,3385530.0,30,60,3,3,2585.0,12.2,529,0,5,417475,3385460,524,0,5,-95.2,559,160.0,-70.0,174.64249196572982,-5,53.62937773065681,-35,6,0,11.332486338180555
45,2404301,417315.0,3385530.0,30,60,3,3,2585.0,12.2,529,0,5,417570,3385595,530,0,5,-119.5,559,255.0,65.0,263.1539473388153,1,15.699722550814386,-29,6,0,6.288713976790378
46,2404301,417315.0,3385530.0,30,60,3,3,2585.0,12.2,529,0,5,417445,3385470,524,0,5,-93.83,559,130.0,-60.0,143.17821063276352,-5,54.775140568831944,-35,6,0,13.736601296864695
47,2404301,417315.0,3385530.0,30,60,3,3,2585.0,12.2,529,0,5,417470,3385455,524,0,5,-95.0,559,155.0,-75.0,172.19175357722565,-5,55.82099197418927,-35,6,0,11.48951678830405
48,2404301,417315.0,3385530.0,30,60,3,3,2585.0,12.2,529,0,5,417450,3385475,524,0,5,-96.31,559,135.0,-55.0,145.7737973711325,-5,52.16634582208246,-35,6,0,13.501043380558688
49,2404301,417315.0,3385530.0,30,60,3,3,2585.0,12.2,529,0,5,417440,3385465,524,0,5,-97.5,559,125.0,-65.0,140.8900280360537,-5,57.47443162627712,-35,6,0,13.951047659692456
50,2404301,417315.0,3385530.0,30,60,3,3,2585.0,12.2,529,0,5,417480,3385505,524,0,6,-95.5,559,165.0,-25.0,166.88319268278636,-5,38.615648184164115,-35,6,0,11.844826369722963
51,2404301,417315.0,3385530.0,30,60,3,3,2585.0,12.2,529,0,5,417595,3385580,530,0,10,-107.67,559,280.0,50.0,284.42925306655786,1,19.875328344602167,-29,6,0,5.821678202695038
52,2404301,417315.0,3385530.0,30,60,3,3,2585.0,12.2,529,0,5,417630,3385385,522,0,5,-93.0,559,315.0,-145.0,346.77081768799405,-7,54.71744091108337,-37,6,0,6.0903436193995875
53,2404301,417315.0,3385530.0,30,60,3,3,2585.0,12.2,529,0,5,417640,3385415,524,9,6,-99.5,559,325.0,-115.0,344.74628351876396,-5,49.48612957246576,-35,6,0,5.797030686732784
54,2404301,417315.0,3385530.0,30,60,3,3,2585.0,12.2,529,0,5,417605,3385380,521,0,12,-96.67,559,290.0,-150.0,326.49655434629017,-8,57.34987578006985,-38,6,0,6.638623872749972
55,2404301,417315.0,3385530.0,30,60,3,3,2585.0,12.2,529,0,5,417675,3385430,525,0,5,-97.44,559,360.0,-100.0,373.6308338453881,-4,45.524110996754246,-34,6,0,5.199533148328821
56,2404301,417315.0,3385530.0,30,60,3,3,2585.0,12.2,529,0,5,417145,3385640,529,102,5,-101.0,559,-170.0,110.0,202.48456731316588,0,242.9052429229879,-30,6,0,8.427602072947325
57,2404301,417315.0,3385530.0,30,60,3,3,2585.0,12.2,529,0,5,417185,3385680,529,0,10,-104.6,559,-130.0,150.0,198.4943324127921,0,259.0856167799749,-30,6,0,8.594512485150352
58,2404301,417315.0,3385530.0,30,60,3,3,2585.0,12.2,529,0,5,417190,3385665,529,0,5,-99.5,559,-125.0,135.0,183.98369492974098,0,257.2025981617658,-30,6,0,9.26102797526035
59,2404301,417315.0,3385530.0,30,60,3,3,2585.0,12.2,529,0,5,414725,3385460,497,0,5,-92.33,559,-2590.0,-70.0,2590.9457732650444,-32,208.45184230102205,-62,6,0,1.37079693149961
60,2404301,417315.0,3385530.0,30,60,3,3,2585.0,12.2,529,0,5,417580,3385580,529,0,10,-113.0,559,265.0,50.0,269.675731203236,0,19.315087599997298,-30,6,0,6.347753250387195
61,2404301,417315.0,3385530.0,30,60,3,3,2585.0,12.2,529,0,5,417295,3385305,527,0,5,-93.0,559,-20.0,-225.0,225.88713996153035,-2,125.07960786001456,-32,6,0,8.0630775358225
62,2404301,417315.0,3385530.0,30,60,3,3,2585.0,12.2,529,0,5,417535,3385545,526,0,5,-108.25,559,220.0,15.0,220.51077071199947,-3,26.099506257618145,-33,6,0,8.511295478928728
63,2404301,417315.0,3385530.0,30,60,3,3,2585.0,12.2,529,0,5,417520,3385560,526,0,5,-85.0,559,205.0,30.0,207.18349355100662,-3,21.67434966957319,-33,6,0,9.049998767830813
64,2404301,417315.0,3385530.0,30,60,3,3,2585.0,12.2,529,0,5,417455,3385465,524,0,5,-92.5,559,140.0,-65.0,154.35349040433132,-5,54.904768808095184,-35,6,0,12.775905980338997
65,2404301,417315.0,3385530.0,30,60,3,3,2585.0,12.2,529,0,5,417450,3385470,524,0,5,-93.53,559,135.0,-60.0,147.73286702694156,-5,53.96248897457821,-35,6,0,13.328437377305457
66,2404301,417315.0,3385530.0,30,60,3,3,2585.0,12.2,529,0,5,417440,3385480,524,0,5,-91.13,559,125.0,-50.0,134.6291201783626,-5,51.801409486351815,-35,6,0,14.572792566247553
67,2404301,417315.0,3385530.0,30,60,3,3,2585.0,12.2,529,0,5,417410,3385430,525,102,10,-103.64,559,95.0,-100.0,137.93114224133723,-4,76.4688007143858,-34,6,0,13.847339151779174
68,2404301,417315.0,3385530.0,30,60,3,3,2585.0,12.2,529,0,5,417335,3385345,528,0,5,-90.33,559,20.0,-185.0,186.07794065928394,-1,113.82982490497034,-31,6,0,9.458430446156694
69,2404301,417315.0,3385530.0,30,60,3,3,2585.0,12.2,529,0,5,417565,3385595,529,0,5,-105.0,559,250.0,65.0,258.3118270617898,0,15.425783801961245,-30,6,0,6.624579230025959
70,2404301,417315.0,3385530.0,30,60,3,3,2585.0,12.2,529,0,5,417460,3385460,524,0,5,-102.57,559,145.0,-70.0,161.01242188104618,-5,55.7693276243387,-35,6,0,12.263856155784577
71,2404301,417315.0,3385530.0,30,60,3,3,2585.0,12.2,529,0,5,417445,3385475,524,0,5,-92.77,559,130.0,-55.0,141.15594213493105,-5,52.93210043758978,-35,6,0,13.925790001731514
72,2404301,417315.0,3385530.0,30,60,3,3,2585.0,12.2,529,0,5,417480,3385520,524,0,7,-89.0,559,165.0,-10.0,165.3027525481654,-5,33.46822925891718,-35,6,0,11.954829761327861
73,2404301,417315.0,3385530.0,30,60,3,3,2585.0,12.2,529,0,5,417525,3385555,526,0,5,-103.75,559,210.0,25.0,211.482859825566,-3,23.211025425561218,-33,6,0,8.868970158581256
74,2404301,417315.0,3385530.0,30,60,3,3,2585.0,12.2,529,0,5,417465,3385455,524,0,5,-90.6,559,150.0,-75.0,167.70509831248424,-5,56.565051177077976,-35,6,0,11.788404329313064
75,2404301,417315.0,3385530.0,30,60,3,3,2585.0,12.2,529,0,5,417470,3385450,524,0,5,-98.5,559,155.0,-80.0,174.42763542512407,-5,57.299572211332816,-35,6,0,11.346083603978458
76,2404301,417315.0,3385530.0,30,60,3,3,2585.0,12.2,529,0,5,417415,3385425,525,0,10,-103.5,559,100.0,-105.0,145.0,-4,76.39718102729637,-34,6,0,13.196463192218477
77,2404301,417315.0,3385530.0,30,60,3,3,2585.0,12.2,529,0,5,417540,3385540,526,0,5,-107.5,559,225.0,10.0,225.22211259110415,-3,27.455195620186885,-33,6,0,8.335778571884356
78,2404301,417315.0,3385530.0,30,60,3,3,2585.0,12.2,529,0,5,417490,3385510,524,0,6,-98.6,559,175.0,-20.0,176.13914953808538,-5,36.519801751656985,-35,6,0,11.238655057627957
79,2404301,417315.0,3385530.0,30,60,3,3,2585.0,12.2,529,0,5,417585,3385575,529,0,5,-108.5,559,270.0,45.0,273.72431386341987,0,20.537677791974374,-30,6,0,6.254614967760455
80,2404301,417315.0,3385530.0,30,60,3,3,2585.0,12.2,529,0,5,417420,3385680,530,0,5,-96.17,559,105.0,150.0,183.09833423600554,1,-25.007979801441365,-29,6,0,9.000022225688927
81,2404301,417315.0,3385530.0,30,60,3,3,2585.0,12.2,529,0,5,417380,3385640,529,102,6,-91.25,559,65.0,110.0,127.76932339180638,0,-29.420773127510984,-30,6,0,13.213590484010874
82,2404301,417315.0,3385530.0,30,60,3,3,2585.0,12.2,529,0,5,417305,3385715,529,0,5,-98.82,559,-10.0,185.0,185.27007313648906,0,296.9059419410829,-30,6,0,9.197829042607143
83,2404301,417315.0,3385530.0,30,60,3,3,2585.0,12.2,529,0,5,417315,3385705,530,0,5,-97.75,559,0.0,175.0,175.0,1,-60.0,-29,6,0,9.409221408110177
84,2404301,417315.0,3385530.0,30,60,3,3,2585.0,12.2,529,0,5,417310,3385710,529,0,5,-98.0,559,-5.0,180.0,180.06943105369106,0,298.4088597288054,-30,6,0,9.458739672977545
85,2404301,417315.0,3385530.0,30,60,3,3,2585.0,12.2,529,0,5,417290,3385690,529,0,5,-98.6,559,-25.0,160.0,161.94134740701648,0,291.1193408494797,-30,6,0,10.495192444247172
86,2404301,417315.0,3385530.0,30,60,3,3,2585.0,12.2,529,0,5,417295,3385685,530,6,5,-95.4,559,-20.0,155.0,156.28499608087785,1,292.6476206401076,-29,6,0,10.512152448702231
87,2404301,417315.0,3385530.0,30,60,3,3,2585.0,12.2,529,0,5,417400,3385660,529,0,5,-83.47,559,85.0,130.0,155.32224567009067,0,-26.82148834060723,-30,6,0,10.931884440005735
88,2404301,417315.0,3385530.0,30,60,3,3,2585.0,12.2,529,0,5,417415,3385645,529,0,5,-79.67,559,100.0,115.0,152.3975065412817,0,-18.990913098429758,-30,6,0,11.136487083920418
89,2404301,417315.0,3385530.0,30,60,3,3,2585.0,12.2,529,0,5,417390,3385630,528,0,5,-76.68,559,75.0,100.0,125.0,-1,-23.13010235415595,-31,6,0,13.92834193915369
90,2404301,417315.0,3385530.0,30,60,3,3,2585.0,12.2,529,0,5,417395,3385625,528,0,5,-90.13,559,80.0,95.0,124.19742348374221,-1,-19.899092453787773,-31,6,0,14.014811575645107
91,2404301,417315.0,3385530.0,30,60,3,3,2585.0,12.2,529,0,5,417365,3385615,528,0,6,-81.65,559,50.0,85.0,98.6154146165801,-1,-29.534455080540113,-31,6,0,17.450669783080112
92,2404301,417315.0,3385530.0,30,60,3,3,2585.0,12.2,529,0,5,417410,3385650,529,0,5,-80.19,559,95.0,120.0,153.05227865013967,0,-21.63251461513846,-30,6,0,11.090027638556467
93,2404301,417315.0,3385530.0,30,60,3,3,2585.0,12.2,529,0,5,417405,3385655,529,0,5,-77.3,559,90.0,125.0,154.02921800749363,0,-24.246112745563266,-30,6,0,11.021416116611501
94,2404301,417315.0,3385530.0,30,60,3,3,2585.0,12.2,529,0,5,417370,3385610,528,0,6,-73.09,559,55.0,80.0,97.082439194738,-1,-25.491477012331586,-31,6,0,17.709127347214093
95,2404301,417315.0,3385530.0,30,60,3,3,2585.0,12.2,529,0,5,417375,3385605,528,0,6,-73.36,559,60.0,75.0,96.04686356149273,-1,-21.34019174590992,-31,6,0,17.88795754603876
96,2404301,417315.0,3385530.0,30,60,3,3,2585.0,12.2,529,0,5,417430,3385670,530,0,10,-94.54,559,115.0,140.0,181.1767093199344,1,-20.599339336520586,-29,6,0,9.093892739145828
97,2404301,417315.0,3385530.0,30,60,3,3,2585.0,12.2,529,0,5,417360,3385620,528,0,6,-91.0,559,45.0,90.0,100.62305898749054,-1,-33.434948822922024,-31,6,0,17.123043710043348
98,2404301,417315.0,3385530.0,30,60,3,3,2585.0,12.2,529,0,5,417300,3385720,529,0,5,-101.29,559,-15.0,190.0,190.59118552545917,0,295.4860115419987,-30,6,0,8.94524560383489
99,2404301,417315.0,3385530.0,30,60,3,3,2585.0,12.2,529,0,5,417385,3385635,529,0,5,-88.83,559,70.0,105.0,126.19429464123962,0,-26.30993247402023,-30,6,0,13.372619282898365
100,2404301,417315.0,3385530.0,30,60,3,3,2585.0,12.2,529,0,5,417435,3385665,530,0,10,-96.46,559,120.0,135.0,180.62391868188442,1,-18.36646066342979,-29,6,0,9.121256996311939
101,2404301,417315.0,3385530.0,30,60,3,3,2585.0,12.2,529,0,5,417425,3385675,530,0,10,-92.43,559,110.0,145.0,182.00274723201295,1,-22.815293546766895,-29,6,0,9.053304268768954
102,2404301,417315.0,3385530.0,30,60,3,3,2585.0,12.2,529,0,5,417820,3385395,523,0,5,-105.67,559,505.0,-135.0,522.7332015474051,-6,44.96671956400485,-36,6,0,3.939670027984922
103,2404301,417315.0,3385530.0,30,60,3,3,2585.0,12.2,529,0,5,417715,3385510,530,0,5,-103.4,559,400.0,-20.0,400.4996878900157,1,32.86240522611172,-29,6,0,4.141533177097769
104,2404301,417315.0,3385530.0,30,60,3,3,2585.0,12.2,529,0,5,417255,3385535,533,0,5,-86.5,559,-60.0,5.0,60.207972893961475,4,214.76364169072616,-26,6,0,23.356449228429362
105,2404301,417315.0,3385530.0,30,60,3,3,2585.0,12.2,529,0,5,417275,3385555,532,102,5,-92.0,559,-40.0,25.0,47.16990566028302,3,242.00538320808352,-27,6,0,29.78677247407503
106,2404301,417315.0,3385530.0,30,60,3,3,2585.0,12.2,529,0,5,417265,3385545,533,0,5,-92.4,559,-50.0,15.0,52.20153254455275,4,226.69924423399362,-26,6,0,26.47650298968346
107,2404301,417315.0,3385530.0,30,60,3,3,2585.0,12.2,529,0,5,417235,3385595,532,102,5,-104.4,559,-80.0,65.0,103.07764064044152,3,249.0938588862295,-27,6,0,14.678200750229038
108,2404301,417315.0,3385530.0,30,60,3,3,2585.0,12.2,529,0,5,417270,3385560,533,102,5,-89.2,559,-45.0,30.0,54.08326913195984,4,243.69006752597977,-26,6,0,25.67546321497188
109,2404301,417315.0,3385530.0,30,60,3,3,2585.0,12.2,529,0,5,417245,3385525,533,0,5,-90.71,559,-70.0,-5.0,70.178344238091,4,205.91438322002512,-26,6,0,20.32889502043946
110,2404301,417315.0,3385530.0,30,60,3,3,2585.0,12.2,529,0,5,417240,3385530,533,0,5,-95.71,559,-75.0,0.0,75.0,4,210.0,-26,6,0,19.119726329931154
111,2404301,417315.0,3385530.0,30,60,3,3,2585.0,12.2,529,0,5,417230,3385600,532,102,5,-101.5,559,-85.0,70.0,110.11357772772621,3,249.47245984834382,-27,6,0,13.777184442434617
112,2404301,417315.0,3385530.0,30,60,3,3,2585.0,12.2,529,0,5,417065,3385425,526,0,5,-94.33,559,-250.0,-105.0,271.15493725912495,-3,187.21759426951832,-33,6,0,6.938866629226381
113,2404301,417315.0,3385530.0,30,60,3,3,2585.0,12.2,529,0,5,417260,3385550,533,0,5,-92.0,559,-55.0,20.0,58.52349955359813,4,229.98310652189997,-26,6,0,23.953949886641958
114,2404301,417315.0,3385530.0,30,60,3,3,2585.0,12.2,529,0,5,417405,3385450,525,0,5,-95.5,559,90.0,-80.0,120.41594578792295,-4,71.63353933657015,-34,6,0,15.76727224001903
115,2404301,417315.0,3385530.0,30,60,3,3,2585.0,12.2,529,0,5,417380,3385505,524,0,5,-93.33,559,65.0,-25.0,69.6419413859206,-5,51.03751102542185,-35,6,0,26.682762684391967
116,2404301,417315.0,3385530.0,30,60,3,3,2585.0,12.2,529,0,5,417320,3385525,528,0,10,-76.52,559,5.0,-5.0,7.0710678118654755,-1,75.0,-31,6,0,77.15072737097942
117,2404301,417315.0,3385530.0,30,60,3,3,2585.0,12.2,529,0,5,417430,3385475,524,0,5,-90.8,559,115.0,-55.0,127.47548783981962,-5,55.55996517182382,-35,6,0,15.35294889462336
118,2404301,417315.0,3385530.0,30,60,3,3,2585.0,12.2,529,0,5,417335,3385540,527,0,5,-72.3,559,20.0,10.0,22.360679774997898,-2,3.434948822922024,-32,6,0,55.05525714413952
119,2404301,417315.0,3385530.0,30,60,3,3,2585.0,12.2,529,0,5,417325,3385530,528,0,10,-72.05,559,10.0,0.0,10.0,-1,30.0,-31,6,0,72.12130340415867
120,2404301,417315.0,3385530.0,30,60,3,3,2585.0,12.2,529,0,5,417415,3385460,525,0,5,-98.0,559,100.0,-70.0,122.06555615733703,-4,64.99202019855869,-34,6,0,15.564585775591429
121,2404301,417315.0,3385530.0,30,60,3,3,2585.0,12.2,529,0,5,417400,3385445,525,0,5,-98.6,559,85.0,-85.0,120.20815280171308,-4,75.0,-34,6,0,15.793169048263962
122,2404301,417315.0,3385530.0,30,60,3,3,2585.0,12.2,529,0,5,417390,3385515,524,0,5,-82.56,559,75.0,-15.0,76.48529270389177,-5,41.30993247402023,-35,6,0,24.58903686111163
123,2404301,417315.0,3385530.0,30,60,3,3,2585.0,12.2,529,0,5,417340,3385545,527,0,5,-74.06,559,25.0,15.0,29.154759474226502,-2,-0.9637565320734893,-32,6,0,47.663779618325854
124,2404301,417315.0,3385530.0,30,60,3,3,2585.0,12.2,529,0,5,417300,3385585,530,0,5,-81.5,559,-15.0,55.0,57.0087712549569,1,284.7448812969422,-29,6,0,26.962151513684198
125,2404301,417315.0,3385530.0,30,60,3,3,2585.0,12.2,529,0,5,417305,3385590,530,0,5,-79.3,559,-10.0,60.0,60.8276253029822,1,290.5376777919744,-29,6,0,25.489801722288323
126,2404301,417315.0,3385530.0,30,60,3,3,2585.0,12.2,529,0,5,417395,3385520,524,0,10,-82.95,559,80.0,-10.0,80.62257748298549,-5,37.125016348901795,-35,6,0,23.466704721091798
127,2404301,417315.0,3385530.0,30,60,3,3,2585.0,12.2,529,0,5,417345,3385550,526,0,5,-71.55,559,30.0,20.0,36.05551275463989,-3,-3.690067525979771,-33,6,0,42.4664749861295
128,2404301,417315.0,3385530.0,30,60,3,3,2585.0,12.2,529,0,5,417435,3385480,524,0,5,-91.47,559,120.0,-50.0,130.0,-5,52.61986494804046,-35,6,0,15.068488159492212
129,2404301,417315.0,3385530.0,30,60,3,3,2585.0,12.2,529,0,5,417350,3385555,526,0,5,-74.22,559,35.0,25.0,43.01162633521314,-3,-5.5376777919743745,-33,6,0,37.49666146240901
130,2404301,417315.0,3385530.0,30,60,3,3,2585.0,12.2,529,0,5,417310,3385595,530,0,5,-76.61,559,-5.0,65.0,65.19202405202648,1,295.6012946450045,-29,6,0,23.981396864904617
131,2404301,417315.0,3385530.0,30,60,3,3,2585.0,12.2,529,0,5,417280,3385565,532,0,5,-82.67,559,-35.0,35.0,49.49747468305833,3,255.0,-27,6,0,28.611688504112813
132,2404301,417315.0,3385530.0,30,60,3,3,2585.0,12.2,529,0,5,417330,3385535,527,0,10,-71.2,559,15.0,5.0,15.811388300841896,-2,11.565051177077976,-32,6,0,63.70575162660819
133,2404301,417315.0,3385530.0,30,60,3,3,2585.0,12.2,529,0,5,417360,3385485,525,0,5,-97.2,559,45.0,-45.0,63.63961030678928,-4,75.0,-34,6,0,28.11373847716271
134,2404301,417315.0,3385530.0,30,60,3,3,2585.0,12.2,529,0,5,417425,3385470,524,0,5,-97.0,559,110.0,-60.0,125.29964086141668,-5,58.61045966596521,-35,6,0,15.606664695218461
135,2404301,417315.0,3385530.0,30,60,3,3,2585.0,12.2,529,0,5,417290,3385575,531,0,5,-82.25,559,-25.0,45.0,51.478150704935004,2,270.94539590092285,-28,6,0,28.5426573273879
136,2404301,417315.0,3385530.0,30,60,3,3,2585.0,12.2,529,0,5,417385,3385510,524,0,5,-78.6,559,70.0,-20.0,72.80109889280519,-5,45.94539590092285,-35,6,0,25.676477950924156
137,2404301,417315.0,3385530.0,30,60,3,3,2585.0,12.2,529,0,5,417365,3385490,525,0,5,-98.0,559,50.0,-40.0,64.03124237432849,-4,68.65980825409008,-34,6,0,27.967890468549076
138,2404301,417315.0,3385530.0,30,60,3,3,2585.0,12.2,529,0,5,417355,3385560,526,0,5,-70.88,559,40.0,30.0,50.0,-3,-6.869897645844048,-33,6,0,33.424811182603804
139,2404301,417315.0,3385530.0,30,60,3,3,2585.0,12.2,529,0,5,417420,3385465,524,0,5,-99.67,559,105.0,-65.0,123.4908903522847,-5,61.75948008481282,-35,6,0,15.823881456057778
140,2404301,417315.0,3385530.0,30,60,3,3,2585.0,12.2,529,0,5,417315,3385600,530,0,5,-76.73,559,0.0,70.0,70.0,1,-60.0,-29,6,0,22.50352849976742
141,2404301,417315.0,3385530.0,30,60,3,3,2585.0,12.2,529,0,5,417410,3385455,525,0,5,-104.0,559,95.0,-75.0,121.03718436910205,-4,68.29016319224309,-34,6,0,15.690339942232129
142,2404301,417315.0,3385530.0,30,60,3,3,2585.0,12.2,529,0,5,417295,3385580,531,0,5,-82.45,559,-20.0,50.0,53.85164807134504,2,278.1985905136482,-28,6,0,27.47203884843304
143,2404301,417315.0,3385530.0,30,60,3,3,2585.0,12.2,529,0,5,417285,3385570,531,0,5,-90.0,559,-30.0,40.0,50.0,2,263.13010235415595,-28,6,0,29.248826336546973
144,2404301,417315.0,3385530.0,30,60,3,3,2585.0,12.2,529,0,5,417370,3385495,525,0,5,-93.0,559,55.0,-35.0,65.19202405202648,-4,62.47119229084848,-34,6,0,27.543671227301132
145,2404301,417315.0,3385530.0,30,60,3,3,2585.0,12.2,529,0,5,417375,3385500,525,0,5,-91.4,559,60.0,-30.0,67.08203932499369,-4,56.565051177077976,-34,6,0,26.877809707101928
146,2404301,417315.0,3385530.0,30,60,3,3,2585.0,12.2,529,0,5,417435,3385680,530,0,5,-94.67,559,120.0,150.0,192.09372712298546,1,-21.34019174590992,-29,6,0,8.584998074334079
147,2404301,417315.0,3385530.0,30,60,3,3,2585.0,12.2,529,0,5,417290,3385695,529,0,5,-107.0,559,-25.0,165.0,166.88319268278636,0,291.3843518158359,-30,6,0,10.191012011623744
148,2404301,417315.0,3385530.0,30,60,3,3,2585.0,12.2,529,0,5,417430,3385675,530,0,5,-92.57,559,115.0,145.0,185.06755523321746,1,-21.581944655178006,-29,6,0,8.90580009547259
149,2404301,417315.0,3385530.0,30,60,3,3,2585.0,12.2,529,0,5,417295,3385700,529,0,5,-96.5,559,-20.0,170.0,171.1724276862369,0,293.2901631922431,-30,6,0,9.940803135013907
150,2404301,417315.0,3385530.0,30,60,3,3,2585.0,12.2,529,0,5,417425,3385670,530,0,10,-95.2,559,110.0,140.0,178.04493814764857,1,-21.842773412630947,-29,6,0,9.251109914939056
151,2404301,417315.0,3385530.0,30,60,3,3,2585.0,12.2,529,0,5,417400,3385645,529,0,5,-81.14,559,85.0,115.0,143.0034964607509,0,-23.530765609948162,-30,6,0,11.847984734241992
152,2404301,417315.0,3385530.0,30,60,3,3,2585.0,12.2,529,0,5,417395,3385640,529,0,5,-83.4,559,80.0,110.0,136.01470508735443,0,-23.9726266148964,-30,6,0,12.438258988460946
153,2404301,417315.0,3385530.0,30,60,3,3,2585.0,12.2,529,0,5,417385,3385630,528,0,5,-78.24,559,70.0,100.0,122.06555615733703,-1,-25.007979801441365,-31,6,0,14.249690450776242
154,2404301,417315.0,3385530.0,30,60,3,3,2585.0,12.2,529,0,5,417375,3385620,528,0,6,-77.05,559,60.0,90.0,108.16653826391968,-1,-26.30993247402023,-31,6,0,15.992043225884498
155,2404301,417315.0,3385530.0,30,60,3,3,2585.0,12.2,529,0,5,417320,3385725,530,102,14,-80.0,559,5.0,195.0,195.0640920313116,1,-58.53119928561415,-29,6,0,8.456173254126151
156,2404301,417315.0,3385530.0,30,60,3,3,2585.0,12.2,529,0,5,417380,3385625,528,0,5,-76.54,559,65.0,95.0,115.10864433221339,-1,-25.61965527615513,-31,6,0,15.072763080591697
157,2404301,417315.0,3385530.0,30,60,3,3,2585.0,12.2,529,0,5,417370,3385615,528,0,6,-74.95,559,55.0,85.0,101.24228365658294,-1,-27.094757077012105,-31,6,0,17.024387784070555
158,2404301,417315.0,3385530.0,30,60,3,3,2585.0,12.2,529,0,5,417405,3385650,529,0,5,-77.89,559,90.0,120.0,150.0,0,-23.13010235415595,-30,6,0,11.309932474020213
159,2404301,417315.0,3385530.0,30,60,3,3,2585.0,12.2,529,0,5,417315,3385720,530,102,5,-102.25,559,0.0,190.0,190.0,1,-60.0,-29,6,0,8.678168885240757
160,2404301,417315.0,3385530.0,30,60,3,3,2585.0,12.2,529,0,5,417415,3385660,529,0,5,-88.96,559,100.0,130.0,164.01219466856725,0,-22.43140797117252,-30,6,0,10.365568553112382
161,2404301,417315.0,3385530.0,30,60,3,3,2585.0,12.2,529,0,5,417390,3385635,529,0,5,-81.37,559,75.0,105.0,129.0348790056394,0,-24.462322208025626,-30,6,0,13.088476085833273
162,2404301,417315.0,3385530.0,30,60,3,3,2585.0,12.2,529,0,5,417300,3385705,529,0,5,-99.0,559,-15.0,175.0,175.64168070250295,0,295.1009075462122,-30,6,0,9.692715653802148
163,2404301,417315.0,3385530.0,30,60,3,3,2585.0,12.2,529,0,5,417305,3385710,529,0,5,-97.15,559,-10.0,180.0,180.27756377319946,0,296.8201698801358,-30,6,0,9.448016435202305
164,2404301,417315.0,3385530.0,30,60,3,3,2585.0,12.2,529,0,5,417525,3385770,533,0,5,-100.5,559,210.0,240.0,318.90437438203946,4,-18.814074834290352,-26,6,0,4.6609668311061885
165,2404301,417315.0,3385530.0,30,60,3,3,2585.0,12.2,529,0,5,417410,3385655,529,0,5,-80.9,559,95.0,125.0,157.00318468107582,0,-22.76516601842536,-30,6,0,10.817619331585831
166,2404301,417315.0,3385530.0,30,60,3,3,2585.0,12.2,529,0,5,417280,3385685,530,0,5,-98.25,559,-35.0,155.0,158.90248582070703,1,287.2756443145776,-29,6,0,10.342760547412631
167,2404301,417315.0,3385530.0,30,60,3,3,2585.0,12.2,529,0,5,417365,3385610,528,0,6,-74.85,559,50.0,80.0,94.33981132056604,-1,-27.994616791916485,-31,6,0,18.19048921343959
168,2404301,417315.0,3385530.0,30,60,3,3,2585.0,12.2,529,0,5,417420,3385665,530,0,10,-92.1,559,105.0,135.0,171.0263137648707,1,-22.125016348901795,-29,6,0,9.62379493414964
169,2404301,417315.0,3385530.0,30,60,3,3,2585.0,12.2,529,0,5,417360,3385605,528,0,6,-74.62,559,45.0,75.0,87.46427842267951,-1,-29.036243467926454,-31,6,0,19.515874513603737
170,2404301,417315.0,3385530.0,30,60,3,3,2585.0,12.2,529,0,5,417535,3385780,533,0,5,-98.0,559,220.0,250.0,333.01651610693426,4,-18.652222780306317,-26,6,0,4.464266409680248
171,2404301,417315.0,3385530.0,30,60,3,3,2585.0,12.2,529,0,5,417310,3385715,529,0,5,-98.79,559,-5.0,185.0,185.06755523321746,0,298.45184230102205,-30,6,0,9.207721840714681
172,2404301,417315.0,3385530.0,30,60,3,3,2585.0,12.2,529,0,5,417395,3385375,526,102,6,-89.0,559,80.0,-155.0,174.42763542512407,-3,92.70042778866718,-33,6,0,10.713179180352348
173,2404301,417315.0,3385530.0,30,60,3,3,2585.0,12.2,529,0,5,417365,3385385,527,0,5,-100.5,559,50.0,-145.0,153.37861650177967,-2,100.97439396243135,-32,6,0,11.784800326352848
174,2404301,417315.0,3385530.0,30,60,3,3,2585.0,12.2,529,0,5,417375,3385395,527,0,5,-96.5,559,60.0,-135.0,147.73286702694156,-2,96.03751102542185,-32,6,0,12.221867232408547
175,2404301,417315.0,3385530.0,30,60,3,3,2585.0,12.2,529,0,5,417485,3385505,524,0,6,-99.5,559,170.0,-25.0,171.82840277439584,-5,38.36588612403261,-35,6,0,11.513164589736304
176,2404301,417315.0,3385530.0,30,60,3,3,2585.0,12.2,529,0,5,417530,3385560,527,0,5,-108.5,559,215.0,30.0,217.0829334609241,-2,22.05652818940962,-32,6,0,8.385529697467797
177,2404301,417315.0,3385530.0,30,60,3,3,2585.0,12.2,529,0,5,417450,3385480,524,0,5,-94.0,559,135.0,-50.0,143.96180048887967,-5,50.32313682966293,-35,6,0,13.664642740600204
178,2404301,417315.0,3385530.0,30,60,3,3,2585.0,12.2,529,0,5,417595,3385575,530,0,5,-107.83,559,280.0,45.0,283.59301824974466,1,20.86982351772133,-29,6,0,5.838726243142623
179,2404301,417315.0,3385530.0,30,60,3,3,2585.0,12.2,529,0,5,417415,3385435,525,102,5,-109.0,559,100.0,-95.0,137.93114224133723,-4,73.5311992856142,-34,6,0,13.847339151779174
180,2404301,417315.0,3385530.0,30,60,3,3,2585.0,12.2,529,0,5,417445,3385465,524,0,5,-102.0,559,130.0,-65.0,145.34441853748632,-5,56.565051177077976,-35,6,0,13.539462086049529
181,2404301,417315.0,3385530.0,30,60,3,3,2585.0,12.2,529,0,5,417455,3385475,524,0,5,-94.0,559,140.0,-55.0,150.41608956491322,-5,51.44773632710536,-35,6,0,13.098944677760741
182,2404301,417315.0,3385530.0,30,60,3,3,2585.0,12.2,529,0,5,417470,3385460,524,0,5,-95.85,559,155.0,-70.0,170.07351351694948,-5,54.304549265936714,-35,6,0,11.62874240169772
183,2404301,417315.0,3385530.0,30,60,3,3,2585.0,12.2,529,0,5,417440,3385470,524,0,5,-94.56,559,125.0,-60.0,138.6542462386205,-5,55.641005824305296,-35,6,0,14.167016289717168
184,2404301,417315.0,3385530.0,30,60,3,3,2585.0,12.2,529,0,5,417475,3385455,524,0,5,-101.5,559,160.0,-75.0,176.70597047072292,-5,55.114834886144536,-35,6,0,11.203518082255256
185,2404301,417315.0,3385530.0,30,60,3,3,2585.0,12.2,529,0,5,417400,3385430,526,0,10,-104.5,559,85.0,-100.0,131.24404748406687,-3,79.63546342690267,-33,6,0,14.113868397011302
186,2404301,417315.0,3385530.0,30,60,3,3,2585.0,12.2,529,0,5,417295,3385315,527,0,5,-107.33,559,-20.0,-215.0,215.92822881689185,-2,125.31454566994475,-32,6,0,8.42972977540145
187,2404301,417315.0,3385530.0,30,60,3,3,2585.0,12.2,529,0,5,417505,3385485,524,0,6,-92.0,559,190.0,-45.0,195.25624189766637,-5,43.3245312618908,-35,6,0,10.16243563452379
188,2404301,417315.0,3385530.0,30,60,3,3,2585.0,12.2,529,0,5,417515,3385495,524,0,6,-103.5,559,200.0,-35.0,203.03940504246953,-5,39.926245506651696,-35,6,0,9.780545173428935
189,2404301,417315.0,3385530.0,30,60,3,3,2585.0,12.2,529,0,5,417560,3385590,529,0,5,-104.0,559,245.0,60.0,252.23996511258878,0,16.239214888208778,-30,6,0,6.782576171783727
190,2404301,417315.0,3385530.0,30,60,3,3,2585.0,12.2,529,0,5,417405,3385425,526,0,10,-104.17,559,90.0,-105.0,138.2931668593933,-3,79.39870535499551,-33,6,0,13.421137939554743
191,2404301,417315.0,3385530.0,30,60,3,3,2585.0,12.2,529,0,5,417460,3385450,524,0,10,-95.0,559,145.0,-80.0,165.60495161679194,-5,58.886581766910695,-35,6,0,11.933640372093508
192,2404301,417315.0,3385530.0,30,60,3,3,2585.0,12.2,529,0,5,417490,3385520,524,0,6,-101.5,559,175.0,-10.0,175.28548142958104,-5,33.270487923183566,-35,6,0,11.291986030473362
193,2404301,417315.0,3385530.0,30,60,3,3,2585.0,12.2,529,0,5,417685,3385620,534,0,5,-98.33,559,370.0,90.0,380.7886552931954,5,16.328692867804193,-25,6,0,3.7562614748814744
194,2404301,417315.0,3385530.0,30,60,3,3,2585.0,12.2,529,0,5,417190,3385370,528,0,10,-93.5,559,-125.0,-160.0,203.03940504246953,-1,157.99873244250463,-31,6,0,8.680864484837745
195,2404301,417315.0,3385530.0,30,60,3,3,2585.0,12.2,529,0,5,417385,3385415,526,0,5,-86.5,559,70.0,-115.0,134.6291201783626,-3,88.6713071321958,-33,6,0,13.772670268313442
196,2404301,417315.0,3385530.0,30,60,3,3,2585.0,12.2,529,0,5,417360,3385440,527,0,5,-79.0,559,45.0,-90.0,100.62305898749054,-2,93.43494882292202,-32,6,0,17.64162958465886
197,2404301,417315.0,3385530.0,30,60,3,3,2585.0,12.2,529,0,5,417365,3385435,527,0,5,-100.33,559,50.0,-95.0,107.35455276791944,-2,92.24145939893992,-32,6,0,16.59814617012672
198,2404301,417315.0,3385530.0,30,60,3,3,2585.0,12.2,529,0,5,417380,3385420,526,0,5,-95.5,559,65.0,-110.0,127.76932339180638,-3,89.42077312751098,-33,6,0,14.481759264432043
199,2404301,417315.0,3385530.0,30,60,3,3,2585.0,12.2,529,0,5,417535,3385585,528,0,10,-110.5,559,220.0,55.0,226.77080940897133,-1,15.963756532073546,-31,6,0,7.784192295372386
200,2404301,417315.0,3385530.0,30,60,3,3,2585.0,12.2,529,0,5,417375,3385425,527,0,5,-102.6,559,60.0,-105.0,120.93386622447825,-2,90.25511870305775,-32,6,0,14.82120851270251
201,2404301,417315.0,3385530.0,30,60,3,3,2585.0,12.2,529,0,5,417390,3385410,526,0,5,-99.8,559,75.0,-120.0,141.50971698084905,-3,87.99461679191654,-33,6,0,13.126751760351869
202,2404301,417315.0,3385530.0,30,60,3,3,2585.0,12.2,529,0,5,417500,3385460,524,0,6,-112.0,559,185.0,-70.0,197.80040444852483,-5,50.725558865560515,-35,6,0,10.034396787113305
203,2404301,417315.0,3385530.0,30,60,3,3,2585.0,12.2,529,0,5,417450,3385510,523,0,5,-88.5,559,135.0,-20.0,136.4734406395618,-6,38.42696902148066,-36,6,0,14.777299767911618
204,2404301,417315.0,3385530.0,30,60,3,3,2585.0,12.2,529,0,5,417525,3385595,528,102,10,-105.67,559,210.0,65.0,219.82947936980608,-1,12.801458779934137,-31,6,0,8.026830348681477
205,2404301,417315.0,3385530.0,30,60,3,3,2585.0,12.2,529,0,5,417480,3385480,524,0,5,-95.56,559,165.0,-50.0,172.40939649566667,-5,46.858398767738265,-35,6,0,11.475397870425308
206,2404301,417315.0,3385530.0,30,60,3,3,2585.0,12.2,529,0,5,417440,3385520,523,0,5,-85.63,559,125.0,-10.0,125.39936203984452,-6,34.573921259900885,-36,6,0,16.017862027662982
207,2404301,417315.0,3385530.0,30,60,3,3,2585.0,12.2,529,0,5,417490,3385470,524,0,6,-90.0,559,175.0,-60.0,185.0,-5,48.92464441605125,-35,6,0,10.713123022791036
208,2404301,417315.0,3385530.0,30,60,3,3,2585.0,12.2,529,0,5,417470,3385490,524,0,5,-90.13,559,155.0,-40.0,160.0781059358212,-5,44.47029410006587,-35,6,0,12.333251044177262
209,2404301,417315.0,3385530.0,30,60,3,3,2585.0,12.2,529,0,5,417460,3385500,523,0,5,-96.87,559,145.0,-30.0,148.07092894960846,-6,41.6893691754392,-36,6,0,13.66500388686513
210,2404301,417315.0,3385530.0,30,60,3,3,2585.0,12.2,529,0,5,417315,3385325,527,0,10,-93.0,559,0.0,-205.0,205.0,-2,120.0,-32,6,0,8.872132992917543
211,2404301,417315.0,3385530.0,30,60,3,3,2585.0,12.2,529,0,5,417485,3385475,524,0,6,-89.29,559,170.0,-55.0,178.67568385205638,-5,47.927919762007264,-35,6,0,11.083085245831816
212,2404301,417315.0,3385530.0,30,60,3,3,2585.0,12.2,529,0,5,417545,3385575,528,0,5,-107.5,559,230.0,45.0,234.3608329051593,-1,18.92979742206063,-31,6,0,7.535037251839222
213,2404301,417315.0,3385530.0,30,60,3,3,2585.0,12.2,529,0,5,417515,3385445,523,0,6,-89.0,559,200.0,-85.0,217.3131381210073,-6,53.02549200852803,-36,6,0,9.406169930259603
214,2404301,417315.0,3385530.0,30,60,3,3,2585.0,12.2,529,0,5,417455,3385505,523,0,5,-86.88,559,140.0,-25.0,142.21462653327893,-6,40.12467165539783,-36,6,0,14.205364124041704
215,2404301,417315.0,3385530.0,30,60,3,3,2585.0,12.2,529,0,5,417370,3385430,527,0,5,-100.63,559,55.0,-100.0,114.12712210513327,-2,91.18920625702697,-32,6,0,15.662916900852254
216,2404301,417315.0,3385530.0,30,60,3,3,2585.0,12.2,529,0,5,417505,3385455,524,0,6,-103.5,559,190.0,-75.0,204.26698215815497,-5,51.540975918538436,-35,6,0,9.722892546255533
217,2404301,417315.0,3385530.0,30,60,3,3,2585.0,12.2,529,0,5,417465,3385495,524,0,5,-91.67,559,150.0,-35.0,154.02921800749363,-5,43.13402230639633,-35,6,0,12.80191724890702
218,2404301,417315.0,3385530.0,30,60,3,3,2585.0,12.2,529,0,5,417475,3385485,524,0,5,-92.95,559,160.0,-45.0,166.20770138594662,-5,45.70863782901574,-35,6,0,11.89159748353952
219,2404301,417315.0,3385530.0,30,60,3,3,2585.0,12.2,529,0,5,417520,3385600,528,102,5,-107.8,559,205.0,70.0,216.6217902243447,-1,11.146841235580894,-31,6,0,8.144106805657477
220,2404301,417315.0,3385530.0,30,60,3,3,2585.0,12.2,529,0,5,417445,3385515,523,0,5,-84.88,559,130.0,-15.0,130.86252328302402,-6,36.581944655178006,-36,6,0,15.381463824593132
221,2404301,417315.0,3385530.0,30,60,3,3,2585.0,12.2,529,0,5,417565,3385555,528,0,5,-95.0,559,250.0,25.0,251.24689052802225,-1,24.289406862500357,-31,6,0,7.033867287528818
222,2404301,417315.0,3385530.0,30,60,3,3,2585.0,12.2,529,0,5,417270,3385690,529,0,5,-96.0,559,-45.0,160.0,166.20770138594662,0,284.29136217098426,-30,6,0,10.231556509865309
223,2404301,417315.0,3385530.0,30,60,3,3,2585.0,12.2,529,0,5,417240,3385720,529,102,5,-108.0,559,-75.0,190.0,204.26698215815497,0,278.45902408146156,-30,6,0,8.35510614952424
224,2404301,417315.0,3385530.0,30,60,3,3,2585.0,12.2,529,0,5,418045,3386410,507,0,14,-103.33,559,730.0,880.0,1143.372205364465,-22,-20.32275070776825,-52,6,0,2.60398923233353
225,2404301,417315.0,3385530.0,30,60,3,3,2585.0,12.2,529,0,5,417450,3385735,531,0,5,-82.0,559,135.0,205.0,245.45875417267155,2,-26.633633998940468,-28,6,0,6.5077210865009905
226,2404301,417315.0,3385530.0,30,60,3,3,2585.0,12.2,529,0,5,417525,3385650,531,0,10,-85.0,559,210.0,120.0,241.8677324489565,2,0.2551187030578035,-28,6,0,6.6034943380972555
227,2404301,417315.0,3385530.0,30,60,3,3,2585.0,12.2,529,0,5,417445,3385730,531,0,6,-91.4,559,130.0,200.0,238.53720883753127,2,-26.97613244420336,-28,6,0,6.694862929862809
228,2404301,417315.0,3385530.0,30,60,3,3,2585.0,12.2,529,0,5,417565,3385610,530,102,5,-99.5,559,250.0,80.0,262.48809496813374,1,12.255328374943076,-29,6,0,6.304538235439791
229,2404301,417315.0,3385530.0,30,60,3,3,2585.0,12.2,529,0,5,417475,3385760,532,0,6,-96.2,559,160.0,230.0,280.178514522438,3,-25.175510843043185,-27,6,0,5.504432762252363
230,2404301,417315.0,3385530.0,30,60,3,3,2585.0,12.2,529,0,5,417470,3385755,532,0,6,-94.17,559,155.0,225.0,273.22152184628504,3,-25.437475351118167,-27,6,0,5.6436974780762705
231,2404301,417315.0,3385530.0,30,60,3,3,2585.0,12.2,529,0,5,417500,3385705,532,0,10,-91.5,559,185.0,175.0,254.65663156493687,3,-13.408859728805396,-27,6,0,6.052181319593894
232,2404301,417315.0,3385530.0,30,60,3,3,2585.0,12.2,529,0,5,417480,3385685,531,0,5,-84.5,559,165.0,155.0,226.38462845343543,2,-13.210089391753911,-28,6,0,7.050724153705327
233,2404301,417315.0,3385530.0,30,60,3,3,2585.0,12.2,529,0,5,417515,3385720,533,0,5,-93.5,559,200.0,190.0,275.86228448267445,4,-13.53119928561415,-26,6,0,5.384217834684575
234,2404301,417315.0,3385530.0,30,60,3,3,2585.0,12.2,529,0,5,417490,3385695,532,0,10,-87.0,559,175.0,165.0,240.52026941611388,3,-13.315315682103687,-27,6,0,6.405017760188262
235,2404301,417315.0,3385530.0,30,60,3,3,2585.0,12.2,529,0,5,417440,3385725,531,0,6,-90.2,559,125.0,195.0,231.62469643800938,2,-27.33908727832619,-28,6,0,6.892766961723284
236,2404301,417315.0,3385530.0,30,60,3,3,2585.0,12.2,529,0,5,417460,3385745,531,102,5,-84.25,559,145.0,215.0,259.3260495977988,2,-26.003540851749506,-28,6,0,6.16247708621017
237,2404301,417315.0,3385530.0,30,60,3,3,2585.0,12.2,529,0,5,417400,3385765,530,0,5,-86.0,559,85.0,235.0,249.899979991996,1,-40.114834886144536,-29,6,0,6.619362684986015
238,2404301,417315.0,3385530.0,30,60,3,3,2585.0,12.2,529,0,5,417465,3385750,531,0,6,-93.0,559,150.0,220.0,266.27053911388697,2,-25.713123022791024,-28,6,0,6.00294522460188
239,2404301,417315.0,3385530.0,30,60,3,3,2585.0,12.2,529,0,5,417455,3385740,531,0,5,-90.2,559,140.0,210.0,252.38858928247924,2,-26.30993247402023,-28,6,0,6.330509401162716
240,2404301,417315.0,3385530.0,30,60,3,3,2585.0,12.2,529,0,5,417275,3385590,532,0,10,-84.0,559,-40.0,60.0,72.11102550927978,3,266.30993247402023,-27,6,0,20.52703743748409
241,2404301,417315.0,3385530.0,30,60,3,3,2585.0,12.2,529,0,5,417245,3385580,532,0,5,-91.6,559,-70.0,50.0,86.02325267042627,3,245.53767779197437,-27,6,0,17.425436638533274
242,2404301,417315.0,3385530.0,30,60,3,3,2585.0,12.2,529,0,5,417195,3385510,532,0,5,-95.5,559,-120.0,-20.0,121.6552506059644,3,200.53767779197437,-27,6,0,12.513322940204917
243,2404301,417315.0,3385530.0,30,60,3,3,2585.0,12.2,529,0,5,417270,3385585,532,0,10,-89.5,559,-45.0,55.0,71.06335201775947,3,260.71059313749964,-27,6,0,20.803920869813417
244,2404301,417315.0,3385530.0,30,60,3,3,2585.0,12.2,529,0,5,417155,3385470,530,0,14,-94.5,559,-160.0,-60.0,170.88007490635061,1,189.44395478041653,-29,6,0,9.631876730771493
245,2404301,417315.0,3385530.0,30,60,3,3,2585.0,12.2,529,0,5,417265,3385600,532,0,5,-95.45,559,-50.0,70.0,86.02325267042627,3,264.4623222080256,-27,6,0,17.425436638533274
246,2404301,417315.0,3385530.0,30,60,3,3,2585.0,12.2,529,0,5,417255,3385570,532,102,5,-92.17,559,-60.0,40.0,72.11102550927978,3,243.69006752597977,-27,6,0,20.52703743748409
247,2404301,417315.0,3385530.0,30,60,3,3,2585.0,12.2,529,0,5,417250,3385565,532,0,5,-95.25,559,-65.0,35.0,73.824115301167,3,238.30075576600638,-27,6,0,20.08919189978977
248,2404301,417315.0,3385530.0,30,60,3,3,2585.0,12.2,529,0,5,417240,3385575,532,0,5,-92.4,559,-75.0,45.0,87.46427842267951,3,240.9637565320735,-27,6,0,17.15532388486607
249,2404301,417315.0,3385530.0,30,60,3,3,2585.0,12.2,529,0,5,417260,3385595,532,0,5,-86.57,559,-55.0,65.0,85.14693182963201,3,259.76364169072616,-27,6,0,17.593765027641407
250,2404301,417315.0,3385530.0,30,60,3,3,2585.0,12.2,529,0,5,417225,3385560,532,0,5,-88.67,559,-90.0,30.0,94.86832980505137,3,228.43494882292202,-27,6,0,15.886617531931096
251,2404301,417315.0,3385530.0,30,60,3,3,2585.0,12.2,529,0,5,417790,3385455,527,0,10,-104.33,559,475.0,-75.0,480.88460154178364,-2,38.9726266148964,-32,6,0,3.807079381881156
252,2404301,417315.0,3385530.0,30,60,3,3,2585.0,12.2,529,0,5,417780,3385445,526,0,10,-94.5,559,465.0,-85.0,472.7049819919397,-3,40.359052488083705,-33,6,0,3.993395795128331
253,2404301,417315.0,3385530.0,30,60,3,3,2585.0,12.2,529,0,5,417740,3385405,524,0,5,-105.5,559,425.0,-125.0,443.00112866673373,-5,46.38954033403479,-35,6,0,4.517359473488931
254,2404301,417315.0,3385530.0,30,60,3,3,2585.0,12.2,529,0,5,417655,3385360,521,0,5,-92.5,559,340.0,-170.0,380.13155617496426,-8,56.565051177077976,-38,6,0,5.708629867361996
255,2404301,417315.0,3385530.0,30,60,3,3,2585.0,12.2,529,0,5,417350,3385525,525,0,5,-76.4,559,35.0,-5.0,35.35533905932738,-4,38.13010235415595,-34,6,0,43.88047083286422
256,2404301,417315.0,3385530.0,30,60,3,3,2585.0,12.2,529,0,5,417380,3385495,525,0,5,-87.33,559,65.0,-35.0,73.824115301167,-4,58.300755766006375,-34,6,0,24.72862839754378
257,2404301,417315.0,3385530.0,30,60,3,3,2585.0,12.2,529,0,5,417405,3385480,524,0,5,-94.25,559,90.0,-50.0,102.95630140987001,-5,59.05460409907715,-35,6,0,18.77546790944567
258,2404301,417315.0,3385530.0,30,60,3,3,2585.0,12.2,529,0,5,417335,3385550,527,0,5,-71.42,559,20.0,20.0,28.284271247461902,-2,-15.0,-32,6,0,48.5270656910595
259,2404301,417315.0,3385530.0,30,60,3,3,2585.0,12.2,529,0,5,417430,3385445,524,102,10,-103.2,559,115.0,-85.0,143.0034964607509,-5,66.46923439005184,-35,6,0,13.752747089531146
260,2404301,417315.0,3385530.0,30,60,3,3,2585.0,12.2,529,0,5,417280,3385595,532,0,10,-86.31,559,-35.0,65.0,73.824115301167,3,271.6992442339936,-27,6,0,20.08919189978977
261,2404301,417315.0,3385530.0,30,60,3,3,2585.0,12.2,529,0,5,417330,3385545,527,0,5,-74.19,559,15.0,15.0,21.213203435596427,-2,-15.0,-32,6,0,56.4591002680473
262,2404301,417315.0,3385530.0,30,60,3,3,2585.0,12.2,529,0,5,417315,3385570,529,0,6,-73.77,559,0.0,40.0,40.0,0,-60.0,-30,6,0,36.86989764584402
263,2404301,417315.0,3385530.0,30,60,3,3,2585.0,12.2,529,0,5,417305,3385580,530,0,5,-76.05,559,-10.0,50.0,50.99019513592785,1,288.69006752597977,-29,6,0,29.628482600588736
264,2404301,417315.0,3385530.0,30,60,3,3,2585.0,12.2,529,0,5,417415,3385470,524,0,5,-93.0,559,100.0,-60.0,116.61903789690601,-5,60.96375653207349,-35,6,0,16.70568448289184
265,2404301,417315.0,3385530.0,30,60,3,3,2585.0,12.2,529,0,5,417290,3385585,531,0,5,-79.0,559,-25.0,55.0,60.41522986797286,2,275.55604521958344,-28,6,0,24.86580316010663
266,2404301,417315.0,3385530.0,30,60,3,3,2585.0,12.2,529,0,5,417410,3385465,525,0,5,-97.25,559,95.0,-65.0,115.10864433221339,-4,64.38034472384487,-34,6,0,16.455724206443232
267,2404301,417315.0,3385530.0,30,60,3,3,2585.0,12.2,529,0,5,417295,3385590,531,0,5,-80.0,559,-20.0,60.0,63.245553203367585,2,281.565051177078,-28,6,0,23.879876253764905
268,2404301,417315.0,3385530.0,30,60,3,3,2585.0,12.2,529,0,5,417370,3385505,525,0,5,-90.6,559,55.0,-25.0,60.41522986797286,-4,54.44395478041656,-34,6,0,29.36959098593122
269,2404301,417315.0,3385530.0,30,60,3,3,2585.0,12.2,529,0,5,417325,3385560,528,0,5,-72.88,559,10.0,30.0,31.622776601683793,-1,-41.565051177077976,-31,6,0,44.430218579882805
270,2404301,417315.0,3385530.0,30,60,3,3,2585.0,12.2,529,0,5,417345,3385540,526,0,5,-75.65,559,30.0,10.0,31.622776601683793,-3,11.565051177077976,-33,6,0,46.220887572479654
271,2404301,417315.0,3385530.0,30,60,3,3,2585.0,12.2,529,0,5,417340,3385535,526,0,10,-70.44,559,25.0,5.0,25.495097567963924,-3,18.69006752597977,-33,6,0,52.31108941240685
272,2404301,417315.0,3385530.0,30,60,3,3,2585.0,12.2,529,0,5,417360,3385515,524,0,5,-85.43,559,45.0,-15.0,47.43416490252569,-5,48.434948822922024,-35,6,0,36.42230980353445
273,2404301,417315.0,3385530.0,30,60,3,3,2585.0,12.2,529,0,5,417355,3385530,524,0,5,-83.25,559,40.0,0.0,40.0,-5,30.0,-35,6,0,41.18592516570965
274,2404301,417315.0,3385530.0,30,60,3,3,2585.0,12.2,529,0,5,417365,3385520,524,0,5,-81.3,559,50.0,-10.0,50.99019513592785,-5,41.30993247402023,-35,6,0,34.46595604571382
275,2404301,417315.0,3385530.0,30,60,3,3,2585.0,12.2,529,0,5,417285,3385600,531,0,10,-86.0,559,-30.0,70.0,76.15773105863909,2,276.8014094863518,-28,6,0,20.1863558536113
276,2404301,417315.0,3385530.0,30,60,3,3,2585.0,12.2,529,0,5,417435,3385450,524,0,10,-98.25,559,120.0,-80.0,144.22205101855957,-5,63.69006752597977,-35,6,0,13.640906764804797
277,2404301,417315.0,3385530.0,30,60,3,3,2585.0,12.2,529,0,5,417400,3385475,525,0,5,-101.22,559,85.0,-55.0,101.24228365658294,-4,62.905242922987895,-34,6,0,18.56349612550708
278,2404301,417315.0,3385530.0,30,60,3,3,2585.0,12.2,529,0,5,417395,3385490,524,0,5,-85.78,559,80.0,-40.0,89.44271909999159,-5,56.565051177077976,-35,6,0,21.37099732252035
279,2404301,417315.0,3385530.0,30,60,3,3,2585.0,12.2,529,0,5,417375,3385510,524,0,5,-85.4,559,60.0,-20.0,63.245553203367585,-5,48.434948822922024,-35,6,0,28.960080041115702
280,2404301,417315.0,3385530.0,30,60,3,3,2585.0,12.2,529,0,5,417300,3385575,530,0,5,-78.67,559,-15.0,45.0,47.43416490252569,1,281.565051177078,-29,6,0,31.440517824654222
281,2404301,417315.0,3385530.0,30,60,3,3,2585.0,12.2,529,0,5,417310,3385565,530,0,6,-73.33,559,-5.0,35.0,35.35533905932738,1,291.86989764584405,-29,6,0,39.360106388564645
282,2404301,417315.0,3385530.0,30,60,3,3,2585.0,12.2,529,0,5,417320,3385555,529,0,5,-75.78,559,5.0,25.0,25.495097567963924,0,-48.69006752597977,-30,6,0,49.64089954333876
283,2404301,417315.0,3385530.0,30,60,3,3,2585.0,12.2,529,0,5,417385,3385500,524,0,5,-87.0,559,70.0,-30.0,76.15773105863909,-5,53.198590513648185,-35,6,0,24.682211458662284
284,2404301,417315.0,3385530.0,30,60,3,3,2585.0,12.2,529,0,5,417390,3385485,525,102,5,-83.57,559,75.0,-45.0,87.46427842267951,-4,60.96375653207349,-34,6,0,21.242603631151898
285,2404301,417315.0,3385530.0,30,60,3,3,2585.0,12.2,529,0,5,417495,3385560,526,0,5,-107.5,559,180.0,30.0,182.4828759089466,-3,20.537677791974374,-33,6,0,10.25052311134815
286,2404301,417315.0,3385530.0,30,60,3,3,2585.0,12.2,529,0,5,417285,3385430,530,102,5,-85.5,559,-30.0,-100.0,104.4030650891055,1,136.6992442339936,-29,6,0,15.523677215796114
287,2404301,417315.0,3385530.0,30,60,3,3,2585.0,12.2,529,0,5,417480,3385545,525,0,5,-97.5,559,165.0,15.0,165.6804152578089,-4,24.80557109226521,-34,6,0,11.596912192773834
288,2404301,417315.0,3385530.0,30,60,3,3,2585.0,12.2,529,0,5,417290,3385435,530,102,5,-88.0,559,-25.0,-95.0,98.2344135219425,1,134.74356283647072,-29,6,0,16.447244818680193
289,2404301,417315.0,3385530.0,30,60,3,3,2585.0,12.2,529,0,5,417520,3385505,524,0,6,-96.5,559,205.0,-25.0,206.51876428063383,-5,36.952957468173906,-35,6,0,9.618870083076468
290,2404301,417315.0,3385530.0,30,60,3,3,2585.0,12.2,529,0,5,417445,3385590,527,0,5,-99.8,559,130.0,60.0,143.17821063276352,-2,5.224859431168056,-32,6,0,12.598429036381495
291,2404301,417315.0,3385530.0,30,60,3,3,2585.0,12.2,529,0,5,417460,3385565,526,102,5,-92.92,559,145.0,35.0,149.164338901763,-3,16.42956561483851,-33,6,0,12.474758195325483
292,2404301,417315.0,3385530.0,30,60,3,3,2585.0,12.2,529,0,5,417590,3385455,525,0,6,-94.67,559,275.0,-75.0,285.0438562747845,-4,45.2551187030578,-34,6,0,6.802096425223916
293,2404301,417315.0,3385530.0,30,60,3,3,2585.0,12.2,529,0,5,417565,3385470,525,0,6,-87.5,559,250.0,-60.0,257.0992026436488,-4,43.49573328079583,-34,6,0,7.533348542502132
294,2404301,417315.0,3385530.0,30,60,3,3,2585.0,12.2,529,0,5,417580,3385445,524,0,6,-97.0,559,265.0,-85.0,278.29840100151495,-5,47.7838884426925,-35,6,0,7.168129011028495
295,2404301,417315.0,3385530.0,30,60,3,3,2585.0,12.2,529,0,5,417455,3385600,527,0,5,-94.4,559,140.0,70.0,156.52475842498527,-2,3.434948822922024,-32,6,0,11.55435875894292
296,2404301,417315.0,3385530.0,30,60,3,3,2585.0,12.2,529,0,5,417595,3385460,525,0,6,-98.0,559,280.0,-70.0,288.61739379323626,-4,44.03624346792651,-34,6,0,6.718650453214288
297,2404301,417315.0,3385530.0,30,60,3,3,2585.0,12.2,529,0,5,417450,3385595,527,0,5,-94.71,559,135.0,65.0,149.83324063771698,-2,4.290046219188753,-32,6,0,12.055586233593294
298,2404301,417315.0,3385530.0,30,60,3,3,2585.0,12.2,529,0,5,417490,3385555,526,102,5,-105.75,559,175.0,25.0,176.7766952966369,-3,21.86989764584405,-33,6,0,10.574050704798568
299,2404301,417315.0,3385530.0,30,60,3,3,2585.0,12.2,529,0,5,417585,3385450,525,0,6,-88.5,559,270.0,-80.0,281.60255680657446,-4,46.50436138175502,-34,6,0,6.884427830975989
300,2404301,417315.0,3385530.0,30,60,3,3,2585.0,12.2,529,0,5,417475,3385580,527,0,5,-99.43,559,160.0,50.0,167.6305461424021,-2,12.645975363738671,-32,6,0,10.807507017271917
301,2404301,417315.0,3385530.0,30,60,3,3,2585.0,12.2,529,0,5,417465,3385570,526,102,5,-98.14,559,150.0,40.0,155.24174696260025,-3,15.068582821862435,-33,6,0,12.000829137735403
302,2404301,417315.0,3385530.0,30,60,3,3,2585.0,12.2,529,0,5,417440,3385585,526,0,5,-93.86,559,125.0,55.0,136.56500283747664,-3,6.250505507133255,-33,6,0,13.584719150017763
303,2404301,417315.0,3385530.0,30,60,3,3,2585.0,12.2,529,0,5,417485,3385550,525,102,5,-107.6,559,170.0,20.0,171.1724276862369,-4,23.290163192243085,-34,6,0,11.234443118495808
304,2404301,417315.0,3385530.0,30,60,3,3,2585.0,12.2,529,0,5,417300,3385405,529,0,5,-95.5,559,-15.0,-125.0,125.89678312014172,0,126.84277341263095,-30,6,0,13.403081587317423
305,2404301,417315.0,3385530.0,30,60,3,3,2585.0,12.2,529,0,5,417500,3385525,524,0,5,-107.0,559,185.0,-5.0,185.06755523321746,-5,31.548157698977946,-35,6,0,10.70930287334656
306,2404301,417315.0,3385530.0,30,60,3,3,2585.0,12.2,529,0,5,417280,3385425,530,0,5,-91.5,559,-35.0,-105.0,110.67971810589327,1,138.434948822922,-29,6,0,14.682426590782805
307,2404301,417315.0,3385530.0,30,60,3,3,2585.0,12.2,529,0,5,417470,3385575,526,102,5,-99.0,559,155.0,45.0,161.40012391568973,-3,13.810793742973033,-33,6,0,11.55547567826808
308,2404301,417315.0,3385530.0,30,60,3,3,2585.0,12.2,529,0,5,417255,3385315,526,0,10,-102.0,559,-60.0,-215.0,223.21514285549716,-3,135.59281093926634,-33,6,0,8.409660011054617
309,2404301,417315.0,3385530.0,30,60,3,3,2585.0,12.2,529,0,5,417270,3385705,529,0,5,-93.67,559,-45.0,175.0,180.6931099959265,0,285.579226872489,-30,6,0,9.426678925063642
310,2404301,417315.0,3385530.0,30,60,3,3,2585.0,12.2,529,0,5,417170,3385605,530,0,5,-95.0,559,-145.0,75.0,163.24827717314508,1,237.34987578006985,-29,6,0,10.073141560054557
311,2404301,417315.0,3385530.0,30,60,3,3,2585.0,12.2,529,0,5,417245,3385700,529,0,6,-91.0,559,-70.0,170.0,183.84776310850236,0,277.6198649480404,-30,6,0,9.267756546918934
312,2404301,417315.0,3385530.0,30,60,3,3,2585.0,12.2,529,0,5,417190,3385625,531,0,5,-97.75,559,-125.0,95.0,157.00318468107582,2,247.23483398157464,-28,6,0,10.111839429163206
313,2404301,417315.0,3385530.0,30,60,3,3,2585.0,12.2,529,0,5,417265,3385720,529,0,5,-100.67,559,-50.0,190.0,196.468827043885,0,285.25643716352926,-30,6,0,8.681774730334311
314,2404301,417315.0,3385530.0,30,60,3,3,2585.0,12.2,529,0,5,417230,3385535,533,0,10,-92.0,559,-85.0,5.0,85.14693182963201,4,213.3664606634298,-26,6,0,16.980287487645704
315,2404301,417315.0,3385530.0,30,60,3,3,2585.0,12.2,529,0,5,417225,3385530,533,0,10,-100.5,559,-90.0,0.0,90.0,4,210.0,-26,6,0,16.11341823308929
316,2404301,417315.0,3385530.0,30,60,3,3,2585.0,12.2,529,0,5,417270,3385575,532,0,5,-102.0,559,-45.0,45.0,63.63961030678928,3,255.0,-27,6,0,22.989767773608854
317,2404301,417315.0,3385530.0,30,60,3,3,2585.0,12.2,529,0,5,417265,3385570,532,102,5,-90.5,559,-50.0,40.0,64.03124237432849,3,248.65980825409008,-27,6,0,22.86365244532914
318,2404301,417315.0,3385530.0,30,60,3,3,2585.0,12.2,529,0,5,417250,3385595,532,0,5,-90.0,559,-65.0,65.0,91.92388155425118,3,255.0,-27,6,0,16.36863597851052
319,2404301,417315.0,3385530.0,30,60,3,3,2585.0,12.2,529,0,5,417240,3385585,532,102,5,-97.5,559,-75.0,55.0,93.00537618869137,3,246.25383773744477,-27,6,0,16.188319453284024
320,2404301,417315.0,3385530.0,30,60,3,3,2585.0,12.2,529,0,5,417255,3385600,532,0,5,-93.0,559,-60.0,70.0,92.19544457292888,3,259.3987053549955,-27,6,0,16.322992150294365
321,2404301,417315.0,3385530.0,30,60,3,3,2585.0,12.2,529,0,5,417275,3385580,532,0,5,-87.5,559,-40.0,50.0,64.03124237432849,3,261.3401917459099,-27,6,0,22.86365244532914
322,2404301,417315.0,3385530.0,30,60,3,3,2585.0,12.2,529,0,5,417260,3385565,532,102,5,-89.33,559,-55.0,35.0,65.19202405202648,3,242.47119229084848,-27,6,0,22.497433985158047
323,2404301,417315.0,3385530.0,30,60,3,3,2585.0,12.2,529,0,5,417210,3385555,532,0,5,-96.67,559,-105.0,25.0,107.93516572461452,3,223.39249775375112,-27,6,0,14.044341137531726
324,2404301,417315.0,3385530.0,30,60,3,3,2585.0,12.2,529,0,5,417195,3385500,532,0,5,-82.0,559,-120.0,-30.0,123.69316876852982,3,195.96375653207352,-27,6,0,12.313498291821032
325,2404301,417315.0,3385530.0,30,60,3,3,2585.0,12.2,529,0,5,417200,3385545,533,6,5,-109.0,559,-115.0,15.0,115.97413504743201,4,217.43140797117252,-26,6,0,12.636089005059768
326,2404301,417315.0,3385530.0,30,60,3,3,2585.0,12.2,529,0,5,417245,3385590,532,0,5,-92.0,559,-70.0,60.0,92.19544457292888,3,250.6012946450045,-27,6,0,16.322992150294365
327,2404301,417315.0,3385530.0,30,60,3,3,2585.0,12.2,529,0,5,417120,3385385,527,0,5,-109.5,559,-195.0,-145.0,243.00205760445732,-2,173.36588612403258,-32,6,0,7.501894029666799
328,2404301,417315.0,3385530.0,30,60,3,3,2585.0,12.2,529,0,5,417635,3385420,524,9,6,-101.5,559,320.0,-110.0,338.3784863137726,-5,48.970407808486584,-35,6,0,5.9053585724986055
329,2404301,417315.0,3385530.0,30,60,3,3,2585.0,12.2,529,0,5,417610,3385435,525,0,6,-110.0,559,295.0,-95.0,309.9193443462347,-4,47.850318302216806,-34,6,0,6.260652268920542
330,2404301,417315.0,3385530.0,30,60,3,3,2585.0,12.2,529,0,5,417600,3385425,524,0,6,-92.0,559,285.0,-105.0,303.7268509697488,-5,50.224859431168056,-35,6,0,6.573491573466335
331,2404301,417315.0,3385530.0,30,60,3,3,2585.0,12.2,529,0,5,417605,3385430,524,0,6,-110.5,559,290.0,-100.0,306.75723300355935,-5,49.02560603756871,-35,6,0,6.509113643693574
332,2404301,417315.0,3385530.0,30,60,3,3,2585.0,12.2,529,0,5,417615,3385440,525,0,6,-106.0,559,300.0,-90.0,313.2091952673165,-4,46.699244233993625,-34,6,0,6.19540641176975
333,2404301,417315.0,3385530.0,30,60,3,3,2585.0,12.2,529,0,5,417630,3385415,523,9,6,-103.25,559,315.0,-115.0,335.3356527421443,-6,50.0560947365754,-36,6,0,6.127527162328714
334,2404301,417315.0,3385530.0,30,60,3,3,2585.0,12.2,529,0,5,417355,3385430,527,0,5,-87.5,559,40.0,-100.0,107.70329614269008,-2,98.19859051364824,-32,6,0,16.54734478181665
335,2404301,417315.0,3385530.0,30,60,3,3,2585.0,12.2,529,0,5,417325,3385420,528,0,5,-97.5,559,10.0,-110.0,110.45361017187261,-1,114.80557109226515,-31,6,0,15.677349647848496
336,2404301,417315.0,3385530.0,30,60,3,3,2585.0,12.2,529,0,5,417500,3385595,528,0,10,-101.0,559,185.0,65.0,196.08671551127577,-1,10.641005824305296,-31,6,0,8.983727529418614
337,2404301,417315.0,3385530.0,30,60,3,3,2585.0,12.2,529,0,5,417515,3385590,528,102,5,-103.0,559,200.0,60.0,208.806130178211,-1,13.300755766006375,-31,6,0,8.444624628305624
338,2404301,417315.0,3385530.0,30,60,3,3,2585.0,12.2,529,0,5,417350,3385425,527,0,5,-93.4,559,35.0,-105.0,110.67971810589327,-2,101.56505117707798,-32,6,0,16.125772905916136
339,2404301,417315.0,3385530.0,30,60,3,3,2585.0,12.2,529,0,5,417345,3385440,528,0,5,-98.18,559,30.0,-90.0,94.86832980505137,-1,101.56505117707798,-31,6,0,18.095771161885327
340,2404301,417315.0,3385530.0,30,60,3,3,2585.0,12.2,529,0,5,417505,3385600,528,102,10,-100.75,559,190.0,70.0,202.48456731316588,-1,9.775140568831944,-31,6,0,8.704287523490272
341,2404301,417315.0,3385530.0,30,60,3,3,2585.0,12.2,529,0,5,417480,3385575,526,0,5,-98.5,559,165.0,45.0,171.0263137648707,-3,14.744881296942253,-33,6,0,10.921164573050605
342,2404301,417315.0,3385530.0,30,60,3,3,2585.0,12.2,529,0,5,417330,3385405,528,0,5,-93.5,559,15.0,-125.0,125.89678312014172,-1,113.157226587369,-31,6,0,13.832951610002869
343,2404301,417315.0,3385530.0,30,60,3,3,2585.0,12.2,529,0,5,417470,3385545,525,0,6,-104.0,559,155.0,15.0,155.72411502397438,-4,24.472459848343817,-34,6,0,12.316384749890998
344,2404301,417315.0,3385530.0,30,60,3,3,2585.0,12.2,529,0,5,417495,3385570,526,0,5,-98.33,559,180.0,40.0,184.39088914585776,-3,17.471192290848478,-33,6,0,10.146669184089278
345,2404301,417315.0,3385530.0,30,60,3,3,2585.0,12.2,529,0,5,417340,3385435,528,0,5,-94.75,559,25.0,-95.0,98.2344135219425,-1,105.25643716352931,-31,6,0,17.5142211500508
346,2404301,417315.0,3385530.0,30,60,3,3,2585.0,12.2,529,0,5,417510,3385585,527,102,5,-101.4,559,195.0,55.0,202.6079958935481,-2,14.248826336546983,-32,6,0,8.975182597743439
347,2404301,417315.0,3385530.0,30,60,3,3,2585.0,12.2,529,0,5,417485,3385580,527,0,5,-99.5,559,170.0,50.0,177.2004514666935,-2,13.610459665965209,-32,6,0,10.236516844012204
348,2404301,417315.0,3385530.0,30,60,3,3,2585.0,12.2,529,0,5,417390,3385530,524,0,10,-83.88,559,75.0,0.0,75.0,-5,30.0,-35,6,0,25.016893478100023
349,2404301,417315.0,3385530.0,30,60,3,3,2585.0,12.2,529,0,5,417375,3385545,525,0,5,-83.2,559,60.0,15.0,61.84658438426491,-4,15.963756532073546,-34,6,0,28.799681652550277
350,2404301,417315.0,3385530.0,30,60,3,3,2585.0,12.2,529,0,5,417280,3385480,531,0,5,-81.65,559,-35.0,-50.0,61.032778078668514,2,154.99202019855866,-28,6,0,24.644231275376928
351,2404301,417315.0,3385530.0,30,60,3,3,2585.0,12.2,529,0,5,417430,3385570,526,0,6,-83.89,559,115.0,40.0,121.75795661885921,-3,10.820991974189269,-33,6,0,15.164539798355984
352,2404301,417315.0,3385530.0,30,60,3,3,2585.0,12.2,529,0,5,417420,3385580,526,0,6,-91.89,559,105.0,50.0,116.29703349613007,-3,4.536654938128379,-33,6,0,15.841617505227896
353,2404301,417315.0,3385530.0,30,60,3,3,2585.0,12.2,529,0,5,417415,3385585,527,0,6,-92.1,559,100.0,55.0,114.12712210513327,-2,1.1892062570269673,-32,6,0,15.662916900852254
354,2404301,417315.0,3385530.0,30,60,3,3,2585.0,12.2,529,0,5,417285,3385475,531,0,5,-86.94,559,-30.0,-55.0,62.64982043070834,2,148.6104596659652,-28,6,0,24.081236215193254
355,2404301,417315.0,3385530.0,30,60,3,3,2585.0,12.2,529,0,5,417385,3385535,524,0,10,-85.26,559,70.0,5.0,70.178344238091,-5,25.914383220025115,-35,6,0,26.506779270207968
356,2404301,417315.0,3385530.0,30,60,3,3,2585.0,12.2,529,0,5,417580,3385420,523,0,5,-89.5,559,265.0,-110.0,286.9233347080715,-6,52.54306100005789,-36,6,0,7.151476297987577
357,2404301,417315.0,3385530.0,30,60,3,3,2585.0,12.2,529,0,5,417585,3385415,523,0,5,-94.0,559,270.0,-115.0,293.47061181658376,-6,53.07041224982464,-36,6,0,6.993525857164472
358,2404301,417315.0,3385530.0,30,60,3,3,2585.0,12.2,529,0,5,417595,3385405,523,0,5,-92.38,559,280.0,-125.0,306.6349621292393,-6,54.05734945001177,-36,6,0,6.696068760410626
359,2404301,417315.0,3385530.0,30,60,3,3,2585.0,12.2,529,0,5,417590,3385410,523,0,5,-88.8,559,275.0,-120.0,300.04166377354994,-6,53.57470620191259,-36,6,0,6.8418322329751895
360,2404301,417315.0,3385530.0,30,60,3,3,2585.0,12.2,529,0,5,417400,3385600,527,0,5,-90.82,559,85.0,70.0,110.11357772772621,-2,-9.472459848343817,-32,6,0,16.20434161329894
361,2404301,417315.0,3385530.0,30,60,3,3,2585.0,12.2,529,0,5,417410,3385590,527,0,6,-89.12,559,95.0,60.0,112.36102527122117,-2,-2.275644314577619,-32,6,0,15.89675496402854
362,2404301,417315.0,3385530.0,30,60,3,3,2585.0,12.2,529,0,5,417325,3385515,528,0,10,-82.71,559,10.0,-15.0,18.027756377319946,-1,86.30993247402023,-31,6,0,59.820263589164924
363,2404301,417315.0,3385530.0,30,60,3,3,2585.0,12.2,529,0,5,417360,3385560,526,0,5,-74.16,559,45.0,30.0,54.08326913195984,-3,-3.690067525979771,-33,6,0,31.390298345675202
364,2404301,417315.0,3385530.0,30,60,3,3,2585.0,12.2,529,0,5,417355,3385485,526,0,5,-85.5,559,40.0,-45.0,60.207972893961475,-3,78.36646066342979,-33,6,0,28.727154796033545
365,2404301,417315.0,3385530.0,30,60,3,3,2585.0,12.2,529,0,5,417350,3385490,526,0,5,-95.4,559,35.0,-40.0,53.150729063673246,-3,78.81407483429035,-33,6,0,31.835143989332998
366,2404301,417315.0,3385530.0,30,60,3,3,2585.0,12.2,529,0,5,417345,3385495,526,0,5,-85.22,559,30.0,-35.0,46.09772228646444,-3,79.39870535499551,-33,6,0,35.597758484625814
367,2404301,417315.0,3385530.0,30,60,3,3,2585.0,12.2,529,0,5,417320,3385520,528,0,10,-81.62,559,5.0,-10.0,11.180339887498949,-1,93.43494882292202,-31,6,0,70.16785049310396
368,2404301,417315.0,3385530.0,30,60,3,3,2585.0,12.2,529,0,5,417380,3385540,524,0,10,-81.08,559,65.0,10.0,65.76473218982953,-5,21.25383773744477,-35,6,0,28.0219145167851
369,2404301,417315.0,3385530.0,30,60,3,3,2585.0,12.2,529,0,5,417370,3385550,525,0,5,-77.17,559,55.0,20.0,58.52349955359813,-4,10.01689347810003,-34,6,0,30.155011690227337
370,2404301,417315.0,3385530.0,30,60,3,3,2585.0,12.2,529,0,5,417330,3385510,527,0,5,-84.19,559,15.0,-20.0,25.0,-2,83.13010235415595,-32,6,0,52.00126755749534
371,2404301,417315.0,3385530.0,30,60,3,3,2585.0,12.2,529,0,5,417405,3385595,527,0,5,-89.84,559,90.0,65.0,111.01801655587259,-2,-5.837652954278269,-32,6,0,16.0791770393047
372,2404301,417315.0,3385530.0,30,60,3,3,2585.0,12.2,529,0,5,417295,3385465,530,0,5,-83.27,559,-20.0,-65.0,68.00735254367721,1,137.10272896905238,-29,6,0,23.094586656615782
373,2404301,417315.0,3385530.0,30,60,3,3,2585.0,12.2,529,0,5,417305,3385455,529,102,5,-97.6,559,-10.0,-75.0,75.66372975210778,0,127.59464336859142,-30,6,0,21.627888248437245
374,2404301,417315.0,3385530.0,30,60,3,3,2585.0,12.2,529,0,5,417290,3385470,530,0,5,-86.71,559,-25.0,-60.0,65.0,1,142.61986494804043,-29,6,0,24.044223269367816
375,2404301,417315.0,3385530.0,30,60,3,3,2585.0,12.2,529,0,5,417310,3385450,529,102,5,-95.25,559,-5.0,-80.0,80.15609770940699,0,123.57633437499734,-30,6,0,20.51935289704364
376,2404301,417315.0,3385530.0,30,60,3,3,2585.0,12.2,529,0,5,417395,3385525,524,0,10,-84.94,559,80.0,-5.0,80.15609770940699,-5,33.57633437499737,-35,6,0,23.588391629985992
377,2404301,417315.0,3385530.0,30,60,3,3,2585.0,12.2,529,0,5,417425,3385575,526,0,6,-93.22,559,110.0,45.0,118.84864324004712,-3,7.750976342787624,-33,6,0,15.51806342941376
378,2404301,417315.0,3385530.0,30,60,3,3,2585.0,12.2,529,0,5,417315,3385445,529,0,5,-90.25,559,0.0,-85.0,85.0,0,120.0,-30,6,0,19.44003482817619
379,2404301,417315.0,3385530.0,30,60,3,3,2585.0,12.2,529,0,5,417335,3385505,527,0,5,-80.77,559,20.0,-25.0,32.01562118716424,-2,81.34019174590992,-32,6,0,44.986018598880534
380,2404301,417315.0,3385530.0,30,60,3,3,2585.0,12.2,529,0,5,417300,3385460,530,0,5,-92.57,559,-15.0,-70.0,71.58910531638176,1,132.09475707701208,-29,6,0,22.052356227655714
381,2404301,417315.0,3385530.0,30,60,3,3,2585.0,12.2,529,0,5,417365,3385555,525,0,5,-71.78,559,50.0,25.0,55.90169943749474,-4,3.434948822922024,-34,6,0,31.30840572379934
382,2404301,417315.0,3385530.0,30,60,3,3,2585.0,12.2,529,0,5,417340,3385500,526,0,5,-83.6,559,25.0,-30.0,39.05124837953327,-3,80.19442890773485,-33,6,0,40.199260890298966
383,2404301,417315.0,3385530.0,30,60,3,3,2585.0,12.2,529,0,5,417265,3385745,529,0,5,-94.2,559,-50.0,215.0,220.73740054644117,0,286.90810693565317,-30,6,0,7.739540442358338
384,2404301,417315.0,3385530.0,30,60,3,3,2585.0,12.2,529,0,5,417180,3385670,529,0,5,-102.33,559,-135.0,140.0,194.48650338776724,0,256.04162667600997,-30,6,0,8.768896032320654
385,2404301,417315.0,3385530.0,30,60,3,3,2585.0,12.2,529,0,5,417190,3385680,529,0,5,-105.33,559,-125.0,150.0,195.25624189766637,0,260.1944289077348,-30,6,0,8.734861486585647
386,2404301,417315.0,3385530.0,30,60,3,3,2585.0,12.2,529,0,5,417195,3385675,529,0,5,-95.5,559,-120.0,145.0,188.2153022471871,0,260.3893117599734,-30,6,0,9.056303411315264
387,2404301,417315.0,3385530.0,30,60,3,3,2585.0,12.2,529,0,5,417175,3385630,530,102,5,-90.67,559,-140.0,100.0,172.04650534085255,1,245.53767779197437,-29,6,0,9.567786340908564
388,2404301,417315.0,3385530.0,30,60,3,3,2585.0,12.2,529,0,5,417160,3385635,529,102,5,-91.0,559,-155.0,105.0,187.21645226849054,0,244.11447294534128,-30,6,0,9.103814167500316
389,2404301,417315.0,3385530.0,30,60,3,3,2585.0,12.2,529,0,5,417260,3385695,529,0,6,-100.0,559,-55.0,165.0,173.92527130926086,0,281.565051177078,-30,6,0,9.78652888043945
390,2404301,417315.0,3385530.0,30,60,3,3,2585.0,12.2,529,0,5,417275,3385690,529,0,5,-102.33,559,-40.0,160.0,164.92422502470643,0,285.96375653207355,-30,6,0,10.309479553739914
391,2404301,417315.0,3385530.0,30,60,3,3,2585.0,12.2,529,0,5,417195,3385610,531,0,14,-94.67,559,-120.0,80.0,144.22205101855957,2,243.69006752597977,-28,6,0,10.987011860880278
392,2404301,417315.0,3385530.0,30,60,3,3,2585.0,12.2,529,0,5,417270,3385685,529,0,6,-95.6,559,-45.0,155.0,161.40012391568973,0,283.81079374297303,-30,6,0,10.529600195791035
393,2404301,417315.0,3385530.0,30,60,3,3,2585.0,12.2,529,0,5,417295,3385550,531,0,6,-85.0,559,-20.0,20.0,28.284271247461902,2,255.0,-28,6,0,44.710622455169606
394,2404301,417315.0,3385530.0,30,60,3,3,2585.0,12.2,529,0,5,417305,3385540,530,0,5,-84.33,559,-10.0,10.0,14.142135623730951,1,255.0,-29,6,0,64.00336686416428
395,2404301,417315.0,3385530.0,30,60,3,3,2585.0,12.2,529,0,5,417325,3385600,529,0,6,-78.38,559,10.0,70.0,70.71067811865476,0,-51.86989764584405,-30,6,0,22.989767773608854
396,2404301,417315.0,3385530.0,30,60,3,3,2585.0,12.2,529,0,5,417585,3385340,520,0,5,-97.0,559,270.0,-190.0,330.15148038438355,-9,65.13419305691565,-39,6,0,6.736992051126558
397,2404301,417315.0,3385530.0,30,60,3,3,2585.0,12.2,529,0,5,417400,3385515,524,0,5,-84.22,559,85.0,-15.0,86.31338250816034,-5,40.007979801441365,-35,6,0,22.072510570186445
398,2404301,417315.0,3385530.0,30,60,3,3,2585.0,12.2,529,0,5,417350,3385565,526,0,5,-67.88,559,35.0,35.0,49.49747468305833,-3,-15.0,-33,6,0,33.6914166645641
399,2404301,417315.0,3385530.0,30,60,3,3,2585.0,12.2,529,0,5,417310,3385525,529,0,5,-81.25,559,-5.0,-5.0,7.0710678118654755,0,165.0,-30,6,0,76.73732399169515
400,2404301,417315.0,3385530.0,30,60,3,3,2585.0,12.2,529,0,5,417510,3385405,523,0,5,-84.5,559,195.0,-125.0,231.62469643800938,-6,62.66091272167381,-36,6,0,8.834446023775754
401,2404301,417315.0,3385530.0,30,60,3,3,2585.0,12.2,529,0,5,417420,3385495,524,0,10,-87.15,559,105.0,-35.0,110.67971810589327,-5,48.434948822922024,-35,6,0,17.5484006137923
402,2404301,417315.0,3385530.0,30,60,3,3,2585.0,12.2,529,0,5,417460,3385375,524,0,5,-104.0,559,145.0,-155.0,212.24985276791125,-5,76.9091524329964,-35,6,0,9.36380709291533
403,2404301,417315.0,3385530.0,30,60,3,3,2585.0,12.2,529,0,5,417410,3385505,524,0,10,-85.71,559,95.0,-25.0,98.2344135219425,-5,44.743562836470744,-35,6,0,19.610506439921707
404,2404301,417315.0,3385530.0,30,60,3,3,2585.0,12.2,529,0,5,417315,3385530,529,0,5,-74.87,559,0.0,0.0,0.0,0,-60.0,-30,6,0,90.0
405,2404301,417315.0,3385530.0,30,60,3,3,2585.0,12.2,529,0,5,417335,3385590,528,0,6,-68.71,559,20.0,60.0,63.245553203367585,-1,-41.565051177077976,-31,6,0,26.111924295898913
406,2404301,417315.0,3385530.0,30,60,3,3,2585.0,12.2,529,0,5,417430,3385485,524,0,5,-91.5,559,115.0,-45.0,123.4908903522847,-5,51.37062226934319,-35,6,0,15.823881456057778
407,2404301,417315.0,3385530.0,30,60,3,3,2585.0,12.2,529,0,5,417365,3385480,525,0,5,-87.5,559,50.0,-50.0,70.71067811865476,-4,75.0,-34,6,0,25.679765260676536
408,2404301,417315.0,3385530.0,30,60,3,3,2585.0,12.2,529,0,5,417370,3385465,526,102,5,-94.5,559,55.0,-65.0,85.14693182963201,-3,79.76364169072622,-33,6,0,21.18460462616093
409,2404301,417315.0,3385530.0,30,60,3,3,2585.0,12.2,529,0,5,417320,3385595,529,0,5,-71.72,559,5.0,65.0,65.19202405202648,0,-55.60129464500449,-30,6,0,24.710894130187462
410,2404301,417315.0,3385530.0,30,60,3,3,2585.0,12.2,529,0,5,417345,3385580,527,0,5,-69.72,559,30.0,50.0,58.309518948453004,-2,-29.036243467926454,-32,6,0,28.75778073300796
411,2404301,417315.0,3385530.0,30,60,3,3,2585.0,12.2,529,0,5,417355,3385570,526,0,5,-68.54,559,40.0,40.0,56.568542494923804,-3,-15.0,-33,6,0,30.25770941169711
412,2404301,417315.0,3385530.0,30,60,3,3,2585.0,12.2,529,0,5,417425,3385500,524,0,10,-88.67,559,110.0,-30.0,114.0175425099138,-5,45.2551187030578,-35,6,0,17.064931436430847
413,2404301,417315.0,3385530.0,30,60,3,3,2585.0,12.2,529,0,5,417330,3385585,529,0,6,-68.25,559,15.0,55.0,57.0087712549569,0,-44.7448812969422,-30,6,0,27.754907229130527
414,2404301,417315.0,3385530.0,30,60,3,3,2585.0,12.2,529,0,5,417285,3385560,531,0,5,-95.0,559,-30.0,30.0,42.42640687119285,2,255.0,-28,6,0,33.423467333412106
415,2404301,417315.0,3385530.0,30,60,3,3,2585.0,12.2,529,0,5,417340,3385575,528,0,5,-73.1,559,25.0,45.0,51.478150704935004,-1,-30.945395900922847,-31,6,0,31.056234653912057
416,2404301,417315.0,3385530.0,30,60,3,3,2585.0,12.2,529,0,5,417385,3385460,525,0,5,-93.5,559,70.0,-70.0,98.99494936611666,-4,75.0,-34,6,0,18.955129697977252
417,2404301,417315.0,3385530.0,30,60,3,3,2585.0,12.2,529,0,5,417435,3385490,524,0,5,-91.23,559,120.0,-40.0,126.49110640673517,-5,48.434948822922024,-35,6,0,15.46672895722096
418,2404301,417315.0,3385530.0,30,60,3,3,2585.0,12.2,529,0,5,417360,3385475,526,0,5,-91.21,559,45.0,-55.0,71.06335201775947,-3,80.7105931374997,-33,6,0,24.908947924440305
419,2404301,417315.0,3385530.0,30,60,3,3,2585.0,12.2,529,0,5,417405,3385520,524,0,5,-83.12,559,90.0,-10.0,90.55385138137417,-5,36.34019174590992,-35,6,0,21.132032576998256
420,2404301,417315.0,3385530.0,30,60,3,3,2585.0,12.2,529,0,5,417375,3385470,525,102,5,-84.6,559,60.0,-60.0,84.8528137423857,-4,75.0,-34,6,0,21.83567219571615
421,2404301,417315.0,3385530.0,30,60,3,3,2585.0,12.2,529,0,5,417415,3385510,524,0,5,-85.1,559,100.0,-20.0,101.9803902718557,-5,41.30993247402023,-35,6,0,18.94238642362761
422,2404301,417315.0,3385530.0,30,60,3,3,2585.0,12.2,529,0,5,417280,3385555,532,0,5,-92.4,559,-35.0,25.0,43.01162633521314,3,245.53767779197437,-27,6,0,32.11802315292065
423,2404301,417315.0,3385530.0,30,60,3,3,2585.0,12.2,529,0,5,417300,3385535,530,0,5,-85.82,559,-15.0,5.0,15.811388300841896,1,228.43494882292202,-29,6,0,61.39988574641117
424,2404301,417315.0,3385530.0,30,60,3,3,2585.0,12.2,529,0,5,417440,3385395,525,102,6,-84.0,559,125.0,-135.0,183.98369492974098,-4,77.20259816176582,-34,6,0,10.470081544359854
425,2404301,417315.0,3385530.0,30,60,3,3,2585.0,12.2,529,0,5,417280,3385420,530,0,5,-87.5,559,-35.0,-110.0,115.43396380615195,1,137.65012421993012,-29,6,0,14.10233089608409
426,2404301,417315.0,3385530.0,30,60,3,3,2585.0,12.2,529,0,5,417490,3385530,524,0,6,-95.33,559,175.0,0.0,175.0,-5,30.0,-35,6,0,11.309932474020213
427,2404301,417315.0,3385530.0,30,60,3,3,2585.0,12.2,529,0,5,417480,3385540,525,0,5,-96.67,559,165.0,10.0,165.3027525481654,-4,26.531770741082823,-34,6,0,11.622687240898156
428,2404301,417315.0,3385530.0,30,60,3,3,2585.0,12.2,529,0,5,417295,3385405,529,0,5,-89.0,559,-20.0,-125.0,126.58988901172162,0,129.09027692082233,-30,6,0,13.332324191004192
429,2404301,417315.0,3385530.0,30,60,3,3,2585.0,12.2,529,0,5,417325,3385375,528,0,10,-100.5,559,10.0,-155.0,155.32224567009067,-1,116.30861401354878,-31,6,0,11.287070835604876
430,2404301,417315.0,3385530.0,30,60,3,3,2585.0,12.2,529,0,5,417595,3385465,526,0,6,-99.5,559,280.0,-65.0,287.4456470360962,-3,43.0693178962822,-33,6,0,6.549130453090468
431,2404301,417315.0,3385530.0,30,60,3,3,2585.0,12.2,529,0,5,417475,3385585,527,0,5,-97.83,559,160.0,55.0,169.1892431568863,-2,11.029592191513473,-32,6,0,10.7102537979173
432,2404301,417315.0,3385530.0,30,60,3,3,2585.0,12.2,529,0,5,417460,3385600,527,0,5,-99.0,559,145.0,70.0,161.01242188104618,-2,4.2306723756613,-32,6,0,11.240633586956807
433,2404301,417315.0,3385530.0,30,60,3,3,2585.0,12.2,529,0,5,417465,3385595,527,0,5,-96.82,559,150.0,65.0,163.47782724271815,-2,6.571307191254618,-32,6,0,11.075335984798516
434,2404301,417315.0,3385530.0,30,60,3,3,2585.0,12.2,529,0,5,417455,3385565,525,102,5,-92.0,559,140.0,35.0,144.30869689661813,-4,15.963756532073546,-34,6,0,13.257452801892661
435,2404301,417315.0,3385530.0,30,60,3,3,2585.0,12.2,529,0,5,417505,3385555,526,102,5,-96.0,559,190.0,25.0,191.637678967368,-3,22.504142360270123,-33,6,0,9.77050836958871
436,2404301,417315.0,3385530.0,30,60,3,3,2585.0,12.2,529,0,5,417560,3385460,524,0,6,-87.5,559,245.0,-70.0,254.80384612481814,-5,45.94539590092285,-35,6,0,7.821235506499645
437,2404301,417315.0,3385530.0,30,60,3,3,2585.0,12.2,529,0,5,417440,3385580,526,0,5,-95.5,559,125.0,50.0,134.6291201783626,-3,8.198590513648185,-33,6,0,13.772670268313442
438,2404301,417315.0,3385530.0,30,60,3,3,2585.0,12.2,529,0,5,417290,3385410,529,0,5,-97.2,559,-25.0,-120.0,122.57650672131263,0,131.76828893202065,-30,6,0,13.752522452276574
439,2404301,417315.0,3385530.0,30,60,3,3,2585.0,12.2,529,0,5,417285,3385415,530,0,5,-85.0,559,-30.0,-115.0,118.84864324004712,1,134.62087398863164,-29,6,0,13.71266048651618
440,2404301,417315.0,3385530.0,30,60,3,3,2585.0,12.2,529,0,5,417350,3385390,528,0,5,-97.33,559,35.0,-140.0,144.30869689661813,-1,105.96375653207349,-31,6,0,12.123872598850676
441,2404301,417315.0,3385530.0,30,60,3,3,2585.0,12.2,529,0,5,417470,3385590,527,0,5,-97.75,559,155.0,60.0,166.20770138594662,-2,8.838740183171694,-32,6,0,10.897819974552188
442,2404301,417315.0,3385530.0,30,60,3,3,2585.0,12.2,529,0,5,417450,3385570,526,102,5,-91.2,559,135.0,40.0,140.80127840328723,-3,13.495638618244982,-33,6,0,13.19049513529527
443,2404301,417315.0,3385530.0,30,60,3,3,2585.0,12.2,529,0,5,417445,3385575,526,0,5,-94.0,559,130.0,45.0,137.56816492197603,-3,10.90650799951436,-33,6,0,13.489290592085236
444,2404301,417315.0,3385530.0,30,60,3,3,2585.0,12.2,529,0,5,417270,3385540,533,102,6,-86.75,559,-45.0,10.0,46.09772228646444,4,222.52880770915152,-26,6,0,29.42383245128704
445,2404301,417315.0,3385530.0,30,60,3,3,2585.0,12.2,529,0,5,417230,3385580,532,102,5,-110.5,559,-85.0,50.0,98.6154146165801,3,240.4655449194599,-27,6,0,15.311824023420987
446,2404301,417315.0,3385530.0,30,60,3,3,2585.0,12.2,529,0,5,417255,3385555,533,102,5,-92.0,559,-60.0,25.0,65.0,4,232.61986494804046,-26,6,0,21.80140948635181
447,2404301,417315.0,3385530.0,30,60,3,3,2585.0,12.2,529,0,5,417250,3385560,533,102,5,-86.8,559,-65.0,30.0,71.58910531638176,4,234.77514056883194,-26,6,0,19.960199188561088
448,2404301,417315.0,3385530.0,30,60,3,3,2585.0,12.2,529,0,5,417260,3385530,533,0,6,-93.4,559,-55.0,0.0,55.0,4,210.0,-26,6,0,25.301378625419723
449,2404301,417315.0,3385530.0,30,60,3,3,2585.0,12.2,529,0,5,417265,3385525,533,0,6,-86.67,559,-50.0,-5.0,50.24937810560445,4,204.28940686250036,-26,6,0,27.357919395557378
450,2404301,417315.0,3385530.0,30,60,3,3,2585.0,12.2,529,0,5,417275,3385535,533,102,6,-95.09,559,-40.0,5.0,40.311288741492746,4,217.1250163489018,-26,6,0,32.82123190236155
451,2404301,417315.0,3385530.0,30,60,3,3,2585.0,12.2,529,0,5,417655,3385405,523,0,6,-102.0,559,340.0,-125.0,362.2499137335991,-6,50.18580300946485,-36,6,0,5.6753572278784805
452,2404301,417315.0,3385530.0,30,60,3,3,2585.0,12.2,529,0,5,417600,3385380,521,0,12,-97.5,559,285.0,-150.0,322.0636583037583,-8,57.75854060106002,-38,6,0,6.729165804696289
453,2404301,417315.0,3385530.0,30,60,3,3,2585.0,12.2,529,0,5,417660,3385440,525,9,14,-99.5,559,345.0,-90.0,356.5459297201414,-4,44.62087398863167,-34,6,0,5.4472187844089195
454,2404301,417315.0,3385530.0,30,60,3,3,2585.0,12.2,529,0,5,417665,3385435,525,9,5,-102.0,559,350.0,-95.0,362.6637561157718,-4,45.185837262201346,-34,6,0,5.35586777597065
455,2404301,417315.0,3385530.0,30,60,3,3,2585.0,12.2,529,0,5,417240,3385690,529,0,6,-101.5,559,-75.0,160.0,176.70597047072292,0,274.88516511385546,-30,6,0,9.635434677241497
456,2404301,417315.0,3385530.0,30,60,3,3,2585.0,12.2,529,0,5,417260,3385710,529,0,5,-98.67,559,-55.0,180.0,188.2153022471871,0,283.00917670801385,-30,6,0,9.056303411315264
457,2404301,417315.0,3385530.0,30,60,3,3,2585.0,12.2,529,0,5,417255,3385695,529,0,6,-104.33,559,-60.0,165.0,175.57049866079439,0,280.01689347810003,-30,6,0,9.696570807062264
458,2404301,417315.0,3385530.0,30,60,3,3,2585.0,12.2,529,0,5,417210,3385740,528,0,5,-83.0,559,-105.0,210.0,234.7871376374779,-1,273.434948822922,-31,6,0,7.521512611120302
459,2404301,417315.0,3385530.0,30,60,3,3,2585.0,12.2,529,0,5,417270,3385720,529,0,5,-106.67,559,-45.0,190.0,195.25624189766637,0,286.6754687381092,-30,6,0,8.734861486585647
460,2404301,417315.0,3385530.0,30,60,3,3,2585.0,12.2,529,0,5,417635,3385500,528,0,5,-94.0,559,320.0,-30.0,321.40317359976393,-1,35.3558250428552,-31,6,0,5.509254264974983
461,2404301,417315.0,3385530.0,30,60,3,3,2585.0,12.2,529,0,5,417625,3385490,527,0,5,-96.25,559,310.0,-40.0,312.5699921617557,-2,37.35237935989238,-32,6,0,5.845408767801212
462,2404301,417315.0,3385530.0,30,60,3,3,2585.0,12.2,529,0,5,417620,3385485,527,0,5,-99.75,559,305.0,-45.0,308.3018001893599,-2,38.39292518739251,-32,6,0,5.925761822158849
463,2404301,417315.0,3385530.0,30,60,3,3,2585.0,12.2,529,0,5,417630,3385495,528,0,5,-96.0,559,315.0,-35.0,316.9384798348096,-1,36.34019174590992,-31,6,0,5.5863752659115615
464,2404301,417315.0,3385530.0,30,60,3,3,2585.0,12.2,529,0,5,417665,3385450,526,0,14,-96.5,559,350.0,-80.0,359.02646142032484,-3,42.875001559612485,-33,6,0,5.2515987404940585
465,2404301,417315.0,3385530.0,30,60,3,3,2585.0,12.2,529,0,5,417700,3385565,532,0,5,-101.0,559,385.0,35.0,386.58763560155415,3,24.80557109226521,-27,6,0,3.9951563383863986
466,2404301,417315.0,3385530.0,30,60,3,3,2585.0,12.2,529,0,5,417450,3385630,529,102,10,-100.67,559,135.0,100.0,168.00297616411441,0,-6.528855366985169,-30,6,0,10.124496007771674
467,2404301,417315.0,3385530.0,30,60,3,3,2585.0,12.2,529,0,5,417470,3385610,528,0,5,-102.62,559,155.0,80.0,174.42763542512407,-1,2.7004277886671844,-31,6,0,10.077618417840895
468,2404301,417315.0,3385530.0,30,60,3,3,2585.0,12.2,529,0,5,417440,3385640,529,102,5,-87.33,559,125.0,110.0,166.50825805346713,0,-11.347777219693683,-30,6,0,10.213477081831952
469,2404301,417315.0,3385530.0,30,60,3,3,2585.0,12.2,529,0,5,417460,3385620,528,0,10,-96.29,559,145.0,90.0,170.66048165876012,-1,-1.8274465766730827,-31,6,0,10.29536357680631
470,2404301,417315.0,3385530.0,30,60,3,3,2585.0,12.2,529,0,5,417480,3385680,531,0,5,-97.5,559,165.0,150.0,222.9910312097776,2,-12.273689006093718,-28,6,0,7.1569213911545635
471,2404301,417315.0,3385530.0,30,60,3,3,2585.0,12.2,529,0,5,417465,3385615,528,0,10,-101.82,559,150.0,85.0,172.40939649566667,-1,0.4612177404418958,-31,6,0,10.193128282187118
472,2404301,417315.0,3385530.0,30,60,3,3,2585.0,12.2,529,0,5,417445,3385635,529,102,5,-87.6,559,130.0,105.0,167.10774967068403,0,-8.92754359279229,-30,6,0,10.17760392266109
473,2404301,417315.0,3385530.0,30,60,3,3,2585.0,12.2,529,0,5,417475,3385605,528,0,5,-99.57,559,160.0,75.0,176.70597047072292,-1,4.885165113855464,-31,6,0,9.950297199552484
474,2404301,417315.0,3385530.0,30,60,3,3,2585.0,12.2,529,0,5,417455,3385625,529,102,10,-98.5,559,140.0,95.0,169.1892431568863,0,-4.159694545669424,-30,6,0,10.054961798527563
475,2404301,417315.0,3385530.0,30,60,3,3,2585.0,12.2,529,0,5,417215,3385470,531,90,6,-105.5,559,-100.0,-60.0,116.61903789690601,2,179.03624346792648,-28,6,0,13.501043380558686
476,2404301,417315.0,3385530.0,30,60,3,3,2585.0,12.2,529,0,5,417250,3385505,532,0,6,-82.6,559,-65.0,-25.0,69.6419413859206,3,188.96248897457818,-27,6,0,21.191182736837906
477,2404301,417315.0,3385530.0,30,60,3,3,2585.0,12.2,529,0,5,417125,3385560,529,0,7,-100.0,559,-190.0,30.0,192.35384061671346,0,218.9726266148964,-30,6,0,8.864582596037371
478,2404301,417315.0,3385530.0,30,60,3,3,2585.0,12.2,529,0,5,417245,3385520,533,0,5,-92.0,559,-70.0,-10.0,70.71067811865476,4,201.86989764584405,-26,6,0,20.188249292660984
479,2404301,417315.0,3385530.0,30,60,3,3,2585.0,12.2,529,0,5,417260,3385495,532,0,5,-87.0,559,-55.0,-35.0,65.19202405202648,3,177.52880770915152,-27,6,0,22.497433985158047
480,2404301,417315.0,3385530.0,30,60,3,3,2585.0,12.2,529,0,5,417240,3385515,533,0,5,-93.25,559,-75.0,-15.0,76.48529270389177,4,198.69006752597977,-26,6,0,18.77467605427877
481,2404301,417315.0,3385530.0,30,60,3,3,2585.0,12.2,529,0,5,417255,3385510,533,0,6,-93.5,559,-60.0,-20.0,63.245553203367585,4,191.56505117707798,-26,6,0,22.34737241278725
482,2404301,417315.0,3385530.0,30,60,3,3,2585.0,12.2,529,0,5,417265,3385500,532,0,5,-91.2,559,-50.0,-30.0,58.309518948453004,3,179.03624346792648,-27,6,0,24.846315392920175
483,2404301,417315.0,3385530.0,30,60,3,3,2585.0,12.2,529,0,5,417275,3385490,532,0,5,-83.9,559,-40.0,-40.0,56.568542494923804,3,165.0,-27,6,0,25.51500673055494
484,2404301,417315.0,3385530.0,30,60,3,3,2585.0,12.2,529,0,5,417270,3385485,532,0,5,-86.8,559,-45.0,-45.0,63.63961030678928,3,165.0,-27,6,0,22.989767773608854
485,2404301,417315.0,3385530.0,30,60,3,3,2585.0,12.2,529,0,5,417235,3385450,531,0,5,-89.25,559,-80.0,-80.0,113.13708498984761,2,165.0,-28,6,0,13.900669075390693
486,2404301,417315.0,3385530.0,30,60,3,3,2585.0,12.2,529,0,5,417120,3385555,529,0,7,-103.6,559,-195.0,25.0,196.596032513375,0,217.30575953331083,-30,6,0,8.676242784981746
487,2404301,417315.0,3385530.0,30,60,3,3,2585.0,12.2,529,0,5,417230,3385445,531,0,5,-86.5,559,-85.0,-85.0,120.20815280171308,2,165.0,-28,6,0,13.112065819039499
488,2404301,417315.0,3385530.0,30,60,3,3,2585.0,12.2,529,0,5,417180,3385665,529,0,5,-104.5,559,-135.0,135.0,190.91883092036784,0,255.0,-30,6,0,8.930141835901512
489,2404301,417315.0,3385530.0,30,60,3,3,2585.0,12.2,529,0,5,417185,3385670,529,0,5,-103.5,559,-130.0,140.0,191.049731745428,0,257.12109639666147,-30,6,0,8.924121715632046
490,2404301,417315.0,3385530.0,30,60,3,3,2585.0,12.2,529,0,5,417175,3385660,529,0,5,-103.33,559,-140.0,130.0,191.049731745428,0,252.87890360333853,-30,6,0,8.924121715632046
491,2404301,417315.0,3385530.0,30,60,3,3,2585.0,12.2,529,0,5,417160,3385645,529,0,5,-90.0,559,-155.0,115.0,193.00259065618783,0,246.57303097851934,-30,6,0,8.835256488198247
492,2404301,417315.0,3385530.0,30,60,3,3,2585.0,12.2,529,0,5,417250,3385555,533,0,5,-82.67,559,-65.0,25.0,69.6419413859206,4,231.0375110254218,-26,6,0,20.472526385187408
493,2404301,417315.0,3385530.0,30,60,3,3,2585.0,12.2,529,0,5,417255,3385560,533,102,5,-93.0,559,-60.0,30.0,67.08203932499369,4,236.56505117707798,-26,6,0,21.1855894923909
494,2404301,417315.0,3385530.0,30,60,3,3,2585.0,12.2,529,0,5,417245,3385550,533,0,5,-91.0,559,-70.0,20.0,72.80109889280519,4,225.94539590092285,-26,6,0,19.6535501236772
495,2404301,417315.0,3385530.0,30,60,3,3,2585.0,12.2,529,0,5,417210,3385595,532,0,14,-96.0,559,-105.0,65.0,123.4908903522847,3,241.75948008481276,-27,6,0,12.333051045843714
496,2404301,417315.0,3385530.0,30,60,3,3,2585.0,12.2,529,0,5,417275,3385540,532,102,6,-92.71,559,-40.0,10.0,41.23105625617661,3,224.03624346792645,-27,6,0,33.218631363425146
497,2404301,417315.0,3385530.0,30,60,3,3,2585.0,12.2,529,0,5,417270,3385535,533,102,6,-93.86,559,-45.0,5.0,45.27692569068709,4,216.34019174590992,-26,6,0,29.866335598791647
498,2404301,417315.0,3385530.0,30,60,3,3,2585.0,12.2,529,0,5,417070,3385415,526,0,5,-99.0,559,-245.0,-115.0,270.64737205448716,-3,184.85521436932106,-33,6,0,6.951752385101232
499,2404301,417315.0,3385530.0,30,60,3,3,2585.0,12.2,529,0,5,417235,3385580,532,0,5,-96.0,559,-80.0,50.0,94.33981132056604,3,242.00538320808352,-27,6,0,15.971091333635755
500,2404301,417315.0,3385530.0,30,60,3,3,2585.0,12.2,529,0,5,417265,3385530,533,0,6,-96.78,559,-50.0,0.0,50.0,4,210.0,-26,6,0,27.474431626277134
501,2404301,417315.0,3385530.0,30,60,3,3,2585.0,12.2,529,0,5,417455,3385745,531,102,5,-91.4,559,140.0,215.0,256.56383221335,2,-26.929322177238305,-28,6,0,6.228304857849039
502,2404301,417315.0,3385530.0,30,60,3,3,2585.0,12.2,529,0,5,417440,3385760,531,102,5,-78.0,559,125.0,230.0,261.7728022541685,2,-31.47688139368796,-28,6,0,6.105314353154425
503,2404301,417315.0,3385530.0,30,60,3,3,2585.0,12.2,529,0,5,417520,3385680,532,0,5,-100.5,559,205.0,150.0,254.01771591761076,3,-6.19320730556467,-27,6,0,6.067290606280333
504,2404301,417315.0,3385530.0,30,60,3,3,2585.0,12.2,529,0,5,417485,3385715,532,0,10,-97.0,559,170.0,185.0,251.24689052802225,3,-17.41950921665631,-27,6,0,6.133695185492027
505,2404301,417315.0,3385530.0,30,60,3,3,2585.0,12.2,529,0,5,417500,3385700,532,0,10,-90.5,559,185.0,170.0,251.24689052802225,3,-12.580490783343635,-27,6,0,6.133695185492027
506,2404301,417315.0,3385530.0,30,60,3,3,2585.0,12.2,529,0,5,417560,3385640,531,0,5,-96.0,559,245.0,110.0,268.5609800399157,2,5.820892853310852,-28,6,0,5.952117797112559
507,2404301,417315.0,3385530.0,30,60,3,3,2585.0,12.2,529,0,5,417470,3385730,532,0,10,-89.8,559,155.0,200.0,253.03161857759991,3,-22.224315694045345,-27,6,0,6.090758241354376
508,2404301,417315.0,3385530.0,30,60,3,3,2585.0,12.2,529,0,5,417545,3385655,531,0,5,-97.0,559,230.0,125.0,261.7728022541685,2,1.476881393687961,-28,6,0,6.105314353154425
509,2404301,417315.0,3385530.0,30,60,3,3,2585.0,12.2,529,0,5,417490,3385710,532,0,10,-89.5,559,175.0,180.0,251.04780421266383,3,-15.806929455102363,-27,6,0,6.138522215880574
510,2404301,417315.0,3385530.0,30,60,3,3,2585.0,12.2,529,0,5,417525,3385675,532,0,10,-111.0,559,210.0,145.0,255.1960031034969,3,-4.624155079948935,-27,6,0,6.039484324509268
511,2404301,417315.0,3385530.0,30,60,3,3,2585.0,12.2,529,0,5,417480,3385720,532,0,10,-94.67,559,165.0,190.0,251.6445906432324,3,-19.028263666485145,-27,6,0,6.124075188555855
512,2404301,417315.0,3385530.0,30,60,3,3,2585.0,12.2,529,0,5,417460,3385740,531,0,5,-88.25,559,145.0,210.0,255.1960031034969,2,-25.375844920051065,-28,6,0,6.2614235906999784
513,2404301,417315.0,3385530.0,30,60,3,3,2585.0,12.2,529,0,5,417475,3385725,532,0,10,-97.4,559,160.0,195.0,252.23996511258878,3,-20.63068275763527,-27,6,0,6.109729687963506
514,2404301,417315.0,3385530.0,30,60,3,3,2585.0,12.2,529,0,5,417465,3385735,531,0,5,-95.38,559,150.0,205.0,254.01771591761076,2,-23.80679269443533,-28,6,0,6.290235561007801
515,2404301,417315.0,3385530.0,30,60,3,3,2585.0,12.2,529,0,5,417435,3385765,531,0,6,-91.0,559,120.0,235.0,263.86549603917524,2,-32.94940299291386,-28,6,0,6.057255047198867
516,2404301,417315.0,3385530.0,30,60,3,3,2585.0,12.2,529,0,5,417375,3385475,525,102,5,-78.67,559,60.0,-55.0,81.39410298049853,-4,72.51044707800088,-34,6,0,22.671302666267483
517,2404301,417315.0,3385530.0,30,60,3,3,2585.0,12.2,529,0,5,417410,3385520,524,0,5,-84.69,559,95.0,-10.0,95.524865872714,-5,36.00900595749454,-35,6,0,20.12266972865751
518,2404301,417315.0,3385530.0,30,60,3,3,2585.0,12.2,529,0,5,417395,3385455,525,0,5,-98.0,559,80.0,-75.0,109.65856099730654,-4,73.1523897340054,-34,6,0,17.226222882822704
519,2404301,417315.0,3385530.0,30,60,3,3,2585.0,12.2,529,0,5,417310,3385540,529,0,5,-88.67,559,-5.0,10.0,11.180339887498949,0,273.434948822922,-30,6,0,69.56068242674175
520,2404301,417315.0,3385530.0,30,60,3,3,2585.0,12.2,529,0,5,417405,3385505,524,0,5,-85.89,559,90.0,-25.0,93.40770846134703,-5,45.524110996754246,-35,6,0,20.541044964379743
521,2404301,417315.0,3385530.0,30,60,3,3,2585.0,12.2,529,0,5,417315,3385535,529,0,5,-75.56,559,0.0,5.0,5.0,0,-60.0,-30,6,0,80.53767779197439
522,2404301,417315.0,3385530.0,30,60,3,3,2585.0,12.2,529,0,5,417365,3385465,526,0,5,-87.0,559,50.0,-65.0,82.00609733428362,-3,82.43140797117252,-33,6,0,21.9203031219928
523,2404301,417315.0,3385530.0,30,60,3,3,2585.0,12.2,529,0,5,417370,3385480,525,102,5,-90.0,559,55.0,-50.0,74.33034373659252,-4,72.27368900609372,-34,6,0,24.580185798029675
524,2404301,417315.0,3385530.0,30,60,3,3,2585.0,12.2,529,0,5,417380,3385450,526,0,5,-101.0,559,65.0,-80.0,103.07764064044152,-3,80.9061411137705,-33,6,0,17.752312730991235
525,2404301,417315.0,3385530.0,30,60,3,3,2585.0,12.2,529,0,5,417400,3385510,524,0,5,-85.0,559,85.0,-20.0,87.32124598286491,-5,43.24051991518718,-35,6,0,21.841842660868558
526,2404301,417315.0,3385530.0,30,60,3,3,2585.0,12.2,529,0,5,417415,3385515,524,0,5,-88.15,559,100.0,-15.0,101.11874208078342,-5,38.53076560994816,-35,6,0,19.092155422861197
527,2404301,417315.0,3385530.0,30,60,3,3,2585.0,12.2,529,0,5,417345,3385565,527,0,5,-72.55,559,30.0,35.0,46.09772228646444,-2,-19.398705354995514,-32,6,0,34.76751011433608
528,2404301,417315.0,3385530.0,30,60,3,3,2585.0,12.2,529,0,5,417420,3385490,524,0,10,-89.32,559,105.0,-40.0,112.36102527122117,-5,50.85445803957833,-35,6,0,17.301597968646885
529,2404301,417315.0,3385530.0,30,60,3,3,2585.0,12.2,529,0,5,417355,3385575,526,0,5,-68.96,559,40.0,45.0,60.207972893961475,-3,-18.36646066342979,-33,6,0,28.727154796033545
530,2404301,417315.0,3385530.0,30,60,3,3,2585.0,12.2,529,0,5,417425,3385485,524,0,10,-90.35,559,110.0,-45.0,118.84864324004712,-5,52.249023657212376,-35,6,0,16.409290713935878
531,2404301,417315.0,3385530.0,30,60,3,3,2585.0,12.2,529,0,5,417350,3385580,527,0,5,-67.31,559,35.0,50.0,61.032778078668514,-2,-25.007979801441365,-32,6,0,27.668401474951015
532,2404301,417315.0,3385530.0,30,60,3,3,2585.0,12.2,529,0,5,417285,3385545,532,102,6,-89.0,559,-30.0,15.0,33.54101966249684,3,236.56505117707798,-27,6,0,38.8335250946362
533,2404301,417315.0,3385530.0,30,60,3,3,2585.0,12.2,529,0,5,417430,3385500,524,0,10,-87.42,559,115.0,-30.0,118.84864324004712,-5,44.62087398863167,-35,6,0,16.409290713935878
534,2404301,417315.0,3385530.0,30,60,3,3,2585.0,12.2,529,0,5,417580,3385330,520,0,5,-99.0,559,265.0,-200.0,332.00150602068055,-9,67.04247477308286,-39,6,0,6.699793448957809
535,2404301,417315.0,3385530.0,30,60,3,3,2585.0,12.2,529,0,5,417335,3385595,529,0,6,-67.1,559,20.0,65.0,68.00735254367721,0,-42.89727103094765,-30,6,0,23.80365587401988
536,2404301,417315.0,3385530.0,30,60,3,3,2585.0,12.2,529,0,5,417325,3385585,529,0,6,-74.12,559,10.0,55.0,55.90169943749474,0,-49.695153531233984,-30,6,0,28.220512053403727
537,2404301,417315.0,3385530.0,30,60,3,3,2585.0,12.2,529,0,5,417340,3385570,527,0,5,-69.29,559,25.0,40.0,47.16990566028302,-2,-27.994616791916485,-32,6,0,34.1529153989382
538,2404301,417315.0,3385530.0,30,60,3,3,2585.0,12.2,529,0,5,417320,3385590,529,0,6,-75.11,559,5.0,60.0,60.207972893961475,0,-55.23635830927384,-30,6,0,26.485831108877463
539,2404301,417315.0,3385530.0,30,60,3,3,2585.0,12.2,529,0,5,417300,3385530,530,0,5,-91.8,559,-15.0,0.0,15.0,1,210.0,-29,6,0,62.65012421993013
540,2404301,417315.0,3385530.0,30,60,3,3,2585.0,12.2,529,0,5,417290,3385560,531,0,5,-84.25,559,-25.0,30.0,39.05124837953327,2,260.1944289077348,-28,6,0,35.64077021574456
541,2404301,417315.0,3385530.0,30,60,3,3,2585.0,12.2,529,0,5,417360,3385470,526,0,5,-89.6,559,45.0,-60.0,75.0,-3,83.13010235415595,-33,6,0,23.74949449286676
542,2404301,417315.0,3385530.0,30,60,3,3,2585.0,12.2,529,0,5,417435,3385495,524,0,5,-89.41,559,120.0,-35.0,125.0,-5,46.26020470831196,-35,6,0,15.642246457208728
543,2404301,417315.0,3385530.0,30,60,3,3,2585.0,12.2,529,0,5,417450,3385400,524,102,6,-95.5,559,135.0,-130.0,187.41664813991312,-5,73.9190758133393,-35,6,0,10.578119788306307
544,2404301,417315.0,3385530.0,30,60,3,3,2585.0,12.2,529,0,5,417295,3385555,531,0,6,-80.0,559,-20.0,25.0,32.01562118716424,2,261.3401917459099,-28,6,0,41.17206794266516
545,2404301,417315.0,3385530.0,30,60,3,3,2585.0,12.2,529,0,5,417280,3385550,532,102,6,-91.64,559,-35.0,20.0,40.311288741492746,3,239.7448812969422,-27,6,0,33.813683863007654
546,2404301,417315.0,3385530.0,30,60,3,3,2585.0,12.2,529,0,5,417305,3385525,529,0,5,-82.9,559,-10.0,-5.0,11.180339887498949,0,183.43494882292202,-30,6,0,69.56068242674175
547,2404301,417315.0,3385530.0,30,60,3,3,2585.0,12.2,529,0,5,417330,3385600,529,0,6,-82.48,559,15.0,70.0,71.58910531638176,0,-47.905242922987895,-30,6,0,22.736519470727366
548,2404301,417315.0,3385530.0,30,60,3,3,2585.0,12.2,529,0,5,417790,3385470,527,0,10,-95.0,559,475.0,-60.0,478.77447718106276,-2,37.19923363836767,-32,6,0,3.8238088252980997
549,2404301,417315.0,3385530.0,30,60,3,3,2585.0,12.2,529,0,5,417675,3385345,521,0,5,-88.5,559,360.0,-185.0,404.7530111067736,-8,57.198127948509125,-38,6,0,5.363459307880861
550,2404301,417315.0,3385530.0,30,60,3,3,2585.0,12.2,529,0,5,417080,3385705,526,0,7,-115.5,559,-235.0,175.0,293.00170647967224,-3,246.6743496695732,-33,6,0,6.425990942539553
551,2404301,417315.0,3385530.0,30,60,3,3,2585.0,12.2,529,0,5,417455,3385780,531,0,6,-89.0,559,140.0,250.0,286.53097563788805,2,-30.751173663453017,-28,6,0,5.581261425336237
552,2404301,417315.0,3385530.0,30,60,3,3,2585.0,12.2,529,0,5,417355,3385680,530,0,5,-98.0,559,40.0,150.0,155.24174696260025,1,-45.068582821862435,-29,6,0,10.581205613027956
553,2404301,417315.0,3385530.0,30,60,3,3,2585.0,12.2,529,0,5,417380,3385705,530,0,10,-94.0,559,65.0,175.0,186.6815470259447,1,-39.62356478616363,-29,6,0,8.830021797168596
554,2404301,417315.0,3385530.0,30,60,3,3,2585.0,12.2,529,0,5,417375,3385700,530,0,10,-80.67,559,60.0,170.0,180.27756377319946,1,-40.55996517182382,-29,6,0,9.13848562732367
555,2404301,417315.0,3385530.0,30,60,3,3,2585.0,12.2,529,0,5,417360,3385685,530,0,10,-84.0,559,45.0,155.0,161.40012391568973,1,-43.81079374297303,-29,6,0,10.186084775666432
556,2404301,417315.0,3385530.0,30,60,3,3,2585.0,12.2,529,0,5,417320,3385645,530,0,6,-90.0,559,5.0,115.0,115.10864433221339,1,-57.51044707800082,-29,6,0,14.14059012366322
557,2404301,417315.0,3385530.0,30,60,3,3,2585.0,12.2,529,0,5,417330,3385655,529,6,5,-81.33,559,15.0,125.0,125.89678312014172,0,-53.15722658736905,-30,6,0,13.403081587317423
558,2404301,417315.0,3385530.0,30,60,3,3,2585.0,12.2,529,0,5,417410,3385735,531,0,5,-94.0,559,95.0,205.0,225.94247055390008,2,-35.13630342824814,-28,6,0,7.064382782047596
559,2404301,417315.0,3385530.0,30,60,3,3,2585.0,12.2,529,0,5,417435,3385760,531,0,5,-84.5,559,120.0,230.0,259.42243542145695,2,-32.44718842328223,-28,6,0,6.160205086391089
560,2404301,417315.0,3385530.0,30,60,3,3,2585.0,12.2,529,0,5,417290,3385615,531,0,5,-81.41,559,-25.0,85.0,88.60022573334675,2,283.6104596659652,-28,6,0,17.537905338793323
561,2404301,417315.0,3385530.0,30,60,3,3,2585.0,12.2,529,0,5,417285,3385610,531,0,5,-85.25,559,-30.0,80.0,85.44003745317531,2,279.44395478041656,-28,6,0,18.14475703094252
562,2404301,417315.0,3385530.0,30,60,3,3,2585.0,12.2,529,0,5,417350,3385675,529,0,5,-91.0,559,35.0,145.0,149.164338901763,0,-46.42956561483851,-30,6,0,11.371647473554587
563,2404301,417315.0,3385530.0,30,60,3,3,2585.0,12.2,529,0,5,417295,3385620,531,0,5,-81.8,559,-20.0,90.0,92.19544457292888,2,287.4711922908485,-28,6,0,16.89367442975787
564,2404301,417315.0,3385530.0,30,60,3,3,2585.0,12.2,529,0,5,417340,3385665,529,0,5,-85.14,559,25.0,135.0,137.2953021774598,0,-49.508522987668414,-30,6,0,12.325805673676363
565,2404301,417315.0,3385530.0,30,60,3,3,2585.0,12.2,529,0,5,417460,3385785,531,0,6,-90.5,559,145.0,255.0,293.3428028774526,2,-30.37625124882618,-28,6,0,5.452447029806027
566,2404301,417315.0,3385530.0,30,60,3,3,2585.0,12.2,529,0,5,417335,3385660,529,0,5,-91.6,559,20.0,130.0,131.52946437965906,0,-51.25383773744477,-30,6,0,12.848554527471391
567,2404301,417315.0,3385530.0,30,60,3,3,2585.0,12.2,529,0,5,417300,3385625,530,0,5,-86.25,559,-15.0,95.0,96.17692030835673,1,291.0273733851036,-29,6,0,16.77951083866818
568,2404301,417315.0,3385530.0,30,60,3,3,2585.0,12.2,529,0,5,417280,3385605,532,0,10,-88.9,559,-35.0,75.0,82.76472678623425,3,274.98310652189997,-27,6,0,18.067668948791454
569,2404301,417315.0,3385530.0,30,60,3,3,2585.0,12.2,529,0,5,417620,3385480,527,0,5,-103.25,559,305.0,-50.0,309.0711892105118,-2,39.309940174986025,-32,6,0,5.9111150551235445
570,2404301,417315.0,3385530.0,30,60,3,3,2585.0,12.2,529,0,5,417680,3385540,531,0,5,-96.67,559,365.0,10.0,365.1369606051954,2,28.43064519525103,-28,6,0,4.3850622057272775
571,2404301,417315.0,3385530.0,30,60,3,3,2585.0,12.2,529,0,5,417615,3385445,525,0,5,-97.0,559,300.0,-85.0,311.8092365533773,-4,45.81919394750014,-34,6,0,6.223004741142207
572,2404301,417315.0,3385530.0,30,60,3,3,2585.0,12.2,529,0,5,417635,3385465,526,0,14,-99.5,559,320.0,-65.0,326.5348373451139,-3,41.48199135474812,-33,6,0,5.770786634343802
573,2404301,417315.0,3385530.0,30,60,3,3,2585.0,12.2,529,0,5,417600,3385460,525,0,5,-108.0,559,285.0,-70.0,293.47061181658376,-4,43.79948539601935,-34,6,0,6.608532911490535
574,2404301,417315.0,3385530.0,30,60,3,3,2585.0,12.2,529,0,5,417605,3385455,525,0,5,-102.27,559,290.0,-75.0,299.5413160150032,-4,44.50016676655258,-34,6,0,6.475749260769009
575,2404301,417315.0,3385530.0,30,60,3,3,2585.0,12.2,529,0,5,417650,3385490,528,0,14,-93.5,559,335.0,-40.0,337.37960815674677,-1,36.80905017961339,-31,6,0,5.249860059365241
576,2404301,417315.0,3385530.0,30,60,3,3,2585.0,12.2,529,0,5,417670,3385510,529,0,5,-101.8,559,355.0,-20.0,355.5629339512205,0,33.22452260651994,-30,6,0,4.8228084468892085
577,2404301,417315.0,3385530.0,30,60,3,3,2585.0,12.2,529,0,5,417640,3385500,528,0,5,-100.33,559,325.0,-30.0,326.3816784073518,-1,35.27389595735178,-31,6,0,5.425723488735569
578,2404301,417315.0,3385530.0,30,60,3,3,2585.0,12.2,529,0,5,417645,3385495,528,0,5,-93.33,559,330.0,-35.0,331.85087012090236,-1,36.054191894114865,-31,6,0,5.3368234331488065
579,2404301,417315.0,3385530.0,30,60,3,3,2585.0,12.2,529,0,5,417665,3385515,529,0,5,-98.86,559,350.0,-15.0,350.3212811120672,0,32.45403167452707,-30,6,0,4.89462131295263
580,2404301,417315.0,3385530.0,30,60,3,3,2585.0,12.2,529,0,5,417695,3385525,531,0,5,-101.8,559,380.0,-5.0,380.0328933131973,2,30.753848333070778,-28,6,0,4.213815083224364
581,2404301,417315.0,3385530.0,30,60,3,3,2585.0,12.2,529,0,5,417685,3385535,531,0,5,-96.33,559,370.0,5.0,370.0337822415678,2,29.225779835071933,-28,6,0,4.327254611140163
582,2404301,417315.0,3385530.0,30,60,3,3,2585.0,12.2,529,0,5,417610,3385450,525,0,5,-96.5,559,295.0,-80.0,305.6550343115585,-4,45.17291534552527,-34,6,0,6.347288988618081
583,2404301,417315.0,3385530.0,30,60,3,3,2585.0,12.2,529,0,5,417640,3385505,528,0,5,-95.0,559,325.0,-25.0,325.96012026013244,-1,34.39870535499551,-31,6,0,5.432698520509443
584,2404301,417315.0,3385530.0,30,60,3,3,2585.0,12.2,529,0,5,417615,3385480,527,0,5,-96.88,559,300.0,-50.0,304.138126514911,-2,39.462322208025626,-32,6,0,6.006296878221098
585,2404301,417315.0,3385530.0,30,60,3,3,2585.0,12.2,529,0,5,417670,3385495,528,0,5,-95.5,559,355.0,-35.0,356.72117963473937,-1,35.63068275763527,-31,6,0,4.96667473258616
586,2404301,417315.0,3385530.0,30,60,3,3,2585.0,12.2,529,0,5,417610,3385475,526,0,5,-98.6,559,295.0,-55.0,300.0833217624732,-3,40.56101069119637,-33,6,0,6.275569430156774
587,2404301,417315.0,3385530.0,30,60,3,3,2585.0,12.2,529,0,5,417645,3385510,529,0,5,-98.67,559,330.0,-20.0,330.6055050963308,0,33.46822925891718,-30,6,0,5.18496719573621
588,2404301,417315.0,3385530.0,30,60,3,3,2585.0,12.2,529,0,5,417625,3385450,526,0,5,-107.0,559,310.0,-80.0,320.1562118716424,-3,44.47029410006587,-33,6,0,5.884961646203777
589,2404301,417315.0,3385530.0,30,60,3,3,2585.0,12.2,529,0,5,417685,3385550,531,0,5,-99.5,559,370.0,20.0,370.5401462729781,2,26.905941941082915,-28,6,0,4.3213635887755855
590,2404301,417315.0,3385530.0,30,60,3,3,2585.0,12.2,529,0,5,417725,3385590,533,0,6,-111.5,559,410.0,60.0,414.36698710201324,4,21.67434966957319,-26,6,0,3.5903918490546443
591,2404301,417315.0,3385530.0,30,60,3,3,2585.0,12.2,529,0,5,417605,3385470,526,0,5,-98.6,559,290.0,-60.0,296.1418578992169,-3,41.6893691754392,-33,6,0,6.358413716457002
592,2404301,417315.0,3385530.0,30,60,3,3,2585.0,12.2,529,0,5,417620,3385445,525,0,5,-114.0,559,305.0,-85.0,316.62280397975127,-4,45.57254359681025,-34,6,0,6.1291229512508325
593,2404301,417315.0,3385530.0,30,60,3,3,2585.0,12.2,529,0,5,417695,3385560,532,0,5,-94.0,559,380.0,30.0,381.18237105091833,3,25.486011541998778,-27,6,0,4.051621329189531
594,2404301,417315.0,3385530.0,30,60,3,3,2585.0,12.2,529,0,5,417405,3385555,525,0,5,-79.67,559,90.0,25.0,93.40770846134703,-4,14.475889003245754,-34,6,0,20.001286099333576
595,2404301,417315.0,3385530.0,30,60,3,3,2585.0,12.2,529,0,5,417390,3385570,526,0,6,-89.33,559,75.0,40.0,85.0,-3,1.9275130641470355,-33,6,0,21.21796957677863
596,2404301,417315.0,3385530.0,30,60,3,3,2585.0,12.2,529,0,5,417375,3385585,527,0,6,-73.2,559,60.0,55.0,81.39410298049853,-2,-12.510447078000823,-32,6,0,21.462215072619934
597,2404301,417315.0,3385530.0,30,60,3,3,2585.0,12.2,529,0,5,417385,3385575,526,0,6,-87.0,559,70.0,45.0,83.21658488546619,-3,-2.7352262721075817,-33,6,0,21.631077095112968
598,2404301,417315.0,3385530.0,30,60,3,3,2585.0,12.2,529,0,5,417435,3385525,523,0,5,-90.6,559,120.0,-5.0,120.10412149464314,-6,32.38594403038883,-36,6,0,16.68557226854677
599,2404301,417315.0,3385530.0,30,60,3,3,2585.0,12.2,529,0,5,417425,3385535,524,0,5,-83.6,559,110.0,5.0,110.11357772772621,-5,27.397437797500174,-35,6,0,17.63304729704428
600,2404301,417315.0,3385530.0,30,60,3,3,2585.0,12.2,529,0,5,417380,3385580,526,0,6,-78.4,559,65.0,50.0,82.00609733428362,-3,-7.5685920288274815,-33,6,0,21.9203031219928
601,2404301,417315.0,3385530.0,30,60,3,3,2585.0,12.2,529,0,5,417330,3385470,528,102,5,-92.67,559,15.0,-60.0,61.84658438426491,-1,105.96375653207349,-31,6,0,26.621873753544502
602,2404301,417315.0,3385530.0,30,60,3,3,2585.0,12.2,529,0,5,417295,3385505,530,0,10,-80.0,559,-20.0,-25.0,32.01562118716424,1,158.65980825409008,-29,6,0,42.17052971838499
603,2404301,417315.0,3385530.0,30,60,3,3,2585.0,12.2,529,0,5,417290,3385510,531,0,5,-84.8,559,-25.0,-20.0,32.01562118716424,2,171.3401917459099,-28,6,0,41.17206794266516
604,2404301,417315.0,3385530.0,30,60,3,3,2585.0,12.2,529,0,5,417280,3385520,532,0,5,-88.72,559,-35.0,-10.0,36.40054944640259,3,194.05460409907715,-27,6,0,36.566066819778165
605,2404301,417315.0,3385530.0,30,60,3,3,2585.0,12.2,529,0,5,417365,3385595,527,0,6,-72.29,559,50.0,65.0,82.00609733428362,-2,-22.43140797117252,-32,6,0,21.316469512515447
606,2404301,417315.0,3385530.0,30,60,3,3,2585.0,12.2,529,0,5,417395,3385565,526,0,6,-90.17,559,80.0,35.0,87.32124598286491,-3,6.370622269343187,-33,6,0,20.7023257626554
607,2404301,417315.0,3385530.0,30,60,3,3,2585.0,12.2,529,0,5,417320,3385480,528,0,5,-87.67,559,5.0,-50.0,50.24937810560445,-1,114.2894068625003,-31,6,0,31.67139276227794
608,2404301,417315.0,3385530.0,30,60,3,3,2585.0,12.2,529,0,5,417315,3385485,529,0,5,-92.4,559,0.0,-45.0,45.0,0,120.0,-30,6,0,33.690067525979785
609,2404301,417315.0,3385530.0,30,60,3,3,2585.0,12.2,529,0,5,417310,3385490,529,0,10,-83.0,559,-5.0,-40.0,40.311288741492746,0,127.1250163489018,-30,6,0,36.65693295448205
610,2404301,417315.0,3385530.0,30,60,3,3,2585.0,12.2,529,0,5,417285,3385515,531,0,5,-85.18,559,-30.0,-15.0,33.54101966249684,2,183.43494882292202,-28,6,0,39.8550855540265
611,2404301,417315.0,3385530.0,30,60,3,3,2585.0,12.2,529,0,5,417360,3385600,527,0,6,-74.44,559,45.0,70.0,83.21658488546619,-2,-27.26477372789242,-32,6,0,21.03368499868797
612,2404301,417315.0,3385530.0,30,60,3,3,2585.0,12.2,529,0,5,417400,3385560,525,0,5,-85.2,559,85.0,30.0,90.13878188659973,-4,10.55996517182382,-34,6,0,20.666281481832634
613,2404301,417315.0,3385530.0,30,60,3,3,2585.0,12.2,529,0,5,417325,3385475,528,102,5,-97.07,559,10.0,-55.0,55.90169943749474,-1,109.69515353123393,-31,6,0,29.010334140358907
614,2404301,417315.0,3385530.0,30,60,3,3,2585.0,12.2,529,0,5,417300,3385500,530,0,10,-82.63,559,-15.0,-30.0,33.54101966249684,1,146.565051177078,-29,6,0,40.847117989101264
615,2404301,417315.0,3385530.0,30,60,3,3,2585.0,12.2,529,0,5,417305,3385495,529,0,10,-85.91,559,-10.0,-35.0,36.40054944640259,0,135.94539590092288,-30,6,0,39.49409767582503
616,2404301,417315.0,3385530.0,30,60,3,3,2585.0,12.2,529,0,5,417335,3385465,528,102,5,-97.0,559,20.0,-65.0,68.00735254367721,-1,102.89727103094765,-31,6,0,24.50506714734052
617,2404301,417315.0,3385530.0,30,60,3,3,2585.0,12.2,529,0,5,417370,3385590,527,0,6,-70.67,559,55.0,60.0,81.39410298049853,-2,-17.489552921999177,-32,6,0,21.462215072619934
618,2404301,417315.0,3385530.0,30,60,3,3,2585.0,12.2,529,0,5,417345,3385455,527,102,5,-92.08,559,30.0,-75.0,80.77747210701756,-2,98.19859051364824,-32,6,0,21.610997390690944
619,2404301,417315.0,3385530.0,30,60,3,3,2585.0,12.2,529,0,5,417340,3385460,527,102,5,-99.0,559,25.0,-70.0,74.33034373659252,-2,100.34617594194674,-32,6,0,23.29238969912178
620,2404301,417315.0,3385530.0,30,60,3,3,2585.0,12.2,529,0,5,417350,3385450,527,0,5,-95.71,559,35.0,-80.0,87.32124598286491,-2,96.37062226934313,-32,6,0,20.126013111406763
621,2404301,417315.0,3385530.0,30,60,3,3,2585.0,12.2,529,0,5,417410,3385550,525,0,5,-85.5,559,95.0,20.0,97.082439194738,-4,18.111341960371988,-34,6,0,19.30116353951732
622,2404301,417315.0,3385530.0,30,60,3,3,2585.0,12.2,529,0,5,417355,3385445,527,0,5,-99.33,559,40.0,-85.0,93.94147114027967,-2,94.79887635452496,-32,6,0,18.810774663944006
623,2404301,417315.0,3385530.0,30,60,3,3,2585.0,12.2,529,0,5,417415,3385545,524,0,5,-81.33,559,100.0,15.0,101.11874208078342,-5,21.469234390051838,-35,6,0,19.092155422861197
624,2404301,417315.0,3385530.0,30,60,3,3,2585.0,12.2,529,0,5,417420,3385565,525,0,6,-91.0,559,105.0,35.0,110.67971810589327,-4,11.565051177077976,-34,6,0,17.07657491602918
625,2404301,417315.0,3385530.0,30,60,3,3,2585.0,12.2,529,0,5,417310,3385455,529,0,5,-100.5,559,-5.0,-75.0,75.16648189186454,0,123.81407483429035,-30,6,0,21.757637120156016
626,2404301,417315.0,3385530.0,30,60,3,3,2585.0,12.2,529,0,5,417305,3385450,529,102,5,-98.25,559,-10.0,-80.0,80.62257748298549,0,127.1250163489018,-30,6,0,20.41044552165851
627,2404301,417315.0,3385530.0,30,60,3,3,2585.0,12.2,529,0,5,417590,3385415,523,0,5,-92.75,559,275.0,-115.0,298.0771712157776,-6,52.69379494509235,-36,6,0,6.886492056785518
628,2404301,417315.0,3385530.0,30,60,3,3,2585.0,12.2,529,0,5,417580,3385405,522,0,5,-93.0,559,265.0,-125.0,293.00170647967224,-7,55.2531633945739,-37,6,0,7.197166071151711
629,2404301,417315.0,3385530.0,30,60,3,3,2585.0,12.2,529,0,5,417290,3385475,531,0,5,-83.8,559,-25.0,-55.0,60.41522986797286,2,144.44395478041653,-28,6,0,24.86580316010663
630,2404301,417315.0,3385530.0,30,60,3,3,2585.0,12.2,529,0,5,417395,3385540,524,0,10,-80.33,559,80.0,10.0,80.62257748298549,-5,22.874983651098205,-35,6,0,23.466704721091798
631,2404301,417315.0,3385530.0,30,60,3,3,2585.0,12.2,529,0,5,417380,3385525,524,0,10,-82.07,559,65.0,-5.0,65.19202405202648,-5,34.39870535499551,-35,6,0,28.230261125001654
632,2404301,417315.0,3385530.0,30,60,3,3,2585.0,12.2,529,0,5,417585,3385410,523,0,5,-94.44,559,270.0,-120.0,295.4657340538831,-6,53.96248897457821,-36,6,0,6.946765292343984
633,2404301,417315.0,3385530.0,30,60,3,3,2585.0,12.2,529,0,5,417315,3385460,529,0,5,-87.56,559,0.0,-70.0,70.0,0,120.0,-30,6,0,23.19859051364819
634,2404301,417315.0,3385530.0,30,60,3,3,2585.0,12.2,529,0,5,417410,3385595,527,0,5,-92.32,559,95.0,65.0,115.10864433221339,-2,-4.380344723844871,-32,6,0,15.535836799298075
635,2404301,417315.0,3385530.0,30,60,3,3,2585.0,12.2,529,0,5,417390,3385535,524,0,10,-84.53,559,75.0,5.0,75.16648189186454,-5,26.185925165709648,-35,6,0,24.96824423425637
636,2404301,417315.0,3385530.0,30,60,3,3,2585.0,12.2,529,0,5,417375,3385560,525,0,5,-82.71,559,60.0,30.0,67.08203932499369,-4,3.434948822922024,-34,6,0,26.877809707101928
637,2404301,417315.0,3385530.0,30,60,3,3,2585.0,12.2,529,0,5,417325,3385510,528,0,10,-83.51,559,10.0,-20.0,22.360679774997898,-1,93.43494882292202,-31,6,0,54.19662666896339
638,2404301,417315.0,3385530.0,30,60,3,3,2585.0,12.2,529,0,5,417320,3385505,528,0,5,-85.56,559,5.0,-25.0,25.495097567963924,-1,108.69006752597977,-31,6,0,50.565351902089674
639,2404301,417315.0,3385530.0,30,60,3,3,2585.0,12.2,529,0,5,417400,3385585,527,0,6,-86.3,559,85.0,55.0,101.24228365658294,-2,-2.9052429229878953,-32,6,0,17.540363477891724
640,2404301,417315.0,3385530.0,30,60,3,3,2585.0,12.2,529,0,5,417415,3385600,527,0,5,-92.5,559,100.0,70.0,122.06555615733703,-2,-4.9920201985586345,-32,6,0,14.689767449158829
641,2404301,417315.0,3385530.0,30,60,3,3,2585.0,12.2,529,0,5,417560,3385425,523,0,5,-80.5,559,245.0,-105.0,266.5520587052368,-6,53.198590513648185,-36,6,0,7.6917139644456665
642,2404301,417315.0,3385530.0,30,60,3,3,2585.0,12.2,529,0,5,417285,3385470,531,0,5,-90.5,559,-30.0,-60.0,67.08203932499369,2,146.565051177078,-28,6,0,22.65562557771074
643,2404301,417315.0,3385530.0,30,60,3,3,2585.0,12.2,529,0,5,417570,3385435,524,0,5,-96.0,559,255.0,-95.0,272.12129648375554,-5,50.43282867939871,-35,6,0,7.329094376467646
644,2404301,417315.0,3385530.0,30,60,3,3,2585.0,12.2,529,0,5,417430,3385575,526,0,6,-87.0,559,115.0,45.0,123.4908903522847,-3,8.629377730656813,-33,6,0,14.961342923048509
645,2404301,417315.0,3385530.0,30,60,3,3,2585.0,12.2,529,0,5,417425,3385570,526,0,6,-85.67,559,110.0,40.0,117.04699910719626,-3,10.01689347810003,-33,6,0,15.745162632759387
646,2404301,417315.0,3385530.0,30,60,3,3,2585.0,12.2,529,0,5,417405,3385590,527,0,6,-84.43,559,90.0,60.0,108.16653826391968,-2,-3.690067525979771,-32,6,0,16.48033002773718
647,2404301,417315.0,3385530.0,30,60,3,3,2585.0,12.2,529,0,5,417330,3385515,527,0,10,-83.56,559,15.0,-15.0,21.213203435596427,-2,75.0,-32,6,0,56.4591002680473
648,2404301,417315.0,3385530.0,30,60,3,3,2585.0,12.2,529,0,5,417340,3385485,527,0,5,-96.33,559,25.0,-45.0,51.478150704935004,-2,90.94539590092285,-32,6,0,31.866032669835533
649,2404301,417315.0,3385530.0,30,60,3,3,2585.0,12.2,529,0,5,417335,3385520,526,0,10,-86.22,559,20.0,-10.0,22.360679774997898,-3,56.565051177077976,-33,6,0,55.878576164352374
650,2404301,417315.0,3385530.0,30,60,3,3,2585.0,12.2,529,0,5,417345,3385490,526,0,5,-95.77,559,30.0,-40.0,50.0,-3,83.13010235415595,-33,6,0,33.424811182603804
651,2404301,417315.0,3385530.0,30,60,3,3,2585.0,12.2,529,0,5,417350,3385495,526,0,5,-82.25,559,35.0,-35.0,49.49747468305833,-3,75.0,-33,6,0,33.6914166645641
652,2404301,417315.0,3385530.0,30,60,3,3,2585.0,12.2,529,0,5,417300,3385445,530,102,5,-88.0,559,-15.0,-85.0,86.31338250816034,1,130.0079798014413,-29,6,0,18.571575167648962
653,2404301,417315.0,3385530.0,30,60,3,3,2585.0,12.2,529,0,5,417365,3385550,525,0,5,-78.93,559,50.0,20.0,53.85164807134504,-4,8.198590513648185,-34,6,0,32.26684578844051
654,2404301,417315.0,3385530.0,30,60,3,3,2585.0,12.2,529,0,5,417370,3385555,525,0,5,-73.7,559,55.0,25.0,60.41522986797286,-4,5.556045219583439,-34,6,0,29.36959098593122
655,2404301,417315.0,3385530.0,30,60,3,3,2585.0,12.2,529,0,5,417280,3385465,531,0,5,-82.83,559,-35.0,-65.0,73.824115301167,2,148.30075576600638,-28,6,0,20.770727629139316
656,2404301,417315.0,3385530.0,30,60,3,3,2585.0,12.2,529,0,5,417385,3385530,524,0,10,-79.28,559,70.0,0.0,70.0,-5,30.0,-35,6,0,26.56505117707799
657,2404301,417315.0,3385530.0,30,60,3,3,2585.0,12.2,529,0,5,417435,3385580,526,0,5,-92.56,559,120.0,50.0,130.0,-3,7.380135051959542,-33,6,0,14.243460573547825
658,2404301,417315.0,3385530.0,30,60,3,3,2585.0,12.2,529,0,5,417360,3385545,525,0,5,-73.73,559,45.0,15.0,47.43416490252569,-4,11.565051177077976,-34,6,0,35.63230828502535
659,2404301,417315.0,3385530.0,30,60,3,3,2585.0,12.2,529,0,5,417295,3385480,530,0,5,-85.25,559,-20.0,-50.0,53.85164807134504,1,141.80140948635182,-29,6,0,28.303196100388178
660,2404301,417315.0,3385530.0,30,60,3,3,2585.0,12.2,529,0,5,417355,3385500,525,0,5,-88.63,559,40.0,-30.0,50.0,-4,66.86989764584405,-34,6,0,34.2157021324374
661,2404301,417315.0,3385530.0,30,60,3,3,2585.0,12.2,529,0,5,417340,3385645,529,0,5,-84.5,559,25.0,115.0,117.6860229593982,0,-47.73522627210758,-30,6,0,14.301009796200471
662,2404301,417315.0,3385530.0,30,60,3,3,2585.0,12.2,529,0,5,417320,3385665,530,6,5,-91.25,559,5.0,135.0,135.09256086106296,1,-57.87890360333853,-29,6,0,12.115676970045286
663,2404301,417315.0,3385530.0,30,60,3,3,2585.0,12.2,529,0,5,417380,3385685,530,102,5,-81.5,559,65.0,155.0,168.0773631397161,1,-37.249023657212376,-29,6,0,9.789406666740893
664,2404301,417315.0,3385530.0,30,60,3,3,2585.0,12.2,529,0,5,417295,3385640,530,0,6,-84.33,559,-20.0,110.0,111.80339887498948,1,289.695153531234,-29,6,0,14.541145703015728
665,2404301,417315.0,3385530.0,30,60,3,3,2585.0,12.2,529,0,5,417330,3385675,530,0,5,-91.5,559,15.0,145.0,145.7737973711325,1,-54.0938588862295,-29,6,0,11.251432510402507
666,2404301,417315.0,3385530.0,30,60,3,3,2585.0,12.2,529,0,5,417385,3385690,530,102,5,-80.5,559,70.0,160.0,174.64249196572982,1,-36.37062226934319,-29,6,0,9.428137405719635
667,2404301,417315.0,3385530.0,30,60,3,3,2585.0,12.2,529,0,5,417355,3385660,529,0,5,-93.0,559,40.0,130.0,136.01470508735443,0,-42.89727103094765,-30,6,0,12.438258988460946
668,2404301,417315.0,3385530.0,30,60,3,3,2585.0,12.2,529,0,5,417425,3385730,531,0,6,-93.5,559,110.0,200.0,228.25424421026653,2,-31.189206257026967,-28,6,0,6.99354636692498
669,2404301,417315.0,3385530.0,30,60,3,3,2585.0,12.2,529,0,5,417285,3385630,531,0,5,-81.88,559,-30.0,100.0,104.4030650891055,2,283.3007557660064,-28,6,0,15.01294492752579
670,2404301,417315.0,3385530.0,30,60,3,3,2585.0,12.2,529,0,5,417365,3385710,530,0,10,-96.0,559,50.0,180.0,186.81541692269406,1,-44.475889003245754,-29,6,0,8.823793908338114
671,2404301,417315.0,3385530.0,30,60,3,3,2585.0,12.2,529,0,5,417310,3385615,530,0,5,-76.5,559,-5.0,85.0,85.14693182963201,1,296.6335393365702,-29,6,0,18.80821273217334
672,2404301,417315.0,3385530.0,30,60,3,3,2585.0,12.2,529,0,5,417315,3385620,530,0,5,-85.0,559,0.0,90.0,90.0,1,-60.0,-29,6,0,17.860094070679057
673,2404301,417315.0,3385530.0,30,60,3,3,2585.0,12.2,529,0,5,417290,3385635,531,0,5,-83.0,559,-25.0,105.0,107.93516572461452,2,286.6075022462489,-28,6,0,14.542815539229927
674,2404301,417315.0,3385530.0,30,60,3,3,2585.0,12.2,529,0,5,417300,3385605,531,0,5,-83.0,559,-15.0,75.0,76.48529270389177,2,288.69006752597977,-28,6,0,20.106842292875154
675,2404301,417315.0,3385530.0,30,60,3,3,2585.0,12.2,529,0,5,417375,3385720,530,0,5,-98.67,559,60.0,190.0,199.24858845171275,1,-42.47443162627712,-29,6,0,8.281070602238461
676,2404301,417315.0,3385530.0,30,60,3,3,2585.0,12.2,529,0,5,417280,3385625,531,0,5,-81.24,559,-35.0,95.0,101.24228365658294,2,279.77514056883194,-28,6,0,15.4595434305008
677,2404301,417315.0,3385530.0,30,60,3,3,2585.0,12.2,529,0,5,417350,3385655,529,0,5,-97.17,559,35.0,125.0,129.80754985747168,0,-44.35775354279127,-30,6,0,13.013227073829793
678,2404301,417315.0,3385530.0,30,60,3,3,2585.0,12.2,529,0,5,417395,3385700,530,0,5,-83.5,559,80.0,170.0,187.88294228055935,1,-34.79887635452491,-29,6,0,8.774440693030797
679,2404301,417315.0,3385530.0,30,60,3,3,2585.0,12.2,529,0,5,417305,3385610,530,0,5,-80.63,559,-10.0,80.0,80.62257748298549,1,292.8749836510982,-29,6,0,19.78369529449539
680,2404301,417315.0,3385530.0,30,60,3,3,2585.0,12.2,529,0,5,417465,3385770,531,102,6,-89.67,559,150.0,240.0,283.0194339616981,2,-27.994616791916485,-28,6,0,5.650065147583398
681,2404301,417315.0,3385530.0,30,60,3,3,2585.0,12.2,529,0,5,417430,3385735,531,0,6,-91.0,559,115.0,205.0,235.05318547086316,2,-30.708637829015743,-28,6,0,6.793175361721774
682,2404301,417315.0,3385530.0,30,60,3,3,2585.0,12.2,529,0,5,417450,3385795,531,0,5,-100.5,559,135.0,265.0,297.40544715926103,2,-33.004161605913396,-28,6,0,5.378404798434101
683,2404301,417315.0,3385530.0,30,60,3,3,2585.0,12.2,529,0,5,417625,3385635,533,0,10,-68.0,559,310.0,105.0,327.29955698106284,4,11.288262124900257,-26,6,0,4.5419205134617435
684,2404301,417315.0,3385530.0,30,60,3,3,2585.0,12.2,529,0,5,417315,3385435,529,0,5,-97.5,559,0.0,-95.0,95.0,0,120.0,-30,6,0,17.52556837372287
685,2404301,417315.0,3385530.0,30,60,3,3,2585.0,12.2,529,0,5,417295,3385415,529,0,5,-99.0,559,-20.0,-115.0,116.72617529928752,0,129.86580694308435,-30,6,0,14.4137275685254
686,2404301,417315.0,3385530.0,30,60,3,3,2585.0,12.2,529,0,5,417340,3385390,528,0,5,-103.0,559,25.0,-140.0,142.21462653327893,-1,109.87532834460217,-31,6,0,12.296998889435155
687,2404301,417315.0,3385530.0,30,60,3,3,2585.0,12.2,529,0,5,417470,3385600,528,0,5,-95.13,559,155.0,70.0,170.07351351694948,-1,5.695450734063286,-31,6,0,10.330131821176296
688,2404301,417315.0,3385530.0,30,60,3,3,2585.0,12.2,529,0,5,417460,3385590,527,0,5,-92.5,559,145.0,60.0,156.92354826475216,-2,7.520565602896909,-32,6,0,11.525782384562904
689,2404301,417315.0,3385530.0,30,60,3,3,2585.0,12.2,529,0,5,417450,3385580,526,0,5,-95.0,559,135.0,50.0,143.96180048887967,-3,9.676863170337072,-33,6,0,12.910718835918303
690,2404301,417315.0,3385530.0,30,60,3,3,2585.0,12.2,529,0,5,417500,3385550,525,102,5,-91.0,559,185.0,20.0,186.07794065928394,-4,23.829824904970394,-34,6,0,10.354807375455499
691,2404301,417315.0,3385530.0,30,60,3,3,2585.0,12.2,529,0,5,417515,3385555,526,0,5,-99.6,559,200.0,25.0,201.55644370746373,-3,22.874983651098205,-33,6,0,9.298301990289847
692,2404301,417315.0,3385530.0,30,60,3,3,2585.0,12.2,529,0,5,417485,3385525,524,0,6,-96.2,559,170.0,-5.0,170.07351351694948,-5,31.684684317896313,-35,6,0,11.62874240169772
693,2404301,417315.0,3385530.0,30,60,3,3,2585.0,12.2,529,0,5,417480,3385530,524,0,6,-95.67,559,165.0,0.0,165.0,-5,30.0,-35,6,0,11.976132444203355
694,2404301,417315.0,3385530.0,30,60,3,3,2585.0,12.2,529,0,5,417455,3385575,526,102,5,-92.13,559,140.0,45.0,147.05441169852742,-3,12.181111085477255,-33,6,0,12.648025561203138
695,2404301,417315.0,3385530.0,30,60,3,3,2585.0,12.2,529,0,5,417440,3385570,526,0,5,-77.0,559,125.0,40.0,131.24404748406687,-3,12.255328374943076,-33,6,0,14.113868397011302
696,2404301,417315.0,3385530.0,30,60,3,3,2585.0,12.2,529,0,5,417495,3385535,525,102,5,-101.0,559,180.0,5.0,180.06943105369106,-4,28.408859728805396,-34,6,0,10.692481493328415
697,2404301,417315.0,3385530.0,30,60,3,3,2585.0,12.2,529,0,5,417490,3385540,525,102,5,-95.33,559,175.0,10.0,175.28548142958104,-4,26.729512076816434,-34,6,0,10.977305870223605
698,2404301,417315.0,3385530.0,30,60,3,3,2585.0,12.2,529,0,5,417475,3385595,527,0,5,-96.13,559,160.0,65.0,172.69916039170545,-2,7.890551656248363,-32,6,0,10.497466884710638
699,2404301,417315.0,3385530.0,30,60,3,3,2585.0,12.2,529,0,5,417505,3385545,525,102,5,-102.0,559,190.0,15.0,190.59118552545917,-4,25.486011541998778,-34,6,0,10.114725212300455
700,2404301,417315.0,3385530.0,30,60,3,3,2585.0,12.2,529,0,5,417540,3385510,525,0,6,-98.67,559,225.0,-20.0,225.88713996153035,-4,35.07960786001456,-34,6,0,8.559769553467085
701,2404301,417315.0,3385530.0,30,60,3,3,2585.0,12.2,529,0,5,417465,3385585,527,0,5,-102.13,559,150.0,55.0,159.76545308670458,-2,9.86369657175186,-32,6,0,11.32610737394437
702,2404301,417315.0,3385530.0,30,60,3,3,2585.0,12.2,529,0,5,417300,3385430,529,102,5,-94.5,559,-15.0,-100.0,101.11874208078342,0,128.53076560994813,-30,6,0,16.524617281564936
703,2404301,417315.0,3385530.0,30,60,3,3,2585.0,12.2,529,0,5,417445,3385565,525,0,5,-94.0,559,130.0,35.0,134.6291201783626,-4,14.931511840507824,-34,6,0,14.173436859787087
704,2404301,417315.0,3385530.0,30,60,3,3,2585.0,12.2,529,0,5,417290,3385540,531,0,6,-82.2,559,-25.0,10.0,26.92582403567252,2,231.80140948635182,-28,6,0,46.12038199913274
705,2404301,417315.0,3385530.0,30,60,3,3,2585.0,12.2,529,0,5,417405,3385485,524,0,5,-91.75,559,90.0,-45.0,100.62305898749054,-5,56.565051177077976,-35,6,0,19.179350963862493
706,2404301,417315.0,3385530.0,30,60,3,3,2585.0,12.2,529,0,5,417395,3385475,525,0,5,-96.71,559,80.0,-55.0,97.082439194738,-4,64.50852298766841,-34,6,0,19.30116353951732
707,2404301,417315.0,3385530.0,30,60,3,3,2585.0,12.2,529,0,5,417305,3385545,530,0,5,-77.46,559,-10.0,15.0,18.027756377319946,1,266.30993247402023,-29,6,0,58.13298295324074
708,2404301,417315.0,3385530.0,30,60,3,3,2585.0,12.2,529,0,5,417295,3385535,531,0,5,-88.2,559,-20.0,5.0,20.615528128088304,2,224.03624346792645,-28,6,0,53.63694098050847
709,2404301,417315.0,3385530.0,30,60,3,3,2585.0,12.2,529,0,5,417300,3385550,530,0,6,-79.57,559,-15.0,20.0,25.0,1,263.13010235415595,-29,6,0,49.23639479905884
710,2404301,417315.0,3385530.0,30,60,3,3,2585.0,12.2,529,0,5,417400,3385490,524,0,5,-89.0,559,85.0,-40.0,93.94147114027967,-5,55.20112364547509,-35,6,0,20.43400534343736
711,2404301,417315.0,3385530.0,30,60,3,3,2585.0,12.2,529,0,5,417430,3385520,523,0,5,-86.12,559,115.0,-10.0,115.43396380615195,-6,34.96974072811031,-36,6,0,17.32095726737286
712,2404301,417315.0,3385530.0,30,60,3,3,2585.0,12.2,529,0,5,417320,3385570,529,0,6,-73.12,559,5.0,40.0,40.311288741492746,0,-52.874983651098205,-30,6,0,36.65693295448205
713,2404301,417315.0,3385530.0,30,60,3,3,2585.0,12.2,529,0,5,417370,3385460,526,0,5,-81.5,559,55.0,-70.0,89.02246907382428,-3,81.84277341263095,-33,6,0,20.339387136590357
714,2404301,417315.0,3385530.0,30,60,3,3,2585.0,12.2,529,0,5,417350,3385600,528,0,6,-75.13,559,35.0,70.0,78.26237921249263,-1,-33.434948822922024,-31,6,0,21.608690314796867
715,2404301,417315.0,3385530.0,30,60,3,3,2585.0,12.2,529,0,5,417500,3385430,523,0,6,-89.5,559,185.0,-100.0,210.2974084481309,-6,58.393019421382974,-36,6,0,9.714083835456902
716,2404301,417315.0,3385530.0,30,60,3,3,2585.0,12.2,529,0,5,417355,3385595,527,0,6,-70.63,559,40.0,65.0,76.32168761236873,-2,-28.392497753751115,-32,6,0,22.74722924059409
717,2404301,417315.0,3385530.0,30,60,3,3,2585.0,12.2,529,0,5,417340,3385590,528,0,6,-66.17,559,25.0,60.0,65.0,-1,-37.3801350519596,-31,6,0,25.497551493337784
718,2404301,417315.0,3385530.0,30,60,3,3,2585.0,12.2,529,0,5,417390,3385480,525,102,5,-95.88,559,75.0,-50.0,90.13878188659973,-4,63.69006752597977,-34,6,0,20.666281481832634
719,2404301,417315.0,3385530.0,30,60,3,3,2585.0,12.2,529,0,5,417325,3385565,528,0,5,-73.65,559,10.0,35.0,36.40054944640259,-1,-44.05460409907715,-31,6,0,40.41889445460671
720,2404301,417315.0,3385530.0,30,60,3,3,2585.0,12.2,529,0,5,417435,3385515,523,0,5,-86.07,559,120.0,-15.0,120.93386622447825,-6,37.125016348901795,-36,6,0,16.577392850994336
721,2404301,417315.0,3385530.0,30,60,3,3,2585.0,12.2,529,0,5,417330,3385580,528,0,6,-68.24,559,15.0,50.0,52.20153254455275,-1,-43.300755766006375,-31,6,0,30.70405581850201
722,2404301,417315.0,3385530.0,30,60,3,3,2585.0,12.2,529,0,5,417410,3385500,524,0,10,-88.67,559,95.0,-30.0,99.62429422585637,-5,47.52556837372288,-35,6,0,19.357391634875682
723,2404301,417315.0,3385530.0,30,60,3,3,2585.0,12.2,529,0,5,417415,3385495,524,0,10,-87.27,559,100.0,-35.0,105.94810050208545,-5,49.29004621918875,-35,6,0,18.280994156924944
724,2404301,417315.0,3385530.0,30,60,3,3,2585.0,12.2,529,0,5,417280,3385530,532,0,6,-90.35,559,-35.0,0.0,35.0,3,210.0,-27,6,0,37.64762064010765
725,2404301,417315.0,3385530.0,30,60,3,3,2585.0,12.2,529,0,5,417315,3385555,529,0,5,-81.67,559,0.0,25.0,25.0,0,-60.0,-30,6,0,50.19442890773481
726,2404301,417315.0,3385530.0,30,60,3,3,2585.0,12.2,529,0,5,417425,3385505,524,0,10,-87.31,559,110.0,-25.0,112.80514172678478,-5,42.804266065286754,-35,6,0,17.237524882626886
727,2404301,417315.0,3385530.0,30,60,3,3,2585.0,12.2,529,0,5,417335,3385575,528,0,5,-73.18,559,20.0,45.0,49.24428900898052,-1,-36.03751102542179,-31,6,0,32.19101493327801
728,2404301,417315.0,3385530.0,30,60,3,3,2585.0,12.2,529,0,5,417345,3385585,528,0,6,-68.09,559,30.0,55.0,62.64982043070834,-1,-31.38954033403479,-31,6,0,26.326843632907583
729,2404301,417315.0,3385530.0,30,60,3,3,2585.0,12.2,529,0,5,417310,3385560,529,0,6,-75.0,559,-5.0,30.0,30.4138126514911,0,290.5376777919744,-30,6,0,44.60755087935968
730,2404301,417315.0,3385530.0,30,60,3,3,2585.0,12.2,529,0,5,417285,3385525,532,0,5,-86.42,559,-30.0,-5.0,30.4138126514911,3,200.53767779197437,-27,6,0,41.59721194564903
731,2404301,417315.0,3385530.0,30,60,3,3,2585.0,12.2,529,0,5,417420,3385510,524,0,10,-84.23,559,105.0,-20.0,106.88779163215975,-5,40.7842978675626,-35,6,0,18.130836887232263
732,2404301,417315.0,3385530.0,30,60,3,3,2585.0,12.2,529,0,5,417380,3385470,525,102,5,-90.5,559,65.0,-60.0,88.45903006477066,-4,72.70938995736151,-34,6,0,21.02469944559477
733,2404301,417315.0,3385530.0,30,60,3,3,2585.0,12.2,529,0,5,417575,3385335,520,0,5,-104.5,559,260.0,-195.0,325.0,-9,66.86989764584405,-39,6,0,6.84277341263094
734,2404301,417315.0,3385530.0,30,60,3,3,2585.0,12.2,529,0,5,417180,3385650,530,0,5,-108.0,559,-135.0,120.0,180.62391868188442,1,251.6335393365702,-29,6,0,9.121256996311939
735,2404301,417315.0,3385530.0,30,60,3,3,2585.0,12.2,529,0,5,417195,3385655,530,0,10,-113.2,559,-120.0,125.0,173.27723451163456,1,256.16913932790743,-29,6,0,9.501072861854494
736,2404301,417315.0,3385530.0,30,60,3,3,2585.0,12.2,529,0,5,417175,3385675,529,0,5,-100.0,559,-140.0,145.0,201.55644370746373,0,256.00508600525416,-30,6,0,8.465848238967707
737,2404301,417315.0,3385530.0,30,60,3,3,2585.0,12.2,529,0,5,417185,3385645,530,0,5,-106.0,559,-130.0,115.0,173.5655495770978,1,251.49646835521554,-29,6,0,9.48557737445097
738,2404301,417315.0,3385530.0,30,60,3,3,2585.0,12.2,529,0,5,417265,3385725,529,0,5,-101.45,559,-50.0,195.0,201.30822139197394,0,285.6186054089094,-30,6,0,8.476135473303852
739,2404301,417315.0,3385530.0,30,60,3,3,2585.0,12.2,529,0,5,417220,3385690,529,0,6,-99.5,559,-95.0,160.0,186.07794065928394,0,269.3002774491856,-30,6,0,9.158574354935928
740,2404301,417315.0,3385530.0,30,60,3,3,2585.0,12.2,529,0,5,417275,3385475,532,0,5,-85.44,559,-40.0,-55.0,68.00735254367721,3,156.0273733851036,-27,6,0,21.653864394258914
741,2404301,417315.0,3385530.0,30,60,3,3,2585.0,12.2,529,0,5,417265,3385465,532,0,10,-82.47,559,-50.0,-65.0,82.00609733428362,3,157.56859202882748,-27,6,0,18.223809599704666
742,2404301,417315.0,3385530.0,30,60,3,3,2585.0,12.2,529,0,5,417245,3385445,531,0,10,-86.23,559,-70.0,-85.0,110.11357772772621,2,159.47245984834382,-28,6,0,14.266967036563443
743,2404301,417315.0,3385530.0,30,60,3,3,2585.0,12.2,529,0,5,417240,3385450,531,0,5,-85.56,559,-75.0,-80.0,109.65856099730654,2,163.1523897340054,-28,6,0,14.323735114102838
744,2404301,417315.0,3385530.0,30,60,3,3,2585.0,12.2,529,0,5,417255,3385455,531,0,10,-83.72,559,-60.0,-75.0,96.04686356149273,2,158.65980825409008,-28,6,0,16.2526898532125
745,2404301,417315.0,3385530.0,30,60,3,3,2585.0,12.2,529,0,5,417260,3385470,532,0,10,-85.69,559,-55.0,-60.0,81.39410298049853,3,162.51044707800082,-27,6,0,18.351682249716998
746,2404301,417315.0,3385530.0,30,60,3,3,2585.0,12.2,529,0,5,417250,3385460,531,0,10,-84.88,559,-65.0,-70.0,95.524865872714,2,162.87890360333856,-28,6,0,16.336778844135836
747,2404301,417315.0,3385530.0,30,60,3,3,2585.0,12.2,529,0,5,417235,3385515,533,6,5,-92.29,559,-80.0,-15.0,81.39410298049853,4,199.38034472384487,-26,6,0,17.715221657762463
748,2404301,417315.0,3385530.0,30,60,3,3,2585.0,12.2,529,0,5,417225,3385505,532,0,5,-100.0,559,-90.0,-25.0,93.40770846134703,3,194.47588900324575,-27,6,0,16.122221913270504
749,2404301,417315.0,3385530.0,30,60,3,3,2585.0,12.2,529,0,5,417210,3385500,532,0,5,-90.0,559,-105.0,-30.0,109.20164833920778,3,194.05460409907715,-27,6,0,13.887799644071936
750,2404301,417315.0,3385530.0,30,60,3,3,2585.0,12.2,529,0,5,417230,3385520,533,6,5,-92.33,559,-85.0,-10.0,85.58621384311844,4,203.29016319224309,-26,6,0,16.898112361127975
751,2404301,417315.0,3385530.0,30,60,3,3,2585.0,12.2,529,0,5,417270,3385480,532,0,5,-84.5,559,-45.0,-50.0,67.26812023536856,3,161.98721249581664,-27,6,0,21.869481962423386
752,2404301,417315.0,3385530.0,30,60,3,3,2585.0,12.2,529,0,5,417725,3385500,529,0,5,-100.67,559,410.0,-30.0,411.0960958218893,0,34.184916125118434,-30,6,0,4.173797467157022
753,2404301,417315.0,3385530.0,30,60,3,3,2585.0,12.2,529,0,5,417825,3385440,525,93,5,-108.5,559,510.0,-90.0,517.880295048962,-4,40.007979801441365,-34,6,0,3.7562056130477135
754,2404301,417315.0,3385530.0,30,60,3,3,2585.0,12.2,529,0,5,417375,3385435,526,0,5,-93.5,559,60.0,-95.0,112.36102527122117,-3,87.72435568542238,-33,6,0,16.367310317262575
755,2404301,417315.0,3385530.0,30,60,3,3,2585.0,12.2,529,0,5,417390,3385420,526,0,5,-103.33,559,75.0,-110.0,133.13526955694348,-3,85.71312302279102,-33,6,0,13.921227831829729
756,2404301,417315.0,3385530.0,30,60,3,3,2585.0,12.2,529,0,5,417475,3385495,524,0,5,-102.2,559,160.0,-35.0,163.783393541592,-5,42.33908727832619,-35,6,0,12.062496571856872
757,2404301,417315.0,3385530.0,30,60,3,3,2585.0,12.2,529,0,5,417315,3385335,528,0,10,-88.5,559,0.0,-195.0,195.0,-1,120.0,-31,6,0,9.032969698971092
758,2404301,417315.0,3385530.0,30,60,3,3,2585.0,12.2,529,0,5,417420,3385370,526,0,7,-102.67,559,105.0,-160.0,191.3765920900464,-3,86.72511201516511,-33,6,0,9.78358042896128
759,2404301,417315.0,3385530.0,30,60,3,3,2585.0,12.2,529,0,5,417520,3385590,528,102,10,-102.5,559,205.0,60.0,213.60009363293827,-1,13.686147573739447,-31,6,0,8.257739544351423
760,2404301,417315.0,3385530.0,30,60,3,3,2585.0,12.2,529,0,5,417440,3385510,523,0,5,-90.74,559,125.0,-20.0,126.58988901172162,-6,39.090276920822305,-36,6,0,15.874845639314797
761,2404301,417315.0,3385530.0,30,60,3,3,2585.0,12.2,529,0,5,417555,3385575,528,0,5,-119.5,559,240.0,45.0,244.1823089414956,-1,19.38034472384487,-31,6,0,7.235241540523254
762,2404301,417315.0,3385530.0,30,60,3,3,2585.0,12.2,529,0,5,417485,3385465,524,0,6,-102.5,559,170.0,-65.0,182.00274723201295,-5,50.924501744921145,-35,6,0,10.885366668976571
763,2404301,417315.0,3385530.0,30,60,3,3,2585.0,12.2,529,0,5,417470,3385500,524,0,5,-98.29,559,155.0,-30.0,157.87653403846943,-5,40.954062643398345,-35,6,0,12.499866839355313
764,2404301,417315.0,3385530.0,30,60,3,3,2585.0,12.2,529,0,5,417445,3385505,523,0,5,-87.21,559,130.0,-25.0,132.38202294873727,-6,40.88552705465872,-36,6,0,15.213138904047236
765,2404301,417315.0,3385530.0,30,60,3,3,2585.0,12.2,529,0,5,417460,3385490,524,0,7,-90.59,559,145.0,-40.0,150.41608956491322,-5,45.42216131873869,-35,6,0,13.098944677760741
766,2404301,417315.0,3385530.0,30,60,3,3,2585.0,12.2,529,0,5,417455,3385515,523,0,5,-97.75,559,140.0,-15.0,140.80127840328723,-6,36.11550356628538,-36,6,0,14.342101182207593
767,2404301,417315.0,3385530.0,30,60,3,3,2585.0,12.2,529,0,5,417360,3385430,527,0,5,-93.5,559,45.0,-100.0,109.65856099730654,-2,95.77225468204585,-32,6,0,16.268030709706498
768,2404301,417315.0,3385530.0,30,60,3,3,2585.0,12.2,529,0,5,417480,3385470,524,0,5,-90.6,559,165.0,-60.0,175.57049866079439,-5,49.98310652189997,-35,6,0,11.274124759777745
769,2404301,417315.0,3385530.0,30,60,3,3,2585.0,12.2,529,0,5,417490,3385480,524,0,6,-84.4,559,175.0,-50.0,182.00274723201295,-5,45.94539590092285,-35,6,0,10.885366668976571
770,2404301,417315.0,3385530.0,30,60,3,3,2585.0,12.2,529,0,5,417495,3385475,524,0,6,-81.0,559,180.0,-55.0,188.2153022471871,-5,46.9908232919862,-35,6,0,10.534240431638107
771,2404301,417315.0,3385530.0,30,60,3,3,2585.0,12.2,529,0,5,417465,3385485,524,0,7,-83.29,559,150.0,-45.0,156.60459763365824,-5,46.699244233993625,-35,6,0,12.598161929250319
772,2404301,417315.0,3385530.0,30,60,3,3,2585.0,12.2,529,0,5,417395,3385415,526,0,5,-102.22,559,80.0,-115.0,140.089257261219,-3,85.17551084304318,-33,6,0,13.255176476412451
773,2404301,417315.0,3385530.0,30,60,3,3,2585.0,12.2,529,0,5,417450,3385520,523,0,5,-87.67,559,135.0,-10.0,135.36986370680884,-6,34.23639479905887,-36,6,0,14.892435970901516
774,2404301,417315.0,3385530.0,30,60,3,3,2585.0,12.2,529,0,5,417195,3385390,529,0,10,-107.33,559,-120.0,-140.0,184.39088914585776,0,160.60129464500446,-30,6,0,9.240929857865739
775,2404301,417315.0,3385530.0,30,60,3,3,2585.0,12.2,529,0,5,417650,3385865,537,0,6,-90.0,559,335.0,335.0,473.76154339498686,8,-15.0,-22,6,0,2.658726298547253
776,2404301,417315.0,3385530.0,30,60,3,3,2585.0,12.2,529,0,5,417335,3385750,530,0,5,-97.5,559,20.0,220.0,220.90722034374522,1,-54.80557109226521,-29,6,0,7.478841613417376
777,2404301,417315.0,3385530.0,30,60,3,3,2585.0,12.2,529,0,5,417310,3385685,530,6,5,-91.5,559,-5.0,155.0,155.08062419270823,1,298.1523897340054,-29,6,0,10.591950440551726
778,2404301,417315.0,3385530.0,30,60,3,3,2585.0,12.2,529,0,5,417305,3385700,529,0,5,-100.0,559,-10.0,170.0,170.29386365926402,0,296.6335393365702,-30,6,0,9.991058021246902
779,2404301,417315.0,3385530.0,30,60,3,3,2585.0,12.2,529,0,5,417365,3385640,529,102,6,-82.25,559,50.0,110.0,120.83045973594572,0,-35.55604521958344,-30,6,0,13.943549581161738
780,2404301,417315.0,3385530.0,30,60,3,3,2585.0,12.2,529,0,5,417375,3385630,528,102,6,-81.89,559,60.0,100.0,116.61903789690601,-1,-29.036243467926454,-31,6,0,14.886268034936581
781,2404301,417315.0,3385530.0,30,60,3,3,2585.0,12.2,529,0,5,417290,3385705,529,0,5,-95.0,559,-25.0,175.0,176.7766952966369,0,291.86989764584405,-30,6,0,9.6316519614038
782,2404301,417315.0,3385530.0,30,60,3,3,2585.0,12.2,529,0,5,417280,3385715,529,0,5,-101.0,559,-35.0,185.0,188.2817038376273,0,289.286876977209,-30,6,0,9.053162415557008
783,2404301,417315.0,3385530.0,30,60,3,3,2585.0,12.2,529,0,5,417430,3385645,529,0,5,-93.44,559,115.0,115.0,162.63455967290594,0,-15.0,-30,6,0,10.451445610145583
784,2404301,417315.0,3385530.0,30,60,3,3,2585.0,12.2,529,0,5,417435,3385650,529,0,5,-94.43,559,120.0,120.0,169.7056274847714,0,-15.0,-30,6,0,10.024987862075742
785,2404301,417315.0,3385530.0,30,60,3,3,2585.0,12.2,529,0,5,417425,3385660,530,0,10,-96.23,559,110.0,130.0,170.29386365926402,1,-19.76364169072616,-29,6,0,9.664408742578416
786,2404301,417315.0,3385530.0,30,60,3,3,2585.0,12.2,529,0,5,417420,3385655,529,0,5,-92.62,559,105.0,125.0,163.24827717314508,0,-19.96974072811031,-30,6,0,10.413015382223078
787,2404301,417315.0,3385530.0,30,60,3,3,2585.0,12.2,529,0,5,417410,3385665,530,0,5,-88.5,559,95.0,135.0,165.07574019219177,1,-24.86580694308435,-29,6,0,9.96387415684028
788,2404301,417315.0,3385530.0,30,60,3,3,2585.0,12.2,529,0,5,417380,3385615,528,0,5,-75.67,559,65.0,85.0,107.00467279516349,-1,-22.59464336859145,-31,6,0,16.15667110227455
789,2404301,417315.0,3385530.0,30,60,3,3,2585.0,12.2,529,0,5,417295,3385710,529,0,5,-99.4,559,-20.0,180.0,181.10770276274835,0,293.6598082540901,-30,6,0,9.405485341075034
790,2404301,417315.0,3385530.0,30,60,3,3,2585.0,12.2,529,0,5,417395,3385610,528,0,5,-87.5,559,80.0,80.0,113.13708498984761,-1,-15.0,-31,6,0,15.323176872867924
791,2404301,417315.0,3385530.0,30,60,3,3,2585.0,12.2,529,0,5,417400,3385675,530,102,6,-87.8,559,85.0,145.0,168.0773631397161,1,-29.620873988631672,-29,6,0,9.789406666740893
792,2404301,417315.0,3385530.0,30,60,3,3,2585.0,12.2,529,0,5,417390,3385605,528,0,5,-88.63,559,75.0,75.0,106.06601717798213,-1,-15.0,-31,6,0,16.292100207981242
793,2404301,417315.0,3385530.0,30,60,3,3,2585.0,12.2,529,0,5,417385,3385620,528,0,5,-80.44,559,70.0,90.0,114.0175425099138,-1,-22.125016348901795,-31,6,0,15.210350726954788
794,2404301,417315.0,3385530.0,30,60,3,3,2585.0,12.2,529,0,5,417370,3385625,528,102,6,-81.89,559,55.0,95.0,109.77249200050075,-1,-29.931417178137565,-31,6,0,15.769799708106623
795,2404301,417315.0,3385530.0,30,60,3,3,2585.0,12.2,529,0,5,417285,3385720,529,0,5,-102.0,559,-30.0,190.0,192.35384061671346,0,291.0273733851036,-30,6,0,8.864582596037371
796,2404301,417315.0,3385530.0,30,60,3,3,2585.0,12.2,529,0,5,417360,3385635,529,102,6,-81.88,559,45.0,105.0,114.23659658795863,0,-36.801409486351815,-30,6,0,14.714353588433495
797,2404301,417315.0,3385530.0,30,60,3,3,2585.0,12.2,529,0,5,417300,3385695,529,0,5,-96.0,559,-15.0,165.0,165.6804152578089,0,294.8055710922652,-30,6,0,10.26342789199355
798,2404301,417315.0,3385530.0,30,60,3,3,2585.0,12.2,529,0,5,417415,3385670,530,0,5,-92.75,559,100.0,140.0,172.04650534085255,1,-24.462322208025626,-29,6,0,9.567786340908564
799,2404301,417315.0,3385530.0,30,60,3,3,2585.0,12.2,529,0,5,417215,3385625,531,0,5,-103.5,559,-100.0,95.0,137.93114224133723,2,253.53119928561415,-28,6,0,11.475104279618305
800,2404301,417315.0,3385530.0,30,60,3,3,2585.0,12.2,529,0,5,417235,3385605,532,0,5,-95.75,559,-80.0,75.0,109.65856099730654,3,253.1523897340054,-27,6,0,13.83216023188524
801,2404301,417315.0,3385530.0,30,60,3,3,2585.0,12.2,529,0,5,417200,3385640,530,0,5,-106.11,559,-115.0,110.0,159.13830462839547,1,253.7269699799433,-29,6,0,10.327764215517206
802,2404301,417315.0,3385530.0,30,60,3,3,2585.0,12.2,529,0,5,417210,3385630,531,0,5,-103.5,559,-105.0,100.0,145.0,2,253.60281897270363,-28,6,0,10.929488002180381
803,2404301,417315.0,3385530.0,30,60,3,3,2585.0,12.2,529,0,5,417220,3385620,531,0,5,-103.75,559,-95.0,90.0,130.86252328302402,2,253.451842301022,-28,6,0,12.077187166784897
804,2404301,417315.0,3385530.0,30,60,3,3,2585.0,12.2,529,0,5,414825,3385455,495,0,7,-92.5,559,-2490.0,-75.0,2491.1292620014724,-34,208.27474512452733,-64,6,0,1.4716713002019919
805,2404301,417315.0,3385530.0,30,60,3,3,2585.0,12.2,529,0,5,417230,3385610,532,0,5,-97.0,559,-85.0,80.0,116.72617529928752,3,253.2642954110716,-27,6,0,13.024062368025685
806,2404301,417315.0,3385530.0,30,60,3,3,2585.0,12.2,529,0,5,417265,3385655,530,0,5,-92.0,559,-50.0,125.0,134.6291201783626,1,278.1985905136482,-29,6,0,12.156145050965593
807,2404301,417315.0,3385530.0,30,60,3,3,2585.0,12.2,529,0,5,417260,3385660,530,0,5,-95.5,559,-55.0,130.0,141.15594213493105,1,277.0678995624102,-29,6,0,11.609677117687124
808,2404301,417315.0,3385530.0,30,60,3,3,2585.0,12.2,529,0,5,417225,3385615,531,0,5,-94.25,559,-90.0,85.0,123.79418403139947,2,253.3634229583833,-28,6,0,12.744820356617918
809,2404301,417315.0,3385530.0,30,60,3,3,2585.0,12.2,529,0,5,417205,3385635,530,0,5,-106.13,559,-110.0,105.0,152.0690632574555,1,253.66778014613038,-29,6,0,10.796827938133406
810,2404301,417315.0,3385530.0,30,60,3,3,2585.0,12.2,529,0,5,417625,3385440,525,0,5,-106.33,559,310.0,-90.0,322.80024783137947,-4,46.18920625702697,-34,6,0,6.012697161617645
811,2404301,417315.0,3385530.0,30,60,3,3,2585.0,12.2,529,0,5,417600,3385415,523,0,5,-104.67,559,285.0,-115.0,307.3271872125862,-6,51.97450799147197,-36,6,0,6.681123005514231
812,2404301,417315.0,3385530.0,30,60,3,3,2585.0,12.2,529,0,5,417620,3385435,525,0,6,-106.0,559,305.0,-95.0,319.4526568992658,-4,47.30052719194498,-34,6,0,6.075236302156825
813,2404301,417315.0,3385530.0,30,60,3,3,2585.0,12.2,529,0,5,417605,3385420,524,0,6,-104.0,559,290.0,-110.0,310.16124838541646,-5,50.772254682045855,-35,6,0,6.438279330548099
814,2404301,417315.0,3385530.0,30,60,3,3,2585.0,12.2,529,0,5,417635,3385430,524,0,5,-98.67,559,320.0,-100.0,335.2610922848042,-5,47.35402463626133,-35,6,0,5.959875566161661
815,2404301,417315.0,3385530.0,30,60,3,3,2585.0,12.2,529,0,5,417630,3385425,524,0,6,-103.5,559,315.0,-105.0,332.03915431767985,-5,48.434948822922024,-35,6,0,6.017284864032033
816,2404301,417315.0,3385530.0,30,60,3,3,2585.0,12.2,529,0,5,417650,3385365,521,0,5,-93.67,559,335.0,-165.0,373.4300469967568,-8,56.221966777554485,-38,6,0,5.810381105366126
817,2404301,417315.0,3385530.0,30,60,3,3,2585.0,12.2,529,0,5,417610,3385405,523,0,5,-97.5,559,295.0,-125.0,320.3903868720159,-6,52.96377305985459,-36,6,0,6.4110307722796955
818,2404301,417315.0,3385530.0,30,60,3,3,2585.0,12.2,529,0,5,417640,3385375,521,0,5,-92.0,559,325.0,-155.0,360.06943774777665,-8,55.497551493337824,-38,6,0,6.024421550123716
819,2404301,417315.0,3385530.0,30,60,3,3,2585.0,12.2,529,0,5,417315,3385700,530,0,5,-97.5,559,0.0,170.0,170.0,1,-60.0,-29,6,0,9.68079885938508
820,2404301,417315.0,3385530.0,30,60,3,3,2585.0,12.2,529,0,5,417375,3385640,529,102,6,-83.75,559,60.0,110.0,125.29964086141668,0,-31.38954033403479,-30,6,0,13.464636160957978
821,2404301,417315.0,3385530.0,30,60,3,3,2585.0,12.2,529,0,5,417365,3385630,528,102,6,-82.75,559,50.0,100.0,111.80339887498948,-1,-33.434948822922024,-31,6,0,15.497227248274116
822,2404301,417315.0,3385530.0,30,60,3,3,2585.0,12.2,529,0,5,417360,3385625,528,102,6,-83.43,559,45.0,95.0,105.11898020814318,-1,-34.65382405805332,-31,6,0,16.430995167507504
823,2404301,417315.0,3385530.0,30,60,3,3,2585.0,12.2,529,0,5,417385,3385610,528,0,5,-81.92,559,70.0,80.0,106.30145812734649,-1,-18.814074834290352,-31,6,0,16.257923691794257
824,2404301,417315.0,3385530.0,30,60,3,3,2585.0,12.2,529,0,5,417300,3385685,530,6,5,-93.38,559,-15.0,155.0,155.72411502397438,1,294.4724598483438,-29,6,0,10.549166293693636
825,2404301,417315.0,3385530.0,30,60,3,3,2585.0,12.2,529,0,5,417435,3385660,530,0,10,-97.28,559,120.0,130.0,176.91806012954132,1,-17.290610042638548,-29,6,0,9.309006436451163
826,2404301,417315.0,3385530.0,30,60,3,3,2585.0,12.2,529,0,5,417430,3385655,529,0,10,-95.61,559,115.0,125.0,169.85287751463028,0,-17.385944030388828,-30,6,0,10.016473000922792
827,2404301,417315.0,3385530.0,30,60,3,3,2585.0,12.2,529,0,5,417400,3385665,530,102,6,-92.75,559,85.0,135.0,159.53056133543816,1,-27.804266065286754,-29,6,0,10.302914649928043
828,2404301,417315.0,3385530.0,30,60,3,3,2585.0,12.2,529,0,5,417395,3385620,528,0,5,-71.13,559,80.0,90.0,120.41594578792295,-1,-18.36646066342979,-31,6,0,14.43679416265901
829,2404301,417315.0,3385530.0,30,60,3,3,2585.0,12.2,529,0,5,417330,3385755,530,0,5,-104.0,559,15.0,225.0,225.49944567559362,1,-56.18592516570965,-29,6,0,7.328209838765826
830,2404301,417315.0,3385530.0,30,60,3,3,2585.0,12.2,529,0,5,417420,3385645,529,0,5,-85.0,559,105.0,115.0,155.72411502397438,0,-17.602562202499826,-30,6,0,10.904350221490754
831,2404301,417315.0,3385530.0,30,60,3,3,2585.0,12.2,529,0,5,417425,3385650,529,0,10,-94.35,559,110.0,120.0,162.78820596099706,0,-17.489552921999177,-30,6,0,10.441798171725758
832,2404301,417315.0,3385530.0,30,60,3,3,2585.0,12.2,529,0,5,417410,3385675,530,0,5,-90.0,559,95.0,145.0,173.34935823359717,1,-26.768288932020653,-29,6,0,9.49719187115946
833,2404301,417315.0,3385530.0,30,60,3,3,2585.0,12.2,529,0,5,417285,3385710,529,0,5,-99.17,559,-30.0,180.0,182.4828759089466,0,290.5376777919744,-30,6,0,9.335859032003938
834,2404301,417315.0,3385530.0,30,60,3,3,2585.0,12.2,529,0,5,417290,3385715,529,0,5,-99.6,559,-25.0,185.0,186.6815470259447,0,292.3039482779834,-30,6,0,9.12946097343588
835,2404301,417315.0,3385530.0,30,60,3,3,2585.0,12.2,529,0,5,417525,3385790,533,0,10,-99.0,559,210.0,260.0,334.21549934136806,4,-21.07245640720771,-26,6,0,4.448315446311887
836,2404301,417315.0,3385530.0,30,60,3,3,2585.0,12.2,529,0,5,417295,3385720,529,0,5,-101.17,559,-20.0,190.0,191.049731745428,0,293.99099404250546,-30,6,0,8.924121715632046
837,2404301,417315.0,3385530.0,30,60,3,3,2585.0,12.2,529,0,5,417390,3385615,528,0,5,-85.0,559,75.0,85.0,113.35784048754634,-1,-18.576334374997373,-31,6,0,15.294734992059995
838,2404301,417315.0,3385530.0,30,60,3,3,2585.0,12.2,529,0,5,417380,3385605,528,0,6,-74.11,559,65.0,75.0,99.24716620639605,-1,-19.085616779974885,-31,6,0,17.3462722127223
839,2404301,417315.0,3385530.0,30,60,3,3,2585.0,12.2,529,0,5,417405,3385670,530,0,5,-82.0,559,90.0,140.0,166.43316977093238,1,-27.26477372789242,-29,6,0,9.884217901565918
840,2404301,417315.0,3385530.0,30,60,3,3,2585.0,12.2,529,0,5,417370,3385635,529,102,6,-88.5,559,55.0,105.0,118.53269591129698,0,-32.35402463626133,-30,6,0,14.203005936866075
841,2404301,417315.0,3385530.0,30,60,3,3,2585.0,12.2,529,0,5,417415,3385680,530,0,5,-96.75,559,100.0,150.0,180.27756377319946,1,-26.30993247402023,-29,6,0,9.13848562732367
842,2404301,417315.0,3385530.0,30,60,3,3,2585.0,12.2,529,0,5,417190,3385575,532,0,5,-105.0,559,-125.0,45.0,132.85330255586422,3,229.7988763545249,-27,6,0,11.487861399813013
843,2404301,417315.0,3385530.0,30,60,3,3,2585.0,12.2,529,0,5,417250,3385515,533,0,6,-90.0,559,-65.0,-15.0,66.70832032063167,4,197.00538320808352,-26,6,0,21.293671894034222
844,2404301,417315.0,3385530.0,30,60,3,3,2585.0,12.2,529,0,5,417260,3385485,532,0,5,-89.5,559,-55.0,-45.0,71.06335201775947,3,170.71059313749964,-27,6,0,20.803920869813417
845,2404301,417315.0,3385530.0,30,60,3,3,2585.0,12.2,529,0,5,417270,3385495,532,0,5,-90.17,559,-45.0,-35.0,57.0087712549569,3,172.1250163489018,-27,6,0,25.342765357770023
846,2404301,417315.0,3385530.0,30,60,3,3,2585.0,12.2,529,0,5,417195,3385580,532,0,14,-100.33,559,-120.0,50.0,130.0,3,232.61986494804046,-27,6,0,11.733084156412238
847,2404301,417315.0,3385530.0,30,60,3,3,2585.0,12.2,529,0,5,417235,3385460,531,0,5,-86.0,559,-80.0,-70.0,106.30145812734649,2,168.81407483429035,-28,6,0,14.756634005810412
848,2404301,417315.0,3385530.0,30,60,3,3,2585.0,12.2,529,0,5,417265,3385490,532,0,5,-89.13,559,-50.0,-40.0,64.03124237432849,3,171.3401917459099,-27,6,0,22.86365244532914
849,2404301,417315.0,3385530.0,30,60,3,3,2585.0,12.2,529,0,5,417255,3385520,533,0,6,-86.25,559,-60.0,-10.0,60.8276253029822,4,200.53767779197437,-26,6,0,23.14367366798228
850,2404301,417315.0,3385530.0,30,60,3,3,2585.0,12.2,529,0,5,417245,3385510,533,0,6,-84.67,559,-70.0,-20.0,72.80109889280519,4,194.05460409907715,-26,6,0,19.6535501236772
851,2404301,417315.0,3385530.0,30,60,3,3,2585.0,12.2,529,0,5,417275,3385500,532,0,5,-78.75,559,-40.0,-30.0,50.0,3,173.13010235415598,-27,6,0,28.369046293278583
852,2404301,417315.0,3385530.0,30,60,3,3,2585.0,12.2,529,0,5,417215,3385480,532,90,6,-93.17,559,-100.0,-50.0,111.80339887498948,3,183.43494882292202,-27,6,0,13.576716299413972
853,2404301,417315.0,3385530.0,30,60,3,3,2585.0,12.2,529,0,5,417125,3385550,529,0,7,-101.33,559,-190.0,20.0,191.049731745428,0,216.00900595749454,-30,6,0,8.924121715632046
854,2404301,417315.0,3385530.0,30,60,3,3,2585.0,12.2,529,0,5,417220,3385445,531,0,5,-98.0,559,-95.0,-85.0,127.47548783981962,2,168.17983011986425,-28,6,0,12.388293283122257
855,2404301,417315.0,3385530.0,30,60,3,3,2585.0,12.2,529,0,5,417230,3385455,531,0,5,-88.0,559,-85.0,-75.0,113.35784048754634,2,168.57633437499734,-28,6,0,13.874645514307725
856,2404301,417315.0,3385530.0,30,60,3,3,2585.0,12.2,529,0,5,417495,3385715,532,0,10,-95.5,559,180.0,185.0,258.11818998280614,3,-15.784824602991876,-27,6,0,5.971607469966175
857,2404301,417315.0,3385530.0,30,60,3,3,2585.0,12.2,529,0,5,417585,3385605,531,102,5,-107.5,559,270.0,75.0,280.22312538404105,2,14.475889003245754,-28,6,0,5.706076141666191
858,2404301,417315.0,3385530.0,30,60,3,3,2585.0,12.2,529,0,5,417485,3385705,532,0,10,-106.0,559,170.0,175.0,243.97745797511703,3,-15.83031548625803,-27,6,0,6.314996368217971
859,2404301,417315.0,3385530.0,30,60,3,3,2585.0,12.2,529,0,5,417505,3385685,532,0,5,-109.5,559,190.0,155.0,245.20399670478457,3,-9.207203504967822,-27,6,0,6.2836613336749725
860,2404301,417315.0,3385530.0,30,60,3,3,2585.0,12.2,529,0,5,417520,3385670,531,0,5,-103.0,559,205.0,140.0,248.2438317461282,2,-4.330217195503337,-28,6,0,6.435326090755063
861,2404301,417315.0,3385530.0,30,60,3,3,2585.0,12.2,529,0,5,417455,3385755,531,102,6,-83.33,559,140.0,225.0,265.0,2,-28.109208198154306,-28,6,0,6.031514610633623
862,2404301,417315.0,3385530.0,30,60,3,3,2585.0,12.2,529,0,5,417465,3385725,531,0,10,-92.17,559,150.0,195.0,246.01829200285087,2,-22.43140797117252,-28,6,0,6.493046627812676
863,2404301,417315.0,3385530.0,30,60,3,3,2585.0,12.2,529,0,5,417460,3385730,531,0,5,-88.13,559,145.0,200.0,247.0323865407125,2,-24.057888128617662,-28,6,0,6.466618210988858
864,2404301,417315.0,3385530.0,30,60,3,3,2585.0,12.2,529,0,5,417540,3385650,531,0,5,-81.0,559,225.0,120.0,255.0,2,1.9275130641470355,-28,6,0,6.266198098479253
865,2404301,417315.0,3385530.0,30,60,3,3,2585.0,12.2,529,0,5,417475,3385735,532,0,5,-95.83,559,160.0,205.0,260.0480724789169,3,-22.028396238949597,-27,6,0,5.927607372040305
866,2404301,417315.0,3385530.0,30,60,3,3,2585.0,12.2,529,0,5,417435,3385775,531,0,6,-97.5,559,120.0,245.0,272.8094573140748,2,-33.90457584261168,-28,6,0,5.860075240753721
867,2404301,417315.0,3385530.0,30,60,3,3,2585.0,12.2,529,0,5,417470,3385740,532,0,5,-89.78,559,155.0,210.0,261.00766272276377,3,-23.569141879837616,-27,6,0,5.905968945566214
868,2404301,417315.0,3385530.0,30,60,3,3,2585.0,12.2,529,0,5,417490,3385720,532,0,5,-94.7,559,175.0,190.0,258.3118270617898,3,-17.35329686610828,-27,6,0,5.96716331320904
869,2404301,417315.0,3385530.0,30,60,3,3,2585.0,12.2,529,0,5,417525,3385465,524,0,6,-98.33,559,210.0,-65.0,219.82947936980608,-5,47.19854122006586,-35,6,0,9.046378775800953
870,2404301,417315.0,3385530.0,30,60,3,3,2585.0,12.2,529,0,5,417355,3385415,527,0,5,-86.0,559,40.0,-115.0,121.75795661885921,-2,100.82099197418927,-32,6,0,14.725267690119416
871,2404301,417315.0,3385530.0,30,60,3,3,2585.0,12.2,529,0,5,417325,3385425,528,0,5,-100.5,559,10.0,-105.0,105.47511554864494,-1,114.55966796899452,-31,6,0,16.37849404598084
872,2404301,417315.0,3385530.0,30,60,3,3,2585.0,12.2,529,0,5,417340,3385410,528,0,5,-93.0,559,25.0,-120.0,122.57650672131263,-1,108.2317110679794,-31,6,0,14.19269658781268
873,2404301,417315.0,3385530.0,30,60,3,3,2585.0,12.2,529,0,5,417500,3385570,527,0,5,-97.5,559,185.0,40.0,189.274932307477,-2,17.79953127261922,-32,6,0,9.596039202423835
874,2404301,417315.0,3385530.0,30,60,3,3,2585.0,12.2,529,0,5,417470,3385540,524,0,6,-97.0,559,155.0,10.0,155.32224567009067,-5,26.30861401354872,-35,6,0,12.698813496744076
875,2404301,417315.0,3385530.0,30,60,3,3,2585.0,12.2,529,0,5,417485,3385585,527,0,5,-100.6,559,170.0,55.0,178.67568385205638,-2,12.072080237992736,-32,6,0,10.153764789500396
876,2404301,417315.0,3385530.0,30,60,3,3,2585.0,12.2,529,0,5,417295,3385395,529,0,5,-88.5,559,-20.0,-135.0,136.4734406395618,0,128.42696902148066,-30,6,0,12.39774453948989
877,2404301,417315.0,3385530.0,30,60,3,3,2585.0,12.2,529,0,5,417490,3385600,528,0,10,-93.83,559,175.0,70.0,188.48076824970764,-1,8.198590513648185,-31,6,0,9.339988773615021
878,2404301,417315.0,3385530.0,30,60,3,3,2585.0,12.2,529,0,5,417480,3385590,527,0,5,-98.78,559,165.0,60.0,175.57049866079439,-2,10.01689347810003,-32,6,0,10.329513350801136
879,2404301,417315.0,3385530.0,30,60,3,3,2585.0,12.2,529,0,5,417330,3385440,528,0,5,-98.43,559,15.0,-90.0,91.2414379544733,-1,110.53767779197437,-31,6,0,18.76559872546179
880,2404301,417315.0,3385530.0,30,60,3,3,2585.0,12.2,529,0,5,417515,3385575,527,0,10,-102.0,559,200.0,45.0,205.0,-2,17.31961650818016,-32,6,0,8.872132992917543
881,2404301,417315.0,3385530.0,30,60,3,3,2585.0,12.2,529,0,5,417335,3385435,528,0,5,-96.73,559,20.0,-95.0,97.082439194738,-1,108.1113419603721,-31,6,0,17.709127347214093
882,2404301,417315.0,3385530.0,30,60,3,3,2585.0,12.2,529,0,5,417320,3385430,529,0,5,-95.71,559,5.0,-100.0,100.12492197250393,0,117.13759477388828,-30,6,0,16.679567239823577
883,2404301,417315.0,3385530.0,30,60,3,3,2585.0,12.2,529,0,5,417495,3385595,528,0,10,-98.5,559,180.0,65.0,191.3765920900464,-1,10.144785630678939,-31,6,0,9.201095661462249
884,2404301,417315.0,3385530.0,30,60,3,3,2585.0,12.2,529,0,5,417510,3385580,527,0,5,-101.5,559,195.0,50.0,201.30822139197394,-2,15.618605408909389,-32,6,0,9.032179795741705
885,2404301,417315.0,3385530.0,30,60,3,3,2585.0,12.2,529,0,5,417440,3385550,524,0,7,-93.33,559,125.0,20.0,126.58988901172162,-5,20.909723079177695,-35,6,0,15.45523692091411
886,2404301,417315.0,3385530.0,30,60,3,3,2585.0,12.2,529,0,5,417465,3385525,523,0,6,-96.67,559,150.0,-5.0,150.08331019803634,-6,31.909152432996393,-36,6,0,13.488515705446593
887,2404301,417315.0,3385530.0,30,60,3,3,2585.0,12.2,529,0,5,417460,3385530,524,0,6,-97.6,559,145.0,0.0,145.0,-5,30.0,-35,6,0,13.570434385161485
888,2404301,417315.0,3385530.0,30,60,3,3,2585.0,12.2,529,0,5,417455,3385555,525,0,6,-96.75,559,140.0,25.0,142.21462653327893,-4,19.875328344602167,-34,6,0,13.445625178780503
889,2404301,417315.0,3385530.0,30,60,3,3,2585.0,12.2,529,0,5,417445,3385545,524,0,7,-97.67,559,130.0,15.0,130.86252328302402,-5,23.418055344821994,-35,6,0,14.973645295398306
890,2404301,417315.0,3385530.0,30,60,3,3,2585.0,12.2,529,0,5,417310,3385745,529,102,14,-110.0,559,-5.0,215.0,215.05813167606567,0,298.6677801461304,-30,6,0,7.941352033462358
891,2404301,417315.0,3385530.0,30,60,3,3,2585.0,12.2,529,0,5,417320,3385695,530,0,5,-88.5,559,5.0,165.0,165.07574019219177,1,-58.2642954110716,-29,6,0,9.96387415684028
892,2404301,417315.0,3385530.0,30,60,3,3,2585.0,12.2,529,0,5,417280,3385735,529,0,5,-108.0,559,-35.0,205.0,207.9663434308542,0,290.3112134396332,-30,6,0,8.208526541267519
893,2404301,417315.0,3385530.0,30,60,3,3,2585.0,12.2,529,0,5,417370,3385645,529,102,6,-84.25,559,55.0,115.0,127.47548783981962,0,-34.44003482817618,-30,6,0,13.242976219823511
894,2404301,417315.0,3385530.0,30,60,3,3,2585.0,12.2,529,0,5,417415,3385610,528,0,5,-85.8,559,100.0,80.0,128.06248474865697,-1,-8.65980825409008,-31,6,0,13.607787107425688
895,2404301,417315.0,3385530.0,30,60,3,3,2585.0,12.2,529,0,5,417405,3385620,528,0,5,-91.67,559,90.0,90.0,127.27922061357856,-1,-15.0,-31,6,0,13.688386922680822
896,2404301,417315.0,3385530.0,30,60,3,3,2585.0,12.2,529,0,5,417365,3385660,529,0,5,-85.0,559,50.0,130.0,139.2838827718412,0,-38.96248897457821,-30,6,0,12.155096776083843
897,2404301,417315.0,3385530.0,30,60,3,3,2585.0,12.2,529,0,5,417380,3385675,530,102,5,-87.0,559,65.0,145.0,158.90248582070703,1,-35.85445803957833,-29,6,0,10.342760547412631
898,2404301,417315.0,3385530.0,30,60,3,3,2585.0,12.2,529,0,5,417350,3385705,530,0,5,-99.0,559,35.0,175.0,178.46568297574746,1,-48.69006752597977,-29,6,0,9.22967558673313
899,2404301,417315.0,3385530.0,30,60,3,3,2585.0,12.2,529,0,5,417430,3385625,528,0,5,-86.0,559,115.0,95.0,149.164338901763,-1,-9.559667968994518,-31,6,0,11.740343293503498
900,2404301,417315.0,3385530.0,30,60,3,3,2585.0,12.2,529,0,5,417375,3385650,529,102,6,-79.9,559,60.0,120.0,134.16407864998737,0,-33.434948822922024,-30,6,0,12.604382648379184
901,2404301,417315.0,3385530.0,30,60,3,3,2585.0,12.2,529,0,5,417390,3385665,529,102,6,-86.33,559,75.0,135.0,154.434452114805,0,-30.945395900922847,-30,6,0,10.993201498596918
902,2404301,417315.0,3385530.0,30,60,3,3,2585.0,12.2,529,0,5,417395,3385670,530,102,6,-89.57,559,80.0,140.0,161.24515496597098,1,-30.255118703057803,-29,6,0,10.195669122020314
903,2404301,417315.0,3385530.0,30,60,3,3,2585.0,12.2,529,0,5,417335,3385690,530,0,5,-90.25,559,20.0,160.0,161.24515496597098,1,-52.874983651098205,-29,6,0,10.195669122020314
904,2404301,417315.0,3385530.0,30,60,3,3,2585.0,12.2,529,0,5,417360,3385655,529,102,5,-88.67,559,45.0,125.0,132.85330255586422,0,-40.20112364547509,-30,6,0,12.724711524242416
905,2404301,417315.0,3385530.0,30,60,3,3,2585.0,12.2,529,0,5,417400,3385615,528,0,5,-82.5,559,85.0,85.0,120.20815280171308,-1,-15.0,-31,6,0,14.460704242314291
906,2404301,417315.0,3385530.0,30,60,3,3,2585.0,12.2,529,0,5,417420,3385635,529,0,5,-89.5,559,105.0,105.0,148.49242404917499,0,-15.0,-30,6,0,11.421753658962295
907,2404301,417315.0,3385530.0,30,60,3,3,2585.0,12.2,529,0,5,417410,3385605,528,0,5,-88.17,559,95.0,75.0,121.03718436910205,-1,-8.290163192243085,-31,6,0,14.36576957767755
908,2404301,417315.0,3385530.0,30,60,3,3,2585.0,12.2,529,0,5,417290,3385725,529,0,5,-99.08,559,-25.0,195.0,196.596032513375,0,292.69424046668917,-30,6,0,8.676242784981746
909,2404301,417315.0,3385530.0,30,60,3,3,2585.0,12.2,529,0,5,417295,3385730,529,102,5,-113.5,559,-20.0,200.0,200.9975124224178,0,294.28940686250036,-30,6,0,8.489047410265869
910,2404301,417315.0,3385530.0,30,60,3,3,2585.0,12.2,529,0,5,417425,3385640,529,0,5,-89.82,559,110.0,110.0,155.56349186104046,0,-15.0,-30,6,0,10.915338918733045
911,2404301,417315.0,3385530.0,30,60,3,3,2585.0,12.2,529,0,5,417330,3385685,530,0,5,-96.0,559,15.0,155.0,155.72411502397438,1,-54.47245984834382,-29,6,0,10.549166293693636
912,2404301,417315.0,3385530.0,30,60,3,3,2585.0,12.2,529,0,5,417385,3385680,530,102,5,-87.63,559,70.0,150.0,165.5294535724685,1,-34.98310652189997,-29,6,0,9.937108457335421
913,2404301,417315.0,3385530.0,30,60,3,3,2585.0,12.2,529,0,5,417325,3385700,530,0,5,-98.04,559,10.0,170.0,170.29386365926402,1,-56.63353933657021,-29,6,0,9.664408742578416
914,2404301,417315.0,3385530.0,30,60,3,3,2585.0,12.2,529,0,5,417435,3385630,529,102,5,-89.0,559,120.0,100.0,156.20499351813308,0,-9.805571092265211,-30,6,0,10.871582215789934
915,2404301,417315.0,3385530.0,30,60,3,3,2585.0,12.2,529,0,5,417210,3385540,533,6,10,-95.0,559,-105.0,10.0,105.47511554864494,4,215.44033203100548,-26,6,0,13.847546208617343
916,2404301,417315.0,3385530.0,30,60,3,3,2585.0,12.2,529,0,5,417250,3385580,532,0,5,-91.13,559,-65.0,50.0,82.00609733428362,3,247.56859202882748,-27,6,0,18.223809599704666
917,2404301,417315.0,3385530.0,30,60,3,3,2585.0,12.2,529,0,5,417270,3385600,532,0,10,-94.52,559,-45.0,70.0,83.21658488546619,3,267.2647737278924,-27,6,0,17.97589097383862
918,2404301,417315.0,3385530.0,30,60,3,3,2585.0,12.2,529,0,5,417255,3385575,532,102,5,-98.25,559,-60.0,45.0,75.0,3,246.86989764584405,-27,6,0,19.798876354524932
919,2404301,417315.0,3385530.0,30,60,3,3,2585.0,12.2,529,0,5,417245,3385565,532,0,5,-92.5,559,-70.0,35.0,78.26237921249263,3,236.56505117707798,-27,6,0,19.03409361314733
920,2404301,417315.0,3385530.0,30,60,3,3,2585.0,12.2,529,0,5,417260,3385590,532,0,5,-92.8,559,-55.0,60.0,81.39410298049853,3,257.4895529219992,-27,6,0,18.351682249716998
921,2404301,417315.0,3385530.0,30,60,3,3,2585.0,12.2,529,0,5,417275,3385595,532,0,10,-88.0,559,-40.0,65.0,76.32168761236873,3,268.3924977537511,-27,6,0,19.482035915929306
922,2404301,417315.0,3385530.0,30,60,3,3,2585.0,12.2,529,0,5,417205,3385525,533,6,5,-97.5,559,-110.0,-5.0,110.11357772772621,4,207.39743779750017,-26,6,0,13.285340028433215
923,2404301,417315.0,3385530.0,30,60,3,3,2585.0,12.2,529,0,5,417265,3385585,532,0,5,-94.8,559,-50.0,55.0,74.33034373659252,3,257.7263109939063,-27,6,0,19.963213743887447
924,2404301,417315.0,3385530.0,30,60,3,3,2585.0,12.2,529,0,5,417195,3385515,533,0,5,-100.33,559,-120.0,-15.0,120.93386622447825,4,202.8749836510982,-26,6,0,12.133526390302498
925,2404301,417315.0,3385530.0,30,60,3,3,2585.0,12.2,529,0,5,417230,3385560,532,0,5,-92.5,559,-85.0,30.0,90.13878188659973,3,229.44003482817618,-27,6,0,16.674961718230765
926,2404301,417315.0,3385530.0,30,60,3,3,2585.0,12.2,529,0,5,417245,3385435,531,0,10,-85.2,559,-70.0,-95.0,118.00423721205946,2,156.38435181583588,-28,6,0,13.34826495315511
927,2404301,417315.0,3385530.0,30,60,3,3,2585.0,12.2,529,0,5,417265,3385415,530,102,5,-91.0,559,-50.0,-115.0,125.39936203984452,1,143.49856567595208,-29,6,0,13.021373430310042
928,2404301,417315.0,3385530.0,30,60,3,3,2585.0,12.2,529,0,5,417260,3385420,530,0,5,-88.25,559,-55.0,-110.0,122.98373876248843,1,146.565051177078,-29,6,0,13.268172937534922
929,2404301,417315.0,3385530.0,30,60,3,3,2585.0,12.2,529,0,5,417235,3385365,528,0,5,-94.33,559,-80.0,-165.0,183.3712082089225,-1,145.86635679409451,-31,6,0,9.595468226053587
930,2404301,417315.0,3385530.0,30,60,3,3,2585.0,12.2,529,0,5,417255,3385425,530,0,5,-84.75,559,-60.0,-105.0,120.93386622447825,1,149.74488129694222,-29,6,0,13.484924111349505
931,2404301,417315.0,3385530.0,30,60,3,3,2585.0,12.2,529,0,5,417250,3385430,530,0,5,-89.0,559,-65.0,-100.0,119.26860441876563,1,153.02386755579664,-29,6,0,13.666189919465438
932,2404301,417315.0,3385530.0,30,60,3,3,2585.0,12.2,529,0,5,417240,3385440,531,0,10,-86.6,559,-75.0,-90.0,117.15374513859982,2,159.80557109226518,-28,6,0,13.441663649008428
933,2404301,417315.0,3385530.0,30,60,3,3,2585.0,12.2,529,0,5,417405,3385440,525,102,10,-100.5,559,90.0,-90.0,127.27922061357856,-4,75.0,-34,6,0,14.95615764081733
934,2404301,417315.0,3385530.0,30,60,3,3,2585.0,12.2,529,0,5,417290,3385305,527,0,5,-95.5,559,-25.0,-225.0,226.38462845343543,-2,126.34019174590989,-32,6,0,8.045590886746718
935,2404301,417315.0,3385530.0,30,60,3,3,2585.0,12.2,529,0,5,417295,3385310,527,0,5,-95.5,559,-20.0,-220.0,220.90722034374522,-2,125.19442890773479,-32,6,0,8.242373354613559
936,2404301,417315.0,3385530.0,30,60,3,3,2585.0,12.2,529,0,5,417330,3385345,528,0,5,-94.5,559,15.0,-185.0,185.60711193270586,-1,115.36453657309733,-31,6,0,9.48198845649911
937,2404301,417315.0,3385530.0,30,60,3,3,2585.0,12.2,529,0,5,417550,3385525,526,0,5,-102.0,559,235.0,-5.0,235.05318547086316,-3,31.218875235131293,-33,6,0,7.9917361705346055
938,2404301,417315.0,3385530.0,30,60,3,3,2585.0,12.2,529,0,5,417445,3385480,524,0,5,-92.33,559,130.0,-50.0,139.2838827718412,-5,51.03751102542185,-35,6,0,14.105535838764323
939,2404301,417315.0,3385530.0,30,60,3,3,2585.0,12.2,529,0,5,417455,3385470,524,0,5,-93.08,559,140.0,-60.0,152.31546211727817,-5,53.198590513648185,-35,6,0,12.94113272065674
940,2404301,417315.0,3385530.0,30,60,3,3,2585.0,12.2,529,0,5,417450,3385465,524,0,5,-93.6,559,135.0,-65.0,149.83324063771698,-5,55.70995378081125,-35,6,0,13.148132494467681
941,2404301,417315.0,3385530.0,30,60,3,3,2585.0,12.2,529,0,5,417465,3385460,524,0,5,-97.0,559,150.0,-70.0,165.5294535724685,-5,55.01689347810003,-35,6,0,11.938927153068818
942,2404301,417315.0,3385530.0,30,60,3,3,2585.0,12.2,529,0,5,417415,3385430,525,102,10,-103.57,559,100.0,-100.0,141.4213562373095,-4,75.0,-34,6,0,13.518284623129587
943,2404301,417315.0,3385530.0,30,60,3,3,2585.0,12.2,529,0,5,417440,3385475,524,0,5,-95.75,559,125.0,-55.0,136.56500283747664,-5,53.749494492866745,-35,6,0,14.374832989277202
944,2404301,417315.0,3385530.0,30,60,3,3,2585.0,12.2,529,0,5,417460,3385455,524,0,5,-93.67,559,145.0,-75.0,163.24827717314508,-5,57.34987578006985,-35,6,0,12.100873046248738
945,2404301,417315.0,3385530.0,30,60,3,3,2585.0,12.2,529,0,5,417480,3385515,524,0,6,-99.25,559,165.0,-15.0,165.6804152578089,-5,35.19442890773479,-35,6,0,11.928360609358268
946,2404301,417315.0,3385530.0,30,60,3,3,2585.0,12.2,529,0,5,417540,3385535,526,0,5,-106.0,559,225.0,5.0,225.055548698538,-3,28.726969979943306,-33,6,0,8.341861110280767
947,2404301,417315.0,3385530.0,30,60,3,3,2585.0,12.2,529,0,5,417410,3385425,525,0,10,-105.12,559,95.0,-105.0,141.59802258506295,-4,77.86240522611172,-34,6,0,13.502036274514381
948,2404301,417315.0,3385530.0,30,60,3,3,2585.0,12.2,529,0,5,417535,3385550,526,0,5,-112.0,559,220.0,20.0,220.90722034374522,-3,24.80557109226521,-33,6,0,8.49624387288621
949,2404301,417315.0,3385530.0,30,60,3,3,2585.0,12.2,529,0,5,417545,3385540,526,0,5,-98.0,559,230.0,10.0,230.21728866442677,-3,27.51044707800088,-33,6,0,8.15737233256059
950,2404301,417315.0,3385530.0,30,60,3,3,2585.0,12.2,529,0,5,417080,3385720,527,0,5,-104.5,559,-235.0,190.0,302.2002647252315,-2,248.9559078377589,-32,6,0,6.044528067432538
951,2404301,417315.0,3385530.0,30,60,3,3,2585.0,12.2,529,0,5,417665,3385420,524,9,5,-100.0,559,350.0,-110.0,366.87872655688284,-5,47.44718842328223,-35,6,0,5.449489291260652
952,2404301,417315.0,3385530.0,30,60,3,3,2585.0,12.2,529,0,5,417650,3385425,524,9,5,-100.5,559,335.0,-105.0,351.0697936308392,-5,47.4027041313563,-35,6,0,5.693306087322734
953,2404301,417315.0,3385530.0,30,60,3,3,2585.0,12.2,529,0,5,417620,3385375,521,0,5,-96.5,559,305.0,-155.0,342.12570789112004,-8,56.93952806380082,-38,6,0,6.337881117722812
954,2404301,417315.0,3385530.0,30,60,3,3,2585.0,12.2,529,0,5,417635,3385370,521,0,5,-100.5,559,320.0,-160.0,357.77087639996637,-8,56.565051177077976,-38,6,0,6.062839128951523
955,2404301,417315.0,3385530.0,30,60,3,3,2585.0,12.2,529,0,5,417600,3385395,522,0,5,-91.6,559,285.0,-135.0,315.35694062442957,-7,55.34617594194668,-37,6,0,6.691769295250939
956,2404301,417315.0,3385530.0,30,60,3,3,2585.0,12.2,529,0,5,417625,3385380,521,0,5,-99.0,559,310.0,-150.0,344.3835071544513,-8,55.82099197418927,-38,6,0,6.296664420845486
957,2404301,417315.0,3385530.0,30,60,3,3,2585.0,12.2,529,0,5,417610,3385385,521,0,5,-96.67,559,295.0,-145.0,328.70959827787203,-8,56.17528998175993,-38,6,0,6.594324169230357
958,2404301,417315.0,3385530.0,30,60,3,3,2585.0,12.2,529,0,5,417605,3385400,522,0,5,-89.0,559,290.0,-130.0,317.80497164141406,-7,54.14554196042167,-37,6,0,6.640685176364156
959,2404301,417315.0,3385530.0,30,60,3,3,2585.0,12.2,529,0,5,417615,3385390,522,0,5,-93.5,559,300.0,-140.0,331.058907144937,-7,55.01689347810003,-37,6,0,6.377060733398776
960,2404301,417315.0,3385530.0,30,60,3,3,2585.0,12.2,529,0,5,417655,3385430,525,9,5,-101.0,559,340.0,-100.0,354.400902933387,-4,46.38954033403479,-34,6,0,5.479988212489858
961,2404301,417315.0,3385530.0,30,60,3,3,2585.0,12.2,529,0,5,417240,3385455,531,0,5,-88.2,559,-75.0,-75.0,106.06601717798213,2,165.0,-28,6,0,14.78795621053333
962,2404301,417315.0,3385530.0,30,60,3,3,2585.0,12.2,529,0,5,417225,3385520,533,0,5,-93.0,559,-90.0,-10.0,90.55385138137417,4,203.65980825409008,-26,6,0,16.01993527158133
963,2404301,417315.0,3385530.0,30,60,3,3,2585.0,12.2,529,0,5,417255,3385450,531,0,10,-85.19,559,-60.0,-80.0,100.0,2,156.86989764584402,-28,6,0,15.642246457208728
964,2404301,417315.0,3385530.0,30,60,3,3,2585.0,12.2,529,0,5,417250,3385445,531,0,10,-83.91,559,-65.0,-85.0,107.00467279516349,2,157.40535663140855,-28,6,0,14.663848705449116
965,2404301,417315.0,3385530.0,30,60,3,3,2585.0,12.2,529,0,5,417260,3385475,532,0,10,-86.71,559,-55.0,-55.0,77.78174593052023,3,165.0,-27,6,0,19.14317373957102
966,2404301,417315.0,3385530.0,30,60,3,3,2585.0,12.2,529,0,5,417220,3385515,533,0,5,-101.4,559,-95.0,-15.0,96.17692030835673,4,201.0273733851036,-26,6,0,15.127470325134798
967,2404301,417315.0,3385530.0,30,60,3,3,2585.0,12.2,529,0,5,417270,3385465,532,0,10,-87.8,559,-45.0,-65.0,79.05694150420949,3,154.69515353123396,-27,6,0,18.856369484232335
968,2404301,417315.0,3385530.0,30,60,3,3,2585.0,12.2,529,0,5,417265,3385480,532,0,10,-86.82,559,-50.0,-50.0,70.71067811865476,3,165.0,-27,6,0,20.89873960454897
969,2404301,417315.0,3385530.0,30,60,3,3,2585.0,12.2,529,0,5,417275,3385470,531,0,10,-81.07,559,-40.0,-60.0,72.11102550927978,2,153.69006752597977,-28,6,0,21.22070022359343
970,2404301,417315.0,3385530.0,30,60,3,3,2585.0,12.2,529,0,5,417215,3385490,532,90,6,-92.0,559,-100.0,-40.0,107.70329614269008,3,188.19859051364818,-27,6,0,14.073376248243749
971,2404301,417315.0,3385530.0,30,60,3,3,2585.0,12.2,529,0,5,417210,3385485,532,90,6,-86.25,559,-105.0,-45.0,114.23659658795863,3,186.80140948635182,-27,6,0,13.297916054000208
972,2404301,417315.0,3385530.0,30,60,3,3,2585.0,12.2,529,0,5,417245,3385460,531,0,10,-84.43,559,-70.0,-70.0,98.99494936611666,2,165.0,-28,6,0,15.793169048263962
973,2404301,417315.0,3385530.0,30,60,3,3,2585.0,12.2,529,0,5,417130,3385565,529,0,7,-97.5,559,-185.0,35.0,188.2817038376273,0,220.71312302279102,-30,6,0,9.053162415557008
974,2404301,417315.0,3385530.0,30,60,3,3,2585.0,12.2,529,0,5,417245,3385505,532,0,6,-81.0,559,-70.0,-25.0,74.33034373659252,3,190.34617594194668,-27,6,0,19.963213743887447
975,2404301,417315.0,3385530.0,30,60,3,3,2585.0,12.2,529,0,5,417210,3385480,532,90,6,-91.5,559,-105.0,-50.0,116.29703349613007,3,184.53665493812838,-27,6,0,13.070474596080775
976,2404301,417315.0,3385530.0,30,60,3,3,2585.0,12.2,529,0,5,417220,3385450,531,0,5,-105.0,559,-95.0,-80.0,124.19742348374221,2,169.89909245378774,-28,6,0,12.704786141962824
977,2404301,417315.0,3385530.0,30,60,3,3,2585.0,12.2,529,0,5,417250,3385520,533,0,6,-91.25,559,-65.0,-10.0,65.76473218982953,4,201.25383773744477,-26,6,0,21.571299354820805
978,2404301,417315.0,3385530.0,30,60,3,3,2585.0,12.2,529,0,5,417260,3385490,532,0,5,-92.33,559,-55.0,-40.0,68.00735254367721,3,173.9726266148964,-27,6,0,21.653864394258914
979,2404301,417315.0,3385530.0,30,60,3,3,2585.0,12.2,529,0,5,417225,3385445,531,0,5,-86.67,559,-90.0,-85.0,123.79418403139947,2,166.63657704161673,-28,6,0,12.744820356617918
980,2404301,417315.0,3385530.0,30,60,3,3,2585.0,12.2,529,0,5,417135,3385555,530,0,7,-104.5,559,-180.0,25.0,181.72781845386248,1,217.90716270295843,-29,6,0,9.066773309976824
981,2404301,417315.0,3385530.0,30,60,3,3,2585.0,12.2,529,0,5,417265,3385485,532,0,5,-90.4,559,-50.0,-45.0,67.26812023536856,3,168.01278750418334,-27,6,0,21.869481962423386
982,2404301,417315.0,3385530.0,30,60,3,3,2585.0,12.2,529,0,5,417200,3385470,531,0,6,-92.67,559,-115.0,-60.0,129.71121771072848,2,182.4471884232822,-28,6,0,12.181195585571457
983,2404301,417315.0,3385530.0,30,60,3,3,2585.0,12.2,529,0,5,417270,3385500,532,0,5,-86.53,559,-45.0,-30.0,54.08326913195984,3,176.30993247402023,-27,6,0,26.529754207260293
984,2404301,417315.0,3385530.0,30,60,3,3,2585.0,12.2,529,0,5,417240,3385510,533,0,6,-91.5,559,-75.0,-20.0,77.62087348130012,4,195.06858282186244,-26,6,0,18.518863348140822
985,2404301,417315.0,3385530.0,30,60,3,3,2585.0,12.2,529,0,5,417255,3385515,533,0,6,-85.58,559,-60.0,-15.0,61.84658438426491,4,195.96375653207352,-26,6,0,22.801645289982417
986,2404301,417315.0,3385530.0,30,60,3,3,2585.0,12.2,529,0,5,417275,3385495,532,0,5,-82.64,559,-40.0,-35.0,53.150729063673246,3,168.81407483429035,-27,6,0,26.93008080723923
987,2404301,417315.0,3385530.0,30,60,3,3,2585.0,12.2,529,0,5,417235,3385455,531,0,5,-85.0,559,-80.0,-75.0,109.65856099730654,2,166.8476102659946,-28,6,0,14.323735114102838
988,2404301,417315.0,3385530.0,30,60,3,3,2585.0,12.2,529,0,5,417205,3385465,531,0,6,-105.67,559,-110.0,-65.0,127.76932339180638,2,179.42077312751098,-28,6,0,12.360680232626246
989,2404301,417315.0,3385530.0,30,60,3,3,2585.0,12.2,529,0,5,417170,3385600,531,0,5,-96.33,559,-145.0,70.0,161.01242188104618,2,235.7693276243387,-28,6,0,9.865060764252297
990,2404301,417315.0,3385530.0,30,60,3,3,2585.0,12.2,529,0,5,417320,3385690,530,0,5,-95.5,559,5.0,160.0,160.0781059358212,1,-58.21008939175391,-29,6,0,10.2684247090119
991,2404301,417315.0,3385530.0,30,60,3,3,2585.0,12.2,529,0,5,417435,3385635,529,102,5,-97.33,559,120.0,105.0,159.45218719101973,0,-11.185925165709648,-30,6,0,10.6553060508032
992,2404301,417315.0,3385530.0,30,60,3,3,2585.0,12.2,529,0,5,417395,3385675,530,102,6,-88.75,559,80.0,145.0,165.60495161679194,1,-31.113418233089305,-29,6,0,9.932668445579766
993,2404301,417315.0,3385530.0,30,60,3,3,2585.0,12.2,529,0,5,417390,3385680,530,102,6,-92.88,559,75.0,150.0,167.70509831248424,1,-33.434948822922024,-29,6,0,9.810714979203912
994,2404301,417315.0,3385530.0,30,60,3,3,2585.0,12.2,529,0,5,417415,3385615,528,0,5,-92.25,559,100.0,85.0,131.24404748406687,-1,-10.364536573097325,-31,6,0,13.289754913116317
995,2404301,417315.0,3385530.0,30,60,3,3,2585.0,12.2,529,0,5,417400,3385610,528,0,5,-83.13,559,85.0,80.0,116.72617529928752,-1,-13.2642954110716,-31,6,0,14.873210483753699
996,2404301,417315.0,3385530.0,30,60,3,3,2585.0,12.2,529,0,5,417430,3385640,529,0,5,-86.5,559,115.0,110.0,159.13830462839547,0,-13.726969979943306,-30,6,0,10.675839842295225
997,2404301,417315.0,3385530.0,30,60,3,3,2585.0,12.2,529,0,5,417385,3385665,529,102,6,-84.57,559,70.0,135.0,152.0690632574555,0,-32.59242456218158,-30,6,0,11.159936872185444
998,2404301,417315.0,3385530.0,30,60,3,3,2585.0,12.2,529,0,5,417405,3385605,528,0,5,-86.83,559,90.0,75.0,117.15374513859982,-1,-9.805571092265211,-31,6,0,14.82132192814842
999,2404301,417315.0,3385530.0,30,60,3,3,2585.0,12.2,529,0,5,417285,3385725,529,0,5,-98.67,559,-30.0,195.0,197.29419656948858,0,291.25383773744477,-30,6,0,8.646004980314505
1000,2404301,417315.0,3385530.0,30,60,3,3,2585.0,12.2,529,0,5,417375,3385655,529,0,6,-76.83,559,60.0,125.0,138.6542462386205,0,-34.358994175694704,-30,6,0,12.208641650695082
1001,2404301,417315.0,3385530.0,30,60,3,3,2585.0,12.2,529,0,5,417425,3385625,528,0,5,-88.5,559,110.0,95.0,145.34441853748632,-1,-10.815083874881566,-31,6,0,12.040007695955444
1002,2404301,417315.0,3385530.0,30,60,3,3,2585.0,12.2,529,0,5,417335,3385695,530,0,5,-91.6,559,20.0,165.0,166.20770138594662,1,-53.08877288097534,-29,6,0,9.89736132419241
1003,2404301,417315.0,3385530.0,30,60,3,3,2585.0,12.2,529,0,5,417420,3385630,529,0,5,-78.8,559,105.0,100.0,145.0,0,-13.60281897270363,-30,6,0,11.689369175439193
1004,2404301,417315.0,3385530.0,30,60,3,3,2585.0,12.2,529,0,5,417330,3385700,530,0,5,-101.16,559,15.0,170.0,170.66048165876012,1,-54.95754893082909,-29,6,0,9.644037695669846
1005,2404301,417315.0,3385530.0,30,60,3,3,2585.0,12.2,529,0,5,417380,3385670,529,102,6,-83.0,559,65.0,140.0,154.35349040433132,0,-35.095231191904816,-30,6,0,10.998827085150094
1006,2404301,417315.0,3385530.0,30,60,3,3,2585.0,12.2,529,0,5,417345,3385705,530,0,5,-100.0,559,30.0,175.0,177.55280904564702,1,-50.27242144859838,-29,6,0,9.276306386615605
1007,2404301,417315.0,3385530.0,30,60,3,3,2585.0,12.2,529,0,5,417410,3385620,528,0,5,-89.38,559,95.0,90.0,130.86252328302402,-1,-13.451842301021998,-31,6,0,13.327120051236019
1008,2404301,417315.0,3385530.0,30,60,3,3,2585.0,12.2,529,0,5,417245,3385670,530,0,5,-99.5,559,-70.0,140.0,156.52475842498527,1,273.434948822922,-29,6,0,10.496408216314965
1009,2404301,417315.0,3385530.0,30,60,3,3,2585.0,12.2,529,0,5,417225,3385610,532,0,5,-100.0,559,-90.0,80.0,120.41594578792295,3,251.6335393365702,-27,6,0,12.637991642562573
1010,2404301,417315.0,3385530.0,30,60,3,3,2585.0,12.2,529,0,5,417220,3385605,532,102,5,-104.5,559,-95.0,75.0,121.03718436910205,3,248.29016319224309,-27,6,0,12.575193736782996
1011,2404301,417315.0,3385530.0,30,60,3,3,2585.0,12.2,529,0,5,417260,3385645,531,0,5,-95.5,559,-55.0,115.0,127.47548783981962,2,274.4400348281762,-28,6,0,12.388293283122257
1012,2404301,417315.0,3385530.0,30,60,3,3,2585.0,12.2,529,0,5,417240,3385665,530,0,5,-100.0,559,-75.0,135.0,154.434452114805,1,270.94539590092285,-29,6,0,10.63525945960271
1013,2404301,417315.0,3385530.0,30,60,3,3,2585.0,12.2,529,0,5,417215,3385640,530,0,5,-107.67,559,-100.0,110.0,148.66068747318505,1,257.7263109939063,-29,6,0,11.038354799455488
1014,2404301,417315.0,3385530.0,30,60,3,3,2585.0,12.2,529,0,5,417235,3385620,531,0,5,-95.0,559,-80.0,90.0,120.41594578792295,2,258.3664606634298,-28,6,0,13.09021910779267
1015,2404301,417315.0,3385530.0,30,60,3,3,2585.0,12.2,529,0,5,417205,3385630,531,0,5,-94.5,559,-110.0,100.0,148.66068747318505,2,252.27368900609372,-28,6,0,10.666605914663227
1016,2404301,417315.0,3385530.0,30,60,3,3,2585.0,12.2,529,0,5,417210,3385635,531,0,5,-100.5,559,-105.0,105.0,148.49242404917499,2,255.0,-28,6,0,10.678414922779545
1017,2404301,417315.0,3385530.0,30,60,3,3,2585.0,12.2,529,0,5,417230,3385615,531,0,5,-89.0,559,-85.0,85.0,120.20815280171308,2,255.0,-28,6,0,13.112065819039499
1018,2404301,417315.0,3385530.0,30,60,3,3,2585.0,12.2,529,0,5,417630,3385435,525,0,5,-105.0,559,315.0,-95.0,329.013677527242,-4,46.782644145270694,-34,6,0,5.89995586854911
1019,2404301,417315.0,3385530.0,30,60,3,3,2585.0,12.2,529,0,5,417615,3385420,524,0,6,-103.4,559,300.0,-110.0,319.53090617340916,-5,50.13630342824814,-35,6,0,6.251005426114469
1020,2404301,417315.0,3385530.0,30,60,3,3,2585.0,12.2,529,0,5,417600,3385405,523,0,5,-89.83,559,285.0,-125.0,311.20732639190874,-6,53.68208772453846,-36,6,0,6.598561811445225
1021,2404301,417315.0,3385530.0,30,60,3,3,2585.0,12.2,529,0,5,417620,3385425,524,0,6,-99.0,559,305.0,-105.0,322.56782232578627,-5,48.99665415548856,-35,6,0,6.192612771229961
1022,2404301,417315.0,3385530.0,30,60,3,3,2585.0,12.2,529,0,5,417370,3385655,529,0,6,-99.5,559,55.0,125.0,136.56500283747664,0,-36.250505507133255,-30,6,0,12.38968906372104
1023,2404301,417315.0,3385530.0,30,60,3,3,2585.0,12.2,529,0,5,417420,3385625,528,0,5,-85.33,559,105.0,95.0,141.59802258506295,-1,-12.137594773888225,-31,6,0,12.348907910837124
1024,2404301,417315.0,3385530.0,30,60,3,3,2585.0,12.2,529,0,5,417345,3385710,530,0,5,-98.0,559,30.0,180.0,182.4828759089466,1,-50.537677791974374,-29,6,0,9.0298771992072
1025,2404301,417315.0,3385530.0,30,60,3,3,2585.0,12.2,529,0,5,417410,3385615,528,0,5,-86.8,559,95.0,85.0,127.47548783981962,-1,-11.82016988013578,-31,6,0,13.668102727903163
1026,2404301,417315.0,3385530.0,30,60,3,3,2585.0,12.2,529,0,5,417405,3385610,528,0,5,-78.0,559,90.0,80.0,120.41594578792295,-1,-11.633539336570209,-31,6,0,14.43679416265901
1027,2404301,417315.0,3385530.0,30,60,3,3,2585.0,12.2,529,0,5,417325,3385690,530,0,5,-94.11,559,10.0,160.0,160.31219541881399,1,-56.42366562500263,-29,6,0,10.253748978021427
1028,2404301,417315.0,3385530.0,30,60,3,3,2585.0,12.2,529,0,5,417430,3385635,529,0,5,-73.25,559,115.0,105.0,155.72411502397438,0,-12.397437797500174,-30,6,0,10.904350221490754
1029,2404301,417315.0,3385530.0,30,60,3,3,2585.0,12.2,529,0,5,417425,3385630,529,0,5,-85.86,559,110.0,100.0,148.66068747318505,0,-12.273689006093718,-30,6,0,11.409165032419523
1030,2404301,417315.0,3385530.0,30,60,3,3,2585.0,12.2,529,0,5,417400,3385605,528,0,5,-90.74,559,85.0,75.0,113.35784048754634,-1,-11.423665625002627,-31,6,0,15.294734992059995
1031,2404301,417315.0,3385530.0,30,60,3,3,2585.0,12.2,529,0,5,417435,3385640,529,0,5,-98.75,559,120.0,110.0,162.78820596099706,0,-12.510447078000823,-30,6,0,10.441798171725758
1032,2404301,417315.0,3385530.0,30,60,3,3,2585.0,12.2,529,0,5,417375,3385660,529,0,6,-84.0,559,60.0,130.0,143.17821063276352,0,-35.224859431168056,-30,6,0,11.833935061786432
1033,2404301,417315.0,3385530.0,30,60,3,3,2585.0,12.2,529,0,5,417310,3385755,529,0,5,-101.5,559,-5.0,225.0,225.055548698538,0,298.7269699799433,-30,6,0,7.592790714071238
1034,2404301,417315.0,3385530.0,30,60,3,3,2585.0,12.2,529,0,5,417285,3385730,529,0,5,-101.4,559,-30.0,200.0,202.23748416156684,0,291.46923439005184,-30,6,0,8.43775033958048
1035,2404301,417315.0,3385530.0,30,60,3,3,2585.0,12.2,529,0,5,417380,3385665,529,102,6,-73.71,559,65.0,135.0,149.83324063771698,0,-34.29004621918875,-30,6,0,11.322195079184715
1036,2404301,417315.0,3385530.0,30,60,3,3,2585.0,12.2,529,0,5,417365,3385650,529,102,5,-80.0,559,50.0,120.0,130.0,0,-37.3801350519596,-30,6,0,12.994616791916505
1037,2404301,417315.0,3385530.0,30,60,3,3,2585.0,12.2,529,0,5,417330,3385695,530,0,5,-97.46,559,15.0,165.0,165.6804152578089,1,-54.80557109226521,-29,6,0,9.928234380535756
1038,2404301,417315.0,3385530.0,30,60,3,3,2585.0,12.2,529,0,5,417280,3385725,529,0,5,-101.25,559,-35.0,195.0,198.11612756158948,0,289.8244891569568,-30,6,0,8.610673762752926
1039,2404301,417315.0,3385530.0,30,60,3,3,2585.0,12.2,529,0,5,417335,3385700,530,0,5,-99.67,559,20.0,170.0,171.1724276862369,1,-53.290163192243085,-29,6,0,9.61573344842442
1040,2404301,417315.0,3385530.0,30,60,3,3,2585.0,12.2,529,0,5,417390,3385675,530,102,6,-94.0,559,75.0,145.0,163.24827717314508,1,-32.65012421993015,-29,6,0,10.073141560054557
1041,2404301,417315.0,3385530.0,30,60,3,3,2585.0,12.2,529,0,5,417385,3385670,530,102,6,-81.25,559,70.0,140.0,156.52475842498527,1,-33.434948822922024,-29,6,0,10.496408216314965
1042,2404301,417315.0,3385530.0,30,60,3,3,2585.0,12.2,529,0,5,417415,3385620,528,0,5,-83.8,559,100.0,90.0,134.5362404707371,-1,-11.987212495816664,-31,6,0,12.97568209416
1043,2404301,417315.0,3385530.0,30,60,3,3,2585.0,12.2,529,0,5,417385,3385495,525,0,5,-82.75,559,70.0,-35.0,78.26237921249263,-4,56.565051177077976,-34,6,0,23.481864706255667
1044,2404301,417315.0,3385530.0,30,60,3,3,2585.0,12.2,529,0,5,417360,3385520,524,0,5,-89.2,559,45.0,-10.0,46.09772228646444,-5,42.52880770915152,-35,6,0,37.20782535885358
1045,2404301,417315.0,3385530.0,30,60,3,3,2585.0,12.2,529,0,5,417325,3385555,528,0,5,-72.67,559,10.0,25.0,26.92582403567252,-1,-38.198590513648185,-31,6,0,49.023236699321984
1046,2404301,417315.0,3385530.0,30,60,3,3,2585.0,12.2,529,0,5,417375,3385505,524,0,5,-80.33,559,60.0,-25.0,65.0,-5,52.61986494804046,-35,6,0,28.30075576600638
1047,2404301,417315.0,3385530.0,30,60,3,3,2585.0,12.2,529,0,5,417420,3385460,524,0,5,-104.5,559,105.0,-70.0,126.19429464123962,-5,63.69006752597977,-35,6,0,15.501359566936996
1048,2404301,417315.0,3385530.0,30,60,3,3,2585.0,12.2,529,0,5,417415,3385465,525,0,5,-99.6,559,100.0,-65.0,119.26860441876563,-4,63.02386755579664,-34,6,0,15.911305227075989
1049,2404301,417315.0,3385530.0,30,60,3,3,2585.0,12.2,529,0,5,417300,3385580,530,0,5,-76.92,559,-15.0,50.0,52.20153254455275,1,283.3007557660064,-29,6,0,29.05388999396274
1050,2404301,417315.0,3385530.0,30,60,3,3,2585.0,12.2,529,0,5,417425,3385455,524,102,5,-106.43,559,110.0,-75.0,133.13526955694348,-5,64.28687697720898,-35,6,0,14.729234543619212
1051,2404301,417315.0,3385530.0,30,60,3,3,2585.0,12.2,529,0,5,417405,3385475,525,0,5,-95.17,559,90.0,-55.0,105.47511554864494,-4,61.42956561483851,-34,6,0,17.86677380510163
1052,2404301,417315.0,3385530.0,30,60,3,3,2585.0,12.2,529,0,5,417430,3385450,524,102,10,-108.43,559,115.0,-80.0,140.089257261219,-5,64.82448915695682,-35,6,0,14.02765355620807
1053,2404301,417315.0,3385530.0,30,60,3,3,2585.0,12.2,529,0,5,417345,3385535,526,0,5,-77.26,559,30.0,5.0,30.4138126514911,-3,20.537677791974374,-33,6,0,47.335383170505864
1054,2404301,417315.0,3385530.0,30,60,3,3,2585.0,12.2,529,0,5,417315,3385565,529,0,6,-76.93,559,0.0,35.0,35.0,0,-60.0,-30,6,0,40.60129464500447
1055,2404301,417315.0,3385530.0,30,60,3,3,2585.0,12.2,529,0,5,417335,3385545,527,0,5,-76.13,559,20.0,15.0,25.0,-2,-6.869897645844048,-32,6,0,52.00126755749534
1056,2404301,417315.0,3385530.0,30,60,3,3,2585.0,12.2,529,0,5,417305,3385575,530,0,5,-78.33,559,-10.0,45.0,46.09772228646444,1,287.4711922908485,-29,6,0,32.173929349663325
1057,2404301,417315.0,3385530.0,30,60,3,3,2585.0,12.2,529,0,5,417320,3385560,529,0,5,-71.76,559,5.0,30.0,30.4138126514911,0,-50.537677791974374,-30,6,0,44.60755087935968
1058,2404301,417315.0,3385530.0,30,60,3,3,2585.0,12.2,529,0,5,417395,3385485,525,102,5,-95.69,559,80.0,-45.0,91.7877987534291,-4,59.35775354279127,-34,6,0,20.325617357761356
1059,2404301,417315.0,3385530.0,30,60,3,3,2585.0,12.2,529,0,5,417330,3385550,528,0,5,-72.23,559,15.0,20.0,25.0,-1,-23.13010235415595,-31,6,0,51.115503566285405
1060,2404301,417315.0,3385530.0,30,60,3,3,2585.0,12.2,529,0,5,417310,3385570,530,0,6,-74.85,559,-5.0,40.0,40.311288741492746,1,292.8749836510982,-29,6,0,35.73129537176273
1061,2404301,417315.0,3385530.0,30,60,3,3,2585.0,12.2,529,0,5,417280,3385600,532,0,10,-85.29,559,-35.0,70.0,78.26237921249263,3,273.434948822922,-27,6,0,19.03409361314733
1062,2404301,417315.0,3385530.0,30,60,3,3,2585.0,12.2,529,0,5,417290,3385590,531,0,10,-85.44,559,-25.0,60.0,65.0,2,277.3801350519596,-28,6,0,23.304890539203114
1063,2404301,417315.0,3385530.0,30,60,3,3,2585.0,12.2,529,0,5,417365,3385515,524,0,5,-87.0,559,50.0,-15.0,52.20153254455275,-5,46.699244233993625,-35,6,0,33.840999026414025
1064,2404301,417315.0,3385530.0,30,60,3,3,2585.0,12.2,529,0,5,417355,3385525,524,0,5,-78.88,559,40.0,-5.0,40.311288741492746,-5,37.125016348901795,-35,6,0,40.96592474997384
1065,2404301,417315.0,3385530.0,30,60,3,3,2585.0,12.2,529,0,5,417350,3385530,525,0,5,-78.5,559,35.0,0.0,35.0,-4,30.0,-34,6,0,44.16968451374199
1066,2404301,417315.0,3385530.0,30,60,3,3,2585.0,12.2,529,0,5,417295,3385585,531,0,5,-84.18,559,-20.0,55.0,58.52349955359813,2,280.01689347810003,-28,6,0,25.568330875134187
1067,2404301,417315.0,3385530.0,30,60,3,3,2585.0,12.2,529,0,5,417340,3385540,526,0,5,-74.12,559,25.0,10.0,26.92582403567252,-3,8.198590513648185,-33,6,0,50.787822833278234
1068,2404301,417315.0,3385530.0,30,60,3,3,2585.0,12.2,529,0,5,417410,3385470,525,0,5,-98.6,559,95.0,-60.0,112.36102527122117,-4,62.27564431457762,-34,6,0,16.83560661274751
1069,2404301,417315.0,3385530.0,30,60,3,3,2585.0,12.2,529,0,5,417285,3385595,531,0,10,-84.0,559,-30.0,65.0,71.58910531638176,2,275.22485943116806,-28,6,0,21.361509871771506
1070,2404301,417315.0,3385530.0,30,60,3,3,2585.0,12.2,529,0,5,417435,3385445,524,102,10,-104.0,559,120.0,-85.0,147.05441169852742,-5,65.3112134396332,-35,6,0,13.387720823942844
1071,2404301,417315.0,3385530.0,30,60,3,3,2585.0,12.2,529,0,5,417390,3385490,525,0,5,-90.55,559,75.0,-40.0,85.0,-4,58.072486935852965,-34,6,0,21.80140948635181
1072,2404301,417315.0,3385530.0,30,60,3,3,2585.0,12.2,529,0,5,417400,3385480,525,0,5,-96.86,559,85.0,-50.0,98.6154146165801,-4,60.46554491945989,-34,6,0,19.02284592914607
1073,2404301,417315.0,3385530.0,30,60,3,3,2585.0,12.2,529,0,5,417370,3385510,524,0,5,-82.5,559,55.0,-20.0,58.52349955359813,-5,49.98310652189997,-35,6,0,30.88154902552605
1074,2404301,417315.0,3385530.0,30,60,3,3,2585.0,12.2,529,0,5,417380,3385500,524,0,5,-84.75,559,65.0,-30.0,71.58910531638176,-5,54.775140568831944,-35,6,0,26.054064937232678
1075,2404301,417315.0,3385530.0,30,60,3,3,2585.0,12.2,529,0,5,417600,3385625,532,0,5,-96.0,559,285.0,95.0,300.416377715996,3,11.565051177077976,-27,6,0,5.135674819092836
1076,2404301,417315.0,3385530.0,30,60,3,3,2585.0,12.2,529,0,5,417295,3385690,529,6,5,-93.25,559,-20.0,160.0,161.24515496597098,0,292.8749836510982,-30,6,0,10.53949331071694
1077,2404301,417315.0,3385530.0,30,60,3,3,2585.0,12.2,529,0,5,417425,3385680,530,0,5,-92.37,559,110.0,150.0,186.01075237738274,1,-23.74616226255523,-29,6,0,8.861360275087485
1078,2404301,417315.0,3385530.0,30,60,3,3,2585.0,12.2,529,0,5,417360,3385615,528,0,6,-73.4,559,45.0,85.0,96.17692030835673,-1,-32.10272896905235,-31,6,0,17.865306865742728
1079,2404301,417315.0,3385530.0,30,60,3,3,2585.0,12.2,529,0,5,417305,3385720,529,0,5,-99.43,559,-10.0,190.0,190.26297590440447,0,296.98721249581666,-30,6,0,8.960426272167272
1080,2404301,417315.0,3385530.0,30,60,3,3,2585.0,12.2,529,0,5,417385,3385640,529,0,5,-81.83,559,70.0,110.0,130.38404810405297,0,-27.528807709151522,-30,6,0,12.9576345678044
1081,2404301,417315.0,3385530.0,30,60,3,3,2585.0,12.2,529,0,5,417285,3385700,529,0,5,-101.0,559,-30.0,170.0,172.6267650163207,0,289.99202019855863,-30,6,0,9.858704388130207
1082,2404301,417315.0,3385530.0,30,60,3,3,2585.0,12.2,529,0,5,417415,3385650,529,0,5,-94.2,559,100.0,120.0,156.20499351813308,0,-20.19442890773479,-30,6,0,10.871582215789934
1083,2404301,417315.0,3385530.0,30,60,3,3,2585.0,12.2,529,0,5,417395,3385630,528,0,5,-83.18,559,80.0,100.0,128.06248474865697,-1,-21.34019174590992,-31,6,0,13.607787107425688
1084,2404301,417315.0,3385530.0,30,60,3,3,2585.0,12.2,529,0,5,417430,3385665,530,0,10,-97.25,559,115.0,135.0,177.341478509682,1,-19.573921259900885,-29,6,0,9.287168082157821
1085,2404301,417315.0,3385530.0,30,60,3,3,2585.0,12.2,529,0,5,417375,3385610,528,0,6,-74.03,559,60.0,80.0,100.0,-1,-23.13010235415595,-31,6,0,17.223436191131462
1086,2404301,417315.0,3385530.0,30,60,3,3,2585.0,12.2,529,0,5,417390,3385625,528,0,5,-78.97,559,75.0,95.0,121.03718436910205,-1,-21.709836807756915,-31,6,0,14.36576957767755
1087,2404301,417315.0,3385530.0,30,60,3,3,2585.0,12.2,529,0,5,417400,3385655,529,0,5,-83.23,559,85.0,125.0,151.16216457830973,0,-25.7842978675626,-30,6,0,11.225195696478597
1088,2404301,417315.0,3385530.0,30,60,3,3,2585.0,12.2,529,0,5,417370,3385605,528,0,6,-75.59,559,55.0,75.0,93.00537618869137,-1,-23.74616226255523,-31,6,0,18.433955220030203
1089,2404301,417315.0,3385530.0,30,60,3,3,2585.0,12.2,529,0,5,417315,3385710,530,0,5,-103.0,559,0.0,180.0,180.0,1,-60.0,-29,6,0,9.152339049401993
1090,2404301,417315.0,3385530.0,30,60,3,3,2585.0,12.2,529,0,5,417410,3385645,529,0,5,-85.36,559,95.0,115.0,149.164338901763,0,-20.440332031005482,-30,6,0,11.371647473554587
1091,2404301,417315.0,3385530.0,30,60,3,3,2585.0,12.2,529,0,5,417300,3385715,529,0,5,-103.38,559,-15.0,185.0,185.60711193270586,0,295.3645365730974,-30,6,0,9.181411672907572
1092,2404301,417315.0,3385530.0,30,60,3,3,2585.0,12.2,529,0,5,417380,3385635,529,0,5,-79.58,559,65.0,105.0,123.4908903522847,0,-28.24051991518718,-30,6,0,13.654517830285943
1093,2404301,417315.0,3385530.0,30,60,3,3,2585.0,12.2,529,0,5,417365,3385620,528,0,6,-81.2,559,50.0,90.0,102.95630140987001,-1,-30.945395900922847,-31,6,0,16.756975507091465
1094,2404301,417315.0,3385530.0,30,60,3,3,2585.0,12.2,529,0,5,417435,3385670,530,0,10,-94.88,559,120.0,140.0,184.39088914585776,1,-19.398705354995514,-29,6,0,8.93795534517083
1095,2404301,417315.0,3385530.0,30,60,3,3,2585.0,12.2,529,0,5,417405,3385660,529,0,5,-86.79,559,90.0,130.0,158.11388300841898,0,-25.304846468766016,-30,6,0,10.743403801775962
1096,2404301,417315.0,3385530.0,30,60,3,3,2585.0,12.2,529,0,5,417310,3385705,529,0,5,-97.73,559,-5.0,175.0,175.07141400011596,0,298.3634229583833,-30,6,0,9.723686307758955
1097,2404301,417315.0,3385530.0,30,60,3,3,2585.0,12.2,529,0,5,417420,3385675,530,0,5,-89.84,559,105.0,145.0,179.02513789968157,1,-24.090276920822305,-29,6,0,9.201326889417421
1098,2404301,417315.0,3385530.0,30,60,3,3,2585.0,12.2,529,0,5,417280,3385695,529,0,5,-100.0,559,-35.0,165.0,168.67127793433,0,288.02386755579664,-30,6,0,10.085206235386236
1099,2404301,417315.0,3385530.0,30,60,3,3,2585.0,12.2,529,0,5,417290,3385685,530,0,5,-95.8,559,-25.0,155.0,157.00318468107582,1,290.83765295427827,-29,6,0,10.46513083774294
1100,2404301,417315.0,3385530.0,30,60,3,3,2585.0,12.2,529,0,5,417305,3385685,530,6,5,-102.0,559,-10.0,155.0,155.32224567009067,1,296.3086140135487,-29,6,0,10.575845448456047
1101,2404301,417315.0,3385530.0,30,60,3,3,2585.0,12.2,529,0,5,417330,3385760,530,0,10,-103.0,559,15.0,230.0,230.4886114323222,1,-56.26860300083956,-29,6,0,7.171252536753672
1102,2404301,417315.0,3385530.0,30,60,3,3,2585.0,12.2,529,0,5,417415,3385675,530,0,5,-87.25,559,100.0,145.0,176.13914953808538,1,-25.40771131249005,-29,6,0,9.349446777302637
1103,2404301,417315.0,3385530.0,30,60,3,3,2585.0,12.2,529,0,5,417300,3385690,529,6,5,-96.75,559,-15.0,160.0,160.70158679988197,0,294.6441749571448,-30,6,0,10.574340113016783
1104,2404301,417315.0,3385530.0,30,60,3,3,2585.0,12.2,529,0,5,417325,3385745,530,0,5,-99.0,559,10.0,215.0,215.23243250030885,1,-57.33699923393283,-29,6,0,7.6737077222839085
1105,2404301,417315.0,3385530.0,30,60,3,3,2585.0,12.2,529,0,5,417375,3385635,529,102,6,-76.06,559,60.0,105.0,120.93386622447825,0,-30.255118703057803,-30,6,0,13.93209154925806
1106,2404301,417315.0,3385530.0,30,60,3,3,2585.0,12.2,529,0,5,417385,3385605,528,0,6,-82.25,559,70.0,75.0,102.59142264341595,-1,-16.974934010881952,-31,6,0,16.813216228192275
1107,2404301,417315.0,3385530.0,30,60,3,3,2585.0,12.2,529,0,5,417430,3385660,530,0,10,-95.66,559,115.0,130.0,173.5655495770978,1,-18.50353164478446,-29,6,0,9.48557737445097
1108,2404301,417315.0,3385530.0,30,60,3,3,2585.0,12.2,529,0,5,417380,3385610,528,0,6,-76.94,559,65.0,80.0,103.07764064044152,-1,-20.906141113770502,-31,6,0,16.738353730677066
1109,2404301,417315.0,3385530.0,30,60,3,3,2585.0,12.2,529,0,5,417425,3385645,529,0,5,-89.31,559,110.0,115.0,159.13830462839547,0,-16.273030020056694,-30,6,0,10.675839842295225
1110,2404301,417315.0,3385530.0,30,60,3,3,2585.0,12.2,529,0,5,417365,3385625,528,102,6,-74.91,559,50.0,95.0,107.35455276791944,-1,-32.24145939893998,-31,6,0,16.106749511932794
1111,2404301,417315.0,3385530.0,30,60,3,3,2585.0,12.2,529,0,5,417335,3385755,530,0,5,-105.11,559,20.0,225.0,225.88713996153035,1,-54.92039213998544,-29,6,0,7.315768669780395
1112,2404301,417315.0,3385530.0,30,60,3,3,2585.0,12.2,529,0,5,417390,3385620,528,0,5,-83.7,559,75.0,90.0,117.15374513859982,-1,-20.19442890773479,-31,6,0,14.82132192814842
1113,2404301,417315.0,3385530.0,30,60,3,3,2585.0,12.2,529,0,5,417395,3385615,528,0,5,-86.91,559,80.0,85.0,116.72617529928752,-1,-16.7357045889284,-31,6,0,14.873210483753699
1114,2404301,417315.0,3385530.0,30,60,3,3,2585.0,12.2,529,0,5,417290,3385720,529,0,5,-105.25,559,-25.0,190.0,191.637678967368,0,292.5041423602701,-30,6,0,8.897181058150442
1115,2404301,417315.0,3385530.0,30,60,3,3,2585.0,12.2,529,0,5,417410,3385680,530,0,6,-85.0,559,95.0,150.0,177.55280904564702,1,-27.652556500557978,-29,6,0,9.276306386615605
1116,2404301,417315.0,3385530.0,30,60,3,3,2585.0,12.2,529,0,5,417420,3385650,529,0,5,-90.23,559,105.0,120.0,159.45218719101973,0,-18.814074834290352,-30,6,0,10.6553060508032
1117,2404301,417315.0,3385530.0,30,60,3,3,2585.0,12.2,529,0,5,417405,3385665,530,0,5,-86.62,559,90.0,135.0,162.24980739587951,1,-26.30993247402023,-29,6,0,10.13384978269725
1118,2404301,417315.0,3385530.0,30,60,3,3,2585.0,12.2,529,0,5,417520,3385790,533,0,10,-97.0,559,205.0,260.0,331.09666262286606,4,-21.745579647482828,-26,6,0,4.4900467687804095
1119,2404301,417315.0,3385530.0,30,60,3,3,2585.0,12.2,529,0,5,417295,3385715,529,0,5,-97.67,559,-20.0,185.0,186.07794065928394,0,293.8298249049704,-30,6,0,9.158574354935928
1120,2404301,417315.0,3385530.0,30,60,3,3,2585.0,12.2,529,0,5,417285,3385705,529,0,5,-95.75,559,-30.0,175.0,177.55280904564702,0,290.2724214485984,-30,6,0,9.590334006159532
1121,2404301,417315.0,3385530.0,30,60,3,3,2585.0,12.2,529,0,5,417435,3385655,529,0,10,-93.55,559,120.0,125.0,173.27723451163456,0,-16.16913932790743,-30,6,0,9.822417743727742
1122,2404301,417315.0,3385530.0,30,60,3,3,2585.0,12.2,529,0,5,417360,3385630,528,102,6,-78.4,559,45.0,100.0,109.65856099730654,-1,-35.772254682045855,-31,6,0,15.785367722174314
1123,2404301,417315.0,3385530.0,30,60,3,3,2585.0,12.2,529,0,5,417370,3385640,529,102,6,-81.0,559,55.0,110.0,122.98373876248843,0,-33.434948822922024,-30,6,0,13.708704999125302
1124,2404301,417315.0,3385530.0,30,60,3,3,2585.0,12.2,529,0,5,417400,3385670,530,102,6,-87.25,559,85.0,140.0,163.783393541592,1,-28.73626830562256,-29,6,0,10.040901159143726
1125,2404301,417315.0,3385530.0,30,60,3,3,2585.0,12.2,529,0,5,417230,3385425,530,0,5,-90.33,559,-85.0,-105.0,135.09256086106296,1,158.99099404250546,-29,6,0,12.115676970045286
1126,2404301,417315.0,3385530.0,30,60,3,3,2585.0,12.2,529,0,5,417095,3385530,528,0,10,-99.0,559,-220.0,0.0,220.0,-1,210.0,-31,6,0,8.020689795528387
1127,2404301,417315.0,3385530.0,30,60,3,3,2585.0,12.2,529,0,5,417205,3385420,530,0,5,-93.4,559,-110.0,-110.0,155.56349186104046,1,165.0,-29,6,0,10.559813703922426
1128,2404301,417315.0,3385530.0,30,60,3,3,2585.0,12.2,529,0,5,417220,3385435,530,0,5,-92.33,559,-95.0,-95.0,134.35028842544403,1,165.0,-29,6,0,12.180621450033632
1129,2404301,417315.0,3385530.0,30,60,3,3,2585.0,12.2,529,0,5,417215,3385410,530,0,5,-94.0,559,-100.0,-120.0,156.20499351813308,1,159.80557109226518,-29,6,0,10.51741629265024
1130,2404301,417315.0,3385530.0,30,60,3,3,2585.0,12.2,529,0,5,417225,3385440,530,0,5,-87.4,559,-90.0,-90.0,127.27922061357856,1,165.0,-29,6,0,12.835468801612324
1131,2404301,417315.0,3385530.0,30,60,3,3,2585.0,12.2,529,0,5,417210,3385405,529,0,5,-90.67,559,-105.0,-125.0,163.24827717314508,0,160.0302592718897,-30,6,0,10.413015382223078
1132,2404301,417315.0,3385530.0,30,60,3,3,2585.0,12.2,529,0,5,417115,3385550,529,0,7,-108.25,559,-200.0,20.0,200.9975124224178,0,215.71059313749964,-30,6,0,8.489047410265869
1133,2404301,417315.0,3385530.0,30,60,3,3,2585.0,12.2,529,0,5,417320,3385730,530,102,5,-85.25,559,5.0,200.0,200.06249023742558,1,-58.567903815835336,-29,6,0,8.24784565024059
1134,2404301,417315.0,3385530.0,30,60,3,3,2585.0,12.2,529,0,5,417305,3385705,529,0,5,-99.0,559,-10.0,175.0,175.28548142958104,0,296.72951207681643,-30,6,0,9.712037552111358
1135,2404301,417315.0,3385530.0,30,60,3,3,2585.0,12.2,529,0,5,417285,3385685,530,0,5,-96.83,559,-30.0,155.0,157.87653403846943,1,289.04593735660166,-29,6,0,10.408507982087315
1136,2404301,417315.0,3385530.0,30,60,3,3,2585.0,12.2,529,0,5,417410,3385660,529,0,5,-81.35,559,95.0,130.0,161.01242188104618,0,-23.841814560191665,-30,6,0,10.554385413085752
1137,2404301,417315.0,3385530.0,30,60,3,3,2585.0,12.2,529,0,5,417425,3385665,530,0,10,-93.0,559,110.0,135.0,174.14074767268,1,-20.826342029555747,-29,6,0,9.454812510225295
1138,2404301,417315.0,3385530.0,30,60,3,3,2585.0,12.2,529,0,5,417380,3385630,528,0,5,-73.78,559,65.0,100.0,119.26860441876563,-1,-26.97613244420336,-31,6,0,14.569789642712355
1139,2404301,417315.0,3385530.0,30,60,3,3,2585.0,12.2,529,0,5,417310,3385720,529,102,5,-98.43,559,-5.0,190.0,190.06577808748213,0,298.492564241225,-30,6,0,8.969571857438332
1140,2404301,417315.0,3385530.0,30,60,3,3,2585.0,12.2,529,0,5,417370,3385620,528,0,6,-83.72,559,55.0,90.0,105.47511554864494,-1,-28.57043438516149,-31,6,0,16.37849404598084
1141,2404301,417315.0,3385530.0,30,60,3,3,2585.0,12.2,529,0,5,417420,3385670,530,0,10,-95.9,559,105.0,140.0,175.0,1,-23.13010235415595,-29,6,0,9.409221408110177
1142,2404301,417315.0,3385530.0,30,60,3,3,2585.0,12.2,529,0,5,417385,3385625,528,0,5,-84.84,559,70.0,95.0,118.00423721205946,-1,-23.615648184164115,-31,6,0,14.719154124438962
1143,2404301,417315.0,3385530.0,30,60,3,3,2585.0,12.2,529,0,5,417415,3385655,529,0,5,-91.7,559,100.0,125.0,160.0781059358212,0,-21.34019174590992,-30,6,0,10.614591467407537
1144,2404301,417315.0,3385530.0,30,60,3,3,2585.0,12.2,529,0,5,417315,3385715,530,102,5,-97.67,559,0.0,185.0,185.0,1,-60.0,-29,6,0,8.909000011941629
1145,2404301,417315.0,3385530.0,30,60,3,3,2585.0,12.2,529,0,5,417395,3385635,529,0,5,-85.78,559,80.0,105.0,132.00378782444085,0,-22.69605172201659,-30,6,0,12.803910760060285
1146,2404301,417315.0,3385530.0,30,60,3,3,2585.0,12.2,529,0,5,417290,3385700,529,0,5,-96.0,559,-25.0,170.0,171.82840277439584,0,291.6341138759674,-30,6,0,9.903605742348008
1147,2404301,417315.0,3385530.0,30,60,3,3,2585.0,12.2,529,0,5,417325,3385725,530,102,14,-103.33,559,10.0,195.0,195.25624189766637,1,-57.06432655357884,-29,6,0,8.447971754861259
1148,2404301,417315.0,3385530.0,30,60,3,3,2585.0,12.2,529,0,5,417360,3385610,528,0,6,-78.0,559,45.0,80.0,91.7877987534291,-1,-30.642246457208728,-31,6,0,18.66165231866312
1149,2404301,417315.0,3385530.0,30,60,3,3,2585.0,12.2,529,0,5,417295,3385695,529,6,5,-98.0,559,-20.0,165.0,166.20770138594662,0,293.08877288097534,-30,6,0,10.231556509865309
1150,2404301,417315.0,3385530.0,30,60,3,3,2585.0,12.2,529,0,5,417300,3385710,529,0,5,-99.88,559,-15.0,180.0,180.62391868188442,0,295.23635830927384,-30,6,0,9.430225138005694
1151,2404301,417315.0,3385530.0,30,60,3,3,2585.0,12.2,529,0,5,417390,3385640,529,0,5,-82.19,559,75.0,110.0,133.13526955694348,0,-25.713123022791024,-30,6,0,12.698636657972031
1152,2404301,417315.0,3385530.0,30,60,3,3,2585.0,12.2,529,0,5,417375,3385615,528,0,6,-76.59,559,60.0,85.0,104.04326023342406,-1,-24.78240703180728,-31,6,0,16.59158251547317
1153,2404301,417315.0,3385530.0,30,60,3,3,2585.0,12.2,529,0,5,417530,3385780,533,0,5,-98.0,559,215.0,250.0,329.73474187595093,4,-19.30446896050796,-26,6,0,4.5085159419319325
1154,2404301,417315.0,3385530.0,30,60,3,3,2585.0,12.2,529,0,5,417365,3385605,528,0,6,-71.32,559,50.0,75.0,90.13878188659973,-1,-26.30993247402023,-31,6,0,18.97881713252465
1155,2404301,417315.0,3385530.0,30,60,3,3,2585.0,12.2,529,0,5,417405,3385645,529,0,5,-80.5,559,90.0,115.0,146.03081866510234,0,-21.952957468173906,-30,6,0,11.609102436835126
1156,2404301,417315.0,3385530.0,30,60,3,3,2585.0,12.2,529,0,5,417430,3385680,530,0,5,-92.09,559,115.0,150.0,189.01058171435798,1,-22.52382043863861,-29,6,0,8.722899776907916
1157,2404301,417315.0,3385530.0,30,60,3,3,2585.0,12.2,529,0,5,417400,3385650,529,0,5,-75.91,559,85.0,120.0,147.05441169852742,0,-24.688786560366793,-30,6,0,11.530467044085823
1158,2404301,417315.0,3385530.0,30,60,3,3,2585.0,12.2,529,0,5,417435,3385675,530,0,10,-95.33,559,120.0,145.0,188.2153022471871,1,-20.389311759973396,-29,6,0,8.75918684445024
1159,2404301,417315.0,3385530.0,30,60,3,3,2585.0,12.2,529,0,5,417195,3385695,528,0,5,-101.0,559,-120.0,165.0,204.02205763103166,-1,263.9726266148964,-31,6,0,8.639686340921177
1160,2404301,417315.0,3385530.0,30,60,3,3,2585.0,12.2,529,0,5,417255,3385635,531,0,5,-95.36,559,-60.0,105.0,120.93386622447825,2,270.2551187030578,-28,6,0,13.036076641550657
1161,2404301,417315.0,3385530.0,30,60,3,3,2585.0,12.2,529,0,5,417185,3385685,529,0,10,-108.2,559,-130.0,155.0,202.2992832414391,0,260.0131137550358,-30,6,0,8.435209836180402
1162,2404301,417315.0,3385530.0,30,60,3,3,2585.0,12.2,529,0,5,417275,3385615,532,0,10,-90.69,559,-40.0,85.0,93.94147114027967,3,274.7988763545249,-27,6,0,16.035339004987637
1163,2404301,417315.0,3385530.0,30,60,3,3,2585.0,12.2,529,0,5,417260,3385610,532,0,10,-89.86,559,-55.0,80.0,97.082439194738,3,265.4914770123316,-27,6,0,15.54200155544393
1164,2404301,417315.0,3385530.0,30,60,3,3,2585.0,12.2,529,0,5,417245,3385625,531,0,5,-91.33,559,-70.0,95.0,118.00423721205946,2,263.6156481841641,-28,6,0,13.34826495315511
1165,2404301,417315.0,3385530.0,30,60,3,3,2585.0,12.2,529,0,5,417240,3385630,531,0,5,-97.4,559,-75.0,100.0,125.0,2,263.13010235415595,-28,6,0,12.625836878907315
1166,2404301,417315.0,3385530.0,30,60,3,3,2585.0,12.2,529,0,5,417225,3385645,530,0,10,-97.67,559,-90.0,115.0,146.03081866510234,1,261.9529574681739,-29,6,0,11.232133351056229
1167,2404301,417315.0,3385530.0,30,60,3,3,2585.0,12.2,529,0,5,417265,3385605,532,0,5,-93.89,559,-50.0,75.0,90.13878188659973,3,266.30993247402023,-27,6,0,16.674961718230765
1168,2404301,417315.0,3385530.0,30,60,3,3,2585.0,12.2,529,0,5,417220,3385650,530,0,5,-99.67,559,-95.0,120.0,153.05227865013967,1,261.63251461513846,-29,6,0,10.729083674508948
1169,2404301,417315.0,3385530.0,30,60,3,3,2585.0,12.2,529,0,5,417205,3385665,529,0,10,-95.0,559,-110.0,135.0,174.14074767268,0,260.82634202955575,-30,6,0,9.774653069404401
1170,2404301,417315.0,3385530.0,30,60,3,3,2585.0,12.2,529,0,5,417180,3385690,528,0,10,-101.5,559,-135.0,160.0,209.34421415458323,-1,259.84400037508067,-31,6,0,8.423230933617475
1171,2404301,417315.0,3385530.0,30,60,3,3,2585.0,12.2,529,0,5,417200,3385670,529,0,10,-102.0,559,-115.0,140.0,181.1767093199344,0,260.5993393365206,-30,6,0,9.401966956416741
1172,2404301,417315.0,3385530.0,30,60,3,3,2585.0,12.2,529,0,5,417250,3385640,531,0,5,-94.24,559,-65.0,110.0,127.76932339180638,2,269.420773127511,-28,6,0,12.360680232626246
1173,2404301,417315.0,3385530.0,30,60,3,3,2585.0,12.2,529,0,5,417235,3385655,530,0,5,-94.33,559,-80.0,125.0,148.4082207965583,1,267.38075692880716,-29,6,0,11.056670495551744
1174,2404301,417315.0,3385530.0,30,60,3,3,2585.0,12.2,529,0,5,417230,3385660,530,0,5,-96.5,559,-85.0,130.0,155.32224567009067,1,266.82148834060723,-29,6,0,10.575845448456047
1175,2404301,417315.0,3385530.0,30,60,3,3,2585.0,12.2,529,0,5,417270,3385620,532,0,10,-84.22,559,-45.0,90.0,100.62305898749054,3,273.434948822922,-27,6,0,15.020256666513818
1176,2404301,417315.0,3385530.0,30,60,3,3,2585.0,12.2,529,0,5,417105,3385745,528,0,6,-101.33,559,-210.0,215.0,300.54117854297436,-1,255.67403689798448,-31,6,0,5.889076437501618
1177,2404301,417315.0,3385530.0,30,60,3,3,2585.0,12.2,529,0,5,417090,3385735,528,0,5,-101.67,559,-225.0,205.0,304.38462510448846,-1,252.33699923393283,-31,6,0,5.815228263275788
1178,2404301,417315.0,3385530.0,30,60,3,3,2585.0,12.2,529,0,5,417380,3385435,526,0,5,-96.0,559,65.0,-95.0,115.10864433221339,-3,85.61965527615513,-33,6,0,15.996838979065918
1179,2404301,417315.0,3385530.0,30,60,3,3,2585.0,12.2,529,0,5,417370,3385405,527,0,10,-94.0,559,55.0,-125.0,136.56500283747664,-2,96.25050550713331,-32,6,0,13.187658709927055
1180,2404301,417315.0,3385530.0,30,60,3,3,2585.0,12.2,529,0,5,417525,3385580,527,0,10,-103.25,559,210.0,50.0,215.87033144922904,-2,16.607502246248885,-32,6,0,8.431958167446737
1181,2404301,417315.0,3385530.0,30,60,3,3,2585.0,12.2,529,0,5,417495,3385450,524,0,6,-86.0,559,180.0,-80.0,196.9771560359221,-5,53.96248897457821,-35,6,0,10.075477140994934
1182,2404301,417315.0,3385530.0,30,60,3,3,2585.0,12.2,529,0,5,417515,3385470,524,0,6,-102.5,559,200.0,-60.0,208.806130178211,-5,46.699244233993625,-35,6,0,9.515437388059937
1183,2404301,417315.0,3385530.0,30,60,3,3,2585.0,12.2,529,0,5,417455,3385490,524,0,7,-89.45,559,140.0,-40.0,145.60219778561037,-5,45.94539590092285,-35,6,0,13.516371569336057
1184,2404301,417315.0,3385530.0,30,60,3,3,2585.0,12.2,529,0,5,417440,3385495,523,0,5,-91.6,559,125.0,-35.0,129.80754985747168,-6,45.64224645720873,-36,6,0,15.500483815020576
1185,2404301,417315.0,3385530.0,30,60,3,3,2585.0,12.2,529,0,5,417585,3385560,529,0,5,-111.33,559,270.0,30.0,271.6615541441225,0,23.65980825409008,-30,6,0,6.301726373997195
1186,2404301,417315.0,3385530.0,30,60,3,3,2585.0,12.2,529,0,5,417485,3385460,524,0,6,-102.67,559,170.0,-70.0,183.84776310850236,-5,52.3801350519596,-35,6,0,10.778697578364623
1187,2404301,417315.0,3385530.0,30,60,3,3,2585.0,12.2,529,0,5,417505,3385480,524,0,6,-97.5,559,190.0,-50.0,196.468827043885,-5,44.743562836470744,-35,6,0,10.10100956268477
1188,2404301,417315.0,3385530.0,30,60,3,3,2585.0,12.2,529,0,5,417475,3385510,524,0,6,-89.67,559,160.0,-20.0,161.24515496597098,-5,37.125016348901795,-35,6,0,12.246689727311349
1189,2404301,417315.0,3385530.0,30,60,3,3,2585.0,12.2,529,0,5,417480,3385455,524,0,5,-95.33,559,165.0,-75.0,181.24568960391858,-5,54.44395478041656,-35,6,0,10.929741668048266
1190,2404301,417315.0,3385530.0,30,60,3,3,2585.0,12.2,529,0,5,417445,3385500,523,0,5,-87.95,559,130.0,-30.0,133.41664064126334,-6,42.994616791916485,-36,6,0,15.10057147091128
1191,2404301,417315.0,3385530.0,30,60,3,3,2585.0,12.2,529,0,5,417450,3385485,524,0,5,-90.79,559,135.0,-45.0,142.30249470757707,-5,48.434948822922024,-35,6,0,13.81790448787982
1192,2404301,417315.0,3385530.0,30,60,3,3,2585.0,12.2,529,0,5,417470,3385505,524,0,5,-95.2,559,155.0,-25.0,157.00318468107582,-5,39.16234704572173,-35,6,0,12.56719593109125
1193,2404301,417315.0,3385530.0,30,60,3,3,2585.0,12.2,529,0,5,417465,3385520,523,0,6,-103.0,559,150.0,-10.0,150.33296378372907,-6,33.81407483429035,-36,6,0,13.466932280961634
1194,2404301,417315.0,3385530.0,30,60,3,3,2585.0,12.2,529,0,5,417460,3385515,523,0,5,-105.0,559,145.0,-15.0,145.7737973711325,-6,35.9061411137705,-36,6,0,13.872083211625908
1195,2404301,417315.0,3385530.0,30,60,3,3,2585.0,12.2,529,0,5,417540,3385595,529,0,5,-100.0,559,225.0,65.0,234.2007685726074,0,13.886581766910695,-30,6,0,7.299564249760695
1196,2404301,417315.0,3385530.0,30,60,3,3,2585.0,12.2,529,0,5,417500,3385475,524,0,6,-80.0,559,185.0,-55.0,193.00259065618783,-5,46.55707137563667,-35,6,0,10.27858477500125
1197,2404301,417315.0,3385530.0,30,60,3,3,2585.0,12.2,529,0,5,417190,3385405,529,0,5,-99.0,559,-125.0,-125.0,176.7766952966369,0,165.0,-30,6,0,9.6316519614038
1198,2404301,417315.0,3385530.0,30,60,3,3,2585.0,12.2,529,0,5,417195,3385410,529,0,5,-90.75,559,-120.0,-120.0,169.7056274847714,0,165.0,-30,6,0,10.024987862075742
1199,2404301,417315.0,3385530.0,30,60,3,3,2585.0,12.2,529,0,5,417265,3385640,531,0,5,-93.25,559,-50.0,110.0,120.83045973594572,2,275.55604521958344,-28,6,0,13.046851376453532
1200,2404301,417315.0,3385530.0,30,60,3,3,2585.0,12.2,529,0,5,417205,3385660,530,0,10,-100.0,559,-110.0,130.0,170.29386365926402,1,259.76364169072616,-29,6,0,9.664408742578416
1201,2404301,417315.0,3385530.0,30,60,3,3,2585.0,12.2,529,0,5,417200,3385655,530,0,10,-105.0,559,-115.0,125.0,169.85287751463028,1,257.3859440303888,-29,6,0,9.689025253057247
1202,2404301,417315.0,3385530.0,30,60,3,3,2585.0,12.2,529,0,5,417245,3385620,531,0,5,-101.5,559,-70.0,90.0,114.0175425099138,2,262.1250163489018,-28,6,0,13.797443375257082
1203,2404301,417315.0,3385530.0,30,60,3,3,2585.0,12.2,529,0,5,417250,3385605,532,0,5,-88.0,559,-65.0,75.0,99.24716620639605,3,259.0856167799749,-27,6,0,15.218891148158493
1204,2404301,417315.0,3385530.0,30,60,3,3,2585.0,12.2,529,0,5,417275,3385630,531,0,5,-87.18,559,-40.0,100.0,107.70329614269008,2,278.1985905136482,-28,6,0,14.572792566247553
1205,2404301,417315.0,3385530.0,30,60,3,3,2585.0,12.2,529,0,5,417210,3385645,530,0,5,-104.31,559,-105.0,115.0,155.72411502397438,1,257.6025622024998,-29,6,0,10.549166293693636
1206,2404301,417315.0,3385530.0,30,60,3,3,2585.0,12.2,529,0,5,417215,3385650,530,0,5,-98.25,559,-100.0,120.0,156.20499351813308,1,260.1944289077348,-29,6,0,10.51741629265024
1207,2404301,417315.0,3385530.0,30,60,3,3,2585.0,12.2,529,0,5,417255,3385610,532,0,10,-94.0,559,-60.0,80.0,100.0,3,263.13010235415595,-27,6,0,15.109575122340463
1208,2404301,417315.0,3385530.0,30,60,3,3,2585.0,12.2,529,0,5,417260,3385635,531,0,10,-95.69,559,-55.0,105.0,118.53269591129698,2,272.35402463626133,-28,6,0,13.290870347471682
1209,2404301,417315.0,3385530.0,30,60,3,3,2585.0,12.2,529,0,5,417165,3385700,528,0,5,-109.0,559,-150.0,170.0,226.71568097509268,-1,258.5763343749974,-31,6,0,7.786061894065829
1210,2404301,417315.0,3385530.0,30,60,3,3,2585.0,12.2,529,0,5,417240,3385615,532,0,5,-96.0,559,-75.0,85.0,113.35784048754634,3,258.5763343749974,-27,6,0,13.397299081630546
1211,2404301,417315.0,3385530.0,30,60,3,3,2585.0,12.2,529,0,5,417270,3385625,532,0,5,-89.4,559,-45.0,95.0,105.11898020814318,3,274.6538240580533,-27,6,0,14.405130342655855
1212,2404301,417315.0,3385530.0,30,60,3,3,2585.0,12.2,529,0,5,417170,3385685,528,0,10,-104.25,559,-145.0,155.0,212.24985276791125,-1,256.9091524329964,-31,6,0,8.309540418172645
1213,2404301,417315.0,3385530.0,30,60,3,3,2585.0,12.2,529,0,5,417230,3385665,530,0,5,-98.17,559,-85.0,135.0,159.53056133543816,1,267.80426606528675,-29,6,0,10.302914649928043
1214,2404301,417315.0,3385530.0,30,60,3,3,2585.0,12.2,529,0,5,417230,3385440,531,0,5,-82.25,559,-85.0,-90.0,123.79418403139947,2,163.36342295838327,-28,6,0,12.744820356617918
1215,2404301,417315.0,3385530.0,30,60,3,3,2585.0,12.2,529,0,5,417265,3385385,529,0,5,-100.5,559,-50.0,-145.0,153.37861650177967,0,139.02560603756868,-30,6,0,11.06701493525178
1216,2404301,417315.0,3385530.0,30,60,3,3,2585.0,12.2,529,0,5,417200,3385410,529,0,5,-94.29,559,-115.0,-120.0,166.20770138594662,0,163.78112476486868,-30,6,0,10.231556509865309
1217,2404301,417315.0,3385530.0,30,60,3,3,2585.0,12.2,529,0,5,417215,3385415,530,0,10,-91.0,559,-100.0,-115.0,152.3975065412817,1,161.0090869015702,-29,6,0,10.774104120584312
1218,2404301,417315.0,3385530.0,30,60,3,3,2585.0,12.2,529,0,5,417205,3385405,529,0,5,-92.5,559,-110.0,-125.0,166.50825805346713,0,161.34777721969368,-30,6,0,10.213477081831952
1219,2404301,417315.0,3385530.0,30,60,3,3,2585.0,12.2,529,0,5,417235,3385435,530,0,5,-97.0,559,-80.0,-95.0,124.19742348374221,1,160.10090754621223,-29,6,0,13.143035166824204
1220,2404301,417315.0,3385530.0,30,60,3,3,2585.0,12.2,529,0,5,417220,3385430,530,0,10,-87.67,559,-95.0,-100.0,137.93114224133723,1,163.53119928561418,-29,6,0,11.873488357682655
1221,2404301,417315.0,3385530.0,30,60,3,3,2585.0,12.2,529,0,5,417340,3385405,528,0,5,-96.0,559,25.0,-125.0,127.47548783981962,-1,108.69006752597977,-31,6,0,13.668102727903163
1222,2404301,417315.0,3385530.0,30,60,3,3,2585.0,12.2,529,0,5,417500,3385565,526,0,5,-109.0,559,185.0,35.0,188.2817038376273,-3,19.286876977208976,-33,6,0,9.941215361638612
1223,2404301,417315.0,3385530.0,30,60,3,3,2585.0,12.2,529,0,5,417505,3385570,527,0,5,-97.5,559,190.0,40.0,194.164878389476,-2,18.111341960371988,-32,6,0,9.358697002098447
1224,2404301,417315.0,3385530.0,30,60,3,3,2585.0,12.2,529,0,5,417295,3385400,529,0,5,-105.0,559,-20.0,-130.0,131.52946437965906,0,128.7461622625552,-30,6,0,12.848554527471391
1225,2404301,417315.0,3385530.0,30,60,3,3,2585.0,12.2,529,0,5,417325,3385430,528,0,5,-98.2,559,10.0,-100.0,100.4987562112089,-1,114.2894068625003,-31,6,0,17.14298166132021
1226,2404301,417315.0,3385530.0,30,60,3,3,2585.0,12.2,529,0,5,417460,3385525,523,0,6,-95.5,559,145.0,-5.0,145.08618128546908,-6,31.974934010881952,-36,6,0,13.935271501299688
1227,2404301,417315.0,3385530.0,30,60,3,3,2585.0,12.2,529,0,5,417515,3385580,527,102,10,-104.5,559,200.0,50.0,206.15528128088303,-2,15.963756532073546,-32,6,0,8.823198570633581
1228,2404301,417315.0,3385530.0,30,60,3,3,2585.0,12.2,529,0,5,417335,3385440,528,0,5,-93.33,559,20.0,-90.0,92.19544457292888,-1,107.47119229084842,-31,6,0,18.584817396946594
1229,2404301,417315.0,3385530.0,30,60,3,3,2585.0,12.2,529,0,5,417330,3385435,528,0,5,-91.93,559,15.0,-95.0,96.17692030835673,-1,111.0273733851036,-31,6,0,17.865306865742728
1230,2404301,417315.0,3385530.0,30,60,3,3,2585.0,12.2,529,0,5,417585,3385490,526,0,6,-102.5,559,270.0,-40.0,272.9468812791236,-3,38.42696902148066,-33,6,0,6.893751563536082
1231,2404301,417315.0,3385530.0,30,60,3,3,2585.0,12.2,529,0,5,417510,3385575,527,0,5,-98.75,559,195.0,45.0,200.124960961895,-2,17.005383208083515,-32,6,0,9.084695503835107
1232,2404301,417315.0,3385530.0,30,60,3,3,2585.0,12.2,529,0,5,417590,3385495,527,0,6,-111.5,559,275.0,-35.0,277.2183255125822,-2,37.25319461272534,-32,6,0,6.584651290432825
1233,2404301,417315.0,3385530.0,30,60,3,3,2585.0,12.2,529,0,5,417480,3385585,527,0,5,-98.43,559,165.0,55.0,173.92527130926086,-2,11.565051177077976,-32,6,0,10.425091610102697
1234,2404301,417315.0,3385530.0,30,60,3,3,2585.0,12.2,529,0,5,417525,3385470,524,0,6,-100.0,559,210.0,-60.0,218.40329667841556,-5,45.94539590092285,-35,6,0,9.104465738189523
1235,2404301,417315.0,3385530.0,30,60,3,3,2585.0,12.2,529,0,5,417475,3385540,524,0,6,-94.17,559,160.0,10.0,160.31219541881399,-5,26.423665625002627,-35,6,0,12.315791914731678
1236,2404301,417315.0,3385530.0,30,60,3,3,2585.0,12.2,529,0,5,417445,3385550,524,0,6,-91.33,559,130.0,20.0,131.52946437965906,-5,21.25383773744477,-35,6,0,14.901104697729174
1237,2404301,417315.0,3385530.0,30,60,3,3,2585.0,12.2,529,0,5,417320,3385425,529,0,5,-97.8,559,5.0,-105.0,105.11898020814318,0,117.27368900609372,-30,6,0,15.928264003261454
1238,2404301,417315.0,3385530.0,30,60,3,3,2585.0,12.2,529,0,5,417450,3385555,525,0,6,-91.0,559,135.0,25.0,137.2953021774598,-4,19.508522987668414,-34,6,0,13.908984179024536
1239,2404301,417315.0,3385530.0,30,60,3,3,2585.0,12.2,529,0,5,417455,3385560,525,0,5,-94.8,559,140.0,30.0,143.17821063276352,-4,17.905242922987895,-34,6,0,13.358390691268117
1240,2404301,417315.0,3385530.0,30,60,3,3,2585.0,12.2,529,0,5,417485,3385590,527,0,5,-100.25,559,170.0,60.0,180.27756377319946,-2,10.55996517182382,-32,6,0,10.065395023400326
1241,2404301,417315.0,3385530.0,30,60,3,3,2585.0,12.2,529,0,5,417490,3385595,528,0,10,-100.0,559,175.0,65.0,186.6815470259447,-1,9.623564786163627,-31,6,0,9.428398024933598
1242,2404301,417315.0,3385530.0,30,60,3,3,2585.0,12.2,529,0,5,417465,3385530,524,0,7,-94.0,559,150.0,0.0,150.0,-5,30.0,-35,6,0,13.134022306396323
1243,2404301,417315.0,3385530.0,30,60,3,3,2585.0,12.2,529,0,5,417450,3385635,529,102,5,-80.5,559,135.0,105.0,171.0263137648707,0,-7.874983651098205,-30,6,0,9.949126297159781
1244,2404301,417315.0,3385530.0,30,60,3,3,2585.0,12.2,529,0,5,417440,3385625,528,102,5,-90.5,559,125.0,95.0,157.00318468107582,-1,-7.2348339815746385,-31,6,0,11.169281055379106
1245,2404301,417315.0,3385530.0,30,60,3,3,2585.0,12.2,529,0,5,417470,3385615,528,0,5,-99.62,559,155.0,85.0,176.7766952966369,-1,1.26020470831196,-31,6,0,9.946395798414388
1246,2404301,417315.0,3385530.0,30,60,3,3,2585.0,12.2,529,0,5,417475,3385620,529,0,5,-99.55,559,160.0,90.0,183.5755975068582,0,0.6422464572087279,-30,6,0,9.281257808115864
1247,2404301,417315.0,3385530.0,30,60,3,3,2585.0,12.2,529,0,5,417495,3385680,531,0,5,-91.0,559,180.0,150.0,234.30749027719963,2,-9.805571092265211,-28,6,0,6.814591984754147
1248,2404301,417315.0,3385530.0,30,60,3,3,2585.0,12.2,529,0,5,417465,3385610,528,0,5,-97.86,559,150.0,80.0,170.0,-1,1.9275130641470355,-31,6,0,10.334502666693783
1249,2404301,417315.0,3385530.0,30,60,3,3,2585.0,12.2,529,0,5,417445,3385630,529,102,5,-88.67,559,130.0,100.0,164.01219466856725,0,-7.5685920288274815,-30,6,0,10.365568553112382
1250,2404301,417315.0,3385530.0,30,60,3,3,2585.0,12.2,529,0,5,417455,3385640,529,102,10,-105.4,559,140.0,110.0,178.04493814764857,0,-8.157226587369053,-30,6,0,9.564315991299747
1251,2404301,417315.0,3385530.0,30,60,3,3,2585.0,12.2,529,0,5,417490,3385675,531,0,5,-95.0,559,175.0,145.0,227.26636354727023,2,-9.644174957144799,-28,6,0,7.023642903779607
1252,2404301,417315.0,3385530.0,30,60,3,3,2585.0,12.2,529,0,5,417460,3385605,528,0,5,-96.85,559,145.0,75.0,163.24827717314508,-1,2.6501242199301487,-31,6,0,10.75214982975349
1253,2404301,417315.0,3385530.0,30,60,3,3,2585.0,12.2,529,0,5,418065,3386515,503,90,5,-102.0,559,750.0,985.0,1238.0327136227056,-26,-22.713581407721108,-56,6,0,2.589897688747931
1254,2404301,417315.0,3385530.0,30,60,3,3,2585.0,12.2,529,0,5,417495,3385605,528,0,10,-102.0,559,180.0,75.0,195.0,-1,7.380135051959542,-31,6,0,9.032969698971092
1255,2404301,417315.0,3385530.0,30,60,3,3,2585.0,12.2,529,0,5,417490,3385610,528,0,10,-104.0,559,175.0,80.0,192.41881404893857,-1,5.43282867939871,-31,6,0,9.152104271447401
1256,2404301,417315.0,3385530.0,30,60,3,3,2585.0,12.2,529,0,5,417510,3385630,530,0,5,-95.0,559,195.0,100.0,219.14607000811125,1,2.850318302216806,-29,6,0,7.538256255038675
1257,2404301,417315.0,3385530.0,30,60,3,3,2585.0,12.2,529,0,5,417505,3385635,530,0,5,-92.5,559,190.0,105.0,217.0829334609241,1,1.0735741647463897,-29,6,0,7.609063641780036
1258,2404301,417315.0,3385530.0,30,60,3,3,2585.0,12.2,529,0,5,417515,3385625,529,0,5,-94.67,559,200.0,95.0,221.41589825484527,0,4.5922818910515275,-30,6,0,7.716109865135756
1259,2404301,417315.0,3385530.0,30,60,3,3,2585.0,12.2,529,0,5,417480,3385620,529,0,5,-99.75,559,165.0,90.0,187.94946129212502,0,1.3895403340347912,-30,6,0,9.068900168866097
1260,2404301,417315.0,3385530.0,30,60,3,3,2585.0,12.2,529,0,5,417455,3385645,529,0,5,-102.73,559,140.0,115.0,181.1767093199344,0,-9.400660663479414,-30,6,0,9.401966956416741
1261,2404301,417315.0,3385530.0,30,60,3,3,2585.0,12.2,529,0,5,417445,3385655,529,0,5,-96.14,559,130.0,125.0,180.34688796871433,0,-13.876697285924593,-30,6,0,9.444450119510574
1262,2404301,417315.0,3385530.0,30,60,3,3,2585.0,12.2,529,0,5,417520,3385740,533,111,5,-96.0,559,205.0,210.0,293.47061181658376,4,-15.6902771978651,-26,6,0,5.062895247751985
1263,2404301,417315.0,3385530.0,30,60,3,3,2585.0,12.2,529,0,5,417355,3385785,530,0,5,-99.5,559,40.0,255.0,258.11818998280614,1,-51.085073042852116,-29,6,0,6.410391999427699
1264,2404301,417315.0,3385530.0,30,60,3,3,2585.0,12.2,529,0,5,417350,3385790,530,0,5,-104.0,559,35.0,260.0,262.3451924468981,1,-52.33319573818585,-29,6,0,6.307944716658254
1265,2404301,417315.0,3385530.0,30,60,3,3,2585.0,12.2,529,0,5,417440,3385660,530,0,10,-95.27,559,125.0,130.0,180.34688796871433,1,-16.123302714075407,-29,6,0,9.135032090544255
1266,2404301,417315.0,3385530.0,30,60,3,3,2585.0,12.2,529,0,5,417450,3385650,529,0,5,-99.89,559,135.0,120.0,180.62391868188442,0,-11.633539336570209,-30,6,0,9.430225138005694
1267,2404301,417315.0,3385530.0,30,60,3,3,2585.0,12.2,529,0,5,417500,3385640,530,0,5,-103.5,559,185.0,110.0,215.23243250030885,1,-0.7354877019200785,-29,6,0,7.6737077222839085
1268,2404301,417315.0,3385530.0,30,60,3,3,2585.0,12.2,529,0,5,417465,3385675,531,0,5,-96.0,559,150.0,145.0,208.62646045025065,2,-14.028978068920821,-28,6,0,7.64405510721533
1269,2404301,417315.0,3385530.0,30,60,3,3,2585.0,12.2,529,0,5,417325,3385775,530,0,10,-105.0,559,10.0,245.0,245.20399670478457,1,-57.66269414087617,-29,6,0,6.744975136368736
1270,2404301,417315.0,3385530.0,30,60,3,3,2585.0,12.2,529,0,5,417485,3385615,529,0,5,-99.71,559,170.0,85.0,190.06577808748213,0,3.434948822922024,-30,6,0,8.969571857438332
1271,2404301,417315.0,3385530.0,30,60,3,3,2585.0,12.2,529,0,5,417200,3385515,533,0,5,-93.0,559,-115.0,-15.0,115.97413504743201,4,202.56859202882748,-26,6,0,12.636089005059768
1272,2404301,417315.0,3385530.0,30,60,3,3,2585.0,12.2,529,0,5,417230,3385485,532,90,6,-82.0,559,-85.0,-45.0,96.17692030835673,3,182.10272896905235,-27,6,0,15.681164062961575
1273,2404301,417315.0,3385530.0,30,60,3,3,2585.0,12.2,529,0,5,417215,3385510,533,0,5,-88.5,559,-100.0,-20.0,101.9803902718557,4,198.69006752597977,-26,6,0,14.30291442532281
1274,2404301,417315.0,3385530.0,30,60,3,3,2585.0,12.2,529,0,5,417260,3385455,531,0,10,-85.3,559,-55.0,-75.0,93.00537618869137,2,156.25383773744477,-28,6,0,16.754834642685477
1275,2404301,417315.0,3385530.0,30,60,3,3,2585.0,12.2,529,0,5,417235,3385490,532,90,6,-86.33,559,-80.0,-40.0,89.44271909999159,3,183.43494882292202,-27,6,0,16.797446783406087
1276,2404301,417315.0,3385530.0,30,60,3,3,2585.0,12.2,529,0,5,417240,3385475,532,0,5,-85.5,559,-75.0,-55.0,93.00537618869137,3,173.7461622625552,-27,6,0,16.188319453284024
1277,2404301,417315.0,3385530.0,30,60,3,3,2585.0,12.2,529,0,5,417255,3385470,532,0,5,-79.78,559,-60.0,-60.0,84.8528137423857,3,165.0,-27,6,0,17.65096881191823
1278,2404301,417315.0,3385530.0,30,60,3,3,2585.0,12.2,529,0,5,417275,3385450,531,0,5,-84.13,559,-40.0,-80.0,89.44271909999159,2,146.565051177078,-28,6,0,17.382703987116223
1279,2404301,417315.0,3385530.0,30,60,3,3,2585.0,12.2,529,0,5,417265,3385460,531,0,10,-85.75,559,-50.0,-70.0,86.02325267042627,2,155.53767779197437,-28,6,0,18.029726310501502
1280,2404301,417315.0,3385530.0,30,60,3,3,2585.0,12.2,529,0,5,417250,3385465,531,0,10,-89.73,559,-65.0,-65.0,91.92388155425118,2,165.0,-28,6,0,16.940727594531577
1281,2404301,417315.0,3385530.0,30,60,3,3,2585.0,12.2,529,0,5,417270,3385445,531,0,5,-86.36,559,-45.0,-85.0,96.17692030835673,2,147.89727103094762,-28,6,0,16.231869832029094
1282,2404301,417315.0,3385530.0,30,60,3,3,2585.0,12.2,529,0,5,417245,3385480,532,0,5,-78.67,559,-70.0,-50.0,86.02325267042627,3,174.46232220802563,-27,6,0,17.425436638533274
1283,2404301,417315.0,3385530.0,30,60,3,3,2585.0,12.2,529,0,5,417820,3385420,524,0,5,-106.83,559,505.0,-110.0,516.8413683133346,-5,42.28832316327532,-35,6,0,3.874100228407381
1284,2404301,417315.0,3385530.0,30,60,3,3,2585.0,12.2,529,0,5,417825,3385415,524,0,5,-101.5,559,510.0,-115.0,522.8049349422785,-5,42.7071135013166,-35,6,0,3.8300411639101193
1285,2404301,417315.0,3385530.0,30,60,3,3,2585.0,12.2,529,0,5,417690,3385470,527,0,5,-99.5,559,375.0,-60.0,379.7696670351649,-2,39.090276920822305,-32,6,0,4.816456615898041
1286,2404301,417315.0,3385530.0,30,60,3,3,2585.0,12.2,529,0,5,417675,3385440,525,0,5,-96.0,559,360.0,-90.0,371.07950630558946,-4,44.03624346792651,-34,6,0,5.2350841638368175
1287,2404301,417315.0,3385530.0,30,60,3,3,2585.0,12.2,529,0,5,417605,3385370,520,0,12,-99.33,559,290.0,-160.0,331.2099032335839,-9,58.886581766910695,-39,6,0,6.7156600962857755
1288,2404301,417315.0,3385530.0,30,60,3,3,2585.0,12.2,529,0,5,417610,3385375,521,0,12,-94.0,559,295.0,-155.0,333.24165405903267,-8,57.71850162818339,-38,6,0,6.505415970949525
1289,2404301,417315.0,3385530.0,30,60,3,3,2585.0,12.2,529,0,5,417615,3385380,521,0,12,-93.5,559,300.0,-150.0,335.4101966249685,-8,56.565051177077976,-38,6,0,6.463713306054913
1290,2404301,417315.0,3385530.0,30,60,3,3,2585.0,12.2,529,0,5,417620,3385385,521,0,5,-98.5,559,305.0,-145.0,337.71289581536564,-8,55.42687416958978,-38,6,0,6.420009623063319
1291,2404301,417315.0,3385530.0,30,60,3,3,2585.0,12.2,529,0,5,417665,3385430,525,9,5,-98.25,559,350.0,-100.0,364.0054944640259,-4,45.94539590092285,-34,6,0,5.336240013545245
1292,2404301,417315.0,3385530.0,30,60,3,3,2585.0,12.2,529,0,5,417645,3385410,523,9,6,-101.33,559,330.0,-120.0,351.14099732158877,-6,49.98310652189997,-36,6,0,5.853678490703382
1293,2404301,417315.0,3385530.0,30,60,3,3,2585.0,12.2,529,0,5,417200,3385600,531,102,14,-107.0,559,-115.0,70.0,134.6291201783626,2,241.32869286780414,-28,6,0,11.748818101934155
1294,2404301,417315.0,3385530.0,30,60,3,3,2585.0,12.2,529,0,5,417260,3385540,533,0,5,-95.0,559,-55.0,10.0,55.90169943749474,4,220.30484646876602,-26,6,0,24.943239202184763
1295,2404301,417315.0,3385530.0,30,60,3,3,2585.0,12.2,529,0,5,417205,3385595,532,102,14,-90.0,559,-110.0,65.0,127.76932339180638,3,240.57922687248902,-27,6,0,11.93210424481234
1296,2404301,417315.0,3385530.0,30,60,3,3,2585.0,12.2,529,0,5,417270,3385530,533,102,6,-90.11,559,-45.0,0.0,45.0,4,210.0,-26,6,0,30.018367427609085
1297,2404301,417315.0,3385530.0,30,60,3,3,2585.0,12.2,529,0,5,417265,3385535,533,0,6,-90.0,559,-50.0,5.0,50.24937810560445,4,215.71059313749964,-26,6,0,27.357919395557378
1298,2404301,417315.0,3385530.0,30,60,3,3,2585.0,12.2,529,0,5,417275,3385525,533,0,6,-94.08,559,-40.0,-5.0,40.311288741492746,4,202.8749836510982,-26,6,0,32.82123190236155
1299,2404301,417315.0,3385530.0,30,60,3,3,2585.0,12.2,529,0,5,417245,3385555,533,0,5,-100.33,559,-70.0,25.0,74.33034373659252,4,229.65382405805332,-26,6,0,19.27931897462138
1300,2404301,417315.0,3385530.0,30,60,3,3,2585.0,12.2,529,0,5,417250,3385550,533,0,5,-93.33,559,-65.0,20.0,68.00735254367721,4,227.10272896905235,-26,6,0,20.92243533367558
1301,2404301,417315.0,3385530.0,30,60,3,3,2585.0,12.2,529,0,5,417255,3385545,533,0,5,-96.0,559,-60.0,15.0,61.84658438426491,4,224.03624346792645,-26,6,0,22.801645289982417
1302,2404301,417315.0,3385530.0,30,60,3,3,2585.0,12.2,529,0,5,417395,3385555,525,0,5,-77.5,559,80.0,25.0,83.81527307120105,-4,12.645975363738671,-34,6,0,22.080130944740898
1303,2404301,417315.0,3385530.0,30,60,3,3,2585.0,12.2,529,0,5,417400,3385570,526,0,6,-89.6,559,85.0,40.0,93.94147114027967,-3,4.798876354524907,-33,6,0,19.355485488350368
1304,2404301,417315.0,3385530.0,30,60,3,3,2585.0,12.2,529,0,5,417405,3385565,526,0,6,-92.0,559,90.0,35.0,96.56603957913983,-3,8.749494492866745,-33,6,0,18.867095795825737
1305,2404301,417315.0,3385530.0,30,60,3,3,2585.0,12.2,529,0,5,417435,3385595,527,0,5,-95.89,559,120.0,65.0,136.4734406395618,-2,1.5570713756366672,-32,6,0,13.196197026670902
1306,2404301,417315.0,3385530.0,30,60,3,3,2585.0,12.2,529,0,5,417290,3385460,530,0,5,-88.8,559,-25.0,-70.0,74.33034373659252,1,139.6538240580533,-29,6,0,21.31325394502636
1307,2404301,417315.0,3385530.0,30,60,3,3,2585.0,12.2,529,0,5,417355,3385515,525,0,5,-73.3,559,40.0,-15.0,42.720018726587654,-4,50.55604521958344,-34,6,0,38.51557353507417
1308,2404301,417315.0,3385530.0,30,60,3,3,2585.0,12.2,529,0,5,417425,3385585,526,0,5,-89.15,559,110.0,55.0,122.98373876248843,-3,3.434948822922024,-33,6,0,15.020256666513818
1309,2404301,417315.0,3385530.0,30,60,3,3,2585.0,12.2,529,0,5,417370,3385540,525,0,5,-79.63,559,55.0,10.0,55.90169943749474,-4,19.695153531233984,-34,6,0,31.30840572379934
1310,2404301,417315.0,3385530.0,30,60,3,3,2585.0,12.2,529,0,5,417375,3385535,524,0,10,-83.25,559,60.0,5.0,60.207972893961475,-5,25.23635830927384,-35,6,0,30.17022311341457
1311,2404301,417315.0,3385530.0,30,60,3,3,2585.0,12.2,529,0,5,417390,3385560,525,0,5,-92.29,559,75.0,30.0,80.77747210701756,-4,8.198590513648185,-34,6,0,22.826684684014467
1312,2404301,417315.0,3385530.0,30,60,3,3,2585.0,12.2,529,0,5,417585,3385425,524,0,5,-88.0,559,270.0,-105.0,289.69811873741946,-5,51.250505507133255,-35,6,0,6.88882588726836
1313,2404301,417315.0,3385530.0,30,60,3,3,2585.0,12.2,529,0,5,417335,3385495,527,0,5,-84.83,559,20.0,-35.0,40.311288741492746,-2,90.25511870305775,-32,6,0,38.443330056571185
1314,2404301,417315.0,3385530.0,30,60,3,3,2585.0,12.2,529,0,5,417575,3385415,523,0,5,-88.0,559,260.0,-115.0,284.29737951659,-6,53.860175191342364,-36,6,0,7.216838661128952
1315,2404301,417315.0,3385530.0,30,60,3,3,2585.0,12.2,529,0,5,417420,3385590,527,0,5,-88.2,559,105.0,60.0,120.93386622447825,-2,0.2551187030578035,-32,6,0,14.82120851270251
1316,2404301,417315.0,3385530.0,30,60,3,3,2585.0,12.2,529,0,5,417560,3385410,523,0,5,-89.0,559,245.0,-120.0,272.8094573140748,-6,56.09542415738838,-36,6,0,7.517330945266019
1317,2404301,417315.0,3385530.0,30,60,3,3,2585.0,12.2,529,0,5,417325,3385485,528,0,5,-93.87,559,10.0,-45.0,46.09772228646444,-1,107.47119229084842,-31,6,0,33.920217076991435
1318,2404301,417315.0,3385530.0,30,60,3,3,2585.0,12.2,529,0,5,417300,3385470,530,0,5,-92.33,559,-15.0,-60.0,61.84658438426491,1,134.03624346792648,-29,6,0,25.12198434837374
1319,2404301,417315.0,3385530.0,30,60,3,3,2585.0,12.2,529,0,5,417380,3385550,525,0,5,-75.11,559,65.0,20.0,68.00735254367721,-4,12.89727103094765,-34,6,0,26.56257333422957
1320,2404301,417315.0,3385530.0,30,60,3,3,2585.0,12.2,529,0,5,417330,3385500,527,0,5,-89.13,559,15.0,-30.0,33.54101966249684,-2,93.43494882292202,-32,6,0,43.65309300635956
1321,2404301,417315.0,3385530.0,30,60,3,3,2585.0,12.2,529,0,5,417345,3385505,526,0,5,-76.67,559,30.0,-25.0,39.05124837953327,-3,69.80557109226521,-33,6,0,40.199260890298966
1322,2404301,417315.0,3385530.0,30,60,3,3,2585.0,12.2,529,0,5,417360,3385530,524,0,5,-78.33,559,45.0,0.0,45.0,-5,30.0,-35,6,0,37.874983651098205
1323,2404301,417315.0,3385530.0,30,60,3,3,2585.0,12.2,529,0,5,417315,3385475,529,0,5,-89.04,559,0.0,-55.0,55.0,0,120.0,-30,6,0,28.61045966596522
1324,2404301,417315.0,3385530.0,30,60,3,3,2585.0,12.2,529,0,5,417415,3385575,526,0,6,-91.5,559,100.0,45.0,109.65856099730654,-3,5.772254682045855,-33,6,0,16.748332334918636
1325,2404301,417315.0,3385530.0,30,60,3,3,2585.0,12.2,529,0,5,417305,3385465,529,0,5,-85.8,559,-10.0,-65.0,65.76473218982953,0,128.7461622625552,-30,6,0,24.521122506487806
1326,2404301,417315.0,3385530.0,30,60,3,3,2585.0,12.2,529,0,5,417410,3385580,526,0,6,-93.42,559,95.0,50.0,107.35455276791944,-3,2.2414593989399805,-33,6,0,17.087043197472827
1327,2404301,417315.0,3385530.0,30,60,3,3,2585.0,12.2,529,0,5,417430,3385600,527,102,5,-91.43,559,115.0,70.0,134.6291201783626,-2,-1.3286928678041363,-32,6,0,13.370524722257457
1328,2404301,417315.0,3385530.0,30,60,3,3,2585.0,12.2,529,0,5,417340,3385510,526,0,10,-87.18,559,25.0,-20.0,32.01562118716424,-3,68.65980825409008,-33,6,0,45.867429107407446
1329,2404301,417315.0,3385530.0,30,60,3,3,2585.0,12.2,529,0,5,417350,3385520,525,0,5,-78.0,559,35.0,-10.0,36.40054944640259,-4,45.94539590092285,-34,6,0,43.04705952727658
1330,2404301,417315.0,3385530.0,30,60,3,3,2585.0,12.2,529,0,5,417595,3385435,524,0,6,-95.2,559,280.0,-95.0,295.67718883945037,-5,48.74134044519269,-35,6,0,6.750821451461011
1331,2404301,417315.0,3385530.0,30,60,3,3,2585.0,12.2,529,0,5,417320,3385490,528,0,5,-91.79,559,5.0,-40.0,40.311288741492746,-1,112.8749836510982,-31,6,0,37.56083710097991
1332,2404301,417315.0,3385530.0,30,60,3,3,2585.0,12.2,529,0,5,417385,3385545,525,0,10,-77.75,559,70.0,15.0,71.58910531638176,-4,17.905242922987895,-34,6,0,25.40456724955244
1333,2404301,417315.0,3385530.0,30,60,3,3,2585.0,12.2,529,0,5,417285,3385445,530,0,5,-83.82,559,-30.0,-85.0,90.13878188659973,1,139.44003482817618,-29,6,0,17.83433910252469
1334,2404301,417315.0,3385530.0,30,60,3,3,2585.0,12.2,529,0,5,417310,3385480,529,0,5,-91.44,559,-5.0,-50.0,50.24937810560445,0,125.71059313749964,-30,6,0,30.83814404628488
1335,2404301,417315.0,3385530.0,30,60,3,3,2585.0,12.2,529,0,5,417365,3385525,524,0,5,-80.67,559,50.0,-5.0,50.24937810560445,-5,35.71059313749964,-35,6,0,34.85821572902542
1336,2404301,417315.0,3385530.0,30,60,3,3,2585.0,12.2,529,0,5,417295,3385455,530,0,5,-86.5,559,-20.0,-75.0,77.62087348130012,1,134.93141717813754,-29,6,0,20.486233367976496
1337,2404301,417315.0,3385530.0,30,60,3,3,2585.0,12.2,529,0,5,417280,3385450,531,0,5,-83.75,559,-35.0,-80.0,87.32124598286491,2,143.6293777306568,-28,6,0,17.778711399073742
1338,2404301,417315.0,3385530.0,30,60,3,3,2585.0,12.2,529,0,5,417175,3385635,530,102,5,-92.0,559,-140.0,105.0,175.0,1,246.86989764584405,-29,6,0,9.409221408110177
1339,2404301,417315.0,3385530.0,30,60,3,3,2585.0,12.2,529,0,5,417265,3385685,529,0,6,-103.4,559,-50.0,155.0,162.8649747490233,0,282.12130340415865,-30,6,0,10.436984461176142
1340,2404301,417315.0,3385530.0,30,60,3,3,2585.0,12.2,529,0,5,417195,3385615,531,0,5,-102.0,559,-120.0,85.0,147.05441169852742,2,245.3112134396332,-28,6,0,10.780401090422155
1341,2404301,417315.0,3385530.0,30,60,3,3,2585.0,12.2,529,0,5,417365,3385675,529,0,5,-91.2,559,50.0,145.0,153.37861650177967,0,-40.97439396243129,-30,6,0,11.06701493525178
1342,2404301,417315.0,3385530.0,30,60,3,3,2585.0,12.2,529,0,5,417415,3385625,528,0,5,-94.0,559,100.0,95.0,137.93114224133723,-1,-13.53119928561415,-31,6,0,12.666739448564462
1343,2404301,417315.0,3385530.0,30,60,3,3,2585.0,12.2,529,0,5,417410,3385630,529,0,5,-85.5,559,95.0,100.0,137.93114224133723,0,-16.468800714385793,-30,6,0,12.270711061780645
1344,2404301,417315.0,3385530.0,30,60,3,3,2585.0,12.2,529,0,5,417430,3385610,528,102,5,-80.0,559,115.0,80.0,140.089257261219,-1,-4.824489156956815,-31,6,0,12.47776165447244
1345,2404301,417315.0,3385530.0,30,60,3,3,2585.0,12.2,529,0,5,417345,3385695,530,0,5,-97.75,559,30.0,165.0,167.70509831248424,1,-49.695153531233984,-29,6,0,9.810714979203912
1346,2404301,417315.0,3385530.0,30,60,3,3,2585.0,12.2,529,0,5,417390,3385650,529,102,5,-88.0,559,75.0,120.0,141.50971698084905,0,-27.994616791916485,-30,6,0,11.96946312460731
1347,2404301,417315.0,3385530.0,30,60,3,3,2585.0,12.2,529,0,5,417420,3385620,528,0,5,-88.43,559,105.0,90.0,138.2931668593933,-1,-10.601294645004486,-31,6,0,12.634646266323742
1348,2404301,417315.0,3385530.0,30,60,3,3,2585.0,12.2,529,0,5,417350,3385690,530,0,5,-89.5,559,35.0,160.0,163.783393541592,1,-47.66091272167381,-29,6,0,10.040901159143726
1349,2404301,417315.0,3385530.0,30,60,3,3,2585.0,12.2,529,0,5,417385,3385655,529,102,6,-78.38,559,70.0,125.0,143.26548781894402,0,-30.751173663453017,-30,6,0,11.826928945806804
1350,2404301,417315.0,3385530.0,30,60,3,3,2585.0,12.2,529,0,5,417435,3385605,528,102,5,-88.71,559,120.0,75.0,141.50971698084905,-1,-2.005383208083515,-31,6,0,12.356377288151084
1351,2404301,417315.0,3385530.0,30,60,3,3,2585.0,12.2,529,0,5,417400,3385640,529,0,5,-83.0,559,85.0,110.0,139.01438774457844,0,-22.305759533310834,-30,6,0,12.177958152293973
1352,2404301,417315.0,3385530.0,30,60,3,3,2585.0,12.2,529,0,5,417380,3385660,529,0,6,-86.6,559,65.0,130.0,145.34441853748632,0,-33.434948822922024,-30,6,0,11.662428860910032
1353,2404301,417315.0,3385530.0,30,60,3,3,2585.0,12.2,529,0,5,417310,3385730,529,102,5,-87.33,559,-5.0,200.0,200.06249023742558,0,298.56790381583534,-30,6,0,8.528140182242451
1354,2404301,417315.0,3385530.0,30,60,3,3,2585.0,12.2,529,0,5,417320,3385720,530,102,14,-89.0,559,5.0,190.0,190.06577808748213,1,-58.49256424122501,-29,6,0,8.675211238375933
1355,2404301,417315.0,3385530.0,30,60,3,3,2585.0,12.2,529,0,5,417360,3385680,530,0,5,-88.75,559,45.0,150.0,156.60459763365824,1,-43.300755766006375,-29,6,0,10.49117583981824
1356,2404301,417315.0,3385530.0,30,60,3,3,2585.0,12.2,529,0,5,417335,3385705,530,102,5,-92.5,559,20.0,175.0,176.13914953808538,1,-53.480198248343015,-29,6,0,9.349446777302637
1357,2404301,417315.0,3385530.0,30,60,3,3,2585.0,12.2,529,0,5,417375,3385665,529,0,5,-82.33,559,60.0,135.0,147.73286702694156,0,-36.03751102542179,-30,6,0,11.478922718978371
1358,2404301,417315.0,3385530.0,30,60,3,3,2585.0,12.2,529,0,5,417340,3385700,530,0,5,-98.0,559,25.0,170.0,171.82840277439584,1,-51.63411387596739,-29,6,0,9.579705844205197
1359,2404301,417315.0,3385530.0,30,60,3,3,2585.0,12.2,529,0,5,417405,3385635,529,0,5,-75.78,559,90.0,105.0,138.2931668593933,0,-19.398705354995514,-30,6,0,12.239558297776561
1360,2404301,417315.0,3385530.0,30,60,3,3,2585.0,12.2,529,0,5,417395,3385645,529,0,5,-82.0,559,80.0,115.0,140.089257261219,0,-25.175510843043185,-30,6,0,12.087277639611266
1361,2404301,417315.0,3385530.0,30,60,3,3,2585.0,12.2,529,0,5,417300,3385725,529,102,5,-105.4,559,-15.0,195.0,195.57607215607945,0,295.6012946450045,-30,6,0,8.720796928163413
1362,2404301,417315.0,3385530.0,30,60,3,3,2585.0,12.2,529,0,5,417385,3385650,529,102,6,-77.13,559,70.0,120.0,138.92443989449805,0,-29.743562836470744,-30,6,0,12.185607329565524
1363,2404301,417315.0,3385530.0,30,60,3,3,2585.0,12.2,529,0,5,417370,3385675,530,102,5,-84.0,559,55.0,145.0,155.08062419270823,1,-39.227745317954145,-29,6,0,10.591950440551726
1364,2404301,417315.0,3385530.0,30,60,3,3,2585.0,12.2,529,0,5,417295,3385760,529,102,5,-96.25,559,-20.0,230.0,230.8679276123039,0,295.0302592718897,-30,6,0,7.403780786665616
1365,2404301,417315.0,3385530.0,30,60,3,3,2585.0,12.2,529,0,5,417400,3385625,528,0,5,-74.6,559,85.0,95.0,127.47548783981962,-1,-18.17983011986422,-31,6,0,13.668102727903163
1366,2404301,417315.0,3385530.0,30,60,3,3,2585.0,12.2,529,0,5,417395,3385660,529,102,6,-81.0,559,80.0,130.0,152.64337522473747,0,-28.392497753751115,-30,6,0,11.118996441319993
1367,2404301,417315.0,3385530.0,30,60,3,3,2585.0,12.2,529,0,5,417415,3385640,529,0,5,-86.42,559,100.0,110.0,148.66068747318505,0,-17.72631099390628,-30,6,0,11.409165032419523
1368,2404301,417315.0,3385530.0,30,60,3,3,2585.0,12.2,529,0,5,417405,3385630,529,0,5,-82.92,559,90.0,100.0,134.5362404707371,0,-18.012787504183336,-30,6,0,12.570625323181506
1369,2404301,417315.0,3385530.0,30,60,3,3,2585.0,12.2,529,0,5,417410,3385635,529,0,5,-86.88,559,95.0,105.0,141.59802258506295,0,-17.86240522611172,-30,6,0,11.962213635398015
1370,2404301,417315.0,3385530.0,30,60,3,3,2585.0,12.2,529,0,5,417305,3385730,529,102,5,-93.0,559,-10.0,200.0,200.24984394500785,0,297.1375947738882,-30,6,0,8.520278419958016
1371,2404301,417315.0,3385530.0,30,60,3,3,2585.0,12.2,529,0,5,417390,3385655,529,102,6,-74.4,559,75.0,125.0,145.7737973711325,0,-29.036243467926454,-30,6,0,11.629013995216061
1372,2404301,417315.0,3385530.0,30,60,3,3,2585.0,12.2,529,0,5,417435,3385620,528,102,5,-89.2,559,120.0,90.0,150.0,-1,-6.869897645844048,-31,6,0,11.676737830953995
1373,2404301,417315.0,3385530.0,30,60,3,3,2585.0,12.2,529,0,5,417425,3385610,528,102,5,-93.0,559,110.0,80.0,136.01470508735443,-1,-6.027373385103601,-31,6,0,12.839336768253608
1374,2404301,417315.0,3385530.0,30,60,3,3,2585.0,12.2,529,0,5,417420,3385605,528,0,5,-86.8,559,105.0,75.0,129.0348790056394,-1,-5.5376777919743745,-31,6,0,13.509011991172853
1375,2404301,417315.0,3385530.0,30,60,3,3,2585.0,12.2,529,0,5,417380,3385645,529,102,6,-84.43,559,65.0,115.0,132.09844813622905,0,-30.524110996754246,-30,6,0,12.795037733255176
1376,2404301,417315.0,3385530.0,30,60,3,3,2585.0,12.2,529,0,5,417345,3385690,530,0,5,-94.93,559,30.0,160.0,162.78820596099706,1,-49.38034472384487,-29,6,0,10.101024800272928
1377,2404301,417315.0,3385530.0,30,60,3,3,2585.0,12.2,529,0,5,417320,3385705,530,0,5,-96.71,559,5.0,175.0,175.07141400011596,1,-58.363422958383296,-29,6,0,9.405451853881733
1378,2404301,417315.0,3385530.0,30,60,3,3,2585.0,12.2,529,0,5,417325,3385710,530,102,5,-101.22,559,10.0,180.0,180.27756377319946,1,-56.82016988013578,-29,6,0,9.13848562732367
1379,2404301,417315.0,3385530.0,30,60,3,3,2585.0,12.2,529,0,5,417350,3385695,530,0,10,-89.0,559,35.0,165.0,168.67127793433,1,-48.02386755579664,-29,6,0,9.755600309632484
1380,2404301,417315.0,3385530.0,30,60,3,3,2585.0,12.2,529,0,5,417670,3385530,530,0,5,-89.0,559,355.0,0.0,355.0,1,30.0,-29,6,0,4.670130359300957
1381,2404301,417315.0,3385530.0,30,60,3,3,2585.0,12.2,529,0,5,417690,3385510,530,0,5,-103.5,559,375.0,-20.0,375.53295461250804,1,33.05288251479243,-29,6,0,4.415821366376706
1382,2404301,417315.0,3385530.0,30,60,3,3,2585.0,12.2,529,0,5,417680,3385520,530,0,5,-98.5,559,365.0,-10.0,365.1369606051954,1,31.56935480474897,-29,6,0,4.541027786537946
1383,2404301,417315.0,3385530.0,30,60,3,3,2585.0,12.2,529,0,5,417775,3385425,525,0,10,-96.0,559,460.0,-105.0,471.8315377335432,-4,42.858090172998175,-34,6,0,4.121587888133591
1384,2404301,417315.0,3385530.0,30,60,3,3,2585.0,12.2,529,0,5,417290,3385655,530,0,6,-87.0,559,-25.0,125.0,127.47548783981962,1,288.69006752597977,-29,6,0,12.81635983736497
1385,2404301,417315.0,3385530.0,30,60,3,3,2585.0,12.2,529,0,5,417335,3385620,529,0,6,-81.0,559,20.0,90.0,92.19544457292888,0,-47.47119229084848,-30,6,0,18.024664526810337
1386,2404301,417315.0,3385530.0,30,60,3,3,2585.0,12.2,529,0,5,417295,3385660,530,0,6,-100.5,559,-20.0,130.0,131.52946437965906,1,291.25383773744477,-29,6,0,12.433807606010065
1387,2404301,417315.0,3385530.0,30,60,3,3,2585.0,12.2,529,0,5,417435,3385720,531,0,6,-97.0,559,120.0,190.0,224.72205054244233,2,-27.72435568542238,-28,6,0,7.102357250875363
1388,2404301,417315.0,3385530.0,30,60,3,3,2585.0,12.2,529,0,5,417330,3385615,529,0,6,-68.0,559,15.0,85.0,86.31338250816034,0,-49.992020198558635,-30,6,0,19.165951986178076
1389,2404301,417315.0,3385530.0,30,60,3,3,2585.0,12.2,529,0,5,417315,3385680,530,0,5,-97.0,559,0.0,150.0,150.0,1,-60.0,-29,6,0,10.942185409009367
1390,2404301,417315.0,3385530.0,30,60,3,3,2585.0,12.2,529,0,5,417320,3385605,530,0,5,-76.71,559,5.0,75.0,75.16648189186454,1,-56.18592516570965,-29,6,0,21.0971261710379
1391,2404301,417315.0,3385530.0,30,60,3,3,2585.0,12.2,529,0,5,417310,3385675,530,0,5,-93.75,559,-5.0,145.0,145.08618128546908,1,298.02506598911805,-29,6,0,11.303387376428315
1392,2404301,417315.0,3385530.0,30,60,3,3,2585.0,12.2,529,0,5,417340,3385625,529,0,6,-92.0,559,25.0,95.0,98.2344135219425,0,-45.256437163529256,-30,6,0,16.98224992464579
1393,2404301,417315.0,3385530.0,30,60,3,3,2585.0,12.2,529,0,5,417480,3385765,532,0,5,-95.5,559,165.0,235.0,287.14108030722457,3,-24.926245506651696,-27,6,0,5.371752243259812
1394,2404301,417315.0,3385530.0,30,60,3,3,2585.0,12.2,529,0,5,417430,3385715,531,0,6,-80.0,559,115.0,185.0,217.83020910791964,2,-28.134022306396332,-28,6,0,7.324662360465553
1395,2404301,417315.0,3385530.0,30,60,3,3,2585.0,12.2,529,0,5,417350,3385635,529,102,6,-64.0,559,35.0,105.0,110.67971810589327,0,-41.565051177077976,-30,6,0,15.165759692948644
1396,2404301,417315.0,3385530.0,30,60,3,3,2585.0,12.2,529,0,5,417505,3385790,533,0,5,-91.5,559,190.0,260.0,322.02484376209236,4,-23.841814560191665,-26,6,0,4.615997487630596
1397,2404301,417315.0,3385530.0,30,60,3,3,2585.0,12.2,529,0,5,417485,3385770,532,0,5,-76.5,559,170.0,240.0,294.10882339705483,3,-24.688786560366793,-27,6,0,5.2452082355593115
1398,2404301,417315.0,3385530.0,30,60,3,3,2585.0,12.2,529,0,5,417305,3385670,530,0,5,-100.0,559,-10.0,140.0,140.356688476182,1,295.9143832200251,-29,6,0,11.67397817858338
1399,2404301,417315.0,3385530.0,30,60,3,3,2585.0,12.2,529,0,5,417300,3385665,530,0,6,-91.67,559,-15.0,135.0,135.83077707206124,1,293.6598082540901,-29,6,0,12.051760528394155
1400,2404301,417315.0,3385530.0,30,60,3,3,2585.0,12.2,529,0,5,417415,3385700,531,0,6,-87.0,559,100.0,170.0,197.2308292331602,2,-29.534455080540113,-28,6,0,8.080038098038896
1401,2404301,417315.0,3385530.0,30,60,3,3,2585.0,12.2,529,0,5,417405,3385690,530,0,6,-101.0,559,90.0,160.0,183.5755975068582,1,-30.642246457208728,-29,6,0,8.97700533214558
1402,2404301,417315.0,3385530.0,30,60,3,3,2585.0,12.2,529,0,5,417410,3385695,530,0,6,-86.5,559,95.0,165.0,190.3943276465977,1,-30.068488159492233,-29,6,0,8.660468233028292
1403,2404301,417315.0,3385530.0,30,60,3,3,2585.0,12.2,529,0,5,417350,3385630,529,0,6,-77.5,559,35.0,100.0,105.94810050208545,0,-40.70995378081125,-30,6,0,15.809868034566579
1404,2404301,417315.0,3385530.0,30,60,3,3,2585.0,12.2,529,0,5,417435,3385705,531,0,5,-82.67,559,120.0,175.0,212.19095173922943,2,-25.561010691196373,-28,6,0,7.517127177430766
1405,2404301,417315.0,3385530.0,30,60,3,3,2585.0,12.2,529,0,5,417355,3385625,528,0,6,-78.6,559,40.0,95.0,103.07764064044152,-1,-37.16634582208246,-31,6,0,16.738353730677066
1406,2404301,417315.0,3385530.0,30,60,3,3,2585.0,12.2,529,0,5,417335,3385605,529,0,6,-64.0,559,20.0,75.0,77.62087348130012,0,-45.068582821862435,-30,6,0,21.131216775102384
1407,2404301,417315.0,3385530.0,30,60,3,3,2585.0,12.2,529,0,5,417325,3385615,530,0,6,-77.0,559,10.0,85.0,85.58621384311844,1,-53.290163192243085,-29,6,0,18.718416432412457
1408,2404301,417315.0,3385530.0,30,60,3,3,2585.0,12.2,529,0,5,417300,3385680,530,0,5,-94.0,559,-15.0,150.0,150.74813431681335,1,294.28940686250036,-29,6,0,10.88918275672555
1409,2404301,417315.0,3385530.0,30,60,3,3,2585.0,12.2,529,0,5,417320,3385620,530,0,6,-80.2,559,5.0,90.0,90.13878188659973,1,-56.82016988013578,-29,6,0,17.83433910252469
1410,2404301,417315.0,3385530.0,30,60,3,3,2585.0,12.2,529,0,5,417285,3385655,530,0,6,-100.0,559,-30.0,125.0,128.5496013218244,1,286.50426671920417,-29,6,0,12.712765170234272
1411,2404301,417315.0,3385530.0,30,60,3,3,2585.0,12.2,529,0,5,417310,3385670,530,0,5,-97.0,559,-5.0,140.0,140.089257261219,1,297.95459151111277,-29,6,0,11.695650501440442
1412,2404301,417315.0,3385530.0,30,60,3,3,2585.0,12.2,529,0,5,417305,3385675,530,0,5,-94.0,559,-10.0,145.0,145.34441853748632,1,296.0548137709624,-29,6,0,11.283820061258018
1413,2404301,417315.0,3385530.0,30,60,3,3,2585.0,12.2,529,0,5,417315,3385665,530,0,5,-91.33,559,0.0,135.0,135.0,1,-60.0,-29,6,0,12.123738247789388
1414,2404301,417315.0,3385530.0,30,60,3,3,2585.0,12.2,529,0,5,417420,3385720,531,0,6,-90.33,559,105.0,190.0,217.0829334609241,2,-31.07357416474639,-28,6,0,7.349601204213675
1415,2404301,417315.0,3385530.0,30,60,3,3,2585.0,12.2,529,0,5,417510,3385790,533,0,5,-105.5,559,195.0,260.0,325.0,4,-23.13010235415595,-26,6,0,4.573921259900861
1416,2404301,417315.0,3385530.0,30,60,3,3,2585.0,12.2,529,0,5,417500,3385800,533,0,5,-98.0,559,185.0,270.0,327.29955698106284,4,-25.58163552094379,-26,6,0,4.5419205134617435
1417,2404301,417315.0,3385530.0,30,60,3,3,2585.0,12.2,529,0,5,417415,3385685,530,0,5,-79.0,559,100.0,155.0,184.45866745696716,1,-27.171458208587467,-29,6,0,8.93472413650581
1418,2404301,417315.0,3385530.0,30,60,3,3,2585.0,12.2,529,0,5,417340,3385640,529,0,6,-89.25,559,25.0,110.0,112.80514172678478,0,-47.195733934713246,-30,6,0,14.892824272340935
1419,2404301,417315.0,3385530.0,30,60,3,3,2585.0,12.2,529,0,5,417400,3385700,530,0,5,-92.67,559,85.0,170.0,190.06577808748213,1,-33.434948822922024,-29,6,0,8.675211238375933
1420,2404301,417315.0,3385530.0,30,60,3,3,2585.0,12.2,529,0,5,417295,3385645,530,0,6,-86.0,559,-20.0,115.0,116.72617529928752,1,290.13419305691565,-29,6,0,13.952342770884856
1421,2404301,417315.0,3385530.0,30,60,3,3,2585.0,12.2,529,0,5,417180,3385625,530,102,5,-99.0,559,-135.0,95.0,165.07574019219177,1,245.13419305691565,-29,6,0,9.96387415684028
1422,2404301,417315.0,3385530.0,30,60,3,3,2585.0,12.2,529,0,5,417170,3385615,530,102,5,-91.5,559,-145.0,85.0,168.0773631397161,1,240.37912601136833,-29,6,0,9.789406666740893
1423,2404301,417315.0,3385530.0,30,60,3,3,2585.0,12.2,529,0,5,417265,3385710,529,0,5,-95.25,559,-50.0,180.0,186.81541692269406,0,284.47588900324575,-30,6,0,9.12302895500693
1424,2404301,417315.0,3385530.0,30,60,3,3,2585.0,12.2,529,0,5,417160,3385605,530,0,5,-94.0,559,-155.0,75.0,172.19175357722565,1,235.82099197418927,-29,6,0,9.559864680734105
1425,2404301,417315.0,3385530.0,30,60,3,3,2585.0,12.2,529,0,5,417185,3385630,530,102,5,-94.0,559,-130.0,100.0,164.01219466856725,1,247.56859202882748,-29,6,0,10.027178301717477
1426,2404301,417315.0,3385530.0,30,60,3,3,2585.0,12.2,529,0,5,417155,3385680,528,0,5,-97.0,559,-160.0,150.0,219.31712199461307,-1,253.1523897340054,-31,6,0,8.045336978648232
1427,2404301,417315.0,3385530.0,30,60,3,3,2585.0,12.2,529,0,5,417275,3385720,529,0,5,-102.63,559,-40.0,190.0,194.164878389476,0,288.11134196037204,-30,6,0,8.783194988097529
1428,2404301,417315.0,3385530.0,30,60,3,3,2585.0,12.2,529,0,5,414785,3385470,496,0,5,-88.67,559,-2530.0,-60.0,2530.711362443374,-33,208.64146146193957,-63,6,0,1.4260372736514566
1429,2404301,417315.0,3385530.0,30,60,3,3,2585.0,12.2,529,0,5,417260,3385705,529,0,5,-98.5,559,-55.0,175.0,183.43936327844142,0,282.5528115767178,-30,6,0,9.288030604968075
1430,2404301,417315.0,3385530.0,30,60,3,3,2585.0,12.2,529,0,5,417735,3385395,524,0,10,-99.67,559,420.0,-135.0,441.16323509558225,-5,47.818888914522745,-35,6,0,4.536100492185948
1431,2404301,417315.0,3385530.0,30,60,3,3,2585.0,12.2,529,0,5,417190,3385400,529,0,5,-96.0,559,-125.0,-130.0,180.34688796871433,0,163.87669728592456,-30,6,0,9.444450119510574
1432,2404301,417315.0,3385530.0,30,60,3,3,2585.0,12.2,529,0,5,417610,3385505,528,0,6,-99.0,559,295.0,-25.0,296.05742686174926,-1,34.84400037508067,-31,6,0,5.9776247204354185
1433,2404301,417315.0,3385530.0,30,60,3,3,2585.0,12.2,529,0,5,417625,3385500,528,0,5,-98.0,559,310.0,-30.0,311.44823004794875,-1,35.52754015165618,-31,6,0,5.684213251770965
1434,2404301,417315.0,3385530.0,30,60,3,3,2585.0,12.2,529,0,5,417630,3385485,527,0,5,-100.75,559,315.0,-45.0,318.1980515339464,-2,38.13010235415595,-32,6,0,5.742716552901296
1435,2404301,417315.0,3385530.0,30,60,3,3,2585.0,12.2,529,0,5,417635,3385490,528,0,5,-96.33,559,320.0,-40.0,322.49030993194197,-1,37.125016348901795,-31,6,0,5.490795891839102
1436,2404301,417315.0,3385530.0,30,60,3,3,2585.0,12.2,529,0,5,417320,3385420,529,0,5,-103.5,559,5.0,-110.0,110.11357772772621,0,117.39743779750017,-30,6,0,15.240115757761465
1437,2404301,417315.0,3385530.0,30,60,3,3,2585.0,12.2,529,0,5,417470,3385550,525,0,5,-99.5,559,155.0,20.0,156.28499608087785,-4,22.647620640107675,-34,6,0,12.273525412088402
1438,2404301,417315.0,3385530.0,30,60,3,3,2585.0,12.2,529,0,5,417345,3385435,528,0,5,-97.57,559,30.0,-95.0,99.62429422585637,-1,102.47443162627712,-31,6,0,17.28452659895272
1439,2404301,417315.0,3385530.0,30,60,3,3,2585.0,12.2,529,0,5,417475,3385545,525,0,5,-94.0,559,160.0,15.0,160.70158679988197,-4,24.6441749571448,-34,6,0,11.946031455667557
1440,2404301,417315.0,3385530.0,30,60,3,3,2585.0,12.2,529,0,5,417445,3385535,524,0,6,-82.5,559,130.0,5.0,130.09611831257686,-5,27.79740183823418,-35,6,0,15.057860943809748
1441,2404301,417315.0,3385530.0,30,60,3,3,2585.0,12.2,529,0,5,417505,3385595,528,0,5,-98.0,559,190.0,65.0,200.81085628023203,-1,11.113912630290713,-31,6,0,8.775710936401646
1442,2404301,417315.0,3385530.0,30,60,3,3,2585.0,12.2,529,0,5,417330,3385410,528,0,5,-100.0,559,15.0,-120.0,120.93386622447825,-1,112.8749836510982,-31,6,0,14.377534206511644
1443,2404301,417315.0,3385530.0,30,60,3,3,2585.0,12.2,529,0,5,417340,3385440,528,0,5,-94.62,559,25.0,-90.0,93.40770846134703,-1,104.47588900324581,-31,6,0,18.359890259343043
1444,2404301,417315.0,3385530.0,30,60,3,3,2585.0,12.2,529,0,5,417350,3385430,527,0,5,-92.0,559,35.0,-100.0,105.94810050208545,-2,100.70995378081125,-32,6,0,16.806136759063207
1445,2404301,417315.0,3385530.0,30,60,3,3,2585.0,12.2,529,0,5,417510,3385590,528,0,5,-94.4,559,195.0,60.0,204.02205763103166,-1,12.89727103094765,-31,6,0,8.639686340921177
1446,2404301,417315.0,3385530.0,30,60,3,3,2585.0,12.2,529,0,5,417500,3385600,528,0,10,-98.64,559,185.0,70.0,197.80040444852483,-1,9.274441134439485,-31,6,0,8.907148235043952
1447,2404301,417315.0,3385530.0,30,60,3,3,2585.0,12.2,529,0,5,417480,3385580,527,0,5,-96.25,559,165.0,50.0,172.40939649566667,-2,13.141601232261735,-32,6,0,10.514716556896811
1448,2404301,417315.0,3385530.0,30,60,3,3,2585.0,12.2,529,0,5,417490,3385570,526,0,5,-95.67,559,175.0,40.0,179.51323071016242,-3,17.124998440387515,-33,6,0,10.416412489611432
1449,2404301,417315.0,3385530.0,30,60,3,3,2585.0,12.2,529,0,5,417355,3385425,527,0,5,-94.67,559,40.0,-105.0,112.36102527122117,-2,99.14554196042172,-32,6,0,15.89675496402854
1450,2404301,417315.0,3385530.0,30,60,3,3,2585.0,12.2,529,0,5,417520,3385460,524,0,6,-99.33,559,205.0,-70.0,216.6217902243447,-5,48.853158764419106,-35,6,0,9.178071978187132
1451,2404301,417315.0,3385530.0,30,60,3,3,2585.0,12.2,529,0,5,417515,3385585,527,102,10,-97.0,559,200.0,55.0,207.4246851269154,-2,14.623748751173821,-32,6,0,8.770044068435027
1452,2404301,417315.0,3385530.0,30,60,3,3,2585.0,12.2,529,0,5,417300,3385400,529,0,5,-104.67,559,-15.0,-130.0,130.86252328302402,0,126.581944655178,-30,6,0,12.911847883500979
1453,2404301,417315.0,3385530.0,30,60,3,3,2585.0,12.2,529,0,5,417495,3385565,526,0,5,-100.33,559,180.0,35.0,183.3712082089225,-3,18.996459148250494,-33,6,0,10.201910385401636
1454,2404301,417315.0,3385530.0,30,60,3,3,2585.0,12.2,529,0,5,417460,3385560,525,0,5,-92.3,559,145.0,30.0,148.07092894960846,-4,18.310630824560803,-34,6,0,12.93206712682952
1455,2404301,417315.0,3385530.0,30,60,3,3,2585.0,12.2,529,0,5,417465,3385555,525,0,5,-91.5,559,150.0,25.0,152.0690632574555,-4,20.537677791974374,-34,6,0,12.60306347367214
1456,2404301,417315.0,3385530.0,30,60,3,3,2585.0,12.2,529,0,5,417485,3385575,527,0,5,-98.6,559,170.0,45.0,175.85505395068975,-2,15.17352002964435,-32,6,0,10.313157891483732
1457,2404301,417315.0,3385530.0,30,60,3,3,2585.0,12.2,529,0,5,417455,3385525,523,0,6,-99.0,559,140.0,-5.0,140.089257261219,-6,32.04540848888723,-36,6,0,14.411967792334343
1458,2404301,417315.0,3385530.0,30,60,3,3,2585.0,12.2,529,0,5,417480,3385500,524,0,5,-95.8,559,165.0,-30.0,167.70509831248424,-5,40.304846468766016,-35,6,0,11.788404329313064
1459,2404301,417315.0,3385530.0,30,60,3,3,2585.0,12.2,529,0,5,417485,3385495,524,0,6,-88.0,559,170.0,-35.0,173.5655495770978,-5,41.63363399894047,-35,6,0,11.400966324261
1460,2404301,417315.0,3385530.0,30,60,3,3,2585.0,12.2,529,0,5,417500,3385520,524,0,6,-99.0,559,185.0,-10.0,185.27007313648906,-5,33.094058058917085,-35,6,0,10.697866900976631
1461,2404301,417315.0,3385530.0,30,60,3,3,2585.0,12.2,529,0,5,417345,3385355,528,0,5,-86.0,559,30.0,-175.0,177.55280904564702,-1,110.27242144859838,-31,6,0,9.903781090165229
1462,2404301,417315.0,3385530.0,30,60,3,3,2585.0,12.2,529,0,5,417380,3385400,527,0,5,-94.0,559,65.0,-130.0,145.34441853748632,-2,93.43494882292202,-32,6,0,12.416528104773855
1463,2404301,417315.0,3385530.0,30,60,3,3,2585.0,12.2,529,0,5,417585,3385595,530,0,10,-102.5,559,270.0,65.0,277.71388153997634,1,16.46414363086575,-29,6,0,5.961449664078363
1464,2404301,417315.0,3385530.0,30,60,3,3,2585.0,12.2,529,0,5,417540,3385560,527,0,5,-112.0,559,225.0,30.0,226.99118925632334,-2,22.40535663140855,-32,6,0,8.02437203551581
1465,2404301,417315.0,3385530.0,30,60,3,3,2585.0,12.2,529,0,5,417545,3385555,527,0,5,-105.5,559,230.0,25.0,231.3547060251855,-2,23.796552098308155,-32,6,0,7.874943297844166
1466,2404301,417315.0,3385530.0,30,60,3,3,2585.0,12.2,529,0,5,417495,3385485,524,0,6,-94.25,559,180.0,-45.0,185.53975315279473,-5,44.03624346792651,-35,6,0,10.682675778052495
1467,2404301,417315.0,3385530.0,30,60,3,3,2585.0,12.2,529,0,5,417440,3385460,524,0,5,-101.0,559,125.0,-70.0,143.26548781894402,-5,59.24882633654698,-35,6,0,13.728549702427852
1468,2404301,417315.0,3385530.0,30,60,3,3,2585.0,12.2,529,0,5,417460,3385480,524,0,7,-91.33,559,145.0,-50.0,153.37861650177967,-5,49.02560603756871,-35,6,0,12.854420104495194
1469,2404301,417315.0,3385530.0,30,60,3,3,2585.0,12.2,529,0,5,417565,3385575,529,0,10,-118.6,559,250.0,45.0,254.01771591761076,0,19.7960262782683,-30,6,0,6.735545741991329
1470,2404301,417315.0,3385530.0,30,60,3,3,2585.0,12.2,529,0,5,417475,3385465,524,0,5,-87.43,559,160.0,-65.0,172.69916039170545,-5,52.109448343751694,-35,6,0,11.456653371824258
1471,2404301,417315.0,3385530.0,30,60,3,3,2585.0,12.2,529,0,5,417470,3385470,524,0,5,-95.93,559,155.0,-60.0,166.20770138594662,-5,51.161259816828306,-35,6,0,11.89159748353952
1472,2404301,417315.0,3385530.0,30,60,3,3,2585.0,12.2,529,0,5,417400,3385420,526,0,10,-104.83,559,85.0,-110.0,139.01438774457844,-3,82.30575953331083,-33,6,0,13.354008228119673
1473,2404301,417315.0,3385530.0,30,60,3,3,2585.0,12.2,529,0,5,417560,3385580,529,0,10,-114.33,559,245.0,50.0,250.04999500099976,0,18.46537934635529,-30,6,0,6.841418236943202
1474,2404301,417315.0,3385530.0,30,60,3,3,2585.0,12.2,529,0,5,417405,3385415,526,0,10,-105.08,559,90.0,-115.0,146.03081866510234,-3,81.95295746817396,-33,6,0,12.733799936039746
1475,2404301,417315.0,3385530.0,30,60,3,3,2585.0,12.2,529,0,5,417465,3385475,524,0,7,-93.0,559,150.0,-55.0,159.76545308670458,-5,50.13630342824814,-35,6,0,12.356645828257365
1476,2404301,417315.0,3385530.0,30,60,3,3,2585.0,12.2,529,0,5,417575,3385565,529,0,10,-111.67,559,260.0,35.0,262.3451924468981,0,22.33319573818585,-30,6,0,6.523615873987215
1477,2404301,417315.0,3385530.0,30,60,3,3,2585.0,12.2,529,0,5,417360,3385380,528,0,5,-97.0,559,45.0,-150.0,156.60459763365824,-1,103.30075576600643,-31,6,0,11.196991495097942
1478,2404301,417315.0,3385530.0,30,60,3,3,2585.0,12.2,529,0,5,417580,3385600,530,0,5,-86.0,559,265.0,70.0,274.0894014733149,1,15.203237754942677,-29,6,0,6.039703245791112
1479,2404301,417315.0,3385530.0,30,60,3,3,2585.0,12.2,529,0,5,417490,3385490,524,0,6,-82.33,559,175.0,-40.0,179.51323071016242,-5,42.875001559612485,-35,6,0,11.032646994752081
1480,2404301,417315.0,3385530.0,30,60,3,3,2585.0,12.2,529,0,5,417595,3385585,530,0,10,-108.5,559,280.0,55.0,285.3506614676055,1,18.8869594640517,-29,6,0,5.803008274750662
1481,2404301,417315.0,3385530.0,30,60,3,3,2585.0,12.2,529,0,5,417520,3385540,525,0,5,-103.0,559,205.0,10.0,205.24375751773792,-4,27.207297634286704,-34,6,0,9.40600917542463
1482,2404301,417315.0,3385530.0,30,60,3,3,2585.0,12.2,529,0,5,417445,3385670,530,0,5,-102.25,559,130.0,140.0,191.049731745428,1,-17.12109639666147,-29,6,0,8.631206330525947
1483,2404301,417315.0,3385530.0,30,60,3,3,2585.0,12.2,529,0,5,417450,3385675,530,0,10,-87.0,559,135.0,145.0,198.11612756158948,1,-17.045408488887233,-29,6,0,8.327744408349332
1484,2404301,417315.0,3385530.0,30,60,3,3,2585.0,12.2,529,0,5,417515,3385620,529,0,5,-98.4,559,200.0,90.0,219.31712199461307,0,5.772254682045855,-30,6,0,7.789047734177995
1485,2404301,417315.0,3385530.0,30,60,3,3,2585.0,12.2,529,0,5,417455,3385680,531,0,10,-98.0,559,140.0,150.0,205.1828452868319,2,-16.974934010881952,-28,6,0,7.770791695370186
1486,2404301,417315.0,3385530.0,30,60,3,3,2585.0,12.2,529,0,5,417520,3385745,533,111,5,-96.0,559,205.0,215.0,297.06901555025894,4,-16.36392753160294,-26,6,0,5.001881288443992
1487,2404301,417315.0,3385530.0,30,60,3,3,2585.0,12.2,529,0,5,417305,3385810,529,0,10,-102.5,559,-10.0,280.0,280.178514522438,0,297.95459151111277,-30,6,0,6.1116365981357665
1488,2404301,417315.0,3385530.0,30,60,3,3,2585.0,12.2,529,0,5,417345,3385770,530,0,10,-101.75,559,30.0,240.0,241.8677324489565,1,-52.874983651098205,-29,6,0,6.837138852778648
1489,2404301,417315.0,3385530.0,30,60,3,3,2585.0,12.2,529,0,5,417485,3385630,529,0,5,-103.19,559,170.0,100.0,197.2308292331602,0,-0.4655449194598873,-30,6,0,8.64874081537455
1490,2404301,417315.0,3385530.0,30,60,3,3,2585.0,12.2,529,0,5,417480,3385625,529,0,5,-99.0,559,165.0,95.0,190.3943276465977,0,0.06848815949223308,-30,6,0,8.954344735052223
1491,2404301,417315.0,3385530.0,30,60,3,3,2585.0,12.2,529,0,5,417465,3385650,530,0,5,-101.5,559,150.0,120.0,192.09372712298546,1,-8.65980825409008,-29,6,0,8.584998074334079
1492,2404301,417315.0,3385530.0,30,60,3,3,2585.0,12.2,529,0,5,417330,3385795,530,0,5,-108.0,559,15.0,265.0,265.42418879973997,1,-56.760299703897886,-29,6,0,6.235350482168512
1493,2404301,417315.0,3385530.0,30,60,3,3,2585.0,12.2,529,0,5,417460,3385645,529,0,5,-106.14,559,145.0,115.0,185.06755523321746,0,-8.418055344821994,-30,6,0,9.207721840714681
1494,2404301,417315.0,3385530.0,30,60,3,3,2585.0,12.2,529,0,5,417490,3385635,529,0,5,-103.0,559,175.0,105.0,204.08331631958552,0,-0.9637565320734893,-30,6,0,8.362519086301278
1495,2404301,417315.0,3385530.0,30,60,3,3,2585.0,12.2,529,0,5,417440,3385665,530,0,10,-97.23,559,125.0,135.0,183.98369492974098,1,-17.20259816176582,-29,6,0,8.957416496241498
1496,2404301,417315.0,3385530.0,30,60,3,3,2585.0,12.2,529,0,5,417495,3385640,530,102,5,-93.33,559,180.0,110.0,210.95023109728987,1,-1.4295656148385092,-29,6,0,7.827568587826993
1497,2404301,417315.0,3385530.0,30,60,3,3,2585.0,12.2,529,0,5,417500,3385605,528,0,10,-98.33,559,185.0,75.0,199.6246477767713,-1,7.9321004375897814,-31,6,0,8.827039060816244
1498,2404301,417315.0,3385530.0,30,60,3,3,2585.0,12.2,529,0,5,417525,3385750,533,111,5,-94.2,559,210.0,220.0,304.138126514911,4,-16.332219853869617,-26,6,0,4.88619159658935
1499,2404301,417315.0,3385530.0,30,60,3,3,2585.0,12.2,529,0,5,417510,3385615,529,0,5,-97.71,559,195.0,85.0,212.72047386182646,0,6.4477363271053605,-30,6,0,8.027490728690838
1500,2404301,417315.0,3385530.0,30,60,3,3,2585.0,12.2,529,0,5,417505,3385610,529,0,10,-94.6,559,190.0,80.0,206.15528128088303,0,7.166345822082462,-30,6,0,8.279642510622892
1501,2404301,417315.0,3385530.0,30,60,3,3,2585.0,12.2,529,0,5,417645,3385405,523,9,6,-106.0,559,330.0,-125.0,352.8809997718778,-6,50.746080275683425,-36,6,0,5.825013857104276
1502,2404301,417315.0,3385530.0,30,60,3,3,2585.0,12.2,529,0,5,417615,3385375,521,0,5,-111.0,559,300.0,-155.0,337.6758800980609,-8,57.32389130134652,-38,6,0,6.420707501830119
1503,2404301,417315.0,3385530.0,30,60,3,3,2585.0,12.2,529,0,5,417675,3385435,525,0,5,-105.22,559,360.0,-95.0,372.3237838226293,-4,44.78272604261565,-34,6,0,5.21768563956987
1504,2404301,417315.0,3385530.0,30,60,3,3,2585.0,12.2,529,0,5,417610,3385380,521,0,12,-95.5,559,295.0,-150.0,330.94561486745823,-8,56.95217893122896,-38,6,0,6.550158451099405
1505,2404301,417315.0,3385530.0,30,60,3,3,2585.0,12.2,529,0,5,417625,3385385,521,0,5,-92.0,559,310.0,-145.0,342.23529917295207,-8,55.067463438060486,-38,6,0,6.335868095927208
1506,2404301,417315.0,3385530.0,30,60,3,3,2585.0,12.2,529,0,5,417660,3385430,525,9,5,-101.5,559,345.0,-100.0,359.2005011132362,-4,46.164499152256894,-34,6,0,5.407202107148151
1507,2404301,417315.0,3385530.0,30,60,3,3,2585.0,12.2,529,0,5,417665,3385425,524,9,5,-103.0,559,350.0,-105.0,365.41072781186926,-5,46.699244233993625,-35,6,0,5.47124945343343
1508,2404301,417315.0,3385530.0,30,60,3,3,2585.0,12.2,529,0,5,417640,3385410,523,9,6,-100.2,559,325.0,-120.0,346.44624402640017,-6,50.26569747094754,-36,6,0,5.932440720854956
1509,2404301,417315.0,3385530.0,30,60,3,3,2585.0,12.2,529,0,5,417805,3385450,526,0,5,-88.5,559,490.0,-80.0,496.4876634922564,-3,39.27260177720029,-33,6,0,3.8026800148394626
1510,2404301,417315.0,3385530.0,30,60,3,3,2585.0,12.2,529,0,5,417755,3385400,524,0,10,-103.33,559,440.0,-130.0,458.8027898781785,-5,46.460014812040015,-35,6,0,4.362387979251149
1511,2404301,417315.0,3385530.0,30,60,3,3,2585.0,12.2,529,0,5,417625,3385350,519,0,5,-94.33,559,310.0,-180.0,358.4689665786984,-10,60.14138555207535,-40,6,0,6.367049008473474
1512,2404301,417315.0,3385530.0,30,60,3,3,2585.0,12.2,529,0,5,417735,3385380,523,0,5,-107.0,559,420.0,-150.0,445.9820624195552,-6,49.65382405805332,-36,6,0,4.614951383964138
1513,2404301,417315.0,3385530.0,30,60,3,3,2585.0,12.2,529,0,5,417245,3385635,531,0,5,-94.25,559,-70.0,105.0,126.19429464123962,2,266.30993247402023,-28,6,0,12.510125476930867
1514,2404301,417315.0,3385530.0,30,60,3,3,2585.0,12.2,529,0,5,417260,3385620,532,0,10,-97.07,559,-55.0,90.0,105.47511554864494,3,268.5704343851615,-27,6,0,14.358505772123848
1515,2404301,417315.0,3385530.0,30,60,3,3,2585.0,12.2,529,0,5,417225,3385655,530,0,10,-93.75,559,-90.0,125.0,154.02921800749363,1,264.24611274556327,-29,6,0,10.662598928572233
1516,2404301,417315.0,3385530.0,30,60,3,3,2585.0,12.2,529,0,5,417240,3385640,531,0,10,-94.2,559,-75.0,110.0,133.13526955694348,2,265.713123022791,-28,6,0,11.876922027719372
1517,2404301,417315.0,3385530.0,30,60,3,3,2585.0,12.2,529,0,5,417230,3385650,530,0,10,-99.8,559,-85.0,120.0,147.05441169852742,1,264.6887865603668,-29,6,0,11.15591816080346
1518,2404301,417315.0,3385530.0,30,60,3,3,2585.0,12.2,529,0,5,417275,3385605,532,0,10,-91.82,559,-40.0,75.0,85.0,3,271.92751306414704,-27,6,0,17.622297228668277
1519,2404301,417315.0,3385530.0,30,60,3,3,2585.0,12.2,529,0,5,417235,3385645,530,0,10,-95.6,559,-80.0,115.0,140.089257261219,1,265.1755108430432,-29,6,0,11.695650501440442
1520,2404301,417315.0,3385530.0,30,60,3,3,2585.0,12.2,529,0,5,417215,3385665,530,0,10,-99.67,559,-100.0,135.0,168.00297616411441,1,263.47114463301483,-29,6,0,9.793657221080428
1521,2404301,417315.0,3385530.0,30,60,3,3,2585.0,12.2,529,0,5,417205,3385675,529,0,5,-101.33,559,-110.0,145.0,182.00274723201295,0,262.8152935467669,-30,6,0,9.360052015333332
1522,2404301,417315.0,3385530.0,30,60,3,3,2585.0,12.2,529,0,5,417270,3385610,532,0,10,-89.91,559,-45.0,80.0,91.7877987534291,3,270.6422464572087,-27,6,0,16.39160203921666
1523,2404301,417315.0,3385530.0,30,60,3,3,2585.0,12.2,529,0,5,417265,3385615,532,0,10,-90.77,559,-50.0,85.0,98.6154146165801,3,269.5344550805401,-27,6,0,15.311824023420987
1524,2404301,417315.0,3385530.0,30,60,3,3,2585.0,12.2,529,0,5,417255,3385625,531,0,10,-93.87,559,-60.0,95.0,112.36102527122117,2,267.7243556854224,-28,6,0,13.99291856277201
1525,2404301,417315.0,3385530.0,30,60,3,3,2585.0,12.2,529,0,5,417190,3385690,528,0,5,-100.5,559,-125.0,160.0,203.03940504246953,-1,262.00126755749534,-31,6,0,8.680864484837745
1526,2404301,417315.0,3385530.0,30,60,3,3,2585.0,12.2,529,0,5,417250,3385630,531,0,5,-98.82,559,-65.0,100.0,119.26860441876563,2,266.97613244420336,-28,6,0,13.211747918845372
1527,2404301,417315.0,3385530.0,30,60,3,3,2585.0,12.2,529,0,5,417220,3385660,530,0,10,-103.0,559,-95.0,130.0,161.01242188104618,1,263.84181456019166,-29,6,0,10.210096508914289
1528,2404301,417315.0,3385530.0,30,60,3,3,2585.0,12.2,529,0,5,417650,3385445,525,0,5,-105.67,559,335.0,-85.0,345.61539317570913,-4,44.2372804657611,-34,6,0,5.618408649954164
1529,2404301,417315.0,3385530.0,30,60,3,3,2585.0,12.2,529,0,5,417635,3385510,529,0,5,-94.75,559,320.0,-20.0,320.62439083762797,0,33.57633437499737,-30,6,0,5.345455469883936
1530,2404301,417315.0,3385530.0,30,60,3,3,2585.0,12.2,529,0,5,417630,3385505,528,0,5,-104.0,559,315.0,-25.0,315.9905061864992,-1,34.53777250790665,-31,6,0,5.60302794463454
1531,2404301,417315.0,3385530.0,30,60,3,3,2585.0,12.2,529,0,5,417645,3385460,526,0,14,-102.0,559,330.0,-70.0,337.34255586866,-3,41.97613244420336,-33,6,0,5.587092182225326
1532,2404301,417315.0,3385530.0,30,60,3,3,2585.0,12.2,529,0,5,417615,3385490,527,0,5,-97.0,559,300.0,-40.0,302.65491900843114,-2,37.59464336859145,-32,6,0,6.035514929139322
1533,2404301,417315.0,3385530.0,30,60,3,3,2585.0,12.2,529,0,5,417610,3385485,527,0,5,-98.67,559,295.0,-45.0,298.41246622753545,-2,38.6731740478798,-32,6,0,6.120673486797978
1534,2404301,417315.0,3385530.0,30,60,3,3,2585.0,12.2,529,0,5,417715,3385590,533,0,6,-108.5,559,400.0,60.0,404.4749683231337,4,21.469234390051838,-26,6,0,3.6779619040611347
1535,2404301,417315.0,3385530.0,30,60,3,3,2585.0,12.2,529,0,5,417625,3385445,525,0,5,-103.0,559,310.0,-85.0,321.4420632089086,-4,45.333284793053565,-34,6,0,6.037915244942279
1536,2404301,417315.0,3385530.0,30,60,3,3,2585.0,12.2,529,0,5,417645,3385505,529,0,5,-94.75,559,330.0,-25.0,330.94561486745823,0,34.3323139831885,-30,6,0,5.179667651817367
1537,2404301,417315.0,3385530.0,30,60,3,3,2585.0,12.2,529,0,5,417685,3385545,531,0,5,-98.0,559,370.0,15.0,370.3039292257105,2,27.67846941016728,-28,6,0,4.324109736629587
1538,2404301,417315.0,3385530.0,30,60,3,3,2585.0,12.2,529,0,5,417620,3385450,526,0,5,-102.0,559,305.0,-80.0,315.3173005085512,-3,44.69731927951193,-33,6,0,5.974624863482742
1539,2404301,417315.0,3385530.0,30,60,3,3,2585.0,12.2,529,0,5,417700,3385530,531,0,5,-97.0,559,385.0,0.0,385.0,2,30.0,-28,6,0,4.1596422937126425
1540,2404301,417315.0,3385530.0,30,60,3,3,2585.0,12.2,529,0,5,417615,3385475,527,0,5,-100.5,559,300.0,-55.0,305.0,-2,40.388857815469635,-32,6,0,5.9894477471215435
1541,2404301,417315.0,3385530.0,30,60,3,3,2585.0,12.2,529,0,5,417655,3385515,529,0,5,-98.5,559,340.0,-15.0,340.3307215048327,0,32.52611691161957,-30,6,0,5.037576217350913
1542,2404301,417315.0,3385530.0,30,60,3,3,2585.0,12.2,529,0,5,417605,3385465,526,0,5,-101.75,559,290.0,-65.0,297.1952220342716,-3,42.63336193527505,-33,6,0,6.336060873523899
1543,2404301,417315.0,3385530.0,30,60,3,3,2585.0,12.2,529,0,5,417600,3385470,526,0,5,-95.25,559,285.0,-60.0,291.247317584214,-3,41.88865803962801,-33,6,0,6.4643725522177515
1544,2404301,417315.0,3385530.0,30,60,3,3,2585.0,12.2,529,0,5,417710,3385540,531,0,5,-104.0,559,395.0,10.0,395.12656200260693,2,28.54978370906656,-28,6,0,4.053396251416597
1545,2404301,417315.0,3385530.0,30,60,3,3,2585.0,12.2,529,0,5,417640,3385510,529,0,5,-96.0,559,325.0,-20.0,325.61480310329875,0,33.52145337692224,-30,6,0,5.263994148475182
1546,2404301,417315.0,3385530.0,30,60,3,3,2585.0,12.2,529,0,5,417815,3385355,522,0,5,-99.0,559,500.0,-175.0,529.7405025104273,-7,49.29004621918875,-37,6,0,3.995364859778487
1547,2404301,417315.0,3385530.0,30,60,3,3,2585.0,12.2,529,0,5,417810,3385360,522,0,10,-107.0,559,495.0,-170.0,523.3784481615573,-7,48.95423169951118,-37,6,0,4.0437713367677315
1548,2404301,417315.0,3385530.0,30,60,3,3,2585.0,12.2,529,0,5,417635,3385455,526,0,14,-107.67,559,320.0,-75.0,328.6715685908959,-3,43.190610712206876,-33,6,0,5.733520856693981
1549,2404301,417315.0,3385530.0,30,60,3,3,2585.0,12.2,529,0,5,417725,3385585,533,0,5,-111.0,559,410.0,55.0,413.67257583746107,4,22.359593238973275,-26,6,0,3.596403053451578
1550,2404301,417315.0,3385530.0,30,60,3,3,2585.0,12.2,529,0,5,417240,3385480,532,0,5,-91.67,559,-75.0,-50.0,90.13878188659973,3,176.30993247402023,-27,6,0,16.674961718230765
1551,2404301,417315.0,3385530.0,30,60,3,3,2585.0,12.2,529,0,5,417275,3385445,531,0,5,-85.4,559,-40.0,-85.0,93.94147114027967,2,145.20112364547506,-28,6,0,16.59710472280037
1552,2404301,417315.0,3385530.0,30,60,3,3,2585.0,12.2,529,0,5,417245,3385475,532,0,5,-89.0,559,-70.0,-55.0,89.02246907382428,3,171.84277341263095,-27,6,0,16.872247124264465
1553,2404301,417315.0,3385530.0,30,60,3,3,2585.0,12.2,529,0,5,417260,3385460,531,0,10,-85.19,559,-55.0,-70.0,89.02246907382428,2,158.15722658736905,-28,6,0,17.45978692081104
1554,2404301,417315.0,3385530.0,30,60,3,3,2585.0,12.2,529,0,5,417265,3385455,531,0,10,-84.29,559,-50.0,-75.0,90.13878188659973,2,153.69006752597977,-28,6,0,17.256472183388723
1555,2404301,417315.0,3385530.0,30,60,3,3,2585.0,12.2,529,0,5,417250,3385470,532,0,5,-84.14,559,-65.0,-60.0,88.45903006477066,3,167.29061004263852,-27,6,0,16.973554360154257
1556,2404301,417315.0,3385530.0,30,60,3,3,2585.0,12.2,529,0,5,417255,3385465,531,0,5,-85.71,559,-60.0,-65.0,88.45903006477066,2,162.70938995736145,-28,6,0,17.564178944439576
1557,2404301,417315.0,3385530.0,30,60,3,3,2585.0,12.2,529,0,5,417270,3385450,531,0,5,-85.6,559,-45.0,-80.0,91.7877987534291,2,149.35775354279127,-28,6,0,16.96440219964188
1558,2404301,417315.0,3385530.0,30,60,3,3,2585.0,12.2,529,0,5,417235,3385485,532,90,6,-91.0,559,-80.0,-45.0,91.7877987534291,3,180.64224645720873,-27,6,0,16.39160203921666
1559,2404301,417315.0,3385530.0,30,60,3,3,2585.0,12.2,529,0,5,417210,3385510,533,0,5,-98.5,559,-105.0,-20.0,106.88779163215975,4,199.2157021324374,-26,6,0,13.67144220837367
1560,2404301,417315.0,3385530.0,30,60,3,3,2585.0,12.2,529,0,5,417225,3385510,533,0,5,-99.5,559,-90.0,-20.0,92.19544457292888,4,197.47119229084848,-26,6,0,15.748961165442102
1561,2404301,417315.0,3385530.0,30,60,3,3,2585.0,12.2,529,0,5,417230,3385515,533,6,5,-95.0,559,-85.0,-15.0,86.31338250816034,4,199.99202019855863,-26,6,0,16.76376752118708
1562,2404301,417315.0,3385530.0,30,60,3,3,2585.0,12.2,529,0,5,417255,3385460,531,0,5,-84.14,559,-60.0,-70.0,92.19544457292888,2,160.60129464500446,-28,6,0,16.89367442975787
1563,2404301,417315.0,3385530.0,30,60,3,3,2585.0,12.2,529,0,5,417270,3385475,532,0,10,-83.12,559,-45.0,-55.0,71.06335201775947,3,159.28940686250033,-27,6,0,20.803920869813417
1564,2404301,417315.0,3385530.0,30,60,3,3,2585.0,12.2,529,0,5,417265,3385470,532,0,10,-83.82,559,-50.0,-60.0,78.10249675906654,3,159.80557109226518,-27,6,0,19.070245970646877
1565,2404301,417315.0,3385530.0,30,60,3,3,2585.0,12.2,529,0,5,417245,3385450,531,0,10,-84.1,559,-70.0,-80.0,106.30145812734649,2,161.18592516570965,-28,6,0,14.756634005810412
1566,2404301,417315.0,3385530.0,30,60,3,3,2585.0,12.2,529,0,5,417240,3385445,531,0,5,-83.57,559,-75.0,-85.0,113.35784048754634,2,161.42366562500263,-28,6,0,13.874645514307725
1567,2404301,417315.0,3385530.0,30,60,3,3,2585.0,12.2,529,0,5,417260,3385465,532,0,5,-85.65,559,-55.0,-65.0,85.14693182963201,3,160.2363583092738,-27,6,0,17.593765027641407
1568,2404301,417315.0,3385530.0,30,60,3,3,2585.0,12.2,529,0,5,417160,3385525,532,0,5,-92.0,559,-155.0,-5.0,155.08062419270823,3,208.1523897340054,-27,6,0,9.876370103262408
1569,2404301,417315.0,3385530.0,30,60,3,3,2585.0,12.2,529,0,5,417120,3385565,529,0,7,-104.0,559,-195.0,35.0,198.11612756158948,0,220.17551084304318,-30,6,0,8.610673762752926
1570,2404301,417315.0,3385530.0,30,60,3,3,2585.0,12.2,529,0,5,417275,3385480,532,0,5,-83.58,559,-40.0,-50.0,64.03124237432849,3,158.65980825409008,-27,6,0,22.86365244532914
1571,2404301,417315.0,3385530.0,30,60,3,3,2585.0,12.2,529,0,5,417250,3385455,531,0,10,-85.04,559,-65.0,-75.0,99.24716620639605,2,160.91438322002512,-28,6,0,15.755028974128154
1572,2404301,417315.0,3385530.0,30,60,3,3,2585.0,12.2,529,0,5,417445,3385715,531,0,5,-86.8,559,130.0,185.0,226.10838109190027,2,-24.904183212973862,-28,6,0,7.059251499342692
1573,2404301,417315.0,3385530.0,30,60,3,3,2585.0,12.2,529,0,5,417525,3385635,530,102,5,-101.5,559,210.0,105.0,234.7871376374779,1,3.434948822922024,-29,6,0,7.0412899542099785
1574,2404301,417315.0,3385530.0,30,60,3,3,2585.0,12.2,529,0,5,417520,3385640,530,0,5,-99.0,559,205.0,110.0,232.64780248263682,1,1.7826441452706945,-29,6,0,7.105379965465999
1575,2404301,417315.0,3385530.0,30,60,3,3,2585.0,12.2,529,0,5,417505,3385735,532,0,6,-94.33,559,190.0,205.0,279.5084971874737,3,-17.174744114610064,-27,6,0,5.517546258247726
1576,2404301,417315.0,3385530.0,30,60,3,3,2585.0,12.2,529,0,5,417500,3385740,532,0,6,-93.44,559,185.0,210.0,279.8660393831306,3,-18.621484704117336,-27,6,0,5.510540745761138
1577,2404301,417315.0,3385530.0,30,60,3,3,2585.0,12.2,529,0,5,417490,3385750,532,0,6,-97.11,559,175.0,220.0,281.1138559374119,3,-21.49934627965456,-27,6,0,5.486229960294783
1578,2404301,417315.0,3385530.0,30,60,3,3,2585.0,12.2,529,0,5,417480,3385760,532,0,5,-96.88,559,165.0,230.0,283.0635970943632,3,-24.344671902099662,-27,6,0,5.448669025267088
1579,2404301,417315.0,3385530.0,30,60,3,3,2585.0,12.2,529,0,5,417455,3385705,531,0,5,-81.57,559,140.0,175.0,224.1093483101497,2,-21.34019174590992,-28,6,0,7.121575586962839
1580,2404301,417315.0,3385530.0,30,60,3,3,2585.0,12.2,529,0,5,417440,3385720,531,0,5,-84.33,559,125.0,190.0,227.43130831088317,2,-26.659292653522982,-28,6,0,7.018599824116588
1581,2404301,417315.0,3385530.0,30,60,3,3,2585.0,12.2,529,0,5,417365,3385795,530,0,5,-98.43,559,50.0,265.0,269.675731203236,1,-49.3150875999973,-29,6,0,6.137804040800548
1582,2404301,417315.0,3385530.0,30,60,3,3,2585.0,12.2,529,0,5,417450,3385710,531,0,5,-79.0,559,135.0,180.0,225.0,2,-23.13010235415595,-28,6,0,7.093672927787108
1583,2404301,417315.0,3385530.0,30,60,3,3,2585.0,12.2,529,0,5,417495,3385745,532,0,6,-96.91,559,180.0,215.0,280.40149785619906,3,-20.063616853030112,-27,6,0,5.500082331077502
1584,2404301,417315.0,3385530.0,30,60,3,3,2585.0,12.2,529,0,5,417360,3385800,530,0,5,-98.5,559,45.0,270.0,273.72431386341987,1,-50.537677791974374,-29,6,0,6.04769921138485
1585,2404301,417315.0,3385530.0,30,60,3,3,2585.0,12.2,529,0,5,417465,3385695,531,0,5,-95.0,559,150.0,165.0,222.9910312097776,2,-17.72631099390628,-28,6,0,7.1569213911545635
1586,2404301,417315.0,3385530.0,30,60,3,3,2585.0,12.2,529,0,5,417485,3385755,532,0,6,-95.0,559,170.0,225.0,282.00177304407146,3,-22.92692668268961,-27,6,0,5.469060792481813
1587,2404301,417315.0,3385530.0,30,60,3,3,2585.0,12.2,529,0,5,417460,3385700,531,0,5,-84.0,559,145.0,170.0,223.4390297150433,2,-19.537772507906652,-28,6,0,7.142720018461059
1588,2404301,417315.0,3385530.0,30,60,3,3,2585.0,12.2,529,0,5,417465,3385670,530,102,5,-98.5,559,150.0,140.0,205.1828452868319,1,-13.025065989118048,-29,6,0,8.044748198751726
1589,2404301,417315.0,3385530.0,30,60,3,3,2585.0,12.2,529,0,5,417470,3385675,531,102,5,-97.0,559,155.0,145.0,212.24985276791125,2,-13.090847567003607,-28,6,0,7.51506496092967
1590,2404301,417315.0,3385530.0,30,60,3,3,2585.0,12.2,529,0,5,417545,3385750,533,0,5,-98.5,559,230.0,220.0,318.27660925679095,4,-13.726969979943306,-26,6,0,4.670119444173602
1591,2404301,417315.0,3385530.0,30,60,3,3,2585.0,12.2,529,0,5,417505,3385630,529,0,5,-91.0,559,190.0,100.0,214.7091055358389,0,2.2414593989399805,-30,6,0,7.954096218477588
1592,2404301,417315.0,3385530.0,30,60,3,3,2585.0,12.2,529,0,5,417510,3385635,530,0,5,-93.5,559,195.0,105.0,221.472345903501,1,1.6992442339936247,-29,6,0,7.459973250406059
1593,2404301,417315.0,3385530.0,30,60,3,3,2585.0,12.2,529,0,5,417515,3385640,530,0,10,-98.5,559,200.0,110.0,228.25424421026653,1,1.1892062570269673,-29,6,0,7.240710029724639
1594,2404301,417315.0,3385530.0,30,60,3,3,2585.0,12.2,529,0,5,417520,3385725,533,0,6,-95.5,559,205.0,195.0,282.93108701590216,4,-13.567903815835336,-26,6,0,5.250458910529482
1595,2404301,417315.0,3385530.0,30,60,3,3,2585.0,12.2,529,0,5,417440,3385645,529,0,5,-90.0,559,125.0,115.0,169.85287751463028,0,-12.614055969611172,-30,6,0,10.016473000922792
1596,2404301,417315.0,3385530.0,30,60,3,3,2585.0,12.2,529,0,5,417345,3385790,530,0,5,-106.0,559,30.0,260.0,261.72504656604804,1,-53.418055344821994,-29,6,0,6.322770205098434
1597,2404301,417315.0,3385530.0,30,60,3,3,2585.0,12.2,529,0,5,417480,3385605,528,0,5,-95.8,559,165.0,75.0,181.24568960391858,-1,5.556045219583439,-31,6,0,9.7058685453167
1598,2404301,417315.0,3385530.0,30,60,3,3,2585.0,12.2,529,0,5,417340,3385785,530,0,10,-115.5,559,25.0,255.0,256.2225595063791,1,-54.400660663479414,-29,6,0,6.4574193430637035
1599,2404301,417315.0,3385530.0,30,60,3,3,2585.0,12.2,529,0,5,417445,3385650,529,0,5,-94.33,559,130.0,120.0,176.91806012954132,0,-12.709389957361452,-30,6,0,9.624099876774018
1600,2404301,417315.0,3385530.0,30,60,3,3,2585.0,12.2,529,0,5,417495,3385620,529,0,5,-97.57,559,180.0,90.0,201.24611797498108,0,3.434948822922024,-30,6,0,8.478713147086157
1601,2404301,417315.0,3385530.0,30,60,3,3,2585.0,12.2,529,0,5,417350,3385795,530,0,5,-100.5,559,35.0,265.0,267.30132809247317,1,-52.47617956136139,-29,6,0,6.191903691348047
1602,2404301,417315.0,3385530.0,30,60,3,3,2585.0,12.2,529,0,5,417490,3385615,529,0,10,-96.11,559,175.0,85.0,194.5507645834372,0,4.093492000485639,-30,6,0,8.766044612772495
1603,2404301,417315.0,3385530.0,30,60,3,3,2585.0,12.2,529,0,5,417485,3385610,528,0,5,-96.45,559,170.0,80.0,187.88294228055935,-1,4.798876354524907,-31,6,0,9.369181597434382
1604,2404301,417315.0,3385530.0,30,60,3,3,2585.0,12.2,529,0,5,417325,3385770,530,0,10,-107.0,559,10.0,240.0,240.20824298928628,1,-57.61405596961117,-29,6,0,6.883921810796309
1605,2404301,417315.0,3385530.0,30,60,3,3,2585.0,12.2,529,0,5,417530,3385735,533,111,5,-99.0,559,215.0,205.0,297.06901555025894,4,-13.63607246839706,-26,6,0,5.001881288443992
1606,2404301,417315.0,3385530.0,30,60,3,3,2585.0,12.2,529,0,5,417500,3385625,529,0,5,-94.17,559,185.0,95.0,207.9663434308542,0,2.8188889145228018,-30,6,0,8.208526541267519
1607,2404301,417315.0,3385530.0,30,60,3,3,2585.0,12.2,529,0,5,417455,3385660,530,0,5,-97.2,559,140.0,130.0,191.049731745428,1,-12.878903603338529,-29,6,0,8.631206330525947
1608,2404301,417315.0,3385530.0,30,60,3,3,2585.0,12.2,529,0,5,417450,3385655,530,0,5,-101.17,559,135.0,125.0,183.98369492974098,1,-12.79740183823418,-29,6,0,8.957416496241498
1609,2404301,417315.0,3385530.0,30,60,3,3,2585.0,12.2,529,0,5,417280,3385430,530,0,5,-89.0,559,-35.0,-100.0,105.94810050208545,1,139.29004621918875,-29,6,0,15.307989262353097
1610,2404301,417315.0,3385530.0,30,60,3,3,2585.0,12.2,529,0,5,417290,3385440,530,0,5,-86.86,559,-25.0,-90.0,93.40770846134703,1,135.52411099675425,-29,6,0,17.247838010571947
1611,2404301,417315.0,3385530.0,30,60,3,3,2585.0,12.2,529,0,5,417335,3385395,528,0,5,-109.5,559,20.0,-135.0,136.4734406395618,-1,111.57303097851934,-31,6,0,12.797602643234717
1612,2404301,417315.0,3385530.0,30,60,3,3,2585.0,12.2,529,0,5,417540,3385490,524,0,6,-99.0,559,225.0,-40.0,228.52789764052878,-5,40.08059798754232,-35,6,0,8.707427078493632
1613,2404301,417315.0,3385530.0,30,60,3,3,2585.0,12.2,529,0,5,417295,3385435,530,102,5,-80.5,559,-20.0,-95.0,97.082439194738,1,131.88865803962796,-29,6,0,16.631684816087564
1614,2404301,417315.0,3385530.0,30,60,3,3,2585.0,12.2,529,0,5,417345,3385365,528,0,5,-95.5,559,30.0,-165.0,167.70509831248424,-1,109.69515353123393,-31,6,0,10.472813010124572
1615,2404301,417315.0,3385530.0,30,60,3,3,2585.0,12.2,529,0,5,417480,3385550,525,0,5,-105.5,559,165.0,20.0,166.20770138594662,-4,23.088772880975284,-34,6,0,11.561113561934464
1616,2404301,417315.0,3385530.0,30,60,3,3,2585.0,12.2,529,0,5,417590,3385460,525,0,6,-93.33,559,275.0,-70.0,283.7692724732542,-4,44.28109573597084,-34,6,0,6.832360682793926
1617,2404301,417315.0,3385530.0,30,60,3,3,2585.0,12.2,529,0,5,417455,3385595,527,0,5,-96.17,559,140.0,65.0,154.35349040433132,-2,5.095231191904816,-32,6,0,11.712431786580904
1618,2404301,417315.0,3385530.0,30,60,3,3,2585.0,12.2,529,0,5,417595,3385455,525,0,6,-104.0,559,280.0,-75.0,289.8706608127149,-4,44.99507912917602,-34,6,0,6.689865962000257
1619,2404301,417315.0,3385530.0,30,60,3,3,2585.0,12.2,529,0,5,417325,3385385,528,0,10,-107.0,559,10.0,-145.0,145.34441853748632,-1,116.05481377096248,-31,6,0,12.040007695955444
1620,2404301,417315.0,3385530.0,30,60,3,3,2585.0,12.2,529,0,5,417565,3385465,525,0,6,-86.5,559,250.0,-65.0,258.3118270617898,-4,44.574216198038755,-34,6,0,7.498387187796691
1621,2404301,417315.0,3385530.0,30,60,3,3,2585.0,12.2,529,0,5,417495,3385555,526,102,5,-103.6,559,180.0,25.0,181.72781845386248,-3,22.09283729704157,-33,6,0,10.29220434020004
1622,2404301,417315.0,3385530.0,30,60,3,3,2585.0,12.2,529,0,5,417450,3385600,527,0,5,-95.56,559,135.0,70.0,152.0690632574555,-2,2.592424562181577,-32,6,0,11.88341226737002
1623,2404301,417315.0,3385530.0,30,60,3,3,2585.0,12.2,529,0,5,417490,3385560,526,102,5,-105.0,559,175.0,30.0,177.55280904564702,-3,20.27242144859838,-33,6,0,10.528865457052177
1624,2404301,417315.0,3385530.0,30,60,3,3,2585.0,12.2,529,0,5,417580,3385450,525,0,6,-83.67,559,265.0,-80.0,276.81221071332817,-4,46.79837178130532,-34,6,0,7.002392721229892
1625,2404301,417315.0,3385530.0,30,60,3,3,2585.0,12.2,529,0,5,417515,3385535,525,0,5,-105.0,559,200.0,5.0,200.06249023742558,-4,28.567903815835336,-34,6,0,9.645088333961713
1626,2404301,417315.0,3385530.0,30,60,3,3,2585.0,12.2,529,0,5,417500,3385530,524,0,5,-103.0,559,185.0,0.0,185.0,-5,30.0,-35,6,0,10.713123022791036
1627,2404301,417315.0,3385530.0,30,60,3,3,2585.0,12.2,529,0,5,417305,3385405,529,0,5,-104.0,559,-10.0,-125.0,125.39936203984452,0,124.57392125990086,-30,6,0,13.454318139648151
1628,2404301,417315.0,3385530.0,30,60,3,3,2585.0,12.2,529,0,5,417475,3385575,526,0,5,-96.33,559,160.0,45.0,166.20770138594662,-3,14.291362170984257,-33,6,0,11.229847909837511
1629,2404301,417315.0,3385530.0,30,60,3,3,2585.0,12.2,529,0,5,417460,3385570,526,102,5,-98.0,559,145.0,40.0,150.41608956491322,-3,14.577838681261312,-33,6,0,12.374155157295638
1630,2404301,417315.0,3385530.0,30,60,3,3,2585.0,12.2,529,0,5,417470,3385580,527,102,5,-96.5,559,155.0,50.0,162.8649747490233,-2,12.121303404158652,-32,6,0,11.115975827352472
1631,2404301,417315.0,3385530.0,30,60,3,3,2585.0,12.2,529,0,5,417465,3385565,526,102,5,-95.6,559,150.0,35.0,154.02921800749363,-3,16.865977693603668,-33,6,0,12.092530338789924
1632,2404301,417315.0,3385530.0,30,60,3,3,2585.0,12.2,529,0,5,417445,3385585,526,0,5,-90.4,559,130.0,55.0,141.15594213493105,-3,7.0678995624102186,-33,6,0,13.158507623555085
1633,2404301,417315.0,3385530.0,30,60,3,3,2585.0,12.2,529,0,5,417440,3385590,527,0,5,-89.63,559,125.0,60.0,138.6542462386205,-2,4.358994175694704,-32,6,0,12.995741315736014
1634,2404301,417315.0,3385530.0,30,60,3,3,2585.0,12.2,529,0,5,417310,3385420,529,0,5,-95.0,559,-5.0,-110.0,110.11357772772621,0,122.6025622024998,-30,6,0,15.240115757761465
1635,2404301,417315.0,3385530.0,30,60,3,3,2585.0,12.2,529,0,5,417160,3385395,528,0,5,-109.0,559,-155.0,-135.0,205.54804791094466,-1,168.94518622903755,-31,6,0,8.576502561796952
1636,2404301,417315.0,3385530.0,30,60,3,3,2585.0,12.2,529,0,5,417510,3385520,524,0,5,-93.0,559,195.0,-10.0,195.25624189766637,-5,32.93567344642116,-35,6,0,10.16243563452379
1637,2404301,417315.0,3385530.0,30,60,3,3,2585.0,12.2,529,0,5,417360,3385370,528,0,5,-92.5,559,45.0,-160.0,166.20770138594662,-1,104.29136217098426,-31,6,0,10.56504949775214
1638,2404301,417315.0,3385530.0,30,60,3,3,2585.0,12.2,529,0,5,417525,3385525,525,102,5,-103.33,559,210.0,-5.0,210.05951537600004,-4,31.36392753160294,-34,6,0,9.194094743816835
1639,2404301,417315.0,3385530.0,30,60,3,3,2585.0,12.2,529,0,5,417505,3385505,524,0,6,-91.5,559,190.0,-25.0,191.637678967368,-5,37.49585763972988,-35,6,0,10.350215630578496
1640,2404301,417315.0,3385530.0,30,60,3,3,2585.0,12.2,529,0,5,417400,3385410,526,0,10,-102.5,559,85.0,-120.0,147.05441169852742,-3,84.6887865603668,-33,6,0,12.648025561203138
1641,2404301,417315.0,3385530.0,30,60,3,3,2585.0,12.2,529,0,5,417290,3385300,526,0,5,-91.5,559,-25.0,-230.0,231.3547060251855,-3,126.20344790169182,-33,6,0,8.11780379579864
1642,2404301,417315.0,3385530.0,30,60,3,3,2585.0,12.2,529,0,5,417310,3385320,527,0,5,-93.5,559,-5.0,-210.0,210.05951537600004,-2,121.36392753160291,-32,6,0,8.661717891655655
1643,2404301,417315.0,3385530.0,30,60,3,3,2585.0,12.2,529,0,5,417535,3385535,526,102,5,-97.0,559,220.0,5.0,220.05681084665386,-3,28.698047327421136,-33,6,0,8.528595661138565
1644,2404301,417315.0,3385530.0,30,60,3,3,2585.0,12.2,529,0,5,417455,3385455,524,0,10,-96.0,559,140.0,-75.0,158.8238017426859,-5,58.178590109959146,-35,6,0,12.427637301207456
1645,2404301,417315.0,3385530.0,30,60,3,3,2585.0,12.2,529,0,5,417475,3385475,524,0,5,-91.69,559,160.0,-55.0,169.1892431568863,-5,48.970407808486584,-35,6,0,11.687852270571085
1646,2404301,417315.0,3385530.0,30,60,3,3,2585.0,12.2,529,0,5,417485,3385485,524,0,6,-86.57,559,170.0,-45.0,175.85505395068975,-5,44.82647997035565,-35,6,0,11.256347990256973
1647,2404301,417315.0,3385530.0,30,60,3,3,2585.0,12.2,529,0,5,417450,3385460,524,0,10,-94.33,559,135.0,-70.0,152.0690632574555,-5,57.40757543781842,-35,6,0,12.96139380155953
1648,2404301,417315.0,3385530.0,30,60,3,3,2585.0,12.2,529,0,5,417480,3385490,524,0,5,-107.77,559,165.0,-40.0,169.77926846349644,-5,43.62699485989151,-35,6,0,11.648345917156314
1649,2404301,417315.0,3385530.0,30,60,3,3,2585.0,12.2,529,0,5,417565,3385565,528,0,10,-109.5,559,250.0,35.0,252.43811122728675,-1,22.030389605678636,-31,6,0,7.001005600856132
1650,2404301,417315.0,3385530.0,30,60,3,3,2585.0,12.2,529,0,5,417410,3385420,525,0,10,-99.0,559,95.0,-110.0,145.34441853748632,-4,79.18491612511843,-34,6,0,13.166282431124298
1651,2404301,417315.0,3385530.0,30,60,3,3,2585.0,12.2,529,0,5,417460,3385470,524,0,5,-92.73,559,145.0,-60.0,156.92354826475216,-5,52.47943439710309,-35,6,0,12.573370859587857
1652,2404301,417315.0,3385530.0,30,60,3,3,2585.0,12.2,529,0,5,417470,3385480,524,0,5,-94.7,559,155.0,-50.0,162.8649747490233,-5,47.87869659584135,-35,6,0,12.128510200833801
1653,2404301,417315.0,3385530.0,30,60,3,3,2585.0,12.2,529,0,5,417465,3385465,524,0,5,-98.38,559,150.0,-65.0,163.47782724271815,-5,53.42869280874538,-35,6,0,12.084381181390215
1654,2404301,417315.0,3385530.0,30,60,3,3,2585.0,12.2,529,0,5,417540,3385550,526,0,5,-103.5,559,225.0,20.0,225.88713996153035,-3,24.920392139985438,-33,6,0,8.311580802111958
1655,2404301,417315.0,3385530.0,30,60,3,3,2585.0,12.2,529,0,5,417560,3385570,528,0,5,-115.55,559,245.0,40.0,248.2438317461282,-1,20.727398222799707,-31,6,0,7.1180897888152135
1656,2404301,417315.0,3385530.0,30,60,3,3,2585.0,12.2,529,0,5,417585,3385585,530,0,10,-101.5,559,270.0,55.0,275.54491466909707,1,18.486168815512997,-29,6,0,6.008033635870358
1657,2404301,417315.0,3385530.0,30,60,3,3,2585.0,12.2,529,0,5,417445,3385445,524,0,10,-89.0,559,130.0,-85.0,155.32224567009067,-5,63.17851165939277,-35,6,0,12.698813496744076
1658,2404301,417315.0,3385530.0,30,60,3,3,2585.0,12.2,529,0,5,417330,3385340,528,0,5,-91.6,559,15.0,-190.0,190.59118552545917,-1,115.48601154199878,-31,6,0,9.238359958361725
1659,2404301,417315.0,3385530.0,30,60,3,3,2585.0,12.2,529,0,5,417490,3385500,524,0,6,-90.67,559,175.0,-30.0,177.55280904564702,-5,39.72757855140162,-35,6,0,11.151425202487811
1660,2404301,417315.0,3385530.0,30,60,3,3,2585.0,12.2,529,0,5,417575,3385575,529,0,10,-108.5,559,260.0,45.0,263.86549603917524,0,20.18069936124209,-30,6,0,6.486350247171628
1661,2404301,417315.0,3385530.0,30,60,3,3,2585.0,12.2,529,0,5,417225,3385515,533,0,5,-93.25,559,-90.0,-15.0,91.2414379544733,4,200.53767779197437,-26,6,0,15.905339226477519
1662,2404301,417315.0,3385530.0,30,60,3,3,2585.0,12.2,529,0,5,417235,3385505,532,0,6,-95.5,559,-80.0,-25.0,83.81527307120105,3,192.64597536373867,-27,6,0,17.855669990478
1663,2404301,417315.0,3385530.0,30,60,3,3,2585.0,12.2,529,0,5,417245,3385455,531,0,10,-85.73,559,-70.0,-75.0,102.59142264341595,2,163.02506598911802,-28,6,0,15.265785453153308
1664,2404301,417315.0,3385530.0,30,60,3,3,2585.0,12.2,529,0,5,417270,3385470,532,0,10,-85.16,559,-45.0,-60.0,75.0,3,156.86989764584402,-27,6,0,19.798876354524932
1665,2404301,417315.0,3385530.0,30,60,3,3,2585.0,12.2,529,0,5,417255,3385445,531,0,10,-82.67,559,-60.0,-85.0,104.04326023342406,2,155.21759296819272,-28,6,0,15.062507581989458
1666,2404301,417315.0,3385530.0,30,60,3,3,2585.0,12.2,529,0,5,417250,3385450,531,0,10,-84.52,559,-65.0,-80.0,103.07764064044152,2,159.0938588862295,-28,6,0,15.197114052501222
1667,2404301,417315.0,3385530.0,30,60,3,3,2585.0,12.2,529,0,5,417215,3385485,532,90,6,-92.5,559,-100.0,-45.0,109.65856099730654,3,185.77225468204583,-27,6,0,13.83216023188524
1668,2404301,417315.0,3385530.0,30,60,3,3,2585.0,12.2,529,0,5,417240,3385460,531,0,5,-89.29,559,-75.0,-70.0,102.59142264341595,2,166.97493401088198,-28,6,0,15.265785453153308
1669,2404301,417315.0,3385530.0,30,60,3,3,2585.0,12.2,529,0,5,417275,3385465,531,0,5,-84.5,559,-40.0,-65.0,76.32168761236873,2,151.60750224624888,-28,6,0,20.146481221162794
1670,2404301,417315.0,3385530.0,30,60,3,3,2585.0,12.2,529,0,5,417230,3385510,533,0,5,-83.5,559,-85.0,-20.0,87.32124598286491,4,196.75948008481282,-26,6,0,16.58095968513414
1671,2404301,417315.0,3385530.0,30,60,3,3,2585.0,12.2,529,0,5,417260,3385480,532,0,5,-86.2,559,-55.0,-50.0,74.33034373659252,3,167.72631099390625,-27,6,0,19.963213743887447
1672,2404301,417315.0,3385530.0,30,60,3,3,2585.0,12.2,529,0,5,417135,3385565,530,0,7,-94.5,559,-180.0,35.0,183.3712082089225,1,221.0035408517495,-29,6,0,8.986848069334004
1673,2404301,417315.0,3385530.0,30,60,3,3,2585.0,12.2,529,0,5,417265,3385475,532,0,10,-88.69,559,-50.0,-55.0,74.33034373659252,3,162.27368900609375,-27,6,0,19.963213743887447
1674,2404301,417315.0,3385530.0,30,60,3,3,2585.0,12.2,529,0,5,417455,3385695,531,0,10,-87.5,559,140.0,165.0,216.390850083824,2,-19.685899839502724,-28,6,0,7.372849226386288
1675,2404301,417315.0,3385530.0,30,60,3,3,2585.0,12.2,529,0,5,417450,3385700,531,0,5,-93.67,559,135.0,170.0,217.0829334609241,2,-21.546290783294012,-28,6,0,7.349601204213675
1676,2404301,417315.0,3385530.0,30,60,3,3,2585.0,12.2,529,0,5,417540,3385630,530,102,5,-112.5,559,225.0,100.0,246.22144504490262,1,6.03751102542185,-29,6,0,6.717358442357783
1677,2404301,417315.0,3385530.0,30,60,3,3,2585.0,12.2,529,0,5,417495,3385735,532,0,6,-95.67,559,180.0,205.0,272.8094573140748,3,-18.71528910542878,-27,6,0,5.652166834245693
1678,2404301,417315.0,3385530.0,30,60,3,3,2585.0,12.2,529,0,5,417515,3385755,533,111,5,-96.6,559,200.0,225.0,301.0398644698074,4,-18.36646066342979,-26,6,0,4.936232412705378
1679,2404301,417315.0,3385530.0,30,60,3,3,2585.0,12.2,529,0,5,417505,3385745,532,0,6,-94.38,559,190.0,215.0,286.9233347080715,3,-18.532294583890916,-27,6,0,5.375804982477276
1680,2404301,417315.0,3385530.0,30,60,3,3,2585.0,12.2,529,0,5,417470,3385720,532,0,10,-92.6,559,155.0,190.0,245.20399670478457,3,-20.792796495032178,-27,6,0,6.2836613336749725
1681,2404301,417315.0,3385530.0,30,60,3,3,2585.0,12.2,529,0,5,417565,3385645,532,0,5,-96.0,559,250.0,115.0,275.1817581163403,3,5.297569772228712,-27,6,0,5.6037518218209925
1682,2404301,417315.0,3385530.0,30,60,3,3,2585.0,12.2,529,0,5,417480,3385730,532,0,5,-92.57,559,165.0,200.0,259.2778432492835,3,-20.47736872882888,-27,6,0,5.9450904107478495
1683,2404301,417315.0,3385530.0,30,60,3,3,2585.0,12.2,529,0,5,417500,3385750,532,0,5,-91.0,559,185.0,220.0,287.4456470360962,3,-19.939215542126192,-27,6,0,5.366093776279567
1684,2404301,417315.0,3385530.0,30,60,3,3,2585.0,12.2,529,0,5,417475,3385715,532,0,10,-88.0,559,160.0,185.0,244.59149617270018,3,-19.144623741104283,-27,6,0,6.299270398667522
1685,2404301,417315.0,3385530.0,30,60,3,3,2585.0,12.2,529,0,5,417535,3385615,529,0,5,-103.5,559,220.0,85.0,235.8495283014151,0,8.875280853927507,-30,6,0,7.249079687709112
1686,2404301,417315.0,3385530.0,30,60,3,3,2585.0,12.2,529,0,5,417440,3385690,531,0,10,-84.2,559,125.0,160.0,203.03940504246953,2,-22.00126755749534,-28,6,0,7.85180817603705
1687,2404301,417315.0,3385530.0,30,60,3,3,2585.0,12.2,529,0,5,417520,3385610,529,102,5,-103.25,559,205.0,80.0,220.05681084665386,0,8.682087724538462,-30,6,0,7.763185776996251
1688,2404301,417315.0,3385530.0,30,60,3,3,2585.0,12.2,529,0,5,417375,3385775,530,0,5,-101.0,559,60.0,245.0,252.23996511258878,1,-46.23921488820878,-29,6,0,6.558493502752986
1689,2404301,417315.0,3385530.0,30,60,3,3,2585.0,12.2,529,0,5,417485,3385725,532,0,5,-94.67,559,170.0,195.0,258.69866640553056,3,-18.91824886406738,-27,6,0,5.958304685663736
1690,2404301,417315.0,3385530.0,30,60,3,3,2585.0,12.2,529,0,5,417490,3385740,532,0,6,-95.23,559,175.0,210.0,273.3587386567329,3,-20.19442890773479,-27,6,0,5.640882808640753
1691,2404301,417315.0,3385530.0,30,60,3,3,2585.0,12.2,529,0,5,417530,3385620,529,102,5,-109.0,559,215.0,90.0,233.0772404161333,0,7.2855876468327665,-30,6,0,7.3343689242477925
1692,2404301,417315.0,3385530.0,30,60,3,3,2585.0,12.2,529,0,5,417465,3385705,531,0,5,-93.5,559,150.0,175.0,230.4886114323222,2,-19.398705354995514,-28,6,0,6.926412366248062
1693,2404301,417315.0,3385530.0,30,60,3,3,2585.0,12.2,529,0,5,417510,3385760,533,0,5,-85.5,559,195.0,230.0,301.53772566629203,4,-19.707852244372248,-26,6,0,4.928122496148733
1694,2404301,417315.0,3385530.0,30,60,3,3,2585.0,12.2,529,0,5,417445,3385685,531,0,10,-84.2,559,130.0,155.0,202.2992832414391,2,-20.013113755035818,-28,6,0,7.880174157709905
1695,2404301,417315.0,3385530.0,30,60,3,3,2585.0,12.2,529,0,5,417460,3385710,531,0,5,-88.0,559,145.0,180.0,231.1384866265244,2,-21.146625659646645,-28,6,0,6.907126271486562
1696,2404301,417315.0,3385530.0,30,60,3,3,2585.0,12.2,529,0,5,417215,3385455,531,0,5,-103.25,559,-100.0,-75.0,125.0,2,173.13010235415598,-28,6,0,12.625836878907315
1697,2404301,417315.0,3385530.0,30,60,3,3,2585.0,12.2,529,0,5,417250,3385500,532,0,6,-82.57,559,-65.0,-30.0,71.58910531638176,3,185.22485943116806,-27,6,0,20.664085792264828
1698,2404301,417315.0,3385530.0,30,60,3,3,2585.0,12.2,529,0,5,417210,3385460,531,0,5,-92.5,559,-105.0,-70.0,126.19429464123962,2,176.30993247402023,-28,6,0,12.510125476930867
1699,2404301,417315.0,3385530.0,30,60,3,3,2585.0,12.2,529,0,5,417235,3385475,532,0,5,-85.0,559,-80.0,-55.0,97.082439194738,3,175.4914770123316,-27,6,0,15.54200155544393
1700,2404301,417315.0,3385530.0,30,60,3,3,2585.0,12.2,529,0,5,417230,3385480,532,90,6,-88.67,559,-85.0,-50.0,98.6154146165801,3,179.5344550805401,-27,6,0,15.311824023420987
1701,2404301,417315.0,3385530.0,30,60,3,3,2585.0,12.2,529,0,5,417260,3385510,533,0,6,-85.5,559,-55.0,-20.0,58.52349955359813,4,190.01689347810003,-26,6,0,23.953949886641958
1702,2404301,417315.0,3385530.0,30,60,3,3,2585.0,12.2,529,0,5,417265,3385505,533,0,5,-85.73,559,-50.0,-25.0,55.90169943749474,4,183.43494882292202,-26,6,0,24.943239202184763
1703,2404301,417315.0,3385530.0,30,60,3,3,2585.0,12.2,529,0,5,417195,3385595,532,0,14,-91.0,559,-120.0,65.0,136.4734406395618,3,238.44292862436333,-27,6,0,11.190922449002207
1704,2404301,417315.0,3385530.0,30,60,3,3,2585.0,12.2,529,0,5,417240,3385490,532,0,6,-81.43,559,-75.0,-40.0,85.0,3,181.92751306414704,-27,6,0,17.622297228668277
1705,2404301,417315.0,3385530.0,30,60,3,3,2585.0,12.2,529,0,5,417245,3385485,532,0,5,-88.0,559,-70.0,-45.0,83.21658488546619,3,177.26477372789242,-27,6,0,17.97589097383862
1706,2404301,417315.0,3385530.0,30,60,3,3,2585.0,12.2,529,0,5,417270,3385520,533,0,6,-85.69,559,-45.0,-10.0,46.09772228646444,4,197.47119229084848,-26,6,0,29.42383245128704
1707,2404301,417315.0,3385530.0,30,60,3,3,2585.0,12.2,529,0,5,417255,3385495,532,0,5,-85.2,559,-60.0,-35.0,69.46221994724903,3,179.74356283647074,-27,6,0,21.24112925514401
1708,2404301,417315.0,3385530.0,30,60,3,3,2585.0,12.2,529,0,5,417275,3385515,532,0,5,-81.6,559,-40.0,-15.0,42.720018726587654,3,189.44395478041653,-27,6,0,32.29379520041142
1709,2404301,417315.0,3385530.0,30,60,3,3,2585.0,12.2,529,0,5,417460,3385750,531,102,6,-99.0,559,145.0,220.0,263.48624252510797,2,-26.611486423888493,-28,6,0,6.065908706586984
1710,2404301,417315.0,3385530.0,30,60,3,3,2585.0,12.2,529,0,5,417480,3385690,531,0,5,-92.5,559,165.0,160.0,229.83689869122406,2,-14.11859600341785,-28,6,0,6.945860923635431
1711,2404301,417315.0,3385530.0,30,60,3,3,2585.0,12.2,529,0,5,417465,3385745,531,0,5,-91.11,559,150.0,215.0,262.15453457836657,2,-25.097504384075307,-28,6,0,6.096491190909465
1712,2404301,417315.0,3385530.0,30,60,3,3,2585.0,12.2,529,0,5,417490,3385700,532,0,10,-96.25,559,175.0,170.0,243.97745797511703,3,-14.16968451374197,-27,6,0,6.314996368217971
1713,2404301,417315.0,3385530.0,30,60,3,3,2585.0,12.2,529,0,5,417475,3385755,532,0,6,-95.8,559,160.0,225.0,276.08875384557047,3,-24.58294472353259,-27,6,0,5.58545920065217
1714,2404301,417315.0,3385530.0,30,60,3,3,2585.0,12.2,529,0,5,417445,3385725,531,0,5,-93.75,559,130.0,195.0,234.3608329051593,2,-26.30993247402023,-28,6,0,6.813055503812404
1715,2404301,417315.0,3385530.0,30,60,3,3,2585.0,12.2,529,0,5,417440,3385730,531,0,6,-87.33,559,125.0,200.0,235.8495283014151,2,-27.994616791916485,-28,6,0,6.77045157333286
1716,2404301,417315.0,3385530.0,30,60,3,3,2585.0,12.2,529,0,5,417470,3385760,532,102,6,-93.5,559,155.0,230.0,277.35356496717327,3,-26.023455963743118,-27,6,0,5.560147893661769
1717,2404301,417315.0,3385530.0,30,60,3,3,2585.0,12.2,529,0,5,417455,3385735,531,0,5,-93.25,559,140.0,205.0,248.2438317461282,2,-25.669782804496663,-28,6,0,6.435326090755063
1718,2404301,417315.0,3385530.0,30,60,3,3,2585.0,12.2,529,0,5,417525,3385645,530,0,10,-92.0,559,210.0,115.0,239.42639787625757,1,1.2940474565989462,-29,6,0,6.906184452627064
1719,2404301,417315.0,3385530.0,30,60,3,3,2585.0,12.2,529,0,5,417450,3385740,531,0,6,-99.67,559,135.0,210.0,249.64975465639858,2,-27.26477372789242,-28,6,0,6.39938651558926
1720,2404301,417315.0,3385530.0,30,60,3,3,2585.0,12.2,529,0,5,417735,3385455,526,0,5,-95.5,559,420.0,-75.0,426.64387959983674,-3,40.12467165539783,-33,6,0,4.422900871050081
1721,2404301,417315.0,3385530.0,30,60,3,3,2585.0,12.2,529,0,5,417770,3385420,525,0,10,-97.0,559,455.0,-110.0,468.10789354592174,-4,43.590948447841356,-34,6,0,4.154259429468119
1722,2404301,417315.0,3385530.0,30,60,3,3,2585.0,12.2,529,0,5,417760,3385410,524,0,10,-106.25,559,445.0,-120.0,460.89586676384937,-5,45.0915726785949,-35,6,0,4.342652923949611
1723,2404301,417315.0,3385530.0,30,60,3,3,2585.0,12.2,529,0,5,417710,3385520,530,0,5,-109.5,559,395.0,-10.0,395.12656200260693,1,31.45021629093344,-29,6,0,4.19765182237787
1724,2404301,417315.0,3385530.0,30,60,3,3,2585.0,12.2,529,0,5,417755,3385475,527,5,5,-100.0,559,440.0,-55.0,443.42417615642023,-2,37.125016348901795,-32,6,0,4.127632474273522
1725,2404301,417315.0,3385530.0,30,60,3,3,2585.0,12.2,529,0,5,417690,3385500,529,0,5,-99.5,559,375.0,-30.0,376.19808611953357,0,34.573921259900885,-30,6,0,4.559416109622995
1726,2404301,417315.0,3385530.0,30,60,3,3,2585.0,12.2,529,0,5,417065,3385755,528,0,14,-108.5,559,-250.0,225.0,336.34060117684277,-1,251.98721249581666,-31,6,0,5.265986635055582
1727,2404301,417315.0,3385530.0,30,60,3,3,2585.0,12.2,529,0,5,417075,3385745,527,0,5,-101.5,559,-240.0,215.0,322.21886971436044,-2,251.855042535302,-32,6,0,5.671525996023857
1728,2404301,417315.0,3385530.0,30,60,3,3,2585.0,12.2,529,0,5,417690,3385515,530,0,5,-100.5,559,375.0,-15.0,375.2998800959041,1,32.29061004263855,-29,6,0,4.418552891052099
1729,2404301,417315.0,3385530.0,30,60,3,3,2585.0,12.2,529,0,5,417335,3385330,528,102,5,-86.0,559,20.0,-200.0,200.9975124224178,-1,114.2894068625003,-31,6,0,8.767688067530806
1730,2404301,417315.0,3385530.0,30,60,3,3,2585.0,12.2,529,0,5,417380,3385395,527,0,5,-88.0,559,65.0,-135.0,149.83324063771698,-2,94.29004621918875,-32,6,0,12.055586233593294
1731,2404301,417315.0,3385530.0,30,60,3,3,2585.0,12.2,529,0,5,417340,3385355,528,0,5,-94.0,559,25.0,-175.0,176.7766952966369,-1,111.86989764584405,-31,6,0,9.946395798414388
1732,2404301,417315.0,3385530.0,30,60,3,3,2585.0,12.2,529,0,5,417325,3385340,528,0,5,-95.67,559,10.0,-190.0,190.26297590440447,-1,116.98721249581672,-31,6,0,9.25402094235134
1733,2404301,417315.0,3385530.0,30,60,3,3,2585.0,12.2,529,0,5,417360,3385375,528,0,5,-87.5,559,45.0,-155.0,161.40012391568973,-1,103.81079374297303,-31,6,0,10.872351700684321
1734,2404301,417315.0,3385530.0,30,60,3,3,2585.0,12.2,529,0,5,417410,3385405,526,0,5,-100.0,559,95.0,-125.0,157.00318468107582,-3,82.76516601842536,-33,6,0,11.870030583615122
1735,2404301,417315.0,3385530.0,30,60,3,3,2585.0,12.2,529,0,5,417440,3385455,524,0,5,-97.0,559,125.0,-75.0,145.7737973711325,-5,60.96375653207349,-35,6,0,13.501043380558688
1736,2404301,417315.0,3385530.0,30,60,3,3,2585.0,12.2,529,0,5,417580,3385595,530,0,10,-116.67,559,265.0,65.0,272.8552729928451,1,16.218402764346365,-29,6,0,6.0668176370781035
1737,2404301,417315.0,3385530.0,30,60,3,3,2585.0,12.2,529,0,5,417585,3385600,530,0,5,-103.5,559,270.0,70.0,278.9265136196271,1,15.465544919459887,-29,6,0,5.935717722449167
1738,2404301,417315.0,3385530.0,30,60,3,3,2585.0,12.2,529,0,5,417470,3385465,524,0,5,-96.17,559,155.0,-65.0,168.0773631397161,-5,52.750976342787624,-35,6,0,11.763023153588506
1739,2404301,417315.0,3385530.0,30,60,3,3,2585.0,12.2,529,0,5,417480,3385495,524,0,5,-88.0,559,165.0,-35.0,168.67127793433,-5,41.97613244420336,-35,6,0,11.722752137675396
1740,2404301,417315.0,3385530.0,30,60,3,3,2585.0,12.2,529,0,5,417400,3385415,526,0,10,-102.86,559,85.0,-115.0,143.0034964607509,-3,83.53076560994816,-33,6,0,12.994309854540996
1741,2404301,417315.0,3385530.0,30,60,3,3,2585.0,12.2,529,0,5,417405,3385420,526,0,10,-106.41,559,90.0,-110.0,142.12670403551894,-3,80.7105931374997,-33,6,0,13.071728058984782
1742,2404301,417315.0,3385530.0,30,60,3,3,2585.0,12.2,529,0,5,417545,3385560,527,0,5,-123.5,559,230.0,30.0,231.94827009486403,-2,22.56859202882748,-32,6,0,7.855042913363628
1743,2404301,417315.0,3385530.0,30,60,3,3,2585.0,12.2,529,0,5,417560,3385575,528,0,10,-117.5,559,245.0,45.0,249.09837414162303,-1,19.59228868750995,-31,6,0,7.093920093873092
1744,2404301,417315.0,3385530.0,30,60,3,3,2585.0,12.2,529,0,5,417460,3385475,524,0,7,-94.71,559,145.0,-55.0,155.08062419270823,-5,50.772254682045855,-35,6,0,12.717955688231376
1745,2404301,417315.0,3385530.0,30,60,3,3,2585.0,12.2,529,0,5,417475,3385470,524,0,5,-91.67,559,160.0,-60.0,170.88007490635061,-5,50.55604521958344,-35,6,0,11.57533896378539
1746,2404301,417315.0,3385530.0,30,60,3,3,2585.0,12.2,529,0,5,417345,3385360,528,0,5,-89.67,559,30.0,-170.0,172.6267650163207,-1,109.99202019855875,-31,6,0,10.18056188986556
1747,2404301,417315.0,3385530.0,30,60,3,3,2585.0,12.2,529,0,5,417445,3385460,524,0,5,-95.5,559,130.0,-70.0,147.648230602334,-5,58.300755766006375,-35,6,0,13.335804751055221
1748,2404301,417315.0,3385530.0,30,60,3,3,2585.0,12.2,529,0,5,417425,3385440,525,102,5,-108.25,559,110.0,-90.0,142.12670403551894,-4,69.28940686250036,-34,6,0,13.453640623169406
1749,2404301,417315.0,3385530.0,30,60,3,3,2585.0,12.2,529,0,5,417465,3385480,524,0,7,-90.7,559,150.0,-50.0,158.11388300841898,-5,48.434948822922024,-35,6,0,12.481691419986054
1750,2404301,417315.0,3385530.0,30,60,3,3,2585.0,12.2,529,0,5,417495,3385490,524,0,6,-103.25,559,180.0,-40.0,184.39088914585776,-5,42.52880770915152,-35,6,0,10.747689364667773
1751,2404301,417315.0,3385530.0,30,60,3,3,2585.0,12.2,529,0,5,417640,3385525,529,0,6,-95.0,559,325.0,-5.0,325.0384592629002,0,30.88140399658215,-30,6,0,5.273275456552729
1752,2404301,417315.0,3385530.0,30,60,3,3,2585.0,12.2,529,0,5,417630,3385595,532,102,10,-104.5,559,315.0,65.0,321.6364407215078,3,18.340707346477018,-27,6,0,4.798484652529706
1753,2404301,417315.0,3385530.0,30,60,3,3,2585.0,12.2,529,0,5,417710,3385515,530,0,5,-98.78,559,395.0,-15.0,395.28470752104744,1,32.174744114610064,-29,6,0,4.1959784250470555
1754,2404301,417315.0,3385530.0,30,60,3,3,2585.0,12.2,529,0,5,417775,3385420,525,0,10,-101.33,559,460.0,-110.0,472.96934361541867,-4,43.44861505168649,-34,6,0,4.1117067747973
1755,2404301,417315.0,3385530.0,30,60,3,3,2585.0,12.2,529,0,5,417795,3385440,526,0,5,-91.0,559,480.0,-90.0,488.3646178829912,-3,40.61965527615513,-33,6,0,3.865740374208761
1756,2404301,417315.0,3385530.0,30,60,3,3,2585.0,12.2,529,0,5,417705,3385510,530,0,5,-97.67,559,390.0,-20.0,390.51248379533274,1,32.93567344642116,-29,6,0,4.247068517158876
1757,2404301,417315.0,3385530.0,30,60,3,3,2585.0,12.2,529,0,5,417760,3385405,524,0,10,-105.83,559,445.0,-125.0,462.22288995678264,-5,45.68999292908387,-35,6,0,4.330232832316047
1758,2404301,417315.0,3385530.0,30,60,3,3,2585.0,12.2,529,0,5,417480,3385650,530,0,5,-96.0,559,165.0,120.0,204.02205763103166,1,-6.027373385103601,-29,6,0,8.089914726175913
1759,2404301,417315.0,3385530.0,30,60,3,3,2585.0,12.2,529,0,5,417440,3385610,528,102,5,-94.67,559,125.0,80.0,148.4082207965583,-1,-2.619243071192841,-31,6,0,11.798486022382747
1760,2404301,417315.0,3385530.0,30,60,3,3,2585.0,12.2,529,0,5,417325,3385805,529,0,5,-100.0,559,10.0,275.0,275.1817581163403,0,-57.917434720269114,-30,6,0,6.221749152501245
1761,2404301,417315.0,3385530.0,30,60,3,3,2585.0,12.2,529,0,5,417490,3385660,530,0,5,-96.5,559,175.0,130.0,218.0022935659164,1,-6.607074812607493,-29,6,0,7.577348294658722
1762,2404301,417315.0,3385530.0,30,60,3,3,2585.0,12.2,529,0,5,417470,3385640,529,0,10,-98.5,559,155.0,110.0,190.06577808748213,0,-5.36246188706906,-30,6,0,8.969571857438332
1763,2404301,417315.0,3385530.0,30,60,3,3,2585.0,12.2,529,0,5,417475,3385635,529,0,5,-99.76,559,160.0,105.0,191.3765920900464,0,-3.2748879848348906,-30,6,0,8.909124522828403
1764,2404301,417315.0,3385530.0,30,60,3,3,2585.0,12.2,529,0,5,417455,3385615,528,0,5,-100.45,559,140.0,85.0,163.783393541592,-1,-1.2637316943774408,-31,6,0,10.717835264249452
1765,2404301,417315.0,3385530.0,30,60,3,3,2585.0,12.2,529,0,5,417465,3385625,529,0,10,-98.5,559,150.0,95.0,177.55280904564702,0,-2.347443499442022,-30,6,0,9.590334006159532
1766,2404301,417315.0,3385530.0,30,60,3,3,2585.0,12.2,529,0,5,417485,3385645,530,102,5,-92.25,559,170.0,115.0,205.24375751773792,1,-4.077195280130752,-29,6,0,8.042391920378329
1767,2404301,417315.0,3385530.0,30,60,3,3,2585.0,12.2,529,0,5,417445,3385605,528,0,5,-96.64,559,130.0,75.0,150.08331019803634,-1,0.01836063115069919,-31,6,0,11.670433997859083
1768,2404301,417315.0,3385530.0,30,60,3,3,2585.0,12.2,529,0,5,417460,3385630,529,0,10,-98.75,559,145.0,100.0,176.13914953808538,0,-4.592288687509949,-30,6,0,9.66585772832905
1769,2404301,417315.0,3385530.0,30,60,3,3,2585.0,12.2,529,0,5,417450,3385620,528,102,10,-95.0,559,135.0,90.0,162.24980739587951,-1,-3.690067525979771,-31,6,0,10.816761108532715
1770,2404301,417315.0,3385530.0,30,60,3,3,2585.0,12.2,529,0,5,417580,3385585,530,0,5,-115.0,559,265.0,55.0,270.64737205448716,1,18.274887984834947,-29,6,0,6.115936240106421
1771,2404301,417315.0,3385530.0,30,60,3,3,2585.0,12.2,529,0,5,417500,3385505,524,0,6,-97.0,559,185.0,-25.0,186.6815470259447,-5,37.69605172201659,-35,6,0,10.618828036780885
1772,2404301,417315.0,3385530.0,30,60,3,3,2585.0,12.2,529,0,5,417445,3385450,524,0,10,-103.0,559,130.0,-80.0,152.64337522473747,-5,61.60750224624894,-35,6,0,12.914265194816144
1773,2404301,417315.0,3385530.0,30,60,3,3,2585.0,12.2,529,0,5,417385,3385390,527,0,5,-94.5,559,70.0,-140.0,156.52475842498527,-2,93.43494882292202,-32,6,0,11.55435875894292
1774,2404301,417315.0,3385530.0,30,60,3,3,2585.0,12.2,529,0,5,417305,3385310,527,0,5,-93.0,559,-10.0,-220.0,220.22715545545242,-2,122.6025622024998,-32,6,0,8.26747463209003
1775,2404301,417315.0,3385530.0,30,60,3,3,2585.0,12.2,529,0,5,417310,3385315,527,102,5,-98.5,559,-5.0,-215.0,215.05813167606567,-2,121.33221985386965,-32,6,0,8.46334239081536
1776,2404301,417315.0,3385530.0,30,60,3,3,2585.0,12.2,529,0,5,417440,3385445,524,0,10,-100.67,559,125.0,-85.0,151.16216457830973,-5,64.2157021324374,-35,6,0,13.036507118391892
1777,2404301,417315.0,3385530.0,30,60,3,3,2585.0,12.2,529,0,5,417450,3385455,524,0,10,-94.33,559,135.0,-75.0,154.434452114805,-5,59.05460409907715,-35,6,0,12.769427904669373
1778,2404301,417315.0,3385530.0,30,60,3,3,2585.0,12.2,529,0,5,417475,3385480,524,0,5,-87.73,559,160.0,-50.0,167.6305461424021,-5,47.35402463626133,-35,6,0,11.79350031152836
1779,2404301,417315.0,3385530.0,30,60,3,3,2585.0,12.2,529,0,5,417480,3385485,524,0,5,-92.75,559,165.0,-45.0,171.0263137648707,-5,45.2551187030578,-35,6,0,11.565708076133154
1780,2404301,417315.0,3385530.0,30,60,3,3,2585.0,12.2,529,0,5,417595,3385600,531,0,5,-118.33,559,280.0,70.0,288.61739379323626,2,15.963756532073546,-28,6,0,5.541166443639222
1781,2404301,417315.0,3385530.0,30,60,3,3,2585.0,12.2,529,0,5,417485,3385490,524,0,6,-95.86,559,170.0,-40.0,174.64249196572982,-5,43.24051991518718,-35,6,0,11.332486338180555
1782,2404301,417315.0,3385530.0,30,60,3,3,2585.0,12.2,529,0,5,417465,3385470,524,0,5,-97.86,559,150.0,-60.0,161.55494421403512,-5,51.801409486351815,-35,6,0,12.223912912057274
1783,2404301,417315.0,3385530.0,30,60,3,3,2585.0,12.2,529,0,5,417460,3385465,524,0,5,-92.93,559,145.0,-65.0,158.90248582070703,-5,54.14554196042167,-35,6,0,12.421674549638984
1784,2404301,417315.0,3385530.0,30,60,3,3,2585.0,12.2,529,0,5,417345,3385350,528,0,5,-87.0,559,30.0,-180.0,182.4828759089466,-1,110.53767779197437,-31,6,0,9.641304535211844
1785,2404301,417315.0,3385530.0,30,60,3,3,2585.0,12.2,529,0,5,417565,3385570,528,0,10,-112.25,559,250.0,40.0,253.17977802344325,-1,20.909723079177695,-31,6,0,6.980699447747205
1786,2404301,417315.0,3385530.0,30,60,3,3,2585.0,12.2,529,0,5,417470,3385475,524,0,5,-92.63,559,155.0,-55.0,164.46884203398528,-5,49.53665493812838,-35,6,0,12.013687807268688
1787,2404301,417315.0,3385530.0,30,60,3,3,2585.0,12.2,529,0,5,417550,3385555,527,0,5,-106.0,559,235.0,25.0,236.32604596192948,-2,23.92754359279229,-32,6,0,7.711300695034164
1788,2404301,417315.0,3385530.0,30,60,3,3,2585.0,12.2,529,0,5,417455,3385460,524,0,10,-91.67,559,140.0,-70.0,156.52475842498527,-5,56.565051177077976,-35,6,0,12.604382648379184
1789,2404301,417315.0,3385530.0,30,60,3,3,2585.0,12.2,529,0,5,417410,3385415,525,0,10,-106.75,559,95.0,-115.0,149.164338901763,-4,80.44033203100548,-34,6,0,12.84042527715791
1790,2404301,417315.0,3385530.0,30,60,3,3,2585.0,12.2,529,0,5,417560,3385565,528,0,10,-111.0,559,245.0,35.0,247.48737341529164,-1,21.86989764584405,-31,6,0,7.139622422761758
1791,2404301,417315.0,3385530.0,30,60,3,3,2585.0,12.2,529,0,5,417450,3385610,528,0,5,-91.6,559,135.0,80.0,156.92354826475216,-1,-0.6506679570528604,-31,6,0,11.174806682433848
1792,2404301,417315.0,3385530.0,30,60,3,3,2585.0,12.2,529,0,5,417455,3385605,528,0,5,-99.55,559,140.0,75.0,158.8238017426859,-1,1.8214098900408544,-31,6,0,11.044411826857248
1793,2404301,417315.0,3385530.0,30,60,3,3,2585.0,12.2,529,0,5,417470,3385630,529,0,10,-97.43,559,155.0,100.0,184.45866745696716,0,-2.8285417914125333,-30,6,0,9.237592877053537
1794,2404301,417315.0,3385530.0,30,60,3,3,2585.0,12.2,529,0,5,417445,3385615,528,0,5,-96.3,559,130.0,85.0,155.32224567009067,-1,-3.1785116593927114,-31,6,0,11.287070835604876
1795,2404301,417315.0,3385530.0,30,60,3,3,2585.0,12.2,529,0,5,417475,3385625,529,0,5,-100.47,559,160.0,95.0,186.07794065928394,0,-0.6997225508143856,-30,6,0,9.158574354935928
1796,2404301,417315.0,3385530.0,30,60,3,3,2585.0,12.2,529,0,5,417485,3385655,530,102,5,-96.0,559,170.0,125.0,211.00947846009194,1,-6.326825952120203,-29,6,0,7.8253979925035475
1797,2404301,417315.0,3385530.0,30,60,3,3,2585.0,12.2,529,0,5,417465,3385635,529,0,10,-102.78,559,150.0,105.0,183.09833423600554,0,-4.9920201985586345,-30,6,0,9.305027682630422
1798,2404301,417315.0,3385530.0,30,60,3,3,2585.0,12.2,529,0,5,417460,3385640,529,0,10,-105.38,559,145.0,110.0,182.00274723201295,0,-7.184706453233105,-30,6,0,9.360052015333332
1799,2404301,417315.0,3385530.0,30,60,3,3,2585.0,12.2,529,0,5,417500,3385760,532,0,5,-97.0,559,185.0,230.0,295.16944286290885,3,-21.188615963241602,-27,6,0,5.22646542217144
1800,2404301,417315.0,3385530.0,30,60,3,3,2585.0,12.2,529,0,5,417505,3385755,532,0,5,-99.0,559,190.0,225.0,294.49108645254444,3,-19.820766078092674,-27,6,0,5.2384376155791665
1801,2404301,417315.0,3385530.0,30,60,3,3,2585.0,12.2,529,0,5,417445,3385695,531,0,10,-84.0,559,130.0,165.0,210.05951537600004,2,-21.76617482255307,-28,6,0,7.592516711951646
1802,2404301,417315.0,3385530.0,30,60,3,3,2585.0,12.2,529,0,5,417520,3385620,529,0,5,-105.89,559,205.0,90.0,223.8861317723811,0,6.297354049033743,-30,6,0,7.6319836190897
1803,2404301,417315.0,3385530.0,30,60,3,3,2585.0,12.2,529,0,5,417450,3385690,531,0,10,-97.0,559,135.0,160.0,209.34421415458323,2,-19.844000375080668,-28,6,0,7.618155158573209
1804,2404301,417315.0,3385530.0,30,60,3,3,2585.0,12.2,529,0,5,417510,3385750,533,0,5,-93.44,559,195.0,220.0,293.981291921782,4,-18.44738685186519,-26,6,0,5.054145994524283
1805,2404301,417315.0,3385530.0,30,60,3,3,2585.0,12.2,529,0,5,417515,3385745,533,111,5,-93.71,559,200.0,215.0,293.64093720052045,4,-17.0700306530411,-26,6,0,5.059973783302659
1806,2404301,417315.0,3385530.0,30,60,3,3,2585.0,12.2,529,0,5,417360,3385780,530,0,5,-95.0,559,45.0,250.0,254.01771591761076,1,-49.7960262782683,-29,6,0,6.512989432710249
1807,2404301,417315.0,3385530.0,30,60,3,3,2585.0,12.2,529,0,5,417460,3385720,531,0,5,-90.58,559,145.0,190.0,239.0083680543424,2,-22.650650955359424,-28,6,0,6.681784739879885
1808,2404301,417315.0,3385530.0,30,60,3,3,2585.0,12.2,529,0,5,417525,3385615,529,102,5,-106.55,559,210.0,85.0,226.55021518418383,0,7.963773059854589,-30,6,0,7.543275954036197
1809,2404301,417315.0,3385530.0,30,60,3,3,2585.0,12.2,529,0,5,417530,3385610,529,102,5,-101.0,559,215.0,80.0,229.40139493908924,0,9.590117166196023,-30,6,0,7.450582063032887
1810,2404301,417315.0,3385530.0,30,60,3,3,2585.0,12.2,529,0,5,417455,3385685,531,0,10,-91.75,559,140.0,155.0,208.86598574205422,2,-17.91083782616778,-28,6,0,7.63539246111948
1811,2404301,417315.0,3385530.0,30,60,3,3,2585.0,12.2,529,0,5,417475,3385705,532,0,5,-92.71,559,160.0,175.0,237.11811402758752,3,-17.563770211465,-27,6,0,6.4961364849243175
1812,2404301,417315.0,3385530.0,30,60,3,3,2585.0,12.2,529,0,5,417465,3385715,531,0,10,-88.75,559,150.0,185.0,238.17010727629108,2,-20.9644871012531,-28,6,0,6.705088117953531
1813,2404301,417315.0,3385530.0,30,60,3,3,2585.0,12.2,529,0,5,417485,3385735,532,0,5,-94.71,559,170.0,205.0,266.3174797117155,3,-20.332158881659552,-27,6,0,5.789024003378048
1814,2404301,417315.0,3385530.0,30,60,3,3,2585.0,12.2,529,0,5,417480,3385740,532,0,6,-96.5,559,165.0,210.0,267.0674072214728,3,-21.842773412630947,-27,6,0,5.772878320421866
1815,2404301,417315.0,3385530.0,30,60,3,3,2585.0,12.2,529,0,5,417380,3385800,530,102,5,-103.8,559,65.0,270.0,277.71388153997634,1,-46.46414363086575,-29,6,0,5.961449664078363
1816,2404301,417315.0,3385530.0,30,60,3,3,2585.0,12.2,529,0,5,417365,3385775,530,0,5,-109.5,559,50.0,245.0,250.04999500099976,1,-48.46537934635529,-29,6,0,6.615426674763077
1817,2404301,417315.0,3385530.0,30,60,3,3,2585.0,12.2,529,0,5,417490,3385730,532,0,5,-93.08,559,175.0,200.0,265.75364531836624,3,-18.814074834290352,-27,6,0,5.80122256380943
1818,2404301,417315.0,3385530.0,30,60,3,3,2585.0,12.2,529,0,5,417495,3385725,532,0,5,-93.38,559,180.0,195.0,265.37709019431196,3,-17.290610042638548,-27,6,0,5.809397909732975
1819,2404301,417315.0,3385530.0,30,60,3,3,2585.0,12.2,529,0,5,417440,3385700,531,0,5,-83.75,559,125.0,170.0,211.00947846009194,2,-23.673174047879797,-28,6,0,7.558731356937154
1820,2404301,417315.0,3385530.0,30,60,3,3,2585.0,12.2,529,0,5,417470,3385710,532,0,10,-89.25,559,155.0,180.0,237.53947040439405,3,-19.26789330029078,-27,6,0,6.484711634059802
1821,2404301,417315.0,3385530.0,30,60,3,3,2585.0,12.2,529,0,5,417385,3385435,526,0,5,-90.5,559,70.0,-95.0,118.00423721205946,-3,83.61564818416412,-33,6,0,15.623700957838146
1822,2404301,417315.0,3385530.0,30,60,3,3,2585.0,12.2,529,0,5,417440,3385500,523,0,5,-90.33,559,125.0,-30.0,128.5496013218244,-6,43.49573328079583,-36,6,0,15.644772401127122
1823,2404301,417315.0,3385530.0,30,60,3,3,2585.0,12.2,529,0,5,417445,3385495,523,0,5,-89.0,559,130.0,-35.0,134.6291201783626,-6,45.06848815949223,-36,6,0,14.970706229945181
1824,2404301,417315.0,3385530.0,30,60,3,3,2585.0,12.2,529,0,5,417470,3385510,524,0,6,-97.25,559,155.0,-20.0,156.28499608087785,-5,37.35237935989238,-35,6,0,12.62310025363539
1825,2404301,417315.0,3385530.0,30,60,3,3,2585.0,12.2,529,0,5,417485,3385455,524,0,6,-92.75,559,170.0,-75.0,185.80904176062046,-5,53.80594351845775,-35,6,0,10.667549193727742
1826,2404301,417315.0,3385530.0,30,60,3,3,2585.0,12.2,529,0,5,417515,3385465,524,0,6,-80.5,559,200.0,-65.0,210.2974084481309,-5,48.004161605913396,-35,6,0,9.449181821771278
1827,2404301,417315.0,3385530.0,30,60,3,3,2585.0,12.2,529,0,5,417540,3385600,529,0,5,-107.5,559,225.0,70.0,235.63743335896356,0,12.71850162818339,-30,6,0,7.255535012993002
1828,2404301,417315.0,3385530.0,30,60,3,3,2585.0,12.2,529,0,5,417480,3385460,524,0,5,-96.57,559,165.0,-70.0,179.2344832893492,-5,52.98871680208066,-35,6,0,11.049383144781983
1829,2404301,417315.0,3385530.0,30,60,3,3,2585.0,12.2,529,0,5,417455,3385485,524,0,7,-91.89,559,140.0,-45.0,147.05441169852742,-5,47.818888914522745,-35,6,0,13.387720823942844
1830,2404301,417315.0,3385530.0,30,60,3,3,2585.0,12.2,529,0,5,417295,3385325,527,0,10,-96.0,559,-20.0,-205.0,205.9732992404598,-2,125.5721978039638,-32,6,0,8.830871246445271
1831,2404301,417315.0,3385530.0,30,60,3,3,2585.0,12.2,529,0,5,417395,3385425,526,0,10,-95.75,559,80.0,-105.0,132.00378782444085,-3,82.69605172201659,-33,6,0,14.035856622128302
1832,2404301,417315.0,3385530.0,30,60,3,3,2585.0,12.2,529,0,5,417450,3385490,523,0,5,-91.93,559,135.0,-40.0,140.80127840328723,-6,46.50436138175502,-36,6,0,14.342101182207593
1833,2404301,417315.0,3385530.0,30,60,3,3,2585.0,12.2,529,0,5,417460,3385520,523,0,6,-94.4,559,145.0,-10.0,145.34441853748632,-6,33.945186229037574,-36,6,0,13.911474805949872
1834,2404301,417315.0,3385530.0,30,60,3,3,2585.0,12.2,529,0,5,417510,3385470,524,0,6,-104.0,559,195.0,-60.0,204.02205763103166,-5,47.10272896905235,-35,6,0,9.73434150421549
1835,2404301,417315.0,3385530.0,30,60,3,3,2585.0,12.2,529,0,5,417520,3385580,527,0,10,-103.33,559,205.0,50.0,211.00947846009194,-2,16.2930389959202,-32,6,0,8.62331040566207
1836,2404301,417315.0,3385530.0,30,60,3,3,2585.0,12.2,529,0,5,417490,3385450,524,0,6,-91.33,559,175.0,-80.0,192.41881404893857,-5,54.56717132060135,-35,6,0,10.30910110843355
1837,2404301,417315.0,3385530.0,30,60,3,3,2585.0,12.2,529,0,5,417465,3385515,524,0,6,-102.25,559,150.0,-15.0,150.74813431681335,-5,35.71059313749964,-35,6,0,13.071084084260606
1838,2404301,417315.0,3385530.0,30,60,3,3,2585.0,12.2,529,0,5,417445,3385680,530,0,10,-86.5,559,130.0,150.0,198.4943324127921,1,-19.085616779974885,-29,6,0,8.312098891879364
1839,2404301,417315.0,3385530.0,30,60,3,3,2585.0,12.2,529,0,5,417350,3385765,530,0,5,-106.0,559,35.0,235.0,237.59208741033444,1,-51.52885536698517,-29,6,0,6.958982241482409
1840,2404301,417315.0,3385530.0,30,60,3,3,2585.0,12.2,529,0,5,417465,3385660,530,102,5,-88.0,559,150.0,130.0,198.4943324127921,1,-10.914383220025115,-29,6,0,8.312098891879364
1841,2404301,417315.0,3385530.0,30,60,3,3,2585.0,12.2,529,0,5,417450,3385665,530,0,5,-111.0,559,135.0,135.0,190.91883092036784,1,-15.0,-29,6,0,8.637034981203884
1842,2404301,417315.0,3385530.0,30,60,3,3,2585.0,12.2,529,0,5,417485,3385640,530,0,5,-98.33,559,170.0,110.0,202.48456731316588,1,-2.9052429229878953,-29,6,0,8.150520136414713
1843,2404301,417315.0,3385530.0,30,60,3,3,2585.0,12.2,529,0,5,417500,3385615,529,0,5,-91.0,559,185.0,85.0,203.59273071502332,0,5.3231368296629284,-30,6,0,8.382383795267424
1844,2404301,417315.0,3385530.0,30,60,3,3,2585.0,12.2,529,0,5,417460,3385655,530,0,5,-92.25,559,145.0,125.0,191.44189719076647,1,-10.763605200941129,-29,6,0,8.613790929603976
1845,2404301,417315.0,3385530.0,30,60,3,3,2585.0,12.2,529,0,5,417355,3385770,530,0,5,-99.0,559,40.0,240.0,243.3105012119288,1,-50.537677791974374,-29,6,0,6.796976790245019
1846,2404301,417315.0,3385530.0,30,60,3,3,2585.0,12.2,529,0,5,417345,3385780,530,0,10,-100.75,559,30.0,250.0,251.79356624028344,1,-53.15722658736905,-29,6,0,6.570019332861599
1847,2404301,417315.0,3385530.0,30,60,3,3,2585.0,12.2,529,0,5,417490,3385625,529,0,5,-98.9,559,175.0,95.0,199.12307751739877,0,1.504361381755018,-30,6,0,8.567778077422442
1848,2404301,417315.0,3385530.0,30,60,3,3,2585.0,12.2,529,0,5,417335,3385790,530,0,10,-112.0,559,20.0,260.0,260.76809620810593,1,-55.60129464500449,-29,6,0,6.345784168375089
1849,2404301,417315.0,3385530.0,30,60,3,3,2585.0,12.2,529,0,5,417440,3385675,530,0,10,-94.11,559,125.0,145.0,191.44189719076647,1,-19.236394799058814,-29,6,0,8.613790929603976
1850,2404301,417315.0,3385530.0,30,60,3,3,2585.0,12.2,529,0,5,417470,3385645,530,0,5,-101.6,559,155.0,115.0,193.00259065618783,1,-6.573030978519341,-29,6,0,8.545168886117278
1851,2404301,417315.0,3385530.0,30,60,3,3,2585.0,12.2,529,0,5,417495,3385630,529,0,5,-96.75,559,180.0,100.0,205.91260281974002,0,0.945395900922847,-30,6,0,8.289264974924901
1852,2404301,417315.0,3385530.0,30,60,3,3,2585.0,12.2,529,0,5,417520,3385755,533,111,5,-98.75,559,205.0,225.0,304.38462510448846,4,-17.66300076606717,-26,6,0,4.882253765693565
1853,2404301,417315.0,3385530.0,30,60,3,3,2585.0,12.2,529,0,5,417325,3385800,529,0,5,-97.33,559,10.0,270.0,270.1851217221259,0,-57.87890360333853,-30,6,0,6.335883000148896
1854,2404301,417315.0,3385530.0,30,60,3,3,2585.0,12.2,529,0,5,417505,3385620,529,0,5,-98.2,559,190.0,90.0,210.23796041628637,0,4.653824058053317,-30,6,0,8.121023018307648
1855,2404301,417315.0,3385530.0,30,60,3,3,2585.0,12.2,529,0,5,417480,3385635,529,0,5,-97.13,559,165.0,105.0,195.57607215607945,0,-2.471192290848478,-30,6,0,8.720796928163413
1856,2404301,417315.0,3385530.0,30,60,3,3,2585.0,12.2,529,0,5,417475,3385650,530,0,5,-98.67,559,160.0,120.0,200.0,1,-6.869897645844048,-29,6,0,8.250387228905499
1857,2404301,417315.0,3385530.0,30,60,3,3,2585.0,12.2,529,0,5,417455,3385670,530,0,5,-100.4,559,140.0,140.0,197.9898987322333,1,-15.0,-29,6,0,8.3329792467958
1858,2404301,417315.0,3385530.0,30,60,3,3,2585.0,12.2,529,0,5,417515,3385610,529,102,5,-103.0,559,200.0,80.0,215.40659228538016,0,8.198590513648185,-30,6,0,7.9286689116529825
1859,2404301,417315.0,3385530.0,30,60,3,3,2585.0,12.2,529,0,5,417470,3385530,524,0,6,-91.67,559,155.0,0.0,155.0,-5,30.0,-35,6,0,12.724355685422369
1860,2404301,417315.0,3385530.0,30,60,3,3,2585.0,12.2,529,0,5,417450,3385550,525,0,6,-97.67,559,135.0,20.0,136.4734406395618,-4,21.57303097851934,-34,6,0,13.989465685130197
1861,2404301,417315.0,3385530.0,30,60,3,3,2585.0,12.2,529,0,5,417285,3385395,529,0,5,-85.0,559,-30.0,-135.0,138.2931668593933,0,132.52880770915152,-30,6,0,12.239558297776561
1862,2404301,417315.0,3385530.0,30,60,3,3,2585.0,12.2,529,0,5,417355,3385405,527,0,10,-97.0,559,40.0,-125.0,131.24404748406687,-2,102.25532837494302,-32,6,0,13.702534180193448
1863,2404301,417315.0,3385530.0,30,60,3,3,2585.0,12.2,529,0,5,417320,3385440,529,0,5,-91.5,559,5.0,-90.0,90.13878188659973,0,116.82016988013572,-30,6,0,18.408480170585843
1864,2404301,417315.0,3385530.0,30,60,3,3,2585.0,12.2,529,0,5,417460,3385540,524,0,6,-93.0,559,145.0,10.0,145.34441853748632,-5,26.054813770962426,-35,6,0,13.539462086049529
1865,2404301,417315.0,3385530.0,30,60,3,3,2585.0,12.2,529,0,5,417340,3385420,528,0,5,-86.25,559,25.0,-110.0,112.80514172678478,-1,107.19573393471319,-31,6,0,15.36613891934063
1866,2404301,417315.0,3385530.0,30,60,3,3,2585.0,12.2,529,0,5,417510,3385570,527,0,5,-91.67,559,195.0,40.0,199.06029237394384,-2,18.407824589708923,-32,6,0,9.132468080873283
1867,2404301,417315.0,3385530.0,30,60,3,3,2585.0,12.2,529,0,5,417505,3385575,527,0,5,-106.5,559,190.0,45.0,195.25624189766637,-2,16.675468738109203,-32,6,0,9.30730545938537
1868,2404301,417315.0,3385530.0,30,60,3,3,2585.0,12.2,529,0,5,417325,3385435,528,0,5,-91.0,559,10.0,-95.0,95.524865872714,-1,113.99099404250546,-31,6,0,17.979430303888527
1869,2404301,417315.0,3385530.0,30,60,3,3,2585.0,12.2,529,0,5,417440,3385560,525,0,6,-84.5,559,125.0,30.0,128.5496013218244,-4,16.504266719204168,-34,6,0,14.814885135584513
1870,2404301,417315.0,3385530.0,30,60,3,3,2585.0,12.2,529,0,5,417515,3385565,527,0,5,-99.0,559,200.0,35.0,203.03940504246953,-2,20.073754493348304,-32,6,0,8.956421992243502
1871,2404301,417315.0,3385530.0,30,60,3,3,2585.0,12.2,529,0,5,417590,3385490,526,0,6,-102.33,559,275.0,-40.0,277.89386463180506,-3,38.27589282707521,-33,6,0,6.772181024109252
1872,2404301,417315.0,3385530.0,30,60,3,3,2585.0,12.2,529,0,5,417475,3385525,524,0,7,-93.67,559,160.0,-5.0,160.0781059358212,-5,31.78991060824609,-35,6,0,12.333251044177262
1873,2404301,417315.0,3385530.0,30,60,3,3,2585.0,12.2,529,0,5,417280,3385400,529,0,5,-98.5,559,-35.0,-130.0,134.6291201783626,0,135.0684881594922,-30,6,0,12.562228295302136
1874,2404301,417315.0,3385530.0,30,60,3,3,2585.0,12.2,529,0,5,417575,3385505,526,0,6,-90.5,559,260.0,-25.0,261.1991577321795,-3,35.492324557127404,-33,6,0,7.200620257937182
1875,2404301,417315.0,3385530.0,30,60,3,3,2585.0,12.2,529,0,5,417495,3385585,527,0,5,-101.86,559,180.0,55.0,188.2153022471871,-2,13.009176708013854,-32,6,0,9.649050847390344
1876,2404301,417315.0,3385530.0,30,60,3,3,2585.0,12.2,529,0,5,417480,3385600,528,0,5,-96.07,559,165.0,70.0,179.2344832893492,-1,7.011283197919397,-31,6,0,9.81267317070416
1877,2404301,417315.0,3385530.0,30,60,3,3,2585.0,12.2,529,0,5,417465,3385535,524,0,6,-100.5,559,150.0,5.0,150.08331019803634,-5,28.090847567003607,-35,6,0,13.12698423080244
1878,2404301,417315.0,3385530.0,30,60,3,3,2585.0,12.2,529,0,5,417490,3385590,527,0,5,-95.0,559,175.0,60.0,185.0,-2,11.075355583948749,-32,6,0,9.813517859254615
1879,2404301,417315.0,3385530.0,30,60,3,3,2585.0,12.2,529,0,5,417500,3385580,527,0,5,-103.0,559,185.0,50.0,191.637678967368,-2,14.875992691689476,-32,6,0,9.479887792174072
1880,2404301,417315.0,3385530.0,30,60,3,3,2585.0,12.2,529,0,5,417290,3385390,529,0,5,-97.67,559,-25.0,-140.0,142.21462653327893,0,130.1246716553978,-30,6,0,11.911833437178101
1881,2404301,417315.0,3385530.0,30,60,3,3,2585.0,12.2,529,0,5,417485,3385595,528,0,10,-94.0,559,170.0,65.0,182.00274723201295,-1,9.075498255078855,-31,6,0,9.666259326894458
1882,2404301,417315.0,3385530.0,30,60,3,3,2585.0,12.2,529,0,5,417215,3385615,531,0,5,-100.67,559,-100.0,85.0,131.24404748406687,2,250.36453657309733,-28,6,0,12.04310538325877
1883,2404301,417315.0,3385530.0,30,60,3,3,2585.0,12.2,529,0,5,417225,3385625,531,0,5,-102.64,559,-90.0,95.0,130.86252328302402,2,256.54815769897795,-28,6,0,12.077187166784897
1884,2404301,417315.0,3385530.0,30,60,3,3,2585.0,12.2,529,0,5,417230,3385640,531,0,10,-99.0,559,-85.0,110.0,139.01438774457844,2,262.30575953331083,-28,6,0,11.38803173976809
1885,2404301,417315.0,3385530.0,30,60,3,3,2585.0,12.2,529,0,5,417220,3385630,531,0,5,-106.25,559,-95.0,100.0,137.93114224133723,2,256.4688007143858,-28,6,0,11.475104279618305
1886,2404301,417315.0,3385530.0,30,60,3,3,2585.0,12.2,529,0,5,417235,3385635,531,0,5,-100.13,559,-80.0,105.0,132.00378782444085,2,262.6960517220166,-28,6,0,11.975798713368071
1887,2404301,417315.0,3385530.0,30,60,3,3,2585.0,12.2,529,0,5,417245,3385645,531,0,10,-99.86,559,-70.0,115.0,134.6291201783626,2,268.6713071321958,-28,6,0,11.748818101934155
1888,2404301,417315.0,3385530.0,30,60,3,3,2585.0,12.2,529,0,5,417270,3385680,530,0,6,-98.0,559,-45.0,150.0,156.60459763365824,1,283.3007557660064,-29,6,0,10.49117583981824
1889,2404301,417315.0,3385530.0,30,60,3,3,2585.0,12.2,529,0,5,417265,3385665,530,0,6,-94.67,559,-50.0,135.0,143.96180048887967,1,279.67686317033707,-29,6,0,11.389371171966012
1890,2404301,417315.0,3385530.0,30,60,3,3,2585.0,12.2,529,0,5,417240,3385650,530,0,5,-101.67,559,-75.0,120.0,141.50971698084905,1,267.9946167919165,-29,6,0,11.581437970825977
1891,2404301,417315.0,3385530.0,30,60,3,3,2585.0,12.2,529,0,5,417355,3385410,527,0,10,-92.0,559,40.0,-120.0,126.49110640673517,-2,101.56505117707798,-32,6,0,14.196947417484148
1892,2404301,417315.0,3385530.0,30,60,3,3,2585.0,12.2,529,0,5,417445,3385560,525,0,6,-96.5,559,130.0,30.0,133.41664064126334,-4,17.005383208083515,-34,6,0,14.296985558771674
1893,2404301,417315.0,3385530.0,30,60,3,3,2585.0,12.2,529,0,5,417450,3385545,524,0,6,-94.33,559,135.0,15.0,135.83077707206124,-5,23.65980825409008,-35,6,0,14.449290665921387
1894,2404301,417315.0,3385530.0,30,60,3,3,2585.0,12.2,529,0,5,417525,3385480,524,0,6,-106.0,559,210.0,-50.0,215.87033144922904,-5,43.392497753751115,-35,6,0,9.209474911988634
1895,2404301,417315.0,3385530.0,30,60,3,3,2585.0,12.2,529,0,5,417340,3385415,528,0,5,-96.0,559,25.0,-115.0,117.6860229593982,-1,107.73522627210764,-31,6,0,14.757218857407258
1896,2404301,417315.0,3385530.0,30,60,3,3,2585.0,12.2,529,0,5,417320,3385435,529,0,5,-101.0,559,5.0,-95.0,95.13148795220224,0,116.98721249581672,-30,6,0,17.50282509560716
1897,2404301,417315.0,3385530.0,30,60,3,3,2585.0,12.2,529,0,5,417325,3385440,529,0,5,-94.43,559,10.0,-90.0,90.55385138137417,0,113.65980825409008,-30,6,0,18.329753744074015
1898,2404301,417315.0,3385530.0,30,60,3,3,2585.0,12.2,529,0,5,417470,3385525,524,0,6,-106.33,559,155.0,-5.0,155.08062419270823,-5,31.847610265994604,-35,6,0,12.717955688231376
1899,2404301,417315.0,3385530.0,30,60,3,3,2585.0,12.2,529,0,5,417485,3385600,528,0,10,-99.0,559,170.0,70.0,183.84776310850236,-1,7.619864948040458,-31,6,0,9.571056359965004
1900,2404301,417315.0,3385530.0,30,60,3,3,2585.0,12.2,529,0,5,417490,3385585,527,0,5,-105.0,559,175.0,55.0,183.43936327844142,-2,12.552811576717772,-32,6,0,9.895364188662459
1901,2404301,417315.0,3385530.0,30,60,3,3,2585.0,12.2,529,0,5,417500,3385575,527,0,5,-105.0,559,185.0,45.0,190.3943276465977,-2,16.328692867804193,-32,6,0,9.540660813261125
1902,2404301,417315.0,3385530.0,30,60,3,3,2585.0,12.2,529,0,5,417440,3385555,525,0,6,-83.0,559,125.0,25.0,127.47548783981962,-4,18.69006752597977,-34,6,0,14.934160054292468
1903,2404301,417315.0,3385530.0,30,60,3,3,2585.0,12.2,529,0,5,417350,3385405,528,0,10,-95.25,559,35.0,-125.0,129.80754985747168,-1,104.35775354279122,-31,6,0,13.431522496718005
1904,2404301,417315.0,3385530.0,30,60,3,3,2585.0,12.2,529,0,5,417540,3385455,524,0,6,-93.0,559,225.0,-75.0,237.17082451262846,-5,48.434948822922024,-35,6,0,8.394718117507407
1905,2404301,417315.0,3385530.0,30,60,3,3,2585.0,12.2,529,0,5,417495,3385590,527,0,10,-100.5,559,180.0,60.0,189.73665961010275,-2,11.565051177077976,-32,6,0,9.573119780680821
1906,2404301,417315.0,3385530.0,30,60,3,3,2585.0,12.2,529,0,5,417465,3385540,524,0,6,-90.0,559,150.0,10.0,150.33296378372907,-5,26.185925165709648,-35,6,0,13.105937713876237
1907,2404301,417315.0,3385530.0,30,60,3,3,2585.0,12.2,529,0,5,417505,3385580,527,0,5,-100.0,559,190.0,50.0,196.468827043885,-2,15.256437163529256,-32,6,0,9.250857865980652
1908,2404301,417315.0,3385530.0,30,60,3,3,2585.0,12.2,529,0,5,417480,3385595,527,0,5,-95.56,559,165.0,65.0,177.341478509682,-2,8.49856567595208,-32,6,0,10.228548394534313
1909,2404301,417315.0,3385530.0,30,60,3,3,2585.0,12.2,529,0,5,417180,3385400,529,0,5,-103.0,559,-135.0,-130.0,187.41664813991312,0,166.08092418666067,-30,6,0,9.094252193379488
1910,2404301,417315.0,3385530.0,30,60,3,3,2585.0,12.2,529,0,5,417135,3385405,528,0,5,-109.0,559,-180.0,-125.0,219.14607000811125,-1,175.22216863363613,-31,6,0,8.051534360587494
1911,2404301,417315.0,3385530.0,30,60,3,3,2585.0,12.2,529,0,5,417075,3385710,526,6,6,-116.5,559,-240.0,180.0,300.0,-3,246.86989764584405,-33,6,0,6.2772984895975545
1912,2404301,417315.0,3385530.0,30,60,3,3,2585.0,12.2,529,0,5,417080,3385735,527,0,5,-93.33,559,-235.0,205.0,311.8493225902535,-2,251.0995062576181,-32,6,0,5.858823379678007
1913,2404301,417315.0,3385530.0,30,60,3,3,2585.0,12.2,529,0,5,417095,3385730,528,0,6,-100.33,559,-220.0,200.0,297.3213749463701,-1,252.27368900609372,-31,6,0,5.952395969607915
1914,2404301,417315.0,3385530.0,30,60,3,3,2585.0,12.2,529,0,5,417820,3385430,525,0,5,-103.5,559,505.0,-100.0,514.8057886232439,-4,41.200797787884426,-34,6,0,3.778573507891577
1915,2404301,417315.0,3385530.0,30,60,3,3,2585.0,12.2,529,0,5,417605,3385390,522,0,5,-98.0,559,290.0,-140.0,322.02484376209236,-7,55.7693276243387,-37,6,0,6.554426601034932
1916,2404301,417315.0,3385530.0,30,60,3,3,2585.0,12.2,529,0,5,417600,3385385,521,0,12,-90.5,559,285.0,-145.0,319.7655391063896,-8,56.965714432870186,-38,6,0,6.7770793320245675
1917,2404301,417315.0,3385530.0,30,60,3,3,2585.0,12.2,529,0,5,417630,3385375,521,0,5,-98.0,559,315.0,-155.0,351.0697936308392,-8,56.20011484134733,-38,6,0,6.177677695081354
1918,2404301,417315.0,3385530.0,30,60,3,3,2585.0,12.2,529,0,5,417610,3385395,522,0,5,-92.67,559,295.0,-135.0,324.4225639501667,-7,54.59011716619602,-37,6,0,6.506401497989329
1919,2404301,417315.0,3385530.0,30,60,3,3,2585.0,12.2,529,0,5,417440,3385565,525,0,6,-88.5,559,125.0,35.0,129.80754985747168,-4,14.357753542791272,-34,6,0,14.677543313659873
1920,2404301,417315.0,3385530.0,30,60,3,3,2585.0,12.2,529,0,5,417290,3385415,530,0,5,-89.0,559,-25.0,-115.0,117.6860229593982,1,132.2647737278924,-29,6,0,13.842941266265694
1921,2404301,417315.0,3385530.0,30,60,3,3,2585.0,12.2,529,0,5,417445,3385570,526,0,5,-83.5,559,130.0,40.0,136.01470508735443,-3,12.89727103094765,-33,6,0,13.637632549550801
1922,2404301,417315.0,3385530.0,30,60,3,3,2585.0,12.2,529,0,5,417280,3385405,530,0,5,-95.67,559,-35.0,-125.0,129.80754985747168,1,135.64224645720873,-29,6,0,12.593515351333481
1923,2404301,417315.0,3385530.0,30,60,3,3,2585.0,12.2,529,0,5,417295,3385420,529,0,5,-93.5,559,-20.0,-110.0,111.80339887498948,0,130.30484646876602,-30,6,0,15.020256666513818
1924,2404301,417315.0,3385530.0,30,60,3,3,2585.0,12.2,529,0,5,417565,3385450,524,0,6,-111.5,559,250.0,-80.0,262.48809496813374,-5,47.744671625056924,-35,6,0,7.594983799522053
1925,2404301,417315.0,3385530.0,30,60,3,3,2585.0,12.2,529,0,5,417515,3385560,526,0,5,-95.0,559,200.0,30.0,202.23748416156684,-3,21.469234390051838,-33,6,0,9.26753388033869
1926,2404301,417315.0,3385530.0,30,60,3,3,2585.0,12.2,529,0,5,417485,3385530,524,0,6,-100.67,559,170.0,0.0,170.0,-5,30.0,-35,6,0,11.633633998940438
1927,2404301,417315.0,3385530.0,30,60,3,3,2585.0,12.2,529,0,5,417595,3385480,526,0,6,-104.5,559,280.0,-50.0,284.42925306655786,-3,40.12467165539783,-33,6,0,6.617971568593197
1928,2404301,417315.0,3385530.0,30,60,3,3,2585.0,12.2,529,0,5,417470,3385595,527,0,5,-97.9,559,155.0,65.0,168.0773631397161,-2,7.249023657212376,-32,6,0,10.779450370251247
1929,2404301,417315.0,3385530.0,30,60,3,3,2585.0,12.2,529,0,5,417460,3385585,527,102,5,-95.22,559,145.0,55.0,155.08062419270823,-2,9.227745317954145,-32,6,0,11.659022013761225
1930,2404301,417315.0,3385530.0,30,60,3,3,2585.0,12.2,529,0,5,417455,3385580,526,102,5,-93.75,559,140.0,50.0,148.66068747318505,-3,10.346175941946683,-33,6,0,12.515692229431744
1931,2404301,417315.0,3385530.0,30,60,3,3,2585.0,12.2,529,0,5,417450,3385575,526,102,5,-95.75,559,135.0,45.0,142.30249470757707,-3,11.565051177077976,-33,6,0,13.056133692319438
1932,2404301,417315.0,3385530.0,30,60,3,3,2585.0,12.2,529,0,5,417480,3385525,524,0,6,-84.0,559,165.0,-5.0,165.07574019219177,-5,31.7357045889284,-35,6,0,11.970796097002989
1933,2404301,417315.0,3385530.0,30,60,3,3,2585.0,12.2,529,0,5,417560,3385445,524,0,6,-96.5,559,245.0,-85.0,259.3260495977988,-5,49.133643205905514,-35,6,0,7.686491259563254
1934,2404301,417315.0,3385530.0,30,60,3,3,2585.0,12.2,529,0,5,417315,3385440,529,0,5,-99.0,559,0.0,-90.0,90.0,0,120.0,-30,6,0,18.43494882292201
1935,2404301,417315.0,3385530.0,30,60,3,3,2585.0,12.2,529,0,5,417310,3385435,529,102,5,-95.33,559,-5.0,-95.0,95.13148795220224,0,123.01278750418334,-30,6,0,17.50282509560716
1936,2404301,417315.0,3385530.0,30,60,3,3,2585.0,12.2,529,0,5,417540,3385505,525,0,6,-101.5,559,225.0,-25.0,226.38462845343543,-4,36.34019174590992,-34,6,0,8.541236887808532
1937,2404301,417315.0,3385530.0,30,60,3,3,2585.0,12.2,529,0,5,417495,3385540,525,102,5,-98.17,559,180.0,10.0,180.27756377319946,-4,26.82016988013578,-34,6,0,10.680421033966617
1938,2404301,417315.0,3385530.0,30,60,3,3,2585.0,12.2,529,0,5,417300,3385425,529,102,5,-91.5,559,-15.0,-105.0,106.06601717798213,0,128.13010235415598,-30,6,0,15.793169048263962
1939,2404301,417315.0,3385530.0,30,60,3,3,2585.0,12.2,529,0,5,417340,3385385,528,0,5,-91.5,559,25.0,-145.0,147.13938969562162,-1,110.21759296819278,-31,6,0,11.89734059682065
1940,2404301,417315.0,3385530.0,30,60,3,3,2585.0,12.2,529,0,5,417465,3385590,527,0,5,-96.8,559,150.0,60.0,161.55494421403512,-2,8.198590513648185,-32,6,0,11.20384254681665
1941,2404301,417315.0,3385530.0,30,60,3,3,2585.0,12.2,529,0,5,417475,3385600,528,0,5,-95.68,559,160.0,70.0,174.64249196572982,-1,6.370622269343187,-31,6,0,10.065473945172295
1942,2404301,417315.0,3385530.0,30,60,3,3,2585.0,12.2,529,0,5,417510,3385555,526,0,5,-108.0,559,195.0,25.0,196.596032513375,-3,22.694240466689166,-33,6,0,9.52866144174741
1943,2404301,417315.0,3385530.0,30,60,3,3,2585.0,12.2,529,0,5,417490,3385535,525,0,5,-88.75,559,175.0,5.0,175.07141400011596,-4,28.363422958383296,-34,6,0,10.990401658718577
1944,2404301,417315.0,3385530.0,30,60,3,3,2585.0,12.2,529,0,5,417500,3385545,525,102,5,-96.5,559,185.0,15.0,185.60711193270586,-4,25.364536573097325,-34,6,0,10.380504035898893
1945,2404301,417315.0,3385530.0,30,60,3,3,2585.0,12.2,529,0,5,417505,3385760,532,0,5,-100.0,559,190.0,230.0,298.328677803526,3,-20.440332031005482,-27,6,0,5.171420000414343
1946,2404301,417315.0,3385530.0,30,60,3,3,2585.0,12.2,529,0,5,417465,3385720,531,0,10,-95.25,559,150.0,190.0,242.0743687382041,2,-21.709836807756915,-28,6,0,6.5979072723046785
1947,2404301,417315.0,3385530.0,30,60,3,3,2585.0,12.2,529,0,5,417460,3385715,531,0,10,-85.83,559,145.0,185.0,235.05318547086316,2,-21.91122711902466,-28,6,0,6.793175361721774
1948,2404301,417315.0,3385530.0,30,60,3,3,2585.0,12.2,529,0,5,417480,3385735,532,0,5,-95.0,559,165.0,205.0,263.1539473388153,3,-21.170175095029606,-27,6,0,5.85813620041316
1949,2404301,417315.0,3385530.0,30,60,3,3,2585.0,12.2,529,0,5,417445,3385700,531,0,5,-80.17,559,130.0,170.0,214.00934559032697,2,-22.59464336859145,-28,6,0,7.453976951069448
1950,2404301,417315.0,3385530.0,30,60,3,3,2585.0,12.2,529,0,5,417515,3385750,533,111,5,-93.25,559,200.0,220.0,297.3213749463701,4,-17.72631099390628,-26,6,0,4.997657319386567
1951,2404301,417315.0,3385530.0,30,60,3,3,2585.0,12.2,529,0,5,417500,3385755,532,0,5,-99.5,559,185.0,225.0,291.29023327259017,3,-20.572197803963775,-27,6,0,5.295674868256391
1952,2404301,417315.0,3385530.0,30,60,3,3,2585.0,12.2,529,0,5,417510,3385745,533,111,5,-92.62,559,195.0,215.0,290.25850547399983,4,-17.792702365713296,-26,6,0,5.118627072767002
1953,2404301,417315.0,3385530.0,30,60,3,3,2585.0,12.2,529,0,5,417490,3385725,532,0,5,-91.71,559,175.0,195.0,262.01145013147806,3,-18.094058058917085,-27,6,0,5.883501714809931
1954,2404301,417315.0,3385530.0,30,60,3,3,2585.0,12.2,529,0,5,417360,3385775,530,0,5,-100.0,559,45.0,245.0,249.09837414162303,1,-49.59228868750995,-29,6,0,6.640474048765795
1955,2404301,417315.0,3385530.0,30,60,3,3,2585.0,12.2,529,0,5,417475,3385710,532,0,5,-85.0,559,160.0,180.0,240.8318915758459,3,-18.36646066342979,-27,6,0,6.39679878912483
1956,2404301,417315.0,3385530.0,30,60,3,3,2585.0,12.2,529,0,5,417365,3385780,530,0,5,-100.25,559,50.0,250.0,254.95097567963924,1,-48.69006752597977,-29,6,0,6.4893520699652365
1957,2404301,417315.0,3385530.0,30,60,3,3,2585.0,12.2,529,0,5,417520,3385615,529,0,5,-105.88,559,205.0,85.0,221.92341021172146,0,7.479434397103091,-30,6,0,7.698675920319627
1958,2404301,417315.0,3385530.0,30,60,3,3,2585.0,12.2,529,0,5,417595,3385670,534,0,5,-111.5,559,280.0,140.0,313.04951684997053,5,3.434948822922024,-25,6,0,4.565926327196925
1959,2404301,417315.0,3385530.0,30,60,3,3,2585.0,12.2,529,0,5,417495,3385730,532,0,5,-94.08,559,180.0,200.0,269.0724809414742,3,-18.012787504183336,-27,6,0,5.730147334165948
1960,2404301,417315.0,3385530.0,30,60,3,3,2585.0,12.2,529,0,5,417375,3385770,530,0,5,-102.5,559,60.0,240.0,247.38633753705963,1,-45.963756532073546,-29,6,0,6.686014788129047
1961,2404301,417315.0,3385530.0,30,60,3,3,2585.0,12.2,529,0,5,417440,3385695,531,0,10,-79.75,559,125.0,165.0,207.0024154448445,2,-22.853313301978233,-28,6,0,7.703309467445323
1962,2404301,417315.0,3385530.0,30,60,3,3,2585.0,12.2,529,0,5,417455,3385690,531,0,10,-78.0,559,140.0,160.0,212.60291625469299,2,-18.814074834290352,-28,6,0,7.502727203722649
1963,2404301,417315.0,3385530.0,30,60,3,3,2585.0,12.2,529,0,5,417485,3385740,532,0,6,-93.2,559,170.0,210.0,270.1851217221259,3,-21.009005957494537,-27,6,0,5.706706266243781
1964,2404301,417315.0,3385530.0,30,60,3,3,2585.0,12.2,529,0,5,417470,3385705,532,0,5,-88.4,559,155.0,175.0,233.77339455121918,3,-18.468229258917177,-27,6,0,6.5882687212112
1965,2404301,417315.0,3385530.0,30,60,3,3,2585.0,12.2,529,0,5,417525,3385620,529,102,5,-108.5,559,210.0,90.0,228.47319317591726,0,6.801409486351815,-30,6,0,7.480508891708272
1966,2404301,417315.0,3385530.0,30,60,3,3,2585.0,12.2,529,0,5,417360,3385425,527,0,5,-79.5,559,45.0,-105.0,114.23659658795863,-2,96.80140948635176,-32,6,0,15.648642626560594
1967,2404301,417315.0,3385530.0,30,60,3,3,2585.0,12.2,529,0,5,417370,3385435,527,0,5,-94.0,559,55.0,-95.0,109.77249200050075,-2,89.93141717813756,-32,6,0,16.25203801370612
1968,2404301,417315.0,3385530.0,30,60,3,3,2585.0,12.2,529,0,5,417450,3385515,523,0,5,-95.4,559,135.0,-15.0,135.83077707206124,-6,36.34019174590992,-36,6,0,14.844136280042362
1969,2404301,417315.0,3385530.0,30,60,3,3,2585.0,12.2,529,0,5,417365,3385430,527,0,5,-95.0,559,50.0,-100.0,111.80339887498948,-2,93.43494882292202,-32,6,0,15.972006100176625
1970,2404301,417315.0,3385530.0,30,60,3,3,2585.0,12.2,529,0,5,417375,3385440,526,0,5,-97.8,559,60.0,-90.0,108.16653826391968,-3,86.30993247402023,-33,6,0,16.966167091928728
1971,2404301,417315.0,3385530.0,30,60,3,3,2585.0,12.2,529,0,5,417390,3385415,526,0,5,-102.14,559,75.0,-115.0,137.2953021774598,-3,86.88865803962801,-33,6,0,13.515116892330573
1972,2404301,417315.0,3385530.0,30,60,3,3,2585.0,12.2,529,0,5,417575,3385560,528,0,5,-94.67,559,260.0,30.0,261.72504656604804,-1,23.418055344821994,-31,6,0,6.75492214377788
1973,2404301,417315.0,3385530.0,30,60,3,3,2585.0,12.2,529,0,5,417445,3385510,523,0,5,-86.06,559,130.0,-20.0,131.52946437965906,-6,38.74616226255523,-36,6,0,15.307136865640391
1974,2404301,417315.0,3385530.0,30,60,3,3,2585.0,12.2,529,0,5,417470,3385495,524,0,5,-87.29,559,155.0,-35.0,158.90248582070703,-5,42.72435568542238,-35,6,0,12.421674549638984
1975,2404301,417315.0,3385530.0,30,60,3,3,2585.0,12.2,529,0,5,417440,3385505,523,0,5,-87.94,559,125.0,-25.0,127.47548783981962,-6,41.30993247402023,-36,6,0,15.770063595549608
1976,2404301,417315.0,3385530.0,30,60,3,3,2585.0,12.2,529,0,5,417525,3385590,528,102,10,-109.0,559,210.0,60.0,218.40329667841556,-1,14.054604099077153,-31,6,0,8.078556152163923
1977,2404301,417315.0,3385530.0,30,60,3,3,2585.0,12.2,529,0,5,417465,3385490,524,0,7,-98.11,559,150.0,-40.0,155.24174696260025,-5,44.931417178137565,-35,6,0,12.705184618078789
1978,2404301,417315.0,3385530.0,30,60,3,3,2585.0,12.2,529,0,5,417480,3385465,524,0,5,-96.43,559,165.0,-65.0,177.341478509682,-5,51.50143432404792,-35,6,0,11.164380264156117
1979,2404301,417315.0,3385530.0,30,60,3,3,2585.0,12.2,529,0,5,417460,3385485,524,0,7,-91.4,559,145.0,-45.0,151.82226450688975,-5,47.24145939893998,-35,6,0,12.981750368634449
1980,2404301,417315.0,3385530.0,30,60,3,3,2585.0,12.2,529,0,5,417485,3385470,524,0,6,-98.71,559,170.0,-60.0,180.27756377319946,-5,49.44003482817618,-35,6,0,10.987011860880278
1981,2404301,417315.0,3385530.0,30,60,3,3,2585.0,12.2,529,0,5,417395,3385420,526,0,5,-103.75,559,80.0,-110.0,136.01470508735443,-3,83.9726266148964,-33,6,0,13.637632549550801
1982,2404301,417315.0,3385530.0,30,60,3,3,2585.0,12.2,529,0,5,417455,3385520,523,0,5,-92.33,559,140.0,-10.0,140.356688476182,-6,34.085616779974885,-36,6,0,14.385648285701397
1983,2404301,417315.0,3385530.0,30,60,3,3,2585.0,12.2,529,0,5,417490,3385475,524,0,6,-89.75,559,175.0,-55.0,183.43936327844142,-5,47.44718842328223,-35,6,0,10.802130695392332
1984,2404301,417315.0,3385530.0,30,60,3,3,2585.0,12.2,529,0,5,417520,3385585,528,0,10,-108.25,559,205.0,55.0,212.24985276791125,-1,14.9816393688493,-31,6,0,8.309540418172645
1985,2404301,417315.0,3385530.0,30,60,3,3,2585.0,12.2,529,0,5,417315,3385550,529,0,5,-85.5,559,0.0,20.0,20.0,0,-60.0,-30,6,0,56.309932474020215
1986,2404301,417315.0,3385530.0,30,60,3,3,2585.0,12.2,529,0,5,417390,3385465,525,102,5,-98.5,559,75.0,-65.0,99.24716620639605,-4,70.91438322002512,-34,6,0,18.91038568748073
1987,2404301,417315.0,3385530.0,30,60,3,3,2585.0,12.2,529,0,5,417310,3385545,529,0,5,-80.67,559,-5.0,15.0,15.811388300841896,0,281.565051177078,-30,6,0,62.208694355220786
1988,2404301,417315.0,3385530.0,30,60,3,3,2585.0,12.2,529,0,5,417340,3385595,528,0,6,-69.11,559,25.0,65.0,69.6419413859206,-1,-38.96248897457821,-31,6,0,23.9954750567117
1989,2404301,417315.0,3385530.0,30,60,3,3,2585.0,12.2,529,0,5,417425,3385520,523,0,5,-85.94,559,110.0,-10.0,110.45361017187261,-6,35.19442890773479,-36,6,0,18.052274881165655
1990,2404301,417315.0,3385530.0,30,60,3,3,2585.0,12.2,529,0,5,417325,3385580,529,0,6,-69.79,559,10.0,50.0,50.99019513592785,0,-48.69006752597977,-30,6,0,30.47035946597974
1991,2404301,417315.0,3385530.0,30,60,3,3,2585.0,12.2,529,0,5,417410,3385485,524,0,10,-89.44,559,95.0,-45.0,105.11898020814318,-5,55.34617594194668,-35,6,0,18.415491341937102
1992,2404301,417315.0,3385530.0,30,60,3,3,2585.0,12.2,529,0,5,417350,3385585,527,0,6,-66.19,559,35.0,55.0,65.19202405202648,-2,-27.528807709151522,-32,6,0,26.144463555893832
1993,2404301,417315.0,3385530.0,30,60,3,3,2585.0,12.2,529,0,5,417395,3385470,525,102,5,-102.33,559,80.0,-60.0,100.0,-4,66.86989764584405,-34,6,0,18.77803322244554
1994,2404301,417315.0,3385530.0,30,60,3,3,2585.0,12.2,529,0,5,417365,3385460,526,0,5,-81.0,559,50.0,-70.0,86.02325267042627,-3,84.46232220802563,-33,6,0,20.98767306944397
1995,2404301,417315.0,3385530.0,30,60,3,3,2585.0,12.2,529,0,5,417435,3385510,523,0,5,-89.64,559,120.0,-20.0,121.6552506059644,-6,39.462322208025626,-36,6,0,16.48444316946696
1996,2404301,417315.0,3385530.0,30,60,3,3,2585.0,12.2,529,0,5,417305,3385560,530,0,6,-80.0,559,-10.0,30.0,31.622776601683793,1,281.565051177078,-29,6,0,42.522707069627515
1997,2404301,417315.0,3385530.0,30,60,3,3,2585.0,12.2,529,0,5,417330,3385565,528,0,5,-72.86,559,15.0,35.0,38.07886552931954,-1,-36.801409486351815,-31,6,0,39.149031306409704
1998,2404301,417315.0,3385530.0,30,60,3,3,2585.0,12.2,529,0,5,417405,3385500,524,0,5,-87.22,559,90.0,-30.0,94.86832980505137,-5,48.434948822922024,-35,6,0,20.25065140496839
1999,2404301,417315.0,3385530.0,30,60,3,3,2585.0,12.2,529,0,5,417400,3385495,524,0,5,-89.6,559,85.0,-35.0,91.92388155425118,-5,52.3801350519596,-35,6,0,20.84432157628189
2000,2404301,417315.0,3385530.0,30,60,3,3,2585.0,12.2,529,0,5,417285,3385540,532,102,6,-89.74,559,-30.0,10.0,31.622776601683793,3,228.43494882292202,-27,6,0,40.49119579087596
2001,2404301,417315.0,3385530.0,30,60,3,3,2585.0,12.2,529,0,5,417355,3385590,527,0,6,-70.44,559,40.0,60.0,72.11102550927978,-2,-26.30993247402023,-32,6,0,23.929740976046826
2002,2404301,417315.0,3385530.0,30,60,3,3,2585.0,12.2,529,0,5,417320,3385575,529,0,6,-77.5,559,5.0,45.0,45.27692569068709,0,-53.65980825409008,-30,6,0,33.52802322173111
2003,2404301,417315.0,3385530.0,30,60,3,3,2585.0,12.2,529,0,5,417295,3385530,531,0,5,-79.5,559,-20.0,0.0,20.0,2,210.0,-28,6,0,54.46232220802562
2004,2404301,417315.0,3385530.0,30,60,3,3,2585.0,12.2,529,0,5,417280,3385535,532,0,6,-91.22,559,-35.0,5.0,35.35533905932738,3,218.13010235415595,-27,6,0,37.36807939767578
2005,2404301,417315.0,3385530.0,30,60,3,3,2585.0,12.2,529,0,5,417290,3385525,531,0,5,-84.25,559,-25.0,-5.0,25.495097567963924,2,198.69006752597977,-28,6,0,47.68091075446015
2006,2404301,417315.0,3385530.0,30,60,3,3,2585.0,12.2,529,0,5,417415,3385490,524,0,10,-88.67,559,100.0,-40.0,107.70329614269008,-5,51.801409486351815,-35,6,0,18.002443263012836
2007,2404301,417315.0,3385530.0,30,60,3,3,2585.0,12.2,529,0,5,417345,3385600,528,0,6,-72.75,559,30.0,70.0,76.15773105863909,-1,-36.801409486351815,-31,6,0,22.14877793004438
2008,2404301,417315.0,3385530.0,30,60,3,3,2585.0,12.2,529,0,5,417335,3385570,528,0,5,-74.62,559,20.0,40.0,44.721359549995796,-1,-33.434948822922024,-31,6,0,34.72896744174342
2009,2404301,417315.0,3385530.0,30,60,3,3,2585.0,12.2,529,0,5,417360,3385455,526,0,5,-88.75,559,45.0,-75.0,87.46427842267951,-3,89.03624346792651,-33,6,0,20.67133505503099
2010,2404301,417315.0,3385530.0,30,60,3,3,2585.0,12.2,529,0,5,417430,3385505,523,0,10,-88.65,559,115.0,-25.0,117.6860229593982,-6,42.26477372789242,-36,6,0,17.00880279583759
2011,2404301,417315.0,3385530.0,30,60,3,3,2585.0,12.2,529,0,5,417300,3385555,530,0,6,-87.67,559,-15.0,25.0,29.154759474226502,1,269.03624346792645,-29,6,0,44.847526774051005
2012,2404301,417315.0,3385530.0,30,60,3,3,2585.0,12.2,529,0,5,417420,3385515,523,0,5,-88.71,559,105.0,-15.0,106.06601717798213,-6,38.13010235415595,-36,6,0,18.7477906121146
2013,2404301,417315.0,3385530.0,30,60,3,3,2585.0,12.2,529,0,5,417260,3385650,531,0,5,-89.0,559,-55.0,120.0,132.00378782444085,2,275.3764352138364,-28,6,0,11.975798713368071
2014,2404301,417315.0,3385530.0,30,60,3,3,2585.0,12.2,529,0,5,417245,3385665,530,0,5,-93.0,559,-70.0,135.0,152.0690632574555,1,272.5924245621816,-29,6,0,10.796827938133406
2015,2404301,417315.0,3385530.0,30,60,3,3,2585.0,12.2,529,0,5,417210,3385640,530,0,5,-108.1,559,-105.0,110.0,152.0690632574555,1,256.3322198538696,-29,6,0,10.796827938133406
2016,2404301,417315.0,3385530.0,30,60,3,3,2585.0,12.2,529,0,5,417205,3385625,531,0,5,-100.0,559,-110.0,95.0,145.34441853748632,2,250.81508387488157,-28,6,0,10.904210273840647
2017,2404301,417315.0,3385530.0,30,60,3,3,2585.0,12.2,529,0,5,417225,3385605,532,0,5,-101.5,559,-90.0,75.0,117.15374513859982,3,249.8055710922652,-27,6,0,12.978141191171733
2018,2404301,417315.0,3385530.0,30,60,3,3,2585.0,12.2,529,0,5,417265,3385645,531,0,5,-93.14,559,-50.0,115.0,125.39936203984452,2,276.5014343240479,-28,6,0,12.586910317859493
2019,2404301,417315.0,3385530.0,30,60,3,3,2585.0,12.2,529,0,5,417235,3385615,531,0,5,-95.0,559,-80.0,85.0,116.72617529928752,2,256.7357045889284,-28,6,0,13.48910446112708
2020,2404301,417315.0,3385530.0,30,60,3,3,2585.0,12.2,529,0,5,417230,3385620,531,0,5,-103.67,559,-85.0,90.0,123.79418403139947,2,256.6365770416167,-28,6,0,12.744820356617918
2021,2404301,417315.0,3385530.0,30,60,3,3,2585.0,12.2,529,0,5,417220,3385610,531,0,5,-96.2,559,-95.0,80.0,124.19742348374221,2,250.10090754621223,-28,6,0,12.704786141962824
2022,2404301,417315.0,3385530.0,30,60,3,3,2585.0,12.2,529,0,5,417645,3385450,526,0,5,-102.4,559,330.0,-80.0,339.5585369269929,-3,43.62699485989151,-33,6,0,5.550858918753987
2023,2404301,417315.0,3385530.0,30,60,3,3,2585.0,12.2,529,0,5,417620,3385505,528,0,5,-97.5,559,305.0,-25.0,306.0228749619871,-1,34.685899839502724,-31,6,0,5.78430892238609
2024,2404301,417315.0,3385530.0,30,60,3,3,2585.0,12.2,529,0,5,417625,3385510,528,0,5,-94.5,559,310.0,-20.0,310.64449134018133,-1,33.69138598645128,-31,6,0,5.698823486007759
2025,2404301,417315.0,3385530.0,30,60,3,3,2585.0,12.2,529,0,5,417610,3385495,527,0,5,-101.5,559,295.0,-35.0,297.06901555025894,-2,36.76617482255307,-32,6,0,6.148141808952308
2026,2404301,417315.0,3385530.0,30,60,3,3,2585.0,12.2,529,0,5,417630,3385515,529,0,5,-93.0,559,315.0,-15.0,315.35694062442957,0,32.72631099390628,-30,6,0,5.434211206692448
2027,2404301,417315.0,3385530.0,30,60,3,3,2585.0,12.2,529,0,5,417655,3385460,526,0,5,-96.5,559,340.0,-70.0,347.1310991541956,-3,41.63363399894047,-33,6,0,5.430500456391588
2028,2404301,417315.0,3385530.0,30,60,3,3,2585.0,12.2,529,0,5,416990,3385495,524,0,5,-81.5,559,-325.0,-35.0,326.87918257362304,-5,203.8533743403533,-35,6,0,6.111557756781292
2029,2404301,417315.0,3385530.0,30,60,3,3,2585.0,12.2,529,0,5,417230,3385415,530,0,10,-92.5,559,-85.0,-115.0,143.0034964607509,1,156.46923439005187,-29,6,0,11.46368014089463
2030,2404301,417315.0,3385530.0,30,60,3,3,2585.0,12.2,529,0,5,417220,3385405,529,0,5,-96.0,559,-95.0,-125.0,157.00318468107582,0,157.23483398157467,-30,6,0,10.817619331585831
2031,2404301,417315.0,3385530.0,30,60,3,3,2585.0,12.2,529,0,5,417140,3385325,525,0,5,-111.5,559,-175.0,-205.0,269.5366394388711,-4,160.48601154199872,-34,6,0,7.189455260325775
2032,2404301,417315.0,3385530.0,30,60,3,3,2585.0,12.2,529,0,5,417235,3385420,530,0,5,-88.83,559,-80.0,-110.0,136.01470508735443,1,156.0273733851036,-29,6,0,12.035938881513001
2033,2404301,417315.0,3385530.0,30,60,3,3,2585.0,12.2,529,0,5,417215,3385440,530,0,5,-97.33,559,-100.0,-90.0,134.5362404707371,1,168.01278750418334,-29,6,0,12.16428744557941
2034,2404301,417315.0,3385530.0,30,60,3,3,2585.0,12.2,529,0,5,417410,3385560,525,0,6,-94.0,559,95.0,30.0,99.62429422585637,-4,12.474431626277124,-34,6,0,18.84386048337026
2035,2404301,417315.0,3385530.0,30,60,3,3,2585.0,12.2,529,0,5,417295,3385515,530,0,5,-74.67,559,-20.0,-15.0,25.0,1,173.13010235415598,-29,6,0,49.23639479905884
2036,2404301,417315.0,3385530.0,30,60,3,3,2585.0,12.2,529,0,5,417385,3385565,526,0,5,-82.17,559,70.0,35.0,78.26237921249263,-3,3.434948822922024,-33,6,0,22.86313561600886
2037,2404301,417315.0,3385530.0,30,60,3,3,2585.0,12.2,529,0,5,417405,3385545,524,0,5,-76.0,559,90.0,15.0,91.2414379544733,-5,20.537677791974374,-35,6,0,20.986695585946254
2038,2404301,417315.0,3385530.0,30,60,3,3,2585.0,12.2,529,0,5,417375,3385595,527,0,6,-71.71,559,60.0,65.0,88.45903006477066,-2,-17.290610042638548,-32,6,0,19.88755962761455
2039,2404301,417315.0,3385530.0,30,60,3,3,2585.0,12.2,529,0,5,417395,3385575,526,0,6,-81.88,559,80.0,45.0,91.7877987534291,-3,0.6422464572087279,-33,6,0,19.77477505669365
2040,2404301,417315.0,3385530.0,30,60,3,3,2585.0,12.2,529,0,5,417360,3385590,527,0,6,-70.26,559,45.0,60.0,75.0,-2,-23.13010235415595,-32,6,0,23.106326858271572
2041,2404301,417315.0,3385530.0,30,60,3,3,2585.0,12.2,529,0,5,417325,3385465,528,102,5,-92.75,559,10.0,-65.0,65.76473218982953,-1,111.25383773744477,-31,6,0,25.23812439037806
2042,2404301,417315.0,3385530.0,30,60,3,3,2585.0,12.2,529,0,5,417285,3385505,531,0,5,-85.47,559,-30.0,-25.0,39.05124837953327,2,170.1944289077348,-28,6,0,35.64077021574456
2043,2404301,417315.0,3385530.0,30,60,3,3,2585.0,12.2,529,0,5,417350,3385460,527,0,5,-93.36,559,35.0,-70.0,78.26237921249263,-2,93.43494882292202,-32,6,0,22.23872028409837
2044,2404301,417315.0,3385530.0,30,60,3,3,2585.0,12.2,529,0,5,417340,3385450,528,102,5,-96.27,559,25.0,-80.0,83.81527307120105,-1,102.64597536373867,-31,6,0,20.297467850768946
2045,2404301,417315.0,3385530.0,30,60,3,3,2585.0,12.2,529,0,5,417355,3385455,527,0,5,-93.29,559,40.0,-75.0,85.0,-2,91.92751306414709,-32,6,0,20.62987994612618
2046,2404301,417315.0,3385530.0,30,60,3,3,2585.0,12.2,529,0,5,417370,3385600,527,0,6,-73.45,559,55.0,70.0,89.02246907382428,-2,-21.842773412630947,-32,6,0,19.771472125131208
2047,2404301,417315.0,3385530.0,30,60,3,3,2585.0,12.2,529,0,5,417420,3385530,524,0,5,-84.13,559,105.0,0.0,105.0,-5,30.0,-35,6,0,18.43494882292201
2048,2404301,417315.0,3385530.0,30,60,3,3,2585.0,12.2,529,0,5,417425,3385525,523,0,5,-85.17,559,110.0,-5.0,110.11357772772621,-6,32.602562202499826,-36,6,0,18.104388421413294
2049,2404301,417315.0,3385530.0,30,60,3,3,2585.0,12.2,529,0,5,417315,3385495,529,0,5,-84.89,559,0.0,-35.0,35.0,0,120.0,-30,6,0,40.60129464500447
2050,2404301,417315.0,3385530.0,30,60,3,3,2585.0,12.2,529,0,5,417365,3385585,527,0,5,-70.33,559,50.0,55.0,74.33034373659252,-2,-17.72631099390628,-32,6,0,23.29238969912178
2051,2404301,417315.0,3385530.0,30,60,3,3,2585.0,12.2,529,0,5,417290,3385520,531,0,5,-91.6,559,-25.0,-10.0,26.92582403567252,2,188.19859051364818,-28,6,0,46.12038199913274
2052,2404301,417315.0,3385530.0,30,60,3,3,2585.0,12.2,529,0,5,417330,3385480,528,0,5,-88.62,559,15.0,-50.0,52.20153254455275,-1,103.30075576600643,-31,6,0,30.70405581850201
2053,2404301,417315.0,3385530.0,30,60,3,3,2585.0,12.2,529,0,5,417390,3385580,526,0,6,-84.6,559,75.0,50.0,90.13878188659973,-3,-3.690067525979771,-33,6,0,20.107785948126764
2054,2404301,417315.0,3385530.0,30,60,3,3,2585.0,12.2,529,0,5,417310,3385500,529,0,10,-83.05,559,-5.0,-30.0,30.4138126514911,0,129.46232220802563,-30,6,0,44.60755087935968
2055,2404301,417315.0,3385530.0,30,60,3,3,2585.0,12.2,529,0,5,417345,3385445,527,0,5,-96.33,559,30.0,-85.0,90.13878188659973,-2,100.55996517182382,-32,6,0,19.545275781467723
2056,2404301,417315.0,3385530.0,30,60,3,3,2585.0,12.2,529,0,5,417280,3385510,532,0,5,-85.2,559,-35.0,-20.0,40.311288741492746,3,180.25511870305778,-27,6,0,33.813683863007654
2057,2404301,417315.0,3385530.0,30,60,3,3,2585.0,12.2,529,0,5,417320,3385470,528,102,5,-93.74,559,5.0,-60.0,60.207972893961475,-1,115.23635830927378,-31,6,0,27.243122405874836
2058,2404301,417315.0,3385530.0,30,60,3,3,2585.0,12.2,529,0,5,417300,3385490,530,0,10,-84.53,559,-15.0,-40.0,42.720018726587654,1,140.55604521958347,-29,6,0,34.17017684700945
2059,2404301,417315.0,3385530.0,30,60,3,3,2585.0,12.2,529,0,5,417400,3385550,525,0,5,-78.75,559,85.0,20.0,87.32124598286491,-4,16.75948008481282,-34,6,0,21.274290168970037
2060,2404301,417315.0,3385530.0,30,60,3,3,2585.0,12.2,529,0,5,417335,3385475,527,0,5,-98.71,559,20.0,-55.0,58.52349955359813,-2,100.01689347809997,-32,6,0,28.669348939626914
2061,2404301,417315.0,3385530.0,30,60,3,3,2585.0,12.2,529,0,5,417305,3385485,529,0,10,-86.27,559,-10.0,-45.0,46.09772228646444,0,132.52880770915152,-30,6,0,33.055731150854
2062,2404301,417315.0,3385530.0,30,60,3,3,2585.0,12.2,529,0,5,417380,3385570,526,0,5,-81.88,559,65.0,40.0,76.32168761236873,-3,-1.6075022462488846,-33,6,0,23.382708280442447
2063,2404301,417315.0,3385530.0,30,60,3,3,2585.0,12.2,529,0,5,417475,3385640,529,0,5,-99.67,559,160.0,110.0,194.164878389476,0,-4.508522987668414,-30,6,0,8.783194988097529
2064,2404301,417315.0,3385530.0,30,60,3,3,2585.0,12.2,529,0,5,417470,3385635,529,0,10,-104.71,559,155.0,105.0,187.21645226849054,0,-4.1144729453412765,-30,6,0,9.103814167500316
2065,2404301,417315.0,3385530.0,30,60,3,3,2585.0,12.2,529,0,5,417460,3385625,529,0,10,-100.0,559,145.0,95.0,173.34935823359717,0,-3.2317110679793473,-30,6,0,9.81841058231014
2066,2404301,417315.0,3385530.0,30,60,3,3,2585.0,12.2,529,0,5,417320,3385805,529,0,5,-107.0,559,5.0,275.0,275.04545078950133,0,-58.95837332399003,-30,6,0,6.224808334019563
2067,2404301,417315.0,3385530.0,30,60,3,3,2585.0,12.2,529,0,5,417310,3385795,529,0,10,-106.0,559,-5.0,265.0,265.04716561397146,0,298.9190758133393,-30,6,0,6.457676730575017
2068,2404301,417315.0,3385530.0,30,60,3,3,2585.0,12.2,529,0,5,417465,3385630,529,0,10,-100.5,559,150.0,100.0,180.27756377319946,0,-3.690067525979771,-30,6,0,9.448016435202305
2069,2404301,417315.0,3385530.0,30,60,3,3,2585.0,12.2,529,0,5,417440,3385605,528,102,5,-95.8,559,125.0,75.0,145.7737973711325,-1,-0.9637565320734893,-31,6,0,12.005574098792481
2070,2404301,417315.0,3385530.0,30,60,3,3,2585.0,12.2,529,0,5,417450,3385615,528,0,5,-100.67,559,135.0,85.0,159.53056133543816,-1,-2.195733934713246,-31,6,0,10.996677688901384
2071,2404301,417315.0,3385530.0,30,60,3,3,2585.0,12.2,529,0,5,417485,3385650,530,0,5,-93.33,559,170.0,120.0,208.08652046684813,1,-5.217592968192719,-29,6,0,7.93392982501827
2072,2404301,417315.0,3385530.0,30,60,3,3,2585.0,12.2,529,0,5,417445,3385610,528,0,5,-90.67,559,130.0,80.0,152.64337522473747,-1,-1.6075022462488846,-31,6,0,11.479941776651279
2073,2404301,417315.0,3385530.0,30,60,3,3,2585.0,12.2,529,0,5,417455,3385620,528,0,10,-105.11,559,140.0,90.0,166.43316977093238,-1,-2.7352262721075817,-31,6,0,10.55105853435719
2074,2404301,417315.0,3385530.0,30,60,3,3,2585.0,12.2,529,0,5,417480,3385645,530,0,5,-94.33,559,165.0,115.0,201.12185361118767,1,-4.875328344602167,-29,6,0,8.204995055045833
2075,2404301,417315.0,3385530.0,30,60,3,3,2585.0,12.2,529,0,5,417360,3385730,530,0,5,-98.5,559,45.0,200.0,205.0,1,-47.31961650818016,-29,6,0,8.051829480017025
2076,2404301,417315.0,3385530.0,30,60,3,3,2585.0,12.2,529,0,5,417405,3385685,530,0,6,-88.5,559,90.0,155.0,179.2344832893492,1,-29.85861444792465,-29,6,0,9.190763279204317
2077,2404301,417315.0,3385530.0,30,60,3,3,2585.0,12.2,529,0,5,417345,3385625,529,0,6,-73.5,559,30.0,95.0,99.62429422585637,0,-42.47443162627712,-30,6,0,16.75869598267909
2078,2404301,417315.0,3385530.0,30,60,3,3,2585.0,12.2,529,0,5,417335,3385615,529,0,6,-87.5,559,20.0,85.0,87.32124598286491,0,-46.75948008481282,-30,6,0,18.96062024416386
2079,2404301,417315.0,3385530.0,30,60,3,3,2585.0,12.2,529,0,5,417425,3385705,531,0,6,-92.0,559,110.0,175.0,206.70026608594387,2,-27.847704858717634,-28,6,0,7.714434474091075
2080,2404301,417315.0,3385530.0,30,60,3,3,2585.0,12.2,529,0,5,417340,3385630,529,0,6,-82.8,559,25.0,100.0,103.07764064044152,0,-45.963756532073546,-30,6,0,16.227254023233513
2081,2404301,417315.0,3385530.0,30,60,3,3,2585.0,12.2,529,0,5,417395,3385755,530,0,5,-95.0,559,80.0,225.0,238.79907872519107,1,-40.42687416958978,-29,6,0,6.924150926602425
2082,2404301,417315.0,3385530.0,30,60,3,3,2585.0,12.2,529,0,5,417325,3385605,529,0,6,-72.5,559,10.0,75.0,75.66372975210778,0,-52.40535663140855,-30,6,0,21.627888248437245
2083,2404301,417315.0,3385530.0,30,60,3,3,2585.0,12.2,529,0,5,417285,3385645,531,0,6,-97.4,559,-30.0,115.0,118.84864324004712,2,285.3791260113683,-28,6,0,13.256787020372188
2084,2404301,417315.0,3385530.0,30,60,3,3,2585.0,12.2,529,0,5,417330,3385620,529,0,6,-99.5,559,15.0,90.0,91.2414379544733,0,-50.537677791974374,-30,6,0,18.20076026453332
2085,2404301,417315.0,3385530.0,30,60,3,3,2585.0,12.2,529,0,5,417320,3385610,530,0,6,-84.0,559,5.0,80.0,80.15609770940699,1,-56.42366562500263,-29,6,0,19.889822905340655
2086,2404301,417315.0,3385530.0,30,60,3,3,2585.0,12.2,529,0,5,417350,3385640,529,102,6,-74.67,559,35.0,110.0,115.43396380615195,0,-42.34987578006985,-30,6,0,14.568250808243956
2087,2404301,417315.0,3385530.0,30,60,3,3,2585.0,12.2,529,0,5,417355,3385635,529,102,6,-79.33,559,40.0,105.0,112.36102527122117,0,-39.14554196042167,-30,6,0,14.949058913682036
2088,2404301,417315.0,3385530.0,30,60,3,3,2585.0,12.2,529,0,5,417280,3385650,531,0,6,-82.5,559,-35.0,120.0,125.0,2,283.73979529168804,-28,6,0,12.625836878907315
2089,2404301,417315.0,3385530.0,30,60,3,3,2585.0,12.2,529,0,5,417305,3385665,530,0,6,-95.08,559,-10.0,135.0,135.36986370680884,1,295.7636052009412,-29,6,0,12.091589294716542
2090,2404301,417315.0,3385530.0,30,60,3,3,2585.0,12.2,529,0,5,417500,3385790,532,0,5,-98.0,559,185.0,260.0,319.100297712177,3,-24.566685989714415,-27,6,0,4.836441818003523
2091,2404301,417315.0,3385530.0,30,60,3,3,2585.0,12.2,529,0,5,417300,3385670,530,0,5,-96.5,559,-15.0,140.0,140.80127840328723,1,293.8844964337146,-29,6,0,11.638123876463087
2092,2404301,417315.0,3385530.0,30,60,3,3,2585.0,12.2,529,0,5,417485,3385765,532,0,5,-97.5,559,170.0,235.0,290.0431002454635,3,-24.117862753795805,-27,6,0,5.318315024771865
2093,2404301,417315.0,3385530.0,30,60,3,3,2585.0,12.2,529,0,5,417295,3385655,530,0,6,-70.5,559,-20.0,125.0,126.58988901172162,1,290.9097230791777,-29,6,0,12.903029687184283
2094,2404301,417315.0,3385530.0,30,60,3,3,2585.0,12.2,529,0,5,417480,3385770,532,0,5,-94.4,559,165.0,240.0,291.247317584214,3,-25.491477012331586,-27,6,0,5.296450755686863
2095,2404301,417315.0,3385530.0,30,60,3,3,2585.0,12.2,529,0,5,417365,3385725,530,0,5,-97.67,559,50.0,195.0,201.30822139197394,1,-45.61860540890939,-29,6,0,8.197502291955725
2096,2404301,417315.0,3385530.0,30,60,3,3,2585.0,12.2,529,0,5,417370,3385740,530,0,5,-102.5,559,55.0,210.0,217.0829334609241,1,-45.32360686254998,-29,6,0,7.609063641780036
2097,2404301,417315.0,3385530.0,30,60,3,3,2585.0,12.2,529,0,5,417410,3385700,531,0,6,-101.0,559,95.0,170.0,194.74342094150447,2,-30.802513953935545,-28,6,0,8.181853685996165
2098,2404301,417315.0,3385530.0,30,60,3,3,2585.0,12.2,529,0,5,417445,3385640,529,102,5,-103.67,559,130.0,110.0,170.29386365926402,0,-10.23635830927384,-30,6,0,9.991058021246902
2099,2404301,417315.0,3385530.0,30,60,3,3,2585.0,12.2,529,0,5,417455,3385630,529,102,10,-102.5,559,140.0,100.0,172.04650534085255,0,-5.5376777919743745,-30,6,0,9.891299103572184
2100,2404301,417315.0,3385530.0,30,60,3,3,2585.0,12.2,529,0,5,417470,3385605,528,0,5,-97.88,559,155.0,75.0,172.19175357722565,-1,4.179008025810731,-31,6,0,10.205741327953813
2101,2404301,417315.0,3385530.0,30,60,3,3,2585.0,12.2,529,0,5,417465,3385620,529,0,10,-98.76,559,150.0,90.0,174.92855684535903,0,-0.9637565320734893,-30,6,0,9.731475473157628
2102,2404301,417315.0,3385530.0,30,60,3,3,2585.0,12.2,529,0,5,417460,3385615,528,0,5,-100.69,559,145.0,85.0,168.0773631397161,-1,-0.3791260113683279,-31,6,0,10.450128932228514
2103,2404301,417315.0,3385530.0,30,60,3,3,2585.0,12.2,529,0,5,417510,3385645,530,0,10,-92.0,559,195.0,115.0,226.38462845343543,1,-0.5297058999341289,-29,6,0,7.299865600548537
2104,2404301,417315.0,3385530.0,30,60,3,3,2585.0,12.2,529,0,5,417440,3385635,529,102,5,-91.4,559,125.0,105.0,163.24827717314508,0,-10.03025927188969,-30,6,0,10.413015382223078
2105,2404301,417315.0,3385530.0,30,60,3,3,2585.0,12.2,529,0,5,417505,3385660,531,0,5,-96.0,559,190.0,130.0,230.21728866442677,2,-4.380344723844871,-28,6,0,6.9344960574865
2106,2404301,417315.0,3385530.0,30,60,3,3,2585.0,12.2,529,0,5,417475,3385610,528,0,5,-98.74,559,160.0,80.0,178.88543819998318,-1,3.434948822922024,-31,6,0,9.831446597091846
2107,2404301,417315.0,3385530.0,30,60,3,3,2585.0,12.2,529,0,5,417450,3385625,529,102,10,-95.33,559,135.0,95.0,165.07574019219177,0,-5.134193056915649,-30,6,0,10.30021962510362
2108,2404301,417315.0,3385530.0,30,60,3,3,2585.0,12.2,529,0,5,417750,3385390,524,0,10,-109.5,559,435.0,-140.0,456.97374103989824,-5,47.840204307703516,-35,6,0,4.379780741951013
2109,2404301,417315.0,3385530.0,30,60,3,3,2585.0,12.2,529,0,5,417740,3385400,524,0,10,-101.0,559,425.0,-130.0,444.43784717325775,-5,47.007946955407306,-35,6,0,4.502816515903474
2110,2404301,417315.0,3385530.0,30,60,3,3,2585.0,12.2,529,0,5,417730,3385370,523,0,5,-101.5,559,415.0,-160.0,444.7752241301217,-6,51.083754582380664,-36,6,0,4.627419131139964
2111,2404301,417315.0,3385530.0,30,60,3,3,2585.0,12.2,529,0,5,417735,3385385,523,0,5,-104.5,559,420.0,-145.0,444.3253312607779,-6,49.04662429763579,-36,6,0,4.632084154568008
2112,2404301,417315.0,3385530.0,30,60,3,3,2585.0,12.2,529,0,5,417640,3385470,527,0,14,-109.0,559,325.0,-60.0,330.49205739321485,-2,40.45990909292914,-32,6,0,5.530442422881024
2113,2404301,417315.0,3385530.0,30,60,3,3,2585.0,12.2,529,0,5,417660,3385450,526,0,14,-99.0,559,345.0,-80.0,354.1539213392956,-3,43.05524722379664,-33,6,0,5.323439267811381
2114,2404301,417315.0,3385530.0,30,60,3,3,2585.0,12.2,529,0,5,417625,3385485,527,0,5,-95.33,559,310.0,-45.0,313.2491021535417,-2,38.25943797987884,-32,6,0,5.832823652647687
2115,2404301,417315.0,3385530.0,30,60,3,3,2585.0,12.2,529,0,5,417630,3385500,528,0,5,-97.0,559,315.0,-30.0,316.4253466459348,-1,35.44033203100548,-31,6,0,5.595377004457561
2116,2404301,417315.0,3385530.0,30,60,3,3,2585.0,12.2,529,0,5,417620,3385490,527,0,5,-92.0,559,305.0,-40.0,307.6117683054405,-2,37.47155917659239,-32,6,0,5.938959533328895
2117,2404301,417315.0,3385530.0,30,60,3,3,2585.0,12.2,529,0,5,417210,3385625,531,0,5,-97.33,559,-105.0,95.0,141.59802258506295,2,252.13759477388822,-28,6,0,11.185528892774697
2118,2404301,417315.0,3385530.0,30,60,3,3,2585.0,12.2,529,0,5,417275,3385650,531,0,5,-97.5,559,-40.0,120.0,126.49110640673517,2,281.565051177078,-28,6,0,12.481691419986054
2119,2404301,417315.0,3385530.0,30,60,3,3,2585.0,12.2,529,0,5,417270,3385645,531,0,5,-87.0,559,-45.0,115.0,123.4908903522847,2,278.6293777306568,-28,6,0,12.7750956815496
2120,2404301,417315.0,3385530.0,30,60,3,3,2585.0,12.2,529,0,5,417200,3385635,530,0,5,-103.67,559,-115.0,105.0,155.72411502397438,1,252.39743779750017,-29,6,0,10.549166293693636
2121,2404301,417315.0,3385530.0,30,60,3,3,2585.0,12.2,529,0,5,417230,3385605,532,0,5,-93.14,559,-85.0,75.0,113.35784048754634,3,251.42366562500263,-27,6,0,13.397299081630546
2122,2404301,417315.0,3385530.0,30,60,3,3,2585.0,12.2,529,0,5,417215,3385630,531,0,5,-98.33,559,-100.0,100.0,141.4213562373095,2,255.0,-28,6,0,11.199149096448238
2123,2404301,417315.0,3385530.0,30,60,3,3,2585.0,12.2,529,0,5,417130,3385705,527,0,10,-101.33,559,-185.0,175.0,254.65663156493687,-2,253.4088597288054,-32,6,0,7.162213022722415
2124,2404301,417315.0,3385530.0,30,60,3,3,2585.0,12.2,529,0,5,417225,3385620,531,0,5,-99.5,559,-90.0,90.0,127.27922061357856,2,255.0,-28,6,0,12.406805146827338
2125,2404301,417315.0,3385530.0,30,60,3,3,2585.0,12.2,529,0,5,417235,3385610,532,0,5,-96.75,559,-80.0,80.0,113.13708498984761,3,255.0,-27,6,0,13.422495058215315
2126,2404301,417315.0,3385530.0,30,60,3,3,2585.0,12.2,529,0,5,417155,3385690,528,0,5,-101.0,559,-160.0,160.0,226.27416997969522,-1,255.0,-31,6,0,7.801067340968553
2127,2404301,417315.0,3385530.0,30,60,3,3,2585.0,12.2,529,0,5,417150,3385685,528,0,5,-91.67,559,-165.0,155.0,226.38462845343543,-1,253.2100893917539,-31,6,0,7.797307846895175
2128,2404301,417315.0,3385530.0,30,60,3,3,2585.0,12.2,529,0,5,417220,3385615,531,0,5,-102.18,559,-95.0,85.0,127.47548783981962,2,251.82016988013578,-28,6,0,12.388293283122257
2129,2404301,417315.0,3385530.0,30,60,3,3,2585.0,12.2,529,0,5,417250,3385665,530,0,5,-100.6,559,-65.0,135.0,149.83324063771698,1,274.29004621918875,-29,6,0,10.954069256290373
2130,2404301,417315.0,3385530.0,30,60,3,3,2585.0,12.2,529,0,5,417205,3385640,530,0,5,-104.0,559,-110.0,110.0,155.56349186104046,1,255.0,-29,6,0,10.559813703922426
2131,2404301,417315.0,3385530.0,30,60,3,3,2585.0,12.2,529,0,5,417560,3385635,531,0,5,-83.67,559,245.0,105.0,266.5520587052368,2,6.801409486351815,-28,6,0,5.996651421570145
2132,2404301,417315.0,3385530.0,30,60,3,3,2585.0,12.2,529,0,5,417450,3385745,531,102,6,-91.67,559,135.0,215.0,253.87004549572208,2,-27.875001559612485,-28,6,0,6.293865093244455
2133,2404301,417315.0,3385530.0,30,60,3,3,2585.0,12.2,529,0,5,417490,3385705,532,0,10,-92.0,559,175.0,175.0,247.48737341529164,3,-15.0,-27,6,0,6.226144206095857
2134,2404301,417315.0,3385530.0,30,60,3,3,2585.0,12.2,529,0,5,417440,3385755,531,102,6,-89.5,559,125.0,225.0,257.390753524675,2,-30.945395900922847,-28,6,0,6.208451643444948
2135,2404301,417315.0,3385530.0,30,60,3,3,2585.0,12.2,529,0,5,417460,3385735,531,0,5,-94.18,559,145.0,205.0,251.09759058979438,2,-24.72757855140162,-28,6,0,6.362790958276413
2136,2404301,417315.0,3385530.0,30,60,3,3,2585.0,12.2,529,0,5,417550,3385645,531,0,5,-93.5,559,235.0,115.0,261.6295090390226,2,3.924644416051251,-28,6,0,6.108632929115868
2137,2404301,417315.0,3385530.0,30,60,3,3,2585.0,12.2,529,0,5,417495,3385710,532,0,10,-94.33,559,180.0,180.0,254.55844122715712,3,-15.0,-27,6,0,6.054498479394494
2138,2404301,417315.0,3385530.0,30,60,3,3,2585.0,12.2,529,0,5,417480,3385715,532,0,10,-96.0,559,165.0,185.0,247.8911051248108,3,-18.270487923183566,-27,6,0,6.21608334598478
2139,2404301,417315.0,3385530.0,30,60,3,3,2585.0,12.2,529,0,5,417485,3385720,532,0,5,-93.6,559,170.0,190.0,254.95097567963924,3,-18.17983011986422,-27,6,0,6.045245770554437
2140,2404301,417315.0,3385530.0,30,60,3,3,2585.0,12.2,529,0,5,417465,3385740,531,0,5,-93.75,559,150.0,210.0,258.0697580112788,2,-24.462322208025626,-28,6,0,6.192243720917741
2141,2404301,417315.0,3385530.0,30,60,3,3,2585.0,12.2,529,0,5,417470,3385725,532,0,10,-96.33,559,155.0,195.0,249.09837414162303,3,-21.519801751656985,-27,6,0,6.186190903108777
2142,2404301,417315.0,3385530.0,30,60,3,3,2585.0,12.2,529,0,5,417455,3385750,531,102,6,-89.33,559,140.0,220.0,260.76809620810593,2,-27.528807709151522,-28,6,0,6.128658669573428
2143,2404301,417315.0,3385530.0,30,60,3,3,2585.0,12.2,529,0,5,417475,3385730,532,0,10,-95.43,559,160.0,200.0,256.12496949731394,3,-21.34019174590992,-27,6,0,6.017740115910127
2144,2404301,417315.0,3385530.0,30,60,3,3,2585.0,12.2,529,0,5,417200,3385575,532,0,5,-88.5,559,-115.0,45.0,123.4908903522847,3,231.3706222693432,-27,6,0,12.333051045843714
2145,2404301,417315.0,3385530.0,30,60,3,3,2585.0,12.2,529,0,5,417220,3385595,532,102,14,-103.0,559,-95.0,65.0,115.10864433221339,3,244.38034472384487,-27,6,0,13.200712987628624
2146,2404301,417315.0,3385530.0,30,60,3,3,2585.0,12.2,529,0,5,417225,3385600,532,102,5,-97.25,559,-90.0,70.0,114.0175425099138,3,247.8749836510982,-27,6,0,13.322554280878412
2147,2404301,417315.0,3385530.0,30,60,3,3,2585.0,12.2,529,0,5,417235,3385590,532,102,5,-110.0,559,-80.0,60.0,100.0,3,246.86989764584405,-27,6,0,15.109575122340463
2148,2404301,417315.0,3385530.0,30,60,3,3,2585.0,12.2,529,0,5,417265,3385560,533,102,5,-93.0,559,-50.0,30.0,58.309518948453004,4,240.9637565320735,-26,6,0,24.0319164790565
2149,2404301,417315.0,3385530.0,30,60,3,3,2585.0,12.2,529,0,5,417250,3385525,533,0,5,-87.57,559,-65.0,-5.0,65.19202405202648,4,205.6012946450045,-26,6,0,21.74319083644736
2150,2404301,417315.0,3385530.0,30,60,3,3,2585.0,12.2,529,0,5,417260,3385555,533,102,5,-87.25,559,-55.0,25.0,60.41522986797286,4,234.44395478041656,-26,6,0,23.28487160614349
2151,2404301,417315.0,3385530.0,30,60,3,3,2585.0,12.2,529,0,5,417270,3385545,533,102,5,-87.8,559,-45.0,15.0,47.43416490252569,4,228.43494882292202,-26,6,0,28.72838672146046
2152,2404301,417315.0,3385530.0,30,60,3,3,2585.0,12.2,529,0,5,417240,3385535,533,0,5,-93.2,559,-75.0,5.0,75.16648189186454,4,213.81407483429035,-26,6,0,19.080444321613257
2153,2404301,417315.0,3385530.0,30,60,3,3,2585.0,12.2,529,0,5,417255,3385530,533,0,5,-95.25,559,-60.0,0.0,60.0,4,210.0,-26,6,0,23.428692808745403
2154,2404301,417315.0,3385530.0,30,60,3,3,2585.0,12.2,529,0,5,417245,3385540,533,0,5,-96.67,559,-70.0,10.0,70.71067811865476,4,218.13010235415595,-26,6,0,20.188249292660984
2155,2404301,417315.0,3385530.0,30,60,3,3,2585.0,12.2,529,0,5,417275,3385550,532,102,5,-89.4,559,-40.0,20.0,44.721359549995796,3,236.56505117707798,-27,6,0,31.120990860011617
2156,2404301,417315.0,3385530.0,30,60,3,3,2585.0,12.2,529,0,5,417090,3385745,528,0,5,-106.5,559,-225.0,215.0,311.20732639190874,-1,253.69804732742114,-31,6,0,5.688584518056065
2157,2404301,417315.0,3385530.0,30,60,3,3,2585.0,12.2,529,0,5,417425,3385620,528,102,5,-98.33,559,110.0,90.0,142.12670403551894,-1,-9.289406862500357,-31,6,0,12.304374394527269
2158,2404301,417315.0,3385530.0,30,60,3,3,2585.0,12.2,529,0,5,417420,3385615,528,0,5,-75.5,559,105.0,85.0,135.09256086106296,-1,-8.990994042505463,-31,6,0,12.924045030707983
2159,2404301,417315.0,3385530.0,30,60,3,3,2585.0,12.2,529,0,5,417360,3385675,529,0,5,-83.0,559,45.0,145.0,151.82226450688975,0,-42.75854060106002,-30,6,0,11.177621763441882
2160,2404301,417315.0,3385530.0,30,60,3,3,2585.0,12.2,529,0,5,417325,3385720,530,102,14,-103.0,559,10.0,190.0,190.26297590440447,1,-56.987212495816664,-29,6,0,8.666356409884395
2161,2404301,417315.0,3385530.0,30,60,3,3,2585.0,12.2,529,0,5,417415,3385630,529,0,5,-78.0,559,100.0,100.0,141.4213562373095,0,-15.0,-30,6,0,11.976725812374069
2162,2404301,417315.0,3385530.0,30,60,3,3,2585.0,12.2,529,0,5,417330,3385705,530,102,5,-98.5,559,15.0,175.0,175.64168070250295,1,-55.10090754621223,-29,6,0,9.375457641206365
2163,2404301,417315.0,3385530.0,30,60,3,3,2585.0,12.2,529,0,5,417405,3385640,529,0,5,-84.55,559,90.0,110.0,142.12670403551894,0,-20.710593137499643,-30,6,0,11.918991645266123
2164,2404301,417315.0,3385530.0,30,60,3,3,2585.0,12.2,529,0,5,417310,3385725,529,102,5,-97.5,559,-5.0,195.0,195.0640920313116,0,298.53119928561415,-30,6,0,8.743332956807311
2165,2404301,417315.0,3385530.0,30,60,3,3,2585.0,12.2,529,0,5,417410,3385625,528,0,5,-92.54,559,95.0,95.0,134.35028842544403,-1,-15.0,-31,6,0,12.993032513306764
2166,2404301,417315.0,3385530.0,30,60,3,3,2585.0,12.2,529,0,5,417320,3385715,530,102,14,-98.83,559,5.0,185.0,185.06755523321746,1,-58.451842301022054,-29,6,0,8.90580009547259
2167,2404301,417315.0,3385530.0,30,60,3,3,2585.0,12.2,529,0,5,417375,3385670,529,102,5,-81.5,559,60.0,140.0,152.31546211727817,0,-36.801409486351815,-30,6,0,11.14233566851488
2168,2404301,417315.0,3385530.0,30,60,3,3,2585.0,12.2,529,0,5,417345,3385700,530,0,5,-95.11,559,30.0,170.0,172.6267650163207,1,-49.992020198558635,-29,6,0,9.53621724692135
2169,2404301,417315.0,3385530.0,30,60,3,3,2585.0,12.2,529,0,5,417400,3385635,529,0,5,-80.48,559,85.0,105.0,135.09256086106296,0,-21.009005957494537,-30,6,0,12.520494165840901
2170,2404301,417315.0,3385530.0,30,60,3,3,2585.0,12.2,529,0,5,417340,3385695,530,0,5,-88.67,559,25.0,165.0,166.88319268278636,1,-51.384351815835885,-29,6,0,9.85808739462539
2171,2404301,417315.0,3385530.0,30,60,3,3,2585.0,12.2,529,0,5,417395,3385650,529,0,5,-81.0,559,80.0,120.0,144.22205101855957,0,-26.30993247402023,-30,6,0,11.75067410793719
2172,2404301,417315.0,3385530.0,30,60,3,3,2585.0,12.2,529,0,5,417390,3385645,529,0,5,-77.93,559,75.0,115.0,137.2953021774598,0,-26.888658039627956,-30,6,0,12.325805673676363
2173,2404301,417315.0,3385530.0,30,60,3,3,2585.0,12.2,529,0,5,417350,3385685,530,0,5,-99.0,559,35.0,155.0,158.90248582070703,1,-47.27564431457762,-29,6,0,10.342760547412631
2174,2404301,417315.0,3385530.0,30,60,3,3,2585.0,12.2,529,0,5,417380,3385655,529,102,6,-81.86,559,65.0,125.0,140.8900280360537,0,-32.52556837372288,-30,6,0,12.020581366569198
2175,2404301,417315.0,3385530.0,30,60,3,3,2585.0,12.2,529,0,5,417385,3385660,529,102,6,-71.2,559,70.0,130.0,147.648230602334,0,-31.699244233993625,-30,6,0,11.485327972474382
2176,2404301,417315.0,3385530.0,30,60,3,3,2585.0,12.2,529,0,5,417370,3385665,529,0,5,-84.67,559,55.0,135.0,145.7737973711325,0,-37.83365417791754,-30,6,0,11.629013995216061
2177,2404301,417315.0,3385530.0,30,60,3,3,2585.0,12.2,529,0,5,417355,3385690,530,0,10,-80.33,559,40.0,160.0,164.92422502470643,1,-45.963756532073546,-29,6,0,9.97284423843902
2178,2404301,417315.0,3385530.0,30,60,3,3,2585.0,12.2,529,0,5,417430,3385605,528,102,5,-86.83,559,115.0,75.0,137.2953021774598,-1,-3.1113419603720445,-31,6,0,12.723496019109984
2179,2404301,417315.0,3385530.0,30,60,3,3,2585.0,12.2,529,0,5,417335,3385710,530,102,5,-89.0,559,20.0,180.0,181.10770276274835,1,-53.65980825409008,-29,6,0,9.097299807000764
2180,2404301,417315.0,3385530.0,30,60,3,3,2585.0,12.2,529,0,5,417435,3385610,528,102,5,-92.0,559,120.0,80.0,144.22205101855957,-1,-3.690067525979771,-31,6,0,12.13094072122995
2181,2404301,417315.0,3385530.0,30,60,3,3,2585.0,12.2,529,0,5,417365,3385680,530,0,10,-71.5,559,50.0,150.0,158.11388300841898,1,-41.565051177077976,-29,6,0,10.393224235526036
2182,2404301,417315.0,3385530.0,30,60,3,3,2585.0,12.2,529,0,5,417825,3385410,524,0,5,-109.25,559,510.0,-120.0,523.9274758971894,-5,43.24051991518718,-35,6,0,3.8218594540151667
2183,2404301,417315.0,3385530.0,30,60,3,3,2585.0,12.2,529,0,5,417640,3385585,532,102,5,-96.5,559,325.0,55.0,329.6209944769902,3,20.394795844987073,-27,6,0,4.682772153141586
2184,2404301,417315.0,3385530.0,30,60,3,3,2585.0,12.2,529,0,5,417820,3385405,524,0,5,-105.2,559,505.0,-125.0,520.2403290787826,-5,43.902687114220555,-35,6,0,3.8488653390244227
2185,2404301,417315.0,3385530.0,30,60,3,3,2585.0,12.2,529,0,5,417255,3385435,531,0,5,-88.4,559,-60.0,-95.0,112.36102527122117,2,152.27564431457762,-28,6,0,13.99291856277201
2186,2404301,417315.0,3385530.0,30,60,3,3,2585.0,12.2,529,0,5,417250,3385440,531,0,10,-87.0,559,-65.0,-90.0,111.01801655587259,2,155.8376529542783,-28,6,0,14.155427443794608
2187,2404301,417315.0,3385530.0,30,60,3,3,2585.0,12.2,529,0,5,417270,3385420,530,102,5,-89.2,559,-45.0,-110.0,118.84864324004712,1,142.24902365721235,-29,6,0,13.71266048651618
2188,2404301,417315.0,3385530.0,30,60,3,3,2585.0,12.2,529,0,5,417240,3385430,530,0,5,-83.4,559,-75.0,-100.0,125.0,1,156.86989764584402,-29,6,0,13.061551083328114
2189,2404301,417315.0,3385530.0,30,60,3,3,2585.0,12.2,529,0,5,417275,3385415,530,102,5,-90.8,559,-40.0,-115.0,121.75795661885921,1,139.1790080258107,-29,6,0,13.39695552986269
2190,2404301,417315.0,3385530.0,30,60,3,3,2585.0,12.2,529,0,5,417420,3385610,528,102,5,-89.67,559,105.0,80.0,132.00378782444085,-1,-7.303948277983409,-31,6,0,13.21595813319441
2191,2404301,417315.0,3385530.0,30,60,3,3,2585.0,12.2,529,0,5,417435,3385615,528,102,5,-92.0,559,120.0,85.0,147.05441169852742,-1,-5.311213439633207,-31,6,0,11.90401959416852
2192,2404301,417315.0,3385530.0,30,60,3,3,2585.0,12.2,529,0,5,417410,3385640,529,0,5,-81.25,559,95.0,110.0,145.34441853748632,0,-19.184916125118434,-30,6,0,11.662428860910032
2193,2404301,417315.0,3385530.0,30,60,3,3,2585.0,12.2,529,0,5,417430,3385620,528,0,5,-102.4,559,115.0,90.0,146.03081866510234,-1,-8.047042531826094,-31,6,0,11.985055234361406
2194,2404301,417315.0,3385530.0,30,60,3,3,2585.0,12.2,529,0,5,417385,3385645,529,102,6,-77.88,559,70.0,115.0,134.6291201783626,0,-28.671307132195807,-30,6,0,12.562228295302136
2195,2404301,417315.0,3385530.0,30,60,3,3,2585.0,12.2,529,0,5,417390,3385660,529,102,6,-89.23,559,75.0,130.0,150.08331019803634,0,-30.018360631150642,-30,6,0,11.303816095896641
2196,2404301,417315.0,3385530.0,30,60,3,3,2585.0,12.2,529,0,5,417400,3385630,529,0,5,-78.75,559,85.0,100.0,131.24404748406687,0,-19.635463426902618,-30,6,0,12.875566038521393
2197,2404301,417315.0,3385530.0,30,60,3,3,2585.0,12.2,529,0,5,417395,3385655,529,0,5,-79.83,559,80.0,125.0,148.4082207965583,0,-27.38075692880716,-30,6,0,11.428063620887986
2198,2404301,417315.0,3385530.0,30,60,3,3,2585.0,12.2,529,0,5,417405,3385625,528,0,5,-89.08,559,90.0,95.0,130.86252328302402,-1,-16.548157698977946,-31,6,0,13.327120051236019
2199,2404301,417315.0,3385530.0,30,60,3,3,2585.0,12.2,529,0,5,417325,3385705,530,0,5,-98.74,559,10.0,175.0,175.28548142958104,1,-56.729512076816434,-29,6,0,9.394170318101784
2200,2404301,417315.0,3385530.0,30,60,3,3,2585.0,12.2,529,0,5,417370,3385680,530,0,10,-95.67,559,55.0,150.0,159.76545308670458,1,-39.86369657175186,-29,6,0,10.288090741465744
2201,2404301,417315.0,3385530.0,30,60,3,3,2585.0,12.2,529,0,5,417340,3385690,530,0,5,-95.25,559,25.0,160.0,161.94134740701648,1,-51.11934084947973,-29,6,0,10.152751209545766
2202,2404301,417315.0,3385530.0,30,60,3,3,2585.0,12.2,529,0,5,417375,3385675,530,102,5,-80.0,559,60.0,145.0,156.92354826475216,1,-37.52056560289691,-29,6,0,10.470324318602563
2203,2404301,417315.0,3385530.0,30,60,3,3,2585.0,12.2,529,0,5,417320,3385710,530,0,5,-98.92,559,5.0,180.0,180.06943105369106,1,-58.408859728805396,-29,6,0,9.148869787754746
2204,2404301,417315.0,3385530.0,30,60,3,3,2585.0,12.2,529,0,5,417345,3385685,530,0,5,-95.33,559,30.0,155.0,157.87653403846943,1,-49.045937356601655,-29,6,0,10.408507982087315
2205,2404301,417315.0,3385530.0,30,60,3,3,2585.0,12.2,529,0,5,417415,3385635,529,0,5,-78.0,559,100.0,105.0,145.0,0,-16.39718102729637,-30,6,0,11.689369175439193
2206,2404301,417315.0,3385530.0,30,60,3,3,2585.0,12.2,529,0,5,417380,3385650,529,102,6,-83.2,559,65.0,120.0,136.4734406395618,0,-31.557071375636667,-30,6,0,12.39774453948989
2207,2404301,417315.0,3385530.0,30,60,3,3,2585.0,12.2,529,0,5,417305,3385725,529,102,5,-102.5,559,-10.0,195.0,195.25624189766637,0,297.06432655357884,-30,6,0,8.734861486585647
2208,2404301,417315.0,3385530.0,30,60,3,3,2585.0,12.2,529,0,5,417285,3385455,531,0,5,-85.8,559,-30.0,-75.0,80.77747210701756,2,141.80140948635182,-28,6,0,19.117917240757716
2209,2404301,417315.0,3385530.0,30,60,3,3,2585.0,12.2,529,0,5,417340,3385520,526,0,10,-80.78,559,25.0,-10.0,26.92582403567252,-3,51.801409486351815,-33,6,0,50.787822833278234
2210,2404301,417315.0,3385530.0,30,60,3,3,2585.0,12.2,529,0,5,417595,3385425,524,0,6,-94.0,559,280.0,-105.0,299.0401310861136,-5,50.55604521958344,-35,6,0,6.6755921660767195
2211,2404301,417315.0,3385530.0,30,60,3,3,2585.0,12.2,529,0,5,417425,3385595,527,102,5,-89.33,559,110.0,65.0,127.76932339180638,-2,-0.5792268724890164,-32,6,0,14.06058032649815
2212,2404301,417315.0,3385530.0,30,60,3,3,2585.0,12.2,529,0,5,417280,3385460,531,0,5,-86.3,559,-35.0,-70.0,78.26237921249263,2,146.565051177078,-28,6,0,19.685730102414364
2213,2404301,417315.0,3385530.0,30,60,3,3,2585.0,12.2,529,0,5,417570,3385410,523,0,5,-95.0,559,255.0,-120.0,281.82441342083905,-6,55.20112364547509,-36,6,0,7.279488938868509
2214,2404301,417315.0,3385530.0,30,60,3,3,2585.0,12.2,529,0,5,417575,3385405,522,0,5,-91.0,559,260.0,-125.0,288.4874347350331,-7,55.67681568183821,-37,6,0,7.308579360603184
2215,2404301,417315.0,3385530.0,30,60,3,3,2585.0,12.2,529,0,5,417290,3385450,530,0,5,-82.88,559,-25.0,-80.0,83.81527307120105,1,137.3540246362613,-29,6,0,19.085568501822024
2216,2404301,417315.0,3385530.0,30,60,3,3,2585.0,12.2,529,0,5,417365,3385535,524,0,5,-84.56,559,50.0,5.0,50.24937810560445,-5,24.289406862500357,-35,6,0,34.85821572902542
2217,2404301,417315.0,3385530.0,30,60,3,3,2585.0,12.2,529,0,5,417360,3385540,525,0,5,-79.17,559,45.0,10.0,46.09772228646444,-4,17.471192290848478,-34,6,0,36.41113313937314
2218,2404301,417315.0,3385530.0,30,60,3,3,2585.0,12.2,529,0,5,417565,3385415,523,0,5,-84.0,559,250.0,-115.0,275.1817581163403,-6,54.70243022777129,-36,6,0,7.453256886894192
2219,2404301,417315.0,3385530.0,30,60,3,3,2585.0,12.2,529,0,5,417330,3385490,527,0,5,-89.76,559,15.0,-40.0,42.720018726587654,-2,99.44395478041656,-32,6,0,36.83553561080208
2220,2404301,417315.0,3385530.0,30,60,3,3,2585.0,12.2,529,0,5,417295,3385445,530,0,5,-86.63,559,-20.0,-85.0,87.32124598286491,1,133.24051991518718,-29,6,0,18.371689972679768
2221,2404301,417315.0,3385530.0,30,60,3,3,2585.0,12.2,529,0,5,417390,3385550,525,0,5,-78.33,559,75.0,20.0,77.62087348130012,-4,15.068582821862435,-34,6,0,23.65469297114185
2222,2404301,417315.0,3385530.0,30,60,3,3,2585.0,12.2,529,0,5,417345,3385515,526,0,10,-81.78,559,30.0,-15.0,33.54101966249684,-3,56.565051177077976,-33,6,0,44.53416012536895
2223,2404301,417315.0,3385530.0,30,60,3,3,2585.0,12.2,529,0,5,417370,3385530,524,0,5,-84.11,559,55.0,0.0,55.0,-5,30.0,-35,6,0,32.47119229084849
2224,2404301,417315.0,3385530.0,30,60,3,3,2585.0,12.2,529,0,5,417380,3385560,525,0,5,-75.32,559,65.0,30.0,71.58910531638176,-4,5.224859431168056,-34,6,0,25.40456724955244
2225,2404301,417315.0,3385530.0,30,60,3,3,2585.0,12.2,529,0,5,417430,3385590,527,0,5,-94.04,559,115.0,60.0,129.71121771072848,-2,2.4471884232822276,-32,6,0,13.858252816753037
2226,2404301,417315.0,3385530.0,30,60,3,3,2585.0,12.2,529,0,5,417305,3385475,529,0,5,-90.16,559,-10.0,-55.0,55.90169943749474,0,130.30484646876602,-30,6,0,28.220512053403727
2227,2404301,417315.0,3385530.0,30,60,3,3,2585.0,12.2,529,0,5,417420,3385600,527,0,5,-90.38,559,105.0,70.0,126.19429464123962,-2,-3.690067525979771,-32,6,0,14.228984348081717
2228,2404301,417315.0,3385530.0,30,60,3,3,2585.0,12.2,529,0,5,417320,3385500,528,0,5,-87.62,559,5.0,-30.0,30.4138126514911,-1,110.53767779197437,-31,6,0,45.546864617745996
2229,2404301,417315.0,3385530.0,30,60,3,3,2585.0,12.2,529,0,5,417375,3385525,524,0,10,-81.93,559,60.0,-5.0,60.207972893961475,-5,34.76364169072616,-35,6,0,30.17022311341457
2230,2404301,417315.0,3385530.0,30,60,3,3,2585.0,12.2,529,0,5,417415,3385565,525,0,6,-87.57,559,100.0,35.0,105.94810050208545,-4,10.709953780811247,-34,6,0,17.792050810168963
2231,2404301,417315.0,3385530.0,30,60,3,3,2585.0,12.2,529,0,5,417335,3385485,527,0,5,-92.56,559,20.0,-45.0,49.24428900898052,-2,96.03751102542185,-32,6,0,33.01667914607858
2232,2404301,417315.0,3385530.0,30,60,3,3,2585.0,12.2,529,0,5,417315,3385465,529,0,5,-93.0,559,0.0,-65.0,65.0,0,120.0,-30,6,0,24.77514056883192
2233,2404301,417315.0,3385530.0,30,60,3,3,2585.0,12.2,529,0,5,417310,3385470,529,0,5,-91.4,559,-5.0,-60.0,60.207972893961475,0,124.76364169072619,-30,6,0,26.485831108877463
2234,2404301,417315.0,3385530.0,30,60,3,3,2585.0,12.2,529,0,5,417325,3385495,528,0,5,-91.63,559,10.0,-35.0,36.40054944640259,-1,104.0546040990771,-31,6,0,40.41889445460671
2235,2404301,417315.0,3385530.0,30,60,3,3,2585.0,12.2,529,0,5,417405,3385575,526,0,7,-90.67,559,90.0,45.0,100.62305898749054,-3,3.434948822922024,-33,6,0,18.157247236492648
2236,2404301,417315.0,3385530.0,30,60,3,3,2585.0,12.2,529,0,5,417435,3385585,526,0,5,-88.55,559,120.0,55.0,132.00378782444085,-3,5.376435213836373,-33,6,0,14.035856622128302
2237,2404301,417315.0,3385530.0,30,60,3,3,2585.0,12.2,529,0,5,417300,3385480,530,0,10,-90.3,559,-15.0,-50.0,52.20153254455275,1,136.6992442339936,-29,6,0,29.05388999396274
2238,2404301,417315.0,3385530.0,30,60,3,3,2585.0,12.2,529,0,5,417385,3385555,525,0,5,-73.9,559,70.0,25.0,74.33034373659252,-4,10.346175941946683,-34,6,0,24.580185798029675
2239,2404301,417315.0,3385530.0,30,60,3,3,2585.0,12.2,529,0,5,417590,3385430,524,0,6,-100.67,559,275.0,-100.0,292.61749776799064,-5,49.98310652189997,-35,6,0,6.820748320365754
2240,2404301,417315.0,3385530.0,30,60,3,3,2585.0,12.2,529,0,5,417585,3385435,524,0,6,-94.5,559,270.0,-95.0,286.2254356272342,-5,49.38451567935783,-35,6,0,6.971588183128907
2241,2404301,417315.0,3385530.0,30,60,3,3,2585.0,12.2,529,0,5,417395,3385545,525,0,5,-78.78,559,80.0,15.0,81.39410298049853,-4,19.38034472384487,-34,6,0,22.671302666267483
2242,2404301,417315.0,3385530.0,30,60,3,3,2585.0,12.2,529,0,5,417410,3385570,526,0,7,-90.43,559,95.0,40.0,103.07764064044152,-3,7.166345822082462,-33,6,0,17.752312730991235
2243,2404301,417315.0,3385530.0,30,60,3,3,2585.0,12.2,529,0,5,417355,3385505,525,0,5,-81.08,559,40.0,-25.0,47.16990566028302,-4,62.005383208083515,-34,6,0,35.784008897775436
2244,2404301,417315.0,3385530.0,30,60,3,3,2585.0,12.2,529,0,5,417400,3385580,526,0,6,-88.33,559,85.0,50.0,98.6154146165801,-3,-0.4655449194598873,-33,6,0,18.50195615445912
2245,2404301,417315.0,3385530.0,30,60,3,3,2585.0,12.2,529,0,5,417350,3385510,525,0,5,-81.0,559,35.0,-20.0,40.311288741492746,-4,59.74488129694225,-34,6,0,40.145495317665215
2246,2404301,417315.0,3385530.0,30,60,3,3,2585.0,12.2,529,0,5,417450,3385730,531,0,5,-92.75,559,135.0,200.0,241.29857024027308,2,-25.98065001017352,-28,6,0,6.618932260308583
2247,2404301,417315.0,3385530.0,30,60,3,3,2585.0,12.2,529,0,5,417560,3385620,530,0,5,-100.0,559,245.0,90.0,261.00766272276377,1,9.829346588149633,-29,6,0,6.340007124824274
2248,2404301,417315.0,3385530.0,30,60,3,3,2585.0,12.2,529,0,5,417470,3385750,532,0,6,-88.67,559,155.0,220.0,269.1189328159578,3,-24.833563964207087,-27,6,0,5.729164849492688
2249,2404301,417315.0,3385530.0,30,60,3,3,2585.0,12.2,529,0,5,417485,3385695,532,0,5,-88.0,559,170.0,165.0,236.90715480964266,3,-14.144902603733271,-27,6,0,6.501871601843041
2250,2404301,417315.0,3385530.0,30,60,3,3,2585.0,12.2,529,0,5,417500,3385720,532,0,5,-101.5,559,185.0,190.0,265.1886121235224,3,-15.763898460930022,-27,6,0,5.813498565363983
2251,2404301,417315.0,3385530.0,30,60,3,3,2585.0,12.2,529,0,5,417480,3385700,532,0,5,-88.5,559,165.0,170.0,236.90715480964266,3,-15.855097396266729,-27,6,0,6.501871601843041
2252,2404301,417315.0,3385530.0,30,60,3,3,2585.0,12.2,529,0,5,417475,3385745,532,0,6,-96.5,559,160.0,215.0,268.00186566514793,3,-23.343891584033088,-27,6,0,5.752884919720673
2253,2404301,417315.0,3385530.0,30,60,3,3,2585.0,12.2,529,0,5,417525,3385655,531,0,10,-90.0,559,210.0,125.0,244.38698819699874,2,-0.7627195342388973,-28,6,0,6.53601446065135
2254,2404301,417315.0,3385530.0,30,60,3,3,2585.0,12.2,529,0,5,417445,3385735,531,0,6,-93.0,559,130.0,205.0,242.7447218787671,2,-27.61932229343074,-28,6,0,6.5798467753319425
2255,2404301,417315.0,3385530.0,30,60,3,3,2585.0,12.2,529,0,5,417440,3385740,531,0,6,-85.5,559,125.0,210.0,244.38698819699874,2,-29.237280465761103,-28,6,0,6.53601446065135
2256,2404301,417315.0,3385530.0,30,60,3,3,2585.0,12.2,529,0,5,417455,3385725,531,0,5,-92.33,559,140.0,195.0,240.05207768315609,2,-24.323591778137995,-28,6,0,6.652994356109611
2257,2404301,417315.0,3385530.0,30,60,3,3,2585.0,12.2,529,0,5,417435,3385785,531,0,6,-100.0,559,120.0,255.0,281.82441342083905,2,-34.79887635452491,-28,6,0,5.673867133033407
2258,2404301,417315.0,3385530.0,30,60,3,3,2585.0,12.2,529,0,5,417740,3385390,523,0,10,-100.0,559,425.0,-140.0,447.4650824366076,-6,48.232491080703824,-36,6,0,4.5997219311893005
2259,2404301,417315.0,3385530.0,30,60,3,3,2585.0,12.2,529,0,5,417635,3385355,520,0,5,-98.5,559,320.0,-175.0,364.72592449673766,-9,58.673146489435,-39,6,0,6.103423665887833
2260,2404301,417315.0,3385530.0,30,60,3,3,2585.0,12.2,529,0,5,417750,3385400,524,0,10,-101.75,559,435.0,-130.0,454.00991178607546,-5,46.63880567042628,-35,6,0,4.408260120755232
2261,2404301,417315.0,3385530.0,30,60,3,3,2585.0,12.2,529,0,5,417630,3385360,520,0,5,-96.0,559,315.0,-170.0,357.94552658190884,-9,58.354961785324065,-39,6,0,6.218140658951906
2262,2404301,417315.0,3385530.0,30,60,3,3,2585.0,12.2,529,0,5,417175,3385605,531,0,5,-97.5,559,-140.0,75.0,158.8238017426859,2,238.17859010995915,-28,6,0,9.998278118670212
2263,2404301,417315.0,3385530.0,30,60,3,3,2585.0,12.2,529,0,5,417190,3385630,530,0,5,-92.5,559,-125.0,100.0,160.0781059358212,1,248.65980825409008,-29,6,0,10.2684247090119
2264,2404301,417315.0,3385530.0,30,60,3,3,2585.0,12.2,529,0,5,417270,3385710,529,0,5,-97.5,559,-45.0,180.0,185.53975315279473,0,285.96375653207355,-30,6,0,9.184688113554717
2265,2404301,417315.0,3385530.0,30,60,3,3,2585.0,12.2,529,0,5,417265,3385715,529,0,5,-103.67,559,-50.0,185.0,191.637678967368,0,284.8759926916894,-30,6,0,8.897181058150442
2266,2404301,417315.0,3385530.0,30,60,3,3,2585.0,12.2,529,0,5,417195,3385625,531,0,5,-94.5,559,-120.0,95.0,153.05227865013967,2,248.36748538486154,-28,6,0,10.367275981697322
2267,2404301,417315.0,3385530.0,30,60,3,3,2585.0,12.2,529,0,5,414770,3385450,497,0,5,-89.5,559,-2545.0,-80.0,2546.257056936711,-32,208.19954674353266,-62,6,0,1.3948460205363782
2268,2404301,417315.0,3385530.0,30,60,3,3,2585.0,12.2,529,0,5,417185,3385635,530,0,5,-92.0,559,-130.0,105.0,167.10774967068403,1,248.9275435927923,-29,6,0,9.845099623478152
2269,2404301,417315.0,3385530.0,30,60,3,3,2585.0,12.2,529,0,5,417260,3385720,529,0,5,-101.0,559,-55.0,190.0,197.80040444852483,0,283.8556612197165,-30,6,0,8.62421136726363
2270,2404301,417315.0,3385530.0,30,60,3,3,2585.0,12.2,529,0,5,417430,3385730,531,0,6,-91.5,559,115.0,200.0,230.70543990118657,2,-30.101098161385437,-28,6,0,6.919965728576625
2271,2404301,417315.0,3385530.0,30,60,3,3,2585.0,12.2,529,0,5,417295,3385625,531,0,5,-78.6,559,-20.0,95.0,97.082439194738,2,288.11134196037204,-28,6,0,16.088337420852614
2272,2404301,417315.0,3385530.0,30,60,3,3,2585.0,12.2,529,0,5,417370,3385710,530,0,10,-88.5,559,55.0,180.0,188.2153022471871,1,-43.009176708013854,-29,6,0,8.75918684445024
2273,2404301,417315.0,3385530.0,30,60,3,3,2585.0,12.2,529,0,5,417290,3385630,531,0,5,-92.0,559,-25.0,100.0,103.07764064044152,2,285.96375653207355,-28,6,0,15.197114052501222
2274,2404301,417315.0,3385530.0,30,60,3,3,2585.0,12.2,529,0,5,417280,3385640,531,0,5,-97.0,559,-35.0,110.0,115.43396380615195,2,282.34987578006985,-28,6,0,13.634499534800034
2275,2404301,417315.0,3385530.0,30,60,3,3,2585.0,12.2,529,0,5,417340,3385660,529,0,5,-94.0,559,25.0,130.0,132.38202294873727,0,-49.11447294534128,-30,6,0,12.768528951253494
2276,2404301,417315.0,3385530.0,30,60,3,3,2585.0,12.2,529,0,5,417310,3385610,530,0,5,-79.8,559,-5.0,80.0,80.15609770940699,1,296.4236656250026,-29,6,0,19.889822905340655
2277,2404301,417315.0,3385530.0,30,60,3,3,2585.0,12.2,529,0,5,417305,3385615,530,0,5,-80.0,559,-10.0,85.0,85.58621384311844,1,293.2901631922431,-29,6,0,18.718416432412457
2278,2404301,417315.0,3385530.0,30,60,3,3,2585.0,12.2,529,0,5,417415,3385745,531,0,5,-91.0,559,100.0,215.0,237.11811402758752,2,-35.0560947365754,-28,6,0,6.734563131686291
2279,2404301,417315.0,3385530.0,30,60,3,3,2585.0,12.2,529,0,5,417475,3385765,532,0,5,-88.43,559,160.0,235.0,284.29737951659,3,-25.750966993188058,-27,6,0,5.425164493784747
2280,2404301,417315.0,3385530.0,30,60,3,3,2585.0,12.2,529,0,5,417300,3385620,531,0,5,-79.82,559,-15.0,90.0,91.2414379544733,2,290.5376777919744,-28,6,0,17.060103713912078
2281,2404301,417315.0,3385530.0,30,60,3,3,2585.0,12.2,529,0,5,417335,3385665,529,6,5,-88.8,559,20.0,135.0,136.4734406395618,0,-51.57303097851934,-30,6,0,12.39774453948989
2282,2404301,417315.0,3385530.0,30,60,3,3,2585.0,12.2,529,0,5,417320,3385680,530,0,5,-90.0,559,5.0,150.0,150.08331019803634,1,-58.09084756700361,-29,6,0,10.936257972887388
2283,2404301,417315.0,3385530.0,30,60,3,3,2585.0,12.2,529,0,5,417315,3385605,530,0,5,-73.25,559,0.0,75.0,75.0,1,-60.0,-29,6,0,21.13982480865766
2284,2404301,417315.0,3385530.0,30,60,3,3,2585.0,12.2,529,0,5,417375,3385705,530,0,10,-91.33,559,60.0,175.0,185.0,1,-41.07535558394875,-29,6,0,8.909000011941629
2285,2404301,417315.0,3385530.0,30,60,3,3,2585.0,12.2,529,0,5,417355,3385645,529,102,5,-86.5,559,40.0,115.0,121.75795661885921,0,-40.82099197418927,-30,6,0,13.84143320377996
2286,2404301,417315.0,3385530.0,30,60,3,3,2585.0,12.2,529,0,5,417435,3385725,531,0,6,-92.0,559,120.0,195.0,228.96506283710622,2,-28.392497753751115,-28,6,0,6.972049024361799
2287,2404301,417315.0,3385530.0,30,60,3,3,2585.0,12.2,529,0,5,417470,3385770,532,102,6,-89.5,559,155.0,240.0,285.70089254323307,3,-27.144278049566992,-27,6,0,5.398671082748588
2288,2404301,417315.0,3385530.0,30,60,3,3,2585.0,12.2,529,0,5,417330,3385670,530,6,5,-90.0,559,15.0,140.0,140.80127840328723,1,-53.88449643371462,-29,6,0,11.638123876463087
2289,2404301,417315.0,3385530.0,30,60,3,3,2585.0,12.2,529,0,5,417285,3385635,531,0,5,-92.4,559,-30.0,105.0,109.20164833920778,2,284.05460409907715,-28,6,0,14.3811865150745
2290,2404301,417315.0,3385530.0,30,60,3,3,2585.0,12.2,529,0,5,417395,3385685,530,102,6,-93.0,559,80.0,155.0,174.42763542512407,1,-32.700427788667184,-29,6,0,9.439541915594495
2291,2404301,417315.0,3385530.0,30,60,3,3,2585.0,12.2,529,0,5,417655,3385605,533,0,5,-97.0,559,340.0,75.0,348.1738071710737,4,17.560437981153427,-26,6,0,4.270655703421882
2292,2404301,417315.0,3385530.0,30,60,3,3,2585.0,12.2,529,0,5,417280,3385545,532,102,6,-89.8,559,-35.0,15.0,38.07886552931954,3,233.19859051364818,-27,6,0,35.33872782621112
2293,2404301,417315.0,3385530.0,30,60,3,3,2585.0,12.2,529,0,5,417285,3385550,532,0,6,-90.67,559,-30.0,20.0,36.05551275463989,3,243.69006752597977,-27,6,0,36.827530844423855
2294,2404301,417315.0,3385530.0,30,60,3,3,2585.0,12.2,529,0,5,417395,3385460,525,0,5,-99.0,559,80.0,-70.0,106.30145812734649,-4,71.18592516570965,-34,6,0,17.736620293943464
2295,2404301,417315.0,3385530.0,30,60,3,3,2585.0,12.2,529,0,5,417335,3385600,529,0,6,-72.57,559,20.0,70.0,72.80109889280519,0,-44.05460409907715,-30,6,0,22.395662330039155
2296,2404301,417315.0,3385530.0,30,60,3,3,2585.0,12.2,529,0,5,417385,3385450,526,0,5,-95.6,559,70.0,-80.0,106.30145812734649,-3,78.81407483429035,-33,6,0,17.24632273807607
2297,2404301,417315.0,3385530.0,30,60,3,3,2585.0,12.2,529,0,5,417305,3385530,530,0,5,-79.8,559,-10.0,0.0,10.0,1,210.0,-29,6,0,70.97439396243132
2298,2404301,417315.0,3385530.0,30,60,3,3,2585.0,12.2,529,0,5,417590,3385335,519,0,5,-94.0,559,275.0,-195.0,337.12015662075146,-10,65.34010692155766,-40,6,0,6.766626209190819
2299,2404301,417315.0,3385530.0,30,60,3,3,2585.0,12.2,529,0,5,417360,3385465,526,0,5,-86.5,559,45.0,-65.0,79.05694150420949,-3,85.30484646876607,-33,6,0,22.65666466892851
2300,2404301,417315.0,3385530.0,30,60,3,3,2585.0,12.2,529,0,5,417400,3385505,524,0,5,-85.91,559,85.0,-25.0,88.60022573334675,-5,46.38954033403479,-35,6,0,21.555648216417804
2301,2404301,417315.0,3385530.0,30,60,3,3,2585.0,12.2,529,0,5,417430,3385495,524,0,10,-90.65,559,115.0,-35.0,120.20815280171308,-5,46.927513064147035,-35,6,0,16.233532488261588
2302,2404301,417315.0,3385530.0,30,60,3,3,2585.0,12.2,529,0,5,417560,3385345,520,0,5,-99.5,559,245.0,-185.0,307.001628660175,-9,67.05652818940962,-39,6,0,7.239799396415108
2303,2404301,417315.0,3385530.0,30,60,3,3,2585.0,12.2,529,0,5,417380,3385445,526,0,5,-94.33,559,65.0,-85.0,107.00467279516349,-3,82.59464336859145,-33,6,0,17.13964466404526
2304,2404301,417315.0,3385530.0,30,60,3,3,2585.0,12.2,529,0,5,417340,3385565,527,0,5,-73.18,559,25.0,35.0,43.01162633521314,-2,-24.462322208025626,-32,6,0,36.648690118271546
2305,2404301,417315.0,3385530.0,30,60,3,3,2585.0,12.2,529,0,5,417405,3385510,524,0,5,-84.75,559,90.0,-20.0,92.19544457292888,-5,42.52880770915152,-35,6,0,20.78817916233004
2306,2404301,417315.0,3385530.0,30,60,3,3,2585.0,12.2,529,0,5,417425,3385490,524,0,10,-87.7,559,110.0,-40.0,117.04699910719626,-5,49.98310652189997,-35,6,0,16.647989156271954
2307,2404301,417315.0,3385530.0,30,60,3,3,2585.0,12.2,529,0,5,417420,3385485,524,0,10,-88.6,559,105.0,-45.0,114.23659658795863,-5,53.198590513648185,-35,6,0,17.034104679047143
2308,2404301,417315.0,3385530.0,30,60,3,3,2585.0,12.2,529,0,5,417350,3385575,527,0,5,-70.45,559,35.0,45.0,57.0087712549569,-2,-22.125016348901795,-32,6,0,29.306243928619725
2309,2404301,417315.0,3385530.0,30,60,3,3,2585.0,12.2,529,0,5,417410,3385515,524,0,5,-86.32,559,95.0,-15.0,96.17692030835673,-5,38.9726266148964,-35,6,0,19.997087644203926
2310,2404301,417315.0,3385530.0,30,60,3,3,2585.0,12.2,529,0,5,417345,3385570,527,0,5,-68.79,559,30.0,40.0,50.0,-2,-23.13010235415595,-32,6,0,32.61924307119283
2311,2404301,417315.0,3385530.0,30,60,3,3,2585.0,12.2,529,0,5,417325,3385590,529,0,6,-69.63,559,10.0,60.0,60.8276253029822,0,-50.537677791974374,-30,6,0,26.25237511772069
2312,2404301,417315.0,3385530.0,30,60,3,3,2585.0,12.2,529,0,5,417315,3385540,529,0,5,-72.86,559,0.0,10.0,10.0,0,-60.0,-30,6,0,71.56505117707799
2313,2404301,417315.0,3385530.0,30,60,3,3,2585.0,12.2,529,0,5,417355,3385580,527,0,5,-67.91,559,40.0,50.0,64.03124237432849,-2,-21.34019174590992,-32,6,0,26.553867693508632
2314,2404301,417315.0,3385530.0,30,60,3,3,2585.0,12.2,529,0,5,417435,3385500,523,0,10,-87.93,559,120.0,-30.0,123.69316876852982,-6,44.03624346792651,-36,6,0,16.227254023233513
2315,2404301,417315.0,3385530.0,30,60,3,3,2585.0,12.2,529,0,5,417300,3385525,530,0,5,-79.27,559,-15.0,-5.0,15.811388300841896,1,191.56505117707798,-29,6,0,61.39988574641117
2316,2404301,417315.0,3385530.0,30,60,3,3,2585.0,12.2,529,0,5,417415,3385520,523,0,5,-85.4,559,100.0,-10.0,100.4987562112089,-6,35.71059313749964,-36,6,0,19.708203963231462
2317,2404301,417315.0,3385530.0,30,60,3,3,2585.0,12.2,529,0,5,417310,3385535,529,0,5,-74.38,559,-5.0,5.0,7.0710678118654755,0,255.0,-30,6,0,76.73732399169515
2318,2404301,417315.0,3385530.0,30,60,3,3,2585.0,12.2,529,0,5,417330,3385595,529,0,6,-75.31,559,15.0,65.0,66.70832032063167,0,-47.005383208083515,-30,6,0,24.21435568039253
2319,2404301,417315.0,3385530.0,30,60,3,3,2585.0,12.2,529,0,5,417370,3385475,525,0,5,-95.38,559,55.0,-55.0,77.78174593052023,-4,75.0,-34,6,0,23.611127373828925
2320,2404301,417315.0,3385530.0,30,60,3,3,2585.0,12.2,529,0,5,417320,3385585,529,0,6,-73.0,559,5.0,55.0,55.226805085936306,0,-54.80557109226521,-30,6,0,28.511449790562292
2321,2404301,417315.0,3385530.0,30,60,3,3,2585.0,12.2,529,0,5,417365,3385470,526,0,5,-87.6,559,50.0,-60.0,78.10249675906654,-3,80.19442890773485,-33,6,0,22.905112974311557
2322,2404301,417315.0,3385530.0,30,60,3,3,2585.0,12.2,529,0,5,417290,3385555,531,0,6,-96.67,559,-25.0,25.0,35.35533905932738,2,255.0,-28,6,0,38.377801231771926
2323,2404301,417315.0,3385530.0,30,60,3,3,2585.0,12.2,529,0,5,417375,3385480,525,102,5,-81.5,559,60.0,-50.0,78.10249675906654,-4,69.80557109226521,-34,6,0,23.524715437878022
2324,2404301,417315.0,3385530.0,30,60,3,3,2585.0,12.2,529,0,5,417610,3385425,524,0,6,-103.5,559,295.0,-105.0,313.12936623702353,-5,49.59228189105153,-35,6,0,6.377756846672321
2325,2404301,417315.0,3385530.0,30,60,3,3,2585.0,12.2,529,0,5,417620,3385415,523,0,6,-104.5,559,305.0,-115.0,325.96012026013244,-6,50.658910063307474,-36,6,0,6.302373504977708
2326,2404301,417315.0,3385530.0,30,60,3,3,2585.0,12.2,529,0,5,417635,3385410,523,9,7,-107.5,559,320.0,-120.0,341.76014981270123,-6,50.55604521958344,-36,6,0,6.0131922412668795
2327,2404301,417315.0,3385530.0,30,60,3,3,2585.0,12.2,529,0,5,417605,3385440,525,0,6,-101.5,559,290.0,-90.0,303.6445290137795,-4,47.24145939893998,-34,6,0,6.388969567416847
2328,2404301,417315.0,3385530.0,30,60,3,3,2585.0,12.2,529,0,5,417625,3385420,524,0,6,-102.67,559,310.0,-110.0,328.93768406797057,-5,49.53665493812838,-35,6,0,6.073598212021606
2329,2404301,417315.0,3385530.0,30,60,3,3,2585.0,12.2,529,0,5,417600,3385435,524,0,7,-100.67,559,285.0,-95.0,300.416377715996,-5,48.434948822922024,-35,6,0,6.645284544762939
2330,2404301,417315.0,3385530.0,30,60,3,3,2585.0,12.2,529,0,5,417225,3385420,530,0,10,-79.0,559,-90.0,-110.0,142.12670403551894,1,159.28940686250033,-29,6,0,11.53251149379497
2331,2404301,417315.0,3385530.0,30,60,3,3,2585.0,12.2,529,0,5,417220,3385415,530,0,10,-81.0,559,-95.0,-115.0,149.164338901763,1,159.5596679689945,-29,6,0,11.001994857060053
2332,2404301,417315.0,3385530.0,30,60,3,3,2585.0,12.2,529,0,5,417215,3385430,530,0,10,-89.0,559,-100.0,-100.0,141.4213562373095,1,165.0,-29,6,0,11.588478432113043
2333,2404301,417315.0,3385530.0,30,60,3,3,2585.0,12.2,529,0,5,417740,3385395,524,0,10,-99.67,559,425.0,-135.0,445.92600283006595,-5,47.62229722866829,-35,6,0,4.487851090731126
2334,2404301,417315.0,3385530.0,30,60,3,3,2585.0,12.2,529,0,5,417745,3385400,524,0,10,-104.8,559,430.0,-130.0,449.22154890432404,-5,46.821409890040854,-35,6,0,4.455060675527577
2335,2404301,417315.0,3385530.0,30,60,3,3,2585.0,12.2,529,0,5,417385,3385485,525,102,5,-85.2,559,70.0,-45.0,83.21658488546619,-4,62.73522627210758,-34,6,0,22.223569843211383
2336,2404301,417315.0,3385530.0,30,60,3,3,2585.0,12.2,529,0,5,417390,3385500,524,0,5,-82.67,559,75.0,-30.0,80.77747210701756,-5,51.801409486351815,-35,6,0,23.426560137095336
2337,2404301,417315.0,3385530.0,30,60,3,3,2585.0,12.2,529,0,5,417300,3385570,530,0,5,-74.56,559,-15.0,40.0,42.720018726587654,1,279.44395478041656,-29,6,0,34.17017684700945
2338,2404301,417315.0,3385530.0,30,60,3,3,2585.0,12.2,529,0,5,417350,3385540,525,0,5,-75.04,559,35.0,10.0,36.40054944640259,-4,14.054604099077153,-34,6,0,43.04705952727658
2339,2404301,417315.0,3385530.0,30,60,3,3,2585.0,12.2,529,0,5,417290,3385600,531,0,5,-84.0,559,-25.0,70.0,74.33034373659252,2,280.3461759419467,-28,6,0,20.641229376866505
2340,2404301,417315.0,3385530.0,30,60,3,3,2585.0,12.2,529,0,5,417295,3385595,531,0,5,-79.81,559,-20.0,65.0,68.00735254367721,2,282.89727103094765,-28,6,0,22.377954123374536
2341,2404301,417315.0,3385530.0,30,60,3,3,2585.0,12.2,529,0,5,417370,3385520,524,0,10,-89.0,559,55.0,-10.0,55.90169943749474,-5,40.304846468766016,-35,6,0,32.05064263526879
2342,2404301,417315.0,3385530.0,30,60,3,3,2585.0,12.2,529,0,5,417425,3385445,525,102,5,-101.0,559,110.0,-85.0,139.01438774457844,-4,67.69424046668917,-34,6,0,13.74354287824154
2343,2404301,417315.0,3385530.0,30,60,3,3,2585.0,12.2,529,0,5,417320,3385550,528,0,5,-77.13,559,5.0,20.0,20.615528128088304,-1,-45.963756532073546,-31,6,0,56.37541704749214
2344,2404301,417315.0,3385530.0,30,60,3,3,2585.0,12.2,529,0,5,417415,3385475,524,0,5,-94.14,559,100.0,-55.0,114.12712210513327,-5,58.81079374297303,-35,6,0,17.049497141169123
2345,2404301,417315.0,3385530.0,30,60,3,3,2585.0,12.2,529,0,5,417410,3385480,524,0,5,-95.85,559,95.0,-50.0,107.35455276791944,-5,57.75854060106002,-35,6,0,18.05713389340598
2346,2404301,417315.0,3385530.0,30,60,3,3,2585.0,12.2,529,0,5,417280,3385590,532,0,5,-78.86,559,-35.0,60.0,69.46221994724903,3,269.74356283647074,-27,6,0,21.24112925514401
2347,2404301,417315.0,3385530.0,30,60,3,3,2585.0,12.2,529,0,5,417315,3385575,529,0,6,-71.3,559,0.0,45.0,45.0,0,-60.0,-30,6,0,33.690067525979785
2348,2404301,417315.0,3385530.0,30,60,3,3,2585.0,12.2,529,0,5,417335,3385555,527,0,5,-73.03,559,20.0,25.0,32.01562118716424,-2,-21.34019174590992,-32,6,0,44.986018598880534
2349,2404301,417315.0,3385530.0,30,60,3,3,2585.0,12.2,529,0,5,417430,3385460,524,0,5,-107.42,559,115.0,-70.0,134.6291201783626,-5,61.32869286780419,-35,6,0,14.572792566247553
2350,2404301,417315.0,3385530.0,30,60,3,3,2585.0,12.2,529,0,5,417285,3385585,531,0,5,-81.57,559,-30.0,55.0,62.64982043070834,2,271.3895403340348,-28,6,0,24.081236215193254
2351,2404301,417315.0,3385530.0,30,60,3,3,2585.0,12.2,529,0,5,417360,3385510,525,0,5,-82.2,559,45.0,-20.0,49.24428900898052,-4,53.96248897457821,-34,6,0,34.62257214664508
2352,2404301,417315.0,3385530.0,30,60,3,3,2585.0,12.2,529,0,5,417330,3385560,528,0,5,-74.09,559,15.0,30.0,33.54101966249684,-1,-33.434948822922024,-31,6,0,42.74539433344894
2353,2404301,417315.0,3385530.0,30,60,3,3,2585.0,12.2,529,0,5,417325,3385545,528,0,5,-73.41,559,10.0,15.0,18.027756377319946,-1,-26.30993247402023,-31,6,0,59.820263589164924
2354,2404301,417315.0,3385530.0,30,60,3,3,2585.0,12.2,529,0,5,417375,3385515,524,0,5,-80.2,559,60.0,-15.0,61.84658438426491,-5,44.03624346792651,-35,6,0,29.506235717837065
2355,2404301,417315.0,3385530.0,30,60,3,3,2585.0,12.2,529,0,5,417305,3385565,530,0,6,-77.5,559,-10.0,35.0,36.40054944640259,1,284.05460409907715,-29,6,0,38.54402628596139
2356,2404301,417315.0,3385530.0,30,60,3,3,2585.0,12.2,529,0,5,417355,3385535,525,0,5,-78.67,559,40.0,5.0,40.311288741492746,-4,22.874983651098205,-34,6,0,40.145495317665215
2357,2404301,417315.0,3385530.0,30,60,3,3,2585.0,12.2,529,0,5,417435,3385455,524,0,5,-96.67,559,120.0,-75.0,141.50971698084905,-5,62.005383208083515,-35,6,0,13.892325605109367
2358,2404301,417315.0,3385530.0,30,60,3,3,2585.0,12.2,529,0,5,417380,3385490,525,0,5,-90.5,559,65.0,-40.0,76.32168761236873,-4,61.60750224624894,-34,6,0,24.01215043732756
2359,2404301,417315.0,3385530.0,30,60,3,3,2585.0,12.2,529,0,5,417310,3385580,530,0,6,-78.14,559,-5.0,50.0,50.24937810560445,1,294.28940686250036,-29,6,0,29.99017141684693
2360,2404301,417315.0,3385530.0,30,60,3,3,2585.0,12.2,529,0,5,417340,3385530,526,0,10,-72.78,559,25.0,0.0,25.0,-3,30.0,-33,6,0,52.85331330197822
2361,2404301,417315.0,3385530.0,30,60,3,3,2585.0,12.2,529,0,5,417365,3385505,525,0,5,-88.82,559,50.0,-25.0,55.90169943749474,-4,56.565051177077976,-34,6,0,31.30840572379934
2362,2404301,417315.0,3385530.0,30,60,3,3,2585.0,12.2,529,0,5,417400,3385470,525,0,5,-102.75,559,85.0,-60.0,104.04326023342406,-4,65.21759296819272,-34,6,0,18.09672647247073
2363,2404301,417315.0,3385530.0,30,60,3,3,2585.0,12.2,529,0,5,417405,3385465,525,0,5,-95.6,559,90.0,-65.0,111.01801655587259,-4,65.83765295427827,-34,6,0,17.027552924735428
2364,2404301,417315.0,3385530.0,30,60,3,3,2585.0,12.2,529,0,5,417345,3385525,525,0,5,-79.0,559,30.0,-5.0,30.4138126514911,-4,39.462322208025626,-34,6,0,48.186606860864714
2365,2404301,417315.0,3385530.0,30,60,3,3,2585.0,12.2,529,0,5,417445,3385740,531,0,6,-97.5,559,130.0,210.0,246.9817807045694,2,-28.24051991518718,-28,6,0,6.467931975116284
2366,2404301,417315.0,3385530.0,30,60,3,3,2585.0,12.2,529,0,5,417450,3385725,531,0,5,-91.75,559,135.0,195.0,237.17082451262846,2,-25.304846468766016,-28,6,0,6.733080138863383
2367,2404301,417315.0,3385530.0,30,60,3,3,2585.0,12.2,529,0,5,417440,3385735,531,0,6,-92.0,559,125.0,205.0,240.10414407085938,2,-28.62699485989151,-28,6,0,6.651564588618574
2368,2404301,417315.0,3385530.0,30,60,3,3,2585.0,12.2,529,0,5,417460,3385755,531,102,6,-88.75,559,145.0,225.0,267.67517628648346,2,-27.20046872738078,-28,6,0,5.9716727324043015
2369,2404301,417315.0,3385530.0,30,60,3,3,2585.0,12.2,529,0,5,417485,3385700,532,0,10,-96.71,559,170.0,170.0,240.41630560342617,3,-15.0,-27,6,0,6.407764465491507
2370,2404301,417315.0,3385530.0,30,60,3,3,2585.0,12.2,529,0,5,417475,3385750,532,0,6,-88.33,559,160.0,220.0,272.02941017470886,3,-23.9726266148964,-27,6,0,5.668269086103665
2371,2404301,417315.0,3385530.0,30,60,3,3,2585.0,12.2,529,0,5,417535,3385650,531,0,5,-83.0,559,220.0,120.0,250.59928172283335,2,1.3895403340347912,-28,6,0,6.3753390975397295
2372,2404301,417315.0,3385530.0,30,60,3,3,2585.0,12.2,529,0,5,417470,3385745,532,0,6,-88.09,559,155.0,215.0,265.04716561397146,3,-24.211026540816647,-27,6,0,5.816579762089581
2373,2404301,417315.0,3385530.0,30,60,3,3,2585.0,12.2,529,0,5,417455,3385730,531,0,5,-85.44,559,140.0,200.0,244.13111231467406,2,-25.007979801441365,-28,6,0,6.542805544472764
2374,2404301,417315.0,3385530.0,30,60,3,3,2585.0,12.2,529,0,5,417520,3385655,531,0,10,-89.0,559,205.0,125.0,240.10414407085938,2,-1.3730051401084324,-28,6,0,6.651564588618574
2375,2404301,417315.0,3385530.0,30,60,3,3,2585.0,12.2,529,0,5,417455,3385775,531,0,6,-98.0,559,140.0,245.0,282.17902119044925,2,-30.255118703057803,-28,6,0,5.666783353597028
2376,2404301,417315.0,3385530.0,30,60,3,3,2585.0,12.2,529,0,5,417305,3385625,530,0,5,-86.33,559,-10.0,95.0,95.524865872714,1,293.99099404250546,-29,6,0,16.887549003055646
2377,2404301,417315.0,3385530.0,30,60,3,3,2585.0,12.2,529,0,5,417375,3385695,530,0,10,-95.2,559,60.0,165.0,175.57049866079439,1,-40.01689347810003,-29,6,0,9.379191230098993
2378,2404301,417315.0,3385530.0,30,60,3,3,2585.0,12.2,529,0,5,417370,3385700,530,0,10,-91.0,559,55.0,170.0,178.67568385205638,1,-42.072080237992736,-29,6,0,9.219014145348726
2379,2404301,417315.0,3385530.0,30,60,3,3,2585.0,12.2,529,0,5,417330,3385660,530,6,5,-88.67,559,15.0,130.0,130.86252328302402,1,-53.418055344821994,-29,6,0,12.495191139322012
2380,2404301,417315.0,3385530.0,30,60,3,3,2585.0,12.2,529,0,5,417320,3385650,530,0,6,-92.5,559,5.0,120.0,120.10412149464314,1,-57.61405596961117,-29,6,0,13.574649155047847
2381,2404301,417315.0,3385530.0,30,60,3,3,2585.0,12.2,529,0,5,417380,3385710,530,0,10,-91.5,559,65.0,180.0,191.3765920900464,1,-40.14478563067894,-29,6,0,8.616686176185016
2382,2404301,417315.0,3385530.0,30,60,3,3,2585.0,12.2,529,0,5,417335,3385655,529,0,5,-88.0,559,20.0,125.0,126.58988901172162,0,-50.909723079177695,-30,6,0,13.332324191004192
2383,2404301,417315.0,3385530.0,30,60,3,3,2585.0,12.2,529,0,5,417280,3385610,532,0,5,-84.83,559,-35.0,80.0,87.32124598286491,3,276.3706222693432,-27,6,0,17.181770958726894
2384,2404301,417315.0,3385530.0,30,60,3,3,2585.0,12.2,529,0,5,417350,3385680,530,0,5,-104.0,559,35.0,150.0,154.02921800749363,1,-46.86597769360367,-29,6,0,10.662598928572233
2385,2404301,417315.0,3385530.0,30,60,3,3,2585.0,12.2,529,0,5,417360,3385690,530,0,10,-105.67,559,45.0,160.0,166.20770138594662,1,-44.29136217098426,-29,6,0,9.89736132419241
2386,2404301,417315.0,3385530.0,30,60,3,3,2585.0,12.2,529,0,5,417340,3385670,529,0,5,-86.33,559,25.0,140.0,142.21462653327893,0,-49.87532834460217,-30,6,0,11.911833437178101
2387,2404301,417315.0,3385530.0,30,60,3,3,2585.0,12.2,529,0,5,417345,3385665,529,0,5,-95.4,559,30.0,135.0,138.2931668593933,0,-47.47119229084848,-30,6,0,12.239558297776561
2388,2404301,417315.0,3385530.0,30,60,3,3,2585.0,12.2,529,0,5,417295,3385615,531,0,5,-82.24,559,-20.0,85.0,87.32124598286491,2,286.7594800848128,-28,6,0,17.778711399073742
2389,2404301,417315.0,3385530.0,30,60,3,3,2585.0,12.2,529,0,5,417290,3385620,531,0,5,-82.8,559,-25.0,90.0,93.40770846134703,2,284.47588900324575,-28,6,0,16.686687087981483
2390,2404301,417315.0,3385530.0,30,60,3,3,2585.0,12.2,529,0,5,417285,3385605,531,0,5,-90.21,559,-30.0,75.0,80.77747210701756,2,278.1985905136482,-28,6,0,19.117917240757716
2391,2404301,417315.0,3385530.0,30,60,3,3,2585.0,12.2,529,0,5,417355,3385675,529,0,5,-89.5,559,40.0,145.0,150.41608956491322,0,-44.57783868126131,-30,6,0,11.27944945429262
2392,2404301,417315.0,3385530.0,30,60,3,3,2585.0,12.2,529,0,5,417480,3385810,533,102,6,-93.5,559,165.0,280.0,325.0,4,-29.48976259388445,-26,6,0,4.573921259900861
2393,2404301,417315.0,3385530.0,30,60,3,3,2585.0,12.2,529,0,5,417415,3385735,531,0,5,-93.33,559,100.0,205.0,228.08989455914087,2,-33.99665415548856,-28,6,0,6.998535594691922
2394,2404301,417315.0,3385530.0,30,60,3,3,2585.0,12.2,529,0,5,417300,3385630,530,0,5,-90.33,559,-15.0,100.0,101.11874208078342,1,291.46923439005184,-29,6,0,16.002443622701453
2395,2404301,417315.0,3385530.0,30,60,3,3,2585.0,12.2,529,0,5,417395,3385715,530,0,10,-97.5,559,80.0,185.0,201.55644370746373,1,-36.614778942786245,-29,6,0,8.187543799022148
2396,2404301,417315.0,3385530.0,30,60,3,3,2585.0,12.2,529,0,5,417255,3385440,531,0,10,-85.57,559,-60.0,-90.0,108.16653826391968,2,153.69006752597977,-28,6,0,14.513022817187688
2397,2404301,417315.0,3385530.0,30,60,3,3,2585.0,12.2,529,0,5,417245,3385430,530,0,10,-86.0,559,-70.0,-100.0,122.06555615733703,1,154.99202019855866,-29,6,0,13.36440851871887
2398,2404301,417315.0,3385530.0,30,60,3,3,2585.0,12.2,529,0,5,417240,3385425,530,0,5,-83.0,559,-75.0,-105.0,129.0348790056394,1,155.53767779197437,-29,6,0,12.666500041026218
2399,2404301,417315.0,3385530.0,30,60,3,3,2585.0,12.2,529,0,5,417250,3385435,531,0,10,-84.0,559,-65.0,-95.0,115.10864433221339,2,154.38034472384487,-28,6,0,13.671589113704119
2400,2404301,417315.0,3385530.0,30,60,3,3,2585.0,12.2,529,0,5,417275,3385420,530,0,5,-93.0,559,-40.0,-110.0,117.04699910719626,1,139.98310652189997,-29,6,0,13.915587817040146
2401,2404301,417315.0,3385530.0,30,60,3,3,2585.0,12.2,529,0,5,417270,3385415,530,102,5,-86.86,559,-45.0,-115.0,123.4908903522847,1,141.3706222693432,-29,6,0,13.21559919395644
2402,2404301,417315.0,3385530.0,30,60,3,3,2585.0,12.2,529,0,5,417275,3385640,531,0,5,-96.5,559,-40.0,110.0,117.04699910719626,2,280.01689347810003,-28,6,0,13.453476899316787
2403,2404301,417315.0,3385530.0,30,60,3,3,2585.0,12.2,529,0,5,417260,3385625,531,0,10,-94.0,559,-55.0,95.0,109.77249200050075,2,269.93141717813756,-28,6,0,14.309479564702766
2404,2404301,417315.0,3385530.0,30,60,3,3,2585.0,12.2,529,0,5,417170,3385695,528,0,5,-102.33,559,-145.0,165.0,219.65882636488797,-1,258.6913859864513,-31,6,0,8.03298502737601
2405,2404301,417315.0,3385530.0,30,60,3,3,2585.0,12.2,529,0,5,417215,3385660,530,0,10,-100.31,559,-100.0,130.0,164.01219466856725,1,262.4314079711725,-29,6,0,10.027178301717477
2406,2404301,417315.0,3385530.0,30,60,3,3,2585.0,12.2,529,0,5,417240,3385605,532,0,5,-96.43,559,-75.0,75.0,106.06601717798213,3,255.0,-27,6,0,14.28179453796326
2407,2404301,417315.0,3385530.0,30,60,3,3,2585.0,12.2,529,0,5,417205,3385650,530,0,10,-108.5,559,-110.0,120.0,162.78820596099706,1,257.4895529219992,-29,6,0,10.101024800272928
2408,2404301,417315.0,3385530.0,30,60,3,3,2585.0,12.2,529,0,5,417265,3385630,531,0,5,-90.76,559,-50.0,100.0,111.80339887498948,2,273.434948822922,-28,6,0,14.059947364815446
2409,2404301,417315.0,3385530.0,30,60,3,3,2585.0,12.2,529,0,5,417255,3385620,532,0,10,-94.0,559,-60.0,90.0,108.16653826391968,3,266.30993247402023,-27,6,0,14.015485056263797
2410,2404301,417315.0,3385530.0,30,60,3,3,2585.0,12.2,529,0,5,417200,3385645,530,0,5,-113.0,559,-115.0,115.0,162.63455967290594,1,255.0,-29,6,0,10.11037080040365
2411,2404301,417315.0,3385530.0,30,60,3,3,2585.0,12.2,529,0,5,417270,3385635,531,0,5,-84.72,559,-45.0,105.0,114.23659658795863,2,276.8014094863518,-28,6,0,13.771994388084275
2412,2404301,417315.0,3385530.0,30,60,3,3,2585.0,12.2,529,0,5,417210,3385655,530,0,10,-106.25,559,-105.0,125.0,163.24827717314508,1,259.9697407281103,-29,6,0,10.073141560054557
2413,2404301,417315.0,3385530.0,30,60,3,3,2585.0,12.2,529,0,5,417165,3385690,528,0,10,-106.5,559,-150.0,160.0,219.31712199461307,-1,256.8476102659946,-31,6,0,8.045336978648232
2414,2404301,417315.0,3385530.0,30,60,3,3,2585.0,12.2,529,0,5,417245,3385610,532,0,5,-94.17,559,-70.0,80.0,106.30145812734649,3,258.81407483429035,-27,6,0,14.251452596073829
2415,2404301,417315.0,3385530.0,30,60,3,3,2585.0,12.2,529,0,5,417220,3385665,530,0,5,-98.6,559,-95.0,135.0,165.07574019219177,1,264.86580694308435,-29,6,0,9.96387415684028
2416,2404301,417315.0,3385530.0,30,60,3,3,2585.0,12.2,529,0,5,417125,3385730,528,0,5,-101.5,559,-190.0,200.0,275.86228448267445,-1,256.4688007143858,-31,6,0,6.4117092030315055
2417,2404301,417315.0,3385530.0,30,60,3,3,2585.0,12.2,529,0,5,417360,3385480,526,0,5,-85.2,559,45.0,-50.0,67.26812023536856,-3,78.0127875041834,-33,6,0,26.131374560946583
2418,2404301,417315.0,3385530.0,30,60,3,3,2585.0,12.2,529,0,5,417280,3385560,532,0,5,-89.5,559,-35.0,30.0,46.09772228646444,3,250.6012946450045,-27,6,0,30.358028021383458
2419,2404301,417315.0,3385530.0,30,60,3,3,2585.0,12.2,529,0,5,417300,3385540,530,0,5,-75.0,559,-15.0,10.0,18.027756377319946,1,243.69006752597977,-29,6,0,58.13298295324074
2420,2404301,417315.0,3385530.0,30,60,3,3,2585.0,12.2,529,0,5,417375,3385465,526,102,5,-97.33,559,60.0,-65.0,88.45903006477066,-3,77.29061004263855,-33,6,0,20.45823426795641
2421,2404301,417315.0,3385530.0,30,60,3,3,2585.0,12.2,529,0,5,417390,3385450,526,0,5,-100.33,559,75.0,-80.0,109.65856099730654,-3,76.8476102659946,-33,6,0,16.748332334918636
2422,2404301,417315.0,3385530.0,30,60,3,3,2585.0,12.2,529,0,5,417385,3385455,526,0,5,-98.5,559,70.0,-75.0,102.59142264341595,-3,76.97493401088195,-33,6,0,17.831130514661023
2423,2404301,417315.0,3385530.0,30,60,3,3,2585.0,12.2,529,0,5,417305,3385535,530,0,5,-81.83,559,-10.0,5.0,11.180339887498949,1,236.56505117707798,-29,6,0,68.91690420453466
2424,2404301,417315.0,3385530.0,30,60,3,3,2585.0,12.2,529,0,5,417380,3385460,526,102,5,-91.0,559,65.0,-70.0,95.524865872714,-3,77.12109639666141,-33,6,0,19.057972907278156
2425,2404301,417315.0,3385530.0,30,60,3,3,2585.0,12.2,529,0,5,417325,3385595,529,0,6,-75.21,559,10.0,65.0,65.76473218982953,0,-51.25383773744477,-30,6,0,24.521122506487806
2426,2404301,417315.0,3385530.0,30,60,3,3,2585.0,12.2,529,0,5,417335,3385585,528,0,6,-68.67,559,20.0,55.0,58.52349955359813,-1,-40.01689347810003,-31,6,0,27.910246985799542
2427,2404301,417315.0,3385530.0,30,60,3,3,2585.0,12.2,529,0,5,417405,3385515,524,0,5,-84.72,559,90.0,-15.0,91.2414379544733,-5,39.462322208025626,-35,6,0,20.986695585946254
2428,2404301,417315.0,3385530.0,30,60,3,3,2585.0,12.2,529,0,5,417425,3385495,524,0,10,-87.17,559,110.0,-35.0,115.43396380615195,-5,47.65012421993015,-35,6,0,16.867495433630733
2429,2404301,417315.0,3385530.0,30,60,3,3,2585.0,12.2,529,0,5,417350,3385570,527,0,5,-68.36,559,35.0,40.0,53.150729063673246,-2,-18.814074834290352,-32,6,0,31.05052093191219
2430,2404301,417315.0,3385530.0,30,60,3,3,2585.0,12.2,529,0,5,417410,3385510,524,0,10,-83.73,559,95.0,-20.0,97.082439194738,-5,41.88865803962801,-35,6,0,19.825163440469897
2431,2404301,417315.0,3385530.0,30,60,3,3,2585.0,12.2,529,0,5,417345,3385575,527,0,5,-67.77,559,30.0,45.0,54.08326913195984,-2,-26.30993247402023,-32,6,0,30.611963141395076
2432,2404301,417315.0,3385530.0,30,60,3,3,2585.0,12.2,529,0,5,417420,3385500,524,0,10,-87.42,559,105.0,-30.0,109.20164833920778,-5,45.94539590092285,-35,6,0,17.771069450586268
2433,2404301,417315.0,3385530.0,30,60,3,3,2585.0,12.2,529,0,5,417430,3385490,524,0,10,-90.48,559,115.0,-40.0,121.75795661885921,-5,49.17900802581073,-35,6,0,16.03759075004881
2434,2404301,417315.0,3385530.0,30,60,3,3,2585.0,12.2,529,0,5,417340,3385580,528,0,5,-68.97,559,25.0,50.0,55.90169943749474,-1,-33.434948822922024,-31,6,0,29.010334140358907
2435,2404301,417315.0,3385530.0,30,60,3,3,2585.0,12.2,529,0,5,417330,3385590,529,0,6,-68.41,559,15.0,60.0,61.84658438426491,0,-45.963756532073546,-30,6,0,25.876690060827514
2436,2404301,417315.0,3385530.0,30,60,3,3,2585.0,12.2,529,0,5,417315,3385525,528,0,10,-77.7,559,0.0,-5.0,5.0,-1,120.0,-31,6,0,80.8376529542783
2437,2404301,417315.0,3385530.0,30,60,3,3,2585.0,12.2,529,0,5,417355,3385565,526,0,5,-68.24,559,40.0,35.0,53.150729063673246,-3,-11.185925165709648,-33,6,0,31.835143989332998
2438,2404301,417315.0,3385530.0,30,60,3,3,2585.0,12.2,529,0,5,417415,3385505,524,0,10,-87.52,559,100.0,-25.0,103.07764064044152,-5,44.03624346792651,-35,6,0,18.754912214077386
2439,2404301,417315.0,3385530.0,30,60,3,3,2585.0,12.2,529,0,5,417400,3385520,524,0,5,-83.13,559,85.0,-10.0,85.58621384311844,-5,36.709836807756915,-35,6,0,22.241830728516355
2440,2404301,417315.0,3385530.0,30,60,3,3,2585.0,12.2,529,0,5,417570,3385350,520,0,5,-100.5,559,255.0,-180.0,312.1297807002722,-9,65.21759296819272,-39,6,0,7.12208426126698
2441,2404301,417315.0,3385530.0,30,60,3,3,2585.0,12.2,529,0,5,417310,3385530,529,0,5,-73.76,559,-5.0,0.0,5.0,0,210.0,-30,6,0,80.53767779197439
2442,2404301,417315.0,3385530.0,30,60,3,3,2585.0,12.2,529,0,5,417290,3385550,531,0,6,-88.33,559,-25.0,20.0,32.01562118716424,2,248.65980825409008,-28,6,0,41.17206794266516
2443,2404301,417315.0,3385530.0,30,60,3,3,2585.0,12.2,529,0,5,417365,3385475,526,0,5,-90.63,559,50.0,-55.0,74.33034373659252,-3,77.72631099390628,-33,6,0,23.93950015357208
2444,2404301,417315.0,3385530.0,30,60,3,3,2585.0,12.2,529,0,5,417370,3385470,526,102,5,-98.91,559,55.0,-60.0,81.39410298049853,-3,77.48955292199918,-33,6,0,22.069344877309526
2445,2404301,417315.0,3385530.0,30,60,3,3,2585.0,12.2,529,0,5,417320,3385600,529,0,5,-73.4,559,5.0,70.0,70.178344238091,0,-55.914383220025115,-30,6,0,23.145850398989065
2446,2404301,417315.0,3385530.0,30,60,3,3,2585.0,12.2,529,0,5,417285,3385555,531,0,5,-93.0,559,-30.0,25.0,39.05124837953327,2,249.8055710922652,-28,6,0,35.64077021574456
2447,2404301,417315.0,3385530.0,30,60,3,3,2585.0,12.2,529,0,5,417580,3385340,520,0,5,-91.0,559,265.0,-190.0,326.0751447136074,-9,65.63980919808671,-39,6,0,6.820424099920637
2448,2404301,417315.0,3385530.0,30,60,3,3,2585.0,12.2,529,0,5,417435,3385485,524,0,5,-92.38,559,120.0,-45.0,128.16005617976296,-5,50.55604521958344,-35,6,0,15.274781313264402
2449,2404301,417315.0,3385530.0,30,60,3,3,2585.0,12.2,529,0,5,417375,3385645,529,102,6,-77.0,559,60.0,115.0,129.71121771072848,0,-32.44718842328223,-30,6,0,13.022562256637073
2450,2404301,417315.0,3385530.0,30,60,3,3,2585.0,12.2,529,0,5,417390,3385670,530,102,6,-85.5,559,75.0,140.0,158.8238017426859,1,-31.821409890040854,-29,6,0,10.34777386172
2451,2404301,417315.0,3385530.0,30,60,3,3,2585.0,12.2,529,0,5,417360,3385660,529,0,5,-77.25,559,45.0,130.0,137.56816492197603,0,-40.90650799951436,-30,6,0,12.302102964135491
2452,2404301,417315.0,3385530.0,30,60,3,3,2585.0,12.2,529,0,5,417380,3385680,530,102,5,-91.6,559,65.0,150.0,163.47782724271815,1,-36.57130719125462,-29,6,0,10.059286260541827
2453,2404301,417315.0,3385530.0,30,60,3,3,2585.0,12.2,529,0,5,417295,3385725,529,0,5,-100.5,559,-20.0,195.0,196.02295783912658,0,294.14398641457103,-30,6,0,8.701220201006645
2454,2404301,417315.0,3385530.0,30,60,3,3,2585.0,12.2,529,0,5,417425,3385635,529,0,5,-85.2,559,110.0,105.0,152.0690632574555,0,-13.667780146130383,-30,6,0,11.159936872185444
2455,2404301,417315.0,3385530.0,30,60,3,3,2585.0,12.2,529,0,5,417330,3385690,530,0,5,-96.0,559,15.0,160.0,160.70158679988197,1,-54.6441749571448,-29,6,0,10.229428651611755
2456,2404301,417315.0,3385530.0,30,60,3,3,2585.0,12.2,529,0,5,417410,3385610,528,0,5,-92.0,559,95.0,80.0,124.19742348374221,-1,-10.100907546212227,-31,6,0,14.014811575645107
2457,2404301,417315.0,3385530.0,30,60,3,3,2585.0,12.2,529,0,5,417405,3385615,528,0,5,-89.44,559,90.0,85.0,123.79418403139947,-1,-13.363422958383296,-31,6,0,14.058654921999159
2458,2404301,417315.0,3385530.0,30,60,3,3,2585.0,12.2,529,0,5,417320,3385700,530,0,5,-99.75,559,5.0,170.0,170.07351351694948,1,-58.31531568210369,-29,6,0,9.676693512976195
2459,2404301,417315.0,3385530.0,30,60,3,3,2585.0,12.2,529,0,5,417325,3385695,530,0,5,-98.67,559,10.0,165.0,165.3027525481654,1,-56.53177074108288,-29,6,0,9.950464306133984
2460,2404301,417315.0,3385530.0,30,60,3,3,2585.0,12.2,529,0,5,417400,3385620,528,0,5,-75.5,559,85.0,90.0,123.79418403139947,-1,-16.636577041616704,-31,6,0,14.058654921999159
2461,2404301,417315.0,3385530.0,30,60,3,3,2585.0,12.2,529,0,5,417365,3385655,529,102,5,-82.44,559,50.0,125.0,134.6291201783626,0,-38.198590513648185,-30,6,0,12.562228295302136
2462,2404301,417315.0,3385530.0,30,60,3,3,2585.0,12.2,529,0,5,417430,3385630,529,0,5,-78.2,559,115.0,100.0,152.3975065412817,0,-11.009086901570242,-30,6,0,11.136487083920418
2463,2404301,417315.0,3385530.0,30,60,3,3,2585.0,12.2,529,0,5,417370,3385650,529,102,6,-83.5,559,55.0,120.0,132.00378782444085,0,-35.37643521383637,-30,6,0,12.803910760060285
2464,2404301,417315.0,3385530.0,30,60,3,3,2585.0,12.2,529,0,5,417415,3385605,528,0,5,-90.8,559,100.0,75.0,125.0,-1,-6.869897645844048,-31,6,0,13.92834193915369
2465,2404301,417315.0,3385530.0,30,60,3,3,2585.0,12.2,529,0,5,417420,3385640,529,0,5,-84.38,559,105.0,110.0,152.0690632574555,0,-16.332219853869617,-30,6,0,11.159936872185444
2466,2404301,417315.0,3385530.0,30,60,3,3,2585.0,12.2,529,0,5,417395,3385665,529,102,6,-81.75,559,80.0,135.0,156.92354826475216,0,-29.34933204294714,-30,6,0,10.822979485599513
2467,2404301,417315.0,3385530.0,30,60,3,3,2585.0,12.2,529,0,5,417290,3385730,529,0,5,-103.22,559,-25.0,200.0,201.55644370746373,0,292.8749836510982,-30,6,0,8.465848238967707
2468,2404301,417315.0,3385530.0,30,60,3,3,2585.0,12.2,529,0,5,417355,3385705,530,0,10,-82.33,559,40.0,175.0,179.51323071016242,1,-47.124998440387515,-29,6,0,9.176734898786693
2469,2404301,417315.0,3385530.0,30,60,3,3,2585.0,12.2,529,0,5,417435,3385625,528,0,5,-91.83,559,120.0,95.0,153.05227865013967,-1,-8.367485384861538,-31,6,0,11.45008241898707
2470,2404301,417315.0,3385530.0,30,60,3,3,2585.0,12.2,529,0,5,417385,3385675,530,102,6,-97.0,559,70.0,145.0,161.01242188104618,1,-34.2306723756613,-29,6,0,10.210096508914289
2471,2404301,417315.0,3385530.0,30,60,3,3,2585.0,12.2,529,0,5,417305,3385445,529,102,5,-94.5,559,-10.0,-85.0,85.58621384311844,0,126.70983680775691,-30,6,0,19.316775256615056
2472,2404301,417315.0,3385530.0,30,60,3,3,2585.0,12.2,529,0,5,417575,3385435,524,0,6,-93.5,559,260.0,-95.0,276.81221071332817,-5,50.07152586453873,-35,6,0,7.206210808891629
2473,2404301,417315.0,3385530.0,30,60,3,3,2585.0,12.2,529,0,5,417395,3385535,524,0,10,-82.74,559,80.0,5.0,80.15609770940699,-5,26.423665625002627,-35,6,0,23.588391629985992
2474,2404301,417315.0,3385530.0,30,60,3,3,2585.0,12.2,529,0,5,417345,3385485,526,0,5,-93.38,559,30.0,-45.0,54.08326913195984,-3,86.30993247402023,-33,6,0,31.390298345675202
2475,2404301,417315.0,3385530.0,30,60,3,3,2585.0,12.2,529,0,5,417585,3385405,522,0,5,-90.38,559,270.0,-125.0,297.5315109362368,-7,54.8423891054552,-37,6,0,7.088715169708577
2476,2404301,417315.0,3385530.0,30,60,3,3,2585.0,12.2,529,0,5,417320,3385510,528,0,10,-87.05,559,5.0,-20.0,20.615528128088304,-1,105.96375653207349,-31,6,0,56.37541704749214
2477,2404301,417315.0,3385530.0,30,60,3,3,2585.0,12.2,529,0,5,417560,3385430,523,0,5,-88.75,559,245.0,-100.0,264.62237244798484,-6,52.203478532057375,-36,6,0,7.747124957164242
2478,2404301,417315.0,3385530.0,30,60,3,3,2585.0,12.2,529,0,5,417590,3385420,523,0,5,-90.17,559,275.0,-110.0,296.1840643923977,-6,51.801409486351815,-36,6,0,6.930081450780476
2479,2404301,417315.0,3385530.0,30,60,3,3,2585.0,12.2,529,0,5,417375,3385555,525,0,5,-74.8,559,60.0,25.0,65.0,-4,7.380135051959542,-34,6,0,27.613027823084476
2480,2404301,417315.0,3385530.0,30,60,3,3,2585.0,12.2,529,0,5,417580,3385410,523,0,5,-95.88,559,265.0,-120.0,290.90376415577714,-6,54.36245301531221,-36,6,0,7.054615524975928
2481,2404301,417315.0,3385530.0,30,60,3,3,2585.0,12.2,529,0,5,417415,3385595,527,0,5,-91.62,559,100.0,65.0,119.26860441876563,-2,-3.0238675557966417,-32,6,0,15.018856326898742
2482,2404301,417315.0,3385530.0,30,60,3,3,2585.0,12.2,529,0,5,417350,3385500,526,0,5,-84.0,559,35.0,-30.0,46.09772228646444,-3,70.60129464500449,-33,6,0,35.597758484625814
2483,2404301,417315.0,3385530.0,30,60,3,3,2585.0,12.2,529,0,5,417380,3385530,524,0,10,-82.21,559,65.0,0.0,65.0,-5,30.0,-35,6,0,28.30075576600638
2484,2404301,417315.0,3385530.0,30,60,3,3,2585.0,12.2,529,0,5,417385,3385525,524,0,10,-79.33,559,70.0,-5.0,70.178344238091,-5,34.085616779974885,-35,6,0,26.506779270207968
2485,2404301,417315.0,3385530.0,30,60,3,3,2585.0,12.2,529,0,5,417390,3385540,524,0,10,-78.61,559,75.0,10.0,75.66372975210778,-5,22.40535663140855,-35,6,0,24.82398776281814
2486,2404301,417315.0,3385530.0,30,60,3,3,2585.0,12.2,529,0,5,417325,3385505,528,0,5,-85.28,559,10.0,-25.0,26.92582403567252,-1,98.19859051364824,-31,6,0,49.023236699321984
2487,2404301,417315.0,3385530.0,30,60,3,3,2585.0,12.2,529,0,5,417355,3385495,525,0,5,-99.67,559,40.0,-35.0,53.150729063673246,-4,71.18592516570965,-34,6,0,32.606648524022496
2488,2404301,417315.0,3385530.0,30,60,3,3,2585.0,12.2,529,0,5,417410,3385600,527,0,5,-93.07,559,95.0,70.0,118.00423721205946,-2,-6.384351815835885,-32,6,0,15.172395642559911
2489,2404301,417315.0,3385530.0,30,60,3,3,2585.0,12.2,529,0,5,417295,3385475,530,0,5,-85.58,559,-20.0,-55.0,58.52349955359813,1,139.98310652189997,-29,6,0,26.35967765538051
2490,2404301,417315.0,3385530.0,30,60,3,3,2585.0,12.2,529,0,5,417420,3385570,526,0,6,-86.67,559,105.0,40.0,112.36102527122117,-3,9.145541960421667,-33,6,0,16.367310317262575
2491,2404301,417315.0,3385530.0,30,60,3,3,2585.0,12.2,529,0,5,417400,3385590,527,0,6,-88.67,559,85.0,60.0,104.04326023342406,-2,-5.217592968192719,-32,6,0,17.096032516912118
2492,2404301,417315.0,3385530.0,30,60,3,3,2585.0,12.2,529,0,5,417430,3385580,526,0,5,-95.2,559,115.0,50.0,125.39936203984452,-3,6.501434324047921,-33,6,0,14.743634575751472
2493,2404301,417315.0,3385530.0,30,60,3,3,2585.0,12.2,529,0,5,417330,3385520,527,0,10,-87.52,559,15.0,-10.0,18.027756377319946,-2,63.69006752597977,-32,6,0,60.60450796853388
2494,2404301,417315.0,3385530.0,30,60,3,3,2585.0,12.2,529,0,5,417335,3385515,527,0,10,-82.5,559,20.0,-15.0,25.0,-2,66.86989764584405,-32,6,0,52.00126755749534
2495,2404301,417315.0,3385530.0,30,60,3,3,2585.0,12.2,529,0,5,417280,3385470,531,0,5,-87.83,559,-35.0,-60.0,69.46221994724903,2,150.25643716352928,-28,6,0,21.954206938758368
2496,2404301,417315.0,3385530.0,30,60,3,3,2585.0,12.2,529,0,5,417340,3385490,527,0,5,-85.5,559,25.0,-40.0,47.16990566028302,-2,87.99461679191654,-32,6,0,34.1529153989382
2497,2404301,417315.0,3385530.0,30,60,3,3,2585.0,12.2,529,0,5,417290,3385480,531,0,5,-84.08,559,-25.0,-50.0,55.90169943749474,2,146.565051177078,-28,6,0,26.60533779723496
2498,2404301,417315.0,3385530.0,30,60,3,3,2585.0,12.2,529,0,5,417365,3385545,525,0,5,-76.18,559,50.0,15.0,52.20153254455275,-4,13.300755766006375,-34,6,0,33.077078140777324
2499,2404301,417315.0,3385530.0,30,60,3,3,2585.0,12.2,529,0,5,417310,3385460,529,0,5,-91.54,559,-5.0,-70.0,70.178344238091,0,124.08561677997488,-30,6,0,23.145850398989065
2500,2404301,417315.0,3385530.0,30,60,3,3,2585.0,12.2,529,0,5,417300,3385450,530,102,5,-95.0,559,-15.0,-80.0,81.39410298049853,1,130.61965527615513,-29,6,0,19.610534340467545
2501,2404301,417315.0,3385530.0,30,60,3,3,2585.0,12.2,529,0,5,417285,3385465,531,0,5,-86.46,559,-30.0,-65.0,71.58910531638176,2,144.77514056883192,-28,6,0,21.361509871771506
2502,2404301,417315.0,3385530.0,30,60,3,3,2585.0,12.2,529,0,5,417370,3385560,525,0,5,-73.32,559,55.0,30.0,62.64982043070834,-4,1.3895403340347912,-34,6,0,28.488643256199037
2503,2404301,417315.0,3385530.0,30,60,3,3,2585.0,12.2,529,0,5,417595,3385415,523,0,5,-105.5,559,280.0,-115.0,302.6962173533062,-6,52.32865637801916,-36,6,0,6.782392829818206
2504,2404301,417315.0,3385530.0,30,60,3,3,2585.0,12.2,529,0,5,417405,3385585,527,0,6,-85.5,559,90.0,55.0,105.47511554864494,-2,-1.4295656148385092,-32,6,0,16.87722527764294
2505,2404301,417315.0,3385530.0,30,60,3,3,2585.0,12.2,529,0,5,417360,3385550,525,0,5,-78.65,559,45.0,20.0,49.24428900898052,-4,6.03751102542185,-34,6,0,34.62257214664508
2506,2404301,417315.0,3385530.0,30,60,3,3,2585.0,12.2,529,0,5,417435,3385575,526,0,5,-93.3,559,120.0,45.0,128.16005617976296,-3,9.443954780416561,-33,6,0,14.43945593735666
2507,2404301,417315.0,3385530.0,30,60,3,3,2585.0,12.2,529,0,5,417315,3385455,529,0,5,-90.33,559,0.0,-75.0,75.0,0,120.0,-30,6,0,21.80140948635181
2508,2404301,417315.0,3385530.0,30,60,3,3,2585.0,12.2,529,0,5,417210,3384980,510,0,5,-90.5,559,-105.0,-550.0,559.933031710043,-19,130.8082309403198,-49,6,0,5.001239644200654
2509,2404301,417315.0,3385530.0,30,60,3,3,2585.0,12.2,529,0,5,417205,3384965,510,0,5,-85.33,559,-110.0,-565.0,575.6083738098326,-19,131.01711161878922,-49,6,0,4.865705586970641
2510,2404301,417315.0,3385530.0,30,60,3,3,2585.0,12.2,529,0,5,417340,3385470,527,102,5,-91.1,559,25.0,-60.0,65.0,-2,97.38013505195954,-32,6,0,26.21137801783153
2511,2404301,417315.0,3385530.0,30,60,3,3,2585.0,12.2,529,0,5,417420,3385550,525,0,6,-88.5,559,105.0,20.0,106.88779163215975,-4,19.2157021324374,-34,6,0,17.645377292325243
2512,2404301,417315.0,3385530.0,30,60,3,3,2585.0,12.2,529,0,5,417330,3385460,528,102,5,-88.33,559,15.0,-70.0,71.58910531638176,-1,107.9052429229879,-31,6,0,23.413903861538877
2513,2404301,417315.0,3385530.0,30,60,3,3,2585.0,12.2,529,0,5,417355,3385475,526,0,5,-90.17,559,40.0,-55.0,68.00735254367721,-3,83.9726266148964,-33,6,0,25.884593099115122
2514,2404301,417315.0,3385530.0,30,60,3,3,2585.0,12.2,529,0,5,417390,3385600,527,0,6,-83.54,559,75.0,70.0,102.59142264341595,-2,-13.025065989118048,-32,6,0,17.323583517053777
2515,2404301,417315.0,3385530.0,30,60,3,3,2585.0,12.2,529,0,5,417360,3385570,526,0,5,-72.59,559,45.0,40.0,60.207972893961475,-3,-11.633539336570209,-33,6,0,28.727154796033545
2516,2404301,417315.0,3385530.0,30,60,3,3,2585.0,12.2,529,0,5,417325,3385445,528,0,5,-94.67,559,10.0,-85.0,85.58621384311844,-1,113.29016319224309,-31,6,0,19.910785328844312
2517,2404301,417315.0,3385530.0,30,60,3,3,2585.0,12.2,529,0,5,417300,3385510,530,0,5,-84.38,559,-15.0,-20.0,25.0,1,156.86989764584402,-29,6,0,49.23639479905884
2518,2404301,417315.0,3385530.0,30,60,3,3,2585.0,12.2,529,0,5,417315,3385515,529,0,5,-80.95,559,0.0,-15.0,15.0,0,120.0,-30,6,0,63.43494882292201
2519,2404301,417315.0,3385530.0,30,60,3,3,2585.0,12.2,529,0,5,417310,3385520,529,0,5,-78.9,559,-5.0,-10.0,11.180339887498949,0,146.565051177078,-30,6,0,69.56068242674175
2520,2404301,417315.0,3385530.0,30,60,3,3,2585.0,12.2,529,0,5,417590,3385400,522,0,5,-90.83,559,275.0,-130.0,304.1792234851026,-7,55.301378625419716,-37,6,0,6.935319593879943
2521,2404301,417315.0,3385530.0,30,60,3,3,2585.0,12.2,529,0,5,417595,3385395,522,0,5,-92.83,559,280.0,-135.0,310.84562084739105,-7,55.74070835623286,-37,6,0,6.787987497349751
2522,2404301,417315.0,3385530.0,30,60,3,3,2585.0,12.2,529,0,5,417290,3385500,531,0,5,-83.85,559,-25.0,-30.0,39.05124837953327,2,159.80557109226518,-28,6,0,35.64077021574456
2523,2404301,417315.0,3385530.0,30,60,3,3,2585.0,12.2,529,0,5,417410,3385540,524,0,5,-83.33,559,95.0,10.0,95.524865872714,-5,23.990994042505463,-35,6,0,20.12266972865751
2524,2404301,417315.0,3385530.0,30,60,3,3,2585.0,12.2,529,0,5,417580,3385390,522,0,5,-102.5,559,265.0,-140.0,299.7081914129142,-7,57.84757825978818,-37,6,0,7.03775033615143
2525,2404301,417315.0,3385530.0,30,60,3,3,2585.0,12.2,529,0,5,417365,3385565,526,0,5,-71.12,559,50.0,35.0,61.032778078668514,-3,-4.9920201985586345,-33,6,0,28.39978207698212
2526,2404301,417315.0,3385530.0,30,60,3,3,2585.0,12.2,529,0,5,417395,3385595,527,0,6,-82.63,559,80.0,65.0,103.07764064044152,-2,-9.093858886229498,-32,6,0,17.24672583940289
2527,2404301,417315.0,3385530.0,30,60,3,3,2585.0,12.2,529,0,5,417540,3385430,523,0,5,-89.0,559,225.0,-100.0,246.22144504490262,-6,53.96248897457821,-36,6,0,8.318267281906092
2528,2404301,417315.0,3385530.0,30,60,3,3,2585.0,12.2,529,0,5,417350,3385480,526,0,5,-95.25,559,35.0,-50.0,61.032778078668514,-3,85.00797980144137,-33,6,0,28.39978207698212
2529,2404301,417315.0,3385530.0,30,60,3,3,2585.0,12.2,529,0,5,417555,3385435,523,0,5,-92.5,559,240.0,-95.0,258.11818998280614,-6,51.595310448967666,-36,6,0,7.939880964097908
2530,2404301,417315.0,3385530.0,30,60,3,3,2585.0,12.2,529,0,5,417415,3385535,524,0,5,-86.4,559,100.0,5.0,100.12492197250393,-5,27.13759477388828,-35,6,0,19.267753651975866
2531,2404301,417315.0,3385530.0,30,60,3,3,2585.0,12.2,529,0,5,417385,3385585,527,0,6,-80.0,559,70.0,55.0,89.02246907382428,-2,-8.157226587369053,-32,6,0,19.771472125131208
2532,2404301,417315.0,3385530.0,30,60,3,3,2585.0,12.2,529,0,5,417280,3385490,531,0,10,-86.82,559,-35.0,-40.0,53.150729063673246,2,161.18592516570965,-28,6,0,27.780426760301093
2533,2404301,417315.0,3385530.0,30,60,3,3,2585.0,12.2,529,0,5,417305,3385505,529,0,10,-83.7,559,-10.0,-25.0,26.92582403567252,0,141.80140948635182,-30,6,0,48.09115211819674
2534,2404301,417315.0,3385530.0,30,60,3,3,2585.0,12.2,529,0,5,417405,3385525,523,0,5,-84.36,559,90.0,-5.0,90.13878188659973,-6,33.17983011986422,-36,6,0,21.77098397159411
2535,2404301,417315.0,3385530.0,30,60,3,3,2585.0,12.2,529,0,5,417550,3385440,523,0,6,-93.5,559,235.0,-90.0,251.6445906432324,-6,50.95577673063218,-36,6,0,8.1414310431178
2536,2404301,417315.0,3385530.0,30,60,3,3,2585.0,12.2,529,0,5,417400,3385530,524,0,5,-83.47,559,85.0,0.0,85.0,-5,30.0,-35,6,0,22.380135051959574
2537,2404301,417315.0,3385530.0,30,60,3,3,2585.0,12.2,529,0,5,417370,3385580,526,0,5,-73.55,559,55.0,50.0,74.33034373659252,-3,-12.273689006093718,-33,6,0,23.93950015357208
2538,2404301,417315.0,3385530.0,30,60,3,3,2585.0,12.2,529,0,5,417380,3385590,527,0,6,-74.0,559,65.0,60.0,88.45903006477066,-2,-12.709389957361452,-32,6,0,19.88755962761455
2539,2404301,417315.0,3385530.0,30,60,3,3,2585.0,12.2,529,0,5,417375,3385575,526,0,5,-76.4,559,60.0,45.0,75.0,-3,-6.869897645844048,-33,6,0,23.74949449286676
2540,2404301,417315.0,3385530.0,30,60,3,3,2585.0,12.2,529,0,5,417430,3385560,525,0,6,-79.67,559,115.0,30.0,118.84864324004712,-4,15.379126011368328,-34,6,0,15.964668515486101
2541,2404301,417315.0,3385530.0,30,60,3,3,2585.0,12.2,529,0,5,417345,3385465,527,102,5,-93.25,559,30.0,-65.0,71.58910531638176,-2,95.22485943116806,-32,6,0,24.08442312595338
2542,2404301,417315.0,3385530.0,30,60,3,3,2585.0,12.2,529,0,5,417285,3385485,531,0,10,-85.17,559,-30.0,-45.0,54.08326913195984,2,153.69006752597977,-28,6,0,27.371514630022496
2543,2404301,417315.0,3385530.0,30,60,3,3,2585.0,12.2,529,0,5,417295,3385495,530,0,10,-84.87,559,-20.0,-35.0,40.311288741492746,1,149.74488129694222,-29,6,0,35.73129537176273
2544,2404301,417315.0,3385530.0,30,60,3,3,2585.0,12.2,529,0,5,417320,3385450,529,0,5,-101.0,559,5.0,-80.0,80.15609770940699,0,116.42366562500263,-30,6,0,20.51935289704364
2545,2404301,417315.0,3385530.0,30,60,3,3,2585.0,12.2,529,0,5,417390,3385555,525,0,5,-82.0,559,75.0,25.0,79.05694150420949,-4,11.565051177077976,-34,6,0,23.27107805213458
2546,2404301,417315.0,3385530.0,30,60,3,3,2585.0,12.2,529,0,5,417400,3385565,526,0,6,-95.0,559,85.0,35.0,91.92388155425118,-3,7.619864948040458,-33,6,0,19.747766160874505
2547,2404301,417315.0,3385530.0,30,60,3,3,2585.0,12.2,529,0,5,417280,3385445,531,0,5,-85.33,559,-35.0,-85.0,91.92388155425118,2,142.38013505195957,-28,6,0,16.940727594531577
2548,2404301,417315.0,3385530.0,30,60,3,3,2585.0,12.2,529,0,5,417330,3385495,527,0,5,-91.41,559,15.0,-35.0,38.07886552931954,-2,96.80140948635176,-32,6,0,40.04238981450969
2549,2404301,417315.0,3385530.0,30,60,3,3,2585.0,12.2,529,0,5,417380,3385545,525,0,5,-78.34,559,65.0,15.0,66.70832032063167,-4,17.005383208083515,-34,6,0,27.007099980575905
2550,2404301,417315.0,3385530.0,30,60,3,3,2585.0,12.2,529,0,5,417435,3385600,527,102,5,-94.31,559,120.0,70.0,138.92443989449805,-2,-0.25643716352925594,-32,6,0,12.971321555913605
2551,2404301,417315.0,3385530.0,30,60,3,3,2585.0,12.2,529,0,5,417310,3385475,529,0,5,-86.46,559,-5.0,-55.0,55.226805085936306,0,125.19442890773479,-30,6,0,28.511449790562292
2552,2404301,417315.0,3385530.0,30,60,3,3,2585.0,12.2,529,0,5,417575,3385420,523,0,5,-92.0,559,260.0,-110.0,282.3118842698621,-6,52.93210043758978,-36,6,0,7.267053854567882
2553,2404301,417315.0,3385530.0,30,60,3,3,2585.0,12.2,529,0,5,417420,3385585,527,0,5,-91.27,559,105.0,55.0,118.53269591129698,-2,2.354024636261329,-32,6,0,15.107850520322298
2554,2404301,417315.0,3385530.0,30,60,3,3,2585.0,12.2,529,0,5,417375,3385540,524,0,10,-80.27,559,60.0,10.0,60.8276253029822,-5,20.537677791974374,-35,6,0,29.915970012809115
2555,2404301,417315.0,3385530.0,30,60,3,3,2585.0,12.2,529,0,5,417570,3385415,523,0,5,-98.4,559,255.0,-115.0,279.7320146139873,-6,54.274441134439485,-36,6,0,7.333349047024927
2556,2404301,417315.0,3385530.0,30,60,3,3,2585.0,12.2,529,0,5,417370,3385535,524,0,10,-81.0,559,55.0,5.0,55.226805085936306,-5,24.80557109226521,-35,6,0,32.36448816990886
2557,2404301,417315.0,3385530.0,30,60,3,3,2585.0,12.2,529,0,5,417565,3385410,523,0,5,-94.5,559,250.0,-120.0,277.308492477241,-6,55.641005824305296,-36,6,0,7.396731752182108
2558,2404301,417315.0,3385530.0,30,60,3,3,2585.0,12.2,529,0,5,417415,3385580,526,0,6,-91.88,559,100.0,50.0,111.80339887498948,-3,3.434948822922024,-33,6,0,16.444543548611605
2559,2404301,417315.0,3385530.0,30,60,3,3,2585.0,12.2,529,0,5,417340,3385505,526,0,5,-81.75,559,25.0,-25.0,35.35533905932738,-3,75.0,-33,6,0,43.02652407251907
2560,2404301,417315.0,3385530.0,30,60,3,3,2585.0,12.2,529,0,5,417285,3385450,531,0,5,-86.75,559,-30.0,-80.0,85.44003745317531,2,140.55604521958347,-28,6,0,18.14475703094252
2561,2404301,417315.0,3385530.0,30,60,3,3,2585.0,12.2,529,0,5,417430,3385595,527,0,5,-94.26,559,115.0,65.0,132.09844813622905,-2,0.5241109967542457,-32,6,0,13.617217423552836
2562,2404301,417315.0,3385530.0,30,60,3,3,2585.0,12.2,529,0,5,417325,3385490,528,0,5,-95.8,559,10.0,-40.0,41.23105625617661,-1,105.96375653207349,-31,6,0,36.93805768893919
2563,2404301,417315.0,3385530.0,30,60,3,3,2585.0,12.2,529,0,5,417595,3385440,525,0,6,-96.5,559,280.0,-90.0,294.10882339705483,-4,47.818888914522745,-34,6,0,6.594318936297399
2564,2404301,417315.0,3385530.0,30,60,3,3,2585.0,12.2,529,0,5,417355,3385520,524,0,5,-79.5,559,40.0,-10.0,41.23105625617661,-5,44.03624346792651,-35,6,0,40.327084344329734
2565,2404301,417315.0,3385530.0,30,60,3,3,2585.0,12.2,529,0,5,417320,3385485,528,0,5,-92.44,559,5.0,-45.0,45.27692569068709,-1,113.65980825409008,-31,6,0,34.398485356319995
2566,2404301,417315.0,3385530.0,30,60,3,3,2585.0,12.2,529,0,5,417300,3385465,530,0,5,-84.83,559,-15.0,-65.0,66.70832032063167,1,132.9946167919165,-29,6,0,23.495952500970372
2567,2404301,417315.0,3385530.0,30,60,3,3,2585.0,12.2,529,0,5,417425,3385590,527,0,5,-93.5,559,110.0,60.0,125.29964086141668,-2,1.3895403340347912,-32,6,0,14.326412777554246
2568,2404301,417315.0,3385530.0,30,60,3,3,2585.0,12.2,529,0,5,417360,3385525,524,0,5,-75.0,559,45.0,-5.0,45.27692569068709,-5,36.34019174590992,-35,6,0,37.704764966326294
2569,2404301,417315.0,3385530.0,30,60,3,3,2585.0,12.2,529,0,5,417410,3385575,526,0,6,-83.5,559,95.0,45.0,105.11898020814318,-3,4.653824058053317,-33,6,0,17.42863705001454
2570,2404301,417315.0,3385530.0,30,60,3,3,2585.0,12.2,529,0,5,417405,3385570,526,0,6,-89.14,559,90.0,40.0,98.48857801796105,-3,6.03751102542185,-33,6,0,18.524158425033782
2571,2404301,417315.0,3385530.0,30,60,3,3,2585.0,12.2,529,0,5,417350,3385515,525,0,5,-86.4,559,35.0,-15.0,38.07886552931954,-4,53.198590513648185,-34,6,0,41.76114773780131
2572,2404301,417315.0,3385530.0,30,60,3,3,2585.0,12.2,529,0,5,417335,3385500,527,0,5,-86.32,559,20.0,-30.0,36.05551275463989,-2,86.30993247402023,-32,6,0,41.58970611637925
2573,2404301,417315.0,3385530.0,30,60,3,3,2585.0,12.2,529,0,5,417305,3385470,529,0,5,-87.11,559,-10.0,-60.0,60.8276253029822,0,129.46232220802563,-30,6,0,26.25237511772069
2574,2404301,417315.0,3385530.0,30,60,3,3,2585.0,12.2,529,0,5,417295,3385460,530,0,5,-88.0,559,-20.0,-70.0,72.80109889280519,1,135.94539590092288,-29,6,0,21.719649015029802
2575,2404301,417315.0,3385530.0,30,60,3,3,2585.0,12.2,529,0,5,417385,3385550,525,0,5,-78.44,559,70.0,20.0,72.80109889280519,-4,14.054604099077153,-34,6,0,25.033793703018215
2576,2404301,417315.0,3385530.0,30,60,3,3,2585.0,12.2,529,0,5,417315,3385480,529,0,5,-95.67,559,0.0,-50.0,50.0,0,120.0,-30,6,0,30.96375653207352
2577,2404301,417315.0,3385530.0,30,60,3,3,2585.0,12.2,529,0,5,417290,3385455,530,0,5,-90.33,559,-25.0,-75.0,79.05694150420949,1,138.434948822922,-29,6,0,20.14425976942359
2578,2404301,417315.0,3385530.0,30,60,3,3,2585.0,12.2,529,0,5,417585,3385430,524,0,6,-92.67,559,270.0,-100.0,287.92360097775935,-5,50.32313682966293,-35,6,0,6.930871065824384
2579,2404301,417315.0,3385530.0,30,60,3,3,2585.0,12.2,529,0,5,417365,3385530,524,0,5,-88.33,559,50.0,0.0,50.0,-5,30.0,-35,6,0,34.99202019855866
2580,2404301,417315.0,3385530.0,30,60,3,3,2585.0,12.2,529,0,5,417345,3385510,526,0,5,-79.67,559,30.0,-20.0,36.05551275463989,-3,63.69006752597977,-33,6,0,42.4664749861295
2581,2404301,417315.0,3385530.0,30,60,3,3,2585.0,12.2,529,0,5,417640,3385430,524,0,5,-96.0,559,325.0,-100.0,340.03676271838606,-5,47.10272896905235,-35,6,0,5.876761625993374
2582,2404301,417315.0,3385530.0,30,60,3,3,2585.0,12.2,529,0,5,417625,3385365,520,0,5,-103.25,559,310.0,-165.0,351.17659375305755,-9,58.02450053207025,-39,6,0,6.337029441113522
2583,2404301,417315.0,3385530.0,30,60,3,3,2585.0,12.2,529,0,5,417600,3385390,522,0,5,-91.4,559,285.0,-140.0,317.52952618614853,-7,56.16156644201925,-37,6,0,6.646394215744036
2584,2404301,417315.0,3385530.0,30,60,3,3,2585.0,12.2,529,0,5,417445,3385620,528,0,5,-94.5,559,130.0,90.0,158.11388300841898,-1,-4.695153531233984,-31,6,0,11.092773099897462
2585,2404301,417315.0,3385530.0,30,60,3,3,2585.0,12.2,529,0,5,417460,3385635,529,0,10,-101.0,559,145.0,105.0,179.02513789968157,0,-5.909723079177695,-30,6,0,9.51290901922565
2586,2404301,417315.0,3385530.0,30,60,3,3,2585.0,12.2,529,0,5,417490,3385645,530,102,5,-99.0,559,175.0,115.0,209.40391591371923,1,-3.3106308245608034,-29,6,0,7.884645850782082
2587,2404301,417315.0,3385530.0,30,60,3,3,2585.0,12.2,529,0,5,417495,3385650,530,102,5,-97.5,559,180.0,120.0,216.33307652783935,1,-3.690067525979771,-29,6,0,7.63512769000663
2588,2404301,417315.0,3385530.0,30,60,3,3,2585.0,12.2,529,0,5,417475,3385630,529,0,5,-98.63,559,160.0,100.0,188.67962264113208,0,-2.005383208083515,-30,6,0,9.034384831397249
2589,2404301,417315.0,3385530.0,30,60,3,3,2585.0,12.2,529,0,5,417455,3385610,528,0,5,-97.3,559,140.0,80.0,161.24515496597098,-1,0.2551187030578035,-31,6,0,10.88255147796055
2590,2404301,417315.0,3385530.0,30,60,3,3,2585.0,12.2,529,0,5,417465,3385640,529,0,10,-100.0,559,150.0,110.0,186.01075237738274,0,-6.253837737444769,-30,6,0,9.161826397365676
2591,2404301,417315.0,3385530.0,30,60,3,3,2585.0,12.2,529,0,5,417450,3385605,528,0,5,-90.4,559,135.0,75.0,154.434452114805,-1,0.945395900922847,-31,6,0,11.35027687231363
2592,2404301,417315.0,3385530.0,30,60,3,3,2585.0,12.2,529,0,5,417510,3385665,531,0,10,-100.0,559,195.0,135.0,237.17082451262846,2,-4.695153531233984,-28,6,0,6.733080138863383
2593,2404301,417315.0,3385530.0,30,60,3,3,2585.0,12.2,529,0,5,417480,3385655,530,102,5,-98.0,559,165.0,125.0,207.0024154448445,1,-7.146686698021767,-29,6,0,7.974947869083484
2594,2404301,417315.0,3385530.0,30,60,3,3,2585.0,12.2,529,0,5,417470,3385625,529,0,5,-99.89,559,155.0,95.0,181.79658962697843,0,-1.5042667192041677,-30,6,0,9.370478173130746
2595,2404301,417315.0,3385530.0,30,60,3,3,2585.0,12.2,529,0,5,417440,3385615,528,102,5,-90.33,559,125.0,85.0,151.16216457830973,-1,-4.2157021324374,-31,6,0,11.589402483663347
2596,2404301,417315.0,3385530.0,30,60,3,3,2585.0,12.2,529,0,5,417610,3385460,526,0,5,-106.0,559,295.0,-70.0,303.1913587159106,-3,43.348727113287396,-33,6,0,6.2117435892016255
2597,2404301,417315.0,3385530.0,30,60,3,3,2585.0,12.2,529,0,5,417670,3385520,530,0,5,-91.67,559,355.0,-10.0,355.1408171415953,1,31.61353893288117,-29,6,0,4.6682867885360695
2598,2404301,417315.0,3385530.0,30,60,3,3,2585.0,12.2,529,0,5,417625,3385465,526,0,14,-104.75,559,310.0,-65.0,316.7412192942371,-3,41.84207611532776,-33,6,0,5.947958759197922
2599,2404301,417315.0,3385530.0,30,60,3,3,2585.0,12.2,529,0,5,417700,3385550,532,0,5,-104.5,559,385.0,20.0,385.5191305240247,3,27.02626891751993,-27,6,0,4.006193310779805
2600,2404301,417315.0,3385530.0,30,60,3,3,2585.0,12.2,529,0,5,417675,3385515,530,0,5,-98.75,559,360.0,-15.0,360.3123644839294,1,32.38594403038883,-29,6,0,4.601572905970742
2601,2404301,417315.0,3385530.0,30,60,3,3,2585.0,12.2,529,0,5,417690,3385540,531,0,5,-98.5,559,375.0,10.0,375.13330963805384,2,28.472474557787052,-28,6,0,4.2686492325913195
2602,2404301,417315.0,3385530.0,30,60,3,3,2585.0,12.2,529,0,5,417620,3385470,526,0,5,-91.5,559,305.0,-60.0,310.84562084739105,-3,41.12918928961119,-33,6,0,6.059937967401801
2603,2404301,417315.0,3385530.0,30,60,3,3,2585.0,12.2,529,0,5,417655,3385495,528,0,14,-95.0,559,340.0,-35.0,341.796723214252,-1,35.87739260664313,-31,6,0,5.182386776522686
2604,2404301,417315.0,3385530.0,30,60,3,3,2585.0,12.2,529,0,5,417695,3385535,531,0,5,-95.0,559,380.0,5.0,380.0328933131973,2,29.246151666929222,-28,6,0,4.213815083224364
2605,2404301,417315.0,3385530.0,30,60,3,3,2585.0,12.2,529,0,5,417600,3385450,525,0,6,-98.0,559,285.0,-80.0,296.0152023123137,-4,45.67952412241925,-34,6,0,6.55222108070792
2606,2404301,417315.0,3385530.0,30,60,3,3,2585.0,12.2,529,0,5,417615,3385455,526,0,5,-101.0,559,300.0,-75.0,309.23292192132453,-3,44.03624346792651,-33,6,0,6.091304522356317
2607,2404301,417315.0,3385530.0,30,60,3,3,2585.0,12.2,529,0,5,417660,3385510,529,0,5,-99.67,559,345.0,-20.0,345.5792239125495,0,33.31778116833482,-30,6,0,4.9614525786754795
2608,2404301,417315.0,3385530.0,30,60,3,3,2585.0,12.2,529,0,5,417665,3385505,529,0,5,-90.0,559,350.0,-25.0,350.891721190455,0,34.085616779974885,-30,6,0,4.886702754092818
2609,2404301,417315.0,3385530.0,30,60,3,3,2585.0,12.2,529,0,5,417605,3385445,525,0,6,-106.67,559,290.0,-85.0,302.2002647252315,-4,46.33604288971844,-34,6,0,6.4192492184898
2610,2404301,417315.0,3385530.0,30,60,3,3,2585.0,12.2,529,0,5,417650,3385500,528,0,5,-94.0,559,335.0,-30.0,336.34060117684277,-1,35.11731484997267,-31,6,0,5.265986635055582
2611,2404301,417315.0,3385530.0,30,60,3,3,2585.0,12.2,529,0,5,417395,3385585,527,0,6,-86.33,559,80.0,55.0,97.082439194738,-2,-4.508522987668414,-32,6,0,18.243086548277905
2612,2404301,417315.0,3385530.0,30,60,3,3,2585.0,12.2,529,0,5,417370,3385570,526,0,5,-79.5,559,55.0,40.0,68.00735254367721,-3,-6.027373385103601,-33,6,0,25.884593099115122
2613,2404301,417315.0,3385530.0,30,60,3,3,2585.0,12.2,529,0,5,417410,3385530,524,0,5,-86.22,559,95.0,0.0,95.0,-5,30.0,-35,6,0,20.224859431168078
2614,2404301,417315.0,3385530.0,30,60,3,3,2585.0,12.2,529,0,5,417580,3385400,522,0,5,-91.25,559,265.0,-130.0,295.16944286290885,-7,56.131000544938615,-37,6,0,7.144858034526052
2615,2404301,417315.0,3385530.0,30,60,3,3,2585.0,12.2,529,0,5,417310,3385510,529,0,5,-76.59,559,-5.0,-20.0,20.615528128088304,0,134.03624346792648,-30,6,0,55.50376270990906
2616,2404301,417315.0,3385530.0,30,60,3,3,2585.0,12.2,529,0,5,417305,3385515,529,0,5,-81.43,559,-10.0,-15.0,18.027756377319946,0,153.69006752597977,-30,6,0,58.99728086612602
2617,2404301,417315.0,3385530.0,30,60,3,3,2585.0,12.2,529,0,5,417315,3385505,529,0,5,-87.12,559,0.0,-25.0,25.0,0,120.0,-30,6,0,50.19442890773481
2618,2404301,417315.0,3385530.0,30,60,3,3,2585.0,12.2,529,0,5,417360,3385580,526,0,5,-69.28,559,45.0,50.0,67.26812023536856,-3,-18.012787504183336,-33,6,0,26.131374560946583
2619,2404301,417315.0,3385530.0,30,60,3,3,2585.0,12.2,529,0,5,417375,3385565,526,0,5,-74.5,559,60.0,35.0,69.46221994724903,-3,-0.25643716352925594,-33,6,0,25.411382846917956
2620,2404301,417315.0,3385530.0,30,60,3,3,2585.0,12.2,529,0,5,417280,3385500,532,0,5,-80.85,559,-35.0,-30.0,46.09772228646444,3,169.3987053549955,-27,6,0,30.358028021383458
2621,2404301,417315.0,3385530.0,30,60,3,3,2585.0,12.2,529,0,5,417590,3385390,522,0,5,-100.0,559,275.0,-140.0,308.58548248418947,-7,56.980230718222856,-37,6,0,6.837235046108618
2622,2404301,417315.0,3385530.0,30,60,3,3,2585.0,12.2,529,0,5,417400,3385540,524,0,5,-80.82,559,85.0,10.0,85.58621384311844,-5,23.290163192243085,-35,6,0,22.241830728516355
2623,2404301,417315.0,3385530.0,30,60,3,3,2585.0,12.2,529,0,5,417380,3385600,527,0,6,-79.1,559,65.0,70.0,95.524865872714,-2,-17.12109639666147,-32,6,0,18.52040183836872
2624,2404301,417315.0,3385530.0,30,60,3,3,2585.0,12.2,529,0,5,417285,3385495,531,0,10,-81.4,559,-30.0,-35.0,46.09772228646444,2,160.60129464500446,-28,6,0,31.274716520909678
2625,2404301,417315.0,3385530.0,30,60,3,3,2585.0,12.2,529,0,5,417300,3385520,530,0,5,-83.85,559,-15.0,-10.0,18.027756377319946,1,176.30993247402023,-29,6,0,58.13298295324074
2626,2404301,417315.0,3385530.0,30,60,3,3,2585.0,12.2,529,0,5,417390,3385590,527,0,6,-86.67,559,75.0,60.0,96.04686356149273,-2,-8.65980825409008,-32,6,0,18.426561619470036
2627,2404301,417315.0,3385530.0,30,60,3,3,2585.0,12.2,529,0,5,417320,3385460,529,102,5,-85.2,559,5.0,-70.0,70.178344238091,0,115.91438322002512,-30,6,0,23.145850398989065
2628,2404301,417315.0,3385530.0,30,60,3,3,2585.0,12.2,529,0,5,417290,3385490,531,0,10,-81.41,559,-25.0,-40.0,47.16990566028302,2,152.0053832080835,-28,6,0,30.693317587413844
2629,2404301,417315.0,3385530.0,30,60,3,3,2585.0,12.2,529,0,5,417335,3385445,528,0,5,-91.29,559,20.0,-85.0,87.32124598286491,-1,106.75948008481282,-31,6,0,19.54542037496209
2630,2404301,417315.0,3385530.0,30,60,3,3,2585.0,12.2,529,0,5,417350,3385470,526,0,5,-96.06,559,35.0,-60.0,69.46221994724903,-3,89.74356283647069,-33,6,0,25.411382846917956
2631,2404301,417315.0,3385530.0,30,60,3,3,2585.0,12.2,529,0,5,417345,3385475,527,0,5,-90.2,559,30.0,-55.0,62.64982043070834,-2,91.38954033403479,-32,6,0,27.05683673177035
2632,2404301,417315.0,3385530.0,30,60,3,3,2585.0,12.2,529,0,5,417330,3385450,528,0,5,-97.5,559,15.0,-80.0,81.39410298049853,-1,109.38034472384493,-31,6,0,20.849984393284046
2633,2404301,417315.0,3385530.0,30,60,3,3,2585.0,12.2,529,0,5,417415,3385525,523,0,5,-85.19,559,100.0,-5.0,100.12492197250393,-6,32.86240522611172,-36,6,0,19.776090818976318
2634,2404301,417315.0,3385530.0,30,60,3,3,2585.0,12.2,529,0,5,417295,3385485,530,0,10,-79.71,559,-20.0,-45.0,49.24428900898052,1,143.96248897457818,-29,6,0,30.493864097458967
2635,2404301,417315.0,3385530.0,30,60,3,3,2585.0,12.2,529,0,5,417340,3385480,527,0,5,-94.6,559,25.0,-50.0,55.90169943749474,-2,93.43494882292202,-32,6,0,29.78826336711408
2636,2404301,417315.0,3385530.0,30,60,3,3,2585.0,12.2,529,0,5,417325,3385455,528,102,5,-91.7,559,10.0,-75.0,75.66372975210778,-1,112.40535663140861,-31,6,0,22.279282026814975
2637,2404301,417315.0,3385530.0,30,60,3,3,2585.0,12.2,529,0,5,417405,3385535,524,0,5,-80.2,559,90.0,5.0,90.13878188659973,-5,26.82016988013578,-35,6,0,21.22070022359343
2638,2404301,417315.0,3385530.0,30,60,3,3,2585.0,12.2,529,0,5,417365,3385575,526,0,5,-69.4,559,50.0,45.0,67.26812023536856,-3,-11.987212495816664,-33,6,0,26.131374560946583
2639,2404301,417315.0,3385530.0,30,60,3,3,2585.0,12.2,529,0,5,417355,3385465,526,0,5,-92.64,559,40.0,-65.0,76.32168761236873,-3,88.39249775375112,-33,6,0,23.382708280442447
2640,2404301,417315.0,3385530.0,30,60,3,3,2585.0,12.2,529,0,5,417360,3385735,530,0,5,-99.0,559,45.0,205.0,209.88091861815357,1,-47.61924307119284,-29,6,0,7.86695080044776
2641,2404301,417315.0,3385530.0,30,60,3,3,2585.0,12.2,529,0,5,417420,3385715,531,0,6,-80.5,559,105.0,185.0,212.72047386182646,2,-30.422161318738688,-28,6,0,7.4986281022277685
2642,2404301,417315.0,3385530.0,30,60,3,3,2585.0,12.2,529,0,5,417355,3385630,529,102,6,-81.33,559,40.0,100.0,107.70329614269008,0,-38.198590513648185,-30,6,0,15.564806661388419
2643,2404301,417315.0,3385530.0,30,60,3,3,2585.0,12.2,529,0,5,417335,3385610,529,0,6,-69.5,559,20.0,80.0,82.46211251235322,0,-45.963756532073546,-30,6,0,19.991560727141444
2644,2404301,417315.0,3385530.0,30,60,3,3,2585.0,12.2,529,0,5,417330,3385605,529,0,6,-77.0,559,15.0,75.0,76.48529270389177,0,-48.69006752597977,-30,6,0,21.416714033033625
2645,2404301,417315.0,3385530.0,30,60,3,3,2585.0,12.2,529,0,5,417345,3385640,529,0,6,-78.5,559,30.0,110.0,114.0175425099138,0,-44.7448812969422,-30,6,0,14.7413932182722
2646,2404301,417315.0,3385530.0,30,60,3,3,2585.0,12.2,529,0,5,417300,3385675,530,0,5,-95.0,559,-15.0,145.0,145.7737973711325,1,294.0938588862295,-29,6,0,11.251432510402507
2647,2404301,417315.0,3385530.0,30,60,3,3,2585.0,12.2,529,0,5,417490,3385765,532,0,5,-82.0,559,175.0,235.0,293.00170647967224,3,-23.32565033042681,-27,6,0,5.264916263199263
2648,2404301,417315.0,3385530.0,30,60,3,3,2585.0,12.2,529,0,5,417315,3385670,530,0,5,-96.0,559,0.0,140.0,140.0,1,-60.0,-29,6,0,11.702901480221364
2649,2404301,417315.0,3385530.0,30,60,3,3,2585.0,12.2,529,0,5,417340,3385635,529,0,6,-89.0,559,25.0,105.0,107.93516572461452,0,-46.607502246248885,-30,6,0,15.532985881534282
2650,2404301,417315.0,3385530.0,30,60,3,3,2585.0,12.2,529,0,5,417305,3385680,530,0,5,-105.33,559,-10.0,150.0,150.33296378372907,1,296.18592516570965,-29,6,0,10.91853330152012
2651,2404301,417315.0,3385530.0,30,60,3,3,2585.0,12.2,529,0,5,417480,3385775,532,102,5,-98.33,559,165.0,245.0,295.3811097548386,3,-26.04094018032373,-27,6,0,5.222740912990919
2652,2404301,417315.0,3385530.0,30,60,3,3,2585.0,12.2,529,0,5,417295,3385650,530,0,6,-89.5,559,-20.0,120.0,121.6552506059644,1,290.5376777919744,-29,6,0,13.407857504913355
2653,2404301,417315.0,3385530.0,30,60,3,3,2585.0,12.2,529,0,5,417290,3385645,530,0,6,-93.0,559,-25.0,115.0,117.6860229593982,1,287.7352262721076,-29,6,0,13.842941266265694
2654,2404301,417315.0,3385530.0,30,60,3,3,2585.0,12.2,529,0,5,417320,3385615,530,0,6,-85.43,559,5.0,85.0,85.14693182963201,1,-56.63353933657021,-29,6,0,18.80821273217334
2655,2404301,417315.0,3385530.0,30,60,3,3,2585.0,12.2,529,0,5,417415,3385690,530,0,6,-79.0,559,100.0,160.0,188.67962264113208,1,-27.994616791916485,-29,6,0,8.737964496644691
2656,2404301,417315.0,3385530.0,30,60,3,3,2585.0,12.2,529,0,5,417500,3385795,533,0,5,-97.5,559,185.0,265.0,323.18725222384626,4,-25.08059798754232,-26,6,0,4.599466478930016
2657,2404301,417315.0,3385530.0,30,60,3,3,2585.0,12.2,529,0,5,417410,3385685,530,0,6,-84.0,559,95.0,155.0,181.79658962697843,1,-28.495733280795832,-29,6,0,9.06340041421628
2658,2404301,417315.0,3385530.0,30,60,3,3,2585.0,12.2,529,0,5,417325,3385620,530,0,6,-94.33,559,10.0,90.0,90.55385138137417,1,-53.65980825409008,-29,6,0,17.757738184548305
2659,2404301,417315.0,3385530.0,30,60,3,3,2585.0,12.2,529,0,5,417310,3385665,530,0,5,-94.0,559,-5.0,135.0,135.09256086106296,1,297.87890360333853,-29,6,0,12.115676970045286
2660,2404301,417315.0,3385530.0,30,60,3,3,2585.0,12.2,529,0,5,417660,3385505,529,0,5,-92.17,559,345.0,-25.0,345.90461112855957,0,34.14462374110428,-30,6,0,4.956808678975115
2661,2404301,417315.0,3385530.0,30,60,3,3,2585.0,12.2,529,0,5,417605,3385450,525,0,5,-91.0,559,290.0,-80.0,300.83217912982644,-4,45.42216131873869,-34,6,0,6.448196522989915
2662,2404301,417315.0,3385530.0,30,60,3,3,2585.0,12.2,529,0,5,417685,3385530,531,0,5,-99.0,559,370.0,0.0,370.0,2,30.0,-28,6,0,4.327648203108186
2663,2404301,417315.0,3385530.0,30,60,3,3,2585.0,12.2,529,0,5,417600,3385445,525,0,6,-93.33,559,285.0,-85.0,297.40544715926103,-4,46.606980578617026,-34,6,0,6.521856708800012
2664,2404301,417315.0,3385530.0,30,60,3,3,2585.0,12.2,529,0,5,417665,3385510,529,0,5,-95.33,559,350.0,-20.0,350.5709628591621,0,33.270487923183566,-30,6,0,4.891152209850608
2665,2404301,417315.0,3385530.0,30,60,3,3,2585.0,12.2,529,0,5,417625,3385470,526,0,5,-103.75,559,310.0,-60.0,315.75306807693886,-3,40.954062643398345,-33,6,0,5.96643886551254
2666,2404301,417315.0,3385530.0,30,60,3,3,2585.0,12.2,529,0,5,417620,3385465,526,0,5,-106.5,559,305.0,-65.0,311.8493225902535,-3,42.03059609653786,-33,6,0,6.040578207404241
2667,2404301,417315.0,3385530.0,30,60,3,3,2585.0,12.2,529,0,5,417630,3385475,527,0,5,-92.75,559,315.0,-55.0,319.7655391063896,-2,39.90418321297386,-32,6,0,5.714752596641417
2668,2404301,417315.0,3385530.0,30,60,3,3,2585.0,12.2,529,0,5,417640,3385485,527,0,5,-92.5,559,325.0,-45.0,328.10059433045836,-2,37.88313931672974,-32,6,0,5.570500137456324
2669,2404301,417315.0,3385530.0,30,60,3,3,2585.0,12.2,529,0,5,417695,3385540,531,0,5,-103.33,559,380.0,10.0,380.13155617496426,2,28.492564241225068,-28,6,0,4.2127253286254245
2670,2404301,417315.0,3385530.0,30,60,3,3,2585.0,12.2,529,0,5,417675,3385520,530,0,5,-93.67,559,360.0,-10.0,360.1388621073821,1,31.591140271194604,-29,6,0,4.603780256436229
2671,2404301,417315.0,3385530.0,30,60,3,3,2585.0,12.2,529,0,5,417610,3385455,526,0,5,-126.0,559,295.0,-75.0,304.38462510448846,-3,44.26451229807992,-33,6,0,6.187581211203062
2672,2404301,417315.0,3385530.0,30,60,3,3,2585.0,12.2,529,0,5,417680,3385525,530,0,5,-96.17,559,365.0,-5.0,365.0342449688796,1,30.784824602991876,-29,6,0,4.542300223102586
2673,2404301,417315.0,3385530.0,30,60,3,3,2585.0,12.2,529,0,5,417670,3385515,530,0,5,-94.11,559,355.0,-15.0,355.31676008879737,1,32.419509216656365,-29,6,0,4.665985392420654
2674,2404301,417315.0,3385530.0,30,60,3,3,2585.0,12.2,529,0,5,417655,3385500,528,0,14,-94.0,559,340.0,-30.0,341.32096331752024,-1,35.04245106917091,-31,6,0,5.189570977529356
2675,2404301,417315.0,3385530.0,30,60,3,3,2585.0,12.2,529,0,5,417645,3385490,528,0,5,-97.75,559,330.0,-40.0,332.41540277189324,-1,36.911227119024716,-31,6,0,5.327812240772136
2676,2404301,417315.0,3385530.0,30,60,3,3,2585.0,12.2,529,0,5,417720,3385565,532,0,5,-103.5,559,405.0,35.0,406.5095324835569,3,25.060784457873808,-27,6,0,3.7999532211980664
2677,2404301,417315.0,3385530.0,30,60,3,3,2585.0,12.2,529,0,5,417405,3385740,531,0,5,-88.0,559,90.0,210.0,228.47319317591726,2,-36.801409486351815,-28,6,0,6.986910631783507
2678,2404301,417315.0,3385530.0,30,60,3,3,2585.0,12.2,529,0,5,417395,3385710,530,0,5,-92.67,559,80.0,180.0,196.9771560359221,1,-36.03751102542179,-29,6,0,8.375216438134602
2679,2404301,417315.0,3385530.0,30,60,3,3,2585.0,12.2,529,0,5,417415,3385730,531,0,5,-104.5,559,100.0,200.0,223.60679774997897,2,-33.434948822922024,-28,6,0,7.137416257938385
2680,2404301,417315.0,3385530.0,30,60,3,3,2585.0,12.2,529,0,5,417325,3385660,530,6,5,-95.6,559,10.0,130.0,130.38404810405297,1,-55.60129464500449,-29,6,0,12.539597460226878
2681,2404301,417315.0,3385530.0,30,60,3,3,2585.0,12.2,529,0,5,417330,3385645,529,0,6,-101.5,559,15.0,115.0,115.97413504743201,0,-52.56859202882748,-30,6,0,14.503264277844725
2682,2404301,417315.0,3385530.0,30,60,3,3,2585.0,12.2,529,0,5,417370,3385685,530,0,10,-95.0,559,55.0,155.0,164.46884203398528,1,-40.46334506187162,-29,6,0,9.999900554273298
2683,2404301,417315.0,3385530.0,30,60,3,3,2585.0,12.2,529,0,5,417435,3385750,531,0,6,-89.5,559,120.0,220.0,250.59928172283335,2,-31.38954033403479,-28,6,0,6.3753390975397295
2684,2404301,417315.0,3385530.0,30,60,3,3,2585.0,12.2,529,0,5,417320,3385655,530,0,6,-83.5,559,5.0,125.0,125.09996003196804,1,-57.70938995736145,-29,6,0,13.051471804313405
2685,2404301,417315.0,3385530.0,30,60,3,3,2585.0,12.2,529,0,5,417305,3385640,530,0,6,-101.5,559,-10.0,110.0,110.45361017187261,1,294.8055710922652,-29,6,0,14.711180347338413
2686,2404301,417315.0,3385530.0,30,60,3,3,2585.0,12.2,529,0,5,417355,3385670,529,0,5,-78.0,559,40.0,140.0,145.60219778561037,0,-44.05460409907715,-30,6,0,11.642345437089828
2687,2404301,417315.0,3385530.0,30,60,3,3,2585.0,12.2,529,0,5,417360,3385695,530,0,10,-93.5,559,45.0,165.0,171.0263137648707,1,-44.7448812969422,-29,6,0,9.62379493414964
2688,2404301,417315.0,3385530.0,30,60,3,3,2585.0,12.2,529,0,5,417285,3385620,531,0,5,-82.45,559,-30.0,90.0,94.86832980505137,2,281.565051177078,-28,6,0,16.44374992140233
2689,2404301,417315.0,3385530.0,30,60,3,3,2585.0,12.2,529,0,5,417295,3385610,531,0,5,-81.2,559,-20.0,80.0,82.46211251235322,2,285.96375653207355,-28,6,0,18.754912214077386
2690,2404301,417315.0,3385530.0,30,60,3,3,2585.0,12.2,529,0,5,417280,3385615,532,0,5,-85.54,559,-35.0,85.0,91.92388155425118,3,277.6198649480404,-27,6,0,16.36863597851052
2691,2404301,417315.0,3385530.0,30,60,3,3,2585.0,12.2,529,0,5,417350,3385665,529,0,5,-80.56,559,35.0,135.0,139.46325680981354,0,-45.46554491945989,-30,6,0,12.139927206748657
2692,2404301,417315.0,3385530.0,30,60,3,3,2585.0,12.2,529,0,5,417310,3385625,530,0,5,-89.0,559,-5.0,95.0,95.13148795220224,1,296.98721249581666,-29,6,0,16.953382991019495
2693,2404301,417315.0,3385530.0,30,60,3,3,2585.0,12.2,529,0,5,417290,3385605,531,0,5,-83.13,559,-25.0,75.0,79.05694150420949,2,281.565051177078,-28,6,0,19.502877741089875
2694,2404301,417315.0,3385530.0,30,60,3,3,2585.0,12.2,529,0,5,417420,3385755,531,0,5,-97.5,559,105.0,225.0,248.29418035870273,2,-34.98310652189997,-28,6,0,6.434032091639974
2695,2404301,417315.0,3385530.0,30,60,3,3,2585.0,12.2,529,0,5,417340,3385675,530,0,5,-91.5,559,25.0,145.0,147.13938969562162,1,-50.21759296819272,-29,6,0,11.149636711459484
2696,2404301,417315.0,3385530.0,30,60,3,3,2585.0,12.2,529,0,5,417330,3385445,528,0,5,-95.0,559,15.0,-85.0,86.31338250816034,-1,109.99202019855875,-31,6,0,19.756073425472174
2697,2404301,417315.0,3385530.0,30,60,3,3,2585.0,12.2,529,0,5,417430,3385545,524,0,6,-96.5,559,115.0,15.0,115.97413504743201,-5,22.56859202882748,-35,6,0,16.79336411847982
2698,2404301,417315.0,3385530.0,30,60,3,3,2585.0,12.2,529,0,5,417370,3385565,526,0,5,-71.56,559,55.0,35.0,65.19202405202648,-3,-2.471192290848478,-33,6,0,26.848391166085545
2699,2404301,417315.0,3385530.0,30,60,3,3,2585.0,12.2,529,0,5,417310,3385505,529,0,10,-84.46,559,-5.0,-25.0,25.495097567963924,0,131.3099324740202,-30,6,0,49.64089954333876
2700,2404301,417315.0,3385530.0,30,60,3,3,2585.0,12.2,529,0,5,417375,3385570,526,0,5,-73.56,559,60.0,40.0,72.11102550927978,-3,-3.690067525979771,-33,6,0,24.59014290199212
2701,2404301,417315.0,3385530.0,30,60,3,3,2585.0,12.2,529,0,5,417525,3385420,523,0,5,-99.33,559,210.0,-110.0,237.06539182259397,-6,57.64597536373867,-36,6,0,8.634784874572386
2702,2404301,417315.0,3385530.0,30,60,3,3,2585.0,12.2,529,0,5,417585,3385400,522,0,5,-94.43,559,270.0,-130.0,299.66648127543397,-7,55.70995378081125,-37,6,0,7.03872008494844
2703,2404301,417315.0,3385530.0,30,60,3,3,2585.0,12.2,529,0,5,417590,3385385,521,0,5,-89.5,559,275.0,-145.0,310.8858311341963,-8,57.80145877993414,-38,6,0,6.968772964293391
2704,2404301,417315.0,3385530.0,30,60,3,3,2585.0,12.2,529,0,5,417350,3385465,527,0,5,-102.0,559,35.0,-65.0,73.824115301167,-2,91.69924423399362,-32,6,0,23.434932652338752
2705,2404301,417315.0,3385530.0,30,60,3,3,2585.0,12.2,529,0,5,417580,3385395,522,0,5,-92.33,559,265.0,-135.0,297.40544715926103,-7,56.995838394086604,-37,6,0,7.0916893357521005
2706,2404301,417315.0,3385530.0,30,60,3,3,2585.0,12.2,529,0,5,417285,3385500,531,0,5,-83.85,559,-30.0,-30.0,42.42640687119285,2,165.0,-28,6,0,33.423467333412106
2707,2404301,417315.0,3385530.0,30,60,3,3,2585.0,12.2,529,0,5,417290,3385485,531,0,10,-80.53,559,-25.0,-45.0,51.478150704935004,2,149.05460409907715,-28,6,0,28.5426573273879
2708,2404301,417315.0,3385530.0,30,60,3,3,2585.0,12.2,529,0,5,417360,3385575,526,0,5,-71.48,559,45.0,45.0,63.63961030678928,-3,-15.0,-33,6,0,27.40876997825205
2709,2404301,417315.0,3385530.0,30,60,3,3,2585.0,12.2,529,0,5,417380,3385595,527,0,6,-70.67,559,65.0,65.0,91.92388155425118,-2,-15.0,-32,6,0,19.193728049170875
2710,2404301,417315.0,3385530.0,30,60,3,3,2585.0,12.2,529,0,5,417595,3385390,522,0,5,-93.8,559,280.0,-140.0,313.04951684997053,-7,56.565051177077976,-37,6,0,6.740640733458768
2711,2404301,417315.0,3385530.0,30,60,3,3,2585.0,12.2,529,0,5,417400,3385535,524,0,5,-79.94,559,85.0,5.0,85.14693182963201,-5,26.63353933657021,-35,6,0,22.34531668627956
2712,2404301,417315.0,3385530.0,30,60,3,3,2585.0,12.2,529,0,5,417300,3385515,530,0,5,-78.47,559,-15.0,-15.0,21.213203435596427,1,165.0,-29,6,0,53.81491152243198
2713,2404301,417315.0,3385530.0,30,60,3,3,2585.0,12.2,529,0,5,417325,3385460,528,102,5,-94.0,559,10.0,-70.0,70.71067811865476,-1,111.86989764584405,-31,6,0,23.672943392302233
2714,2404301,417315.0,3385530.0,30,60,3,3,2585.0,12.2,529,0,5,417345,3385480,527,0,5,-91.09,559,30.0,-50.0,58.309518948453004,-2,89.03624346792651,-32,6,0,28.75778073300796
2715,2404301,417315.0,3385530.0,30,60,3,3,2585.0,12.2,529,0,5,417315,3385510,529,0,5,-79.26,559,0.0,-20.0,20.0,0,120.0,-30,6,0,56.309932474020215
2716,2404301,417315.0,3385530.0,30,60,3,3,2585.0,12.2,529,0,5,417405,3385540,524,0,5,-79.67,559,90.0,10.0,90.55385138137417,-5,23.65980825409008,-35,6,0,21.132032576998256
2717,2404301,417315.0,3385530.0,30,60,3,3,2585.0,12.2,529,0,5,417385,3385600,527,0,6,-85.14,559,70.0,70.0,98.99494936611666,-2,-15.0,-32,6,0,17.91336486752661
2718,2404301,417315.0,3385530.0,30,60,3,3,2585.0,12.2,529,0,5,417305,3385520,529,0,5,-78.31,559,-10.0,-10.0,14.142135623730951,0,165.0,-30,6,0,64.7605981793211
2719,2404301,417315.0,3385530.0,30,60,3,3,2585.0,12.2,529,0,5,417415,3385530,524,0,5,-85.0,559,100.0,0.0,100.0,-5,30.0,-35,6,0,19.290046219188735
2720,2404301,417315.0,3385530.0,30,60,3,3,2585.0,12.2,529,0,5,417365,3385580,526,0,5,-67.21,559,50.0,50.0,70.71067811865476,-3,-15.0,-33,6,0,25.018013664398506
2721,2404301,417315.0,3385530.0,30,60,3,3,2585.0,12.2,529,0,5,417390,3385585,527,0,7,-81.55,559,75.0,55.0,93.00537618869137,-2,-6.253837737444769,-32,6,0,18.986605112988904
2722,2404301,417315.0,3385530.0,30,60,3,3,2585.0,12.2,529,0,5,417395,3385590,527,0,6,-88.5,559,80.0,60.0,100.0,-2,-6.869897645844048,-32,6,0,17.744671625056935
2723,2404301,417315.0,3385530.0,30,60,3,3,2585.0,12.2,529,0,5,417425,3385560,525,0,7,-82.33,559,110.0,30.0,114.0175425099138,-4,14.744881296942253,-34,6,0,16.604566151538044
2724,2404301,417315.0,3385530.0,30,60,3,3,2585.0,12.2,529,0,5,417410,3385525,523,0,5,-85.06,559,95.0,-5.0,95.13148795220224,-6,33.012787504183336,-36,6,0,20.72782526685542
2725,2404301,417315.0,3385530.0,30,60,3,3,2585.0,12.2,529,0,5,417280,3385495,532,0,5,-85.24,559,-35.0,-35.0,49.49747468305833,3,165.0,-27,6,0,28.611688504112813
2726,2404301,417315.0,3385530.0,30,60,3,3,2585.0,12.2,529,0,5,417295,3385490,530,0,10,-81.2,559,-20.0,-40.0,44.721359549995796,1,146.565051177078,-29,6,0,32.96178387219913
2727,2404301,417315.0,3385530.0,30,60,3,3,2585.0,12.2,529,0,5,417335,3385450,528,0,5,-97.5,559,20.0,-80.0,82.46211251235322,-1,105.96375653207349,-31,6,0,20.602757596607006
2728,2404301,417315.0,3385530.0,30,60,3,3,2585.0,12.2,529,0,5,417320,3385455,529,102,5,-88.0,559,5.0,-75.0,75.16648189186454,0,116.1859251657097,-30,6,0,21.757637120156016
2729,2404301,417315.0,3385530.0,30,60,3,3,2585.0,12.2,529,0,5,417355,3385470,526,0,5,-91.25,559,40.0,-60.0,72.11102550927978,-3,86.30993247402023,-33,6,0,24.59014290199212
2730,2404301,417315.0,3385530.0,30,60,3,3,2585.0,12.2,529,0,5,417215,3385520,533,0,5,-98.75,559,-100.0,-10.0,100.4987562112089,4,204.28940686250036,-26,6,0,14.50494521841444
2731,2404301,417315.0,3385530.0,30,60,3,3,2585.0,12.2,529,0,5,417220,3385485,532,90,6,-90.5,559,-95.0,-45.0,105.11898020814318,3,184.65382405805332,-27,6,0,14.405130342655855
2732,2404301,417315.0,3385530.0,30,60,3,3,2585.0,12.2,529,0,5,417255,3385480,532,0,5,-81.8,559,-60.0,-50.0,78.10249675906654,3,170.1944289077348,-27,6,0,19.070245970646877
2733,2404301,417315.0,3385530.0,30,60,3,3,2585.0,12.2,529,0,5,417245,3385470,532,0,5,-86.4,559,-70.0,-60.0,92.19544457292888,3,169.3987053549955,-27,6,0,16.322992150294365
2734,2404301,417315.0,3385530.0,30,60,3,3,2585.0,12.2,529,0,5,417265,3385450,531,0,10,-85.06,559,-50.0,-80.0,94.33981132056604,2,152.0053832080835,-28,6,0,16.530857391326563
2735,2404301,417315.0,3385530.0,30,60,3,3,2585.0,12.2,529,0,5,417260,3385445,531,0,10,-85.71,559,-55.0,-85.0,101.24228365658294,2,152.9052429229879,-28,6,0,15.4595434305008
2736,2404301,417315.0,3385530.0,30,60,3,3,2585.0,12.2,529,0,5,417275,3385460,531,0,5,-86.75,559,-40.0,-70.0,80.62257748298549,2,149.74488129694222,-28,6,0,19.15197398160901
2737,2404301,417315.0,3385530.0,30,60,3,3,2585.0,12.2,529,0,5,417250,3385475,532,0,5,-89.71,559,-65.0,-55.0,85.14693182963201,3,169.7636416907262,-27,6,0,17.593765027641407
2738,2404301,417315.0,3385530.0,30,60,3,3,2585.0,12.2,529,0,5,417270,3385455,531,0,10,-84.82,559,-45.0,-75.0,87.46427842267951,2,150.96375653207352,-28,6,0,17.751463924728863
2739,2404301,417315.0,3385530.0,30,60,3,3,2585.0,12.2,529,0,5,417240,3385465,531,0,5,-88.0,559,-75.0,-65.0,99.24716620639605,2,169.08561677997488,-28,6,0,15.755028974128154
2740,2404301,417315.0,3385530.0,30,60,3,3,2585.0,12.2,529,0,5,417195,3385405,529,0,5,-100.0,559,-120.0,-125.0,173.27723451163456,0,163.83086067209257,-30,6,0,9.822417743727742
2741,2404301,417315.0,3385530.0,30,60,3,3,2585.0,12.2,529,0,5,417245,3385495,532,0,6,-77.33,559,-70.0,-35.0,78.26237921249263,3,183.43494882292202,-27,6,0,19.03409361314733
2742,2404301,417315.0,3385530.0,30,60,3,3,2585.0,12.2,529,0,5,417255,3385485,532,0,5,-82.0,559,-60.0,-45.0,75.0,3,173.13010235415598,-27,6,0,19.798876354524932
2743,2404301,417315.0,3385530.0,30,60,3,3,2585.0,12.2,529,0,5,417250,3385490,532,0,5,-90.0,559,-65.0,-40.0,76.32168761236873,3,178.3924977537511,-27,6,0,19.482035915929306
2744,2404301,417315.0,3385530.0,30,60,3,3,2585.0,12.2,529,0,5,417230,3385470,531,90,5,-87.67,559,-85.0,-60.0,104.04326023342406,2,174.78240703180728,-28,6,0,15.062507581989458
2745,2404301,417315.0,3385530.0,30,60,3,3,2585.0,12.2,529,0,5,417240,3385500,532,0,6,-92.33,559,-75.0,-30.0,80.77747210701756,3,188.19859051364818,-27,6,0,18.482287744707932
2746,2404301,417315.0,3385530.0,30,60,3,3,2585.0,12.2,529,0,5,417275,3385505,532,0,5,-84.78,559,-40.0,-25.0,47.16990566028302,3,177.99461679191648,-27,6,0,29.78677247407503
2747,2404301,417315.0,3385530.0,30,60,3,3,2585.0,12.2,529,0,5,417190,3385590,532,0,14,-85.0,559,-125.0,60.0,138.6542462386205,3,235.6410058243053,-27,6,0,11.01924879634922
2748,2404301,417315.0,3385530.0,30,60,3,3,2585.0,12.2,529,0,5,417260,3385520,533,0,6,-83.14,559,-55.0,-10.0,55.90169943749474,4,199.69515353123398,-26,6,0,24.943239202184763
2749,2404301,417315.0,3385530.0,30,60,3,3,2585.0,12.2,529,0,5,417270,3385510,533,0,5,-87.6,559,-45.0,-20.0,49.24428900898052,4,186.0375110254218,-26,6,0,27.833158098289005
2750,2404301,417315.0,3385530.0,30,60,3,3,2585.0,12.2,529,0,5,417265,3385515,533,0,6,-89.25,559,-50.0,-15.0,52.20153254455275,4,193.30075576600638,-26,6,0,26.47650298968346
2751,2404301,417315.0,3385530.0,30,60,3,3,2585.0,12.2,529,0,5,417225,3385475,532,90,6,-87.25,559,-90.0,-55.0,105.47511554864494,3,178.5704343851615,-27,6,0,14.358505772123848
2752,2404301,417315.0,3385530.0,30,60,3,3,2585.0,12.2,529,0,5,417215,3385445,531,0,5,-98.0,559,-100.0,-85.0,131.24404748406687,2,169.63546342690265,-28,6,0,12.04310538325877
2753,2404301,417315.0,3385530.0,30,60,3,3,2585.0,12.2,529,0,5,417235,3385465,531,0,5,-87.0,559,-80.0,-65.0,103.07764064044152,2,170.9061411137705,-28,6,0,15.197114052501222
2754,2404301,417315.0,3385530.0,30,60,3,3,2585.0,12.2,529,0,5,417205,3385555,532,0,5,-91.67,559,-110.0,25.0,112.80514172678478,3,222.80426606528675,-27,6,0,13.460557068942325
2755,2404301,417315.0,3385530.0,30,60,3,3,2585.0,12.2,529,0,5,417215,3385545,533,0,10,-101.25,559,-100.0,15.0,101.11874208078342,4,218.53076560994816,-26,6,0,14.419730233649654
2756,2404301,417315.0,3385530.0,30,60,3,3,2585.0,12.2,529,0,5,417260,3385580,532,0,5,-98.75,559,-55.0,50.0,74.33034373659252,3,252.27368900609372,-27,6,0,19.963213743887447
2757,2404301,417315.0,3385530.0,30,60,3,3,2585.0,12.2,529,0,5,417275,3385565,532,0,5,-98.0,559,-40.0,35.0,53.150729063673246,3,251.18592516570965,-27,6,0,26.93008080723923
2758,2404301,417315.0,3385530.0,30,60,3,3,2585.0,12.2,529,0,5,417225,3385535,533,6,10,-96.17,559,-90.0,5.0,90.13878188659973,4,213.17983011986422,-26,6,0,16.089894054824914
2759,2404301,417315.0,3385530.0,30,60,3,3,2585.0,12.2,529,0,5,417200,3385560,532,0,5,-95.5,559,-115.0,30.0,118.84864324004712,3,224.62087398863167,-27,6,0,12.799198089500683
2760,2404301,417315.0,3385530.0,30,60,3,3,2585.0,12.2,529,0,5,417255,3385585,532,0,5,-89.33,559,-60.0,55.0,81.39410298049853,3,252.51044707800082,-27,6,0,18.351682249716998
2761,2404301,417315.0,3385530.0,30,60,3,3,2585.0,12.2,529,0,5,417240,3385600,532,0,5,-99.33,559,-75.0,70.0,102.59142264341595,3,253.02506598911805,-27,6,0,14.744741796263813
2762,2404301,417315.0,3385530.0,30,60,3,3,2585.0,12.2,529,0,5,417245,3385595,532,0,5,-96.0,559,-70.0,65.0,95.524865872714,3,252.87890360333853,-27,6,0,15.782887420899335
2763,2404301,417315.0,3385530.0,30,60,3,3,2585.0,12.2,529,0,5,417265,3385575,532,0,5,-97.0,559,-50.0,45.0,67.26812023536856,3,251.98721249581666,-27,6,0,21.869481962423386
2764,2404301,417315.0,3385530.0,30,60,3,3,2585.0,12.2,529,0,5,417230,3385530,533,6,10,-94.25,559,-85.0,0.0,85.0,4,210.0,-26,6,0,17.007946955407327
2765,2404301,417315.0,3385530.0,30,60,3,3,2585.0,12.2,529,0,5,417235,3385525,533,6,5,-95.83,559,-80.0,-5.0,80.15609770940699,4,206.42366562500263,-26,6,0,17.971356694758967
2766,2404301,417315.0,3385530.0,30,60,3,3,2585.0,12.2,529,0,5,417270,3385570,532,0,5,-93.14,559,-45.0,40.0,60.207972893961475,3,251.6335393365702,-27,6,0,24.153638997943546
2767,2404301,417315.0,3385530.0,30,60,3,3,2585.0,12.2,529,0,5,417635,3385435,525,0,5,-104.5,559,320.0,-95.0,333.80383460949037,-4,46.53483785734517,-34,6,0,5.815874777279948
2768,2404301,417315.0,3385530.0,30,60,3,3,2585.0,12.2,529,0,5,417600,3385410,523,0,5,-89.0,559,285.0,-120.0,309.23292192132453,-6,52.83365417791754,-36,6,0,6.640317538681619
2769,2404301,417315.0,3385530.0,30,60,3,3,2585.0,12.2,529,0,5,417620,3385430,524,0,6,-103.33,559,305.0,-100.0,320.97507691408066,-5,48.15270588665112,-35,6,0,6.223101295447001
2770,2404301,417315.0,3385530.0,30,60,3,3,2585.0,12.2,529,0,5,417615,3385415,523,0,6,-102.67,559,300.0,-115.0,321.2864765283469,-6,50.97349342132077,-36,6,0,6.3932982328003
2771,2404301,417315.0,3385530.0,30,60,3,3,2585.0,12.2,529,0,5,417645,3385365,521,0,5,-92.0,559,330.0,-165.0,368.9512162874653,-8,56.565051177077976,-38,6,0,5.880424057921326
2772,2404301,417315.0,3385530.0,30,60,3,3,2585.0,12.2,529,0,5,417630,3385440,525,0,5,-102.0,559,315.0,-90.0,327.6049450176233,-4,45.94539590092285,-34,6,0,5.925146130891877
2773,2404301,417315.0,3385530.0,30,60,3,3,2585.0,12.2,529,0,5,417625,3385425,524,0,6,-104.0,559,310.0,-105.0,327.29955698106284,-5,48.71173787509974,-35,6,0,6.103767534202708
2774,2404301,417315.0,3385530.0,30,60,3,3,2585.0,12.2,529,0,5,417615,3385425,524,0,7,-102.25,559,300.0,-105.0,317.8443015062564,-5,49.29004621918875,-35,6,0,6.283911012397438
2775,2404301,417315.0,3385530.0,30,60,3,3,2585.0,12.2,529,0,5,417625,3385415,523,0,6,-103.33,559,310.0,-115.0,330.6433123473088,-6,50.35322914806886,-36,6,0,6.213810701399522
2776,2404301,417315.0,3385530.0,30,60,3,3,2585.0,12.2,529,0,5,417610,3385430,524,0,6,-102.5,559,295.0,-100.0,311.4883625434504,-5,48.72578784527258,-35,6,0,6.411077540222937
2777,2404301,417315.0,3385530.0,30,60,3,3,2585.0,12.2,529,0,5,417630,3385410,523,9,6,-101.0,559,315.0,-120.0,337.08307581366347,-6,50.85445803957833,-36,6,0,6.0960021361579
2778,2404301,417315.0,3385530.0,30,60,3,3,2585.0,12.2,529,0,5,417600,3385440,525,0,6,-103.0,559,285.0,-90.0,298.8728826775691,-4,47.52556837372288,-34,6,0,6.490108929176025
2779,2404301,417315.0,3385530.0,30,60,3,3,2585.0,12.2,529,0,5,417620,3385420,524,0,7,-98.67,559,305.0,-110.0,324.2298567374695,-5,49.832129850218394,-35,6,0,6.16111358472498
2780,2404301,417315.0,3385530.0,30,60,3,3,2585.0,12.2,529,0,5,417820,3385410,524,0,5,-106.29,559,505.0,-120.0,519.0616533707725,-5,43.36693069631684,-35,6,0,3.857578913722305
2781,2404301,417315.0,3385530.0,30,60,3,3,2585.0,12.2,529,0,5,417615,3385555,530,0,6,-98.5,559,300.0,25.0,301.0398644698074,1,25.23635830927384,-29,6,0,5.502481292777631
2782,2404301,417315.0,3385530.0,30,60,3,3,2585.0,12.2,529,0,5,417715,3385455,526,0,5,-92.0,559,400.0,-75.0,406.97051490249265,-3,40.61965527615513,-33,6,0,4.635797803451308
2783,2404301,417315.0,3385530.0,30,60,3,3,2585.0,12.2,529,0,5,417155,3385620,529,0,5,-93.5,559,-160.0,90.0,183.5755975068582,0,239.35775354279127,-30,6,0,9.281257808115864
2784,2404301,417315.0,3385530.0,30,60,3,3,2585.0,12.2,529,0,5,417170,3385675,529,0,10,-88.0,559,-145.0,145.0,205.0609665440988,0,255.0,-30,6,0,8.323209718501987
2785,2404301,417315.0,3385530.0,30,60,3,3,2585.0,12.2,529,0,5,417175,3385680,528,0,5,-95.5,559,-140.0,150.0,205.1828452868319,-1,256.97493401088195,-31,6,0,8.591540178353966
2786,2404301,417315.0,3385530.0,30,60,3,3,2585.0,12.2,529,0,5,417275,3385740,529,0,5,-98.5,559,-40.0,210.0,213.7755832643195,0,289.2157021324374,-30,6,0,7.988382999150498
2787,2404301,417315.0,3385530.0,30,60,3,3,2585.0,12.2,529,0,5,416990,3385500,524,0,5,-81.0,559,-325.0,-30.0,326.3816784073518,-5,204.72610404264822,-35,6,0,6.12080295313107
2788,2404301,417315.0,3385530.0,30,60,3,3,2585.0,12.2,529,0,5,417230,3385420,530,0,10,-89.5,559,-85.0,-110.0,139.01438774457844,1,157.69424046668917,-29,6,0,11.783562910433108
2789,2404301,417315.0,3385530.0,30,60,3,3,2585.0,12.2,529,0,5,417200,3385430,530,0,5,-97.5,559,-115.0,-100.0,152.3975065412817,1,168.9909130984298,-29,6,0,10.774104120584312
2790,2404301,417315.0,3385530.0,30,60,3,3,2585.0,12.2,529,0,5,417220,3385410,530,0,10,-93.33,559,-95.0,-120.0,153.05227865013967,1,158.36748538486154,-29,6,0,10.729083674508948
2791,2404301,417315.0,3385530.0,30,60,3,3,2585.0,12.2,529,0,5,417235,3385415,530,0,5,-87.67,559,-80.0,-115.0,140.089257261219,1,154.8244891569568,-29,6,0,11.695650501440442
2792,2404301,417315.0,3385530.0,30,60,3,3,2585.0,12.2,529,0,5,417215,3385435,530,0,10,-95.5,559,-100.0,-95.0,137.93114224133723,1,166.46880071438582,-29,6,0,11.873488357682655
2793,2404301,417315.0,3385530.0,30,60,3,3,2585.0,12.2,529,0,5,414795,3385045,492,0,6,-108.5,559,-2520.0,-485.0,2566.2472601056975,-37,199.10604027493144,-67,6,0,1.4955477666056896
2794,2404301,417315.0,3385530.0,30,60,3,3,2585.0,12.2,529,0,5,417600,3385400,522,0,5,-92.86,559,285.0,-130.0,313.2491021535417,-7,54.51964268819074,-37,6,0,6.736385444951289
2795,2404301,417315.0,3385530.0,30,60,3,3,2585.0,12.2,529,0,5,417610,3385390,522,0,5,-98.75,559,295.0,-140.0,326.5348373451139,-7,55.38790629109593,-37,6,0,6.464670630989909
2796,2404301,417315.0,3385530.0,30,60,3,3,2585.0,12.2,529,0,5,417605,3385395,522,0,5,-95.0,559,290.0,-135.0,319.88279103446627,-7,54.962789830807026,-37,6,0,6.597931728147215
2797,2404301,417315.0,3385530.0,30,60,3,3,2585.0,12.2,529,0,5,417630,3385370,521,0,5,-97.5,559,315.0,-160.0,353.30581653859025,-8,56.92767785104053,-38,6,0,6.138879514339491
2798,2404301,417315.0,3385530.0,30,60,3,3,2585.0,12.2,529,0,5,417635,3385365,520,0,5,-97.0,559,320.0,-165.0,360.0347205478938,-9,57.27676338311369,-39,6,0,6.182338522365461
2799,2404301,417315.0,3385530.0,30,60,3,3,2585.0,12.2,529,0,5,417625,3385375,521,0,5,-91.4,559,310.0,-155.0,346.5905365124674,-8,56.565051177077976,-38,6,0,6.256887356956537
2800,2404301,417315.0,3385530.0,30,60,3,3,2585.0,12.2,529,0,5,417620,3385380,521,0,5,-96.5,559,305.0,-150.0,339.8896879871468,-8,56.18811069748085,-38,6,0,6.37923329330945
2801,2404301,417315.0,3385530.0,30,60,3,3,2585.0,12.2,529,0,5,417615,3385385,521,0,5,-95.5,559,300.0,-145.0,333.2041416309227,-8,55.79602649449998,-38,6,0,6.50614207742291
2802,2404301,417315.0,3385530.0,30,60,3,3,2585.0,12.2,529,0,5,417645,3385545,530,0,6,-101.0,559,330.0,15.0,330.3407331831786,1,27.397437797500174,-29,6,0,5.017028207479161
2803,2404301,417315.0,3385530.0,30,60,3,3,2585.0,12.2,529,0,5,417675,3385535,531,0,5,-99.0,559,360.0,5.0,360.0347205478938,2,29.204276447260725,-28,6,0,4.446957679543398
2804,2404301,417315.0,3385530.0,30,60,3,3,2585.0,12.2,529,0,5,417685,3385505,529,0,5,-104.25,559,370.0,-25.0,370.84363281577316,0,33.865461169851756,-30,6,0,4.6249640027799135
2805,2404301,417315.0,3385530.0,30,60,3,3,2585.0,12.2,529,0,5,417690,3385520,530,0,5,-102.33,559,375.0,-10.0,375.13330963805384,1,31.527525442212948,-29,6,0,4.4205070864969995
2806,2404301,417315.0,3385530.0,30,60,3,3,2585.0,12.2,529,0,5,417745,3385445,526,0,5,-102.0,559,430.0,-85.0,438.32065887886233,-3,41.18175421019669,-33,6,0,4.30552471667991
2807,2404301,417315.0,3385530.0,30,60,3,3,2585.0,12.2,529,0,5,417750,3385460,527,5,5,-90.0,559,435.0,-70.0,440.5961870012041,-2,39.14164022352492,-32,6,0,4.1540334446628835
2808,2404301,417315.0,3385530.0,30,60,3,3,2585.0,12.2,529,0,5,417695,3385515,530,0,5,-105.0,559,380.0,-15.0,380.2959373961284,1,32.26050191114126,-29,6,0,4.360730475089434
2809,2404301,417315.0,3385530.0,30,60,3,3,2585.0,12.2,529,0,5,417625,3385405,523,9,6,-95.0,559,310.0,-125.0,334.2528982671654,-6,51.960564020096456,-36,6,0,6.1472244981678825
2810,2404301,417315.0,3385530.0,30,60,3,3,2585.0,12.2,529,0,5,417630,3385420,524,0,6,-99.75,559,315.0,-110.0,333.65401241405743,-5,49.249525872681716,-35,6,0,5.988373833638184
2811,2404301,417315.0,3385530.0,30,60,3,3,2585.0,12.2,529,0,5,417610,3385440,525,0,6,-104.17,559,295.0,-90.0,308.4234102658227,-4,46.966148108536174,-34,6,0,6.290775197596892
2812,2404301,417315.0,3385530.0,30,60,3,3,2585.0,12.2,529,0,5,417635,3385415,524,9,6,-105.0,559,320.0,-115.0,340.03676271838606,-5,49.76716867679164,-35,6,0,5.876761625993374
2813,2404301,417315.0,3385530.0,30,60,3,3,2585.0,12.2,529,0,5,417615,3385435,525,0,6,-109.0,559,300.0,-95.0,314.6823795511913,-4,47.57125877832243,-34,6,0,6.166626624532716
2814,2404301,417315.0,3385530.0,30,60,3,3,2585.0,12.2,529,0,5,417605,3385425,524,0,6,-103.25,559,290.0,-105.0,308.4234102658227,-5,49.90374953730782,-35,6,0,6.47424920796963
2815,2404301,417315.0,3385530.0,30,60,3,3,2585.0,12.2,529,0,5,417360,3385445,527,0,5,-94.5,559,45.0,-85.0,96.17692030835673,-2,92.10272896905235,-32,6,0,18.40332382093995
2816,2404301,417315.0,3385530.0,30,60,3,3,2585.0,12.2,529,0,5,417290,3385535,531,102,6,-79.8,559,-25.0,5.0,25.495097567963924,2,221.30993247402023,-28,6,0,47.68091075446015
2817,2404301,417315.0,3385530.0,30,60,3,3,2585.0,12.2,529,0,5,417370,3385455,526,0,5,-84.67,559,55.0,-75.0,93.00537618869137,-3,83.74616226255523,-33,6,0,19.535611134007006
2818,2404301,417315.0,3385530.0,30,60,3,3,2585.0,12.2,529,0,5,417380,3385465,525,102,5,-102.5,559,65.0,-65.0,91.92388155425118,-4,75.0,-34,6,0,20.297984354117656
2819,2404301,417315.0,3385530.0,30,60,3,3,2585.0,12.2,529,0,5,417385,3385470,525,102,5,-103.5,559,70.0,-60.0,92.19544457292888,-4,70.60129464500449,-34,6,0,20.243055274274415
2820,2404301,417315.0,3385530.0,30,60,3,3,2585.0,12.2,529,0,5,417390,3385475,525,102,5,-88.25,559,75.0,-55.0,93.00537618869137,-4,66.25383773744477,-34,6,0,20.0809093979681
2821,2404301,417315.0,3385530.0,30,60,3,3,2585.0,12.2,529,0,5,417365,3385450,526,0,5,-100.33,559,50.0,-80.0,94.33981132056604,-3,87.99461679191654,-33,6,0,19.27980126645606
2822,2404301,417315.0,3385530.0,30,60,3,3,2585.0,12.2,529,0,5,417435,3385520,523,0,5,-87.5,559,120.0,-10.0,120.41594578792295,-6,34.76364169072616,-36,6,0,16.644757111654442
2823,2404301,417315.0,3385530.0,30,60,3,3,2585.0,12.2,529,0,5,417405,3385490,524,0,5,-98.57,559,90.0,-40.0,98.48857801796105,-5,53.96248897457821,-35,6,0,19.563745820698376
2824,2404301,417315.0,3385530.0,30,60,3,3,2585.0,12.2,529,0,5,417315,3385560,529,0,6,-75.17,559,0.0,30.0,30.0,0,-60.0,-30,6,0,45.0
2825,2404301,417315.0,3385530.0,30,60,3,3,2585.0,12.2,529,0,5,417330,3385575,528,0,6,-73.72,559,15.0,45.0,47.43416490252569,-1,-41.565051177077976,-31,6,0,33.16611685781976
2826,2404301,417315.0,3385530.0,30,60,3,3,2585.0,12.2,529,0,5,417325,3385570,528,0,6,-72.79,559,10.0,40.0,41.23105625617661,-1,-45.963756532073546,-31,6,0,36.93805768893919
2827,2404301,417315.0,3385530.0,30,60,3,3,2585.0,12.2,529,0,5,417410,3385495,524,0,10,-87.69,559,95.0,-35.0,101.24228365658294,-5,50.224859431168056,-35,6,0,19.070541941137613
2828,2404301,417315.0,3385530.0,30,60,3,3,2585.0,12.2,529,0,5,417415,3385500,524,0,10,-89.43,559,100.0,-30.0,104.4030650891055,-5,46.699244233993625,-35,6,0,18.533170863002475
2829,2404301,417315.0,3385530.0,30,60,3,3,2585.0,12.2,529,0,5,417420,3385505,524,0,10,-87.61,559,105.0,-25.0,107.93516572461452,-5,43.392497753751115,-35,6,0,17.966257962906653
2830,2404301,417315.0,3385530.0,30,60,3,3,2585.0,12.2,529,0,5,417425,3385510,523,0,10,-87.76,559,110.0,-20.0,111.80339887498948,-6,40.304846468766016,-36,6,0,17.848236103789187
2831,2404301,417315.0,3385530.0,30,60,3,3,2585.0,12.2,529,0,5,417335,3385580,528,0,6,-68.47,559,20.0,50.0,53.85164807134504,-1,-38.198590513648185,-31,6,0,29.927121294561353
2832,2404301,417315.0,3385530.0,30,60,3,3,2585.0,12.2,529,0,5,417320,3385565,529,0,6,-73.88,559,5.0,35.0,35.35533905932738,0,-51.86989764584405,-30,6,0,40.315542210772584
2833,2404301,417315.0,3385530.0,30,60,3,3,2585.0,12.2,529,0,5,417430,3385515,523,0,5,-88.96,559,115.0,-15.0,115.97413504743201,-6,37.43140797117252,-36,6,0,17.245076613357178
2834,2404301,417315.0,3385530.0,30,60,3,3,2585.0,12.2,529,0,5,417340,3385585,528,0,6,-67.27,559,25.0,55.0,60.41522986797286,-1,-35.55604521958344,-31,6,0,27.16306914366567
2835,2404301,417315.0,3385530.0,30,60,3,3,2585.0,12.2,529,0,5,417345,3385590,528,0,6,-67.23,559,30.0,60.0,67.08203932499369,-1,-33.434948822922024,-31,6,0,24.802636699286502
2836,2404301,417315.0,3385530.0,30,60,3,3,2585.0,12.2,529,0,5,417310,3385555,529,0,6,-81.5,559,-5.0,25.0,25.495097567963924,0,288.69006752597977,-30,6,0,49.64089954333876
2837,2404301,417315.0,3385530.0,30,60,3,3,2585.0,12.2,529,0,5,417470,3385395,524,0,6,-106.33,559,155.0,-135.0,205.54804791094466,-5,71.05481377096248,-35,6,0,9.663441322799766
2838,2404301,417315.0,3385530.0,30,60,3,3,2585.0,12.2,529,0,5,417350,3385595,528,0,6,-73.62,559,35.0,65.0,73.824115301167,-1,-31.699244233993625,-31,6,0,22.778362474687782
2839,2404301,417315.0,3385530.0,30,60,3,3,2585.0,12.2,529,0,5,417355,3385600,528,0,6,-70.08,559,40.0,70.0,80.62257748298549,-1,-30.255118703057803,-31,6,0,21.032134907624346
2840,2404301,417315.0,3385530.0,30,60,3,3,2585.0,12.2,529,0,5,417580,3385345,520,0,5,-102.5,559,265.0,-185.0,323.18725222384626,-9,64.91940201245768,-39,6,0,6.880787376252268
2841,2404301,417315.0,3385530.0,30,60,3,3,2585.0,12.2,529,0,5,417285,3385530,532,102,6,-92.05,559,-30.0,0.0,30.0,3,210.0,-27,6,0,41.98721249581666
2842,2404301,417315.0,3385530.0,30,60,3,3,2585.0,12.2,529,0,5,417280,3385525,532,0,6,-93.0,559,-35.0,-5.0,35.35533905932738,3,201.86989764584405,-27,6,0,37.36807939767578
2843,2404301,417315.0,3385530.0,30,60,3,3,2585.0,12.2,529,0,5,417295,3385540,531,0,6,-79.5,559,-20.0,10.0,22.360679774997898,2,236.56505117707798,-28,6,0,51.38928640447209
2844,2404301,417315.0,3385530.0,30,60,3,3,2585.0,12.2,529,0,5,417395,3385480,525,102,5,-101.92,559,80.0,-50.0,94.33981132056604,-4,62.005383208083515,-34,6,0,19.819126090246726
2845,2404301,417315.0,3385530.0,30,60,3,3,2585.0,12.2,529,0,5,417400,3385485,524,0,5,-95.0,559,85.0,-45.0,96.17692030835673,-5,57.89727103094765,-35,6,0,19.997087644203926
2846,2404301,417315.0,3385530.0,30,60,3,3,2585.0,12.2,529,0,5,417660,3385515,529,0,5,-98.0,559,345.0,-15.0,345.3259329966401,0,32.48955292199918,-30,6,0,4.965073538273711
2847,2404301,417315.0,3385530.0,30,60,3,3,2585.0,12.2,529,0,5,417615,3385450,525,0,5,-103.0,559,300.0,-80.0,310.4834939252005,-4,44.931417178137565,-34,6,0,6.24936673028465
2848,2404301,417315.0,3385530.0,30,60,3,3,2585.0,12.2,529,0,5,417610,3385445,525,0,5,-105.7,559,295.0,-85.0,307.001628660175,-4,46.07357416474639,-34,6,0,6.319673765336861
2849,2404301,417315.0,3385530.0,30,60,3,3,2585.0,12.2,529,0,5,417640,3385495,528,0,5,-95.67,559,325.0,-35.0,326.87918257362304,-1,36.1466256596467,-31,6,0,5.417514804273041
2850,2404301,417315.0,3385530.0,30,60,3,3,2585.0,12.2,529,0,5,417630,3385465,526,0,14,-88.5,559,315.0,-65.0,321.6364407215078,-3,41.65929265352298,-33,6,0,5.858066775445697
2851,2404301,417315.0,3385530.0,30,60,3,3,2585.0,12.2,529,0,5,417625,3385480,527,0,5,-95.5,559,310.0,-50.0,314.00636936215164,-2,39.16234704572173,-32,6,0,5.818853678268906
2852,2404301,417315.0,3385530.0,30,60,3,3,2585.0,12.2,529,0,5,417605,3385460,526,0,5,-103.0,559,290.0,-70.0,298.328677803526,-3,43.57043438516149,-33,6,0,6.312182622294633
2853,2404301,417315.0,3385530.0,30,60,3,3,2585.0,12.2,529,0,5,417665,3385520,530,0,5,-95.5,559,350.0,-10.0,350.14282800023193,1,31.636577041616704,-29,6,0,4.734621768322008
2854,2404301,417315.0,3385530.0,30,60,3,3,2585.0,12.2,529,0,5,417645,3385500,528,0,5,-95.0,559,330.0,-30.0,331.3608305156178,-1,35.19442890773479,-31,6,0,5.344670230024197
2855,2404301,417315.0,3385530.0,30,60,3,3,2585.0,12.2,529,0,5,417690,3385525,531,0,5,-104.0,559,375.0,-5.0,375.0333318519835,2,30.763898460930022,-28,6,0,4.269782977203332
2856,2404301,417315.0,3385530.0,30,60,3,3,2585.0,12.2,529,0,5,417675,3385510,529,0,5,-101.5,559,360.0,-20.0,360.5551275463989,0,33.17983011986422,-30,6,0,4.7563410397334644
2857,2404301,417315.0,3385530.0,30,60,3,3,2585.0,12.2,529,0,5,417190,3385595,531,0,5,-93.33,559,-125.0,65.0,140.8900280360537,2,237.47443162627712,-28,6,0,11.240310226418933
2858,2404301,417315.0,3385530.0,30,60,3,3,2585.0,12.2,529,0,5,417275,3385520,532,0,6,-94.36,559,-40.0,-10.0,41.23105625617661,3,195.96375653207352,-27,6,0,33.218631363425146
2859,2404301,417315.0,3385530.0,30,60,3,3,2585.0,12.2,529,0,5,417240,3385485,532,0,5,-91.6,559,-75.0,-45.0,87.46427842267951,3,179.03624346792648,-27,6,0,17.15532388486607
2860,2404301,417315.0,3385530.0,30,60,3,3,2585.0,12.2,529,0,5,417255,3385500,532,0,6,-79.33,559,-60.0,-30.0,67.08203932499369,3,183.43494882292202,-27,6,0,21.924402392569778
2861,2404301,417315.0,3385530.0,30,60,3,3,2585.0,12.2,529,0,5,417230,3385475,532,90,5,-83.0,559,-85.0,-55.0,101.24228365658294,3,177.0947570770121,-27,6,0,14.93250436515504
2862,2404301,417315.0,3385530.0,30,60,3,3,2585.0,12.2,529,0,5,417235,3385480,532,0,5,-89.0,559,-80.0,-50.0,94.33981132056604,3,177.99461679191648,-27,6,0,15.971091333635755
2863,2404301,417315.0,3385530.0,30,60,3,3,2585.0,12.2,529,0,5,417270,3385515,533,0,6,-83.86,559,-45.0,-15.0,47.43416490252569,4,191.56505117707798,-26,6,0,28.72838672146046
2864,2404301,417315.0,3385530.0,30,60,3,3,2585.0,12.2,529,0,5,417140,3385545,530,0,7,-106.0,559,-175.0,15.0,175.64168070250295,1,214.89909245378777,-29,6,0,9.375457641206365
2865,2404301,417315.0,3385530.0,30,60,3,3,2585.0,12.2,529,0,5,417265,3385510,533,0,6,-82.13,559,-50.0,-20.0,53.85164807134504,4,188.19859051364818,-26,6,0,25.771616453099305
2866,2404301,417315.0,3385530.0,30,60,3,3,2585.0,12.2,529,0,5,417260,3385505,532,0,6,-78.25,559,-55.0,-25.0,60.41522986797286,3,185.55604521958347,-27,6,0,24.080210611718616
2867,2404301,417315.0,3385530.0,30,60,3,3,2585.0,12.2,529,0,5,417245,3385490,532,0,5,-84.25,559,-70.0,-40.0,80.62257748298549,3,180.25511870305778,-27,6,0,18.515377600735146
2868,2404301,417315.0,3385530.0,30,60,3,3,2585.0,12.2,529,0,5,417250,3385495,532,0,5,-83.4,559,-65.0,-35.0,73.824115301167,3,181.69924423399362,-27,6,0,20.08919189978977
2869,2404301,417315.0,3385530.0,30,60,3,3,2585.0,12.2,529,0,5,417215,3385460,531,0,5,-94.5,559,-100.0,-70.0,122.06555615733703,2,175.0079798014413,-28,6,0,12.919290106732115
2870,2404301,417315.0,3385530.0,30,60,3,3,2585.0,12.2,529,0,5,417460,3385725,531,0,10,-95.33,559,145.0,195.0,243.00205760445732,2,-23.365886124032613,-28,6,0,6.572939817087713
2871,2404301,417315.0,3385530.0,30,60,3,3,2585.0,12.2,529,0,5,417485,3385710,532,0,10,-92.0,559,170.0,180.0,247.58836806279893,3,-16.636577041616704,-27,6,0,6.223624411836603
2872,2404301,417315.0,3385530.0,30,60,3,3,2585.0,12.2,529,0,5,417495,3385720,532,0,10,-87.0,559,180.0,190.0,261.72504656604804,3,-16.548157698977946,-27,6,0,5.889894745224497
2873,2404301,417315.0,3385530.0,30,60,3,3,2585.0,12.2,529,0,5,417450,3385755,531,102,6,-84.5,559,135.0,225.0,262.39283526803854,2,-29.036243467926454,-28,6,0,6.090996101389984
2874,2404301,417315.0,3385530.0,30,60,3,3,2585.0,12.2,529,0,5,417465,3385730,531,0,5,-92.33,559,150.0,200.0,250.0,2,-23.13010235415595,-28,6,0,6.390495314646983
2875,2404301,417315.0,3385530.0,30,60,3,3,2585.0,12.2,529,0,5,417470,3385735,532,0,5,-92.11,559,155.0,205.0,257.00194551792794,3,-22.90716270295843,-27,6,0,5.997355504183674
2876,2404301,417315.0,3385530.0,30,60,3,3,2585.0,12.2,529,0,5,417475,3385740,532,0,5,-92.33,559,160.0,210.0,264.0075756488817,3,-22.69605172201659,-27,6,0,5.83932590625923
2877,2404301,417315.0,3385530.0,30,60,3,3,2585.0,12.2,529,0,5,417490,3385715,532,0,5,-96.67,559,175.0,185.0,254.65663156493687,3,-16.591140271194604,-27,6,0,6.052181319593894
2878,2404301,417315.0,3385530.0,30,60,3,3,2585.0,12.2,529,0,5,417480,3385705,532,0,5,-93.5,559,165.0,175.0,240.52026941611388,3,-16.684684317896313,-27,6,0,6.405017760188262
2879,2404301,417315.0,3385530.0,30,60,3,3,2585.0,12.2,529,0,5,417455,3385760,531,102,6,-92.67,559,140.0,230.0,269.2582403567252,2,-28.671307132195807,-28,6,0,5.936814660192426
2880,2404301,417315.0,3385530.0,30,60,3,3,2585.0,12.2,529,0,5,417225,3385590,532,102,14,-93.5,559,-90.0,60.0,108.16653826391968,3,243.69006752597977,-27,6,0,14.015485056263797
2881,2404301,417315.0,3385530.0,30,60,3,3,2585.0,12.2,529,0,5,417240,3385525,533,6,5,-98.5,559,-75.0,-5.0,75.16648189186454,4,206.18592516570965,-26,6,0,19.080444321613257
2882,2404301,417315.0,3385530.0,30,60,3,3,2585.0,12.2,529,0,5,417205,3385570,532,0,5,-94.0,559,-110.0,40.0,117.04699910719626,3,229.98310652189997,-27,6,0,12.989575923304379
2883,2404301,417315.0,3385530.0,30,60,3,3,2585.0,12.2,529,0,5,417275,3385560,532,0,5,-96.67,559,-40.0,30.0,50.0,3,246.86989764584405,-27,6,0,28.369046293278583
2884,2404301,417315.0,3385530.0,30,60,3,3,2585.0,12.2,529,0,5,417260,3385545,533,0,5,-84.0,559,-55.0,15.0,57.0087712549569,4,225.25511870305775,-26,6,0,24.516314079540912
2885,2404301,417315.0,3385530.0,30,60,3,3,2585.0,12.2,529,0,5,417235,3385600,532,0,5,-90.33,559,-80.0,70.0,106.30145812734649,3,251.18592516570965,-27,6,0,14.251452596073829
2886,2404301,417315.0,3385530.0,30,60,3,3,2585.0,12.2,529,0,5,417245,3385530,533,0,5,-93.0,559,-70.0,0.0,70.0,4,210.0,-26,6,0,20.37643521383639
2887,2404301,417315.0,3385530.0,30,60,3,3,2585.0,12.2,529,0,5,417220,3385585,532,102,5,-101.5,559,-95.0,55.0,109.77249200050075,3,240.06858282186244,-27,6,0,13.818354587547717
2888,2404301,417315.0,3385530.0,30,60,3,3,2585.0,12.2,529,0,5,417255,3385540,533,0,5,-92.5,559,-60.0,10.0,60.8276253029822,4,219.46232220802563,-26,6,0,23.14367366798228
2889,2404301,417315.0,3385530.0,30,60,3,3,2585.0,12.2,529,0,5,417230,3385595,532,102,5,-92.0,559,-85.0,65.0,107.00467279516349,3,247.40535663140855,-27,6,0,14.161574488869931
2890,2404301,417315.0,3385530.0,30,60,3,3,2585.0,12.2,529,0,5,417250,3385535,533,0,5,-94.8,559,-65.0,5.0,65.19202405202648,4,214.3987053549955,-26,6,0,21.74319083644736
2891,2404301,417315.0,3385530.0,30,60,3,3,2585.0,12.2,529,0,5,417265,3385550,533,0,5,-93.86,559,-50.0,20.0,53.85164807134504,4,231.80140948635182,-26,6,0,25.771616453099305
2892,2404301,417315.0,3385530.0,30,60,3,3,2585.0,12.2,529,0,5,417245,3385560,532,0,5,-97.5,559,-70.0,30.0,76.15773105863909,3,233.19859051364818,-27,6,0,19.520809742015818
2893,2404301,417315.0,3385530.0,30,60,3,3,2585.0,12.2,529,0,5,417200,3385595,532,0,14,-88.0,559,-115.0,65.0,132.09844813622905,3,239.47588900324575,-27,6,0,11.551747114121675
2894,2404301,417315.0,3385530.0,30,60,3,3,2585.0,12.2,529,0,5,417235,3385570,532,0,14,-88.0,559,-80.0,40.0,89.44271909999159,3,236.56505117707798,-27,6,0,16.797446783406087
2895,2404301,417315.0,3385530.0,30,60,3,3,2585.0,12.2,529,0,5,417270,3385525,533,0,6,-93.14,559,-45.0,-5.0,45.27692569068709,4,203.65980825409008,-26,6,0,29.866335598791647
2896,2404301,417315.0,3385530.0,30,60,3,3,2585.0,12.2,529,0,5,417260,3385535,533,0,5,-92.0,559,-55.0,5.0,55.226805085936306,4,215.1944289077348,-26,6,0,25.210394005720815
2897,2404301,417315.0,3385530.0,30,60,3,3,2585.0,12.2,529,0,5,417265,3385540,533,102,5,-95.25,559,-50.0,10.0,50.99019513592785,4,221.30993247402023,-26,6,0,27.01712321785024
2898,2404301,417315.0,3385530.0,30,60,3,3,2585.0,12.2,529,0,5,417140,3385495,530,0,7,-80.5,559,-175.0,-35.0,178.46568297574746,1,198.69006752597977,-29,6,0,9.22967558673313
2899,2404301,417315.0,3385530.0,30,60,3,3,2585.0,12.2,529,0,5,417225,3385580,532,102,5,-99.67,559,-90.0,50.0,102.95630140987001,3,239.05460409907715,-27,6,0,14.694751489835703
2900,2404301,417315.0,3385530.0,30,60,3,3,2585.0,12.2,529,0,5,417275,3385530,533,0,6,-95.0,559,-40.0,0.0,40.0,4,210.0,-26,6,0,33.02386755579665
2901,2404301,417315.0,3385530.0,30,60,3,3,2585.0,12.2,529,0,5,417210,3385585,532,0,5,-89.0,559,-105.0,55.0,118.53269591129698,3,237.64597536373867,-27,6,0,12.832186156965296
2902,2404301,417315.0,3385530.0,30,60,3,3,2585.0,12.2,529,0,5,417240,3385555,533,0,5,-99.67,559,-75.0,25.0,79.05694150420949,4,228.43494882292202,-26,6,0,18.204839874094024
2903,2404301,417315.0,3385530.0,30,60,3,3,2585.0,12.2,529,0,5,417255,3385550,533,102,5,-99.67,559,-60.0,20.0,63.245553203367585,4,228.43494882292202,-26,6,0,22.34737241278725
2904,2404301,417315.0,3385530.0,30,60,3,3,2585.0,12.2,529,0,5,417210,3384985,510,0,5,-87.0,559,-105.0,-545.0,555.0225220655465,-19,130.90502204523446,-49,6,0,5.045260259391612
2905,2404301,417315.0,3385530.0,30,60,3,3,2585.0,12.2,529,0,5,417205,3384970,510,0,5,-85.5,559,-110.0,-560.0,570.701322935211,-19,131.1130405359483,-49,6,0,4.907338855984359
2906,2404301,417315.0,3385530.0,30,60,3,3,2585.0,12.2,529,0,5,414680,3385440,498,0,6,-94.0,559,-2635.0,-90.0,2636.5365538903498,-31,208.04378887568544,-61,6,0,1.3253823925506214
2907,2404301,417315.0,3385530.0,30,60,3,3,2585.0,12.2,529,0,5,417750,3385410,524,0,10,-99.67,559,435.0,-120.0,451.2482686947397,-5,45.42216131873869,-35,6,0,4.435131393637743
2908,2404301,417315.0,3385530.0,30,60,3,3,2585.0,12.2,529,0,5,417755,3385405,524,0,10,-104.15,559,440.0,-125.0,457.4111935665764,-5,45.85936626660566,-35,6,0,4.375608343279269
2909,2404301,417315.0,3385530.0,30,60,3,3,2585.0,12.2,529,0,5,414710,3385460,498,0,7,-90.0,559,-2605.0,-70.0,2605.9403293245223,-31,208.46075253569904,-61,6,0,1.3409379970157294
2910,2404301,417315.0,3385530.0,30,60,3,3,2585.0,12.2,529,0,5,414690,3385480,498,0,7,-95.0,559,-2625.0,-50.0,2625.476147292144,-31,208.9087837747374,-61,6,0,1.3309638586723123
2911,2404301,417315.0,3385530.0,30,60,3,3,2585.0,12.2,529,0,5,417590,3385740,535,0,5,-97.0,559,275.0,210.0,346.01300553591915,6,-7.366669412768715,-24,6,0,3.967769472849881
2912,2404301,417315.0,3385530.0,30,60,3,3,2585.0,12.2,529,0,5,417550,3385700,534,0,5,-99.5,559,235.0,170.0,290.0431002454635,5,-5.882137246204195,-25,6,0,4.92638138526873
2913,2404301,417315.0,3385530.0,30,60,3,3,2585.0,12.2,529,0,5,417445,3385625,528,102,5,-89.0,559,130.0,95.0,161.01242188104618,-1,-6.158185439808335,-31,6,0,10.897905118275322
2914,2404301,417315.0,3385530.0,30,60,3,3,2585.0,12.2,529,0,5,417455,3385635,529,102,10,-100.0,559,140.0,105.0,175.0,0,-6.869897645844048,-30,6,0,9.727578551401603
2915,2404301,417315.0,3385530.0,30,60,3,3,2585.0,12.2,529,0,5,417475,3385615,528,0,5,-99.73,559,160.0,85.0,181.1767093199344,-1,2.020525611519872,-31,6,0,9.709493577843592
2916,2404301,417315.0,3385530.0,30,60,3,3,2585.0,12.2,529,0,5,417465,3385605,528,0,5,-98.57,559,150.0,75.0,167.70509831248424,-1,3.434948822922024,-31,6,0,10.472813010124572
2917,2404301,417315.0,3385530.0,30,60,3,3,2585.0,12.2,529,0,5,417490,3385680,531,0,5,-105.0,559,175.0,150.0,230.4886114323222,2,-10.601294645004486,-28,6,0,6.926412366248062
2918,2404301,417315.0,3385530.0,30,60,3,3,2585.0,12.2,529,0,5,417440,3385630,529,102,5,-91.0,559,125.0,100.0,160.0781059358212,0,-8.65980825409008,-30,6,0,10.614591467407537
2919,2404301,417315.0,3385530.0,30,60,3,3,2585.0,12.2,529,0,5,417450,3385640,529,102,5,-93.0,559,135.0,110.0,174.14074767268,0,-9.173657970444197,-30,6,0,9.774653069404401
2920,2404301,417315.0,3385530.0,30,60,3,3,2585.0,12.2,529,0,5,417470,3385620,529,0,5,-102.09,559,155.0,90.0,179.2344832893492,0,-0.14138555207534864,-30,6,0,9.502000691727718
2921,2404301,417315.0,3385530.0,30,60,3,3,2585.0,12.2,529,0,5,417460,3385610,528,0,5,-95.42,559,145.0,80.0,165.60495161679194,-1,1.1134182330893054,-31,6,0,10.602632599194504
2922,2404301,417315.0,3385530.0,30,60,3,3,2585.0,12.2,529,0,5,417505,3385645,530,102,5,-98.0,559,190.0,115.0,222.0923231451281,1,-1.1849746587383834,-29,6,0,7.439382103083619
2923,2404301,417315.0,3385530.0,30,60,3,3,2585.0,12.2,529,0,5,417240,3385415,530,0,5,-91.5,559,-75.0,-115.0,137.2953021774598,1,153.11134196037202,-29,6,0,11.9269053560905
2924,2404301,417315.0,3385530.0,30,60,3,3,2585.0,12.2,529,0,5,417275,3385430,531,0,5,-91.2,559,-40.0,-100.0,107.70329614269008,2,141.80140948635182,-28,6,0,14.572792566247553
2925,2404301,417315.0,3385530.0,30,60,3,3,2585.0,12.2,529,0,5,417265,3385440,531,0,5,-86.25,559,-50.0,-90.0,102.95630140987001,2,149.05460409907715,-28,6,0,15.21419494947899
2926,2404301,417315.0,3385530.0,30,60,3,3,2585.0,12.2,529,0,5,417260,3385435,531,0,5,-84.57,559,-55.0,-95.0,109.77249200050075,2,150.06858282186244,-28,6,0,14.309479564702766
2927,2404301,417315.0,3385530.0,30,60,3,3,2585.0,12.2,529,0,5,417250,3385405,530,102,5,-91.67,559,-65.0,-125.0,140.8900280360537,1,147.47443162627712,-29,6,0,11.630992584074466
2928,2404301,417315.0,3385530.0,30,60,3,3,2585.0,12.2,529,0,5,417270,3385425,531,0,5,-86.75,559,-45.0,-105.0,114.23659658795863,2,143.19859051364818,-28,6,0,13.771994388084275
2929,2404301,417315.0,3385530.0,30,60,3,3,2585.0,12.2,529,0,5,417255,3385410,530,0,5,-86.33,559,-60.0,-120.0,134.16407864998737,1,146.565051177078,-29,6,0,12.19702144307785
2930,2404301,417315.0,3385530.0,30,60,3,3,2585.0,12.2,529,0,5,417615,3385505,528,0,5,-99.0,559,300.0,-25.0,301.0398644698074,-1,34.76364169072616,-31,6,0,5.879389314680111
2931,2404301,417315.0,3385530.0,30,60,3,3,2585.0,12.2,529,0,5,417625,3385495,528,0,5,-95.5,559,310.0,-35.0,311.96954979612997,-1,36.44160009933506,-31,6,0,5.674776640401441
2932,2404301,417315.0,3385530.0,30,60,3,3,2585.0,12.2,529,0,5,417670,3385450,526,0,5,-106.5,559,355.0,-80.0,363.90245945857527,-3,42.699584489597385,-33,6,0,5.1816172001385485
2933,2404301,417315.0,3385530.0,30,60,3,3,2585.0,12.2,529,0,5,417630,3385490,528,0,5,-101.2,559,315.0,-40.0,317.52952618614853,-1,37.236922025968,-31,6,0,5.576042435232851
2934,2404301,417315.0,3385530.0,30,60,3,3,2585.0,12.2,529,0,5,417710,3385570,532,0,5,-95.5,559,395.0,40.0,397.0201506221063,3,24.217607677635954,-27,6,0,3.890502169371269
2935,2404301,417315.0,3385530.0,30,60,3,3,2585.0,12.2,529,0,5,417255,3385630,531,0,10,-93.24,559,-60.0,100.0,116.61903789690601,2,269.03624346792645,-28,6,0,13.501043380558686
2936,2404301,417315.0,3385530.0,30,60,3,3,2585.0,12.2,529,0,5,417190,3385685,529,0,5,-98.5,559,-125.0,155.0,199.12307751739877,0,261.1155035662854,-30,6,0,8.567778077422442
2937,2404301,417315.0,3385530.0,30,60,3,3,2585.0,12.2,529,0,5,417265,3385620,532,0,10,-92.45,559,-50.0,90.0,102.95630140987001,3,270.94539590092285,-27,6,0,14.694751489835703
2938,2404301,417315.0,3385530.0,30,60,3,3,2585.0,12.2,529,0,5,417130,3385745,528,0,5,-98.0,559,-185.0,215.0,283.6370920736567,-1,259.289153328819,-31,6,0,6.2373616800471465
2939,2404301,417315.0,3385530.0,30,60,3,3,2585.0,12.2,529,0,5,417245,3385640,531,0,10,-96.92,559,-70.0,110.0,130.38404810405297,2,267.5288077091515,-28,6,0,12.120199175489518
2940,2404301,417315.0,3385530.0,30,60,3,3,2585.0,12.2,529,0,5,417260,3385615,532,0,10,-87.75,559,-55.0,85.0,101.24228365658294,3,267.0947570770121,-27,6,0,14.93250436515504
2941,2404301,417315.0,3385530.0,30,60,3,3,2585.0,12.2,529,0,5,417140,3385735,528,0,5,-86.0,559,-175.0,205.0,269.5366394388711,-1,259.5139884580013,-31,6,0,6.560885889464368
2942,2404301,417315.0,3385530.0,30,60,3,3,2585.0,12.2,529,0,5,417240,3385635,531,0,5,-103.14,559,-75.0,105.0,129.0348790056394,2,264.4623222080256,-28,6,0,12.243122454518858
2943,2404301,417315.0,3385530.0,30,60,3,3,2585.0,12.2,529,0,5,417210,3385665,529,0,10,-99.83,559,-105.0,135.0,171.0263137648707,0,262.1250163489018,-30,6,0,9.949126297159781
2944,2404301,417315.0,3385530.0,30,60,3,3,2585.0,12.2,529,0,5,417235,3385650,530,0,10,-93.86,559,-80.0,120.0,144.22205101855957,1,266.30993247402023,-29,6,0,11.369354641667439
2945,2404301,417315.0,3385530.0,30,60,3,3,2585.0,12.2,529,0,5,417215,3385670,529,0,5,-108.5,559,-100.0,140.0,172.04650534085255,0,264.4623222080256,-30,6,0,9.891299103572184
2946,2404301,417315.0,3385530.0,30,60,3,3,2585.0,12.2,529,0,5,417230,3385645,530,0,10,-100.17,559,-85.0,115.0,143.0034964607509,1,263.53076560994816,-29,6,0,11.46368014089463
2947,2404301,417315.0,3385530.0,30,60,3,3,2585.0,12.2,529,0,5,417225,3385660,530,0,10,-93.0,559,-90.0,130.0,158.11388300841898,1,265.304846468766,-29,6,0,10.393224235526036
2948,2404301,417315.0,3385530.0,30,60,3,3,2585.0,12.2,529,0,5,417220,3385655,530,0,10,-100.63,559,-95.0,125.0,157.00318468107582,1,262.76516601842536,-29,6,0,10.46513083774294
2949,2404301,417315.0,3385530.0,30,60,3,3,2585.0,12.2,529,0,5,417250,3385625,531,0,5,-98.0,559,-65.0,95.0,115.10864433221339,2,265.61965527615513,-28,6,0,13.671589113704119
2950,2404301,417315.0,3385530.0,30,60,3,3,2585.0,12.2,529,0,5,417270,3385605,532,0,10,-93.44,559,-45.0,75.0,87.46427842267951,3,269.03624346792645,-27,6,0,17.15532388486607
2951,2404301,417315.0,3385530.0,30,60,3,3,2585.0,12.2,529,0,5,417275,3385610,532,0,10,-89.63,559,-40.0,80.0,89.44271909999159,3,273.434948822922,-27,6,0,16.797446783406087
2952,2404301,417315.0,3385530.0,30,60,3,3,2585.0,12.2,529,0,5,417260,3385585,532,0,5,-90.6,559,-55.0,55.0,77.78174593052023,3,255.0,-27,6,0,19.14317373957102
2953,2404301,417315.0,3385530.0,30,60,3,3,2585.0,12.2,529,0,5,417245,3385570,532,0,5,-94.0,559,-70.0,40.0,80.62257748298549,3,239.7448812969422,-27,6,0,18.515377600735146
2954,2404301,417315.0,3385530.0,30,60,3,3,2585.0,12.2,529,0,5,417270,3385595,532,0,10,-88.8,559,-45.0,65.0,79.05694150420949,3,265.304846468766,-27,6,0,18.856369484232335
2955,2404301,417315.0,3385530.0,30,60,3,3,2585.0,12.2,529,0,5,417250,3385575,532,0,5,-93.33,559,-65.0,45.0,79.05694150420949,3,244.69515353123398,-27,6,0,18.856369484232335
2956,2404301,417315.0,3385530.0,30,60,3,3,2585.0,12.2,529,0,5,417215,3385540,533,6,10,-96.5,559,-100.0,10.0,100.4987562112089,4,215.71059313749964,-26,6,0,14.50494521841444
2957,2404301,417315.0,3385530.0,30,60,3,3,2585.0,12.2,529,0,5,417255,3385580,532,0,5,-97.0,559,-60.0,50.0,78.10249675906654,3,249.8055710922652,-27,6,0,19.070245970646877
2958,2404301,417315.0,3385530.0,30,60,3,3,2585.0,12.2,529,0,5,417265,3385590,532,0,5,-92.5,559,-50.0,60.0,78.10249675906654,3,260.1944289077348,-27,6,0,19.070245970646877
2959,2404301,417315.0,3385530.0,30,60,3,3,2585.0,12.2,529,0,5,417275,3385600,532,0,10,-88.23,559,-40.0,70.0,80.62257748298549,3,270.2551187030578,-27,6,0,18.515377600735146
2960,2404301,417315.0,3385530.0,30,60,3,3,2585.0,12.2,529,0,5,417305,3385655,530,0,6,-100.0,559,-10.0,125.0,125.39936203984452,1,295.4260787400991,-29,6,0,13.021373430310042
2961,2404301,417315.0,3385530.0,30,60,3,3,2585.0,12.2,529,0,5,417405,3385715,531,0,5,-94.67,559,90.0,185.0,205.73040611440985,2,-34.0577045101283,-28,6,0,7.7503610810163535
2962,2404301,417315.0,3385530.0,30,60,3,3,2585.0,12.2,529,0,5,417340,3385620,529,0,6,-89.0,559,25.0,90.0,93.40770846134703,0,-44.475889003245754,-30,6,0,17.805597094590052
2963,2404301,417315.0,3385530.0,30,60,3,3,2585.0,12.2,529,0,5,417350,3385610,528,0,6,-82.86,559,35.0,80.0,87.32124598286491,-1,-36.37062226934319,-31,6,0,19.54542037496209
2964,2404301,417315.0,3385530.0,30,60,3,3,2585.0,12.2,529,0,5,417290,3385670,530,0,6,-84.75,559,-25.0,140.0,142.21462653327893,1,289.87532834460217,-29,6,0,11.525572501255144
2965,2404301,417315.0,3385530.0,30,60,3,3,2585.0,12.2,529,0,5,417280,3385680,530,0,6,-107.33,559,-35.0,150.0,154.02921800749363,1,286.86597769360367,-29,6,0,10.662598928572233
2966,2404301,417315.0,3385530.0,30,60,3,3,2585.0,12.2,529,0,5,417355,3385605,528,0,6,-76.38,559,40.0,75.0,85.0,-1,-31.927513064147035,-31,6,0,20.037210169192985
2967,2404301,417315.0,3385530.0,30,60,3,3,2585.0,12.2,529,0,5,417490,3385790,532,0,5,-91.67,559,175.0,260.0,313.40867888429636,3,-26.056412980248183,-27,6,0,4.92384543255102
2968,2404301,417315.0,3385530.0,30,60,3,3,2585.0,12.2,529,0,5,417295,3385665,530,0,6,-91.75,559,-20.0,135.0,136.4734406395618,1,291.57303097851934,-29,6,0,11.996655827710109
2969,2404301,417315.0,3385530.0,30,60,3,3,2585.0,12.2,529,0,5,417435,3385685,530,0,10,-86.45,559,120.0,155.0,196.02295783912658,1,-22.253194612725338,-29,6,0,8.415402793973803
2970,2404301,417315.0,3385530.0,30,60,3,3,2585.0,12.2,529,0,5,417335,3385625,529,0,6,-72.0,559,20.0,95.0,97.082439194738,0,-48.111341960372044,-30,6,0,17.171971281211626
2971,2404301,417315.0,3385530.0,30,60,3,3,2585.0,12.2,529,0,5,417345,3385615,529,0,6,-91.25,559,30.0,85.0,90.13878188659973,0,-40.55996517182382,-30,6,0,18.408480170585843
2972,2404301,417315.0,3385530.0,30,60,3,3,2585.0,12.2,529,0,5,417385,3385735,530,0,10,-88.0,559,70.0,205.0,216.6217902243447,1,-41.146841235580894,-29,6,0,7.625071391688429
2973,2404301,417315.0,3385530.0,30,60,3,3,2585.0,12.2,529,0,5,417365,3385755,530,0,5,-90.0,559,50.0,225.0,230.4886114323222,1,-47.47119229084848,-29,6,0,7.171252536753672
2974,2404301,417315.0,3385530.0,30,60,3,3,2585.0,12.2,529,0,5,417425,3385695,531,0,5,-91.75,559,110.0,165.0,198.3053201505194,2,-26.30993247402023,-28,6,0,8.036831028082837
2975,2404301,417315.0,3385530.0,30,60,3,3,2585.0,12.2,529,0,5,417300,3385660,530,0,6,-92.5,559,-15.0,130.0,130.86252328302402,1,293.418055344822,-29,6,0,12.495191139322012
2976,2404301,417315.0,3385530.0,30,60,3,3,2585.0,12.2,529,0,5,417430,3385690,531,0,5,-81.33,559,115.0,160.0,197.0406049523803,2,-24.293308599397108,-28,6,0,8.087735460833049
2977,2404301,417315.0,3385530.0,30,60,3,3,2585.0,12.2,529,0,5,417420,3385700,531,0,6,-93.0,559,105.0,170.0,199.81241202688085,2,-28.29857033049427,-28,6,0,7.976996160077998
2978,2404301,417315.0,3385530.0,30,60,3,3,2585.0,12.2,529,0,5,417375,3385445,526,0,5,-85.67,559,60.0,-85.0,104.04326023342406,-3,84.78240703180728,-33,6,0,17.597765310609073
2979,2404301,417315.0,3385530.0,30,60,3,3,2585.0,12.2,529,0,5,417380,3385480,525,102,5,-87.67,559,65.0,-50.0,82.00609733428362,-4,67.56859202882748,-34,6,0,22.51905834425465
2980,2404301,417315.0,3385530.0,30,60,3,3,2585.0,12.2,529,0,5,417365,3385455,526,0,5,-102.5,559,50.0,-75.0,90.13878188659973,-3,86.30993247402023,-33,6,0,20.107785948126764
2981,2404301,417315.0,3385530.0,30,60,3,3,2585.0,12.2,529,0,5,417425,3385515,523,0,10,-87.05,559,110.0,-15.0,111.01801655587259,-6,37.76516601842536,-36,6,0,17.96641106591678
2982,2404301,417315.0,3385530.0,30,60,3,3,2585.0,12.2,529,0,5,417405,3385495,524,0,10,-85.5,559,90.0,-35.0,96.56603957913983,-5,51.250505507133255,-35,6,0,19.922859211286067
2983,2404301,417315.0,3385530.0,30,60,3,3,2585.0,12.2,529,0,5,417410,3385490,524,0,10,-91.5,559,95.0,-40.0,103.07764064044152,-5,52.83365417791754,-35,6,0,18.754912214077386
2984,2404301,417315.0,3385530.0,30,60,3,3,2585.0,12.2,529,0,5,417390,3385470,525,102,5,-96.0,559,75.0,-60.0,96.04686356149273,-4,68.65980825409008,-34,6,0,19.49365046544562
2985,2404301,417315.0,3385530.0,30,60,3,3,2585.0,12.2,529,0,5,417280,3385540,532,102,6,-92.67,559,-35.0,10.0,36.40054944640259,3,225.94539590092285,-27,6,0,36.566066819778165
2986,2404301,417315.0,3385530.0,30,60,3,3,2585.0,12.2,529,0,5,417360,3385460,526,0,5,-85.17,559,45.0,-70.0,83.21658488546619,-3,87.26477372789236,-33,6,0,21.631077095112968
2987,2404301,417315.0,3385530.0,30,60,3,3,2585.0,12.2,529,0,5,417370,3385450,526,0,5,-97.67,559,55.0,-80.0,97.082439194738,-3,85.49147701233159,-33,6,0,18.77378542796559
2988,2404301,417315.0,3385530.0,30,60,3,3,2585.0,12.2,529,0,5,417430,3385510,523,0,10,-87.28,559,115.0,-20.0,116.72617529928752,-6,39.86580694308441,-36,6,0,17.140501009621627
2989,2404301,417315.0,3385530.0,30,60,3,3,2585.0,12.2,529,0,5,417395,3385465,525,102,5,-99.75,559,80.0,-65.0,103.07764064044152,-4,69.0938588862295,-34,6,0,18.255059151203536
2990,2404301,417315.0,3385530.0,30,60,3,3,2585.0,12.2,529,0,5,417355,3385585,527,0,6,-67.89,559,40.0,55.0,68.00735254367721,-2,-23.9726266148964,-32,6,0,25.198737059453794
2991,2404301,417315.0,3385530.0,30,60,3,3,2585.0,12.2,529,0,5,417400,3385500,524,0,5,-86.71,559,85.0,-30.0,90.13878188659973,-5,49.44003482817618,-35,6,0,21.22070022359343
2992,2404301,417315.0,3385530.0,30,60,3,3,2585.0,12.2,529,0,5,417315,3385545,529,0,5,-72.2,559,0.0,15.0,15.0,0,-60.0,-30,6,0,63.43494882292201
2993,2404301,417315.0,3385530.0,30,60,3,3,2585.0,12.2,529,0,5,417420,3385520,523,0,5,-84.62,559,105.0,-10.0,105.47511554864494,-6,35.44033203100548,-36,6,0,18.845426528853842
2994,2404301,417315.0,3385530.0,30,60,3,3,2585.0,12.2,529,0,5,417495,3385405,523,0,5,-102.0,559,180.0,-125.0,219.14607000811125,-6,64.7778313663639,-36,6,0,9.32888571824009
2995,2404301,417315.0,3385530.0,30,60,3,3,2585.0,12.2,529,0,5,417290,3385530,531,0,5,-80.29,559,-25.0,0.0,25.0,2,210.0,-28,6,0,48.239700296102136
2996,2404301,417315.0,3385530.0,30,60,3,3,2585.0,12.2,529,0,5,417325,3385575,529,0,6,-76.45,559,10.0,45.0,46.09772228646444,0,-47.47119229084848,-30,6,0,33.055731150854
2997,2404301,417315.0,3385530.0,30,60,3,3,2585.0,12.2,529,0,5,417320,3385580,529,0,6,-72.07,559,5.0,50.0,50.24937810560445,0,-54.28940686250036,-30,6,0,30.83814404628488
2998,2404301,417315.0,3385530.0,30,60,3,3,2585.0,12.2,529,0,5,417285,3385535,532,102,6,-88.89,559,-30.0,5.0,30.4138126514911,3,219.46232220802563,-27,6,0,41.59721194564903
2999,2404301,417315.0,3385530.0,30,60,3,3,2585.0,12.2,529,0,5,417385,3385475,525,102,5,-92.4,559,70.0,-55.0,89.02246907382428,-4,68.15722658736905,-34,6,0,20.903159342415822
3000,2404301,417315.0,3385530.0,30,60,3,3,2585.0,12.2,529,0,5,417435,3385505,523,0,5,-90.27,559,120.0,-25.0,122.57650672131263,-6,41.76828893202065,-36,6,0,16.367203804901294
3001,2404301,417315.0,3385530.0,30,60,3,3,2585.0,12.2,529,0,5,417350,3385590,527,0,6,-66.54,559,35.0,60.0,69.46221994724903,-2,-29.743562836470744,-32,6,0,24.734677017934114
3002,2404301,417315.0,3385530.0,30,60,3,3,2585.0,12.2,529,0,5,417345,3385595,528,0,6,-74.07,559,30.0,65.0,71.58910531638176,-1,-35.224859431168056,-31,6,0,23.413903861538877
3003,2404301,417315.0,3385530.0,30,60,3,3,2585.0,12.2,529,0,5,417330,3385570,528,0,5,-73.13,559,15.0,40.0,42.720018726587654,-1,-39.44395478041656,-31,6,0,35.966707367590864
3004,2404301,417315.0,3385530.0,30,60,3,3,2585.0,12.2,529,0,5,417415,3385485,524,0,10,-89.08,559,100.0,-45.0,109.65856099730654,-5,54.227745317954145,-35,6,0,17.701654477890113
3005,2404301,417315.0,3385530.0,30,60,3,3,2585.0,12.2,529,0,5,417295,3385525,531,0,5,-84.17,559,-20.0,-5.0,20.615528128088304,2,195.96375653207352,-28,6,0,53.63694098050847
3006,2404301,417315.0,3385530.0,30,60,3,3,2585.0,12.2,529,0,5,417335,3385565,528,0,5,-73.4,559,20.0,35.0,40.311288741492746,-1,-30.255118703057803,-31,6,0,37.56083710097991
3007,2404301,417315.0,3385530.0,30,60,3,3,2585.0,12.2,529,0,5,417300,3385560,530,0,6,-70.0,559,-15.0,30.0,33.54101966249684,1,273.434948822922,-29,6,0,40.847117989101264
3008,2404301,417315.0,3385530.0,30,60,3,3,2585.0,12.2,529,0,5,417305,3385555,530,0,6,-86.3,559,-10.0,25.0,26.92582403567252,1,278.1985905136482,-29,6,0,47.12401133336427
3009,2404301,417315.0,3385530.0,30,60,3,3,2585.0,12.2,529,0,5,417310,3385550,529,0,5,-80.25,559,-5.0,20.0,20.615528128088304,0,285.96375653207355,-30,6,0,55.50376270990906
3010,2404301,417315.0,3385530.0,30,60,3,3,2585.0,12.2,529,0,5,417820,3385415,524,0,5,-101.5,559,505.0,-115.0,517.9285665031424,-5,42.82878287145542,-35,6,0,3.86599268357787
3011,2404301,417315.0,3385530.0,30,60,3,3,2585.0,12.2,529,0,5,417810,3385425,525,0,5,-97.5,559,495.0,-105.0,506.01383380299,-4,41.97613244420336,-34,6,0,3.844030797386199
3012,2404301,417315.0,3385530.0,30,60,3,3,2585.0,12.2,529,0,5,417815,3385430,525,0,5,-103.0,559,500.0,-100.0,509.9019513592785,-4,41.30993247402023,-34,6,0,3.8148060743679792
3013,2404301,417315.0,3385530.0,30,60,3,3,2585.0,12.2,529,0,5,417685,3385480,528,0,5,-99.0,559,370.0,-50.0,373.3630940518894,-1,37.69605172201659,-31,6,0,4.746329930284848
3014,2404301,417315.0,3385530.0,30,60,3,3,2585.0,12.2,529,0,5,417605,3385415,523,0,6,-103.5,559,290.0,-115.0,311.96954979612997,-6,51.6308868365179,-36,6,0,6.582581456718174
3015,2404301,417315.0,3385530.0,30,60,3,3,2585.0,12.2,529,0,5,417625,3385435,525,0,5,-103.5,559,310.0,-95.0,324.2298567374695,-4,47.037767795625655,-34,6,0,5.986378648071664
3016,2404301,417315.0,3385530.0,30,60,3,3,2585.0,12.2,529,0,5,417620,3385440,525,0,5,-107.0,559,305.0,-90.0,318.0015723231569,-4,46.4403795216802,-34,6,0,6.102749706849194
3017,2404301,417315.0,3385530.0,30,60,3,3,2585.0,12.2,529,0,5,417600,3385420,523,0,6,-97.0,559,285.0,-110.0,305.49140740780257,-6,51.10483858492967,-36,6,0,6.720905468694807
3018,2404301,417315.0,3385530.0,30,60,3,3,2585.0,12.2,529,0,5,417250,3385410,530,0,5,-87.5,559,-65.0,-120.0,136.4734406395618,1,148.44292862436336,-29,6,0,11.996655827710109
3019,2404301,417315.0,3385530.0,30,60,3,3,2585.0,12.2,529,0,5,417270,3385430,531,0,5,-87.8,559,-45.0,-100.0,109.65856099730654,2,144.22774531795415,-28,6,0,14.323735114102838
3020,2404301,417315.0,3385530.0,30,60,3,3,2585.0,12.2,529,0,5,417245,3385415,530,0,5,-86.5,559,-70.0,-115.0,134.6291201783626,1,151.32869286780416,-29,6,0,12.156145050965593
3021,2404301,417315.0,3385530.0,30,60,3,3,2585.0,12.2,529,0,5,417230,3385390,529,0,5,-96.5,559,-85.0,-140.0,163.783393541592,0,151.26373169437744,-30,6,0,10.379734443449488
3022,2404301,417315.0,3385530.0,30,60,3,3,2585.0,12.2,529,0,5,417260,3385440,531,0,5,-90.63,559,-55.0,-90.0,105.47511554864494,2,151.4295656148385,-28,6,0,14.867143109933622
3023,2404301,417315.0,3385530.0,30,60,3,3,2585.0,12.2,529,0,5,417265,3385435,531,0,5,-89.22,559,-50.0,-95.0,107.35455276791944,2,147.75854060106002,-28,6,0,14.61810786185526
3024,2404301,417315.0,3385530.0,30,60,3,3,2585.0,12.2,529,0,5,417275,3385425,530,0,5,-88.33,559,-40.0,-105.0,112.36102527122117,1,140.85445803957833,-29,6,0,14.47201824896652
3025,2404301,417315.0,3385530.0,30,60,3,3,2585.0,12.2,529,0,5,417225,3385395,529,0,5,-93.5,559,-90.0,-135.0,162.24980739587951,0,153.69006752597977,-30,6,0,10.4756816963899
3026,2404301,417315.0,3385530.0,30,60,3,3,2585.0,12.2,529,0,5,417250,3385585,532,0,5,-99.33,559,-65.0,55.0,85.14693182963201,3,250.23635830927384,-27,6,0,17.593765027641407
3027,2404301,417315.0,3385530.0,30,60,3,3,2585.0,12.2,529,0,5,417240,3385595,532,0,5,-95.25,559,-75.0,65.0,99.24716620639605,3,250.91438322002512,-27,6,0,15.218891148158493
3028,2404301,417315.0,3385530.0,30,60,3,3,2585.0,12.2,529,0,5,417210,3385545,533,6,10,-96.0,559,-105.0,15.0,106.06601717798213,4,218.13010235415595,-26,6,0,13.773346110155035
3029,2404301,417315.0,3385530.0,30,60,3,3,2585.0,12.2,529,0,5,417225,3385540,533,0,10,-95.25,559,-90.0,10.0,90.55385138137417,4,216.34019174590992,-26,6,0,16.01993527158133
3030,2404301,417315.0,3385530.0,30,60,3,3,2585.0,12.2,529,0,5,417260,3385575,532,102,5,-98.56,559,-55.0,45.0,71.06335201775947,3,249.28940686250036,-27,6,0,20.803920869813417
3031,2404301,417315.0,3385530.0,30,60,3,3,2585.0,12.2,529,0,5,417205,3385560,532,0,5,-81.0,559,-110.0,30.0,114.0175425099138,3,225.25511870305775,-27,6,0,13.322554280878412
3032,2404301,417315.0,3385530.0,30,60,3,3,2585.0,12.2,529,0,5,417270,3385565,533,102,5,-97.5,559,-45.0,35.0,57.0087712549569,4,247.8749836510982,-26,6,0,24.516314079540912
3033,2404301,417315.0,3385530.0,30,60,3,3,2585.0,12.2,529,0,5,417245,3385600,532,0,5,-99.13,559,-70.0,70.0,98.99494936611666,3,255.0,-27,6,0,15.255860738306776
3034,2404301,417315.0,3385530.0,30,60,3,3,2585.0,12.2,529,0,5,417275,3385570,532,0,5,-83.67,559,-40.0,40.0,56.568542494923804,3,255.0,-27,6,0,25.51500673055494
3035,2404301,417315.0,3385530.0,30,60,3,3,2585.0,12.2,529,0,5,417235,3385530,533,6,5,-94.0,559,-80.0,0.0,80.0,4,210.0,-26,6,0,18.00416160591338
3036,2404301,417315.0,3385530.0,30,60,3,3,2585.0,12.2,529,0,5,417265,3385580,532,0,5,-94.6,559,-50.0,50.0,70.71067811865476,3,255.0,-27,6,0,20.89873960454897
3037,2404301,417315.0,3385530.0,30,60,3,3,2585.0,12.2,529,0,5,417420,3385735,531,0,5,-84.0,559,105.0,205.0,230.32585612562042,2,-32.87869659584135,-28,6,0,6.9312591858884645
3038,2404301,417315.0,3385530.0,30,60,3,3,2585.0,12.2,529,0,5,417280,3385635,531,0,5,-93.5,559,-35.0,105.0,110.67971810589327,2,281.565051177078,-28,6,0,14.196947417484148
3039,2404301,417315.0,3385530.0,30,60,3,3,2585.0,12.2,529,0,5,417400,3385755,530,0,5,-80.0,559,85.0,225.0,240.52026941611388,1,-39.304549265936714,-29,6,0,6.875076844409727
3040,2404301,417315.0,3385530.0,30,60,3,3,2585.0,12.2,529,0,5,417325,3385680,530,0,5,-87.67,559,10.0,150.0,150.33296378372907,1,-56.18592516570965,-29,6,0,10.91853330152012
3041,2404301,417315.0,3385530.0,30,60,3,3,2585.0,12.2,529,0,5,417395,3385690,530,102,6,-82.33,559,80.0,160.0,178.88543819998318,1,-33.434948822922024,-29,6,0,9.208389566965918
3042,2404301,417315.0,3385530.0,30,60,3,3,2585.0,12.2,529,0,5,417390,3385685,530,102,6,-93.0,559,75.0,155.0,172.19175357722565,1,-34.17900802581073,-29,6,0,9.559864680734105
3043,2404301,417315.0,3385530.0,30,60,3,3,2585.0,12.2,529,0,5,417380,3385695,530,0,10,-84.5,559,65.0,165.0,177.341478509682,1,-38.49856567595208,-29,6,0,9.287168082157821
3044,2404301,417315.0,3385530.0,30,60,3,3,2585.0,12.2,529,0,5,417285,3385640,531,0,5,-96.33,559,-30.0,110.0,114.0175425099138,2,284.7448812969422,-28,6,0,13.797443375257082
3045,2404301,417315.0,3385530.0,30,60,3,3,2585.0,12.2,529,0,5,417290,3385625,531,0,5,-81.67,559,-25.0,95.0,98.2344135219425,2,285.25643716352926,-28,6,0,15.909273886156786
3046,2404301,417315.0,3385530.0,30,60,3,3,2585.0,12.2,529,0,5,417385,3385700,530,0,10,-89.33,559,70.0,170.0,183.84776310850236,1,-37.6198649480404,-29,6,0,8.963931852190168
3047,2404301,417315.0,3385530.0,30,60,3,3,2585.0,12.2,529,0,5,417300,3385615,531,0,5,-80.0,559,-15.0,85.0,86.31338250816034,2,289.99202019855863,-28,6,0,17.97302607169016
3048,2404301,417315.0,3385530.0,30,60,3,3,2585.0,12.2,529,0,5,417315,3385610,530,0,5,-82.0,559,0.0,80.0,80.0,1,-60.0,-29,6,0,19.925580658184327
3049,2404301,417315.0,3385530.0,30,60,3,3,2585.0,12.2,529,0,5,417350,3385645,529,0,5,-84.5,559,35.0,115.0,120.20815280171308,0,-43.072486935852965,-30,6,0,14.01289672750649
3050,2404301,417315.0,3385530.0,30,60,3,3,2585.0,12.2,529,0,5,417340,3385655,529,0,5,-86.0,559,25.0,125.0,127.47548783981962,0,-48.69006752597977,-30,6,0,13.242976219823511
3051,2404301,417315.0,3385530.0,30,60,3,3,2585.0,12.2,529,0,5,417345,3385660,529,0,5,-94.33,559,30.0,130.0,133.41664064126334,0,-47.005383208083515,-30,6,0,12.672721466485141
3052,2404301,417315.0,3385530.0,30,60,3,3,2585.0,12.2,529,0,5,417435,3385730,531,0,6,-92.75,559,120.0,200.0,233.23807579381202,2,-29.036243467926454,-28,6,0,6.84554157798925
3053,2404301,417315.0,3385530.0,30,60,3,3,2585.0,12.2,529,0,5,417370,3385705,530,0,10,-93.25,559,55.0,175.0,183.43936327844142,1,-42.55281157671777,-29,6,0,8.983563560299556
3054,2404301,417315.0,3385530.0,30,60,3,3,2585.0,12.2,529,0,5,417305,3385620,530,0,5,-86.18,559,-10.0,90.0,90.55385138137417,1,293.6598082540901,-29,6,0,17.757738184548305
3055,2404301,417315.0,3385530.0,30,60,3,3,2585.0,12.2,529,0,5,417310,3385605,530,0,5,-79.67,559,-5.0,75.0,75.16648189186454,1,296.18592516570965,-29,6,0,21.0971261710379
3056,2404301,417315.0,3385530.0,30,60,3,3,2585.0,12.2,529,0,5,417330,3385665,530,6,5,-95.0,559,15.0,135.0,135.83077707206124,1,-53.65980825409008,-29,6,0,12.051760528394155
3057,2404301,417315.0,3385530.0,30,60,3,3,2585.0,12.2,529,0,5,417100,3385710,527,0,5,-104.0,559,-215.0,180.0,280.40149785619906,-2,249.9363831469699,-32,6,0,6.51054646654668
3058,2404301,417315.0,3385530.0,30,60,3,3,2585.0,12.2,529,0,5,417450,3385695,531,0,10,-84.75,559,135.0,165.0,213.19005605327843,2,-20.710593137499643,-28,6,0,7.482298628180002
3059,2404301,417315.0,3385530.0,30,60,3,3,2585.0,12.2,529,0,5,417455,3385700,531,0,5,-89.0,559,140.0,170.0,220.22715545545242,2,-20.527540151656183,-28,6,0,7.24579278557579
3060,2404301,417315.0,3385530.0,30,60,3,3,2585.0,12.2,529,0,5,417445,3385690,531,0,10,-79.75,559,130.0,160.0,206.15528128088303,2,-20.906141113770502,-28,6,0,7.734581540658527
3061,2404301,417315.0,3385530.0,30,60,3,3,2585.0,12.2,529,0,5,417500,3385745,532,0,6,-94.58,559,185.0,215.0,283.6370920736567,3,-19.289153328818998,-27,6,0,5.437718286578867
3062,2404301,417315.0,3385530.0,30,60,3,3,2585.0,12.2,529,0,5,417505,3385750,532,0,5,-96.5,559,190.0,220.0,290.68883707497264,3,-19.184916125118434,-27,6,0,5.306568426931763
3063,2404301,417315.0,3385530.0,30,60,3,3,2585.0,12.2,529,0,5,417480,3385725,532,0,10,-87.86,559,165.0,195.0,255.44079548889601,3,-19.76364169072616,-27,6,0,6.03373932021673
3064,2404301,417315.0,3385530.0,30,60,3,3,2585.0,12.2,529,0,5,417365,3385770,530,0,5,-98.5,559,50.0,240.0,245.15301344262525,1,-48.23171106797935,-29,6,0,6.746364927741967
3065,2404301,417315.0,3385530.0,30,60,3,3,2585.0,12.2,529,0,5,417495,3385740,532,0,6,-94.84,559,180.0,210.0,276.5863337187866,3,-19.398705354995514,-27,6,0,5.575474308033315
3066,2404301,417315.0,3385530.0,30,60,3,3,2585.0,12.2,529,0,5,417490,3385735,532,0,6,-94.22,559,175.0,205.0,269.5366394388711,3,-19.51398845800128,-27,6,0,5.720345169534659
3067,2404301,417315.0,3385530.0,30,60,3,3,2585.0,12.2,529,0,5,417475,3385720,532,0,10,-88.5,559,160.0,190.0,248.39484696748443,3,-19.899092453787773,-27,6,0,6.203575590842073
3068,2404301,417315.0,3385530.0,30,60,3,3,2585.0,12.2,529,0,5,417470,3385715,532,0,10,-86.75,559,155.0,185.0,241.3503677229434,3,-20.04245106917091,-27,6,0,6.3831705364688265
3069,2404301,417315.0,3385530.0,30,60,3,3,2585.0,12.2,529,0,5,417530,3385615,529,102,5,-108.0,559,215.0,85.0,231.19256043393784,0,8.428692808745382,-30,6,0,7.3934997502237225
3070,2404301,417315.0,3385530.0,30,60,3,3,2585.0,12.2,529,0,5,417440,3385685,530,0,10,-79.67,559,125.0,155.0,199.12307751739877,1,-21.115503566285383,-29,6,0,8.286217857587715
3071,2404301,417315.0,3385530.0,30,60,3,3,2585.0,12.2,529,0,5,417485,3385730,532,0,5,-94.25,559,170.0,200.0,262.48809496813374,3,-19.635463426902618,-27,6,0,5.872892769881453
3072,2404301,417315.0,3385530.0,30,60,3,3,2585.0,12.2,529,0,5,417380,3385785,530,0,5,-104.5,559,65.0,255.0,263.1539473388153,1,-45.699722550814386,-29,6,0,6.288713976790378
3073,2404301,417315.0,3385530.0,30,60,3,3,2585.0,12.2,529,0,5,417465,3385710,531,0,10,-86.25,559,150.0,180.0,234.30749027719963,2,-20.19442890773479,-28,6,0,6.814591984754147
3074,2404301,417315.0,3385530.0,30,60,3,3,2585.0,12.2,529,0,5,417460,3385705,531,0,5,-87.29,559,145.0,175.0,227.26636354727023,2,-20.3558250428552,-28,6,0,7.023642903779607
3075,2404301,417315.0,3385530.0,30,60,3,3,2585.0,12.2,529,0,5,417525,3385610,529,102,5,-104.0,559,210.0,80.0,224.72205054244233,0,9.145541960421667,-30,6,0,7.603927027168231
3076,2404301,417315.0,3385530.0,30,60,3,3,2585.0,12.2,529,0,5,417510,3385755,533,0,5,-93.67,559,195.0,225.0,297.7414986191881,4,-19.085616779974885,-26,6,0,4.99064108904673
3077,2404301,417315.0,3385530.0,30,60,3,3,2585.0,12.2,529,0,5,417515,3385760,533,0,5,-98.0,559,200.0,230.0,304.7950130825634,4,-18.990913098429758,-26,6,0,4.875711818309302
3078,2404301,417315.0,3385530.0,30,60,3,3,2585.0,12.2,529,0,5,417555,3385640,531,0,5,-95.75,559,240.0,110.0,264.0075756488817,2,5.376435213836373,-28,6,0,6.054019460361127
3079,2404301,417315.0,3385530.0,30,60,3,3,2585.0,12.2,529,0,5,417355,3385435,527,0,5,-81.6,559,40.0,-95.0,103.07764064044152,-2,97.16634582208246,-32,6,0,17.24672583940289
3080,2404301,417315.0,3385530.0,30,60,3,3,2585.0,12.2,529,0,5,417445,3385525,523,0,5,-94.5,559,130.0,-5.0,130.09611831257686,-6,32.20259816176582,-36,6,0,15.467749937441601
3081,2404301,417315.0,3385530.0,30,60,3,3,2585.0,12.2,529,0,5,417440,3385530,523,0,5,-95.0,559,125.0,0.0,125.0,-6,30.0,-36,6,0,16.06640053519666
3082,2404301,417315.0,3385530.0,30,60,3,3,2585.0,12.2,529,0,5,417450,3385540,524,0,6,-90.5,559,135.0,10.0,135.36986370680884,-5,25.76360520094113,-35,6,0,14.49641869481982
3083,2404301,417315.0,3385530.0,30,60,3,3,2585.0,12.2,529,0,5,417345,3385425,528,0,5,-97.33,559,30.0,-105.0,109.20164833920778,-1,104.0546040990771,-31,6,0,15.848104302165652
3084,2404301,417315.0,3385530.0,30,60,3,3,2585.0,12.2,529,0,5,417330,3385420,528,0,5,-96.6,559,15.0,-110.0,111.01801655587259,-1,112.23483398157464,-31,6,0,15.601538198100194
3085,2404301,417315.0,3385530.0,30,60,3,3,2585.0,12.2,529,0,5,417500,3385590,528,0,10,-106.78,559,185.0,60.0,194.48650338776724,-1,12.030860259842996,-31,6,0,9.056424409927203
3086,2404301,417315.0,3385530.0,30,60,3,3,2585.0,12.2,529,0,5,417460,3385550,525,0,6,-95.6,559,145.0,20.0,146.37281168304446,-4,22.146686698021767,-34,6,0,13.076967930577114
3087,2404301,417315.0,3385530.0,30,60,3,3,2585.0,12.2,529,0,5,417420,3385350,526,0,6,-97.5,559,105.0,-180.0,208.38665984174708,-3,89.74356283647069,-33,6,0,8.99860404172194
3088,2404301,417315.0,3385530.0,30,60,3,3,2585.0,12.2,529,0,5,417305,3385385,529,0,5,-90.5,559,-10.0,-145.0,145.34441853748632,0,123.94518622903755,-30,6,0,11.662428860910032
3089,2404301,417315.0,3385530.0,30,60,3,3,2585.0,12.2,529,0,5,417505,3385585,527,0,5,-101.6,559,190.0,55.0,197.80040444852483,-2,13.855661219716524,-32,6,0,9.189647836795375
3090,2404301,417315.0,3385530.0,30,60,3,3,2585.0,12.2,529,0,5,417470,3385560,525,0,5,-93.5,559,155.0,30.0,157.87653403846943,-4,19.045937356601655,-34,6,0,12.153493150330462
3091,2404301,417315.0,3385530.0,30,60,3,3,2585.0,12.2,529,0,5,417300,3385390,529,0,5,-93.0,559,-15.0,-140.0,140.80127840328723,0,126.11550356628541,-30,6,0,12.02793757680949
3092,2404301,417315.0,3385530.0,30,60,3,3,2585.0,12.2,529,0,5,417340,3385430,528,0,5,-102.5,559,25.0,-100.0,103.07764064044152,-1,105.96375653207349,-31,6,0,16.738353730677066
3093,2404301,417315.0,3385530.0,30,60,3,3,2585.0,12.2,529,0,5,417350,3385440,527,0,5,-91.83,559,35.0,-90.0,96.56603957913983,-2,98.7494944928668,-32,6,0,18.334134912103174
3094,2404301,417315.0,3385530.0,30,60,3,3,2585.0,12.2,529,0,5,417490,3385580,527,0,5,-105.0,559,175.0,50.0,182.00274723201295,-2,14.054604099077153,-32,6,0,9.971910185871566
3095,2404301,417315.0,3385530.0,30,60,3,3,2585.0,12.2,529,0,5,417515,3385595,528,102,5,-104.2,559,200.0,65.0,210.2974084481309,-1,11.995838394086604,-31,6,0,8.385595865683133
3096,2404301,417315.0,3385530.0,30,60,3,3,2585.0,12.2,529,0,5,417275,3385725,529,0,5,-92.5,559,-40.0,195.0,199.06029237394384,0,288.4078245897089,-30,6,0,8.570440296781118
3097,2404301,417315.0,3385530.0,30,60,3,3,2585.0,12.2,529,0,5,417190,3385650,530,0,5,-110.5,559,-125.0,120.0,173.27723451163456,1,253.83086067209257,-29,6,0,9.501072861854494
3098,2404301,417315.0,3385530.0,30,60,3,3,2585.0,12.2,529,0,5,417160,3385680,528,0,5,-109.0,559,-155.0,150.0,215.6965461012299,-1,254.06080905426444,-31,6,0,8.178569847950818
3099,2404301,417315.0,3385530.0,30,60,3,3,2585.0,12.2,529,0,5,417195,3385645,530,0,5,-111.67,559,-120.0,115.0,166.20770138594662,1,253.7811247648687,-29,6,0,9.89736132419241
3100,2404301,417315.0,3385530.0,30,60,3,3,2585.0,12.2,529,0,5,417185,3385655,530,0,5,-106.5,559,-130.0,125.0,180.34688796871433,1,253.8766972859246,-29,6,0,9.135032090544255
3101,2404301,417315.0,3385530.0,30,60,3,3,2585.0,12.2,529,0,5,417270,3385730,529,0,5,-99.0,559,-45.0,200.0,205.0,0,287.31961650818016,-30,6,0,8.325650330426836
3102,2404301,417315.0,3385530.0,30,60,3,3,2585.0,12.2,529,0,5,417170,3385670,529,0,5,-96.0,559,-145.0,140.0,201.55644370746373,0,253.99491399474584,-30,6,0,8.465848238967707
3103,2404301,417315.0,3385530.0,30,60,3,3,2585.0,12.2,529,0,5,417210,3384970,510,0,5,-95.5,559,-105.0,-560.0,569.7587208634898,-19,130.61965527615513,-49,6,0,4.915417755112416
3104,2404301,417315.0,3385530.0,30,60,3,3,2585.0,12.2,529,0,5,417205,3384975,510,0,5,-84.0,559,-110.0,-555.0,565.795899596312,-19,131.21063312887665,-49,6,0,4.9496747858190595
3105,2404301,417315.0,3385530.0,30,60,3,3,2585.0,12.2,529,0,5,417225,3385435,530,0,10,-89.29,559,-90.0,-95.0,130.86252328302402,1,163.45184230102203,-29,6,0,12.495191139322012
3106,2404301,417315.0,3385530.0,30,60,3,3,2585.0,12.2,529,0,5,417210,3385410,530,0,10,-99.0,559,-105.0,-120.0,159.45218719101973,1,161.18592516570965,-29,6,0,10.307870212008858
3107,2404301,417315.0,3385530.0,30,60,3,3,2585.0,12.2,529,0,5,417215,3385405,529,0,5,-96.5,559,-100.0,-125.0,160.0781059358212,0,158.65980825409008,-30,6,0,10.614591467407537
3108,2404301,417315.0,3385530.0,30,60,3,3,2585.0,12.2,529,0,5,417235,3385535,533,0,5,-104.0,559,-80.0,5.0,80.15609770940699,4,213.57633437499737,-26,6,0,17.971356694758967
3109,2404301,417315.0,3385530.0,30,60,3,3,2585.0,12.2,529,0,5,417265,3385565,533,102,5,-90.5,559,-50.0,35.0,61.032778078668514,4,244.99202019855863,-26,6,0,23.074033606855405
3110,2404301,417315.0,3385530.0,30,60,3,3,2585.0,12.2,529,0,5,417210,3385560,532,0,5,-92.5,559,-105.0,30.0,109.20164833920778,3,225.94539590092285,-27,6,0,13.887799644071936
3111,2404301,417315.0,3385530.0,30,60,3,3,2585.0,12.2,529,0,5,417205,3385545,533,6,10,-102.5,559,-110.0,15.0,111.01801655587259,4,217.76516601842536,-26,6,0,13.180900454466855
3112,2404301,417315.0,3385530.0,30,60,3,3,2585.0,12.2,529,0,5,417240,3385590,532,102,5,-92.2,559,-75.0,60.0,96.04686356149273,3,248.65980825409008,-27,6,0,15.70135130372849
3113,2404301,417315.0,3385530.0,30,60,3,3,2585.0,12.2,529,0,5,417230,3385540,533,0,10,-93.2,559,-85.0,10.0,85.58621384311844,4,216.70983680775691,-26,6,0,16.898112361127975
3114,2404301,417315.0,3385530.0,30,60,3,3,2585.0,12.2,529,0,5,417225,3385525,533,0,10,-91.5,559,-90.0,-5.0,90.13878188659973,4,206.82016988013578,-26,6,0,16.089894054824914
3115,2404301,417315.0,3385530.0,30,60,3,3,2585.0,12.2,529,0,5,417245,3385585,532,102,5,-87.2,559,-70.0,55.0,89.02246907382428,3,248.15722658736905,-27,6,0,16.872247124264465
3116,2404301,417315.0,3385530.0,30,60,3,3,2585.0,12.2,529,0,5,417215,3385555,532,0,5,-93.5,559,-100.0,25.0,103.07764064044152,3,224.03624346792645,-27,6,0,14.678200750229038
3117,2404301,417315.0,3385530.0,30,60,3,3,2585.0,12.2,529,0,5,417155,3385455,529,0,5,-92.0,559,-160.0,-75.0,176.70597047072292,0,184.88516511385544,-30,6,0,9.635434677241497
3118,2404301,417315.0,3385530.0,30,60,3,3,2585.0,12.2,529,0,5,417250,3385600,532,0,5,-87.33,559,-65.0,70.0,95.524865872714,3,257.12109639666147,-27,6,0,15.782887420899335
3119,2404301,417315.0,3385530.0,30,60,3,3,2585.0,12.2,529,0,5,417195,3385495,532,0,14,-98.5,559,-120.0,-35.0,125.0,3,193.73979529168804,-27,6,0,12.188633201931882
3120,2404301,417315.0,3385530.0,30,60,3,3,2585.0,12.2,529,0,5,417270,3385580,532,0,5,-90.4,559,-45.0,50.0,67.26812023536856,3,258.01278750418334,-27,6,0,21.869481962423386
3121,2404301,417315.0,3385530.0,30,60,3,3,2585.0,12.2,529,0,5,417255,3385595,532,0,5,-90.67,559,-60.0,65.0,88.45903006477066,3,257.29061004263855,-27,6,0,16.973554360154257
3122,2404301,417315.0,3385530.0,30,60,3,3,2585.0,12.2,529,0,5,417260,3385570,532,102,5,-99.17,559,-55.0,40.0,68.00735254367721,3,246.0273733851036,-27,6,0,21.653864394258914
3123,2404301,417315.0,3385530.0,30,60,3,3,2585.0,12.2,529,0,5,417310,3385660,530,0,6,-91.5,559,-5.0,130.0,130.09611831257686,1,297.7974018382342,-29,6,0,12.566469635495944
3124,2404301,417315.0,3385530.0,30,60,3,3,2585.0,12.2,529,0,5,417360,3385750,530,0,5,-102.0,559,45.0,220.0,224.5551157288562,1,-48.43986920578226,-29,6,0,7.358690348778254
3125,2404301,417315.0,3385530.0,30,60,3,3,2585.0,12.2,529,0,5,417380,3385730,530,0,10,-98.5,559,65.0,200.0,210.2974084481309,1,-41.995838394086604,-29,6,0,7.851564971832428
3126,2404301,417315.0,3385530.0,30,60,3,3,2585.0,12.2,529,0,5,417355,3385615,528,0,6,-80.0,559,40.0,85.0,93.94147114027967,-1,-34.79887635452491,-31,6,0,18.26251292055784
3127,2404301,417315.0,3385530.0,30,60,3,3,2585.0,12.2,529,0,5,417330,3385640,529,0,6,-83.0,559,15.0,110.0,111.01801655587259,0,-52.23483398157464,-30,6,0,15.12166531490902
3128,2404301,417315.0,3385530.0,30,60,3,3,2585.0,12.2,529,0,5,417280,3385670,530,0,6,-101.0,559,-35.0,140.0,144.30869689661813,1,285.96375653207355,-29,6,0,11.362705883963814
3129,2404301,417315.0,3385530.0,30,60,3,3,2585.0,12.2,529,0,5,417345,3385605,528,0,6,-76.2,559,30.0,75.0,80.77747210701756,-1,-38.198590513648185,-31,6,0,20.995322241702187
3130,2404301,417315.0,3385530.0,30,60,3,3,2585.0,12.2,529,0,5,417505,3385765,532,0,5,-99.0,559,190.0,235.0,302.2002647252315,3,-21.0440921622411,-27,6,0,5.105519644470351
3131,2404301,417315.0,3385530.0,30,60,3,3,2585.0,12.2,529,0,5,417290,3385680,530,0,5,-99.33,559,-25.0,150.0,152.0690632574555,1,290.5376777919744,-29,6,0,10.796827938133406
3132,2404301,417315.0,3385530.0,30,60,3,3,2585.0,12.2,529,0,5,417390,3385740,530,0,10,-99.33,559,75.0,210.0,222.9910312097776,1,-40.34617594194668,-29,6,0,7.409733430677185
3133,2404301,417315.0,3385530.0,30,60,3,3,2585.0,12.2,529,0,5,417335,3385635,529,0,6,-78.67,559,20.0,105.0,106.88779163215975,0,-49.2157021324374,-30,6,0,15.67773997349592
3134,2404301,417315.0,3385530.0,30,60,3,3,2585.0,12.2,529,0,5,417425,3385685,530,0,5,-92.57,559,110.0,155.0,190.06577808748213,1,-24.63753811293094,-29,6,0,8.675211238375933
3135,2404301,417315.0,3385530.0,30,60,3,3,2585.0,12.2,529,0,5,417295,3385675,530,0,5,-90.0,559,-20.0,145.0,146.37281168304446,1,292.14668669802177,-29,6,0,11.206554966196501
3136,2404301,417315.0,3385530.0,30,60,3,3,2585.0,12.2,529,0,5,417350,3385620,528,0,6,-91.0,559,35.0,90.0,96.56603957913983,-1,-38.749494492866745,-31,6,0,17.797868076002878
3137,2404301,417315.0,3385530.0,30,60,3,3,2585.0,12.2,529,0,5,417435,3385695,531,0,5,-79.88,559,120.0,165.0,204.02205763103166,2,-23.9726266148964,-28,6,0,7.814459044372148
3138,2404301,417315.0,3385530.0,30,60,3,3,2585.0,12.2,529,0,5,417480,3385790,532,102,6,-104.5,559,165.0,260.0,307.9366818032564,3,-27.6001598260807,-27,6,0,5.010899949020074
3139,2404301,417315.0,3385530.0,30,60,3,3,2585.0,12.2,529,0,5,417340,3385610,529,0,6,-73.25,559,25.0,80.0,83.81527307120105,0,-42.64597536373867,-30,6,0,19.69381182106519
3140,2404301,417315.0,3385530.0,30,60,3,3,2585.0,12.2,529,0,5,417510,3385780,533,0,5,-99.0,559,195.0,250.0,317.0567772497538,4,-22.04576912486749,-26,6,0,4.688007149159879
3141,2404301,417315.0,3385530.0,30,60,3,3,2585.0,12.2,529,0,5,417285,3385665,530,0,6,-86.75,559,-30.0,135.0,138.2931668593933,1,287.4711922908485,-29,6,0,11.843284806684183
3142,2404301,417315.0,3385530.0,30,60,3,3,2585.0,12.2,529,0,5,417315,3385655,530,0,6,-85.0,559,0.0,125.0,125.0,1,-60.0,-29,6,0,13.061551083328114
3143,2404301,417315.0,3385530.0,30,60,3,3,2585.0,12.2,529,0,5,417430,3385700,531,0,5,-78.5,559,115.0,170.0,205.24375751773792,2,-25.922804719869248,-28,6,0,7.768513644964662
3144,2404301,417315.0,3385530.0,30,60,3,3,2585.0,12.2,529,0,5,417385,3385420,526,0,5,-93.6,559,70.0,-110.0,130.38404810405297,-3,87.52880770915152,-33,6,0,14.203206351009143
3145,2404301,417315.0,3385530.0,30,60,3,3,2585.0,12.2,529,0,5,417485,3385480,524,0,6,-88.2,559,170.0,-50.0,177.2004514666935,-5,46.38954033403479,-35,6,0,11.1730421014179
3146,2404301,417315.0,3385530.0,30,60,3,3,2585.0,12.2,529,0,5,417395,3385410,526,0,5,-102.0,559,80.0,-120.0,144.22205101855957,-3,86.30993247402023,-33,6,0,12.888199914234612
3147,2404301,417315.0,3385530.0,30,60,3,3,2585.0,12.2,529,0,5,417365,3385440,527,0,5,-90.67,559,50.0,-90.0,102.95630140987001,-2,90.94539590092285,-32,6,0,17.265844247697565
3148,2404301,417315.0,3385530.0,30,60,3,3,2585.0,12.2,529,0,5,417470,3385485,524,0,5,-92.4,559,155.0,-45.0,161.40012391568973,-5,46.18920625702697,-35,6,0,12.235285416487809
3149,2404301,417315.0,3385530.0,30,60,3,3,2585.0,12.2,529,0,5,417455,3385510,523,0,5,-95.0,559,140.0,-20.0,141.4213562373095,-6,38.13010235415595,-36,6,0,14.28179453796326
3150,2404301,417315.0,3385530.0,30,60,3,3,2585.0,12.2,529,0,5,417495,3385470,524,0,6,-88.86,559,180.0,-60.0,189.73665961010275,-5,48.434948822922024,-35,6,0,10.45164277519746
3151,2404301,417315.0,3385530.0,30,60,3,3,2585.0,12.2,529,0,5,417450,3385505,523,0,5,-85.5,559,135.0,-25.0,137.2953021774598,-6,40.491477012331586,-36,6,0,14.692679583977979
3152,2404301,417315.0,3385530.0,30,60,3,3,2585.0,12.2,529,0,5,417535,3385590,528,0,10,-110.75,559,220.0,60.0,228.0350850198276,-1,14.744881296942253,-31,6,0,7.741559832877274
3153,2404301,417315.0,3385530.0,30,60,3,3,2585.0,12.2,529,0,5,417465,3385500,524,0,5,-92.63,559,150.0,-30.0,152.97058540778355,-5,41.30993247402023,-35,6,0,12.8875643578086
3154,2404301,417315.0,3385530.0,30,60,3,3,2585.0,12.2,529,0,5,417525,3385600,528,102,5,-105.8,559,210.0,70.0,221.35943621178654,-1,11.565051177077976,-31,6,0,7.972067475598201
3155,2404301,417315.0,3385530.0,30,60,3,3,2585.0,12.2,529,0,5,417505,3385460,524,0,6,-91.33,559,190.0,-70.0,202.48456731316588,-5,50.224859431168056,-35,6,0,9.806825635767392
3156,2404301,417315.0,3385530.0,30,60,3,3,2585.0,12.2,529,0,5,417460,3385495,524,0,7,-90.13,559,145.0,-35.0,149.164338901763,-5,43.57043438516149,-35,6,0,13.205031578729711
3157,2404301,417315.0,3385530.0,30,60,3,3,2585.0,12.2,529,0,5,417490,3385465,524,0,6,-93.0,559,175.0,-65.0,186.6815470259447,-5,50.37643521383637,-35,6,0,10.618828036780885
3158,2404301,417315.0,3385530.0,30,60,3,3,2585.0,12.2,529,0,5,417570,3385545,528,0,5,-89.5,559,255.0,15.0,255.44079548889601,-1,26.63353933657021,-31,6,0,6.919511922940646
3159,2404301,417315.0,3385530.0,30,60,3,3,2585.0,12.2,529,0,5,417445,3385520,523,0,5,-89.67,559,130.0,-10.0,130.38404810405297,-6,34.39870535499551,-36,6,0,15.435222670085237
3160,2404301,417315.0,3385530.0,30,60,3,3,2585.0,12.2,529,0,5,417475,3385490,524,0,5,-88.57,559,160.0,-40.0,164.92422502470643,-5,44.03624346792651,-35,6,0,11.981475935529817
3161,2404301,417315.0,3385530.0,30,60,3,3,2585.0,12.2,529,0,5,417550,3385565,528,0,5,-96.5,559,235.0,35.0,237.59208741033444,-1,21.52885536698517,-31,6,0,7.433714576241473
3162,2404301,417315.0,3385530.0,30,60,3,3,2585.0,12.2,529,0,5,417530,3385585,528,0,10,-103.5,559,215.0,55.0,221.92341021172146,-1,15.65066795705286,-31,6,0,7.952067548104228
3163,2404301,417315.0,3385530.0,30,60,3,3,2585.0,12.2,529,0,5,417375,3385430,527,0,5,-100.21,559,60.0,-100.0,116.61903789690601,-2,89.03624346792651,-32,6,0,15.344165268263534
3164,2404301,417315.0,3385530.0,30,60,3,3,2585.0,12.2,529,0,5,417555,3385570,528,0,5,-115.91,559,240.0,40.0,243.3105012119288,-1,20.537677791974374,-31,6,0,7.260890006333437
3165,2404301,417315.0,3385530.0,30,60,3,3,2585.0,12.2,529,0,5,417360,3385435,527,0,5,-88.4,559,45.0,-95.0,105.11898020814318,-2,94.65382405805326,-32,6,0,16.931138078576986
3166,2404301,417315.0,3385530.0,30,60,3,3,2585.0,12.2,529,0,5,417440,3385515,523,0,5,-80.3,559,125.0,-15.0,125.89678312014172,-6,36.84277341263095,-36,6,0,15.95780339320207
3167,2404301,417315.0,3385530.0,30,60,3,3,2585.0,12.2,529,0,5,417480,3385475,524,0,5,-95.5,559,165.0,-55.0,173.92527130926086,-5,48.434948822922024,-35,6,0,11.378001891503647
3168,2404301,417315.0,3385530.0,30,60,3,3,2585.0,12.2,529,0,5,417520,3385595,528,102,5,-104.8,559,205.0,65.0,215.05813167606567,-1,12.407575437818423,-31,6,0,8.20251858615372
3169,2404301,417315.0,3385530.0,30,60,3,3,2585.0,12.2,529,0,5,417565,3385560,528,0,10,-104.33,559,250.0,30.0,251.79356624028344,-1,23.157226587369053,-31,6,0,7.018748354739984
3170,2404301,417315.0,3385530.0,30,60,3,3,2585.0,12.2,529,0,5,417275,3385700,529,0,5,-99.5,559,-40.0,170.0,174.64249196572982,0,286.7594800848128,-30,6,0,9.747110129297594
3171,2404301,417315.0,3385530.0,30,60,3,3,2585.0,12.2,529,0,5,417195,3385620,531,0,5,-91.0,559,-120.0,90.0,150.0,2,246.86989764584405,-28,6,0,10.573523418560919
3172,2404301,417315.0,3385530.0,30,60,3,3,2585.0,12.2,529,0,5,417200,3385745,528,0,5,-95.0,559,-115.0,215.0,243.82370680473218,-1,271.85839876773827,-31,6,0,7.24576971440455
3173,2404301,417315.0,3385530.0,30,60,3,3,2585.0,12.2,529,0,5,417170,3385635,530,102,5,-91.0,559,-145.0,105.0,179.02513789968157,1,245.9097230791777,-29,6,0,9.201326889417421
3174,2404301,417315.0,3385530.0,30,60,3,3,2585.0,12.2,529,0,5,417395,3385570,526,0,6,-89.0,559,80.0,40.0,89.44271909999159,-3,3.434948822922024,-33,6,0,20.251600651044004
3175,2404301,417315.0,3385530.0,30,60,3,3,2585.0,12.2,529,0,5,417430,3385525,523,0,5,-88.0,559,115.0,-5.0,115.10864433221339,-6,32.48955292199918,-36,6,0,17.366969669962252
3176,2404301,417315.0,3385530.0,30,60,3,3,2585.0,12.2,529,0,5,417435,3385530,523,0,5,-87.4,559,120.0,0.0,120.0,-6,30.0,-36,6,0,16.69924423399362
3177,2404301,417315.0,3385530.0,30,60,3,3,2585.0,12.2,529,0,5,417330,3385465,528,102,5,-80.0,559,15.0,-65.0,66.70832032063167,-1,107.00538320808346,-31,6,0,24.924747754151404
3178,2404301,417315.0,3385530.0,30,60,3,3,2585.0,12.2,529,0,5,417415,3385550,525,0,6,-82.83,559,100.0,20.0,101.9803902718557,-4,18.69006752597977,-34,6,0,18.43825396732722
3179,2404301,417315.0,3385530.0,30,60,3,3,2585.0,12.2,529,0,5,417410,3385545,524,0,5,-83.0,559,95.0,15.0,96.17692030835673,-5,21.0273733851036,-35,6,0,19.997087644203926
3180,2404301,417315.0,3385530.0,30,60,3,3,2585.0,12.2,529,0,5,417705,3385260,518,0,10,-96.0,559,390.0,-270.0,474.3416490252569,-11,64.69515353123398,-41,6,0,4.940116167354768
3181,2404301,417315.0,3385530.0,30,60,3,3,2585.0,12.2,529,0,5,417525,3385440,523,0,6,-89.5,559,210.0,-90.0,228.47319317591726,-6,53.198590513648185,-36,6,0,8.95434473505222
3182,2404301,417315.0,3385530.0,30,60,3,3,2585.0,12.2,529,0,5,417325,3385480,528,102,5,-88.72,559,10.0,-50.0,50.99019513592785,-1,108.69006752597977,-31,6,0,31.297928816901184
3183,2404301,417315.0,3385530.0,30,60,3,3,2585.0,12.2,529,0,5,417355,3385450,527,0,5,-94.0,559,40.0,-80.0,89.44271909999159,-2,93.43494882292202,-32,6,0,19.685730102414364
3184,2404301,417315.0,3385530.0,30,60,3,3,2585.0,12.2,529,0,5,417360,3385595,527,0,6,-72.23,559,45.0,65.0,79.05694150420949,-2,-25.304846468766016,-32,6,0,22.03670130867073
3185,2404301,417315.0,3385530.0,30,60,3,3,2585.0,12.2,529,0,5,417420,3385535,524,0,5,-81.67,559,105.0,5.0,105.11898020814318,-5,27.27368900609372,-35,6,0,18.415491341937102
3186,2404301,417315.0,3385530.0,30,60,3,3,2585.0,12.2,529,0,5,417290,3385505,531,0,5,-81.68,559,-25.0,-25.0,35.35533905932738,2,165.0,-28,6,0,38.377801231771926
3187,2404301,417315.0,3385530.0,30,60,3,3,2585.0,12.2,529,0,5,417305,3385500,529,0,10,-85.0,559,-10.0,-30.0,31.622776601683793,0,138.434948822922,-30,6,0,43.491519345092
3188,2404301,417315.0,3385530.0,30,60,3,3,2585.0,12.2,529,0,5,417365,3385600,527,0,6,-75.3,559,50.0,70.0,86.02325267042627,-2,-24.462322208025626,-32,6,0,20.404820739604478
3189,2404301,417315.0,3385530.0,30,60,3,3,2585.0,12.2,529,0,5,417540,3385415,523,0,5,-84.0,559,225.0,-115.0,252.68557536986555,-6,57.072080237992736,-36,6,0,8.10833784035604
3190,2404301,417315.0,3385530.0,30,60,3,3,2585.0,12.2,529,0,5,417320,3385475,528,102,5,-93.0,559,5.0,-55.0,55.226805085936306,-1,114.80557109226515,-31,6,0,29.306439685671215
3191,2404301,417315.0,3385530.0,30,60,3,3,2585.0,12.2,529,0,5,417315,3385490,529,0,5,-87.31,559,0.0,-40.0,40.0,0,120.0,-30,6,0,36.86989764584402
3192,2404301,417315.0,3385530.0,30,60,3,3,2585.0,12.2,529,0,5,417285,3385520,531,0,5,-89.82,559,-30.0,-10.0,31.622776601683793,2,191.56505117707798,-28,6,0,41.52289044399988
3193,2404301,417315.0,3385530.0,30,60,3,3,2585.0,12.2,529,0,5,417380,3385575,526,0,5,-82.23,559,65.0,45.0,79.05694150420949,-3,-4.695153531233984,-33,6,0,22.65666466892851
3194,2404301,417315.0,3385530.0,30,60,3,3,2585.0,12.2,529,0,5,417375,3385590,527,0,6,-69.8,559,60.0,60.0,84.8528137423857,-2,-15.0,-32,6,0,20.66264400478191
3195,2404301,417315.0,3385530.0,30,60,3,3,2585.0,12.2,529,0,5,417345,3385460,527,102,5,-95.14,559,30.0,-70.0,76.15773105863909,-2,96.80140948635176,-32,6,0,22.791200443061175
3196,2404301,417315.0,3385530.0,30,60,3,3,2585.0,12.2,529,0,5,417405,3385560,525,0,6,-82.67,559,90.0,30.0,94.86832980505137,-4,11.565051177077976,-34,6,0,19.717246314379057
3197,2404301,417315.0,3385530.0,30,60,3,3,2585.0,12.2,529,0,5,417390,3385565,526,0,5,-84.5,559,75.0,35.0,82.76472678623425,-3,4.98310652189997,-33,6,0,21.73818741746322
3198,2404301,417315.0,3385530.0,30,60,3,3,2585.0,12.2,529,0,5,417385,3385580,526,0,6,-78.5,559,70.0,50.0,86.02325267042627,-3,-5.5376777919743745,-33,6,0,20.98767306944397
3199,2404301,417315.0,3385530.0,30,60,3,3,2585.0,12.2,529,0,5,417335,3385470,527,102,5,-89.33,559,20.0,-60.0,63.245553203367585,-2,101.56505117707798,-32,6,0,26.83778755833606
3200,2404301,417315.0,3385530.0,30,60,3,3,2585.0,12.2,529,0,5,417310,3385485,529,0,5,-85.91,559,-5.0,-45.0,45.27692569068709,0,126.34019174590989,-30,6,0,33.52802322173111
3201,2404301,417315.0,3385530.0,30,60,3,3,2585.0,12.2,529,0,5,417370,3385585,527,0,6,-79.21,559,55.0,55.0,77.78174593052023,-2,-15.0,-32,6,0,22.362637490395628
3202,2404301,417315.0,3385530.0,30,60,3,3,2585.0,12.2,529,0,5,417295,3385510,530,0,5,-88.54,559,-20.0,-20.0,28.284271247461902,1,165.0,-29,6,0,45.71583529290024
3203,2404301,417315.0,3385530.0,30,60,3,3,2585.0,12.2,529,0,5,417280,3385515,532,0,5,-84.57,559,-35.0,-15.0,38.07886552931954,3,186.80140948635182,-27,6,0,35.33872782621112
3204,2404301,417315.0,3385530.0,30,60,3,3,2585.0,12.2,529,0,5,417300,3385495,530,0,10,-92.12,559,-15.0,-35.0,38.07886552931954,1,143.19859051364818,-29,6,0,37.29207573526101
3205,2404301,417315.0,3385530.0,30,60,3,3,2585.0,12.2,529,0,5,417340,3385455,527,102,5,-99.33,559,25.0,-75.0,79.05694150420949,-2,101.56505117707798,-32,6,0,22.03670130867073
3206,2404301,417315.0,3385530.0,30,60,3,3,2585.0,12.2,529,0,5,417425,3385540,524,0,5,-86.0,559,110.0,10.0,110.45361017187261,-5,24.80557109226521,-35,6,0,17.582112648819706
3207,2404301,417315.0,3385530.0,30,60,3,3,2585.0,12.2,529,0,5,417350,3385445,527,0,5,-91.78,559,35.0,-85.0,91.92388155425118,-2,97.61986494804046,-32,6,0,19.193728049170875
3208,2404301,417315.0,3385530.0,30,60,3,3,2585.0,12.2,529,0,5,417335,3385530,527,0,10,-75.56,559,20.0,0.0,20.0,-2,30.0,-32,6,0,57.9946167919165
3209,2404301,417315.0,3385530.0,30,60,3,3,2585.0,12.2,529,0,5,417370,3385485,525,0,5,-85.88,559,55.0,-45.0,71.06335201775947,-4,69.28940686250036,-34,6,0,25.568612577714855
3210,2404301,417315.0,3385530.0,30,60,3,3,2585.0,12.2,529,0,5,417320,3385535,528,0,5,-70.6,559,5.0,5.0,7.0710678118654755,-1,-15.0,-31,6,0,77.15072737097942
3211,2404301,417315.0,3385530.0,30,60,3,3,2585.0,12.2,529,0,5,417420,3385475,524,0,5,-90.5,559,105.0,-55.0,118.53269591129698,-5,57.64597536373867,-35,6,0,16.45066786672279
3212,2404301,417315.0,3385530.0,30,60,3,3,2585.0,12.2,529,0,5,417355,3385550,525,0,5,-73.0,559,40.0,20.0,44.721359549995796,-4,3.434948822922024,-34,6,0,37.24438856858168
3213,2404301,417315.0,3385530.0,30,60,3,3,2585.0,12.2,529,0,5,417385,3385520,524,0,10,-83.2,559,70.0,-10.0,70.71067811865476,-5,38.13010235415595,-35,6,0,26.334247846853142
3214,2404301,417315.0,3385530.0,30,60,3,3,2585.0,12.2,529,0,5,417390,3385505,524,0,5,-84.44,559,75.0,-25.0,79.05694150420949,-5,48.434948822922024,-35,6,0,23.879876253764902
3215,2404301,417315.0,3385530.0,30,60,3,3,2585.0,12.2,529,0,5,417330,3385525,527,0,10,-73.17,559,15.0,-5.0,15.811388300841896,-2,48.434948822922024,-32,6,0,63.70575162660819
3216,2404301,417315.0,3385530.0,30,60,3,3,2585.0,12.2,529,0,5,417405,3385460,525,0,5,-102.5,559,90.0,-70.0,114.0175425099138,-4,67.8749836510982,-34,6,0,16.604566151538044
3217,2404301,417315.0,3385530.0,30,60,3,3,2585.0,12.2,529,0,5,417380,3385515,524,0,10,-79.63,559,65.0,-15.0,66.70832032063167,-5,42.994616791916485,-35,6,0,27.684746611207338
3218,2404301,417315.0,3385530.0,30,60,3,3,2585.0,12.2,529,0,5,417395,3385510,524,0,5,-82.73,559,80.0,-20.0,82.46211251235322,-5,44.03624346792651,-35,6,0,22.99818075112847
3219,2404301,417315.0,3385530.0,30,60,3,3,2585.0,12.2,529,0,5,417435,3385470,524,0,5,-101.67,559,120.0,-60.0,134.16407864998737,-5,56.565051177077976,-35,6,0,14.621143938770764
3220,2404301,417315.0,3385530.0,30,60,3,3,2585.0,12.2,529,0,5,417315,3385590,530,0,5,-73.82,559,0.0,60.0,60.0,1,-60.0,-29,6,0,25.796026494499948
3221,2404301,417315.0,3385530.0,30,60,3,3,2585.0,12.2,529,0,5,417300,3385595,531,0,5,-81.67,559,-15.0,65.0,66.70832032063167,2,287.0053832080835,-28,6,0,22.76963162011252
3222,2404301,417315.0,3385530.0,30,60,3,3,2585.0,12.2,529,0,5,417430,3385465,524,0,5,-103.75,559,115.0,-65.0,132.09844813622905,-5,59.475889003245754,-35,6,0,14.839759409060216
3223,2404301,417315.0,3385530.0,30,60,3,3,2585.0,12.2,529,0,5,417340,3385555,527,0,5,-73.69,559,25.0,25.0,35.35533905932738,-2,-15.0,-32,6,0,42.14814028767995
3224,2404301,417315.0,3385530.0,30,60,3,3,2585.0,12.2,529,0,5,417425,3385480,524,0,5,-91.38,559,110.0,-50.0,120.83045973594572,-5,54.44395478041656,-35,6,0,16.15429698487637
3225,2404301,417315.0,3385530.0,30,60,3,3,2585.0,12.2,529,0,5,417305,3385600,530,0,5,-81.03,559,-10.0,70.0,70.71067811865476,1,291.86989764584405,-29,6,0,22.29960977122154
3226,2404301,417315.0,3385530.0,30,60,3,3,2585.0,12.2,529,0,5,417350,3385545,526,0,5,-73.32,559,35.0,15.0,38.07886552931954,-3,6.801409486351815,-33,6,0,40.912936658506624
3227,2404301,417315.0,3385530.0,30,60,3,3,2585.0,12.2,529,0,5,417360,3385495,525,0,5,-91.8,559,45.0,-35.0,57.0087712549569,-4,67.8749836510982,-34,6,0,30.811827213450844
3228,2404301,417315.0,3385530.0,30,60,3,3,2585.0,12.2,529,0,5,417310,3385585,530,0,5,-77.13,559,-5.0,55.0,55.226805085936306,1,294.8055710922652,-29,6,0,27.70429328050261
3229,2404301,417315.0,3385530.0,30,60,3,3,2585.0,12.2,529,0,5,417345,3385560,527,0,5,-69.57,559,30.0,30.0,42.42640687119285,-2,-15.0,-32,6,0,37.025323467622584
3230,2404301,417315.0,3385530.0,30,60,3,3,2585.0,12.2,529,0,5,417285,3385580,531,0,5,-88.33,559,-30.0,50.0,58.309518948453004,2,269.03624346792645,-28,6,0,25.650134005257883
3231,2404301,417315.0,3385530.0,30,60,3,3,2585.0,12.2,529,0,5,417295,3385570,531,0,5,-77.33,559,-20.0,40.0,44.721359549995796,2,273.434948822922,-28,6,0,32.05064263526879
3232,2404301,417315.0,3385530.0,30,60,3,3,2585.0,12.2,529,0,5,417375,3385490,525,0,5,-80.5,559,60.0,-40.0,72.11102550927978,-4,63.69006752597977,-34,6,0,25.24365100841065
3233,2404301,417315.0,3385530.0,30,60,3,3,2585.0,12.2,529,0,5,417325,3385540,528,0,10,-72.52,559,10.0,10.0,14.142135623730951,-1,-15.0,-31,6,0,65.47762683749139
3234,2404301,417315.0,3385530.0,30,60,3,3,2585.0,12.2,529,0,5,417280,3385575,532,0,5,-89.56,559,-35.0,45.0,57.0087712549569,3,262.1250163489018,-27,6,0,25.342765357770023
3235,2404301,417315.0,3385530.0,30,60,3,3,2585.0,12.2,529,0,5,417460,3385435,524,0,5,-93.5,559,145.0,-95.0,173.34935823359717,-5,63.23171106797935,-35,6,0,11.41481191689552
3236,2404301,417315.0,3385530.0,30,60,3,3,2585.0,12.2,529,0,5,417365,3385500,525,0,5,-94.13,559,50.0,-30.0,58.309518948453004,-4,60.96375653207349,-34,6,0,30.24625565345472
3237,2404301,417315.0,3385530.0,30,60,3,3,2585.0,12.2,529,0,5,417755,3385415,525,0,10,-105.0,559,440.0,-115.0,454.78016667396565,-4,44.64737527236298,-34,6,0,4.2755585374797125
3238,2404301,417315.0,3385530.0,30,60,3,3,2585.0,12.2,529,0,5,417650,3385360,521,0,5,-94.33,559,335.0,-170.0,375.6660751252367,-8,56.906093455936855,-38,6,0,5.776031265532485
3239,2404301,417315.0,3385530.0,30,60,3,3,2585.0,12.2,529,0,5,417745,3385405,524,0,10,-103.14,559,430.0,-125.0,447.8001786511479,-5,46.209024927808,-35,6,0,4.469144362767739
3240,2404301,417315.0,3385530.0,30,60,3,3,2585.0,12.2,529,0,5,417260,3385665,530,0,6,-97.17,559,-55.0,135.0,145.7737973711325,1,277.83365417791754,-29,6,0,11.251432510402507
3241,2404301,417315.0,3385530.0,30,60,3,3,2585.0,12.2,529,0,5,417215,3385620,531,0,5,-99.5,559,-100.0,90.0,134.5362404707371,2,251.98721249581666,-28,6,0,11.756703438374927
3242,2404301,417315.0,3385530.0,30,60,3,3,2585.0,12.2,529,0,5,417240,3385645,531,0,10,-95.13,559,-75.0,115.0,137.2953021774598,2,266.88865803962796,-28,6,0,11.526828379594573
3243,2404301,417315.0,3385530.0,30,60,3,3,2585.0,12.2,529,0,5,417225,3385630,531,0,5,-96.0,559,-90.0,100.0,134.5362404707371,2,258.01278750418334,-28,6,0,11.756703438374927
3244,2404301,417315.0,3385530.0,30,60,3,3,2585.0,12.2,529,0,5,417220,3385625,531,0,5,-101.0,559,-95.0,95.0,134.35028842544403,2,255.0,-28,6,0,11.772521867387384
3245,2404301,417315.0,3385530.0,30,60,3,3,2585.0,12.2,529,0,5,417235,3385640,531,0,5,-96.0,559,-80.0,110.0,136.01470508735443,2,263.9726266148964,-28,6,0,11.632410520850689
3246,2404301,417315.0,3385530.0,30,60,3,3,2585.0,12.2,529,0,5,417245,3385650,530,0,5,-93.2,559,-70.0,120.0,138.92443989449805,1,269.74356283647074,-29,6,0,11.790978761900861
3247,2404301,417315.0,3385530.0,30,60,3,3,2585.0,12.2,529,0,5,417230,3385635,531,0,10,-101.29,559,-85.0,105.0,135.09256086106296,2,261.00900595749454,-28,6,0,11.709628077029894
3248,2404301,417315.0,3385530.0,30,60,3,3,2585.0,12.2,529,0,5,417725,3385605,533,0,6,-100.0,559,410.0,75.0,416.80331092734855,4,19.6336773965495,-26,6,0,3.5694594927966645
3249,2404301,417315.0,3385530.0,30,60,3,3,2585.0,12.2,529,0,5,417220,3385680,529,0,5,-97.0,559,-95.0,150.0,177.55280904564702,0,267.652556500558,-30,6,0,9.590334006159532
3250,2404301,417315.0,3385530.0,30,60,3,3,2585.0,12.2,529,0,5,417210,3385650,530,0,5,-105.29,559,-105.0,120.0,159.45218719101973,1,258.81407483429035,-29,6,0,10.307870212008858
3251,2404301,417315.0,3385530.0,30,60,3,3,2585.0,12.2,529,0,5,417275,3385625,531,0,5,-85.16,559,-40.0,95.0,103.07764064044152,2,277.16634582208246,-28,6,0,15.197114052501222
3252,2404301,417315.0,3385530.0,30,60,3,3,2585.0,12.2,529,0,5,417250,3385610,532,0,5,-89.57,559,-65.0,80.0,103.07764064044152,3,260.9061411137705,-27,6,0,14.678200750229038
3253,2404301,417315.0,3385530.0,30,60,3,3,2585.0,12.2,529,0,5,417215,3385645,530,0,5,-101.2,559,-100.0,115.0,152.3975065412817,1,258.99091309842976,-29,6,0,10.774104120584312
3254,2404301,417315.0,3385530.0,30,60,3,3,2585.0,12.2,529,0,5,417130,3385730,528,0,5,-100.0,559,-185.0,200.0,272.44265451650557,-1,257.23117460803127,-31,6,0,6.491504587278962
3255,2404301,417315.0,3385530.0,30,60,3,3,2585.0,12.2,529,0,5,417270,3385630,531,0,5,-84.4,559,-45.0,100.0,109.65856099730654,2,275.77225468204585,-28,6,0,14.323735114102838
3256,2404301,417315.0,3385530.0,30,60,3,3,2585.0,12.2,529,0,5,417165,3385695,528,0,10,-101.67,559,-150.0,165.0,222.9910312097776,-1,257.7263109939063,-31,6,0,7.914478786364806
3257,2404301,417315.0,3385530.0,30,60,3,3,2585.0,12.2,529,0,5,417245,3385615,532,0,5,-103.6,559,-70.0,85.0,110.11357772772621,3,260.5275401516562,-27,6,0,13.777184442434617
3258,2404301,417315.0,3385530.0,30,60,3,3,2585.0,12.2,529,0,5,417235,3385665,530,0,5,-91.0,559,-80.0,135.0,156.92354826475216,1,269.34933204294714,-29,6,0,10.470324318602563
3259,2404301,417315.0,3385530.0,30,60,3,3,2585.0,12.2,529,0,5,417175,3385685,528,0,10,-95.0,559,-140.0,155.0,208.86598574205422,-1,257.9108378261678,-31,6,0,8.442239497879305
3260,2404301,417315.0,3385530.0,30,60,3,3,2585.0,12.2,529,0,5,417240,3385620,531,0,5,-99.0,559,-75.0,90.0,117.15374513859982,2,260.1944289077348,-28,6,0,13.441663649008428
3261,2404301,417315.0,3385530.0,30,60,3,3,2585.0,12.2,529,0,5,417265,3385635,531,0,5,-90.5,559,-50.0,105.0,116.29703349613007,2,274.5366549381284,-28,6,0,13.537051299349923
3262,2404301,417315.0,3385530.0,30,60,3,3,2585.0,12.2,529,0,5,417260,3385640,531,0,5,-94.15,559,-55.0,110.0,122.98373876248843,2,273.434948822922,-28,6,0,12.826037697988008
3263,2404301,417315.0,3385530.0,30,60,3,3,2585.0,12.2,529,0,5,417255,3385605,532,0,5,-94.0,559,-60.0,75.0,96.04686356149273,3,261.3401917459099,-27,6,0,15.70135130372849
3264,2404301,417315.0,3385530.0,30,60,3,3,2585.0,12.2,529,0,5,417215,3385610,531,102,5,-102.33,559,-100.0,80.0,128.06248474865697,2,248.65980825409008,-28,6,0,12.333251044177262
3265,2404301,417315.0,3385530.0,30,60,3,3,2585.0,12.2,529,0,5,417220,3385635,531,0,5,-100.75,559,-95.0,105.0,141.59802258506295,2,257.8624052261117,-28,6,0,11.185528892774697
3266,2404301,417315.0,3385530.0,30,60,3,3,2585.0,12.2,529,0,5,417230,3385625,531,0,5,-100.6,559,-85.0,95.0,127.47548783981962,2,258.1798301198642,-28,6,0,12.388293283122257
3267,2404301,417315.0,3385530.0,30,60,3,3,2585.0,12.2,529,0,5,417235,3385630,531,0,5,-100.71,559,-80.0,100.0,128.06248474865697,2,261.3401917459099,-28,6,0,12.333251044177262
3268,2404301,417315.0,3385530.0,30,60,3,3,2585.0,12.2,529,0,5,417250,3385645,531,0,5,-93.27,559,-65.0,115.0,132.09844813622905,2,270.52411099675425,-28,6,0,11.96746450080881
3269,2404301,417315.0,3385530.0,30,60,3,3,2585.0,12.2,529,0,5,417225,3385640,531,0,10,-98.0,559,-90.0,110.0,142.12670403551894,2,260.71059313749964,-28,6,0,11.144964563053405
3270,2404301,417315.0,3385530.0,30,60,3,3,2585.0,12.2,529,0,5,417270,3385665,530,0,6,-96.0,559,-45.0,135.0,142.30249470757707,1,281.565051177078,-29,6,0,11.518646020874137
3271,2404301,417315.0,3385530.0,30,60,3,3,2585.0,12.2,529,0,5,417245,3385660,530,0,5,-96.43,559,-70.0,130.0,147.648230602334,1,271.6992442339936,-29,6,0,11.11216957570159
3272,2404301,417315.0,3385530.0,30,60,3,3,2585.0,12.2,529,0,5,417240,3385655,530,0,5,-94.17,559,-75.0,125.0,145.7737973711325,1,269.03624346792645,-29,6,0,11.251432510402507
3273,2404301,417315.0,3385530.0,30,60,3,3,2585.0,12.2,529,0,5,417265,3385680,530,0,6,-92.0,559,-50.0,150.0,158.11388300841898,1,281.565051177078,-29,6,0,10.393224235526036
3274,2404301,417315.0,3385530.0,30,60,3,3,2585.0,12.2,529,0,5,417675,3385530,530,0,5,-103.5,559,360.0,0.0,360.0,1,30.0,-29,6,0,4.605548425772854
3275,2404301,417315.0,3385530.0,30,60,3,3,2585.0,12.2,529,0,5,417680,3385515,530,0,5,-103.0,559,365.0,-15.0,365.3080891521566,1,32.35329686610828,-29,6,0,4.538909433190886
3276,2404301,417315.0,3385530.0,30,60,3,3,2585.0,12.2,529,0,5,417670,3385525,530,0,5,-103.0,559,355.0,-5.0,355.0352095215346,1,30.806929455102363,-29,6,0,4.66966926185119
3277,2404301,417315.0,3385530.0,30,60,3,3,2585.0,12.2,529,0,5,417085,3385750,528,0,5,-91.0,559,-230.0,220.0,318.27660925679095,-1,253.7269699799433,-31,6,0,5.563036122760409
3278,2404301,417315.0,3385530.0,30,60,3,3,2585.0,12.2,529,0,5,417240,3385580,532,0,5,-105.0,559,-75.0,50.0,90.13878188659973,3,243.69006752597977,-27,6,0,16.674961718230765
3279,2404301,417315.0,3385530.0,30,60,3,3,2585.0,12.2,529,0,5,417215,3385525,533,0,10,-82.5,559,-100.0,-5.0,100.12492197250393,4,207.13759477388828,-26,6,0,14.556805412920152
3280,2404301,417315.0,3385530.0,30,60,3,3,2585.0,12.2,529,0,5,417270,3385590,532,0,10,-88.4,559,-45.0,60.0,75.0,3,263.13010235415595,-27,6,0,19.798876354524932
3281,2404301,417315.0,3385530.0,30,60,3,3,2585.0,12.2,529,0,5,417260,3385600,532,0,5,-94.11,559,-55.0,70.0,89.02246907382428,3,261.84277341263095,-27,6,0,16.872247124264465
3282,2404301,417315.0,3385530.0,30,60,3,3,2585.0,12.2,529,0,5,417255,3385565,532,102,5,-92.0,559,-60.0,35.0,69.46221994724903,3,240.25643716352926,-27,6,0,21.24112925514401
3283,2404301,417315.0,3385530.0,30,60,3,3,2585.0,12.2,529,0,5,417220,3385560,532,0,5,-95.67,559,-95.0,30.0,99.62429422585637,3,227.52556837372288,-27,6,0,15.163937489891369
3284,2404301,417315.0,3385530.0,30,60,3,3,2585.0,12.2,529,0,5,417275,3385585,532,0,5,-89.0,559,-40.0,55.0,68.00735254367721,3,263.9726266148964,-27,6,0,21.653864394258914
3285,2404301,417315.0,3385530.0,30,60,3,3,2585.0,12.2,529,0,5,417245,3385575,532,0,5,-91.0,559,-70.0,45.0,83.21658488546619,3,242.73522627210758,-27,6,0,17.97589097383862
3286,2404301,417315.0,3385530.0,30,60,3,3,2585.0,12.2,529,0,5,417250,3385570,532,0,5,-100.5,559,-65.0,40.0,76.32168761236873,3,241.60750224624888,-27,6,0,19.482035915929306
3287,2404301,417315.0,3385530.0,30,60,3,3,2585.0,12.2,529,0,5,417265,3385595,532,0,10,-90.0,559,-50.0,65.0,82.00609733428362,3,262.4314079711725,-27,6,0,18.223809599704666
3288,2404301,417315.0,3385530.0,30,60,3,3,2585.0,12.2,529,0,5,417210,3385530,533,0,5,-96.0,559,-105.0,0.0,105.0,4,210.0,-26,6,0,13.907777809854698
3289,2404301,417315.0,3385530.0,30,60,3,3,2585.0,12.2,529,0,5,417395,3385505,524,0,5,-85.4,559,80.0,-25.0,83.81527307120105,-5,47.35402463626133,-35,6,0,22.664682957540414
3290,2404301,417315.0,3385530.0,30,60,3,3,2585.0,12.2,529,0,5,417320,3385540,528,0,5,-72.0,559,5.0,10.0,11.180339887498949,-1,-33.434948822922024,-31,6,0,70.16785049310396
3291,2404301,417315.0,3385530.0,30,60,3,3,2585.0,12.2,529,0,5,417335,3385525,526,0,10,-73.0,559,20.0,-5.0,20.615528128088304,-3,44.03624346792651,-33,6,0,58.00644422495706
3292,2404301,417315.0,3385530.0,30,60,3,3,2585.0,12.2,529,0,5,417420,3385480,524,0,5,-95.5,559,105.0,-50.0,116.29703349613007,-5,55.46334506187162,-35,6,0,16.74935206693702
3293,2404301,417315.0,3385530.0,30,60,3,3,2585.0,12.2,529,0,5,417405,3385455,525,0,5,-104.5,559,90.0,-75.0,117.15374513859982,-4,69.80557109226521,-34,6,0,16.18362320614866
3294,2404301,417315.0,3385530.0,30,60,3,3,2585.0,12.2,529,0,5,417290,3385570,531,0,5,-86.0,559,-25.0,40.0,47.16990566028302,2,267.9946167919165,-28,6,0,30.693317587413844
3295,2404301,417315.0,3385530.0,30,60,3,3,2585.0,12.2,529,0,5,417295,3385565,531,0,5,-81.75,559,-20.0,35.0,40.311288741492746,2,270.2551187030578,-28,6,0,34.783631813339106
3296,2404301,417315.0,3385530.0,30,60,3,3,2585.0,12.2,529,0,5,417410,3385450,525,102,5,-107.17,559,95.0,-80.0,124.19742348374221,-4,70.10090754621228,-34,6,0,15.310055696743694
3297,2404301,417315.0,3385530.0,30,60,3,3,2585.0,12.2,529,0,5,417310,3385590,530,0,5,-73.0,559,-5.0,60.0,60.207972893961475,1,295.23635830927384,-29,6,0,25.718432563872085
3298,2404301,417315.0,3385530.0,30,60,3,3,2585.0,12.2,529,0,5,417340,3385560,527,0,5,-72.73,559,25.0,30.0,39.05124837953327,-2,-20.19442890773479,-32,6,0,39.33242594169991
3299,2404301,417315.0,3385530.0,30,60,3,3,2585.0,12.2,529,0,5,417360,3385500,525,0,5,-90.07,559,45.0,-30.0,54.08326913195984,-4,63.69006752597977,-34,6,0,32.155941689913845
3300,2404301,417315.0,3385530.0,30,60,3,3,2585.0,12.2,529,0,5,417355,3385545,525,0,5,-72.47,559,40.0,15.0,42.720018726587654,-4,9.443954780416561,-34,6,0,38.51557353507417
3301,2404301,417315.0,3385530.0,30,60,3,3,2585.0,12.2,529,0,5,417325,3385535,528,0,10,-74.03,559,10.0,5.0,11.180339887498949,-1,3.434948822922024,-31,6,0,70.16785049310396
3302,2404301,417315.0,3385530.0,30,60,3,3,2585.0,12.2,529,0,5,417280,3385580,532,0,5,-91.75,559,-35.0,50.0,61.032778078668514,3,265.00797980144137,-27,6,0,23.863891088475246
3303,2404301,417315.0,3385530.0,30,60,3,3,2585.0,12.2,529,0,5,417430,3385470,524,0,5,-98.67,559,115.0,-60.0,129.71121771072848,-5,57.55281157671777,-35,6,0,15.100505381210606
3304,2404301,417315.0,3385530.0,30,60,3,3,2585.0,12.2,529,0,5,417435,3385465,524,0,5,-104.57,559,120.0,-65.0,136.4734406395618,-5,58.44292862436333,-35,6,0,14.384077268687058
3305,2404301,417315.0,3385530.0,30,60,3,3,2585.0,12.2,529,0,5,417315,3385585,529,0,6,-73.46,559,0.0,55.0,55.0,0,-60.0,-30,6,0,28.61045966596522
3306,2404301,417315.0,3385530.0,30,60,3,3,2585.0,12.2,529,0,5,417350,3385550,526,0,5,-74.05,559,35.0,20.0,40.311288741492746,-3,0.2551187030578035,-33,6,0,39.30475962751802
3307,2404301,417315.0,3385530.0,30,60,3,3,2585.0,12.2,529,0,5,417300,3385600,531,0,5,-81.36,559,-15.0,70.0,71.58910531638176,2,287.9052429229879,-28,6,0,21.361509871771506
3308,2404301,417315.0,3385530.0,30,60,3,3,2585.0,12.2,529,0,5,417370,3385490,525,0,5,-91.2,559,55.0,-40.0,68.00735254367721,-4,66.0273733851036,-34,6,0,26.56257333422957
3309,2404301,417315.0,3385530.0,30,60,3,3,2585.0,12.2,529,0,5,417345,3385555,526,0,5,-73.79,559,30.0,25.0,39.05124837953327,-3,-9.805571092265211,-33,6,0,40.199260890298966
3310,2404301,417315.0,3385530.0,30,60,3,3,2585.0,12.2,529,0,5,417385,3385515,524,0,5,-80.4,559,70.0,-15.0,71.58910531638176,-5,42.094757077012105,-35,6,0,26.054064937232678
3311,2404301,417315.0,3385530.0,30,60,3,3,2585.0,12.2,529,0,5,417330,3385530,527,0,10,-80.42,559,15.0,0.0,15.0,-2,30.0,-32,6,0,64.88516511385544
3312,2404301,417315.0,3385530.0,30,60,3,3,2585.0,12.2,529,0,5,417365,3385495,525,0,5,-94.44,559,50.0,-35.0,61.032778078668514,-4,64.99202019855869,-34,6,0,29.121204770450056
3313,2404301,417315.0,3385530.0,30,60,3,3,2585.0,12.2,529,0,5,417390,3385510,524,0,5,-85.5,559,75.0,-20.0,77.62087348130012,-5,44.931417178137565,-35,6,0,24.2710723038448
3314,2404301,417315.0,3385530.0,30,60,3,3,2585.0,12.2,529,0,5,417425,3385475,524,0,5,-88.0,559,110.0,-55.0,122.98373876248843,-5,56.565051177077976,-35,6,0,15.885847955424136
3315,2404301,417315.0,3385530.0,30,60,3,3,2585.0,12.2,529,0,5,417380,3385520,524,0,10,-82.11,559,65.0,-10.0,65.76473218982953,-5,38.74616226255523,-35,6,0,28.0219145167851
3316,2404301,417315.0,3385530.0,30,60,3,3,2585.0,12.2,529,0,5,417305,3385595,530,0,5,-81.14,559,-10.0,65.0,65.76473218982953,1,291.25383773744477,-29,6,0,23.795840440934278
3317,2404301,417315.0,3385530.0,30,60,3,3,2585.0,12.2,529,0,5,417375,3385485,525,0,5,-91.6,559,60.0,-45.0,75.0,-4,66.86989764584405,-34,6,0,24.38637110180139
3318,2404301,417315.0,3385530.0,30,60,3,3,2585.0,12.2,529,0,5,417375,3385495,525,0,5,-87.5,559,60.0,-35.0,69.46221994724903,-4,60.256437163529256,-34,6,0,26.080579259343303
3319,2404301,417315.0,3385530.0,30,60,3,3,2585.0,12.2,529,0,5,417290,3385580,531,0,5,-80.6,559,-25.0,50.0,55.90169943749474,2,273.434948822922,-28,6,0,26.60533779723496
3320,2404301,417315.0,3385530.0,30,60,3,3,2585.0,12.2,529,0,5,417400,3385450,525,0,5,-91.75,559,85.0,-80.0,116.72617529928752,-4,73.26429541107166,-34,6,0,16.239784966853986
3321,2404301,417315.0,3385530.0,30,60,3,3,2585.0,12.2,529,0,5,417420,3385470,524,0,5,-95.67,559,105.0,-60.0,120.93386622447825,-5,59.74488129694225,-35,6,0,16.141203598657285
3322,2404301,417315.0,3385530.0,30,60,3,3,2585.0,12.2,529,0,5,417340,3385550,527,0,5,-71.81,559,25.0,20.0,32.01562118716424,-2,-8.65980825409008,-32,6,0,44.986018598880534
3323,2404301,417315.0,3385530.0,30,60,3,3,2585.0,12.2,529,0,5,417345,3385545,526,0,5,-72.0,559,30.0,15.0,33.54101966249684,-3,3.434948822922024,-33,6,0,44.53416012536895
3324,2404301,417315.0,3385530.0,30,60,3,3,2585.0,12.2,529,0,5,417315,3385595,530,0,5,-71.78,559,0.0,65.0,65.0,1,-60.0,-29,6,0,24.044223269367816
3325,2404301,417315.0,3385530.0,30,60,3,3,2585.0,12.2,529,0,5,417430,3385480,524,0,5,-92.0,559,115.0,-50.0,125.39936203984452,-5,53.498565675952136,-35,6,0,15.594857985332482
3326,2404301,417315.0,3385530.0,30,60,3,3,2585.0,12.2,529,0,5,417285,3385565,531,0,5,-85.0,559,-30.0,35.0,46.09772228646444,2,259.3987053549955,-28,6,0,31.274716520909678
3327,2404301,417315.0,3385530.0,30,60,3,3,2585.0,12.2,529,0,5,417435,3385475,524,0,5,-97.13,559,120.0,-55.0,132.00378782444085,-5,54.62356478616363,-35,6,0,14.849931000000733
3328,2404301,417315.0,3385530.0,30,60,3,3,2585.0,12.2,529,0,5,417310,3385600,530,0,5,-75.0,559,-5.0,70.0,70.178344238091,1,295.9143832200251,-29,6,0,22.452023584249964
3329,2404301,417315.0,3385530.0,30,60,3,3,2585.0,12.2,529,0,5,417415,3385455,525,0,5,-110.78,559,100.0,-75.0,125.0,-4,66.86989764584405,-34,6,0,15.216326712022974
3330,2404301,417315.0,3385530.0,30,60,3,3,2585.0,12.2,529,0,5,417390,3385520,524,0,10,-79.68,559,75.0,-10.0,75.66372975210778,-5,37.59464336859145,-35,6,0,24.82398776281814
3331,2404301,417315.0,3385530.0,30,60,3,3,2585.0,12.2,529,0,5,417320,3385530,528,0,10,-74.09,559,5.0,0.0,5.0,-1,30.0,-31,6,0,80.8376529542783
3332,2404301,417315.0,3385530.0,30,60,3,3,2585.0,12.2,529,0,5,417350,3385560,526,0,5,-72.96,559,35.0,30.0,46.09772228646444,-3,-10.601294645004486,-33,6,0,35.597758484625814
3333,2404301,417315.0,3385530.0,30,60,3,3,2585.0,12.2,529,0,5,417330,3385540,527,0,5,-78.91,559,15.0,10.0,18.027756377319946,-2,-3.690067525979771,-32,6,0,60.60450796853388
3334,2404301,417315.0,3385530.0,30,60,3,3,2585.0,12.2,529,0,5,417295,3385575,531,0,5,-81.38,559,-20.0,45.0,49.24428900898052,2,276.0375110254218,-28,6,0,29.62229403472601
3335,2404301,417315.0,3385530.0,30,60,3,3,2585.0,12.2,529,0,5,417370,3385500,525,0,5,-94.33,559,55.0,-30.0,62.64982043070834,-4,58.61045966596521,-34,6,0,28.488643256199037
3336,2404301,417315.0,3385530.0,30,60,3,3,2585.0,12.2,529,0,5,417395,3385515,524,0,5,-81.11,559,80.0,-15.0,81.39410298049853,-5,40.61965527615513,-35,6,0,23.26802307111756
3337,2404301,417315.0,3385530.0,30,60,3,3,2585.0,12.2,529,0,5,417305,3385585,530,0,5,-77.61,559,-10.0,55.0,55.90169943749474,1,289.695153531234,-29,6,0,27.418829344151995
3338,2404301,417315.0,3385530.0,30,60,3,3,2585.0,12.2,529,0,5,417325,3385525,527,0,10,-77.36,559,10.0,-5.0,11.180339887498949,-2,56.565051177077976,-32,6,0,70.74131951542685
3339,2404301,417315.0,3385530.0,30,60,3,3,2585.0,12.2,529,0,5,417360,3385490,525,0,5,-97.46,559,45.0,-40.0,60.207972893961475,-4,71.63353933657015,-34,6,0,29.453819590145233
3340,2404301,417315.0,3385530.0,30,60,3,3,2585.0,12.2,529,0,5,417335,3385535,527,0,5,-69.9,559,20.0,5.0,20.615528128088304,-2,15.963756532073546,-32,6,0,57.20893816702037
3341,2404301,417315.0,3385530.0,30,60,3,3,2585.0,12.2,529,0,5,417355,3385555,526,0,5,-72.5,559,40.0,25.0,47.16990566028302,-3,-2.005383208083515,-33,6,0,34.97658206630325
3342,2404301,417315.0,3385530.0,30,60,3,3,2585.0,12.2,529,0,5,417280,3385570,532,0,5,-97.67,559,-35.0,40.0,53.150729063673246,3,258.81407483429035,-27,6,0,26.93008080723923
3343,2404301,417315.0,3385530.0,30,60,3,3,2585.0,12.2,529,0,5,417300,3385590,530,0,5,-78.94,559,-15.0,60.0,61.84658438426491,1,285.96375653207355,-29,6,0,25.12198434837374
3344,2404301,417315.0,3385530.0,30,60,3,3,2585.0,12.2,529,0,5,417385,3385505,524,0,5,-85.17,559,70.0,-25.0,74.33034373659252,-5,49.65382405805332,-35,6,0,25.214384019224813
3345,2404301,417315.0,3385530.0,30,60,3,3,2585.0,12.2,529,0,5,417380,3385510,524,0,5,-83.57,559,65.0,-20.0,68.00735254367721,-5,47.10272896905235,-35,6,0,27.232626066717298
3346,2404301,417315.0,3385530.0,30,60,3,3,2585.0,12.2,529,0,5,417425,3385465,524,0,5,-95.0,559,110.0,-65.0,127.76932339180638,-5,60.579226872489016,-35,6,0,15.319301775149327
3347,2404301,417315.0,3385530.0,30,60,3,3,2585.0,12.2,529,0,5,417410,3385460,525,0,5,-95.5,559,95.0,-70.0,118.00423721205946,-4,66.38435181583588,-34,6,0,16.073026813629813
3348,2404301,417315.0,3385530.0,30,60,3,3,2585.0,12.2,529,0,5,417365,3385485,525,0,5,-90.4,559,50.0,-45.0,67.26812023536856,-4,71.98721249581666,-34,6,0,26.813860322916273
3349,2404301,417315.0,3385530.0,30,60,3,3,2585.0,12.2,529,0,5,417395,3385435,526,0,5,-85.5,559,80.0,-95.0,124.19742348374221,-3,79.89909245378777,-33,6,0,14.88001674300165
3350,2404301,417315.0,3385530.0,30,60,3,3,2585.0,12.2,529,0,5,417575,3385535,527,0,5,-113.0,559,260.0,5.0,260.0480724789169,-2,28.898293884793645,-32,6,0,7.0152175998968405
3351,2404301,417315.0,3385530.0,30,60,3,3,2585.0,12.2,529,0,5,417445,3385485,523,0,5,-92.0,559,130.0,-45.0,137.56816492197603,-6,49.09349200048564,-36,6,0,14.664794390382097
3352,2404301,417315.0,3385530.0,30,60,3,3,2585.0,12.2,529,0,5,417525,3385565,527,0,5,-107.0,559,210.0,35.0,212.8966885604377,-2,20.537677791974374,-32,6,0,8.548003746672178
3353,2404301,417315.0,3385530.0,30,60,3,3,2585.0,12.2,529,0,5,417375,3385415,527,0,5,-89.0,559,60.0,-115.0,129.71121771072848,-2,92.44718842328223,-32,6,0,13.858252816753037
3354,2404301,417315.0,3385530.0,30,60,3,3,2585.0,12.2,529,0,5,417465,3385505,524,0,5,-97.0,559,150.0,-25.0,152.0690632574555,-5,39.462322208025626,-35,6,0,12.96139380155953
3355,2404301,417315.0,3385530.0,30,60,3,3,2585.0,12.2,529,0,5,417480,3385450,524,0,6,-116.0,559,165.0,-80.0,183.3712082089225,-5,55.866356794094486,-35,6,0,10.80605109505234
3356,2404301,417315.0,3385530.0,30,60,3,3,2585.0,12.2,529,0,5,417485,3385445,524,0,6,-86.5,559,170.0,-85.0,190.06577808748213,-5,56.565051177077976,-35,6,0,10.433942488838257
3357,2404301,417315.0,3385530.0,30,60,3,3,2585.0,12.2,529,0,5,417460,3385510,523,0,5,-95.5,559,145.0,-20.0,146.37281168304446,-6,37.85331330197823,-36,6,0,13.817493107137208
3358,2404301,417315.0,3385530.0,30,60,3,3,2585.0,12.2,529,0,5,417455,3385495,523,0,7,-92.13,559,140.0,-35.0,144.30869689661813,-6,44.03624346792651,-36,6,0,14.007401288407216
3359,2404301,417315.0,3385530.0,30,60,3,3,2585.0,12.2,529,0,5,417505,3385465,524,0,6,-97.5,559,190.0,-65.0,200.81085628023203,-5,48.88608736970929,-35,6,0,9.886956708009441
3360,2404301,417315.0,3385530.0,30,60,3,3,2585.0,12.2,529,0,5,417450,3385500,523,0,5,-88.79,559,135.0,-30.0,138.2931668593933,-6,42.52880770915152,-36,6,0,14.591203407659629
3361,2404301,417315.0,3385530.0,30,60,3,3,2585.0,12.2,529,0,5,417490,3385460,524,0,6,-95.5,559,175.0,-70.0,188.48076824970764,-5,51.801409486351815,-35,6,0,10.519734890658619
3362,2404301,417315.0,3385530.0,30,60,3,3,2585.0,12.2,529,0,5,417440,3385490,524,0,5,-94.33,559,125.0,-40.0,131.24404748406687,-5,47.744671625056924,-35,6,0,14.932064136727819
3363,2404301,417315.0,3385530.0,30,60,3,3,2585.0,12.2,529,0,5,417540,3385590,528,0,5,-105.33,559,225.0,60.0,232.86262044390037,-1,15.068582821862435,-31,6,0,7.582954493524861
3364,2404301,417315.0,3385530.0,30,60,3,3,2585.0,12.2,529,0,5,417385,3385425,526,0,5,-96.6,559,70.0,-105.0,126.19429464123962,-3,86.30993247402023,-33,6,0,14.654770072190571
3365,2404301,417315.0,3385530.0,30,60,3,3,2585.0,12.2,529,0,5,417545,3385585,528,0,5,-108.0,559,230.0,55.0,236.48467180770933,-1,16.551384948313512,-31,6,0,7.468133297897308
3366,2404301,417315.0,3385530.0,30,60,3,3,2585.0,12.2,529,0,5,417475,3385515,524,0,6,-96.67,559,160.0,-15.0,160.70158679988197,-5,35.3558250428552,-35,6,0,12.286857444246747
3367,2404301,417315.0,3385530.0,30,60,3,3,2585.0,12.2,529,0,5,417370,3385420,527,0,10,-82.5,559,55.0,-110.0,122.98373876248843,-2,93.43494882292202,-32,6,0,14.584788308628655
3368,2404301,417315.0,3385530.0,30,60,3,3,2585.0,12.2,529,0,5,417380,3385430,526,0,5,-105.5,559,65.0,-100.0,119.26860441876563,-3,86.97613244420336,-33,6,0,15.466042303134916
3369,2404301,417315.0,3385530.0,30,60,3,3,2585.0,12.2,529,0,5,417470,3385520,524,0,6,-96.5,559,155.0,-10.0,155.32224567009067,-5,33.69138598645128,-35,6,0,12.698813496744076
3370,2404301,417315.0,3385530.0,30,60,3,3,2585.0,12.2,529,0,5,417335,3385460,528,102,5,-91.0,559,20.0,-70.0,72.80109889280519,-1,104.0546040990771,-31,6,0,23.065165678927276
3371,2404301,417315.0,3385530.0,30,60,3,3,2585.0,12.2,529,0,5,417375,3385580,526,0,6,-77.43,559,60.0,50.0,78.10249675906654,-3,-9.805571092265211,-33,6,0,22.905112974311557
3372,2404301,417315.0,3385530.0,30,60,3,3,2585.0,12.2,529,0,5,417435,3385560,525,0,6,-92.0,559,120.0,30.0,123.69316876852982,-4,15.963756532073546,-34,6,0,15.36952380130432
3373,2404301,417315.0,3385530.0,30,60,3,3,2585.0,12.2,529,0,5,417350,3385475,526,0,5,-92.84,559,35.0,-55.0,65.19202405202648,-3,87.52880770915152,-33,6,0,26.848391166085545
3374,2404301,417315.0,3385530.0,30,60,3,3,2585.0,12.2,529,0,5,417340,3385465,527,102,5,-93.86,559,25.0,-65.0,69.6419413859206,-2,98.96248897457815,-32,6,0,24.67846039083891
3375,2404301,417315.0,3385530.0,30,60,3,3,2585.0,12.2,529,0,5,417355,3385480,526,0,5,-83.5,559,40.0,-50.0,64.03124237432849,-3,81.34019174590992,-33,6,0,27.265374939103122
3376,2404301,417315.0,3385530.0,30,60,3,3,2585.0,12.2,529,0,5,417390,3385595,527,0,6,-90.2,559,75.0,65.0,99.24716620639605,-2,-10.914383220025115,-32,6,0,17.870740477677337
3377,2404301,417315.0,3385530.0,30,60,3,3,2585.0,12.2,529,0,5,417420,3385545,524,0,5,-84.2,559,105.0,15.0,106.06601717798213,-5,21.86989764584405,-35,6,0,18.26202006677648
3378,2404301,417315.0,3385530.0,30,60,3,3,2585.0,12.2,529,0,5,417425,3385550,525,0,6,-90.0,559,110.0,20.0,111.80339887498948,-4,19.695153531233984,-34,6,0,16.914791607260977
3379,2404301,417315.0,3385530.0,30,60,3,3,2585.0,12.2,529,0,5,417285,3385490,531,0,10,-88.81,559,-30.0,-40.0,50.0,2,156.86989764584402,-28,6,0,29.248826336546973
3380,2404301,417315.0,3385530.0,30,60,3,3,2585.0,12.2,529,0,5,417345,3385470,527,0,5,-99.92,559,30.0,-60.0,67.08203932499369,-2,93.43494882292202,-32,6,0,25.50244125286558
3381,2404301,417315.0,3385530.0,30,60,3,3,2585.0,12.2,529,0,5,417305,3385510,529,0,10,-79.86,559,-10.0,-20.0,22.360679774997898,0,146.565051177078,-30,6,0,53.30077479951012
3382,2404301,417315.0,3385530.0,30,60,3,3,2585.0,12.2,529,0,5,417365,3385570,526,0,5,-69.15,559,50.0,40.0,64.03124237432849,-3,-8.65980825409008,-33,6,0,27.265374939103122
3383,2404301,417315.0,3385530.0,30,60,3,3,2585.0,12.2,529,0,5,417415,3385540,524,0,5,-84.5,559,100.0,10.0,100.4987562112089,-5,24.289406862500357,-35,6,0,19.20133738183975
3384,2404301,417315.0,3385530.0,30,60,3,3,2585.0,12.2,529,0,5,417280,3385485,531,0,5,-83.83,559,-35.0,-45.0,57.0087712549569,2,157.87498365109818,-28,6,0,26.158077768401146
3385,2404301,417315.0,3385530.0,30,60,3,3,2585.0,12.2,529,0,5,417595,3385400,522,0,5,-91.25,559,280.0,-130.0,308.70698080866265,-7,54.904768808095184,-37,6,0,6.834569562862821
3386,2404301,417315.0,3385530.0,30,60,3,3,2585.0,12.2,529,0,5,417300,3385505,530,0,10,-83.23,559,-15.0,-25.0,29.154759474226502,1,150.96375653207352,-29,6,0,44.847526774051005
3387,2404301,417315.0,3385530.0,30,60,3,3,2585.0,12.2,529,0,5,417585,3385390,522,0,5,-95.0,559,270.0,-140.0,304.138126514911,-7,57.40757543781842,-37,6,0,6.936247607063137
3388,2404301,417315.0,3385530.0,30,60,3,3,2585.0,12.2,529,0,5,417395,3385600,527,0,6,-90.37,559,80.0,70.0,106.30145812734649,-2,-11.185925165709648,-32,6,0,16.75340636978655
3389,2404301,417315.0,3385530.0,30,60,3,3,2585.0,12.2,529,0,5,417540,3385425,523,0,5,-96.5,559,225.0,-105.0,248.29418035870273,-6,55.01689347810003,-36,6,0,8.249786922051634
3390,2404301,417315.0,3385530.0,30,60,3,3,2585.0,12.2,529,0,5,417410,3385535,524,0,5,-78.14,559,95.0,5.0,95.13148795220224,-5,26.987212495816664,-35,6,0,20.19916589942006
3391,2404301,417315.0,3385530.0,30,60,3,3,2585.0,12.2,529,0,5,417325,3385450,528,0,5,-95.2,559,10.0,-80.0,80.62257748298549,-1,112.8749836510982,-31,6,0,21.032134907624346
3392,2404301,417315.0,3385530.0,30,60,3,3,2585.0,12.2,529,0,5,417360,3385565,526,0,5,-70.07,559,45.0,35.0,57.0087712549569,-3,-7.874983651098205,-33,6,0,30.064760223154476
3393,2404301,417315.0,3385530.0,30,60,3,3,2585.0,12.2,529,0,5,417405,3385530,524,0,5,-84.29,559,90.0,0.0,90.0,-5,30.0,-35,6,0,21.25050550713324
3394,2404301,417315.0,3385530.0,30,60,3,3,2585.0,12.2,529,0,5,417590,3385395,522,0,5,-90.33,559,275.0,-135.0,306.3494736408078,-7,56.146841235580894,-37,6,0,6.8866616810327015
3395,2404301,417315.0,3385530.0,30,60,3,3,2585.0,12.2,529,0,5,417295,3385500,530,0,5,-83.95,559,-20.0,-30.0,36.05551275463989,1,153.69006752597977,-29,6,0,38.81025194718897
3396,2404301,417315.0,3385530.0,30,60,3,3,2585.0,12.2,529,0,5,417310,3385515,529,0,5,-78.06,559,-5.0,-15.0,15.811388300841896,0,138.434948822922,-30,6,0,62.208694355220786
3397,2404301,417315.0,3385530.0,30,60,3,3,2585.0,12.2,529,0,5,417290,3385495,531,0,10,-82.62,559,-25.0,-35.0,43.01162633521314,2,155.53767779197437,-28,6,0,33.06359526393374
3398,2404301,417315.0,3385530.0,30,60,3,3,2585.0,12.2,529,0,5,417320,3385445,529,0,5,-100.4,559,5.0,-85.0,85.14693182963201,0,116.63353933657015,-30,6,0,19.408998573584515
3399,2404301,417315.0,3385530.0,30,60,3,3,2585.0,12.2,529,0,5,417370,3385575,526,0,5,-77.06,559,55.0,45.0,71.06335201775947,-3,-9.289406862500357,-33,6,0,24.908947924440305
3400,2404301,417315.0,3385530.0,30,60,3,3,2585.0,12.2,529,0,5,417330,3385455,528,0,5,-86.67,559,15.0,-75.0,76.48529270389177,-1,108.69006752597977,-31,6,0,22.063041257589724
3401,2404301,417315.0,3385530.0,30,60,3,3,2585.0,12.2,529,0,5,417385,3385590,527,0,7,-77.25,559,70.0,60.0,92.19544457292888,-2,-10.601294645004486,-32,6,0,19.14131168231073
3402,2404301,417315.0,3385530.0,30,60,3,3,2585.0,12.2,529,0,5,417380,3385585,527,0,6,-76.8,559,65.0,55.0,85.14693182963201,-2,-10.23635830927384,-32,6,0,20.597271499505716
3403,2404301,417315.0,3385530.0,30,60,3,3,2585.0,12.2,529,0,5,417400,3385525,524,0,5,-82.54,559,85.0,-5.0,85.14693182963201,-5,33.36646066342979,-35,6,0,22.34531668627956
3404,2404301,417315.0,3385530.0,30,60,3,3,2585.0,12.2,529,0,5,417315,3385520,528,0,5,-74.33,559,0.0,-10.0,10.0,-1,120.0,-31,6,0,72.12130340415867
3405,2404301,417315.0,3385530.0,30,60,3,3,2585.0,12.2,529,0,5,417225,3385455,531,0,5,-84.5,559,-90.0,-75.0,117.15374513859982,2,170.1944289077348,-28,6,0,13.441663649008428
3406,2404301,417315.0,3385530.0,30,60,3,3,2585.0,12.2,529,0,5,417235,3385445,531,0,5,-86.83,559,-80.0,-85.0,116.72617529928752,2,163.2642954110716,-28,6,0,13.48910446112708
3407,2404301,417315.0,3385530.0,30,60,3,3,2585.0,12.2,529,0,5,417275,3385485,532,0,5,-82.06,559,-40.0,-45.0,60.207972893961475,3,161.6335393365702,-27,6,0,24.153638997943546
3408,2404301,417315.0,3385530.0,30,60,3,3,2585.0,12.2,529,0,5,417125,3385555,529,0,7,-111.0,559,-190.0,25.0,191.637678967368,0,217.49585763972988,-30,6,0,8.897181058150442
3409,2404301,417315.0,3385530.0,30,60,3,3,2585.0,12.2,529,0,5,417265,3385495,532,0,5,-84.22,559,-50.0,-35.0,61.032778078668514,3,175.0079798014413,-27,6,0,23.863891088475246
3410,2404301,417315.0,3385530.0,30,60,3,3,2585.0,12.2,529,0,5,417270,3385490,532,0,5,-85.78,559,-45.0,-40.0,60.207972893961475,3,168.36646066342982,-27,6,0,24.153638997943546
3411,2404301,417315.0,3385530.0,30,60,3,3,2585.0,12.2,529,0,5,417230,3385450,531,0,5,-87.33,559,-85.0,-80.0,116.72617529928752,2,166.73570458892837,-28,6,0,13.48910446112708
3412,2404301,417315.0,3385530.0,30,60,3,3,2585.0,12.2,529,0,5,417260,3385500,532,0,5,-85.0,559,-55.0,-30.0,62.64982043070834,3,181.3895403340348,-27,6,0,23.314443651498085
3413,2404301,417315.0,3385530.0,30,60,3,3,2585.0,12.2,529,0,5,417250,3385510,533,0,6,-87.0,559,-65.0,-20.0,68.00735254367721,4,192.89727103094765,-26,6,0,20.92243533367558
3414,2404301,417315.0,3385530.0,30,60,3,3,2585.0,12.2,529,0,5,417255,3385505,532,0,6,-81.67,559,-60.0,-25.0,65.0,3,187.38013505195957,-27,6,0,22.557246634705653
3415,2404301,417315.0,3385530.0,30,60,3,3,2585.0,12.2,529,0,5,417175,3385585,531,0,5,-97.5,559,-140.0,55.0,150.41608956491322,2,231.44773632710536,-28,6,0,10.54493123785676
3416,2404301,417315.0,3385530.0,30,60,3,3,2585.0,12.2,529,0,5,417245,3385515,533,0,6,-85.0,559,-70.0,-15.0,71.58910531638176,4,197.9052429229879,-26,6,0,19.960199188561088
3417,2404301,417315.0,3385530.0,30,60,3,3,2585.0,12.2,529,0,5,417130,3385550,529,0,7,-102.5,559,-185.0,20.0,186.07794065928394,0,216.1701750950296,-30,6,0,9.158574354935928
3418,2404301,417315.0,3385530.0,30,60,3,3,2585.0,12.2,529,0,5,417240,3385520,533,0,5,-99.75,559,-75.0,-10.0,75.66372975210778,4,202.40535663140855,-26,6,0,18.964036893337273
3419,2404301,417315.0,3385530.0,30,60,3,3,2585.0,12.2,529,0,5,417220,3385460,531,0,5,-84.0,559,-95.0,-70.0,118.00423721205946,2,173.61564818416412,-28,6,0,13.34826495315511
3420,2404301,417315.0,3385530.0,30,60,3,3,2585.0,12.2,529,0,5,417175,3385670,529,0,5,-108.5,559,-140.0,140.0,197.9898987322333,0,255.0,-30,6,0,8.616081150109569
3421,2404301,417315.0,3385530.0,30,60,3,3,2585.0,12.2,529,0,5,417195,3385650,530,0,5,-110.55,559,-120.0,120.0,169.7056274847714,1,255.0,-29,6,0,9.697272655464083
3422,2404301,417315.0,3385530.0,30,60,3,3,2585.0,12.2,529,0,5,417160,3385675,528,0,5,-103.75,559,-155.0,145.0,212.24985276791125,-1,253.0908475670036,-31,6,0,8.309540418172645
3423,2404301,417315.0,3385530.0,30,60,3,3,2585.0,12.2,529,0,5,414730,3385465,497,0,6,-91.5,559,-2585.0,-65.0,2585.817085565025,-32,208.5595972707556,-62,6,0,1.3735147180441076
3424,2404301,417315.0,3385530.0,30,60,3,3,2585.0,12.2,529,0,5,417270,3385725,529,0,5,-102.0,559,-45.0,195.0,200.124960961895,0,287.0053832080835,-30,6,0,8.525517177156653
3425,2404301,417315.0,3385530.0,30,60,3,3,2585.0,12.2,529,0,5,417235,3385405,530,0,5,-88.33,559,-80.0,-125.0,148.4082207965583,1,152.6192430711928,-29,6,0,11.056670495551744
3426,2404301,417315.0,3385530.0,30,60,3,3,2585.0,12.2,529,0,5,417225,3385415,530,0,10,-81.67,559,-90.0,-115.0,146.03081866510234,1,158.04704253182607,-29,6,0,11.232133351056229
3427,2404301,417315.0,3385530.0,30,60,3,3,2585.0,12.2,529,0,5,417215,3385425,530,0,10,-89.33,559,-100.0,-105.0,145.0,1,163.60281897270363,-29,6,0,11.309932474020213
3428,2404301,417315.0,3385530.0,30,60,3,3,2585.0,12.2,529,0,5,417205,3385435,530,0,10,-99.0,559,-110.0,-95.0,145.34441853748632,1,169.1849161251184,-29,6,0,11.283820061258018
3429,2404301,417315.0,3385530.0,30,60,3,3,2585.0,12.2,529,0,5,417655,3385445,525,0,14,-99.5,559,340.0,-85.0,350.46397817750113,-4,44.03624346792651,-34,6,0,5.541166443639222
3430,2404301,417315.0,3385530.0,30,60,3,3,2585.0,12.2,529,0,5,417610,3385490,527,0,5,-102.5,559,295.0,-40.0,297.6995129320839,-2,37.721825800131,-32,6,0,6.1352200784213755
3431,2404301,417315.0,3385530.0,30,60,3,3,2585.0,12.2,529,0,5,417630,3385510,528,0,5,-99.67,559,315.0,-20.0,315.6342820417326,-1,33.632950739488194,-31,6,0,5.609311203450233
3432,2404301,417315.0,3385530.0,30,60,3,3,2585.0,12.2,529,0,5,417635,3385505,528,0,5,-90.5,559,320.0,-25.0,320.97507691408066,-1,34.46715906138928,-31,6,0,5.516556870032957
3433,2404301,417315.0,3385530.0,30,60,3,3,2585.0,12.2,529,0,5,417605,3385495,527,0,5,-104.5,559,290.0,-35.0,292.1044333795706,-2,36.88172363063694,-32,6,0,6.251814506198359
3434,2404301,417315.0,3385530.0,30,60,3,3,2585.0,12.2,529,0,5,417615,3385485,527,0,5,-106.25,559,300.0,-45.0,303.35622624235026,-2,38.53076560994816,-32,6,0,6.021664497362452
3435,2404301,417315.0,3385530.0,30,60,3,3,2585.0,12.2,529,0,5,417220,3385670,529,0,5,-100.0,559,-95.0,140.0,169.1892431568863,0,265.8403054543306,-30,6,0,10.054961798527563
3436,2404301,417315.0,3385530.0,30,60,3,3,2585.0,12.2,529,0,5,417240,3385610,532,0,5,-95.75,559,-75.0,80.0,109.65856099730654,3,256.8476102659946,-27,6,0,13.83216023188524
3437,2404301,417315.0,3385530.0,30,60,3,3,2585.0,12.2,529,0,5,417260,3385630,531,0,10,-91.47,559,-55.0,100.0,114.12712210513327,2,271.18920625702697,-28,6,0,13.784701257563851
3438,2404301,417315.0,3385530.0,30,60,3,3,2585.0,12.2,529,0,5,417265,3385625,531,0,10,-94.25,559,-50.0,95.0,107.35455276791944,2,272.24145939894,-28,6,0,14.61810786185526
3439,2404301,417315.0,3385530.0,30,60,3,3,2585.0,12.2,529,0,5,417210,3385660,530,0,10,-99.17,559,-105.0,130.0,167.10774967068403,1,261.0724564072077,-29,6,0,9.845099623478152
3440,2404301,417315.0,3385530.0,30,60,3,3,2585.0,12.2,529,0,5,417205,3385645,530,0,5,-105.09,559,-110.0,115.0,159.13830462839547,1,256.2730300200567,-29,6,0,10.327764215517206
3441,2404301,417315.0,3385530.0,30,60,3,3,2585.0,12.2,529,0,5,417275,3385635,531,0,5,-87.89,559,-40.0,105.0,112.36102527122117,2,279.14554196042167,-28,6,0,13.99291856277201
3442,2404301,417315.0,3385530.0,30,60,3,3,2585.0,12.2,529,0,5,417215,3385655,530,0,10,-106.0,559,-100.0,125.0,160.0781059358212,1,261.3401917459099,-29,6,0,10.2684247090119
3443,2404301,417315.0,3385530.0,30,60,3,3,2585.0,12.2,529,0,5,417160,3385690,528,0,10,-97.0,559,-155.0,160.0,222.76669409945464,-1,255.90938044919915,-31,6,0,7.9223479082032116
3444,2404301,417315.0,3385530.0,30,60,3,3,2585.0,12.2,529,0,5,417200,3385650,530,0,5,-111.5,559,-115.0,120.0,166.20770138594662,1,256.2188752351313,-29,6,0,9.89736132419241
3445,2404301,417315.0,3385530.0,30,60,3,3,2585.0,12.2,529,0,5,417255,3385615,532,0,10,-94.83,559,-60.0,85.0,104.04326023342406,3,264.7824070318073,-27,6,0,14.547778342235604
3446,2404301,417315.0,3385530.0,30,60,3,3,2585.0,12.2,529,0,5,417225,3385665,530,0,5,-94.13,559,-90.0,135.0,162.24980739587951,1,266.30993247402023,-29,6,0,10.13384978269725
3447,2404301,417315.0,3385530.0,30,60,3,3,2585.0,12.2,529,0,5,417245,3385605,532,0,5,-93.57,559,-70.0,75.0,102.59142264341595,3,256.97493401088195,-27,6,0,14.744741796263813
3448,2404301,417315.0,3385530.0,30,60,3,3,2585.0,12.2,529,0,5,417250,3385620,531,0,10,-90.5,559,-65.0,90.0,111.01801655587259,2,264.16234704572173,-28,6,0,14.155427443794608
3449,2404301,417315.0,3385530.0,30,60,3,3,2585.0,12.2,529,0,5,417270,3385640,531,0,5,-90.4,559,-45.0,110.0,118.84864324004712,2,277.7509763427876,-28,6,0,13.256787020372188
3450,2404301,417315.0,3385530.0,30,60,3,3,2585.0,12.2,529,0,5,417300,3385640,530,0,6,-81.0,559,-15.0,110.0,111.01801655587259,1,292.23483398157464,-29,6,0,14.639610467537963
3451,2404301,417315.0,3385530.0,30,60,3,3,2585.0,12.2,529,0,5,417295,3385605,531,0,5,-79.33,559,-20.0,75.0,77.62087348130012,2,285.06858282186244,-28,6,0,19.835778871629362
3452,2404301,417315.0,3385530.0,30,60,3,3,2585.0,12.2,529,0,5,417335,3385645,529,0,5,-89.5,559,20.0,115.0,116.72617529928752,0,-50.13419305691565,-30,6,0,14.4137275685254
3453,2404301,417315.0,3385530.0,30,60,3,3,2585.0,12.2,529,0,5,417310,3385630,530,0,6,-85.0,559,-5.0,100.0,100.12492197250393,1,297.1375947738882,-29,6,0,16.153034521977798
3454,2404301,417315.0,3385530.0,30,60,3,3,2585.0,12.2,529,0,5,417325,3385655,530,0,5,-86.0,559,10.0,125.0,125.39936203984452,1,-55.426078740099115,-29,6,0,13.021373430310042
3455,2404301,417315.0,3385530.0,30,60,3,3,2585.0,12.2,529,0,5,417435,3385745,531,0,6,-96.5,559,120.0,215.0,246.22144504490262,2,-30.8323866204222,-28,6,0,6.487735021658582
3456,2404301,417315.0,3385530.0,30,60,3,3,2585.0,12.2,529,0,5,417410,3385730,531,0,5,-89.0,559,95.0,200.0,221.41589825484527,2,-34.59228189105153,-28,6,0,7.207301562612543
3457,2404301,417315.0,3385530.0,30,60,3,3,2585.0,12.2,529,0,5,417280,3385620,531,0,5,-88.24,559,-35.0,90.0,96.56603957913983,2,278.74949449286675,-28,6,0,16.169886867880695
3458,2404301,417315.0,3385530.0,30,60,3,3,2585.0,12.2,529,0,5,417285,3385615,531,0,5,-83.88,559,-30.0,85.0,90.13878188659973,2,280.5599651718238,-28,6,0,17.256472183388723
3459,2404301,417315.0,3385530.0,30,60,3,3,2585.0,12.2,529,0,5,417350,3385670,529,0,5,-81.25,559,35.0,140.0,144.30869689661813,0,-45.963756532073546,-30,6,0,11.743814772587251
3460,2404301,417315.0,3385530.0,30,60,3,3,2585.0,12.2,529,0,5,417355,3385665,529,0,5,-98.0,559,40.0,135.0,140.80127840328723,0,-43.49563861824498,-30,6,0,12.02793757680949
3461,2404301,417315.0,3385530.0,30,60,3,3,2585.0,12.2,529,0,5,417340,3385680,530,0,5,-85.5,559,25.0,150.0,152.0690632574555,1,-50.537677791974374,-29,6,0,10.796827938133406
3462,2404301,417315.0,3385530.0,30,60,3,3,2585.0,12.2,529,0,5,417330,3385650,529,0,5,-83.6,559,15.0,120.0,120.93386622447825,0,-52.874983651098205,-30,6,0,13.93209154925806
3463,2404301,417315.0,3385530.0,30,60,3,3,2585.0,12.2,529,0,5,417290,3385610,531,0,5,-83.43,559,-25.0,80.0,83.81527307120105,2,282.64597536373867,-28,6,0,18.472824042779262
3464,2404301,417315.0,3385530.0,30,60,3,3,2585.0,12.2,529,0,5,417385,3385490,525,102,5,-90.0,559,70.0,-40.0,80.62257748298549,-4,59.74488129694225,-34,6,0,22.866033175151905
3465,2404301,417315.0,3385530.0,30,60,3,3,2585.0,12.2,529,0,5,417340,3385525,526,0,10,-76.6,559,25.0,-5.0,25.495097567963924,-3,41.30993247402023,-33,6,0,52.31108941240685
3466,2404301,417315.0,3385530.0,30,60,3,3,2585.0,12.2,529,0,5,417395,3385500,524,0,5,-88.6,559,80.0,-30.0,85.44003745317531,-5,50.55604521958344,-35,6,0,22.27616577847539
3467,2404301,417315.0,3385530.0,30,60,3,3,2585.0,12.2,529,0,5,417380,3385485,525,102,5,-85.43,559,65.0,-45.0,79.05694150420949,-4,64.69515353123398,-34,6,0,23.27107805213458
3468,2404301,417315.0,3385530.0,30,60,3,3,2585.0,12.2,529,0,5,417455,3385440,524,0,10,-84.0,559,140.0,-90.0,166.43316977093238,-5,62.73522627210758,-35,6,0,11.875945595104783
3469,2404301,417315.0,3385530.0,30,60,3,3,2585.0,12.2,529,0,5,417555,3385340,520,0,5,-100.25,559,240.0,-190.0,306.10455730027934,-9,68.36748538486154,-39,6,0,7.260790286790725
3470,2404301,417315.0,3385530.0,30,60,3,3,2585.0,12.2,529,0,5,417295,3385600,531,0,5,-80.75,559,-20.0,70.0,72.80109889280519,2,284.05460409907715,-28,6,0,21.037221256036844
3471,2404301,417315.0,3385530.0,30,60,3,3,2585.0,12.2,529,0,5,417450,3385435,524,0,10,-91.5,559,135.0,-95.0,165.07574019219177,-5,65.13419305691565,-35,6,0,11.970796097002989
3472,2404301,417315.0,3385530.0,30,60,3,3,2585.0,12.2,529,0,5,417365,3385510,524,0,5,-92.92,559,50.0,-20.0,53.85164807134504,-5,51.801409486351815,-35,6,0,33.02119636855915
3473,2404301,417315.0,3385530.0,30,60,3,3,2585.0,12.2,529,0,5,417425,3385450,524,102,5,-103.75,559,110.0,-80.0,136.01470508735443,-5,66.0273733851036,-35,6,0,14.430567784249684
3474,2404301,417315.0,3385530.0,30,60,3,3,2585.0,12.2,529,0,5,417305,3385570,530,0,6,-81.17,559,-10.0,40.0,41.23105625617661,1,285.96375653207355,-29,6,0,35.12076391250176
3475,2404301,417315.0,3385530.0,30,60,3,3,2585.0,12.2,529,0,5,417300,3385565,530,0,6,-74.8,559,-15.0,35.0,38.07886552931954,1,276.8014094863518,-29,6,0,37.29207573526101
3476,2404301,417315.0,3385530.0,30,60,3,3,2585.0,12.2,529,0,5,417355,3385540,525,0,5,-73.37,559,40.0,10.0,41.23105625617661,-4,15.963756532073546,-34,6,0,39.509712286193924
3477,2404301,417315.0,3385530.0,30,60,3,3,2585.0,12.2,529,0,5,417290,3385595,531,0,5,-87.36,559,-25.0,65.0,69.6419413859206,2,278.9624889745782,-28,6,0,21.902917320475574
3478,2404301,417315.0,3385530.0,30,60,3,3,2585.0,12.2,529,0,5,417285,3385590,531,0,10,-87.19,559,-30.0,60.0,67.08203932499369,2,273.434948822922,-28,6,0,22.65562557771074
3479,2404301,417315.0,3385530.0,30,60,3,3,2585.0,12.2,529,0,5,417280,3385585,532,0,5,-90.11,559,-35.0,55.0,65.19202405202648,3,267.5288077091515,-27,6,0,22.497433985158047
3480,2404301,417315.0,3385530.0,30,60,3,3,2585.0,12.2,529,0,5,417435,3385460,524,0,5,-100.0,559,120.0,-70.0,138.92443989449805,-5,60.256437163529256,-35,6,0,14.140569217524257
3481,2404301,417315.0,3385530.0,30,60,3,3,2585.0,12.2,529,0,5,417400,3385465,525,0,5,-101.2,559,85.0,-65.0,107.00467279516349,-4,67.40535663140855,-34,6,0,17.62729723311535
3482,2404301,417315.0,3385530.0,30,60,3,3,2585.0,12.2,529,0,5,417415,3385480,524,0,5,-93.5,559,100.0,-50.0,111.80339887498948,-5,56.565051177077976,-35,6,0,17.382703987116226
3483,2404301,417315.0,3385530.0,30,60,3,3,2585.0,12.2,529,0,5,417430,3385455,524,102,10,-105.44,559,115.0,-75.0,137.2953021774598,-5,63.111341960372044,-35,6,0,14.30151503178504
3484,2404301,417315.0,3385530.0,30,60,3,3,2585.0,12.2,529,0,5,417325,3385550,528,0,5,-74.45,559,10.0,20.0,22.360679774997898,-1,-33.434948822922024,-31,6,0,54.19662666896339
3485,2404301,417315.0,3385530.0,30,60,3,3,2585.0,12.2,529,0,5,417345,3385530,525,0,10,-79.0,559,30.0,0.0,30.0,-4,30.0,-34,6,0,48.57633437499735
3486,2404301,417315.0,3385530.0,30,60,3,3,2585.0,12.2,529,0,5,417335,3385560,527,0,5,-75.14,559,20.0,30.0,36.05551275463989,-2,-26.30993247402023,-32,6,0,41.58970611637925
3487,2404301,417315.0,3385530.0,30,60,3,3,2585.0,12.2,529,0,5,417310,3385575,530,0,6,-75.75,559,-5.0,45.0,45.27692569068709,1,293.6598082540901,-29,6,0,32.63967771636908
3488,2404301,417315.0,3385530.0,30,60,3,3,2585.0,12.2,529,0,5,417360,3385505,525,0,5,-95.31,559,45.0,-25.0,51.478150704935004,-4,59.05460409907715,-34,6,0,33.443740139970444
3489,2404301,417315.0,3385530.0,30,60,3,3,2585.0,12.2,529,0,5,417375,3385520,524,0,10,-83.58,559,60.0,-10.0,60.8276253029822,-5,39.462322208025626,-35,6,0,29.915970012809115
3490,2404301,417315.0,3385530.0,30,60,3,3,2585.0,12.2,529,0,5,417350,3385535,525,0,5,-79.29,559,35.0,5.0,35.35533905932738,-4,21.86989764584405,-34,6,0,43.88047083286422
3491,2404301,417315.0,3385530.0,30,60,3,3,2585.0,12.2,529,0,5,417320,3385545,528,0,5,-76.89,559,5.0,15.0,15.811388300841896,-1,-41.565051177077976,-31,6,0,62.97638215626833
3492,2404301,417315.0,3385530.0,30,60,3,3,2585.0,12.2,529,0,5,417370,3385515,524,0,5,-86.0,559,55.0,-15.0,57.0087712549569,-5,45.2551187030578,-35,6,0,31.54745390433632
3493,2404301,417315.0,3385530.0,30,60,3,3,2585.0,12.2,529,0,5,417410,3385475,524,0,5,-94.5,559,95.0,-55.0,109.77249200050075,-5,60.06858282186249,-35,6,0,17.684427567256705
3494,2404301,417315.0,3385530.0,30,60,3,3,2585.0,12.2,529,0,5,417330,3385555,528,0,5,-73.35,559,15.0,25.0,29.154759474226502,-1,-29.036243467926454,-31,6,0,46.75699069369719
3495,2404301,417315.0,3385530.0,30,60,3,3,2585.0,12.2,529,0,5,417315,3385580,529,0,6,-75.33,559,0.0,50.0,50.0,0,-60.0,-30,6,0,30.96375653207352
3496,2404301,417315.0,3385530.0,30,60,3,3,2585.0,12.2,529,0,5,417390,3385495,524,0,5,-85.89,559,75.0,-35.0,82.76472678623425,-5,55.01689347810003,-35,6,0,22.922795493175126
3497,2404301,417315.0,3385530.0,30,60,3,3,2585.0,12.2,529,0,5,417405,3385470,525,0,5,-97.86,559,90.0,-60.0,108.16653826391968,-4,63.69006752597977,-34,6,0,17.449503475954494
3498,2404301,417315.0,3385530.0,30,60,3,3,2585.0,12.2,529,0,5,417205,3385400,529,0,5,-90.0,559,-110.0,-130.0,170.29386365926402,0,160.2363583092738,-30,6,0,9.991058021246902
3499,2404301,417315.0,3385530.0,30,60,3,3,2585.0,12.2,529,0,5,417235,3385370,529,0,5,-114.5,559,-80.0,-160.0,178.88543819998318,0,146.565051177078,-30,6,0,9.520202144985053
3500,2404301,417315.0,3385530.0,30,60,3,3,2585.0,12.2,529,0,5,417240,3385435,531,0,5,-85.0,559,-75.0,-95.0,121.03718436910205,2,158.29016319224309,-28,6,0,13.025328564050056
3501,2404301,417315.0,3385530.0,30,60,3,3,2585.0,12.2,529,0,5,417250,3385425,530,0,5,-93.5,559,-65.0,-105.0,123.4908903522847,1,151.7594800848128,-29,6,0,13.21559919395644
3502,2404301,417315.0,3385530.0,30,60,3,3,2585.0,12.2,529,0,5,417245,3385440,531,0,10,-85.3,559,-70.0,-90.0,114.0175425099138,2,157.87498365109818,-28,6,0,13.797443375257082
3503,2404301,417315.0,3385530.0,30,60,3,3,2585.0,12.2,529,0,5,417255,3385430,531,0,5,-88.13,559,-60.0,-100.0,116.61903789690601,2,150.96375653207352,-28,6,0,13.501043380558686
3504,2404301,417315.0,3385530.0,30,60,3,3,2585.0,12.2,529,0,5,417260,3385415,530,102,5,-86.6,559,-55.0,-115.0,127.47548783981962,1,145.5599651718238,-29,6,0,12.81635983736497
3505,2404301,417315.0,3385530.0,30,60,3,3,2585.0,12.2,529,0,5,417200,3385395,529,0,5,-95.33,559,-115.0,-135.0,177.341478509682,0,160.42607874009914,-30,6,0,9.601549773958919
3506,2404301,417315.0,3385530.0,30,60,3,3,2585.0,12.2,529,0,5,417265,3385420,530,102,5,-88.5,559,-50.0,-110.0,120.83045973594572,1,144.44395478041653,-29,6,0,13.496042496371375
3507,2404301,417315.0,3385530.0,30,60,3,3,2585.0,12.2,529,0,5,417515,3385550,526,0,5,-106.67,559,200.0,20.0,200.9975124224178,-3,24.289406862500357,-33,6,0,9.323705142097342
3508,2404301,417315.0,3385530.0,30,60,3,3,2585.0,12.2,529,0,5,417340,3385395,528,0,5,-103.5,559,25.0,-135.0,137.2953021774598,-1,109.50852298766836,-31,6,0,12.723496019109984
3509,2404301,417315.0,3385530.0,30,60,3,3,2585.0,12.2,529,0,5,417465,3385600,528,0,5,-97.1,559,150.0,70.0,165.5294535724685,-1,4.98310652189997,-31,6,0,10.607358745475478
3510,2404301,417315.0,3385530.0,30,60,3,3,2585.0,12.2,529,0,5,417440,3385575,526,0,5,-86.0,559,125.0,45.0,132.85330255586422,-3,10.201123645475093,-33,6,0,13.94962147367814
3511,2404301,417315.0,3385530.0,30,60,3,3,2585.0,12.2,529,0,5,417585,3385480,526,0,6,-107.5,559,270.0,-50.0,274.5906043549196,-3,40.491477012331586,-33,6,0,6.852878567818201
3512,2404301,417315.0,3385530.0,30,60,3,3,2585.0,12.2,529,0,5,417595,3385470,526,0,6,-97.75,559,280.0,-60.0,286.35642126552705,-3,42.094757077012105,-33,6,0,6.5738240116877344
3513,2404301,417315.0,3385530.0,30,60,3,3,2585.0,12.2,529,0,5,417565,3385460,524,0,6,-103.5,559,250.0,-70.0,259.61509971494337,-5,45.64224645720873,-35,6,0,7.678035422052835
3514,2404301,417315.0,3385530.0,30,60,3,3,2585.0,12.2,529,0,5,417500,3385555,526,102,5,-108.67,559,185.0,25.0,186.6815470259447,-3,22.30394827798341,-33,6,0,10.024706031889307
3515,2404301,417315.0,3385530.0,30,60,3,3,2585.0,12.2,529,0,5,417305,3385440,529,102,5,-84.4,559,-10.0,-90.0,90.55385138137417,0,126.34019174590989,-30,6,0,18.329753744074015
3516,2404301,417315.0,3385530.0,30,60,3,3,2585.0,12.2,529,0,5,417455,3385570,526,102,5,-89.71,559,140.0,40.0,145.60219778561037,-3,14.054604099077153,-33,6,0,12.770058028195182
3517,2404301,417315.0,3385530.0,30,60,3,3,2585.0,12.2,529,0,5,417460,3385595,527,0,5,-94.0,559,145.0,65.0,158.90248582070703,-2,5.854458039578333,-32,6,0,11.38601468555744
3518,2404301,417315.0,3385530.0,30,60,3,3,2585.0,12.2,529,0,5,417310,3385425,529,0,5,-97.5,559,-5.0,-105.0,105.11898020814318,0,122.72631099390625,-30,6,0,15.928264003261454
3519,2404301,417315.0,3385530.0,30,60,3,3,2585.0,12.2,529,0,5,417480,3385535,524,0,6,-93.8,559,165.0,5.0,165.07574019219177,-5,28.2642954110716,-35,6,0,11.970796097002989
3520,2404301,417315.0,3385530.0,30,60,3,3,2585.0,12.2,529,0,5,417350,3385385,528,0,5,-94.0,559,35.0,-145.0,149.164338901763,-1,106.42956561483857,-31,6,0,11.740343293503498
3521,2404301,417315.0,3385530.0,30,60,3,3,2585.0,12.2,529,0,5,417355,3385390,528,0,5,-101.0,559,40.0,-140.0,145.60219778561037,-1,104.0546040990771,-31,6,0,12.01931204564819
3522,2404301,417315.0,3385530.0,30,60,3,3,2585.0,12.2,529,0,5,417495,3385530,524,0,5,-101.8,559,180.0,0.0,180.0,-5,30.0,-35,6,0,11.003540851749504
3523,2404301,417315.0,3385530.0,30,60,3,3,2585.0,12.2,529,0,5,417300,3385435,530,102,5,-84.5,559,-15.0,-95.0,96.17692030835673,1,128.9726266148964,-29,6,0,16.77951083866818
3524,2404301,417315.0,3385530.0,30,60,3,3,2585.0,12.2,529,0,5,417470,3385585,527,102,5,-97.77,559,155.0,55.0,164.46884203398528,-2,10.463345061871621,-32,6,0,11.010236579008527
3525,2404301,417315.0,3385530.0,30,60,3,3,2585.0,12.2,529,0,5,417540,3385515,525,0,6,-100.0,559,225.0,-15.0,225.49944567559362,-4,33.81407483429035,-34,6,0,8.574267551269548
3526,2404301,417315.0,3385530.0,30,60,3,3,2585.0,12.2,529,0,5,417445,3385580,526,0,5,-90.8,559,130.0,50.0,139.2838827718412,-3,8.962488974578207,-33,6,0,13.329093112578631
3527,2404301,417315.0,3385530.0,30,60,3,3,2585.0,12.2,529,0,5,417475,3385590,527,0,5,-97.75,559,160.0,60.0,170.88007490635061,-2,9.443954780416561,-32,6,0,10.606693749208384
3528,2404301,417315.0,3385530.0,30,60,3,3,2585.0,12.2,529,0,5,417450,3385565,525,102,5,-86.6,559,135.0,35.0,139.46325680981354,-4,15.465544919459887,-34,6,0,13.700978250554018
3529,2404301,417315.0,3385530.0,30,60,3,3,2585.0,12.2,529,0,5,417510,3385545,525,0,5,-100.4,559,195.0,15.0,195.57607215607945,-4,25.601294645004486,-34,6,0,9.862044855328453
3530,2404301,417315.0,3385530.0,30,60,3,3,2585.0,12.2,529,0,5,417315,3385430,529,0,5,-100.67,559,0.0,-100.0,100.0,0,120.0,-30,6,0,16.69924423399362
3531,2404301,417315.0,3385530.0,30,60,3,3,2585.0,12.2,529,0,5,417265,3385425,530,0,5,-86.0,559,-50.0,-105.0,116.29703349613007,1,145.4633450618716,-29,6,0,14.001805644590615
3532,2404301,417315.0,3385530.0,30,60,3,3,2585.0,12.2,529,0,5,417255,3385415,530,0,5,-80.0,559,-60.0,-115.0,129.71121771072848,1,147.5528115767178,-29,6,0,12.602569478008995
3533,2404301,417315.0,3385530.0,30,60,3,3,2585.0,12.2,529,0,5,417270,3385440,531,0,5,-87.4,559,-45.0,-90.0,100.62305898749054,2,146.565051177078,-28,6,0,15.550089610653464
3534,2404301,417315.0,3385530.0,30,60,3,3,2585.0,12.2,529,0,5,417275,3385435,531,0,5,-90.0,559,-40.0,-95.0,103.07764064044152,2,142.83365417791754,-28,6,0,15.197114052501222
3535,2404301,417315.0,3385530.0,30,60,3,3,2585.0,12.2,529,0,5,417260,3385430,531,0,5,-89.3,559,-55.0,-100.0,114.12712210513327,2,148.81079374297306,-28,6,0,13.784701257563851
3536,2404301,417315.0,3385530.0,30,60,3,3,2585.0,12.2,529,0,5,417250,3385420,530,0,5,-89.25,559,-65.0,-110.0,127.76932339180638,1,150.57922687248902,-29,6,0,12.787855779028005
3537,2404301,417315.0,3385530.0,30,60,3,3,2585.0,12.2,529,0,5,417235,3385470,531,0,5,-89.33,559,-80.0,-60.0,100.0,2,173.13010235415598,-28,6,0,15.642246457208728
3538,2404301,417315.0,3385530.0,30,60,3,3,2585.0,12.2,529,0,5,417250,3385485,532,0,5,-89.4,559,-65.0,-45.0,79.05694150420949,3,175.30484646876602,-27,6,0,18.856369484232335
3539,2404301,417315.0,3385530.0,30,60,3,3,2585.0,12.2,529,0,5,417260,3385515,533,0,6,-83.4,559,-55.0,-15.0,57.0087712549569,4,194.7448812969422,-26,6,0,24.516314079540912
3540,2404301,417315.0,3385530.0,30,60,3,3,2585.0,12.2,529,0,5,417240,3385495,532,0,6,-92.0,559,-75.0,-35.0,82.76472678623425,3,184.98310652189997,-27,6,0,18.067668948791454
3541,2404301,417315.0,3385530.0,30,60,3,3,2585.0,12.2,529,0,5,417255,3385490,532,0,5,-79.8,559,-60.0,-40.0,72.11102550927978,3,176.30993247402023,-27,6,0,20.52703743748409
3542,2404301,417315.0,3385530.0,30,60,3,3,2585.0,12.2,529,0,5,417230,3385465,531,0,5,-87.75,559,-85.0,-65.0,107.00467279516349,2,172.59464336859145,-28,6,0,14.663848705449116
3543,2404301,417315.0,3385530.0,30,60,3,3,2585.0,12.2,529,0,5,417245,3385500,532,0,6,-86.67,559,-70.0,-30.0,76.15773105863909,3,186.80140948635182,-27,6,0,19.520809742015818
3544,2404301,417315.0,3385530.0,30,60,3,3,2585.0,12.2,529,0,5,417275,3385510,532,0,5,-83.6,559,-40.0,-20.0,44.721359549995796,3,183.43494882292202,-27,6,0,31.120990860011617
3545,2404301,417315.0,3385530.0,30,60,3,3,2585.0,12.2,529,0,5,417265,3385520,533,0,6,-91.75,559,-50.0,-10.0,50.99019513592785,4,198.69006752597977,-26,6,0,27.01712321785024
3546,2404301,417315.0,3385530.0,30,60,3,3,2585.0,12.2,529,0,5,417270,3385505,533,0,5,-86.75,559,-45.0,-25.0,51.478150704935004,4,180.94539590092285,-26,6,0,26.796909555552087
3547,2404301,417315.0,3385530.0,30,60,3,3,2585.0,12.2,529,0,5,417225,3385480,532,90,6,-91.67,559,-90.0,-50.0,102.95630140987001,3,180.94539590092285,-27,6,0,14.694751489835703
3548,2404301,417315.0,3385530.0,30,60,3,3,2585.0,12.2,529,0,5,417380,3385735,530,0,10,-99.5,559,65.0,205.0,215.05813167606567,1,-42.40757543781842,-29,6,0,7.679852930353046
3549,2404301,417315.0,3385530.0,30,60,3,3,2585.0,12.2,529,0,5,417435,3385690,531,0,10,-78.79,559,120.0,160.0,200.0,2,-23.13010235415595,-28,6,0,7.96961039432136
3550,2404301,417315.0,3385530.0,30,60,3,3,2585.0,12.2,529,0,5,417415,3385710,531,0,6,-88.0,559,100.0,180.0,205.91260281974002,2,-30.945395900922847,-28,6,0,7.743586603961099
3551,2404301,417315.0,3385530.0,30,60,3,3,2585.0,12.2,529,0,5,417510,3385765,533,0,5,-76.5,559,195.0,235.0,305.3686296920494,4,-20.314545669944778,-26,6,0,4.866597114757761
3552,2404301,417315.0,3385530.0,30,60,3,3,2585.0,12.2,529,0,5,417290,3385665,530,0,6,-92.33,559,-25.0,135.0,137.2953021774598,1,289.5085229876684,-29,6,0,11.9269053560905
3553,2404301,417315.0,3385530.0,30,60,3,3,2585.0,12.2,529,0,5,417350,3385605,528,0,6,-88.0,559,35.0,75.0,82.76472678623425,-1,-34.98310652189997,-31,6,0,20.533723812516104
3554,2404301,417315.0,3385530.0,30,60,3,3,2585.0,12.2,529,0,5,417425,3385700,531,0,5,-92.5,559,110.0,170.0,202.48456731316588,2,-27.094757077012105,-28,6,0,7.873053848470162
3555,2404301,417315.0,3385530.0,30,60,3,3,2585.0,12.2,529,0,5,417305,3385660,530,0,6,-91.0,559,-10.0,130.0,130.38404810405297,1,295.6012946450045,-29,6,0,12.539597460226878
3556,2404301,417315.0,3385530.0,30,60,3,3,2585.0,12.2,529,0,5,417280,3385675,530,0,6,-96.5,559,-35.0,145.0,149.164338901763,1,286.4295656148385,-29,6,0,11.001994857060053
3557,2404301,417315.0,3385530.0,30,60,3,3,2585.0,12.2,529,0,5,417405,3385720,531,0,5,-97.5,559,90.0,190.0,210.23796041628637,2,-34.65382405805332,-28,6,0,7.5861474454823
3558,2404301,417315.0,3385530.0,30,60,3,3,2585.0,12.2,529,0,5,417285,3385680,530,0,5,-81.0,559,-30.0,150.0,152.97058540778355,1,288.69006752597977,-29,6,0,10.734680379326583
3559,2404301,417315.0,3385530.0,30,60,3,3,2585.0,12.2,529,0,5,417345,3385620,529,0,6,-81.33,559,30.0,90.0,94.86832980505137,0,-41.565051177077976,-30,6,0,17.5484006137923
3560,2404301,417315.0,3385530.0,30,60,3,3,2585.0,12.2,529,0,5,417355,3385610,528,0,6,-82.0,559,40.0,80.0,89.44271909999159,-1,-33.434948822922024,-31,6,0,19.115832270095016
3561,2404301,417315.0,3385530.0,30,60,3,3,2585.0,12.2,529,0,5,417420,3385695,531,0,6,-85.0,559,105.0,165.0,195.57607215607945,2,-27.528807709151522,-28,6,0,8.147488689434978
3562,2404301,417315.0,3385530.0,30,60,3,3,2585.0,12.2,529,0,5,417300,3385655,530,0,6,-96.33,559,-15.0,125.0,125.89678312014172,1,293.15722658736905,-29,6,0,12.971669027056278
3563,2404301,417315.0,3385530.0,30,60,3,3,2585.0,12.2,529,0,5,417430,3385685,530,0,5,-86.18,559,115.0,155.0,193.00259065618783,1,-23.42696902148066,-29,6,0,8.545168886117278
3564,2404301,417315.0,3385530.0,30,60,3,3,2585.0,12.2,529,0,5,417330,3385625,529,0,6,-92.5,559,15.0,95.0,96.17692030835673,0,-51.0273733851036,-30,6,0,17.32401338083386
3565,2404301,417315.0,3385530.0,30,60,3,3,2585.0,12.2,529,0,5,417310,3385645,530,0,6,-88.5,559,-5.0,115.0,115.10864433221339,1,297.5104470780008,-29,6,0,14.14059012366322
3566,2404301,417315.0,3385530.0,30,60,3,3,2585.0,12.2,529,0,5,417325,3385640,530,0,6,-90.5,559,10.0,110.0,110.45361017187261,1,-54.80557109226521,-29,6,0,14.711180347338413
3567,2404301,417315.0,3385530.0,30,60,3,3,2585.0,12.2,529,0,5,417625,3385455,526,0,5,-96.8,559,310.0,-75.0,318.9435686763412,-3,43.60054251665872,-33,6,0,5.907178710355356
3568,2404301,417315.0,3385530.0,30,60,3,3,2585.0,12.2,529,0,5,417710,3385530,531,0,5,-104.67,559,395.0,0.0,395.0,2,30.0,-28,6,0,4.054690669531103
3569,2404301,417315.0,3385530.0,30,60,3,3,2585.0,12.2,529,0,5,417655,3385505,529,0,5,-97.33,559,340.0,-25.0,340.91787867461574,0,34.20535700170859,-30,6,0,5.028944613224889
3570,2404301,417315.0,3385530.0,30,60,3,3,2585.0,12.2,529,0,5,417650,3385510,529,0,5,-97.67,559,335.0,-20.0,335.5964838909967,0,33.416588191771325,-30,6,0,5.108267579855665
3571,2404301,417315.0,3385530.0,30,60,3,3,2585.0,12.2,529,0,5,417660,3385500,528,0,5,-97.5,559,345.0,-30.0,346.30189141845585,-1,34.96974072811031,-31,6,0,5.115327232616812
3572,2404301,417315.0,3385530.0,30,60,3,3,2585.0,12.2,529,0,5,417730,3385590,533,0,5,-114.5,559,415.0,60.0,419.3149174546501,4,21.77327753589185,-26,6,0,3.5481339780444414
3573,2404301,417315.0,3385530.0,30,60,3,3,2585.0,12.2,529,0,5,417635,3385445,525,0,5,-105.5,559,320.0,-85.0,331.09666262286606,-4,44.87568200163878,-34,6,0,5.863097633838484
3574,2404301,417315.0,3385530.0,30,60,3,3,2585.0,12.2,529,0,5,417615,3385465,526,0,5,-99.67,559,300.0,-65.0,306.9609095634166,-3,42.22512267573575,-33,6,0,6.136047438386823
3575,2404301,417315.0,3385530.0,30,60,3,3,2585.0,12.2,529,0,5,417620,3385460,526,0,5,-110.0,559,305.0,-70.0,312.92970456637704,-3,42.92599912470598,-33,6,0,6.01987666448278
3576,2404301,417315.0,3385530.0,30,60,3,3,2585.0,12.2,529,0,5,417705,3385535,531,0,5,-103.8,559,390.0,5.0,390.03204996512784,2,29.26547896574516,-28,6,0,4.106160877703007
3577,2404301,417315.0,3385530.0,30,60,3,3,2585.0,12.2,529,0,5,417690,3385550,531,0,5,-94.0,559,375.0,20.0,375.53295461250804,2,26.94711748520757,-28,6,0,4.264123268624212
3578,2404301,417315.0,3385530.0,30,60,3,3,2585.0,12.2,529,0,5,417605,3385475,526,0,5,-94.29,559,290.0,-55.0,295.16944286290885,-3,40.73889710090543,-33,6,0,6.379188662641392
3579,2404301,417315.0,3385530.0,30,60,3,3,2585.0,12.2,529,0,5,417495,3385545,525,102,5,-96.17,559,180.0,15.0,180.62391868188442,-4,25.23635830927384,-34,6,0,10.660410650789098
3580,2404301,417315.0,3385530.0,30,60,3,3,2585.0,12.2,529,0,5,417285,3385435,530,102,5,-92.0,559,-30.0,-95.0,99.62429422585637,1,137.52556837372288,-29,6,0,16.229942897608346
3581,2404301,417315.0,3385530.0,30,60,3,3,2585.0,12.2,529,0,5,417485,3385555,525,0,5,-101.4,559,170.0,25.0,171.82840277439584,-4,21.634113875967387,-34,6,0,11.192639127327503
3582,2404301,417315.0,3385530.0,30,60,3,3,2585.0,12.2,529,0,5,417575,3385465,525,0,6,-84.67,559,260.0,-65.0,268.00186566514793,-4,44.03624346792651,-34,6,0,7.230192839358114
3583,2404301,417315.0,3385530.0,30,60,3,3,2585.0,12.2,529,0,5,417450,3385590,527,0,5,-88.9,559,135.0,60.0,147.73286702694156,-2,6.03751102542185,-32,6,0,12.221867232408547
3584,2404301,417315.0,3385530.0,30,60,3,3,2585.0,12.2,529,0,5,417470,3385570,526,102,5,-102.0,559,155.0,40.0,160.0781059358212,-3,15.529705899934129,-33,6,0,11.648309823436408
3585,2404301,417315.0,3385530.0,30,60,3,3,2585.0,12.2,529,0,5,417455,3385585,527,102,5,-97.67,559,140.0,55.0,150.41608956491322,-2,8.55226367289464,-32,6,0,12.010230863324217
3586,2404301,417315.0,3385530.0,30,60,3,3,2585.0,12.2,529,0,5,417440,3385600,527,102,5,-94.7,559,125.0,70.0,143.26548781894402,-2,0.7511736634530166,-32,6,0,12.590998874158696
3587,2404301,417315.0,3385530.0,30,60,3,3,2585.0,12.2,529,0,5,417585,3385455,525,0,6,-94.0,559,270.0,-75.0,280.22312538404105,-4,45.524110996754246,-34,6,0,6.917989618415287
3588,2404301,417315.0,3385530.0,30,60,3,3,2585.0,12.2,529,0,5,417295,3385425,530,0,5,-86.33,559,-20.0,-105.0,106.88779163215975,1,130.78429786756257,-29,6,0,15.179646027807037
3589,2404301,417315.0,3385530.0,30,60,3,3,2585.0,12.2,529,0,5,417465,3385575,526,102,5,-94.6,559,150.0,45.0,156.60459763365824,-3,13.300755766006375,-33,6,0,11.89938174128592
3590,2404301,417315.0,3385530.0,30,60,3,3,2585.0,12.2,529,0,5,417480,3385560,526,0,5,-86.5,559,165.0,30.0,167.70509831248424,-3,19.695153531233984,-33,6,0,11.13209462504083
3591,2404301,417315.0,3385530.0,30,60,3,3,2585.0,12.2,529,0,5,417475,3385565,526,0,5,-93.33,559,160.0,35.0,163.783393541592,-3,17.66091272167381,-33,6,0,11.391755434062853
3592,2404301,417315.0,3385530.0,30,60,3,3,2585.0,12.2,529,0,5,417490,3385550,525,102,5,-106.5,559,175.0,20.0,176.13914953808538,-4,23.480198248343015,-34,6,0,10.925387036178764
3593,2404301,417315.0,3385530.0,30,60,3,3,2585.0,12.2,529,0,5,417300,3385420,529,102,5,-90.33,559,-15.0,-110.0,111.01801655587259,0,127.76516601842533,-30,6,0,15.12166531490902
3594,2404301,417315.0,3385530.0,30,60,3,3,2585.0,12.2,529,0,5,417445,3385595,527,0,5,-91.69,559,130.0,65.0,145.34441853748632,-2,3.434948822922024,-32,6,0,12.416528104773855
3595,2404301,417315.0,3385530.0,30,60,3,3,2585.0,12.2,529,0,5,417335,3385385,528,0,10,-100.67,559,20.0,-145.0,146.37281168304446,-1,112.14668669802177,-31,6,0,11.95785972048929
3596,2404301,417315.0,3385530.0,30,60,3,3,2585.0,12.2,529,0,5,417330,3385390,528,0,10,-107.0,559,15.0,-140.0,140.80127840328723,-1,113.88449643371462,-31,6,0,12.416624411176352
3597,2404301,417315.0,3385530.0,30,60,3,3,2585.0,12.2,529,0,5,417500,3385540,525,102,5,-106.5,559,185.0,10.0,185.27007313648906,-4,26.905941941082915,-34,6,0,10.398976376701535
3598,2404301,417315.0,3385530.0,30,60,3,3,2585.0,12.2,529,0,5,417595,3385445,525,0,6,-96.25,559,280.0,-85.0,292.61749776799064,-4,46.88679112394402,-34,6,0,6.627628650456899
3599,2404301,417315.0,3385530.0,30,60,3,3,2585.0,12.2,529,0,5,417590,3385450,525,0,6,-99.75,559,275.0,-80.0,286.40006983239374,-4,46.2201936956028,-34,6,0,6.770185590257056
3600,2404301,417315.0,3385530.0,30,60,3,3,2585.0,12.2,529,0,5,417280,3385440,531,0,5,-89.29,559,-35.0,-90.0,96.56603957913983,2,141.25050550713323,-28,6,0,16.169886867880695
3601,2404301,417315.0,3385530.0,30,60,3,3,2585.0,12.2,529,0,5,417290,3385430,530,102,5,-91.5,559,-25.0,-100.0,103.07764064044152,1,134.03624346792648,-29,6,0,15.713486691351164
3602,2404301,417315.0,3385530.0,30,60,3,3,2585.0,12.2,529,0,5,417460,3385580,526,102,5,-92.83,559,145.0,50.0,153.37861650177967,-3,10.97439396243135,-33,6,0,12.142305445973406
3603,2404301,417315.0,3385530.0,30,60,3,3,2585.0,12.2,529,0,5,417505,3385535,525,0,5,-105.5,559,190.0,5.0,190.06577808748213,-4,28.492564241225068,-34,6,0,10.142106156573982
3604,2404301,417315.0,3385530.0,30,60,3,3,2585.0,12.2,529,0,5,417225,3385595,532,102,5,-94.0,559,-90.0,65.0,111.01801655587259,3,245.83765295427827,-27,6,0,13.66917172299564
3605,2404301,417315.0,3385530.0,30,60,3,3,2585.0,12.2,529,0,5,417245,3385535,533,0,5,-93.38,559,-70.0,5.0,70.178344238091,4,214.08561677997488,-26,6,0,20.32889502043946
3606,2404301,417315.0,3385530.0,30,60,3,3,2585.0,12.2,529,0,5,417185,3385475,531,0,5,-107.0,559,-130.0,-55.0,141.15594213493105,2,187.06789956241022,-28,6,0,11.219673027019443
3607,2404301,417315.0,3385530.0,30,60,3,3,2585.0,12.2,529,0,5,417265,3385555,533,0,5,-92.5,559,-50.0,25.0,55.90169943749474,4,236.56505117707798,-26,6,0,24.943239202184763
3608,2404301,417315.0,3385530.0,30,60,3,3,2585.0,12.2,529,0,5,417220,3385600,532,102,5,-99.75,559,-95.0,70.0,118.00423721205946,3,246.38435181583588,-27,6,0,12.887737798646759
3609,2404301,417315.0,3385530.0,30,60,3,3,2585.0,12.2,529,0,5,417200,3385580,532,0,14,-92.67,559,-115.0,50.0,125.39936203984452,3,233.49856567595208,-27,6,0,12.15097102089844
3610,2404301,417315.0,3385530.0,30,60,3,3,2585.0,12.2,529,0,5,417270,3385550,533,102,5,-82.6,559,-45.0,20.0,49.24428900898052,4,233.96248897457815,-26,6,0,27.833158098289005
3611,2404301,417315.0,3385530.0,30,60,3,3,2585.0,12.2,529,0,5,417105,3385395,527,0,5,-113.5,559,-210.0,-135.0,249.64975465639858,-2,177.26477372789242,-32,6,0,7.3043192373540204
3612,2404301,417315.0,3385530.0,30,60,3,3,2585.0,12.2,529,0,5,417205,3385575,532,0,5,-84.5,559,-110.0,45.0,118.84864324004712,3,232.24902365721238,-27,6,0,12.799198089500683
3613,2404301,417315.0,3385530.0,30,60,3,3,2585.0,12.2,529,0,5,417180,3385480,531,0,5,-107.0,559,-135.0,-50.0,143.96180048887967,2,189.67686317033707,-28,6,0,11.006389292730894
3614,2404301,417315.0,3385530.0,30,60,3,3,2585.0,12.2,529,0,5,417275,3385545,532,102,6,-92.82,559,-40.0,15.0,42.720018726587654,3,230.55604521958344,-27,6,0,32.29379520041142
3615,2404301,417315.0,3385530.0,30,60,3,3,2585.0,12.2,529,0,5,417250,3385530,533,0,5,-93.33,559,-65.0,0.0,65.0,4,210.0,-26,6,0,21.80140948635181
3616,2404301,417315.0,3385530.0,30,60,3,3,2585.0,12.2,529,0,5,417255,3385525,533,0,6,-96.67,559,-60.0,-5.0,60.207972893961475,4,205.23635830927384,-26,6,0,23.356449228429362
3617,2404301,417315.0,3385530.0,30,60,3,3,2585.0,12.2,529,0,5,417240,3385540,533,0,5,-88.33,559,-75.0,10.0,75.66372975210778,4,217.59464336859145,-26,6,0,18.964036893337273
3618,2404301,417315.0,3385530.0,30,60,3,3,2585.0,12.2,529,0,5,417260,3385560,533,102,5,-92.2,559,-55.0,30.0,62.64982043070834,4,238.6104596659652,-26,6,0,22.538703223613993
3619,2404301,417315.0,3385530.0,30,60,3,3,2585.0,12.2,529,0,5,417395,3385550,525,0,5,-75.83,559,80.0,20.0,82.46211251235322,-4,15.963756532073546,-34,6,0,22.406871204937445
3620,2404301,417315.0,3385530.0,30,60,3,3,2585.0,12.2,529,0,5,417385,3385560,525,0,5,-86.5,559,70.0,30.0,76.15773105863909,-4,6.801409486351815,-34,6,0,24.05798486061791
3621,2404301,417315.0,3385530.0,30,60,3,3,2585.0,12.2,529,0,5,417420,3385595,527,0,5,-90.25,559,105.0,65.0,123.4908903522847,-2,-1.7594800848127647,-32,6,0,14.52743077064397
3622,2404301,417315.0,3385530.0,30,60,3,3,2585.0,12.2,529,0,5,417355,3385510,525,0,5,-72.67,559,40.0,-20.0,44.721359549995796,-4,56.565051177077976,-34,6,0,37.24438856858168
3623,2404301,417315.0,3385530.0,30,60,3,3,2585.0,12.2,529,0,5,417365,3385540,525,0,5,-77.96,559,50.0,10.0,50.99019513592785,-4,18.69006752597977,-34,6,0,33.69515216045747
3624,2404301,417315.0,3385530.0,30,60,3,3,2585.0,12.2,529,0,5,417360,3385535,524,0,5,-79.89,559,45.0,5.0,45.27692569068709,-5,23.65980825409008,-35,6,0,37.704764966326294
3625,2404301,417315.0,3385530.0,30,60,3,3,2585.0,12.2,529,0,5,417580,3385435,524,0,6,-91.5,559,265.0,-95.0,281.51376520518494,-5,49.722277764447085,-35,6,0,7.087094106354212
3626,2404301,417315.0,3385530.0,30,60,3,3,2585.0,12.2,529,0,5,417370,3385525,524,0,10,-82.4,559,55.0,-5.0,55.226805085936306,-5,35.19442890773479,-35,6,0,32.36448816990886
3627,2404301,417315.0,3385530.0,30,60,3,3,2585.0,12.2,529,0,5,417430,3385585,526,0,5,-92.05,559,115.0,55.0,127.47548783981962,-3,4.440034828176181,-33,6,0,14.513731988719176
3628,2404301,417315.0,3385530.0,30,60,3,3,2585.0,12.2,529,0,5,417390,3385545,525,0,10,-84.26,559,75.0,15.0,76.48529270389177,-4,18.69006752597977,-34,6,0,23.966577761951793
3629,2404301,417315.0,3385530.0,30,60,3,3,2585.0,12.2,529,0,5,417290,3385445,530,0,5,-83.33,559,-25.0,-85.0,88.60022573334675,1,136.38954033403476,-29,6,0,18.123941123867578
3630,2404301,417315.0,3385530.0,30,60,3,3,2585.0,12.2,529,0,5,417575,3385410,523,0,5,-90.6,559,260.0,-120.0,286.35642126552705,-6,54.775140568831944,-36,6,0,7.165487395024589
3631,2404301,417315.0,3385530.0,30,60,3,3,2585.0,12.2,529,0,5,417565,3385420,523,0,5,-90.75,559,250.0,-110.0,273.1300056749533,-6,53.749494492866745,-36,6,0,7.508609246532102
3632,2404301,417315.0,3385530.0,30,60,3,3,2585.0,12.2,529,0,5,417375,3385530,524,0,10,-77.29,559,60.0,0.0,60.0,-5,30.0,-35,6,0,30.256437163529263
3633,2404301,417315.0,3385530.0,30,60,3,3,2585.0,12.2,529,0,5,417320,3385495,528,0,5,-89.58,559,5.0,-35.0,35.35533905932738,-1,111.86989764584405,-31,6,0,41.24468630944413
3634,2404301,417315.0,3385530.0,30,60,3,3,2585.0,12.2,529,0,5,417380,3385555,525,0,5,-77.35,559,65.0,25.0,69.6419413859206,-4,8.962488974578207,-34,6,0,26.022164586865024
3635,2404301,417315.0,3385530.0,30,60,3,3,2585.0,12.2,529,0,5,417325,3385500,528,0,5,-85.6,559,10.0,-30.0,31.622776601683793,-1,101.56505117707798,-31,6,0,44.430218579882805
3636,2404301,417315.0,3385530.0,30,60,3,3,2585.0,12.2,529,0,5,417435,3385590,527,0,5,-92.31,559,120.0,60.0,134.16407864998737,-2,3.434948822922024,-32,6,0,13.415197239362266
3637,2404301,417315.0,3385530.0,30,60,3,3,2585.0,12.2,529,0,5,417560,3385415,523,0,5,-90.0,559,245.0,-115.0,270.64737205448716,-6,55.14478563067894,-36,6,0,7.576688729921973
3638,2404301,417315.0,3385530.0,30,60,3,3,2585.0,12.2,529,0,5,417315,3385470,529,102,5,-96.63,559,0.0,-60.0,60.0,0,120.0,-30,6,0,26.56505117707799
3639,2404301,417315.0,3385530.0,30,60,3,3,2585.0,12.2,529,0,5,417405,3385580,526,0,6,-91.0,559,90.0,50.0,102.95630140987001,-3,0.945395900922847,-33,6,0,17.771919070931915
3640,2404301,417315.0,3385530.0,30,60,3,3,2585.0,12.2,529,0,5,417415,3385570,526,0,6,-87.0,559,100.0,40.0,107.70329614269008,-3,8.198590513648185,-33,6,0,17.03492342801283
3641,2404301,417315.0,3385530.0,30,60,3,3,2585.0,12.2,529,0,5,417300,3385475,530,0,5,-93.7,559,-15.0,-55.0,57.0087712549569,1,135.25511870305778,-29,6,0,26.962151513684198
3642,2404301,417315.0,3385530.0,30,60,3,3,2585.0,12.2,529,0,5,417310,3385465,529,0,5,-91.38,559,-5.0,-65.0,65.19202405202648,0,124.39870535499551,-30,6,0,24.710894130187462
3643,2404301,417315.0,3385530.0,30,60,3,3,2585.0,12.2,529,0,5,417410,3385565,525,0,6,-86.83,559,95.0,35.0,101.24228365658294,-4,9.775140568831944,-34,6,0,18.56349612550708
3644,2404301,417315.0,3385530.0,30,60,3,3,2585.0,12.2,529,0,5,417350,3385505,525,0,5,-78.17,559,35.0,-25.0,43.01162633521314,-4,65.53767779197437,-34,6,0,38.32580433857729
3645,2404301,417315.0,3385530.0,30,60,3,3,2585.0,12.2,529,0,5,417335,3385490,527,0,5,-88.63,559,20.0,-40.0,44.721359549995796,-2,93.43494882292202,-32,6,0,35.585302455842225
3646,2404301,417315.0,3385530.0,30,60,3,3,2585.0,12.2,529,0,5,417345,3385520,525,0,10,-86.88,559,30.0,-10.0,31.622776601683793,-4,48.434948822922024,-34,6,0,47.0746658610554
3647,2404301,417315.0,3385530.0,30,60,3,3,2585.0,12.2,529,0,5,417425,3385600,527,102,5,-94.4,559,110.0,70.0,130.38404810405297,-2,-2.471192290848478,-32,6,0,13.789475412300085
3648,2404301,417315.0,3385530.0,30,60,3,3,2585.0,12.2,529,0,5,417595,3385430,524,0,6,-99.33,559,280.0,-100.0,297.3213749463701,-5,49.65382405805332,-35,6,0,6.713831162257919
3649,2404301,417315.0,3385530.0,30,60,3,3,2585.0,12.2,529,0,5,417570,3385405,522,0,5,-88.0,559,255.0,-125.0,283.98943642325855,-7,56.11391263029071,-37,6,0,7.423056012232353
3650,2404301,417315.0,3385530.0,30,60,3,3,2585.0,12.2,529,0,5,417285,3385460,531,0,5,-85.8,559,-30.0,-70.0,76.15773105863909,2,143.19859051364818,-28,6,0,20.1863558536113
3651,2404301,417315.0,3385530.0,30,60,3,3,2585.0,12.2,529,0,5,417340,3385515,526,0,10,-83.75,559,25.0,-15.0,29.154759474226502,-3,60.96375653207349,-33,6,0,48.54012505747167
3652,2404301,417315.0,3385530.0,30,60,3,3,2585.0,12.2,529,0,5,417305,3385480,529,0,5,-85.0,559,-10.0,-50.0,50.99019513592785,0,131.3099324740202,-30,6,0,30.47035946597974
3653,2404301,417315.0,3385530.0,30,60,3,3,2585.0,12.2,529,0,5,417295,3385450,530,0,5,-80.5,559,-20.0,-80.0,82.46211251235322,1,134.03624346792648,-29,6,0,19.375583023582067
3654,2404301,417315.0,3385530.0,30,60,3,3,2585.0,12.2,529,0,5,417400,3385575,526,0,6,-84.0,559,85.0,45.0,96.17692030835673,-3,2.1027289690523503,-33,6,0,18.937999898989393
3655,2404301,417315.0,3385530.0,30,60,3,3,2585.0,12.2,529,0,5,417280,3385455,531,0,5,-81.0,559,-35.0,-75.0,82.76472678623425,2,145.0168934781,-28,6,0,18.691108652409675
3656,2404301,417315.0,3385530.0,30,60,3,3,2585.0,12.2,529,0,5,417330,3385485,528,0,5,-91.46,559,15.0,-45.0,47.43416490252569,-1,101.56505117707798,-31,6,0,33.16611685781976
3657,2404301,417315.0,3385530.0,30,60,3,3,2585.0,12.2,529,0,5,417660,3385470,527,0,14,-96.5,559,345.0,-60.0,350.1785258978626,-2,39.86580694308441,-32,6,0,5.221299078692681
3658,2404301,417315.0,3385530.0,30,60,3,3,2585.0,12.2,529,0,5,417615,3385495,527,0,5,-98.5,559,300.0,-35.0,302.03476621077914,-2,36.65442504600662,-32,6,0,6.0478155978423045
3659,2404301,417315.0,3385530.0,30,60,3,3,2585.0,12.2,529,0,5,417645,3385445,525,0,5,-105.67,559,330.0,-85.0,340.77118422777477,-4,44.44403572449221,-34,6,0,5.697754874808299
3660,2404301,417315.0,3385530.0,30,60,3,3,2585.0,12.2,529,0,5,417630,3385520,529,0,6,-105.5,559,315.0,-10.0,315.15869018638847,0,31.818302964451846,-30,6,0,5.437609112393219
3661,2404301,417315.0,3385530.0,30,60,3,3,2585.0,12.2,529,0,5,417605,3385485,527,0,5,-106.5,559,290.0,-45.0,293.47061181658376,-2,38.82037955202105,-32,6,0,6.22293962571912
3662,2404301,417315.0,3385530.0,30,60,3,3,2585.0,12.2,529,0,5,417635,3385515,529,0,5,-91.0,559,320.0,-15.0,320.3513695928269,0,32.68377515946901,-30,6,0,5.3499847411510615
3663,2404301,417315.0,3385530.0,30,60,3,3,2585.0,12.2,529,0,5,417500,3385610,529,0,10,-98.0,559,185.0,80.0,201.55644370746373,0,6.614778942786245,-30,6,0,8.465848238967707
3664,2404301,417315.0,3385530.0,30,60,3,3,2585.0,12.2,529,0,5,417505,3385605,528,0,10,-97.0,559,190.0,75.0,204.26698215815497,-1,8.459024081461564,-31,6,0,8.629483045718892
3665,2404301,417315.0,3385530.0,30,60,3,3,2585.0,12.2,529,0,5,417515,3385615,529,0,5,-99.43,559,200.0,85.0,217.3131381210073,0,6.974507991471967,-30,6,0,7.859981792743525
3666,2404301,417315.0,3385530.0,30,60,3,3,2585.0,12.2,529,0,5,417510,3385620,529,0,5,-100.0,559,195.0,90.0,214.76731594914529,0,5.224859431168056,-30,6,0,7.951967926347943
3667,2404301,417315.0,3385530.0,30,60,3,3,2585.0,12.2,529,0,5,417485,3385625,529,0,5,-101.53,559,170.0,95.0,194.74342094150447,0,0.802513953935545,-30,6,0,8.757507015804393
3668,2404301,417315.0,3385530.0,30,60,3,3,2585.0,12.2,529,0,5,417345,3385765,530,0,5,-99.75,559,30.0,235.0,236.90715480964266,1,-52.72499504211072,-29,6,0,6.978903529418368
3669,2404301,417315.0,3385530.0,30,60,3,3,2585.0,12.2,529,0,5,417350,3385780,530,0,10,-101.25,559,35.0,250.0,252.43811122728675,1,-52.030389605678636,-29,6,0,6.553390346230833
3670,2404301,417315.0,3385530.0,30,60,3,3,2585.0,12.2,529,0,5,417355,3385775,530,0,5,-103.67,559,40.0,245.0,248.2438317461282,1,-50.72739822279971,-29,6,0,6.663127697225333
3671,2404301,417315.0,3385530.0,30,60,3,3,2585.0,12.2,529,0,5,417330,3385800,529,0,5,-104.0,559,15.0,270.0,270.4163456597992,0,-56.82016988013578,-30,6,0,6.330509401162715
3672,2404301,417315.0,3385530.0,30,60,3,3,2585.0,12.2,529,0,5,417445,3385665,530,0,10,-97.11,559,130.0,135.0,187.41664813991312,1,-16.080924186660695,-29,6,0,8.795930595586618
3673,2404301,417315.0,3385530.0,30,60,3,3,2585.0,12.2,529,0,5,417520,3385750,533,111,5,-95.0,559,205.0,220.0,300.70749907509787,4,-17.021364940356023,-26,6,0,4.941661320196246
3674,2404301,417315.0,3385530.0,30,60,3,3,2585.0,12.2,529,0,5,417465,3385645,529,0,5,-106.8,559,150.0,115.0,189.01058171435798,0,-7.476179561361391,-30,6,0,9.018825786453384
3675,2404301,417315.0,3385530.0,30,60,3,3,2585.0,12.2,529,0,5,417495,3385635,530,0,5,-97.43,559,180.0,105.0,208.38665984174708,1,-0.25643716352925594,-29,6,0,7.922647791566335
3676,2404301,417315.0,3385530.0,30,60,3,3,2585.0,12.2,529,0,5,417455,3385675,530,0,5,-96.5,559,140.0,145.0,201.55644370746373,1,-16.005086005254157,-29,6,0,8.187543799022148
3677,2404301,417315.0,3385530.0,30,60,3,3,2585.0,12.2,529,0,5,417480,3385630,529,0,5,-102.25,559,165.0,100.0,192.93781381574738,0,-1.218402764346365,-30,6,0,8.838176008173383
3678,2404301,417315.0,3385530.0,30,60,3,3,2585.0,12.2,529,0,5,417525,3385745,533,111,5,-100.0,559,210.0,215.0,300.54117854297436,4,-15.674036897984479,-26,6,0,4.944382499704591
3679,2404301,417315.0,3385530.0,30,60,3,3,2585.0,12.2,529,0,5,417535,3385755,533,111,5,-95.0,559,220.0,225.0,314.6823795511913,4,-15.643745714175395,-26,6,0,4.723220496555885
3680,2404301,417315.0,3385530.0,30,60,3,3,2585.0,12.2,529,0,5,417530,3385760,533,111,5,-100.5,559,215.0,230.0,314.8412298286233,4,-16.930587441167006,-26,6,0,4.720848212147208
3681,2404301,417315.0,3385530.0,30,60,3,3,2585.0,12.2,529,0,5,417475,3385655,530,102,5,-98.75,559,160.0,125.0,203.03940504246953,1,-7.998732442504661,-29,6,0,8.128545586422883
3682,2404301,417315.0,3385530.0,30,60,3,3,2585.0,12.2,529,0,5,417490,3385640,530,102,5,-104.14,559,175.0,110.0,206.70026608594387,1,-2.152295141282366,-29,6,0,7.986455143615126
3683,2404301,417315.0,3385530.0,30,60,3,3,2585.0,12.2,529,0,5,417460,3385650,530,0,5,-96.33,559,145.0,120.0,188.2153022471871,1,-9.610688240026604,-29,6,0,8.75918684445024
3684,2404301,417315.0,3385530.0,30,60,3,3,2585.0,12.2,529,0,5,417440,3385670,530,0,10,-92.92,559,125.0,140.0,187.6832437912346,1,-18.239700296102114,-29,6,0,8.783631345410852
3685,2404301,417315.0,3385530.0,30,60,3,3,2585.0,12.2,529,0,5,417390,3385435,526,0,5,-95.5,559,75.0,-95.0,121.03718436910205,-3,81.70983680775691,-33,6,0,15.250650385183746
3686,2404301,417315.0,3385530.0,30,60,3,3,2585.0,12.2,529,0,5,417370,3385415,527,0,10,-93.0,559,55.0,-115.0,127.47548783981962,-2,94.44003482817618,-32,6,0,14.091700591897734
3687,2404301,417315.0,3385530.0,30,60,3,3,2585.0,12.2,529,0,5,417590,3385555,529,0,5,-106.5,559,275.0,25.0,276.1340254296815,0,24.80557109226521,-30,6,0,6.200460431736468
3688,2404301,417315.0,3385530.0,30,60,3,3,2585.0,12.2,529,0,5,417380,3385425,526,0,5,-97.0,559,65.0,-105.0,123.4908903522847,-3,88.24051991518718,-33,6,0,14.961342923048509
3689,2404301,417315.0,3385530.0,30,60,3,3,2585.0,12.2,529,0,5,417395,3385440,526,0,5,-88.33,559,80.0,-90.0,120.41594578792295,-3,78.36646066342979,-33,6,0,15.325639360497606
3690,2404301,417315.0,3385530.0,30,60,3,3,2585.0,12.2,529,0,5,417530,3385575,527,0,10,-106.0,559,215.0,45.0,219.65882636488797,-2,18.17851165939277,-32,6,0,8.288568476580803
3691,2404301,417315.0,3385530.0,30,60,3,3,2585.0,12.2,529,0,5,417375,3385420,527,0,5,-87.0,559,60.0,-110.0,125.29964086141668,-2,91.38954033403479,-32,6,0,14.326412777554246
3692,2404301,417315.0,3385530.0,30,60,3,3,2585.0,12.2,529,0,5,417460,3385505,523,0,5,-90.75,559,145.0,-25.0,147.13938969562162,-6,39.78240703180728,-36,6,0,13.74824396752635
3693,2404301,417315.0,3385530.0,30,60,3,3,2585.0,12.2,529,0,5,417490,3385455,524,0,6,-91.0,559,175.0,-75.0,190.3943276465977,-5,53.198590513648185,-35,6,0,10.416331836297568
3694,2404301,417315.0,3385530.0,30,60,3,3,2585.0,12.2,529,0,5,417445,3385490,523,0,5,-91.78,559,130.0,-40.0,136.01470508735443,-6,47.10272896905235,-36,6,0,14.824947616101927
3695,2404301,417315.0,3385530.0,30,60,3,3,2585.0,12.2,529,0,5,417485,3385450,524,0,6,-106.0,559,170.0,-80.0,187.88294228055935,-5,55.20112364547509,-35,6,0,10.552457030244582
3696,2404301,417315.0,3385530.0,30,60,3,3,2585.0,12.2,529,0,5,417455,3385500,523,0,5,-90.67,559,140.0,-30.0,143.17821063276352,-6,42.094757077012105,-36,6,0,14.113595267486957
3697,2404301,417315.0,3385530.0,30,60,3,3,2585.0,12.2,529,0,5,417500,3385465,524,0,6,-91.0,559,185.0,-65.0,196.08671551127577,-5,49.35899417569476,-35,6,0,10.120286785645145
3698,2404301,417315.0,3385530.0,30,60,3,3,2585.0,12.2,529,0,5,417385,3385430,526,0,5,-101.67,559,70.0,-100.0,122.06555615733703,-3,85.00797980144137,-33,6,0,15.128079354357267
3699,2404301,417315.0,3385530.0,30,60,3,3,2585.0,12.2,529,0,5,417450,3385495,523,0,5,-90.91,559,135.0,-35.0,139.46325680981354,-6,44.53445508054011,-36,6,0,14.47394634891552
3700,2404301,417315.0,3385530.0,30,60,3,3,2585.0,12.2,529,0,5,417475,3385520,524,0,6,-98.17,559,160.0,-10.0,160.31219541881399,-5,33.57633437499737,-35,6,0,12.315791914731678
3701,2404301,417315.0,3385530.0,30,60,3,3,2585.0,12.2,529,0,5,417440,3385485,524,0,5,-94.43,559,125.0,-45.0,132.85330255586422,-5,49.79887635452491,-35,6,0,14.75913245804267
3702,2404301,417315.0,3385530.0,30,60,3,3,2585.0,12.2,529,0,5,417465,3385510,524,0,5,-96.7,559,150.0,-20.0,151.32745950421557,-5,37.59464336859145,-35,6,0,13.022752979862533
3703,2404301,417315.0,3385530.0,30,60,3,3,2585.0,12.2,529,0,5,417495,3385460,524,0,6,-91.67,559,180.0,-70.0,193.13207915827965,-5,51.250505507133255,-35,6,0,10.27184009659522
3704,2404301,417315.0,3385530.0,30,60,3,3,2585.0,12.2,529,0,5,417470,3385515,524,0,6,-104.29,559,155.0,-15.0,155.72411502397438,-5,35.52754015165618,-35,6,0,12.667101067635173
3705,2404301,417315.0,3385530.0,30,60,3,3,2585.0,12.2,529,0,5,417225,3385430,530,0,10,-78.71,559,-90.0,-100.0,134.5362404707371,1,161.98721249581664,-29,6,0,12.16428744557941
3706,2404301,417315.0,3385530.0,30,60,3,3,2585.0,12.2,529,0,5,417235,3385440,531,0,5,-81.4,559,-80.0,-90.0,120.41594578792295,2,161.6335393365702,-28,6,0,13.09021910779267
3707,2404301,417315.0,3385530.0,30,60,3,3,2585.0,12.2,529,0,5,417110,3385555,528,0,7,-111.5,559,-205.0,25.0,206.51876428063383,-1,216.9529574681739,-31,6,0,8.536785095711535
3708,2404301,417315.0,3385530.0,30,60,3,3,2585.0,12.2,529,0,5,417205,3385410,529,0,5,-94.5,559,-110.0,-120.0,162.78820596099706,0,162.51044707800082,-30,6,0,10.441798171725758
3709,2404301,417315.0,3385530.0,30,60,3,3,2585.0,12.2,529,0,5,417210,3385415,530,0,10,-92.33,559,-105.0,-115.0,155.72411502397438,1,162.3974377975002,-29,6,0,10.549166293693636
3710,2404301,417315.0,3385530.0,30,60,3,3,2585.0,12.2,529,0,5,417215,3385420,530,0,10,-86.67,559,-100.0,-110.0,148.66068747318505,1,162.27368900609375,-29,6,0,11.038354799455488
3711,2404301,417315.0,3385530.0,30,60,3,3,2585.0,12.2,529,0,5,417230,3385435,530,0,10,-88.88,559,-85.0,-95.0,127.47548783981962,1,161.82016988013575,-29,6,0,12.81635983736497
3712,2404301,417315.0,3385530.0,30,60,3,3,2585.0,12.2,529,0,5,417220,3385425,530,0,10,-90.0,559,-95.0,-105.0,141.59802258506295,1,162.13759477388825,-29,6,0,11.574410327982859
3713,2404301,417315.0,3385530.0,30,60,3,3,2585.0,12.2,529,0,5,417820,3385445,525,93,5,-105.0,559,505.0,-85.0,512.1035051627747,-4,39.55428967240175,-34,6,0,3.7984541818723687
3714,2404301,417315.0,3385530.0,30,60,3,3,2585.0,12.2,529,0,5,417685,3385430,525,0,5,-110.5,559,370.0,-100.0,383.275357934736,-4,45.12400730831058,-34,6,0,5.0693855192693436
3715,2404301,417315.0,3385530.0,30,60,3,3,2585.0,12.2,529,0,5,417735,3385400,524,0,5,-96.0,559,420.0,-130.0,439.65895873961216,-5,47.19854122006586,-35,6,0,4.551555485142088
3716,2404301,417315.0,3385530.0,30,60,3,3,2585.0,12.2,529,0,5,417235,3385705,529,0,6,-107.5,559,-80.0,175.0,192.41881404893857,0,275.4328286793987,-30,6,0,8.861636836471824
3717,2404301,417315.0,3385530.0,30,60,3,3,2585.0,12.2,529,0,5,417190,3385670,529,0,5,-102.0,559,-125.0,140.0,187.6832437912346,0,258.2397002961021,-30,6,0,9.081549639987502
3718,2404301,417315.0,3385530.0,30,60,3,3,2585.0,12.2,529,0,5,417170,3385650,529,0,5,-85.0,559,-145.0,120.0,188.2153022471871,0,249.6106882400266,-30,6,0,9.056303411315264
3719,2404301,417315.0,3385530.0,30,60,3,3,2585.0,12.2,529,0,5,417180,3385680,529,0,10,-108.5,559,-135.0,150.0,201.80436070610565,0,258.01278750418334,-30,6,0,8.455598371470435
3720,2404301,417315.0,3385530.0,30,60,3,3,2585.0,12.2,529,0,5,417410,3385555,525,0,6,-88.0,559,95.0,25.0,98.2344135219425,-4,15.256437163529256,-34,6,0,19.09129396485053
3721,2404301,417315.0,3385530.0,30,60,3,3,2585.0,12.2,529,0,5,417425,3385530,523,0,5,-84.0,559,110.0,0.0,110.0,-6,30.0,-36,6,0,18.121860247901356
3722,2404301,417315.0,3385530.0,30,60,3,3,2585.0,12.2,529,0,5,417355,3385460,526,0,5,-92.5,559,40.0,-70.0,80.62257748298549,-3,90.25511870305775,-33,6,0,22.26000311016407
3723,2404301,417315.0,3385530.0,30,60,3,3,2585.0,12.2,529,0,5,417285,3385510,531,0,5,-89.7,559,-30.0,-20.0,36.05551275463989,2,176.30993247402023,-28,6,0,37.83220836158625
3724,2404301,417315.0,3385530.0,30,60,3,3,2585.0,12.2,529,0,5,417315,3385500,529,0,5,-89.12,559,0.0,-30.0,30.0,0,120.0,-30,6,0,45.0
3725,2404301,417315.0,3385530.0,30,60,3,3,2585.0,12.2,529,0,5,417290,3385515,531,0,5,-86.75,559,-25.0,-15.0,29.154759474226502,2,179.03624346792648,-28,6,0,43.84254882057086
3726,2404301,417315.0,3385530.0,30,60,3,3,2585.0,12.2,529,0,5,417300,3385485,530,0,10,-85.15,559,-15.0,-45.0,47.43416490252569,1,138.434948822922,-29,6,0,31.440517824654222
3727,2404301,417315.0,3385530.0,30,60,3,3,2585.0,12.2,529,0,5,417340,3385445,528,0,5,-91.11,559,25.0,-85.0,88.60022573334675,-1,103.61045966596521,-31,6,0,19.284239449644296
3728,2404301,417315.0,3385530.0,30,60,3,3,2585.0,12.2,529,0,5,417345,3385450,527,0,5,-101.83,559,30.0,-80.0,85.44003745317531,-2,99.44395478041656,-32,6,0,20.532516536432254
3729,2404301,417315.0,3385530.0,30,60,3,3,2585.0,12.2,529,0,5,417350,3385455,527,0,5,-100.38,559,35.0,-75.0,82.76472678623425,-2,94.98310652190003,-32,6,0,21.13840290967278
3730,2404301,417315.0,3385530.0,30,60,3,3,2585.0,12.2,529,0,5,417370,3385595,527,0,6,-72.64,559,55.0,65.0,85.14693182963201,-2,-19.76364169072616,-32,6,0,20.597271499505716
3731,2404301,417315.0,3385530.0,30,60,3,3,2585.0,12.2,529,0,5,417400,3385545,525,0,5,-77.0,559,85.0,15.0,86.31338250816034,-4,19.992020198558635,-34,6,0,21.500146215208936
3732,2404301,417315.0,3385530.0,30,60,3,3,2585.0,12.2,529,0,5,417365,3385590,527,0,6,-71.03,559,50.0,60.0,78.10249675906654,-2,-20.19442890773479,-32,6,0,22.27979635056861
3733,2404301,417315.0,3385530.0,30,60,3,3,2585.0,12.2,529,0,5,417575,3385400,522,0,5,-88.5,559,260.0,-130.0,290.68883707497264,-7,56.565051177077976,-37,6,0,7.253822837565709
3734,2404301,417315.0,3385530.0,30,60,3,3,2585.0,12.2,529,0,5,417420,3385525,523,0,5,-85.45,559,105.0,-5.0,105.11898020814318,-6,32.72631099390628,-36,6,0,18.90474621791001
3735,2404301,417315.0,3385530.0,30,60,3,3,2585.0,12.2,529,0,5,417295,3385520,530,0,5,-87.0,559,-20.0,-10.0,22.360679774997898,1,183.43494882292202,-29,6,0,52.36569536183977
3736,2404301,417315.0,3385530.0,30,60,3,3,2585.0,12.2,529,0,5,417405,3385550,525,0,5,-84.75,559,90.0,20.0,92.19544457292888,-4,17.471192290848478,-34,6,0,20.243055274274415
3737,2404301,417315.0,3385530.0,30,60,3,3,2585.0,12.2,529,0,5,417330,3385475,528,102,5,-93.67,559,15.0,-55.0,57.0087712549569,-1,104.74488129694225,-31,6,0,28.536285097065146
3738,2404301,417315.0,3385530.0,30,60,3,3,2585.0,12.2,529,0,5,417360,3385585,527,0,5,-72.0,559,45.0,55.0,71.06335201775947,-2,-20.710593137499643,-32,6,0,24.242153569702552
3739,2404301,417315.0,3385530.0,30,60,3,3,2585.0,12.2,529,0,5,417310,3385495,529,0,10,-88.89,559,-5.0,-35.0,35.35533905932738,0,128.13010235415598,-30,6,0,40.315542210772584
3740,2404301,417315.0,3385530.0,30,60,3,3,2585.0,12.2,529,0,5,417305,3385490,529,0,10,-86.75,559,-10.0,-40.0,41.23105625617661,0,134.03624346792648,-30,6,0,36.039893430303856
3741,2404301,417315.0,3385530.0,30,60,3,3,2585.0,12.2,529,0,5,417390,3385575,526,0,6,-80.78,559,75.0,45.0,87.46427842267951,-3,-0.9637565320734893,-33,6,0,20.67133505503099
3742,2404301,417315.0,3385530.0,30,60,3,3,2585.0,12.2,529,0,5,417325,3385470,528,102,5,-88.0,559,10.0,-60.0,60.8276253029822,-1,110.53767779197437,-31,6,0,27.005067496917636
3743,2404301,417315.0,3385530.0,30,60,3,3,2585.0,12.2,529,0,5,417385,3385570,526,0,5,-85.0,559,70.0,40.0,80.62257748298549,-3,0.2551187030578035,-33,6,0,22.26000311016407
3744,2404301,417315.0,3385530.0,30,60,3,3,2585.0,12.2,529,0,5,417335,3385480,527,0,5,-96.8,559,20.0,-50.0,53.85164807134504,-2,98.19859051364824,-32,6,0,30.719843615670136
3745,2404301,417315.0,3385530.0,30,60,3,3,2585.0,12.2,529,0,5,417415,3385560,525,0,6,-92.0,559,100.0,30.0,104.4030650891055,-4,13.300755766006375,-34,6,0,18.038406072913723
3746,2404301,417315.0,3385530.0,30,60,3,3,2585.0,12.2,529,0,5,417320,3385465,528,102,5,-93.95,559,5.0,-65.0,65.19202405202648,-1,115.60129464500449,-31,6,0,25.431942517544005
3747,2404301,417315.0,3385530.0,30,60,3,3,2585.0,12.2,529,0,5,417375,3385600,527,0,6,-72.0,559,60.0,70.0,92.19544457292888,-2,-19.398705354995514,-32,6,0,19.14131168231073
3748,2404301,417315.0,3385530.0,30,60,3,3,2585.0,12.2,529,0,5,417395,3385580,526,0,6,-91.33,559,80.0,50.0,94.33981132056604,-3,-2.005383208083515,-33,6,0,19.27980126645606
3749,2404301,417315.0,3385530.0,30,60,3,3,2585.0,12.2,529,0,5,417280,3385505,532,0,5,-83.5,559,-35.0,-25.0,43.01162633521314,3,174.46232220802563,-27,6,0,32.11802315292065
3750,2404301,417315.0,3385530.0,30,60,3,3,2585.0,12.2,529,0,5,417380,3385565,526,0,5,-82.29,559,65.0,35.0,73.824115301167,-3,1.6992442339936247,-33,6,0,24.08504465800616
3751,2404301,417315.0,3385530.0,30,60,3,3,2585.0,12.2,529,0,5,417555,3385420,523,0,5,-91.0,559,240.0,-110.0,264.0075756488817,-6,54.62356478616363,-36,6,0,7.764945916761896
3752,2404301,417315.0,3385530.0,30,60,3,3,2585.0,12.2,529,0,5,417390,3385735,530,0,10,-98.0,559,75.0,205.0,218.28879952943075,1,-39.904768808095184,-29,6,0,7.567518291835867
3753,2404301,417315.0,3385530.0,30,60,3,3,2585.0,12.2,529,0,5,417395,3385740,530,0,10,-97.5,559,80.0,210.0,224.72205054244233,1,-39.14554196042167,-29,6,0,7.353283793233194
3754,2404301,417315.0,3385530.0,30,60,3,3,2585.0,12.2,529,0,5,417345,3385610,528,0,6,-66.25,559,30.0,80.0,85.44003745317531,-1,-39.44395478041656,-31,6,0,19.942166764242153
3755,2404301,417315.0,3385530.0,30,60,3,3,2585.0,12.2,529,0,5,417300,3385645,530,0,6,-87.0,559,-15.0,115.0,115.97413504743201,1,292.5685920288275,-29,6,0,14.039250087971979
3756,2404301,417315.0,3385530.0,30,60,3,3,2585.0,12.2,529,0,5,417350,3385615,528,0,6,-90.0,559,35.0,85.0,91.92388155425118,-1,-37.6198649480404,-31,6,0,18.63593477899324
3757,2404301,417315.0,3385530.0,30,60,3,3,2585.0,12.2,529,0,5,417375,3385760,530,0,5,-89.5,559,60.0,230.0,237.69728648009425,1,-45.37912601136833,-29,6,0,6.9559325444487285
3758,2404301,417315.0,3385530.0,30,60,3,3,2585.0,12.2,529,0,5,417415,3385720,531,0,6,-93.5,559,100.0,190.0,214.7091055358389,2,-32.24145939893998,-28,6,0,7.429955511029096
3759,2404301,417315.0,3385530.0,30,60,3,3,2585.0,12.2,529,0,5,417325,3385630,530,0,6,-84.0,559,10.0,100.0,100.4987562112089,1,-54.28940686250036,-29,6,0,16.09606580776716
3760,2404301,417315.0,3385530.0,30,60,3,3,2585.0,12.2,529,0,5,417495,3385800,533,0,5,-99.0,559,180.0,270.0,324.49961479175903,4,-26.30993247402023,-26,6,0,4.580944346246939
3761,2404301,417315.0,3385530.0,30,60,3,3,2585.0,12.2,529,0,5,417370,3385755,530,0,5,-96.5,559,55.0,225.0,231.62469643800938,1,-46.26373169437744,-29,6,0,7.136442139337893
3762,2404301,417315.0,3385530.0,30,60,3,3,2585.0,12.2,529,0,5,417320,3385625,530,0,6,-89.0,559,5.0,95.0,95.13148795220224,1,-56.987212495816664,-29,6,0,16.953382991019495
3763,2404301,417315.0,3385530.0,30,60,3,3,2585.0,12.2,529,0,5,417285,3385670,530,0,6,-90.5,559,-30.0,140.0,143.17821063276352,1,287.9052429229879,-29,6,0,11.450061199346589
3764,2404301,417315.0,3385530.0,30,60,3,3,2585.0,12.2,529,0,5,417335,3385640,529,0,6,-95.33,559,20.0,110.0,111.80339887498948,0,-49.695153531233984,-30,6,0,15.020256666513818
3765,2404301,417315.0,3385530.0,30,60,3,3,2585.0,12.2,529,0,5,417425,3385690,530,0,5,-87.63,559,110.0,160.0,194.164878389476,1,-25.491477012331586,-29,6,0,8.494765273619198
3766,2404301,417315.0,3385530.0,30,60,3,3,2585.0,12.2,529,0,5,417295,3385680,530,0,5,-97.0,559,-20.0,150.0,151.32745950421557,1,292.40535663140855,-29,6,0,10.848486858648458
3767,2404301,417315.0,3385530.0,30,60,3,3,2585.0,12.2,529,0,5,417430,3385695,531,0,5,-79.75,559,115.0,165.0,201.12185361118767,2,-25.124671655397833,-28,6,0,7.925722549557537
3768,2404301,417315.0,3385530.0,30,60,3,3,2585.0,12.2,529,0,5,417435,3385700,531,0,5,-80.88,559,120.0,170.0,208.08652046684813,2,-24.78240703180728,-28,6,0,7.663654367922672
3769,2404301,417315.0,3385530.0,30,60,3,3,2585.0,12.2,529,0,5,417355,3385620,528,0,6,-79.86,559,40.0,90.0,98.48857801796105,-1,-36.03751102542179,-31,6,0,17.47177658169687
3770,2404301,417315.0,3385530.0,30,60,3,3,2585.0,12.2,529,0,5,417420,3385685,530,0,5,-91.13,559,105.0,155.0,187.21645226849054,1,-25.885527054658724,-29,6,0,8.805189016043395
3771,2404301,417315.0,3385530.0,30,60,3,3,2585.0,12.2,529,0,5,417305,3385650,530,0,6,-92.0,559,-10.0,120.0,120.41594578792295,1,295.23635830927384,-29,6,0,13.540792726885439
3772,2404301,417315.0,3385530.0,30,60,3,3,2585.0,12.2,529,0,5,417505,3385770,532,0,5,-87.0,559,190.0,240.0,306.10455730027934,3,-21.63251461513846,-27,6,0,5.040737575162135
3773,2404301,417315.0,3385530.0,30,60,3,3,2585.0,12.2,529,0,5,417340,3385605,529,0,6,-74.25,559,25.0,75.0,79.05694150420949,0,-41.565051177077976,-30,6,0,20.78041748766358
3774,2404301,417315.0,3385530.0,30,60,3,3,2585.0,12.2,529,0,5,417280,3385665,530,0,6,-104.33,559,-35.0,135.0,139.46325680981354,1,285.4655449194599,-29,6,0,11.746692435696449
3775,2404301,417315.0,3385530.0,30,60,3,3,2585.0,12.2,529,0,5,417315,3385450,529,0,5,-94.33,559,0.0,-80.0,80.0,0,120.0,-30,6,0,20.556045219583467
3776,2404301,417315.0,3385530.0,30,60,3,3,2585.0,12.2,529,0,5,417590,3385405,523,0,5,-91.89,559,275.0,-125.0,302.0761493398643,-6,54.44395478041656,-36,6,0,6.796184875985296
3777,2404301,417315.0,3385530.0,30,60,3,3,2585.0,12.2,529,0,5,417395,3385530,524,0,5,-84.95,559,80.0,0.0,80.0,-5,30.0,-35,6,0,23.629377730656817
3778,2404301,417315.0,3385530.0,30,60,3,3,2585.0,12.2,529,0,5,417365,3385560,526,0,5,-74.88,559,50.0,30.0,58.309518948453004,-3,-0.9637565320734893,-33,6,0,29.507488693090572
3779,2404301,417315.0,3385530.0,30,60,3,3,2585.0,12.2,529,0,5,417355,3385490,525,0,5,-89.89,559,40.0,-40.0,56.568542494923804,-4,75.0,-34,6,0,31.007583006867137
3780,2404301,417315.0,3385530.0,30,60,3,3,2585.0,12.2,529,0,5,417410,3385585,527,0,6,-90.5,559,95.0,55.0,109.77249200050075,-2,-0.06858282186243514,-32,6,0,16.25203801370612
3781,2404301,417315.0,3385530.0,30,60,3,3,2585.0,12.2,529,0,5,417415,3385590,527,0,5,-91.11,559,100.0,60.0,116.61903789690601,-2,-0.9637565320734893,-32,6,0,15.344165268263534
3782,2404301,417315.0,3385530.0,30,60,3,3,2585.0,12.2,529,0,5,417280,3385475,531,0,5,-86.22,559,-35.0,-55.0,65.19202405202648,2,152.47119229084848,-28,6,0,23.243541995894663
3783,2404301,417315.0,3385530.0,30,60,3,3,2585.0,12.2,529,0,5,417300,3385455,530,0,5,-93.14,559,-15.0,-75.0,76.48529270389177,1,131.3099324740202,-29,6,0,20.764616525806094
3784,2404301,417315.0,3385530.0,30,60,3,3,2585.0,12.2,529,0,5,417310,3385445,529,102,5,-97.8,559,-5.0,-85.0,85.14693182963201,0,123.36646066342982,-30,6,0,19.408998573584515
3785,2404301,417315.0,3385530.0,30,60,3,3,2585.0,12.2,529,0,5,417385,3385540,524,0,10,-81.89,559,70.0,10.0,70.71067811865476,-5,21.86989764584405,-35,6,0,26.334247846853142
3786,2404301,417315.0,3385530.0,30,60,3,3,2585.0,12.2,529,0,5,417425,3385580,526,0,5,-90.27,559,110.0,50.0,120.83045973594572,-3,5.556045219583439,-33,6,0,15.275524212597402
3787,2404301,417315.0,3385530.0,30,60,3,3,2585.0,12.2,529,0,5,417370,3385545,525,0,5,-78.06,559,55.0,15.0,57.0087712549569,-4,14.744881296942253,-34,6,0,30.811827213450844
3788,2404301,417315.0,3385530.0,30,60,3,3,2585.0,12.2,529,0,5,417285,3385480,531,0,5,-83.9,559,-30.0,-50.0,58.309518948453004,2,150.96375653207352,-28,6,0,25.650134005257883
3789,2404301,417315.0,3385530.0,30,60,3,3,2585.0,12.2,529,0,5,417320,3385515,528,0,10,-83.68,559,5.0,-15.0,15.811388300841896,-1,101.56505117707798,-31,6,0,62.97638215626833
3790,2404301,417315.0,3385530.0,30,60,3,3,2585.0,12.2,529,0,5,417405,3385600,527,0,5,-90.27,559,90.0,70.0,114.0175425099138,-2,-7.874983651098205,-32,6,0,15.677230328573879
3791,2404301,417315.0,3385530.0,30,60,3,3,2585.0,12.2,529,0,5,417305,3385460,529,0,5,-96.27,559,-10.0,-70.0,70.71067811865476,0,128.13010235415598,-30,6,0,22.989767773608854
3792,2404301,417315.0,3385530.0,30,60,3,3,2585.0,12.2,529,0,5,417325,3385520,527,0,10,-84.84,559,10.0,-10.0,14.142135623730951,-2,75.0,-32,6,0,66.15736397620765
3793,2404301,417315.0,3385530.0,30,60,3,3,2585.0,12.2,529,0,5,417595,3385410,523,0,5,-97.5,559,280.0,-120.0,304.63092423455635,-6,53.198590513648185,-36,6,0,6.739715441829896
3794,2404301,417315.0,3385530.0,30,60,3,3,2585.0,12.2,529,0,5,417420,3385575,526,0,6,-88.45,559,105.0,45.0,114.23659658795863,-3,6.801409486351815,-33,6,0,16.11263892359911
3795,2404301,417315.0,3385530.0,30,60,3,3,2585.0,12.2,529,0,5,417360,3385555,525,0,5,-71.84,559,45.0,25.0,51.478150704935004,-4,0.945395900922847,-34,6,0,33.443740139970444
3796,2404301,417315.0,3385530.0,30,60,3,3,2585.0,12.2,529,0,5,417350,3385485,526,0,5,-97.54,559,35.0,-45.0,57.0087712549569,-3,82.1250163489018,-33,6,0,30.064760223154476
3797,2404301,417315.0,3385530.0,30,60,3,3,2585.0,12.2,529,0,5,417295,3385470,530,0,5,-86.91,559,-20.0,-60.0,63.245553203367585,1,138.434948822922,-29,6,0,24.632888438449754
3798,2404301,417315.0,3385530.0,30,60,3,3,2585.0,12.2,529,0,5,417290,3385465,530,0,5,-84.85,559,-25.0,-65.0,69.6419413859206,1,141.03751102542182,-29,6,0,22.607613208029925
3799,2404301,417315.0,3385530.0,30,60,3,3,2585.0,12.2,529,0,5,417330,3385505,527,0,5,-86.11,559,15.0,-25.0,29.154759474226502,-2,89.03624346792651,-32,6,0,47.663779618325854
3800,2404301,417315.0,3385530.0,30,60,3,3,2585.0,12.2,529,0,5,417435,3385570,526,0,6,-82.8,559,120.0,40.0,126.49110640673517,-3,11.565051177077976,-33,6,0,14.621857928589792
3801,2404301,417315.0,3385530.0,30,60,3,3,2585.0,12.2,529,0,5,417400,3385595,527,0,6,-87.44,559,85.0,65.0,107.00467279516349,-2,-7.4053566314085515,-32,6,0,16.649418649993443
3802,2404301,417315.0,3385530.0,30,60,3,3,2585.0,12.2,529,0,5,417430,3385565,525,0,6,-81.9,559,115.0,35.0,120.20815280171308,-4,13.072486935852965,-34,6,0,15.793169048263962
3803,2404301,417315.0,3385530.0,30,60,3,3,2585.0,12.2,529,0,5,417345,3385500,526,0,5,-81.67,559,30.0,-30.0,42.42640687119285,-3,75.0,-33,6,0,37.87640024160826
3804,2404301,417315.0,3385530.0,30,60,3,3,2585.0,12.2,529,0,5,417335,3385510,527,0,10,-81.43,559,20.0,-20.0,28.284271247461902,-2,75.0,-32,6,0,48.5270656910595
3805,2404301,417315.0,3385530.0,30,60,3,3,2585.0,12.2,529,0,5,417580,3385415,523,0,5,-92.0,559,265.0,-115.0,288.87713651308576,-6,53.459024081461564,-36,6,0,7.103603544501718
3806,2404301,417315.0,3385530.0,30,60,3,3,2585.0,12.2,529,0,5,417375,3385550,525,0,5,-80.03,559,60.0,20.0,63.245553203367585,-4,11.565051177077976,-34,6,0,28.261905876437847
3807,2404301,417315.0,3385530.0,30,60,3,3,2585.0,12.2,529,0,5,417340,3385495,527,0,5,-77.14,559,25.0,-35.0,43.01162633521314,-2,84.46232220802563,-32,6,0,36.648690118271546
3808,2404301,417315.0,3385530.0,30,60,3,3,2585.0,12.2,529,0,5,417380,3385535,524,0,10,-81.58,559,65.0,5.0,65.19202405202648,-5,25.601294645004486,-35,6,0,28.230261125001654
3809,2404301,417315.0,3385530.0,30,60,3,3,2585.0,12.2,529,0,5,417390,3385525,524,0,10,-85.0,559,75.0,-5.0,75.16648189186454,-5,33.81407483429035,-35,6,0,24.96824423425637
3810,2404301,417315.0,3385530.0,30,60,3,3,2585.0,12.2,529,0,5,417285,3385440,530,0,5,-81.33,559,-30.0,-90.0,94.86832980505137,1,138.434948822922,-29,6,0,16.997702789471
3811,2404301,417315.0,3385530.0,30,60,3,3,2585.0,12.2,529,0,5,417495,3385550,525,102,5,-107.5,559,180.0,20.0,181.10770276274835,-4,23.65980825409008,-34,6,0,10.632584148072777
3812,2404301,417315.0,3385530.0,30,60,3,3,2585.0,12.2,529,0,5,417300,3385415,529,0,5,-90.25,559,-15.0,-115.0,115.97413504743201,0,127.43140797117252,-30,6,0,14.503264277844725
3813,2404301,417315.0,3385530.0,30,60,3,3,2585.0,12.2,529,0,5,417350,3385365,528,0,5,-96.33,559,35.0,-165.0,168.67127793433,-1,108.02386755579664,-31,6,0,10.414139052883721
3814,2404301,417315.0,3385530.0,30,60,3,3,2585.0,12.2,529,0,5,417355,3385370,528,0,5,-95.5,559,40.0,-160.0,164.92422502470643,-1,105.96375653207349,-31,6,0,10.645396857822258
3815,2404301,417315.0,3385530.0,30,60,3,3,2585.0,12.2,529,0,5,417485,3385560,526,0,5,-101.5,559,170.0,30.0,172.6267650163207,-3,19.992020198558635,-33,6,0,10.822314570966277
3816,2404301,417315.0,3385530.0,30,60,3,3,2585.0,12.2,529,0,5,417305,3385420,529,0,5,-94.4,559,-10.0,-110.0,110.45361017187261,0,125.19442890773479,-30,6,0,15.195371245889852
3817,2404301,417315.0,3385530.0,30,60,3,3,2585.0,12.2,529,0,5,417445,3385600,527,0,5,-91.58,559,130.0,70.0,147.648230602334,-2,1.6992442339936247,-32,6,0,12.228662404223376
3818,2404301,417315.0,3385530.0,30,60,3,3,2585.0,12.2,529,0,5,417480,3385555,525,0,5,-101.57,559,165.0,25.0,166.88319268278636,-4,21.384351815835885,-34,6,0,11.515570262329781
3819,2404301,417315.0,3385530.0,30,60,3,3,2585.0,12.2,529,0,5,417460,3385575,526,102,5,-95.0,559,145.0,45.0,151.82226450688975,-3,12.75854060106002,-33,6,0,12.263029548311179
3820,2404301,417315.0,3385530.0,30,60,3,3,2585.0,12.2,529,0,5,417440,3385595,527,0,5,-94.71,559,125.0,65.0,140.8900280360537,-2,2.5255683737228765,-32,6,0,12.796353657100921
3821,2404301,417315.0,3385530.0,30,60,3,3,2585.0,12.2,529,0,5,417330,3385385,528,0,10,-102.5,559,15.0,-145.0,145.7737973711325,-1,114.09385888622955,-31,6,0,12.005574098792481
3822,2404301,417315.0,3385530.0,30,60,3,3,2585.0,12.2,529,0,5,417450,3385585,526,0,5,-93.78,559,135.0,55.0,145.7737973711325,-3,7.833654177917538,-33,6,0,12.755517651585702
3823,2404301,417315.0,3385530.0,30,60,3,3,2585.0,12.2,529,0,5,417570,3385465,525,0,6,-105.0,559,255.0,-65.0,263.1539473388153,-4,44.300277449185614,-34,6,0,7.361941887491378
3824,2404301,417315.0,3385530.0,30,60,3,3,2585.0,12.2,529,0,5,417490,3385545,525,102,5,-107.67,559,175.0,15.0,175.64168070250295,-4,25.100907546212227,-34,6,0,10.955583214442196
3825,2404301,417315.0,3385530.0,30,60,3,3,2585.0,12.2,529,0,5,417455,3385590,527,0,5,-94.0,559,140.0,60.0,152.31546211727817,-2,6.801409486351815,-32,6,0,11.864733904530008
3826,2404301,417315.0,3385530.0,30,60,3,3,2585.0,12.2,529,0,5,417335,3385390,528,0,5,-109.0,559,20.0,-140.0,141.4213562373095,-1,111.86989764584405,-31,6,0,12.363860238368394
3827,2404301,417315.0,3385530.0,30,60,3,3,2585.0,12.2,529,0,5,417500,3385535,525,102,5,-101.88,559,185.0,5.0,185.06755523321746,-4,28.451842301022054,-34,6,0,10.410107234032973
3828,2404301,417315.0,3385530.0,30,60,3,3,2585.0,12.2,529,0,5,417320,3385395,528,0,5,-110.0,559,5.0,-135.0,135.09256086106296,-1,117.87890360333859,-31,6,0,12.924045030707983
3829,2404301,417315.0,3385530.0,30,60,3,3,2585.0,12.2,529,0,5,417585,3385460,525,0,6,-95.0,559,270.0,-70.0,278.9265136196271,-4,44.53445508054011,-34,6,0,6.949834641820629
3830,2404301,417315.0,3385530.0,30,60,3,3,2585.0,12.2,529,0,5,417465,3385580,526,102,5,-99.0,559,150.0,50.0,158.11388300841898,-3,11.565051177077976,-33,6,0,11.788988931939336
3831,2404301,417315.0,3385530.0,30,60,3,3,2585.0,12.2,529,0,5,417470,3385565,526,0,5,-82.0,559,155.0,35.0,158.90248582070703,-3,17.27564431457762,-33,6,0,11.732108012530986
3832,2404301,417315.0,3385530.0,30,60,3,3,2585.0,12.2,529,0,5,417530,3385505,525,0,6,-104.5,559,215.0,-25.0,216.44860821913363,-4,36.63251461513846,-34,6,0,8.927140668731367
3833,2404301,417315.0,3385530.0,30,60,3,3,2585.0,12.2,529,0,5,417595,3385450,525,0,6,-95.67,559,280.0,-80.0,291.20439557122074,-4,45.94539590092285,-34,6,0,6.659501780863748
3834,2404301,417315.0,3385530.0,30,60,3,3,2585.0,12.2,529,0,5,417280,3385435,530,102,5,-87.8,559,-35.0,-95.0,101.24228365658294,1,140.22485943116808,-29,6,0,15.983914575448896
3835,2404301,417315.0,3385530.0,30,60,3,3,2585.0,12.2,529,0,5,417200,3385230,520,0,14,-100.5,559,-115.0,-300.0,321.2864765283469,-9,140.9734934213208,-39,6,0,6.921101377555071
3836,2404301,417315.0,3385530.0,30,60,3,3,2585.0,12.2,529,0,5,417305,3385390,529,0,5,-100.5,559,-10.0,-140.0,140.356688476182,0,124.08561677997488,-30,6,0,12.064922324162437
3837,2404301,417315.0,3385530.0,30,60,3,3,2585.0,12.2,529,0,5,417455,3385540,524,0,6,-102.0,559,140.0,10.0,140.356688476182,-5,25.914383220025115,-35,6,0,14.001978167592528
3838,2404301,417315.0,3385530.0,30,60,3,3,2585.0,12.2,529,0,5,417450,3385535,524,0,6,-96.0,559,135.0,5.0,135.09256086106296,-5,27.87890360333853,-35,6,0,14.524917910434239
3839,2404301,417315.0,3385530.0,30,60,3,3,2585.0,12.2,529,0,5,417460,3385545,524,0,6,-103.25,559,145.0,15.0,145.7737973711325,-5,24.093858886229498,-35,6,0,13.501043380558688
3840,2404301,417315.0,3385530.0,30,60,3,3,2585.0,12.2,529,0,5,417480,3385565,526,0,5,-99.0,559,165.0,35.0,168.67127793433,-3,18.02386755579664,-33,6,0,11.06990740771135
3841,2404301,417315.0,3385530.0,30,60,3,3,2585.0,12.2,529,0,5,417500,3385585,527,0,5,-101.0,559,185.0,55.0,193.00259065618783,-2,13.442928624363333,-32,6,0,9.414050401930314
3842,2404301,417315.0,3385530.0,30,60,3,3,2585.0,12.2,529,0,5,417490,3385575,527,0,5,-97.2,559,175.0,45.0,180.6931099959265,-2,15.579226872489016,-32,6,0,10.042719010715189
3843,2404301,417315.0,3385530.0,30,60,3,3,2585.0,12.2,529,0,5,417475,3385560,526,0,5,-100.5,559,160.0,30.0,162.78820596099706,-3,19.38034472384487,-33,6,0,11.459560572126199
3844,2404301,417315.0,3385530.0,30,60,3,3,2585.0,12.2,529,0,5,417345,3385430,528,0,5,-97.17,559,30.0,-100.0,104.4030650891055,-1,103.30075576600643,-31,6,0,16.537531041780888
3845,2404301,417315.0,3385530.0,30,60,3,3,2585.0,12.2,529,0,5,417505,3385590,528,0,5,-101.0,559,190.0,60.0,199.24858845171275,-1,12.474431626277124,-31,6,0,8.843436009916369
3846,2404301,417315.0,3385530.0,30,60,3,3,2585.0,12.2,529,0,5,417340,3385425,528,0,5,-92.33,559,25.0,-105.0,107.93516572461452,-1,106.60750224624894,-31,6,0,16.024565985959452
3847,2404301,417315.0,3385530.0,30,60,3,3,2585.0,12.2,529,0,5,417355,3385440,527,0,5,-87.75,559,40.0,-90.0,98.48857801796105,-2,96.03751102542185,-32,6,0,17.99953754838117
3848,2404301,417315.0,3385530.0,30,60,3,3,2585.0,12.2,529,0,5,417510,3385595,528,102,5,-98.0,559,195.0,65.0,205.54804791094466,-1,11.565051177077976,-31,6,0,8.576502561796952
3849,2404301,417315.0,3385530.0,30,60,3,3,2585.0,12.2,529,0,5,417440,3385525,523,0,5,-82.5,559,125.0,-5.0,125.09996003196804,-6,32.29061004263855,-36,6,0,16.054224527638212
3850,2404301,417315.0,3385530.0,30,60,3,3,2585.0,12.2,529,0,5,417485,3385570,526,0,5,-91.0,559,170.0,40.0,174.64249196572982,-3,16.75948008481282,-33,6,0,10.700303640406299
3851,2404301,417315.0,3385530.0,30,60,3,3,2585.0,12.2,529,0,5,417350,3385435,527,0,5,-94.0,559,35.0,-95.0,101.24228365658294,-2,99.77514056883194,-32,6,0,17.540363477891724
3852,2404301,417315.0,3385530.0,30,60,3,3,2585.0,12.2,529,0,5,417470,3385555,525,0,5,-100.2,559,155.0,25.0,157.00318468107582,-4,20.83765295427827,-34,6,0,12.219072511730241
3853,2404301,417315.0,3385530.0,30,60,3,3,2585.0,12.2,529,0,5,417495,3385580,527,0,5,-97.5,559,180.0,50.0,186.81541692269406,-2,14.475889003245754,-32,6,0,9.719980858790157
3854,2404301,417315.0,3385530.0,30,60,3,3,2585.0,12.2,529,0,5,417090,3385705,527,0,6,-106.5,559,-225.0,175.0,285.0438562747845,-2,247.8749836510982,-32,6,0,6.40540112111029
3855,2404301,417315.0,3385530.0,30,60,3,3,2585.0,12.2,529,0,5,417105,3385700,527,0,5,-90.5,559,-210.0,170.0,270.1851217221259,-2,248.99099404250546,-32,6,0,6.754492835599706
3856,2404301,417315.0,3385530.0,30,60,3,3,2585.0,12.2,529,0,5,417160,3385795,528,0,6,-100.5,559,-155.0,265.0,307.001628660175,-1,269.67639313745,-31,6,0,5.765992385285214
3857,2404301,417315.0,3385530.0,30,60,3,3,2585.0,12.2,529,0,5,417460,3385685,531,0,5,-98.0,559,145.0,155.0,212.24985276791125,2,-16.909152432996393,-28,6,0,7.51506496092967
3858,2404301,417315.0,3385530.0,30,60,3,3,2585.0,12.2,529,0,5,417535,3385640,530,102,5,-114.0,559,220.0,110.0,245.96747752497686,1,3.434948822922024,-29,6,0,6.724230802456761
3859,2404301,417315.0,3385530.0,30,60,3,3,2585.0,12.2,529,0,5,417465,3385690,531,0,5,-95.0,559,150.0,160.0,219.31712199461307,2,-16.847610265994604,-28,6,0,7.275536945137618
3860,2404301,417315.0,3385530.0,30,60,3,3,2585.0,12.2,529,0,5,417470,3385695,531,0,5,-95.5,559,155.0,165.0,226.38462845343543,2,-16.78991060824609,-28,6,0,7.050724153705327
3861,2404301,417315.0,3385530.0,30,60,3,3,2585.0,12.2,529,0,5,417475,3385700,532,0,5,-83.0,559,160.0,170.0,233.45235059857504,3,-16.7357045889284,-27,6,0,6.597249101905192
3862,2404301,417315.0,3385530.0,30,60,3,3,2585.0,12.2,529,0,5,417525,3385630,530,102,5,-90.5,559,210.0,100.0,232.59406699226014,1,4.536654938128379,-29,6,0,7.107004715295812
3863,2404301,417315.0,3385530.0,30,60,3,3,2585.0,12.2,529,0,5,417440,3385705,531,0,5,-82.0,559,125.0,175.0,215.05813167606567,2,-24.462322208025626,-28,6,0,7.4180315558364285
3864,2404301,417315.0,3385530.0,30,60,3,3,2585.0,12.2,529,0,5,417510,3385735,533,0,6,-92.0,559,195.0,205.0,282.93108701590216,4,-16.432096184164664,-26,6,0,5.250458910529482
3865,2404301,417315.0,3385530.0,30,60,3,3,2585.0,12.2,529,0,5,417540,3385605,529,0,5,-108.0,559,225.0,75.0,237.17082451262846,0,11.565051177077976,-30,6,0,7.209120586689089
3866,2404301,417315.0,3385530.0,30,60,3,3,2585.0,12.2,529,0,5,417480,3385745,532,0,6,-89.75,559,165.0,215.0,271.01660465735307,3,-22.495857639729877,-27,6,0,5.689313042455971
3867,2404301,417315.0,3385530.0,30,60,3,3,2585.0,12.2,529,0,5,417485,3385750,532,0,6,-94.67,559,170.0,220.0,278.0287754891569,3,-22.305759533310834,-27,6,0,5.546729032309012
3868,2404301,417315.0,3385530.0,30,60,3,3,2585.0,12.2,529,0,5,417515,3385740,533,111,6,-92.67,559,200.0,210.0,290.0,4,-16.39718102729637,-26,6,0,5.123165537128152
3869,2404301,417315.0,3385530.0,30,60,3,3,2585.0,12.2,529,0,5,417500,3385725,532,0,5,-99.0,559,185.0,195.0,268.79360111431225,3,-16.50743575877499,-27,6,0,5.736052875676191
3870,2404301,417315.0,3385530.0,30,60,3,3,2585.0,12.2,529,0,5,417445,3385710,531,0,5,-83.33,559,130.0,180.0,222.03603311174518,2,-24.16234704572173,-28,6,0,7.187382752069227
3871,2404301,417315.0,3385530.0,30,60,3,3,2585.0,12.2,529,0,5,417360,3385785,530,0,5,-96.0,559,45.0,255.0,258.940147524481,1,-49.992020198558635,-29,6,0,6.390211986503232
3872,2404301,417315.0,3385530.0,30,60,3,3,2585.0,12.2,529,0,5,417450,3385715,531,0,5,-84.63,559,135.0,185.0,229.01964981197574,2,-23.880659150520273,-28,6,0,6.970403582309866
3873,2404301,417315.0,3385530.0,30,60,3,3,2585.0,12.2,529,0,5,417365,3385790,530,0,5,-97.91,559,50.0,260.0,264.76404589747455,1,-49.11447294534128,-29,6,0,6.250774324867151
3874,2404301,417315.0,3385530.0,30,60,3,3,2585.0,12.2,529,0,5,417455,3385720,531,0,5,-85.0,559,140.0,190.0,236.00847442411893,2,-23.615648184164115,-28,6,0,6.765934119946717
3875,2404301,417315.0,3385530.0,30,60,3,3,2585.0,12.2,529,0,5,417430,3385815,531,0,5,-101.5,559,115.0,285.0,307.3271872125862,2,-38.02549200852803,-28,6,0,5.205738343649537
3876,2404301,417315.0,3385530.0,30,60,3,3,2585.0,12.2,529,0,5,417655,3385510,529,0,5,-97.75,559,340.0,-20.0,340.58772731852804,0,33.36646066342979,-30,6,0,5.033794425356837
3877,2404301,417315.0,3385530.0,30,60,3,3,2585.0,12.2,529,0,5,417660,3385495,528,0,14,-94.33,559,345.0,-35.0,346.77081768799405,-1,35.79279649503218,-31,6,0,5.1084465762430105
3878,2404301,417315.0,3385530.0,30,60,3,3,2585.0,12.2,529,0,5,417725,3385600,533,0,6,-108.5,559,410.0,70.0,415.9326868617084,4,20.311213439633207,-26,6,0,3.5769116543247215
3879,2404301,417315.0,3385530.0,30,60,3,3,2585.0,12.2,529,0,5,417690,3385545,531,0,5,-106.0,559,375.0,15.0,375.2998800959041,2,27.70938995736151,-28,6,0,4.26676166352249
3880,2404301,417315.0,3385530.0,30,60,3,3,2585.0,12.2,529,0,5,417620,3385455,526,0,5,-104.2,559,305.0,-75.0,314.0859754907882,-3,43.81502534126162,-33,6,0,5.997877034298561
3881,2404301,417315.0,3385530.0,30,60,3,3,2585.0,12.2,529,0,5,417650,3385505,529,0,5,-96.0,559,335.0,-25.0,335.9315406448165,0,34.26789330029078,-30,6,0,5.10319953084269
3882,2404301,417315.0,3385530.0,30,60,3,3,2585.0,12.2,529,0,5,417605,3385480,526,0,5,-94.0,559,290.0,-50.0,294.27877939124323,-3,39.78240703180728,-33,6,0,6.398336022747792
3883,2404301,417315.0,3385530.0,30,60,3,3,2585.0,12.2,529,0,5,417610,3385465,526,0,5,-100.75,559,295.0,-65.0,302.0761493398643,-3,42.42594286542749,-33,6,0,6.234495938770397
3884,2404301,417315.0,3385530.0,30,60,3,3,2585.0,12.2,529,0,5,417720,3385595,533,0,6,-108.0,559,405.0,65.0,410.18288603987367,4,20.882137246204195,-26,6,0,3.6269186406775873
3885,2404301,417315.0,3385530.0,30,60,3,3,2585.0,12.2,529,0,5,417600,3385475,526,0,5,-96.75,559,285.0,-55.0,290.25850547399983,-3,40.92280471986925,-33,6,0,6.486207120782436
3886,2404301,417315.0,3385530.0,30,60,3,3,2585.0,12.2,529,0,5,417260,3385305,526,0,10,-101.0,559,-55.0,-225.0,231.62469643800938,-3,133.73626830562256,-33,6,0,8.108467287350246
3887,2404301,417315.0,3385530.0,30,60,3,3,2585.0,12.2,529,0,5,417190,3385395,529,0,5,-95.75,559,-125.0,-135.0,183.98369492974098,0,162.79740183823418,-30,6,0,9.26102797526035
3888,2404301,417315.0,3385530.0,30,60,3,3,2585.0,12.2,529,0,5,417195,3385400,529,0,5,-96.5,559,-120.0,-130.0,176.91806012954132,0,162.70938995736145,-30,6,0,9.624099876774018
3889,2404301,417315.0,3385530.0,30,60,3,3,2585.0,12.2,529,0,5,417450,3385720,531,0,5,-88.2,559,135.0,190.0,233.0772404161333,2,-24.605204155012927,-28,6,0,6.850220484780981
3890,2404301,417315.0,3385530.0,30,60,3,3,2585.0,12.2,529,0,5,417495,3385755,532,0,5,-96.75,559,180.0,225.0,288.1405906844782,3,-21.34019174590992,-27,6,0,5.353226992926177
3891,2404301,417315.0,3385530.0,30,60,3,3,2585.0,12.2,529,0,5,417455,3385715,531,0,5,-95.5,559,140.0,185.0,232.0021551624036,2,-22.88313931672974,-28,6,0,6.8816603165397465
3892,2404301,417315.0,3385530.0,30,60,3,3,2585.0,12.2,529,0,5,417485,3385745,532,0,6,-94.1,559,170.0,215.0,274.0894014733149,3,-21.66665989090137,-27,6,0,5.62594203690644
3893,2404301,417315.0,3385530.0,30,60,3,3,2585.0,12.2,529,0,5,417445,3385705,531,0,5,-79.67,559,130.0,175.0,218.0022935659164,2,-23.392925187392507,-28,6,0,7.318943208329651
3894,2404301,417315.0,3385530.0,30,60,3,3,2585.0,12.2,529,0,5,417510,3385740,533,0,6,-94.0,559,195.0,210.0,286.574597618142,4,-17.12109639666147,-26,6,0,5.184070601417147
3895,2404301,417315.0,3385530.0,30,60,3,3,2585.0,12.2,529,0,5,417500,3385730,532,0,6,-96.56,559,185.0,200.0,272.44265451650557,3,-17.231174608031267,-27,6,0,5.6597272482822305
3896,2404301,417315.0,3385530.0,30,60,3,3,2585.0,12.2,529,0,5,417365,3385785,530,0,5,-94.75,559,50.0,255.0,259.8557292037257,1,-48.90627698844213,-29,6,0,6.367881841305151
3897,2404301,417315.0,3385530.0,30,60,3,3,2585.0,12.2,529,0,5,417360,3385790,530,0,5,-96.83,559,45.0,260.0,263.86549603917524,1,-50.18069936124209,-29,6,0,6.271890942565128
3898,2404301,417315.0,3385530.0,30,60,3,3,2585.0,12.2,529,0,5,417480,3385750,532,0,6,-98.0,559,165.0,220.0,275.0,3,-23.13010235415595,-27,6,0,5.607431960691767
3899,2404301,417315.0,3385530.0,30,60,3,3,2585.0,12.2,529,0,5,417470,3385700,532,0,5,-83.0,559,155.0,170.0,230.05434140654683,3,-17.642545294064746,-27,6,0,6.693815605964682
3900,2404301,417315.0,3385530.0,30,60,3,3,2585.0,12.2,529,0,5,417490,3385760,532,0,5,-92.33,559,175.0,230.0,289.0069203323685,3,-22.733598099022856,-27,6,0,5.337272921339046
3901,2404301,417315.0,3385530.0,30,60,3,3,2585.0,12.2,529,0,5,417440,3385710,531,0,5,-85.67,559,125.0,180.0,219.14607000811125,2,-25.2221686336361,-28,6,0,7.281154864018521
3902,2404301,417315.0,3385530.0,30,60,3,3,2585.0,12.2,529,0,5,417690,3385620,534,0,5,-97.0,559,375.0,90.0,385.64880396547323,5,16.504266719204168,-25,6,0,3.709056077044838
3903,2404301,417315.0,3385530.0,30,60,3,3,2585.0,12.2,529,0,5,417385,3385685,530,102,5,-86.5,559,70.0,155.0,170.07351351694948,1,-35.695450734063286,-29,6,0,9.676693512976195
3904,2404301,417315.0,3385530.0,30,60,3,3,2585.0,12.2,529,0,5,417435,3385735,531,0,6,-81.5,559,120.0,205.0,237.53947040439405,2,-29.656751115760414,-28,6,0,6.722726548680839
3905,2404301,417315.0,3385530.0,30,60,3,3,2585.0,12.2,529,0,5,417390,3385700,530,0,5,-99.5,559,75.0,170.0,185.80904176062046,1,-36.194056481542304,-29,6,0,8.870827080155323
3906,2404301,417315.0,3385530.0,30,60,3,3,2585.0,12.2,529,0,5,417345,3385645,529,0,5,-86.2,559,30.0,115.0,118.84864324004712,0,-45.37912601136833,-30,6,0,14.166770728144112
3907,2404301,417315.0,3385530.0,30,60,3,3,2585.0,12.2,529,0,5,417465,3385765,531,102,6,-97.5,559,150.0,235.0,278.792037189013,2,-27.44999650780659,-28,6,0,5.735171661567222
3908,2404301,417315.0,3385530.0,30,60,3,3,2585.0,12.2,529,0,5,417460,3385770,531,102,6,-89.8,559,145.0,240.0,280.40149785619906,2,-28.86102756302114,-28,6,0,5.702470252322914
3909,2404301,417315.0,3385530.0,30,60,3,3,2585.0,12.2,529,0,5,417365,3385705,530,0,10,-101.0,559,50.0,175.0,182.00274723201295,1,-44.05460409907715,-29,6,0,9.053304268768954
3910,2404301,417315.0,3385530.0,30,60,3,3,2585.0,12.2,529,0,5,417280,3385630,531,0,5,-84.57,559,-35.0,100.0,105.94810050208545,2,280.70995378081125,-28,6,0,14.803692323731372
3911,2404301,417315.0,3385530.0,30,60,3,3,2585.0,12.2,529,0,5,417295,3385635,530,0,5,-89.33,559,-20.0,105.0,106.88779163215975,1,289.2157021324374,-29,6,0,15.179646027807037
3912,2404301,417315.0,3385530.0,30,60,3,3,2585.0,12.2,529,0,5,417285,3385625,531,0,5,-84.07,559,-30.0,95.0,99.62429422585637,2,282.4744316262771,-28,6,0,15.698333714593609
3913,2404301,417315.0,3385530.0,30,60,3,3,2585.0,12.2,529,0,5,417310,3385620,530,0,5,-96.0,559,-5.0,90.0,90.13878188659973,1,296.8201698801358,-29,6,0,17.83433910252469
3914,2404301,417315.0,3385530.0,30,60,3,3,2585.0,12.2,529,0,5,417315,3385615,530,0,5,-87.0,559,0.0,85.0,85.0,1,-60.0,-29,6,0,18.83843355798076
3915,2404301,417315.0,3385530.0,30,60,3,3,2585.0,12.2,529,0,5,417305,3385605,530,0,5,-82.61,559,-10.0,75.0,75.66372975210778,1,292.40535663140855,-29,6,0,20.970568736488186
3916,2404301,417315.0,3385530.0,30,60,3,3,2585.0,12.2,529,0,5,417300,3385610,531,0,5,-79.33,559,-15.0,80.0,81.39410298049853,2,289.38034472384487,-28,6,0,18.983486822746773
3917,2404301,417315.0,3385530.0,30,60,3,3,2585.0,12.2,529,0,5,417355,3385655,529,0,5,-80.0,559,40.0,125.0,131.24404748406687,0,-42.255328374943076,-30,6,0,12.875566038521393
3918,2404301,417315.0,3385530.0,30,60,3,3,2585.0,12.2,529,0,5,417325,3385665,530,6,5,-93.25,559,10.0,135.0,135.36986370680884,1,-55.763605200941186,-29,6,0,12.091589294716542
3919,2404301,417315.0,3385530.0,30,60,3,3,2585.0,12.2,529,0,5,417425,3385725,531,0,6,-91.5,559,110.0,195.0,223.8861317723811,2,-30.57254359681025,-28,6,0,7.1286028521791875
3920,2404301,417315.0,3385530.0,30,60,3,3,2585.0,12.2,529,0,5,417350,3385660,529,0,5,-93.0,559,35.0,130.0,134.6291201783626,0,-44.93151184050777,-30,6,0,12.562228295302136
3921,2404301,417315.0,3385530.0,30,60,3,3,2585.0,12.2,529,0,5,417340,3385650,529,0,5,-93.83,559,25.0,120.0,122.57650672131263,0,-48.23171106797935,-30,6,0,13.752522452276574
3922,2404301,417315.0,3385530.0,30,60,3,3,2585.0,12.2,529,0,5,417820,3385425,524,0,5,-100.0,559,505.0,-105.0,515.8003489723519,-5,41.74563342528796,-35,6,0,3.8818952892167133
3923,2404301,417315.0,3385530.0,30,60,3,3,2585.0,12.2,529,0,5,417530,3385790,533,0,5,-98.5,559,215.0,260.0,337.37960815674677,4,-20.411869152317024,-26,6,0,4.406762099889892
3924,2404301,417315.0,3385530.0,30,60,3,3,2585.0,12.2,529,0,5,417300,3385700,529,0,5,-103.0,559,-15.0,170.0,170.66048165876012,0,294.9575489308291,-30,6,0,9.970026021010677
3925,2404301,417315.0,3385530.0,30,60,3,3,2585.0,12.2,529,0,5,417285,3385715,529,0,5,-97.0,559,-30.0,185.0,187.41664813991312,0,290.78897345918335,-30,6,0,9.094252193379488
3926,2404301,417315.0,3385530.0,30,60,3,3,2585.0,12.2,529,0,5,417380,3385620,528,0,5,-84.78,559,65.0,90.0,111.01801655587259,-1,-24.16234704572173,-31,6,0,15.601538198100194
3927,2404301,417315.0,3385530.0,30,60,3,3,2585.0,12.2,529,0,5,417390,3385610,528,0,5,-85.48,559,75.0,80.0,109.65856099730654,-1,-16.847610265994604,-31,6,0,15.785367722174314
3928,2404301,417315.0,3385530.0,30,60,3,3,2585.0,12.2,529,0,5,417330,3385750,530,0,5,-99.67,559,15.0,220.0,220.51077071199947,1,-56.09950625761809,-29,6,0,7.492134980441353
3929,2404301,417315.0,3385530.0,30,60,3,3,2585.0,12.2,529,0,5,417375,3385625,528,0,6,-82.26,559,60.0,95.0,112.36102527122117,-1,-27.72435568542238,-31,6,0,15.423988097327042
3930,2404301,417315.0,3385530.0,30,60,3,3,2585.0,12.2,529,0,5,417405,3385675,530,102,6,-78.67,559,90.0,145.0,170.66048165876012,1,-28.172553423326917,-29,6,0,9.644037695669846
3931,2404301,417315.0,3385530.0,30,60,3,3,2585.0,12.2,529,0,5,417430,3385650,529,0,5,-93.47,559,115.0,120.0,166.20770138594662,0,-16.218875235131293,-30,6,0,10.231556509865309
3932,2404301,417315.0,3385530.0,30,60,3,3,2585.0,12.2,529,0,5,417435,3385645,529,0,5,-93.0,559,120.0,115.0,166.20770138594662,0,-13.781124764868707,-30,6,0,10.231556509865309
3933,2404301,417315.0,3385530.0,30,60,3,3,2585.0,12.2,529,0,5,417400,3385680,530,102,6,-91.67,559,85.0,150.0,172.40939649566667,1,-30.461217740441896,-29,6,0,9.54801899965698
3934,2404301,417315.0,3385530.0,30,60,3,3,2585.0,12.2,529,0,5,417395,3385605,528,0,5,-89.08,559,80.0,75.0,109.65856099730654,-1,-13.152389734005396,-31,6,0,15.785367722174314
3935,2404301,417315.0,3385530.0,30,60,3,3,2585.0,12.2,529,0,5,417415,3385665,530,0,5,-88.64,559,100.0,135.0,168.00297616411441,1,-23.47114463301483,-29,6,0,9.793657221080428
3936,2404301,417315.0,3385530.0,30,60,3,3,2585.0,12.2,529,0,5,417370,3385630,528,102,6,-83.82,559,55.0,100.0,114.12712210513327,-1,-31.189206257026967,-31,6,0,15.196422077874528
3937,2404301,417315.0,3385530.0,30,60,3,3,2585.0,12.2,529,0,5,417385,3385615,528,0,5,-83.67,559,70.0,85.0,110.11357772772621,-1,-20.527540151656183,-31,6,0,15.723370730105799
3938,2404301,417315.0,3385530.0,30,60,3,3,2585.0,12.2,529,0,5,417290,3385710,529,0,5,-91.0,559,-25.0,180.0,181.72781845386248,0,292.09283729704157,-30,6,0,9.373961309697739
3939,2404301,417315.0,3385530.0,30,60,3,3,2585.0,12.2,529,0,5,417280,3385720,529,0,5,-99.67,559,-35.0,190.0,193.19679086361657,0,289.56252464888183,-30,6,0,8.826515257946745
3940,2404301,417315.0,3385530.0,30,60,3,3,2585.0,12.2,529,0,5,417535,3385785,533,0,5,-97.5,559,220.0,255.0,336.7862823809782,4,-19.214178522734016,-26,6,0,4.414494954276795
3941,2404301,417315.0,3385530.0,30,60,3,3,2585.0,12.2,529,0,5,417360,3385640,529,102,6,-85.0,559,45.0,110.0,118.84864324004712,0,-37.750976342787624,-30,6,0,14.166770728144112
3942,2404301,417315.0,3385530.0,30,60,3,3,2585.0,12.2,529,0,5,417420,3385660,529,0,5,-95.49,559,105.0,130.0,167.10774967068403,0,-21.07245640720771,-30,6,0,10.17760392266109
3943,2404301,417315.0,3385530.0,30,60,3,3,2585.0,12.2,529,0,5,417425,3385655,529,0,10,-93.39,559,110.0,125.0,166.50825805346713,0,-18.652222780306317,-30,6,0,10.213477081831952
3944,2404301,417315.0,3385530.0,30,60,3,3,2585.0,12.2,529,0,5,417410,3385670,530,0,5,-94.0,559,95.0,140.0,169.1892431568863,1,-25.840305454330576,-29,6,0,9.726305305831207
3945,2404301,417315.0,3385530.0,30,60,3,3,2585.0,12.2,529,0,5,417310,3385690,530,6,5,-101.57,559,-5.0,160.0,160.0781059358212,1,298.2100893917539,-29,6,0,10.2684247090119
3946,2404301,417315.0,3385530.0,30,60,3,3,2585.0,12.2,529,0,5,417365,3385635,529,102,6,-81.86,559,50.0,105.0,116.29703349613007,0,-34.53665493812838,-30,6,0,14.46468749404926
3947,2404301,417315.0,3385530.0,30,60,3,3,2585.0,12.2,529,0,5,417465,3385700,531,0,5,-95.0,559,150.0,170.0,226.71568097509268,2,-18.576334374997373,-28,6,0,7.040532016128842
3948,2404301,417315.0,3385530.0,30,60,3,3,2585.0,12.2,529,0,5,417470,3385685,531,0,5,-78.5,559,155.0,155.0,219.20310216782974,2,-15.0,-28,6,0,7.279280778618235
3949,2404301,417315.0,3385530.0,30,60,3,3,2585.0,12.2,529,0,5,417480,3385755,532,0,6,-92.67,559,165.0,225.0,279.0161285660741,3,-23.74616226255523,-27,6,0,5.52722261012917
3950,2404301,417315.0,3385530.0,30,60,3,3,2585.0,12.2,529,0,5,417505,3385740,532,0,6,-93.31,559,190.0,210.0,283.1960451701259,3,-17.86240522611172,-27,6,0,5.446136060156771
3951,2404301,417315.0,3385530.0,30,60,3,3,2585.0,12.2,529,0,5,417490,3385745,532,0,6,-94.79,559,175.0,215.0,277.2183255125822,3,-20.85601358542897,-27,6,0,5.562843371733207
3952,2404301,417315.0,3385530.0,30,60,3,3,2585.0,12.2,529,0,5,417495,3385750,532,0,6,-96.22,559,180.0,220.0,284.2534080710379,3,-20.710593137499643,-27,6,0,5.425998709656796
3953,2404301,417315.0,3385530.0,30,60,3,3,2585.0,12.2,529,0,5,417450,3385705,531,0,5,-81.0,559,135.0,175.0,221.02036105300343,2,-22.352379359892325,-28,6,0,7.220063730535696
3954,2404301,417315.0,3385530.0,30,60,3,3,2585.0,12.2,529,0,5,417455,3385710,531,0,5,-80.54,559,140.0,180.0,228.0350850198276,2,-22.125016348901795,-28,6,0,7.00020104505906
3955,2404301,417315.0,3385530.0,30,60,3,3,2585.0,12.2,529,0,5,417500,3385735,532,0,6,-95.5,559,185.0,205.0,276.1340254296815,3,-17.935673446421163,-27,6,0,5.584549265682211
3956,2404301,417315.0,3385530.0,30,60,3,3,2585.0,12.2,529,0,5,417360,3385795,530,0,5,-97.85,559,45.0,265.0,268.79360111431225,1,-50.36246188706906,-29,6,0,6.157792658034919
3957,2404301,417315.0,3385530.0,30,60,3,3,2585.0,12.2,529,0,5,417485,3385760,532,0,5,-94.0,559,170.0,230.0,286.0069929215018,3,-23.530765609948162,-27,6,0,5.392927212469361
3958,2404301,417315.0,3385530.0,30,60,3,3,2585.0,12.2,529,0,5,417365,3385800,530,0,5,-105.0,559,50.0,270.0,274.5906043549196,1,-49.508522987668414,-29,6,0,6.028760400213762
3959,2404301,417315.0,3385530.0,30,60,3,3,2585.0,12.2,529,0,5,417380,3385775,530,0,5,-106.0,559,65.0,245.0,253.4758371127315,1,-45.14138555207535,-29,6,0,6.526792842208161
3960,2404301,417315.0,3385530.0,30,60,3,3,2585.0,12.2,529,0,5,417370,3385785,530,0,5,-97.0,559,55.0,255.0,260.86394921491166,1,-47.82854179141253,-29,6,0,6.34347145644028
3961,2404301,417315.0,3385530.0,30,60,3,3,2585.0,12.2,529,0,5,417445,3385720,531,0,5,-82.75,559,130.0,190.0,230.21728866442677,2,-25.61965527615513,-28,6,0,6.9344960574865
3962,2404301,417315.0,3385530.0,30,60,3,3,2585.0,12.2,529,0,5,417440,3385715,531,0,5,-94.5,559,125.0,185.0,223.27113561766106,2,-25.954062643398345,-28,6,0,7.148035620393722
3963,2404301,417315.0,3385530.0,30,60,3,3,2585.0,12.2,529,0,5,417460,3385695,531,0,5,-80.0,559,145.0,165.0,219.65882636488797,2,-18.69138598645128,-28,6,0,7.264340009784954
3964,2404301,417315.0,3385530.0,30,60,3,3,2585.0,12.2,529,0,5,417465,3385665,530,102,5,-97.5,559,150.0,135.0,201.80436070610565,1,-11.987212495816664,-29,6,0,8.177621512822412
3965,2404301,417315.0,3385530.0,30,60,3,3,2585.0,12.2,529,0,5,417350,3385800,530,0,5,-98.5,559,35.0,270.0,272.2590678012396,1,-52.613956848732755,-29,6,0,6.080003625364055
3966,2404301,417315.0,3385530.0,30,60,3,3,2585.0,12.2,529,0,5,417500,3385630,529,0,5,-97.0,559,185.0,100.0,210.2974084481309,0,1.6069805786170264,-30,6,0,8.118757933382167
3967,2404301,417315.0,3385530.0,30,60,3,3,2585.0,12.2,529,0,5,417515,3385635,530,0,10,-92.5,559,200.0,105.0,225.88713996153035,1,2.3005271919449797,-29,6,0,7.315768669780395
3968,2404301,417315.0,3385530.0,30,60,3,3,2585.0,12.2,529,0,5,417345,3385785,530,0,5,-102.74,559,30.0,255.0,256.7586415293554,1,-53.290163192243085,-29,6,0,6.4440505325829385
3969,2404301,417315.0,3385530.0,30,60,3,3,2585.0,12.2,529,0,5,417485,3385605,528,0,10,-93.67,559,170.0,75.0,185.80904176062046,-1,6.1940564815423045,-31,6,0,9.471870631023592
3970,2404301,417315.0,3385530.0,30,60,3,3,2585.0,12.2,529,0,5,417445,3385645,529,0,5,-86.2,559,130.0,115.0,173.5655495770978,0,-11.49646835521554,-30,6,0,9.806418462219225
3971,2404301,417315.0,3385530.0,30,60,3,3,2585.0,12.2,529,0,5,417340,3385790,530,0,5,-103.67,559,25.0,260.0,261.1991577321795,1,-54.50767544287254,-29,6,0,6.335396832962581
3972,2404301,417315.0,3385530.0,30,60,3,3,2585.0,12.2,529,0,5,417495,3385615,529,0,5,-92.6,559,180.0,85.0,199.06029237394384,0,4.722277764447028,-30,6,0,8.570440296781118
3973,2404301,417315.0,3385530.0,30,60,3,3,2585.0,12.2,529,0,5,417355,3385795,530,0,5,-96.5,559,40.0,265.0,268.00186566514793,1,-51.41637851988605,-29,6,0,6.175843736284353
3974,2404301,417315.0,3385530.0,30,60,3,3,2585.0,12.2,529,0,5,417530,3385740,533,111,5,-97.67,559,215.0,210.0,300.54117854297436,4,-14.325963102015521,-26,6,0,4.944382499704591
3975,2404301,417315.0,3385530.0,30,60,3,3,2585.0,12.2,529,0,5,417440,3385650,529,0,5,-92.33,559,125.0,120.0,173.27723451163456,0,-13.83086067209257,-30,6,0,9.822417743727742
3976,2404301,417315.0,3385530.0,30,60,3,3,2585.0,12.2,529,0,5,417480,3385610,528,0,5,-98.5,559,165.0,80.0,183.3712082089225,-1,4.133643205905514,-31,6,0,9.595468226053587
3977,2404301,417315.0,3385530.0,30,60,3,3,2585.0,12.2,529,0,5,417490,3385620,529,0,5,-98.58,559,175.0,90.0,196.78668654154427,0,2.7838884426925006,-30,6,0,8.667964659739981
3978,2404301,417315.0,3385530.0,30,60,3,3,2585.0,12.2,529,0,5,417460,3385670,530,102,5,-98.25,559,145.0,140.0,201.55644370746373,1,-13.994913994745843,-29,6,0,8.187543799022148
3979,2404301,417315.0,3385530.0,30,60,3,3,2585.0,12.2,529,0,5,417520,3385730,533,111,6,-93.75,559,205.0,200.0,286.40006983239374,4,-14.292680631455767,-26,6,0,5.187212465459871
3980,2404301,417315.0,3385530.0,30,60,3,3,2585.0,12.2,529,0,5,417505,3385625,529,0,5,-94.89,559,190.0,95.0,212.42645786248002,0,3.434948822922024,-30,6,0,8.038456321182258
3981,2404301,417315.0,3385530.0,30,60,3,3,2585.0,12.2,529,0,5,417455,3385655,530,0,5,-103.86,559,140.0,125.0,187.6832437912346,1,-11.760299703897886,-29,6,0,8.783631345410852
3982,2404301,417315.0,3385530.0,30,60,3,3,2585.0,12.2,529,0,5,417650,3385345,520,0,10,-98.0,559,335.0,-185.0,382.6878623630491,-9,58.90918365114783,-39,6,0,5.818965429283016
3983,2404301,417315.0,3385530.0,30,60,3,3,2585.0,12.2,529,0,5,417640,3385355,520,0,5,-97.5,559,325.0,-175.0,369.120576505835,-9,58.300755766006375,-39,6,0,6.03129671975667
3984,2404301,417315.0,3385530.0,30,60,3,3,2585.0,12.2,529,0,5,417755,3385410,524,0,10,-106.75,559,440.0,-120.0,456.0701700396552,-5,45.2551187030578,-35,6,0,4.388424146317214
3985,2404301,417315.0,3385530.0,30,60,3,3,2585.0,12.2,529,0,5,417750,3385405,524,0,10,-102.0,559,435.0,-125.0,452.6035793053343,-5,46.03233935393598,-35,6,0,4.4219032506532505
3986,2404301,417315.0,3385530.0,30,60,3,3,2585.0,12.2,529,0,5,417275,3385665,530,0,6,-101.0,559,-40.0,135.0,140.80127840328723,1,283.495638618245,-29,6,0,11.638123876463087
3987,2404301,417315.0,3385530.0,30,60,3,3,2585.0,12.2,529,0,5,417250,3385650,530,0,5,-99.0,559,-65.0,120.0,136.4734406395618,1,271.55707137563667,-29,6,0,11.996655827710109
3988,2404301,417315.0,3385530.0,30,60,3,3,2585.0,12.2,529,0,5,417235,3385625,531,0,5,-94.4,559,-80.0,95.0,124.19742348374221,2,259.8990924537878,-28,6,0,12.704786141962824
3989,2404301,417315.0,3385530.0,30,60,3,3,2585.0,12.2,529,0,5,417240,3385660,530,0,5,-96.62,559,-75.0,130.0,150.08331019803634,1,270.01836063115064,-29,6,0,10.936257972887388
3990,2404301,417315.0,3385530.0,30,60,3,3,2585.0,12.2,529,0,5,417210,3385610,531,102,5,-104.5,559,-105.0,80.0,132.00378782444085,2,247.3039482779834,-28,6,0,11.975798713368071
3991,2404301,417315.0,3385530.0,30,60,3,3,2585.0,12.2,529,0,5,417225,3385635,531,0,10,-96.0,559,-90.0,105.0,138.2931668593933,2,259.3987053549955,-28,6,0,11.445858527994103
3992,2404301,417315.0,3385530.0,30,60,3,3,2585.0,12.2,529,0,5,417220,3385640,530,0,10,-101.55,559,-95.0,110.0,145.34441853748632,1,259.18491612511843,-29,6,0,11.283820061258018
3993,2404301,417315.0,3385530.0,30,60,3,3,2585.0,12.2,529,0,5,417255,3385645,531,0,5,-90.5,559,-60.0,115.0,129.71121771072848,2,272.4471884232822,-28,6,0,12.181195585571457
3994,2404301,417315.0,3385530.0,30,60,3,3,2585.0,12.2,529,0,5,417230,3385630,531,0,5,-101.5,559,-85.0,100.0,131.24404748406687,2,259.6354634269026,-28,6,0,12.04310538325877
3995,2404301,417315.0,3385530.0,30,60,3,3,2585.0,12.2,529,0,5,417215,3385605,531,102,5,-98.0,559,-100.0,75.0,125.0,2,246.86989764584405,-28,6,0,12.625836878907315
3996,2404301,417315.0,3385530.0,30,60,3,3,2585.0,12.2,529,0,5,417200,3385620,531,102,5,-98.33,559,-115.0,90.0,146.03081866510234,2,248.0470425318261,-28,6,0,10.854176616836764
3997,2404301,417315.0,3385530.0,30,60,3,3,2585.0,12.2,529,0,5,417245,3385655,530,0,5,-100.67,559,-70.0,125.0,143.26548781894402,1,270.751173663453,-29,6,0,11.443269907837083
3998,2404301,417315.0,3385530.0,30,60,3,3,2585.0,12.2,529,0,5,417180,3385685,528,0,10,-107.5,559,-135.0,155.0,205.54804791094466,-1,258.9451862290376,-31,6,0,8.576502561796952
3999,2404301,417315.0,3385530.0,30,60,3,3,2585.0,12.2,529,0,5,417265,3385610,532,0,5,-90.8,559,-50.0,80.0,94.33981132056604,3,267.9946167919165,-27,6,0,15.971091333635755
4000,2404301,417315.0,3385530.0,30,60,3,3,2585.0,12.2,529,0,5,417205,3385670,529,0,10,-104.6,559,-110.0,140.0,178.04493814764857,0,261.84277341263095,-30,6,0,9.564315991299747
4001,2404301,417315.0,3385530.0,30,60,3,3,2585.0,12.2,529,0,5,417260,3385605,532,0,5,-92.4,559,-55.0,75.0,93.00537618869137,3,263.74616226255523,-27,6,0,16.188319453284024
4002,2404301,417315.0,3385530.0,30,60,3,3,2585.0,12.2,529,0,5,417270,3385615,532,0,10,-83.0,559,-45.0,85.0,96.17692030835673,3,272.10272896905235,-27,6,0,15.681164062961575
4003,2404301,417315.0,3385530.0,30,60,3,3,2585.0,12.2,529,0,5,417255,3385640,531,0,5,-93.44,559,-60.0,110.0,125.29964086141668,2,271.3895403340348,-28,6,0,12.59660818837428
4004,2404301,417315.0,3385530.0,30,60,3,3,2585.0,12.2,529,0,5,417250,3385635,531,0,5,-96.55,559,-65.0,105.0,123.4908903522847,2,268.2405199151872,-28,6,0,12.7750956815496
4005,2404301,417315.0,3385530.0,30,60,3,3,2585.0,12.2,529,0,5,417275,3385620,532,0,5,-88.82,559,-40.0,90.0,98.48857801796105,3,276.0375110254218,-27,6,0,15.330615824638741
4006,2404301,417315.0,3385530.0,30,60,3,3,2585.0,12.2,529,0,5,417240,3385625,531,0,5,-95.71,559,-75.0,95.0,121.03718436910205,2,261.7098368077569,-28,6,0,13.025328564050056
4007,2404301,417315.0,3385530.0,30,60,3,3,2585.0,12.2,529,0,5,417230,3385655,530,0,10,-101.3,559,-85.0,125.0,151.16216457830973,1,265.7842978675626,-29,6,0,10.860067669144257
4008,2404301,417315.0,3385530.0,30,60,3,3,2585.0,12.2,529,0,5,417245,3385630,531,0,5,-95.29,559,-70.0,100.0,122.06555615733703,2,265.00797980144137,-28,6,0,12.919290106732115
4009,2404301,417315.0,3385530.0,30,60,3,3,2585.0,12.2,529,0,5,417220,3385645,530,0,10,-92.5,559,-95.0,115.0,149.164338901763,1,260.4403320310055,-29,6,0,11.001994857060053
4010,2404301,417315.0,3385530.0,30,60,3,3,2585.0,12.2,529,0,5,417235,3385660,530,0,5,-96.43,559,-80.0,130.0,152.64337522473747,1,268.3924977537511,-29,6,0,10.757155113228682
4011,2404301,417315.0,3385530.0,30,60,3,3,2585.0,12.2,529,0,5,417225,3385650,530,0,10,-95.67,559,-90.0,120.0,150.0,1,263.13010235415595,-29,6,0,10.942185409009367
4012,2404301,417315.0,3385530.0,30,60,3,3,2585.0,12.2,529,0,5,417520,3385760,533,0,5,-100.0,559,205.0,230.0,308.09901006007794,4,-18.289242678491803,-26,6,0,4.823673623157277
4013,2404301,417315.0,3385530.0,30,60,3,3,2585.0,12.2,529,0,5,417440,3385680,530,0,10,-80.5,559,125.0,150.0,195.25624189766637,1,-20.19442890773479,-29,6,0,8.447971754861259
4014,2404301,417315.0,3385530.0,30,60,3,3,2585.0,12.2,529,0,5,417480,3385640,529,0,5,-102.2,559,165.0,110.0,198.3053201505194,0,-3.690067525979771,-30,6,0,8.60258173790726
4015,2404301,417315.0,3385530.0,30,60,3,3,2585.0,12.2,529,0,5,417295,3385825,528,0,5,-102.5,559,-20.0,295.0,295.67718883945037,-1,296.1214754971523,-31,6,0,5.985256122077433
4016,2404301,417315.0,3385530.0,30,60,3,3,2585.0,12.2,529,0,5,417325,3385795,529,0,10,-99.67,559,10.0,265.0,265.1886121235224,0,-57.83892051177361,-30,6,0,6.454261402398003
4017,2404301,417315.0,3385530.0,30,60,3,3,2585.0,12.2,529,0,5,417465,3385655,530,102,5,-94.0,559,150.0,125.0,195.25624189766637,1,-9.805571092265211,-29,6,0,8.447971754861259
4018,2404301,417315.0,3385530.0,30,60,3,3,2585.0,12.2,529,0,5,417345,3385775,530,0,10,-105.6,559,30.0,245.0,246.82990094394967,1,-53.01894259317021,-29,6,0,6.700950371310154
4019,2404301,417315.0,3385530.0,30,60,3,3,2585.0,12.2,529,0,5,417350,3385770,530,0,5,-104.6,559,35.0,240.0,242.53865671269807,1,-51.70285503016311,-29,6,0,6.818403872335165
4020,2404301,417315.0,3385530.0,30,60,3,3,2585.0,12.2,529,0,5,417310,3385810,529,0,5,-105.2,559,-5.0,280.0,280.04463929880893,0,298.97696981133214,-30,6,0,6.114536136137299
4021,2404301,417315.0,3385530.0,30,60,3,3,2585.0,12.2,529,0,5,417455,3385665,530,0,5,-91.0,559,140.0,135.0,194.48650338776724,1,-13.958373323990031,-29,6,0,8.480921824184453
4022,2404301,417315.0,3385530.0,30,60,3,3,2585.0,12.2,529,0,5,417330,3385790,530,0,10,-106.0,559,15.0,260.0,260.43233286210835,1,-56.69813432556498,-29,6,0,6.353898625242805
4023,2404301,417315.0,3385530.0,30,60,3,3,2585.0,12.2,529,0,5,417470,3385650,530,0,5,-94.5,559,155.0,120.0,196.02295783912658,1,-7.746805387274662,-29,6,0,8.415402793973803
4024,2404301,417315.0,3385530.0,30,60,3,3,2585.0,12.2,529,0,5,417485,3385635,529,0,5,-103.67,559,170.0,105.0,199.81241202688085,0,-1.7014296695057283,-30,6,0,8.538656466141765
4025,2404301,417315.0,3385530.0,30,60,3,3,2585.0,12.2,529,0,5,417495,3385625,529,0,5,-94.0,559,180.0,95.0,203.5313243704762,0,2.1759036157467335,-30,6,0,8.384876850737635
4026,2404301,417315.0,3385530.0,30,60,3,3,2585.0,12.2,529,0,5,417510,3385610,529,102,5,-102.4,559,195.0,80.0,210.77238908357992,0,7.69379494509235,-30,6,0,8.10070522841284
4027,2404301,417315.0,3385530.0,30,60,3,3,2585.0,12.2,529,0,5,417500,3385620,529,0,5,-97.18,559,185.0,90.0,205.73040611440985,0,4.05770451012836,-30,6,0,8.296503881279873
4028,2404301,417315.0,3385530.0,30,60,3,3,2585.0,12.2,529,0,5,417505,3385615,529,0,5,-98.5,559,190.0,85.0,208.1465829649865,0,5.897765498838851,-30,6,0,8.201515303914112
4029,2404301,417315.0,3385530.0,30,60,3,3,2585.0,12.2,529,0,5,417490,3385630,529,0,5,-98.9,559,175.0,100.0,201.55644370746373,0,0.2551187030578035,-30,6,0,8.465848238967707
4030,2404301,417315.0,3385530.0,30,60,3,3,2585.0,12.2,529,0,5,417515,3385605,528,102,5,-97.67,559,200.0,75.0,213.60009363293827,-1,9.443954780416561,-31,6,0,8.257739544351423
4031,2404301,417315.0,3385530.0,30,60,3,3,2585.0,12.2,529,0,5,417710,3385510,530,0,5,-99.5,559,395.0,-20.0,395.50600501130197,1,32.89857679928173,-29,6,0,4.193639027412371
4032,2404301,417315.0,3385530.0,30,60,3,3,2585.0,12.2,529,0,5,417685,3385495,529,0,5,-106.5,559,370.0,-35.0,371.6517186829626,0,35.40379136024973,-30,6,0,4.614951383964139
4033,2404301,417315.0,3385530.0,30,60,3,3,2585.0,12.2,529,0,5,417725,3385455,526,0,5,-98.5,559,410.0,-75.0,416.80331092734855,-3,40.3663226034505,-33,6,0,4.526894833724982
4034,2404301,417315.0,3385530.0,30,60,3,3,2585.0,12.2,529,0,5,417705,3385515,530,0,5,-102.0,559,390.0,-15.0,390.2883549377306,1,32.20259816176582,-29,6,0,4.249498527249569
4035,2404301,417315.0,3385530.0,30,60,3,3,2585.0,12.2,529,0,5,417715,3385505,529,0,5,-100.5,559,400.0,-25.0,400.7804885470349,0,33.57633437499737,-30,6,0,4.280831619793326
4036,2404301,417315.0,3385530.0,30,60,3,3,2585.0,12.2,529,0,5,417080,3385750,528,0,5,-110.5,559,-235.0,220.0,321.90837205639747,-1,253.11181199325904,-31,6,0,5.5006611895591195
4037,2404301,417315.0,3385530.0,30,60,3,3,2585.0,12.2,529,0,5,417085,3385745,528,0,5,-94.0,559,-230.0,215.0,314.8412298286233,-1,253.069412558833,-31,6,0,5.623350025743595
4038,2404301,417315.0,3385530.0,30,60,3,3,2585.0,12.2,529,0,5,414760,3385130,497,105,7,-92.5,559,-2555.0,-400.0,2586.121613536378,-32,201.1022396741539,-62,6,0,1.3733530421786095
