,Cell Index,Cell X,Cell Y,Height,Azimuth,Electrical Downtilt,Mechanical Downtilt,Frequency Band,RS Power,Cell Altitude,Cell Building Height,Cell Clutter Index,X,Y,Altitude,Building Height,Clutter Index,RSRP,Station Absolute Height,X Distance,Y Distance,Distance To Station,Altitude Delta,Azimuth To Station,Height Delta,Station Total Downtilt,Station Downtilt Delta,Vertical Degree
0,2579801,403710.0,3395190.0,21,0,6,3,2585.0,9.2,509,0,5,404060,3395115,508,0,5,-87.71,530,350.0,-75.0,357.94552658190884,-1,102.0947570770121,-22,9,3,3.5170813137533665
1,2579801,403710.0,3395190.0,21,0,6,3,2585.0,9.2,509,0,5,403690,3395365,510,0,6,-83.5,530,-20.0,175.0,176.13914953808538,1,353.480198248343,-20,9,3,6.477995631279924
2,2579801,403710.0,3395190.0,21,0,6,3,2585.0,9.2,509,0,5,404045,3395100,508,0,6,-85.75,530,335.0,-90.0,346.87894141904894,-1,105.03781590358227,-22,9,3,3.628992601835927
3,2579801,403710.0,3395190.0,21,0,6,3,2585.0,9.2,509,0,5,403615,3395290,509,0,6,-86.0,530,-95.0,100.0,137.93114224133723,0,316.4688007143858,-21,9,3,8.656795876917561
4,2579801,403710.0,3395190.0,21,0,6,3,2585.0,9.2,509,0,5,404420,3394835,505,0,5,-91.5,530,710.0,-355.0,793.8041320124254,-4,116.56505117707798,-25,9,3,1.8038721773517254
5,2579801,403710.0,3395190.0,21,0,6,3,2585.0,9.2,509,0,5,404040,3395095,508,0,5,-71.8,530,330.0,-95.0,343.4020966738555,-1,106.05998730716067,-22,9,3,3.6656354007731764
6,2579801,403710.0,3395190.0,21,0,6,3,2585.0,9.2,509,0,5,404065,3395120,508,0,5,-89.5,530,355.0,-70.0,361.83559802761255,-1,101.15465973892833,-22,9,3,3.47936279002868
7,2579801,403710.0,3395190.0,21,0,6,3,2585.0,9.2,509,0,5,403600,3395295,510,0,5,-90.5,530,-110.0,105.0,152.0690632574555,1,313.6677801461304,-20,9,3,7.492492028240438
8,2579801,403710.0,3395190.0,21,0,6,3,2585.0,9.2,509,0,5,403640,3395240,508,0,6,-90.5,530,-70.0,50.0,86.02325267042627,-1,305.5376777919744,-22,9,3,14.34561342352611
9,2579801,403710.0,3395190.0,21,0,6,3,2585.0,9.2,509,0,5,404065,3395135,509,0,5,-95.67,530,355.0,-55.0,359.23529893372114,0,98.80679269443533,-21,9,3,3.3455609918467566
10,2579801,403710.0,3395190.0,21,0,6,3,2585.0,9.2,509,0,5,403670,3395210,509,0,5,-90.8,530,-40.0,20.0,44.721359549995796,0,296.565051177078,-21,9,3,25.153542357903426
11,2579801,403710.0,3395190.0,21,0,6,3,2585.0,9.2,509,0,5,404055,3395145,509,0,5,-99.17,530,345.0,-45.0,347.92240514229604,0,97.43140797117252,-21,9,3,3.454084556603714
12,2579801,403710.0,3395190.0,21,0,6,3,2585.0,9.2,509,0,5,404060,3395140,509,0,5,-96.0,530,350.0,-50.0,353.5533905932738,0,98.13010235415595,-21,9,3,3.399201967437826
13,2579801,403710.0,3395190.0,21,0,6,3,2585.0,9.2,509,0,5,403660,3395220,508,0,5,-95.0,530,-50.0,30.0,58.309518948453004,-1,300.9637565320735,-22,9,3,20.671335055030994
14,2579801,403710.0,3395190.0,21,0,6,3,2585.0,9.2,509,0,5,403645,3395235,508,0,6,-88.2,530,-65.0,45.0,79.05694150420949,-1,304.695153531234,-22,9,3,15.550844571615853
15,2579801,403710.0,3395190.0,21,0,6,3,2585.0,9.2,509,0,5,403630,3395250,509,0,6,-86.0,530,-80.0,60.0,100.0,0,306.86989764584405,-21,9,3,11.859779120947978
16,2579801,403710.0,3395190.0,21,0,6,3,2585.0,9.2,509,0,5,403665,3395215,508,0,5,-87.7,530,-45.0,25.0,51.478150704935004,-1,299.05460409907715,-22,9,3,23.140205534381032
17,2579801,403710.0,3395190.0,21,0,6,3,2585.0,9.2,509,0,5,403650,3395230,508,0,6,-85.71,530,-60.0,40.0,72.11102550927978,-1,303.69006752597977,-22,9,3,16.966167091928728
18,2579801,403710.0,3395190.0,21,0,6,3,2585.0,9.2,509,0,5,404050,3395150,510,0,5,-95.0,530,340.0,-40.0,342.3448553724738,1,96.70983680775691,-20,9,3,3.343454932003705
19,2579801,403710.0,3395190.0,21,0,6,3,2585.0,9.2,509,0,5,403635,3395245,508,0,7,-85.4,530,-75.0,55.0,93.00537618869137,-1,306.25383773744477,-22,9,3,13.308436731827726
20,2579801,403710.0,3395190.0,21,0,6,3,2585.0,9.2,509,0,5,403620,3395260,509,0,6,-84.5,530,-90.0,70.0,114.0175425099138,0,307.8749836510982,-21,9,3,10.435904747083725
21,2579801,403710.0,3395190.0,21,0,6,3,2585.0,9.2,509,0,5,403215,3395515,510,0,6,-95.5,530,-495.0,325.0,592.1570737566174,1,303.2875276889125,-20,9,3,1.9344194453761019
22,2579801,403710.0,3395190.0,21,0,6,3,2585.0,9.2,509,0,5,403785,3395110,507,0,7,-72.0,530,75.0,-80.0,109.65856099730654,-2,136.8476102659946,-23,9,3,11.845617487655405
23,2579801,403710.0,3395190.0,21,0,6,3,2585.0,9.2,509,0,5,403775,3395100,507,0,7,-60.0,530,65.0,-90.0,111.01801655587259,-2,144.16234704572173,-23,9,3,11.70458936917921
24,2579801,403710.0,3395190.0,21,0,6,3,2585.0,9.2,509,0,5,403970,3395215,509,0,5,-113.0,530,260.0,25.0,261.1991577321795,0,84.5076754428726,-21,9,3,4.596603246105564
25,2579801,403710.0,3395190.0,21,0,6,3,2585.0,9.2,509,0,5,403755,3395160,508,0,5,-72.5,530,45.0,-30.0,54.08326913195984,-1,123.69006752597977,-22,9,3,22.135515617087698
26,2579801,403710.0,3395190.0,21,0,6,3,2585.0,9.2,509,0,5,403735,3395140,509,0,5,-73.0,530,25.0,-50.0,55.90169943749474,0,153.43494882292202,-21,9,3,20.589161977610612
27,2579801,403710.0,3395190.0,21,0,6,3,2585.0,9.2,509,0,5,403745,3395150,509,0,5,-88.0,530,35.0,-40.0,53.150729063673246,0,138.81407483429035,-21,9,3,21.559113043937753
28,2579801,403710.0,3395190.0,21,0,6,3,2585.0,9.2,509,0,5,403620,3394945,508,0,5,-97.75,530,-90.0,-245.0,261.00766272276377,-1,200.1706534118504,-22,9,3,4.817999093110087
29,2579801,403710.0,3395190.0,21,0,6,3,2585.0,9.2,509,0,5,403615,3394940,509,0,5,-94.0,530,-95.0,-250.0,267.44158240632663,0,200.80679101271122,-21,9,3,4.489756590588732
30,2579801,403710.0,3395190.0,21,0,6,3,2585.0,9.2,509,0,5,403335,3395435,509,0,7,-93.0,530,-375.0,245.0,447.9397280885008,0,303.15792388467224,-21,9,3,2.684135743055973
31,2579801,403710.0,3395190.0,21,0,6,3,2585.0,9.2,509,0,5,404240,3395070,506,0,5,-91.0,530,530.0,-120.0,543.415126767741,-3,102.75753216087668,-24,9,3,2.5288322228345934
32,2579801,403710.0,3395190.0,21,0,6,3,2585.0,9.2,509,0,5,404275,3394935,506,0,6,-97.0,530,565.0,-255.0,619.8790204547981,-3,114.29096240835099,-24,9,3,2.21722655271028
33,2579801,403710.0,3395190.0,21,0,6,3,2585.0,9.2,509,0,5,404280,3394910,505,0,6,-94.5,530,570.0,-280.0,635.0590523722971,-4,116.16156644201925,-25,9,3,2.254365535603725
34,2579801,403710.0,3395190.0,21,0,6,3,2585.0,9.2,509,0,5,404265,3394935,506,0,5,-89.75,530,555.0,-255.0,610.77819214507,-3,114.67686317033707,-24,9,3,2.2502303621555115
35,2579801,403710.0,3395190.0,21,0,6,3,2585.0,9.2,509,0,5,404280,3394920,506,0,6,-93.5,530,570.0,-270.0,630.7138812488591,-3,115.34617594194668,-24,9,3,2.179174467962445
36,2579801,403710.0,3395190.0,21,0,6,3,2585.0,9.2,509,0,5,404260,3394940,506,0,5,-92.67,530,550.0,-250.0,604.1522986797286,-3,114.44395478041656,-24,9,3,2.2748834289722337
37,2579801,403710.0,3395190.0,21,0,6,3,2585.0,9.2,509,0,5,404300,3394900,506,0,5,-88.0,530,590.0,-290.0,657.4191965557441,-3,116.17528998175993,-24,9,3,2.0907334792652716
38,2579801,403710.0,3395190.0,21,0,6,3,2585.0,9.2,509,0,5,404275,3394925,506,0,6,-92.0,530,565.0,-265.0,624.0592920548495,-3,115.12782418075608,-24,9,3,2.202389098360417
39,2579801,403710.0,3395190.0,21,0,6,3,2585.0,9.2,509,0,5,403670,3395190,509,0,5,-84.33,530,-40.0,0.0,40.0,0,270.0,-21,9,3,27.699472808055
40,2579801,403710.0,3395190.0,21,0,6,3,2585.0,9.2,509,0,5,403525,3395055,510,0,6,-99.0,530,-185.0,-135.0,229.01964981197574,1,233.88065915052027,-20,9,3,4.990907165880567
41,2579801,403710.0,3395190.0,21,0,6,3,2585.0,9.2,509,0,5,403645,3395175,509,0,5,-89.5,530,-65.0,-15.0,66.70832032063167,0,257.0053832080835,-21,9,3,17.474174483614714
42,2579801,403710.0,3395190.0,21,0,6,3,2585.0,9.2,509,0,5,403765,3394975,506,0,5,-108.5,530,55.0,-215.0,221.92341021172146,-3,165.65066795705286,-24,9,3,6.172288100368003
43,2579801,403710.0,3395190.0,21,0,6,3,2585.0,9.2,509,0,5,403675,3395185,509,0,5,-86.33,530,-35.0,-5.0,35.35533905932738,0,261.86989764584405,-21,9,3,30.709028345518192
44,2579801,403710.0,3395190.0,21,0,6,3,2585.0,9.2,509,0,5,403595,3395105,509,0,5,-101.0,530,-115.0,-85.0,143.0034964607509,0,233.53076560994813,-21,9,3,8.354149452869425
45,2579801,403710.0,3395190.0,21,0,6,3,2585.0,9.2,509,0,5,403630,3395150,509,0,5,-94.0,530,-80.0,-40.0,89.44271909999159,0,243.43494882292202,-21,9,3,13.21299281082076
46,2579801,403710.0,3395190.0,21,0,6,3,2585.0,9.2,509,0,5,403580,3395120,510,0,6,-98.29,530,-130.0,-70.0,147.648230602334,1,241.69924423399362,-20,9,3,7.714166909160776
47,2579801,403710.0,3395190.0,21,0,6,3,2585.0,9.2,509,0,5,403575,3395085,510,0,6,-96.0,530,-135.0,-105.0,171.0263137648707,1,232.1250163489018,-20,9,3,6.669935543365446
48,2579801,403710.0,3395190.0,21,0,6,3,2585.0,9.2,509,0,5,403625,3395155,509,0,5,-84.33,530,-85.0,-35.0,91.92388155425118,0,247.6198649480404,-21,9,3,12.868383116154853
49,2579801,403710.0,3395190.0,21,0,6,3,2585.0,9.2,509,0,5,403585,3395115,510,0,6,-94.89,530,-125.0,-75.0,145.7737973711325,1,239.03624346792648,-20,9,3,7.812142384069066
50,2579801,403710.0,3395190.0,21,0,6,3,2585.0,9.2,509,0,5,403535,3395045,510,0,6,-99.5,530,-175.0,-145.0,227.26636354727023,1,230.35582504285517,-20,9,3,5.02921367956826
51,2579801,403710.0,3395190.0,21,0,6,3,2585.0,9.2,509,0,5,403555,3395065,510,0,6,-98.25,530,-155.0,-125.0,199.12307751739877,1,231.1155035662854,-20,9,3,5.735574832613634
52,2579801,403710.0,3395190.0,21,0,6,3,2585.0,9.2,509,0,5,404015,3395205,510,0,13,-114.5,530,305.0,15.0,305.3686296920494,1,87.18444331578877,-20,9,3,3.7472130334593943
53,2579801,403710.0,3395190.0,21,0,6,3,2585.0,9.2,509,0,5,403570,3395090,510,0,6,-97.75,530,-140.0,-100.0,172.04650534085255,1,234.46232220802563,-20,9,3,6.630737768078657
54,2579801,403710.0,3395190.0,21,0,6,3,2585.0,9.2,509,0,5,403565,3395095,510,0,6,-98.25,530,-145.0,-95.0,173.34935823359717,1,236.76828893202065,-20,9,3,6.581341539958256
55,2579801,403710.0,3395190.0,21,0,6,3,2585.0,9.2,509,0,5,403550,3395070,510,0,6,-96.0,530,-160.0,-120.0,200.0,1,233.13010235415598,-20,9,3,5.710593137499642
56,2579801,403710.0,3395190.0,21,0,6,3,2585.0,9.2,509,0,5,403615,3395125,509,0,5,-95.67,530,-95.0,-65.0,115.10864433221339,0,235.61965527615513,-21,9,3,10.339127327314799
57,2579801,403710.0,3395190.0,21,0,6,3,2585.0,9.2,509,0,5,403640,3395180,509,0,5,-92.0,530,-70.0,-10.0,70.71067811865476,0,261.86989764584405,-21,9,3,16.540621739986666
58,2579801,403710.0,3395190.0,21,0,6,3,2585.0,9.2,509,0,5,403655,3395165,509,0,5,-80.0,530,-55.0,-25.0,60.41522986797286,0,245.55604521958347,-21,9,3,19.16716891342147
59,2579801,403710.0,3395190.0,21,0,6,3,2585.0,9.2,509,0,5,403520,3395060,510,0,6,-99.0,530,-190.0,-130.0,230.21728866442677,1,235.61965527615513,-20,9,3,4.96507353827371
60,2579801,403710.0,3395190.0,21,0,6,3,2585.0,9.2,509,0,5,403660,3395200,509,0,5,-87.14,530,-50.0,10.0,50.99019513592785,0,281.30993247402023,-21,9,3,22.384013836802293
61,2579801,403710.0,3395190.0,21,0,6,3,2585.0,9.2,509,0,5,403650,3395170,509,0,5,-91.33,530,-60.0,-20.0,63.245553203367585,0,251.56505117707798,-21,9,3,18.368187036635863
62,2579801,403710.0,3395190.0,21,0,6,3,2585.0,9.2,509,0,5,403665,3395195,509,0,5,-88.33,530,-45.0,5.0,45.27692569068709,0,276.3401917459099,-21,9,3,24.882455437745982
63,2579801,403710.0,3395190.0,21,0,6,3,2585.0,9.2,509,0,5,403600,3395140,509,0,6,-94.08,530,-110.0,-50.0,120.83045973594572,0,245.55604521958347,-21,9,3,9.859366368396923
64,2579801,403710.0,3395190.0,21,0,6,3,2585.0,9.2,509,0,5,403610,3395130,509,0,5,-96.11,530,-100.0,-60.0,116.61903789690601,0,239.03624346792648,-21,9,3,10.208053546255814
65,2579801,403710.0,3395190.0,21,0,6,3,2585.0,9.2,509,0,5,403605,3395135,509,0,5,-95.5,530,-105.0,-55.0,118.53269591129698,0,242.35402463626133,-21,9,3,10.046633067023226
66,2579801,403710.0,3395190.0,21,0,6,3,2585.0,9.2,509,0,5,403660,3395190,509,0,5,-88.25,530,-50.0,0.0,50.0,0,270.0,-21,9,3,22.78240573048169
67,2579801,403710.0,3395190.0,21,0,6,3,2585.0,9.2,509,0,5,403640,3395170,509,0,5,-88.33,530,-70.0,-20.0,72.80109889280519,0,254.05460409907715,-21,9,3,16.09058603727885
68,2579801,403710.0,3395190.0,21,0,6,3,2585.0,9.2,509,0,5,403670,3395200,509,0,5,-89.0,530,-40.0,10.0,41.23105625617661,0,284.03624346792645,-21,9,3,26.990872948656914
69,2579801,403710.0,3395190.0,21,0,6,3,2585.0,9.2,509,0,5,403650,3395180,509,0,5,-90.14,530,-60.0,-10.0,60.8276253029822,0,260.5376777919744,-21,9,3,19.046612937847886
70,2579801,403710.0,3395190.0,21,0,6,3,2585.0,9.2,509,0,5,403675,3395195,509,0,5,-86.83,530,-35.0,5.0,35.35533905932738,0,278.13010235415595,-21,9,3,30.709028345518192
71,2579801,403710.0,3395190.0,21,0,6,3,2585.0,9.2,509,0,5,403545,3395065,510,0,6,-102.0,530,-165.0,-125.0,207.0024154448445,1,232.85331330197823,-20,9,3,5.5186301167231875
72,2579801,403710.0,3395190.0,21,0,6,3,2585.0,9.2,509,0,5,403585,3395105,510,0,6,-94.33,530,-125.0,-85.0,151.16216457830973,1,235.7842978675626,-20,9,3,7.536928047498609
73,2579801,403710.0,3395190.0,21,0,6,3,2585.0,9.2,509,0,5,403610,3395140,509,0,5,-88.0,530,-100.0,-50.0,111.80339887498948,0,243.43494882292202,-21,9,3,10.637903602437003
74,2579801,403710.0,3395190.0,21,0,6,3,2585.0,9.2,509,0,5,403590,3395120,510,0,6,-95.64,530,-120.0,-70.0,138.92443989449805,1,239.74356283647074,-20,9,3,8.19219487435178
75,2579801,403710.0,3395190.0,21,0,6,3,2585.0,9.2,509,0,5,403575,3395095,510,0,6,-95.2,530,-135.0,-95.0,165.07574019219177,1,234.86580694308435,-20,9,3,6.908086752639787
76,2579801,403710.0,3395190.0,21,0,6,3,2585.0,9.2,509,0,5,403625,3395145,509,0,5,-91.17,530,-85.0,-45.0,96.17692030835673,0,242.10272896905235,-21,9,3,12.31708264110538
77,2579801,403710.0,3395190.0,21,0,6,3,2585.0,9.2,509,0,5,403570,3395100,510,0,6,-96.38,530,-140.0,-90.0,166.43316977093238,1,237.26477372789242,-20,9,3,6.852282245439308
78,2579801,403710.0,3395190.0,21,0,6,3,2585.0,9.2,509,0,5,403615,3395135,509,0,5,-98.0,530,-95.0,-55.0,109.77249200050075,0,239.93141717813754,-21,9,3,10.830102206254866
79,2579801,403710.0,3395190.0,21,0,6,3,2585.0,9.2,509,0,5,403605,3395125,509,0,5,-92.0,530,-105.0,-65.0,123.4908903522847,0,238.24051991518718,-21,9,3,9.65099830531909
80,2579801,403710.0,3395190.0,21,0,6,3,2585.0,9.2,509,0,5,403565,3395085,510,0,6,-96.82,530,-145.0,-105.0,179.02513789968157,1,234.09027692082233,-20,9,3,6.374433150258721
81,2579801,403710.0,3395190.0,21,0,6,3,2585.0,9.2,509,0,5,403630,3395160,509,0,5,-96.17,530,-80.0,-30.0,85.44003745317531,0,249.44395478041653,-21,9,3,13.808799425189946
82,2579801,403710.0,3395190.0,21,0,6,3,2585.0,9.2,509,0,5,403580,3395110,510,0,6,-97.0,530,-130.0,-80.0,152.64337522473747,1,238.3924977537511,-20,9,3,7.464620452525394
83,2579801,403710.0,3395190.0,21,0,6,3,2585.0,9.2,509,0,5,403620,3395150,509,0,5,-92.5,530,-90.0,-40.0,98.48857801796105,0,246.0375110254218,-21,9,3,12.036511820344261
84,2579801,403710.0,3395190.0,21,0,6,3,2585.0,9.2,509,0,5,403560,3395090,510,0,6,-101.0,530,-150.0,-100.0,180.27756377319946,1,236.30993247402023,-20,9,3,6.330509401162716
85,2579801,403710.0,3395190.0,21,0,6,3,2585.0,9.2,509,0,5,403645,3395165,509,0,5,-90.4,530,-65.0,-25.0,69.6419413859206,0,248.96248897457818,-21,9,3,16.78028733092616
86,2579801,403710.0,3395190.0,21,0,6,3,2585.0,9.2,509,0,5,403635,3395155,509,0,5,-89.5,530,-75.0,-35.0,82.76472678623425,0,244.98310652189997,-21,9,3,14.237277016056842
87,2579801,403710.0,3395190.0,21,0,6,3,2585.0,9.2,509,0,5,403600,3395130,509,0,6,-95.2,530,-110.0,-60.0,125.29964086141668,0,241.3895403340348,-21,9,3,9.514247316317931
88,2579801,403710.0,3395190.0,21,0,6,3,2585.0,9.2,509,0,5,403810,3395285,509,75,10,-84.5,530,100.0,95.0,137.93114224133723,0,46.46880071438585,-21,9,3,8.656795876917561
89,2579801,403710.0,3395190.0,21,0,6,3,2585.0,9.2,509,0,5,403840,3395095,507,0,5,-83.33,530,130.0,-95.0,161.01242188104618,-2,126.15818543980834,-23,9,3,8.129483512810486
90,2579801,403710.0,3395190.0,21,0,6,3,2585.0,9.2,509,0,5,403920,3395175,508,75,6,-84.5,530,210.0,-15.0,210.535032714273,-1,94.08561677997488,-22,9,3,5.9655107660126
91,2579801,403710.0,3395190.0,21,0,6,3,2585.0,9.2,509,0,5,403695,3395250,509,0,5,-87.0,530,-15.0,60.0,61.84658438426491,0,345.96375653207355,-21,9,3,18.754912214077386
92,2579801,403710.0,3395190.0,21,0,6,3,2585.0,9.2,509,0,5,403700,3395275,509,0,5,-77.6,530,-10.0,85.0,85.58621384311844,0,353.2901631922431,-21,9,3,13.786115304788256
93,2579801,403710.0,3395190.0,21,0,6,3,2585.0,9.2,509,0,5,403755,3395230,509,0,5,-71.91,530,45.0,40.0,60.207972893961475,0,48.36646066342979,-21,9,3,19.228312757030942
94,2579801,403710.0,3395190.0,21,0,6,3,2585.0,9.2,509,0,5,403805,3395300,509,0,5,-83.33,530,95.0,110.0,145.34441853748632,0,40.815083874881566,-21,9,3,8.221451306049378
95,2579801,403710.0,3395190.0,21,0,6,3,2585.0,9.2,509,0,5,403685,3395260,509,0,5,-86.82,530,-25.0,70.0,74.33034373659252,0,340.3461759419467,-21,9,3,15.776183723444973
96,2579801,403710.0,3395190.0,21,0,6,3,2585.0,9.2,509,0,5,403865,3395120,506,87,7,-71.25,530,155.0,-70.0,170.07351351694948,-3,114.30454926593671,-24,9,3,8.03228265039802
97,2579801,403710.0,3395190.0,21,0,6,3,2585.0,9.2,509,0,5,403690,3395245,508,0,5,-90.0,530,-20.0,55.0,58.52349955359813,-1,340.01689347810003,-22,9,3,20.602112538380215
98,2579801,403710.0,3395190.0,21,0,6,3,2585.0,9.2,509,0,5,403680,3395255,508,0,5,-85.18,530,-30.0,65.0,71.58910531638176,-1,335.22485943116806,-22,9,3,17.08268158709464
99,2579801,403710.0,3395190.0,21,0,6,3,2585.0,9.2,509,0,5,403875,3395110,506,0,7,-85.83,530,165.0,-80.0,183.3712082089225,-3,115.86635679409449,-24,9,3,7.456604471545673
100,2579801,403710.0,3395190.0,21,0,6,3,2585.0,9.2,509,0,5,403705,3395280,509,0,6,-84.67,530,-5.0,90.0,90.13878188659973,0,356.8201698801358,-21,9,3,13.114499990921086
101,2579801,403710.0,3395190.0,21,0,6,3,2585.0,9.2,509,0,5,403750,3395225,509,0,5,-69.69,530,40.0,35.0,53.150729063673246,0,48.81407483429035,-21,9,3,21.559113043937753
102,2579801,403710.0,3395190.0,21,0,6,3,2585.0,9.2,509,0,5,403990,3395145,510,75,6,-101.5,530,280.0,-45.0,283.59301824974466,1,99.13017648227867,-20,9,3,4.03402551881095
103,2579801,403710.0,3395190.0,21,0,6,3,2585.0,9.2,509,0,5,404245,3395040,506,0,5,-92.5,530,535.0,-150.0,555.6302727533841,-3,105.66210634532604,-24,9,3,2.4733074139569804
104,2579801,403710.0,3395190.0,21,0,6,3,2585.0,9.2,509,0,5,403370,3395425,510,0,7,-93.33,530,-340.0,235.0,413.3098111586513,1,304.6513159120045,-20,9,3,2.770373209355734
105,2579801,403710.0,3395190.0,21,0,6,3,2585.0,9.2,509,0,5,403395,3395410,510,0,12,-88.5,530,-315.0,220.0,384.2199890687625,1,304.9309373011106,-20,9,3,2.979757231251991
106,2579801,403710.0,3395190.0,21,0,6,3,2585.0,9.2,509,0,5,403590,3395280,510,0,5,-89.5,530,-120.0,90.0,150.0,1,306.86989764584405,-20,9,3,7.594643368591445
107,2579801,403710.0,3395190.0,21,0,6,3,2585.0,9.2,509,0,5,404050,3395100,508,0,6,-76.0,530,340.0,-90.0,351.7101079013795,-1,104.82647997035565,-22,9,3,3.5792744582412483
108,2579801,403710.0,3395190.0,21,0,6,3,2585.0,9.2,509,0,5,404040,3395090,508,0,5,-79.0,530,330.0,-100.0,344.81879299133334,-1,106.85839876773827,-22,9,3,3.650615859676765
109,2579801,403710.0,3395190.0,21,0,6,3,2585.0,9.2,509,0,5,404435,3394835,505,0,5,-92.0,530,725.0,-355.0,807.2484128197466,-4,116.08891992543613,-25,9,3,1.7738490284949286
110,2579801,403710.0,3395190.0,21,0,6,3,2585.0,9.2,509,0,5,404060,3395110,508,0,5,-83.33,530,350.0,-80.0,359.02646142032484,-1,102.87500155961249,-22,9,3,3.5065187616914772
111,2579801,403710.0,3395190.0,21,0,6,3,2585.0,9.2,509,0,5,404030,3395080,507,0,5,-77.5,530,320.0,-110.0,338.3784863137726,-2,108.97040780848658,-23,9,3,3.88848326475115
112,2579801,403710.0,3395190.0,21,0,6,3,2585.0,9.2,509,0,5,404380,3394790,504,0,13,-98.0,530,670.0,-400.0,780.3204469959761,-5,120.83783194468725,-26,9,3,1.9083689988227186
113,2579801,403710.0,3395190.0,21,0,6,3,2585.0,9.2,509,0,5,403615,3395295,509,0,6,-91.0,530,-95.0,105.0,141.59802258506295,0,317.8624052261117,-21,9,3,8.435883623625474
114,2579801,403710.0,3395190.0,21,0,6,3,2585.0,9.2,509,0,5,403815,3395275,509,0,10,-102.0,530,105.0,85.0,135.09256086106296,0,51.00900595749454,-21,9,3,8.835852073612616
115,2579801,403710.0,3395190.0,21,0,6,3,2585.0,9.2,509,0,5,403910,3395180,508,75,6,-101.25,530,200.0,-10.0,200.24984394500785,-1,92.86240522611172,-22,9,3,6.269528954899443
116,2579801,403710.0,3395190.0,21,0,6,3,2585.0,9.2,509,0,5,403975,3395115,508,0,10,-74.5,530,265.0,-75.0,275.40878707840824,-1,105.80251395393555,-22,9,3,4.567160967892379
117,2579801,403710.0,3395190.0,21,0,6,3,2585.0,9.2,509,0,5,403820,3395250,509,0,5,-90.4,530,110.0,60.0,125.29964086141668,0,61.38954033403479,-21,9,3,9.514247316317931
118,2579801,403710.0,3395190.0,21,0,6,3,2585.0,9.2,509,0,5,403830,3395260,509,0,5,-88.0,530,120.0,70.0,138.92443989449805,0,59.743562836470744,-21,9,3,8.595828363194181
119,2579801,403710.0,3395190.0,21,0,6,3,2585.0,9.2,509,0,5,403840,3395150,506,0,5,-63.5,530,130.0,-40.0,136.01470508735443,-3,107.10272896905235,-24,9,3,10.006919670019558
120,2579801,403710.0,3395190.0,21,0,6,3,2585.0,9.2,509,0,5,403860,3395130,506,87,7,-85.33,530,150.0,-60.0,161.55494421403512,-3,111.80140948635182,-24,9,3,8.449849157186682
121,2579801,403710.0,3395190.0,21,0,6,3,2585.0,9.2,509,0,5,403765,3395225,509,0,12,-70.68,530,55.0,35.0,65.19202405202648,0,57.52880770915152,-21,9,3,17.855062794067003
122,2579801,403710.0,3395190.0,21,0,6,3,2585.0,9.2,509,0,5,403800,3395270,509,0,5,-72.5,530,90.0,80.0,120.41594578792295,0,48.36646066342979,-21,9,3,9.892636376894824
123,2579801,403710.0,3395190.0,21,0,6,3,2585.0,9.2,509,0,5,403760,3395230,509,0,5,-71.47,530,50.0,40.0,64.03124237432849,0,51.34019174590992,-21,9,3,18.157674708606258
124,2579801,403710.0,3395190.0,21,0,6,3,2585.0,9.2,509,0,5,403825,3395245,509,0,5,-95.82,530,115.0,55.0,127.47548783981962,0,64.44003482817618,-21,9,3,9.354745938095656
125,2579801,403710.0,3395190.0,21,0,6,3,2585.0,9.2,509,0,5,403785,3395205,508,0,5,-65.97,530,75.0,15.0,76.48529270389177,-1,78.69006752597977,-22,9,3,16.047193190970088
126,2579801,403710.0,3395190.0,21,0,6,3,2585.0,9.2,509,0,5,403805,3395265,509,0,5,-88.6,530,95.0,75.0,121.03718436910205,0,51.709836807756915,-21,9,3,9.842856759017401
127,2579801,403710.0,3395190.0,21,0,6,3,2585.0,9.2,509,0,5,403855,3395155,506,0,5,-73.63,530,145.0,-35.0,149.164338901763,-3,103.57043438516149,-24,9,3,9.140345923767628
128,2579801,403710.0,3395190.0,21,0,6,3,2585.0,9.2,509,0,5,403780,3395210,508,0,5,-65.97,530,70.0,20.0,72.80109889280519,-1,74.05460409907715,-22,9,3,16.814462082890977
129,2579801,403710.0,3395190.0,21,0,6,3,2585.0,9.2,509,0,5,403850,3395160,506,0,5,-68.63,530,140.0,-30.0,143.17821063276352,-3,102.0947570770121,-24,9,3,9.515641976620708
130,2579801,403710.0,3395190.0,21,0,6,3,2585.0,9.2,509,0,5,403990,3395100,508,0,5,-66.67,530,280.0,-90.0,294.10882339705483,-1,107.81888891452274,-22,9,3,4.277885962399702
131,2579801,403710.0,3395190.0,21,0,6,3,2585.0,9.2,509,0,5,403870,3395140,507,0,5,-77.67,530,160.0,-50.0,167.6305461424021,-2,107.35402463626133,-23,9,3,7.812571401937294
132,2579801,403710.0,3395190.0,21,0,6,3,2585.0,9.2,509,0,5,403770,3395240,509,0,5,-72.23,530,60.0,50.0,78.10249675906654,0,50.19442890773479,-21,9,3,15.049610865665473
133,2579801,403710.0,3395190.0,21,0,6,3,2585.0,9.2,509,0,5,403795,3395215,508,0,12,-65.27,530,85.0,25.0,88.60022573334675,-1,73.61045966596521,-22,9,3,13.944877129914039
134,2579801,403710.0,3395190.0,21,0,6,3,2585.0,9.2,509,0,5,403710,3395300,509,0,6,-87.75,530,0.0,110.0,110.0,0,0.0,-21,9,3,10.80823094031979
135,2579801,403710.0,3395190.0,21,0,6,3,2585.0,9.2,509,0,5,403875,3395135,507,0,5,-75.75,530,165.0,-55.0,173.92527130926086,-2,108.43494882292202,-23,9,3,7.533124936181622
136,2579801,403710.0,3395190.0,21,0,6,3,2585.0,9.2,509,0,5,403775,3395235,509,0,12,-70.45,530,65.0,45.0,79.05694150420949,0,55.304846468766016,-21,9,3,14.876020429940661
137,2579801,403710.0,3395190.0,21,0,6,3,2585.0,9.2,509,0,5,403790,3395220,508,0,12,-70.23,530,80.0,30.0,85.44003745317531,-1,69.44395478041656,-22,9,3,14.43945593735666
138,2579801,403710.0,3395190.0,21,0,6,3,2585.0,9.2,509,0,5,403890,3395200,508,0,6,-92.33,530,180.0,10.0,180.27756377319946,-1,86.82016988013578,-22,9,3,6.957633327104099
139,2579801,403710.0,3395190.0,21,0,6,3,2585.0,9.2,509,0,5,403705,3395285,509,0,6,-86.5,530,-5.0,95.0,95.13148795220224,0,356.98721249581666,-21,9,3,12.448241599896843
140,2579801,403710.0,3395190.0,21,0,6,3,2585.0,9.2,509,0,5,403835,3395255,509,0,5,-89.67,530,125.0,65.0,140.8900280360537,0,62.52556837372288,-21,9,3,8.477660751312353
141,2579801,403710.0,3395190.0,21,0,6,3,2585.0,9.2,509,0,5,403700,3395290,509,0,6,-81.17,530,-10.0,100.0,100.4987562112089,0,354.28940686250036,-21,9,3,11.802576179424635
142,2579801,403710.0,3395190.0,21,0,6,3,2585.0,9.2,509,0,5,403965,3395105,508,0,10,-69.75,530,255.0,-85.0,268.79360111431225,-1,108.43494882292202,-22,9,3,4.679068649980417
143,2579801,403710.0,3395190.0,21,0,6,3,2585.0,9.2,509,0,5,403845,3395145,506,0,5,-67.33,530,135.0,-45.0,142.30249470757707,-3,108.43494882292202,-24,9,3,9.573119780680821
144,2579801,403710.0,3395190.0,21,0,6,3,2585.0,9.2,509,0,5,403960,3395110,508,0,5,-63.0,530,250.0,-80.0,262.48809496813374,-1,107.74467162505692,-22,9,3,4.790952432344356
145,2579801,403710.0,3395190.0,21,0,6,3,2585.0,9.2,509,0,5,403630,3395245,509,0,6,-83.5,530,-80.0,55.0,97.082439194738,0,304.5085229876684,-21,9,3,12.205657071887387
146,2579801,403710.0,3395190.0,21,0,6,3,2585.0,9.2,509,0,5,403635,3395250,509,0,7,-84.67,530,-75.0,60.0,96.04686356149273,0,308.6598082540901,-21,9,3,12.333251044177262
147,2579801,403710.0,3395190.0,21,0,6,3,2585.0,9.2,509,0,5,403640,3395235,508,0,6,-85.0,530,-70.0,45.0,83.21658488546619,-1,302.7352262721076,-22,9,3,14.808514235365614
148,2579801,403710.0,3395190.0,21,0,6,3,2585.0,9.2,509,0,5,403650,3395225,508,0,6,-87.33,530,-60.0,35.0,69.46221994724903,-1,300.25643716352926,-22,9,3,17.57398031129746
149,2579801,403710.0,3395190.0,21,0,6,3,2585.0,9.2,509,0,5,403655,3395230,508,0,6,-89.67,530,-55.0,40.0,68.00735254367721,-1,306.0273733851036,-22,9,3,17.9261055437599
150,2579801,403710.0,3395190.0,21,0,6,3,2585.0,9.2,509,0,5,404075,3395130,508,0,5,-93.0,530,365.0,-60.0,369.8986347636336,-1,99.33499846313822,-22,9,3,3.403700057671879
151,2579801,403710.0,3395190.0,21,0,6,3,2585.0,9.2,509,0,5,403660,3395215,508,0,5,-91.37,530,-50.0,25.0,55.90169943749474,-1,296.565051177078,-22,9,3,21.4820173376628
152,2579801,403710.0,3395190.0,21,0,6,3,2585.0,9.2,509,0,5,403575,3395310,509,0,5,-98.5,530,-135.0,120.0,180.62391868188442,0,311.6335393365702,-21,9,3,6.631644144241638
153,2579801,403710.0,3395190.0,21,0,6,3,2585.0,9.2,509,0,5,404060,3395135,509,0,5,-94.5,530,350.0,-55.0,354.29507476113747,0,98.93059010041901,-21,9,3,3.392102684031794
154,2579801,403710.0,3395190.0,21,0,6,3,2585.0,9.2,509,0,5,403565,3395320,509,0,10,-91.5,530,-145.0,130.0,194.74342094150447,0,311.8778695378843,-21,9,3,6.1546618711972405
155,2579801,403710.0,3395190.0,21,0,6,3,2585.0,9.2,509,0,5,404055,3395150,509,0,5,-96.86,530,345.0,-40.0,347.3110997362451,0,96.61346048231474,-21,9,3,3.46014936401319
156,2579801,403710.0,3395190.0,21,0,6,3,2585.0,9.2,509,0,5,404065,3395140,509,0,5,-94.67,530,355.0,-50.0,358.50383540486706,0,98.01709307365536,-21,9,3,3.352371463625671
157,2579801,403710.0,3395190.0,21,0,6,3,2585.0,9.2,509,0,5,403665,3395220,508,0,5,-87.23,530,-45.0,30.0,54.08326913195984,-1,303.69006752597977,-22,9,3,22.135515617087698
158,2579801,403710.0,3395190.0,21,0,6,3,2585.0,9.2,509,0,5,404050,3395145,509,0,5,-95.75,530,340.0,-45.0,342.96501279285036,0,97.53944513950933,-21,9,3,3.503888163404834
159,2579801,403710.0,3395190.0,21,0,6,3,2585.0,9.2,509,0,5,403625,3395260,509,0,6,-87.0,530,-85.0,70.0,110.11357772772621,0,309.4724598483438,-21,9,3,10.797344886078069
160,2579801,403710.0,3395190.0,21,0,6,3,2585.0,9.2,509,0,5,403670,3395205,509,0,5,-87.25,530,-40.0,15.0,42.720018726587654,0,290.55604521958344,-21,9,3,26.17747704652569
161,2579801,403710.0,3395190.0,21,0,6,3,2585.0,9.2,509,0,5,403620,3395255,509,0,6,-84.25,530,-90.0,65.0,111.01801655587259,0,305.83765295427827,-21,9,3,10.71142467390829
162,2579801,403710.0,3395190.0,21,0,6,3,2585.0,9.2,509,0,5,404070,3395125,508,0,5,-95.5,530,360.0,-65.0,365.8209944768069,-1,100.2348027634232,-22,9,3,3.4415488647835737
163,2579801,403710.0,3395190.0,21,0,6,3,2585.0,9.2,509,0,5,403595,3395220,510,0,6,-80.5,530,-115.0,30.0,118.84864324004712,1,284.6208739886317,-20,9,3,9.552307968978239
164,2579801,403710.0,3395190.0,21,0,6,3,2585.0,9.2,509,0,5,403925,3395030,506,0,5,-106.0,530,215.0,-160.0,268.00186566514793,-3,126.65610841596691,-24,9,3,5.117279415497253
165,2579801,403710.0,3395190.0,21,0,6,3,2585.0,9.2,509,0,5,403540,3395245,510,6,5,-94.5,530,-170.0,55.0,178.67568385205638,1,287.92791976200726,-20,9,3,6.386797352187997
166,2579801,403710.0,3395190.0,21,0,6,3,2585.0,9.2,509,0,5,404465,3394810,505,0,5,-92.5,530,755.0,-380.0,845.2366532516204,-4,116.71662695974629,-25,9,3,1.6941728699970204
167,2579801,403710.0,3395190.0,21,0,6,3,2585.0,9.2,509,0,5,404080,3395185,509,0,5,-100.86,530,370.0,-5.0,370.0337822415678,0,90.77422016492807,-21,9,3,3.2481415853800204
168,2579801,403710.0,3395190.0,21,0,6,3,2585.0,9.2,509,0,5,404085,3395190,509,0,5,-97.0,530,375.0,0.0,375.0,0,90.0,-21,9,3,3.205215931013497
169,2579801,403710.0,3395190.0,21,0,6,3,2585.0,9.2,509,0,5,404400,3394865,505,0,5,-88.0,530,690.0,-325.0,762.7089877535205,-4,115.22111519369139,-25,9,3,1.8773632636064537
170,2579801,403710.0,3395190.0,21,0,6,3,2585.0,9.2,509,0,5,404035,3395100,508,0,5,-75.33,530,325.0,-90.0,337.23137457834497,-1,105.47863816541837,-22,9,3,3.7325219635603664
171,2579801,403710.0,3395190.0,21,0,6,3,2585.0,9.2,509,0,5,404425,3394850,505,0,5,-89.0,530,715.0,-340.0,791.722805027113,-4,115.4322314187105,-25,9,3,1.8086111561448777
172,2579801,403710.0,3395190.0,21,0,6,3,2585.0,9.2,509,0,5,404020,3395085,508,0,5,-73.0,530,310.0,-105.0,327.29955698106284,-1,108.71173787509974,-22,9,3,3.845449503423331
173,2579801,403710.0,3395190.0,21,0,6,3,2585.0,9.2,509,0,5,404030,3395095,508,0,5,-73.0,530,320.0,-95.0,333.80383460949037,-1,106.53483785734517,-22,9,3,3.770737961188712
174,2579801,403710.0,3395190.0,21,0,6,3,2585.0,9.2,509,0,5,403920,3395025,506,0,5,-98.5,530,210.0,-165.0,267.0674072214728,-3,128.15722658736905,-24,9,3,5.1350890138849286
175,2579801,403710.0,3395190.0,21,0,6,3,2585.0,9.2,509,0,5,404025,3395090,508,0,5,-68.5,530,315.0,-100.0,330.49205739321485,-1,107.61257784292383,-22,9,3,3.808412923180272
176,2579801,403710.0,3395190.0,21,0,6,3,2585.0,9.2,509,0,5,403565,3395225,511,0,5,-90.0,530,-145.0,35.0,149.164338901763,2,283.5704343851615,-19,9,3,7.259033626144391
177,2579801,403710.0,3395190.0,21,0,6,3,2585.0,9.2,509,0,5,404035,3395095,508,0,5,-78.14,530,325.0,-95.0,338.60005906674024,-1,106.29404745659895,-22,9,3,3.7174768073086963
178,2579801,403710.0,3395190.0,21,0,6,3,2585.0,9.2,509,0,5,403920,3395030,506,0,5,-101.0,530,210.0,-160.0,264.0075756488817,-3,127.30394827798341,-24,9,3,5.194280669908639
179,2579801,403710.0,3395190.0,21,0,6,3,2585.0,9.2,509,0,5,404000,3395110,509,0,6,-75.67,530,290.0,-80.0,300.83217912982644,0,105.42216131873869,-21,9,3,3.993132250880583
180,2579801,403710.0,3395190.0,21,0,6,3,2585.0,9.2,509,0,5,404085,3395185,509,0,5,-103.5,530,375.0,-5.0,375.0333318519835,0,90.76389846093002,-21,9,3,3.2049316547882762
181,2579801,403710.0,3395190.0,21,0,6,3,2585.0,9.2,509,0,5,404030,3395100,508,0,5,-73.0,530,320.0,-90.0,332.41540277189324,-1,105.70863782901574,-22,9,3,3.786441849155542
182,2579801,403710.0,3395190.0,21,0,6,3,2585.0,9.2,509,0,5,404090,3395200,509,0,5,-103.0,530,380.0,10.0,380.13155617496426,0,88.49256424122507,-21,9,3,3.1620357704288695
183,2579801,403710.0,3395190.0,21,0,6,3,2585.0,9.2,509,0,5,404080,3395190,509,0,5,-106.13,530,370.0,0.0,370.0,0,90.0,-21,9,3,3.2484375165162445
184,2579801,403710.0,3395190.0,21,0,6,3,2585.0,9.2,509,0,5,403925,3395025,506,0,5,-98.5,530,215.0,-165.0,271.01660465735307,-3,127.50414236027018,-24,9,3,5.060652978114846
185,2579801,403710.0,3395190.0,21,0,6,3,2585.0,9.2,509,0,5,403825,3395145,506,0,10,-81.5,530,115.0,-45.0,123.4908903522847,-3,111.37062226934319,-24,9,3,10.99812341443968
186,2579801,403710.0,3395190.0,21,0,6,3,2585.0,9.2,509,0,5,403820,3395150,506,0,5,-74.0,530,110.0,-40.0,117.04699910719626,-3,109.98310652189997,-24,9,3,11.587646597953396
187,2579801,403710.0,3395190.0,21,0,6,3,2585.0,9.2,509,0,5,403805,3395125,507,0,5,-78.5,530,95.0,-65.0,115.10864433221339,-2,124.38034472384487,-23,9,3,11.299532453753999
188,2579801,403710.0,3395190.0,21,0,6,3,2585.0,9.2,509,0,5,403810,3395140,507,0,10,-64.67,530,100.0,-50.0,111.80339887498948,-2,116.56505117707798,-23,9,3,11.62461385523923
189,2579801,403710.0,3395190.0,21,0,6,3,2585.0,9.2,509,0,5,403775,3395175,508,27,5,-80.0,530,65.0,-15.0,66.70832032063167,-1,102.99461679191648,-22,9,3,18.25224253372557
190,2579801,403710.0,3395190.0,21,0,6,3,2585.0,9.2,509,0,5,403770,3395180,508,0,5,-72.2,530,60.0,-10.0,60.8276253029822,-1,99.46232220802563,-22,9,3,19.883931077618954
191,2579801,403710.0,3395190.0,21,0,6,3,2585.0,9.2,509,0,5,403840,3395250,509,0,5,-68.25,530,130.0,60.0,143.17821063276352,0,65.22485943116806,-21,9,3,8.344098858612991
192,2579801,403710.0,3395190.0,21,0,6,3,2585.0,9.2,509,0,5,403785,3395185,508,5,5,-68.57,530,75.0,-5.0,75.16648189186454,-1,93.81407483429035,-22,9,3,16.31389039649723
193,2579801,403710.0,3395190.0,21,0,6,3,2585.0,9.2,509,0,5,403835,3395155,506,0,5,-62.09,530,125.0,-35.0,129.80754985747168,-3,105.64224645720873,-24,9,3,10.475073737766271
194,2579801,403710.0,3395190.0,21,0,6,3,2585.0,9.2,509,0,5,403795,3395195,508,0,5,-65.48,530,85.0,5.0,85.14693182963201,-1,86.63353933657021,-22,9,3,14.48707337444127
195,2579801,403710.0,3395190.0,21,0,6,3,2585.0,9.2,509,0,5,403790,3395200,508,0,5,-62.89,530,80.0,10.0,80.62257748298549,-1,82.8749836510982,-22,9,3,15.263072090786531
196,2579801,403710.0,3395190.0,21,0,6,3,2585.0,9.2,509,0,5,403780,3395190,508,0,5,-73.0,530,70.0,0.0,70.0,-1,90.0,-22,9,3,17.447188423282203
197,2579801,403710.0,3395190.0,21,0,6,3,2585.0,9.2,509,0,5,403845,3395245,509,0,5,-95.8,530,135.0,55.0,145.7737973711325,0,67.83365417791754,-21,9,3,8.197564505457054
198,2579801,403710.0,3395190.0,21,0,6,3,2585.0,9.2,509,0,5,403830,3395160,506,0,5,-68.0,530,120.0,-30.0,123.69316876852982,-3,104.03624346792651,-24,9,3,10.98057542761216
199,2579801,403710.0,3395190.0,21,0,6,3,2585.0,9.2,509,0,5,403815,3395135,506,0,10,-80.0,530,105.0,-55.0,118.53269591129698,-3,117.64597536373867,-24,9,3,11.446263188702329
200,2579801,403710.0,3395190.0,21,0,6,3,2585.0,9.2,509,0,5,403435,3395390,509,0,5,-93.75,530,-275.0,200.0,340.03676271838606,0,306.0273733851036,-21,9,3,3.5339859928191113
201,2579801,403710.0,3395190.0,21,0,6,3,2585.0,9.2,509,0,5,403395,3395430,510,0,5,-93.33,530,-315.0,240.0,396.01136347332255,1,307.3039482779834,-20,9,3,2.891186772535071
202,2579801,403710.0,3395190.0,21,0,6,3,2585.0,9.2,509,0,5,403425,3395400,510,0,5,-95.0,530,-285.0,210.0,354.0127116361784,1,306.3843518158359,-20,9,3,3.2334962610304685
203,2579801,403710.0,3395190.0,21,0,6,3,2585.0,9.2,509,0,5,403670,3395250,508,0,5,-87.6,530,-40.0,60.0,72.11102550927978,-1,326.30993247402023,-22,9,3,16.966167091928728
204,2579801,403710.0,3395190.0,21,0,6,3,2585.0,9.2,509,0,5,403655,3395265,509,0,6,-97.67,530,-55.0,75.0,93.00537618869137,0,323.74616226255523,-21,9,3,12.723644097350265
205,2579801,403710.0,3395190.0,21,0,6,3,2585.0,9.2,509,0,5,403625,3395215,509,0,6,-89.67,530,-85.0,25.0,88.60022573334675,0,286.3895403340348,-21,9,3,13.334166500830689
206,2579801,403710.0,3395190.0,21,0,6,3,2585.0,9.2,509,0,5,403665,3395255,508,0,6,-84.5,530,-45.0,65.0,79.05694150420949,-1,325.304846468766,-22,9,3,15.550844571615853
207,2579801,403710.0,3395190.0,21,0,6,3,2585.0,9.2,509,0,5,404060,3395180,509,0,6,-99.0,530,350.0,-10.0,350.14282800023193,0,91.6365770416167,-21,9,3,3.4322330871375377
208,2579801,403710.0,3395190.0,21,0,6,3,2585.0,9.2,509,0,5,404065,3395175,509,0,5,-101.09,530,355.0,-15.0,355.31676008879737,0,92.41950921665637,-21,9,3,3.382371637834106
209,2579801,403710.0,3395190.0,21,0,6,3,2585.0,9.2,509,0,5,404070,3395170,509,0,5,-98.0,530,360.0,-20.0,360.5551275463989,0,93.17983011986422,-21,9,3,3.3333420775829694
210,2579801,403710.0,3395190.0,21,0,6,3,2585.0,9.2,509,0,5,404055,3395185,509,0,6,-103.5,530,345.0,-5.0,345.03622998172233,0,90.83031548625803,-21,9,3,3.482906614013937
211,2579801,403710.0,3395190.0,21,0,6,3,2585.0,9.2,509,0,5,403615,3395225,509,0,6,-87.83,530,-95.0,35.0,101.24228365658294,0,290.22485943116806,-21,9,3,11.718303070404364
212,2579801,403710.0,3395190.0,21,0,6,3,2585.0,9.2,509,0,5,403630,3395210,509,0,6,-89.78,530,-80.0,20.0,82.46211251235322,0,284.03624346792645,-21,9,3,14.28738865060746
213,2579801,403710.0,3395190.0,21,0,6,3,2585.0,9.2,509,0,5,403675,3395245,508,0,5,-84.07,530,-35.0,55.0,65.19202405202648,-1,327.5288077091515,-22,9,3,18.647717619180774
214,2579801,403710.0,3395190.0,21,0,6,3,2585.0,9.2,509,0,5,403635,3395205,509,0,6,-87.43,530,-75.0,15.0,76.48529270389177,0,281.30993247402023,-21,9,3,15.35294889462336
215,2579801,403710.0,3395190.0,21,0,6,3,2585.0,9.2,509,0,5,404050,3395190,509,0,6,-105.2,530,340.0,0.0,340.0,0,90.0,-21,9,3,3.5343671387647557
216,2579801,403710.0,3395190.0,21,0,6,3,2585.0,9.2,509,0,5,403610,3395230,509,0,6,-86.67,530,-100.0,40.0,107.70329614269008,0,291.8014094863518,-21,9,3,11.033110861229044
217,2579801,403710.0,3395190.0,21,0,6,3,2585.0,9.2,509,0,5,403620,3395220,509,0,7,-89.0,530,-90.0,30.0,94.86832980505137,0,288.434948822922,-21,9,3,12.481691419986054
218,2579801,403710.0,3395190.0,21,0,6,3,2585.0,9.2,509,0,5,404075,3395165,509,0,5,-103.5,530,365.0,-25.0,365.8551625985343,0,93.91824886406738,-21,9,3,3.28515948035104
219,2579801,403710.0,3395190.0,21,0,6,3,2585.0,9.2,509,0,5,403895,3395025,506,0,5,-101.5,530,185.0,-165.0,247.8911051248108,-3,131.72951207681643,-24,9,3,5.529953269739644
220,2579801,403710.0,3395190.0,21,0,6,3,2585.0,9.2,509,0,5,403670,3395165,509,0,5,-85.33,530,-40.0,-25.0,47.16990566028302,0,237.99461679191648,-21,9,3,23.99858576087266
221,2579801,403710.0,3395190.0,21,0,6,3,2585.0,9.2,509,0,5,403645,3395200,509,0,5,-93.17,530,-65.0,10.0,65.76473218982953,0,278.74616226255523,-21,9,3,17.70932707298064
222,2579801,403710.0,3395190.0,21,0,6,3,2585.0,9.2,509,0,5,403550,3395045,510,0,6,-99.0,530,-160.0,-145.0,215.92822881689185,1,227.8155566842112,-20,9,3,5.29182956523421
223,2579801,403710.0,3395190.0,21,0,6,3,2585.0,9.2,509,0,5,403575,3395110,510,0,6,-96.17,530,-135.0,-80.0,156.92354826475216,1,239.34933204294714,-20,9,3,7.263223157392938
224,2579801,403710.0,3395190.0,21,0,6,3,2585.0,9.2,509,0,5,404110,3395285,508,0,6,-98.0,530,400.0,95.0,411.1265012134343,-1,76.63978155523552,-22,9,3,3.0630622498576483
225,2579801,403710.0,3395190.0,21,0,6,3,2585.0,9.2,509,0,5,403640,3395195,509,0,5,-91.5,530,-70.0,5.0,70.178344238091,0,274.0856167799749,-21,9,3,16.65916084603122
226,2579801,403710.0,3395190.0,21,0,6,3,2585.0,9.2,509,0,5,403605,3395160,510,0,6,-92.45,530,-105.0,-30.0,109.20164833920778,1,254.05460409907715,-20,9,3,10.378551733504793
227,2579801,403710.0,3395190.0,21,0,6,3,2585.0,9.2,509,0,5,403560,3395115,510,0,6,-110.33,530,-150.0,-75.0,167.70509831248424,1,243.43494882292202,-20,9,3,6.8008009563797565
228,2579801,403710.0,3395190.0,21,0,6,3,2585.0,9.2,509,0,5,403580,3395095,510,0,6,-98.33,530,-130.0,-95.0,161.01242188104618,1,233.84181456019166,-20,9,3,7.080671484593654
229,2579801,403710.0,3395190.0,21,0,6,3,2585.0,9.2,509,0,5,403570,3395105,510,0,6,-97.86,530,-140.0,-85.0,163.783393541592,1,238.73626830562256,-20,9,3,6.962062691084451
230,2579801,403710.0,3395190.0,21,0,6,3,2585.0,9.2,509,0,5,403565,3395120,510,0,7,-97.5,530,-145.0,-70.0,161.01242188104618,1,244.2306723756613,-20,9,3,7.080671484593654
231,2579801,403710.0,3395190.0,21,0,6,3,2585.0,9.2,509,0,5,403650,3395185,509,0,5,-89.67,530,-60.0,-5.0,60.207972893961475,0,265.23635830927384,-21,9,3,19.228312757030942
232,2579801,403710.0,3395190.0,21,0,6,3,2585.0,9.2,509,0,5,403620,3395135,509,0,5,-95.8,530,-90.0,-55.0,105.47511554864494,0,238.5704343851615,-21,9,3,11.260291115046995
233,2579801,403710.0,3395190.0,21,0,6,3,2585.0,9.2,509,0,5,403625,3395140,509,0,5,-96.17,530,-85.0,-50.0,98.6154146165801,0,239.5344550805401,-21,9,3,12.021481401773094
234,2579801,403710.0,3395190.0,21,0,6,3,2585.0,9.2,509,0,5,403615,3395150,509,0,5,-94.75,530,-95.0,-40.0,103.07764064044152,0,247.16634582208246,-21,9,3,11.515273691044966
235,2579801,403710.0,3395190.0,21,0,6,3,2585.0,9.2,509,0,5,403600,3395155,510,0,6,-92.72,530,-110.0,-35.0,115.43396380615195,1,252.34987578006985,-20,9,3,9.82944209858692
236,2579801,403710.0,3395190.0,21,0,6,3,2585.0,9.2,509,0,5,403610,3395145,509,0,5,-90.0,530,-100.0,-45.0,109.65856099730654,0,245.77225468204583,-21,9,3,10.841087753238156
237,2579801,403710.0,3395190.0,21,0,6,3,2585.0,9.2,509,0,5,403635,3395130,509,0,5,-95.5,530,-75.0,-60.0,96.04686356149273,0,231.3401917459099,-21,9,3,12.333251044177262
238,2579801,403710.0,3395190.0,21,0,6,3,2585.0,9.2,509,0,5,403545,3395060,510,0,6,-96.67,530,-165.0,-130.0,210.05951537600004,1,231.76617482255307,-20,9,3,5.4387998861042774
239,2579801,403710.0,3395190.0,21,0,6,3,2585.0,9.2,509,0,5,403655,3395190,509,0,5,-91.11,530,-55.0,0.0,55.0,0,270.0,-21,9,3,20.897765498838858
240,2579801,403710.0,3395190.0,21,0,6,3,2585.0,9.2,509,0,5,403680,3395005,507,0,13,-108.0,530,-30.0,-185.0,187.41664813991312,-2,189.21102654081665,-23,9,3,6.996424795012263
241,2579801,403710.0,3395190.0,21,0,6,3,2585.0,9.2,509,0,5,403750,3394995,506,75,10,-109.5,530,40.0,-195.0,199.06029237394384,-3,168.40782458970898,-24,9,3,6.874767785652846
242,2579801,403710.0,3395190.0,21,0,6,3,2585.0,9.2,509,0,5,403575,3395140,510,0,7,-93.17,530,-135.0,-50.0,143.96180048887967,1,249.67686317033707,-20,9,3,7.9092342780194125
243,2579801,403710.0,3395190.0,21,0,6,3,2585.0,9.2,509,0,5,403635,3395120,509,0,5,-95.0,530,-75.0,-70.0,102.59142264341595,0,226.97493401088198,-21,9,3,11.568380910739625
244,2579801,403710.0,3395190.0,21,0,6,3,2585.0,9.2,509,0,5,404110,3395275,508,0,6,-96.33,530,400.0,85.0,408.93153461184676,-1,78.00310069207643,-22,9,3,3.0794718753692756
245,2579801,403710.0,3395190.0,21,0,6,3,2585.0,9.2,509,0,5,403595,3395160,510,0,6,-93.57,530,-115.0,-30.0,118.84864324004712,1,255.37912601136833,-20,9,3,9.552307968978239
246,2579801,403710.0,3395190.0,21,0,6,3,2585.0,9.2,509,0,5,403570,3395135,510,0,6,-93.86,530,-140.0,-55.0,150.41608956491322,1,248.55226367289464,-20,9,3,7.573878848352322
247,2579801,403710.0,3395190.0,21,0,6,3,2585.0,9.2,509,0,5,403630,3395115,509,0,5,-97.0,530,-80.0,-75.0,109.65856099730654,0,226.8476102659946,-21,9,3,10.841087753238156
248,2579801,403710.0,3395190.0,21,0,6,3,2585.0,9.2,509,0,5,403585,3395150,510,0,7,-90.0,530,-125.0,-40.0,131.24404748406687,1,252.25532837494308,-20,9,3,8.664522427631548
249,2579801,403710.0,3395190.0,21,0,6,3,2585.0,9.2,509,0,5,403580,3395145,510,0,7,-96.5,530,-130.0,-45.0,137.56816492197603,1,250.90650799951436,-20,9,3,8.271848885651272
250,2579801,403710.0,3395190.0,21,0,6,3,2585.0,9.2,509,0,5,403565,3395130,510,0,6,-97.9,530,-145.0,-60.0,156.92354826475216,1,247.52056560289688,-20,9,3,7.263223157392938
251,2579801,403710.0,3395190.0,21,0,6,3,2585.0,9.2,509,0,5,403385,3395410,510,0,5,-91.67,530,-325.0,220.0,392.4601890638081,1,304.09497795476557,-20,9,3,2.917302675050797
252,2579801,403710.0,3395190.0,21,0,6,3,2585.0,9.2,509,0,5,403390,3395415,510,0,5,-101.5,530,-320.0,225.0,391.184099881373,1,305.1120111844222,-20,9,3,2.926802744632021
253,2579801,403710.0,3395190.0,21,0,6,3,2585.0,9.2,509,0,5,403365,3395430,510,0,7,-87.5,530,-345.0,240.0,420.267771783657,1,304.8244891569568,-20,9,3,2.724576554996567
254,2579801,403710.0,3395190.0,21,0,6,3,2585.0,9.2,509,0,5,403375,3395440,510,0,7,-95.67,530,-335.0,250.0,418.0011961705373,1,306.7328266644894,-20,9,3,2.7393278948557267
255,2579801,403710.0,3395190.0,21,0,6,3,2585.0,9.2,509,0,5,404255,3395065,506,0,5,-94.5,530,545.0,-125.0,559.1511423577707,-3,102.91781284393397,-24,9,3,2.4577526202247686
256,2579801,403710.0,3395190.0,21,0,6,3,2585.0,9.2,509,0,5,403275,3395485,509,0,5,-96.0,530,-435.0,295.0,525.594901040716,0,304.14358665193777,-21,9,3,2.2880201445318225
257,2579801,403710.0,3395190.0,21,0,6,3,2585.0,9.2,509,0,5,403270,3395490,509,0,5,-94.0,530,-440.0,300.0,532.5410782277739,0,304.286876977209,-21,9,3,2.258207550161468
258,2579801,403710.0,3395190.0,21,0,6,3,2585.0,9.2,509,0,5,403615,3395250,509,0,6,-79.0,530,-95.0,60.0,112.36102527122117,0,302.2756443145776,-21,9,3,10.586305935598704
259,2579801,403710.0,3395190.0,21,0,6,3,2585.0,9.2,509,0,5,403675,3395230,508,0,5,-83.4,530,-35.0,40.0,53.150729063673246,-1,318.81407483429035,-22,9,3,22.485504001487435
260,2579801,403710.0,3395190.0,21,0,6,3,2585.0,9.2,509,0,5,403640,3395215,509,0,6,-87.31,530,-70.0,25.0,74.33034373659252,0,289.6538240580533,-21,9,3,15.776183723444973
261,2579801,403710.0,3395190.0,21,0,6,3,2585.0,9.2,509,0,5,404040,3395135,509,0,6,-85.0,530,330.0,-55.0,334.55193916640206,0,99.46232220802563,-21,9,3,3.591773597374008
262,2579801,403710.0,3395190.0,21,0,6,3,2585.0,9.2,509,0,5,403650,3395205,508,0,5,-90.71,530,-60.0,15.0,61.84658438426491,-1,284.03624346792645,-22,9,3,19.581434831158294
263,2579801,403710.0,3395190.0,21,0,6,3,2585.0,9.2,509,0,5,404075,3395150,509,0,5,-98.83,530,365.0,-40.0,367.18523935474315,0,96.25403274391647,-21,9,3,3.2732853761274754
264,2579801,403710.0,3395190.0,21,0,6,3,2585.0,9.2,509,0,5,404070,3395145,509,0,5,-88.0,530,360.0,-45.0,362.80159867343474,0,97.1250163489018,-21,9,3,3.3127481014175024
265,2579801,403710.0,3395190.0,21,0,6,3,2585.0,9.2,509,0,5,404045,3395140,509,0,5,-97.33,530,335.0,-50.0,338.71079108879894,0,98.48894388050473,-21,9,3,3.5477854344272273
266,2579801,403710.0,3395190.0,21,0,6,3,2585.0,9.2,509,0,5,404065,3395160,509,0,5,-101.25,530,355.0,-30.0,356.2653505464712,0,94.83041995828995,-21,9,3,3.3733865765520856
267,2579801,403710.0,3395190.0,21,0,6,3,2585.0,9.2,509,0,5,404055,3395130,509,0,5,-100.0,530,345.0,-60.0,350.1785258978626,0,99.86580694308441,-21,9,3,3.4318840347617163
268,2579801,403710.0,3395190.0,21,0,6,3,2585.0,9.2,509,0,5,403630,3395265,509,0,6,-87.67,530,-80.0,75.0,109.65856099730654,0,313.1523897340054,-21,9,3,10.841087753238156
269,2579801,403710.0,3395190.0,21,0,6,3,2585.0,9.2,509,0,5,404020,3395195,510,0,13,-105.5,530,310.0,5.0,310.0403199585499,1,89.07595464722726,-20,9,3,3.690907258105319
270,2579801,403710.0,3395190.0,21,0,6,3,2585.0,9.2,509,0,5,403645,3395220,508,0,6,-87.4,530,-65.0,30.0,71.58910531638176,-1,294.77514056883194,-22,9,3,17.08268158709464
271,2579801,403710.0,3395190.0,21,0,6,3,2585.0,9.2,509,0,5,404050,3395125,509,0,5,-94.0,530,340.0,-65.0,346.1574786134195,0,100.82301122620709,-21,9,3,3.4716526680697113
272,2579801,403710.0,3395190.0,21,0,6,3,2585.0,9.2,509,0,5,404060,3395155,509,0,5,-96.6,530,350.0,-35.0,351.7456467392312,0,95.71059313749964,-21,9,3,3.4166303758495835
273,2579801,403710.0,3395190.0,21,0,6,3,2585.0,9.2,509,0,5,403595,3395310,509,0,5,-89.5,530,-115.0,120.0,166.20770138594662,0,316.2188752351313,-21,9,3,7.20104655890716
274,2579801,403710.0,3395190.0,21,0,6,3,2585.0,9.2,509,0,5,403670,3395225,508,0,5,-87.53,530,-40.0,35.0,53.150729063673246,-1,311.18592516570965,-22,9,3,22.485504001487435
275,2579801,403710.0,3395190.0,21,0,6,3,2585.0,9.2,509,0,5,403655,3395210,508,0,5,-89.0,530,-55.0,20.0,58.52349955359813,-1,289.98310652189997,-22,9,3,20.602112538380215
276,2579801,403710.0,3395190.0,21,0,6,3,2585.0,9.2,509,0,5,403615,3395060,509,0,5,-99.5,530,-95.0,-130.0,161.01242188104618,0,216.1581854398083,-21,9,3,7.4308410561159155
277,2579801,403710.0,3395190.0,21,0,6,3,2585.0,9.2,509,0,5,403580,3395185,510,0,6,-89.5,530,-130.0,-5.0,130.09611831257686,1,267.7974018382342,-20,9,3,8.739800183027265
278,2579801,403710.0,3395190.0,21,0,6,3,2585.0,9.2,509,0,5,404270,3394925,505,0,6,-93.14,530,560.0,-265.0,619.5361167841629,-4,115.32418140194721,-25,9,3,2.3107898469469412
279,2579801,403710.0,3395190.0,21,0,6,3,2585.0,9.2,509,0,5,404250,3394945,506,0,5,-98.5,530,540.0,-245.0,592.9797635670209,-3,114.40397168885158,-24,9,3,2.317698977476478
280,2579801,403710.0,3395190.0,21,0,6,3,2585.0,9.2,509,0,5,404260,3394935,505,0,5,-92.33,530,550.0,-255.0,606.2384019509157,-4,114.87415391412765,-25,9,3,2.361419782891898
281,2579801,403710.0,3395190.0,21,0,6,3,2585.0,9.2,509,0,5,404280,3394915,505,0,6,-94.0,530,570.0,-275.0,632.8704448779387,-4,115.7552707601671,-25,9,3,2.2621535502456767
282,2579801,403710.0,3395190.0,21,0,6,3,2585.0,9.2,509,0,5,404275,3394930,506,0,6,-93.25,530,565.0,-260.0,621.9525705389439,-3,114.71079946223023,-24,9,3,2.2098418021063315
283,2579801,403710.0,3395190.0,21,0,6,3,2585.0,9.2,509,0,5,404175,3395030,506,0,6,-90.0,530,465.0,-160.0,491.7570538385799,-3,108.98762408787019,-24,9,3,2.7940798781023246
284,2579801,403710.0,3395190.0,21,0,6,3,2585.0,9.2,509,0,5,403600,3395110,509,0,5,-93.75,530,-110.0,-80.0,136.01470508735443,0,233.9726266148964,-21,9,3,8.776883158965873
285,2579801,403710.0,3395190.0,21,0,6,3,2585.0,9.2,509,0,5,403585,3395125,510,0,6,-93.78,530,-125.0,-65.0,140.8900280360537,1,242.52556837372288,-20,9,3,8.07942325805534
286,2579801,403710.0,3395190.0,21,0,6,3,2585.0,9.2,509,0,5,403630,3395100,509,0,5,-96.0,530,-80.0,-90.0,120.41594578792295,0,221.6335393365702,-21,9,3,9.892636376894824
287,2579801,403710.0,3395190.0,21,0,6,3,2585.0,9.2,509,0,5,403610,3395120,509,0,5,-95.0,530,-100.0,-70.0,122.06555615733703,0,235.0079798014413,-21,9,3,9.761535071458548
288,2579801,403710.0,3395190.0,21,0,6,3,2585.0,9.2,509,0,5,404115,3395255,508,0,5,-105.0,530,405.0,65.0,410.18288603987367,-1,80.8821372462042,-22,9,3,3.0700952811257896
289,2579801,403710.0,3395190.0,21,0,6,3,2585.0,9.2,509,0,5,403685,3395025,507,0,5,-103.0,530,-25.0,-165.0,166.88319268278636,-2,188.61564818416412,-23,9,3,7.847123538755639
290,2579801,403710.0,3395190.0,21,0,6,3,2585.0,9.2,509,0,5,403595,3395135,510,0,6,-95.55,530,-115.0,-55.0,127.47548783981962,1,244.44003482817618,-20,9,3,8.916613659613638
291,2579801,403710.0,3395190.0,21,0,6,3,2585.0,9.2,509,0,5,403575,3395155,510,0,6,-91.0,530,-135.0,-35.0,139.46325680981354,1,255.4655449194599,-20,9,3,8.160971452107265
292,2579801,403710.0,3395190.0,21,0,6,3,2585.0,9.2,509,0,5,404110,3395260,508,0,5,-102.5,530,400.0,70.0,406.07881008493905,-1,80.0737544933483,-22,9,3,3.101063246827653
293,2579801,403710.0,3395190.0,21,0,6,3,2585.0,9.2,509,0,5,403735,3394995,506,0,5,-113.5,530,25.0,-195.0,196.596032513375,-3,172.69424046668917,-24,9,3,6.960100409073754
294,2579801,403710.0,3395190.0,21,0,6,3,2585.0,9.2,509,0,5,403590,3395140,510,0,6,-92.73,530,-120.0,-50.0,130.0,1,247.38013505195957,-20,9,3,8.74616226255521
295,2579801,403710.0,3395190.0,21,0,6,3,2585.0,9.2,509,0,5,403580,3395130,510,0,6,-99.0,530,-130.0,-60.0,143.17821063276352,1,245.22485943116806,-20,9,3,7.951967926347943
296,2579801,403710.0,3395190.0,21,0,6,3,2585.0,9.2,509,0,5,404350,3394885,506,0,13,-84.0,530,640.0,-305.0,708.9605066574583,-3,115.48071794778951,-24,9,3,1.9388580550047232
297,2579801,403710.0,3395190.0,21,0,6,3,2585.0,9.2,509,0,5,403290,3395465,509,0,5,-97.0,530,-420.0,275.0,502.02091589892945,0,303.2152514937372,-21,9,3,2.395339046475608
298,2579801,403710.0,3395190.0,21,0,6,3,2585.0,9.2,509,0,5,404195,3395050,507,0,5,-81.5,530,485.0,-140.0,504.801941359183,-2,106.10130239915844,-23,9,3,2.608730403353422
299,2579801,403710.0,3395190.0,21,0,6,3,2585.0,9.2,509,0,5,404190,3395045,507,0,5,-86.5,530,480.0,-145.0,501.42297514174595,-2,106.80869162620684,-23,9,3,2.626285465189671
300,2579801,403710.0,3395190.0,21,0,6,3,2585.0,9.2,509,0,5,403350,3395435,509,0,7,-95.67,530,-360.0,245.0,435.4595273960601,0,304.2374627768575,-21,9,3,2.7609452703013178
301,2579801,403710.0,3395190.0,21,0,6,3,2585.0,9.2,509,0,5,403815,3395130,506,0,10,-76.5,530,105.0,-60.0,120.93386622447825,-3,119.74488129694225,-24,9,3,11.224821667293002
302,2579801,403710.0,3395190.0,21,0,6,3,2585.0,9.2,509,0,5,403760,3395175,508,0,5,-83.5,530,50.0,-15.0,52.20153254455275,-1,106.69924423399362,-22,9,3,22.85267737571386
303,2579801,403710.0,3395190.0,21,0,6,3,2585.0,9.2,509,0,5,403805,3395140,507,27,5,-84.0,530,95.0,-50.0,107.35455276791944,-2,117.75854060106002,-23,9,3,12.09243682493223
304,2579801,403710.0,3395190.0,21,0,6,3,2585.0,9.2,509,0,5,403880,3395215,509,0,5,-80.67,530,170.0,25.0,171.82840277439584,0,81.63411387596739,-21,9,3,6.967846319849827
305,2579801,403710.0,3395190.0,21,0,6,3,2585.0,9.2,509,0,5,403900,3395235,510,0,10,-93.0,530,190.0,45.0,195.25624189766637,1,76.6754687381092,-20,9,3,5.848381828853835
306,2579801,403710.0,3395190.0,21,0,6,3,2585.0,9.2,509,0,5,403775,3395170,508,27,5,-75.0,530,65.0,-20.0,68.00735254367721,-1,107.10272896905235,-22,9,3,17.9261055437599
307,2579801,403710.0,3395190.0,21,0,6,3,2585.0,9.2,509,0,5,403825,3395160,506,0,5,-62.64,530,115.0,-30.0,118.84864324004712,-3,104.62087398863167,-24,9,3,11.416634504981456
308,2579801,403710.0,3395190.0,21,0,6,3,2585.0,9.2,509,0,5,403890,3395205,508,0,5,-87.0,530,180.0,15.0,180.62391868188442,-1,85.23635830927384,-22,9,3,6.94442213610748
309,2579801,403710.0,3395190.0,21,0,6,3,2585.0,9.2,509,0,5,403785,3395200,508,0,5,-67.79,530,75.0,10.0,75.66372975210778,-1,82.40535663140855,-22,9,3,16.21232734337718
310,2579801,403710.0,3395190.0,21,0,6,3,2585.0,9.2,509,0,5,403835,3395150,506,0,10,-70.7,530,125.0,-40.0,131.24404748406687,-3,107.74467162505692,-24,9,3,10.36291890056424
311,2579801,403710.0,3395190.0,21,0,6,3,2585.0,9.2,509,0,5,403790,3395185,508,0,5,-67.75,530,80.0,-5.0,80.15609770940699,-1,93.57633437499737,-22,9,3,15.347720456390956
312,2579801,403710.0,3395190.0,21,0,6,3,2585.0,9.2,509,0,5,403830,3395145,506,0,10,-71.6,530,120.0,-45.0,128.16005617976296,-3,110.55604521958344,-24,9,3,10.606693749208384
313,2579801,403710.0,3395190.0,21,0,6,3,2585.0,9.2,509,0,5,403885,3395220,509,0,5,-87.57,530,175.0,30.0,177.55280904564702,0,80.27242144859838,-21,9,3,6.745302810226109
314,2579801,403710.0,3395190.0,21,0,6,3,2585.0,9.2,509,0,5,403795,3395190,508,0,5,-64.29,530,85.0,0.0,85.0,-1,90.0,-22,9,3,14.511059500169067
315,2579801,403710.0,3395190.0,21,0,6,3,2585.0,9.2,509,0,5,403770,3395165,508,27,5,-76.5,530,60.0,-25.0,65.0,-1,112.61986494804046,-22,9,3,18.69898280418112
316,2579801,403710.0,3395190.0,21,0,6,3,2585.0,9.2,509,0,5,403845,3395260,509,0,5,-94.0,530,135.0,70.0,152.0690632574555,0,62.59242456218158,-21,9,3,7.862540631821013
317,2579801,403710.0,3395190.0,21,0,6,3,2585.0,9.2,509,0,5,403765,3395180,508,0,5,-72.67,530,55.0,-10.0,55.90169943749474,-1,100.30484646876602,-22,9,3,21.4820173376628
318,2579801,403710.0,3395190.0,21,0,6,3,2585.0,9.2,509,0,5,403780,3395195,508,0,5,-65.63,530,70.0,5.0,70.178344238091,-1,85.91438322002512,-22,9,3,17.4055309026615
319,2579801,403710.0,3395190.0,21,0,6,3,2585.0,9.2,509,0,5,403810,3395125,507,0,5,-94.0,530,100.0,-65.0,119.26860441876563,-2,123.02386755579664,-23,9,3,10.91504767440868
320,2579801,403710.0,3395190.0,21,0,6,3,2585.0,9.2,509,0,5,403820,3395155,506,0,5,-58.0,530,110.0,-35.0,115.43396380615195,-3,107.65012421993015,-24,9,3,11.7450999828382
321,2579801,403710.0,3395190.0,21,0,6,3,2585.0,9.2,509,0,5,403840,3395255,509,0,5,-72.67,530,130.0,65.0,145.34441853748632,0,63.434948822922024,-21,9,3,8.221451306049378
322,2579801,403710.0,3395190.0,21,0,6,3,2585.0,9.2,509,0,5,404185,3395030,506,0,6,-85.0,530,475.0,-160.0,501.22350304031033,-3,108.61569200733106,-24,9,3,2.7413902521790705
323,2579801,403710.0,3395190.0,21,0,6,3,2585.0,9.2,509,0,5,404180,3395025,506,0,5,-90.5,530,470.0,-165.0,498.1214711292819,-3,109.34432927212117,-24,9,3,2.758435866221523
324,2579801,403710.0,3395190.0,21,0,6,3,2585.0,9.2,509,0,5,404250,3394935,506,0,5,-93.0,530,540.0,-255.0,597.1808771218315,-3,115.27772223555297,-24,9,3,2.3014117682595194
325,2579801,403710.0,3395190.0,21,0,6,3,2585.0,9.2,509,0,5,403935,3395080,507,87,5,-95.84,530,225.0,-110.0,250.44959572736389,-2,116.05349531049092,-23,9,3,5.247031580116174
326,2579801,403710.0,3395190.0,21,0,6,3,2585.0,9.2,509,0,5,403825,3395250,509,0,5,-95.33,530,115.0,60.0,129.71121771072848,0,62.44718842328223,-21,9,3,9.196284072998608
327,2579801,403710.0,3395190.0,21,0,6,3,2585.0,9.2,509,0,5,403810,3395275,509,0,10,-85.5,530,100.0,85.0,131.24404748406687,0,49.635463426902675,-21,9,3,9.090682322052755
328,2579801,403710.0,3395190.0,21,0,6,3,2585.0,9.2,509,0,5,403830,3395255,509,0,5,-96.6,530,120.0,65.0,136.4734406395618,0,61.55707137563667,-21,9,3,8.747838044068223
329,2579801,403710.0,3395190.0,21,0,6,3,2585.0,9.2,509,0,5,403710,3395295,509,0,6,-81.67,530,0.0,105.0,105.0,0,0.0,-21,9,3,11.309932474020213
330,2579801,403710.0,3395190.0,21,0,6,3,2585.0,9.2,509,0,5,403865,3395130,506,0,7,-72.83,530,155.0,-60.0,166.20770138594662,-3,111.1612598168283,-24,9,3,8.216582399731383
331,2579801,403710.0,3395190.0,21,0,6,3,2585.0,9.2,509,0,5,403705,3395290,509,0,6,-84.71,530,-5.0,100.0,100.12492197250393,0,357.1375947738882,-21,9,3,11.845400429917285
332,2579801,403710.0,3395190.0,21,0,6,3,2585.0,9.2,509,0,5,403845,3395150,506,0,5,-72.92,530,135.0,-40.0,140.80127840328723,-3,106.50436138175502,-24,9,3,9.673269262793204
333,2579801,403710.0,3395190.0,21,0,6,3,2585.0,9.2,509,0,5,403970,3395115,508,0,10,-71.0,530,260.0,-75.0,270.60118255469615,-1,106.09081634885217,-22,9,3,4.647950468278318
334,2579801,403710.0,3395190.0,21,0,6,3,2585.0,9.2,509,0,5,403835,3395260,509,0,5,-88.5,530,125.0,70.0,143.26548781894402,0,60.75117366345302,-21,9,3,8.339087145937095
335,2579801,403710.0,3395190.0,21,0,6,3,2585.0,9.2,509,0,5,403775,3395240,509,0,5,-71.85,530,65.0,50.0,82.00609733428362,0,52.43140797117252,-21,9,3,14.363558601821463
336,2579801,403710.0,3395190.0,21,0,6,3,2585.0,9.2,509,0,5,403900,3395165,507,0,5,-78.75,530,190.0,-25.0,191.637678967368,-2,97.49585763972988,-23,9,3,6.843798655012178
337,2579801,403710.0,3395190.0,21,0,6,3,2585.0,9.2,509,0,5,403870,3395135,507,0,7,-78.4,530,160.0,-55.0,169.1892431568863,-2,108.97040780848658,-23,9,3,7.741472954136761
338,2579801,403710.0,3395190.0,21,0,6,3,2585.0,9.2,509,0,5,403840,3395145,506,0,5,-69.17,530,130.0,-45.0,137.56816492197603,-3,109.09349200048564,-24,9,3,9.896164992880346
339,2579801,403710.0,3395190.0,21,0,6,3,2585.0,9.2,509,0,5,403780,3395205,508,0,5,-64.04,530,70.0,15.0,71.58910531638176,-1,77.9052429229879,-22,9,3,17.08268158709464
340,2579801,403710.0,3395190.0,21,0,6,3,2585.0,9.2,509,0,5,403965,3395110,508,0,10,-74.33,530,255.0,-80.0,267.25456029785533,-1,107.41797079220282,-22,9,3,4.705893364340355
341,2579801,403710.0,3395190.0,21,0,6,3,2585.0,9.2,509,0,5,403820,3395245,509,0,5,-98.0,530,110.0,55.0,122.98373876248843,0,63.434948822922024,-21,9,3,9.690043350322066
342,2579801,403710.0,3395190.0,21,0,6,3,2585.0,9.2,509,0,5,403760,3395225,509,0,12,-69.3,530,50.0,35.0,61.032778078668514,0,55.007979801441365,-21,9,3,18.987182742985645
343,2579801,403710.0,3395190.0,21,0,6,3,2585.0,9.2,509,0,5,403765,3395230,509,0,12,-72.04,530,55.0,40.0,68.00735254367721,0,53.9726266148964,-21,9,3,17.160172348577735
344,2579801,403710.0,3395190.0,21,0,6,3,2585.0,9.2,509,0,5,403790,3395215,508,0,12,-67.38,530,80.0,25.0,83.81527307120105,-1,72.64597536373867,-22,9,3,14.707338731146578
345,2579801,403710.0,3395190.0,21,0,6,3,2585.0,9.2,509,0,5,403795,3395220,508,0,12,-70.6,530,85.0,30.0,90.13878188659973,-1,70.55996517182382,-22,9,3,13.71591865764186
346,2579801,403710.0,3395190.0,21,0,6,3,2585.0,9.2,509,0,5,403785,3395210,508,0,5,-69.61,530,75.0,20.0,77.62087348130012,-1,75.06858282186244,-22,9,3,15.824263314125595
347,2579801,403710.0,3395190.0,21,0,6,3,2585.0,9.2,509,0,5,403885,3395190,508,0,6,-86.75,530,175.0,0.0,175.0,-1,90.0,-22,9,3,7.165308732915919
348,2579801,403710.0,3395190.0,21,0,6,3,2585.0,9.2,509,0,5,403770,3395235,509,0,5,-72.98,530,60.0,45.0,75.0,0,53.13010235415595,-21,9,3,15.642246457208728
349,2579801,403710.0,3395190.0,21,0,6,3,2585.0,9.2,509,0,5,403850,3395155,506,0,5,-70.68,530,140.0,-35.0,144.30869689661813,-3,104.03624346792651,-24,9,3,9.442445840932754
350,2579801,403710.0,3395190.0,21,0,6,3,2585.0,9.2,509,0,5,403985,3395090,508,0,5,-73.67,530,275.0,-100.0,292.61749776799064,-1,109.98310652189997,-22,9,3,4.299606663771618
351,2579801,403710.0,3395190.0,21,0,6,3,2585.0,9.2,509,0,5,403855,3395160,506,0,5,-73.29,530,145.0,-30.0,148.07092894960846,-3,101.6893691754392,-24,9,3,9.206689851205002
352,2579801,403710.0,3395190.0,21,0,6,3,2585.0,9.2,509,0,5,403700,3395285,509,0,6,-83.43,530,-10.0,95.0,95.524865872714,0,353.99099404250546,-21,9,3,12.398567410734424
353,2579801,403710.0,3395190.0,21,0,6,3,2585.0,9.2,509,0,5,403960,3395105,508,0,5,-64.2,530,250.0,-85.0,264.0549185302179,-1,108.77803322244552,-22,9,3,4.762655499479735
354,2579801,403710.0,3395190.0,21,0,6,3,2585.0,9.2,509,0,5,403875,3395140,507,0,5,-78.83,530,165.0,-50.0,172.40939649566667,-2,106.85839876773827,-23,9,3,7.598587836994062
355,2579801,403710.0,3395190.0,21,0,6,3,2585.0,9.2,509,0,5,403860,3395125,506,87,7,-74.0,530,150.0,-65.0,163.47782724271815,-3,113.42869280874538,-24,9,3,8.351869183088148
356,2579801,403710.0,3395190.0,21,0,6,3,2585.0,9.2,509,0,5,403805,3395270,509,0,5,-76.0,530,95.0,80.0,124.19742348374221,0,49.89909245378777,-21,9,3,9.59711980646969
357,2579801,403710.0,3395190.0,21,0,6,3,2585.0,9.2,509,0,5,403910,3395175,508,75,6,-104.4,530,200.0,-15.0,200.5617112013158,-1,94.289153328819,-22,9,3,6.259857485700358
358,2579801,403710.0,3395190.0,21,0,6,3,2585.0,9.2,509,0,5,403895,3395200,508,0,5,-98.0,530,185.0,10.0,185.27007313648906,-1,86.90594194108292,-22,9,3,6.771909541438661
359,2579801,403710.0,3395190.0,21,0,6,3,2585.0,9.2,509,0,5,403800,3395265,509,0,5,-67.67,530,90.0,75.0,117.15374513859982,0,50.19442890773479,-21,9,3,10.16243563452379
360,2579801,403710.0,3395190.0,21,0,6,3,2585.0,9.2,509,0,5,403995,3395100,508,0,5,-69.5,530,285.0,-90.0,298.8728826775691,-1,107.52556837372288,-22,9,3,4.209943238526619
361,2579801,403710.0,3395190.0,21,0,6,3,2585.0,9.2,509,0,5,404185,3395055,507,0,5,-85.5,530,475.0,-135.0,493.81170500505556,-2,105.86570780277384,-23,9,3,2.6667072113109134
362,2579801,403710.0,3395190.0,21,0,6,3,2585.0,9.2,509,0,5,404190,3395050,507,0,5,-89.67,530,480.0,-140.0,500.0,-2,106.26020470831196,-23,9,3,2.6337492335373884
363,2579801,403710.0,3395190.0,21,0,6,3,2585.0,9.2,509,0,5,403285,3395475,509,0,6,-96.5,530,-425.0,285.0,511.71281008002916,0,303.84534026107167,-21,9,3,2.350022428341544
364,2579801,403710.0,3395190.0,21,0,6,3,2585.0,9.2,509,0,5,403290,3395470,509,0,5,-94.0,530,-420.0,280.0,504.7771785649585,0,303.69006752597977,-21,9,3,2.3822747548862284
365,2579801,403710.0,3395190.0,21,0,6,3,2585.0,9.2,509,0,5,403280,3395480,509,0,6,-88.5,530,-430.0,290.0,518.6520991955975,0,303.9964591482505,-21,9,3,2.318614926367037
366,2579801,403710.0,3395190.0,21,0,6,3,2585.0,9.2,509,0,5,404195,3395045,506,0,5,-85.33,530,485.0,-145.0,506.2114182829147,-3,106.64503821467594,-24,9,3,2.714418774784567
367,2579801,403710.0,3395190.0,21,0,6,3,2585.0,9.2,509,0,5,404335,3394905,506,0,7,-85.5,530,625.0,-285.0,686.9133860975487,-3,114.51298580666929,-24,9,3,2.0010376935393555
368,2579801,403710.0,3395190.0,21,0,6,3,2585.0,9.2,509,0,5,404045,3395105,508,0,6,-89.33,530,335.0,-85.0,345.61539317570913,-1,104.2372804657611,-22,9,3,3.642224323036257
369,2579801,403710.0,3395190.0,21,0,6,3,2585.0,9.2,509,0,5,403575,3395275,510,0,5,-93.33,530,-135.0,85.0,159.53056133543816,1,302.19573393471325,-20,9,3,7.145766179074334
370,2579801,403710.0,3395190.0,21,0,6,3,2585.0,9.2,509,0,5,404055,3395115,508,0,5,-91.8,530,345.0,-75.0,353.0580688781946,-1,102.26477372789242,-22,9,3,3.5656442606685874
371,2579801,403710.0,3395190.0,21,0,6,3,2585.0,9.2,509,0,5,404080,3395150,509,0,5,-93.5,530,370.0,-40.0,372.1558813185679,0,96.1701750950296,-21,9,3,3.2296594241313152
372,2579801,403710.0,3395190.0,21,0,6,3,2585.0,9.2,509,0,5,404050,3395120,509,0,5,-85.5,530,340.0,-70.0,347.1310991541956,0,101.63363399894047,-21,9,3,3.461939219478639
373,2579801,403710.0,3395190.0,21,0,6,3,2585.0,9.2,509,0,5,403900,3395155,507,0,5,-70.0,530,190.0,-35.0,193.19679086361657,-2,100.43747535111822,-23,9,3,6.789086291564088
374,2579801,403710.0,3395190.0,21,0,6,3,2585.0,9.2,509,0,5,403875,3395190,508,0,5,-90.0,530,165.0,0.0,165.0,-1,90.0,-22,9,3,7.594643368591445
375,2579801,403710.0,3395190.0,21,0,6,3,2585.0,9.2,509,0,5,403930,3395085,507,87,5,-91.5,530,220.0,-105.0,243.77243486497812,-2,115.51387042753424,-23,9,3,5.389917580181929
376,2579801,403710.0,3395190.0,21,0,6,3,2585.0,9.2,509,0,5,403925,3395100,507,0,5,-83.5,530,215.0,-90.0,233.0772404161333,-2,112.71441235316723,-23,9,3,5.635686664967149
377,2579801,403710.0,3395190.0,21,0,6,3,2585.0,9.2,509,0,5,403880,3395135,507,0,5,-76.7,530,170.0,-55.0,178.67568385205638,-2,107.92791976200726,-23,9,3,7.335053754906934
378,2579801,403710.0,3395190.0,21,0,6,3,2585.0,9.2,509,0,5,403685,3395340,509,0,7,-85.0,530,-25.0,150.0,152.0690632574555,0,350.5376777919744,-21,9,3,7.862540631821013
379,2579801,403710.0,3395190.0,21,0,6,3,2585.0,9.2,509,0,5,403825,3395240,509,0,5,-96.86,530,115.0,50.0,125.39936203984452,0,66.50143432404792,-21,9,3,9.506819471457565
380,2579801,403710.0,3395190.0,21,0,6,3,2585.0,9.2,509,0,5,403915,3395150,507,0,5,-78.5,530,205.0,-40.0,208.86598574205422,-2,101.04094018032373,-23,9,3,6.284004328570408
381,2579801,403710.0,3395190.0,21,0,6,3,2585.0,9.2,509,0,5,403805,3395220,508,75,5,-85.5,530,95.0,30.0,99.62429422585637,-1,72.47443162627712,-22,9,3,12.452752650319864
382,2579801,403710.0,3395190.0,21,0,6,3,2585.0,9.2,509,0,5,403845,3395180,507,0,10,-69.82,530,135.0,-10.0,135.36986370680884,-2,94.23639479905887,-23,9,3,9.642748153968657
383,2579801,403710.0,3395190.0,21,0,6,3,2585.0,9.2,509,0,5,403790,3395265,509,0,5,-78.75,530,80.0,75.0,109.65856099730654,0,46.847610265994604,-21,9,3,10.841087753238156
384,2579801,403710.0,3395190.0,21,0,6,3,2585.0,9.2,509,0,5,403800,3395215,508,0,12,-71.5,530,90.0,25.0,93.40770846134703,-1,74.47588900324575,-22,9,3,13.25314075799213
385,2579801,403710.0,3395190.0,21,0,6,3,2585.0,9.2,509,0,5,403895,3395130,507,0,5,-79.57,530,185.0,-60.0,194.48650338776724,-2,107.96913974015706,-23,9,3,6.744481428683021
386,2579801,403710.0,3395190.0,21,0,6,3,2585.0,9.2,509,0,5,403785,3395280,509,0,5,-82.0,530,75.0,90.0,117.15374513859982,0,39.80557109226521,-21,9,3,10.16243563452379
387,2579801,403710.0,3395190.0,21,0,6,3,2585.0,9.2,509,0,5,403820,3395235,509,0,6,-84.89,530,110.0,45.0,118.84864324004712,0,67.75097634278762,-21,9,3,10.020467069311518
388,2579801,403710.0,3395190.0,21,0,6,3,2585.0,9.2,509,0,5,403840,3395175,507,0,10,-70.8,530,130.0,-15.0,130.86252328302402,-2,96.581944655178,-23,9,3,9.968322257312103
389,2579801,403710.0,3395190.0,21,0,6,3,2585.0,9.2,509,0,5,403810,3395205,508,0,12,-61.9,530,100.0,15.0,101.11874208078342,-1,81.46923439005184,-22,9,3,12.274330890917053
390,2579801,403710.0,3395190.0,21,0,6,3,2585.0,9.2,509,0,5,403850,3395165,507,0,5,-73.58,530,140.0,-25.0,142.21462653327893,-2,100.12467165539783,-23,9,3,9.186752398852958
391,2579801,403710.0,3395190.0,21,0,6,3,2585.0,9.2,509,0,5,403775,3395250,509,0,6,-69.44,530,65.0,60.0,88.45903006477066,0,47.29061004263855,-21,9,3,13.3546881449801
392,2579801,403710.0,3395190.0,21,0,6,3,2585.0,9.2,509,0,5,403935,3395090,507,0,5,-80.0,530,225.0,-100.0,246.22144504490262,-2,113.9624889745782,-23,9,3,5.336618513374755
393,2579801,403710.0,3395190.0,21,0,6,3,2585.0,9.2,509,0,5,403830,3395225,508,75,6,-74.0,530,120.0,35.0,125.0,-1,73.73979529168804,-22,9,3,9.981829287733165
394,2579801,403710.0,3395190.0,21,0,6,3,2585.0,9.2,509,0,5,403855,3395170,507,0,10,-73.72,530,145.0,-20.0,146.37281168304446,-2,97.85331330197823,-23,9,3,8.930039312293538
395,2579801,403710.0,3395190.0,21,0,6,3,2585.0,9.2,509,0,5,403940,3395115,507,0,5,-68.0,530,230.0,-75.0,241.91940806805889,-2,108.06047193619918,-23,9,3,5.430956740251457
396,2579801,403710.0,3395190.0,21,0,6,3,2585.0,9.2,509,0,5,403945,3395120,508,0,10,-81.0,530,235.0,-70.0,245.20399670478457,-1,106.58733855692742,-22,9,3,5.126919185822534
397,2579801,403710.0,3395190.0,21,0,6,3,2585.0,9.2,509,0,5,403870,3395185,508,0,5,-85.75,530,160.0,-5.0,160.0781059358212,-1,91.78991060824609,-22,9,3,7.825303854651036
398,2579801,403710.0,3395190.0,21,0,6,3,2585.0,9.2,509,0,5,403890,3395125,507,0,5,-76.86,530,180.0,-65.0,191.3765920900464,-2,109.85521436932106,-23,9,3,6.853046622000088
399,2579801,403710.0,3395190.0,21,0,6,3,2585.0,9.2,509,0,5,403955,3395110,508,0,5,-76.0,530,245.0,-80.0,257.73047937719747,-1,108.08344538304868,-22,9,3,4.878968689503437
400,2579801,403710.0,3395190.0,21,0,6,3,2585.0,9.2,509,0,5,403980,3395075,507,0,5,-70.5,530,270.0,-115.0,293.47061181658376,-2,113.07041224982464,-23,9,3,4.481248515693234
401,2579801,403710.0,3395190.0,21,0,6,3,2585.0,9.2,509,0,5,403910,3395145,507,0,5,-77.78,530,200.0,-45.0,205.0,-2,102.68038349181984,-23,9,3,6.401536240149716
402,2579801,403710.0,3395190.0,21,0,6,3,2585.0,9.2,509,0,5,403770,3395245,509,0,5,-71.17,530,60.0,55.0,81.39410298049853,0,47.48955292199918,-21,9,3,14.467040493747968
403,2579801,403710.0,3395190.0,21,0,6,3,2585.0,9.2,509,0,5,403795,3395270,509,0,5,-69.67,530,85.0,80.0,116.72617529928752,0,46.7357045889284,-21,9,3,10.198880814038466
404,2579801,403710.0,3395190.0,21,0,6,3,2585.0,9.2,509,0,5,403885,3395140,507,0,10,-77.33,530,175.0,-50.0,182.00274723201295,-2,105.94539590092285,-23,9,3,7.202387805432666
405,2579801,403710.0,3395190.0,21,0,6,3,2585.0,9.2,509,0,5,403950,3395105,507,0,5,-77.0,530,240.0,-85.0,254.6075411294803,-2,109.50244850666223,-23,9,3,5.161810050124362
406,2579801,403710.0,3395190.0,21,0,6,3,2585.0,9.2,509,0,5,403815,3395210,508,0,12,-66.83,530,105.0,20.0,106.88779163215975,-1,79.2157021324374,-22,9,3,11.630389089187858
407,2579801,403710.0,3395190.0,21,0,6,3,2585.0,9.2,509,0,5,404225,3395040,506,99,5,-83.67,530,515.0,-150.0,536.4000372856065,-3,106.23884162969227,-24,9,3,2.5618607470947654
408,2579801,403710.0,3395190.0,21,0,6,3,2585.0,9.2,509,0,5,404255,3394930,505,0,5,-94.5,530,545.0,-260.0,603.8418667167755,-4,115.50413948681376,-25,9,3,2.37078114289094
409,2579801,403710.0,3395190.0,21,0,6,3,2585.0,9.2,509,0,5,404185,3395040,507,0,6,-84.5,530,475.0,-150.0,498.1214711292819,-2,107.52556837372288,-23,9,3,2.64366763349619
410,2579801,403710.0,3395190.0,21,0,6,3,2585.0,9.2,509,0,5,404245,3394940,506,0,5,-93.5,530,535.0,-250.0,590.5294234837075,-3,115.04620077964279,-24,9,3,2.327305474083539
411,2579801,403710.0,3395190.0,21,0,6,3,2585.0,9.2,509,0,5,404210,3394965,506,0,5,-93.5,530,500.0,-225.0,548.2928049865327,-3,114.22774531795415,-24,9,3,2.5063642465078915
412,2579801,403710.0,3395190.0,21,0,6,3,2585.0,9.2,509,0,5,404180,3395035,507,0,6,-85.5,530,470.0,-155.0,494.8989795907848,-2,108.25189583707856,-23,9,3,2.6608569844520646
413,2579801,403710.0,3395190.0,21,0,6,3,2585.0,9.2,509,0,5,403295,3395485,509,0,5,-91.5,530,-415.0,295.0,509.1659847240387,0,305.40686573726964,-21,9,3,2.361763857209173
414,2579801,403710.0,3395190.0,21,0,6,3,2585.0,9.2,509,0,5,403325,3395455,509,0,7,-98.0,530,-385.0,265.0,467.38634982207174,0,304.54009090707086,-21,9,3,2.5726097501510705
415,2579801,403710.0,3395190.0,21,0,6,3,2585.0,9.2,509,0,5,403320,3395460,509,0,7,-85.0,530,-390.0,270.0,474.3416490252569,0,304.695153531234,-21,9,3,2.534936995960231
416,2579801,403710.0,3395190.0,21,0,6,3,2585.0,9.2,509,0,5,404200,3395060,507,0,10,-95.0,530,490.0,-130.0,506.951674225463,-2,104.85861444792465,-23,9,3,2.597683245391011
417,2579801,403710.0,3395190.0,21,0,6,3,2585.0,9.2,509,0,5,403845,3395295,510,0,5,-100.5,530,135.0,105.0,171.0263137648707,1,52.125016348901795,-20,9,3,6.669935543365446
418,2579801,403710.0,3395190.0,21,0,6,3,2585.0,9.2,509,0,5,403955,3395225,509,0,5,-111.0,530,245.0,35.0,247.48737341529164,0,81.86989764584405,-21,9,3,4.850090156191999
419,2579801,403710.0,3395190.0,21,0,6,3,2585.0,9.2,509,0,5,403775,3395045,507,0,5,-101.0,530,65.0,-145.0,158.90248582070703,-2,155.8544580395784,-23,9,3,8.235956957571894
420,2579801,403710.0,3395190.0,21,0,6,3,2585.0,9.2,509,0,5,403755,3395185,509,0,5,-72.0,530,45.0,-5.0,45.27692569068709,0,96.34019174590992,-21,9,3,24.882455437745982
421,2579801,403710.0,3395190.0,21,0,6,3,2585.0,9.2,509,0,5,403745,3395195,509,0,5,-67.8,530,35.0,5.0,35.35533905932738,0,81.86989764584405,-21,9,3,30.709028345518192
422,2579801,403710.0,3395190.0,21,0,6,3,2585.0,9.2,509,0,5,403825,3395115,506,0,10,-82.67,530,115.0,-75.0,137.2953021774598,-3,123.11134196037204,-24,9,3,9.915442816037984
423,2579801,403710.0,3395190.0,21,0,6,3,2585.0,9.2,509,0,5,403820,3395120,506,0,5,-92.5,530,110.0,-70.0,130.38404810405297,-3,122.47119229084848,-24,9,3,10.42977636296751
424,2579801,403710.0,3395190.0,21,0,6,3,2585.0,9.2,509,0,5,403270,3395480,509,0,5,-93.67,530,-440.0,290.0,526.9724850502159,0,303.3885135761115,-21,9,3,2.2820452533704256
425,2579801,403710.0,3395190.0,21,0,6,3,2585.0,9.2,509,0,5,403445,3395385,509,0,5,-101.5,530,-265.0,195.0,329.013677527242,0,306.34745820888526,-21,9,3,3.652071363559066
426,2579801,403710.0,3395190.0,21,0,6,3,2585.0,9.2,509,0,5,403440,3395390,509,0,5,-92.75,530,-270.0,200.0,336.00595232822883,0,306.52885536698517,-21,9,3,3.5762711848421294
427,2579801,403710.0,3395190.0,21,0,6,3,2585.0,9.2,509,0,5,403805,3395120,507,0,5,-81.0,530,95.0,-70.0,118.00423721205946,-2,126.38435181583588,-23,9,3,11.029144894685478
428,2579801,403710.0,3395190.0,21,0,6,3,2585.0,9.2,509,0,5,403740,3395175,509,0,5,-69.0,530,30.0,-15.0,33.54101966249684,0,116.56505117707798,-21,9,3,32.05064263526879
429,2579801,403710.0,3395190.0,21,0,6,3,2585.0,9.2,509,0,5,403770,3395065,507,0,10,-103.25,530,60.0,-125.0,138.6542462386205,-2,154.35899417569476,-23,9,3,9.418475648404682
430,2579801,403710.0,3395190.0,21,0,6,3,2585.0,9.2,509,0,5,403775,3395070,507,0,10,-95.5,530,65.0,-120.0,136.4734406395618,-2,151.5570713756366,-23,9,3,9.566219915150809
431,2579801,403710.0,3395190.0,21,0,6,3,2585.0,9.2,509,0,5,403955,3395210,509,0,10,-109.0,530,245.0,20.0,245.81497106563708,0,85.33314162856101,-21,9,3,4.882928741098809
432,2579801,403710.0,3395190.0,21,0,6,3,2585.0,9.2,509,0,5,403800,3395115,507,0,5,-88.0,530,90.0,-75.0,117.15374513859982,-2,129.8055710922652,-23,9,3,11.107228250666335
433,2579801,403710.0,3395190.0,21,0,6,3,2585.0,9.2,509,0,5,403705,3395140,509,0,5,-102.0,530,-5.0,-50.0,50.24937810560445,0,185.71059313749964,-21,9,3,22.68081188703969
434,2579801,403710.0,3395190.0,21,0,6,3,2585.0,9.2,509,0,5,403805,3395065,507,0,5,-97.0,530,95.0,-125.0,157.00318468107582,-2,142.76516601842536,-23,9,3,8.33419783617945
435,2579801,403710.0,3395190.0,21,0,6,3,2585.0,9.2,509,0,5,403980,3395210,510,0,10,-101.0,530,270.0,20.0,270.7397274136177,1,85.76360520094113,-20,9,3,4.224861896749412
436,2579801,403710.0,3395190.0,21,0,6,3,2585.0,9.2,509,0,5,403815,3395075,507,75,5,-86.0,530,105.0,-115.0,155.72411502397438,-2,137.60256220249983,-23,9,3,8.401679166948155
437,2579801,403710.0,3395190.0,21,0,6,3,2585.0,9.2,509,0,5,403680,3395190,509,0,5,-84.5,530,-30.0,0.0,30.0,0,270.0,-21,9,3,34.99202019855866
438,2579801,403710.0,3395190.0,21,0,6,3,2585.0,9.2,509,0,5,403600,3394950,509,0,5,-94.5,530,-110.0,-240.0,264.0075756488817,0,204.6235647861636,-21,9,3,4.547912451371931
439,2579801,403710.0,3395190.0,21,0,6,3,2585.0,9.2,509,0,5,403610,3394960,509,0,5,-89.5,530,-100.0,-230.0,250.79872407968904,0,203.49856567595208,-21,9,3,4.786352831883383
440,2579801,403710.0,3395190.0,21,0,6,3,2585.0,9.2,509,0,5,403615,3394955,509,0,5,-89.25,530,-95.0,-235.0,253.4758371127315,0,202.01128319791937,-21,9,3,4.736032406787704
441,2579801,403710.0,3395190.0,21,0,6,3,2585.0,9.2,509,0,5,403930,3395280,510,75,5,-105.0,530,220.0,90.0,237.69728648009425,1,67.75097634278762,-20,9,3,4.80957444157113
442,2579801,403710.0,3395190.0,21,0,6,3,2585.0,9.2,509,0,5,403730,3395160,509,0,5,-93.0,530,20.0,-30.0,36.05551275463989,0,146.30993247402023,-21,9,3,30.218027947470084
443,2579801,403710.0,3395190.0,21,0,6,3,2585.0,9.2,509,0,5,403755,3395135,508,0,5,-81.75,530,45.0,-55.0,71.06335201775947,-1,140.7105931374997,-22,9,3,17.201631830200096
444,2579801,403710.0,3395190.0,21,0,6,3,2585.0,9.2,509,0,5,403750,3395140,508,0,5,-80.0,530,40.0,-50.0,64.03124237432849,-1,141.34019174590992,-22,9,3,18.961813037622072
445,2579801,403710.0,3395190.0,21,0,6,3,2585.0,9.2,509,0,5,404250,3394940,506,0,5,-99.5,530,540.0,-250.0,595.0630218724737,-3,114.8423891054552,-24,9,3,2.309593738873355
446,2579801,403710.0,3395190.0,21,0,6,3,2585.0,9.2,509,0,5,404170,3395020,506,0,13,-90.67,530,460.0,-170.0,490.40799340956914,-3,110.28255908891663,-24,9,3,2.801753865594876
447,2579801,403710.0,3395190.0,21,0,6,3,2585.0,9.2,509,0,5,404180,3395030,506,0,6,-87.5,530,470.0,-160.0,496.4876634922564,-3,108.79988515865267,-24,9,3,2.7674990492609552
448,2579801,403710.0,3395190.0,21,0,6,3,2585.0,9.2,509,0,5,404190,3395040,506,0,5,-85.33,530,480.0,-150.0,502.8916384272063,-3,107.35402463626133,-24,9,3,2.7323106248481563
449,2579801,403710.0,3395190.0,21,0,6,3,2585.0,9.2,509,0,5,403480,3395370,509,0,5,-97.5,530,-230.0,180.0,292.0616373302047,0,308.0470425318261,-21,9,3,4.112639577085426
450,2579801,403710.0,3395190.0,21,0,6,3,2585.0,9.2,509,0,5,403860,3395095,507,0,5,-72.0,530,150.0,-95.0,177.55280904564702,-2,122.34744349944202,-23,9,3,7.380931981329876
451,2579801,403710.0,3395190.0,21,0,6,3,2585.0,9.2,509,0,5,403835,3395290,510,75,5,-101.5,530,125.0,100.0,160.0781059358212,1,51.34019174590992,-20,9,3,7.121575586962839
452,2579801,403710.0,3395190.0,21,0,6,3,2585.0,9.2,509,0,5,403890,3395065,506,0,5,-68.5,530,180.0,-125.0,219.14607000811125,-3,124.7778313663639,-24,9,3,6.249897169306169
453,2579801,403710.0,3395190.0,21,0,6,3,2585.0,9.2,509,0,5,403690,3395265,509,0,5,-85.67,530,-20.0,75.0,77.62087348130012,0,345.06858282186244,-21,9,3,15.138717419241116
454,2579801,403710.0,3395190.0,21,0,6,3,2585.0,9.2,509,0,5,403935,3395190,509,0,5,-93.5,530,225.0,0.0,225.0,0,90.0,-21,9,3,5.3321588816595575
455,2579801,403710.0,3395190.0,21,0,6,3,2585.0,9.2,509,0,5,403825,3395300,510,75,5,-100.33,530,115.0,110.0,159.13830462839547,1,46.273030020056694,-20,9,3,7.163196887871566
456,2579801,403710.0,3395190.0,21,0,6,3,2585.0,9.2,509,0,5,403840,3395115,506,87,5,-90.0,530,130.0,-75.0,150.08331019803634,-3,119.98163936884936,-24,9,3,9.085315153594413
457,2579801,403710.0,3395190.0,21,0,6,3,2585.0,9.2,509,0,5,403920,3395195,509,0,5,-95.33,530,210.0,5.0,210.05951537600004,0,88.63607246839706,-21,9,3,5.708985865794672
458,2579801,403710.0,3395190.0,21,0,6,3,2585.0,9.2,509,0,5,403750,3395205,509,0,5,-69.63,530,40.0,15.0,42.720018726587654,0,69.44395478041656,-21,9,3,26.17747704652569
459,2579801,403710.0,3395190.0,21,0,6,3,2585.0,9.2,509,0,5,403845,3395120,506,87,5,-69.67,530,135.0,-70.0,152.0690632574555,-3,117.40757543781842,-24,9,3,8.968617885425749
460,2579801,403710.0,3395190.0,21,0,6,3,2585.0,9.2,509,0,5,403755,3395210,509,0,5,-67.59,530,45.0,20.0,49.24428900898052,0,66.03751102542185,-21,9,3,23.09560030004452
461,2579801,403710.0,3395190.0,21,0,6,3,2585.0,9.2,509,0,5,403735,3395230,509,0,5,-73.86,530,25.0,40.0,47.16990566028302,0,32.005383208083515,-21,9,3,23.99858576087266
462,2579801,403710.0,3395190.0,21,0,6,3,2585.0,9.2,509,0,5,403730,3395225,509,0,5,-70.13,530,20.0,35.0,40.311288741492746,0,29.744881296942197,-21,9,3,27.51707508464421
463,2579801,403710.0,3395190.0,21,0,6,3,2585.0,9.2,509,0,5,403950,3395165,509,0,6,-93.0,530,240.0,-25.0,241.29857024027308,0,95.94686305397352,-21,9,3,4.973868535457039
464,2579801,403710.0,3395190.0,21,0,6,3,2585.0,9.2,509,0,5,403955,3395170,509,0,5,-100.0,530,245.0,-20.0,245.81497106563708,0,94.66685837143899,-21,9,3,4.882928741098809
465,2579801,403710.0,3395190.0,21,0,6,3,2585.0,9.2,509,0,5,403695,3395270,509,0,5,-84.89,530,-15.0,80.0,81.39410298049853,0,349.38034472384487,-21,9,3,14.467040493747968
466,2579801,403710.0,3395190.0,21,0,6,3,2585.0,9.2,509,0,5,403940,3395175,509,0,5,-91.33,530,230.0,-15.0,230.4886114323222,0,93.73139699916044,-21,9,3,5.205890610095235
467,2579801,403710.0,3395190.0,21,0,6,3,2585.0,9.2,509,0,5,403885,3395080,506,0,5,-78.5,530,175.0,-110.0,206.70026608594387,-3,122.15229514128237,-24,9,3,6.622965455246539
468,2579801,403710.0,3395190.0,21,0,6,3,2585.0,9.2,509,0,5,403880,3395075,506,0,5,-106.5,530,170.0,-115.0,205.24375751773792,-3,124.07719528013075,-24,9,3,6.669543256113018
469,2579801,403710.0,3395190.0,21,0,6,3,2585.0,9.2,509,0,5,403745,3395220,509,0,5,-71.68,530,35.0,30.0,46.09772228646444,0,49.39870535499551,-21,9,3,24.4918253884744
470,2579801,403710.0,3395190.0,21,0,6,3,2585.0,9.2,509,0,5,403815,3395310,510,0,5,-85.33,530,105.0,120.0,159.45218719101973,1,41.18592516570965,-20,9,3,7.149242140933177
471,2579801,403710.0,3395190.0,21,0,6,3,2585.0,9.2,509,0,5,403810,3395305,510,0,5,-86.29,530,100.0,115.0,152.3975065412817,1,41.00908690157024,-20,9,3,7.476527271896349
472,2579801,403710.0,3395190.0,21,0,6,3,2585.0,9.2,509,0,5,403915,3395050,506,0,5,-98.0,530,205.0,-140.0,248.2438317461282,-3,124.33021719550334,-24,9,3,5.522144429404919
473,2579801,403710.0,3395190.0,21,0,6,3,2585.0,9.2,509,0,5,403865,3395100,507,0,5,-72.33,530,155.0,-90.0,179.2344832893492,-2,120.14138555207535,-23,9,3,7.312433154411303
474,2579801,403710.0,3395190.0,21,0,6,3,2585.0,9.2,509,0,5,403740,3395215,509,0,5,-68.0,530,30.0,25.0,39.05124837953327,0,50.19442890773479,-21,9,3,28.269359295540557
475,2579801,403710.0,3395190.0,21,0,6,3,2585.0,9.2,509,0,5,403910,3395045,506,0,5,-106.6,530,200.0,-145.0,247.0323865407125,-3,125.94211187138234,-24,9,3,5.549056375296457
476,2579801,403710.0,3395190.0,21,0,6,3,2585.0,9.2,509,0,5,403735,3395100,508,0,5,-84.0,530,25.0,-90.0,93.40770846134703,-1,164.4758890032458,-22,9,3,13.25314075799213
477,2579801,403710.0,3395190.0,21,0,6,3,2585.0,9.2,509,0,5,403930,3395295,510,0,5,-106.5,530,220.0,105.0,243.77243486497812,1,64.48612957246576,-20,9,3,4.690254688715372
478,2579801,403710.0,3395190.0,21,0,6,3,2585.0,9.2,509,0,5,403885,3395250,510,0,5,-95.67,530,175.0,60.0,185.0,1,71.07535558394875,-20,9,3,6.170175095029609
479,2579801,403710.0,3395190.0,21,0,6,3,2585.0,9.2,509,0,5,403890,3395255,510,0,5,-97.33,530,180.0,65.0,191.3765920900464,1,70.14478563067894,-20,9,3,5.96609541821279
480,2579801,403710.0,3395190.0,21,0,6,3,2585.0,9.2,509,0,5,403895,3395260,510,0,5,-93.5,530,185.0,70.0,197.80040444852483,1,69.27444113443948,-20,9,3,5.773669832048473
481,2579801,403710.0,3395190.0,21,0,6,3,2585.0,9.2,509,0,5,403795,3395160,507,27,5,-70.0,530,85.0,-30.0,90.13878188659973,-2,109.44003482817618,-23,9,3,14.314271573877573
482,2579801,403710.0,3395190.0,21,0,6,3,2585.0,9.2,509,0,5,403920,3395285,510,0,5,-102.67,530,210.0,95.0,230.4886114323222,1,65.65891006330747,-20,9,3,4.959258000229005
483,2579801,403710.0,3395190.0,21,0,6,3,2585.0,9.2,509,0,5,403820,3395185,507,0,5,-74.09,530,110.0,-5.0,110.11357772772621,-2,92.60256220249983,-23,9,3,11.798043132918776
484,2579801,403710.0,3395190.0,21,0,6,3,2585.0,9.2,509,0,5,403825,3395190,507,0,5,-79.41,530,115.0,0.0,115.0,-2,90.0,-23,9,3,11.309932474020213
485,2579801,403710.0,3395190.0,21,0,6,3,2585.0,9.2,509,0,5,403810,3395175,507,0,5,-64.71,530,100.0,-15.0,101.11874208078342,-2,98.53076560994816,-23,9,3,12.814215867065936
486,2579801,403710.0,3395190.0,21,0,6,3,2585.0,9.2,509,0,5,403830,3395195,507,0,5,-74.38,530,120.0,5.0,120.10412149464314,-2,87.61405596961117,-23,9,3,10.840921371142215
487,2579801,403710.0,3395190.0,21,0,6,3,2585.0,9.2,509,0,5,403815,3395180,507,0,5,-63.85,530,105.0,-10.0,105.47511554864494,-2,95.44033203100548,-23,9,3,12.301403077217417
488,2579801,403710.0,3395190.0,21,0,6,3,2585.0,9.2,509,0,5,403755,3395120,508,0,5,-73.0,530,45.0,-70.0,83.21658488546619,-1,147.26477372789236,-22,9,3,14.808514235365614
489,2579801,403710.0,3395190.0,21,0,6,3,2585.0,9.2,509,0,5,403775,3395140,508,0,5,-83.5,530,65.0,-50.0,82.00609733428362,-1,127.56859202882748,-22,9,3,15.017294426881397
490,2579801,403710.0,3395190.0,21,0,6,3,2585.0,9.2,509,0,5,403845,3395210,508,0,6,-82.0,530,135.0,20.0,136.4734406395618,-1,81.57303097851934,-22,9,3,9.157500061010156
491,2579801,403710.0,3395190.0,21,0,6,3,2585.0,9.2,509,0,5,403840,3395205,508,0,5,-75.75,530,130.0,15.0,130.86252328302402,-1,83.418055344822,-22,9,3,9.54306375819307
492,2579801,403710.0,3395190.0,21,0,6,3,2585.0,9.2,509,0,5,403800,3395165,507,27,5,-73.33,530,90.0,-25.0,93.40770846134703,-2,105.52411099675425,-23,9,3,13.832892119322196
493,2579801,403710.0,3395190.0,21,0,6,3,2585.0,9.2,509,0,5,403855,3395220,509,0,6,-90.0,530,145.0,30.0,148.07092894960846,0,78.3106308245608,-21,9,3,8.072078816639573
494,2579801,403710.0,3395190.0,21,0,6,3,2585.0,9.2,509,0,5,403790,3395155,507,27,5,-62.5,530,80.0,-35.0,87.32124598286491,-2,113.62937773065681,-23,9,3,14.756279885633086
495,2579801,403710.0,3395190.0,21,0,6,3,2585.0,9.2,509,0,5,403915,3395280,510,0,10,-98.75,530,205.0,90.0,223.8861317723811,1,66.29735404903374,-20,9,3,5.1047465006922295
496,2579801,403710.0,3395190.0,21,0,6,3,2585.0,9.2,509,0,5,403870,3395235,509,0,5,-90.5,530,160.0,45.0,166.20770138594662,0,74.29136217098426,-21,9,3,7.20104655890716
497,2579801,403710.0,3395190.0,21,0,6,3,2585.0,9.2,509,0,5,403835,3395200,508,0,5,-68.25,530,125.0,10.0,125.39936203984452,-1,85.42607874009911,-22,9,3,9.950676299239657
498,2579801,403710.0,3395190.0,21,0,6,3,2585.0,9.2,509,0,5,403850,3395215,508,0,6,-90.5,530,140.0,25.0,142.21462653327893,-1,79.87532834460217,-22,9,3,8.793709609286184
499,2579801,403710.0,3395190.0,21,0,6,3,2585.0,9.2,509,0,5,403960,3395325,509,0,10,-102.5,530,250.0,135.0,284.1214529035075,0,61.630953706721414,-21,9,3,4.227162246424712
500,2579801,403710.0,3395190.0,21,0,6,3,2585.0,9.2,509,0,5,403860,3395225,509,0,5,-92.0,530,150.0,35.0,154.02921800749363,0,76.86597769360367,-21,9,3,7.7637109995137585
501,2579801,403710.0,3395190.0,21,0,6,3,2585.0,9.2,509,0,5,403900,3395265,510,0,5,-93.5,530,190.0,75.0,204.26698215815497,1,68.45902408146156,-20,9,3,5.592067274746095
502,2579801,403710.0,3395190.0,21,0,6,3,2585.0,9.2,509,0,5,403765,3395130,508,0,5,-76.5,530,55.0,-60.0,81.39410298049853,-1,137.48955292199918,-22,9,3,15.125052846839187
503,2579801,403710.0,3395190.0,21,0,6,3,2585.0,9.2,509,0,5,403805,3395170,507,5,5,-65.78,530,95.0,-20.0,97.082439194738,-2,101.88865803962801,-23,9,3,13.328326055175722
504,2579801,403710.0,3395190.0,21,0,6,3,2585.0,9.2,509,0,5,403630,3395225,509,0,6,-91.0,530,-80.0,35.0,87.32124598286491,0,293.6293777306568,-21,9,3,13.522346650697342
505,2579801,403710.0,3395190.0,21,0,6,3,2585.0,9.2,509,0,5,403645,3395260,508,0,7,-87.33,530,-65.0,70.0,95.524865872714,-1,317.12109639666147,-22,9,3,12.969443653145849
506,2579801,403710.0,3395190.0,21,0,6,3,2585.0,9.2,509,0,5,403615,3395210,509,0,7,-94.0,530,-95.0,20.0,97.082439194738,0,281.888658039628,-21,9,3,12.205657071887387
507,2579801,403710.0,3395190.0,21,0,6,3,2585.0,9.2,509,0,5,403605,3395220,510,0,6,-89.0,530,-105.0,30.0,109.20164833920778,1,285.94539590092285,-20,9,3,10.378551733504793
508,2579801,403710.0,3395190.0,21,0,6,3,2585.0,9.2,509,0,5,403635,3395230,509,0,6,-88.33,530,-75.0,40.0,85.0,0,298.07248693585296,-21,9,3,13.877529803208008
509,2579801,403710.0,3395190.0,21,0,6,3,2585.0,9.2,509,0,5,404370,3394845,505,9,2,-101.5,530,660.0,-345.0,744.7314952383846,-4,117.59729586864376,-25,9,3,1.9226483790690403
510,2579801,403710.0,3395190.0,21,0,6,3,2585.0,9.2,509,0,5,403610,3395205,509,0,6,-91.27,530,-100.0,15.0,101.11874208078342,0,278.53076560994816,-21,9,3,11.732223258815262
511,2579801,403710.0,3395190.0,21,0,6,3,2585.0,9.2,509,0,5,403625,3395240,509,0,6,-85.71,530,-85.0,50.0,98.6154146165801,0,300.4655449194599,-21,9,3,12.021481401773094
512,2579801,403710.0,3395190.0,21,0,6,3,2585.0,9.2,509,0,5,403915,3395030,506,0,5,-106.5,530,205.0,-160.0,260.0480724789169,-3,127.9716037610504,-24,9,3,5.272926521086442
513,2579801,403710.0,3395190.0,21,0,6,3,2585.0,9.2,509,0,5,404050,3395165,510,0,6,-99.5,530,340.0,-25.0,340.91787867461574,1,94.20535700170859,-20,9,3,3.357417651854506
514,2579801,403710.0,3395190.0,21,0,6,3,2585.0,9.2,509,0,5,404065,3395200,509,0,6,-102.4,530,355.0,10.0,355.1408171415953,0,88.38646106711883,-21,9,3,3.3840434303636
515,2579801,403710.0,3395190.0,21,0,6,3,2585.0,9.2,509,0,5,404055,3395170,510,0,6,-97.67,530,345.0,-20.0,345.5792239125495,1,93.31778116833482,-20,9,3,3.3122326405159557
516,2579801,403710.0,3395190.0,21,0,6,3,2585.0,9.2,509,0,5,404070,3395185,509,0,5,-98.8,530,360.0,-5.0,360.0347205478938,0,90.79572355273928,-21,9,3,3.3381493208969646
517,2579801,403710.0,3395190.0,21,0,6,3,2585.0,9.2,509,0,5,404075,3395190,509,0,5,-101.5,530,365.0,0.0,365.0,0,90.0,-21,9,3,3.2928394003648846
518,2579801,403710.0,3395190.0,21,0,6,3,2585.0,9.2,509,0,5,404060,3395195,509,0,6,-105.5,530,350.0,5.0,350.03571246374275,0,89.18154453831141,-21,9,3,3.4332808836423525
519,2579801,403710.0,3395190.0,21,0,6,3,2585.0,9.2,509,0,5,403655,3395250,508,0,6,-87.33,530,-55.0,60.0,81.39410298049853,-1,317.4895529219992,-22,9,3,15.125052846839187
520,2579801,403710.0,3395190.0,21,0,6,3,2585.0,9.2,509,0,5,403905,3395040,506,0,5,-101.5,530,195.0,-150.0,246.01829200285087,-3,127.56859202882748,-24,9,3,5.571786105919536
521,2579801,403710.0,3395190.0,21,0,6,3,2585.0,9.2,509,0,5,403600,3395215,510,0,6,-86.25,530,-110.0,25.0,112.80514172678478,1,282.80426606528675,-20,9,3,10.05388666702136
522,2579801,403710.0,3395190.0,21,0,6,3,2585.0,9.2,509,0,5,403640,3395255,508,0,7,-86.25,530,-70.0,65.0,95.524865872714,-1,312.87890360333853,-22,9,3,12.969443653145849
523,2579801,403710.0,3395190.0,21,0,6,3,2585.0,9.2,509,0,5,404335,3394810,505,0,12,-97.33,530,625.0,-380.0,731.4540313649245,-4,121.2996013346285,-25,9,3,1.9575216720212691
524,2579801,403710.0,3395190.0,21,0,6,3,2585.0,9.2,509,0,5,403650,3395245,508,0,6,-91.67,530,-60.0,55.0,81.39410298049853,-1,312.5104470780008,-22,9,3,15.125052846839187
525,2579801,403710.0,3395190.0,21,0,6,3,2585.0,9.2,509,0,5,403565,3395210,511,0,6,-91.0,530,-145.0,20.0,146.37281168304446,2,277.85331330197823,-19,9,3,7.395954568299191
526,2579801,403710.0,3395190.0,21,0,6,3,2585.0,9.2,509,0,5,403990,3394995,504,0,5,-94.0,530,280.0,-195.0,341.2110783664563,-5,124.85445556610364,-26,9,3,4.357470087901481
527,2579801,403710.0,3395190.0,21,0,6,3,2585.0,9.2,509,0,5,404090,3395175,509,0,5,-103.33,530,380.0,-15.0,380.2959373961284,0,92.26050191114126,-21,9,3,3.160671766300188
528,2579801,403710.0,3395190.0,21,0,6,3,2585.0,9.2,509,0,5,404080,3395165,509,0,5,-93.5,530,370.0,-25.0,370.84363281577316,0,93.86546116985176,-21,9,3,3.241063412593106
529,2579801,403710.0,3395190.0,21,0,6,3,2585.0,9.2,509,0,5,404400,3394845,505,0,5,-88.5,530,690.0,-345.0,771.4434522374274,-4,116.56505117707798,-25,9,3,1.8561222680123344
530,2579801,403710.0,3395190.0,21,0,6,3,2585.0,9.2,509,0,5,404015,3395100,508,0,6,-72.5,530,305.0,-90.0,318.0015723231569,-1,106.4403795216802,-22,9,3,3.9575336086280157
531,2579801,403710.0,3395190.0,21,0,6,3,2585.0,9.2,509,0,5,404020,3395105,508,0,6,-74.5,530,310.0,-85.0,321.4420632089086,-1,105.33328479305356,-22,9,3,3.9153073919501304
532,2579801,403710.0,3395190.0,21,0,6,3,2585.0,9.2,509,0,5,403940,3395025,506,0,5,-98.0,530,230.0,-165.0,283.0635970943632,-3,125.65532809790034,-24,9,3,4.8463234908057755
533,2579801,403710.0,3395190.0,21,0,6,3,2585.0,9.2,509,0,5,403400,3395405,510,0,12,-93.33,530,-310.0,215.0,377.25985739275256,1,304.74318015830363,-20,9,3,3.0346294586564744
534,2579801,403710.0,3395190.0,21,0,6,3,2585.0,9.2,509,0,5,404225,3394950,506,0,5,-95.5,530,515.0,-240.0,568.1769090697017,-3,114.98643320477987,-24,9,3,2.418756766706533
535,2579801,403710.0,3395190.0,21,0,6,3,2585.0,9.2,509,0,5,403405,3395410,510,0,12,-94.5,530,-305.0,220.0,376.06515392947534,1,305.8033441083711,-20,9,3,3.04425192345063
536,2579801,403710.0,3395190.0,21,0,6,3,2585.0,9.2,509,0,5,403770,3395160,508,27,5,-84.33,530,60.0,-30.0,67.08203932499369,-1,116.56505117707798,-22,9,3,18.157247236492648
537,2579801,403710.0,3395190.0,21,0,6,3,2585.0,9.2,509,0,5,403785,3395125,507,0,7,-74.5,530,75.0,-65.0,99.24716620639605,-2,130.91438322002512,-23,9,3,13.04766718836056
538,2579801,403710.0,3395190.0,21,0,6,3,2585.0,9.2,509,0,5,403915,3395255,510,0,5,-97.5,530,205.0,65.0,215.05813167606567,1,72.40757543781842,-20,9,3,5.3131173344574005
539,2579801,403710.0,3395190.0,21,0,6,3,2585.0,9.2,509,0,5,403800,3395190,508,0,5,-60.86,530,90.0,0.0,90.0,-1,90.0,-22,9,3,13.736268305622572
540,2579801,403710.0,3395190.0,21,0,6,3,2585.0,9.2,509,0,5,403910,3395260,510,0,5,-97.0,530,200.0,70.0,211.8962010041709,1,70.70995378081125,-20,9,3,5.391936200678344
541,2579801,403710.0,3395190.0,21,0,6,3,2585.0,9.2,509,0,5,403835,3395175,507,0,5,-71.97,530,125.0,-15.0,125.89678312014172,-2,96.84277341263095,-23,9,3,10.353155404232027
542,2579801,403710.0,3395190.0,21,0,6,3,2585.0,9.2,509,0,5,403830,3395180,507,0,5,-70.97,530,120.0,-10.0,120.41594578792295,-2,94.76364169072616,-23,9,3,10.813510887319586
543,2579801,403710.0,3395190.0,21,0,6,3,2585.0,9.2,509,0,5,403810,3395200,508,0,12,-67.17,530,100.0,10.0,100.4987562112089,-1,84.28940686250036,-22,9,3,12.347736263701226
544,2579801,403710.0,3395190.0,21,0,6,3,2585.0,9.2,509,0,5,403815,3395195,507,0,5,-66.24,530,105.0,5.0,105.11898020814318,-2,87.27368900609372,-23,9,3,12.341804117036625
545,2579801,403710.0,3395190.0,21,0,6,3,2585.0,9.2,509,0,5,403805,3395185,507,0,5,-69.13,530,95.0,-5.0,95.13148795220224,-2,93.01278750418334,-23,9,3,13.591619173362176
546,2579801,403710.0,3395190.0,21,0,6,3,2585.0,9.2,509,0,5,403760,3395150,508,0,5,-81.5,530,50.0,-40.0,64.03124237432849,-1,128.65980825409008,-22,9,3,18.961813037622072
547,2579801,403710.0,3395190.0,21,0,6,3,2585.0,9.2,509,0,5,403865,3395205,508,0,6,-80.6,530,155.0,15.0,155.72411502397438,-1,84.47245984834382,-22,9,3,8.041272926819769
548,2579801,403710.0,3395190.0,21,0,6,3,2585.0,9.2,509,0,5,403860,3395210,508,0,6,-79.25,530,150.0,20.0,151.32745950421557,-1,82.40535663140855,-22,9,3,8.271715302846431
549,2579801,403710.0,3395190.0,21,0,6,3,2585.0,9.2,509,0,5,403765,3395145,508,0,5,-83.67,530,55.0,-45.0,71.06335201775947,-1,129.28940686250036,-22,9,3,17.201631830200096
550,2579801,403710.0,3395190.0,21,0,6,3,2585.0,9.2,509,0,5,403825,3395165,506,0,5,-64.88,530,115.0,-25.0,117.6860229593982,-3,102.26477372789242,-24,9,3,11.526415112955878
551,2579801,403710.0,3395190.0,21,0,6,3,2585.0,9.2,509,0,5,403705,3395045,507,0,5,-102.0,530,-5.0,-145.0,145.08618128546908,-2,181.97493401088198,-23,9,3,9.007938319446072
552,2579801,403710.0,3395190.0,21,0,6,3,2585.0,9.2,509,0,5,403870,3395220,509,0,5,-91.67,530,160.0,30.0,162.78820596099706,0,79.38034472384487,-21,9,3,7.350672650360539
553,2579801,403710.0,3395190.0,21,0,6,3,2585.0,9.2,509,0,5,403820,3395170,507,0,5,-67.07,530,110.0,-20.0,111.80339887498948,-2,100.30484646876602,-23,9,3,11.62461385523923
554,2579801,403710.0,3395190.0,21,0,6,3,2585.0,9.2,509,0,5,403840,3395130,506,0,5,-70.33,530,130.0,-60.0,143.17821063276352,-3,114.77514056883194,-24,9,3,9.515641976620708
555,2579801,403710.0,3395190.0,21,0,6,3,2585.0,9.2,509,0,5,403960,3395090,507,0,5,-70.5,530,250.0,-100.0,269.2582403567252,-2,111.80140948635182,-23,9,3,4.882345465604235
556,2579801,403710.0,3395190.0,21,0,6,3,2585.0,9.2,509,0,5,403810,3395260,509,0,5,-94.5,530,100.0,70.0,122.06555615733703,0,55.007979801441365,-21,9,3,9.761535071458548
557,2579801,403710.0,3395190.0,21,0,6,3,2585.0,9.2,509,0,5,403705,3395305,509,0,6,-84.67,530,-5.0,115.0,115.10864433221339,0,357.5104470780008,-21,9,3,10.339127327314799
558,2579801,403710.0,3395190.0,21,0,6,3,2585.0,9.2,509,0,5,403790,3395240,509,75,5,-71.67,530,80.0,50.0,94.33981132056604,0,57.994616791916485,-21,9,3,12.549408235160696
559,2579801,403710.0,3395190.0,21,0,6,3,2585.0,9.2,509,0,5,403885,3395165,507,0,10,-73.2,530,175.0,-25.0,176.7766952966369,-2,98.13010235415595,-23,9,3,7.412977303222139
560,2579801,403710.0,3395190.0,21,0,6,3,2585.0,9.2,509,0,5,403855,3395135,506,87,7,-76.2,530,145.0,-55.0,155.08062419270823,-3,110.77225468204585,-24,9,3,8.797204037443368
561,2579801,403710.0,3395190.0,21,0,6,3,2585.0,9.2,509,0,5,403845,3395125,506,87,5,-75.0,530,135.0,-65.0,149.83324063771698,-3,115.70995378081125,-24,9,3,9.100224893564954
562,2579801,403710.0,3395190.0,21,0,6,3,2585.0,9.2,509,0,5,403850,3395140,506,0,7,-69.0,530,140.0,-50.0,148.66068747318505,-3,109.65382405805332,-24,9,3,9.170787408743092
563,2579801,403710.0,3395190.0,21,0,6,3,2585.0,9.2,509,0,5,403965,3395085,507,0,10,-69.5,530,255.0,-105.0,275.77164466275354,-2,112.3801350519596,-23,9,3,4.7675680944491114
564,2579801,403710.0,3395190.0,21,0,6,3,2585.0,9.2,509,0,5,403890,3395180,508,75,5,-79.0,530,180.0,-10.0,180.27756377319946,-1,93.17983011986422,-22,9,3,6.957633327104099
565,2579801,403710.0,3395190.0,21,0,6,3,2585.0,9.2,509,0,5,403775,3395215,509,0,12,-67.3,530,65.0,25.0,69.6419413859206,0,68.9624889745782,-21,9,3,16.78028733092616
566,2579801,403710.0,3395190.0,21,0,6,3,2585.0,9.2,509,0,5,403825,3395265,509,0,10,-96.75,530,115.0,75.0,137.2953021774598,0,56.888658039627956,-21,9,3,8.696275602067391
567,2579801,403710.0,3395190.0,21,0,6,3,2585.0,9.2,509,0,5,403865,3395145,506,0,5,-77.79,530,155.0,-45.0,161.40012391568973,-3,106.18920625702697,-24,9,3,8.457837348497772
568,2579801,403710.0,3395190.0,21,0,6,3,2585.0,9.2,509,0,5,403785,3395225,509,0,12,-66.74,530,75.0,35.0,82.76472678623425,0,64.98310652189997,-21,9,3,14.237277016056842
569,2579801,403710.0,3395190.0,21,0,6,3,2585.0,9.2,509,0,5,403770,3395220,509,0,12,-68.75,530,60.0,30.0,67.08203932499369,0,63.434948822922024,-21,9,3,17.382703987116226
570,2579801,403710.0,3395190.0,21,0,6,3,2585.0,9.2,509,0,5,403970,3395100,508,0,10,-69.17,530,260.0,-90.0,275.13632984395207,-1,109.09349200048564,-22,9,3,4.5716644947987755
571,2579801,403710.0,3395190.0,21,0,6,3,2585.0,9.2,509,0,5,403765,3395205,509,0,5,-69.12,530,55.0,15.0,57.0087712549569,0,74.74488129694225,-21,9,3,20.221999744460973
572,2579801,403710.0,3395190.0,21,0,6,3,2585.0,9.2,509,0,5,403860,3395150,506,0,5,-71.8,530,150.0,-40.0,155.24174696260025,-3,104.93141717813756,-24,9,3,8.788216173762136
573,2579801,403710.0,3395190.0,21,0,6,3,2585.0,9.2,509,0,5,403815,3395255,509,0,5,-99.6,530,105.0,65.0,123.4908903522847,0,58.240519915187235,-21,9,3,9.65099830531909
574,2579801,403710.0,3395190.0,21,0,6,3,2585.0,9.2,509,0,5,403875,3395155,507,0,10,-71.71,530,165.0,-35.0,168.67127793433,-2,101.97613244420336,-23,9,3,7.764956318120469
575,2579801,403710.0,3395190.0,21,0,6,3,2585.0,9.2,509,0,5,403975,3395095,508,0,10,-70.6,530,265.0,-95.0,281.51376520518494,-1,109.72227776444709,-22,9,3,4.468521924034113
576,2579801,403710.0,3395190.0,21,0,6,3,2585.0,9.2,509,0,5,403795,3395235,509,75,13,-76.33,530,85.0,45.0,96.17692030835673,0,62.10272896905235,-21,9,3,12.31708264110538
577,2579801,403710.0,3395190.0,21,0,6,3,2585.0,9.2,509,0,5,403780,3395230,509,0,12,-69.71,530,70.0,40.0,80.62257748298549,0,60.2551187030578,-21,9,3,14.599595080188077
578,2579801,403710.0,3395190.0,21,0,6,3,2585.0,9.2,509,0,5,403760,3395210,509,0,5,-73.56,530,50.0,20.0,53.85164807134504,0,68.19859051364818,-21,9,3,21.30380477924733
579,2579801,403710.0,3395190.0,21,0,6,3,2585.0,9.2,509,0,5,403800,3395250,509,0,6,-84.6,530,90.0,60.0,108.16653826391968,0,56.30993247402023,-21,9,3,10.987011860880278
580,2579801,403710.0,3395190.0,21,0,6,3,2585.0,9.2,509,0,5,403725,3395325,508,0,5,-84.33,530,15.0,135.0,135.83077707206124,-1,6.3401917459099195,-22,9,3,9.200088220042645
581,2579801,403710.0,3395190.0,21,0,6,3,2585.0,9.2,509,0,5,403915,3395195,508,0,5,-104.13,530,205.0,5.0,205.0609665440988,-1,88.60281897270363,-22,9,3,6.1235646481701105
582,2579801,403710.0,3395190.0,21,0,6,3,2585.0,9.2,509,0,5,403910,3395200,509,0,5,-99.44,530,200.0,10.0,200.24984394500785,0,87.13759477388828,-21,9,3,5.986668699143327
583,2579801,403710.0,3395190.0,21,0,6,3,2585.0,9.2,509,0,5,403805,3395245,509,0,6,-88.67,530,95.0,55.0,109.77249200050075,0,59.931417178137565,-21,9,3,10.830102206254866
584,2579801,403710.0,3395190.0,21,0,6,3,2585.0,9.2,509,0,5,403870,3395160,507,0,10,-77.0,530,160.0,-30.0,162.78820596099706,-2,100.61965527615513,-23,9,3,8.04196898945992
585,2579801,403710.0,3395190.0,21,0,6,3,2585.0,9.2,509,0,5,403570,3395145,510,0,6,-91.0,530,-140.0,-45.0,147.05441169852742,1,252.18111108547723,-20,9,3,7.744940078176673
586,2579801,403710.0,3395190.0,21,0,6,3,2585.0,9.2,509,0,5,403690,3395025,507,0,5,-106.0,530,-20.0,-165.0,166.20770138594662,-2,186.91122711902466,-23,9,3,7.8786156408714225
587,2579801,403710.0,3395190.0,21,0,6,3,2585.0,9.2,509,0,5,403585,3395140,510,0,6,-96.57,530,-125.0,-50.0,134.6291201783626,1,248.19859051364818,-20,9,3,8.449849157186682
588,2579801,403710.0,3395190.0,21,0,6,3,2585.0,9.2,509,0,5,403595,3395130,509,0,6,-94.62,530,-115.0,-60.0,129.71121771072848,0,242.4471884232822,-21,9,3,9.196284072998608
589,2579801,403710.0,3395190.0,21,0,6,3,2585.0,9.2,509,0,5,403605,3395120,509,0,5,-97.33,530,-105.0,-70.0,126.19429464123962,0,236.30993247402023,-21,9,3,9.448016435202305
590,2579801,403710.0,3395190.0,21,0,6,3,2585.0,9.2,509,0,5,404110,3395245,508,0,5,-105.5,530,400.0,55.0,403.7635446644484,-1,82.17092348994038,-22,9,3,3.1188103930914797
591,2579801,403710.0,3395190.0,21,0,6,3,2585.0,9.2,509,0,5,403580,3395135,510,0,7,-94.0,530,-130.0,-55.0,141.15594213493105,1,247.06789956241022,-20,9,3,8.0644033869217
592,2579801,403710.0,3395190.0,21,0,6,3,2585.0,9.2,509,0,5,403590,3395125,510,0,6,-95.6,530,-120.0,-65.0,136.4734406395618,1,241.55707137563667,-20,9,3,8.337272629049002
593,2579801,403710.0,3395190.0,21,0,6,3,2585.0,9.2,509,0,5,403625,3395100,509,0,5,-98.67,530,-85.0,-90.0,123.79418403139947,0,223.36342295838327,-21,9,3,9.62779663635693
594,2579801,403710.0,3395190.0,21,0,6,3,2585.0,9.2,509,0,5,403575,3395150,510,0,6,-93.0,530,-135.0,-40.0,140.80127840328723,1,253.49563861824498,-20,9,3,8.084448562927347
595,2579801,403710.0,3395190.0,21,0,6,3,2585.0,9.2,509,0,5,403795,3395245,509,75,6,-77.5,530,85.0,55.0,101.24228365658294,0,57.094757077012105,-21,9,3,11.718303070404364
596,2579801,403710.0,3395190.0,21,0,6,3,2585.0,9.2,509,0,5,403905,3395135,507,0,5,-75.38,530,195.0,-55.0,202.6079958935481,-2,105.75117366345302,-23,9,3,6.476474792372545
597,2579801,403710.0,3395190.0,21,0,6,3,2585.0,9.2,509,0,5,403920,3395120,507,0,10,-71.2,530,210.0,-70.0,221.35943621178654,-2,108.43494882292202,-23,9,3,5.931940997061998
598,2579801,403710.0,3395190.0,21,0,6,3,2585.0,9.2,509,0,5,403875,3395165,507,0,5,-76.4,530,165.0,-25.0,166.88319268278636,-2,98.61564818416412,-23,9,3,7.847123538755639
599,2579801,403710.0,3395190.0,21,0,6,3,2585.0,9.2,509,0,5,403780,3395260,509,0,6,-70.75,530,70.0,70.0,98.99494936611666,0,45.0,-21,9,3,11.976725812374069
600,2579801,403710.0,3395190.0,21,0,6,3,2585.0,9.2,509,0,5,403930,3395110,507,0,5,-82.67,530,220.0,-80.0,234.0939982143925,-2,109.98310652189997,-23,9,3,5.611365328724634
601,2579801,403710.0,3395190.0,21,0,6,3,2585.0,9.2,509,0,5,403935,3395105,507,0,5,-81.8,530,225.0,-85.0,240.52026941611388,-2,110.69545073406329,-23,9,3,5.462358808918538
602,2579801,403710.0,3395190.0,21,0,6,3,2585.0,9.2,509,0,5,403890,3395150,507,0,10,-74.29,530,180.0,-40.0,184.39088914585776,-2,102.52880770915152,-23,9,3,7.110066817843953
603,2579801,403710.0,3395190.0,21,0,6,3,2585.0,9.2,509,0,5,403895,3395145,507,0,10,-74.31,530,185.0,-45.0,190.3943276465977,-2,103.6713071321958,-23,9,3,6.888063399139516
604,2579801,403710.0,3395190.0,21,0,6,3,2585.0,9.2,509,0,5,403860,3395180,507,0,10,-77.33,530,150.0,-10.0,150.33296378372907,-2,93.81407483429035,-23,9,3,8.698444802583586
605,2579801,403710.0,3395190.0,21,0,6,3,2585.0,9.2,509,0,5,403865,3395175,507,0,10,-79.79,530,155.0,-15.0,155.72411502397438,-2,95.52754015165618,-23,9,3,8.401679166948155
606,2579801,403710.0,3395190.0,21,0,6,3,2585.0,9.2,509,0,5,403850,3395190,507,0,5,-73.83,530,140.0,0.0,140.0,-2,90.0,-23,9,3,9.329539642698096
607,2579801,403710.0,3395190.0,21,0,6,3,2585.0,9.2,509,0,5,403900,3395140,507,0,5,-80.5,530,190.0,-50.0,196.468827043885,-2,104.74356283647074,-23,9,3,6.677048747819126
608,2579801,403710.0,3395190.0,21,0,6,3,2585.0,9.2,509,0,5,403790,3395250,509,75,6,-70.4,530,80.0,60.0,100.0,0,53.13010235415595,-21,9,3,11.859779120947978
609,2579801,403710.0,3395190.0,21,0,6,3,2585.0,9.2,509,0,5,403830,3395210,508,75,5,-79.8,530,120.0,20.0,121.6552506059644,-1,80.53767779197437,-22,9,3,10.25052311134815
610,2579801,403710.0,3395190.0,21,0,6,3,2585.0,9.2,509,0,5,403840,3395200,508,0,5,-75.43,530,130.0,10.0,130.38404810405297,-1,85.60129464500449,-22,9,3,9.57743672409178
611,2579801,403710.0,3395190.0,21,0,6,3,2585.0,9.2,509,0,5,403785,3395255,509,0,6,-68.2,530,75.0,65.0,99.24716620639605,0,49.085616779974885,-21,9,3,11.9471650211042
612,2579801,403710.0,3395190.0,21,0,6,3,2585.0,9.2,509,0,5,403820,3395220,508,0,13,-93.5,530,110.0,30.0,114.0175425099138,-1,74.74488129694225,-22,9,3,10.921164573050607
613,2579801,403710.0,3395190.0,21,0,6,3,2585.0,9.2,509,0,5,403825,3395215,508,75,5,-86.33,530,115.0,25.0,117.6860229593982,-1,77.73522627210758,-22,9,3,10.58855029396315
614,2579801,403710.0,3395190.0,21,0,6,3,2585.0,9.2,509,0,5,403870,3395170,507,0,10,-75.4,530,160.0,-20.0,161.24515496597098,-2,97.1250163489018,-23,9,3,8.117906340875873
615,2579801,403710.0,3395190.0,21,0,6,3,2585.0,9.2,509,0,5,403885,3395155,507,0,10,-74.3,530,175.0,-35.0,178.46568297574746,-2,101.30993247402023,-23,9,3,7.343590764024061
616,2579801,403710.0,3395190.0,21,0,6,3,2585.0,9.2,509,0,5,403855,3395185,507,0,10,-74.67,530,145.0,-5.0,145.08618128546908,-2,91.97493401088195,-23,9,3,9.007938319446072
617,2579801,403710.0,3395190.0,21,0,6,3,2585.0,9.2,509,0,5,403915,3395125,507,0,10,-79.8,530,205.0,-65.0,215.05813167606567,-2,107.59242456218158,-23,9,3,6.104455792357719
618,2579801,403710.0,3395190.0,21,0,6,3,2585.0,9.2,509,0,5,403925,3395115,507,0,5,-88.0,530,215.0,-75.0,227.705950734714,-2,109.2306723756613,-23,9,3,5.767739179544078
619,2579801,403710.0,3395190.0,21,0,6,3,2585.0,9.2,509,0,5,403800,3395240,509,75,6,-75.0,530,90.0,50.0,102.95630140987001,0,60.94539590092285,-21,9,3,11.528481890843281
620,2579801,403710.0,3395190.0,21,0,6,3,2585.0,9.2,509,0,5,403910,3395130,507,0,5,-73.0,530,200.0,-60.0,208.806130178211,-2,106.69924423399362,-23,9,3,6.285791260154362
621,2579801,403710.0,3395190.0,21,0,6,3,2585.0,9.2,509,0,5,403845,3395195,508,0,5,-75.11,530,135.0,5.0,135.09256086106296,-1,87.87890360333853,-22,9,3,9.249495676964115
622,2579801,403710.0,3395190.0,21,0,6,3,2585.0,9.2,509,0,5,403880,3395160,507,0,10,-78.17,530,170.0,-30.0,172.6267650163207,-2,100.00797980144137,-23,9,3,7.589131418726575
623,2579801,403710.0,3395190.0,21,0,6,3,2585.0,9.2,509,0,5,403805,3395235,509,0,6,-89.57,530,95.0,45.0,105.11898020814318,0,64.65382405805332,-21,9,3,11.297460598319319
624,2579801,403710.0,3395190.0,21,0,6,3,2585.0,9.2,509,0,5,403690,3395350,510,0,7,-91.0,530,-20.0,160.0,161.24515496597098,1,352.8749836510982,-20,9,3,7.070555116965825
625,2579801,403710.0,3395190.0,21,0,6,3,2585.0,9.2,509,0,5,403950,3395090,507,0,5,-75.33,530,240.0,-100.0,260.0,-2,112.61986494804046,-23,9,3,5.055313518054194
626,2579801,403710.0,3395190.0,21,0,6,3,2585.0,9.2,509,0,5,403940,3395100,507,0,5,-80.33,530,230.0,-90.0,246.9817807045694,-2,111.37062226934319,-23,9,3,5.320284102680838
627,2579801,403710.0,3395190.0,21,0,6,3,2585.0,9.2,509,0,5,403815,3395225,508,75,5,-89.75,530,105.0,35.0,110.67971810589327,-1,71.56505117707798,-22,9,3,11.242249025969027
628,2579801,403710.0,3395190.0,21,0,6,3,2585.0,9.2,509,0,5,403350,3395440,509,0,7,-98.0,530,-360.0,250.0,438.2921400162225,0,304.7778313663639,-21,9,3,2.743129061623462
629,2579801,403710.0,3395190.0,21,0,6,3,2585.0,9.2,509,0,5,403250,3395500,510,0,5,-95.0,530,-460.0,310.0,554.7071299343465,1,303.9765440362569,-20,9,3,2.0649084253331735
630,2579801,403710.0,3395190.0,21,0,6,3,2585.0,9.2,509,0,5,403355,3395435,509,0,7,-97.25,530,-355.0,245.0,431.335136523794,0,304.61114218453037,-21,9,3,2.787303764912882
631,2579801,403710.0,3395190.0,21,0,6,3,2585.0,9.2,509,0,5,403800,3395080,507,0,7,-75.0,530,90.0,-110.0,142.12670403551894,-2,140.7105931374997,-23,9,3,9.192338520699492
632,2579801,403710.0,3395190.0,21,0,6,3,2585.0,9.2,509,0,5,403935,3395265,510,75,10,-105.0,530,225.0,75.0,237.17082451262846,1,71.56505117707798,-20,9,3,4.820200288190663
633,2579801,403710.0,3395190.0,21,0,6,3,2585.0,9.2,509,0,5,403685,3395195,509,0,5,-76.5,530,-25.0,5.0,25.495097567963924,0,281.30993247402023,-21,9,3,39.47786588524411
634,2579801,403710.0,3395190.0,21,0,6,3,2585.0,9.2,509,0,5,403920,3395280,510,0,10,-95.0,530,210.0,90.0,228.47319317591726,1,66.80140948635182,-20,9,3,5.002783788791154
635,2579801,403710.0,3395190.0,21,0,6,3,2585.0,9.2,509,0,5,403605,3394955,509,0,5,-98.0,530,-105.0,-235.0,257.390753524675,0,204.07549825507883,-21,9,3,4.6643175744683
636,2579801,403710.0,3395190.0,21,0,6,3,2585.0,9.2,509,0,5,403620,3394940,508,0,5,-100.25,530,-90.0,-250.0,265.70660511172844,-1,199.79887635452494,-22,9,3,4.733184786000173
637,2579801,403710.0,3395190.0,21,0,6,3,2585.0,9.2,509,0,5,403615,3394945,509,0,5,-92.0,530,-95.0,-245.0,262.77366686941826,0,201.19405648154228,-21,9,3,4.569177909049268
638,2579801,403710.0,3395190.0,21,0,6,3,2585.0,9.2,509,0,5,403610,3394950,509,0,5,-89.8,530,-100.0,-240.0,260.0,0,202.61986494804043,-21,9,3,4.617711972493939
639,2579801,403710.0,3395190.0,21,0,6,3,2585.0,9.2,509,0,5,403740,3395140,508,0,5,-72.33,530,30.0,-50.0,58.309518948453004,-1,149.0362434679265,-22,9,3,20.671335055030994
640,2579801,403710.0,3395190.0,21,0,6,3,2585.0,9.2,509,0,5,403785,3395095,507,0,7,-67.5,530,75.0,-95.0,121.03718436910205,-2,141.70983680775691,-23,9,3,10.759308011459119
641,2579801,403710.0,3395190.0,21,0,6,3,2585.0,9.2,509,0,5,403680,3395200,509,0,5,-83.0,530,-30.0,10.0,31.622776601683793,0,288.434948822922,-21,9,3,33.58727422731107
642,2579801,403710.0,3395190.0,21,0,6,3,2585.0,9.2,509,0,5,403625,3395195,509,0,6,-90.33,530,-85.0,5.0,85.14693182963201,0,273.3664606634298,-21,9,3,13.854505737698876
643,2579801,403710.0,3395190.0,21,0,6,3,2585.0,9.2,509,0,5,403660,3395160,509,0,5,-92.5,530,-50.0,-30.0,58.309518948453004,0,239.03624346792648,-21,9,3,19.806333626923326
644,2579801,403710.0,3395190.0,21,0,6,3,2585.0,9.2,509,0,5,404140,3395320,508,0,6,-102.75,530,430.0,130.0,449.22154890432404,-1,73.17859010995915,-22,9,3,2.803740961716154
645,2579801,403710.0,3395190.0,21,0,6,3,2585.0,9.2,509,0,5,403635,3395185,509,0,5,-88.33,530,-75.0,-5.0,75.16648189186454,0,266.18592516570965,-21,9,3,15.609292054025358
646,2579801,403710.0,3395190.0,21,0,6,3,2585.0,9.2,509,0,5,404135,3395285,508,0,5,-99.67,530,425.0,95.0,435.4882317583335,-1,77.3998401739193,-22,9,3,2.8920103822495715
647,2579801,403710.0,3395190.0,21,0,6,3,2585.0,9.2,509,0,5,404150,3395310,507,0,6,-91.5,530,440.0,120.0,456.0701700396552,-2,74.74488129694225,-23,9,3,2.88702822743852
648,2579801,403710.0,3395190.0,21,0,6,3,2585.0,9.2,509,0,5,403780,3395040,507,0,5,-97.23,530,70.0,-150.0,165.5294535724685,-2,154.98310652190003,-23,9,3,7.910489976918595
649,2579801,403710.0,3395190.0,21,0,6,3,2585.0,9.2,509,0,5,404145,3395315,508,0,6,-101.33,530,435.0,125.0,452.6035793053343,-1,73.96766064606402,-22,9,3,2.782823372506498
650,2579801,403710.0,3395190.0,21,0,6,3,2585.0,9.2,509,0,5,403610,3395170,509,0,6,-92.76,530,-100.0,-20.0,101.9803902718557,0,258.69006752597977,-21,9,3,11.635810024788308
651,2579801,403710.0,3395190.0,21,0,6,3,2585.0,9.2,509,0,5,403645,3395135,509,0,5,-86.0,530,-65.0,-55.0,85.14693182963201,0,229.7636416907262,-21,9,3,13.854505737698876
652,2579801,403710.0,3395190.0,21,0,6,3,2585.0,9.2,509,0,5,403665,3395155,509,0,5,-80.0,530,-45.0,-35.0,57.0087712549569,0,232.1250163489018,-21,9,3,20.221999744460973
653,2579801,403710.0,3395190.0,21,0,6,3,2585.0,9.2,509,0,5,403620,3395200,509,0,6,-92.8,530,-90.0,10.0,90.55385138137417,0,276.3401917459099,-21,9,3,13.056451386879887
654,2579801,403710.0,3395190.0,21,0,6,3,2585.0,9.2,509,0,5,403615,3395165,509,0,6,-92.82,530,-95.0,-25.0,98.2344135219425,0,255.25643716352926,-21,9,3,12.066742599256093
655,2579801,403710.0,3395190.0,21,0,6,3,2585.0,9.2,509,0,5,404130,3395290,508,0,5,-98.8,530,420.0,100.0,431.7406628984581,-1,76.60750224624888,-22,9,3,2.917070262748609
656,2579801,403710.0,3395190.0,21,0,6,3,2585.0,9.2,509,0,5,403605,3395175,510,0,6,-90.75,530,-105.0,-15.0,106.06601717798213,1,261.86989764584405,-20,9,3,10.678414922779545
657,2579801,403710.0,3395190.0,21,0,6,3,2585.0,9.2,509,0,5,404125,3395295,508,0,6,-94.5,530,415.0,105.0,428.07709586007985,-1,75.80144597613685,-22,9,3,2.9419914451799034
658,2579801,403710.0,3395190.0,21,0,6,3,2585.0,9.2,509,0,5,403600,3395180,510,0,7,-91.71,530,-110.0,-10.0,110.45361017187261,1,264.8055710922652,-20,9,3,10.26342789199355
659,2579801,403710.0,3395190.0,21,0,6,3,2585.0,9.2,509,0,5,403630,3395190,509,0,6,-89.44,530,-80.0,0.0,80.0,0,270.0,-21,9,3,14.708303899682749
660,2579801,403710.0,3395190.0,21,0,6,3,2585.0,9.2,509,0,5,404225,3395035,506,99,5,-99.33,530,515.0,-155.0,537.8196723809942,-3,106.75026450502571,-24,9,3,2.5551074033411374
661,2579801,403710.0,3395190.0,21,0,6,3,2585.0,9.2,509,0,5,404220,3395040,506,99,5,-96.5,530,510.0,-150.0,531.6013544000805,-3,106.38954033403479,-24,9,3,2.5849550384849436
662,2579801,403710.0,3395190.0,21,0,6,3,2585.0,9.2,509,0,5,404290,3394930,506,0,6,-91.0,530,580.0,-260.0,635.6099432828281,-3,114.14554196042167,-24,9,3,2.1624044259490547
663,2579801,403710.0,3395190.0,21,0,6,3,2585.0,9.2,509,0,5,404170,3395310,507,0,6,-98.5,530,460.0,120.0,475.3945729601885,-2,75.37912601136833,-23,9,3,2.769859497862955
664,2579801,403710.0,3395190.0,21,0,6,3,2585.0,9.2,509,0,5,404235,3395045,506,99,5,-94.5,530,525.0,-145.0,544.6558546458489,-3,105.43964553531924,-24,9,3,2.523078987387393
665,2579801,403710.0,3395190.0,21,0,6,3,2585.0,9.2,509,0,5,404210,3395070,507,0,5,-93.13,530,500.0,-120.0,514.1984052872976,-2,103.49573328079583,-23,9,3,2.561122518531884
666,2579801,403710.0,3395190.0,21,0,6,3,2585.0,9.2,509,0,5,404205,3395075,506,0,5,-95.33,530,495.0,-115.0,508.1830378908765,-3,103.07912378006682,-24,9,3,2.7039031868132537
667,2579801,403710.0,3395190.0,21,0,6,3,2585.0,9.2,509,0,5,403325,3395475,509,0,7,-91.0,530,-385.0,285.0,479.0093944798995,0,306.51105611949527,-21,9,3,2.5102668528127112
668,2579801,403710.0,3395190.0,21,0,6,3,2585.0,9.2,509,0,5,403345,3395455,509,0,7,-93.0,530,-365.0,265.0,451.0543204537564,0,305.9806775686183,-21,9,3,2.665628241075738
669,2579801,403710.0,3395190.0,21,0,6,3,2585.0,9.2,509,0,5,403935,3395085,507,87,5,-95.71,530,225.0,-105.0,248.29418035870273,-2,115.01689347810003,-23,9,3,5.29232296757709
670,2579801,403710.0,3395190.0,21,0,6,3,2585.0,9.2,509,0,5,403720,3395300,509,0,6,-87.0,530,10.0,110.0,110.45361017187261,0,5.194428907734789,-21,9,3,10.764883051209594
671,2579801,403710.0,3395190.0,21,0,6,3,2585.0,9.2,509,0,5,403825,3395235,509,0,6,-92.0,530,115.0,45.0,123.4908903522847,0,68.62937773065681,-21,9,3,9.65099830531909
672,2579801,403710.0,3395190.0,21,0,6,3,2585.0,9.2,509,0,5,403770,3395250,509,0,5,-69.75,530,60.0,60.0,84.8528137423857,0,45.0,-21,9,3,13.900669075390693
673,2579801,403710.0,3395190.0,21,0,6,3,2585.0,9.2,509,0,5,403920,3395100,507,0,5,-73.4,530,210.0,-90.0,228.47319317591726,-2,113.19859051364818,-23,9,3,5.748500302185423
674,2579801,403710.0,3395190.0,21,0,6,3,2585.0,9.2,509,0,5,403870,3395190,508,0,5,-87.33,530,160.0,0.0,160.0,-1,90.0,-22,9,3,7.829076510059608
675,2579801,403710.0,3395190.0,21,0,6,3,2585.0,9.2,509,0,5,403925,3395095,507,0,5,-93.0,530,215.0,-95.0,235.05318547086316,-2,113.8387401831717,-23,9,3,5.5886121484618405
676,2579801,403710.0,3395190.0,21,0,6,3,2585.0,9.2,509,0,5,403930,3395090,507,0,5,-88.33,530,220.0,-100.0,241.66091947189145,-2,114.44395478041656,-23,9,3,5.436731084366255
677,2579801,403710.0,3395190.0,21,0,6,3,2585.0,9.2,509,0,5,403835,3395225,508,75,6,-82.5,530,125.0,35.0,129.80754985747168,-1,74.35775354279127,-22,9,3,9.619178752312159
678,2579801,403710.0,3395190.0,21,0,6,3,2585.0,9.2,509,0,5,403915,3395145,507,0,5,-82.67,530,205.0,-45.0,209.88091861815357,-2,102.38075692880716,-23,9,3,6.253857778356893
679,2579801,403710.0,3395190.0,21,0,6,3,2585.0,9.2,509,0,5,403790,3395270,509,0,5,-72.5,530,80.0,80.0,113.13708498984761,0,45.0,-21,9,3,10.51531458142138
680,2579801,403710.0,3395190.0,21,0,6,3,2585.0,9.2,509,0,5,403910,3395150,507,0,5,-78.5,530,200.0,-40.0,203.9607805437114,-2,101.30993247402023,-23,9,3,6.43388048310782
681,2579801,403710.0,3395190.0,21,0,6,3,2585.0,9.2,509,0,5,403760,3395260,509,0,6,-71.33,530,50.0,70.0,86.02325267042627,0,35.537677791974374,-21,9,3,13.718728070961943
682,2579801,403710.0,3395190.0,21,0,6,3,2585.0,9.2,509,0,5,403900,3395160,507,0,5,-68.8,530,190.0,-30.0,192.35384061671346,-2,98.9726266148964,-23,9,3,6.818558524751902
683,2579801,403710.0,3395190.0,21,0,6,3,2585.0,9.2,509,0,5,403905,3395155,507,0,5,-69.5,530,195.0,-35.0,198.11612756158948,-2,100.17551084304318,-23,9,3,6.622025393148867
684,2579801,403710.0,3395190.0,21,0,6,3,2585.0,9.2,509,0,5,403890,3395130,507,0,5,-79.25,530,180.0,-60.0,189.73665961010275,-2,108.43494882292202,-23,9,3,6.911708347276518
685,2579801,403710.0,3395190.0,21,0,6,3,2585.0,9.2,509,0,5,403895,3395125,507,0,5,-87.25,530,185.0,-65.0,196.08671551127577,-2,109.35899417569476,-23,9,3,6.6899423983951705
686,2579801,403710.0,3395190.0,21,0,6,3,2585.0,9.2,509,0,5,403820,3395240,509,0,6,-98.42,530,110.0,50.0,120.83045973594572,0,65.55604521958344,-21,9,3,9.859366368396923
687,2579801,403710.0,3395190.0,21,0,6,3,2585.0,9.2,509,0,5,403805,3395215,508,0,12,-79.0,530,95.0,25.0,98.2344135219425,-1,75.25643716352926,-22,9,3,12.623332813722685
688,2579801,403710.0,3395190.0,21,0,6,3,2585.0,9.2,509,0,5,403845,3395175,507,0,10,-70.07,530,135.0,-15.0,135.83077707206124,-2,96.34019174590992,-23,9,3,9.610638813988286
689,2579801,403710.0,3395190.0,21,0,6,3,2585.0,9.2,509,0,5,403855,3395165,507,0,10,-76.25,530,145.0,-25.0,147.13938969562162,-2,99.78240703180728,-23,9,3,8.884258967138136
690,2579801,403710.0,3395190.0,21,0,6,3,2585.0,9.2,509,0,5,403840,3395180,507,0,5,-70.7,530,130.0,-10.0,130.38404810405297,-2,94.39870535499551,-23,9,3,10.004165705166123
691,2579801,403710.0,3395190.0,21,0,6,3,2585.0,9.2,509,0,5,403955,3395105,508,0,5,-70.4,530,245.0,-85.0,259.3260495977988,-1,109.13364320590551,-22,9,3,4.849093159142275
692,2579801,403710.0,3395190.0,21,0,6,3,2585.0,9.2,509,0,5,403775,3395245,509,0,5,-71.9,530,65.0,55.0,85.14693182963201,0,49.76364169072616,-21,9,3,13.854505737698876
693,2579801,403710.0,3395190.0,21,0,6,3,2585.0,9.2,509,0,5,403880,3395140,507,0,10,-80.13,530,170.0,-50.0,177.2004514666935,-2,106.38954033403479,-23,9,3,7.395446422372776
694,2579801,403710.0,3395190.0,21,0,6,3,2585.0,9.2,509,0,5,403815,3395205,508,0,5,-71.33,530,105.0,15.0,106.06601717798213,-1,81.86989764584405,-22,9,3,11.718015985501907
695,2579801,403710.0,3395190.0,21,0,6,3,2585.0,9.2,509,0,5,403810,3395210,508,0,12,-55.43,530,100.0,20.0,101.9803902718557,-1,78.69006752597977,-22,9,3,12.173728850048535
696,2579801,403710.0,3395190.0,21,0,6,3,2585.0,9.2,509,0,5,403800,3395220,508,0,12,-72.44,530,90.0,30.0,94.86832980505137,-1,71.56505117707798,-22,9,3,13.056133692319438
697,2579801,403710.0,3395190.0,21,0,6,3,2585.0,9.2,509,0,5,403850,3395170,507,0,10,-76.64,530,140.0,-20.0,141.4213562373095,-2,98.13010235415595,-23,9,3,9.23739743831234
698,2579801,403710.0,3395190.0,21,0,6,3,2585.0,9.2,509,0,5,403785,3395275,509,0,5,-70.83,530,75.0,85.0,113.35784048754634,0,41.42366562500263,-21,9,3,10.495292268604198
699,2579801,403710.0,3395190.0,21,0,6,3,2585.0,9.2,509,0,5,403860,3395200,508,0,5,-76.2,530,150.0,10.0,150.33296378372907,-1,86.18592516570965,-22,9,3,8.325670509719728
700,2579801,403710.0,3395190.0,21,0,6,3,2585.0,9.2,509,0,5,403950,3395110,508,0,5,-73.75,530,240.0,-80.0,252.98221281347034,-1,108.43494882292202,-22,9,3,4.970088400576574
701,2579801,403710.0,3395190.0,21,0,6,3,2585.0,9.2,509,0,5,403945,3395115,508,0,10,-74.25,530,235.0,-75.0,246.6779276708802,-1,107.70042778866718,-22,9,3,5.096447023498887
702,2579801,403710.0,3395190.0,21,0,6,3,2585.0,9.2,509,0,5,403985,3395075,507,0,6,-91.67,530,275.0,-115.0,298.0771712157776,-2,112.69379494509235,-23,9,3,4.4122697854226995
703,2579801,403710.0,3395190.0,21,0,6,3,2585.0,9.2,509,0,5,403885,3395135,507,0,5,-79.07,530,175.0,-55.0,183.43936327844142,-2,107.44718842328223,-23,9,3,7.1465673688455
704,2579801,403710.0,3395190.0,21,0,6,3,2585.0,9.2,509,0,5,403940,3395120,508,0,10,-69.43,530,230.0,-70.0,240.41630560342617,-1,106.92751306414704,-22,9,3,5.228457144658494
705,2579801,403710.0,3395190.0,21,0,6,3,2585.0,9.2,509,0,5,403700,3395360,510,0,7,-82.0,530,-10.0,170.0,170.29386365926402,1,356.6335393365702,-20,9,3,6.698363436736243
706,2579801,403710.0,3395190.0,21,0,6,3,2585.0,9.2,509,0,5,403795,3395265,509,0,5,-70.0,530,85.0,75.0,113.35784048754634,0,48.57633437499737,-21,9,3,10.495292268604198
707,2579801,403710.0,3395190.0,21,0,6,3,2585.0,9.2,509,0,5,403640,3395190,509,0,5,-87.5,530,-70.0,0.0,70.0,0,270.0,-21,9,3,16.69924423399362
708,2579801,403710.0,3395190.0,21,0,6,3,2585.0,9.2,509,0,5,403535,3395075,510,0,6,-93.0,530,-175.0,-115.0,209.40391591371923,1,236.6893691754392,-20,9,3,5.455725039813058
709,2579801,403710.0,3395190.0,21,0,6,3,2585.0,9.2,509,0,5,403670,3395180,509,0,5,-81.67,530,-40.0,-10.0,41.23105625617661,0,255.96375653207352,-21,9,3,26.990872948656914
710,2579801,403710.0,3395190.0,21,0,6,3,2585.0,9.2,509,0,5,403575,3395115,510,0,6,-99.67,530,-135.0,-75.0,154.434452114805,1,240.94539590092285,-20,9,3,7.379007992682631
711,2579801,403710.0,3395190.0,21,0,6,3,2585.0,9.2,509,0,5,403570,3395120,510,0,7,-97.0,530,-140.0,-70.0,156.52475842498527,1,243.43494882292202,-20,9,3,7.281529854829641
712,2579801,403710.0,3395190.0,21,0,6,3,2585.0,9.2,509,0,5,403630,3395140,509,0,5,-91.67,530,-80.0,-50.0,94.33981132056604,0,237.99461679191648,-21,9,3,12.549408235160696
713,2579801,403710.0,3395190.0,21,0,6,3,2585.0,9.2,509,0,5,403565,3395105,510,0,6,-95.67,530,-145.0,-85.0,168.0773631397161,1,239.62087398863167,-20,9,3,6.785878871778247
714,2579801,403710.0,3395190.0,21,0,6,3,2585.0,9.2,509,0,5,403600,3395150,510,0,6,-93.71,530,-110.0,-40.0,117.04699910719626,1,250.01689347810003,-20,9,3,9.696570807062264
715,2579801,403710.0,3395190.0,21,0,6,3,2585.0,9.2,509,0,5,403540,3395050,510,0,6,-100.67,530,-170.0,-140.0,220.22715545545242,1,230.52754015165615,-20,9,3,5.189100328112662
716,2579801,403710.0,3395190.0,21,0,6,3,2585.0,9.2,509,0,5,403620,3395130,509,0,5,-95.2,530,-90.0,-60.0,108.16653826391968,0,236.30993247402023,-21,9,3,10.987011860880278
717,2579801,403710.0,3395190.0,21,0,6,3,2585.0,9.2,509,0,5,403590,3395100,509,0,5,-93.5,530,-120.0,-90.0,150.0,0,233.13010235415598,-21,9,3,7.96961039432136
718,2579801,403710.0,3395190.0,21,0,6,3,2585.0,9.2,509,0,5,403615,3395155,509,0,5,-90.0,530,-95.0,-35.0,101.24228365658294,0,249.77514056883192,-21,9,3,11.718303070404364
719,2579801,403710.0,3395190.0,21,0,6,3,2585.0,9.2,509,0,5,403610,3395160,509,0,6,-91.92,530,-100.0,-30.0,104.4030650891055,0,253.30075576600638,-21,9,3,11.372917505304756
720,2579801,403710.0,3395190.0,21,0,6,3,2585.0,9.2,509,0,5,403605,3395145,509,0,6,-91.94,530,-105.0,-45.0,114.23659658795863,0,246.80140948635182,-21,9,3,10.416331836297568
721,2579801,403710.0,3395190.0,21,0,6,3,2585.0,9.2,509,0,5,403650,3395200,509,0,5,-89.71,530,-60.0,10.0,60.8276253029822,0,279.4623222080256,-21,9,3,19.046612937847886
722,2579801,403710.0,3395190.0,21,0,6,3,2585.0,9.2,509,0,5,403655,3395195,509,0,5,-87.89,530,-55.0,5.0,55.226805085936306,0,275.1944289077348,-21,9,3,20.819313204634305
723,2579801,403710.0,3395190.0,21,0,6,3,2585.0,9.2,509,0,5,403550,3395060,510,0,6,-96.6,530,-160.0,-130.0,206.15528128088303,1,230.9061411137705,-20,9,3,5.541166443639222
724,2579801,403710.0,3395190.0,21,0,6,3,2585.0,9.2,509,0,5,403635,3395135,509,0,5,-101.67,530,-75.0,-55.0,93.00537618869137,0,233.7461622625552,-21,9,3,12.723644097350265
725,2579801,403710.0,3395190.0,21,0,6,3,2585.0,9.2,509,0,5,403645,3395185,509,0,5,-88.31,530,-65.0,-5.0,65.19202405202648,0,265.6012946450045,-21,9,3,17.855062794067003
726,2579801,403710.0,3395190.0,21,0,6,3,2585.0,9.2,509,0,5,403520,3395070,510,0,6,-94.0,530,-190.0,-120.0,224.72205054244233,1,237.72435568542238,-20,9,3,5.085857687964041
727,2579801,403710.0,3395190.0,21,0,6,3,2585.0,9.2,509,0,5,403560,3395110,510,0,7,-97.5,530,-150.0,-80.0,170.0,1,241.92751306414704,-20,9,3,6.7098368077569335
728,2579801,403710.0,3395190.0,21,0,6,3,2585.0,9.2,509,0,5,403665,3395165,509,0,5,-88.75,530,-45.0,-25.0,51.478150704935004,0,240.94539590092285,-21,9,3,22.19251536963193
729,2579801,403710.0,3395190.0,21,0,6,3,2585.0,9.2,509,0,5,403580,3395090,510,0,6,-98.0,530,-130.0,-100.0,164.01219466856725,1,232.43140797117252,-20,9,3,6.952445560310081
730,2579801,403710.0,3395190.0,21,0,6,3,2585.0,9.2,509,0,5,403660,3395170,509,0,5,-84.25,530,-50.0,-20.0,53.85164807134504,0,248.19859051364818,-21,9,3,21.30380477924733
731,2579801,403710.0,3395190.0,21,0,6,3,2585.0,9.2,509,0,5,404185,3395045,507,0,5,-88.5,530,475.0,-145.0,496.63870167356066,-2,106.97549946792975,-23,9,3,2.6515493460225765
732,2579801,403710.0,3395190.0,21,0,6,3,2585.0,9.2,509,0,5,404325,3394905,506,0,7,-86.0,530,615.0,-285.0,677.8274116617002,-3,114.86369657175186,-24,9,3,2.027838466270274
733,2579801,403710.0,3395190.0,21,0,6,3,2585.0,9.2,509,0,5,403280,3395470,509,0,6,-91.5,530,-430.0,280.0,513.1276644267,0,303.0706778227617,-21,9,3,2.343549912191839
734,2579801,403710.0,3395190.0,21,0,6,3,2585.0,9.2,509,0,5,403545,3395285,510,0,5,-89.33,530,-165.0,95.0,190.3943276465977,1,299.93151184050777,-20,9,3,5.996651421570145
735,2579801,403710.0,3395190.0,21,0,6,3,2585.0,9.2,509,0,5,403675,3395255,508,0,5,-83.33,530,-35.0,65.0,73.824115301167,-1,331.6992442339936,-22,9,3,16.594351427037324
736,2579801,403710.0,3395190.0,21,0,6,3,2585.0,9.2,509,0,5,403670,3395260,508,0,6,-86.5,530,-40.0,70.0,80.62257748298549,-1,330.2551187030578,-22,9,3,15.263072090786531
737,2579801,403710.0,3395190.0,21,0,6,3,2585.0,9.2,509,0,5,404340,3394810,505,18,12,-97.5,530,630.0,-380.0,735.7309290766564,-4,121.09731288577944,-25,9,3,1.9461511249669037
738,2579801,403710.0,3395190.0,21,0,6,3,2585.0,9.2,509,0,5,403620,3395210,509,0,7,-93.25,530,-90.0,20.0,92.19544457292888,0,282.5288077091515,-21,9,3,12.831735626424479
739,2579801,403710.0,3395190.0,21,0,6,3,2585.0,9.2,509,0,5,404070,3395180,509,0,5,-97.36,530,360.0,-10.0,360.1388621073821,0,91.5911402711946,-21,9,3,3.337186208346931
740,2579801,403710.0,3395190.0,21,0,6,3,2585.0,9.2,509,0,5,403625,3395205,509,0,6,-83.89,530,-85.0,15.0,86.31338250816034,0,280.00797980144137,-21,9,3,13.674348549287606
741,2579801,403710.0,3395190.0,21,0,6,3,2585.0,9.2,509,0,5,404075,3395175,509,0,5,-102.5,530,365.0,-15.0,365.3080891521566,0,92.35329686610828,-21,9,3,3.290068428183264
742,2579801,403710.0,3395190.0,21,0,6,3,2585.0,9.2,509,0,5,404065,3395165,509,0,5,-99.27,530,355.0,-25.0,355.8791929854849,0,94.02826366648515,-21,9,3,3.377038505479626
743,2579801,403710.0,3395190.0,21,0,6,3,2585.0,9.2,509,0,5,404060,3395170,509,0,5,-101.0,530,350.0,-20.0,350.5709628591621,0,93.27048792318357,-21,9,3,3.4280514739321024
744,2579801,403710.0,3395190.0,21,0,6,3,2585.0,9.2,509,0,5,403660,3395250,508,0,6,-91.0,530,-50.0,60.0,78.10249675906654,-1,320.1944289077348,-22,9,3,15.731526766293738
745,2579801,403710.0,3395190.0,21,0,6,3,2585.0,9.2,509,0,5,403640,3395270,509,0,6,-86.0,530,-70.0,80.0,106.30145812734649,0,318.81407483429035,-21,9,3,11.174969693876506
746,2579801,403710.0,3395190.0,21,0,6,3,2585.0,9.2,509,0,5,403605,3395225,510,0,6,-83.42,530,-105.0,35.0,110.67971810589327,1,288.434948822922,-20,9,3,10.242905030986917
747,2579801,403710.0,3395190.0,21,0,6,3,2585.0,9.2,509,0,5,404320,3394830,505,0,5,-99.5,530,610.0,-360.0,708.3078426785912,-4,120.54757174890699,-25,9,3,2.0214376250939923
748,2579801,403710.0,3395190.0,21,0,6,3,2585.0,9.2,509,0,5,403635,3395215,509,0,6,-89.88,530,-75.0,25.0,79.05694150420949,0,288.434948822922,-21,9,3,14.876020429940661
749,2579801,403710.0,3395190.0,21,0,6,3,2585.0,9.2,509,0,5,403630,3395220,509,0,6,-87.5,530,-80.0,30.0,85.44003745317531,0,290.55604521958344,-21,9,3,13.808799425189946
750,2579801,403710.0,3395190.0,21,0,6,3,2585.0,9.2,509,0,5,403610,3395240,509,0,6,-83.75,530,-100.0,50.0,111.80339887498948,0,296.565051177078,-21,9,3,10.637903602437003
751,2579801,403710.0,3395190.0,21,0,6,3,2585.0,9.2,509,0,5,404040,3395190,510,0,5,-106.5,530,330.0,0.0,330.0,1,90.0,-20,9,3,3.4682292589171477
752,2579801,403710.0,3395190.0,21,0,6,3,2585.0,9.2,509,0,5,403790,3395230,509,75,5,-69.57,530,80.0,40.0,89.44271909999159,0,63.434948822922024,-21,9,3,13.21299281082076
753,2579801,403710.0,3395190.0,21,0,6,3,2585.0,9.2,509,0,5,403800,3395260,509,0,5,-67.5,530,90.0,70.0,114.0175425099138,0,52.125016348901795,-21,9,3,10.435904747083725
754,2579801,403710.0,3395190.0,21,0,6,3,2585.0,9.2,509,0,5,403835,3395265,509,0,10,-102.33,530,125.0,75.0,145.7737973711325,0,59.03624346792651,-21,9,3,8.197564505457054
755,2579801,403710.0,3395190.0,21,0,6,3,2585.0,9.2,509,0,5,403905,3395195,508,0,5,-96.5,530,195.0,5.0,195.0640920313116,-1,88.5311992856142,-22,9,3,6.434823370271042
756,2579801,403710.0,3395190.0,21,0,6,3,2585.0,9.2,509,0,5,403805,3395255,509,0,5,-85.75,530,95.0,65.0,115.10864433221339,0,55.61965527615513,-21,9,3,10.339127327314799
757,2579801,403710.0,3395190.0,21,0,6,3,2585.0,9.2,509,0,5,403825,3395275,509,75,10,-101.67,530,115.0,85.0,143.0034964607509,0,53.53076560994816,-21,9,3,8.354149452869425
758,2579801,403710.0,3395190.0,21,0,6,3,2585.0,9.2,509,0,5,403820,3395280,509,75,5,-101.5,530,110.0,90.0,142.12670403551894,0,50.71059313749964,-21,9,3,8.404952971432284
759,2579801,403710.0,3395190.0,21,0,6,3,2585.0,9.2,509,0,5,403785,3395235,509,75,5,-77.5,530,75.0,45.0,87.46427842267951,0,59.03624346792651,-21,9,3,13.501043380558686
760,2579801,403710.0,3395190.0,21,0,6,3,2585.0,9.2,509,0,5,403845,3395135,506,0,5,-73.5,530,135.0,-55.0,145.7737973711325,-3,112.16634582208246,-24,9,3,9.349228359310638
761,2579801,403710.0,3395190.0,21,0,6,3,2585.0,9.2,509,0,5,403885,3395175,507,0,5,-88.0,530,175.0,-15.0,175.64168070250295,-2,94.89909245378777,-23,9,3,7.460342822242981
762,2579801,403710.0,3395190.0,21,0,6,3,2585.0,9.2,509,0,5,403865,3395155,506,0,5,-75.09,530,155.0,-35.0,158.90248582070703,-3,102.72435568542238,-24,9,3,8.58881048409176
763,2579801,403710.0,3395190.0,21,0,6,3,2585.0,9.2,509,0,5,403965,3395095,507,0,10,-77.33,530,255.0,-95.0,272.12129648375554,-2,110.43282867939871,-23,9,3,4.831221511861075
764,2579801,403710.0,3395190.0,21,0,6,3,2585.0,9.2,509,0,5,403970,3395090,507,0,10,-82.0,530,260.0,-100.0,278.5677655436824,-2,111.03751102542185,-23,9,3,4.719930976037983
765,2579801,403710.0,3395190.0,21,0,6,3,2585.0,9.2,509,0,5,403890,3395170,507,0,10,-82.0,530,180.0,-20.0,181.10770276274835,-2,96.34019174590992,-23,9,3,7.237605881097823
766,2579801,403710.0,3395190.0,21,0,6,3,2585.0,9.2,509,0,5,403850,3395130,506,0,7,-76.5,530,140.0,-60.0,152.31546211727817,-3,113.19859051364818,-24,9,3,8.95434473505222
767,2579801,403710.0,3395190.0,21,0,6,3,2585.0,9.2,509,0,5,403770,3395210,509,0,5,-66.13,530,60.0,20.0,63.245553203367585,0,71.56505117707798,-21,9,3,18.368187036635863
768,2579801,403710.0,3395190.0,21,0,6,3,2585.0,9.2,509,0,5,403815,3395245,509,0,6,-95.83,530,105.0,55.0,118.53269591129698,0,62.35402463626133,-21,9,3,10.046633067023226
769,2579801,403710.0,3395190.0,21,0,6,3,2585.0,9.2,509,0,5,403775,3395205,508,0,5,-64.14,530,65.0,15.0,66.70832032063167,-1,77.00538320808352,-22,9,3,18.25224253372557
770,2579801,403710.0,3395190.0,21,0,6,3,2585.0,9.2,509,0,5,403830,3395270,509,0,10,-107.5,530,120.0,80.0,144.22205101855957,0,56.30993247402023,-21,9,3,8.284547741468753
771,2579801,403710.0,3395190.0,21,0,6,3,2585.0,9.2,509,0,5,403760,3395220,509,0,12,-68.95,530,50.0,30.0,58.309518948453004,0,59.03624346792651,-21,9,3,19.806333626923326
772,2579801,403710.0,3395190.0,21,0,6,3,2585.0,9.2,509,0,5,403895,3395165,507,0,10,-84.33,530,185.0,-25.0,186.6815470259447,-2,97.69605172201659,-23,9,3,7.023700165536428
773,2579801,403710.0,3395190.0,21,0,6,3,2585.0,9.2,509,0,5,403795,3395225,509,0,5,-61.4,530,85.0,35.0,91.92388155425118,0,67.61986494804046,-21,9,3,12.868383116154853
774,2579801,403710.0,3395190.0,21,0,6,3,2585.0,9.2,509,0,5,403870,3395150,507,0,5,-73.04,530,160.0,-40.0,164.92422502470643,-2,104.03624346792651,-23,9,3,7.939149904885938
775,2579801,403710.0,3395190.0,21,0,6,3,2585.0,9.2,509,0,5,403765,3395215,509,0,5,-68.59,530,55.0,25.0,60.41522986797286,0,65.55604521958344,-21,9,3,19.16716891342147
776,2579801,403710.0,3395190.0,21,0,6,3,2585.0,9.2,509,0,5,403695,3395285,509,0,6,-85.75,530,-15.0,95.0,96.17692030835673,0,351.0273733851036,-21,9,3,12.31708264110538
777,2579801,403710.0,3395190.0,21,0,6,3,2585.0,9.2,509,0,5,403860,3395160,507,0,5,-77.32,530,150.0,-30.0,152.97058540778355,-2,101.30993247402023,-23,9,3,8.550696417906009
778,2579801,403710.0,3395190.0,21,0,6,3,2585.0,9.2,509,0,5,403975,3395085,507,0,5,-76.33,530,265.0,-105.0,285.0438562747845,-2,111.61477894278624,-23,9,3,4.613164080784346
779,2579801,403710.0,3395190.0,21,0,6,3,2585.0,9.2,509,0,5,403710,3395310,509,0,6,-85.67,530,0.0,120.0,120.0,0,0.0,-21,9,3,9.926245506651705
780,2579801,403710.0,3395190.0,21,0,6,3,2585.0,9.2,509,0,5,403875,3395145,507,0,5,-77.39,530,165.0,-45.0,171.0263137648707,-2,105.2551187030578,-23,9,3,7.659310701749987
781,2579801,403710.0,3395190.0,21,0,6,3,2585.0,9.2,509,0,5,403810,3395250,509,0,5,-93.5,530,100.0,60.0,116.61903789690601,0,59.03624346792651,-21,9,3,10.208053546255814
782,2579801,403710.0,3395190.0,21,0,6,3,2585.0,9.2,509,0,5,403910,3395190,508,0,6,-101.33,530,200.0,0.0,200.0,-1,90.0,-22,9,3,6.2772984895975545
783,2579801,403710.0,3395190.0,21,0,6,3,2585.0,9.2,509,0,5,403855,3395125,506,87,7,-71.67,530,145.0,-65.0,158.90248582070703,-3,114.14554196042167,-24,9,3,8.58881048409176
784,2579801,403710.0,3395190.0,21,0,6,3,2585.0,9.2,509,0,5,403840,3395140,506,0,5,-68.56,530,130.0,-50.0,139.2838827718412,-3,111.03751102542185,-24,9,3,9.776629368899439
785,2579801,403710.0,3395190.0,21,0,6,3,2585.0,9.2,509,0,5,403780,3395240,509,0,13,-71.5,530,70.0,50.0,86.02325267042627,0,54.462322208025626,-21,9,3,13.718728070961943
786,2579801,403710.0,3395190.0,21,0,6,3,2585.0,9.2,509,0,5,404495,3394800,505,0,6,-98.0,530,785.0,-390.0,876.5414993027997,-4,116.41888879129851,-25,9,3,1.6337004932580412
787,2579801,403710.0,3395190.0,21,0,6,3,2585.0,9.2,509,0,5,404200,3395050,506,0,5,-87.67,530,490.0,-140.0,509.6076922496363,-3,105.94539590092285,-24,9,3,2.6963553522185664
788,2579801,403710.0,3395190.0,21,0,6,3,2585.0,9.2,509,0,5,404225,3395065,506,0,5,-94.33,530,515.0,-125.0,529.9528280894442,-3,103.6429147759901,-24,9,3,2.5929851102769432
789,2579801,403710.0,3395190.0,21,0,6,3,2585.0,9.2,509,0,5,404695,3394685,503,0,13,-109.0,530,985.0,-505.0,1106.910113785216,-6,117.14377674268576,-27,9,3,1.3972944398719445
790,2579801,403710.0,3395190.0,21,0,6,3,2585.0,9.2,509,0,5,403790,3395245,509,75,6,-73.75,530,80.0,55.0,97.082439194738,0,55.491477012331586,-21,9,3,12.205657071887387
791,2579801,403710.0,3395190.0,21,0,6,3,2585.0,9.2,509,0,5,403865,3395180,507,0,5,-92.33,530,155.0,-10.0,155.32224567009067,-2,93.69138598645128,-23,9,3,8.423105595327149
792,2579801,403710.0,3395190.0,21,0,6,3,2585.0,9.2,509,0,5,403950,3395085,507,0,5,-68.0,530,240.0,-105.0,261.9637379485947,-2,113.62937773065681,-23,9,3,5.017611953545788
793,2579801,403710.0,3395190.0,21,0,6,3,2585.0,9.2,509,0,5,403930,3395105,507,0,5,-93.0,530,220.0,-85.0,235.8495283014151,-2,111.1247191460725,-23,9,3,5.569861130932502
794,2579801,403710.0,3395190.0,21,0,6,3,2585.0,9.2,509,0,5,403965,3395080,507,0,5,-77.67,530,255.0,-110.0,277.71388153997634,-2,113.3340412767098,-23,9,3,4.734377431475086
795,2579801,403710.0,3395190.0,21,0,6,3,2585.0,9.2,509,0,5,403910,3395125,507,0,5,-77.88,530,200.0,-65.0,210.2974084481309,-2,108.0041616059134,-23,9,3,6.241569988288529
796,2579801,403710.0,3395190.0,21,0,6,3,2585.0,9.2,509,0,5,403920,3395115,507,0,5,-78.67,530,210.0,-75.0,222.9910312097776,-2,109.65382405805332,-23,9,3,5.888843923895708
797,2579801,403710.0,3395190.0,21,0,6,3,2585.0,9.2,509,0,5,403795,3395250,509,0,6,-77.14,530,85.0,60.0,104.04326023342406,0,54.78240703180728,-21,9,3,11.411217475041745
798,2579801,403710.0,3395190.0,21,0,6,3,2585.0,9.2,509,0,5,403985,3395060,507,0,6,-69.5,530,275.0,-130.0,304.1792234851026,-2,115.30137862541972,-23,9,3,4.324095632848731
799,2579801,403710.0,3395190.0,21,0,6,3,2585.0,9.2,509,0,5,403945,3395100,507,0,5,-78.5,530,235.0,-90.0,251.6445906432324,-2,110.95577673063218,-23,9,3,5.222252881780788
800,2579801,403710.0,3395190.0,21,0,6,3,2585.0,9.2,509,0,5,403935,3395110,507,0,5,-72.57,530,225.0,-80.0,238.79907872519107,-2,109.57312583041022,-23,9,3,5.501489129752348
801,2579801,403710.0,3395190.0,21,0,6,3,2585.0,9.2,509,0,5,403810,3395225,508,75,13,-83.75,530,100.0,35.0,105.94810050208545,-1,70.70995378081125,-22,9,3,11.730696521160183
802,2579801,403710.0,3395190.0,21,0,6,3,2585.0,9.2,509,0,5,403880,3395155,507,0,10,-74.71,530,170.0,-35.0,173.5655495770978,-2,101.63363399894047,-23,9,3,7.548557792764805
803,2579801,403710.0,3395190.0,21,0,6,3,2585.0,9.2,509,0,5,403890,3395145,507,0,10,-76.67,530,180.0,-45.0,185.53975315279473,-2,104.03624346792651,-23,9,3,7.066487674140028
804,2579801,403710.0,3395190.0,21,0,6,3,2585.0,9.2,509,0,5,403900,3395135,507,0,5,-77.18,530,190.0,-55.0,197.80040444852483,-2,106.14433878028348,-23,9,3,6.6325011742617335
805,2579801,403710.0,3395190.0,21,0,6,3,2585.0,9.2,509,0,5,403895,3395150,507,0,10,-71.0,530,185.0,-40.0,189.274932307477,-2,102.20046872738078,-23,9,3,6.928405446856055
806,2579801,403710.0,3395190.0,21,0,6,3,2585.0,9.2,509,0,5,403850,3395185,507,0,10,-71.4,530,140.0,-5.0,140.089257261219,-2,92.04540848888723,-23,9,3,9.323699784539246
807,2579801,403710.0,3395190.0,21,0,6,3,2585.0,9.2,509,0,5,403815,3395230,509,75,6,-104.0,530,105.0,40.0,112.36102527122117,0,69.14554196042167,-21,9,3,10.586305935598704
808,2579801,403710.0,3395190.0,21,0,6,3,2585.0,9.2,509,0,5,403800,3395235,509,0,5,-82.33,530,90.0,45.0,100.62305898749054,0,63.434948822922024,-21,9,3,11.788404329313064
809,2579801,403710.0,3395190.0,21,0,6,3,2585.0,9.2,509,0,5,403785,3395260,509,0,6,-70.38,530,75.0,70.0,102.59142264341595,0,46.97493401088195,-21,9,3,11.568380910739625
810,2579801,403710.0,3395190.0,21,0,6,3,2585.0,9.2,509,0,5,403875,3395170,507,0,5,-75.5,530,165.0,-20.0,166.20770138594662,-2,96.91122711902472,-23,9,3,7.8786156408714225
811,2579801,403710.0,3395190.0,21,0,6,3,2585.0,9.2,509,0,5,403925,3395120,507,0,10,-73.0,530,215.0,-70.0,226.10838109190027,-2,108.03428556712987,-23,9,3,5.808213514686868
812,2579801,403710.0,3395190.0,21,0,6,3,2585.0,9.2,509,0,5,403915,3395130,507,0,10,-71.5,530,205.0,-60.0,213.60009363293827,-2,106.31385242626055,-23,9,3,6.145807097572961
813,2579801,403710.0,3395190.0,21,0,6,3,2585.0,9.2,509,0,5,403830,3395205,508,0,5,-82.4,530,120.0,15.0,120.93386622447825,-1,82.8749836510982,-22,9,3,10.31036092987977
814,2579801,403710.0,3395190.0,21,0,6,3,2585.0,9.2,509,0,5,403845,3395200,508,0,5,-72.75,530,135.0,10.0,135.36986370680884,-1,85.76360520094113,-22,9,3,9.230874739733746
815,2579801,403710.0,3395190.0,21,0,6,3,2585.0,9.2,509,0,5,403870,3395165,507,0,10,-81.67,530,160.0,-25.0,161.94134740701648,-2,98.88065915052027,-23,9,3,8.083469365748048
816,2579801,403710.0,3395190.0,21,0,6,3,2585.0,9.2,509,0,5,403905,3395140,507,0,5,-77.0,530,195.0,-50.0,201.30822139197394,-2,104.38139459109061,-23,9,3,6.517932354497117
817,2579801,403710.0,3395190.0,21,0,6,3,2585.0,9.2,509,0,5,403955,3395090,507,0,5,-71.33,530,245.0,-100.0,264.62237244798484,-2,112.20347853205737,-23,9,3,4.967454014107399
818,2579801,403710.0,3395190.0,21,0,6,3,2585.0,9.2,509,0,5,403940,3395095,507,0,5,-78.17,530,230.0,-95.0,248.84734276258607,-2,112.44275336529438,-23,9,3,5.280625250030436
819,2579801,403710.0,3395190.0,21,0,6,3,2585.0,9.2,509,0,5,403780,3395255,509,0,6,-74.0,530,70.0,65.0,95.524865872714,0,47.12109639666147,-21,9,3,12.398567410734424
820,2579801,403710.0,3395190.0,21,0,6,3,2585.0,9.2,509,0,5,403840,3395195,508,0,5,-72.5,530,130.0,5.0,130.09611831257686,-1,87.79740183823418,-22,9,3,9.598239659180138
821,2579801,403710.0,3395190.0,21,0,6,3,2585.0,9.2,509,0,5,403855,3395190,508,0,10,-73.5,530,145.0,0.0,145.0,-1,90.0,-22,9,3,8.62735314406524
822,2579801,403710.0,3395190.0,21,0,6,3,2585.0,9.2,509,0,5,403885,3395160,507,0,10,-76.33,530,175.0,-30.0,177.55280904564702,-2,99.72757855140162,-23,9,3,7.380931981329876
823,2579801,403710.0,3395190.0,21,0,6,3,2585.0,9.2,509,0,5,403820,3395215,508,0,5,-86.0,530,110.0,25.0,112.80514172678478,-1,77.19573393471325,-22,9,3,11.035675641941383
824,2579801,403710.0,3395190.0,21,0,6,3,2585.0,9.2,509,0,5,403805,3395240,509,75,6,-95.43,530,95.0,50.0,107.35455276791944,0,62.24145939893998,-21,9,3,11.068068504199717
825,2579801,403710.0,3395190.0,21,0,6,3,2585.0,9.2,509,0,5,403825,3395220,508,75,5,-86.2,530,115.0,30.0,118.84864324004712,-1,75.37912601136833,-22,9,3,10.48727827008834
826,2579801,403710.0,3395190.0,21,0,6,3,2585.0,9.2,509,0,5,403860,3395175,507,0,10,-82.69,530,150.0,-15.0,150.74813431681335,-2,95.71059313749964,-23,9,3,8.67485361845586
827,2579801,403710.0,3395190.0,21,0,6,3,2585.0,9.2,509,0,5,404170,3395305,507,69,6,-96.0,530,460.0,115.0,474.157146946031,-2,75.96375653207355,-23,9,3,2.777076804743984
828,2579801,403710.0,3395190.0,21,0,6,3,2585.0,9.2,509,0,5,406535,3396695,505,0,5,-103.0,530,2825.0,1505.0,3200.88269075891,-4,61.95383658499691,-25,9,3,0.44749073965079444
829,2579801,403710.0,3395190.0,21,0,6,3,2585.0,9.2,509,0,5,403960,3395215,509,0,5,-95.5,530,250.0,25.0,251.24689052802225,0,84.28940686250036,-21,9,3,4.777854643199135
830,2579801,403710.0,3395190.0,21,0,6,3,2585.0,9.2,509,0,5,403975,3395210,510,0,5,-107.33,530,265.0,20.0,265.75364531836624,1,85.6839724801344,-20,9,3,4.303833840095825
831,2579801,403710.0,3395190.0,21,0,6,3,2585.0,9.2,509,0,5,403680,3395175,509,0,5,-88.5,530,-30.0,-15.0,33.54101966249684,0,243.43494882292202,-21,9,3,32.05064263526879
832,2579801,403710.0,3395190.0,21,0,6,3,2585.0,9.2,509,0,5,403965,3395220,509,0,5,-109.67,530,255.0,30.0,256.7586415293554,0,83.29016319224309,-21,9,3,4.675749766891121
833,2579801,403710.0,3395190.0,21,0,6,3,2585.0,9.2,509,0,5,403620,3394955,508,0,5,-84.5,530,-90.0,-235.0,251.6445906432324,-1,200.95577673063218,-22,9,3,4.996373633684355
834,2579801,403710.0,3395190.0,21,0,6,3,2585.0,9.2,509,0,5,403945,3395280,510,0,5,-108.0,530,235.0,90.0,251.6445906432324,1,69.04422326936782,-20,9,3,4.544154592295616
835,2579801,403710.0,3395190.0,21,0,6,3,2585.0,9.2,509,0,5,403870,3395255,510,0,7,-86.0,530,160.0,65.0,172.69916039170545,1,67.89055165624836,-20,9,3,6.605901144062774
836,2579801,403710.0,3395190.0,21,0,6,3,2585.0,9.2,509,0,5,403785,3395170,508,27,5,-77.5,530,75.0,-20.0,77.62087348130012,-1,104.93141717813756,-22,9,3,15.824263314125595
837,2579801,403710.0,3395190.0,21,0,6,3,2585.0,9.2,509,0,5,403820,3395125,506,0,5,-66.0,530,110.0,-65.0,127.76932339180638,-3,120.57922687248902,-24,9,3,10.638390906711626
838,2579801,403710.0,3395190.0,21,0,6,3,2585.0,9.2,509,0,5,403780,3395165,508,27,5,-72.71,530,70.0,-25.0,74.33034373659252,-1,109.65382405805332,-22,9,3,16.48749092053611
839,2579801,403710.0,3395190.0,21,0,6,3,2585.0,9.2,509,0,5,403815,3395160,506,0,5,-60.5,530,105.0,-30.0,109.20164833920778,-3,105.94539590092285,-24,9,3,12.395225515323695
840,2579801,403710.0,3395190.0,21,0,6,3,2585.0,9.2,509,0,5,403880,3395225,509,0,5,-75.0,530,170.0,35.0,173.5655495770978,0,78.36636600105953,-21,9,3,6.89878341175029
841,2579801,403710.0,3395190.0,21,0,6,3,2585.0,9.2,509,0,5,403840,3395265,509,0,5,-98.0,530,130.0,75.0,150.08331019803634,0,60.0183606311507,-21,9,3,7.9652433133769955
842,2579801,403710.0,3395190.0,21,0,6,3,2585.0,9.2,509,0,5,403800,3395145,507,27,7,-67.0,530,90.0,-45.0,100.62305898749054,-2,116.56505117707798,-23,9,3,12.87524164081009
843,2579801,403710.0,3395190.0,21,0,6,3,2585.0,9.2,509,0,5,403910,3395215,509,75,5,-104.0,530,200.0,25.0,201.55644370746373,0,82.8749836510982,-21,9,3,5.9481389567928575
844,2579801,403710.0,3395190.0,21,0,6,3,2585.0,9.2,509,0,5,403835,3395140,506,0,10,-71.17,530,125.0,-50.0,134.6291201783626,-3,111.80140948635182,-24,9,3,10.107796440742899
845,2579801,403710.0,3395190.0,21,0,6,3,2585.0,9.2,509,0,5,403770,3395195,508,0,5,-64.53,530,60.0,5.0,60.207972893961475,-1,85.23635830927384,-22,9,3,20.072309141747528
846,2579801,403710.0,3395190.0,21,0,6,3,2585.0,9.2,509,0,5,403775,3395200,508,0,5,-66.34,530,65.0,10.0,65.76473218982953,-1,81.25383773744477,-22,9,3,18.49641806204102
847,2579801,403710.0,3395190.0,21,0,6,3,2585.0,9.2,509,0,5,403795,3395180,507,0,5,-65.58,530,85.0,-10.0,85.58621384311844,-2,96.70983680775691,-23,9,3,15.041992220549767
848,2579801,403710.0,3395190.0,21,0,6,3,2585.0,9.2,509,0,5,403765,3395190,508,0,5,-74.86,530,55.0,0.0,55.0,-1,90.0,-22,9,3,21.80140948635181
849,2579801,403710.0,3395190.0,21,0,6,3,2585.0,9.2,509,0,5,403790,3395175,507,0,5,-72.0,530,80.0,-15.0,81.39410298049853,-2,100.61965527615513,-23,9,3,15.7790054577696
850,2579801,403710.0,3395190.0,21,0,6,3,2585.0,9.2,509,0,5,403760,3395185,508,0,5,-67.33,530,50.0,-5.0,50.24937810560445,-1,95.71059313749964,-22,9,3,23.6445901725916
851,2579801,403710.0,3395190.0,21,0,6,3,2585.0,9.2,509,0,5,403825,3395130,506,0,10,-75.5,530,115.0,-60.0,129.71121771072848,-3,117.55281157671777,-24,9,3,10.482680838295966
852,2579801,403710.0,3395190.0,21,0,6,3,2585.0,9.2,509,0,5,403830,3395135,506,0,10,-68.2,530,120.0,-55.0,132.00378782444085,-3,114.62356478616363,-24,9,3,10.304557108331712
853,2579801,403710.0,3395190.0,21,0,6,3,2585.0,9.2,509,0,5,403810,3395155,506,27,5,-75.25,530,100.0,-35.0,105.94810050208545,-3,109.29004621918875,-24,9,3,12.763576876958545
854,2579801,403710.0,3395190.0,21,0,6,3,2585.0,9.2,509,0,5,403840,3395005,507,0,5,-107.0,530,130.0,-185.0,226.10838109190027,-2,144.90418321297386,-23,9,3,5.808213514686868
855,2579801,403710.0,3395190.0,21,0,6,3,2585.0,9.2,509,0,5,403660,3395225,508,0,5,-92.25,530,-50.0,35.0,61.032778078668514,-1,304.99202019855863,-22,9,3,19.822308835867833
856,2579801,403710.0,3395190.0,21,0,6,3,2585.0,9.2,509,0,5,403650,3395215,508,0,5,-92.5,530,-60.0,25.0,65.0,-1,292.61986494804046,-22,9,3,18.69898280418112
857,2579801,403710.0,3395190.0,21,0,6,3,2585.0,9.2,509,0,5,403635,3395280,509,0,6,-88.33,530,-75.0,90.0,117.15374513859982,0,320.1944289077348,-21,9,3,10.16243563452379
858,2579801,403710.0,3395190.0,21,0,6,3,2585.0,9.2,509,0,5,403640,3395205,509,0,6,-84.75,530,-70.0,15.0,71.58910531638176,0,282.0947570770121,-21,9,3,16.348561463209975
859,2579801,403710.0,3395190.0,21,0,6,3,2585.0,9.2,509,0,5,404060,3395145,509,0,5,-97.83,530,350.0,-45.0,352.8809997718778,0,97.32640666016954,-21,9,3,3.4056636856686078
860,2579801,403710.0,3395190.0,21,0,6,3,2585.0,9.2,509,0,5,404070,3395155,509,0,5,-100.25,530,360.0,-35.0,361.69738732813653,0,95.55297103303678,-21,9,3,3.3228388293448767
861,2579801,403710.0,3395190.0,21,0,6,3,2585.0,9.2,509,0,5,403675,3395240,508,0,5,-85.69,530,-35.0,50.0,61.032778078668514,-1,325.00797980144137,-22,9,3,19.822308835867833
862,2579801,403710.0,3395190.0,21,0,6,3,2585.0,9.2,509,0,5,404065,3395150,509,0,5,-96.0,530,355.0,-40.0,357.24641355792505,0,96.42874774882989,-21,9,3,3.3641439553648578
863,2579801,403710.0,3395190.0,21,0,6,3,2585.0,9.2,509,0,5,403665,3395230,508,0,5,-89.0,530,-45.0,40.0,60.207972893961475,-1,311.6335393365702,-22,9,3,20.072309141747528
864,2579801,403710.0,3395190.0,21,0,6,3,2585.0,9.2,509,0,5,404050,3395135,509,0,5,-94.57,530,340.0,-55.0,344.41980198589044,0,99.18883607735876,-21,9,3,3.4891247870436275
865,2579801,403710.0,3395190.0,21,0,6,3,2585.0,9.2,509,0,5,403670,3395235,508,0,5,-85.82,530,-40.0,45.0,60.207972893961475,-1,318.3664606634298,-22,9,3,20.072309141747528
866,2579801,403710.0,3395190.0,21,0,6,3,2585.0,9.2,509,0,5,404055,3395140,509,0,5,-97.89,530,345.0,-50.0,348.60436027106715,0,98.2463208144685,-21,9,3,3.447343836655165
867,2579801,403710.0,3395190.0,21,0,6,3,2585.0,9.2,509,0,5,403655,3395220,508,0,5,-86.5,530,-55.0,30.0,62.64982043070834,-1,298.6104596659652,-22,9,3,19.349144359194277
868,2579801,403710.0,3395190.0,21,0,6,3,2585.0,9.2,509,0,5,403645,3395210,508,0,5,-90.0,530,-65.0,20.0,68.00735254367721,-1,287.10272896905235,-22,9,3,17.9261055437599
869,2579801,403710.0,3395190.0,21,0,6,3,2585.0,9.2,509,0,5,403630,3395275,509,0,6,-82.5,530,-80.0,85.0,116.72617529928752,0,316.7357045889284,-21,9,3,10.198880814038466
870,2579801,403710.0,3395190.0,21,0,6,3,2585.0,9.2,509,0,5,403625,3395270,509,0,6,-83.5,530,-85.0,80.0,116.72617529928752,0,313.2642954110716,-21,9,3,10.198880814038466
871,2579801,403710.0,3395190.0,21,0,6,3,2585.0,9.2,509,0,5,403620,3395265,509,0,6,-85.33,530,-90.0,75.0,117.15374513859982,0,309.8055710922652,-21,9,3,10.16243563452379
872,2579801,403710.0,3395190.0,21,0,6,3,2585.0,9.2,509,0,5,403755,3395240,509,0,5,-77.0,530,45.0,50.0,67.26812023536856,0,41.987212495816664,-21,9,3,17.33750455173603
873,2579801,403710.0,3395190.0,21,0,6,3,2585.0,9.2,509,0,5,403800,3395285,509,0,5,-75.0,530,90.0,95.0,130.86252328302402,0,43.451842301022054,-21,9,3,9.116741366187213
874,2579801,403710.0,3395190.0,21,0,6,3,2585.0,9.2,509,0,5,403935,3395180,509,0,5,-94.5,530,225.0,-10.0,225.22211259110415,0,92.54480437981312,-21,9,3,5.326930606301338
875,2579801,403710.0,3395190.0,21,0,6,3,2585.0,9.2,509,0,5,403690,3395255,509,0,5,-85.25,530,-20.0,65.0,68.00735254367721,0,342.89727103094765,-21,9,3,17.160172348577735
876,2579801,403710.0,3395190.0,21,0,6,3,2585.0,9.2,509,0,5,403960,3395125,508,0,5,-63.5,530,250.0,-65.0,258.3118270617898,-1,104.57421619803876,-22,9,3,4.868041077246448
877,2579801,403710.0,3395190.0,21,0,6,3,2585.0,9.2,509,0,5,403875,3395120,507,0,7,-79.88,530,165.0,-70.0,179.2344832893492,-2,112.98871680208066,-23,9,3,7.312433154411303
878,2579801,403710.0,3395190.0,21,0,6,3,2585.0,9.2,509,0,5,403870,3395115,507,87,7,-75.33,530,160.0,-75.0,176.70597047072292,-2,115.11483488614454,-23,9,3,7.415911255341029
879,2579801,403710.0,3395190.0,21,0,6,3,2585.0,9.2,509,0,5,403805,3395290,509,0,5,-87.0,530,95.0,100.0,137.93114224133723,0,43.53119928561421,-21,9,3,8.656795876917561
880,2579801,403710.0,3395190.0,21,0,6,3,2585.0,9.2,509,0,5,403735,3395220,509,0,5,-75.4,530,25.0,30.0,39.05124837953327,0,39.80557109226521,-21,9,3,28.269359295540557
881,2579801,403710.0,3395190.0,21,0,6,3,2585.0,9.2,509,0,5,403685,3395250,508,0,5,-85.23,530,-25.0,60.0,65.0,-1,337.3801350519596,-22,9,3,18.69898280418112
882,2579801,403710.0,3395190.0,21,0,6,3,2585.0,9.2,509,0,5,403680,3395245,508,0,5,-85.8,530,-30.0,55.0,62.64982043070834,-1,331.3895403340348,-22,9,3,19.349144359194277
883,2579801,403710.0,3395190.0,21,0,6,3,2585.0,9.2,509,0,5,403750,3395235,509,0,5,-73.4,530,40.0,45.0,60.207972893961475,0,41.63353933657021,-21,9,3,19.228312757030942
884,2579801,403710.0,3395190.0,21,0,6,3,2585.0,9.2,509,0,5,403725,3395210,509,0,5,-71.5,530,15.0,20.0,25.0,0,36.86989764584405,-21,9,3,40.0302592718897
885,2579801,403710.0,3395190.0,21,0,6,3,2585.0,9.2,509,0,5,403740,3395225,509,0,5,-71.18,530,30.0,35.0,46.09772228646444,0,40.60129464500449,-21,9,3,24.4918253884744
886,2579801,403710.0,3395190.0,21,0,6,3,2585.0,9.2,509,0,5,403880,3395045,506,0,10,-101.5,530,170.0,-145.0,223.4390297150433,-3,130.46222749209335,-24,9,3,6.13074048555688
887,2579801,403710.0,3395190.0,21,0,6,3,2585.0,9.2,509,0,5,403810,3395295,509,0,10,-82.5,530,100.0,105.0,145.0,0,43.60281897270363,-21,9,3,8.24071182970788
888,2579801,403710.0,3395190.0,21,0,6,3,2585.0,9.2,509,0,5,403745,3395230,509,0,5,-73.44,530,35.0,40.0,53.150729063673246,0,41.18592516570965,-21,9,3,21.559113043937753
889,2579801,403710.0,3395190.0,21,0,6,3,2585.0,9.2,509,0,5,403980,3395145,510,75,6,-96.5,530,270.0,-45.0,273.72431386341987,1,99.46232220802563,-20,9,3,4.17895969437504
890,2579801,403710.0,3395190.0,21,0,6,3,2585.0,9.2,509,0,5,403310,3395470,509,0,5,-89.5,530,-400.0,280.0,488.2622246293481,0,304.99202019855863,-21,9,3,2.46275509025686
891,2579801,403710.0,3395190.0,21,0,6,3,2585.0,9.2,509,0,5,403335,3395485,509,0,7,-96.5,530,-375.0,295.0,477.12681752339176,0,308.1909498203866,-21,9,3,2.520158750332517
892,2579801,403710.0,3395190.0,21,0,6,3,2585.0,9.2,509,0,5,403820,3395265,509,0,5,-94.4,530,110.0,75.0,133.13526955694348,0,55.713123022791024,-21,9,3,8.963658246502053
893,2579801,403710.0,3395190.0,21,0,6,3,2585.0,9.2,509,0,5,403720,3395325,508,0,5,-85.0,530,10.0,135.0,135.36986370680884,-1,4.236394799058814,-22,9,3,9.230874739733746
894,2579801,403710.0,3395190.0,21,0,6,3,2585.0,9.2,509,0,5,403845,3395130,506,87,5,-72.67,530,135.0,-60.0,147.73286702694156,-3,113.9624889745782,-24,9,3,9.227395818696502
895,2579801,403710.0,3395190.0,21,0,6,3,2585.0,9.2,509,0,5,403805,3395250,509,0,6,-101.6,530,95.0,60.0,112.36102527122117,0,57.72435568542238,-21,9,3,10.586305935598704
896,2579801,403710.0,3395190.0,21,0,6,3,2585.0,9.2,509,0,5,403710,3395315,509,0,6,-86.33,530,0.0,125.0,125.0,0,0.0,-21,9,3,9.536635758459411
897,2579801,403710.0,3395190.0,21,0,6,3,2585.0,9.2,509,0,5,403785,3395230,509,0,12,-70.24,530,75.0,40.0,85.0,0,61.927513064147035,-21,9,3,13.877529803208008
898,2579801,403710.0,3395190.0,21,0,6,3,2585.0,9.2,509,0,5,403860,3395145,506,0,5,-73.63,530,150.0,-45.0,156.60459763365824,-3,106.69924423399362,-24,9,3,8.712915410405545
899,2579801,403710.0,3395190.0,21,0,6,3,2585.0,9.2,509,0,5,403705,3395310,509,0,6,-85.0,530,-5.0,120.0,120.10412149464314,0,357.6140559696112,-21,9,3,9.91781111670944
900,2579801,403710.0,3395190.0,21,0,6,3,2585.0,9.2,509,0,5,403895,3395180,508,75,5,-82.5,530,185.0,-10.0,185.27007313648906,-1,93.09405805891708,-22,9,3,6.771909541438661
901,2579801,403710.0,3395190.0,21,0,6,3,2585.0,9.2,509,0,5,403885,3395170,507,0,10,-80.75,530,175.0,-20.0,176.13914953808538,-2,96.51980175165698,-23,9,3,7.439508969175232
902,2579801,403710.0,3395190.0,21,0,6,3,2585.0,9.2,509,0,5,403875,3395160,507,0,10,-73.4,530,165.0,-30.0,167.70509831248424,-2,100.30484646876602,-23,9,3,7.809141236705104
903,2579801,403710.0,3395190.0,21,0,6,3,2585.0,9.2,509,0,5,403890,3395175,507,0,5,-69.0,530,180.0,-15.0,180.62391868188442,-2,94.76364169072616,-23,9,3,7.256784747852842
904,2579801,403710.0,3395190.0,21,0,6,3,2585.0,9.2,509,0,5,403795,3395240,509,75,6,-79.0,530,85.0,50.0,98.6154146165801,0,59.53445508054011,-21,9,3,12.021481401773094
905,2579801,403710.0,3395190.0,21,0,6,3,2585.0,9.2,509,0,5,403810,3395255,509,0,5,-98.5,530,100.0,65.0,119.26860441876563,0,56.97613244420336,-21,9,3,9.985895021387021
906,2579801,403710.0,3395190.0,21,0,6,3,2585.0,9.2,509,0,5,403770,3395215,509,0,12,-68.97,530,60.0,25.0,65.0,0,67.38013505195954,-21,9,3,17.9044475062482
907,2579801,403710.0,3395190.0,21,0,6,3,2585.0,9.2,509,0,5,403975,3395100,508,0,5,-76.5,530,265.0,-90.0,279.8660393831306,-1,108.75865034784226,-22,9,3,4.494723088413146
908,2579801,403710.0,3395190.0,21,0,6,3,2585.0,9.2,509,0,5,403870,3395155,507,0,5,-74.63,530,160.0,-35.0,163.783393541592,-2,102.33908727832619,-23,9,3,7.993737568508646
909,2579801,403710.0,3395190.0,21,0,6,3,2585.0,9.2,509,0,5,403980,3395105,508,0,5,-62.67,530,270.0,-85.0,283.0635970943632,-1,107.47477425625567,-22,9,3,4.444154120959566
910,2579801,403710.0,3395190.0,21,0,6,3,2585.0,9.2,509,0,5,403775,3395220,509,0,12,-66.87,530,65.0,30.0,71.58910531638176,0,65.22485943116806,-21,9,3,16.348561463209975
911,2579801,403710.0,3395190.0,21,0,6,3,2585.0,9.2,509,0,5,403765,3395210,509,0,5,-68.5,530,55.0,20.0,58.52349955359813,0,70.01689347810003,-21,9,3,19.739520259871156
912,2579801,403710.0,3395190.0,21,0,6,3,2585.0,9.2,509,0,5,403800,3395245,509,75,6,-84.0,530,90.0,55.0,105.47511554864494,0,58.57043438516149,-21,9,3,11.260291115046995
913,2579801,403710.0,3395190.0,21,0,6,3,2585.0,9.2,509,0,5,403760,3395205,509,0,5,-66.0,530,50.0,15.0,52.20153254455275,0,73.30075576600638,-21,9,3,21.91428388195269
914,2579801,403710.0,3395190.0,21,0,6,3,2585.0,9.2,509,0,5,403865,3395150,506,0,5,-74.73,530,155.0,-40.0,160.0781059358212,-3,104.47029410006587,-24,9,3,8.526664444024707
915,2579801,403710.0,3395190.0,21,0,6,3,2585.0,9.2,509,0,5,403985,3395110,509,0,5,-68.67,530,275.0,-80.0,286.40006983239374,0,106.2201936956028,-21,9,3,4.19365114248427
916,2579801,403710.0,3395190.0,21,0,6,3,2585.0,9.2,509,0,5,403970,3395095,508,0,10,-77.67,530,260.0,-95.0,276.81221071332817,-1,110.07152586453873,-22,9,3,4.544102918488537
917,2579801,403710.0,3395190.0,21,0,6,3,2585.0,9.2,509,0,5,403680,3395285,509,0,6,-88.25,530,-30.0,95.0,99.62429422585637,0,342.4744316262771,-21,9,3,11.903231462874002
918,2579801,403710.0,3395190.0,21,0,6,3,2585.0,9.2,509,0,5,403960,3395085,507,0,5,-78.0,530,250.0,-105.0,271.15493725912495,-2,112.78240573048168,-23,9,3,4.848357396620134
919,2579801,403710.0,3395190.0,21,0,6,3,2585.0,9.2,509,0,5,403790,3395235,509,75,13,-76.5,530,80.0,45.0,91.7877987534291,0,60.64224645720873,-21,9,3,12.886825030699429
920,2579801,403710.0,3395190.0,21,0,6,3,2585.0,9.2,509,0,5,403855,3395140,506,0,7,-71.4,530,145.0,-50.0,153.37861650177967,-3,109.0256060375687,-24,9,3,8.893272563360146
921,2579801,403710.0,3395190.0,21,0,6,3,2585.0,9.2,509,0,5,403910,3395195,508,0,5,-99.13,530,200.0,5.0,200.06249023742558,-1,88.56790381583534,-22,9,3,6.275353398174761
922,2579801,403710.0,3395190.0,21,0,6,3,2585.0,9.2,509,0,5,403815,3395260,509,0,5,-99.17,530,105.0,70.0,126.19429464123962,0,56.30993247402023,-21,9,3,9.448016435202305
923,2579801,403710.0,3395190.0,21,0,6,3,2585.0,9.2,509,0,5,403880,3395165,507,0,10,-75.29,530,170.0,-25.0,171.82840277439584,-2,98.36588612403261,-23,9,3,7.623978812081749
924,2579801,403710.0,3395190.0,21,0,6,3,2585.0,9.2,509,0,5,403965,3395090,507,0,10,-82.25,530,255.0,-100.0,273.9069184960467,-2,111.41296947487177,-23,9,3,4.799874004548819
925,2579801,403710.0,3395190.0,21,0,6,3,2585.0,9.2,509,0,5,403840,3395125,506,0,5,-77.0,530,130.0,-65.0,145.34441853748632,-3,116.56505117707798,-24,9,3,9.37635822060647
926,2579801,403710.0,3395190.0,21,0,6,3,2585.0,9.2,509,0,5,403780,3395225,509,0,12,-67.56,530,70.0,35.0,78.26237921249263,0,63.434948822922024,-21,9,3,15.020256666513818
927,2579801,403710.0,3395190.0,21,0,6,3,2585.0,9.2,509,0,5,404210,3395085,506,0,5,-95.0,530,500.0,-105.0,510.9060579010588,-3,101.85977912094802,-24,9,3,2.689513177956001
928,2579801,403710.0,3395190.0,21,0,6,3,2585.0,9.2,509,0,5,403320,3395495,509,0,7,-86.5,530,-390.0,305.0,495.1009997970111,0,308.02723071397355,-21,9,3,2.428778349214665
929,2579801,403710.0,3395190.0,21,0,6,3,2585.0,9.2,509,0,5,403510,3395345,509,0,5,-99.5,530,-200.0,155.0,253.03161857759991,0,307.77568430595466,-21,9,3,4.744308994274673
930,2579801,403710.0,3395190.0,21,0,6,3,2585.0,9.2,509,0,5,403315,3395470,509,0,7,-90.0,530,-395.0,280.0,484.1745553000488,0,305.33133133891636,-21,9,3,2.483521105906343
931,2579801,403710.0,3395190.0,21,0,6,3,2585.0,9.2,509,0,5,403930,3395135,508,0,10,-65.0,530,220.0,-55.0,226.77080940897133,-1,104.03624346792651,-22,9,3,5.541166443639222
932,2579801,403710.0,3395190.0,21,0,6,3,2585.0,9.2,509,0,5,403895,3395100,506,87,7,-63.0,530,185.0,-90.0,205.73040611440985,-3,115.9422954898717,-24,9,3,6.653908301521661
933,2579801,403710.0,3395190.0,21,0,6,3,2585.0,9.2,509,0,5,403920,3395125,507,0,10,-75.0,530,210.0,-65.0,219.82947936980608,-2,107.19854122006586,-23,9,3,5.972928347200012
934,2579801,403710.0,3395190.0,21,0,6,3,2585.0,9.2,509,0,5,403910,3395115,507,0,5,-67.0,530,200.0,-75.0,213.60009363293827,-2,110.55604521958344,-23,9,3,6.145807097572961
935,2579801,403710.0,3395190.0,21,0,6,3,2585.0,9.2,509,0,5,403905,3395110,506,0,7,-83.67,530,195.0,-80.0,210.77238908357992,-3,112.30620505490765,-24,9,3,6.4961141118724735
936,2579801,403710.0,3395190.0,21,0,6,3,2585.0,9.2,509,0,5,403900,3395105,506,0,7,-78.5,530,190.0,-85.0,208.1465829649865,-3,114.10223450116115,-24,9,3,6.577350084914566
937,2579801,403710.0,3395190.0,21,0,6,3,2585.0,9.2,509,0,5,403915,3395120,507,0,5,-81.6,530,205.0,-70.0,216.6217902243447,-2,108.8531587644191,-23,9,3,6.060720649017619
938,2579801,403710.0,3395190.0,21,0,6,3,2585.0,9.2,509,0,5,403955,3395160,509,0,6,-99.0,530,245.0,-30.0,246.82990094394967,0,96.98105740682979,-21,9,3,4.862947305617623
939,2579801,403710.0,3395190.0,21,0,6,3,2585.0,9.2,509,0,5,403950,3395155,509,75,6,-88.5,530,240.0,-35.0,242.53865671269807,0,98.29714496983689,-21,9,3,4.94856402942082
940,2579801,403710.0,3395190.0,21,0,6,3,2585.0,9.2,509,0,5,403860,3395065,507,0,10,-100.67,530,150.0,-125.0,195.25624189766637,-2,129.8055710922652,-23,9,3,6.718136856799148
941,2579801,403710.0,3395190.0,21,0,6,3,2585.0,9.2,509,0,5,403925,3395130,507,0,10,-69.33,530,215.0,-60.0,223.21514285549716,-2,105.59281093926631,-23,9,3,5.882972917027216
942,2579801,403710.0,3395190.0,21,0,6,3,2585.0,9.2,509,0,5,403685,3395210,509,0,5,-80.0,530,-25.0,20.0,32.01562118716424,0,308.6598082540901,-21,9,3,33.26206260697324
943,2579801,403710.0,3395190.0,21,0,6,3,2585.0,9.2,509,0,5,403690,3395215,509,0,5,-84.0,530,-20.0,25.0,32.01562118716424,0,321.3401917459099,-21,9,3,33.26206260697324
944,2579801,403710.0,3395190.0,21,0,6,3,2585.0,9.2,509,0,5,403680,3395205,509,0,5,-82.0,530,-30.0,15.0,33.54101966249684,0,296.565051177078,-21,9,3,32.05064263526879
945,2579801,403710.0,3395190.0,21,0,6,3,2585.0,9.2,509,0,5,403940,3395145,508,0,10,-71.5,530,230.0,-45.0,234.3608329051593,-1,101.07020257793937,-22,9,3,5.3627735098271865
946,2579801,403710.0,3395190.0,21,0,6,3,2585.0,9.2,509,0,5,404125,3395320,508,0,6,-107.0,530,415.0,130.0,434.8850422812907,-1,72.60667785308794,-22,9,3,2.896014803004814
947,2579801,403710.0,3395190.0,21,0,6,3,2585.0,9.2,509,0,5,403545,3395100,510,0,6,-98.5,530,-165.0,-90.0,187.94946129212502,1,241.3895403340348,-20,9,3,6.074077056589107
948,2579801,403710.0,3395190.0,21,0,6,3,2585.0,9.2,509,0,5,403620,3395175,509,0,6,-91.93,530,-90.0,-15.0,91.2414379544733,0,260.5376777919744,-21,9,3,12.96139380155953
949,2579801,403710.0,3395190.0,21,0,6,3,2585.0,9.2,509,0,5,404135,3395310,508,0,6,-100.57,530,425.0,120.0,441.61634933503086,-1,74.23281745752433,-22,9,3,2.8519459338102062
950,2579801,403710.0,3395190.0,21,0,6,3,2585.0,9.2,509,0,5,404130,3395305,508,0,6,-95.5,530,420.0,115.0,435.4595273960601,-1,74.68718163919368,-22,9,3,2.89220069241407
951,2579801,403710.0,3395190.0,21,0,6,3,2585.0,9.2,509,0,5,404070,3395205,509,0,6,-104.67,530,360.0,15.0,360.3123644839294,0,87.61405596961117,-21,9,3,3.33558287159928
952,2579801,403710.0,3395190.0,21,0,6,3,2585.0,9.2,509,0,5,404145,3395300,508,0,5,-101.33,530,435.0,110.0,448.69254506844663,-1,75.808903450976,-22,9,3,2.8070412593118697
953,2579801,403710.0,3395190.0,21,0,6,3,2585.0,9.2,509,0,5,403665,3395140,509,0,5,-84.5,530,-45.0,-50.0,67.26812023536856,0,221.98721249581664,-21,9,3,17.33750455173603
954,2579801,403710.0,3395190.0,21,0,6,3,2585.0,9.2,509,0,5,404140,3395295,508,0,5,-101.0,530,430.0,105.0,442.6341604530766,-1,76.27770286686643,-22,9,3,2.8453988419362286
955,2579801,403710.0,3395190.0,21,0,6,3,2585.0,9.2,509,0,5,403625,3395180,509,0,6,-90.14,530,-85.0,-10.0,85.58621384311844,0,263.2901631922431,-21,9,3,13.786115304788256
956,2579801,403710.0,3395190.0,21,0,6,3,2585.0,9.2,509,0,5,403560,3395075,510,0,6,-100.11,530,-150.0,-115.0,189.01058171435798,1,232.5238204386386,-20,9,3,6.0402295033725
957,2579801,403710.0,3395190.0,21,0,6,3,2585.0,9.2,509,0,5,403645,3395160,509,0,5,-86.0,530,-65.0,-30.0,71.58910531638176,0,245.22485943116806,-21,9,3,16.348561463209975
958,2579801,403710.0,3395190.0,21,0,6,3,2585.0,9.2,509,0,5,403630,3395165,509,0,5,-89.2,530,-80.0,-25.0,83.81527307120105,0,252.64597536373867,-21,9,3,14.065952219915578
959,2579801,403710.0,3395190.0,21,0,6,3,2585.0,9.2,509,0,5,403610,3395185,509,0,6,-91.3,530,-100.0,-5.0,100.12492197250393,0,267.1375947738883,-21,9,3,11.845400429917285
960,2579801,403710.0,3395190.0,21,0,6,3,2585.0,9.2,509,0,5,403640,3395155,509,0,5,-90.0,530,-70.0,-35.0,78.26237921249263,0,243.43494882292202,-21,9,3,15.020256666513818
961,2579801,403710.0,3395190.0,21,0,6,3,2585.0,9.2,509,0,5,403605,3395200,510,0,6,-89.2,530,-105.0,10.0,105.47511554864494,1,275.4403320310055,-20,9,3,10.736851458406067
962,2579801,403710.0,3395190.0,21,0,6,3,2585.0,9.2,509,0,5,403615,3395190,509,0,6,-91.33,530,-95.0,0.0,95.0,0,270.0,-21,9,3,12.46493284206499
963,2579801,403710.0,3395190.0,21,0,6,3,2585.0,9.2,509,0,5,403635,3395170,509,0,5,-88.83,530,-75.0,-20.0,77.62087348130012,0,255.06858282186244,-21,9,3,15.138717419241116
964,2579801,403710.0,3395190.0,21,0,6,3,2585.0,9.2,509,0,5,403600,3395195,510,0,6,-91.25,530,-110.0,5.0,110.11357772772621,1,272.6025622024998,-20,9,3,10.294444826043298
965,2579801,403710.0,3395190.0,21,0,6,3,2585.0,9.2,509,0,5,404075,3395210,509,0,6,-106.67,530,365.0,20.0,365.54753452868476,0,86.8636416316674,-21,9,3,3.2879180573328055
966,2579801,403710.0,3395190.0,21,0,6,3,2585.0,9.2,509,0,5,403650,3395145,509,0,5,-93.0,530,-60.0,-45.0,75.0,0,233.13010235415598,-21,9,3,15.642246457208728
967,2579801,403710.0,3395190.0,21,0,6,3,2585.0,9.2,509,0,5,403555,3395090,510,0,7,-98.25,530,-155.0,-100.0,184.45866745696716,1,237.17145820858747,-20,9,3,6.188142481353524
968,2579801,403710.0,3395190.0,21,0,6,3,2585.0,9.2,509,0,5,404225,3395060,506,0,5,-83.75,530,515.0,-130.0,531.1544031635245,-3,104.16705552263119,-24,9,3,2.587127250060036
969,2579801,403710.0,3395190.0,21,0,6,3,2585.0,9.2,509,0,5,404230,3395045,506,99,5,-89.0,530,520.0,-145.0,539.8379386445529,-3,105.58092384825159,-24,9,3,2.545567334775543
970,2579801,403710.0,3395190.0,21,0,6,3,2585.0,9.2,509,0,5,403350,3395445,509,0,7,-93.5,530,-360.0,255.0,441.16323509558225,0,305.3112134396332,-21,9,3,2.725303750932892
971,2579801,403710.0,3395190.0,21,0,6,3,2585.0,9.2,509,0,5,403320,3395475,509,0,7,-90.5,530,-390.0,285.0,483.03726564313854,0,306.15818543980834,-21,9,3,2.4893610981304626
972,2579801,403710.0,3395190.0,21,0,6,3,2585.0,9.2,509,0,5,403355,3395450,509,0,7,-92.5,530,-355.0,260.0,440.028408173836,0,306.2188372656145,-21,9,3,2.7323216326135045
973,2579801,403710.0,3395190.0,21,0,6,3,2585.0,9.2,509,0,5,404215,3395070,506,0,10,-88.0,530,505.0,-120.0,519.0616533707725,-3,103.36693069631684,-24,9,3,2.6473156311953137
974,2579801,403710.0,3395190.0,21,0,6,3,2585.0,9.2,509,0,5,403335,3395470,509,0,7,-92.33,530,-375.0,280.0,468.0010683748489,0,306.7474709528639,-21,9,3,2.5692351628231602
975,2579801,403710.0,3395190.0,21,0,6,3,2585.0,9.2,509,0,5,403680,3395215,509,0,5,-83.33,530,-30.0,25.0,39.05124837953327,0,309.8055710922652,-21,9,3,28.269359295540557
976,2579801,403710.0,3395190.0,21,0,6,3,2585.0,9.2,509,0,5,403860,3395075,507,0,10,-103.0,530,150.0,-115.0,189.01058171435798,-2,127.47617956136139,-23,9,3,6.938001147546482
977,2579801,403710.0,3395190.0,21,0,6,3,2585.0,9.2,509,0,5,403725,3395260,509,0,5,-92.0,530,15.0,70.0,71.58910531638176,0,12.094757077012105,-21,9,3,16.348561463209975
978,2579801,403710.0,3395190.0,21,0,6,3,2585.0,9.2,509,0,5,403715,3395230,509,0,5,-75.5,530,5.0,40.0,40.311288741492746,0,7.125016348901795,-21,9,3,27.51707508464421
979,2579801,403710.0,3395190.0,21,0,6,3,2585.0,9.2,509,0,5,403925,3395140,507,0,5,-72.57,530,215.0,-50.0,220.73740054644117,-2,103.09189306434683,-23,9,3,5.948537448060724
980,2579801,403710.0,3395190.0,21,0,6,3,2585.0,9.2,509,0,5,403905,3395120,507,0,5,-76.8,530,195.0,-70.0,207.18349355100662,-2,109.7468366054261,-23,9,3,6.334622176351813
981,2579801,403710.0,3395190.0,21,0,6,3,2585.0,9.2,509,0,5,403900,3395115,507,0,7,-81.0,530,190.0,-75.0,204.26698215815497,-2,111.54097591853844,-23,9,3,6.424316617662862
982,2579801,403710.0,3395190.0,21,0,6,3,2585.0,9.2,509,0,5,403880,3395095,506,0,7,-80.33,530,170.0,-95.0,194.74342094150447,-3,119.19748604606445,-24,9,3,7.025653824569618
983,2579801,403710.0,3395190.0,21,0,6,3,2585.0,9.2,509,0,5,403910,3395105,506,0,7,-76.67,530,200.0,-85.0,217.3131381210073,-3,113.02549200852803,-24,9,3,6.302189640675559
984,2579801,403710.0,3395190.0,21,0,6,3,2585.0,9.2,509,0,5,403915,3395110,507,0,5,-79.4,530,205.0,-80.0,220.05681084665386,-2,111.31791227546154,-23,9,3,5.966802503850844
985,2579801,403710.0,3395190.0,21,0,6,3,2585.0,9.2,509,0,5,403920,3395135,507,0,10,-76.6,530,210.0,-55.0,217.0829334609241,-2,104.67639313745002,-23,9,3,6.04794155038361
986,2579801,403710.0,3395190.0,21,0,6,3,2585.0,9.2,509,0,5,403700,3395235,509,0,5,-88.5,530,-10.0,45.0,46.09772228646444,0,347.4711922908485,-21,9,3,24.4918253884744
987,2579801,403710.0,3395190.0,21,0,6,3,2585.0,9.2,509,0,5,403940,3395155,508,75,5,-79.5,530,230.0,-35.0,232.64780248263682,-1,98.65254179111474,-22,9,3,5.402027892785575
988,2579801,403710.0,3395190.0,21,0,6,3,2585.0,9.2,509,0,5,403710,3395225,509,0,5,-86.0,530,0.0,35.0,35.0,0,0.0,-21,9,3,30.96375653207352
989,2579801,403710.0,3395190.0,21,0,6,3,2585.0,9.2,509,0,5,403885,3395100,506,87,7,-81.33,530,175.0,-90.0,196.78668654154427,-3,117.2161115573075,-24,9,3,6.953423260372358
990,2579801,403710.0,3395190.0,21,0,6,3,2585.0,9.2,509,0,5,403930,3395125,507,0,10,-76.0,530,220.0,-65.0,229.40139493908924,-2,106.46001481204001,-23,9,3,5.725395613260008
991,2579801,403710.0,3395190.0,21,0,6,3,2585.0,9.2,509,0,5,403955,3395150,509,75,6,-91.5,530,245.0,-40.0,248.2438317461282,0,99.2726017772003,-21,9,3,4.835380952624596
992,2579801,403710.0,3395190.0,21,0,6,3,2585.0,9.2,509,0,5,403935,3395130,508,0,10,-70.25,530,225.0,-60.0,232.86262044390037,-1,104.93141717813756,-22,9,3,5.3970739110149895
993,2579801,403710.0,3395190.0,21,0,6,3,2585.0,9.2,509,0,5,403980,3395195,510,0,5,-114.5,530,270.0,5.0,270.04629232781554,1,88.93908830973578,-20,9,3,4.235671223939648
994,2579801,403710.0,3395190.0,21,0,6,3,2585.0,9.2,509,0,5,404575,3394765,504,0,5,-98.0,530,865.0,-425.0,963.768644437035,-5,116.16624708734116,-26,9,3,1.5453180012732193
995,2579801,403710.0,3395190.0,21,0,6,3,2585.0,9.2,509,0,5,403780,3395050,507,0,5,-93.75,530,70.0,-140.0,156.52475842498527,-2,153.43494882292202,-23,9,3,8.359312334082691
996,2579801,403710.0,3395190.0,21,0,6,3,2585.0,9.2,509,0,5,403810,3395120,507,0,5,-84.67,530,100.0,-70.0,122.06555615733703,-2,124.99202019855869,-23,9,3,10.670753574667641
997,2579801,403710.0,3395190.0,21,0,6,3,2585.0,9.2,509,0,5,403680,3395150,509,0,5,-78.33,530,-30.0,-40.0,50.0,0,216.86989764584402,-21,9,3,22.78240573048169
998,2579801,403710.0,3395190.0,21,0,6,3,2585.0,9.2,509,0,5,403755,3395175,508,0,5,-72.5,530,45.0,-15.0,47.43416490252569,-1,108.43494882292202,-22,9,3,24.881904412572972
999,2579801,403710.0,3395190.0,21,0,6,3,2585.0,9.2,509,0,5,403775,3395075,507,0,5,-101.67,530,65.0,-115.0,132.09844813622905,-2,150.52411099675425,-23,9,3,9.876902852197315
1000,2579801,403710.0,3395190.0,21,0,6,3,2585.0,9.2,509,0,5,403750,3395180,509,0,5,-95.75,530,40.0,-10.0,41.23105625617661,0,104.03624346792651,-21,9,3,26.990872948656914
1001,2579801,403710.0,3395190.0,21,0,6,3,2585.0,9.2,509,0,5,403380,3395430,510,0,7,-93.0,530,-330.0,240.0,408.0441152620633,1,306.0273733851036,-20,9,3,2.8060673289633726
1002,2579801,403710.0,3395190.0,21,0,6,3,2585.0,9.2,509,0,5,403385,3395425,510,0,5,-87.0,530,-325.0,235.0,401.06109260310956,1,305.86982351772133,-20,9,3,2.854844667704537
1003,2579801,403710.0,3395190.0,21,0,6,3,2585.0,9.2,509,0,5,403420,3395390,510,0,5,-90.0,530,-290.0,200.0,352.27829907617075,1,304.59228868750995,-20,9,3,3.2493820776777516
1004,2579801,403710.0,3395190.0,21,0,6,3,2585.0,9.2,509,0,5,403435,3395395,509,0,5,-90.0,530,-275.0,205.0,343.0014577228499,0,306.7028550301631,-21,9,3,3.5035167922035386
1005,2579801,403710.0,3395190.0,21,0,6,3,2585.0,9.2,509,0,5,403430,3395400,510,0,5,-93.0,530,-280.0,210.0,350.0,1,306.86989764584405,-20,9,3,3.2704879231835653
1006,2579801,403710.0,3395190.0,21,0,6,3,2585.0,9.2,509,0,5,403375,3395415,510,0,7,-85.0,530,-335.0,225.0,403.54677547962143,1,303.8869594640517,-20,9,3,2.8372888161978325
1007,2579801,403710.0,3395190.0,21,0,6,3,2585.0,9.2,509,0,5,403380,3395425,510,0,7,-94.67,530,-330.0,235.0,405.123437979093,1,305.45547443444184,-20,9,3,2.8262645720131387
1008,2579801,403710.0,3395190.0,21,0,6,3,2585.0,9.2,509,0,5,403430,3395395,510,0,5,-93.5,530,-280.0,205.0,347.02305398921266,1,306.20945681718604,-20,9,3,3.298482200497938
1009,2579801,403710.0,3395190.0,21,0,6,3,2585.0,9.2,509,0,5,404260,3395025,506,0,5,-109.5,530,550.0,-165.0,574.2168579900803,-3,106.69924423399362,-24,9,3,2.3933446096553945
1010,2579801,403710.0,3395190.0,21,0,6,3,2585.0,9.2,509,0,5,403645,3395255,508,0,7,-96.5,530,-65.0,65.0,91.92388155425118,-1,315.0,-22,9,3,13.45934627582538
1011,2579801,403710.0,3395190.0,21,0,6,3,2585.0,9.2,509,0,5,403630,3395230,509,0,7,-88.0,530,-80.0,40.0,89.44271909999159,0,296.565051177078,-21,9,3,13.21299281082076
1012,2579801,403710.0,3395190.0,21,0,6,3,2585.0,9.2,509,0,5,403600,3395220,510,0,6,-85.5,530,-110.0,30.0,114.0175425099138,1,285.25511870305775,-20,9,3,9.949126297159781
1013,2579801,403710.0,3395190.0,21,0,6,3,2585.0,9.2,509,0,5,403625,3395235,509,0,6,-88.0,530,-85.0,45.0,96.17692030835673,0,297.89727103094765,-21,9,3,12.31708264110538
1014,2579801,403710.0,3395190.0,21,0,6,3,2585.0,9.2,509,0,5,403635,3395225,509,0,6,-87.25,530,-75.0,35.0,82.76472678623425,0,295.01689347810003,-21,9,3,14.237277016056842
1015,2579801,403710.0,3395190.0,21,0,6,3,2585.0,9.2,509,0,5,403615,3395205,509,0,7,-90.75,530,-95.0,15.0,96.17692030835673,0,278.9726266148964,-21,9,3,12.31708264110538
1016,2579801,403710.0,3395190.0,21,0,6,3,2585.0,9.2,509,0,5,403610,3395210,509,0,6,-86.6,530,-100.0,20.0,101.9803902718557,0,281.30993247402023,-21,9,3,11.635810024788308
1017,2579801,403710.0,3395190.0,21,0,6,3,2585.0,9.2,509,0,5,403620,3395240,509,0,6,-85.8,530,-90.0,50.0,102.95630140987001,0,299.05460409907715,-21,9,3,11.528481890843281
1018,2579801,403710.0,3395190.0,21,0,6,3,2585.0,9.2,509,0,5,404335,3394805,505,0,12,-93.5,530,625.0,-385.0,734.0640299047488,-4,121.63306930368316,-25,9,3,1.9505669994180714
1019,2579801,403710.0,3395190.0,21,0,6,3,2585.0,9.2,509,0,5,404075,3395185,509,0,5,-99.3,530,365.0,-5.0,365.0342449688796,0,90.78482460299188,-21,9,3,3.2925311687787
1020,2579801,403710.0,3395190.0,21,0,6,3,2585.0,9.2,509,0,5,404055,3395165,510,0,6,-101.5,530,345.0,-25.0,345.90461112855957,1,94.14462374110428,-20,9,3,3.3091238009294304
1021,2579801,403710.0,3395190.0,21,0,6,3,2585.0,9.2,509,0,5,404070,3395190,509,0,6,-100.55,530,360.0,0.0,360.0,0,90.0,-21,9,3,3.3384705437643523
1022,2579801,403710.0,3395190.0,21,0,6,3,2585.0,9.2,509,0,5,404065,3395195,509,0,6,-105.33,530,355.0,5.0,355.0352095215346,0,89.19307054489764,-21,9,3,3.385047696554847
1023,2579801,403710.0,3395190.0,21,0,6,3,2585.0,9.2,509,0,5,403655,3395245,508,0,6,-88.0,530,-55.0,55.0,77.78174593052023,-1,315.0,-22,9,3,15.793169048263962
1024,2579801,403710.0,3395190.0,21,0,6,3,2585.0,9.2,509,0,5,403670,3395270,509,0,6,-90.0,530,-40.0,80.0,89.44271909999159,0,333.434948822922,-21,9,3,13.21299281082076
1025,2579801,403710.0,3395190.0,21,0,6,3,2585.0,9.2,509,0,5,403640,3395260,509,0,7,-88.0,530,-70.0,70.0,98.99494936611666,0,315.0,-21,9,3,11.976725812374069
1026,2579801,403710.0,3395190.0,21,0,6,3,2585.0,9.2,509,0,5,403605,3395215,510,0,6,-88.5,530,-105.0,25.0,107.93516572461452,1,283.3924977537511,-20,9,3,10.497638961374637
1027,2579801,403710.0,3395190.0,21,0,6,3,2585.0,9.2,509,0,5,404500,3394780,505,0,13,-94.0,530,790.0,-410.0,890.0561780022653,-4,117.42874122167757,-25,9,3,1.6089074030220232
1028,2579801,403710.0,3395190.0,21,0,6,3,2585.0,9.2,509,0,5,403595,3395260,510,0,6,-94.0,530,-115.0,70.0,134.6291201783626,1,301.32869286780414,-20,9,3,8.449849157186682
1029,2579801,403710.0,3395190.0,21,0,6,3,2585.0,9.2,509,0,5,403535,3395240,510,6,5,-99.5,530,-175.0,50.0,182.00274723201295,1,285.94539590092285,-20,9,3,6.2709835451627045
1030,2579801,403710.0,3395190.0,21,0,6,3,2585.0,9.2,509,0,5,403995,3395020,505,0,5,-83.67,530,285.0,-170.0,331.85087012090236,-4,120.81570575172918,-25,9,3,4.308242098184339
1031,2579801,403710.0,3395190.0,21,0,6,3,2585.0,9.2,509,0,5,404045,3395110,508,0,6,-79.33,530,335.0,-80.0,344.41980198589044,-1,103.43102887068164,-22,9,3,3.6548334371290174
1032,2579801,403710.0,3395190.0,21,0,6,3,2585.0,9.2,509,0,5,404040,3395105,508,0,6,-72.0,530,330.0,-85.0,340.77118422777477,-1,104.44403572449221,-22,9,3,3.6938577612101406
1033,2579801,403710.0,3395190.0,21,0,6,3,2585.0,9.2,509,0,5,404055,3395120,509,0,5,-84.67,530,345.0,-70.0,352.02982828163863,0,101.4695303328669,-21,9,3,3.4138787738526544
1034,2579801,403710.0,3395190.0,21,0,6,3,2585.0,9.2,509,0,5,403590,3395210,510,0,6,-93.5,530,-120.0,20.0,121.6552506059644,1,279.4623222080256,-20,9,3,9.335859032003938
1035,2579801,403710.0,3395190.0,21,0,6,3,2585.0,9.2,509,0,5,404025,3395095,508,0,5,-73.33,530,315.0,-95.0,329.013677527242,-1,106.7826441452707,-22,9,3,3.825474829312761
1036,2579801,403710.0,3395190.0,21,0,6,3,2585.0,9.2,509,0,5,404095,3395185,509,0,5,-100.5,530,385.0,-5.0,385.0324661635691,0,90.7440592028887,-21,9,3,3.1218677230022687
1037,2579801,403710.0,3395190.0,21,0,6,3,2585.0,9.2,509,0,5,404030,3395090,508,0,5,-73.22,530,320.0,-100.0,335.2610922848042,-1,107.35402463626133,-22,9,3,3.754394916509256
1038,2579801,403710.0,3395190.0,21,0,6,3,2585.0,9.2,509,0,5,404080,3395200,509,0,5,-99.5,530,370.0,10.0,370.1351104664349,0,88.45184230102205,-21,9,3,3.2472542770015247
1039,2579801,403710.0,3395190.0,21,0,6,3,2585.0,9.2,509,0,5,404010,3395110,509,0,6,-81.0,530,300.0,-80.0,310.4834939252005,0,104.93141717813756,-21,9,3,3.8693896470060585
1040,2579801,403710.0,3395190.0,21,0,6,3,2585.0,9.2,509,0,5,403810,3395290,509,0,10,-93.67,530,100.0,100.0,141.4213562373095,0,45.0,-21,9,3,8.446269977482084
1041,2579801,403710.0,3395190.0,21,0,6,3,2585.0,9.2,509,0,5,403885,3395055,506,0,10,-90.67,530,175.0,-135.0,221.02036105300343,-3,127.64762064010768,-24,9,3,6.197311109594022
1042,2579801,403710.0,3395190.0,21,0,6,3,2585.0,9.2,509,0,5,403815,3395285,509,75,10,-95.5,530,105.0,95.0,141.59802258506295,0,47.862405226111775,-21,9,3,8.435883623625474
1043,2579801,403710.0,3395190.0,21,0,6,3,2585.0,9.2,509,0,5,403865,3395115,506,87,7,-79.0,530,155.0,-75.0,172.19175357722565,-3,115.82099197418927,-24,9,3,7.934738652081081
1044,2579801,403710.0,3395190.0,21,0,6,3,2585.0,9.2,509,0,5,403730,3395210,509,0,5,-67.5,530,20.0,20.0,28.284271247461902,0,45.0,-21,9,3,36.5924873189136
1045,2579801,403710.0,3395190.0,21,0,6,3,2585.0,9.2,509,0,5,403870,3395110,506,87,7,-88.5,530,160.0,-80.0,178.88543819998318,-3,116.56505117707798,-24,9,3,7.641405059952685
1046,2579801,403710.0,3395190.0,21,0,6,3,2585.0,9.2,509,0,5,403700,3395280,509,0,6,-83.25,530,-10.0,90.0,90.55385138137417,0,353.6598082540901,-21,9,3,13.056451386879887
1047,2579801,403710.0,3395190.0,21,0,6,3,2585.0,9.2,509,0,5,403745,3395235,509,0,5,-70.0,530,35.0,45.0,57.0087712549569,0,37.874983651098205,-21,9,3,20.221999744460973
1048,2579801,403710.0,3395190.0,21,0,6,3,2585.0,9.2,509,0,5,403755,3395225,509,0,5,-72.18,530,45.0,35.0,57.0087712549569,0,52.125016348901795,-21,9,3,20.221999744460973
1049,2579801,403710.0,3395190.0,21,0,6,3,2585.0,9.2,509,0,5,403750,3395230,509,0,5,-71.9,530,40.0,40.0,56.568542494923804,0,45.0,-21,9,3,20.366489959327367
1050,2579801,403710.0,3395190.0,21,0,6,3,2585.0,9.2,509,0,5,403820,3395320,510,0,5,-89.0,530,110.0,130.0,170.29386365926402,1,40.23635830927384,-20,9,3,6.698363436736243
1051,2579801,403710.0,3395190.0,21,0,6,3,2585.0,9.2,509,0,5,403685,3395255,509,0,5,-88.22,530,-25.0,65.0,69.6419413859206,0,338.9624889745782,-21,9,3,16.78028733092616
1052,2579801,403710.0,3395190.0,21,0,6,3,2585.0,9.2,509,0,5,403710,3395270,509,0,5,-82.5,530,0.0,80.0,80.0,0,0.0,-21,9,3,14.708303899682749
1053,2579801,403710.0,3395190.0,21,0,6,3,2585.0,9.2,509,0,5,403680,3395260,509,0,5,-87.11,530,-30.0,70.0,76.15773105863909,0,336.8014094863518,-21,9,3,15.415848529477984
1054,2579801,403710.0,3395190.0,21,0,6,3,2585.0,9.2,509,0,5,403725,3395215,509,0,5,-71.0,530,15.0,25.0,29.154759474226502,0,30.963756532073546,-21,9,3,35.76498176851243
1055,2579801,403710.0,3395190.0,21,0,6,3,2585.0,9.2,509,0,5,403875,3395105,506,87,7,-82.0,530,165.0,-85.0,185.60711193270586,-3,117.25532837494308,-24,9,3,7.367771851098698
1056,2579801,403710.0,3395190.0,21,0,6,3,2585.0,9.2,509,0,5,403805,3395295,509,0,10,-83.2,530,95.0,105.0,141.59802258506295,0,42.13759477388828,-21,9,3,8.435883623625474
1057,2579801,403710.0,3395190.0,21,0,6,3,2585.0,9.2,509,0,5,403800,3395300,509,0,10,-79.67,530,90.0,110.0,142.12670403551894,0,39.28940686250036,-21,9,3,8.404952971432284
1058,2579801,403710.0,3395190.0,21,0,6,3,2585.0,9.2,509,0,5,404235,3395055,506,0,5,-103.5,530,525.0,-135.0,542.0793299877796,-3,104.42077312751098,-24,9,3,2.535055674464059
1059,2579801,403710.0,3395190.0,21,0,6,3,2585.0,9.2,509,0,5,404225,3395045,506,99,5,-97.0,530,515.0,-145.0,535.0233639758175,-3,105.72474572274746,-24,9,3,2.568443877151263
1060,2579801,403710.0,3395190.0,21,0,6,3,2585.0,9.2,509,0,5,403340,3395450,509,0,7,-92.8,530,-370.0,260.0,452.21676218380054,0,305.09581678702614,-21,9,3,2.6587859795966224
1061,2579801,403710.0,3395190.0,21,0,6,3,2585.0,9.2,509,0,5,404200,3395070,507,0,5,-95.33,530,490.0,-120.0,504.47993022517755,-2,103.76078511179122,-23,9,3,2.610393261644516
1062,2579801,403710.0,3395190.0,21,0,6,3,2585.0,9.2,509,0,5,404205,3395065,507,0,10,-93.0,530,495.0,-125.0,510.5389309347525,-2,104.17233770013195,-23,9,3,2.579455593151835
1063,2579801,403710.0,3395190.0,21,0,6,3,2585.0,9.2,509,0,5,403325,3395465,509,0,14,-84.0,530,-385.0,275.0,473.12788968734446,0,305.5376777919744,-21,9,3,2.5414315919118162
1064,2579801,403710.0,3395190.0,21,0,6,3,2585.0,9.2,509,0,5,403345,3395445,509,0,7,-91.5,530,-365.0,255.0,445.25273721786374,0,304.93931020467704,-21,9,3,2.700309939334712
1065,2579801,403710.0,3395190.0,21,0,6,3,2585.0,9.2,509,0,5,403750,3395020,507,0,5,-109.0,530,40.0,-170.0,174.64249196572982,-2,166.75948008481282,-23,9,3,7.502541087548018
1066,2579801,403710.0,3395190.0,21,0,6,3,2585.0,9.2,509,0,5,403745,3395005,506,75,5,-109.0,530,35.0,-185.0,188.2817038376273,-3,169.28687697720898,-24,9,3,7.264236575881614
1067,2579801,403710.0,3395190.0,21,0,6,3,2585.0,9.2,509,0,5,403610,3395080,509,0,5,-98.5,530,-100.0,-110.0,148.66068747318505,0,222.27368900609375,-21,9,3,8.04047529892008
1068,2579801,403710.0,3395190.0,21,0,6,3,2585.0,9.2,509,0,5,403595,3395175,510,0,7,-93.5,530,-115.0,-15.0,115.97413504743201,1,262.5685920288275,-20,9,3,9.784546572202213
1069,2579801,403710.0,3395190.0,21,0,6,3,2585.0,9.2,509,0,5,403585,3395165,510,0,6,-90.0,530,-125.0,-25.0,127.47548783981962,1,258.69006752597977,-20,9,3,8.916613659613638
1070,2579801,403710.0,3395190.0,21,0,6,3,2585.0,9.2,509,0,5,404130,3395280,508,0,5,-99.0,530,420.0,90.0,429.53463189829057,-1,77.9052429229879,-22,9,3,2.932025860839121
1071,2579801,403710.0,3395190.0,21,0,6,3,2585.0,9.2,509,0,5,403590,3395180,510,0,6,-90.0,530,-120.0,-10.0,120.41594578792295,1,265.23635830927384,-20,9,3,9.430225138005694
1072,2579801,403710.0,3395190.0,21,0,6,3,2585.0,9.2,509,0,5,404120,3395270,508,0,5,-105.0,530,410.0,80.0,417.73197148410844,-1,78.95905981967627,-22,9,3,3.0147170281569
1073,2579801,403710.0,3395190.0,21,0,6,3,2585.0,9.2,509,0,5,403680,3395280,509,0,6,-88.5,530,-30.0,90.0,94.86832980505137,0,341.565051177078,-21,9,3,12.481691419986054
1074,2579801,403710.0,3395190.0,21,0,6,3,2585.0,9.2,509,0,5,403740,3395220,509,0,5,-72.33,530,30.0,30.0,42.42640687119285,0,45.0,-21,9,3,26.334247846853142
1075,2579801,403710.0,3395190.0,21,0,6,3,2585.0,9.2,509,0,5,403845,3395115,506,87,5,-87.0,530,135.0,-75.0,154.434452114805,-3,119.05460409907715,-24,9,3,8.833433256834843
1076,2579801,403710.0,3395190.0,21,0,6,3,2585.0,9.2,509,0,5,403855,3395105,507,0,5,-85.5,530,145.0,-85.0,168.0773631397161,-2,120.37912601136833,-23,9,3,7.792057927499927
1077,2579801,403710.0,3395190.0,21,0,6,3,2585.0,9.2,509,0,5,403710,3395250,509,0,5,-82.67,530,0.0,60.0,60.0,0,0.0,-21,9,3,19.290046219188735
1078,2579801,403710.0,3395190.0,21,0,6,3,2585.0,9.2,509,0,5,403725,3395235,509,0,5,-78.67,530,15.0,45.0,47.43416490252569,0,18.434948822922024,-21,9,3,23.879876253764905
1079,2579801,403710.0,3395190.0,21,0,6,3,2585.0,9.2,509,0,5,403950,3395170,509,0,5,-93.5,530,240.0,-20.0,240.8318915758459,0,94.76364169072616,-21,9,3,4.983458297197992
1080,2579801,403710.0,3395190.0,21,0,6,3,2585.0,9.2,509,0,5,403750,3395210,509,0,5,-67.6,530,40.0,20.0,44.721359549995796,0,63.434948822922024,-21,9,3,25.153542357903426
1081,2579801,403710.0,3395190.0,21,0,6,3,2585.0,9.2,509,0,5,403875,3395085,506,0,5,-73.5,530,165.0,-105.0,195.57607215607945,-3,122.47119229084848,-24,9,3,6.996039646506274
1082,2579801,403710.0,3395190.0,21,0,6,3,2585.0,9.2,509,0,5,403810,3395310,510,0,5,-77.5,530,100.0,120.0,156.20499351813308,1,39.80557109226521,-20,9,3,7.296275301016713
1083,2579801,403710.0,3395190.0,21,0,6,3,2585.0,9.2,509,0,5,403820,3395300,510,75,5,-81.0,530,110.0,110.0,155.56349186104046,1,45.0,-20,9,3,7.326036953152303
1084,2579801,403710.0,3395190.0,21,0,6,3,2585.0,9.2,509,0,5,404080,3395040,507,0,10,-99.5,530,370.0,-150.0,399.2492955535426,-2,112.06789956241022,-23,9,3,3.2970578633643313
1085,2579801,403710.0,3395190.0,21,0,6,3,2585.0,9.2,509,0,5,403695,3395265,509,0,5,-85.9,530,-15.0,75.0,76.48529270389177,0,348.69006752597977,-21,9,3,15.35294889462336
1086,2579801,403710.0,3395190.0,21,0,6,3,2585.0,9.2,509,0,5,403745,3395215,509,0,5,-70.36,530,35.0,25.0,43.01162633521314,0,54.462322208025626,-21,9,3,26.02348481798058
1087,2579801,403710.0,3395190.0,21,0,6,3,2585.0,9.2,509,0,5,403690,3395270,509,0,5,-85.2,530,-20.0,80.0,82.46211251235322,0,345.96375653207355,-21,9,3,14.28738865060746
1088,2579801,403710.0,3395190.0,21,0,6,3,2585.0,9.2,509,0,5,403735,3395225,509,0,5,-72.43,530,25.0,35.0,43.01162633521314,0,35.537677791974374,-21,9,3,26.02348481798058
1089,2579801,403710.0,3395190.0,21,0,6,3,2585.0,9.2,509,0,5,403755,3395205,509,0,5,-70.07,530,45.0,15.0,47.43416490252569,0,71.56505117707798,-21,9,3,23.879876253764905
1090,2579801,403710.0,3395190.0,21,0,6,3,2585.0,9.2,509,0,5,403730,3395230,509,0,5,-76.57,530,20.0,40.0,44.721359549995796,0,26.565051177077976,-21,9,3,25.153542357903426
1091,2579801,403710.0,3395190.0,21,0,6,3,2585.0,9.2,509,0,5,403865,3395095,507,0,5,-76.0,530,155.0,-95.0,181.79658962697843,-2,121.50426671920422,-23,9,3,7.210469410169787
1092,2579801,403710.0,3395190.0,21,0,6,3,2585.0,9.2,509,0,5,403915,3395045,506,0,5,-100.5,530,205.0,-145.0,251.09759058979438,-3,125.27242144859838,-24,9,3,5.459765885008702
1093,2579801,403710.0,3395190.0,21,0,6,3,2585.0,9.2,509,0,5,403945,3395175,509,0,5,-86.67,530,235.0,-15.0,235.47823678633233,0,93.65222278030637,-21,9,3,5.096168391142965
1094,2579801,403710.0,3395190.0,21,0,6,3,2585.0,9.2,509,0,5,403935,3395185,509,0,5,-92.0,530,225.0,-5.0,225.055548698538,0,91.2730300200567,-21,9,3,5.330850369709044
1095,2579801,403710.0,3395190.0,21,0,6,3,2585.0,9.2,509,0,5,403875,3395195,508,0,6,-89.33,530,165.0,5.0,165.07574019219177,-1,88.2642954110716,-22,9,3,7.591199432891378
1096,2579801,403710.0,3395190.0,21,0,6,3,2585.0,9.2,509,0,5,403820,3395230,509,75,6,-90.0,530,110.0,40.0,117.04699910719626,0,70.01689347810003,-21,9,3,10.17151028667984
1097,2579801,403710.0,3395190.0,21,0,6,3,2585.0,9.2,509,0,5,403760,3395250,509,0,5,-72.25,530,50.0,60.0,78.10249675906654,0,39.80557109226521,-21,9,3,15.049610865665473
1098,2579801,403710.0,3395190.0,21,0,6,3,2585.0,9.2,509,0,5,403790,3395280,509,0,5,-71.17,530,80.0,90.0,120.41594578792295,0,41.63353933657021,-21,9,3,9.892636376894824
1099,2579801,403710.0,3395190.0,21,0,6,3,2585.0,9.2,509,0,5,403840,3395170,507,0,10,-68.19,530,130.0,-20.0,131.52946437965906,-2,98.74616226255523,-23,9,3,9.918782605684937
1100,2579801,403710.0,3395190.0,21,0,6,3,2585.0,9.2,509,0,5,403890,3395140,507,0,10,-76.73,530,180.0,-50.0,186.81541692269406,-2,105.52411099675425,-23,9,3,7.018717276986564
1101,2579801,403710.0,3395190.0,21,0,6,3,2585.0,9.2,509,0,5,403855,3395175,507,0,10,-75.27,530,145.0,-15.0,145.7737973711325,-2,95.9061411137705,-23,9,3,8.966139702703986
1102,2579801,403710.0,3395190.0,21,0,6,3,2585.0,9.2,509,0,5,403900,3395150,507,0,5,-74.5,530,190.0,-40.0,194.164878389476,-2,101.88865803962801,-23,9,3,6.755550175844697
1103,2579801,403710.0,3395190.0,21,0,6,3,2585.0,9.2,509,0,5,403785,3395265,509,0,5,-71.71,530,75.0,75.0,106.06601717798213,0,45.0,-21,9,3,11.199149096448238
1104,2579801,403710.0,3395190.0,21,0,6,3,2585.0,9.2,509,0,5,403805,3395205,508,0,12,-61.84,530,95.0,15.0,96.17692030835673,-1,81.0273733851036,-22,9,3,12.88445820704905
1105,2579801,403710.0,3395190.0,21,0,6,3,2585.0,9.2,509,0,5,403830,3395240,509,0,5,-93.6,530,120.0,50.0,130.0,0,67.38013505195954,-21,9,3,9.176203340376144
1106,2579801,403710.0,3395190.0,21,0,6,3,2585.0,9.2,509,0,5,403945,3395105,507,0,5,-76.83,530,235.0,-85.0,249.899979991996,-2,109.88516511385546,-23,9,3,5.258506977980882
1107,2579801,403710.0,3395190.0,21,0,6,3,2585.0,9.2,509,0,5,403775,3395255,509,0,6,-73.0,530,65.0,65.0,91.92388155425118,0,45.0,-21,9,3,12.868383116154853
1108,2579801,403710.0,3395190.0,21,0,6,3,2585.0,9.2,509,0,5,403845,3395165,507,0,10,-68.2,530,135.0,-25.0,137.2953021774598,-2,100.49147701233159,-23,9,3,9.51000471365386
1109,2579801,403710.0,3395190.0,21,0,6,3,2585.0,9.2,509,0,5,403800,3395210,508,0,12,-61.72,530,90.0,20.0,92.19544457292888,-1,77.47119229084848,-22,9,3,13.421137939554741
1110,2579801,403710.0,3395190.0,21,0,6,3,2585.0,9.2,509,0,5,403895,3395135,507,0,5,-75.82,530,185.0,-55.0,193.00259065618783,-2,106.55707137563667,-23,9,3,6.795853647838316
1111,2579801,403710.0,3395190.0,21,0,6,3,2585.0,9.2,509,0,5,403815,3395215,508,0,5,-85.56,530,105.0,25.0,107.93516572461452,-1,76.60750224624888,-22,9,3,11.520562432441352
1112,2579801,403710.0,3395190.0,21,0,6,3,2585.0,9.2,509,0,5,403880,3395130,507,0,7,-81.25,530,170.0,-60.0,180.27756377319946,-2,109.44003482817618,-23,9,3,7.27057766541668
1113,2579801,403710.0,3395190.0,21,0,6,3,2585.0,9.2,509,0,5,403810,3395220,508,75,5,-81.0,530,100.0,30.0,104.4030650891055,-1,73.30075576600638,-22,9,3,11.89938174128592
1114,2579801,403710.0,3395190.0,21,0,6,3,2585.0,9.2,509,0,5,403850,3395180,507,0,10,-74.89,530,140.0,-10.0,140.356688476182,-2,94.08561677997488,-23,9,3,9.306245793920446
1115,2579801,403710.0,3395190.0,21,0,6,3,2585.0,9.2,509,0,5,403950,3395120,508,0,10,-69.0,530,240.0,-70.0,250.0,-1,106.26020470831196,-22,9,3,5.029073581785447
1116,2579801,403710.0,3395190.0,21,0,6,3,2585.0,9.2,509,0,5,403955,3395115,508,0,10,-85.6,530,245.0,-75.0,256.2225595063791,-1,107.02052561151987,-22,9,3,4.9075425506774
1117,2579801,403710.0,3395190.0,21,0,6,3,2585.0,9.2,509,0,5,403835,3395235,509,0,5,-89.75,530,125.0,45.0,132.85330255586422,0,70.20112364547509,-21,9,3,8.982372791747844
1118,2579801,403710.0,3395190.0,21,0,6,3,2585.0,9.2,509,0,5,403930,3395100,507,0,5,-71.75,530,220.0,-90.0,237.69728648009425,-2,112.24902365721238,-23,9,3,5.5268325111540735
1119,2579801,403710.0,3395190.0,21,0,6,3,2585.0,9.2,509,0,5,403885,3395125,507,0,7,-82.25,530,175.0,-65.0,186.6815470259447,-2,110.37643521383637,-23,9,3,7.023700165536428
1120,2579801,403710.0,3395190.0,21,0,6,3,2585.0,9.2,509,0,5,403780,3395270,509,0,5,-78.8,530,70.0,80.0,106.30145812734649,0,41.18592516570965,-21,9,3,11.174969693876506
1121,2579801,403710.0,3395190.0,21,0,6,3,2585.0,9.2,509,0,5,403905,3395145,507,0,5,-73.63,530,195.0,-45.0,200.124960961895,-2,102.99461679191648,-23,9,3,6.556135791186315
1122,2579801,403710.0,3395190.0,21,0,6,3,2585.0,9.2,509,0,5,403795,3395275,509,0,5,-61.5,530,85.0,85.0,120.20815280171308,0,45.0,-21,9,3,9.909398192281305
1123,2579801,403710.0,3395190.0,21,0,6,3,2585.0,9.2,509,0,5,403940,3395110,507,0,5,-80.5,530,230.0,-80.0,243.51591323771842,-2,109.17900802581073,-23,9,3,5.39556187254924
1124,2579801,403710.0,3395190.0,21,0,6,3,2585.0,9.2,509,0,5,403765,3395245,509,0,5,-71.5,530,55.0,55.0,77.78174593052023,0,45.0,-21,9,3,15.108839526355554
1125,2579801,403710.0,3395190.0,21,0,6,3,2585.0,9.2,509,0,5,403865,3395185,507,0,5,-77.33,530,155.0,-5.0,155.08062419270823,-2,91.8476102659946,-23,9,3,8.436040409891355
1126,2579801,403710.0,3395190.0,21,0,6,3,2585.0,9.2,509,0,5,403935,3395095,507,0,5,-73.67,530,225.0,-95.0,244.23349483639626,-2,112.89055165624836,-23,9,3,5.3798023370846
1127,2579801,403710.0,3395190.0,21,0,6,3,2585.0,9.2,509,0,5,403875,3395180,507,0,5,-85.67,530,165.0,-10.0,165.3027525481654,-2,93.46822925891718,-23,9,3,7.921201037476373
1128,2579801,403710.0,3395190.0,21,0,6,3,2585.0,9.2,509,0,5,403855,3395200,508,0,5,-86.0,530,145.0,10.0,145.34441853748632,-1,86.05481377096243,-22,9,3,8.607215697738132
1129,2579801,403710.0,3395190.0,21,0,6,3,2585.0,9.2,509,0,5,403835,3395220,508,75,6,-91.0,530,125.0,30.0,128.5496013218244,-1,76.50426671920417,-22,9,3,9.711525071246909
1130,2579801,403710.0,3395190.0,21,0,6,3,2585.0,9.2,509,0,5,403925,3395110,507,0,5,-80.1,530,215.0,-80.0,229.40139493908924,-2,110.40988283380398,-23,9,3,5.725395613260008
1131,2579801,403710.0,3395190.0,21,0,6,3,2585.0,9.2,509,0,5,403945,3395090,507,0,5,-71.67,530,235.0,-100.0,255.3918557824427,-2,113.051300916473,-23,9,3,5.146043247638531
1132,2579801,403710.0,3395190.0,21,0,6,3,2585.0,9.2,509,0,5,403830,3395215,508,75,5,-78.33,530,120.0,25.0,122.57650672131263,-1,78.23171106797935,-22,9,3,10.175098095531858
1133,2579801,403710.0,3395190.0,21,0,6,3,2585.0,9.2,509,0,5,403955,3395100,507,0,5,-68.67,530,245.0,-90.0,261.00766272276377,-2,110.17065341185037,-23,9,3,5.035897206173654
1134,2579801,403710.0,3395190.0,21,0,6,3,2585.0,9.2,509,0,5,403890,3395155,507,0,10,-73.5,530,180.0,-35.0,183.3712082089225,-2,101.0035408517495,-23,9,3,7.149196112095966
1135,2579801,403710.0,3395190.0,21,0,6,3,2585.0,9.2,509,0,5,403935,3395120,507,0,10,-66.14,530,225.0,-70.0,235.63743335896356,-2,107.28149837181667,-23,9,3,5.574842940566283
1136,2579801,403710.0,3395190.0,21,0,6,3,2585.0,9.2,509,0,5,403790,3395255,509,0,6,-75.3,530,80.0,65.0,103.07764064044152,0,50.9061411137705,-21,9,3,11.515273691044966
1137,2579801,403710.0,3395190.0,21,0,6,3,2585.0,9.2,509,0,5,403840,3395185,507,0,5,-67.79,530,130.0,-5.0,130.09611831257686,-2,92.20259816176582,-23,9,3,10.02585827604696
1138,2579801,403710.0,3395190.0,21,0,6,3,2585.0,9.2,509,0,5,403870,3395175,507,0,5,-77.63,530,160.0,-15.0,160.70158679988197,-2,95.3558250428552,-23,9,3,8.14499707589829
1139,2579801,403710.0,3395190.0,21,0,6,3,2585.0,9.2,509,0,5,403805,3395230,509,75,13,-84.8,530,95.0,40.0,103.07764064044152,0,67.16634582208246,-21,9,3,11.515273691044966
1140,2579801,403710.0,3395190.0,21,0,6,3,2585.0,9.2,509,0,5,403810,3395235,509,75,6,-94.0,530,100.0,45.0,109.65856099730654,0,65.77225468204585,-21,9,3,10.841087753238156
1141,2579801,403710.0,3395190.0,21,0,6,3,2585.0,9.2,509,0,5,403780,3395245,509,0,5,-69.38,530,70.0,55.0,89.02246907382428,0,51.84277341263095,-21,9,3,13.273164731713278
1142,2579801,403710.0,3395190.0,21,0,6,3,2585.0,9.2,509,0,5,403845,3395190,507,0,5,-68.36,530,135.0,0.0,135.0,-2,90.0,-23,9,3,9.668668661083636
1143,2579801,403710.0,3395190.0,21,0,6,3,2585.0,9.2,509,0,5,403860,3395165,507,0,10,-80.88,530,150.0,-25.0,152.0690632574555,-2,99.46232220802563,-23,9,3,8.60063225725022
1144,2579801,403710.0,3395190.0,21,0,6,3,2585.0,9.2,509,0,5,403815,3395240,509,0,6,-92.43,530,105.0,50.0,116.29703349613007,0,64.53665493812838,-21,9,3,10.235720969427907
1145,2579801,403710.0,3395190.0,21,0,6,3,2585.0,9.2,509,0,5,403865,3395170,507,0,10,-75.89,530,155.0,-20.0,156.28499608087785,-2,97.35237935989238,-23,9,3,8.371955027700194
1146,2579801,403710.0,3395190.0,21,0,6,3,2585.0,9.2,509,0,5,403825,3395210,508,75,5,-78.57,530,115.0,20.0,116.72617529928752,-1,80.13419305691565,-22,9,3,10.673628038220224
1147,2579801,403710.0,3395190.0,21,0,6,3,2585.0,9.2,509,0,5,403850,3395195,508,0,5,-70.56,530,140.0,5.0,140.089257261219,-1,87.95459151111277,-22,9,3,8.924991641093472
1148,2579801,403710.0,3395190.0,21,0,6,3,2585.0,9.2,509,0,5,403785,3395250,509,75,6,-70.17,530,75.0,60.0,96.04686356149273,0,51.34019174590992,-21,9,3,12.333251044177262
1149,2579801,403710.0,3395190.0,21,0,6,3,2585.0,9.2,509,0,5,403910,3395135,507,0,5,-75.13,530,200.0,-55.0,207.4246851269154,-2,105.37625124882618,-23,9,3,6.327316108497793
1150,2579801,403710.0,3395190.0,21,0,6,3,2585.0,9.2,509,0,5,403915,3395140,507,0,5,-75.75,530,205.0,-50.0,211.00947846009194,-2,103.7069610040798,-23,9,3,6.22067266948416
1151,2579801,403710.0,3395190.0,21,0,6,3,2585.0,9.2,509,0,5,403820,3395205,508,0,5,-71.08,530,110.0,15.0,111.01801655587259,-1,82.23483398157464,-22,9,3,11.208859880046855
1152,2579801,403710.0,3395190.0,21,0,6,3,2585.0,9.2,509,0,5,403975,3395080,507,0,5,-78.0,530,265.0,-110.0,286.9233347080715,-2,112.54306100005789,-23,9,3,4.583074911536443
1153,2579801,403710.0,3395190.0,21,0,6,3,2585.0,9.2,509,0,5,403885,3395150,507,0,10,-74.9,530,175.0,-40.0,179.51323071016242,-2,102.87500155961249,-23,9,3,7.301201054386674
1154,2579801,403710.0,3395190.0,21,0,6,3,2585.0,9.2,509,0,5,403895,3395160,507,0,5,-78.0,530,185.0,-30.0,187.41664813991312,-2,99.21102654081665,-23,9,3,6.996424795012263
1155,2579801,403710.0,3395190.0,21,0,6,3,2585.0,9.2,509,0,5,403900,3395125,507,0,5,-77.67,530,190.0,-65.0,200.81085628023203,-2,108.88608736970929,-23,9,3,6.533936436232045
1156,2579801,403710.0,3395190.0,21,0,6,3,2585.0,9.2,509,0,5,403720,3395305,508,0,6,-90.0,530,10.0,115.0,115.43396380615195,-1,4.96974072811031,-22,9,3,10.790322429080796
1157,2579801,403710.0,3395190.0,21,0,6,3,2585.0,9.2,509,0,5,403930,3395115,507,0,5,-74.0,530,220.0,-75.0,232.43278598338918,-2,108.82471001824007,-23,9,3,5.651211437233364
1158,2579801,403710.0,3395190.0,21,0,6,3,2585.0,9.2,509,0,5,403800,3395225,509,0,5,-71.33,530,90.0,35.0,96.56603957913983,0,68.74949449286675,-21,9,3,12.268956386884739
1159,2579801,403710.0,3395190.0,21,0,6,3,2585.0,9.2,509,0,5,403905,3395130,507,0,5,-83.0,530,195.0,-60.0,204.02205763103166,-2,107.10272896905235,-23,9,3,6.43196429292222
1160,2579801,403710.0,3395190.0,21,0,6,3,2585.0,9.2,509,0,5,403690,3395355,510,0,6,-82.0,530,-20.0,165.0,166.20770138594662,1,353.08877288097534,-20,9,3,6.861489121849566
1161,2579801,403710.0,3395190.0,21,0,6,3,2585.0,9.2,509,0,5,403795,3395260,509,0,5,-74.1,530,85.0,70.0,110.11357772772621,0,50.52754015165618,-21,9,3,10.797344886078069
1162,2579801,403710.0,3395190.0,21,0,6,3,2585.0,9.2,509,0,5,403880,3395145,507,0,10,-77.63,530,170.0,-45.0,175.85505395068975,-2,104.82647997035565,-23,9,3,7.451392617960382
1163,2579801,403710.0,3395190.0,21,0,6,3,2585.0,9.2,509,0,5,403550,3395115,510,0,6,-93.0,530,-160.0,-75.0,176.70597047072292,1,244.88516511385544,-20,9,3,6.457391912788534
1164,2579801,403710.0,3395190.0,21,0,6,3,2585.0,9.2,509,0,5,403635,3395200,509,0,6,-93.43,530,-75.0,10.0,75.66372975210778,0,277.59464336859145,-21,9,3,15.51166526616417
1165,2579801,403710.0,3395190.0,21,0,6,3,2585.0,9.2,509,0,5,404125,3395290,508,0,5,-97.0,530,415.0,100.0,426.8782027698299,-1,76.45206101199949,-22,9,3,2.9502394904622236
1166,2579801,403710.0,3395190.0,21,0,6,3,2585.0,9.2,509,0,5,404135,3395300,508,0,5,-99.67,530,425.0,110.0,439.00455578501686,-1,75.48894049983096,-22,9,3,2.868884908185745
1167,2579801,403710.0,3395190.0,21,0,6,3,2585.0,9.2,509,0,5,404145,3395310,508,0,6,-104.25,530,435.0,120.0,451.2482686947397,-1,74.57783868126131,-22,9,3,2.791168301428677
1168,2579801,403710.0,3395190.0,21,0,6,3,2585.0,9.2,509,0,5,404150,3395315,507,0,6,-103.0,530,440.0,125.0,457.4111935665764,-2,74.14063373339434,-23,9,3,2.878578386940981
1169,2579801,403710.0,3395190.0,21,0,6,3,2585.0,9.2,509,0,5,403595,3395080,509,0,5,-98.0,530,-115.0,-110.0,159.13830462839547,0,226.2730300200567,-21,9,3,7.517356417410601
1170,2579801,403710.0,3395190.0,21,0,6,3,2585.0,9.2,509,0,5,404140,3395305,508,0,5,-101.75,530,430.0,115.0,445.1123453691214,-1,75.0271242332131,-22,9,3,2.8295827611954456
1171,2579801,403710.0,3395190.0,21,0,6,3,2585.0,9.2,509,0,5,404130,3395295,508,0,5,-97.33,530,420.0,105.0,432.92609068985433,-1,75.96375653207355,-22,9,3,2.909096550332108
1172,2579801,403710.0,3395190.0,21,0,6,3,2585.0,9.2,509,0,5,403620,3395185,509,0,6,-90.5,530,-90.0,-5.0,90.13878188659973,0,266.8201698801358,-21,9,3,13.114499990921086
1173,2579801,403710.0,3395190.0,21,0,6,3,2585.0,9.2,509,0,5,403665,3395150,509,0,5,-81.5,530,-45.0,-40.0,60.207972893961475,0,228.36646066342982,-21,9,3,19.228312757030942
1174,2579801,403710.0,3395190.0,21,0,6,3,2585.0,9.2,509,0,5,403625,3395190,509,0,6,-91.0,530,-85.0,0.0,85.0,0,270.0,-21,9,3,13.877529803208008
1175,2579801,403710.0,3395190.0,21,0,6,3,2585.0,9.2,509,0,5,403610,3395175,509,0,6,-91.65,530,-100.0,-15.0,101.11874208078342,0,261.46923439005184,-21,9,3,11.732223258815262
1176,2579801,403710.0,3395190.0,21,0,6,3,2585.0,9.2,509,0,5,403615,3395180,509,0,6,-93.92,530,-95.0,-10.0,95.524865872714,0,263.99099404250546,-21,9,3,12.398567410734424
1177,2579801,403710.0,3395190.0,21,0,6,3,2585.0,9.2,509,0,5,403655,3395140,509,0,5,-83.5,530,-55.0,-50.0,74.33034373659252,0,227.72631099390625,-21,9,3,15.776183723444973
1178,2579801,403710.0,3395190.0,21,0,6,3,2585.0,9.2,509,0,5,403600,3395165,510,0,6,-91.0,530,-110.0,-25.0,112.80514172678478,1,257.19573393471325,-20,9,3,10.05388666702136
1179,2579801,403710.0,3395190.0,21,0,6,3,2585.0,9.2,509,0,5,403630,3395195,509,0,6,-92.53,530,-80.0,5.0,80.15609770940699,0,273.5763343749974,-21,9,3,14.680899090707605
1180,2579801,403710.0,3395190.0,21,0,6,3,2585.0,9.2,509,0,5,403640,3395125,509,0,5,-96.5,530,-70.0,-65.0,95.524865872714,0,227.12109639666144,-21,9,3,12.398567410734424
1181,2579801,403710.0,3395190.0,21,0,6,3,2585.0,9.2,509,0,5,403605,3395170,510,0,6,-91.75,530,-105.0,-20.0,106.88779163215975,1,259.2157021324374,-20,9,3,10.598183984868017
1182,2579801,403710.0,3395190.0,21,0,6,3,2585.0,9.2,509,0,5,404245,3395070,506,0,5,-93.0,530,535.0,-120.0,548.2928049865327,-3,102.64215232788985,-24,9,3,2.5063642465078915
1183,2579801,403710.0,3395190.0,21,0,6,3,2585.0,9.2,509,0,5,403330,3395435,509,0,7,-91.33,530,-380.0,245.0,452.133829745132,0,302.8113667980681,-21,9,3,2.6592729661771415
1184,2579801,403710.0,3395190.0,21,0,6,3,2585.0,9.2,509,0,5,403335,3395440,509,0,7,-93.0,530,-375.0,250.0,450.6939094329987,0,303.69006752597977,-21,9,3,2.6677568130527316
1185,2579801,403710.0,3395190.0,21,0,6,3,2585.0,9.2,509,0,5,403620,3395250,509,0,6,-81.0,530,-90.0,60.0,108.16653826391968,0,303.69006752597977,-21,9,3,10.987011860880278
1186,2579801,403710.0,3395190.0,21,0,6,3,2585.0,9.2,509,0,5,404065,3395125,509,0,5,-92.0,530,355.0,-65.0,360.90164865237176,0,100.37584492005107,-21,9,3,3.3301487628925956
1187,2579801,403710.0,3395190.0,21,0,6,3,2585.0,9.2,509,0,5,403655,3395235,508,0,6,-87.0,530,-55.0,45.0,71.06335201775947,-1,309.28940686250036,-22,9,3,17.201631830200096
1188,2579801,403710.0,3395190.0,21,0,6,3,2585.0,9.2,509,0,5,403635,3395255,509,0,6,-86.0,530,-75.0,65.0,99.24716620639605,0,310.9143832200251,-21,9,3,11.9471650211042
1189,2579801,403710.0,3395190.0,21,0,6,3,2585.0,9.2,509,0,5,403665,3395205,509,0,5,-86.57,530,-45.0,15.0,47.43416490252569,0,288.434948822922,-21,9,3,23.879876253764905
1190,2579801,403710.0,3395190.0,21,0,6,3,2585.0,9.2,509,0,5,404045,3395145,509,0,6,-97.33,530,335.0,-45.0,338.0088756231114,0,97.65065095535942,-21,9,3,3.5551339552428587
1191,2579801,403710.0,3395190.0,21,0,6,3,2585.0,9.2,509,0,5,403660,3395210,508,0,5,-88.36,530,-50.0,20.0,53.85164807134504,-1,291.8014094863518,-22,9,3,22.221475307820867
1192,2579801,403710.0,3395190.0,21,0,6,3,2585.0,9.2,509,0,5,404070,3395140,509,0,5,-88.0,530,360.0,-50.0,363.45563690772497,0,97.90716270295843,-21,9,3,3.3068000538667977
1193,2579801,403710.0,3395190.0,21,0,6,3,2585.0,9.2,509,0,5,403670,3395220,508,0,5,-86.36,530,-40.0,30.0,50.0,-1,306.86989764584405,-22,9,3,23.74949449286676
1194,2579801,403710.0,3395190.0,21,0,6,3,2585.0,9.2,509,0,5,403640,3395230,508,0,6,-87.0,530,-70.0,40.0,80.62257748298549,-1,299.7448812969422,-22,9,3,15.263072090786531
1195,2579801,403710.0,3395190.0,21,0,6,3,2585.0,9.2,509,0,5,403645,3395225,508,0,6,-88.73,530,-65.0,35.0,73.824115301167,-1,298.3007557660064,-22,9,3,16.594351427037324
1196,2579801,403710.0,3395190.0,21,0,6,3,2585.0,9.2,509,0,5,404055,3395155,510,0,5,-95.4,530,345.0,-35.0,346.77081768799405,1,95.79279649503218,-20,9,3,3.3008761674591884
1197,2579801,403710.0,3395190.0,21,0,6,3,2585.0,9.2,509,0,5,403650,3395240,508,0,6,-85.0,530,-60.0,50.0,78.10249675906654,-1,309.8055710922652,-22,9,3,15.731526766293738
1198,2579801,403710.0,3395190.0,21,0,6,3,2585.0,9.2,509,0,5,404060,3395130,509,0,5,-96.0,530,350.0,-60.0,355.10561809129405,0,99.72757855140162,-21,9,3,3.3843780864397623
1199,2579801,403710.0,3395190.0,21,0,6,3,2585.0,9.2,509,0,5,403745,3395205,509,0,5,-69.8,530,35.0,15.0,38.07886552931954,0,66.80140948635182,-21,9,3,28.876165224276132
1200,2579801,403710.0,3395190.0,21,0,6,3,2585.0,9.2,509,0,5,403690,3395280,509,0,6,-87.33,530,-20.0,90.0,92.19544457292888,0,347.4711922908485,-21,9,3,12.831735626424479
1201,2579801,403710.0,3395190.0,21,0,6,3,2585.0,9.2,509,0,5,403945,3395165,509,0,6,-100.0,530,235.0,-25.0,236.32604596192948,0,96.07245640720771,-21,9,3,5.07798187028799
1202,2579801,403710.0,3395190.0,21,0,6,3,2585.0,9.2,509,0,5,403815,3395315,510,0,5,-83.0,530,105.0,125.0,163.24827717314508,1,40.03025927188969,-20,9,3,6.984658781092986
1203,2579801,403710.0,3395190.0,21,0,6,3,2585.0,9.2,509,0,5,403935,3395195,509,0,5,-94.0,530,225.0,5.0,225.055548698538,0,88.7269699799433,-21,9,3,5.330850369709044
1204,2579801,403710.0,3395190.0,21,0,6,3,2585.0,9.2,509,0,5,403705,3395245,509,0,5,-80.5,530,-5.0,55.0,55.226805085936306,0,354.8055710922652,-21,9,3,20.819313204634305
1205,2579801,403710.0,3395190.0,21,0,6,3,2585.0,9.2,509,0,5,403855,3395115,506,87,7,-75.25,530,145.0,-75.0,163.24827717314508,-3,117.34987578006985,-24,9,3,8.363447091460353
1206,2579801,403710.0,3395190.0,21,0,6,3,2585.0,9.2,509,0,5,403740,3395210,509,0,5,-71.0,530,30.0,20.0,36.05551275463989,0,56.30993247402023,-21,9,3,30.218027947470084
1207,2579801,403710.0,3395190.0,21,0,6,3,2585.0,9.2,509,0,5,403805,3395305,509,0,5,-93.5,530,95.0,115.0,149.164338901763,0,39.55966796899452,-21,9,3,8.01368000003433
1208,2579801,403710.0,3395190.0,21,0,6,3,2585.0,9.2,509,0,5,403750,3395220,509,0,5,-71.74,530,40.0,30.0,50.0,0,53.13010235415595,-21,9,3,22.78240573048169
1209,2579801,403710.0,3395190.0,21,0,6,3,2585.0,9.2,509,0,5,403755,3395215,509,0,5,-68.79,530,45.0,25.0,51.478150704935004,0,60.94539590092285,-21,9,3,22.19251536963193
1210,2579801,403710.0,3395190.0,21,0,6,3,2585.0,9.2,509,0,5,403725,3395225,509,0,5,-78.5,530,15.0,35.0,38.07886552931954,0,23.198590513648185,-21,9,3,28.876165224276132
1211,2579801,403710.0,3395190.0,21,0,6,3,2585.0,9.2,509,0,5,403685,3395265,509,0,5,-83.17,530,-25.0,75.0,79.05694150420949,0,341.565051177078,-21,9,3,14.876020429940661
1212,2579801,403710.0,3395190.0,21,0,6,3,2585.0,9.2,509,0,5,403955,3395175,509,0,5,-102.29,530,245.0,-15.0,245.45875417267155,0,93.50353164478446,-21,9,3,4.889980653550876
1213,2579801,403710.0,3395190.0,21,0,6,3,2585.0,9.2,509,0,5,403875,3395095,506,0,5,-76.0,530,165.0,-95.0,190.3943276465977,-3,119.93151184050782,-24,9,3,7.184479194335673
1214,2579801,403710.0,3395190.0,21,0,6,3,2585.0,9.2,509,0,5,403895,3395075,506,0,5,-94.0,530,185.0,-115.0,217.83020910791964,-3,121.86597769360367,-24,9,3,6.2873498645350185
1215,2579801,403710.0,3395190.0,21,0,6,3,2585.0,9.2,509,0,5,403695,3395275,509,0,5,-84.67,530,-15.0,85.0,86.31338250816034,0,349.99202019855863,-21,9,3,13.674348549287606
1216,2579801,403710.0,3395190.0,21,0,6,3,2585.0,9.2,509,0,5,403990,3395140,510,0,6,-102.33,530,280.0,-50.0,284.42925306655786,1,100.12467165539783,-20,9,3,4.022204286634102
1217,2579801,403710.0,3395190.0,21,0,6,3,2585.0,9.2,509,0,5,403630,3395290,509,0,6,-83.5,530,-80.0,100.0,128.06248474865697,0,321.3401917459099,-21,9,3,9.312619701361212
1218,2579801,403710.0,3395190.0,21,0,6,3,2585.0,9.2,509,0,5,404055,3395105,508,0,6,-88.0,530,345.0,-85.0,355.31676008879737,-1,103.84069549165565,-22,9,3,3.543035958371648
1219,2579801,403710.0,3395190.0,21,0,6,3,2585.0,9.2,509,0,5,403635,3395285,509,0,6,-84.0,530,-75.0,95.0,121.03718436910205,0,321.7098368077569,-21,9,3,9.842856759017401
1220,2579801,403710.0,3395190.0,21,0,6,3,2585.0,9.2,509,0,5,404050,3395110,508,0,6,-91.67,530,340.0,-80.0,349.28498393145964,-1,103.24051991518718,-22,9,3,3.6040604766740834
1221,2579801,403710.0,3395190.0,21,0,6,3,2585.0,9.2,509,0,5,404080,3395160,509,0,5,-99.67,530,370.0,-30.0,371.2142238654117,0,94.63546342690267,-21,9,3,3.2378346777261156
1222,2579801,403710.0,3395190.0,21,0,6,3,2585.0,9.2,509,0,5,404045,3395115,508,0,6,-93.0,530,335.0,-75.0,343.29287787543745,-1,102.6193222934308,-22,9,3,3.6667984432551965
1223,2579801,403710.0,3395190.0,21,0,6,3,2585.0,9.2,509,0,5,404005,3395095,508,0,6,-74.5,530,295.0,-95.0,309.9193443462347,-1,107.8503183022168,-22,9,3,4.060399265425964
1224,2579801,403710.0,3395190.0,21,0,6,3,2585.0,9.2,509,0,5,404000,3395100,508,0,6,-72.33,530,290.0,-90.0,303.6445290137795,-1,107.24145939893998,-22,9,3,4.144018055876181
1225,2579801,403710.0,3395190.0,21,0,6,3,2585.0,9.2,509,0,5,404080,3395180,509,0,5,-107.33,530,370.0,-10.0,370.1351104664349,0,91.54815769897795,-21,9,3,3.2472542770015247
1226,2579801,403710.0,3395190.0,21,0,6,3,2585.0,9.2,509,0,5,404035,3395105,508,0,6,-84.0,530,325.0,-85.0,335.9315406448165,-1,104.65675111576041,-22,9,3,3.7469233039454277
1227,2579801,403710.0,3395190.0,21,0,6,3,2585.0,9.2,509,0,5,403395,3395415,510,0,5,-97.67,530,-315.0,225.0,387.1046370169182,1,305.5376777919744,-20,9,3,2.9575920808936726
1228,2579801,403710.0,3395190.0,21,0,6,3,2585.0,9.2,509,0,5,403390,3395420,510,0,5,-94.0,530,-320.0,230.0,394.0812099047606,1,305.7066914006029,-20,9,3,2.905323190868513
1229,2579801,403710.0,3395190.0,21,0,6,3,2585.0,9.2,509,0,5,403360,3395430,509,0,7,-97.5,530,-350.0,240.0,424.38190347845887,0,304.4389893088036,-21,9,3,2.832898206151459
1230,2579801,403710.0,3395190.0,21,0,6,3,2585.0,9.2,509,0,5,403410,3395400,510,0,12,-97.0,530,-300.0,210.0,366.1966684720111,1,304.99202019855863,-20,9,3,3.1261296439112947
1231,2579801,403710.0,3395190.0,21,0,6,3,2585.0,9.2,509,0,5,403365,3395425,509,0,7,-96.0,530,-345.0,235.0,417.43262929483603,0,304.26110289909457,-21,9,3,2.879980567468874
1232,2579801,403710.0,3395190.0,21,0,6,3,2585.0,9.2,509,0,5,403425,3395395,510,0,5,-93.0,530,-285.0,205.0,351.0697936308392,1,305.7273982227997,-20,9,3,3.260543499106328
1233,2579801,403710.0,3395190.0,21,0,6,3,2585.0,9.2,509,0,5,403390,3395430,510,0,5,-92.5,530,-320.0,240.0,400.0,1,306.86989764584405,-20,9,3,2.8624052261117474
1234,2579801,403710.0,3395190.0,21,0,6,3,2585.0,9.2,509,0,5,403420,3395400,510,0,5,-92.5,530,-290.0,210.0,358.05027579936313,1,305.9097230791777,-20,9,3,3.197109718735294
1235,2579801,403710.0,3395190.0,21,0,6,3,2585.0,9.2,509,0,5,403970,3395210,510,0,5,-104.0,530,260.0,20.0,260.76809620810593,1,85.60129464500449,-20,9,3,4.385799530775009
1236,2579801,403710.0,3395190.0,21,0,6,3,2585.0,9.2,509,0,5,403625,3394955,508,0,5,-96.5,530,-85.0,-235.0,249.899979991996,-1,199.88516511385544,-22,9,3,5.031076090483585
1237,2579801,403710.0,3395190.0,21,0,6,3,2585.0,9.2,509,0,5,403540,3395040,510,0,6,-100.5,530,-170.0,-150.0,226.71568097509268,1,228.57633437499734,-20,9,3,5.041366545778496
1238,2579801,403710.0,3395190.0,21,0,6,3,2585.0,9.2,509,0,5,403720,3395140,509,0,5,-76.5,530,10.0,-50.0,50.99019513592785,0,168.69006752597977,-21,9,3,22.384013836802293
1239,2579801,403710.0,3395190.0,21,0,6,3,2585.0,9.2,509,0,5,403715,3395185,509,0,5,-74.0,530,5.0,-5.0,7.0710678118654755,0,135.0,-21,9,3,71.39071932054918
1240,2579801,403710.0,3395190.0,21,0,6,3,2585.0,9.2,509,0,5,403830,3395070,507,75,5,-90.0,530,120.0,-120.0,169.7056274847714,-2,135.0,-23,9,3,7.718201376243395
1241,2579801,403710.0,3395190.0,21,0,6,3,2585.0,9.2,509,0,5,403915,3395190,508,0,5,-85.67,530,205.0,0.0,205.0,-1,90.0,-22,9,3,6.125371940199724
1242,2579801,403710.0,3395190.0,21,0,6,3,2585.0,9.2,509,0,5,403830,3395265,509,0,10,-98.0,530,120.0,75.0,141.50971698084905,0,57.994616791916485,-21,9,3,8.441072007879388
1243,2579801,403710.0,3395190.0,21,0,6,3,2585.0,9.2,509,0,5,403835,3395270,509,0,10,-99.0,530,125.0,80.0,148.4082207965583,0,57.38075692880716,-21,9,3,8.053974141339717
1244,2579801,403710.0,3395190.0,21,0,6,3,2585.0,9.2,509,0,5,403985,3395120,509,0,5,-76.5,530,275.0,-70.0,283.7692724732542,0,104.28109573597084,-21,9,3,4.232389441807295
1245,2579801,403710.0,3395190.0,21,0,6,3,2585.0,9.2,509,0,5,403710,3395305,509,0,6,-87.0,530,0.0,115.0,115.0,0,0.0,-21,9,3,10.348684087995467
1246,2579801,403710.0,3395190.0,21,0,6,3,2585.0,9.2,509,0,5,403795,3395230,509,0,5,-76.5,530,85.0,40.0,93.94147114027967,0,64.79887635452491,-21,9,3,12.60092555574425
1247,2579801,403710.0,3395190.0,21,0,6,3,2585.0,9.2,509,0,5,403945,3395080,507,87,5,-76.33,530,235.0,-110.0,259.47061490658245,-2,115.08359400619094,-23,9,3,5.065574016158468
1248,2579801,403710.0,3395190.0,21,0,6,3,2585.0,9.2,509,0,5,403845,3395140,506,0,5,-71.2,530,135.0,-50.0,143.96180048887967,-3,110.32313682966293,-24,9,3,9.464787563676056
1249,2579801,403710.0,3395190.0,21,0,6,3,2585.0,9.2,509,0,5,403765,3395220,509,0,12,-70.09,530,55.0,30.0,62.64982043070834,0,61.38954033403479,-21,9,3,18.530971049942565
1250,2579801,403710.0,3395190.0,21,0,6,3,2585.0,9.2,509,0,5,403770,3395205,508,0,5,-65.22,530,60.0,15.0,61.84658438426491,-1,75.96375653207355,-22,9,3,19.581434831158294
1251,2579801,403710.0,3395190.0,21,0,6,3,2585.0,9.2,509,0,5,403860,3395155,506,0,5,-72.79,530,150.0,-35.0,154.02921800749363,-3,103.13402230639633,-24,9,3,8.856305124418641
1252,2579801,403710.0,3395190.0,21,0,6,3,2585.0,9.2,509,0,5,403775,3395210,508,0,5,-65.62,530,65.0,20.0,68.00735254367721,-1,72.89727103094765,-22,9,3,17.9261055437599
1253,2579801,403710.0,3395190.0,21,0,6,3,2585.0,9.2,509,0,5,403960,3395095,507,0,5,-69.2,530,250.0,-95.0,267.44158240632663,-2,110.80679101271124,-23,9,3,4.915347972598206
1254,2579801,403710.0,3395190.0,21,0,6,3,2585.0,9.2,509,0,5,403800,3395255,509,0,5,-83.57,530,90.0,65.0,111.01801655587259,0,54.16234704572173,-21,9,3,10.71142467390829
1255,2579801,403710.0,3395190.0,21,0,6,3,2585.0,9.2,509,0,5,403815,3395250,509,0,5,-93.31,530,105.0,60.0,120.93386622447825,0,60.2551187030578,-21,9,3,9.851101187140927
1256,2579801,403710.0,3395190.0,21,0,6,3,2585.0,9.2,509,0,5,403865,3395160,507,0,10,-77.68,530,155.0,-30.0,157.87653403846943,-2,100.95406264339834,-23,9,3,8.28873659797311
1257,2579801,403710.0,3395190.0,21,0,6,3,2585.0,9.2,509,0,5,403825,3395280,509,75,5,-104.25,530,115.0,90.0,146.03081866510234,0,51.952957468173906,-21,9,3,8.18333198103439
1258,2579801,403710.0,3395190.0,21,0,6,3,2585.0,9.2,509,0,5,403760,3395215,509,0,5,-68.13,530,50.0,25.0,55.90169943749474,0,63.434948822922024,-21,9,3,20.589161977610612
1259,2579801,403710.0,3395190.0,21,0,6,3,2585.0,9.2,509,0,5,403785,3395240,509,75,13,-70.0,530,75.0,50.0,90.13878188659973,0,56.30993247402023,-21,9,3,13.114499990921086
1260,2579801,403710.0,3395190.0,21,0,6,3,2585.0,9.2,509,0,5,403780,3395235,509,0,5,-70.08,530,70.0,45.0,83.21658488546619,0,57.26477372789242,-21,9,3,14.163088836703285
1261,2579801,403710.0,3395190.0,21,0,6,3,2585.0,9.2,509,0,5,403810,3395245,509,0,6,-91.13,530,100.0,55.0,114.12712210513327,0,61.18920625702697,-21,9,3,10.426104511277678
1262,2579801,403710.0,3395190.0,21,0,6,3,2585.0,9.2,509,0,5,403790,3395225,509,0,12,-63.5,530,80.0,35.0,87.32124598286491,0,66.37062226934319,-21,9,3,13.522346650697342
1263,2579801,403710.0,3395190.0,21,0,6,3,2585.0,9.2,509,0,5,403855,3395130,506,87,7,-78.75,530,145.0,-60.0,156.92354826475216,-3,112.47943439710309,-24,9,3,8.695477158475876
1264,2579801,403710.0,3395190.0,21,0,6,3,2585.0,9.2,509,0,5,403875,3395150,507,0,5,-76.68,530,165.0,-40.0,169.77926846349644,-2,103.62699485989151,-23,9,3,7.714893968431801
1265,2579801,403710.0,3395190.0,21,0,6,3,2585.0,9.2,509,0,5,403890,3395165,507,0,10,-84.2,530,180.0,-25.0,181.72781845386248,-2,97.90716270295843,-23,9,3,7.213169330020434
1266,2579801,403710.0,3395190.0,21,0,6,3,2585.0,9.2,509,0,5,403715,3395310,509,0,6,-85.5,530,5.0,120.0,120.10412149464314,0,2.3859440303888277,-21,9,3,9.91781111670944
1267,2579801,403710.0,3395190.0,21,0,6,3,2585.0,9.2,509,0,5,403695,3395290,509,0,6,-82.5,530,-15.0,100.0,101.11874208078342,0,351.46923439005184,-21,9,3,11.732223258815262
1268,2579801,403710.0,3395190.0,21,0,6,3,2585.0,9.2,509,0,5,403870,3395145,507,0,5,-74.64,530,160.0,-45.0,166.20770138594662,-2,105.70863782901574,-23,9,3,7.8786156408714225
1269,2579801,403710.0,3395190.0,21,0,6,3,2585.0,9.2,509,0,5,403905,3395200,508,0,5,-93.0,530,195.0,10.0,195.25624189766637,-1,87.06432655357884,-22,9,3,6.428543956838117
1270,2579801,403710.0,3395190.0,21,0,6,3,2585.0,9.2,509,0,5,403965,3395100,508,0,10,-70.0,530,255.0,-90.0,270.4163456597992,-1,109.44003482817618,-22,9,3,4.651113534315946
1271,2579801,403710.0,3395190.0,21,0,6,3,2585.0,9.2,509,0,5,403840,3395135,506,0,5,-75.17,530,130.0,-55.0,141.15594213493105,-3,112.93210043758978,-24,9,3,9.649422061632679
1272,2579801,403710.0,3395190.0,21,0,6,3,2585.0,9.2,509,0,5,403680,3395295,509,0,6,-94.5,530,-30.0,105.0,109.20164833920778,0,344.05460409907715,-21,9,3,10.88536666897657
1273,2579801,403710.0,3395190.0,21,0,6,3,2585.0,9.2,509,0,5,403850,3395125,506,87,7,-79.4,530,140.0,-65.0,154.35349040433132,-3,114.90476880809518,-24,9,3,8.837993453373878
1274,2579801,403710.0,3395190.0,21,0,6,3,2585.0,9.2,509,0,5,403805,3395260,509,0,5,-91.0,530,95.0,70.0,118.00423721205946,0,53.615648184164115,-21,9,3,10.09070234266329
1275,2579801,403710.0,3395190.0,21,0,6,3,2585.0,9.2,509,0,5,403925,3395040,506,0,5,-107.5,530,215.0,-150.0,262.15453457836657,-3,124.90249561592475,-24,9,3,5.230793515517505
1276,2579801,403710.0,3395190.0,21,0,6,3,2585.0,9.2,509,0,5,404020,3395095,508,0,5,-73.5,530,310.0,-95.0,324.2298567374695,-1,107.03776779562565,-22,9,3,3.881746153784494
1277,2579801,403710.0,3395190.0,21,0,6,3,2585.0,9.2,509,0,5,404010,3395105,508,0,6,-78.5,530,300.0,-85.0,311.8092365533773,-1,105.81919394750014,-22,9,3,4.0358705431813595
1278,2579801,403710.0,3395190.0,21,0,6,3,2585.0,9.2,509,0,5,403595,3395210,510,0,6,-86.0,530,-115.0,20.0,116.72617529928752,1,279.86580694308435,-20,9,3,9.722713976706869
1279,2579801,403710.0,3395190.0,21,0,6,3,2585.0,9.2,509,0,5,404030,3395085,508,0,5,-76.67,530,320.0,-105.0,336.7862823809782,-1,108.16595652922553,-22,9,3,3.7374408422347978
1280,2579801,403710.0,3395190.0,21,0,6,3,2585.0,9.2,509,0,5,404085,3395200,509,0,5,-103.17,530,375.0,10.0,375.13330963805384,0,88.47247455778705,-21,9,3,3.204079279731673
1281,2579801,403710.0,3395190.0,21,0,6,3,2585.0,9.2,509,0,5,404035,3395090,508,0,5,-73.5,530,325.0,-100.0,340.03676271838606,-1,107.10272896905235,-22,9,3,3.701813705338604
1282,2579801,403710.0,3395190.0,21,0,6,3,2585.0,9.2,509,0,5,404040,3395075,507,0,10,-69.0,530,330.0,-115.0,349.4638751001311,-2,109.21267181718565,-23,9,3,3.765496833082788
1283,2579801,403710.0,3395190.0,21,0,6,3,2585.0,9.2,509,0,5,404430,3394845,505,0,5,-92.5,530,720.0,-345.0,798.3890029302759,-4,115.60218755144177,-25,9,3,1.7935199507345203
1284,2579801,403710.0,3395190.0,21,0,6,3,2585.0,9.2,509,0,5,404080,3395195,509,0,5,-104.25,530,370.0,5.0,370.0337822415678,0,89.22577983507193,-21,9,3,3.2481415853800204
1285,2579801,403710.0,3395190.0,21,0,6,3,2585.0,9.2,509,0,5,403930,3395025,506,0,5,-97.57,530,220.0,-165.0,275.0,-3,126.86989764584405,-24,9,3,4.987721515065317
1286,2579801,403710.0,3395190.0,21,0,6,3,2585.0,9.2,509,0,5,404025,3395100,508,0,5,-69.67,530,315.0,-90.0,327.6049450176233,-1,105.94539590092285,-22,9,3,3.8418755776645948
1287,2579801,403710.0,3395190.0,21,0,6,3,2585.0,9.2,509,0,5,404115,3395245,508,0,5,-104.0,530,405.0,55.0,408.71750635371615,-1,82.26640190097714,-22,9,3,3.0810813597511473
1288,2579801,403710.0,3395190.0,21,0,6,3,2585.0,9.2,509,0,5,403595,3395125,509,0,6,-93.4,530,-115.0,-65.0,132.09844813622905,0,240.52411099675425,-21,9,3,9.032857121040315
1289,2579801,403710.0,3395190.0,21,0,6,3,2585.0,9.2,509,0,5,403585,3395135,510,0,6,-92.5,530,-125.0,-55.0,136.56500283747664,1,246.25050550713325,-20,9,3,8.33176126606288
1290,2579801,403710.0,3395190.0,21,0,6,3,2585.0,9.2,509,0,5,403570,3395150,510,0,6,-92.67,530,-140.0,-40.0,145.60219778561037,1,254.05460409907715,-20,9,3,7.821235506499643
1291,2579801,403710.0,3395190.0,21,0,6,3,2585.0,9.2,509,0,5,403605,3395115,509,0,5,-96.67,530,-105.0,-75.0,129.0348790056394,0,234.46232220802563,-21,9,3,9.24365660664539
1292,2579801,403710.0,3395190.0,21,0,6,3,2585.0,9.2,509,0,5,403610,3395110,509,0,5,-99.0,530,-100.0,-80.0,128.06248474865697,0,231.3401917459099,-21,9,3,9.312619701361212
1293,2579801,403710.0,3395190.0,21,0,6,3,2585.0,9.2,509,0,5,403565,3395155,510,0,6,-95.0,530,-145.0,-35.0,149.164338901763,1,256.4295656148385,-20,9,3,7.636689980663375
1294,2579801,403710.0,3395190.0,21,0,6,3,2585.0,9.2,509,0,5,403575,3395145,510,0,6,-93.0,530,-135.0,-45.0,142.30249470757707,1,251.56505117707798,-20,9,3,8.000271888571618
1295,2579801,403710.0,3395190.0,21,0,6,3,2585.0,9.2,509,0,5,403590,3395130,510,0,6,-94.8,530,-120.0,-60.0,134.16407864998737,1,243.43494882292202,-20,9,3,8.47871314708616
1296,2579801,403710.0,3395190.0,21,0,6,3,2585.0,9.2,509,0,5,403870,3395095,506,0,5,-92.67,530,160.0,-95.0,186.07794065928394,-3,120.69972255081439,-24,9,3,7.349333415878116
1297,2579801,403710.0,3395190.0,21,0,6,3,2585.0,9.2,509,0,5,403735,3395240,509,0,5,-71.0,530,25.0,50.0,55.90169943749474,0,26.565051177077976,-21,9,3,20.589161977610612
1298,2579801,403710.0,3395190.0,21,0,6,3,2585.0,9.2,509,0,5,403825,3395290,510,75,5,-93.67,530,115.0,100.0,152.3975065412817,1,48.99091309842976,-20,9,3,7.476527271896349
1299,2579801,403710.0,3395190.0,21,0,6,3,2585.0,9.2,509,0,5,403715,3395260,509,0,5,-81.0,530,5.0,70.0,70.178344238091,0,4.085616779974885,-21,9,3,16.65916084603122
1300,2579801,403710.0,3395190.0,21,0,6,3,2585.0,9.2,509,0,5,403945,3395170,509,0,6,-104.0,530,235.0,-20.0,235.8495283014151,0,94.86451443776053,-21,9,3,5.088187778592565
1301,2579801,403710.0,3395190.0,21,0,6,3,2585.0,9.2,509,0,5,403930,3395195,509,0,5,-92.0,530,220.0,5.0,220.05681084665386,0,88.69804732742114,-21,9,3,5.451222795147424
1302,2579801,403710.0,3395190.0,21,0,6,3,2585.0,9.2,509,0,5,403880,3395065,506,0,5,-98.5,530,170.0,-125.0,211.00947846009194,-3,126.3268259521202,-24,9,3,6.488877391332286
1303,2579801,403710.0,3395190.0,21,0,6,3,2585.0,9.2,509,0,5,403810,3395315,510,0,5,-84.0,530,100.0,125.0,160.0781059358212,1,38.65980825409008,-20,9,3,7.121575586962839
1304,2579801,403710.0,3395190.0,21,0,6,3,2585.0,9.2,509,0,5,403730,3395235,509,0,5,-78.0,530,20.0,45.0,49.24428900898052,0,23.962488974578207,-21,9,3,23.09560030004452
1305,2579801,403710.0,3395190.0,21,0,6,3,2585.0,9.2,509,0,5,403695,3395280,509,0,6,-84.56,530,-15.0,90.0,91.2414379544733,0,350.5376777919744,-21,9,3,12.96139380155953
1306,2579801,403710.0,3395190.0,21,0,6,3,2585.0,9.2,509,0,5,403755,3395220,509,0,5,-72.0,530,45.0,30.0,54.08326913195984,0,56.30993247402023,-21,9,3,21.22070022359343
1307,2579801,403710.0,3395190.0,21,0,6,3,2585.0,9.2,509,0,5,403685,3395270,509,0,5,-86.33,530,-25.0,80.0,83.81527307120105,0,342.64597536373867,-21,9,3,14.065952219915578
1308,2579801,403710.0,3395190.0,21,0,6,3,2585.0,9.2,509,0,5,403950,3395175,509,0,5,-99.0,530,240.0,-15.0,240.46829312822095,0,93.57633437499737,-21,9,3,4.990955470106138
1309,2579801,403710.0,3395190.0,21,0,6,3,2585.0,9.2,509,0,5,403955,3395180,509,0,5,-104.0,530,245.0,-10.0,245.20399670478457,0,92.33730585912383,-21,9,3,4.8950364811759375
1310,2579801,403710.0,3395190.0,21,0,6,3,2585.0,9.2,509,0,5,403690,3395275,509,0,5,-86.17,530,-20.0,85.0,87.32124598286491,0,346.7594800848128,-21,9,3,13.522346650697342
1311,2579801,403710.0,3395190.0,21,0,6,3,2585.0,9.2,509,0,5,403875,3395100,506,87,5,-81.0,530,165.0,-90.0,187.94946129212502,-3,118.61045966596521,-24,9,3,7.276940205640297
1312,2579801,403710.0,3395190.0,21,0,6,3,2585.0,9.2,509,0,5,403705,3395250,509,0,5,-82.0,530,-5.0,60.0,60.207972893961475,0,355.23635830927384,-21,9,3,19.228312757030942
1313,2579801,403710.0,3395190.0,21,0,6,3,2585.0,9.2,509,0,5,403745,3395210,509,0,5,-71.67,530,35.0,20.0,40.311288741492746,0,60.2551187030578,-21,9,3,27.51707508464421
1314,2579801,403710.0,3395190.0,21,0,6,3,2585.0,9.2,509,0,5,403680,3395265,509,0,5,-84.33,530,-30.0,75.0,80.77747210701756,0,338.1985905136482,-21,9,3,14.572792566247553
1315,2579801,403710.0,3395190.0,21,0,6,3,2585.0,9.2,509,0,5,403750,3395215,509,0,5,-71.2,530,40.0,25.0,47.16990566028302,0,57.994616791916485,-21,9,3,23.99858576087266
1316,2579801,403710.0,3395190.0,21,0,6,3,2585.0,9.2,509,0,5,403800,3395305,509,0,5,-82.33,530,90.0,115.0,146.03081866510234,0,38.047042531826094,-21,9,3,8.18333198103439
1317,2579801,403710.0,3395190.0,21,0,6,3,2585.0,9.2,509,0,5,403655,3395185,509,0,5,-94.0,530,-55.0,-5.0,55.226805085936306,0,264.8055710922652,-21,9,3,20.819313204634305
1318,2579801,403710.0,3395190.0,21,0,6,3,2585.0,9.2,509,0,5,404115,3395285,508,0,6,-98.0,530,405.0,95.0,415.99278839902985,-1,76.7989128242944,-22,9,3,3.027297564622558
1319,2579801,403710.0,3395190.0,21,0,6,3,2585.0,9.2,509,0,5,403640,3395200,509,0,5,-88.0,530,-70.0,10.0,70.71067811865476,0,278.13010235415595,-21,9,3,16.540621739986666
1320,2579801,403710.0,3395190.0,21,0,6,3,2585.0,9.2,509,0,5,404110,3395290,508,0,6,-94.0,530,400.0,100.0,412.31056256176606,-1,75.96375653207355,-22,9,3,3.0542825165238194
1321,2579801,403710.0,3395190.0,21,0,6,3,2585.0,9.2,509,0,5,403665,3395175,509,0,5,-86.0,530,-45.0,-15.0,47.43416490252569,0,251.56505117707798,-21,9,3,23.879876253764905
1322,2579801,403710.0,3395190.0,21,0,6,3,2585.0,9.2,509,0,5,403605,3395155,509,0,6,-91.94,530,-105.0,-35.0,110.67971810589327,0,251.56505117707798,-21,9,3,10.743403801775964
1323,2579801,403710.0,3395190.0,21,0,6,3,2585.0,9.2,509,0,5,403545,3395055,510,0,6,-98.4,530,-165.0,-135.0,213.19005605327843,1,230.71059313749964,-20,9,3,5.359403545850067
1324,2579801,403710.0,3395190.0,21,0,6,3,2585.0,9.2,509,0,5,404030,3395210,509,0,13,-102.5,530,320.0,20.0,320.62439083762797,0,86.42366562500263,-21,9,3,3.7473606927819336
1325,2579801,403710.0,3395190.0,21,0,6,3,2585.0,9.2,509,0,5,403580,3395100,510,0,6,-93.8,530,-130.0,-90.0,158.11388300841898,1,235.30484646876602,-20,9,3,7.209120586689089
1326,2579801,403710.0,3395190.0,21,0,6,3,2585.0,9.2,509,0,5,403550,3395050,510,0,6,-97.5,530,-160.0,-140.0,212.60291625469299,1,228.81407483429035,-20,9,3,5.374117929017665
1327,2579801,403710.0,3395190.0,21,0,6,3,2585.0,9.2,509,0,5,403560,3395120,510,0,6,-94.8,530,-150.0,-70.0,165.5294535724685,1,244.98310652189997,-20,9,3,6.889334033159797
1328,2579801,403710.0,3395190.0,21,0,6,3,2585.0,9.2,509,0,5,403575,3395105,510,0,6,-96.3,530,-135.0,-85.0,159.53056133543816,1,237.80426606528675,-20,9,3,7.145766179074334
1329,2579801,403710.0,3395190.0,21,0,6,3,2585.0,9.2,509,0,5,403620,3395140,509,0,5,-94.25,530,-90.0,-50.0,102.95630140987001,0,240.94539590092285,-21,9,3,11.528481890843281
1330,2579801,403710.0,3395190.0,21,0,6,3,2585.0,9.2,509,0,5,403600,3395160,510,0,6,-94.43,530,-110.0,-30.0,114.0175425099138,1,254.7448812969422,-20,9,3,9.949126297159781
1331,2579801,403710.0,3395190.0,21,0,6,3,2585.0,9.2,509,0,5,403650,3395190,509,0,5,-90.08,530,-60.0,0.0,60.0,0,270.0,-21,9,3,19.290046219188735
1332,2579801,403710.0,3395190.0,21,0,6,3,2585.0,9.2,509,0,5,403570,3395110,510,0,6,-95.5,530,-140.0,-80.0,161.24515496597098,1,240.25511870305778,-20,9,3,7.070555116965825
1333,2579801,403710.0,3395190.0,21,0,6,3,2585.0,9.2,509,0,5,403615,3395145,509,0,5,-91.75,530,-95.0,-45.0,105.11898020814318,0,244.65382405805332,-21,9,3,11.297460598319319
1334,2579801,403710.0,3395190.0,21,0,6,3,2585.0,9.2,509,0,5,403645,3395195,509,0,5,-88.27,530,-65.0,5.0,65.19202405202648,0,274.3987053549955,-21,9,3,17.855062794067003
1335,2579801,403710.0,3395190.0,21,0,6,3,2585.0,9.2,509,0,5,404025,3395215,509,0,13,-104.67,530,315.0,25.0,315.9905061864992,0,85.46222749209335,-21,9,3,3.802154330023431
1336,2579801,403710.0,3395190.0,21,0,6,3,2585.0,9.2,509,0,5,403610,3395150,509,0,6,-92.5,530,-100.0,-40.0,107.70329614269008,0,248.19859051364818,-21,9,3,11.033110861229044
1337,2579801,403710.0,3395190.0,21,0,6,3,2585.0,9.2,509,0,5,403625,3395135,509,0,5,-95.33,530,-85.0,-55.0,101.24228365658294,0,237.0947570770121,-21,9,3,11.718303070404364
1338,2579801,403710.0,3395190.0,21,0,6,3,2585.0,9.2,509,0,5,403335,3395450,509,0,7,-93.0,530,-375.0,260.0,456.31677593531447,0,304.73485953978627,-21,9,3,2.6349305642719005
1339,2579801,403710.0,3395190.0,21,0,6,3,2585.0,9.2,509,0,5,404205,3395060,507,0,10,-92.5,530,495.0,-130.0,511.78608812667034,-2,104.71507165059779,-23,9,3,2.5731782489985733
1340,2579801,403710.0,3395190.0,21,0,6,3,2585.0,9.2,509,0,5,403740,3395120,508,0,5,-75.0,530,30.0,-70.0,76.15773105863909,-1,156.80140948635176,-22,9,3,16.11263892359911
1341,2579801,403710.0,3395190.0,21,0,6,3,2585.0,9.2,509,0,5,403925,3395295,510,0,5,-109.67,530,215.0,105.0,239.26972228010797,1,63.97040780848653,-20,9,3,4.778113639980552
1342,2579801,403710.0,3395190.0,21,0,6,3,2585.0,9.2,509,0,5,403905,3395275,510,0,5,-96.5,530,195.0,85.0,212.72047386182646,1,66.44773632710536,-20,9,3,5.371165356632989
1343,2579801,403710.0,3395190.0,21,0,6,3,2585.0,9.2,509,0,5,403785,3395155,507,27,5,-71.0,530,75.0,-35.0,82.76472678623425,-2,115.01689347810003,-23,9,3,15.530407888096736
1344,2579801,403710.0,3395190.0,21,0,6,3,2585.0,9.2,509,0,5,403910,3395270,510,0,10,-99.0,530,200.0,80.0,215.40659228538016,1,68.19859051364818,-20,9,3,5.30457143909761
1345,2579801,403710.0,3395190.0,21,0,6,3,2585.0,9.2,509,0,5,403895,3395245,510,0,10,-93.5,530,185.0,55.0,193.00259065618783,1,73.44292862436333,-20,9,3,5.916190560991233
1346,2579801,403710.0,3395190.0,21,0,6,3,2585.0,9.2,509,0,5,403870,3395230,509,0,5,-86.5,530,160.0,40.0,164.92422502470643,0,75.96375653207355,-21,9,3,7.256491603022489
1347,2579801,403710.0,3395190.0,21,0,6,3,2585.0,9.2,509,0,5,403830,3395190,507,0,5,-72.15,530,120.0,0.0,120.0,-2,90.0,-23,9,3,10.850104629797377
1348,2579801,403710.0,3395190.0,21,0,6,3,2585.0,9.2,509,0,5,403810,3395170,507,5,5,-66.73,530,100.0,-20.0,101.9803902718557,-2,101.30993247402023,-23,9,3,12.709477581238046
1349,2579801,403710.0,3395190.0,21,0,6,3,2585.0,9.2,509,0,5,403855,3395205,508,0,6,-73.4,530,145.0,15.0,145.7737973711325,-1,84.0938588862295,-22,9,3,8.582241083266455
1350,2579801,403710.0,3395190.0,21,0,6,3,2585.0,9.2,509,0,5,403860,3395240,509,0,7,-92.0,530,150.0,50.0,158.11388300841898,0,71.56505117707798,-21,9,3,7.565499081965512
1351,2579801,403710.0,3395190.0,21,0,6,3,2585.0,9.2,509,0,5,403950,3395310,510,75,10,-108.0,530,240.0,120.0,268.32815729997475,1,63.434948822922024,-20,9,3,4.262693045214654
1352,2579801,403710.0,3395190.0,21,0,6,3,2585.0,9.2,509,0,5,403825,3395195,507,0,5,-78.27,530,115.0,5.0,115.10864433221339,-2,87.51044707800088,-23,9,3,11.299532453753999
1353,2579801,403710.0,3395190.0,21,0,6,3,2585.0,9.2,509,0,5,403820,3395200,508,0,5,-69.0,530,110.0,10.0,110.45361017187261,-1,84.80557109226521,-22,9,3,11.26467496239597
1354,2579801,403710.0,3395190.0,21,0,6,3,2585.0,9.2,509,0,5,403835,3395185,507,0,5,-66.0,530,125.0,-5.0,125.09996003196804,-2,92.29061004263855,-23,9,3,10.417660339034766
1355,2579801,403710.0,3395190.0,21,0,6,3,2585.0,9.2,509,0,5,403780,3395160,508,27,5,-73.33,530,70.0,-30.0,76.15773105863909,-1,113.19859051364818,-22,9,3,16.11263892359911
1356,2579801,403710.0,3395190.0,21,0,6,3,2585.0,9.2,509,0,5,403800,3395180,507,0,5,-73.73,530,90.0,-10.0,90.55385138137417,-2,96.34019174590992,-23,9,3,14.251338248552894
1357,2579801,403710.0,3395190.0,21,0,6,3,2585.0,9.2,509,0,5,403845,3395215,508,75,6,-79.5,530,135.0,25.0,137.2953021774598,-1,79.50852298766841,-22,9,3,9.10360311013752
1358,2579801,403710.0,3395190.0,21,0,6,3,2585.0,9.2,509,0,5,403760,3395140,508,0,5,-80.5,530,50.0,-50.0,70.71067811865476,-1,135.0,-22,9,3,17.28232754551572
1359,2579801,403710.0,3395190.0,21,0,6,3,2585.0,9.2,509,0,5,403805,3395175,507,0,5,-71.22,530,95.0,-15.0,96.17692030835673,-2,98.9726266148964,-23,9,3,13.44927504975297
1360,2579801,403710.0,3395190.0,21,0,6,3,2585.0,9.2,509,0,5,403850,3395210,508,0,6,-80.75,530,140.0,20.0,141.4213562373095,-1,81.86989764584405,-22,9,3,8.842258533397425
1361,2579801,403710.0,3395190.0,21,0,6,3,2585.0,9.2,509,0,5,403890,3395250,510,0,5,-93.5,530,180.0,60.0,189.73665961010275,1,71.56505117707798,-20,9,3,6.0172848640320336
1362,2579801,403710.0,3395190.0,21,0,6,3,2585.0,9.2,509,0,5,403815,3395165,506,5,5,-60.86,530,105.0,-25.0,107.93516572461452,-3,103.39249775375112,-24,9,3,12.536095663306144
1363,2579801,403710.0,3395190.0,21,0,6,3,2585.0,9.2,509,0,5,403590,3395190,510,0,6,-87.6,530,-120.0,0.0,120.0,1,270.0,-20,9,3,9.462322208025617
1364,2579801,403710.0,3395190.0,21,0,6,3,2585.0,9.2,509,0,5,403620,3395080,509,0,5,-99.75,530,-90.0,-110.0,142.12670403551894,0,219.28940686250033,-21,9,3,8.404952971432284
1365,2579801,403710.0,3395190.0,21,0,6,3,2585.0,9.2,509,0,5,404085,3395215,509,0,5,-104.5,530,375.0,25.0,375.8324094593227,0,86.18592516570965,-21,9,3,3.198131636194733
1366,2579801,403710.0,3395190.0,21,0,6,3,2585.0,9.2,509,0,5,403665,3395115,508,0,5,-82.5,530,-45.0,-75.0,87.46427842267951,-1,210.96375653207352,-22,9,3,14.118787442503795
1367,2579801,403710.0,3395190.0,21,0,6,3,2585.0,9.2,509,0,5,403575,3395165,510,0,6,-91.8,530,-135.0,-25.0,137.2953021774598,1,259.5085229876684,-20,9,3,8.288060331826404
1368,2579801,403710.0,3395190.0,21,0,6,3,2585.0,9.2,509,0,5,403595,3395185,510,0,6,-89.13,530,-115.0,-5.0,115.10864433221339,1,267.5104470780008,-20,9,3,9.85667790279831
1369,2579801,403710.0,3395190.0,21,0,6,3,2585.0,9.2,509,0,5,403795,3395115,507,0,5,-77.0,530,85.0,-75.0,113.35784048754634,-2,131.42366562500263,-23,9,3,11.4694616173558
1370,2579801,403710.0,3395190.0,21,0,6,3,2585.0,9.2,509,0,5,403600,3394930,509,0,5,-85.0,530,-110.0,-260.0,282.3118842698621,0,202.93210043758978,-21,9,3,4.254158441175205
1371,2579801,403710.0,3395190.0,21,0,6,3,2585.0,9.2,509,0,5,403605,3394925,509,0,5,-86.5,530,-105.0,-265.0,285.0438562747845,0,201.61477894278624,-21,9,3,4.21353247305052
1372,2579801,403710.0,3395190.0,21,0,6,3,2585.0,9.2,509,0,5,403775,3395095,507,0,5,-78.5,530,65.0,-95.0,115.10864433221339,-2,145.61965527615513,-23,9,3,11.299532453753999
1373,2579801,403710.0,3395190.0,21,0,6,3,2585.0,9.2,509,0,5,403940,3395270,510,75,10,-104.0,530,230.0,80.0,243.51591323771842,1,70.82099197418927,-20,9,3,4.695173363352924
1374,2579801,403710.0,3395190.0,21,0,6,3,2585.0,9.2,509,0,5,403785,3395105,507,0,7,-67.67,530,75.0,-85.0,113.35784048754634,-2,138.57633437499737,-23,9,3,11.4694616173558
1375,2579801,403710.0,3395190.0,21,0,6,3,2585.0,9.2,509,0,5,403695,3395175,509,0,5,-84.33,530,-15.0,-15.0,21.213203435596427,0,225.0,-21,9,3,44.710622455169606
1376,2579801,403710.0,3395190.0,21,0,6,3,2585.0,9.2,509,0,5,403920,3395250,510,0,5,-105.67,530,210.0,60.0,218.40329667841556,1,74.05460409907715,-20,9,3,5.23219433817877
1377,2579801,403710.0,3395190.0,21,0,6,3,2585.0,9.2,509,0,5,403790,3395120,507,0,7,-63.0,530,80.0,-70.0,106.30145812734649,-2,131.18592516570965,-23,9,3,12.208656206289364
1378,2579801,403710.0,3395190.0,21,0,6,3,2585.0,9.2,509,0,5,403750,3395160,509,0,5,-87.0,530,40.0,-30.0,50.0,0,126.86989764584405,-21,9,3,22.78240573048169
1379,2579801,403710.0,3395190.0,21,0,6,3,2585.0,9.2,509,0,5,403970,3395220,509,0,5,-103.0,530,260.0,30.0,261.72504656604804,0,83.418055344822,-21,9,3,4.587406669035902
1380,2579801,403710.0,3395190.0,21,0,6,3,2585.0,9.2,509,0,5,403520,3395010,510,0,6,-101.0,530,-190.0,-180.0,261.72504656604804,1,226.54815769897795,-20,9,3,4.36982587280222
1381,2579801,403710.0,3395190.0,21,0,6,3,2585.0,9.2,509,0,5,403745,3395145,508,0,5,-70.5,530,35.0,-45.0,57.0087712549569,-1,142.1250163489018,-22,9,3,21.10187722703879
1382,2579801,403710.0,3395190.0,21,0,6,3,2585.0,9.2,509,0,5,403755,3395155,508,0,5,-79.67,530,45.0,-35.0,57.0087712549569,-1,127.8749836510982,-22,9,3,21.10187722703879
1383,2579801,403710.0,3395190.0,21,0,6,3,2585.0,9.2,509,0,5,403620,3394950,508,0,5,-98.5,530,-90.0,-240.0,256.3201123595259,-1,200.55604521958347,-22,9,3,4.905683905933287
1384,2579801,403710.0,3395190.0,21,0,6,3,2585.0,9.2,509,0,5,403610,3394940,509,0,5,-85.67,530,-100.0,-250.0,269.2582403567252,0,201.80140948635182,-21,9,3,4.459587267064069
1385,2579801,403710.0,3395190.0,21,0,6,3,2585.0,9.2,509,0,5,403975,3395215,510,0,5,-109.0,530,265.0,25.0,266.1766330841233,1,84.6106882400266,-20,9,3,4.297020149953015
1386,2579801,403710.0,3395190.0,21,0,6,3,2585.0,9.2,509,0,5,403625,3394945,508,0,5,-94.0,530,-85.0,-245.0,259.3260495977988,-1,199.13364320590549,-22,9,3,4.849093159142275
1387,2579801,403710.0,3395190.0,21,0,6,3,2585.0,9.2,509,0,5,404225,3395050,506,99,5,-96.5,530,515.0,-140.0,533.689984916337,-3,105.2080391906353,-24,9,3,2.574852290286248
1388,2579801,403710.0,3395190.0,21,0,6,3,2585.0,9.2,509,0,5,403320,3395465,509,0,7,-85.33,530,-390.0,275.0,477.20540650751224,0,305.18874313200394,-21,9,3,2.5197442507828716
1389,2579801,403710.0,3395190.0,21,0,6,3,2585.0,9.2,509,0,5,404210,3395075,506,0,5,-90.75,530,500.0,-115.0,513.0545779934139,-3,102.95276451337554,-24,9,3,2.6782667300040637
1390,2579801,403710.0,3395190.0,21,0,6,3,2585.0,9.2,509,0,5,403325,3395470,509,0,14,-87.67,530,-385.0,280.0,476.0514678057405,0,306.0273733851036,-21,9,3,2.525844156861482
1391,2579801,403710.0,3395190.0,21,0,6,3,2585.0,9.2,509,0,5,404205,3395070,507,0,5,-97.0,530,495.0,-120.0,509.33780539048934,-2,103.62699485989151,-23,9,3,2.585530246402025
1392,2579801,403710.0,3395190.0,21,0,6,3,2585.0,9.2,509,0,5,404200,3395065,507,0,10,-94.0,530,490.0,-125.0,505.69259436934607,-2,104.31104126260641,-23,9,3,2.604142097608808
1393,2579801,403710.0,3395190.0,21,0,6,3,2585.0,9.2,509,0,5,403640,3395250,508,0,7,-89.0,530,-70.0,60.0,92.19544457292888,-1,310.6012946450045,-22,9,3,13.421137939554741
1394,2579801,403710.0,3395190.0,21,0,6,3,2585.0,9.2,509,0,5,403915,3395035,506,0,5,-104.4,530,205.0,-155.0,257.00194551792794,-3,127.09283729704157,-24,9,3,5.335065586672798
1395,2579801,403710.0,3395190.0,21,0,6,3,2585.0,9.2,509,0,5,403605,3395205,510,0,6,-89.5,530,-105.0,15.0,106.06601717798213,1,278.13010235415595,-20,9,3,10.678414922779545
1396,2579801,403710.0,3395190.0,21,0,6,3,2585.0,9.2,509,0,5,403610,3395220,509,0,6,-89.0,530,-100.0,30.0,104.4030650891055,0,286.6992442339936,-21,9,3,11.372917505304756
1397,2579801,403710.0,3395190.0,21,0,6,3,2585.0,9.2,509,0,5,403910,3395040,506,0,5,-108.0,530,200.0,-150.0,250.0,-3,126.86989764584405,-24,9,3,5.483590444464439
1398,2579801,403710.0,3395190.0,21,0,6,3,2585.0,9.2,509,0,5,403620,3395230,509,0,6,-85.33,530,-90.0,40.0,98.48857801796105,0,293.96248897457815,-21,9,3,12.036511820344261
1399,2579801,403710.0,3395190.0,21,0,6,3,2585.0,9.2,509,0,5,404040,3395170,510,9,6,-102.0,530,330.0,-20.0,330.6055050963308,1,93.46822925891718,-20,9,3,3.4618926480618457
1400,2579801,403710.0,3395190.0,21,0,6,3,2585.0,9.2,509,0,5,403625,3395225,509,0,7,-89.17,530,-85.0,35.0,91.92388155425118,0,292.38013505195954,-21,9,3,12.868383116154853
1401,2579801,403710.0,3395190.0,21,0,6,3,2585.0,9.2,509,0,5,403655,3395255,508,0,6,-82.67,530,-55.0,65.0,85.14693182963201,-1,319.76364169072616,-22,9,3,14.48707337444127
1402,2579801,403710.0,3395190.0,21,0,6,3,2585.0,9.2,509,0,5,404075,3395195,509,0,5,-104.43,530,365.0,5.0,365.0342449688796,0,89.21517539700812,-21,9,3,3.2925311687787
1403,2579801,403710.0,3395190.0,21,0,6,3,2585.0,9.2,509,0,5,404060,3395190,509,0,6,-101.75,530,350.0,0.0,350.0,0,90.0,-21,9,3,3.4336303624505224
1404,2579801,403710.0,3395190.0,21,0,6,3,2585.0,9.2,509,0,5,404070,3395200,509,0,6,-107.5,530,360.0,10.0,360.1388621073821,0,88.4088597288054,-21,9,3,3.337186208346931
1405,2579801,403710.0,3395190.0,21,0,6,3,2585.0,9.2,509,0,5,404065,3395185,509,0,6,-99.11,530,355.0,-5.0,355.0352095215346,0,90.80692945510236,-21,9,3,3.385047696554847
1406,2579801,403710.0,3395190.0,21,0,6,3,2585.0,9.2,509,0,5,403600,3395210,510,0,6,-88.0,530,-110.0,20.0,111.80339887498948,1,280.304846468766,-20,9,3,10.142106156573984
1407,2579801,403710.0,3395190.0,21,0,6,3,2585.0,9.2,509,0,5,403615,3395215,509,0,6,-89.0,530,-95.0,25.0,98.2344135219425,0,284.74356283647074,-21,9,3,12.066742599256093
1408,2579801,403710.0,3395190.0,21,0,6,3,2585.0,9.2,509,0,5,403630,3395240,509,0,7,-89.0,530,-80.0,50.0,94.33981132056604,0,302.0053832080835,-21,9,3,12.549408235160696
1409,2579801,403710.0,3395190.0,21,0,6,3,2585.0,9.2,509,0,5,403920,3395145,507,0,5,-74.8,530,210.0,-45.0,214.76731594914529,-2,102.0947570770121,-23,9,3,6.1126592785126785
1410,2579801,403710.0,3395190.0,21,0,6,3,2585.0,9.2,509,0,5,403960,3395185,509,0,5,-106.5,530,250.0,-5.0,250.04999500099976,0,91.14576283817507,-21,9,3,4.800617810391071
1411,2579801,403710.0,3395190.0,21,0,6,3,2585.0,9.2,509,0,5,403680,3395225,509,0,5,-85.5,530,-30.0,35.0,46.09772228646444,0,319.3987053549955,-21,9,3,24.4918253884744
1412,2579801,403710.0,3395190.0,21,0,6,3,2585.0,9.2,509,0,5,403795,3395300,509,0,10,-82.5,530,85.0,110.0,139.01438774457844,0,37.694240466689166,-21,9,3,8.59034952158448
1413,2579801,403710.0,3395190.0,21,0,6,3,2585.0,9.2,509,0,5,403930,3395155,508,75,5,-82.0,530,220.0,-35.0,222.76669409945464,-1,99.0394828033551,-22,9,3,5.640129455834035
1414,2579801,403710.0,3395190.0,21,0,6,3,2585.0,9.2,509,0,5,403915,3395100,506,0,5,-84.5,530,205.0,-90.0,223.8861317723811,-3,113.70264595096626,-24,9,3,6.11859031724549
1415,2579801,403710.0,3395190.0,21,0,6,3,2585.0,9.2,509,0,5,403890,3395115,507,87,7,-81.78,530,180.0,-75.0,195.0,-2,112.61986494804046,-23,9,3,6.726884049001322
1416,2579801,403710.0,3395190.0,21,0,6,3,2585.0,9.2,509,0,5,403885,3395110,506,87,7,-83.57,530,175.0,-80.0,192.41881404893857,-3,114.56717132060135,-24,9,3,7.10966708676211
1417,2579801,403710.0,3395190.0,21,0,6,3,2585.0,9.2,509,0,5,403880,3395105,506,87,7,-83.22,530,170.0,-85.0,190.06577808748213,-3,116.56505117707798,-24,9,3,7.19676825089174
1418,2579801,403710.0,3395190.0,21,0,6,3,2585.0,9.2,509,0,5,403895,3395120,507,0,7,-81.67,530,185.0,-70.0,197.80040444852483,-2,110.72555886556052,-23,9,3,6.6325011742617335
1419,2579801,403710.0,3395190.0,21,0,6,3,2585.0,9.2,509,0,5,403940,3395125,508,0,10,-81.2,530,230.0,-65.0,239.0083680543424,-1,105.78075330951538,-22,9,3,5.259084456634424
1420,2579801,403710.0,3395190.0,21,0,6,3,2585.0,9.2,509,0,5,403685,3395230,509,0,5,-93.0,530,-25.0,40.0,47.16990566028302,0,327.9946167919165,-21,9,3,23.99858576087266
1421,2579801,403710.0,3395190.0,21,0,6,3,2585.0,9.2,509,0,5,403750,3395255,509,0,5,-72.0,530,40.0,65.0,76.32168761236873,0,31.607502246248885,-21,9,3,15.384302228419022
1422,2579801,403710.0,3395190.0,21,0,6,3,2585.0,9.2,509,0,5,403925,3395150,508,0,5,-77.8,530,215.0,-40.0,218.68927728629038,-1,100.53918372862825,-22,9,3,5.744591560472402
1423,2579801,403710.0,3395190.0,21,0,6,3,2585.0,9.2,509,0,5,403830,3395335,510,75,10,-83.5,530,120.0,145.0,188.2153022471871,1,39.610688240026604,-20,9,3,6.065561847823663
1424,2579801,403710.0,3395190.0,21,0,6,3,2585.0,9.2,509,0,5,403945,3395130,508,0,5,-73.6,530,235.0,-60.0,242.53865671269807,-1,104.32271997820357,-22,9,3,5.182955445365691
1425,2579801,403710.0,3395190.0,21,0,6,3,2585.0,9.2,509,0,5,403935,3395160,508,75,6,-72.5,530,225.0,-30.0,226.99118925632334,-1,97.59464336859145,-22,9,3,5.535820103213722
1426,2579801,403710.0,3395190.0,21,0,6,3,2585.0,9.2,509,0,5,403565,3395330,509,0,10,-90.0,530,-145.0,140.0,201.55644370746373,0,313.99491399474584,-21,9,3,5.9481389567928575
1427,2579801,403710.0,3395190.0,21,0,6,3,2585.0,9.2,509,0,5,403620,3395225,509,0,6,-88.67,530,-90.0,35.0,96.56603957913983,0,291.25050550713325,-21,9,3,12.268956386884739
1428,2579801,403710.0,3395190.0,21,0,6,3,2585.0,9.2,509,0,5,404060,3395185,509,0,6,-99.0,530,350.0,-5.0,350.03571246374275,0,90.81845546168859,-21,9,3,3.4332808836423525
1429,2579801,403710.0,3395190.0,21,0,6,3,2585.0,9.2,509,0,5,404075,3395200,509,0,6,-110.0,530,365.0,10.0,365.1369606051954,0,88.43064519525103,-21,9,3,3.291606993106847
1430,2579801,403710.0,3395190.0,21,0,6,3,2585.0,9.2,509,0,5,403610,3395215,509,0,6,-90.4,530,-100.0,25.0,103.07764064044152,0,284.03624346792645,-21,9,3,11.515273691044966
1431,2579801,403710.0,3395190.0,21,0,6,3,2585.0,9.2,509,0,5,403635,3395240,508,0,7,-86.0,530,-75.0,50.0,90.13878188659973,-1,303.69006752597977,-22,9,3,13.71591865764186
1432,2579801,403710.0,3395190.0,21,0,6,3,2585.0,9.2,509,0,5,404380,3394865,505,0,5,-90.5,530,670.0,-325.0,744.6643539206103,-4,115.8768466840383,-25,9,3,1.9228216010680956
1433,2579801,403710.0,3395190.0,21,0,6,3,2585.0,9.2,509,0,5,403605,3395210,510,0,6,-91.5,530,-105.0,20.0,106.88779163215975,1,280.7842978675626,-20,9,3,10.598183984868017
1434,2579801,403710.0,3395190.0,21,0,6,3,2585.0,9.2,509,0,5,403600,3395205,510,0,6,-90.83,530,-110.0,15.0,111.01801655587259,1,277.76516601842536,-20,9,3,10.212350297613524
1435,2579801,403710.0,3395190.0,21,0,6,3,2585.0,9.2,509,0,5,404065,3395190,509,0,6,-101.35,530,355.0,0.0,355.0,0,90.0,-21,9,3,3.3853826506920472
1436,2579801,403710.0,3395190.0,21,0,6,3,2585.0,9.2,509,0,5,403625,3395230,509,0,7,-88.17,530,-85.0,40.0,93.94147114027967,0,295.2011236454751,-21,9,3,12.60092555574425
1437,2579801,403710.0,3395190.0,21,0,6,3,2585.0,9.2,509,0,5,403630,3395235,509,0,7,-84.6,530,-80.0,45.0,91.7877987534291,0,299.3577535427913,-21,9,3,12.886825030699429
1438,2579801,403710.0,3395190.0,21,0,6,3,2585.0,9.2,509,0,5,403640,3395245,508,0,7,-95.0,530,-70.0,55.0,89.02246907382428,-1,308.15722658736905,-22,9,3,13.881298774944009
1439,2579801,403710.0,3395190.0,21,0,6,3,2585.0,9.2,509,0,5,404335,3394820,505,0,5,-109.0,530,625.0,-370.0,726.3091628225545,-4,120.62553271869467,-25,9,3,1.9713770293636639
1440,2579801,403710.0,3395190.0,21,0,6,3,2585.0,9.2,509,0,5,403670,3395275,509,0,6,-89.67,530,-40.0,85.0,93.94147114027967,0,334.7988763545249,-21,9,3,12.60092555574425
1441,2579801,403710.0,3395190.0,21,0,6,3,2585.0,9.2,509,0,5,404070,3395195,509,0,6,-99.5,530,360.0,5.0,360.0347205478938,0,89.20427644726072,-21,9,3,3.3381493208969646
1442,2579801,403710.0,3395190.0,21,0,6,3,2585.0,9.2,509,0,5,404330,3394815,505,0,12,-100.33,530,620.0,-375.0,724.5860887430837,-4,121.16717264610224,-25,9,3,1.9760612744989419
1443,2579801,403710.0,3395190.0,21,0,6,3,2585.0,9.2,509,0,5,404055,3395180,509,0,6,-103.5,530,345.0,-10.0,345.14489710844634,0,91.66028236898279,-21,9,3,3.481812736580206
1444,2579801,403710.0,3395190.0,21,0,6,3,2585.0,9.2,509,0,5,403665,3395270,509,0,6,-87.33,530,-45.0,80.0,91.7877987534291,0,330.6422464572087,-21,9,3,12.886825030699429
1445,2579801,403710.0,3395190.0,21,0,6,3,2585.0,9.2,509,0,5,403615,3395220,509,0,6,-88.0,530,-95.0,30.0,99.62429422585637,0,287.5255683737229,-21,9,3,11.903231462874002
1446,2579801,403710.0,3395190.0,21,0,6,3,2585.0,9.2,509,0,5,403910,3395035,506,0,5,-100.0,530,200.0,-155.0,253.03161857759991,-3,127.77568430595466,-24,9,3,5.418283880373532
1447,2579801,403710.0,3395190.0,21,0,6,3,2585.0,9.2,509,0,5,403915,3395040,506,0,5,-109.0,530,205.0,-150.0,254.01771591761076,-3,126.19320730556467,-24,9,3,5.397374545369945
1448,2579801,403710.0,3395190.0,21,0,6,3,2585.0,9.2,509,0,5,403805,3395115,507,0,5,-82.33,530,95.0,-75.0,121.03718436910205,-2,128.29016319224309,-23,9,3,10.759308011459119
1449,2579801,403710.0,3395190.0,21,0,6,3,2585.0,9.2,509,0,5,403740,3395180,509,0,5,-67.5,530,30.0,-10.0,31.622776601683793,0,108.43494882292202,-21,9,3,33.58727422731107
1450,2579801,403710.0,3395190.0,21,0,6,3,2585.0,9.2,509,0,5,403770,3395070,507,0,10,-100.0,530,60.0,-120.0,134.16407864998737,-2,153.43494882292202,-23,9,3,9.727762610554874
1451,2579801,403710.0,3395190.0,21,0,6,3,2585.0,9.2,509,0,5,403725,3395195,509,0,5,-58.5,530,15.0,5.0,15.811388300841896,0,71.56505117707798,-21,9,3,53.02305906110986
1452,2579801,403710.0,3395190.0,21,0,6,3,2585.0,9.2,509,0,5,403745,3395175,509,0,5,-77.0,530,35.0,-15.0,38.07886552931954,0,113.19859051364818,-21,9,3,28.876165224276132
1453,2579801,403710.0,3395190.0,21,0,6,3,2585.0,9.2,509,0,5,403750,3395170,509,0,5,-71.67,530,40.0,-20.0,44.721359549995796,0,116.56505117707798,-21,9,3,25.153542357903426
1454,2579801,403710.0,3395190.0,21,0,6,3,2585.0,9.2,509,0,5,403755,3395165,508,0,5,-69.33,530,45.0,-25.0,51.478150704935004,-1,119.05460409907715,-22,9,3,23.140205534381032
1455,2579801,403710.0,3395190.0,21,0,6,3,2585.0,9.2,509,0,5,403735,3395185,509,0,5,-97.67,530,25.0,-5.0,25.495097567963924,0,101.30993247402023,-21,9,3,39.47786588524411
1456,2579801,403710.0,3395190.0,21,0,6,3,2585.0,9.2,509,0,5,403835,3395085,507,75,5,-84.0,530,125.0,-105.0,163.24827717314508,-2,130.0302592718897,-23,9,3,8.019600131454444
1457,2579801,403710.0,3395190.0,21,0,6,3,2585.0,9.2,509,0,5,403800,3395120,507,0,5,-64.5,530,90.0,-70.0,114.0175425099138,-2,127.8749836510982,-23,9,3,11.404843589280382
1458,2579801,403710.0,3395190.0,21,0,6,3,2585.0,9.2,509,0,5,404225,3395025,506,99,5,-88.0,530,515.0,-165.0,540.7864643276494,-3,107.7648533006975,-24,9,3,2.5411083322170973
1459,2579801,403710.0,3395190.0,21,0,6,3,2585.0,9.2,509,0,5,404230,3395040,506,99,5,-86.5,530,520.0,-150.0,541.2023651093923,-3,106.09081634885217,-24,9,3,2.539158109383385
1460,2579801,403710.0,3395190.0,21,0,6,3,2585.0,9.2,509,0,5,404270,3394920,505,0,6,-96.0,530,560.0,-270.0,621.6912416947821,-4,115.74070835623286,-25,9,3,2.3027880127636338
1461,2579801,403710.0,3395190.0,21,0,6,3,2585.0,9.2,509,0,5,403735,3395120,508,0,5,-74.0,530,25.0,-70.0,74.33034373659252,-1,160.34617594194674,-22,9,3,16.48749092053611
1462,2579801,403710.0,3395190.0,21,0,6,3,2585.0,9.2,509,0,5,403880,3395265,510,75,5,-97.0,530,170.0,75.0,185.80904176062046,1,66.1940564815423,-20,9,3,6.1435150741842035
1463,2579801,403710.0,3395190.0,21,0,6,3,2585.0,9.2,509,0,5,403785,3395130,507,0,7,-89.0,530,75.0,-60.0,96.04686356149273,-2,128.65980825409008,-23,9,3,13.466823742220523
1464,2579801,403710.0,3395190.0,21,0,6,3,2585.0,9.2,509,0,5,403790,3395135,507,0,7,-74.0,530,80.0,-55.0,97.082439194738,-2,124.50852298766841,-23,9,3,13.328326055175722
1465,2579801,403710.0,3395190.0,21,0,6,3,2585.0,9.2,509,0,5,403840,3395225,509,0,6,-77.5,530,130.0,35.0,134.6291201783626,0,74.93151184050782,-21,9,3,8.86578579143473
1466,2579801,403710.0,3395190.0,21,0,6,3,2585.0,9.2,509,0,5,403860,3395205,508,0,6,-86.0,530,150.0,15.0,150.74813431681335,-1,84.28940686250036,-22,9,3,8.303061158564638
1467,2579801,403710.0,3395190.0,21,0,6,3,2585.0,9.2,509,0,5,403825,3395170,506,0,5,-67.9,530,115.0,-20.0,116.72617529928752,-3,99.86580694308441,-24,9,3,11.618630617014947
1468,2579801,403710.0,3395190.0,21,0,6,3,2585.0,9.2,509,0,5,403855,3395240,509,75,5,-87.5,530,145.0,50.0,153.37861650177967,0,70.97439396243135,-21,9,3,7.796238961328001
1469,2579801,403710.0,3395190.0,21,0,6,3,2585.0,9.2,509,0,5,403820,3395165,506,5,5,-67.22,530,110.0,-25.0,112.80514172678478,-3,102.80426606528675,-24,9,3,12.010946795493343
1470,2579801,403710.0,3395190.0,21,0,6,3,2585.0,9.2,509,0,5,403815,3395200,508,0,5,-63.17,530,105.0,10.0,105.47511554864494,-1,84.55966796899452,-22,9,3,11.78183353780521
1471,2579801,403710.0,3395190.0,21,0,6,3,2585.0,9.2,509,0,5,403810,3395195,508,0,5,-62.58,530,100.0,5.0,100.12492197250393,-1,87.13759477388828,-22,9,3,12.392416845611539
1472,2579801,403710.0,3395190.0,21,0,6,3,2585.0,9.2,509,0,5,403830,3395175,507,0,5,-68.23,530,120.0,-15.0,120.93386622447825,-2,97.1250163489018,-23,9,3,10.768285231014302
1473,2579801,403710.0,3395190.0,21,0,6,3,2585.0,9.2,509,0,5,403835,3395180,507,0,5,-67.43,530,125.0,-10.0,125.39936203984452,-2,94.57392125990089,-23,9,3,10.393329940387698
1474,2579801,403710.0,3395190.0,21,0,6,3,2585.0,9.2,509,0,5,403775,3395160,508,27,5,-77.2,530,65.0,-30.0,71.58910531638176,-1,114.77514056883194,-22,9,3,17.08268158709464
1475,2579801,403710.0,3395190.0,21,0,6,3,2585.0,9.2,509,0,5,403805,3395190,508,0,5,-67.3,530,95.0,0.0,95.0,-1,90.0,-22,9,3,13.03865658302297
1476,2579801,403710.0,3395190.0,21,0,6,3,2585.0,9.2,509,0,5,403765,3395150,508,0,5,-86.75,530,55.0,-40.0,68.00735254367721,-1,126.0273733851036,-22,9,3,17.9261055437599
1477,2579801,403710.0,3395190.0,21,0,6,3,2585.0,9.2,509,0,5,403800,3395185,507,0,5,-67.2,530,90.0,-5.0,90.13878188659973,-2,93.17983011986422,-23,9,3,14.314271573877573
1478,2579801,403710.0,3395190.0,21,0,6,3,2585.0,9.2,509,0,5,403885,3395270,510,75,5,-82.0,530,175.0,80.0,192.41881404893857,1,65.43282867939871,-20,9,3,5.934011719315209
1479,2579801,403710.0,3395190.0,21,0,6,3,2585.0,9.2,509,0,5,403910,3395255,510,0,5,-102.0,530,200.0,65.0,210.2974084481309,1,71.9958383940866,-20,9,3,5.432684225931829
1480,2579801,403710.0,3395190.0,21,0,6,3,2585.0,9.2,509,0,5,403770,3395155,508,0,5,-88.0,530,60.0,-35.0,69.46221994724903,-1,120.25643716352926,-22,9,3,17.57398031129746
1481,2579801,403710.0,3395190.0,21,0,6,3,2585.0,9.2,509,0,5,403865,3395210,508,0,6,-78.67,530,155.0,20.0,156.28499608087785,-1,82.64762064010768,-22,9,3,8.0127895956699
1482,2579801,403710.0,3395190.0,21,0,6,3,2585.0,9.2,509,0,5,403975,3395165,510,0,5,-102.5,530,265.0,-25.0,266.1766330841233,1,95.3893117599734,-20,9,3,4.297020149953015
1483,2579801,403710.0,3395190.0,21,0,6,3,2585.0,9.2,509,0,5,403910,3395110,506,0,7,-81.0,530,200.0,-80.0,215.40659228538016,-3,111.80140948635182,-24,9,3,6.357515056182176
1484,2579801,403710.0,3395190.0,21,0,6,3,2585.0,9.2,509,0,5,403695,3395205,509,0,5,-77.33,530,-15.0,15.0,21.213203435596427,0,315.0,-21,9,3,44.710622455169606
1485,2579801,403710.0,3395190.0,21,0,6,3,2585.0,9.2,509,0,5,403915,3395105,507,0,5,-80.25,530,205.0,-85.0,221.92341021172146,-2,112.52056560289691,-23,9,3,5.9169732411441
1486,2579801,403710.0,3395190.0,21,0,6,3,2585.0,9.2,509,0,5,403930,3395130,507,0,10,-75.4,530,220.0,-60.0,228.0350850198276,-2,105.2551187030578,-23,9,3,5.7594703235986735
1487,2579801,403710.0,3395190.0,21,0,6,3,2585.0,9.2,509,0,5,403935,3395125,508,0,10,-68.0,530,225.0,-65.0,234.2007685726074,-1,106.1134182330893,-22,9,3,5.366417302788074
1488,2579801,403710.0,3395190.0,21,0,6,3,2585.0,9.2,509,0,5,403880,3395100,506,87,7,-83.0,530,170.0,-90.0,192.35384061671346,-3,117.89727103094765,-24,9,3,7.1120440075674995
1489,2579801,403710.0,3395190.0,21,0,6,3,2585.0,9.2,509,0,5,403900,3395120,507,0,5,-80.0,530,190.0,-70.0,202.48456731316588,-2,110.22485943116806,-23,9,3,6.480389086406544
1490,2579801,403710.0,3395190.0,21,0,6,3,2585.0,9.2,509,0,5,403885,3395095,506,87,7,-100.5,530,175.0,-95.0,199.12307751739877,-3,118.49563861824498,-24,9,3,6.872620850572405
1491,2579801,403710.0,3395190.0,21,0,6,3,2585.0,9.2,509,0,5,403685,3395215,509,0,5,-78.33,530,-25.0,25.0,35.35533905932738,0,315.0,-21,9,3,30.709028345518192
1492,2579801,403710.0,3395190.0,21,0,6,3,2585.0,9.2,509,0,5,403925,3395135,507,0,10,-72.5,530,215.0,-55.0,221.92341021172146,-2,104.34933204294714,-23,9,3,5.9169732411441
1493,2579801,403710.0,3395190.0,21,0,6,3,2585.0,9.2,509,0,5,403680,3395220,509,0,5,-88.2,530,-30.0,30.0,42.42640687119285,0,315.0,-21,9,3,26.334247846853142
1494,2579801,403710.0,3395190.0,21,0,6,3,2585.0,9.2,509,0,5,403940,3395160,508,75,6,-90.0,530,230.0,-30.0,231.94827009486403,-1,97.43140797117252,-22,9,3,5.418223047937448
1495,2579801,403710.0,3395190.0,21,0,6,3,2585.0,9.2,509,0,5,403905,3395115,507,0,5,-81.0,530,195.0,-75.0,208.92582415776178,-2,111.03751102542185,-23,9,3,6.282218920112751
1496,2579801,403710.0,3395190.0,21,0,6,3,2585.0,9.2,509,0,5,403920,3395140,507,0,5,-74.6,530,210.0,-50.0,215.87033144922904,-2,103.39249775375112,-23,9,3,6.081660573590041
1497,2579801,403710.0,3395190.0,21,0,6,3,2585.0,9.2,509,0,5,403585,3395180,510,0,6,-90.0,530,-125.0,-10.0,125.39936203984452,1,265.4260787400991,-20,9,3,9.061808029985146
1498,2579801,403710.0,3395190.0,21,0,6,3,2585.0,9.2,509,0,5,403595,3395170,510,0,7,-93.0,530,-115.0,-20.0,116.72617529928752,1,260.1341930569156,-20,9,3,9.722713976706869
1499,2579801,403710.0,3395190.0,21,0,6,3,2585.0,9.2,509,0,5,403575,3395190,510,0,6,-84.5,530,-135.0,0.0,135.0,1,270.0,-20,9,3,8.426969021480673
1500,2579801,403710.0,3395190.0,21,0,6,3,2585.0,9.2,509,0,5,404135,3395270,508,0,5,-103.5,530,425.0,80.0,432.46387132337424,-1,79.33965170546469,-22,9,3,2.912200456628488
1501,2579801,403710.0,3395190.0,21,0,6,3,2585.0,9.2,509,0,5,404120,3395275,508,0,5,-98.0,530,410.0,85.0,418.7182823808867,-1,78.28752768891252,-22,9,3,3.007628771673861
1502,2579801,403710.0,3395190.0,21,0,6,3,2585.0,9.2,509,0,5,404125,3395280,508,0,5,-102.2,530,415.0,90.0,424.64691215173104,-1,77.76388849058367,-22,9,3,2.965713806609047
1503,2579801,403710.0,3395190.0,21,0,6,3,2585.0,9.2,509,0,5,404130,3395265,508,0,5,-102.5,530,420.0,75.0,426.64387959983674,-1,79.87532834460217,-22,9,3,2.951856968655234
1504,2579801,403710.0,3395190.0,21,0,6,3,2585.0,9.2,509,0,5,403590,3395165,510,0,7,-91.6,530,-120.0,-25.0,122.57650672131263,1,258.23171106797935,-20,9,3,9.266914673299674
1505,2579801,403710.0,3395190.0,21,0,6,3,2585.0,9.2,509,0,5,403665,3395100,508,0,5,-96.67,530,-45.0,-90.0,100.62305898749054,-1,206.565051177078,-22,9,3,12.332949810727609
1506,2579801,403710.0,3395190.0,21,0,6,3,2585.0,9.2,509,0,5,403860,3395215,508,0,6,-79.0,530,150.0,25.0,152.0690632574555,-1,80.53767779197437,-22,9,3,8.23193032963556
1507,2579801,403710.0,3395190.0,21,0,6,3,2585.0,9.2,509,0,5,403900,3395255,510,0,5,-96.5,530,190.0,65.0,200.81085628023203,1,71.11391263029071,-20,9,3,5.687685764085002
1508,2579801,403710.0,3395190.0,21,0,6,3,2585.0,9.2,509,0,5,403795,3395130,507,0,5,-81.0,530,85.0,-60.0,104.04326023342406,-2,125.21759296819272,-23,9,3,12.465438727980983
1509,2579801,403710.0,3395190.0,21,0,6,3,2585.0,9.2,509,0,5,403775,3395150,508,0,5,-81.5,530,65.0,-40.0,76.32168761236873,-1,121.60750224624894,-22,9,3,16.07981611303637
1510,2579801,403710.0,3395190.0,21,0,6,3,2585.0,9.2,509,0,5,403785,3395140,507,0,5,-75.5,530,75.0,-50.0,90.13878188659973,-2,123.69006752597977,-23,9,3,14.314271573877573
1511,2579801,403710.0,3395190.0,21,0,6,3,2585.0,9.2,509,0,5,403840,3395235,509,0,5,-97.0,530,130.0,45.0,137.56816492197603,0,70.90650799951436,-21,9,3,8.679289691142758
1512,2579801,403710.0,3395190.0,21,0,6,3,2585.0,9.2,509,0,5,403930,3395305,510,0,5,-108.0,530,220.0,115.0,248.2438317461282,1,62.402704131356245,-20,9,3,4.606140112054293
1513,2579801,403710.0,3395190.0,21,0,6,3,2585.0,9.2,509,0,5,403935,3395310,510,0,5,-100.0,530,225.0,120.0,255.0,1,61.927513064147035,-20,9,3,4.484606009544626
1514,2579801,403710.0,3395190.0,21,0,6,3,2585.0,9.2,509,0,5,403835,3395170,507,0,5,-67.13,530,125.0,-20.0,126.58988901172162,-2,99.0902769208223,-23,9,3,10.297685813717258
1515,2579801,403710.0,3395190.0,21,0,6,3,2585.0,9.2,509,0,5,403815,3395190,507,0,5,-73.28,530,105.0,0.0,105.0,-2,90.0,-23,9,3,12.355359865083525
1516,2579801,403710.0,3395190.0,21,0,6,3,2585.0,9.2,509,0,5,403805,3395200,508,0,12,-65.89,530,95.0,10.0,95.524865872714,-1,83.99099404250546,-22,9,3,12.969443653145849
1517,2579801,403710.0,3395190.0,21,0,6,3,2585.0,9.2,509,0,5,403820,3395175,507,0,5,-69.3,530,110.0,-15.0,111.01801655587259,-2,97.76516601842536,-23,9,3,11.70458936917921
1518,2579801,403710.0,3395190.0,21,0,6,3,2585.0,9.2,509,0,5,403810,3395185,507,0,5,-73.92,530,100.0,-5.0,100.12492197250393,-2,92.86240522611172,-23,9,3,12.937147887751719
1519,2579801,403710.0,3395190.0,21,0,6,3,2585.0,9.2,509,0,5,403825,3395180,507,0,5,-69.8,530,115.0,-10.0,115.43396380615195,-2,94.96974072811031,-23,9,3,11.26850371597162
1520,2579801,403710.0,3395190.0,21,0,6,3,2585.0,9.2,509,0,5,403765,3395160,508,0,5,-74.5,530,55.0,-30.0,62.64982043070834,-1,118.61045966596521,-22,9,3,19.349144359194277
1521,2579801,403710.0,3395190.0,21,0,6,3,2585.0,9.2,509,0,5,403770,3395145,508,0,5,-78.67,530,60.0,-45.0,75.0,-1,126.86989764584405,-22,9,3,16.34817154735125
1522,2579801,403710.0,3395190.0,21,0,6,3,2585.0,9.2,509,0,5,403760,3395155,508,0,5,-83.8,530,50.0,-35.0,61.032778078668514,-1,124.99202019855869,-22,9,3,19.822308835867833
1523,2579801,403710.0,3395190.0,21,0,6,3,2585.0,9.2,509,0,5,403800,3395195,508,0,5,-67.0,530,90.0,5.0,90.13878188659973,-1,86.82016988013578,-22,9,3,13.71591865764186
1524,2579801,403710.0,3395190.0,21,0,6,3,2585.0,9.2,509,0,5,403830,3395165,506,0,5,-63.25,530,120.0,-25.0,122.57650672131263,-3,101.76828893202065,-24,9,3,11.078143803579978
1525,2579801,403710.0,3395190.0,21,0,6,3,2585.0,9.2,509,0,5,403865,3395220,509,0,5,-87.75,530,155.0,30.0,157.87653403846943,0,79.04593735660166,-21,9,3,7.576740890859324
1526,2579801,403710.0,3395190.0,21,0,6,3,2585.0,9.2,509,0,5,403845,3395240,509,0,5,-101.0,530,135.0,50.0,143.96180048887967,0,69.67686317033707,-21,9,3,8.299315911322442
1527,2579801,403710.0,3395190.0,21,0,6,3,2585.0,9.2,509,0,5,403905,3395260,510,0,5,-98.67,530,195.0,70.0,207.18349355100662,1,70.2531633945739,-20,9,3,5.513836578103253
1528,2579801,403710.0,3395190.0,21,0,6,3,2585.0,9.2,509,0,5,403860,3395050,507,0,10,-95.5,530,150.0,-140.0,205.1828452868319,-2,133.02506598911805,-23,9,3,6.395878910675748
1529,2579801,403710.0,3395190.0,21,0,6,3,2585.0,9.2,509,0,5,403900,3395090,506,0,5,-85.67,530,190.0,-100.0,214.7091055358389,-3,117.75854060106002,-24,9,3,6.37799765281159
1530,2579801,403710.0,3395190.0,21,0,6,3,2585.0,9.2,509,0,5,403910,3395100,506,0,5,-71.33,530,200.0,-90.0,219.31712199461307,-3,114.22774531795415,-24,9,3,6.245061217624237
1531,2579801,403710.0,3395190.0,21,0,6,3,2585.0,9.2,509,0,5,403920,3395150,507,0,5,-65.0,530,210.0,-40.0,213.7755832643195,-2,100.7842978675626,-23,9,3,6.140800530851541
1532,2579801,403710.0,3395190.0,21,0,6,3,2585.0,9.2,509,0,5,403940,3395130,508,0,10,-71.25,530,230.0,-60.0,237.69728648009425,-1,104.62087398863167,-22,9,3,5.287928318796864
1533,2579801,403710.0,3395190.0,21,0,6,3,2585.0,9.2,509,0,5,403905,3395085,506,0,5,-87.33,530,195.0,-105.0,221.472345903501,-3,118.30075576600638,-24,9,3,6.184761639496997
1534,2579801,403710.0,3395190.0,21,0,6,3,2585.0,9.2,509,0,5,403745,3395245,509,0,5,-80.33,530,35.0,55.0,65.19202405202648,0,32.47119229084848,-21,9,3,17.855062794067003
1535,2579801,403710.0,3395190.0,21,0,6,3,2585.0,9.2,509,0,5,403680,3395230,508,0,5,-85.0,530,-30.0,40.0,50.0,-1,323.13010235415595,-22,9,3,23.74949449286676
1536,2579801,403710.0,3395190.0,21,0,6,3,2585.0,9.2,509,0,5,403700,3395210,509,0,5,-80.5,530,-10.0,20.0,22.360679774997898,0,333.434948822922,-21,9,3,43.20261966615598
1537,2579801,403710.0,3395190.0,21,0,6,3,2585.0,9.2,509,0,5,403880,3395110,506,0,7,-75.33,530,170.0,-80.0,187.88294228055935,-3,115.20112364547509,-24,9,3,7.279488938868511
1538,2579801,403710.0,3395190.0,21,0,6,3,2585.0,9.2,509,0,5,403935,3395155,508,75,5,-87.0,530,225.0,-35.0,227.705950734714,-1,98.84181456019166,-22,9,3,5.518550783037505
1539,2579801,403710.0,3395190.0,21,0,6,3,2585.0,9.2,509,0,5,403890,3395120,507,0,7,-83.5,530,180.0,-70.0,193.13207915827965,-2,111.25050550713325,-23,9,3,6.7913398301261205
1540,2579801,403710.0,3395190.0,21,0,6,3,2585.0,9.2,509,0,5,403885,3395105,506,87,7,-85.43,530,175.0,-85.0,194.5507645834372,-3,115.90650799951436,-24,9,3,7.03254143582893
1541,2579801,403710.0,3395190.0,21,0,6,3,2585.0,9.2,509,0,5,403685,3395225,509,0,5,-80.67,530,-25.0,35.0,43.01162633521314,0,324.4623222080256,-21,9,3,26.02348481798058
1542,2579801,403710.0,3395190.0,21,0,6,3,2585.0,9.2,509,0,5,403980,3395170,510,0,5,-99.25,530,270.0,-20.0,270.7397274136177,1,94.23639479905887,-20,9,3,4.224861896749412
1543,2579801,403710.0,3395190.0,21,0,6,3,2585.0,9.2,509,0,5,403845,3395065,507,0,10,-96.5,530,135.0,-125.0,183.98369492974098,-2,132.79740183823424,-23,9,3,7.125641294205266
1544,2579801,403710.0,3395190.0,21,0,6,3,2585.0,9.2,509,0,5,403695,3395235,509,0,5,-81.67,530,-15.0,45.0,47.43416490252569,0,341.565051177078,-21,9,3,23.879876253764905
1545,2579801,403710.0,3395190.0,21,0,6,3,2585.0,9.2,509,0,5,403895,3395115,507,0,7,-70.0,530,185.0,-75.0,199.6246477767713,-2,112.06789956241022,-23,9,3,6.572423649123688
1546,2579801,403710.0,3395190.0,21,0,6,3,2585.0,9.2,509,0,5,403855,3395075,507,0,5,-89.5,530,145.0,-115.0,185.06755523321746,-2,128.418055344822,-23,9,3,7.084334770090541
1547,2579801,403710.0,3395190.0,21,0,6,3,2585.0,9.2,509,0,5,403945,3395125,508,0,10,-75.56,530,235.0,-65.0,243.82370680473218,-1,105.4612177404419,-22,9,3,5.155786770653658
1548,2579801,403710.0,3395190.0,21,0,6,3,2585.0,9.2,509,0,5,403825,3395325,510,0,5,-82.0,530,115.0,135.0,177.341478509682,1,40.426078740099115,-20,9,3,6.434446086424834
1549,2579801,403710.0,3395190.0,21,0,6,3,2585.0,9.2,509,0,5,403795,3395295,509,0,10,-76.33,530,85.0,105.0,135.09256086106296,0,38.99099404250546,-21,9,3,8.835852073612616
1550,2579801,403710.0,3395190.0,21,0,6,3,2585.0,9.2,509,0,5,403420,3395405,510,0,5,-100.5,530,-290.0,215.0,361.00554012369395,1,306.55247275209155,-20,9,3,3.170991162619499
1551,2579801,403710.0,3395190.0,21,0,6,3,2585.0,9.2,509,0,5,404210,3394955,506,0,5,-91.0,530,500.0,-235.0,552.4717187331855,-3,115.1735245245302,-24,9,3,2.487429929935594
1552,2579801,403710.0,3395190.0,21,0,6,3,2585.0,9.2,509,0,5,403620,3395245,509,0,6,-84.5,530,-90.0,55.0,105.47511554864494,0,301.4295656148385,-21,9,3,11.260291115046995
1553,2579801,403710.0,3395190.0,21,0,6,3,2585.0,9.2,509,0,5,403675,3395220,508,0,5,-83.0,530,-35.0,30.0,46.09772228646444,-1,310.6012946450045,-22,9,3,25.512670167569127
1554,2579801,403710.0,3395190.0,21,0,6,3,2585.0,9.2,509,0,5,404060,3395125,509,0,5,-91.33,530,350.0,-65.0,355.9845502265513,0,100.52078431387434,-21,9,3,3.376041348777072
1555,2579801,403710.0,3395190.0,21,0,6,3,2585.0,9.2,509,0,5,403670,3395215,508,0,5,-84.75,530,-40.0,25.0,47.16990566028302,-1,302.0053832080835,-22,9,3,25.0043017783984
1556,2579801,403710.0,3395190.0,21,0,6,3,2585.0,9.2,509,0,5,403645,3395230,508,0,6,-91.78,530,-65.0,40.0,76.32168761236873,-1,301.6075022462489,-22,9,3,16.07981611303637
1557,2579801,403710.0,3395190.0,21,0,6,3,2585.0,9.2,509,0,5,403665,3395210,509,0,5,-86.44,530,-45.0,20.0,49.24428900898052,0,293.96248897457815,-21,9,3,23.09560030004452
1558,2579801,403710.0,3395190.0,21,0,6,3,2585.0,9.2,509,0,5,403635,3395260,509,0,6,-88.33,530,-75.0,70.0,102.59142264341595,0,313.02506598911805,-21,9,3,11.568380910739625
1559,2579801,403710.0,3395190.0,21,0,6,3,2585.0,9.2,509,0,5,404375,3394840,505,9,2,-104.5,530,665.0,-350.0,751.4818693754361,-4,117.75854060106002,-25,9,3,1.9053904964847272
1560,2579801,403710.0,3395190.0,21,0,6,3,2585.0,9.2,509,0,5,404055,3395160,510,0,5,-96.0,530,345.0,-30.0,346.30189141845585,1,94.96974072811031,-20,9,3,3.30533596961459
1561,2579801,403710.0,3395190.0,21,0,6,3,2585.0,9.2,509,0,5,404070,3395135,509,0,5,-95.75,530,360.0,-55.0,364.17715469260287,0,98.68635458123663,-21,9,3,3.300263026604402
1562,2579801,403710.0,3395190.0,21,0,6,3,2585.0,9.2,509,0,5,403630,3395255,509,0,6,-79.0,530,-80.0,65.0,103.07764064044152,0,309.0938588862295,-21,9,3,11.515273691044966
1563,2579801,403710.0,3395190.0,21,0,6,3,2585.0,9.2,509,0,5,403640,3395225,508,0,6,-87.38,530,-70.0,35.0,78.26237921249263,-1,296.565051177078,-22,9,3,15.700975209108224
1564,2579801,403710.0,3395190.0,21,0,6,3,2585.0,9.2,509,0,5,403655,3395240,508,0,6,-88.22,530,-55.0,50.0,74.33034373659252,-1,312.2736890060937,-22,9,3,16.48749092053611
1565,2579801,403710.0,3395190.0,21,0,6,3,2585.0,9.2,509,0,5,403650,3395235,508,0,6,-90.57,530,-60.0,45.0,75.0,-1,306.86989764584405,-22,9,3,16.34817154735125
1566,2579801,403710.0,3395190.0,21,0,6,3,2585.0,9.2,509,0,5,403660,3395205,509,0,5,-89.6,530,-50.0,15.0,52.20153254455275,0,286.6992442339936,-21,9,3,21.91428388195269
1567,2579801,403710.0,3395190.0,21,0,6,3,2585.0,9.2,509,0,5,404015,3395200,510,0,13,-106.5,530,305.0,10.0,305.16389039334257,1,88.12212255271464,-20,9,3,3.7497199281485347
1568,2579801,403710.0,3395190.0,21,0,6,3,2585.0,9.2,509,0,5,403625,3395210,509,0,6,-89.0,530,-85.0,20.0,87.32124598286491,0,283.2405199151872,-21,9,3,13.522346650697342
1569,2579801,403710.0,3395190.0,21,0,6,3,2585.0,9.2,509,0,5,403600,3395225,510,0,6,-84.25,530,-110.0,35.0,115.43396380615195,1,287.65012421993015,-20,9,3,9.82944209858692
1570,2579801,403710.0,3395190.0,21,0,6,3,2585.0,9.2,509,0,5,403605,3395230,510,0,6,-83.57,530,-105.0,40.0,112.36102527122117,1,290.85445803957833,-20,9,3,10.092810088103496
1571,2579801,403710.0,3395190.0,21,0,6,3,2585.0,9.2,509,0,5,404345,3394810,505,18,12,-100.5,530,635.0,-380.0,740.0168916991017,-4,120.89736516026653,-25,9,3,1.9348881761677137
1572,2579801,403710.0,3395190.0,21,0,6,3,2585.0,9.2,509,0,5,404070,3395175,509,0,5,-98.82,530,360.0,-15.0,360.3123644839294,0,92.38594403038883,-21,9,3,3.33558287159928
1573,2579801,403710.0,3395190.0,21,0,6,3,2585.0,9.2,509,0,5,404065,3395170,509,0,5,-98.56,530,355.0,-20.0,355.5629339512205,0,93.22452260651994,-21,9,3,3.3800352853702575
1574,2579801,403710.0,3395190.0,21,0,6,3,2585.0,9.2,509,0,5,404075,3395180,509,0,5,-101.31,530,365.0,-10.0,365.1369606051954,0,91.56935480474897,-21,9,3,3.291606993106847
1575,2579801,403710.0,3395190.0,21,0,6,3,2585.0,9.2,509,0,5,403610,3395235,509,0,6,-87.0,530,-100.0,45.0,109.65856099730654,0,294.22774531795415,-21,9,3,10.841087753238156
1576,2579801,403710.0,3395190.0,21,0,6,3,2585.0,9.2,509,0,5,404060,3395165,509,0,5,-96.2,530,350.0,-25.0,350.891721190455,0,94.08561677997488,-21,9,3,3.424925274742938
1577,2579801,403710.0,3395190.0,21,0,6,3,2585.0,9.2,509,0,5,403630,3395215,509,0,6,-86.67,530,-80.0,25.0,83.81527307120105,0,287.35402463626133,-21,9,3,14.065952219915578
1578,2579801,403710.0,3395190.0,21,0,6,3,2585.0,9.2,509,0,5,403615,3395240,509,0,6,-87.33,530,-95.0,50.0,107.35455276791944,0,297.75854060106,-21,9,3,11.068068504199717
1579,2579801,403710.0,3395190.0,21,0,6,3,2585.0,9.2,509,0,5,403620,3395205,509,0,6,-92.5,530,-90.0,15.0,91.2414379544733,0,279.4623222080256,-21,9,3,12.96139380155953
1580,2579801,403710.0,3395190.0,21,0,6,3,2585.0,9.2,509,0,5,403915,3395020,506,0,10,-102.25,530,205.0,-170.0,266.3174797117155,-3,129.66784111834045,-24,9,3,5.149471356845125
1581,2579801,403710.0,3395190.0,21,0,6,3,2585.0,9.2,509,0,5,403660,3395245,508,0,6,-89.5,530,-50.0,55.0,74.33034373659252,-1,317.7263109939063,-22,9,3,16.48749092053611
1582,2579801,403710.0,3395190.0,21,0,6,3,2585.0,9.2,509,0,5,403675,3395260,509,0,5,-94.5,530,-35.0,70.0,78.26237921249263,0,333.434948822922,-21,9,3,15.020256666513818
1583,2579801,403710.0,3395190.0,21,0,6,3,2585.0,9.2,509,0,5,403345,3395440,509,0,7,-98.33,530,-365.0,250.0,442.4081825644729,0,304.4084722520286,-21,9,3,2.71764619288741
1584,2579801,403710.0,3395190.0,21,0,6,3,2585.0,9.2,509,0,5,403350,3395425,509,0,7,-91.5,530,-360.0,235.0,429.9127818523194,0,303.1356095487189,-21,9,3,2.7965108685383795
1585,2579801,403710.0,3395190.0,21,0,6,3,2585.0,9.2,509,0,5,404220,3395085,506,0,10,-96.5,530,510.0,-105.0,520.6966487312934,-3,101.63363399894047,-24,9,3,2.6390147901883894
1586,2579801,403710.0,3395190.0,21,0,6,3,2585.0,9.2,509,0,5,404195,3395060,507,0,5,-87.33,530,485.0,-130.0,502.1205034650547,-2,105.00492038286023,-23,9,3,2.622642218342843
1587,2579801,403710.0,3395190.0,21,0,6,3,2585.0,9.2,509,0,5,403600,3395200,510,0,6,-88.67,530,-110.0,10.0,110.45361017187261,1,275.1944289077348,-20,9,3,10.26342789199355
1588,2579801,403710.0,3395190.0,21,0,6,3,2585.0,9.2,509,0,5,403625,3395175,509,0,6,-89.0,530,-85.0,-15.0,86.31338250816034,0,259.99202019855863,-21,9,3,13.674348549287606
1589,2579801,403710.0,3395190.0,21,0,6,3,2585.0,9.2,509,0,5,403650,3395150,509,0,5,-88.33,530,-60.0,-40.0,72.11102550927978,0,236.30993247402023,-21,9,3,16.2364895842864
1590,2579801,403710.0,3395190.0,21,0,6,3,2585.0,9.2,509,0,5,403605,3395195,510,0,7,-88.88,530,-105.0,5.0,105.11898020814318,1,272.7263109939063,-20,9,3,10.772377311684824
1591,2579801,403710.0,3395190.0,21,0,6,3,2585.0,9.2,509,0,5,403610,3395190,509,0,7,-92.25,530,-100.0,0.0,100.0,0,270.0,-21,9,3,11.859779120947978
1592,2579801,403710.0,3395190.0,21,0,6,3,2585.0,9.2,509,0,5,404125,3395315,508,0,6,-107.5,530,415.0,125.0,433.4166586553867,-1,73.23744553816726,-22,9,3,2.905809500087386
1593,2579801,403710.0,3395190.0,21,0,6,3,2585.0,9.2,509,0,5,404130,3395310,508,0,6,-102.0,530,420.0,120.0,436.8065933568311,-1,74.05460409907715,-22,9,3,2.883296520920937
1594,2579801,403710.0,3395190.0,21,0,6,3,2585.0,9.2,509,0,5,403545,3395095,510,0,6,-96.0,530,-165.0,-95.0,190.3943276465977,1,240.0684881594922,-20,9,3,5.996651421570145
1595,2579801,403710.0,3395190.0,21,0,6,3,2585.0,9.2,509,0,5,403555,3395085,510,0,6,-99.5,530,-155.0,-105.0,187.21645226849054,1,235.88552705465872,-20,9,3,6.0976800846593555
1596,2579801,403710.0,3395190.0,21,0,6,3,2585.0,9.2,509,0,5,404140,3395300,508,0,5,-103.8,530,430.0,110.0,443.8468204234429,-1,75.65066795705286,-22,9,3,2.8376374841072645
1597,2579801,403710.0,3395190.0,21,0,6,3,2585.0,9.2,509,0,5,403615,3395185,509,0,6,-91.29,530,-95.0,-5.0,95.13148795220224,0,266.98721249581666,-21,9,3,12.448241599896843
1598,2579801,403710.0,3395190.0,21,0,6,3,2585.0,9.2,509,0,5,403635,3395165,509,0,5,-92.0,530,-75.0,-25.0,79.05694150420949,0,251.56505117707798,-21,9,3,14.876020429940661
1599,2579801,403710.0,3395190.0,21,0,6,3,2585.0,9.2,509,0,5,403560,3395080,510,0,6,-96.67,530,-150.0,-110.0,186.01075237738274,1,233.7461622625552,-20,9,3,6.136903891518818
1600,2579801,403710.0,3395190.0,21,0,6,3,2585.0,9.2,509,0,5,403565,3395075,510,0,6,-97.0,530,-145.0,-115.0,185.06755523321746,1,231.581944655178,-20,9,3,6.16794015890523
1601,2579801,403710.0,3395190.0,21,0,6,3,2585.0,9.2,509,0,5,403630,3395170,509,0,5,-82.67,530,-80.0,-20.0,82.46211251235322,0,255.96375653207352,-21,9,3,14.28738865060746
1602,2579801,403710.0,3395190.0,21,0,6,3,2585.0,9.2,509,0,5,403620,3395180,509,0,6,-88.86,530,-90.0,-10.0,90.55385138137417,0,263.6598082540901,-21,9,3,13.056451386879887
1603,2579801,403710.0,3395190.0,21,0,6,3,2585.0,9.2,509,0,5,404135,3395305,508,0,6,-100.67,530,425.0,115.0,440.2839992550263,-1,74.8590161649231,-22,9,3,2.8605619378729674
1604,2579801,403710.0,3395190.0,21,0,6,3,2585.0,9.2,509,0,5,403550,3395090,510,0,7,-96.0,530,-160.0,-100.0,188.67962264113208,1,237.99461679191648,-20,9,3,6.050746015911744
1605,2579801,403710.0,3395190.0,21,0,6,3,2585.0,9.2,509,0,5,404075,3395205,509,0,6,-98.33,530,365.0,15.0,365.3080891521566,0,87.64670313389172,-21,9,3,3.290068428183264
1606,2579801,403710.0,3395190.0,21,0,6,3,2585.0,9.2,509,0,5,403405,3395415,510,0,12,-85.5,530,-305.0,225.0,379.0118731649445,1,306.41637851988605,-20,9,3,3.020627654890762
1607,2579801,403710.0,3395190.0,21,0,6,3,2585.0,9.2,509,0,5,404230,3394950,506,0,5,-92.0,530,520.0,-240.0,572.7128425310541,-3,114.77514056883194,-24,9,3,2.3996224940168096
1608,2579801,403710.0,3395190.0,21,0,6,3,2585.0,9.2,509,0,5,404235,3394945,506,0,5,-92.5,530,525.0,-245.0,579.3530875036397,-3,115.01689347810003,-24,9,3,2.372150864159349
1609,2579801,403710.0,3395190.0,21,0,6,3,2585.0,9.2,509,0,5,403410,3395410,510,0,12,-88.0,530,-300.0,220.0,372.0215047547655,1,306.25383773744477,-20,9,3,3.0772778486016246
1610,2579801,403710.0,3395190.0,21,0,6,3,2585.0,9.2,509,0,5,403765,3395250,509,0,5,-73.67,530,55.0,60.0,81.39410298049853,0,42.51044707800082,-21,9,3,14.467040493747968
1611,2579801,403710.0,3395190.0,21,0,6,3,2585.0,9.2,509,0,5,403825,3395230,509,75,6,-96.0,530,115.0,40.0,121.75795661885921,0,70.82099197418927,-21,9,3,9.78571962951353
1612,2579801,403710.0,3395190.0,21,0,6,3,2585.0,9.2,509,0,5,403820,3395225,508,0,6,-99.33,530,110.0,35.0,115.43396380615195,-1,72.34987578006985,-22,9,3,10.790322429080796
1613,2579801,403710.0,3395190.0,21,0,6,3,2585.0,9.2,509,0,5,403770,3395255,509,0,6,-80.5,530,60.0,65.0,88.45903006477066,0,42.70938995736145,-21,9,3,13.3546881449801
1614,2579801,403710.0,3395190.0,21,0,6,3,2585.0,9.2,509,0,5,403865,3395190,508,0,5,-83.5,530,155.0,0.0,155.0,-1,90.0,-22,9,3,8.078344663164005
1615,2579801,403710.0,3395190.0,21,0,6,3,2585.0,9.2,509,0,5,403905,3395150,507,0,5,-78.14,530,195.0,-40.0,199.06029237394384,-2,101.59217541029108,-23,9,3,6.5908933973821595
1616,2579801,403710.0,3395190.0,21,0,6,3,2585.0,9.2,509,0,5,403775,3395260,509,0,6,-63.75,530,65.0,70.0,95.524865872714,0,42.87890360333853,-21,9,3,12.398567410734424
1617,2579801,403710.0,3395190.0,21,0,6,3,2585.0,9.2,509,0,5,403790,3395275,509,0,5,-67.5,530,80.0,85.0,116.72617529928752,0,43.2642954110716,-21,9,3,10.198880814038466
1618,2579801,403710.0,3395190.0,21,0,6,3,2585.0,9.2,509,0,5,403925,3395090,507,0,5,-86.5,530,215.0,-100.0,237.11811402758752,-2,114.9439052634246,-23,9,3,5.5402481776477766
1619,2579801,403710.0,3395190.0,21,0,6,3,2585.0,9.2,509,0,5,403875,3395200,508,0,6,-84.0,530,165.0,10.0,165.3027525481654,-1,86.53177074108282,-22,9,3,7.580895669677405
1620,2579801,403710.0,3395190.0,21,0,6,3,2585.0,9.2,509,0,5,403795,3395280,509,0,5,-76.0,530,85.0,90.0,123.79418403139947,0,43.363422958383296,-21,9,3,9.62779663635693
1621,2579801,403710.0,3395190.0,21,0,6,3,2585.0,9.2,509,0,5,403805,3395210,508,0,12,-64.27,530,95.0,20.0,97.082439194738,-1,78.11134196037199,-22,9,3,12.768237760787503
1622,2579801,403710.0,3395190.0,21,0,6,3,2585.0,9.2,509,0,5,403855,3395180,507,0,10,-76.82,530,145.0,-10.0,145.34441853748632,-2,93.94518622903757,-23,9,3,8.992195422890708
1623,2579801,403710.0,3395190.0,21,0,6,3,2585.0,9.2,509,0,5,403900,3395145,507,0,5,-71.25,530,190.0,-45.0,195.25624189766637,-2,103.3245312618908,-23,9,3,6.718136856799148
1624,2579801,403710.0,3395190.0,21,0,6,3,2585.0,9.2,509,0,5,403890,3395135,507,0,10,-77.75,530,180.0,-55.0,188.2153022471871,-2,106.9908232919862,-23,9,3,6.967029252495483
1625,2579801,403710.0,3395190.0,21,0,6,3,2585.0,9.2,509,0,5,403885,3395130,507,0,5,-82.4,530,175.0,-60.0,185.0,-2,108.92464441605125,-23,9,3,7.086895410073672
1626,2579801,403710.0,3395190.0,21,0,6,3,2585.0,9.2,509,0,5,403850,3395175,507,0,10,-73.32,530,140.0,-15.0,140.80127840328723,-2,96.11550356628538,-23,9,3,9.277372388207656
1627,2579801,403710.0,3395190.0,21,0,6,3,2585.0,9.2,509,0,5,403930,3395095,507,0,5,-79.5,530,220.0,-95.0,239.63513932643517,-2,113.355564859286,-23,9,3,5.482412187278634
1628,2579801,403710.0,3395190.0,21,0,6,3,2585.0,9.2,509,0,5,403815,3395220,508,75,5,-89.0,530,105.0,30.0,109.20164833920778,-1,74.05460409907715,-22,9,3,11.390463260814311
1629,2579801,403710.0,3395190.0,21,0,6,3,2585.0,9.2,509,0,5,403945,3395110,507,0,5,-77.75,530,235.0,-80.0,248.2438317461282,-2,108.79988515865267,-23,9,3,5.293390255432396
1630,2579801,403710.0,3395190.0,21,0,6,3,2585.0,9.2,509,0,5,403845,3395170,507,0,10,-71.48,530,135.0,-20.0,136.4734406395618,-2,98.42696902148066,-23,9,3,9.566219915150809
1631,2579801,403710.0,3395190.0,21,0,6,3,2585.0,9.2,509,0,5,403895,3395140,507,0,5,-75.73,530,185.0,-50.0,191.637678967368,-2,105.12400730831058,-23,9,3,6.843798655012178
1632,2579801,403710.0,3395190.0,21,0,6,3,2585.0,9.2,509,0,5,403990,3395075,507,0,6,-84.0,530,280.0,-115.0,302.6962173533062,-2,112.32865637801916,-23,9,3,4.345199828594418
1633,2579801,403710.0,3395190.0,21,0,6,3,2585.0,9.2,509,0,5,403785,3395270,509,0,5,-68.86,530,75.0,80.0,109.65856099730654,0,43.152389734005396,-21,9,3,10.841087753238156
1634,2579801,403710.0,3395190.0,21,0,6,3,2585.0,9.2,509,0,5,403780,3395265,509,0,6,-79.67,530,70.0,75.0,102.59142264341595,0,43.02506598911805,-21,9,3,11.568380910739625
1635,2579801,403710.0,3395190.0,21,0,6,3,2585.0,9.2,509,0,5,403810,3395215,508,0,12,-75.4,530,100.0,25.0,103.07764064044152,-1,75.96375653207355,-22,9,3,12.047946516523266
1636,2579801,403710.0,3395190.0,21,0,6,3,2585.0,9.2,509,0,5,403800,3395205,508,0,12,-60.42,530,90.0,15.0,91.2414379544733,-1,80.53767779197437,-22,9,3,13.556313732907606
1637,2579801,403710.0,3395190.0,21,0,6,3,2585.0,9.2,509,0,5,403995,3395080,507,0,6,-76.5,530,285.0,-110.0,305.49140740780257,-2,111.10483858492967,-23,9,3,4.305592244163834
1638,2579801,403710.0,3395190.0,21,0,6,3,2585.0,9.2,509,0,5,403910,3395155,507,0,5,-77.2,530,200.0,-35.0,203.03940504246953,-2,99.9262455066517,-23,9,3,6.462830413821018
1639,2579801,403710.0,3395190.0,21,0,6,3,2585.0,9.2,509,0,5,403860,3395185,507,0,10,-78.29,530,150.0,-5.0,150.08331019803634,-2,91.9091524329964,-23,9,3,8.712692238377269
1640,2579801,403710.0,3395190.0,21,0,6,3,2585.0,9.2,509,0,5,403880,3395125,507,0,7,-82.25,530,170.0,-65.0,182.00274723201295,-2,110.92450174492114,-23,9,3,7.202387805432666
1641,2579801,403710.0,3395190.0,21,0,6,3,2585.0,9.2,509,0,5,403950,3395115,508,0,5,-64.0,530,240.0,-75.0,251.44581921360316,-1,107.35402463626133,-22,9,3,5.000303320244058
1642,2579801,403710.0,3395190.0,21,0,6,3,2585.0,9.2,509,0,5,403835,3395240,509,0,5,-85.4,530,125.0,50.0,134.6291201783626,0,68.19859051364818,-21,9,3,8.86578579143473
1643,2579801,403710.0,3395190.0,21,0,6,3,2585.0,9.2,509,0,5,403840,3395165,506,0,10,-68.86,530,130.0,-25.0,132.38202294873727,-3,100.88552705465872,-24,9,3,10.275743599491749
1644,2579801,403710.0,3395190.0,21,0,6,3,2585.0,9.2,509,0,5,403935,3395100,507,0,5,-78.5,530,225.0,-90.0,242.33241632105268,-2,111.80140948635182,-23,9,3,5.421755937846666
1645,2579801,403710.0,3395190.0,21,0,6,3,2585.0,9.2,509,0,5,403955,3395120,508,0,10,-67.33,530,245.0,-70.0,254.80384612481814,-1,105.94539590092285,-22,9,3,4.934732527936344
1646,2579801,403710.0,3395190.0,21,0,6,3,2585.0,9.2,509,0,5,403750,3395250,509,0,5,-72.5,530,40.0,60.0,72.11102550927978,0,33.69006752597977,-21,9,3,16.2364895842864
1647,2579801,403710.0,3395190.0,21,0,6,3,2585.0,9.2,509,0,5,403850,3395070,507,0,10,-98.5,530,140.0,-120.0,184.39088914585776,-2,130.6012946450045,-23,9,3,7.110066817843953
1648,2579801,403710.0,3395190.0,21,0,6,3,2585.0,9.2,509,0,5,403965,3395195,509,75,5,-111.0,530,255.0,5.0,255.04901489713697,0,88.87669728592459,-21,9,3,4.706951562734732
1649,2579801,403710.0,3395190.0,21,0,6,3,2585.0,9.2,509,0,5,403880,3395120,507,0,7,-81.0,530,170.0,-70.0,183.84776310850236,-2,112.3801350519596,-23,9,3,7.130855574924376
1650,2579801,403710.0,3395190.0,21,0,6,3,2585.0,9.2,509,0,5,403885,3395115,507,87,7,-82.29,530,175.0,-75.0,190.3943276465977,-2,113.19859051364818,-23,9,3,6.888063399139516
1651,2579801,403710.0,3395190.0,21,0,6,3,2585.0,9.2,509,0,5,403895,3395105,506,0,7,-85.5,530,185.0,-85.0,203.59273071502332,-3,114.67686317033707,-24,9,3,6.723136495724994
1652,2579801,403710.0,3395190.0,21,0,6,3,2585.0,9.2,509,0,5,403755,3395245,509,0,5,-75.83,530,45.0,55.0,71.06335201775947,0,39.28940686250036,-21,9,3,16.462988038278745
1653,2579801,403710.0,3395190.0,21,0,6,3,2585.0,9.2,509,0,5,403695,3395225,509,0,5,-88.0,530,-15.0,35.0,38.07886552931954,0,336.8014094863518,-21,9,3,28.876165224276132
1654,2579801,403710.0,3395190.0,21,0,6,3,2585.0,9.2,509,0,5,403680,3395240,508,0,5,-84.71,530,-30.0,50.0,58.309518948453004,-1,329.03624346792645,-22,9,3,20.671335055030994
1655,2579801,403710.0,3395190.0,21,0,6,3,2585.0,9.2,509,0,5,403685,3395235,508,0,5,-74.0,530,-25.0,45.0,51.478150704935004,-1,330.94539590092285,-22,9,3,23.140205534381032
1656,2579801,403710.0,3395190.0,21,0,6,3,2585.0,9.2,509,0,5,403890,3395110,506,87,7,-83.83,530,180.0,-80.0,196.9771560359221,-3,113.9624889745782,-24,9,3,6.946765292343983
1657,2579801,403710.0,3395190.0,21,0,6,3,2585.0,9.2,509,0,5,403795,3395285,509,0,5,-71.0,530,85.0,95.0,127.47548783981962,0,41.82016988013578,-21,9,3,9.354745938095656
1658,2579801,403710.0,3395190.0,21,0,6,3,2585.0,9.2,509,0,5,403955,3395125,508,0,10,-69.5,530,245.0,-65.0,253.4758371127315,-1,104.85861444792465,-22,9,3,4.960457882758143
1659,2579801,403710.0,3395190.0,21,0,6,3,2585.0,9.2,509,0,5,403950,3395130,508,0,5,-71.8,530,240.0,-60.0,247.38633753705963,-1,104.03624346792651,-22,9,3,5.081929484202042
1660,2579801,403710.0,3395190.0,21,0,6,3,2585.0,9.2,509,0,5,403945,3395135,508,0,10,-74.6,530,235.0,-55.0,241.3503677229434,-1,103.17255342332692,-22,9,3,5.208333732710332
1661,2579801,403710.0,3395190.0,21,0,6,3,2585.0,9.2,509,0,5,403940,3395140,508,0,10,-75.0,530,230.0,-50.0,235.3720459187964,-1,102.26477372789242,-22,9,3,5.33986725558571
1662,2579801,403710.0,3395190.0,21,0,6,3,2585.0,9.2,509,0,5,403610,3395200,509,0,7,-94.6,530,-100.0,10.0,100.4987562112089,0,275.71059313749964,-21,9,3,11.802576179424635
1663,2579801,403710.0,3395190.0,21,0,6,3,2585.0,9.2,509,0,5,403655,3395155,509,0,5,-96.0,530,-55.0,-35.0,65.19202405202648,0,237.52880770915152,-21,9,3,17.855062794067003
1664,2579801,403710.0,3395190.0,21,0,6,3,2585.0,9.2,509,0,5,403550,3395100,510,0,6,-97.57,530,-160.0,-90.0,183.5755975068582,1,240.64224645720873,-20,9,3,6.217677251124683
1665,2579801,403710.0,3395190.0,21,0,6,3,2585.0,9.2,509,0,5,403620,3395170,509,0,6,-92.58,530,-90.0,-20.0,92.19544457292888,0,257.4711922908485,-21,9,3,12.831735626424479
1666,2579801,403710.0,3395190.0,21,0,6,3,2585.0,9.2,509,0,5,403570,3395080,510,0,6,-99.0,530,-140.0,-110.0,178.04493814764857,1,231.84277341263095,-20,9,3,6.409235404577621
1667,2579801,403710.0,3395190.0,21,0,6,3,2585.0,9.2,509,0,5,403555,3395095,510,0,7,-98.0,530,-155.0,-95.0,181.79658962697843,1,238.4957332807958,-20,9,3,6.278038098723852
1668,2579801,403710.0,3395190.0,21,0,6,3,2585.0,9.2,509,0,5,404130,3395320,508,0,6,-103.5,530,420.0,130.0,439.65895873961216,-1,72.80145877993414,-22,9,3,2.86462188268365
1669,2579801,403710.0,3395190.0,21,0,6,3,2585.0,9.2,509,0,5,404150,3395300,507,0,5,-106.0,530,440.0,110.0,453.54161881794266,-2,75.96375653207355,-23,9,3,2.9030963128496095
1670,2579801,403710.0,3395190.0,21,0,6,3,2585.0,9.2,509,0,5,404145,3395285,508,0,5,-99.5,530,435.0,95.0,445.25273721786374,-1,77.68055474336342,-22,9,3,2.82869201975641
1671,2579801,403710.0,3395190.0,21,0,6,3,2585.0,9.2,509,0,5,404135,3395315,508,0,6,-105.25,530,425.0,125.0,443.00112866673373,-1,73.61045966596521,-22,9,3,2.8430456716391017
1672,2579801,403710.0,3395190.0,21,0,6,3,2585.0,9.2,509,0,5,403560,3395070,510,0,6,-97.0,530,-150.0,-120.0,192.09372712298546,1,231.3401917459099,-20,9,3,5.943982216464175
1673,2579801,403710.0,3395190.0,21,0,6,3,2585.0,9.2,509,0,5,403645,3395145,509,0,5,-95.5,530,-65.0,-45.0,79.05694150420949,0,235.30484646876602,-21,9,3,14.876020429940661
1674,2579801,403710.0,3395190.0,21,0,6,3,2585.0,9.2,509,0,5,404140,3395290,508,0,5,-97.67,530,430.0,100.0,441.47480109288233,-1,76.90810693565317,-22,9,3,2.85285883110091
1675,2579801,403710.0,3395190.0,21,0,6,3,2585.0,9.2,509,0,5,403635,3395175,509,0,5,-85.75,530,-75.0,-15.0,76.48529270389177,0,258.69006752597977,-21,9,3,15.35294889462336
1676,2579801,403710.0,3395190.0,21,0,6,3,2585.0,9.2,509,0,5,403625,3395165,509,0,5,-98.0,530,-85.0,-25.0,88.60022573334675,0,253.6104596659652,-21,9,3,13.334166500830689
1677,2579801,403710.0,3395190.0,21,0,6,3,2585.0,9.2,509,0,5,403630,3395180,509,0,5,-90.75,530,-80.0,-10.0,80.62257748298549,0,262.8749836510982,-21,9,3,14.599595080188077
1678,2579801,403710.0,3395190.0,21,0,6,3,2585.0,9.2,509,0,5,403615,3395195,509,0,6,-93.0,530,-95.0,5.0,95.13148795220224,0,273.01278750418334,-21,9,3,12.448241599896843
1679,2579801,403710.0,3395190.0,21,0,6,3,2585.0,9.2,509,0,5,403605,3395185,510,0,7,-92.78,530,-105.0,-5.0,105.11898020814318,1,267.2736890060937,-20,9,3,10.772377311684824
1680,2579801,403710.0,3395190.0,21,0,6,3,2585.0,9.2,509,0,5,403545,3395085,510,0,7,-97.5,530,-165.0,-105.0,195.57607215607945,1,237.52880770915152,-20,9,3,5.838883961363821
1681,2579801,403710.0,3395190.0,21,0,6,3,2585.0,9.2,509,0,5,403600,3395190,510,0,6,-88.67,530,-110.0,0.0,110.0,1,270.0,-20,9,3,10.304846468766033
1682,2579801,403710.0,3395190.0,21,0,6,3,2585.0,9.2,509,0,5,403770,3395040,507,0,5,-105.67,530,60.0,-150.0,161.55494421403512,-2,158.19859051364824,-23,9,3,8.102546774840484
1683,2579801,403710.0,3395190.0,21,0,6,3,2585.0,9.2,509,0,5,403915,3395240,510,0,5,-101.0,530,205.0,50.0,211.00947846009194,1,76.2930389959202,-20,9,3,5.414460290237505
1684,2579801,403710.0,3395190.0,21,0,6,3,2585.0,9.2,509,0,5,403770,3395175,508,27,5,-79.0,530,60.0,-15.0,61.84658438426491,-1,104.03624346792651,-22,9,3,19.581434831158294
1685,2579801,403710.0,3395190.0,21,0,6,3,2585.0,9.2,509,0,5,403855,3395260,510,0,7,-101.75,530,145.0,70.0,161.01242188104618,1,64.2306723756613,-20,9,3,7.080671484593654
1686,2579801,403710.0,3395190.0,21,0,6,3,2585.0,9.2,509,0,5,403890,3395215,509,0,5,-94.0,530,180.0,25.0,181.72781845386248,0,82.09283729704157,-21,9,3,6.59171602334276
1687,2579801,403710.0,3395190.0,21,0,6,3,2585.0,9.2,509,0,5,403900,3395225,509,0,5,-98.5,530,190.0,35.0,193.19679086361657,0,79.56252464888183,-21,9,3,6.203550141960735
1688,2579801,403710.0,3395190.0,21,0,6,3,2585.0,9.2,509,0,5,403840,3395245,509,0,5,-98.0,530,130.0,55.0,141.15594213493105,0,67.06789956241022,-21,9,3,8.461921694541726
1689,2579801,403710.0,3395190.0,21,0,6,3,2585.0,9.2,509,0,5,403805,3395130,507,0,5,-81.33,530,95.0,-60.0,112.36102527122117,-2,122.27564431457762,-23,9,3,11.56848199945067
1690,2579801,403710.0,3395190.0,21,0,6,3,2585.0,9.2,509,0,5,403880,3395205,508,0,6,-85.5,530,170.0,15.0,170.66048165876012,-1,84.95754893082909,-22,9,3,7.345541048430621
1691,2579801,403710.0,3395190.0,21,0,6,3,2585.0,9.2,509,0,5,403910,3395235,510,0,10,-91.0,530,200.0,45.0,205.0,1,77.31961650818016,-20,9,3,5.572197803963795
1692,2579801,403710.0,3395190.0,21,0,6,3,2585.0,9.2,509,0,5,403885,3395210,509,0,5,-86.0,530,175.0,20.0,176.13914953808538,0,83.48019824834302,-21,9,3,6.798934550843904
1693,2579801,403710.0,3395190.0,21,0,6,3,2585.0,9.2,509,0,5,403830,3395155,506,0,5,-69.88,530,120.0,-35.0,125.0,-3,106.26020470831196,-24,9,3,10.868525340168706
1694,2579801,403710.0,3395190.0,21,0,6,3,2585.0,9.2,509,0,5,403790,3395195,508,0,5,-68.28,530,80.0,5.0,80.15609770940699,-1,86.42366562500263,-22,9,3,15.347720456390956
1695,2579801,403710.0,3395190.0,21,0,6,3,2585.0,9.2,509,0,5,403775,3395180,508,27,5,-69.8,530,65.0,-10.0,65.76473218982953,-1,98.74616226255523,-22,9,3,18.49641806204102
1696,2579801,403710.0,3395190.0,21,0,6,3,2585.0,9.2,509,0,5,403835,3395160,506,0,5,-67.15,530,125.0,-30.0,128.5496013218244,-3,103.49573328079583,-24,9,3,10.575278269085445
1697,2579801,403710.0,3395190.0,21,0,6,3,2585.0,9.2,509,0,5,403795,3395200,508,0,5,-65.43,530,85.0,10.0,85.58621384311844,-1,83.29016319224309,-22,9,3,14.415822688254769
1698,2579801,403710.0,3395190.0,21,0,6,3,2585.0,9.2,509,0,5,403825,3395150,506,0,10,-66.33,530,115.0,-40.0,121.75795661885921,-3,109.17900802581073,-24,9,3,11.150759177617072
1699,2579801,403710.0,3395190.0,21,0,6,3,2585.0,9.2,509,0,5,403820,3395145,506,0,5,-68.5,530,110.0,-45.0,118.84864324004712,-3,112.24902365721238,-24,9,3,11.416634504981456
1700,2579801,403710.0,3395190.0,21,0,6,3,2585.0,9.2,509,0,5,403780,3395185,508,5,5,-75.0,530,70.0,-5.0,70.178344238091,-1,94.08561677997488,-22,9,3,17.4055309026615
1701,2579801,403710.0,3395190.0,21,0,6,3,2585.0,9.2,509,0,5,403800,3395125,507,0,5,-75.75,530,90.0,-65.0,111.01801655587259,-2,125.83765295427827,-23,9,3,11.70458936917921
1702,2579801,403710.0,3395190.0,21,0,6,3,2585.0,9.2,509,0,5,403785,3395190,508,0,5,-70.0,530,75.0,0.0,75.0,-1,90.0,-22,9,3,16.34817154735125
1703,2579801,403710.0,3395190.0,21,0,6,3,2585.0,9.2,509,0,5,403350,3395430,509,0,7,-91.5,530,-360.0,240.0,432.6661530556787,0,303.69006752597977,-21,9,3,2.778742605770657
1704,2579801,403710.0,3395190.0,21,0,6,3,2585.0,9.2,509,0,5,403340,3395440,509,0,7,-95.0,530,-370.0,250.0,446.5422712353221,0,304.04593735660166,-21,9,3,2.6925234205304083
1705,2579801,403710.0,3395190.0,21,0,6,3,2585.0,9.2,509,0,5,403855,3395070,507,0,10,-101.5,530,145.0,-120.0,188.2153022471871,-2,129.6106882400266,-23,9,3,6.967029252495483
1706,2579801,403710.0,3395190.0,21,0,6,3,2585.0,9.2,509,0,5,403950,3395125,508,0,10,-75.5,530,240.0,-65.0,248.64633518312712,-1,105.15406805031262,-22,9,3,5.056311001368523
1707,2579801,403710.0,3395190.0,21,0,6,3,2585.0,9.2,509,0,5,403795,3395290,509,0,10,-76.25,530,85.0,100.0,131.24404748406687,0,40.36453657309738,-21,9,3,9.090682322052755
1708,2579801,403710.0,3395190.0,21,0,6,3,2585.0,9.2,509,0,5,403905,3395100,506,0,7,-83.0,530,195.0,-90.0,214.76731594914529,-3,114.77514056883194,-24,9,3,6.376283203492619
1709,2579801,403710.0,3395190.0,21,0,6,3,2585.0,9.2,509,0,5,403680,3395235,508,0,5,-83.5,530,-30.0,45.0,54.08326913195984,-1,326.30993247402023,-22,9,3,22.135515617087698
1710,2579801,403710.0,3395190.0,21,0,6,3,2585.0,9.2,509,0,5,403880,3395115,507,0,7,-82.8,530,170.0,-75.0,185.80904176062046,-2,113.80594351845775,-23,9,3,7.056349699052422
1711,2579801,403710.0,3395190.0,21,0,6,3,2585.0,9.2,509,0,5,403695,3395230,509,0,5,-80.0,530,-15.0,40.0,42.720018726587654,0,339.44395478041656,-21,9,3,26.17747704652569
1712,2579801,403710.0,3395190.0,21,0,6,3,2585.0,9.2,509,0,5,403945,3395140,508,0,10,-70.5,530,235.0,-50.0,240.26027553467927,-1,102.01147838636541,-22,9,3,5.231833777727165
1713,2579801,403710.0,3395190.0,21,0,6,3,2585.0,9.2,509,0,5,403685,3395240,508,0,5,-92.14,530,-25.0,50.0,55.90169943749474,-1,333.434948822922,-22,9,3,21.4820173376628
1714,2579801,403710.0,3395190.0,21,0,6,3,2585.0,9.2,509,0,5,403885,3395120,507,0,7,-82.71,530,175.0,-70.0,188.48076824970764,-2,111.80140948635182,-23,9,3,6.957312770586919
1715,2579801,403710.0,3395190.0,21,0,6,3,2585.0,9.2,509,0,5,403895,3395110,506,87,7,-80.0,530,185.0,-80.0,201.55644370746373,-3,113.38522105721376,-24,9,3,6.7904279722237675
1716,2579801,403710.0,3395190.0,21,0,6,3,2585.0,9.2,509,0,5,403890,3395105,506,87,7,-77.5,530,180.0,-85.0,199.06029237394384,-3,115.27772223555297,-24,9,3,6.874767785652846
1717,2579801,403710.0,3395190.0,21,0,6,3,2585.0,9.2,509,0,5,403985,3395180,510,0,5,-106.0,530,275.0,-10.0,275.1817581163403,1,92.08256527973089,-20,9,3,4.1569044757141445
1718,2579801,403710.0,3395190.0,21,0,6,3,2585.0,9.2,509,0,5,403935,3395150,508,75,5,-91.5,530,225.0,-40.0,228.52789764052878,-1,100.08059798754232,-22,9,3,5.498824069713869
1719,2579801,403710.0,3395190.0,21,0,6,3,2585.0,9.2,509,0,5,403930,3395145,508,0,5,-83.5,530,220.0,-45.0,224.5551157288562,-1,101.5601307942178,-22,9,3,5.595496040547377
1720,2579801,403710.0,3395190.0,21,0,6,3,2585.0,9.2,509,0,5,403790,3395285,509,0,10,-76.0,530,80.0,95.0,124.19742348374221,0,40.10090754621223,-21,9,3,9.59711980646969
1721,2579801,403710.0,3395190.0,21,0,6,3,2585.0,9.2,509,0,5,403955,3395155,509,75,6,-99.0,530,245.0,-35.0,247.48737341529164,0,98.13010235415595,-21,9,3,4.850090156191999
1722,2579801,403710.0,3395190.0,21,0,6,3,2585.0,9.2,509,0,5,403690,3395220,509,0,5,-83.0,530,-20.0,30.0,36.05551275463989,0,326.30993247402023,-21,9,3,30.218027947470084
1723,2579801,403710.0,3395190.0,21,0,6,3,2585.0,9.2,509,0,5,403715,3395235,509,0,5,-80.0,530,5.0,45.0,45.27692569068709,0,6.3401917459099195,-21,9,3,24.882455437745982
1724,2579801,403710.0,3395190.0,21,0,6,3,2585.0,9.2,509,0,5,403910,3395120,507,0,5,-77.33,530,200.0,-70.0,211.8962010041709,-2,109.29004621918875,-23,9,3,6.194843825595767
1725,2579801,403710.0,3395190.0,21,0,6,3,2585.0,9.2,509,0,5,403935,3395135,508,0,10,-77.0,530,225.0,-55.0,231.62469643800938,-1,103.73626830562256,-22,9,3,5.425747025493239
1726,2579801,403710.0,3395190.0,21,0,6,3,2585.0,9.2,509,0,5,403685,3395205,509,0,5,-82.83,530,-25.0,15.0,29.154759474226502,0,300.9637565320735,-21,9,3,35.76498176851243
1727,2579801,403710.0,3395190.0,21,0,6,3,2585.0,9.2,509,0,5,403900,3395110,506,0,7,-80.25,530,190.0,-80.0,206.15528128088303,-3,112.83365417791754,-24,9,3,6.640317538681618
1728,2579801,403710.0,3395190.0,21,0,6,3,2585.0,9.2,509,0,5,403975,3395175,510,0,5,-97.25,530,265.0,-15.0,265.42418879973997,1,93.23970029610211,-20,9,3,4.309155843954867
1729,2579801,403710.0,3395190.0,21,0,6,3,2585.0,9.2,509,0,5,403920,3395130,507,0,10,-68.0,530,210.0,-60.0,218.40329667841556,-2,105.94539590092285,-23,9,3,6.01164710987844
1730,2579801,403710.0,3395190.0,21,0,6,3,2585.0,9.2,509,0,5,403905,3395105,506,0,7,-78.0,530,195.0,-85.0,212.72047386182646,-3,113.55226367289464,-24,9,3,6.437124607664694
1731,2579801,403710.0,3395190.0,21,0,6,3,2585.0,9.2,509,0,5,403885,3395085,506,87,7,-75.0,530,175.0,-105.0,204.08331631958552,-3,120.96375653207349,-24,9,3,6.707122501026648
1732,2579801,403710.0,3395190.0,21,0,6,3,2585.0,9.2,509,0,5,403695,3395215,509,0,5,-82.5,530,-15.0,25.0,29.154759474226502,0,329.03624346792645,-21,9,3,35.76498176851243
1733,2579801,403710.0,3395190.0,21,0,6,3,2585.0,9.2,509,0,5,403940,3395150,508,75,5,-83.8,530,230.0,-40.0,233.45235059857504,-1,99.86580694308441,-22,9,3,5.3835204222950175
1734,2579801,403710.0,3395190.0,21,0,6,3,2585.0,9.2,509,0,5,403865,3395065,507,0,10,-100.67,530,155.0,-125.0,199.12307751739877,-2,128.88449643371462,-23,9,3,6.588833510412808
1735,2579801,403710.0,3395190.0,21,0,6,3,2585.0,9.2,509,0,5,403890,3395100,506,87,7,-85.0,530,180.0,-90.0,201.24611797498108,-3,116.56505117707798,-24,9,3,6.8008009563797565
1736,2579801,403710.0,3395190.0,21,0,6,3,2585.0,9.2,509,0,5,403930,3395140,508,0,10,-74.5,530,220.0,-50.0,225.61028345356956,-1,102.80426606528675,-22,9,3,5.569491116534267
1737,2579801,403710.0,3395190.0,21,0,6,3,2585.0,9.2,509,0,5,403680,3395210,509,0,5,-88.5,530,-30.0,20.0,36.05551275463989,0,303.69006752597977,-21,9,3,30.218027947470084
1738,2579801,403710.0,3395190.0,21,0,6,3,2585.0,9.2,509,0,5,403925,3395125,507,0,10,-71.38,530,215.0,-65.0,224.61077445216202,-2,106.82140989004085,-23,9,3,5.846672748038966
1739,2579801,403710.0,3395190.0,21,0,6,3,2585.0,9.2,509,0,5,403915,3395115,507,0,5,-77.6,530,205.0,-75.0,218.28879952943075,-2,110.09523119190482,-23,9,3,6.014777238055329
1740,2579801,403710.0,3395190.0,21,0,6,3,2585.0,9.2,509,0,5,403755,3395180,508,0,5,-77.0,530,45.0,-10.0,46.09772228646444,-1,102.52880770915152,-22,9,3,25.512670167569127
1741,2579801,403710.0,3395190.0,21,0,6,3,2585.0,9.2,509,0,5,403805,3395110,507,0,5,-87.0,530,95.0,-80.0,124.19742348374221,-2,130.10090754621228,-23,9,3,10.491689828714328
1742,2579801,403710.0,3395190.0,21,0,6,3,2585.0,9.2,509,0,5,403785,3395050,507,0,10,-102.0,530,75.0,-140.0,158.8238017426859,-2,151.82140989004085,-23,9,3,8.239981179750036
1743,2579801,403710.0,3395190.0,21,0,6,3,2585.0,9.2,509,0,5,403865,3395290,510,0,5,-85.0,530,155.0,100.0,184.45866745696716,1,57.17145820858747,-20,9,3,6.188142481353524
1744,2579801,403710.0,3395190.0,21,0,6,3,2585.0,9.2,509,0,5,403780,3395045,507,0,5,-89.0,530,70.0,-145.0,161.01242188104618,-2,154.23067237566124,-23,9,3,8.129483512810486
1745,2579801,403710.0,3395190.0,21,0,6,3,2585.0,9.2,509,0,5,403745,3395170,509,0,5,-73.5,530,35.0,-20.0,40.311288741492746,0,119.74488129694225,-21,9,3,27.51707508464421
1746,2579801,403710.0,3395190.0,21,0,6,3,2585.0,9.2,509,0,5,403740,3395165,509,0,5,-82.0,530,30.0,-25.0,39.05124837953327,0,129.8055710922652,-21,9,3,28.269359295540557
1747,2579801,403710.0,3395190.0,21,0,6,3,2585.0,9.2,509,0,5,403695,3395160,509,0,5,-89.0,530,-15.0,-30.0,33.54101966249684,0,206.565051177078,-21,9,3,32.05064263526879
1748,2579801,403710.0,3395190.0,21,0,6,3,2585.0,9.2,509,0,5,403730,3395195,509,0,5,-77.0,530,20.0,5.0,20.615528128088304,0,75.96375653207355,-21,9,3,45.52932138289488
1749,2579801,403710.0,3395190.0,21,0,6,3,2585.0,9.2,509,0,5,403585,3395170,510,0,6,-90.0,530,-125.0,-20.0,126.58988901172162,1,260.9097230791777,-20,9,3,8.977979959243688
1750,2579801,403710.0,3395190.0,21,0,6,3,2585.0,9.2,509,0,5,404130,3395275,508,0,5,-99.0,530,420.0,85.0,428.51487722131657,-1,78.55895613123255,-22,9,3,2.9389911063251715
1751,2579801,403710.0,3395190.0,21,0,6,3,2585.0,9.2,509,0,5,404135,3395280,508,0,5,-102.5,530,425.0,90.0,434.42490720491617,-1,78.04341575685089,-22,9,3,2.899076979971191
1752,2579801,403710.0,3395190.0,21,0,6,3,2585.0,9.2,509,0,5,403590,3395175,510,0,6,-90.1,530,-120.0,-15.0,120.93386622447825,1,262.8749836510982,-20,9,3,9.390559418510566
1753,2579801,403710.0,3395190.0,21,0,6,3,2585.0,9.2,509,0,5,403640,3395105,509,0,5,-91.75,530,-70.0,-85.0,110.11357772772621,0,219.47245984834382,-21,9,3,10.797344886078069
1754,2579801,403710.0,3395190.0,21,0,6,3,2585.0,9.2,509,0,5,403595,3395180,510,0,6,-92.6,530,-115.0,-10.0,115.43396380615195,1,265.0302592718897,-20,9,3,9.82944209858692
1755,2579801,403710.0,3395190.0,21,0,6,3,2585.0,9.2,509,0,5,403840,3395280,510,0,5,-95.5,530,130.0,90.0,158.11388300841898,1,55.304846468766016,-20,9,3,7.209120586689089
1756,2579801,403710.0,3395190.0,21,0,6,3,2585.0,9.2,509,0,5,403855,3395265,510,0,7,-105.0,530,145.0,75.0,163.24827717314508,1,62.65012421993015,-20,9,3,6.984658781092986
1757,2579801,403710.0,3395190.0,21,0,6,3,2585.0,9.2,509,0,5,403830,3395130,506,0,10,-78.33,530,120.0,-60.0,134.16407864998737,-3,116.56505117707798,-24,9,3,10.142106156573984
1758,2579801,403710.0,3395190.0,21,0,6,3,2585.0,9.2,509,0,5,403810,3395150,506,27,5,-60.0,530,100.0,-40.0,107.70329614269008,-3,111.80140948635182,-24,9,3,12.562228295302136
1759,2579801,403710.0,3395190.0,21,0,6,3,2585.0,9.2,509,0,5,403820,3395140,506,0,10,-79.33,530,110.0,-50.0,120.83045973594572,-3,114.44395478041656,-24,9,3,11.234183630462516
1760,2579801,403710.0,3395190.0,21,0,6,3,2585.0,9.2,509,0,5,403760,3395200,509,0,5,-69.7,530,50.0,10.0,50.99019513592785,0,78.69006752597977,-21,9,3,22.384013836802293
1761,2579801,403710.0,3395190.0,21,0,6,3,2585.0,9.2,509,0,5,403770,3395190,508,0,5,-69.43,530,60.0,0.0,60.0,-1,90.0,-22,9,3,20.136303428248137
1762,2579801,403710.0,3395190.0,21,0,6,3,2585.0,9.2,509,0,5,403790,3395170,507,27,5,-74.5,530,80.0,-20.0,82.46211251235322,-2,104.03624346792651,-23,9,3,15.584635293630209
1763,2579801,403710.0,3395190.0,21,0,6,3,2585.0,9.2,509,0,5,403785,3395175,508,0,5,-79.14,530,75.0,-15.0,76.48529270389177,-1,101.30993247402023,-22,9,3,16.047193190970088
1764,2579801,403710.0,3395190.0,21,0,6,3,2585.0,9.2,509,0,5,403795,3395165,507,27,5,-83.25,530,85.0,-25.0,88.60022573334675,-2,106.38954033403479,-23,9,3,14.552372195510205
1765,2579801,403710.0,3395190.0,21,0,6,3,2585.0,9.2,509,0,5,403780,3395180,508,0,5,-69.5,530,70.0,-10.0,70.71067811865476,-1,98.13010235415595,-22,9,3,17.28232754551572
1766,2579801,403710.0,3395190.0,21,0,6,3,2585.0,9.2,509,0,5,403835,3395125,506,0,10,-73.33,530,125.0,-65.0,140.8900280360537,-3,117.47443162627712,-24,9,3,9.66729088924227
1767,2579801,403710.0,3395190.0,21,0,6,3,2585.0,9.2,509,0,5,403765,3395195,508,0,5,-69.0,530,55.0,5.0,55.226805085936306,-1,84.80557109226521,-22,9,3,21.72022495445403
1768,2579801,403710.0,3395190.0,21,0,6,3,2585.0,9.2,509,0,5,403875,3395245,510,0,5,-87.0,530,165.0,55.0,173.92527130926086,1,71.56505117707798,-20,9,3,6.559739205318192
1769,2579801,403710.0,3395190.0,21,0,6,3,2585.0,9.2,509,0,5,403815,3395145,506,0,5,-61.33,530,105.0,-45.0,114.23659658795863,-3,113.19859051364818,-24,9,3,11.864733904530008
1770,2579801,403710.0,3395190.0,21,0,6,3,2585.0,9.2,509,0,5,403800,3395160,507,27,5,-65.67,530,90.0,-30.0,94.86832980505137,-2,108.43494882292202,-23,9,3,13.627917246160948
1771,2579801,403710.0,3395190.0,21,0,6,3,2585.0,9.2,509,0,5,403910,3395210,509,0,5,-104.0,530,200.0,20.0,200.9975124224178,0,84.28940686250036,-21,9,3,5.9645603865543535
1772,2579801,403710.0,3395190.0,21,0,6,3,2585.0,9.2,509,0,5,403825,3395135,506,0,10,-75.5,530,115.0,-55.0,127.47548783981962,-3,115.55996517182382,-24,9,3,10.662351169930817
1773,2579801,403710.0,3395190.0,21,0,6,3,2585.0,9.2,509,0,5,403775,3395185,508,0,5,-75.11,530,65.0,-5.0,65.19202405202648,-1,94.39870535499551,-22,9,3,18.647717619180774
1774,2579801,403710.0,3395190.0,21,0,6,3,2585.0,9.2,509,0,5,404250,3395030,506,0,10,-85.5,530,540.0,-160.0,563.2051136131489,-3,106.50436138175502,-24,9,3,2.4400830861926033
1775,2579801,403710.0,3395190.0,21,0,6,3,2585.0,9.2,509,0,5,403375,3395425,510,0,7,-96.33,530,-335.0,235.0,409.20654931220247,1,305.0493733120484,-20,9,3,2.798108812642997
1776,2579801,403710.0,3395190.0,21,0,6,3,2585.0,9.2,509,0,5,403395,3395405,510,0,12,-96.25,530,-315.0,215.0,381.3790765104976,1,304.3150875999973,-20,9,3,3.001913149493682
1777,2579801,403710.0,3395190.0,21,0,6,3,2585.0,9.2,509,0,5,403360,3395440,509,0,7,-92.5,530,-350.0,250.0,430.11626335213134,0,305.5376777919744,-21,9,3,2.795189980174175
1778,2579801,403710.0,3395190.0,21,0,6,3,2585.0,9.2,509,0,5,403365,3395435,510,0,7,-91.2,530,-345.0,245.0,423.14300183271376,1,305.38027220030114,-20,9,3,2.706090842199359
1779,2579801,403710.0,3395190.0,21,0,6,3,2585.0,9.2,509,0,5,403385,3395415,510,0,5,-96.0,530,-325.0,225.0,395.28470752104744,1,304.695153531234,-20,9,3,2.896492628579106
1780,2579801,403710.0,3395190.0,21,0,6,3,2585.0,9.2,509,0,5,403410,3395390,510,0,12,-93.5,530,-300.0,200.0,360.5551275463989,1,303.69006752597977,-20,9,3,3.17494432830295
1781,2579801,403710.0,3395190.0,21,0,6,3,2585.0,9.2,509,0,5,403370,3395430,510,0,7,-86.33,530,-340.0,240.0,416.17304093369626,1,305.2175929681927,-20,9,3,2.75134270098812
1782,2579801,403710.0,3395190.0,21,0,6,3,2585.0,9.2,509,0,5,403635,3395265,509,0,6,-84.5,530,-75.0,75.0,106.06601717798213,0,315.0,-21,9,3,11.199149096448238
1783,2579801,403710.0,3395190.0,21,0,6,3,2585.0,9.2,509,0,5,403675,3395225,508,0,5,-85.2,530,-35.0,35.0,49.49747468305833,-1,315.0,-22,9,3,23.963573856804494
1784,2579801,403710.0,3395190.0,21,0,6,3,2585.0,9.2,509,0,5,403645,3395215,508,0,6,-91.0,530,-65.0,25.0,69.6419413859206,-1,291.0375110254218,-22,9,3,17.531409456434453
1785,2579801,403710.0,3395190.0,21,0,6,3,2585.0,9.2,509,0,5,403640,3395220,509,0,6,-92.0,530,-70.0,30.0,76.15773105863909,0,293.1985905136482,-21,9,3,15.415848529477984
1786,2579801,403710.0,3395190.0,21,0,6,3,2585.0,9.2,509,0,5,404075,3395145,509,0,5,-91.0,530,365.0,-45.0,367.76351096866586,0,97.0283962389496,-21,9,3,3.2681496251594697
1787,2579801,403710.0,3395190.0,21,0,6,3,2585.0,9.2,509,0,5,404045,3395135,509,0,5,-95.2,530,335.0,-55.0,339.4849039353591,0,99.323591778138,-21,9,3,3.5397161639258368
1788,2579801,403710.0,3395190.0,21,0,6,3,2585.0,9.2,509,0,5,403650,3395210,508,0,5,-92.0,530,-60.0,20.0,63.245553203367585,-1,288.434948822922,-22,9,3,19.180257996239774
1789,2579801,403710.0,3395190.0,21,0,6,3,2585.0,9.2,509,0,5,403670,3395230,508,0,5,-86.57,530,-40.0,40.0,56.568542494923804,-1,315.0,-22,9,3,21.251492955248168
1790,2579801,403710.0,3395190.0,21,0,6,3,2585.0,9.2,509,0,5,404020,3395200,510,0,13,-105.5,530,310.0,10.0,310.16124838541646,1,88.1523897340054,-20,9,3,3.689472189832271
1791,2579801,403710.0,3395190.0,21,0,6,3,2585.0,9.2,509,0,5,404065,3395155,509,0,5,-95.8,530,355.0,-35.0,356.72117963473937,0,95.63068275763527,-21,9,3,3.3690858971945605
1792,2579801,403710.0,3395190.0,21,0,6,3,2585.0,9.2,509,0,5,404380,3394840,505,9,2,-102.5,530,670.0,-350.0,755.9100475585703,-4,117.58202920779718,-25,9,3,1.894236730494997
1793,2579801,403710.0,3395190.0,21,0,6,3,2585.0,9.2,509,0,5,403665,3395235,508,0,5,-88.0,530,-45.0,45.0,63.63961030678928,-1,315.0,-22,9,3,19.07009615613287
1794,2579801,403710.0,3395190.0,21,0,6,3,2585.0,9.2,509,0,5,404055,3395125,509,0,5,-91.56,530,345.0,-65.0,351.0697936308392,0,100.66978280449666,-21,9,3,3.423192188825643
1795,2579801,403710.0,3395190.0,21,0,6,3,2585.0,9.2,509,0,5,404050,3395130,509,0,5,-95.5,530,340.0,-60.0,345.2535300326414,0,100.00797980144137,-21,9,3,3.4807198891639017
1796,2579801,403710.0,3395190.0,21,0,6,3,2585.0,9.2,509,0,5,403655,3395205,508,0,5,-87.62,530,-55.0,15.0,57.0087712549569,-1,285.25511870305775,-22,9,3,21.10187722703879
1797,2579801,403710.0,3395190.0,21,0,6,3,2585.0,9.2,509,0,5,404040,3395140,509,0,6,-88.5,530,330.0,-50.0,333.7663853655727,0,98.61564818416412,-21,9,3,3.600205001026816
1798,2579801,403710.0,3395190.0,21,0,6,3,2585.0,9.2,509,0,5,404060,3395160,509,0,5,-97.78,530,350.0,-30.0,351.2833614050059,0,94.89909245378777,-21,9,3,3.4211159544694207
1799,2579801,403710.0,3395190.0,21,0,6,3,2585.0,9.2,509,0,5,403615,3395245,509,0,6,-81.25,530,-95.0,55.0,109.77249200050075,0,300.06858282186244,-21,9,3,10.830102206254866
1800,2579801,403710.0,3395190.0,21,0,6,3,2585.0,9.2,509,0,5,404385,3394835,505,9,5,-99.5,530,675.0,-355.0,762.659819316581,-4,117.7410457070959,-25,9,3,1.8774842100024065
1801,2579801,403710.0,3395190.0,21,0,6,3,2585.0,9.2,509,0,5,403650,3395175,509,0,5,-90.0,530,-60.0,-15.0,61.84658438426491,0,255.96375653207352,-21,9,3,18.754912214077386
1802,2579801,403710.0,3395190.0,21,0,6,3,2585.0,9.2,509,0,5,403545,3395070,510,0,7,-98.5,530,-165.0,-120.0,204.02205763103166,1,233.9726266148964,-20,9,3,5.598737816228598
1803,2579801,403710.0,3395190.0,21,0,6,3,2585.0,9.2,509,0,5,403555,3395080,510,0,6,-101.5,530,-155.0,-110.0,190.06577808748213,1,234.63753811293094,-20,9,3,6.006941564741994
1804,2579801,403710.0,3395190.0,21,0,6,3,2585.0,9.2,509,0,5,403580,3395105,510,0,6,-96.0,530,-130.0,-85.0,155.32224567009067,1,236.82148834060723,-20,9,3,7.337291837437717
1805,2579801,403710.0,3395190.0,21,0,6,3,2585.0,9.2,509,0,5,403615,3395140,509,0,5,-95.8,530,-95.0,-50.0,107.35455276791944,0,242.24145939893998,-21,9,3,11.068068504199717
1806,2579801,403710.0,3395190.0,21,0,6,3,2585.0,9.2,509,0,5,403570,3395095,510,0,6,-97.14,530,-140.0,-95.0,169.1892431568863,1,235.84030545433058,-20,9,3,6.741695162882925
1807,2579801,403710.0,3395190.0,21,0,6,3,2585.0,9.2,509,0,5,403585,3395110,510,0,6,-93.0,530,-125.0,-80.0,148.4082207965583,1,237.38075692880716,-20,9,3,7.6751351668923355
1808,2579801,403710.0,3395190.0,21,0,6,3,2585.0,9.2,509,0,5,403590,3395115,510,0,6,-94.67,530,-120.0,-75.0,141.50971698084905,1,237.99461679191648,-20,9,3,8.044506584949069
1809,2579801,403710.0,3395190.0,21,0,6,3,2585.0,9.2,509,0,5,403565,3395090,510,0,6,-96.67,530,-145.0,-100.0,176.13914953808538,1,235.40771131249005,-20,9,3,6.477995631279924
1810,2579801,403710.0,3395190.0,21,0,6,3,2585.0,9.2,509,0,5,403620,3395145,509,0,5,-94.0,530,-90.0,-45.0,100.62305898749054,0,243.43494882292202,-21,9,3,11.788404329313064
1811,2579801,403710.0,3395190.0,21,0,6,3,2585.0,9.2,509,0,5,403575,3395100,510,0,6,-97.17,530,-135.0,-90.0,162.24980739587951,1,236.30993247402023,-20,9,3,7.027213242681205
1812,2579801,403710.0,3395190.0,21,0,6,3,2585.0,9.2,509,0,5,403665,3395190,509,0,5,-83.0,530,-45.0,0.0,45.0,0,270.0,-21,9,3,25.016893478100023
1813,2579801,403710.0,3395190.0,21,0,6,3,2585.0,9.2,509,0,5,403560,3395085,510,0,6,-96.86,530,-150.0,-105.0,183.09833423600554,1,235.0079798014413,-20,9,3,6.233756787755972
1814,2579801,403710.0,3395190.0,21,0,6,3,2585.0,9.2,509,0,5,403675,3395200,509,0,5,-84.2,530,-35.0,10.0,36.40054944640259,0,285.94539590092285,-21,9,3,29.98126501570902
1815,2579801,403710.0,3395190.0,21,0,6,3,2585.0,9.2,509,0,5,403595,3395120,509,0,5,-95.0,530,-115.0,-70.0,134.6291201783626,0,238.67130713219584,-21,9,3,8.86578579143473
1816,2579801,403710.0,3395190.0,21,0,6,3,2585.0,9.2,509,0,5,403550,3395075,510,0,6,-102.0,530,-160.0,-115.0,197.0406049523803,1,234.2933085993971,-20,9,3,5.795782147668683
1817,2579801,403710.0,3395190.0,21,0,6,3,2585.0,9.2,509,0,5,403600,3395125,509,0,5,-95.0,530,-110.0,-65.0,127.76932339180638,0,239.42077312751098,-21,9,3,9.333611516400602
1818,2579801,403710.0,3395190.0,21,0,6,3,2585.0,9.2,509,0,5,403625,3395150,509,0,5,-93.5,530,-85.0,-40.0,93.94147114027967,0,244.7988763545249,-21,9,3,12.60092555574425
1819,2579801,403710.0,3395190.0,21,0,6,3,2585.0,9.2,509,0,5,403645,3395170,509,0,5,-90.0,530,-65.0,-20.0,68.00735254367721,0,252.89727103094765,-21,9,3,17.160172348577735
1820,2579801,403710.0,3395190.0,21,0,6,3,2585.0,9.2,509,0,5,403635,3395160,509,0,5,-92.5,530,-75.0,-30.0,80.77747210701756,0,248.19859051364818,-21,9,3,14.572792566247553
1821,2579801,403710.0,3395190.0,21,0,6,3,2585.0,9.2,509,0,5,403610,3395135,509,0,5,-93.0,530,-100.0,-55.0,114.12712210513327,0,241.18920625702694,-21,9,3,10.426104511277678
1822,2579801,403710.0,3395190.0,21,0,6,3,2585.0,9.2,509,0,5,403640,3395165,509,0,5,-86.67,530,-70.0,-25.0,74.33034373659252,0,250.34617594194668,-21,9,3,15.776183723444973
1823,2579801,403710.0,3395190.0,21,0,6,3,2585.0,9.2,509,0,5,403520,3395045,510,0,6,-96.5,530,-190.0,-145.0,239.0083680543424,1,232.6506509553594,-20,9,3,4.783314248770298
1824,2579801,403710.0,3395190.0,21,0,6,3,2585.0,9.2,509,0,5,403650,3395220,508,0,5,-90.5,530,-60.0,30.0,67.08203932499369,-1,296.565051177078,-22,9,3,18.157247236492648
1825,2579801,403710.0,3395190.0,21,0,6,3,2585.0,9.2,509,0,5,403625,3395265,509,0,6,-82.0,530,-85.0,75.0,113.35784048754634,0,311.4236656250026,-21,9,3,10.495292268604198
1826,2579801,403710.0,3395190.0,21,0,6,3,2585.0,9.2,509,0,5,403655,3395215,508,0,5,-89.17,530,-55.0,25.0,60.41522986797286,-1,294.44395478041656,-22,9,3,20.008921988451537
1827,2579801,403710.0,3395190.0,21,0,6,3,2585.0,9.2,509,0,5,404065,3395145,509,0,5,-97.25,530,355.0,-45.0,357.8407467016578,0,97.22431569404534,-21,9,3,3.358569292593692
1828,2579801,403710.0,3395190.0,21,0,6,3,2585.0,9.2,509,0,5,403645,3395205,509,0,5,-93.0,530,-65.0,15.0,66.70832032063167,0,282.9946167919165,-21,9,3,17.474174483614714
1829,2579801,403710.0,3395190.0,21,0,6,3,2585.0,9.2,509,0,5,404050,3395140,509,0,5,-98.2,530,340.0,-50.0,343.6568055487917,0,98.36588612403261,-21,9,3,3.496852238103308
1830,2579801,403710.0,3395190.0,21,0,6,3,2585.0,9.2,509,0,5,404060,3395150,509,0,5,-96.17,530,350.0,-40.0,352.27829907617075,0,96.51980175165698,-21,9,3,3.4114765677353796
1831,2579801,403710.0,3395190.0,21,0,6,3,2585.0,9.2,509,0,5,404075,3395155,509,0,5,-93.0,530,365.0,-35.0,366.67424234598207,0,95.47736872882888,-21,9,3,3.2778370849770346
1832,2579801,403710.0,3395190.0,21,0,6,3,2585.0,9.2,509,0,5,404070,3395160,509,0,5,-97.2,530,360.0,-30.0,361.24783736376884,0,94.76364169072616,-21,9,3,3.3269646081713313
1833,2579801,403710.0,3395190.0,21,0,6,3,2585.0,9.2,509,0,5,403665,3395225,508,0,5,-86.47,530,-45.0,35.0,57.0087712549569,-1,307.8749836510982,-22,9,3,21.10187722703879
1834,2579801,403710.0,3395190.0,21,0,6,3,2585.0,9.2,509,0,5,403670,3395240,508,0,5,-86.64,530,-40.0,50.0,64.03124237432849,-1,321.3401917459099,-22,9,3,18.961813037622072
1835,2579801,403710.0,3395190.0,21,0,6,3,2585.0,9.2,509,0,5,404055,3395135,509,0,5,-95.71,530,345.0,-55.0,349.35655139126845,0,99.05788812861766,-21,9,3,3.4399392869981957
1836,2579801,403710.0,3395190.0,21,0,6,3,2585.0,9.2,509,0,5,403675,3395235,508,0,5,-85.8,530,-35.0,45.0,57.0087712549569,-1,322.1250163489018,-22,9,3,21.10187722703879
1837,2579801,403710.0,3395190.0,21,0,6,3,2585.0,9.2,509,0,5,403630,3395280,509,0,6,-91.5,530,-80.0,90.0,120.41594578792295,0,318.3664606634298,-21,9,3,9.892636376894824
1838,2579801,403710.0,3395190.0,21,0,6,3,2585.0,9.2,509,0,5,403660,3395230,508,0,5,-87.6,530,-50.0,40.0,64.03124237432849,-1,308.6598082540901,-22,9,3,18.961813037622072
1839,2579801,403710.0,3395190.0,21,0,6,3,2585.0,9.2,509,0,5,403640,3395210,509,0,6,-89.83,530,-70.0,20.0,72.80109889280519,0,285.94539590092285,-21,9,3,16.09058603727885
1840,2579801,403710.0,3395190.0,21,0,6,3,2585.0,9.2,509,0,5,403460,3395380,509,0,5,-91.67,530,-250.0,190.0,314.00636936215164,0,307.23483398157464,-21,9,3,3.82610816581368
1841,2579801,403710.0,3395190.0,21,0,6,3,2585.0,9.2,509,0,5,404200,3395040,506,0,5,-90.0,530,490.0,-150.0,512.4451190127583,-3,107.02052561151987,-24,9,3,2.6814473881615215
1842,2579801,403710.0,3395190.0,21,0,6,3,2585.0,9.2,509,0,5,403560,3395130,510,0,6,-90.25,530,-150.0,-60.0,161.55494421403512,1,248.19859051364818,-20,9,3,7.057133832785284
1843,2579801,403710.0,3395190.0,21,0,6,3,2585.0,9.2,509,0,5,403570,3395140,510,0,6,-92.67,530,-140.0,-50.0,148.66068747318505,1,250.34617594194668,-20,9,3,7.662255660766065
1844,2579801,403710.0,3395190.0,21,0,6,3,2585.0,9.2,509,0,5,403565,3395125,510,0,6,-90.67,530,-145.0,-65.0,158.90248582070703,1,245.85445803957833,-20,9,3,7.173716741406465
1845,2579801,403710.0,3395190.0,21,0,6,3,2585.0,9.2,509,0,5,403580,3395150,510,0,6,-89.25,530,-130.0,-40.0,136.01470508735443,1,252.89727103094765,-20,9,3,8.364994453540968
1846,2579801,403710.0,3395190.0,21,0,6,3,2585.0,9.2,509,0,5,403600,3395090,509,0,5,-98.67,530,-110.0,-100.0,148.66068747318505,0,227.72631099390625,-21,9,3,8.04047529892008
1847,2579801,403710.0,3395190.0,21,0,6,3,2585.0,9.2,509,0,5,403635,3395115,509,0,5,-94.75,530,-75.0,-75.0,106.06601717798213,0,225.0,-21,9,3,11.199149096448238
1848,2579801,403710.0,3395190.0,21,0,6,3,2585.0,9.2,509,0,5,403595,3395155,510,0,6,-93.69,530,-115.0,-35.0,120.20815280171308,1,253.07248693585296,-20,9,3,9.44623277241495
1849,2579801,403710.0,3395190.0,21,0,6,3,2585.0,9.2,509,0,5,403590,3395160,510,0,7,-93.5,530,-120.0,-30.0,123.69316876852982,1,255.96375653207352,-20,9,3,9.184688113554719
1850,2579801,403710.0,3395190.0,21,0,6,3,2585.0,9.2,509,0,5,403625,3395105,509,0,5,-97.0,530,-85.0,-85.0,120.20815280171308,0,225.0,-21,9,3,9.909398192281305
1851,2579801,403710.0,3395190.0,21,0,6,3,2585.0,9.2,509,0,5,404115,3395275,508,0,6,-95.25,530,405.0,85.0,413.82363393117123,-1,78.14699583225598,-22,9,3,3.043136112689644
1852,2579801,403710.0,3395190.0,21,0,6,3,2585.0,9.2,509,0,5,403585,3395145,510,0,7,-90.33,530,-125.0,-45.0,132.85330255586422,1,250.2011236454751,-20,9,3,8.56113336821292
1853,2579801,403710.0,3395190.0,21,0,6,3,2585.0,9.2,509,0,5,403980,3395215,510,0,5,-104.33,530,270.0,25.0,271.15493725912495,1,84.70991879462872,-20,9,3,4.218415888433301
1854,2579801,403710.0,3395190.0,21,0,6,3,2585.0,9.2,509,0,5,403790,3395085,507,0,7,-71.0,530,80.0,-105.0,132.00378782444085,-2,142.6960517220166,-23,9,3,9.883845977826253
1855,2579801,403710.0,3395190.0,21,0,6,3,2585.0,9.2,509,0,5,403750,3395125,508,0,5,-83.5,530,40.0,-65.0,76.32168761236873,-1,148.39249775375112,-22,9,3,16.07981611303637
1856,2579801,403710.0,3395190.0,21,0,6,3,2585.0,9.2,509,0,5,403920,3395275,510,0,10,-103.5,530,210.0,85.0,226.55021518418383,1,67.96377305985459,-20,9,3,5.045029619999112
1857,2579801,403710.0,3395190.0,21,0,6,3,2585.0,9.2,509,0,5,403680,3395195,509,0,5,-92.0,530,-30.0,5.0,30.4138126514911,0,279.4623222080256,-21,9,3,34.624137861473386
1858,2579801,403710.0,3395190.0,21,0,6,3,2585.0,9.2,509,0,5,403615,3394950,509,0,5,-96.0,530,-95.0,-240.0,258.11818998280614,0,201.59531044896767,-21,9,3,4.651230210596958
1859,2579801,403710.0,3395190.0,21,0,6,3,2585.0,9.2,509,0,5,403625,3394940,508,0,5,-96.0,530,-85.0,-250.0,264.0549185302179,-1,198.77803322244554,-22,9,3,4.762655499479735
1860,2579801,403710.0,3395190.0,21,0,6,3,2585.0,9.2,509,0,5,403685,3395200,509,0,5,-88.5,530,-25.0,10.0,26.92582403567252,0,291.8014094863518,-21,9,3,37.9513959121791
1861,2579801,403710.0,3395190.0,21,0,6,3,2585.0,9.2,509,0,5,403765,3395120,508,0,5,-87.0,530,55.0,-70.0,89.02246907382428,-1,141.84277341263095,-22,9,3,13.881298774944009
1862,2579801,403710.0,3395190.0,21,0,6,3,2585.0,9.2,509,0,5,403535,3395030,510,0,6,-106.0,530,-175.0,-160.0,237.11811402758752,1,227.563770211465,-20,9,3,4.821266750659049
1863,2579801,403710.0,3395190.0,21,0,6,3,2585.0,9.2,509,0,5,403735,3395150,509,0,5,-88.5,530,25.0,-40.0,47.16990566028302,0,147.99461679191654,-21,9,3,23.99858576087266
1864,2579801,403710.0,3395190.0,21,0,6,3,2585.0,9.2,509,0,5,403700,3395175,509,0,5,-78.0,530,-10.0,-15.0,18.027756377319946,0,213.69006752597977,-21,9,3,49.35507792308653
1865,2579801,403710.0,3395190.0,21,0,6,3,2585.0,9.2,509,0,5,403745,3395140,508,0,5,-68.25,530,35.0,-50.0,61.032778078668514,-1,145.00797980144137,-22,9,3,19.822308835867833
1866,2579801,403710.0,3395190.0,21,0,6,3,2585.0,9.2,509,0,5,403755,3395130,508,0,5,-75.0,530,45.0,-60.0,75.0,-1,143.13010235415595,-22,9,3,16.34817154735125
1867,2579801,403710.0,3395190.0,21,0,6,3,2585.0,9.2,509,0,5,403595,3394970,509,0,5,-107.5,530,-115.0,-220.0,248.2438317461282,0,207.5972958686437,-21,9,3,4.835380952624596
1868,2579801,403710.0,3395190.0,21,0,6,3,2585.0,9.2,509,0,5,404040,3395115,509,0,6,-90.43,530,330.0,-75.0,338.4154251803543,0,102.80426606528675,-21,9,3,3.5508739901575432
1869,2579801,403710.0,3395190.0,21,0,6,3,2585.0,9.2,509,0,5,403630,3395285,509,0,6,-84.0,530,-80.0,95.0,124.19742348374221,0,319.8990924537878,-21,9,3,9.59711980646969
1870,2579801,403710.0,3395190.0,21,0,6,3,2585.0,9.2,509,0,5,404045,3395120,509,0,6,-92.83,530,335.0,-70.0,342.23529917295207,0,101.80243420778356,-21,9,3,3.511340476361487
1871,2579801,403710.0,3395190.0,21,0,6,3,2585.0,9.2,509,0,5,404080,3395155,509,0,5,-93.5,530,370.0,-35.0,371.6517186829626,0,95.40379136024973,-21,9,3,3.2340313121905115
1872,2579801,403710.0,3395190.0,21,0,6,3,2585.0,9.2,509,0,5,404055,3395110,508,0,6,-88.0,530,345.0,-80.0,354.1539213392956,-1,103.05524722379664,-22,9,3,3.554639480988806
1873,2579801,403710.0,3395190.0,21,0,6,3,2585.0,9.2,509,0,5,404050,3395105,508,0,6,-79.5,530,340.0,-85.0,350.46397817750113,-1,104.03624346792651,-22,9,3,3.5919678698173727
1874,2579801,403710.0,3395190.0,21,0,6,3,2585.0,9.2,509,0,5,406465,3396620,510,0,5,-92.5,530,2755.0,1430.0,3104.017557940032,1,62.5681479767955,-20,9,3,0.36916664015709494
1875,2579801,403710.0,3395190.0,21,0,6,3,2585.0,9.2,509,0,5,403830,3395120,506,0,10,-75.33,530,120.0,-70.0,138.92443989449805,-3,120.25643716352926,-24,9,3,9.8014346990149
1876,2579801,403710.0,3395190.0,21,0,6,3,2585.0,9.2,509,0,5,403770,3395060,507,0,10,-104.0,530,60.0,-130.0,143.17821063276352,-2,155.22485943116806,-23,9,3,9.125969703006202
1877,2579801,403710.0,3395190.0,21,0,6,3,2585.0,9.2,509,0,5,403750,3395200,509,0,5,-66.0,530,40.0,10.0,41.23105625617661,0,75.96375653207355,-21,9,3,26.990872948656914
1878,2579801,403710.0,3395190.0,21,0,6,3,2585.0,9.2,509,0,5,403780,3395070,507,0,5,-110.25,530,70.0,-120.0,138.92443989449805,-2,149.7435628364707,-23,9,3,9.400484963713856
1879,2579801,403710.0,3395190.0,21,0,6,3,2585.0,9.2,509,0,5,403715,3395155,509,0,5,-76.0,530,5.0,-35.0,35.35533905932738,0,171.86989764584405,-21,9,3,30.709028345518192
1880,2579801,403710.0,3395190.0,21,0,6,3,2585.0,9.2,509,0,5,403725,3395165,509,0,5,-76.67,530,15.0,-25.0,29.154759474226502,0,149.0362434679265,-21,9,3,35.76498176851243
1881,2579801,403710.0,3395190.0,21,0,6,3,2585.0,9.2,509,0,5,403775,3395055,507,0,10,-86.5,530,65.0,-135.0,149.83324063771698,-2,154.29004621918875,-23,9,3,8.727009916556392
1882,2579801,403710.0,3395190.0,21,0,6,3,2585.0,9.2,509,0,5,403740,3395190,509,0,5,-94.0,530,30.0,0.0,30.0,0,90.0,-21,9,3,34.99202019855866
1883,2579801,403710.0,3395190.0,21,0,6,3,2585.0,9.2,509,0,5,403755,3395195,509,0,5,-66.0,530,45.0,5.0,45.27692569068709,0,83.65980825409008,-21,9,3,24.882455437745982
1884,2579801,403710.0,3395190.0,21,0,6,3,2585.0,9.2,509,0,5,403465,3395380,509,0,5,-95.33,530,-245.0,190.0,310.0403199585499,0,307.7939429986167,-21,9,3,3.8749037441722307
1885,2579801,403710.0,3395190.0,21,0,6,3,2585.0,9.2,509,0,5,403450,3395385,509,0,5,-91.0,530,-260.0,195.0,325.0,0,306.86989764584405,-21,9,3,3.697049303573593
1886,2579801,403710.0,3395190.0,21,0,6,3,2585.0,9.2,509,0,5,403560,3395210,511,0,5,-93.0,530,-150.0,20.0,151.32745950421557,2,277.59464336859145,-19,9,3,7.156354273032834
1887,2579801,403710.0,3395190.0,21,0,6,3,2585.0,9.2,509,0,5,404090,3395180,509,0,5,-104.5,530,380.0,-10.0,380.13155617496426,0,91.50743575877499,-21,9,3,3.1620357704288695
1888,2579801,403710.0,3395190.0,21,0,6,3,2585.0,9.2,509,0,5,404080,3395170,509,0,5,-101.0,530,370.0,-20.0,370.5401462729781,0,93.09405805891708,-21,9,3,3.2437123013089613
1889,2579801,403710.0,3395190.0,21,0,6,3,2585.0,9.2,509,0,5,403550,3395280,510,75,5,-90.5,530,-160.0,90.0,183.5755975068582,1,299.3577535427913,-20,9,3,6.217677251124683
1890,2579801,403710.0,3395190.0,21,0,6,3,2585.0,9.2,509,0,5,404085,3395165,509,0,5,-97.5,530,375.0,-25.0,375.8324094593227,0,93.81407483429035,-21,9,3,3.198131636194733
1891,2579801,403710.0,3395190.0,21,0,6,3,2585.0,9.2,509,0,5,404035,3395115,509,0,6,-82.2,530,325.0,-75.0,333.54160160315837,0,102.99461679191648,-21,9,3,3.6026249000985624
1892,2579801,403710.0,3395190.0,21,0,6,3,2585.0,9.2,509,0,5,404025,3395105,508,0,6,-77.0,530,315.0,-85.0,326.266762021509,-1,105.10109816138544,-22,9,3,3.8575855496550635
1893,2579801,403710.0,3395190.0,21,0,6,3,2585.0,9.2,509,0,5,403565,3395205,510,0,6,-94.86,530,-145.0,15.0,145.7737973711325,1,275.9061411137705,-20,9,3,7.812142384069066
1894,2579801,403710.0,3395190.0,21,0,6,3,2585.0,9.2,509,0,5,404185,3395035,506,0,6,-87.0,530,475.0,-155.0,499.6498774141749,-3,108.07232214895953,-24,9,3,2.750010908929388
1895,2579801,403710.0,3395190.0,21,0,6,3,2585.0,9.2,509,0,5,404215,3394965,506,0,5,-95.5,530,505.0,-225.0,552.8562200066126,-3,114.01510216411782,-24,9,3,2.4857021390636436
1896,2579801,403710.0,3395190.0,21,0,6,3,2585.0,9.2,509,0,5,404190,3395030,506,0,6,-92.67,530,480.0,-160.0,505.9644256269407,-3,108.43494882292202,-24,9,3,2.7157418678870107
1897,2579801,403710.0,3395190.0,21,0,6,3,2585.0,9.2,509,0,5,403810,3395265,509,0,5,-101.5,530,100.0,75.0,125.0,0,53.13010235415595,-21,9,3,9.536635758459411
1898,2579801,403710.0,3395190.0,21,0,6,3,2585.0,9.2,509,0,5,403870,3395125,507,0,7,-73.5,530,160.0,-65.0,172.69916039170545,-2,112.1094483437517,-23,9,3,7.585987116504943
1899,2579801,403710.0,3395190.0,21,0,6,3,2585.0,9.2,509,0,5,403835,3395250,509,0,5,-91.5,530,125.0,60.0,138.6542462386205,0,64.3589941756947,-21,9,3,8.612328003972781
1900,2579801,403710.0,3395190.0,21,0,6,3,2585.0,9.2,509,0,5,403820,3395255,509,0,5,-92.89,530,110.0,65.0,127.76932339180638,0,59.420773127510984,-21,9,3,9.333611516400602
1901,2579801,403710.0,3395190.0,21,0,6,3,2585.0,9.2,509,0,5,403880,3395195,508,0,6,-87.5,530,170.0,5.0,170.07351351694948,-1,88.31531568210369,-22,9,3,7.370614138374821
1902,2579801,403710.0,3395190.0,21,0,6,3,2585.0,9.2,509,0,5,403840,3395155,506,0,5,-66.21,530,130.0,-35.0,134.6291201783626,-3,105.06848815949223,-24,9,3,10.107796440742899
1903,2579801,403710.0,3395190.0,21,0,6,3,2585.0,9.2,509,0,5,403980,3395095,508,0,5,-75.5,530,270.0,-95.0,286.2254356272342,-1,109.38451567935783,-22,9,3,4.395254446833129
1904,2579801,403710.0,3395190.0,21,0,6,3,2585.0,9.2,509,0,5,403975,3395110,508,0,10,-79.0,530,265.0,-80.0,276.81221071332817,-1,106.79837178130532,-22,9,3,4.544102918488537
1905,2579801,403710.0,3395190.0,21,0,6,3,2585.0,9.2,509,0,5,403865,3395140,506,0,5,-75.29,530,155.0,-50.0,162.8649747490233,-3,107.87869659584135,-24,9,3,8.382851073773992
1906,2579801,403710.0,3395190.0,21,0,6,3,2585.0,9.2,509,0,5,403770,3395225,509,0,12,-69.51,530,60.0,35.0,69.46221994724903,0,59.743562836470744,-21,9,3,16.821254178167244
1907,2579801,403710.0,3395190.0,21,0,6,3,2585.0,9.2,509,0,5,403765,3395240,509,0,5,-69.9,530,55.0,50.0,74.33034373659252,0,47.72631099390628,-21,9,3,15.776183723444973
1908,2579801,403710.0,3395190.0,21,0,6,3,2585.0,9.2,509,0,5,403790,3395205,508,0,5,-64.88,530,80.0,15.0,81.39410298049853,-1,79.38034472384487,-22,9,3,15.125052846839187
1909,2579801,403710.0,3395190.0,21,0,6,3,2585.0,9.2,509,0,5,403965,3395120,508,0,10,-98.5,530,255.0,-70.0,264.43335644354704,-1,105.35013649242444,-22,9,3,4.755870817875413
1910,2579801,403710.0,3395190.0,21,0,6,3,2585.0,9.2,509,0,5,403830,3395245,509,0,5,-97.31,530,120.0,55.0,132.00378782444085,0,65.37643521383637,-21,9,3,9.039227699751207
1911,2579801,403710.0,3395190.0,21,0,6,3,2585.0,9.2,509,0,5,403970,3395105,508,0,10,-69.33,530,260.0,-85.0,273.5415873317986,-1,108.10376303450664,-22,9,3,4.598203251583803
1912,2579801,403710.0,3395190.0,21,0,6,3,2585.0,9.2,509,0,5,403760,3395235,509,0,5,-71.95,530,50.0,45.0,67.26812023536856,0,48.012787504183336,-21,9,3,17.33750455173603
1913,2579801,403710.0,3395190.0,21,0,6,3,2585.0,9.2,509,0,5,403775,3395230,509,0,12,-70.03,530,65.0,40.0,76.32168761236873,0,58.392497753751115,-21,9,3,15.384302228419022
1914,2579801,403710.0,3395190.0,21,0,6,3,2585.0,9.2,509,0,5,403795,3395210,508,0,12,-66.05,530,85.0,20.0,87.32124598286491,-1,76.75948008481282,-22,9,3,14.140986990743244
1915,2579801,403710.0,3395190.0,21,0,6,3,2585.0,9.2,509,0,5,403785,3395220,509,0,12,-63.51,530,75.0,30.0,80.77747210701756,0,68.19859051364818,-21,9,3,14.572792566247553
1916,2579801,403710.0,3395190.0,21,0,6,3,2585.0,9.2,509,0,5,403780,3395215,508,0,12,-65.59,530,70.0,25.0,74.33034373659252,-1,70.34617594194668,-22,9,3,16.48749092053611
1917,2579801,403710.0,3395190.0,21,0,6,3,2585.0,9.2,509,0,5,403705,3395300,509,0,6,-85.83,530,-5.0,110.0,110.11357772772621,0,357.3974377975002,-21,9,3,10.797344886078069
1918,2579801,403710.0,3395190.0,21,0,6,3,2585.0,9.2,509,0,5,403860,3395135,506,0,7,-76.67,530,150.0,-55.0,159.76545308670458,-3,110.13630342824814,-24,9,3,8.543104707139104
1919,2579801,403710.0,3395190.0,21,0,6,3,2585.0,9.2,509,0,5,403995,3395090,508,0,6,-79.0,530,285.0,-100.0,302.03476621077914,-1,109.3348085378264,-22,9,3,4.166026981793129
1920,2579801,403710.0,3395190.0,21,0,6,3,2585.0,9.2,509,0,5,403700,3395295,509,0,6,-86.2,530,-10.0,105.0,105.47511554864494,0,354.5596679689945,-21,9,3,11.260291115046995
1921,2579801,403710.0,3395190.0,21,0,6,3,2585.0,9.2,509,0,5,403850,3395145,506,0,5,-70.14,530,140.0,-45.0,147.05441169852742,-3,107.81888891452274,-24,9,3,9.269230378053425
1922,2579801,403710.0,3395190.0,21,0,6,3,2585.0,9.2,509,0,5,403730,3395345,509,0,5,-85.5,530,20.0,155.0,156.28499608087785,0,7.352379359892382,-21,9,3,7.652989178952235
1923,2579801,403710.0,3395190.0,21,0,6,3,2585.0,9.2,509,0,5,403960,3395115,508,0,10,-68.25,530,250.0,-75.0,261.00766272276377,-1,106.69924423399362,-22,9,3,4.817999093110087
1924,2579801,403710.0,3395190.0,21,0,6,3,2585.0,9.2,509,0,5,403855,3395150,506,0,5,-71.44,530,145.0,-40.0,150.41608956491322,-3,105.42216131873869,-24,9,3,9.065549028854086
1925,2579801,403710.0,3395190.0,21,0,6,3,2585.0,9.2,509,0,5,403900,3395175,508,75,5,-93.0,530,190.0,-15.0,190.59118552545917,-1,94.51398845800128,-22,9,3,6.584528462054438
1926,2579801,403710.0,3395190.0,21,0,6,3,2585.0,9.2,509,0,5,403845,3395160,506,0,5,-71.25,530,135.0,-30.0,138.2931668593933,-3,102.52880770915152,-24,9,3,9.84530216275722
1927,2579801,403710.0,3395190.0,21,0,6,3,2585.0,9.2,509,0,5,403905,3395180,508,75,6,-103.75,530,195.0,-10.0,195.25624189766637,-1,92.93567344642116,-22,9,3,6.428543956838117
1928,2579801,403710.0,3395190.0,21,0,6,3,2585.0,9.2,509,0,5,403875,3395130,507,0,7,-80.56,530,165.0,-60.0,175.57049866079439,-2,109.98310652189997,-23,9,3,7.463333398511702
1929,2579801,403710.0,3395190.0,21,0,6,3,2585.0,9.2,509,0,5,403575,3395175,510,0,6,-89.5,530,-135.0,-15.0,135.83077707206124,1,263.6598082540901,-20,9,3,8.376160872953903
1930,2579801,403710.0,3395190.0,21,0,6,3,2585.0,9.2,509,0,5,404105,3395225,508,0,5,-92.67,530,395.0,35.0,396.547601177967,-1,84.93638314696989,-22,9,3,3.1754480159931333
1931,2579801,403710.0,3395190.0,21,0,6,3,2585.0,9.2,509,0,5,404095,3395215,509,0,5,-109.5,530,385.0,25.0,385.8108344772085,0,86.28471089457122,-21,9,3,3.1155818164356517
1932,2579801,403710.0,3395190.0,21,0,6,3,2585.0,9.2,509,0,5,403595,3395195,510,0,6,-94.0,530,-115.0,5.0,115.10864433221339,1,272.4895529219991,-20,9,3,9.85667790279831
1933,2579801,403710.0,3395190.0,21,0,6,3,2585.0,9.2,509,0,5,404085,3395205,509,0,5,-103.67,530,375.0,15.0,375.2998800959041,0,87.70938995736151,-21,9,3,3.2026601646918604
1934,2579801,403710.0,3395190.0,21,0,6,3,2585.0,9.2,509,0,5,403750,3394990,506,75,10,-113.0,530,40.0,-200.0,203.9607805437114,-3,168.69006752597977,-24,9,3,6.711115269369334
1935,2579801,403710.0,3395190.0,21,0,6,3,2585.0,9.2,509,0,5,403630,3395110,509,0,5,-92.75,530,-80.0,-80.0,113.13708498984761,0,225.0,-21,9,3,10.51531458142138
1936,2579801,403710.0,3395190.0,21,0,6,3,2585.0,9.2,509,0,5,404105,3395275,508,0,6,-102.0,530,395.0,85.0,404.04207701673846,-1,77.85572195043301,-22,9,3,3.116664635324684
1937,2579801,403710.0,3395190.0,21,0,6,3,2585.0,9.2,509,0,5,403590,3395150,510,0,6,-93.63,530,-120.0,-40.0,126.49110640673517,1,251.56505117707798,-20,9,3,8.984876931685683
1938,2579801,403710.0,3395190.0,21,0,6,3,2585.0,9.2,509,0,5,403600,3395100,509,0,5,-97.33,530,-110.0,-90.0,142.12670403551894,0,230.71059313749964,-21,9,3,8.404952971432284
1939,2579801,403710.0,3395190.0,21,0,6,3,2585.0,9.2,509,0,5,404095,3395245,509,0,6,-108.0,530,385.0,55.0,388.90872965260115,0,81.86989764584405,-21,9,3,3.09081261881166
1940,2579801,403710.0,3395190.0,21,0,6,3,2585.0,9.2,509,0,5,403625,3395115,509,0,5,-96.0,530,-85.0,-75.0,113.35784048754634,0,228.57633437499734,-21,9,3,10.495292268604198
1941,2579801,403710.0,3395190.0,21,0,6,3,2585.0,9.2,509,0,5,403575,3395125,510,0,7,-95.2,530,-135.0,-65.0,149.83324063771698,1,244.29004621918875,-20,9,3,7.602997128935125
1942,2579801,403710.0,3395190.0,21,0,6,3,2585.0,9.2,509,0,5,403595,3395145,510,0,6,-93.44,530,-115.0,-45.0,123.4908903522847,1,248.6293777306568,-20,9,3,9.199475627948923
1943,2579801,403710.0,3395190.0,21,0,6,3,2585.0,9.2,509,0,5,403620,3395120,509,0,5,-97.0,530,-90.0,-70.0,114.0175425099138,0,232.1250163489018,-21,9,3,10.435904747083725
1944,2579801,403710.0,3395190.0,21,0,6,3,2585.0,9.2,509,0,5,403570,3395130,510,0,7,-92.0,530,-140.0,-60.0,152.31546211727817,1,246.80140948635182,-20,9,3,7.480508891708272
1945,2579801,403710.0,3395190.0,21,0,6,3,2585.0,9.2,509,0,5,403580,3395160,510,0,6,-89.4,530,-130.0,-30.0,133.41664064126334,1,257.0053832080835,-20,9,3,8.525517177156651
1946,2579801,403710.0,3395190.0,21,0,6,3,2585.0,9.2,509,0,5,403555,3395115,510,0,6,-97.67,530,-155.0,-75.0,172.19175357722565,1,244.17900802581073,-20,9,3,6.62519431174314
1947,2579801,403710.0,3395190.0,21,0,6,3,2585.0,9.2,509,0,5,404140,3395310,508,0,6,-101.14,530,430.0,120.0,446.4302857109943,-1,74.40718906073369,-22,9,3,2.8212428533426257
1948,2579801,403710.0,3395190.0,21,0,6,3,2585.0,9.2,509,0,5,404135,3395295,508,0,5,-98.25,530,425.0,105.0,437.77848279695064,-1,76.122470196792,-22,9,3,2.876906228339239
1949,2579801,403710.0,3395190.0,21,0,6,3,2585.0,9.2,509,0,5,403665,3395145,509,0,5,-81.67,530,-45.0,-45.0,63.63961030678928,0,225.0,-21,9,3,18.26202006677648
1950,2579801,403710.0,3395190.0,21,0,6,3,2585.0,9.2,509,0,5,404145,3395305,508,0,5,-103.6,530,435.0,115.0,449.9444410146657,-1,75.1916229609576,-22,9,3,2.7992435709463197
1951,2579801,403710.0,3395190.0,21,0,6,3,2585.0,9.2,509,0,5,403610,3395180,509,0,6,-93.89,530,-100.0,-10.0,100.4987562112089,0,264.28940686250036,-21,9,3,11.802576179424635
1952,2579801,403710.0,3395190.0,21,0,6,3,2585.0,9.2,509,0,5,404125,3395285,508,0,5,-100.25,530,415.0,95.0,425.73465914816,-1,77.10625595511783,-22,9,3,2.958149918560338
1953,2579801,403710.0,3395190.0,21,0,6,3,2585.0,9.2,509,0,5,404130,3395300,508,0,5,-105.0,530,420.0,110.0,434.1658669218482,-1,75.32360686254998,-22,9,3,2.9008037289411397
1954,2579801,403710.0,3395190.0,21,0,6,3,2585.0,9.2,509,0,5,403615,3395175,509,0,6,-92.66,530,-95.0,-15.0,96.17692030835673,0,261.0273733851036,-21,9,3,12.31708264110538
1955,2579801,403710.0,3395190.0,21,0,6,3,2585.0,9.2,509,0,5,403620,3395190,509,0,6,-88.92,530,-90.0,0.0,90.0,0,270.0,-21,9,3,13.134022306396323
1956,2579801,403710.0,3395190.0,21,0,6,3,2585.0,9.2,509,0,5,403640,3395130,509,0,5,-95.33,530,-70.0,-60.0,92.19544457292888,0,229.3987053549955,-21,9,3,12.831735626424479
1957,2579801,403710.0,3395190.0,21,0,6,3,2585.0,9.2,509,0,5,403605,3395165,510,0,6,-93.09,530,-105.0,-25.0,107.93516572461452,1,256.6075022462489,-20,9,3,10.497638961374637
1958,2579801,403710.0,3395190.0,21,0,6,3,2585.0,9.2,509,0,5,403630,3395200,509,0,6,-90.42,530,-80.0,10.0,80.62257748298549,0,277.1250163489018,-21,9,3,14.599595080188077
1959,2579801,403710.0,3395190.0,21,0,6,3,2585.0,9.2,509,0,5,403550,3395120,510,0,6,-93.5,530,-160.0,-70.0,174.64249196572982,1,246.3706222693432,-20,9,3,6.533033075626061
1960,2579801,403710.0,3395190.0,21,0,6,3,2585.0,9.2,509,0,5,403635,3395195,509,0,6,-88.25,530,-75.0,5.0,75.16648189186454,0,273.81407483429035,-21,9,3,15.609292054025358
1961,2579801,403710.0,3395190.0,21,0,6,3,2585.0,9.2,509,0,5,403625,3395185,509,0,6,-93.0,530,-85.0,-5.0,85.14693182963201,0,266.6335393365702,-21,9,3,13.854505737698876
1962,2579801,403710.0,3395190.0,21,0,6,3,2585.0,9.2,509,0,5,403600,3395170,510,0,7,-92.9,530,-110.0,-20.0,111.80339887498948,1,259.695153531234,-20,9,3,10.142106156573984
1963,2579801,403710.0,3395190.0,21,0,6,3,2585.0,9.2,509,0,5,403775,3395145,508,0,5,-81.33,530,65.0,-45.0,79.05694150420949,-1,124.69515353123398,-22,9,3,15.550844571615853
1964,2579801,403710.0,3395190.0,21,0,6,3,2585.0,9.2,509,0,5,403900,3395260,510,0,5,-104.25,530,190.0,70.0,202.48456731316588,1,69.77514056883194,-20,9,3,5.640976563115981
1965,2579801,403710.0,3395190.0,21,0,6,3,2585.0,9.2,509,0,5,403790,3395130,507,0,7,-70.5,530,80.0,-60.0,100.0,-2,126.86989764584405,-23,9,3,12.952764513375518
1966,2579801,403710.0,3395190.0,21,0,6,3,2585.0,9.2,509,0,5,403910,3395250,510,0,5,-112.5,530,200.0,60.0,208.806130178211,1,73.30075576600638,-20,9,3,5.47124945343343
1967,2579801,403710.0,3395190.0,21,0,6,3,2585.0,9.2,509,0,5,403780,3395140,507,0,5,-73.0,530,70.0,-50.0,86.02325267042627,-2,125.53767779197437,-23,9,3,14.969010188612488
1968,2579801,403710.0,3395190.0,21,0,6,3,2585.0,9.2,509,0,5,403675,3395005,507,0,13,-107.33,530,-35.0,-185.0,188.2817038376273,-2,190.71312302279102,-23,9,3,6.964596315855272
1969,2579801,403710.0,3395190.0,21,0,6,3,2585.0,9.2,509,0,5,403805,3395195,508,0,12,-65.38,530,95.0,5.0,95.13148795220224,-1,86.98721249581666,-22,9,3,13.021249488639405
1970,2579801,403710.0,3395190.0,21,0,6,3,2585.0,9.2,509,0,5,403815,3395185,507,0,5,-76.83,530,105.0,-5.0,105.11898020814318,-2,92.72631099390628,-23,9,3,12.341804117036625
1971,2579801,403710.0,3395190.0,21,0,6,3,2585.0,9.2,509,0,5,403825,3395175,507,0,5,-69.05,530,115.0,-15.0,115.97413504743201,-2,97.43140797117252,-23,9,3,11.217352455433305
1972,2579801,403710.0,3395190.0,21,0,6,3,2585.0,9.2,509,0,5,403820,3395180,507,0,5,-70.71,530,110.0,-10.0,110.45361017187261,-2,95.19442890773479,-23,9,3,11.762736216069362
1973,2579801,403710.0,3395190.0,21,0,6,3,2585.0,9.2,509,0,5,403810,3395190,507,0,5,-68.81,530,100.0,0.0,100.0,-2,90.0,-23,9,3,12.952764513375518
1974,2579801,403710.0,3395190.0,21,0,6,3,2585.0,9.2,509,0,5,403760,3395160,508,0,5,-82.5,530,50.0,-30.0,58.309518948453004,-1,120.96375653207349,-22,9,3,20.671335055030994
1975,2579801,403710.0,3395190.0,21,0,6,3,2585.0,9.2,509,0,5,403765,3395155,508,0,5,-76.4,530,55.0,-35.0,65.19202405202648,-1,122.47119229084848,-22,9,3,18.647717619180774
1976,2579801,403710.0,3395190.0,21,0,6,3,2585.0,9.2,509,0,5,403770,3395150,508,0,5,-78.5,530,60.0,-40.0,72.11102550927978,-1,123.69006752597977,-22,9,3,16.966167091928728
1977,2579801,403710.0,3395190.0,21,0,6,3,2585.0,9.2,509,0,5,403800,3395200,508,0,12,-65.35,530,90.0,10.0,90.55385138137417,-1,83.65980825409008,-22,9,3,13.655408268057313
1978,2579801,403710.0,3395190.0,21,0,6,3,2585.0,9.2,509,0,5,403875,3395205,508,0,6,-83.33,530,165.0,15.0,165.6804152578089,-1,84.80557109226521,-22,9,3,7.563815578922233
1979,2579801,403710.0,3395190.0,21,0,6,3,2585.0,9.2,509,0,5,403855,3395225,509,0,5,-79.0,530,145.0,35.0,149.164338901763,0,76.42956561483851,-21,9,3,8.01368000003433
1980,2579801,403710.0,3395190.0,21,0,6,3,2585.0,9.2,509,0,5,403935,3395305,510,0,5,-99.67,530,225.0,115.0,252.68557536986555,1,62.927919762007264,-20,9,3,4.525512034196399
1981,2579801,403710.0,3395190.0,21,0,6,3,2585.0,9.2,509,0,5,403860,3395220,509,0,5,-89.67,530,150.0,30.0,152.97058540778355,0,78.69006752597977,-21,9,3,7.816777766952081
1982,2579801,403710.0,3395190.0,21,0,6,3,2585.0,9.2,509,0,5,403865,3395215,508,0,6,-88.33,530,155.0,25.0,157.00318468107582,-1,80.83765295427827,-22,9,3,7.976609067898837
1983,2579801,403710.0,3395190.0,21,0,6,3,2585.0,9.2,509,0,5,403830,3395170,507,0,5,-65.5,530,120.0,-20.0,121.6552506059644,-2,99.46232220802563,-23,9,3,10.705912216251985
1984,2579801,403710.0,3395190.0,21,0,6,3,2585.0,9.2,509,0,5,403835,3395165,506,0,5,-66.0,530,125.0,-25.0,127.47548783981962,-3,101.30993247402023,-24,9,3,10.662351169930817
1985,2579801,403710.0,3395190.0,21,0,6,3,2585.0,9.2,509,0,5,403875,3395250,510,0,5,-86.5,530,165.0,60.0,175.57049866079439,1,70.01689347810003,-20,9,3,6.498797841668204
1986,2579801,403710.0,3395190.0,21,0,6,3,2585.0,9.2,509,0,5,403780,3395175,508,27,5,-78.33,530,70.0,-15.0,71.58910531638176,-1,102.0947570770121,-22,9,3,17.08268158709464
1987,2579801,403710.0,3395190.0,21,0,6,3,2585.0,9.2,509,0,5,403810,3395145,506,27,5,-76.25,530,100.0,-45.0,109.65856099730654,-3,114.22774531795415,-24,9,3,12.345165355049891
1988,2579801,403710.0,3395190.0,21,0,6,3,2585.0,9.2,509,0,5,403800,3395155,507,27,7,-67.0,530,90.0,-35.0,96.56603957913983,-2,111.25050550713325,-23,9,3,13.397037864673914
1989,2579801,403710.0,3395190.0,21,0,6,3,2585.0,9.2,509,0,5,403895,3395230,509,0,10,-88.5,530,185.0,40.0,189.274932307477,0,77.79953127261922,-21,9,3,6.3310571012778425
1990,2579801,403710.0,3395190.0,21,0,6,3,2585.0,9.2,509,0,5,403820,3395135,506,0,10,-77.0,530,110.0,-55.0,122.98373876248843,-3,116.56505117707798,-24,9,3,11.042364163440425
1991,2579801,403710.0,3395190.0,21,0,6,3,2585.0,9.2,509,0,5,403770,3395185,508,0,5,-69.67,530,60.0,-5.0,60.207972893961475,-1,94.76364169072616,-22,9,3,20.072309141747528
1992,2579801,403710.0,3395190.0,21,0,6,3,2585.0,9.2,509,0,5,403775,3395190,508,0,5,-63.8,530,65.0,0.0,65.0,-1,90.0,-22,9,3,18.69898280418112
1993,2579801,403710.0,3395190.0,21,0,6,3,2585.0,9.2,509,0,5,403760,3395195,509,0,5,-71.6,530,50.0,5.0,50.24937810560445,0,84.28940686250036,-21,9,3,22.68081188703969
1994,2579801,403710.0,3395190.0,21,0,6,3,2585.0,9.2,509,0,5,403890,3395225,509,0,5,-94.5,530,180.0,35.0,183.3712082089225,0,78.9964591482505,-21,9,3,6.533153456544388
1995,2579801,403710.0,3395190.0,21,0,6,3,2585.0,9.2,509,0,5,403880,3395235,509,0,5,-92.33,530,170.0,45.0,175.85505395068975,0,75.17352002964435,-21,9,3,6.809815231893039
1996,2579801,403710.0,3395190.0,21,0,6,3,2585.0,9.2,509,0,5,403765,3395200,508,0,5,-69.69,530,55.0,10.0,55.90169943749474,-1,79.69515353123398,-22,9,3,21.4820173376628
1997,2579801,403710.0,3395190.0,21,0,6,3,2585.0,9.2,509,0,5,403815,3395150,506,27,5,-68.0,530,105.0,-40.0,112.36102527122117,-3,110.85445803957833,-24,9,3,12.057034515501599
1998,2579801,403710.0,3395190.0,21,0,6,3,2585.0,9.2,509,0,5,403795,3395170,507,0,5,-67.0,530,85.0,-20.0,87.32124598286491,-2,103.24051991518718,-23,9,3,14.756279885633086
1999,2579801,403710.0,3395190.0,21,0,6,3,2585.0,9.2,509,0,5,403785,3395180,508,0,5,-64.8,530,75.0,-10.0,75.66372975210778,-1,97.59464336859145,-22,9,3,16.21232734337718
2000,2579801,403710.0,3395190.0,21,0,6,3,2585.0,9.2,509,0,5,403805,3395160,507,27,5,-80.0,530,95.0,-30.0,99.62429422585637,-2,107.52556837372288,-23,9,3,12.99995599106959
2001,2579801,403710.0,3395190.0,21,0,6,3,2585.0,9.2,509,0,5,403830,3395125,506,0,10,-69.67,530,120.0,-65.0,136.4734406395618,-3,118.44292862436333,-24,9,3,9.973959403344264
2002,2579801,403710.0,3395190.0,21,0,6,3,2585.0,9.2,509,0,5,403825,3395140,506,0,10,-70.67,530,115.0,-50.0,125.39936203984452,-3,113.49856567595214,-24,9,3,10.834732659332987
2003,2579801,403710.0,3395190.0,21,0,6,3,2585.0,9.2,509,0,5,403690,3395195,509,0,5,-93.33,530,-20.0,5.0,20.615528128088304,0,284.03624346792645,-21,9,3,45.52932138289488
2004,2579801,403710.0,3395190.0,21,0,6,3,2585.0,9.2,509,0,5,403960,3395225,509,0,5,-108.0,530,250.0,35.0,252.43811122728675,0,82.03038960567864,-21,9,3,4.755412246009359
2005,2579801,403710.0,3395190.0,21,0,6,3,2585.0,9.2,509,0,5,403610,3394955,509,0,5,-102.33,530,-100.0,-235.0,255.3918557824427,0,203.051300916473,-21,9,3,4.700661232531259
2006,2579801,403710.0,3395190.0,21,0,6,3,2585.0,9.2,509,0,5,403605,3394950,509,0,5,-91.4,530,-105.0,-240.0,261.9637379485947,0,203.6293777306568,-21,9,3,4.583244614887839
2007,2579801,403710.0,3395190.0,21,0,6,3,2585.0,9.2,509,0,5,403530,3395035,510,0,6,-100.5,530,-180.0,-155.0,237.53947040439405,1,229.2678933002908,-20,9,3,4.81275481424131
2008,2579801,403710.0,3395190.0,21,0,6,3,2585.0,9.2,509,0,5,403535,3395040,510,0,6,-99.5,530,-175.0,-150.0,230.4886114323222,1,229.3987053549955,-20,9,3,4.959258000229005
2009,2579801,403710.0,3395190.0,21,0,6,3,2585.0,9.2,509,0,5,403635,3394940,508,0,5,-95.67,530,-75.0,-250.0,261.00766272276377,-1,196.6992442339936,-22,9,3,4.817999093110087
2010,2579801,403710.0,3395190.0,21,0,6,3,2585.0,9.2,509,0,5,403615,3394960,508,0,5,-87.5,530,-95.0,-230.0,248.84734276258607,-1,202.44275336529435,-22,9,3,5.052247889826847
2011,2579801,403710.0,3395190.0,21,0,6,3,2585.0,9.2,509,0,5,403600,3394945,509,0,5,-84.5,530,-110.0,-245.0,268.5609800399157,0,204.17910714668918,-21,9,3,4.47111873060448
2012,2579801,403710.0,3395190.0,21,0,6,3,2585.0,9.2,509,0,5,403770,3395115,507,0,7,-74.33,530,60.0,-75.0,96.04686356149273,-2,141.34019174590992,-23,9,3,13.466823742220523
2013,2579801,403710.0,3395190.0,21,0,6,3,2585.0,9.2,509,0,5,404040,3395100,508,0,5,-77.83,530,330.0,-90.0,342.0526275297414,-1,105.2551187030578,-22,9,3,3.6800574361851672
2014,2579801,403710.0,3395190.0,21,0,6,3,2585.0,9.2,509,0,5,404080,3395140,509,0,5,-97.5,530,370.0,-50.0,373.3630940518894,0,97.69605172201659,-21,9,3,3.21923881115229
2015,2579801,403710.0,3395190.0,21,0,6,3,2585.0,9.2,509,0,5,404050,3395090,508,0,5,-83.0,530,340.0,-100.0,354.400902933387,-1,106.38954033403479,-22,9,3,3.5521686017162595
2016,2579801,403710.0,3395190.0,21,0,6,3,2585.0,9.2,509,0,5,404060,3395120,508,0,5,-92.5,530,350.0,-70.0,356.9313659514949,-1,101.30993247402023,-22,9,3,3.5270493194176233
2017,2579801,403710.0,3395190.0,21,0,6,3,2585.0,9.2,509,0,5,403560,3395260,511,0,5,-89.0,530,-150.0,70.0,165.5294535724685,2,295.01689347810003,-19,9,3,6.547936378973241
2018,2579801,403710.0,3395190.0,21,0,6,3,2585.0,9.2,509,0,5,404045,3395095,508,0,5,-77.0,530,335.0,-95.0,348.209706929603,-1,105.8323866204222,-22,9,3,3.615160401727352
2019,2579801,403710.0,3395190.0,21,0,6,3,2585.0,9.2,509,0,5,403595,3395280,510,0,5,-88.33,530,-115.0,90.0,146.03081866510234,1,308.0470425318261,-20,9,3,7.798561973655952
2020,2579801,403710.0,3395190.0,21,0,6,3,2585.0,9.2,509,0,5,404055,3395100,508,0,6,-85.5,530,345.0,-90.0,356.5459297201414,-1,104.62087398863167,-22,9,3,3.5308525187773383
2021,2579801,403710.0,3395190.0,21,0,6,3,2585.0,9.2,509,0,5,404035,3395080,507,0,10,-80.0,530,325.0,-110.0,343.11076928595526,-2,108.69898280418113,-23,9,3,3.8350133310951966
2022,2579801,403710.0,3395190.0,21,0,6,3,2585.0,9.2,509,0,5,404430,3394835,505,0,5,-94.67,530,720.0,-355.0,802.7608610289866,-4,116.24585793600346,-25,9,3,1.7837587183044896
2023,2579801,403710.0,3395190.0,21,0,6,3,2585.0,9.2,509,0,5,404045,3395090,508,0,5,-74.75,530,335.0,-100.0,349.6069221282668,-1,106.62075691389208,-22,9,3,3.6007503856862604
2024,2579801,403710.0,3395190.0,21,0,6,3,2585.0,9.2,509,0,5,404040,3395085,508,0,5,-64.75,530,330.0,-105.0,346.30189141845585,-1,107.65012421993015,-22,9,3,3.6350234672991752
2025,2579801,403710.0,3395190.0,21,0,6,3,2585.0,9.2,509,0,5,403585,3395270,510,0,5,-95.5,530,-125.0,80.0,148.4082207965583,1,302.61924307119284,-20,9,3,7.6751351668923355
2026,2579801,403710.0,3395190.0,21,0,6,3,2585.0,9.2,509,0,5,403935,3395010,506,90,5,-102.0,530,225.0,-180.0,288.1405906844782,-3,128.65980825409008,-24,9,3,4.761328084520052
2027,2579801,403710.0,3395190.0,21,0,6,3,2585.0,9.2,509,0,5,403525,3395260,510,0,5,-95.0,530,-185.0,70.0,197.80040444852483,1,290.7255588655605,-20,9,3,5.773669832048473
2028,2579801,403710.0,3395190.0,21,0,6,3,2585.0,9.2,509,0,5,404000,3395095,508,0,6,-71.5,530,290.0,-95.0,305.16389039334257,-1,108.13808215559732,-22,9,3,4.123457009231953
2029,2579801,403710.0,3395190.0,21,0,6,3,2585.0,9.2,509,0,5,404080,3395175,509,0,5,-98.0,530,370.0,-15.0,370.3039292257105,0,92.32153058983272,-21,9,3,3.2457770442649254
2030,2579801,403710.0,3395190.0,21,0,6,3,2585.0,9.2,509,0,5,404405,3394860,505,0,5,-89.67,530,695.0,-330.0,769.3666226188916,-4,115.39930957077684,-25,9,3,1.8611291687749527
2031,2579801,403710.0,3395190.0,21,0,6,3,2585.0,9.2,509,0,5,404015,3395090,508,0,6,-74.0,530,305.0,-100.0,320.97507691408066,-1,108.15270588665112,-22,9,3,3.9209860130106144
2032,2579801,403710.0,3395190.0,21,0,6,3,2585.0,9.2,509,0,5,404090,3395165,509,0,5,-98.5,530,380.0,-25.0,380.8214804865923,0,93.76403486490574,-21,9,3,3.156318786100603
2033,2579801,403710.0,3395190.0,21,0,6,3,2585.0,9.2,509,0,5,404085,3395180,509,0,5,-107.0,530,375.0,-10.0,375.13330963805384,0,91.52752544221295,-21,9,3,3.204079279731673
2034,2579801,403710.0,3395190.0,21,0,6,3,2585.0,9.2,509,0,5,403555,3395270,510,75,5,-95.5,530,-155.0,80.0,174.42763542512407,1,297.2995722113328,-20,9,3,6.541010641996068
2035,2579801,403710.0,3395190.0,21,0,6,3,2585.0,9.2,509,0,5,404030,3395105,508,0,6,-90.0,530,320.0,-85.0,331.09666262286606,-1,104.87568200163878,-22,9,3,3.8014789097864
2036,2579801,403710.0,3395190.0,21,0,6,3,2585.0,9.2,509,0,5,406475,3396640,509,0,5,-102.5,530,2765.0,1450.0,3122.1346863964727,0,62.32693077510504,-21,9,3,0.3853751827397533
2037,2579801,403710.0,3395190.0,21,0,6,3,2585.0,9.2,509,0,5,403605,3395240,510,0,6,-83.0,530,-105.0,50.0,116.29703349613007,1,295.4633450618716,-20,9,3,9.757902775352555
2038,2579801,403710.0,3395190.0,21,0,6,3,2585.0,9.2,509,0,5,403610,3395225,509,0,6,-86.75,530,-100.0,35.0,105.94810050208545,0,289.29004621918875,-21,9,3,11.211297811390965
2039,2579801,403710.0,3395190.0,21,0,6,3,2585.0,9.2,509,0,5,403670,3395245,508,0,5,-86.83,530,-40.0,55.0,68.00735254367721,-1,323.9726266148964,-22,9,3,17.9261055437599
2040,2579801,403710.0,3395190.0,21,0,6,3,2585.0,9.2,509,0,5,403620,3395215,509,0,7,-89.25,530,-90.0,25.0,93.40770846134703,0,285.52411099675425,-21,9,3,12.67061294012178
2041,2579801,403710.0,3395190.0,21,0,6,3,2585.0,9.2,509,0,5,404005,3395160,511,0,5,-54.0,530,295.0,-30.0,296.52150006365474,2,95.8067269055316,-19,9,3,3.6662892745987388
2042,2579801,403710.0,3395190.0,21,0,6,3,2585.0,9.2,509,0,5,404060,3395175,509,0,6,-101.0,530,350.0,-15.0,350.3212811120672,0,92.45403167452707,-21,9,3,3.4304888894434185
2043,2579801,403710.0,3395190.0,21,0,6,3,2585.0,9.2,509,0,5,404065,3395180,509,0,5,-100.5,530,355.0,-10.0,355.1408171415953,0,91.61353893288117,-21,9,3,3.3840434303636
2044,2579801,403710.0,3395190.0,21,0,6,3,2585.0,9.2,509,0,5,404070,3395165,509,0,5,-103.0,530,360.0,-25.0,360.86701151532264,0,93.97249594075066,-21,9,3,3.3304676814392944
2045,2579801,403710.0,3395190.0,21,0,6,3,2585.0,9.2,509,0,5,404075,3395170,509,0,5,-98.0,530,365.0,-20.0,365.54753452868476,0,93.1363583683326,-21,9,3,3.2879180573328055
2046,2579801,403710.0,3395190.0,21,0,6,3,2585.0,9.2,509,0,5,403635,3395210,509,0,6,-87.77,530,-75.0,20.0,77.62087348130012,0,284.93141717813756,-21,9,3,15.138717419241116
2047,2579801,403710.0,3395190.0,21,0,6,3,2585.0,9.2,509,0,5,404055,3395190,509,0,6,-104.14,530,345.0,0.0,345.0,0,90.0,-21,9,3,3.48327146899767
2048,2579801,403710.0,3395190.0,21,0,6,3,2585.0,9.2,509,0,5,403615,3395230,509,0,6,-87.0,530,-95.0,40.0,103.07764064044152,0,292.83365417791754,-21,9,3,11.515273691044966
2049,2579801,403710.0,3395190.0,21,0,6,3,2585.0,9.2,509,0,5,403665,3395260,508,0,6,-93.67,530,-45.0,70.0,83.21658488546619,-1,327.2647737278924,-22,9,3,14.808514235365614
2050,2579801,403710.0,3395190.0,21,0,6,3,2585.0,9.2,509,0,5,403675,3395250,508,0,5,-86.8,530,-35.0,60.0,69.46221994724903,-1,329.74356283647074,-22,9,3,17.57398031129746
2051,2579801,403710.0,3395190.0,21,0,6,3,2585.0,9.2,509,0,5,404020,3395135,510,9,6,-90.5,530,310.0,-55.0,314.8412298286233,1,100.06068979532296,-20,9,3,3.6347778771996464
2052,2579801,403710.0,3395190.0,21,0,6,3,2585.0,9.2,509,0,5,403630,3395205,509,0,6,-89.29,530,-80.0,15.0,81.39410298049853,0,280.61965527615513,-21,9,3,14.467040493747968
2053,2579801,403710.0,3395190.0,21,0,6,3,2585.0,9.2,509,0,5,403660,3395255,508,0,6,-88.67,530,-50.0,65.0,82.00609733428362,-1,322.4314079711725,-22,9,3,15.017294426881397
2054,2579801,403710.0,3395190.0,21,0,6,3,2585.0,9.2,509,0,5,403625,3395220,509,0,7,-90.33,530,-85.0,30.0,90.13878188659973,0,289.4400348281762,-21,9,3,13.114499990921086
2055,2579801,403710.0,3395190.0,21,0,6,3,2585.0,9.2,509,0,5,404225,3394945,506,0,13,-96.0,530,515.0,-245.0,570.3069349043548,-3,115.44174846300257,-24,9,3,2.4097336785767602
2056,2579801,403710.0,3395190.0,21,0,6,3,2585.0,9.2,509,0,5,403405,3395405,510,0,12,-94.0,530,-305.0,215.0,373.1621631409058,1,305.1806993612421,-20,9,3,3.0678894174736397
2057,2579801,403710.0,3395190.0,21,0,6,3,2585.0,9.2,509,0,5,403400,3395410,510,0,12,-95.0,530,-310.0,220.0,380.13155617496426,1,305.36246188706906,-20,9,3,3.0117467566453606
2058,2579801,403710.0,3395190.0,21,0,6,3,2585.0,9.2,509,0,5,403510,3395040,510,0,6,-99.0,530,-200.0,-150.0,250.0,1,233.13010235415598,-20,9,3,4.573921259900861
2059,2579801,403710.0,3395190.0,21,0,6,3,2585.0,9.2,509,0,5,403780,3395150,507,0,5,-78.5,530,70.0,-40.0,80.62257748298549,-2,119.74488129694225,-23,9,3,15.922382615037971
2060,2579801,403710.0,3395190.0,21,0,6,3,2585.0,9.2,509,0,5,403845,3395205,508,0,5,-76.57,530,135.0,15.0,135.83077707206124,-1,83.65980825409008,-22,9,3,9.200088220042645
2061,2579801,403710.0,3395190.0,21,0,6,3,2585.0,9.2,509,0,5,403830,3395200,508,0,5,-68.88,530,120.0,10.0,120.41594578792295,-1,85.23635830927384,-22,9,3,10.353749632074488
2062,2579801,403710.0,3395190.0,21,0,6,3,2585.0,9.2,509,0,5,403820,3395190,507,0,5,-80.48,530,110.0,0.0,110.0,-2,90.0,-23,9,3,11.809882957028256
2063,2579801,403710.0,3395190.0,21,0,6,3,2585.0,9.2,509,0,5,403825,3395185,507,0,5,-76.44,530,115.0,-5.0,115.10864433221339,-2,92.48955292199918,-23,9,3,11.299532453753999
2064,2579801,403710.0,3395190.0,21,0,6,3,2585.0,9.2,509,0,5,403815,3395175,507,0,5,-63.33,530,105.0,-15.0,106.06601717798213,-2,98.13010235415595,-23,9,3,12.23494098088957
2065,2579801,403710.0,3395190.0,21,0,6,3,2585.0,9.2,509,0,5,403850,3395220,508,0,6,-86.0,530,140.0,30.0,143.17821063276352,-1,77.9052429229879,-22,9,3,8.735444131760737
2066,2579801,403710.0,3395190.0,21,0,6,3,2585.0,9.2,509,0,5,403855,3395215,508,0,6,-77.0,530,145.0,25.0,147.13938969562162,-1,80.21759296819272,-22,9,3,8.503759685017046
2067,2579801,403710.0,3395190.0,21,0,6,3,2585.0,9.2,509,0,5,403840,3395210,508,0,5,-72.71,530,130.0,20.0,131.52946437965906,-1,81.25383773744477,-22,9,3,9.495557505914315
2068,2579801,403710.0,3395190.0,21,0,6,3,2585.0,9.2,509,0,5,403835,3395195,507,0,5,-67.79,530,125.0,5.0,125.09996003196804,-2,87.70938995736151,-23,9,3,10.417660339034766
2069,2579801,403710.0,3395190.0,21,0,6,3,2585.0,9.2,509,0,5,403800,3395170,507,0,5,-66.71,530,90.0,-20.0,92.19544457292888,-2,102.52880770915152,-23,9,3,14.007660851661226
2070,2579801,403710.0,3395190.0,21,0,6,3,2585.0,9.2,509,0,5,403810,3395180,507,0,5,-68.95,530,100.0,-10.0,100.4987562112089,-2,95.71059313749964,-23,9,3,12.890634835155097
2071,2579801,403710.0,3395190.0,21,0,6,3,2585.0,9.2,509,0,5,403775,3395135,507,0,5,-74.0,530,65.0,-55.0,85.14693182963201,-2,130.23635830927378,-23,9,3,15.116052726814342
2072,2579801,403710.0,3395190.0,21,0,6,3,2585.0,9.2,509,0,5,403770,3395140,508,0,5,-75.33,530,60.0,-50.0,78.10249675906654,-1,129.8055710922652,-22,9,3,15.731526766293738
2073,2579801,403710.0,3395190.0,21,0,6,3,2585.0,9.2,509,0,5,403865,3395225,509,0,5,-90.33,530,155.0,35.0,158.90248582070703,0,77.27564431457762,-21,9,3,7.528384661332966
2074,2579801,403710.0,3395190.0,21,0,6,3,2585.0,9.2,509,0,5,403790,3395160,507,27,5,-72.5,530,80.0,-30.0,85.44003745317531,-2,110.55604521958344,-23,9,3,15.066557919132833
2075,2579801,403710.0,3395190.0,21,0,6,3,2585.0,9.2,509,0,5,403790,3395180,508,5,5,-70.88,530,80.0,-10.0,80.62257748298549,-1,97.1250163489018,-22,9,3,15.263072090786531
2076,2579801,403710.0,3395190.0,21,0,6,3,2585.0,9.2,509,0,5,403810,3395160,507,27,5,-71.0,530,100.0,-30.0,104.4030650891055,-2,106.69924423399362,-23,9,3,12.423815192583234
2077,2579801,403710.0,3395190.0,21,0,6,3,2585.0,9.2,509,0,5,403875,3395255,510,0,5,-90.5,530,165.0,65.0,177.341478509682,1,68.49856567595208,-20,9,3,6.434446086424834
2078,2579801,403710.0,3395190.0,21,0,6,3,2585.0,9.2,509,0,5,403835,3395135,506,0,10,-71.5,530,125.0,-55.0,136.56500283747664,-3,113.74949449286675,-24,9,3,9.967406350178349
2079,2579801,403710.0,3395190.0,21,0,6,3,2585.0,9.2,509,0,5,403895,3395235,510,0,10,-104.0,530,185.0,45.0,190.3943276465977,1,76.3286928678042,-20,9,3,5.996651421570145
2080,2579801,403710.0,3395190.0,21,0,6,3,2585.0,9.2,509,0,5,403760,3395190,508,0,5,-68.0,530,50.0,0.0,50.0,-1,90.0,-22,9,3,23.74949449286676
2081,2579801,403710.0,3395190.0,21,0,6,3,2585.0,9.2,509,0,5,403780,3395170,508,27,5,-75.0,530,70.0,-20.0,72.80109889280519,-1,105.94539590092285,-22,9,3,16.814462082890977
2082,2579801,403710.0,3395190.0,21,0,6,3,2585.0,9.2,509,0,5,403775,3395195,508,0,5,-65.79,530,65.0,5.0,65.19202405202648,-1,85.60129464500449,-22,9,3,18.647717619180774
2083,2579801,403710.0,3395190.0,21,0,6,3,2585.0,9.2,509,0,5,403765,3395185,508,0,5,-66.0,530,55.0,-5.0,55.226805085936306,-1,95.19442890773479,-22,9,3,21.72022495445403
2084,2579801,403710.0,3395190.0,21,0,6,3,2585.0,9.2,509,0,5,403770,3395200,508,0,5,-66.8,530,60.0,10.0,60.8276253029822,-1,80.53767779197437,-22,9,3,19.883931077618954
2085,2579801,403710.0,3395190.0,21,0,6,3,2585.0,9.2,509,0,5,403795,3395175,507,0,5,-68.25,530,85.0,-15.0,86.31338250816034,-2,100.00797980144137,-23,9,3,14.920941810025168
2086,2579801,403710.0,3395190.0,21,0,6,3,2585.0,9.2,509,0,5,403820,3395130,506,0,10,-77.0,530,110.0,-60.0,125.29964086141668,-3,118.61045966596521,-24,9,3,10.843151267830976
2087,2579801,403710.0,3395190.0,21,0,6,3,2585.0,9.2,509,0,5,403845,3395265,510,0,5,-102.0,530,135.0,75.0,154.434452114805,1,60.94539590092285,-20,9,3,7.379007992682631
2088,2579801,403710.0,3395190.0,21,0,6,3,2585.0,9.2,509,0,5,403715,3394990,507,0,5,-103.0,530,5.0,-200.0,200.06249023742558,-2,178.5679038158354,-23,9,3,6.558165153038966
2089,2579801,403710.0,3395190.0,21,0,6,3,2585.0,9.2,509,0,5,403625,3395080,509,0,5,-96.67,530,-85.0,-110.0,139.01438774457844,0,217.69424046668917,-21,9,3,8.59034952158448
2090,2579801,403710.0,3395190.0,21,0,6,3,2585.0,9.2,509,0,5,403575,3395170,510,0,6,-88.67,530,-135.0,-20.0,136.4734406395618,1,261.57303097851934,-20,9,3,8.337272629049002
2091,2579801,403710.0,3395190.0,21,0,6,3,2585.0,9.2,509,0,5,403930,3395365,509,0,5,-66.0,530,220.0,175.0,281.1138559374119,0,51.49934627965456,-21,9,3,4.272221486353063
2092,2579801,403710.0,3395190.0,21,0,6,3,2585.0,9.2,509,0,5,404095,3395210,509,0,5,-92.0,530,385.0,20.0,385.5191305240247,0,87.02626891751993,-21,9,3,3.1179345791526747
2093,2579801,403710.0,3395190.0,21,0,6,3,2585.0,9.2,509,0,5,404080,3395215,509,0,6,-103.0,530,370.0,25.0,370.84363281577316,0,86.13453883014824,-21,9,3,3.241063412593106
2094,2579801,403710.0,3395190.0,21,0,6,3,2585.0,9.2,509,0,5,404140,3395275,508,0,5,-103.0,530,430.0,85.0,438.32065887886233,-1,78.81824578980331,-22,9,3,2.8733536368758594
2095,2579801,403710.0,3395190.0,21,0,6,3,2585.0,9.2,509,0,5,403570,3395165,510,0,6,-88.5,530,-140.0,-25.0,142.21462653327893,1,259.87532834460217,-20,9,3,8.00515084820372
2096,2579801,403710.0,3395190.0,21,0,6,3,2585.0,9.2,509,0,5,403595,3395190,510,0,6,-88.0,530,-115.0,0.0,115.0,1,270.0,-20,9,3,9.865806943084367
2097,2579801,403710.0,3395190.0,21,0,6,3,2585.0,9.2,509,0,5,403700,3395145,509,0,5,-112.0,530,-10.0,-45.0,46.09772228646444,0,192.52880770915152,-21,9,3,24.4918253884744
2098,2579801,403710.0,3395190.0,21,0,6,3,2585.0,9.2,509,0,5,403770,3395055,507,0,10,-103.5,530,60.0,-135.0,147.73286702694156,-2,156.03751102542185,-23,9,3,8.84913480065243
2099,2579801,403710.0,3395190.0,21,0,6,3,2585.0,9.2,509,0,5,403785,3395070,507,0,5,-100.5,530,75.0,-120.0,141.50971698084905,-2,147.99461679191654,-23,9,3,9.231728812925844
2100,2579801,403710.0,3395190.0,21,0,6,3,2585.0,9.2,509,0,5,403745,3395190,509,0,5,-62.5,530,35.0,0.0,35.0,0,90.0,-21,9,3,30.96375653207352
2101,2579801,403710.0,3395190.0,21,0,6,3,2585.0,9.2,509,0,5,403950,3395235,509,0,5,-96.0,530,240.0,45.0,244.1823089414956,0,79.38034472384487,-21,9,3,4.915417755112416
2102,2579801,403710.0,3395190.0,21,0,6,3,2585.0,9.2,509,0,5,403825,3395110,507,0,10,-75.75,530,115.0,-80.0,140.089257261219,-2,124.82448915695682,-23,9,3,9.323699784539246
2103,2579801,403710.0,3395190.0,21,0,6,3,2585.0,9.2,509,0,5,403725,3395170,509,0,5,-85.33,530,15.0,-20.0,25.0,0,143.13010235415595,-21,9,3,40.0302592718897
2104,2579801,403710.0,3395190.0,21,0,6,3,2585.0,9.2,509,0,5,403775,3395060,507,0,10,-84.5,530,65.0,-130.0,145.34441853748632,-2,153.43494882292202,-23,9,3,8.992195422890708
2105,2579801,403710.0,3395190.0,21,0,6,3,2585.0,9.2,509,0,5,403755,3395200,509,0,5,-66.5,530,45.0,10.0,46.09772228646444,0,77.47119229084848,-21,9,3,24.4918253884744
2106,2579801,403710.0,3395190.0,21,0,6,3,2585.0,9.2,509,0,5,404235,3395080,506,0,5,-105.0,530,525.0,-110.0,536.4000372856065,-3,101.83364530616069,-24,9,3,2.5618607470947654
2107,2579801,403710.0,3395190.0,21,0,6,3,2585.0,9.2,509,0,5,404230,3395075,506,0,5,-93.5,530,520.0,-115.0,532.5645500782041,-3,102.47046172166893,-24,9,3,2.5802862158303403
2108,2579801,403710.0,3395190.0,21,0,6,3,2585.0,9.2,509,0,5,404225,3395070,506,0,10,-92.5,530,515.0,-120.0,528.7958017987662,-3,103.11643612539149,-24,9,3,2.598650896092199
2109,2579801,403710.0,3395190.0,21,0,6,3,2585.0,9.2,509,0,5,404220,3395065,506,0,10,-94.67,530,510.0,-125.0,525.0952294584288,-3,103.77159971708244,-24,9,3,2.6169393381661528
2110,2579801,403710.0,3395190.0,21,0,6,3,2585.0,9.2,509,0,5,403320,3395445,509,0,7,-89.0,530,-390.0,255.0,465.966737010272,0,303.1785116593927,-21,9,3,2.5804368770030455
2111,2579801,403710.0,3395190.0,21,0,6,3,2585.0,9.2,509,0,5,403330,3395455,509,0,7,-97.0,530,-380.0,265.0,463.2763753959401,0,304.89070150750484,-21,9,3,2.595401686668297
2112,2579801,403710.0,3395190.0,21,0,6,3,2585.0,9.2,509,0,5,403335,3395460,509,0,7,-89.5,530,-375.0,270.0,462.0876540224809,0,305.75388725443673,-21,9,3,2.602069197606295
2113,2579801,403710.0,3395190.0,21,0,6,3,2585.0,9.2,509,0,5,404185,3395305,507,0,6,-102.67,530,475.0,115.0,488.72282533149604,-2,76.39026810418784,-23,9,3,2.694433880551389
2114,2579801,403710.0,3395190.0,21,0,6,3,2585.0,9.2,509,0,5,403775,3395050,507,0,10,-99.0,530,65.0,-140.0,154.35349040433132,-2,155.09523119190476,-23,9,3,8.47520535953376
2115,2579801,403710.0,3395190.0,21,0,6,3,2585.0,9.2,509,0,5,403825,3395120,506,0,10,-75.2,530,115.0,-70.0,134.6291201783626,-3,121.3286928678042,-24,9,3,10.107796440742899
2116,2579801,403710.0,3395190.0,21,0,6,3,2585.0,9.2,509,0,5,403715,3395150,509,0,5,-82.67,530,5.0,-40.0,40.311288741492746,0,172.8749836510982,-21,9,3,27.51707508464421
2117,2579801,403710.0,3395190.0,21,0,6,3,2585.0,9.2,509,0,5,403730,3395165,509,0,5,-93.0,530,20.0,-25.0,32.01562118716424,0,141.34019174590992,-21,9,3,33.26206260697324
2118,2579801,403710.0,3395190.0,21,0,6,3,2585.0,9.2,509,0,5,403710,3395145,509,0,5,-74.5,530,0.0,-45.0,45.0,0,180.0,-21,9,3,25.016893478100023
2119,2579801,403710.0,3395190.0,21,0,6,3,2585.0,9.2,509,0,5,403925,3395220,509,75,10,-93.33,530,215.0,30.0,217.0829334609241,0,82.05652818940962,-21,9,3,5.52544150417802
2120,2579801,403710.0,3395190.0,21,0,6,3,2585.0,9.2,509,0,5,403750,3395185,509,0,5,-83.2,530,40.0,-5.0,40.311288741492746,0,97.1250163489018,-21,9,3,27.51707508464421
2121,2579801,403710.0,3395190.0,21,0,6,3,2585.0,9.2,509,0,5,403755,3395190,509,0,5,-64.2,530,45.0,0.0,45.0,0,90.0,-21,9,3,25.016893478100023
2122,2579801,403710.0,3395190.0,21,0,6,3,2585.0,9.2,509,0,5,403820,3395115,507,0,5,-81.0,530,110.0,-75.0,133.13526955694348,-2,124.28687697720898,-23,9,3,9.801481768960082
2123,2579801,403710.0,3395190.0,21,0,6,3,2585.0,9.2,509,0,5,403850,3395205,508,0,5,-91.0,530,140.0,15.0,140.80127840328723,-1,83.88449643371462,-22,9,3,8.88057980388744
2124,2579801,403710.0,3395190.0,21,0,6,3,2585.0,9.2,509,0,5,403875,3395230,509,0,5,-92.33,530,165.0,40.0,169.77926846349644,0,76.37300514010849,-21,9,3,7.0511024908405675
2125,2579801,403710.0,3395190.0,21,0,6,3,2585.0,9.2,509,0,5,403890,3395245,510,0,10,-94.67,530,180.0,55.0,188.2153022471871,1,73.00917670801385,-20,9,3,6.065561847823663
2126,2579801,403710.0,3395190.0,21,0,6,3,2585.0,9.2,509,0,5,403880,3395255,510,0,5,-92.5,530,170.0,65.0,182.00274723201295,1,69.07549825507886,-20,9,3,6.2709835451627045
2127,2579801,403710.0,3395190.0,21,0,6,3,2585.0,9.2,509,0,5,403780,3395155,507,0,5,-82.0,530,70.0,-35.0,78.26237921249263,-2,116.56505117707798,-23,9,3,16.377177264681745
2128,2579801,403710.0,3395190.0,21,0,6,3,2585.0,9.2,509,0,5,403785,3395160,507,27,5,-87.5,530,75.0,-30.0,80.77747210701756,-2,111.80140948635182,-23,9,3,15.893394342718633
2129,2579801,403710.0,3395190.0,21,0,6,3,2585.0,9.2,509,0,5,403790,3395145,507,0,7,-59.0,530,80.0,-45.0,91.7877987534291,-2,119.35775354279127,-23,9,3,14.067406347324068
2130,2579801,403710.0,3395190.0,21,0,6,3,2585.0,9.2,509,0,5,403870,3395225,509,0,5,-86.5,530,160.0,35.0,163.783393541592,0,77.66091272167381,-21,9,3,7.306492280563654
2131,2579801,403710.0,3395190.0,21,0,6,3,2585.0,9.2,509,0,5,403925,3395300,510,0,5,-97.5,530,215.0,110.0,241.50569351466643,1,62.904447506248175,-20,9,3,4.734077655052759
2132,2579801,403710.0,3395190.0,21,0,6,3,2585.0,9.2,509,0,5,403915,3395270,510,0,10,-100.17,530,205.0,80.0,220.05681084665386,1,68.68208772453846,-20,9,3,5.193095224005903
2133,2579801,403710.0,3395190.0,21,0,6,3,2585.0,9.2,509,0,5,403820,3395195,507,0,5,-79.07,530,110.0,5.0,110.11357772772621,-2,87.39743779750017,-23,9,3,11.798043132918776
2134,2579801,403710.0,3395190.0,21,0,6,3,2585.0,9.2,509,0,5,403815,3395170,507,0,5,-62.75,530,105.0,-20.0,106.88779163215975,-2,100.7842978675626,-23,9,3,12.14367846185875
2135,2579801,403710.0,3395190.0,21,0,6,3,2585.0,9.2,509,0,5,403825,3395200,508,0,5,-74.5,530,115.0,10.0,115.43396380615195,-1,85.03025927188969,-22,9,3,10.790322429080796
2136,2579801,403710.0,3395190.0,21,0,6,3,2585.0,9.2,509,0,5,403830,3395185,507,0,5,-74.97,530,120.0,-5.0,120.10412149464314,-2,92.38594403038883,-23,9,3,10.840921371142215
2137,2579801,403710.0,3395190.0,21,0,6,3,2585.0,9.2,509,0,5,403835,3395190,507,0,5,-64.57,530,125.0,0.0,125.0,-2,90.0,-23,9,3,10.425808525884786
2138,2579801,403710.0,3395190.0,21,0,6,3,2585.0,9.2,509,0,5,403805,3395180,507,0,5,-65.16,530,95.0,-10.0,95.524865872714,-2,96.00900595749454,-23,9,3,13.537711972844367
2139,2579801,403710.0,3395190.0,21,0,6,3,2585.0,9.2,509,0,5,403800,3395175,507,5,5,-69.5,530,90.0,-15.0,91.2414379544733,-2,99.46232220802563,-23,9,3,14.14826971797434
2140,2579801,403710.0,3395190.0,21,0,6,3,2585.0,9.2,509,0,5,403845,3395220,508,75,6,-76.2,530,135.0,30.0,138.2931668593933,-1,77.47119229084848,-22,9,3,9.039003711296667
2141,2579801,403710.0,3395190.0,21,0,6,3,2585.0,9.2,509,0,5,403840,3395215,508,75,6,-74.0,530,130.0,25.0,132.38202294873727,-1,79.11447294534128,-22,9,3,9.435507909527463
2142,2579801,403710.0,3395190.0,21,0,6,3,2585.0,9.2,509,0,5,403775,3395130,507,0,5,-79.5,530,65.0,-60.0,88.45903006477066,-2,132.7093899573615,-23,9,3,14.574611874937261
2143,2579801,403710.0,3395190.0,21,0,6,3,2585.0,9.2,509,0,5,403765,3395140,508,0,5,-70.0,530,55.0,-50.0,74.33034373659252,-1,132.27368900609372,-22,9,3,16.48749092053611
2144,2579801,403710.0,3395190.0,21,0,6,3,2585.0,9.2,509,0,5,403910,3395265,510,0,5,-95.67,530,200.0,75.0,213.60009363293827,1,69.44395478041656,-20,9,3,5.3491750982856034
2145,2579801,403710.0,3395190.0,21,0,6,3,2585.0,9.2,509,0,5,403855,3395210,508,0,6,-93.33,530,145.0,20.0,146.37281168304446,-1,82.14668669802177,-22,9,3,8.54763906512784
2146,2579801,403710.0,3395190.0,21,0,6,3,2585.0,9.2,509,0,5,403760,3395135,508,0,5,-76.33,530,50.0,-55.0,74.33034373659252,-1,137.72631099390628,-22,9,3,16.48749092053611
2147,2579801,403710.0,3395190.0,21,0,6,3,2585.0,9.2,509,0,5,403810,3395165,507,0,5,-76.44,530,100.0,-25.0,103.07764064044152,-2,104.03624346792651,-23,9,3,12.57851384727235
2148,2579801,403710.0,3395190.0,21,0,6,3,2585.0,9.2,509,0,5,403320,3395485,509,0,7,-106.33,530,-390.0,295.0,489.004089962446,0,307.1042349057062,-21,9,3,2.4590234482480935
2149,2579801,403710.0,3395190.0,21,0,6,3,2585.0,9.2,509,0,5,403310,3395475,509,0,5,-98.5,530,-400.0,285.0,491.1466176204413,0,305.46987216740007,-21,9,3,2.448309538122378
2150,2579801,403710.0,3395190.0,21,0,6,3,2585.0,9.2,509,0,5,403305,3395470,509,0,5,-86.5,530,-405.0,280.0,492.36673323854853,0,304.6583547055211,-21,9,3,2.442249829004454
2151,2579801,403710.0,3395190.0,21,0,6,3,2585.0,9.2,509,0,5,403315,3395480,509,0,7,-83.0,530,-395.0,290.0,490.02550954006466,0,306.28526712513883,-21,9,3,2.4539040797563283
2152,2579801,403710.0,3395190.0,21,0,6,3,2585.0,9.2,509,0,5,403750,3395240,509,0,5,-72.6,530,40.0,50.0,64.03124237432849,0,38.65980825409008,-21,9,3,18.157674708606258
2153,2579801,403710.0,3395190.0,21,0,6,3,2585.0,9.2,509,0,5,403815,3395295,509,75,5,-84.67,530,105.0,105.0,148.49242404917499,0,45.0,-21,9,3,8.049466975528397
2154,2579801,403710.0,3395190.0,21,0,6,3,2585.0,9.2,509,0,5,403685,3395245,508,0,5,-82.33,530,-25.0,55.0,60.41522986797286,-1,335.55604521958344,-22,9,3,20.008921988451537
2155,2579801,403710.0,3395190.0,21,0,6,3,2585.0,9.2,509,0,5,403985,3395145,510,75,6,-105.0,530,275.0,-45.0,278.65749586185547,1,99.29330859939711,-20,9,3,4.1052331528055594
2156,2579801,403710.0,3395190.0,21,0,6,3,2585.0,9.2,509,0,5,403810,3395300,509,75,5,-80.0,530,100.0,110.0,148.66068747318505,0,42.27368900609372,-21,9,3,8.04047529892008
2157,2579801,403710.0,3395190.0,21,0,6,3,2585.0,9.2,509,0,5,403845,3395085,507,0,5,-101.0,530,135.0,-105.0,171.0263137648707,-2,127.8749836510982,-23,9,3,7.659310701749987
2158,2579801,403710.0,3395190.0,21,0,6,3,2585.0,9.2,509,0,5,403700,3395270,509,0,5,-97.5,530,-10.0,80.0,80.62257748298549,0,352.8749836510982,-21,9,3,14.599595080188077
2159,2579801,403710.0,3395190.0,21,0,6,3,2585.0,9.2,509,0,5,403755,3395235,509,0,5,-68.13,530,45.0,45.0,63.63961030678928,0,45.0,-21,9,3,18.26202006677648
2160,2579801,403710.0,3395190.0,21,0,6,3,2585.0,9.2,509,0,5,403690,3395260,509,0,5,-86.0,530,-20.0,70.0,72.80109889280519,0,344.05460409907715,-21,9,3,16.09058603727885
2161,2579801,403710.0,3395190.0,21,0,6,3,2585.0,9.2,509,0,5,403800,3395290,509,0,5,-86.6,530,90.0,100.0,134.5362404707371,0,41.987212495816664,-21,9,3,8.871809126428408
2162,2579801,403710.0,3395190.0,21,0,6,3,2585.0,9.2,509,0,5,403745,3395225,509,0,5,-71.36,530,35.0,35.0,49.49747468305833,0,45.0,-21,9,3,22.989767773608854
2163,2579801,403710.0,3395190.0,21,0,6,3,2585.0,9.2,509,0,5,403955,3395195,509,75,5,-104.67,530,245.0,5.0,245.05101509685693,0,88.83086067209257,-21,9,3,4.898077515489317
2164,2579801,403710.0,3395190.0,21,0,6,3,2585.0,9.2,509,0,5,403740,3395230,509,0,5,-68.67,530,30.0,40.0,50.0,0,36.86989764584405,-21,9,3,22.78240573048169
2165,2579801,403710.0,3395190.0,21,0,6,3,2585.0,9.2,509,0,5,403870,3395120,507,0,7,-83.5,530,160.0,-70.0,174.64249196572982,-2,113.62937773065681,-23,9,3,7.502541087548018
2166,2579801,403710.0,3395190.0,21,0,6,3,2585.0,9.2,509,0,5,403735,3395215,509,0,5,-72.33,530,25.0,25.0,35.35533905932738,0,45.0,-21,9,3,30.709028345518192
2167,2579801,403710.0,3395190.0,21,0,6,3,2585.0,9.2,509,0,5,403945,3395185,509,0,5,-99.0,530,235.0,-5.0,235.05318547086316,0,91.21887523513129,-21,9,3,5.105335235243752
2168,2579801,403710.0,3395190.0,21,0,6,3,2585.0,9.2,509,0,5,403805,3395285,509,75,10,-80.75,530,95.0,95.0,134.35028842544403,0,45.0,-21,9,3,8.883892720116386
2169,2579801,403710.0,3395190.0,21,0,6,3,2585.0,9.2,509,0,5,403680,3395250,508,0,5,-83.78,530,-30.0,60.0,67.08203932499369,-1,333.434948822922,-22,9,3,18.157247236492648
2170,2579801,403710.0,3395190.0,21,0,6,3,2585.0,9.2,509,0,5,403600,3395095,509,0,5,-98.25,530,-110.0,-95.0,145.34441853748632,0,229.1849161251184,-21,9,3,8.221451306049378
2171,2579801,403710.0,3395190.0,21,0,6,3,2585.0,9.2,509,0,5,403605,3395100,509,0,5,-94.5,530,-105.0,-90.0,138.2931668593933,0,229.3987053549955,-21,9,3,8.634476058451309
2172,2579801,403710.0,3395190.0,21,0,6,3,2585.0,9.2,509,0,5,403585,3395160,510,0,6,-91.5,530,-125.0,-30.0,128.5496013218244,1,256.50426671920417,-20,9,3,8.843292140084747
2173,2579801,403710.0,3395190.0,21,0,6,3,2585.0,9.2,509,0,5,403595,3395150,510,0,6,-94.17,530,-115.0,-40.0,121.75795661885921,1,250.82099197418927,-20,9,3,9.328122469211554
2174,2579801,403710.0,3395190.0,21,0,6,3,2585.0,9.2,509,0,5,403590,3395145,510,0,6,-92.0,530,-120.0,-45.0,128.16005617976296,1,249.44395478041653,-20,9,3,8.86974475203817
2175,2579801,403710.0,3395190.0,21,0,6,3,2585.0,9.2,509,0,5,403745,3395000,506,75,10,-103.0,530,35.0,-190.0,193.19679086361657,-3,169.5625246488819,-24,9,3,7.081328674491954
2176,2579801,403710.0,3395190.0,21,0,6,3,2585.0,9.2,509,0,5,403630,3395105,509,0,5,-93.33,530,-80.0,-85.0,116.72617529928752,0,223.2642954110716,-21,9,3,10.198880814038466
2177,2579801,403710.0,3395190.0,21,0,6,3,2585.0,9.2,509,0,5,403625,3395170,509,0,5,-91.33,530,-85.0,-20.0,87.32124598286491,0,256.7594800848128,-21,9,3,13.522346650697342
2178,2579801,403710.0,3395190.0,21,0,6,3,2585.0,9.2,509,0,5,403630,3395175,509,0,5,-97.0,530,-80.0,-15.0,81.39410298049853,0,259.38034472384487,-21,9,3,14.467040493747968
2179,2579801,403710.0,3395190.0,21,0,6,3,2585.0,9.2,509,0,5,403775,3395040,507,0,5,-94.4,530,65.0,-150.0,163.47782724271815,-2,156.57130719125462,-23,9,3,8.008485475160322
2180,2579801,403710.0,3395190.0,21,0,6,3,2585.0,9.2,509,0,5,403600,3395185,510,0,7,-93.0,530,-110.0,-5.0,110.11357772772621,1,267.3974377975002,-20,9,3,10.294444826043298
2181,2579801,403710.0,3395190.0,21,0,6,3,2585.0,9.2,509,0,5,403635,3395180,509,0,5,-93.33,530,-75.0,-10.0,75.66372975210778,0,262.40535663140855,-21,9,3,15.51166526616417
2182,2579801,403710.0,3395190.0,21,0,6,3,2585.0,9.2,509,0,5,403605,3395190,510,0,7,-92.13,530,-105.0,0.0,105.0,1,270.0,-20,9,3,10.7842978675626
2183,2579801,403710.0,3395190.0,21,0,6,3,2585.0,9.2,509,0,5,403550,3395095,510,0,6,-97.0,530,-160.0,-95.0,186.07794065928394,1,239.3002774491856,-20,9,3,6.134704902453796
2184,2579801,403710.0,3395190.0,21,0,6,3,2585.0,9.2,509,0,5,403540,3395085,510,0,6,-100.33,530,-170.0,-105.0,199.81241202688085,1,238.29857033049427,-20,9,3,5.715918874905108
2185,2579801,403710.0,3395190.0,21,0,6,3,2585.0,9.2,509,0,5,404140,3395285,508,0,5,-96.67,530,430.0,95.0,440.3691633164157,-1,77.54175355999507,-22,9,3,2.860009645431723
2186,2579801,403710.0,3395190.0,21,0,6,3,2585.0,9.2,509,0,5,404135,3395320,508,0,6,-113.0,530,425.0,130.0,444.43784717325775,-1,72.9920530445927,-22,9,3,2.833870064201011
2187,2579801,403710.0,3395190.0,21,0,6,3,2585.0,9.2,509,0,5,403565,3395070,510,0,6,-95.33,530,-145.0,-120.0,188.2153022471871,1,230.3893117599734,-20,9,3,6.065561847823663
2188,2579801,403710.0,3395190.0,21,0,6,3,2585.0,9.2,509,0,5,403555,3395100,510,0,7,-98.33,530,-155.0,-90.0,179.2344832893492,1,239.85861444792465,-20,9,3,6.367049008473474
2189,2579801,403710.0,3395190.0,21,0,6,3,2585.0,9.2,509,0,5,403560,3395065,510,0,6,-100.67,530,-150.0,-125.0,195.25624189766637,1,230.1944289077348,-20,9,3,5.848381828853835
2190,2579801,403710.0,3395190.0,21,0,6,3,2585.0,9.2,509,0,5,404145,3395290,508,0,5,-102.0,530,435.0,100.0,446.3462781294362,-1,77.05349048436307,-22,9,3,2.8217729860809517
2191,2579801,403710.0,3395190.0,21,0,6,3,2585.0,9.2,509,0,5,403620,3395165,509,0,5,-90.5,530,-90.0,-25.0,93.40770846134703,0,254.47588900324575,-21,9,3,12.67061294012178
2192,2579801,403710.0,3395190.0,21,0,6,3,2585.0,9.2,509,0,5,404130,3395315,508,0,6,-103.75,530,420.0,125.0,438.20657229210974,-1,73.425992243091,-22,9,3,2.8741004571392152
2193,2579801,403710.0,3395190.0,21,0,6,3,2585.0,9.2,509,0,5,403610,3395195,509,0,7,-91.83,530,-100.0,5.0,100.12492197250393,0,272.8624052261117,-21,9,3,11.845400429917285
2194,2579801,403710.0,3395190.0,21,0,6,3,2585.0,9.2,509,0,5,403655,3395160,509,0,5,-88.0,530,-55.0,-30.0,62.64982043070834,0,241.3895403340348,-21,9,3,18.530971049942565
2195,2579801,403710.0,3395190.0,21,0,6,3,2585.0,9.2,509,0,5,404065,3395210,509,60,6,-103.0,530,355.0,20.0,355.5629339512205,0,86.77547739348012,-21,9,3,3.3800352853702575
2196,2579801,403710.0,3395190.0,21,0,6,3,2585.0,9.2,509,0,5,403615,3395200,509,0,7,-94.33,530,-95.0,10.0,95.524865872714,0,276.00900595749454,-21,9,3,12.398567410734424
2197,2579801,403710.0,3395190.0,21,0,6,3,2585.0,9.2,509,0,5,403825,3395255,509,0,5,-102.75,530,115.0,65.0,132.09844813622905,0,60.524110996754246,-21,9,3,9.032857121040315
2198,2579801,403710.0,3395190.0,21,0,6,3,2585.0,9.2,509,0,5,403820,3395260,509,0,5,-100.5,530,110.0,70.0,130.38404810405297,0,57.52880770915152,-21,9,3,9.149632529513376
2199,2579801,403710.0,3395190.0,21,0,6,3,2585.0,9.2,509,0,5,403965,3395115,508,0,10,-66.0,530,255.0,-75.0,265.80067720004024,-1,106.38954033403479,-22,9,3,4.731517225674327
2200,2579801,403710.0,3395190.0,21,0,6,3,2585.0,9.2,509,0,5,403880,3395200,508,0,6,-77.0,530,170.0,10.0,170.29386365926402,-1,86.63353933657021,-22,9,3,7.361181670807614
2201,2579801,403710.0,3395190.0,21,0,6,3,2585.0,9.2,509,0,5,403960,3395120,508,0,10,-73.33,530,250.0,-70.0,259.61509971494337,-1,105.64224645720873,-22,9,3,4.843719979143165
2202,2579801,403710.0,3395190.0,21,0,6,3,2585.0,9.2,509,0,5,403875,3395125,507,0,7,-75.2,530,165.0,-65.0,177.341478509682,-2,111.50143432404792,-23,9,3,7.389630377198819
2203,2579801,403710.0,3395190.0,21,0,6,3,2585.0,9.2,509,0,5,403970,3395110,508,0,10,-83.5,530,260.0,-80.0,272.02941017470886,-1,107.10272896905235,-22,9,3,4.623653560883869
2204,2579801,403710.0,3395190.0,21,0,6,3,2585.0,9.2,509,0,5,403830,3395250,509,0,5,-95.8,530,120.0,60.0,134.16407864998737,0,63.434948822922024,-21,9,3,8.896025825607326
2205,2579801,403710.0,3395190.0,21,0,6,3,2585.0,9.2,509,0,5,403855,3395145,506,0,5,-72.12,530,145.0,-45.0,151.82226450688975,-3,107.24145939893998,-24,9,3,8.982959511677159
2206,2579801,403710.0,3395190.0,21,0,6,3,2585.0,9.2,509,0,5,403840,3395160,506,0,5,-68.35,530,130.0,-30.0,133.41664064126334,-3,102.99461679191648,-24,9,3,10.197735960457248
2207,2579801,403710.0,3395190.0,21,0,6,3,2585.0,9.2,509,0,5,403800,3395280,509,0,5,-76.22,530,90.0,90.0,127.27922061357856,0,45.0,-21,9,3,9.368915578454837
2208,2579801,403710.0,3395190.0,21,0,6,3,2585.0,9.2,509,0,5,403850,3395150,506,0,5,-69.33,530,140.0,-40.0,145.60219778561037,-3,105.94539590092285,-24,9,3,9.36005201533333
2209,2579801,403710.0,3395190.0,21,0,6,3,2585.0,9.2,509,0,5,403760,3395240,509,0,5,-72.86,530,50.0,50.0,70.71067811865476,0,45.0,-21,9,3,16.540621739986666
2210,2579801,403710.0,3395190.0,21,0,6,3,2585.0,9.2,509,0,5,403980,3395100,508,0,5,-70.0,530,270.0,-90.0,284.60498941515414,-1,108.43494882292202,-22,9,3,4.420180668608431
2211,2579801,403710.0,3395190.0,21,0,6,3,2585.0,9.2,509,0,5,403775,3395225,509,0,12,-68.5,530,65.0,35.0,73.824115301167,0,61.699244233993625,-21,9,3,15.878926798620514
2212,2579801,403710.0,3395190.0,21,0,6,3,2585.0,9.2,509,0,5,403785,3395215,508,0,12,-65.61,530,75.0,25.0,79.05694150420949,-1,71.56505117707798,-22,9,3,15.550844571615853
2213,2579801,403710.0,3395190.0,21,0,6,3,2585.0,9.2,509,0,5,403765,3395235,509,0,12,-72.67,530,55.0,45.0,71.06335201775947,0,50.71059313749964,-21,9,3,16.462988038278745
2214,2579801,403710.0,3395190.0,21,0,6,3,2585.0,9.2,509,0,5,403780,3395220,509,0,12,-65.53,530,70.0,30.0,76.15773105863909,0,66.80140948635182,-21,9,3,15.415848529477984
2215,2579801,403710.0,3395190.0,21,0,6,3,2585.0,9.2,509,0,5,403865,3395135,506,0,7,-77.38,530,155.0,-55.0,164.46884203398528,-3,109.53665493812838,-24,9,3,8.302248152070641
2216,2579801,403710.0,3395190.0,21,0,6,3,2585.0,9.2,509,0,5,403795,3395205,508,0,12,-66.44,530,85.0,15.0,86.31338250816034,-1,79.99202019855863,-22,9,3,14.299373367713288
2217,2579801,403710.0,3395190.0,21,0,6,3,2585.0,9.2,509,0,5,403705,3395295,509,0,6,-85.8,530,-5.0,105.0,105.11898020814318,0,357.2736890060937,-21,9,3,11.297460598319319
2218,2579801,403710.0,3395190.0,21,0,6,3,2585.0,9.2,509,0,5,403710,3395290,509,0,6,-87.5,530,0.0,100.0,100.0,0,0.0,-21,9,3,11.859779120947978
2219,2579801,403710.0,3395190.0,21,0,6,3,2585.0,9.2,509,0,5,403905,3395175,508,75,5,-110.67,530,195.0,-15.0,195.57607215607945,-1,94.39870535499551,-22,9,3,6.418118996440117
2220,2579801,403710.0,3395190.0,21,0,6,3,2585.0,9.2,509,0,5,403835,3395245,509,0,5,-96.67,530,125.0,55.0,136.56500283747664,0,66.25050550713325,-21,9,3,8.74206354914434
2221,2579801,403710.0,3395190.0,21,0,6,3,2585.0,9.2,509,0,5,403845,3395155,506,0,5,-71.56,530,135.0,-35.0,139.46325680981354,-3,104.53445508054011,-24,9,3,9.76429712538626
2222,2579801,403710.0,3395190.0,21,0,6,3,2585.0,9.2,509,0,5,403870,3395130,507,0,7,-82.0,530,160.0,-60.0,170.88007490635061,-2,110.55604521958344,-23,9,3,7.665787614585181
2223,2579801,403710.0,3395190.0,21,0,6,3,2585.0,9.2,509,0,5,403860,3395140,506,0,7,-72.44,530,150.0,-50.0,158.11388300841898,-3,108.43494882292202,-24,9,3,8.631004158755234
2224,2579801,403710.0,3395190.0,21,0,6,3,2585.0,9.2,509,0,5,403805,3395275,509,75,5,-78.5,530,95.0,85.0,127.47548783981962,0,48.17983011986422,-21,9,3,9.354745938095656
2225,2579801,403710.0,3395190.0,21,0,6,3,2585.0,9.2,509,0,5,403790,3395210,508,0,12,-66.6,530,80.0,20.0,82.46211251235322,-1,75.96375653207355,-22,9,3,14.937970853769963
2226,2579801,403710.0,3395190.0,21,0,6,3,2585.0,9.2,509,0,5,403975,3395105,508,0,5,-69.0,530,265.0,-85.0,278.29840100151495,-1,107.7838884426925,-22,9,3,4.519936976643023
2227,2579801,403710.0,3395190.0,21,0,6,3,2585.0,9.2,509,0,5,403770,3395230,509,0,12,-69.67,530,60.0,40.0,72.11102550927978,0,56.30993247402023,-21,9,3,16.2364895842864
2228,2579801,403710.0,3395190.0,21,0,6,3,2585.0,9.2,509,0,5,403640,3395120,509,0,5,-89.0,530,-70.0,-70.0,98.99494936611666,0,225.0,-21,9,3,11.976725812374069
2229,2579801,403710.0,3395190.0,21,0,6,3,2585.0,9.2,509,0,5,403590,3395170,510,0,6,-91.0,530,-120.0,-20.0,121.6552506059644,1,260.5376777919744,-20,9,3,9.335859032003938
2230,2579801,403710.0,3395190.0,21,0,6,3,2585.0,9.2,509,0,5,403755,3395005,506,0,5,-104.5,530,45.0,-185.0,190.3943276465977,-3,166.3286928678042,-24,9,3,7.184479194335673
2231,2579801,403710.0,3395190.0,21,0,6,3,2585.0,9.2,509,0,5,403605,3395075,509,0,5,-100.5,530,-105.0,-115.0,155.72411502397438,0,222.3974377975002,-21,9,3,7.680224996211206
2232,2579801,403710.0,3395190.0,21,0,6,3,2585.0,9.2,509,0,5,404120,3395280,508,0,5,-103.0,530,410.0,90.0,419.76183723630714,-1,77.61924307119284,-22,9,3,3.00016529062668
2233,2579801,403710.0,3395190.0,21,0,6,3,2585.0,9.2,509,0,5,404135,3395265,508,0,5,-111.0,530,425.0,75.0,431.5669125408017,-1,79.99202019855863,-22,9,3,2.9182426558650185
2234,2579801,403710.0,3395190.0,21,0,6,3,2585.0,9.2,509,0,5,403580,3395180,510,0,6,-90.5,530,-130.0,-10.0,130.38404810405297,1,265.6012946450045,-20,9,3,8.720796928163413
2235,2579801,403710.0,3395190.0,21,0,6,3,2585.0,9.2,509,0,5,404130,3395270,508,0,5,-101.75,530,420.0,80.0,427.551166528639,-1,79.2157021324374,-22,9,3,2.9456040101279095
2236,2579801,403710.0,3395190.0,21,0,6,3,2585.0,9.2,509,0,5,403595,3395165,510,0,7,-93.5,530,-115.0,-25.0,117.6860229593982,1,257.7352262721076,-20,9,3,9.64491100148655
2237,2579801,403710.0,3395190.0,21,0,6,3,2585.0,9.2,509,0,5,404125,3395275,508,0,5,-100.5,530,415.0,85.0,423.6153915995027,-1,78.42481118260378,-22,9,3,2.972922500105582
2238,2579801,403710.0,3395190.0,21,0,6,3,2585.0,9.2,509,0,5,403585,3395175,510,0,6,-93.67,530,-125.0,-15.0,125.89678312014172,1,263.15722658736905,-20,9,3,9.026595251274314
2239,2579801,403710.0,3395190.0,21,0,6,3,2585.0,9.2,509,0,5,403815,3395235,509,75,6,-97.67,530,105.0,45.0,114.23659658795863,0,66.80140948635182,-21,9,3,10.416331836297568
2240,2579801,403710.0,3395190.0,21,0,6,3,2585.0,9.2,509,0,5,403875,3395175,507,0,5,-83.0,530,165.0,-15.0,165.6804152578089,-2,95.19442890773479,-23,9,3,7.903373362797286
2241,2579801,403710.0,3395190.0,21,0,6,3,2585.0,9.2,509,0,5,403795,3395255,509,0,6,-84.0,530,85.0,65.0,107.00467279516349,0,52.59464336859145,-21,9,3,11.103360591905053
2242,2579801,403710.0,3395190.0,21,0,6,3,2585.0,9.2,509,0,5,403810,3395240,509,0,6,-103.33,530,100.0,50.0,111.80339887498948,0,63.434948822922024,-21,9,3,10.637903602437003
2243,2579801,403710.0,3395190.0,21,0,6,3,2585.0,9.2,509,0,5,403910,3395140,507,0,5,-63.75,530,200.0,-50.0,206.15528128088303,-2,104.03624346792651,-23,9,3,6.365957758378601
2244,2579801,403710.0,3395190.0,21,0,6,3,2585.0,9.2,509,0,5,403870,3395180,507,0,5,-82.5,530,160.0,-10.0,160.31219541881399,-2,93.57633437499737,-23,9,3,8.16451450785329
2245,2579801,403710.0,3395190.0,21,0,6,3,2585.0,9.2,509,0,5,403945,3395085,507,87,5,-80.5,530,235.0,-105.0,257.390753524675,-2,114.07549825507886,-23,9,3,5.10629115128507
2246,2579801,403710.0,3395190.0,21,0,6,3,2585.0,9.2,509,0,5,403935,3395115,507,0,5,-75.2,530,225.0,-75.0,237.17082451262846,-2,108.43494882292202,-23,9,3,5.539024532835171
2247,2579801,403710.0,3395190.0,21,0,6,3,2585.0,9.2,509,0,5,403970,3395080,507,0,5,-69.0,530,260.0,-110.0,282.3118842698621,-2,112.93210043758978,-23,9,3,4.65761084705932
2248,2579801,403710.0,3395190.0,21,0,6,3,2585.0,9.2,509,0,5,403865,3395165,507,0,10,-84.88,530,155.0,-25.0,157.00318468107582,-2,99.16234704572173,-23,9,3,8.33419783617945
2249,2579801,403710.0,3395190.0,21,0,6,3,2585.0,9.2,509,0,5,403780,3395250,509,0,6,-73.88,530,70.0,60.0,92.19544457292888,0,49.39870535499551,-21,9,3,12.831735626424479
2250,2579801,403710.0,3395190.0,21,0,6,3,2585.0,9.2,509,0,5,403895,3395155,507,0,10,-75.8,530,185.0,-35.0,188.2817038376273,-2,100.71312302279102,-23,9,3,6.964596315855272
2251,2579801,403710.0,3395190.0,21,0,6,3,2585.0,9.2,509,0,5,403915,3395135,507,0,5,-70.75,530,205.0,-55.0,212.24985276791125,-2,105.0183606311507,-23,9,3,6.184602001458569
2252,2579801,403710.0,3395190.0,21,0,6,3,2585.0,9.2,509,0,5,403950,3395100,507,0,5,-75.5,530,240.0,-90.0,256.3201123595259,-2,110.55604521958344,-23,9,3,5.127506509127281
2253,2579801,403710.0,3395190.0,21,0,6,3,2585.0,9.2,509,0,5,403890,3395160,507,0,10,-74.63,530,180.0,-30.0,182.4828759089466,-2,99.46232220802563,-23,9,3,7.183635908941684
2254,2579801,403710.0,3395190.0,21,0,6,3,2585.0,9.2,509,0,5,403880,3395150,507,0,5,-78.9,530,170.0,-40.0,174.64249196572982,-2,103.24051991518718,-23,9,3,7.502541087548018
2255,2579801,403710.0,3395190.0,21,0,6,3,2585.0,9.2,509,0,5,403805,3395225,508,75,5,-89.86,530,95.0,35.0,101.24228365658294,-1,69.77514056883194,-22,9,3,12.25980632373573
2256,2579801,403710.0,3395190.0,21,0,6,3,2585.0,9.2,509,0,5,403850,3395200,508,0,5,-79.5,530,140.0,10.0,140.356688476182,-1,85.91438322002512,-22,9,3,8.908259228656227
2257,2579801,403710.0,3395190.0,21,0,6,3,2585.0,9.2,509,0,5,403845,3395185,507,0,10,-72.55,530,135.0,-5.0,135.09256086106296,-2,92.12109639666147,-23,9,3,9.662168940777713
2258,2579801,403710.0,3395190.0,21,0,6,3,2585.0,9.2,509,0,5,403885,3395145,507,0,10,-74.82,530,175.0,-45.0,180.6931099959265,-2,104.42077312751098,-23,9,3,7.254035572546344
2259,2579801,403710.0,3395190.0,21,0,6,3,2585.0,9.2,509,0,5,403825,3395205,508,0,5,-80.9,530,115.0,15.0,115.97413504743201,-1,82.56859202882748,-22,9,3,10.74123641054111
2260,2579801,403710.0,3395190.0,21,0,6,3,2585.0,9.2,509,0,5,403830,3395220,508,75,6,-59.0,530,120.0,30.0,123.69316876852982,-1,75.96375653207355,-22,9,3,10.085134498148449
2261,2579801,403710.0,3395190.0,21,0,6,3,2585.0,9.2,509,0,5,403840,3395190,507,0,5,-68.11,530,130.0,0.0,130.0,-2,90.0,-23,9,3,10.033120554331168
2262,2579801,403710.0,3395190.0,21,0,6,3,2585.0,9.2,509,0,5,403930,3395120,507,0,5,-72.0,530,220.0,-70.0,230.8679276123039,-2,107.65012421993015,-23,9,3,5.689265767427626
2263,2579801,403710.0,3395190.0,21,0,6,3,2585.0,9.2,509,0,5,403835,3395215,508,75,5,-89.5,530,125.0,25.0,127.47548783981962,-1,78.69006752597977,-22,9,3,9.791777160985244
2264,2579801,403710.0,3395190.0,21,0,6,3,2585.0,9.2,509,0,5,403955,3395095,507,0,5,-73.33,530,245.0,-95.0,262.77366686941826,-2,111.1940564815423,-23,9,3,5.002225106507336
2265,2579801,403710.0,3395190.0,21,0,6,3,2585.0,9.2,509,0,5,403720,3395310,508,0,6,-87.5,530,10.0,120.0,120.41594578792295,-1,4.7636416907261605,-22,9,3,10.353749632074488
2266,2579801,403710.0,3395190.0,21,0,6,3,2585.0,9.2,509,0,5,403855,3395195,508,0,5,-71.33,530,145.0,5.0,145.08618128546908,-1,88.02506598911805,-22,9,3,8.622305533771701
2267,2579801,403710.0,3395190.0,21,0,6,3,2585.0,9.2,509,0,5,403920,3395110,507,0,5,-77.29,530,210.0,-80.0,224.72205054244233,-2,110.85445803957833,-23,9,3,5.843797679900116
2268,2579801,403710.0,3395190.0,21,0,6,3,2585.0,9.2,509,0,5,403900,3395130,507,0,5,-77.78,530,190.0,-60.0,199.24858845171275,-2,107.52556837372288,-23,9,3,6.584719524019538
2269,2579801,403710.0,3395190.0,21,0,6,3,2585.0,9.2,509,0,5,403820,3395210,508,0,5,-65.25,530,110.0,20.0,111.80339887498948,-1,79.69515353123398,-22,9,3,11.132094625040832
2270,2579801,403710.0,3395190.0,21,0,6,3,2585.0,9.2,509,0,5,403860,3395170,507,0,10,-79.37,530,150.0,-20.0,151.32745950421557,-2,97.59464336859145,-23,9,3,8.642146130318235
2271,2579801,403710.0,3395190.0,21,0,6,3,2585.0,9.2,509,0,5,403905,3395125,507,0,5,-76.38,530,195.0,-65.0,205.54804791094466,-2,108.43494882292202,-23,9,3,6.384609103795859
2272,2579801,403710.0,3395190.0,21,0,6,3,2585.0,9.2,509,0,5,403790,3395260,509,0,5,-73.69,530,80.0,70.0,106.30145812734649,0,48.81407483429035,-21,9,3,11.174969693876506
2273,2579801,403710.0,3395190.0,21,0,6,3,2585.0,9.2,509,0,5,403800,3395230,509,0,13,-80.0,530,90.0,40.0,98.48857801796105,0,66.03751102542185,-21,9,3,12.036511820344261
2274,2579801,403710.0,3395190.0,21,0,6,3,2585.0,9.2,509,0,5,403785,3395245,509,75,6,-73.87,530,75.0,55.0,93.00537618869137,0,53.74616226255523,-21,9,3,12.723644097350265
2275,2579801,403710.0,3395190.0,21,0,6,3,2585.0,9.2,509,0,5,403925,3395105,507,0,5,-79.6,530,215.0,-85.0,231.19256043393784,-2,111.57130719125462,-23,9,3,5.681329389819443
2276,2579801,403710.0,3395190.0,21,0,6,3,2585.0,9.2,509,0,5,403895,3395205,508,0,5,-104.0,530,185.0,15.0,185.60711193270586,-1,85.36453657309733,-22,9,3,6.759726512381055
2277,2579801,403710.0,3395190.0,21,0,6,3,2585.0,9.2,509,0,5,403850,3395250,509,0,7,-100.5,530,140.0,60.0,152.31546211727817,0,66.80140948635182,-21,9,3,7.849980194336061
2278,2579801,403710.0,3395190.0,21,0,6,3,2585.0,9.2,509,0,5,403890,3395210,509,0,5,-87.33,530,180.0,20.0,181.10770276274835,0,83.65980825409008,-21,9,3,6.614086524592264
2279,2579801,403710.0,3395190.0,21,0,6,3,2585.0,9.2,509,0,5,403775,3395165,508,27,5,-72.75,530,65.0,-25.0,69.6419413859206,-1,111.03751102542185,-22,9,3,17.531409456434453
2280,2579801,403710.0,3395190.0,21,0,6,3,2585.0,9.2,509,0,5,403835,3395145,506,0,10,-74.0,530,125.0,-45.0,132.85330255586422,-3,109.79887635452491,-24,9,3,10.24006436049561
2281,2579801,403710.0,3395190.0,21,0,6,3,2585.0,9.2,509,0,5,403845,3395255,509,0,5,-89.0,530,135.0,65.0,149.83324063771698,0,64.29004621918875,-21,9,3,7.97836614929153
2282,2579801,403710.0,3395190.0,21,0,6,3,2585.0,9.2,509,0,5,403810,3395130,507,0,10,-84.0,530,100.0,-60.0,116.61903789690601,-2,120.96375653207349,-23,9,3,11.156880908306604
2283,2579801,403710.0,3395190.0,21,0,6,3,2585.0,9.2,509,0,5,403820,3395160,506,0,5,-65.63,530,110.0,-30.0,114.0175425099138,-3,105.2551187030578,-24,9,3,11.886880915494428
2284,2579801,403710.0,3395190.0,21,0,6,3,2585.0,9.2,509,0,5,403790,3395190,508,0,5,-68.26,530,80.0,0.0,80.0,-1,90.0,-22,9,3,15.376251248826188
2285,2579801,403710.0,3395190.0,21,0,6,3,2585.0,9.2,509,0,5,403785,3395195,508,0,5,-67.08,530,75.0,5.0,75.16648189186454,-1,86.18592516570965,-22,9,3,16.31389039649723
2286,2579801,403710.0,3395190.0,21,0,6,3,2585.0,9.2,509,0,5,403780,3395200,508,0,5,-63.24,530,70.0,10.0,70.71067811865476,-1,81.86989764584405,-22,9,3,17.28232754551572
2287,2579801,403710.0,3395190.0,21,0,6,3,2585.0,9.2,509,0,5,403830,3395150,506,0,10,-71.17,530,120.0,-40.0,126.49110640673517,-3,108.43494882292202,-24,9,3,10.743403801775964
2288,2579801,403710.0,3395190.0,21,0,6,3,2585.0,9.2,509,0,5,403795,3395185,508,0,5,-63.13,530,85.0,-5.0,85.14693182963201,-1,93.36646066342979,-22,9,3,14.48707337444127
2289,2579801,403710.0,3395190.0,21,0,6,3,2585.0,9.2,509,0,5,403765,3395175,508,27,5,-80.5,530,55.0,-15.0,57.0087712549569,-1,105.2551187030578,-22,9,3,21.10187722703879
2290,2579801,403710.0,3395190.0,21,0,6,3,2585.0,9.2,509,0,5,403770,3395170,508,27,5,-71.0,530,60.0,-20.0,63.245553203367585,-1,108.43494882292202,-22,9,3,19.180257996239774
2291,2579801,403710.0,3395190.0,21,0,6,3,2585.0,9.2,509,0,5,403825,3395155,506,0,5,-66.13,530,115.0,-35.0,120.20815280171308,-3,106.92751306414704,-24,9,3,11.29085167597017
2292,2579801,403710.0,3395190.0,21,0,6,3,2585.0,9.2,509,0,5,403840,3395260,509,0,5,-81.0,530,130.0,70.0,147.648230602334,0,61.699244233993625,-21,9,3,8.094882298952445
2293,2579801,403710.0,3395190.0,21,0,6,3,2585.0,9.2,509,0,5,403760,3395180,508,0,5,-69.25,530,50.0,-10.0,50.99019513592785,-1,101.30993247402023,-22,9,3,23.33804811782931
2294,2579801,403710.0,3395190.0,21,0,6,3,2585.0,9.2,509,0,5,403815,3395125,507,0,5,-80.0,530,105.0,-65.0,123.4908903522847,-2,121.75948008481282,-23,9,3,10.550372320202477
2295,2579801,403710.0,3395190.0,21,0,6,3,2585.0,9.2,509,0,5,403610,3395115,509,0,5,-97.1,530,-100.0,-75.0,125.0,0,233.13010235415598,-21,9,3,9.536635758459411
2296,2579801,403710.0,3395190.0,21,0,6,3,2585.0,9.2,509,0,5,403615,3395120,509,0,5,-93.71,530,-95.0,-70.0,118.00423721205946,0,233.61564818416412,-21,9,3,10.09070234266329
2297,2579801,403710.0,3395190.0,21,0,6,3,2585.0,9.2,509,0,5,403620,3395085,509,0,5,-98.0,530,-90.0,-105.0,138.2931668593933,0,220.60129464500446,-21,9,3,8.634476058451309
2298,2579801,403710.0,3395190.0,21,0,6,3,2585.0,9.2,509,0,5,403605,3395110,509,0,5,-98.29,530,-105.0,-80.0,132.00378782444085,0,232.69605172201656,-21,9,3,9.039227699751207
2299,2579801,403710.0,3395190.0,21,0,6,3,2585.0,9.2,509,0,5,403580,3395125,510,0,6,-97.86,530,-130.0,-65.0,145.34441853748632,1,243.43494882292202,-20,9,3,7.834934924879067
2300,2579801,403710.0,3395190.0,21,0,6,3,2585.0,9.2,509,0,5,403590,3395135,510,0,6,-95.19,530,-120.0,-55.0,132.00378782444085,1,245.37643521383637,-20,9,3,8.615404669502738
2301,2579801,403710.0,3395190.0,21,0,6,3,2585.0,9.2,509,0,5,403600,3395105,509,0,5,-95.78,530,-110.0,-85.0,139.01438774457844,0,232.30575953331083,-21,9,3,8.59034952158448
2302,2579801,403710.0,3395190.0,21,0,6,3,2585.0,9.2,509,0,5,404115,3395260,508,0,5,-102.0,530,405.0,70.0,411.0048661512416,-1,80.19390724010293,-22,9,3,3.0639670225293765
2303,2579801,403710.0,3395190.0,21,0,6,3,2585.0,9.2,509,0,5,403625,3395090,509,0,5,-95.5,530,-85.0,-100.0,131.24404748406687,0,220.36453657309735,-21,9,3,9.090682322052755
2304,2579801,403710.0,3395190.0,21,0,6,3,2585.0,9.2,509,0,5,403595,3395140,510,0,6,-93.59,530,-115.0,-50.0,125.39936203984452,1,246.5014343240479,-20,9,3,9.061808029985146
2305,2579801,403710.0,3395190.0,21,0,6,3,2585.0,9.2,509,0,5,403635,3395100,509,0,5,-92.33,530,-75.0,-90.0,117.15374513859982,0,219.80557109226518,-21,9,3,10.16243563452379
2306,2579801,403710.0,3395190.0,21,0,6,3,2585.0,9.2,509,0,5,403585,3395130,510,0,6,-95.75,530,-125.0,-60.0,138.6542462386205,1,244.3589941756947,-20,9,3,8.207941584569488
2307,2579801,403710.0,3395190.0,21,0,6,3,2585.0,9.2,509,0,5,403560,3395145,510,0,6,-94.5,530,-150.0,-45.0,156.60459763365824,1,253.30075576600638,-20,9,3,7.277857441161331
2308,2579801,403710.0,3395190.0,21,0,6,3,2585.0,9.2,509,0,5,404280,3394925,506,0,6,-93.0,530,570.0,-265.0,628.589691293136,-3,114.93429510257658,-24,9,3,2.1865314055042693
2309,2579801,403710.0,3395190.0,21,0,6,3,2585.0,9.2,509,0,5,404275,3394920,505,0,6,-92.0,530,565.0,-270.0,626.1988502065458,-4,115.54202098841017,-25,9,3,2.2862293549541057
2310,2579801,403710.0,3395190.0,21,0,6,3,2585.0,9.2,509,0,5,403675,3395180,509,0,5,-87.0,530,-35.0,-10.0,36.40054944640259,0,254.05460409907715,-21,9,3,29.98126501570902
2311,2579801,403710.0,3395190.0,21,0,6,3,2585.0,9.2,509,0,5,403620,3395125,509,0,5,-95.0,530,-90.0,-65.0,111.01801655587259,0,234.1623470457217,-21,9,3,10.71142467390829
2312,2579801,403710.0,3395190.0,21,0,6,3,2585.0,9.2,509,0,5,404030,3395215,509,0,13,-103.5,530,320.0,25.0,320.97507691408066,0,85.53284093861072,-21,9,3,3.74327810511209
2313,2579801,403710.0,3395190.0,21,0,6,3,2585.0,9.2,509,0,5,403670,3395175,509,0,5,-86.0,530,-40.0,-15.0,42.720018726587654,0,249.44395478041653,-21,9,3,26.17747704652569
2314,2579801,403710.0,3395190.0,21,0,6,3,2585.0,9.2,509,0,5,404025,3395210,510,0,13,-103.5,530,315.0,20.0,315.6342820417326,1,86.3670492605118,-20,9,3,3.625669646165155
2315,2579801,403710.0,3395190.0,21,0,6,3,2585.0,9.2,509,0,5,403540,3395045,510,0,6,-98.8,530,-170.0,-145.0,223.4390297150433,1,229.53777250790662,-20,9,3,5.114906981170409
2316,2579801,403710.0,3395190.0,21,0,6,3,2585.0,9.2,509,0,5,403625,3395130,509,0,5,-97.0,530,-85.0,-60.0,104.04326023342406,0,234.78240703180728,-21,9,3,11.411217475041745
2317,2579801,403710.0,3395190.0,21,0,6,3,2585.0,9.2,509,0,5,404020,3395205,510,0,13,-97.6,530,310.0,15.0,310.3626910567699,1,87.2297842027998,-20,9,3,3.68708412469877
2318,2579801,403710.0,3395190.0,21,0,6,3,2585.0,9.2,509,0,5,403560,3395105,510,0,7,-97.5,530,-150.0,-85.0,172.40939649566667,1,240.4612177404419,-20,9,3,6.61690513491109
2319,2579801,403710.0,3395190.0,21,0,6,3,2585.0,9.2,509,0,5,403550,3395055,510,0,6,-94.67,530,-160.0,-135.0,209.34421415458323,1,229.84400037508067,-20,9,3,5.457271537225874
2320,2579801,403710.0,3395190.0,21,0,6,3,2585.0,9.2,509,0,5,403655,3395200,509,0,5,-89.06,530,-55.0,10.0,55.90169943749474,0,280.304846468766,-21,9,3,20.589161977610612
2321,2579801,403710.0,3395190.0,21,0,6,3,2585.0,9.2,509,0,5,403545,3395050,510,0,6,-104.0,530,-165.0,-140.0,216.390850083824,1,229.6858998395027,-20,9,3,5.280580204615906
2322,2579801,403710.0,3395190.0,21,0,6,3,2585.0,9.2,509,0,5,403660,3395165,509,0,5,-79.5,530,-50.0,-25.0,55.90169943749474,0,243.43494882292202,-21,9,3,20.589161977610612
2323,2579801,403710.0,3395190.0,21,0,6,3,2585.0,9.2,509,0,5,403610,3395155,509,0,6,-91.64,530,-100.0,-35.0,105.94810050208545,0,250.70995378081125,-21,9,3,11.211297811390965
2324,2579801,403710.0,3395190.0,21,0,6,3,2585.0,9.2,509,0,5,403605,3395150,509,0,6,-89.8,530,-105.0,-40.0,112.36102527122117,0,249.14554196042167,-21,9,3,10.586305935598704
2325,2579801,403710.0,3395190.0,21,0,6,3,2585.0,9.2,509,0,5,403615,3395160,509,0,6,-88.38,530,-95.0,-30.0,99.62429422585637,0,252.47443162627712,-21,9,3,11.903231462874002
2326,2579801,403710.0,3395190.0,21,0,6,3,2585.0,9.2,509,0,5,403640,3395185,509,0,5,-91.57,530,-70.0,-5.0,70.178344238091,0,265.9143832200251,-21,9,3,16.65916084603122
2327,2579801,403710.0,3395190.0,21,0,6,3,2585.0,9.2,509,0,5,403600,3395145,509,0,6,-92.5,530,-110.0,-45.0,118.84864324004712,0,247.75097634278762,-21,9,3,10.020467069311518
2328,2579801,403710.0,3395190.0,21,0,6,3,2585.0,9.2,509,0,5,403650,3395195,509,0,5,-88.47,530,-60.0,5.0,60.207972893961475,0,274.76364169072616,-21,9,3,19.228312757030942
2329,2579801,403710.0,3395190.0,21,0,6,3,2585.0,9.2,509,0,5,403645,3395190,509,0,5,-89.67,530,-65.0,0.0,65.0,0,270.0,-21,9,3,17.9044475062482
2330,2579801,403710.0,3395190.0,21,0,6,3,2585.0,9.2,509,0,5,403595,3395100,509,0,5,-95.33,530,-115.0,-90.0,146.03081866510234,0,231.95295746817393,-21,9,3,8.18333198103439
2331,2579801,403710.0,3395190.0,21,0,6,3,2585.0,9.2,509,0,5,403570,3395115,510,0,7,-99.4,530,-140.0,-75.0,158.8238017426859,1,241.82140989004083,-20,9,3,7.177233672561356
2332,2579801,403710.0,3395190.0,21,0,6,3,2585.0,9.2,509,0,5,403830,3394985,507,0,5,-105.0,530,120.0,-205.0,237.53947040439405,-2,149.65675111576041,-23,9,3,5.530481661148917
2333,2579801,403710.0,3395190.0,21,0,6,3,2585.0,9.2,509,0,5,403640,3395135,509,0,5,-94.5,530,-70.0,-55.0,89.02246907382428,0,231.84277341263095,-21,9,3,13.273164731713278
2334,2579801,403710.0,3395190.0,21,0,6,3,2585.0,9.2,509,0,5,403635,3395190,509,0,5,-90.4,530,-75.0,0.0,75.0,0,270.0,-21,9,3,15.642246457208728
2335,2579801,403710.0,3395190.0,21,0,6,3,2585.0,9.2,509,0,5,403660,3395155,509,0,5,-89.0,530,-50.0,-35.0,61.032778078668514,0,235.0079798014413,-21,9,3,18.987182742985645
2336,2579801,403710.0,3395190.0,21,0,6,3,2585.0,9.2,509,0,5,404135,3395290,508,0,5,-99.0,530,425.0,100.0,436.6062299143245,-1,76.75948008481282,-22,9,3,2.8846174633974244
2337,2579801,403710.0,3395190.0,21,0,6,3,2585.0,9.2,509,0,5,404140,3395315,508,0,6,-101.25,530,430.0,125.0,447.8001786511479,-1,73.79097507219205,-22,9,3,2.812626096478429
2338,2579801,403710.0,3395190.0,21,0,6,3,2585.0,9.2,509,0,5,404155,3395310,507,0,6,-98.25,530,445.0,120.0,460.89586676384937,-2,74.90842732140516,-23,9,3,2.8568506493796457
2339,2579801,403710.0,3395190.0,21,0,6,3,2585.0,9.2,509,0,5,403565,3395060,510,0,6,-97.5,530,-145.0,-130.0,194.74342094150447,1,228.1221304621157,-20,9,3,5.863675297317119
2340,2579801,403710.0,3395190.0,21,0,6,3,2585.0,9.2,509,0,5,404150,3395305,507,0,5,-101.0,530,440.0,115.0,454.78016667396565,-2,75.35262472763702,-23,9,3,2.89520349309832
2341,2579801,403710.0,3395190.0,21,0,6,3,2585.0,9.2,509,0,5,404130,3395285,508,0,5,-100.75,530,420.0,95.0,430.6100323959023,-1,77.25471052686714,-22,9,3,2.924716182656983
2342,2579801,403710.0,3395190.0,21,0,6,3,2585.0,9.2,509,0,5,403585,3395080,509,0,5,-92.5,530,-125.0,-110.0,166.50825805346713,0,228.65222278030632,-21,9,3,7.188184353241465
2343,2579801,403710.0,3395190.0,21,0,6,3,2585.0,9.2,509,0,5,403615,3395170,509,0,6,-92.38,530,-95.0,-20.0,97.082439194738,0,258.111341960372,-21,9,3,12.205657071887387
2344,2579801,403710.0,3395190.0,21,0,6,3,2585.0,9.2,509,0,5,403605,3395180,510,0,7,-94.0,530,-105.0,-10.0,105.47511554864494,1,264.5596679689945,-20,9,3,10.736851458406067
2345,2579801,403710.0,3395190.0,21,0,6,3,2585.0,9.2,509,0,5,403610,3395165,509,0,6,-92.38,530,-100.0,-25.0,103.07764064044152,0,255.96375653207352,-21,9,3,11.515273691044966
2346,2579801,403710.0,3395190.0,21,0,6,3,2585.0,9.2,509,0,5,403620,3395195,509,0,6,-91.57,530,-90.0,5.0,90.13878188659973,0,273.1798301198642,-21,9,3,13.114499990921086
2347,2579801,403710.0,3395190.0,21,0,6,3,2585.0,9.2,509,0,5,403625,3395200,509,0,6,-90.92,530,-85.0,10.0,85.58621384311844,0,276.7098368077569,-21,9,3,13.786115304788256
2348,2579801,403710.0,3395190.0,21,0,6,3,2585.0,9.2,509,0,5,403550,3395105,510,0,6,-98.0,530,-160.0,-85.0,181.1767093199344,1,242.02052561151987,-20,9,3,6.2993454723688
2349,2579801,403710.0,3395190.0,21,0,6,3,2585.0,9.2,509,0,5,403600,3395175,510,0,7,-94.0,530,-110.0,-15.0,111.01801655587259,1,262.23483398157464,-20,9,3,10.212350297613524
2350,2579801,403710.0,3395190.0,21,0,6,3,2585.0,9.2,509,0,5,403630,3395185,509,0,6,-92.0,530,-80.0,-5.0,80.15609770940699,0,266.4236656250026,-21,9,3,14.680899090707605
2351,2579801,403710.0,3395190.0,21,0,6,3,2585.0,9.2,509,0,5,404290,3394915,506,0,5,-90.0,530,580.0,-275.0,641.8917354196111,-3,115.36740446246961,-24,9,3,2.1412621250561834
2352,2579801,403710.0,3395190.0,21,0,6,3,2585.0,9.2,509,0,5,404240,3394945,506,0,5,-100.0,530,530.0,-245.0,583.8878316937253,-3,114.80940837545955,-24,9,3,2.3537484399479807
2353,2579801,403710.0,3395190.0,21,0,6,3,2585.0,9.2,509,0,5,404305,3394890,506,0,5,-89.0,530,595.0,-300.0,666.3520090762839,-3,116.75731817187659,-24,9,3,2.0627304310109524
2354,2579801,403710.0,3395190.0,21,0,6,3,2585.0,9.2,509,0,5,404265,3394930,505,0,5,-93.0,530,555.0,-260.0,612.8825336065631,-4,115.1016087138234,-25,9,3,2.33584863474398
2355,2579801,403710.0,3395190.0,21,0,6,3,2585.0,9.2,509,0,5,404295,3394920,506,0,5,-91.5,530,585.0,-270.0,644.3019478474359,-3,114.77514056883194,-24,9,3,2.1332594805644667
2356,2579801,403710.0,3395190.0,21,0,6,3,2585.0,9.2,509,0,5,404270,3394935,506,0,6,-92.0,530,560.0,-255.0,615.3251173160413,-3,114.48248589734715,-24,9,3,2.2336192616834
2357,2579801,403710.0,3395190.0,21,0,6,3,2585.0,9.2,509,0,5,403440,3395385,509,0,5,-99.5,530,-270.0,195.0,333.0540496676178,0,305.83765295427827,-21,9,3,3.607884799188995
2358,2579801,403710.0,3395190.0,21,0,6,3,2585.0,9.2,509,0,5,403325,3395485,509,0,7,-95.5,530,-385.0,295.0,485.02577251111103,0,307.4605548604907,-21,9,3,2.479167984811133
2359,2579801,403710.0,3395190.0,21,0,6,3,2585.0,9.2,509,0,5,403315,3395475,509,0,7,-92.0,530,-395.0,285.0,487.08315511830216,0,305.81116392264124,-21,9,3,2.468709250628419
2360,2579801,403710.0,3395190.0,21,0,6,3,2585.0,9.2,509,0,5,403305,3395465,509,0,5,-90.5,530,-405.0,275.0,489.5406009719725,0,304.1769887737929,-21,9,3,2.456331789276846
2361,2579801,403710.0,3395190.0,21,0,6,3,2585.0,9.2,509,0,5,403675,3395190,509,0,5,-87.33,530,-35.0,0.0,35.0,0,270.0,-21,9,3,30.96375653207352
2362,2579801,403710.0,3395190.0,21,0,6,3,2585.0,9.2,509,0,5,403530,3395045,510,0,7,-101.0,530,-180.0,-145.0,231.1384866265244,1,231.14662565964667,-20,9,3,4.945383663349026
2363,2579801,403710.0,3395190.0,21,0,6,3,2585.0,9.2,509,0,5,403610,3395125,509,0,5,-94.0,530,-100.0,-65.0,119.26860441876563,0,236.97613244420336,-21,9,3,9.985895021387021
2364,2579801,403710.0,3395190.0,21,0,6,3,2585.0,9.2,509,0,5,403640,3395175,509,0,5,-91.0,530,-70.0,-15.0,71.58910531638176,0,257.9052429229879,-21,9,3,16.348561463209975
2365,2579801,403710.0,3395190.0,21,0,6,3,2585.0,9.2,509,0,5,403635,3395150,509,0,5,-92.0,530,-75.0,-40.0,85.0,0,241.92751306414704,-21,9,3,13.877529803208008
2366,2579801,403710.0,3395190.0,21,0,6,3,2585.0,9.2,509,0,5,403565,3395100,510,0,6,-96.0,530,-145.0,-90.0,170.66048165876012,1,238.17255342332686,-20,9,3,6.684104150154789
2367,2579801,403710.0,3395190.0,21,0,6,3,2585.0,9.2,509,0,5,403645,3395180,509,0,5,-87.8,530,-65.0,-10.0,65.76473218982953,0,261.25383773744477,-21,9,3,17.70932707298064
2368,2579801,403710.0,3395190.0,21,0,6,3,2585.0,9.2,509,0,5,403575,3395090,510,0,6,-98.75,530,-135.0,-100.0,168.00297616411441,1,233.47114463301483,-20,9,3,6.7888554305984306
2369,2579801,403710.0,3395190.0,21,0,6,3,2585.0,9.2,509,0,5,403550,3395065,510,0,6,-97.33,530,-160.0,-125.0,203.03940504246953,1,232.00126755749534,-20,9,3,5.625660705328928
2370,2579801,403710.0,3395190.0,21,0,6,3,2585.0,9.2,509,0,5,403600,3395135,509,0,6,-94.56,530,-110.0,-55.0,122.98373876248843,0,243.43494882292202,-21,9,3,9.690043350322066
2371,2579801,403710.0,3395190.0,21,0,6,3,2585.0,9.2,509,0,5,403580,3395115,510,0,6,-95.75,530,-130.0,-75.0,150.08331019803634,1,240.01836063115064,-20,9,3,7.590476801475305
2372,2579801,403710.0,3395190.0,21,0,6,3,2585.0,9.2,509,0,5,403570,3395085,510,0,6,-95.25,530,-140.0,-105.0,175.0,1,233.13010235415598,-20,9,3,6.519801751656986
2373,2579801,403710.0,3395190.0,21,0,6,3,2585.0,9.2,509,0,5,403555,3395070,510,0,6,-99.33,530,-155.0,-120.0,196.02295783912658,1,232.25319461272534,-20,9,3,5.825664352917111
2374,2579801,403710.0,3395190.0,21,0,6,3,2585.0,9.2,509,0,5,403585,3395120,510,0,6,-93.95,530,-125.0,-70.0,143.26548781894402,1,240.75117366345302,-20,9,3,7.94718550883207
2375,2579801,403710.0,3395190.0,21,0,6,3,2585.0,9.2,509,0,5,403615,3395130,509,0,5,-97.0,530,-95.0,-60.0,112.36102527122117,0,237.72435568542238,-21,9,3,10.586305935598704
2376,2579801,403710.0,3395190.0,21,0,6,3,2585.0,9.2,509,0,5,403625,3395160,509,0,5,-86.86,530,-85.0,-30.0,90.13878188659973,0,250.55996517182382,-21,9,3,13.114499990921086
2377,2579801,403710.0,3395190.0,21,0,6,3,2585.0,9.2,509,0,5,404025,3395240,509,0,5,-111.5,530,315.0,50.0,318.9435686763412,0,80.98067756861832,-21,9,3,3.767052446924786
2378,2579801,403710.0,3395190.0,21,0,6,3,2585.0,9.2,509,0,5,403605,3395140,509,0,6,-95.0,530,-105.0,-50.0,116.29703349613007,0,244.53665493812838,-21,9,3,10.235720969427907
2379,2579801,403710.0,3395190.0,21,0,6,3,2585.0,9.2,509,0,5,403665,3395200,509,0,5,-89.71,530,-45.0,10.0,46.09772228646444,0,282.5288077091515,-21,9,3,24.4918253884744
2380,2579801,403710.0,3395190.0,21,0,6,3,2585.0,9.2,509,0,5,403660,3395195,509,0,5,-88.17,530,-50.0,5.0,50.24937810560445,0,275.71059313749964,-21,9,3,22.68081188703969
2381,2579801,403710.0,3395190.0,21,0,6,3,2585.0,9.2,509,0,5,403620,3395155,509,0,5,-88.5,530,-90.0,-35.0,96.56603957913983,0,248.74949449286675,-21,9,3,12.268956386884739
2382,2579801,403710.0,3395190.0,21,0,6,3,2585.0,9.2,509,0,5,403630,3395145,509,0,5,-94.5,530,-80.0,-45.0,91.7877987534291,0,240.64224645720873,-21,9,3,12.886825030699429
