,Cell Index,Cell X,Cell Y,Height,Azimuth,Electrical Downtilt,Mechanical Downtilt,Frequency Band,RS Power,Cell Altitude,Cell Building Height,Cell Clutter Index,X,Y,Altitude,Building Height,Clutter Index,RSRP,Station Absolute Height,X Distance,Y Distance,Distance To Station,Altitude Delta,Azimuth To Station,Height Delta,Station Total Downtilt,Station Downtilt Delta,Vertical Degree
0,2533201,408385.0,3382630.0,17,60,6,3,2585.0,9.2,487,0,7,409955,3379865,481,0,5,-103.0,504,1570.0,-2765.0,3179.642275476913,-6,90.41157255901578,-23,9,3,0.4144428307361632
1,2533201,408385.0,3382630.0,17,60,6,3,2585.0,9.2,487,0,7,408280,3379400,481,0,6,-107.5,504,-105.0,-3230.0,3231.7062057062058,-6,121.86190062822462,-23,9,3,0.4077662374150489
2,2533201,408385.0,3382630.0,17,60,6,3,2585.0,9.2,487,0,7,410105,3379880,478,0,5,-95.5,504,1720.0,-2750.0,3243.593686021725,-9,87.97589268163108,-26,9,3,0.45926170385375725
3,2533201,408385.0,3382630.0,17,60,6,3,2585.0,9.2,487,0,7,410130,3379885,477,5,5,-101.5,504,1745.0,-2745.0,3252.6988793923115,-10,87.55582764561257,-27,9,3,0.47558983320768333
4,2533201,408385.0,3382630.0,17,60,6,3,2585.0,9.2,487,0,7,410195,3379800,475,0,5,-89.5,504,1810.0,-2830.0,3359.315406448165,-12,87.39799565444679,-29,9,3,0.49460563568885385
5,2533201,408385.0,3382630.0,17,60,6,3,2585.0,9.2,487,0,7,410150,3379825,476,0,6,-93.0,504,1765.0,-2805.0,3314.0986708304267,-11,87.82052172387642,-28,9,3,0.4840663526854413
6,2533201,408385.0,3382630.0,17,60,6,3,2585.0,9.2,487,0,7,410145,3379855,477,0,5,-91.5,504,1760.0,-2775.0,3286.065276284085,-10,87.61573086964052,-27,9,3,0.4707609573431837
7,2533201,408385.0,3382630.0,17,60,6,3,2585.0,9.2,487,0,7,410130,3379870,477,0,5,-95.0,504,1745.0,-2760.0,3265.3675137723776,-10,87.69702736529587,-27,9,3,0.47374477333419573
8,2533201,408385.0,3382630.0,17,60,6,3,2585.0,9.2,487,0,7,410130,3379795,476,0,5,-88.0,504,1745.0,-2835.0,3329.00135175701,-11,88.38686007006243,-28,9,3,0.4818994729908393
9,2533201,408385.0,3382630.0,17,60,6,3,2585.0,9.2,487,0,7,410115,3379820,477,0,10,-93.5,504,1730.0,-2810.0,3299.848481370016,-10,88.38112277285768,-27,9,3,0.4687947141452246
10,2533201,408385.0,3382630.0,17,60,6,3,2585.0,9.2,487,0,7,410130,3379790,476,0,6,-107.0,504,1745.0,-2840.0,3333.2604158691233,-11,88.43191111787553,-28,9,3,0.4812837562786365
11,2533201,408385.0,3382630.0,17,60,6,3,2585.0,9.2,487,0,7,410025,3379880,479,0,5,-92.5,504,1640.0,-2750.0,3201.890066819909,-8,89.18968653845423,-25,9,3,0.44734995619907736
12,2533201,408385.0,3382630.0,17,60,6,3,2585.0,9.2,487,0,7,409995,3379405,481,0,5,-110.0,504,1610.0,-3225.0,3604.542273299066,-6,93.47049210590171,-23,9,3,0.3655901206032955
13,2533201,408385.0,3382630.0,17,60,6,3,2585.0,9.2,487,0,7,410135,3379850,477,0,5,-95.67,504,1750.0,-2780.0,3284.9505323520475,-10,87.80973269817855,-27,9,3,0.47092070230309746
14,2533201,408385.0,3382630.0,17,60,6,3,2585.0,9.2,487,0,7,410145,3379880,477,0,5,-102.33,504,1760.0,-2750.0,3264.980857524283,-10,87.38075692880716,-27,9,3,0.47380087413064126
15,2533201,408385.0,3382630.0,17,60,6,3,2585.0,9.2,487,0,7,410140,3379875,477,0,5,-97.33,504,1755.0,-2755.0,3266.5042476629355,-10,87.50190196822575,-27,9,3,0.4735799190535758
16,2533201,408385.0,3382630.0,17,60,6,3,2585.0,9.2,487,0,7,410150,3379865,477,0,6,-95.8,504,1765.0,-2765.0,3280.3124851147945,-10,87.44843023625856,-27,9,3,0.47158650896008597
17,2533201,408385.0,3382630.0,17,60,6,3,2585.0,9.2,487,0,7,410015,3379900,480,0,6,-99.0,504,1630.0,-2730.0,3179.591168688201,-7,89.1598587659056,-24,9,3,0.4324683649889319
18,2533201,408385.0,3382630.0,17,60,6,3,2585.0,9.2,487,0,7,410215,3379805,475,0,5,-97.0,504,1830.0,-2825.0,3365.935976812393,-12,87.0653336729086,-29,9,3,0.49363282775741524
19,2533201,408385.0,3382630.0,17,60,6,3,2585.0,9.2,487,0,7,410140,3379810,476,0,5,-93.5,504,1755.0,-2820.0,3321.509446019987,-11,88.10432614469698,-28,9,3,0.48298638080973494
20,2533201,408385.0,3382630.0,17,60,6,3,2585.0,9.2,487,0,7,410150,3379820,476,0,6,-92.5,504,1765.0,-2810.0,3318.331659132342,-11,87.86649994536009,-28,9,3,0.4834488888204683
21,2533201,408385.0,3382630.0,17,60,6,3,2585.0,9.2,487,0,7,410150,3379920,478,0,6,-96.0,504,1765.0,-2710.0,3234.087970355785,-9,86.92414328787191,-26,9,3,0.46061151975108394
22,2533201,408385.0,3382630.0,17,60,6,3,2585.0,9.2,487,0,7,410135,3379895,477,0,11,-104.0,504,1750.0,-2735.0,3246.95626702917,-10,87.38670201615423,-27,9,3,0.47643092931434844
23,2533201,408385.0,3382630.0,17,60,6,3,2585.0,9.2,487,0,7,410195,3379955,479,0,10,-124.0,504,1810.0,-2675.0,3229.818106333544,-8,85.91632231913741,-25,9,3,0.44348190367451423
24,2533201,408385.0,3382630.0,17,60,6,3,2585.0,9.2,487,0,7,408260,3379310,482,0,5,-110.5,504,-125.0,-3320.0,3322.352329299227,-5,122.15620214476903,-22,9,3,0.3793964640371976
25,2533201,408385.0,3382630.0,17,60,6,3,2585.0,9.2,487,0,7,410130,3379865,477,0,5,-93.25,504,1745.0,-2765.0,3269.5947761152297,-10,87.74385067599803,-27,9,3,0.4731322961069334
26,2533201,408385.0,3382630.0,17,60,6,3,2585.0,9.2,487,0,7,410120,3379875,477,0,5,-98.0,504,1735.0,-2755.0,3255.80251243837,-10,87.79875049161171,-27,9,3,0.47513649225268645
27,2533201,408385.0,3382630.0,17,60,6,3,2585.0,9.2,487,0,7,410145,3379860,477,0,5,-97.67,504,1760.0,-2770.0,3281.8439938546744,-10,87.56897768119552,-27,9,3,0.47136644784018755
28,2533201,408385.0,3382630.0,17,60,6,3,2585.0,9.2,487,0,7,410150,3379845,476,0,6,-102.0,504,1765.0,-2785.0,3297.1881960240003,-11,87.63542918089081,-28,9,3,0.48654889200540485
29,2533201,408385.0,3382630.0,17,60,6,3,2585.0,9.2,487,0,7,410145,3379795,475,0,6,-101.0,504,1760.0,-2835.0,3336.888520763018,-12,88.16752284434051,-29,9,3,0.4979296626525362
30,2533201,408385.0,3382630.0,17,60,6,3,2585.0,9.2,487,0,7,410150,3379790,475,0,6,-100.67,504,1765.0,-2840.0,3343.77406533396,-12,88.13992199192683,-29,9,3,0.4969043706537382
31,2533201,408385.0,3382630.0,17,60,6,3,2585.0,9.2,487,0,7,410160,3379970,479,0,6,-120.5,504,1775.0,-2660.0,3197.846931921539,-8,86.28508608376808,-25,9,3,0.44791553129177225
32,2533201,408385.0,3382630.0,17,60,6,3,2585.0,9.2,487,0,7,410150,3379880,477,0,6,-103.5,504,1765.0,-2750.0,3267.678839788268,-10,87.30691458966061,-27,9,3,0.47340969488242607
33,2533201,408385.0,3382630.0,17,60,6,3,2585.0,9.2,487,0,7,408285,3379290,481,0,6,-114.0,504,-100.0,-3340.0,3341.496670655232,-6,121.71493019552653,-23,9,3,0.3943688256499305
34,2533201,408385.0,3382630.0,17,60,6,3,2585.0,9.2,487,0,7,408485,3379630,483,0,5,-95.0,504,100.0,-3000.0,3001.6662039607268,-4,118.0908475670036,-21,9,3,0.4008412854577354
35,2533201,408385.0,3382630.0,17,60,6,3,2585.0,9.2,487,0,7,409650,3379200,482,5,5,-105.0,504,1265.0,-3430.0,3655.834378086622,-5,99.75579042451079,-22,9,3,0.3447891242879356
36,2533201,408385.0,3382630.0,17,60,6,3,2585.0,9.2,487,0,7,410150,3379815,476,0,6,-94.25,504,1765.0,-2815.0,3322.5667788623905,-11,87.91236098375737,-28,9,3,0.48283268843384286
37,2533201,408385.0,3382630.0,17,60,6,3,2585.0,9.2,487,0,7,410155,3379805,475,0,6,-93.5,504,1770.0,-2825.0,3333.6953970031514,-12,87.93085362959266,-29,9,3,0.4984065721116656
38,2533201,408385.0,3382630.0,17,60,6,3,2585.0,9.2,487,0,7,410150,3379810,475,0,6,-97.0,504,1765.0,-2820.0,3326.8040218804595,-12,87.95810522794807,-29,9,3,0.4994389541890122
39,2533201,408385.0,3382630.0,17,60,6,3,2585.0,9.2,487,0,7,410175,3379865,477,0,5,-95.0,504,1790.0,-2765.0,3293.831355731498,-10,87.0818710034203,-27,9,3,0.4696510635307419
40,2533201,408385.0,3382630.0,17,60,6,3,2585.0,9.2,487,0,7,408265,3379410,481,0,5,-105.0,504,-120.0,-3220.0,3222.235249015813,-6,122.13425876250227,-23,9,3,0.4089647238996505
41,2533201,408385.0,3382630.0,17,60,6,3,2585.0,9.2,487,0,7,410170,3379815,475,0,5,-103.0,504,1785.0,-2815.0,3333.2341651915185,-12,87.6210925940486,-29,9,3,0.4984755349735206
42,2533201,408385.0,3382630.0,17,60,6,3,2585.0,9.2,487,0,7,409960,3379880,481,0,5,-99.0,504,1575.0,-2750.0,3169.0889858128,-6,90.19905631438075,-23,9,3,0.4158229061896088
43,2533201,408385.0,3382630.0,17,60,6,3,2585.0,9.2,487,0,7,408295,3379555,479,0,6,-108.5,504,-90.0,-3075.0,3076.316791229408,-8,121.67647104680674,-25,9,3,0.46560970593006573
44,2533201,408385.0,3382630.0,17,60,6,3,2585.0,9.2,487,0,7,410160,3379865,477,0,6,-99.5,504,1775.0,-2765.0,3285.7038819711065,-10,87.30144469816094,-27,9,3,0.47081273397337575
45,2533201,408385.0,3382630.0,17,60,6,3,2585.0,9.2,487,0,7,410005,3379850,480,0,6,-104.5,504,1620.0,-2780.0,3217.5767279118613,-7,89.76919853029165,-24,9,3,0.4273629887543686
46,2533201,408385.0,3382630.0,17,60,6,3,2585.0,9.2,487,0,7,410180,3379815,475,0,10,-90.5,504,1795.0,-2815.0,3338.600005990535,-12,87.47615825968086,-29,9,3,0.4976744190217194
47,2533201,408385.0,3382630.0,17,60,6,3,2585.0,9.2,487,0,7,410195,3379810,475,0,10,-94.67,504,1810.0,-2820.0,3350.8954027244718,-12,87.305868057954,-29,9,3,0.49584840012045533
48,2533201,408385.0,3382630.0,17,60,6,3,2585.0,9.2,487,0,7,410150,3379940,478,0,6,-111.0,504,1765.0,-2690.0,3217.347509983962,-9,86.7297647237109,-26,9,3,0.46300806350304735
49,2533201,408385.0,3382630.0,17,60,6,3,2585.0,9.2,487,0,7,410145,3379830,476,0,5,-90.0,504,1760.0,-2800.0,3307.204257375102,-11,87.84770485871763,-28,9,3,0.48507542077187904
50,2533201,408385.0,3382630.0,17,60,6,3,2585.0,9.2,487,0,7,410150,3379835,476,0,6,-93.67,504,1765.0,-2795.0,3305.6391212593066,-11,87.72821216919613,-28,9,3,0.48530508067389316
51,2533201,408385.0,3382630.0,17,60,6,3,2585.0,9.2,487,0,7,409955,3379880,482,0,5,-102.0,504,1570.0,-2750.0,3166.607016982057,-5,90.27756123207575,-22,9,3,0.39805598310816365
52,2533201,408385.0,3382630.0,17,60,6,3,2585.0,9.2,487,0,7,410165,3379830,476,0,5,-91.0,504,1780.0,-2800.0,3317.8908963376116,-11,87.55529674078855,-28,9,3,0.4835131091864171
53,2533201,408385.0,3382630.0,17,60,6,3,2585.0,9.2,487,0,7,410185,3379810,475,0,10,-93.5,504,1800.0,-2820.0,3345.504446268156,-12,87.44999650780659,-29,9,3,0.49664737181171964
54,2533201,408385.0,3382630.0,17,60,6,3,2585.0,9.2,487,0,7,409965,3379865,481,0,5,-101.0,504,1580.0,-2765.0,3184.591810577927,-6,90.25511870305775,-23,9,3,0.41379872057210926
55,2533201,408385.0,3382630.0,17,60,6,3,2585.0,9.2,487,0,7,408480,3379635,483,0,5,-89.0,504,95.0,-2995.0,2996.5062990088973,-4,118.18321380006171,-21,9,3,0.4015315010175342
56,2533201,408385.0,3382630.0,17,60,6,3,2585.0,9.2,487,0,7,408485,3379640,483,0,5,-88.0,504,100.0,-2990.0,2991.671773440395,-4,118.0844671906923,-21,9,3,0.4021803524767981
57,2533201,408385.0,3382630.0,17,60,6,3,2585.0,9.2,487,0,7,410150,3379860,477,0,6,-101.67,504,1765.0,-2770.0,3284.5281244038692,-10,87.49536008918392,-27,9,3,0.4709812625053241
58,2533201,408385.0,3382630.0,17,60,6,3,2585.0,9.2,487,0,7,410145,3379845,476,0,5,-91.75,504,1760.0,-2785.0,3294.514379995935,-11,87.7088776606721,-28,9,3,0.4869437543305294
59,2533201,408385.0,3382630.0,17,60,6,3,2585.0,9.2,487,0,7,410155,3379855,476,0,6,-98.5,504,1770.0,-2775.0,3291.4320591499377,-11,87.46872826995514,-28,9,3,0.48739973959288774
60,2533201,408385.0,3382630.0,17,60,6,3,2585.0,9.2,487,0,7,410140,3379850,477,0,5,-111.0,504,1755.0,-2780.0,3287.616918073029,-10,87.73598855874246,-27,9,3,0.4705387844010039
61,2533201,408385.0,3382630.0,17,60,6,3,2585.0,9.2,487,0,7,408290,3379120,477,0,6,-121.0,504,-95.0,-3510.0,3511.285377180271,-10,121.55036197626356,-27,9,3,0.44056674167772586
62,2533201,408385.0,3382630.0,17,60,6,3,2585.0,9.2,487,0,7,410130,3379785,476,0,6,-85.5,504,1745.0,-2845.0,3337.5215355110445,-11,88.47684715720686,-28,9,3,0.48066931488500353
63,2533201,408385.0,3382630.0,17,60,6,3,2585.0,9.2,487,0,7,410135,3379790,476,0,6,-104.0,504,1750.0,-2840.0,3335.8806933102387,-11,88.3587414068046,-28,9,3,0.48090573385092117
64,2533201,408385.0,3382630.0,17,60,6,3,2585.0,9.2,487,0,7,410135,3379860,477,0,5,-102.5,504,1750.0,-2770.0,3276.4920265430223,-10,87.716574104659,-27,9,3,0.47213636386431357
65,2533201,408385.0,3382630.0,17,60,6,3,2585.0,9.2,487,0,7,410150,3379875,477,0,6,-104.5,504,1765.0,-2755.0,3271.8878342632715,-10,87.35420789010504,-27,9,3,0.47280072282148516
66,2533201,408385.0,3382630.0,17,60,6,3,2585.0,9.2,487,0,7,410140,3379865,477,0,5,-100.0,504,1755.0,-2765.0,3274.94274759117,-10,87.59589875520078,-27,9,3,0.472359707553501
67,2533201,408385.0,3382630.0,17,60,6,3,2585.0,9.2,487,0,7,410140,3379940,478,0,14,-105.0,504,1755.0,-2690.0,3211.872506809696,-9,86.87891330711017,-26,9,3,0.46379727913058827
68,2533201,408385.0,3382630.0,17,60,6,3,2585.0,9.2,487,0,7,408490,3379670,484,0,5,-105.5,504,105.0,-2960.0,2961.8617455917824,-3,117.96840021832577,-20,9,3,0.38688442359163755
69,2533201,408385.0,3382630.0,17,60,6,3,2585.0,9.2,487,0,7,409970,3379830,481,0,5,-91.5,504,1585.0,-2800.0,3217.4873737125995,-6,90.48703944292242,-23,9,3,0.40956819088825175
70,2533201,408385.0,3382630.0,17,60,6,3,2585.0,9.2,487,0,7,410060,3379740,478,0,5,-106.0,504,1675.0,-2890.0,3340.3180986247403,-9,89.9040720887437,-26,9,3,0.44596356985919183
71,2533201,408385.0,3382630.0,17,60,6,3,2585.0,9.2,487,0,7,408280,3379425,481,0,6,-103.0,504,-105.0,-3205.0,3206.7195075341406,-6,121.87641369183737,-23,9,3,0.4109434357354736
72,2533201,408385.0,3382630.0,17,60,6,3,2585.0,9.2,487,0,7,410160,3379850,476,0,6,-88.67,504,1775.0,-2780.0,3298.336702036346,-11,87.44220794558049,-28,9,3,0.48637948010834253
73,2533201,408385.0,3382630.0,17,60,6,3,2585.0,9.2,487,0,7,410070,3379725,477,0,7,-97.0,504,1685.0,-2905.0,3358.31058718517,-10,89.8847910285117,-27,9,3,0.4606342018658186
74,2533201,408385.0,3382630.0,17,60,6,3,2585.0,9.2,487,0,7,408285,3379255,481,0,6,-106.5,504,-100.0,-3375.0,3376.481156470446,-6,121.69715618960026,-23,9,3,0.3902828080057743
75,2533201,408385.0,3382630.0,17,60,6,3,2585.0,9.2,487,0,7,409955,3379870,482,0,5,-100.67,504,1570.0,-2760.0,3175.2952618614854,-5,90.36702438012401,-22,9,3,0.39696685698087436
76,2533201,408385.0,3382630.0,17,60,6,3,2585.0,9.2,487,0,7,408475,3379635,482,0,5,-85.5,504,90.0,-2995.0,2996.3519486201885,-5,118.27877501134799,-22,9,3,0.42067304536405864
77,2533201,408385.0,3382630.0,17,60,6,3,2585.0,9.2,487,0,7,408285,3379410,481,0,6,-111.5,504,-100.0,-3220.0,3221.552420805845,-6,121.77880031567386,-23,9,3,0.4090514035888414
78,2533201,408385.0,3382630.0,17,60,6,3,2585.0,9.2,487,0,7,410010,3379880,480,0,6,-95.5,504,1625.0,-2750.0,3194.2330847951594,-7,89.42077312751098,-24,9,3,0.4304860654824146
79,2533201,408385.0,3382630.0,17,60,6,3,2585.0,9.2,487,0,7,408290,3379350,481,0,6,-108.5,504,-95.0,-3280.0,3281.3754737914405,-6,121.65901761732718,-23,9,3,0.40159419697301013
80,2533201,408385.0,3382630.0,17,60,6,3,2585.0,9.2,487,0,7,408280,3379360,481,0,6,-102.5,504,-105.0,-3270.0,3271.6853455061964,-6,121.83914082340837,-23,9,3,0.4027836057505276
81,2533201,408385.0,3382630.0,17,60,6,3,2585.0,9.2,487,0,7,409995,3379395,481,0,5,-115.0,504,1610.0,-3235.0,3613.4920783087377,-6,93.54131462804457,-23,9,3,0.36468466080356826
82,2533201,408385.0,3382630.0,17,60,6,3,2585.0,9.2,487,0,7,410175,3379785,475,210,6,-91.0,504,1790.0,-2845.0,3361.2683617943985,-12,87.82296485974581,-29,9,3,0.4943182754810329
83,2533201,408385.0,3382630.0,17,60,6,3,2585.0,9.2,487,0,7,410230,3379810,475,120,10,-89.5,504,1845.0,-2820.0,3369.9295244856385,-12,86.80506885989524,-29,9,3,0.49304787521180093
84,2533201,408385.0,3382630.0,17,60,6,3,2585.0,9.2,487,0,7,410145,3379820,476,0,5,-87.5,504,1760.0,-2810.0,3315.674893592555,-11,87.93966561357996,-28,9,3,0.48383624564934163
85,2533201,408385.0,3382630.0,17,60,6,3,2585.0,9.2,487,0,7,410150,3379805,475,0,6,-92.0,504,1765.0,-2825.0,3331.043380083784,-12,88.00373306542957,-29,9,3,0.4988033594702236
86,2533201,408385.0,3382630.0,17,60,6,3,2585.0,9.2,487,0,7,410160,3379875,477,0,6,-99.5,504,1775.0,-2755.0,3277.2930903414785,-10,87.20700002168286,-27,9,3,0.47202096550842665
87,2533201,408385.0,3382630.0,17,60,6,3,2585.0,9.2,487,0,7,410155,3379865,477,0,6,-95.67,504,1770.0,-2765.0,3283.005482785553,-10,87.37487712180712,-27,9,3,0.47119969142610596
88,2533201,408385.0,3382630.0,17,60,6,3,2585.0,9.2,487,0,7,408485,3379635,483,0,5,-86.5,504,100.0,-2995.0,2996.6689840554627,-4,118.08766269877378,-21,9,3,0.4015097031370595
89,2533201,408385.0,3382630.0,17,60,6,3,2585.0,9.2,487,0,7,410155,3379960,479,0,6,-122.0,504,1770.0,-2670.0,3203.404439030451,-8,86.4587523458772,-25,9,3,0.4471384852959277
90,2533201,408385.0,3382630.0,17,60,6,3,2585.0,9.2,487,0,7,410125,3379930,478,0,5,-105.0,504,1740.0,-2700.0,3212.102115437802,-9,87.20046872738078,-26,9,3,0.4637641272562861
91,2533201,408385.0,3382630.0,17,60,6,3,2585.0,9.2,487,0,7,408290,3379280,481,0,6,-105.0,504,-95.0,-3350.0,3351.346744220896,-6,121.62437034796847,-23,9,3,0.39320975734330416
92,2533201,408385.0,3382630.0,17,60,6,3,2585.0,9.2,487,0,7,410145,3379835,476,0,5,-90.5,504,1760.0,-2795.0,3302.9721464160125,-11,87.8015476623134,-28,9,3,0.48569692002488846
93,2533201,408385.0,3382630.0,17,60,6,3,2585.0,9.2,487,0,7,410150,3379830,476,0,6,-99.5,504,1765.0,-2800.0,3309.8678221342916,-11,87.77442592904038,-28,9,3,0.4846850824856252
94,2533201,408385.0,3382630.0,17,60,6,3,2585.0,9.2,487,0,7,410120,3379810,476,0,5,-99.5,504,1735.0,-2820.0,3310.985502837486,-11,88.3981661133995,-28,9,3,0.48452147641342025
95,2533201,408385.0,3382630.0,17,60,6,3,2585.0,9.2,487,0,7,410145,3379825,476,0,5,-90.0,504,1760.0,-2805.0,3311.4385091678814,-11,87.89374404488217,-28,9,3,0.48445519680910404
96,2533201,408385.0,3382630.0,17,60,6,3,2585.0,9.2,487,0,7,410135,3379815,476,0,5,-87.5,504,1750.0,-2815.0,3314.6229046454137,-11,88.13203844920679,-28,9,3,0.48398979740730996
97,2533201,408385.0,3382630.0,17,60,6,3,2585.0,9.2,487,0,7,408295,3379305,481,0,6,-107.5,504,-90.0,-3325.0,3326.217822091632,-6,121.55048462012817,-23,9,3,0.3961802854718876
98,2533201,408385.0,3382630.0,17,60,6,3,2585.0,9.2,487,0,7,410150,3379895,477,0,6,-103.2,504,1765.0,-2735.0,3255.065283523512,-10,87.16430130565846,-27,9,3,0.47524409940208473
99,2533201,408385.0,3382630.0,17,60,6,3,2585.0,9.2,487,0,7,410010,3379875,480,0,6,-102.33,504,1625.0,-2755.0,3198.538728857289,-7,89.46633775567824,-24,9,3,0.429906597695782
100,2533201,408385.0,3382630.0,17,60,6,3,2585.0,9.2,487,0,7,408485,3379650,483,0,5,-98.0,504,100.0,-2980.0,2981.6773802676908,-4,118.07804404106855,-21,9,3,0.4035283909665902
101,2533201,408385.0,3382630.0,17,60,6,3,2585.0,9.2,487,0,7,410045,3379725,478,0,5,-96.5,504,1660.0,-2905.0,3345.8369655438983,-9,90.25511870305775,-26,9,3,0.44522799473720115
102,2533201,408385.0,3382630.0,17,60,6,3,2585.0,9.2,487,0,7,408300,3379385,480,0,6,-102.0,504,-85.0,-3245.0,3246.1130602614567,-7,121.5004708356544,-24,9,3,0.42360621082348
103,2533201,408385.0,3382630.0,17,60,6,3,2585.0,9.2,487,0,7,410060,3379950,479,0,14,-105.5,504,1675.0,-2680.0,3160.3836792389625,-8,87.99461679191654,-25,9,3,0.45322491095883016
104,2533201,408385.0,3382630.0,17,60,6,3,2585.0,9.2,487,0,7,408270,3379455,481,0,6,-101.0,504,-115.0,-3175.0,3177.081994535237,-6,122.0743733808543,-23,9,3,0.41477680166489683
105,2533201,408385.0,3382630.0,17,60,6,3,2585.0,9.2,487,0,7,410150,3379890,477,0,6,-106.0,504,1765.0,-2740.0,3259.267555755434,-10,87.21196170532193,-27,9,3,0.4746313808615036
106,2533201,408385.0,3382630.0,17,60,6,3,2585.0,9.2,487,0,7,410085,3379875,478,0,5,-105.0,504,1700.0,-2755.0,3237.2866725083213,-9,88.32292889649386,-26,9,3,0.46015641774037896
107,2533201,408385.0,3382630.0,17,60,6,3,2585.0,9.2,487,0,7,410110,3379850,477,0,10,-100.5,504,1725.0,-2780.0,3271.700628113764,-10,88.18024964153705,-27,9,3,0.4728277751696366
108,2533201,408385.0,3382630.0,17,60,6,3,2585.0,9.2,487,0,7,410150,3379855,476,0,6,-99.5,504,1765.0,-2775.0,3288.745961609075,-11,87.5421695977883,-28,9,3,0.48779780621794255
109,2533201,408385.0,3382630.0,17,60,6,3,2585.0,9.2,487,0,7,410145,3379850,476,0,5,-106.0,504,1760.0,-2780.0,3290.2887411289607,-11,87.66236406285748,-28,9,3,0.4875690943372206
110,2533201,408385.0,3382630.0,17,60,6,3,2585.0,9.2,487,0,7,410135,3379925,478,0,5,-102.0,504,1750.0,-2705.0,3221.7270213349857,-9,87.09914856773037,-26,9,3,0.46237869268457216
111,2533201,408385.0,3382630.0,17,60,6,3,2585.0,9.2,487,0,7,410525,3379295,476,0,6,-107.67,504,2140.0,-3335.0,3962.5528387644245,-11,87.31255639874382,-28,9,3,0.4048539392602587
112,2533201,408385.0,3382630.0,17,60,6,3,2585.0,9.2,487,0,7,410215,3379770,476,0,5,-103.5,504,1830.0,-2860.0,3395.364487061735,-11,87.38644216192142,-28,9,3,0.4724810745255378
113,2533201,408385.0,3382630.0,17,60,6,3,2585.0,9.2,487,0,7,410155,3379890,477,0,6,-101.5,504,1770.0,-2740.0,3261.9779275770707,-10,87.13813010393761,-27,9,3,0.47423702848666216
114,2533201,408385.0,3382630.0,17,60,6,3,2585.0,9.2,487,0,7,410015,3379890,480,0,6,-101.25,504,1630.0,-2740.0,3188.181299738144,-7,89.25198771808857,-24,9,3,0.4313031804989306
115,2533201,408385.0,3382630.0,17,60,6,3,2585.0,9.2,487,0,7,409955,3379890,482,0,5,-107.0,504,1570.0,-2740.0,3157.9265349276257,-5,90.18760603259909,-22,9,3,0.3991501207135515
116,2533201,408385.0,3382630.0,17,60,6,3,2585.0,9.2,487,0,7,408470,3379630,482,0,5,-93.5,504,85.0,-3000.0,3001.203925094061,-5,118.37705377591965,-22,9,3,0.419992977432626
117,2533201,408385.0,3382630.0,17,60,6,3,2585.0,9.2,487,0,7,410160,3379860,476,0,6,-100.5,504,1775.0,-2770.0,3289.912612821198,-11,87.3484858838508,-28,9,3,0.48762483432341613
118,2533201,408385.0,3382630.0,17,60,6,3,2585.0,9.2,487,0,7,410165,3379855,476,0,5,-103.0,504,1780.0,-2775.0,3296.8204379371346,-11,87.32220523541588,-28,9,3,0.4866031635951472
119,2533201,408385.0,3382630.0,17,60,6,3,2585.0,9.2,487,0,7,410235,3379860,478,0,10,-110.5,504,1850.0,-2770.0,3330.9758329954902,-9,86.26222575772363,-26,9,3,0.4472142967813313
120,2533201,408385.0,3382630.0,17,60,6,3,2585.0,9.2,487,0,7,410155,3379940,478,0,6,-108.5,504,1770.0,-2690.0,3220.093166354042,-9,86.65538087777207,-26,9,3,0.4626132905259445
121,2533201,408385.0,3382630.0,17,60,6,3,2585.0,9.2,487,0,7,410150,3379935,478,0,6,-107.5,504,1765.0,-2695.0,3221.5291400203105,-9,86.77854871873399,-26,9,3,0.4624070929028584
122,2533201,408385.0,3382630.0,17,60,6,3,2585.0,9.2,487,0,7,410530,3379300,476,0,7,-104.5,504,2145.0,-3330.0,3961.050996894637,-11,87.21262741281328,-28,9,3,0.405007435478204
123,2533201,408385.0,3382630.0,17,60,6,3,2585.0,9.2,487,0,7,408700,3382395,487,0,7,-81.33,504,315.0,-235.0,393.0012722625717,0,66.72410717292479,-17,9,3,2.4768912521748288
124,2533201,408385.0,3382630.0,17,60,6,3,2585.0,9.2,487,0,7,408705,3382400,486,0,7,-83.8,504,320.0,-230.0,394.0812099047606,-1,65.70669140060289,-18,9,3,2.615216584712022
125,2533201,408385.0,3382630.0,17,60,6,3,2585.0,9.2,487,0,7,408715,3382390,486,0,7,-85.6,504,330.0,-240.0,408.0441152620633,-1,66.0273733851036,-18,9,3,2.525844156861482
126,2533201,408385.0,3382630.0,17,60,6,3,2585.0,9.2,487,0,7,408690,3382365,487,0,2,-96.0,504,305.0,-265.0,404.04207701673846,0,70.98582430458896,-17,9,3,2.4092888976031595
127,2533201,408385.0,3382630.0,17,60,6,3,2585.0,9.2,487,0,7,408665,3382360,487,0,2,-90.5,504,280.0,-270.0,388.9730067755345,0,73.95837332399003,-17,9,3,2.502509883080969
128,2533201,408385.0,3382630.0,17,60,6,3,2585.0,9.2,487,0,7,408710,3382385,486,0,7,-92.0,504,325.0,-245.0,407.0012284993744,-1,67.01067323360314,-18,9,3,2.5323078837508963
129,2533201,408385.0,3382630.0,17,60,6,3,2585.0,9.2,487,0,7,408170,3382370,483,0,5,-106.5,504,-215.0,-260.0,337.37960815674677,-4,159.58813084768298,-21,9,3,3.561747800430063
130,2533201,408385.0,3382630.0,17,60,6,3,2585.0,9.2,487,0,7,408185,3382395,482,0,6,-106.5,504,-200.0,-235.0,308.58548248418947,-5,160.3999043337367,-22,9,3,4.077891272123884
131,2533201,408385.0,3382630.0,17,60,6,3,2585.0,9.2,487,0,7,408645,3382470,487,0,7,-72.33,504,260.0,-160.0,305.28675044947494,0,61.60750224624894,-17,9,3,3.1872439426806793
132,2533201,408385.0,3382630.0,17,60,6,3,2585.0,9.2,487,0,7,408815,3382640,486,0,2,-94.0,504,430.0,10.0,430.11626335213134,-1,28.667780146130383,-18,9,3,2.396381352401781
133,2533201,408385.0,3382630.0,17,60,6,3,2585.0,9.2,487,0,7,408675,3382460,487,0,7,-75.33,504,290.0,-170.0,336.1547262794322,0,60.37912601136833,-17,9,3,2.8950928880609594
134,2533201,408385.0,3382630.0,17,60,6,3,2585.0,9.2,487,0,7,408660,3382445,487,0,7,-75.95,504,275.0,-185.0,331.436268383531,0,63.92979742206063,-17,9,3,2.9362369570028024
135,2533201,408385.0,3382630.0,17,60,6,3,2585.0,9.2,487,0,7,408700,3382405,487,0,7,-83.03,504,315.0,-225.0,387.1046370169182,0,65.53767779197437,-17,9,3,2.5145728401640755
136,2533201,408385.0,3382630.0,17,60,6,3,2585.0,9.2,487,0,7,408695,3382440,487,0,7,-78.33,504,310.0,-190.0,363.59317925395686,0,61.504266719204225,-17,9,3,2.6769462914341022
137,2533201,408385.0,3382630.0,17,60,6,3,2585.0,9.2,487,0,7,409165,3382270,486,0,7,-101.33,504,780.0,-360.0,859.0692637965811,-1,54.775140568831944,-18,9,3,1.2003376083481687
138,2533201,408385.0,3382630.0,17,60,6,3,2585.0,9.2,487,0,7,408715,3382420,486,0,7,-83.18,504,330.0,-210.0,391.1521443121589,-1,62.47119229084848,-18,9,3,2.63477262331525
139,2533201,408385.0,3382630.0,17,60,6,3,2585.0,9.2,487,0,7,408670,3382455,487,0,7,-74.35,504,285.0,-175.0,334.43983016381287,0,61.55138494831351,-17,9,3,2.9099125113501345
140,2533201,408385.0,3382630.0,17,60,6,3,2585.0,9.2,487,0,7,408705,3382410,486,0,6,-81.21,504,320.0,-220.0,388.329756778952,-1,64.50852298766841,-18,9,3,2.653894917718561
141,2533201,408385.0,3382630.0,17,60,6,3,2585.0,9.2,487,0,7,408710,3382415,486,0,7,-83.7,504,325.0,-215.0,389.6793553679743,-1,63.486168815513,-18,9,3,2.6447166059312233
142,2533201,408385.0,3382630.0,17,60,6,3,2585.0,9.2,487,0,7,408690,3382435,487,0,7,-78.79,504,305.0,-195.0,362.008287197959,0,62.59258147259925,-17,9,3,2.6886489485808567
143,2533201,408385.0,3382630.0,17,60,6,3,2585.0,9.2,487,0,7,408680,3382425,487,0,6,-79.98,504,295.0,-205.0,359.23529893372114,0,64.7960262782683,-17,9,3,2.709372204618173
144,2533201,408385.0,3382630.0,17,60,6,3,2585.0,9.2,487,0,7,408665,3382450,487,0,7,-73.58,504,280.0,-180.0,332.86633954186476,0,62.73522627210758,-17,9,3,2.923644133629855
145,2533201,408385.0,3382630.0,17,60,6,3,2585.0,9.2,487,0,7,408685,3382430,487,0,7,-79.47,504,300.0,-200.0,360.5551275463989,0,63.69006752597977,-17,9,3,2.6994691204461665
146,2533201,408385.0,3382630.0,17,60,6,3,2585.0,9.2,487,0,7,408640,3382465,487,0,7,-71.26,504,255.0,-165.0,303.7268509697488,0,62.905242922987895,-17,9,3,3.203579182495023
147,2533201,408385.0,3382630.0,17,60,6,3,2585.0,9.2,487,0,7,408780,3382485,487,0,7,-98.5,504,395.0,-145.0,420.77309799938496,0,50.1576108945448,-17,9,3,2.3135956259177015
148,2533201,408385.0,3382630.0,17,60,6,3,2585.0,9.2,487,0,7,408780,3382525,486,0,7,-97.0,504,395.0,-105.0,408.71750635371615,-1,44.8862668490176,-18,9,3,2.52168802572764
149,2533201,408385.0,3382630.0,17,60,6,3,2585.0,9.2,487,0,7,408760,3382545,486,0,7,-84.67,504,375.0,-85.0,384.5126785946076,-1,42.771242564901456,-18,9,3,2.680202048621958
150,2533201,408385.0,3382630.0,17,60,6,3,2585.0,9.2,487,0,7,408775,3382560,486,0,7,-85.0,504,390.0,-70.0,396.23225512317896,-1,40.175510843043185,-18,9,3,2.6010387827700816
151,2533201,408385.0,3382630.0,17,60,6,3,2585.0,9.2,487,0,7,408790,3382535,486,0,7,-92.25,504,405.0,-95.0,415.99278839902985,-1,43.201087175705595,-18,9,3,2.4776417662775048
152,2533201,408385.0,3382630.0,17,60,6,3,2585.0,9.2,487,0,7,408655,3382440,487,0,6,-77.61,504,270.0,-190.0,330.15148038438355,0,65.13419305691565,-17,9,3,2.947643242492133
153,2533201,408385.0,3382630.0,17,60,6,3,2585.0,9.2,487,0,7,408795,3382540,486,0,7,-89.63,504,410.0,-90.0,419.76183723630714,-1,42.38075692880716,-18,9,3,2.455422329369757
154,2533201,408385.0,3382630.0,17,60,6,3,2585.0,9.2,487,0,7,408645,3382430,488,0,7,-75.45,504,260.0,-200.0,328.0243893371345,1,67.56859202882748,-16,9,3,2.7924950508127897
155,2533201,408385.0,3382630.0,17,60,6,3,2585.0,9.2,487,0,7,408670,3382415,487,0,7,-79.8,504,285.0,-215.0,357.0014005574768,0,67.03038960567864,-17,9,3,2.7263003144122164
156,2533201,408385.0,3382630.0,17,60,6,3,2585.0,9.2,487,0,7,408675,3382420,487,0,7,-79.23,504,290.0,-210.0,358.05027579936313,0,65.90972307917764,-17,9,3,2.7183258658895357
157,2533201,408385.0,3382630.0,17,60,6,3,2585.0,9.2,487,0,7,409125,3382270,486,0,7,-102.5,504,740.0,-360.0,822.9216244576394,-1,55.9422954898717,-18,9,3,1.253047157848465
158,2533201,408385.0,3382630.0,17,60,6,3,2585.0,9.2,487,0,7,409155,3382260,486,0,2,-97.67,504,770.0,-370.0,854.2833253669418,-1,55.665191462173595,-18,9,3,1.207060257408514
159,2533201,408385.0,3382630.0,17,60,6,3,2585.0,9.2,487,0,7,408640,3382425,488,0,2,-77.6,504,255.0,-205.0,327.1849629796577,1,68.79655209830821,-16,9,3,2.7996480975039217
160,2533201,408385.0,3382630.0,17,60,6,3,2585.0,9.2,487,0,7,408700,3382445,487,0,7,-76.71,504,315.0,-185.0,365.3080891521566,0,60.4257838019613,-17,9,3,2.664397730685957
161,2533201,408385.0,3382630.0,17,60,6,3,2585.0,9.2,487,0,7,408665,3382410,487,0,7,-80.29,504,280.0,-220.0,356.08987629529713,0,68.15722658736905,-17,9,3,2.7332685696588586
162,2533201,408385.0,3382630.0,17,60,6,3,2585.0,9.2,487,0,7,408650,3382435,487,0,7,-77.18,504,265.0,-195.0,329.013677527242,0,66.34745820888526,-17,9,3,2.9578187819333217
163,2533201,408385.0,3382630.0,17,60,6,3,2585.0,9.2,487,0,7,408765,3382550,486,0,7,-89.0,504,380.0,-80.0,388.329756778952,-1,41.88865803962801,-18,9,3,2.653894917718561
164,2533201,408385.0,3382630.0,17,60,6,3,2585.0,9.2,487,0,7,408770,3382555,486,0,7,-88.56,504,385.0,-75.0,392.23717314910374,-1,41.02345596374312,-18,9,3,2.6274943932624324
165,2533201,408385.0,3382630.0,17,60,6,3,2585.0,9.2,487,0,7,408785,3382530,486,0,7,-99.71,504,400.0,-100.0,412.31056256176606,-1,44.03624346792651,-18,9,3,2.499740920913002
166,2533201,408385.0,3382630.0,17,60,6,3,2585.0,9.2,487,0,7,408660,3382405,487,0,2,-80.5,504,275.0,-225.0,355.31676008879737,0,69.28940686250036,-17,9,3,2.7392067058184058
167,2533201,408385.0,3382630.0,17,60,6,3,2585.0,9.2,487,0,7,408145,3382485,480,0,5,-102.0,504,-240.0,-145.0,280.40149785619906,-7,178.86102756302114,-24,9,3,4.892111669686773
168,2533201,408385.0,3382630.0,17,60,6,3,2585.0,9.2,487,0,7,408460,3382625,488,0,7,-91.0,504,75.0,-5.0,75.16648189186454,1,33.81407483429035,-16,9,3,12.016678866514734
169,2533201,408385.0,3382630.0,17,60,6,3,2585.0,9.2,487,0,7,408515,3382520,488,0,6,-81.71,504,130.0,-110.0,170.29386365926402,1,70.23635830927378,-16,9,3,5.367481475616536
170,2533201,408385.0,3382630.0,17,60,6,3,2585.0,9.2,487,0,7,408510,3382515,488,0,6,-80.6,504,125.0,-115.0,169.85287751463028,1,72.61405596961117,-16,9,3,5.381335272873905
171,2533201,408385.0,3382630.0,17,60,6,3,2585.0,9.2,487,0,7,408945,3382790,488,0,2,-95.33,504,560.0,160.0,582.4087911424415,1,14.054604099077153,-16,9,3,1.57364031244737
172,2533201,408385.0,3382630.0,17,60,6,3,2585.0,9.2,487,0,7,408620,3382465,487,0,7,-71.67,504,235.0,-165.0,287.14108030722457,0,65.0737544933483,-17,9,3,3.388204147686405
173,2533201,408385.0,3382630.0,17,60,6,3,2585.0,9.2,487,0,7,408495,3382500,488,0,7,-86.41,504,110.0,-130.0,170.29386365926402,1,79.76364169072622,-16,9,3,5.367481475616536
174,2533201,408385.0,3382630.0,17,60,6,3,2585.0,9.2,487,0,7,408590,3382435,488,0,2,-75.42,504,205.0,-195.0,282.93108701590216,1,73.5679038158354,-16,9,3,3.2366789931836357
175,2533201,408385.0,3382630.0,17,60,6,3,2585.0,9.2,487,0,7,408625,3382470,487,0,7,-72.26,504,240.0,-160.0,288.44410203711914,0,63.69006752597977,-17,9,3,3.3729336407789217
176,2533201,408385.0,3382630.0,17,60,6,3,2585.0,9.2,487,0,7,408605,3382450,488,0,7,-74.67,504,220.0,-180.0,284.2534080710379,1,69.28940686250036,-16,9,3,3.2216540460715537
177,2533201,408385.0,3382630.0,17,60,6,3,2585.0,9.2,487,0,7,408575,3382420,489,0,2,-84.83,504,190.0,-210.0,283.1960451701259,2,77.86240522611172,-15,9,3,3.031943224137311
178,2533201,408385.0,3382630.0,17,60,6,3,2585.0,9.2,487,0,7,408600,3382445,488,0,2,-75.68,504,215.0,-185.0,283.6370920736567,1,70.710846671181,-16,9,3,3.228639595358238
179,2533201,408385.0,3382630.0,17,60,6,3,2585.0,9.2,487,0,7,408610,3382455,488,0,7,-72.89,504,225.0,-175.0,285.0438562747845,1,67.8749836510982,-16,9,3,3.212738895971823
180,2533201,408385.0,3382630.0,17,60,6,3,2585.0,9.2,487,0,7,408595,3382440,488,0,2,-74.98,504,210.0,-190.0,283.1960451701259,1,72.13759477388828,-16,9,3,3.23365718641838
181,2533201,408385.0,3382630.0,17,60,6,3,2585.0,9.2,487,0,7,408565,3382410,489,0,2,-91.33,504,180.0,-220.0,284.2534080710379,2,80.7105931374997,-15,9,3,3.020685958658843
182,2533201,408385.0,3382630.0,17,60,6,3,2585.0,9.2,487,0,7,408490,3382495,488,0,7,-87.19,504,105.0,-135.0,171.0263137648707,1,82.1250163489018,-16,9,3,5.344627696275915
183,2533201,408385.0,3382630.0,17,60,6,3,2585.0,9.2,487,0,7,408630,3382475,487,0,7,-70.5,504,245.0,-155.0,289.9137802864845,0,62.31961650818016,-17,9,3,3.3558741928043894
184,2533201,408385.0,3382630.0,17,60,6,3,2585.0,9.2,487,0,7,408615,3382460,488,0,6,-71.77,504,230.0,-170.0,286.0069929215018,1,66.46923439005184,-16,9,3,3.2019424562568166
185,2533201,408385.0,3382630.0,17,60,6,3,2585.0,9.2,487,0,7,408485,3382490,488,0,6,-95.25,504,100.0,-140.0,172.04650534085255,1,84.46232220802563,-16,9,3,5.3131173344574005
186,2533201,408385.0,3382630.0,17,60,6,3,2585.0,9.2,487,0,7,408570,3382415,489,0,2,-84.83,504,185.0,-215.0,283.6370920736567,2,79.289153328819,-15,9,3,3.0272374221642018
187,2533201,408385.0,3382630.0,17,60,6,3,2585.0,9.2,487,0,7,408500,3382505,488,0,7,-86.89,504,115.0,-125.0,169.85287751463028,1,77.38594403038883,-16,9,3,5.381335272873905
188,2533201,408385.0,3382630.0,17,60,6,3,2585.0,9.2,487,0,7,408505,3382510,488,0,7,-82.74,504,120.0,-120.0,169.7056274847714,1,75.0,-16,9,3,5.385977098599754
189,2533201,408385.0,3382630.0,17,60,6,3,2585.0,9.2,487,0,7,408585,3382430,488,0,2,-74.67,504,200.0,-200.0,282.842712474619,1,75.0,-16,9,3,3.2376881462291043
190,2533201,408385.0,3382630.0,17,60,6,3,2585.0,9.2,487,0,7,408480,3382485,488,0,6,-90.29,504,95.0,-145.0,173.34935823359717,1,86.76828893202065,-16,9,3,5.273411172387647
191,2533201,408385.0,3382630.0,17,60,6,3,2585.0,9.2,487,0,7,408580,3382425,489,0,2,-74.33,504,195.0,-205.0,282.93108701590216,2,76.43209618416466,-15,9,3,3.0347772609644665
192,2533201,408385.0,3382630.0,17,60,6,3,2585.0,9.2,487,0,7,410845,3380040,481,0,5,-104.5,504,2460.0,-2590.0,3572.072227713208,-6,76.4746151835675,-23,9,3,0.3689132340562629
193,2533201,408385.0,3382630.0,17,60,6,3,2585.0,9.2,487,0,7,410835,3380050,482,0,5,-105.0,504,2450.0,-2580.0,3557.934794231058,-5,76.48047586032982,-22,9,3,0.35427604996285506
194,2533201,408385.0,3382630.0,17,60,6,3,2585.0,9.2,487,0,7,408470,3382405,489,0,2,-103.5,504,85.0,-225.0,240.52026941611388,2,99.30454926593666,-15,9,3,3.568618418692409
195,2533201,408385.0,3382630.0,17,60,6,3,2585.0,9.2,487,0,7,408365,3382520,487,0,7,-97.5,504,-20.0,-110.0,111.80339887498948,0,130.30484646876602,-17,9,3,8.645749515862148
196,2533201,408385.0,3382630.0,17,60,6,3,2585.0,9.2,487,0,7,408780,3382735,488,0,7,-95.5,504,395.0,105.0,408.71750635371615,1,15.113733150982455,-16,9,3,2.241804175552978
197,2533201,408385.0,3382630.0,17,60,6,3,2585.0,9.2,487,0,7,408735,3382790,487,0,7,-97.75,504,350.0,160.0,384.83762809787714,0,5.43282867939871,-17,9,3,2.529366552645746
198,2533201,408385.0,3382630.0,17,60,6,3,2585.0,9.2,487,0,7,408590,3382605,487,0,7,-86.38,504,205.0,-25.0,206.51876428063383,0,36.952957468173906,-17,9,3,4.705805421876416
199,2533201,408385.0,3382630.0,17,60,6,3,2585.0,9.2,487,0,7,408750,3382765,488,0,7,-100.33,504,365.0,135.0,389.16577444580093,1,9.702430227771288,-16,9,3,2.354308959739435
200,2533201,408385.0,3382630.0,17,60,6,3,2585.0,9.2,487,0,7,408770,3382745,488,0,7,-102.5,504,385.0,115.0,401.8084120572888,1,13.369046293278586,-16,9,3,2.2803116417222253
201,2533201,408385.0,3382630.0,17,60,6,3,2585.0,9.2,487,0,7,408760,3382755,488,0,7,-101.25,504,375.0,125.0,395.28470752104744,1,11.565051177077976,-16,9,3,2.317904761320583
202,2533201,408385.0,3382630.0,17,60,6,3,2585.0,9.2,487,0,7,408745,3382780,487,0,7,-101.5,504,360.0,150.0,390.0,0,7.380135051959542,-17,9,3,2.495928328617228
203,2533201,408385.0,3382630.0,17,60,6,3,2585.0,9.2,487,0,7,408655,3382870,486,0,7,-103.33,504,270.0,240.0,361.24783736376884,-1,-11.633539336570209,-18,9,3,2.8525341449704427
204,2533201,408385.0,3382630.0,17,60,6,3,2585.0,9.2,487,0,7,408325,3382560,485,0,2,-99.0,504,-60.0,-70.0,92.19544457292888,-2,160.60129464500446,-19,9,3,11.64471369492714
205,2533201,408385.0,3382630.0,17,60,6,3,2585.0,9.2,487,0,7,408475,3382410,489,0,2,-97.0,504,90.0,-220.0,237.69728648009425,2,97.75097634278768,-15,9,3,3.610889204593947
206,2533201,408385.0,3382630.0,17,60,6,3,2585.0,9.2,487,0,7,408345,3382540,486,0,6,-101.0,504,-40.0,-90.0,98.48857801796105,-1,143.96248897457818,-18,9,3,10.35720127348528
207,2533201,408385.0,3382630.0,17,60,6,3,2585.0,9.2,487,0,7,408595,3382610,487,0,7,-85.17,504,210.0,-20.0,210.95023109728987,0,35.44033203100548,-17,9,3,4.607379923402294
208,2533201,408385.0,3382630.0,17,60,6,3,2585.0,9.2,487,0,7,408330,3382545,486,0,7,-82.0,504,-55.0,-85.0,101.24228365658294,-1,152.9052429229879,-18,9,3,10.081350537428044
209,2533201,408385.0,3382630.0,17,60,6,3,2585.0,9.2,487,0,7,408335,3382550,486,0,6,-91.67,504,-50.0,-80.0,94.33981132056604,-1,152.0053832080835,-18,9,3,10.80217906937425
210,2533201,408385.0,3382630.0,17,60,6,3,2585.0,9.2,487,0,7,408740,3382775,487,0,7,-102.0,504,355.0,145.0,383.4709897762802,0,7.782405730481685,-17,9,3,2.5383691004680564
211,2533201,408385.0,3382630.0,17,60,6,3,2585.0,9.2,487,0,7,408730,3382785,487,0,7,-101.0,504,345.0,155.0,378.21951298154886,0,5.806791012711244,-17,9,3,2.573566614256902
212,2533201,408385.0,3382630.0,17,60,6,3,2585.0,9.2,487,0,7,408770,3382685,487,0,2,-92.0,504,385.0,55.0,388.90872965260115,0,21.86989764584405,-17,9,3,2.502922960952553
213,2533201,408385.0,3382630.0,17,60,6,3,2585.0,9.2,487,0,7,408765,3382700,487,0,7,-98.5,504,380.0,70.0,386.39358172723314,0,19.562524648881833,-17,9,3,2.5191942909960954
214,2533201,408385.0,3382630.0,17,60,6,3,2585.0,9.2,487,0,7,408725,3382660,487,0,7,-90.0,504,340.0,30.0,341.32096331752024,0,24.95754893082909,-17,9,3,2.8513456053140476
215,2533201,408385.0,3382630.0,17,60,6,3,2585.0,9.2,487,0,7,408895,3382490,486,0,7,-98.0,504,510.0,-140.0,528.8667128870941,-1,45.35013649242444,-18,9,3,1.949311725588363
216,2533201,408385.0,3382630.0,17,60,6,3,2585.0,9.2,487,0,7,408840,3382455,486,0,7,-104.5,504,455.0,-175.0,487.4935897014442,-1,51.03751102542185,-18,9,3,2.1146036604525964
217,2533201,408385.0,3382630.0,17,60,6,3,2585.0,9.2,487,0,7,408755,3382670,487,0,7,-83.0,504,370.0,40.0,372.1558813185679,0,23.829824904970394,-17,9,3,2.6154406381079487
218,2533201,408385.0,3382630.0,17,60,6,3,2585.0,9.2,487,0,7,408775,3382690,487,0,2,-93.25,504,390.0,60.0,394.58839313897715,0,21.25383773744477,-17,9,3,2.4669409864176366
219,2533201,408385.0,3382630.0,17,60,6,3,2585.0,9.2,487,0,7,408800,3382415,486,0,7,-84.5,504,415.0,-215.0,467.38634982207174,-1,57.38742215707617,-18,9,3,2.205487186825894
220,2533201,408385.0,3382630.0,17,60,6,3,2585.0,9.2,487,0,7,409005,3382300,486,0,2,-92.0,504,620.0,-330.0,702.3531875061151,-1,58.02450053207025,-18,9,3,1.4680624320035935
221,2533201,408385.0,3382630.0,17,60,6,3,2585.0,9.2,487,0,7,408880,3382495,486,0,7,-103.5,504,495.0,-135.0,513.078941294612,-1,45.2551187030578,-18,9,3,2.009244880550876
222,2533201,408385.0,3382630.0,17,60,6,3,2585.0,9.2,487,0,7,408710,3382625,487,0,7,-81.0,504,325.0,-5.0,325.0384592629002,0,30.88140399658215,-17,9,3,2.993927470795338
223,2533201,408385.0,3382630.0,17,60,6,3,2585.0,9.2,487,0,7,408750,3382665,487,0,7,-89.5,504,365.0,35.0,366.67424234598207,0,24.52263127117112,-17,9,3,2.654484955380973
224,2533201,408385.0,3382630.0,17,60,6,3,2585.0,9.2,487,0,7,409030,3382305,487,0,7,-98.25,504,645.0,-325.0,722.2534181296755,0,56.742436924610274,-17,9,3,1.3483472875619622
225,2533201,408385.0,3382630.0,17,60,6,3,2585.0,9.2,487,0,7,408695,3382610,487,0,7,-82.63,504,310.0,-20.0,310.64449134018133,0,33.69138598645128,-17,9,3,3.1323834039461547
226,2533201,408385.0,3382630.0,17,60,6,3,2585.0,9.2,487,0,7,408680,3382615,487,0,7,-87.1,504,295.0,-15.0,295.3811097548386,0,32.91083782616772,-17,9,3,3.2938970044718223
227,2533201,408385.0,3382630.0,17,60,6,3,2585.0,9.2,487,0,7,408890,3382485,486,0,7,-102.67,504,505.0,-145.0,525.4046059942756,-1,46.0202923020712,-18,9,3,1.962146534116557
228,2533201,408385.0,3382630.0,17,60,6,3,2585.0,9.2,487,0,7,408990,3382265,486,0,2,-102.5,504,605.0,-365.0,706.5762520775801,-1,61.10282368498463,-18,9,3,1.459291922695625
229,2533201,408385.0,3382630.0,17,60,6,3,2585.0,9.2,487,0,7,409025,3382320,487,0,7,-93.0,504,640.0,-310.0,711.125867902441,0,55.84438755456034,-17,9,3,1.3694379739790659
230,2533201,408385.0,3382630.0,17,60,6,3,2585.0,9.2,487,0,7,409020,3382315,487,0,6,-93.5,504,635.0,-315.0,708.8370757797592,0,56.384307992668994,-17,9,3,1.3738581145184294
231,2533201,408385.0,3382630.0,17,60,6,3,2585.0,9.2,487,0,7,408780,3382715,487,0,7,-98.8,504,395.0,85.0,404.04207701673846,0,17.855721950433008,-17,9,3,2.4092888976031595
232,2533201,408385.0,3382630.0,17,60,6,3,2585.0,9.2,487,0,7,408735,3382650,487,0,7,-84.5,504,350.0,20.0,350.5709628591621,0,26.729512076816434,-17,9,3,2.776230642843608
233,2533201,408385.0,3382630.0,17,60,6,3,2585.0,9.2,487,0,7,408720,3382655,487,0,6,-87.0,504,335.0,25.0,335.9315406448165,0,25.73210669970922,-17,9,3,2.8970130495360094
234,2533201,408385.0,3382630.0,17,60,6,3,2585.0,9.2,487,0,7,408790,3382705,487,0,7,-104.5,504,405.0,75.0,411.8859065323794,0,19.508522987668414,-17,9,3,2.363459668944192
235,2533201,408385.0,3382630.0,17,60,6,3,2585.0,9.2,487,0,7,408785,3382720,487,0,7,-106.0,504,400.0,90.0,410.0,0,17.31961650818016,-17,9,3,2.3743186314384603
236,2533201,408385.0,3382630.0,17,60,6,3,2585.0,9.2,487,0,7,408865,3382480,485,0,7,-108.2,504,480.0,-150.0,502.8916384272063,-2,47.35402463626133,-19,9,3,2.1636913210619855
237,2533201,408385.0,3382630.0,17,60,6,3,2585.0,9.2,487,0,7,408685,3382620,487,0,7,-83.55,504,300.0,-10.0,300.1666203960727,0,31.909152432996393,-17,9,3,3.2414957940174958
238,2533201,408385.0,3382630.0,17,60,6,3,2585.0,9.2,487,0,7,408810,3382405,486,0,7,-89.8,504,425.0,-225.0,480.88460154178364,-1,57.89727103094765,-18,9,3,2.143638569904507
239,2533201,408385.0,3382630.0,17,60,6,3,2585.0,9.2,487,0,7,408690,3382880,486,0,5,-104.5,504,305.0,250.0,394.3665807342199,-1,-9.34051815983753,-18,9,3,2.613326790918805
240,2533201,408385.0,3382630.0,17,60,6,3,2585.0,9.2,487,0,7,408570,3382600,487,0,7,-89.67,504,185.0,-30.0,187.41664813991312,0,39.21102654081665,-17,9,3,5.18294407496578
241,2533201,408385.0,3382630.0,17,60,6,3,2585.0,9.2,487,0,7,408630,3382620,487,0,7,-83.0,504,245.0,-10.0,245.20399670478457,0,32.33730585912383,-17,9,3,3.9659717825098593
242,2533201,408385.0,3382630.0,17,60,6,3,2585.0,9.2,487,0,7,408620,3382610,487,0,7,-94.67,504,235.0,-20.0,235.8495283014151,0,34.86451443776053,-17,9,3,4.122741484006788
243,2533201,408385.0,3382630.0,17,60,6,3,2585.0,9.2,487,0,7,408750,3382740,488,0,7,-103.0,504,365.0,110.0,381.21516234273787,1,13.228776181369597,-16,9,3,2.403353368758145
244,2533201,408385.0,3382630.0,17,60,6,3,2585.0,9.2,487,0,7,408740,3382730,487,0,7,-98.33,504,355.0,100.0,368.81567211820055,0,14.267995214892721,-17,9,3,2.639094250715872
245,2533201,408385.0,3382630.0,17,60,6,3,2585.0,9.2,487,0,7,408575,3382595,487,0,7,-82.33,504,190.0,-35.0,193.19679086361657,0,40.43747535111822,-17,9,3,5.028685828908375
246,2533201,408385.0,3382630.0,17,60,6,3,2585.0,9.2,487,0,7,408635,3382615,487,0,7,-84.0,504,250.0,-15.0,250.44959572736389,0,33.433630362450515,-17,9,3,3.8831624136198384
247,2533201,408385.0,3382630.0,17,60,6,3,2585.0,9.2,487,0,7,408625,3382605,487,0,7,-96.0,504,240.0,-25.0,241.29857024027308,0,35.946863053973516,-17,9,3,4.0299513676381675
248,2533201,408385.0,3382630.0,17,60,6,3,2585.0,9.2,487,0,7,408360,3382550,486,0,7,-101.0,504,-25.0,-80.0,83.81527307120105,-1,137.3540246362613,-18,9,3,12.12062628053194
249,2533201,408385.0,3382630.0,17,60,6,3,2585.0,9.2,487,0,7,408390,3382540,487,0,6,-96.5,504,5.0,-90.0,90.13878188659973,0,116.82016988013572,-17,9,3,10.680421033966617
250,2533201,408385.0,3382630.0,17,60,6,3,2585.0,9.2,487,0,7,408395,3382535,488,0,6,-94.33,504,10.0,-95.0,95.524865872714,1,113.99099404250546,-16,9,3,9.508529814713768
251,2533201,408385.0,3382630.0,17,60,6,3,2585.0,9.2,487,0,7,408645,3382825,485,0,7,-106.0,504,260.0,195.0,325.0,-2,-6.869897645844048,-19,9,3,3.3457911911976312
252,2533201,408385.0,3382630.0,17,60,6,3,2585.0,9.2,487,0,7,408380,3382530,487,0,7,-93.6,504,-5.0,-100.0,100.12492197250393,0,122.86240522611175,-17,9,3,9.636233674985766
253,2533201,408385.0,3382630.0,17,60,6,3,2585.0,9.2,487,0,7,408365,3382545,487,0,7,-95.0,504,-20.0,-85.0,87.32124598286491,0,133.24051991518718,-17,9,3,11.016734479052133
254,2533201,408385.0,3382630.0,17,60,6,3,2585.0,9.2,487,0,7,408825,3382670,486,9,7,-94.0,504,440.0,40.0,441.81444068749045,-1,24.80557109226521,-18,9,3,2.33300203502242
255,2533201,408385.0,3382630.0,17,60,6,3,2585.0,9.2,487,0,7,408740,3382425,486,0,7,-81.12,504,355.0,-205.0,409.93901985539264,-1,60.00492087082404,-18,9,3,2.5141836961701083
256,2533201,408385.0,3382630.0,17,60,6,3,2585.0,9.2,487,0,7,408720,3382405,486,0,6,-83.51,504,335.0,-225.0,403.54677547962143,-1,63.8869594640517,-18,9,3,2.5539564394964867
257,2533201,408385.0,3382630.0,17,60,6,3,2585.0,9.2,487,0,7,408735,3382420,486,0,7,-81.33,504,350.0,-210.0,408.16663263917104,-1,60.96375653207349,-18,9,3,2.5250869680787433
258,2533201,408385.0,3382630.0,17,60,6,3,2585.0,9.2,487,0,7,408815,3382660,486,9,7,-101.33,504,430.0,30.0,431.0452412450461,-1,26.009086901570242,-18,9,3,2.3912227328975444
259,2533201,408385.0,3382630.0,17,60,6,3,2585.0,9.2,487,0,7,408810,3382655,487,0,7,-95.67,504,425.0,25.0,425.73465914816,0,26.63353933657021,-17,9,3,2.286661504041128
260,2533201,408385.0,3382630.0,17,60,6,3,2585.0,9.2,487,0,7,408820,3382665,486,9,7,-97.71,504,435.0,35.0,436.4057744805859,-1,25.399904333736686,-18,9,3,2.3618839314566853
261,2533201,408385.0,3382630.0,17,60,6,3,2585.0,9.2,487,0,7,408730,3382415,486,0,7,-82.44,504,345.0,-215.0,406.5095324835569,-1,61.9306821037178,-18,9,3,2.535366857332217
262,2533201,408385.0,3382630.0,17,60,6,3,2585.0,9.2,487,0,7,408725,3382410,486,0,7,-85.26,504,340.0,-220.0,404.96913462633177,-1,62.905242922987895,-18,9,3,2.544998081161787
263,2533201,408385.0,3382630.0,17,60,6,3,2585.0,9.2,487,0,7,409210,3382255,486,0,7,-94.5,504,825.0,-375.0,906.2284480195929,-1,54.44395478041656,-18,9,3,1.1378901637995809
264,2533201,408385.0,3382630.0,17,60,6,3,2585.0,9.2,487,0,7,408745,3382430,486,0,7,-83.08,504,360.0,-200.0,411.82520563948003,-1,59.05460409907715,-18,9,3,2.5026832488843884
265,2533201,408385.0,3382630.0,17,60,6,3,2585.0,9.2,487,0,7,408755,3382550,487,0,7,-81.67,504,370.0,-80.0,378.549864614954,0,42.20046872738078,-17,9,3,2.571323738370548
266,2533201,408385.0,3382630.0,17,60,6,3,2585.0,9.2,487,0,7,408795,3382510,486,0,7,-99.0,504,410.0,-120.0,427.20018726587654,-1,46.31385242626055,-18,9,3,2.412719828939824
267,2533201,408385.0,3382630.0,17,60,6,3,2585.0,9.2,487,0,7,408785,3382520,486,0,7,-99.67,504,400.0,-110.0,414.8493702538308,-1,45.37625124882618,-18,9,3,2.4844621588988183
268,2533201,408385.0,3382630.0,17,60,6,3,2585.0,9.2,487,0,7,408655,3382450,487,0,7,-74.08,504,270.0,-180.0,324.49961479175903,0,63.69006752597977,-17,9,3,2.9988899387172974
269,2533201,408385.0,3382630.0,17,60,6,3,2585.0,9.2,487,0,7,408700,3382435,487,0,7,-78.46,504,315.0,-195.0,370.4726710568541,0,61.75948008481282,-17,9,3,2.6273070514645327
270,2533201,408385.0,3382630.0,17,60,6,3,2585.0,9.2,487,0,7,409165,3382260,486,0,7,-101.33,504,780.0,-370.0,863.3075929238663,-1,55.37774386134919,-18,9,3,1.194446372834175
271,2533201,408385.0,3382630.0,17,60,6,3,2585.0,9.2,487,0,7,408685,3382420,487,0,6,-79.38,504,300.0,-210.0,366.1966684720111,0,64.99202019855869,-17,9,3,2.6579418297246624
272,2533201,408385.0,3382630.0,17,60,6,3,2585.0,9.2,487,0,7,408640,3382455,487,0,7,-72.84,504,255.0,-175.0,309.2733418838423,0,64.46081627137175,-17,9,3,3.1462428463726595
273,2533201,408385.0,3382630.0,17,60,6,3,2585.0,9.2,487,0,7,408650,3382445,487,0,6,-74.73,504,265.0,-185.0,323.18725222384626,0,64.91940201245768,-17,9,3,3.0110451312346007
274,2533201,408385.0,3382630.0,17,60,6,3,2585.0,9.2,487,0,7,408695,3382410,487,0,7,-81.48,504,310.0,-220.0,380.13155617496426,0,65.36246188706906,-17,9,3,2.560638973149915
275,2533201,408385.0,3382630.0,17,60,6,3,2585.0,9.2,487,0,7,408690,3382405,487,0,7,-81.16,504,305.0,-225.0,379.0118731649445,0,66.41637851988605,-17,9,3,2.568193540867323
276,2533201,408385.0,3382630.0,17,60,6,3,2585.0,9.2,487,0,7,408645,3382460,487,0,7,-71.53,504,260.0,-170.0,310.64449134018133,0,63.17851165939277,-17,9,3,3.1323834039461547
277,2533201,408385.0,3382630.0,17,60,6,3,2585.0,9.2,487,0,7,408680,3382415,487,0,7,-77.7,504,295.0,-215.0,365.0342449688796,0,66.08507304285212,-17,9,3,2.66639364539507
278,2533201,408385.0,3382630.0,17,60,6,3,2585.0,9.2,487,0,7,408710,3382425,487,0,7,-80.92,504,325.0,-205.0,384.252521136817,0,62.24246783912332,-17,9,3,2.533213042804753
279,2533201,408385.0,3382630.0,17,60,6,3,2585.0,9.2,487,0,7,408705,3382440,487,0,7,-78.6,504,320.0,-190.0,372.1558813185679,0,60.699722550814386,-17,9,3,2.6154406381079487
280,2533201,408385.0,3382630.0,17,60,6,3,2585.0,9.2,487,0,7,408715,3382430,486,0,7,-79.61,504,330.0,-200.0,385.87562763149475,-1,61.218402764346365,-18,9,3,2.67074905389825
281,2533201,408385.0,3382630.0,17,60,6,3,2585.0,9.2,487,0,7,408425,3382395,489,0,2,-108.5,504,40.0,-235.0,238.37994882120435,2,110.34010692155766,-15,9,3,3.6005757357032904
282,2533201,408385.0,3382630.0,17,60,6,3,2585.0,9.2,487,0,7,408905,3382345,485,0,2,-95.64,504,520.0,-285.0,592.9797635670209,-2,58.72613066530437,-19,9,3,1.8352186006347857
283,2533201,408385.0,3382630.0,17,60,6,3,2585.0,9.2,487,0,7,408910,3382360,486,0,6,-92.32,504,525.0,-270.0,590.3600596246328,-1,57.2161115573075,-18,9,3,1.7463996905250003
284,2533201,408385.0,3382630.0,17,60,6,3,2585.0,9.2,487,0,7,408890,3382340,485,0,2,-93.02,504,505.0,-290.0,582.3443998185267,-2,59.866916851513,-19,9,3,1.8687116721376635
285,2533201,408385.0,3382630.0,17,60,6,3,2585.0,9.2,487,0,7,408915,3382355,486,0,6,-90.39,504,530.0,-275.0,597.0971445250764,-1,57.423350707109535,-18,9,3,1.7267069488851958
286,2533201,408385.0,3382630.0,17,60,6,3,2585.0,9.2,487,0,7,408875,3382315,485,0,2,-95.0,504,490.0,-315.0,582.5160941982633,-2,62.73522627210758,-19,9,3,1.868161266905167
287,2533201,408385.0,3382630.0,17,60,6,3,2585.0,9.2,487,0,7,408900,3382350,486,0,7,-95.5,504,515.0,-280.0,586.1953599270469,-1,58.532453206997275,-18,9,3,1.7587994444189063
288,2533201,408385.0,3382630.0,17,60,6,3,2585.0,9.2,487,0,7,408895,3382335,485,0,2,-95.5,504,510.0,-295.0,589.1731494221372,-2,60.04643524681052,-19,9,3,1.8470676563773236
289,2533201,408385.0,3382630.0,17,60,6,3,2585.0,9.2,487,0,7,408745,3382715,487,0,7,-98.0,504,360.0,85.0,369.8986347636336,0,16.71513351509782,-17,9,3,2.6313785761665334
290,2533201,408385.0,3382630.0,17,60,6,3,2585.0,9.2,487,0,7,408765,3382655,487,0,7,-106.5,504,380.0,25.0,380.8214804865923,0,26.23596513509426,-17,9,3,2.556006088469456
291,2533201,408385.0,3382630.0,17,60,6,3,2585.0,9.2,487,0,7,408795,3382665,487,0,7,-93.75,504,410.0,35.0,411.4911906711977,0,25.120726216993262,-17,9,3,2.3657242024715153
292,2533201,408385.0,3382630.0,17,60,6,3,2585.0,9.2,487,0,7,408650,3382610,487,0,7,-92.33,504,265.0,-20.0,265.75364531836624,0,34.316027519865656,-17,9,3,3.6601677354127475
293,2533201,408385.0,3382630.0,17,60,6,3,2585.0,9.2,487,0,7,408670,3382630,487,0,7,-87.33,504,285.0,0.0,285.0,0,30.0,-17,9,3,3.413598274771862
294,2533201,408385.0,3382630.0,17,60,6,3,2585.0,9.2,487,0,7,408760,3382660,487,0,7,-98.0,504,375.0,30.0,376.19808611953357,0,25.426078740099115,-17,9,3,2.5873764289799976
295,2533201,408385.0,3382630.0,17,60,6,3,2585.0,9.2,487,0,7,408660,3382640,487,0,7,-92.0,504,275.0,10.0,275.1817581163403,0,27.917434720269114,-17,9,3,3.5350888842198653
296,2533201,408385.0,3382630.0,17,60,6,3,2585.0,9.2,487,0,7,408780,3382680,487,0,2,-96.8,504,395.0,50.0,398.1519810323691,0,22.785737960793256,-17,9,3,2.444887987294245
297,2533201,408385.0,3382630.0,17,60,6,3,2585.0,9.2,487,0,7,408785,3382675,487,0,2,-95.38,504,400.0,45.0,402.5232912515747,0,23.581213269761236,-17,9,3,2.4183687630855
298,2533201,408385.0,3382630.0,17,60,6,3,2585.0,9.2,487,0,7,408645,3382615,487,0,7,-90.67,504,260.0,-15.0,260.43233286210835,0,33.30186567443502,-17,9,3,3.73474496618117
299,2533201,408385.0,3382630.0,17,60,6,3,2585.0,9.2,487,0,7,408700,3382600,487,0,7,-75.67,504,315.0,-30.0,316.4253466459348,0,35.44033203100548,-17,9,3,3.0752679556815212
300,2533201,408385.0,3382630.0,17,60,6,3,2585.0,9.2,487,0,7,408640,3382620,487,0,7,-92.67,504,255.0,-10.0,255.1960031034969,0,32.24574256589506,-17,9,3,3.811154073379614
301,2533201,408385.0,3382630.0,17,60,6,3,2585.0,9.2,487,0,7,408675,3382625,487,0,7,-85.43,504,290.0,-5.0,290.0431002454635,0,30.987760399639797,-17,9,3,3.354381344605998
302,2533201,408385.0,3382630.0,17,60,6,3,2585.0,9.2,487,0,7,408985,3382315,486,0,2,-97.06,504,600.0,-315.0,677.661419884591,-1,57.69947280805502,-18,9,3,1.5215291265233573
303,2533201,408385.0,3382630.0,17,60,6,3,2585.0,9.2,487,0,7,408665,3382635,487,0,7,-87.5,504,280.0,5.0,280.04463929880893,0,28.976969811332197,-17,9,3,3.4738549010764364
304,2533201,408385.0,3382630.0,17,60,6,3,2585.0,9.2,487,0,7,408990,3382310,486,0,2,-94.76,504,605.0,-320.0,684.4158092855541,-1,57.87551038652748,-18,9,3,1.506520354965924
305,2533201,408385.0,3382630.0,17,60,6,3,2585.0,9.2,487,0,7,408980,3382320,485,0,2,-95.95,504,595.0,-310.0,670.9135562797937,-2,57.519892430950165,-19,9,3,1.6221596901137147
306,2533201,408385.0,3382630.0,17,60,6,3,2585.0,9.2,487,0,7,408995,3382305,486,0,2,-93.4,504,610.0,-325.0,691.1765331664552,-1,58.048105754553035,-18,9,3,1.4917910600748983
307,2533201,408385.0,3382630.0,17,60,6,3,2585.0,9.2,487,0,7,408790,3382670,487,0,7,-91.83,504,405.0,40.0,406.97051490249265,0,24.35945056784317,-17,9,3,2.3919725860354495
308,2533201,408385.0,3382630.0,17,60,6,3,2585.0,9.2,487,0,7,409535,3381525,482,0,10,-97.5,504,1150.0,-1105.0,1594.8432524859613,-5,73.85677698094258,-22,9,3,0.7903141601531192
309,2533201,408385.0,3382630.0,17,60,6,3,2585.0,9.2,487,0,7,408495,3382270,487,0,2,-82.0,504,110.0,-360.0,376.4306044943742,0,103.00917670801391,-17,9,3,2.585780395751135
310,2533201,408385.0,3382630.0,17,60,6,3,2585.0,9.2,487,0,7,408605,3382400,489,0,2,-81.5,504,220.0,-230.0,318.27660925679095,2,76.2730300200567,-15,9,3,2.6982857326519425
311,2533201,408385.0,3382630.0,17,60,6,3,2585.0,9.2,487,0,7,408705,3382360,486,0,2,-92.0,504,320.0,-270.0,418.68842830916645,-1,70.15599962491933,-18,9,3,2.4617096633294193
312,2533201,408385.0,3382630.0,17,60,6,3,2585.0,9.2,487,0,7,408665,3382400,487,0,2,-86.5,504,280.0,-230.0,362.3534186398688,0,69.40066066347947,-17,9,3,2.6860918384438563
313,2533201,408385.0,3382630.0,17,60,6,3,2585.0,9.2,487,0,7,408715,3382350,486,0,2,-93.0,504,330.0,-280.0,432.781700167648,-1,70.31410016049733,-18,9,3,2.381639450859285
314,2533201,408385.0,3382630.0,17,60,6,3,2585.0,9.2,487,0,7,408670,3382385,487,0,2,-85.5,504,285.0,-245.0,375.8324094593227,0,70.6839724801344,-17,9,3,2.5898904631769173
315,2533201,408385.0,3382630.0,17,60,6,3,2585.0,9.2,487,0,7,408710,3382345,486,0,2,-93.0,504,325.0,-285.0,432.26149493101974,-1,71.24827092947407,-18,9,3,2.384502329255805
316,2533201,408385.0,3382630.0,17,60,6,3,2585.0,9.2,487,0,7,408700,3382355,486,0,2,-94.75,504,315.0,-275.0,418.1506905411015,-1,71.12147549715229,-18,9,3,2.4648714962890494
317,2533201,408385.0,3382630.0,17,60,6,3,2585.0,9.2,487,0,7,410830,3380050,481,0,5,-105.25,504,2445.0,-2580.0,3554.4936348233905,-6,76.53891942438645,-23,9,3,0.3707376275297561
318,2533201,408385.0,3382630.0,17,60,6,3,2585.0,9.2,487,0,7,408480,3382605,488,0,7,-91.0,504,95.0,-25.0,98.2344135219425,1,44.743562836470744,-16,9,3,9.250857865980652
319,2533201,408385.0,3382630.0,17,60,6,3,2585.0,9.2,487,0,7,408490,3382615,488,0,6,-95.0,504,105.0,-15.0,106.06601717798213,1,38.13010235415595,-16,9,3,8.578358404883183
320,2533201,408385.0,3382630.0,17,60,6,3,2585.0,9.2,487,0,7,408655,3382780,486,0,5,-99.67,504,270.0,150.0,308.86890422961,-1,0.945395900922847,-18,9,3,3.3352624814750795
321,2533201,408385.0,3382630.0,17,60,6,3,2585.0,9.2,487,0,7,408705,3382750,487,0,7,-101.75,504,320.0,120.0,341.76014981270123,0,9.443954780416561,-17,9,3,2.8476874552845395
322,2533201,408385.0,3382630.0,17,60,6,3,2585.0,9.2,487,0,7,408370,3382415,488,0,7,-104.0,504,-15.0,-215.0,215.52262062252305,1,123.99091309842979,-16,9,3,4.24574407458962
323,2533201,408385.0,3382630.0,17,60,6,3,2585.0,9.2,487,0,7,408450,3382495,489,0,7,-90.33,504,65.0,-135.0,149.83324063771698,2,94.29004621918875,-15,9,3,5.716906758733269
324,2533201,408385.0,3382630.0,17,60,6,3,2585.0,9.2,487,0,7,408415,3382540,488,0,7,-99.5,504,30.0,-90.0,94.86832980505137,1,101.56505117707798,-16,9,3,9.573119780680821
325,2533201,408385.0,3382630.0,17,60,6,3,2585.0,9.2,487,0,7,408455,3382500,489,0,7,-94.2,504,70.0,-130.0,147.648230602334,2,91.69924423399362,-15,9,3,5.800937051508528
326,2533201,408385.0,3382630.0,17,60,6,3,2585.0,9.2,487,0,7,408550,3382595,487,0,7,-90.25,504,165.0,-35.0,168.67127793433,0,41.97613244420336,-17,9,3,5.755277988136843
327,2533201,408385.0,3382630.0,17,60,6,3,2585.0,9.2,487,0,7,408470,3382515,488,0,7,-91.32,504,85.0,-115.0,143.0034964607509,1,83.53076560994816,-16,9,3,6.384009134310503
328,2533201,408385.0,3382630.0,17,60,6,3,2585.0,9.2,487,0,7,408680,3382725,486,0,6,-106.0,504,295.0,95.0,309.9193443462347,-1,12.149681697783194,-18,9,3,3.3239833391155003
329,2533201,408385.0,3382630.0,17,60,6,3,2585.0,9.2,487,0,7,408645,3382770,486,0,5,-100.67,504,260.0,140.0,295.296461204668,-1,1.6992442339936247,-18,9,3,3.48818790171055
330,2533201,408385.0,3382630.0,17,60,6,3,2585.0,9.2,487,0,7,408555,3382600,487,0,7,-83.67,504,170.0,-30.0,172.6267650163207,0,40.007979801441365,-17,9,3,5.624259615914248
331,2533201,408385.0,3382630.0,17,60,6,3,2585.0,9.2,487,0,7,408405,3382530,488,0,7,-96.31,504,20.0,-100.0,101.9803902718557,1,108.69006752597977,-16,9,3,8.916613659613638
332,2533201,408385.0,3382630.0,17,60,6,3,2585.0,9.2,487,0,7,408460,3382505,488,0,7,-90.03,504,75.0,-125.0,145.7737973711325,1,89.03624346792651,-16,9,3,6.263660281849493
333,2533201,408385.0,3382630.0,17,60,6,3,2585.0,9.2,487,0,7,408465,3382510,488,0,7,-90.47,504,80.0,-120.0,144.22205101855957,1,86.30993247402023,-16,9,3,6.330509401162716
334,2533201,408385.0,3382630.0,17,60,6,3,2585.0,9.2,487,0,7,408545,3382590,487,0,7,-95.5,504,160.0,-40.0,164.92422502470643,0,44.03624346792651,-17,9,3,5.885129333686066
335,2533201,408385.0,3382630.0,17,60,6,3,2585.0,9.2,487,0,7,408650,3382775,486,0,5,-104.6,504,265.0,145.0,302.0761493398643,-1,1.3138524262605529,-18,9,3,3.4100871313380052
336,2533201,408385.0,3382630.0,17,60,6,3,2585.0,9.2,487,0,7,408475,3382520,488,0,7,-85.6,504,90.0,-110.0,142.12670403551894,1,80.7105931374997,-16,9,3,6.423064524005595
337,2533201,408385.0,3382630.0,17,60,6,3,2585.0,9.2,487,0,7,408400,3382525,488,0,6,-93.74,504,15.0,-105.0,106.06601717798213,1,111.86989764584405,-16,9,3,8.578358404883183
338,2533201,408385.0,3382630.0,17,60,6,3,2585.0,9.2,487,0,7,408410,3382535,488,0,7,-95.38,504,25.0,-95.0,98.2344135219425,1,105.25643716352931,-16,9,3,9.250857865980652
339,2533201,408385.0,3382630.0,17,60,6,3,2585.0,9.2,487,0,7,408710,3382755,487,0,7,-102.14,504,325.0,125.0,348.209706929603,0,8.962488974578207,-17,9,3,2.795026876228494
340,2533201,408385.0,3382630.0,17,60,6,3,2585.0,9.2,487,0,7,408715,3382760,487,0,7,-99.67,504,330.0,130.0,354.682957019364,0,8.49856567595208,-17,9,3,2.7440940744062314
341,2533201,408385.0,3382630.0,17,60,6,3,2585.0,9.2,487,0,7,408640,3382765,486,0,5,-101.4,504,255.0,135.0,288.5307609250702,-1,2.1027289690523503,-18,9,3,3.569772628929599
342,2533201,408385.0,3382630.0,17,60,6,3,2585.0,9.2,487,0,7,408900,3381580,485,0,5,-115.92,504,515.0,-1050.0,1169.4977554488935,-2,93.87314891764925,-19,9,3,0.930761981683412
343,2533201,408385.0,3382630.0,17,60,6,3,2585.0,9.2,487,0,7,408905,3381575,485,0,5,-114.0,504,520.0,-1055.0,1176.190885868446,-2,93.76172729212328,-19,9,3,0.9254663916517474
344,2533201,408385.0,3382630.0,17,60,6,3,2585.0,9.2,487,0,7,410790,3380040,481,0,5,-108.0,504,2405.0,-2590.0,3534.420037290418,-6,77.12109639666141,-23,9,3,0.37284315781497945
345,2533201,408385.0,3382630.0,17,60,6,3,2585.0,9.2,487,0,7,408290,3382580,485,0,7,-104.0,504,-95.0,-50.0,107.35455276791944,-2,182.24145939893998,-19,9,3,10.03648545605312
346,2533201,408385.0,3382630.0,17,60,6,3,2585.0,9.2,487,0,7,409075,3382750,484,0,2,-95.0,504,690.0,120.0,700.3570517957252,-3,20.13419305691565,-20,9,3,1.6357431452091395
347,2533201,408385.0,3382630.0,17,60,6,3,2585.0,9.2,487,0,7,409065,3382760,484,0,2,-94.5,504,680.0,130.0,692.314957226839,-3,19.176988773792914,-20,9,3,1.6547338217413532
348,2533201,408385.0,3382630.0,17,60,6,3,2585.0,9.2,487,0,7,409165,3383020,487,0,7,-108.67,504,780.0,390.0,872.066511224918,0,3.434948822922024,-17,9,3,1.1167782343775097
349,2533201,408385.0,3382630.0,17,60,6,3,2585.0,9.2,487,0,7,408715,3381905,488,0,7,-101.2,504,330.0,-725.0,796.5707752610562,1,95.52628118095538,-16,9,3,1.1506940059124597
350,2533201,408385.0,3382630.0,17,60,6,3,2585.0,9.2,487,0,7,408875,3382065,488,0,7,-103.0,504,490.0,-565.0,747.8803380220662,1,79.06631877480595,-16,9,3,1.2255873070273204
351,2533201,408385.0,3382630.0,17,60,6,3,2585.0,9.2,487,0,7,408615,3382610,487,0,7,-88.0,504,230.0,-20.0,230.8679276123039,0,34.96974072811031,-17,9,3,4.211384093460078
352,2533201,408385.0,3382630.0,17,60,6,3,2585.0,9.2,487,0,7,408580,3382595,487,0,7,-87.67,504,195.0,-35.0,198.11612756158948,0,40.175510843043185,-17,9,3,4.904437418333336
353,2533201,408385.0,3382630.0,17,60,6,3,2585.0,9.2,487,0,7,408655,3382810,486,0,5,-104.5,504,270.0,180.0,324.49961479175903,-1,-3.690067525979771,-18,9,3,3.17494432830295
354,2533201,408385.0,3382630.0,17,60,6,3,2585.0,9.2,487,0,7,408360,3382535,487,0,7,-95.6,504,-25.0,-95.0,98.2344135219425,0,134.74356283647072,-17,9,3,9.818105739737042
355,2533201,408385.0,3382630.0,17,60,6,3,2585.0,9.2,487,0,7,408755,3382750,488,0,7,-100.0,504,370.0,120.0,388.9730067755345,1,12.030860259842996,-16,9,3,2.3554743969162293
356,2533201,408385.0,3382630.0,17,60,6,3,2585.0,9.2,487,0,7,408745,3382760,487,0,7,-98.86,504,360.0,130.0,382.7531841800928,0,10.144785630678939,-17,9,3,2.543123249363108
357,2533201,408385.0,3382630.0,17,60,6,3,2585.0,9.2,487,0,7,408790,3382785,488,0,7,-102.67,504,405.0,155.0,433.64732214093056,1,9.05734945001177,-16,9,3,2.1130461783075596
358,2533201,408385.0,3382630.0,17,60,6,3,2585.0,9.2,487,0,7,408585,3382600,487,0,7,-82.33,504,200.0,-30.0,202.23748416156684,0,38.53076560994816,-17,9,3,4.804963665975187
359,2533201,408385.0,3382630.0,17,60,6,3,2585.0,9.2,487,0,7,408650,3382805,486,0,5,-101.0,504,265.0,175.0,317.56889016400834,-1,-3.439869205782202,-18,9,3,3.244088904850584
360,2533201,408385.0,3382630.0,17,60,6,3,2585.0,9.2,487,0,7,408610,3382605,487,0,7,-88.0,504,225.0,-25.0,226.38462845343543,0,36.34019174590992,-17,9,3,4.294476933846017
361,2533201,408385.0,3382630.0,17,60,6,3,2585.0,9.2,487,0,7,408740,3382755,487,0,7,-97.5,504,355.0,125.0,376.36418533117626,0,10.602187551441773,-17,9,3,2.586236103834976
362,2533201,408385.0,3382630.0,17,60,6,3,2585.0,9.2,487,0,7,408365,3382540,487,0,7,-99.75,504,-20.0,-90.0,92.19544457292888,0,132.52880770915152,-17,9,3,10.44746989776266
363,2533201,408385.0,3382630.0,17,60,6,3,2585.0,9.2,487,0,7,408740,3382630,487,0,7,-81.0,504,355.0,0.0,355.0,0,30.0,-17,9,3,2.741647122960003
364,2533201,408385.0,3382630.0,17,60,6,3,2585.0,9.2,487,0,7,409040,3382290,487,0,7,-93.0,504,655.0,-340.0,737.9871272590058,0,57.43310262682354,-17,9,3,1.319611121052269
365,2533201,408385.0,3382630.0,17,60,6,3,2585.0,9.2,487,0,7,408695,3382655,486,0,7,-84.0,504,310.0,25.0,311.0064308016797,-1,25.38935068133941,-18,9,3,3.312390661718337
366,2533201,408385.0,3382630.0,17,60,6,3,2585.0,9.2,487,0,7,408770,3382580,486,0,7,-80.0,504,385.0,-50.0,388.2331773560833,-1,37.3995946598871,-18,9,3,2.654554173726196
367,2533201,408385.0,3382630.0,17,60,6,3,2585.0,9.2,487,0,7,408720,3382610,487,0,7,-80.71,504,335.0,-20.0,335.5964838909967,0,33.416588191771325,-17,9,3,2.8999004689106673
368,2533201,408385.0,3382630.0,17,60,6,3,2585.0,9.2,487,0,7,408915,3382475,487,0,7,-105.0,504,530.0,-155.0,552.2001448750262,0,46.30170834430737,-17,9,3,1.763347431299424
369,2533201,408385.0,3382630.0,17,60,6,3,2585.0,9.2,487,0,7,409110,3382280,486,0,6,-103.5,504,725.0,-350.0,805.0621094052309,-1,55.7693276243387,-18,9,3,1.2808356231515394
370,2533201,408385.0,3382630.0,17,60,6,3,2585.0,9.2,487,0,7,409005,3382325,486,0,7,-98.75,504,620.0,-305.0,690.9594778277523,-1,56.19420988624995,-18,9,3,1.4922594736893684
371,2533201,408385.0,3382630.0,17,60,6,3,2585.0,9.2,487,0,7,408805,3382525,486,0,7,-94.67,504,420.0,-105.0,432.92609068985433,-1,44.03624346792651,-18,9,3,2.3808460351171017
372,2533201,408385.0,3382630.0,17,60,6,3,2585.0,9.2,487,0,7,408855,3382495,485,0,7,-102.2,504,470.0,-135.0,489.004089962446,-2,46.02586744844973,-19,9,3,2.2250785006296345
373,2533201,408385.0,3382630.0,17,60,6,3,2585.0,9.2,487,0,7,408760,3382570,486,0,7,-77.0,504,375.0,-60.0,379.7696670351649,-1,39.090276920822305,-18,9,3,2.7136258465492635
374,2533201,408385.0,3382630.0,17,60,6,3,2585.0,9.2,487,0,7,409060,3382310,487,0,7,-92.5,504,675.0,-320.0,747.010709427917,0,55.36441719555296,-17,9,3,1.303676296184724
375,2533201,408385.0,3382630.0,17,60,6,3,2585.0,9.2,487,0,7,409000,3382330,486,0,7,-93.2,504,615.0,-300.0,684.2696836774226,-1,56.00334584451144,-18,9,3,1.5068419236765722
376,2533201,408385.0,3382630.0,17,60,6,3,2585.0,9.2,487,0,7,409055,3382295,487,0,7,-96.33,504,670.0,-335.0,749.0827724624296,0,56.565051177077976,-17,9,3,1.300071392724188
377,2533201,408385.0,3382630.0,17,60,6,3,2585.0,9.2,487,0,7,408690,3382660,486,0,7,-89.67,504,305.0,30.0,306.4718584144391,-1,24.382419409873194,-18,9,3,3.361289396417888
378,2533201,408385.0,3382630.0,17,60,6,3,2585.0,9.2,487,0,7,408765,3382565,486,0,7,-89.0,504,380.0,-65.0,385.5191305240247,-1,39.70665240933971,-18,9,3,2.6732151671310524
379,2533201,408385.0,3382630.0,17,60,6,3,2585.0,9.2,487,0,7,408910,3382480,486,0,7,-97.0,504,525.0,-150.0,546.0082416960389,-1,45.94539590092285,-18,9,3,1.888159526205407
380,2533201,408385.0,3382630.0,17,60,6,3,2585.0,9.2,487,0,7,408840,3382490,485,0,7,-111.83,504,455.0,-140.0,476.0514678057405,-2,47.10272896905235,-19,9,3,2.285556081358294
381,2533201,408385.0,3382630.0,17,60,6,3,2585.0,9.2,487,0,7,408725,3382605,487,0,7,-81.17,504,340.0,-25.0,340.91787867461574,0,34.20535700170859,-17,9,3,2.854711323740293
382,2533201,408385.0,3382630.0,17,60,6,3,2585.0,9.2,487,0,7,408800,3382530,486,0,7,-96.71,504,415.0,-100.0,426.8782027698299,-1,43.54793898800051,-18,9,3,2.4145375354620424
383,2533201,408385.0,3382630.0,17,60,6,3,2585.0,9.2,487,0,7,408375,3382415,488,0,6,-90.0,504,-10.0,-215.0,215.23243250030885,1,122.66300076606714,-16,9,3,4.251447444061089
384,2533201,408385.0,3382630.0,17,60,6,3,2585.0,9.2,487,0,7,408450,3382500,489,0,7,-89.0,504,65.0,-130.0,145.34441853748632,2,93.43494882292202,-15,9,3,5.892244083384706
385,2533201,408385.0,3382630.0,17,60,6,3,2585.0,9.2,487,0,7,408480,3382610,488,0,7,-97.0,504,95.0,-20.0,97.082439194738,1,41.88865803962801,-16,9,3,9.358697002098447
386,2533201,408385.0,3382630.0,17,60,6,3,2585.0,9.2,487,0,7,408555,3382595,487,0,7,-79.67,504,170.0,-35.0,173.5655495770978,0,41.63363399894047,-17,9,3,5.594032489342781
387,2533201,408385.0,3382630.0,17,60,6,3,2585.0,9.2,487,0,7,408645,3382765,486,0,5,-100.6,504,260.0,135.0,292.95904150580503,-1,2.5602720518006663,-18,9,3,3.51594941623288
388,2533201,408385.0,3382630.0,17,60,6,3,2585.0,9.2,487,0,7,408715,3382755,487,0,7,-98.0,504,330.0,125.0,352.8809997718778,0,9.253919724316575,-17,9,3,2.758084978836588
389,2533201,408385.0,3382630.0,17,60,6,3,2585.0,9.2,487,0,7,408710,3382760,487,0,6,-99.0,504,325.0,130.0,350.03571246374275,0,8.198590513648185,-17,9,3,2.780469205894402
390,2533201,408385.0,3382630.0,17,60,6,3,2585.0,9.2,487,0,7,408655,3382775,486,0,5,-102.67,504,270.0,145.0,306.4718584144391,-1,1.7625544618327353,-18,9,3,3.361289396417888
391,2533201,408385.0,3382630.0,17,60,6,3,2585.0,9.2,487,0,7,408440,3382490,489,0,7,-93.0,504,55.0,-140.0,150.41608956491322,2,98.5522636728947,-15,9,3,5.694900148402114
392,2533201,408385.0,3382630.0,17,60,6,3,2585.0,9.2,487,0,7,408550,3382600,487,0,7,-80.5,504,165.0,-30.0,167.70509831248424,0,40.304846468766016,-17,9,3,5.788210695629719
393,2533201,408385.0,3382630.0,17,60,6,3,2585.0,9.2,487,0,7,408460,3382510,488,0,7,-89.72,504,75.0,-120.0,141.50971698084905,1,87.99461679191654,-16,9,3,6.450833741628758
394,2533201,408385.0,3382630.0,17,60,6,3,2585.0,9.2,487,0,7,408465,3382505,488,0,7,-88.87,504,80.0,-125.0,148.4082207965583,1,87.38075692880716,-16,9,3,6.153333410434629
395,2533201,408385.0,3382630.0,17,60,6,3,2585.0,9.2,487,0,7,408400,3382530,488,0,6,-92.93,504,15.0,-100.0,101.11874208078342,1,111.46923439005184,-16,9,3,8.991357301052103
396,2533201,408385.0,3382630.0,17,60,6,3,2585.0,9.2,487,0,7,408410,3382540,488,0,7,-96.13,504,25.0,-90.0,93.40770846134703,1,104.47588900324581,-16,9,3,9.719980858790157
397,2533201,408385.0,3382630.0,17,60,6,3,2585.0,9.2,487,0,7,408475,3382515,488,0,7,-88.87,504,90.0,-115.0,146.03081866510234,1,81.95295746817396,-16,9,3,6.252723334528181
398,2533201,408385.0,3382630.0,17,60,6,3,2585.0,9.2,487,0,7,408455,3382495,489,0,7,-101.83,504,70.0,-135.0,152.0690632574555,2,92.59242456218158,-15,9,3,5.633397563110582
399,2533201,408385.0,3382630.0,17,60,6,3,2585.0,9.2,487,0,7,408405,3382525,488,0,6,-94.78,504,20.0,-105.0,106.88779163215975,1,109.2157021324374,-16,9,3,8.513376393793
400,2533201,408385.0,3382630.0,17,60,6,3,2585.0,9.2,487,0,7,408650,3382780,486,0,5,-101.5,504,265.0,150.0,304.50779957170226,-1,0.4885014429096941,-18,9,3,3.3829193412768657
401,2533201,408385.0,3382630.0,17,60,6,3,2585.0,9.2,487,0,7,408415,3382535,488,0,7,-95.29,504,30.0,-95.0,99.62429422585637,1,102.47443162627712,-16,9,3,9.123982848531828
402,2533201,408385.0,3382630.0,17,60,6,3,2585.0,9.2,487,0,7,408470,3382520,488,0,7,-87.95,504,85.0,-110.0,139.01438774457844,1,82.30575953331083,-16,9,3,6.565624954434133
403,2533201,408385.0,3382630.0,17,60,6,3,2585.0,9.2,487,0,7,408755,3382875,488,0,7,-98.0,504,370.0,245.0,443.7623237725348,1,-3.5110187978407907,-16,9,3,2.064924140298404
404,2533201,408385.0,3382630.0,17,60,6,3,2585.0,9.2,487,0,7,408640,3382770,486,0,5,-102.5,504,255.0,140.0,290.90376415577714,-1,1.2323506611562038,-18,9,3,3.540727135696452
405,2533201,408385.0,3382630.0,17,60,6,3,2585.0,9.2,487,0,7,408705,3382745,487,0,7,-103.5,504,320.0,115.0,340.03676271838606,0,10.232831323208359,-17,9,3,2.862096274747645
406,2533201,408385.0,3382630.0,17,60,6,3,2585.0,9.2,487,0,7,408170,3382405,481,0,6,-103.5,504,-215.0,-225.0,311.20732639190874,-6,163.69804732742114,-23,9,3,4.226801061135729
407,2533201,408385.0,3382630.0,17,60,6,3,2585.0,9.2,487,0,7,408165,3382420,481,0,6,-95.5,504,-220.0,-210.0,304.138126514911,-6,166.33221985386965,-23,9,3,4.3246777140509165
408,2533201,408385.0,3382630.0,17,60,6,3,2585.0,9.2,487,0,7,410815,3380050,481,0,5,-100.75,504,2430.0,-2580.0,3544.192432698879,-6,76.71493019552656,-23,9,3,0.37181514694948603
409,2533201,408385.0,3382630.0,17,60,6,3,2585.0,9.2,487,0,7,408790,3382345,485,0,2,-94.0,504,405.0,-285.0,495.22722057657535,-2,65.13419305691565,-19,9,3,2.1971452682048622
410,2533201,408385.0,3382630.0,17,60,6,3,2585.0,9.2,487,0,7,408725,3382380,486,0,7,-88.5,504,340.0,-250.0,422.0189569201839,-1,66.3268259521202,-18,9,3,2.4423057312059053
411,2533201,408385.0,3382630.0,17,60,6,3,2585.0,9.2,487,0,7,408740,3382395,486,0,6,-85.69,504,355.0,-235.0,425.73465914816,-1,63.5034369824142,-18,9,3,2.4210153918363426
412,2533201,408385.0,3382630.0,17,60,6,3,2585.0,9.2,487,0,7,408745,3382400,486,0,7,-86.32,504,360.0,-230.0,427.20018726587654,-1,62.57405713457251,-18,9,3,2.412719828939824
413,2533201,408385.0,3382630.0,17,60,6,3,2585.0,9.2,487,0,7,408750,3382385,485,0,7,-88.36,504,365.0,-245.0,439.6020928066653,-2,63.87081071038881,-19,9,3,2.474835136454518
414,2533201,408385.0,3382630.0,17,60,6,3,2585.0,9.2,487,0,7,408755,3382390,485,0,6,-86.76,504,370.0,-240.0,441.02154142399894,-2,62.96940390346214,-19,9,3,2.4668796189924427
415,2533201,408385.0,3382630.0,17,60,6,3,2585.0,9.2,487,0,7,408825,3382680,487,9,7,-103.0,504,440.0,50.0,442.83179650969055,0,23.51692630710278,-17,9,3,2.1984649580347306
416,2533201,408385.0,3382630.0,17,60,6,3,2585.0,9.2,487,0,7,408820,3382675,487,9,7,-99.8,504,435.0,45.0,437.3213921133975,0,24.093858886229498,-17,9,3,2.2261386979733446
417,2533201,408385.0,3382630.0,17,60,6,3,2585.0,9.2,487,0,7,408805,3382660,487,0,7,-98.67,504,420.0,30.0,421.070065428546,0,25.914383220025115,-17,9,3,2.3119656911836826
418,2533201,408385.0,3382630.0,17,60,6,3,2585.0,9.2,487,0,7,408750,3382425,486,0,7,-85.57,504,365.0,-205.0,418.6287137786896,-1,59.32047587758075,-18,9,3,2.462060377347832
419,2533201,408385.0,3382630.0,17,60,6,3,2585.0,9.2,487,0,7,408735,3382410,486,0,7,-84.25,504,350.0,-220.0,413.40053217188773,-1,62.152295141282366,-18,9,3,2.4931584449073396
420,2533201,408385.0,3382630.0,17,60,6,3,2585.0,9.2,487,0,7,408815,3382650,486,0,2,-95.57,504,430.0,20.0,430.4648650006177,-1,27.33699923393283,-18,9,3,2.3944429600931296
421,2533201,408385.0,3382630.0,17,60,6,3,2585.0,9.2,487,0,7,408830,3382665,486,9,7,-95.67,504,445.0,35.0,446.37428241331287,-1,25.502848385332243,-18,9,3,2.3091956802822002
422,2533201,408385.0,3382630.0,17,60,6,3,2585.0,9.2,487,0,7,408720,3382415,486,0,7,-82.46,504,335.0,-215.0,398.05778474990285,-1,62.69198418257207,-18,9,3,2.5891264492790835
423,2533201,408385.0,3382630.0,17,60,6,3,2585.0,9.2,487,0,7,408730,3382405,486,0,7,-84.66,504,345.0,-225.0,411.8859065323794,-1,63.111341960372044,-18,9,3,2.5023148896104748
424,2533201,408385.0,3382630.0,17,60,6,3,2585.0,9.2,487,0,7,408725,3382420,486,0,7,-80.51,504,340.0,-210.0,399.6248240537617,-1,61.70142966950573,-18,9,3,2.5789875040927925
425,2533201,408385.0,3382630.0,17,60,6,3,2585.0,9.2,487,0,7,409135,3382710,484,0,2,-92.5,504,750.0,80.0,754.2545989253231,-3,23.91147184580484,-20,9,3,1.5189130254112444
426,2533201,408385.0,3382630.0,17,60,6,3,2585.0,9.2,487,0,7,409120,3382715,484,0,7,-92.0,504,735.0,85.0,739.8986417070922,-3,23.403261702105794,-20,9,3,1.5483696769843258
427,2533201,408385.0,3382630.0,17,60,6,3,2585.0,9.2,487,0,7,408680,3382195,486,0,7,-86.67,504,295.0,-435.0,525.594901040716,-1,85.85641334806223,-18,9,3,1.9614366812289015
428,2533201,408385.0,3382630.0,17,60,6,3,2585.0,9.2,487,0,7,409185,3382660,483,0,7,-89.5,504,800.0,30.0,800.5623023850173,-4,27.8524145717015,-21,9,3,1.5026132326624275
429,2533201,408385.0,3382630.0,17,60,6,3,2585.0,9.2,487,0,7,408845,3382360,485,0,7,-91.77,504,460.0,-270.0,533.3854141237834,-2,60.41108126712538,-19,9,3,2.0401002443903895
430,2533201,408385.0,3382630.0,17,60,6,3,2585.0,9.2,487,0,7,408830,3382365,485,0,7,-91.58,504,445.0,-265.0,517.9285665031424,-2,60.774036101248214,-19,9,3,2.1009303886437585
431,2533201,408385.0,3382630.0,17,60,6,3,2585.0,9.2,487,0,7,408690,3382185,486,0,7,-92.0,504,305.0,-445.0,539.4905003797564,-1,85.57352341856097,-18,9,3,1.9109541173359037
432,2533201,408385.0,3382630.0,17,60,6,3,2585.0,9.2,487,0,7,408815,3382390,485,0,7,-88.0,504,430.0,-240.0,492.44289008980525,-2,59.1676133795778,-19,9,3,2.2095559094980777
433,2533201,408385.0,3382630.0,17,60,6,3,2585.0,9.2,487,0,7,408800,3382395,485,0,7,-86.27,504,415.0,-235.0,476.9171835864168,-2,59.521361834581626,-19,9,3,2.281411652522009
434,2533201,408385.0,3382630.0,17,60,6,3,2585.0,9.2,487,0,7,408700,3382175,486,0,7,-97.5,504,315.0,-455.0,553.3985905294663,-1,85.30484646876607,-18,9,3,1.862962031337379
435,2533201,408385.0,3382630.0,17,60,6,3,2585.0,9.2,487,0,7,408685,3382200,486,0,7,-93.5,504,300.0,-430.0,524.3090691567331,-1,85.09750438407531,-18,9,3,1.966243198441468
436,2533201,408385.0,3382630.0,17,60,6,3,2585.0,9.2,487,0,7,408840,3382355,485,0,7,-92.7,504,455.0,-275.0,531.6483800407935,-2,61.14858098619504,-19,9,3,2.046760124622408
437,2533201,408385.0,3382630.0,17,60,6,3,2585.0,9.2,487,0,7,408835,3382370,485,0,7,-92.68,504,450.0,-260.0,519.7114584074513,-2,60.018367427609064,-19,9,3,2.093729484564138
438,2533201,408385.0,3382630.0,17,60,6,3,2585.0,9.2,487,0,7,408825,3382380,485,0,6,-89.35,504,440.0,-250.0,506.06323715519983,-2,59.604450746004886,-19,9,3,2.1501438058274718
439,2533201,408385.0,3382630.0,17,60,6,3,2585.0,9.2,487,0,7,408805,3382400,485,0,7,-86.47,504,420.0,-230.0,478.85279575251514,-2,58.70595254340111,-19,9,3,2.272199447233022
440,2533201,408385.0,3382630.0,17,60,6,3,2585.0,9.2,487,0,7,408820,3382375,485,0,7,-91.47,504,435.0,-255.0,504.23208941914834,-2,60.37912601136833,-19,9,3,2.1579448075193373
441,2533201,408385.0,3382630.0,17,60,6,3,2585.0,9.2,487,0,7,408855,3382350,485,0,2,-93.59,504,470.0,-280.0,547.0831746635972,-2,60.78414652632648,-19,9,3,1.9890621734727967
442,2533201,408385.0,3382630.0,17,60,6,3,2585.0,9.2,487,0,7,408850,3382345,485,0,2,-91.86,504,465.0,-285.0,545.3897688809353,-2,61.504266719204225,-19,9,3,1.9952331201397155
443,2533201,408385.0,3382630.0,17,60,6,3,2585.0,9.2,487,0,7,408865,3382340,485,0,2,-91.6,504,480.0,-290.0,560.8029957123981,-2,61.13897243697886,-19,9,3,1.940438229218792
444,2533201,408385.0,3382630.0,17,60,6,3,2585.0,9.2,487,0,7,408810,3382385,485,0,7,-89.2,504,425.0,-245.0,490.5609034564414,-2,59.962184096417786,-19,9,3,2.2180241941457655
445,2533201,408385.0,3382630.0,17,60,6,3,2585.0,9.2,487,0,7,408290,3382670,487,0,6,-108.5,504,-95.0,40.0,103.07764064044152,0,232.83365417791754,-17,9,3,9.36515852576206
446,2533201,408385.0,3382630.0,17,60,6,3,2585.0,9.2,487,0,7,408205,3382595,484,0,5,-99.5,504,-180.0,-35.0,183.3712082089225,-3,198.9964591482505,-20,9,3,6.22455322985451
447,2533201,408385.0,3382630.0,17,60,6,3,2585.0,9.2,487,0,7,408515,3382480,488,0,7,-89.1,504,130.0,-150.0,198.4943324127921,1,79.08561677997488,-16,9,3,4.6084675948981895
448,2533201,408385.0,3382630.0,17,60,6,3,2585.0,9.2,487,0,7,408375,3382580,486,0,7,-97.0,504,-10.0,-50.0,50.99019513592785,-1,131.3099324740202,-18,9,3,19.44349251054738
449,2533201,408385.0,3382630.0,17,60,6,3,2585.0,9.2,487,0,7,408500,3382465,488,0,2,-88.5,504,115.0,-165.0,201.12185361118767,1,85.12467165539783,-16,9,3,4.548515376785447
450,2533201,408385.0,3382630.0,17,60,6,3,2585.0,9.2,487,0,7,408600,3382485,487,0,7,-73.88,504,215.0,-145.0,259.3260495977988,0,63.996459148250494,-17,9,3,3.7506319844998766
451,2533201,408385.0,3382630.0,17,60,6,3,2585.0,9.2,487,0,7,408555,3382440,488,0,2,-76.44,504,170.0,-190.0,254.95097567963924,1,78.17983011986428,-16,9,3,3.5910111760646792
452,2533201,408385.0,3382630.0,17,60,6,3,2585.0,9.2,487,0,7,408540,3382425,489,0,2,-86.25,504,155.0,-205.0,257.00194551792794,2,82.90716270295843,-15,9,3,3.3402968505459576
453,2533201,408385.0,3382630.0,17,60,6,3,2585.0,9.2,487,0,7,408765,3382970,488,0,7,-99.33,504,380.0,340.0,509.9019513592785,1,-11.82016988013578,-16,9,3,1.797270575433767
454,2533201,408385.0,3382630.0,17,60,6,3,2585.0,9.2,487,0,7,408535,3382420,489,0,7,-83.0,504,150.0,-210.0,258.0697580112788,2,84.46232220802563,-15,9,3,3.3265068418031922
455,2533201,408385.0,3382630.0,17,60,6,3,2585.0,9.2,487,0,7,408510,3382475,488,0,6,-89.0,504,125.0,-155.0,199.12307751739877,1,81.11550356628538,-16,9,3,4.593978419015675
456,2533201,408385.0,3382630.0,17,60,6,3,2585.0,9.2,487,0,7,408505,3382470,488,0,6,-90.0,504,120.0,-160.0,200.0,1,83.13010235415595,-16,9,3,4.573921259900861
457,2533201,408385.0,3382630.0,17,60,6,3,2585.0,9.2,487,0,7,408920,3382805,488,0,2,-96.6,504,535.0,175.0,562.8943062422998,1,11.886934192476701,-16,9,3,1.6281665835383647
458,2533201,408385.0,3382630.0,17,60,6,3,2585.0,9.2,487,0,7,408815,3382780,488,0,7,-103.75,504,430.0,150.0,455.411901469428,1,10.7693276243387,-16,9,3,2.012146729028231
459,2533201,408385.0,3382630.0,17,60,6,3,2585.0,9.2,487,0,7,408930,3382795,488,0,2,-103.0,504,545.0,165.0,569.4295391003175,1,13.15619144827258,-16,9,3,1.6094903156784208
460,2533201,408385.0,3382630.0,17,60,6,3,2585.0,9.2,487,0,7,408440,3382625,488,0,7,-101.0,504,55.0,-5.0,55.226805085936306,1,35.19442890773479,-16,9,3,16.157062945112855
461,2533201,408385.0,3382630.0,17,60,6,3,2585.0,9.2,487,0,7,408760,3382945,488,0,7,-104.0,504,375.0,315.0,489.74483151943525,1,-10.03025927188969,-16,9,3,1.8711918304608648
462,2533201,408385.0,3382630.0,17,60,6,3,2585.0,9.2,487,0,7,408770,3382955,488,0,7,-114.0,504,385.0,325.0,503.8352905464245,1,-10.169580041710049,-16,9,3,1.8188969890265585
463,2533201,408385.0,3382630.0,17,60,6,3,2585.0,9.2,487,0,7,408470,3382615,488,0,7,-91.33,504,85.0,-15.0,86.31338250816034,1,40.007979801441365,-16,9,3,10.501771341894049
464,2533201,408385.0,3382630.0,17,60,6,3,2585.0,9.2,487,0,7,408480,3382505,488,0,7,-86.88,504,95.0,-125.0,157.00318468107582,1,82.76516601842536,-16,9,3,5.818853678268906
465,2533201,408385.0,3382630.0,17,60,6,3,2585.0,9.2,487,0,7,408505,3382490,488,0,7,-86.1,504,120.0,-140.0,184.39088914585776,1,79.39870535499551,-16,9,3,4.959258000229005
466,2533201,408385.0,3382630.0,17,60,6,3,2585.0,9.2,487,0,7,408465,3382610,488,0,7,-99.0,504,80.0,-20.0,82.46211251235322,1,44.03624346792651,-16,9,3,10.980575427612159
467,2533201,408385.0,3382630.0,17,60,6,3,2585.0,9.2,487,0,7,408515,3382500,488,0,7,-81.3,504,130.0,-130.0,183.84776310850236,1,75.0,-16,9,3,4.973835334057814
468,2533201,408385.0,3382630.0,17,60,6,3,2585.0,9.2,487,0,7,408610,3382475,487,0,7,-72.35,504,225.0,-155.0,273.22152184628504,0,64.56252464888183,-17,9,3,3.5603864799794858
469,2533201,408385.0,3382630.0,17,60,6,3,2585.0,9.2,487,0,7,408955,3382780,487,0,7,-100.33,504,570.0,150.0,589.406481131655,0,15.256437163529256,-17,9,3,1.6520997334107979
470,2533201,408385.0,3382630.0,17,60,6,3,2585.0,9.2,487,0,7,408935,3382800,488,0,2,-107.5,504,550.0,170.0,575.6735185849702,1,12.824096384253266,-16,9,3,1.5920421894536902
471,2533201,408385.0,3382630.0,17,60,6,3,2585.0,9.2,487,0,7,408620,3382445,488,0,7,-73.53,504,235.0,-185.0,299.0819285747636,1,68.21102542556122,-16,9,3,3.0622359318652896
472,2533201,408385.0,3382630.0,17,60,6,3,2585.0,9.2,487,0,7,408485,3382510,488,0,7,-87.44,504,100.0,-120.0,156.20499351813308,1,80.19442890773485,-16,9,3,5.848381828853836
473,2533201,408385.0,3382630.0,17,60,6,3,2585.0,9.2,487,0,7,408600,3382465,488,0,6,-70.53,504,215.0,-165.0,271.01660465735307,1,67.50414236027018,-16,9,3,3.3786477630863696
474,2533201,408385.0,3382630.0,17,60,6,3,2585.0,9.2,487,0,7,408590,3382415,489,0,2,-87.75,504,205.0,-215.0,297.06901555025894,2,76.36392753160294,-15,9,3,2.890599031152044
475,2533201,408385.0,3382630.0,17,60,6,3,2585.0,9.2,487,0,7,408570,3382435,488,0,2,-74.83,504,185.0,-195.0,268.79360111431225,1,76.50743575877493,-16,9,3,3.406524657639259
476,2533201,408385.0,3382630.0,17,60,6,3,2585.0,9.2,487,0,7,408630,3382455,487,0,6,-72.73,504,245.0,-175.0,301.0813843464919,0,65.53767779197437,-17,9,3,3.231668188413686
477,2533201,408385.0,3382630.0,17,60,6,3,2585.0,9.2,487,0,7,408625,3382450,488,0,7,-73.42,504,240.0,-180.0,300.0,1,66.86989764584405,-16,9,3,3.052882514792428
478,2533201,408385.0,3382630.0,17,60,6,3,2585.0,9.2,487,0,7,408605,3382470,487,0,7,-69.3,504,220.0,-160.0,272.02941017470886,0,66.0273733851036,-17,9,3,3.57594872669939
479,2533201,408385.0,3382630.0,17,60,6,3,2585.0,9.2,487,0,7,408490,3382515,488,0,7,-85.64,504,105.0,-115.0,155.72411502397438,1,77.60256220249983,-16,9,3,5.866315964567076
480,2533201,408385.0,3382630.0,17,60,6,3,2585.0,9.2,487,0,7,408495,3382520,488,0,6,-82.33,504,110.0,-110.0,155.56349186104046,1,75.0,-16,9,3,5.872330773859998
481,2533201,408385.0,3382630.0,17,60,6,3,2585.0,9.2,487,0,7,408635,3382460,487,0,7,-71.13,504,250.0,-170.0,302.32432915661946,0,64.2157021324374,-17,9,3,3.2184098317511514
482,2533201,408385.0,3382630.0,17,60,6,3,2585.0,9.2,487,0,7,408575,3382440,488,0,2,-75.79,504,190.0,-190.0,268.70057685088807,1,75.0,-16,9,3,3.407701219332158
483,2533201,408385.0,3382630.0,17,60,6,3,2585.0,9.2,487,0,7,408580,3382405,489,0,2,-80.5,504,195.0,-225.0,297.7414986191881,2,79.08561677997488,-15,9,3,2.8840813193288075
484,2533201,408385.0,3382630.0,17,60,6,3,2585.0,9.2,487,0,7,408585,3382410,489,0,2,-87.0,504,200.0,-220.0,297.3213749463701,2,77.72631099390628,-15,9,3,2.8881497143522115
485,2533201,408385.0,3382630.0,17,60,6,3,2585.0,9.2,487,0,7,408500,3382485,488,0,7,-87.29,504,115.0,-145.0,185.06755523321746,1,81.581944655178,-16,9,3,4.941215305563691
486,2533201,408385.0,3382630.0,17,60,6,3,2585.0,9.2,487,0,7,408510,3382495,488,0,6,-84.3,504,125.0,-135.0,183.98369492974098,1,77.20259816176582,-16,9,3,4.9701789522571875
487,2533201,408385.0,3382630.0,17,60,6,3,2585.0,9.2,487,0,7,408460,3382605,488,0,7,-93.5,504,75.0,-25.0,79.05694150420949,1,48.434948822922024,-16,9,3,11.44130905077799
488,2533201,408385.0,3382630.0,17,60,6,3,2585.0,9.2,487,0,7,408170,3382335,484,0,5,-101.5,504,-215.0,-295.0,365.0342449688796,-3,156.08507304285212,-20,9,3,3.136064724378615
489,2533201,408385.0,3382630.0,17,60,6,3,2585.0,9.2,487,0,7,408180,3382345,484,0,5,-101.17,504,-205.0,-285.0,351.0697936308392,-3,155.7273982227997,-20,9,3,3.260543499106328
490,2533201,408385.0,3382630.0,17,60,6,3,2585.0,9.2,487,0,7,408570,3380980,485,0,5,-113.0,504,185.0,-1650.0,1660.338820843505,-2,113.60264587247718,-19,9,3,0.6556326224854138
491,2533201,408385.0,3382630.0,17,60,6,3,2585.0,9.2,487,0,7,409120,3382760,483,0,7,-97.0,504,735.0,130.0,746.4080653369174,-4,19.969786680267134,-21,9,3,1.6115769690390387
492,2533201,408385.0,3382630.0,17,60,6,3,2585.0,9.2,487,0,7,408905,3381590,486,0,6,-117.0,504,520.0,-1040.0,1162.7553482998906,-1,93.43494882292202,-18,9,3,0.8868947889293165
493,2533201,408385.0,3382630.0,17,60,6,3,2585.0,9.2,487,0,7,408890,3381575,485,110,5,-112.86,504,505.0,-1055.0,1169.6366957307725,-2,94.42082095246678,-19,9,3,0.9306514366000946
494,2533201,408385.0,3382630.0,17,60,6,3,2585.0,9.2,487,0,7,408900,3381585,485,0,6,-115.38,504,515.0,-1045.0,1165.0107295643247,-2,93.76486329289628,-19,9,3,0.9343461668249229
495,2533201,408385.0,3382630.0,17,60,6,3,2585.0,9.2,487,0,7,408895,3381580,485,110,5,-114.5,504,510.0,-1050.0,1167.3045875006233,-2,94.09349200048564,-19,9,3,0.932510417562414
496,2533201,408385.0,3382630.0,17,60,6,3,2585.0,9.2,487,0,7,408765,3382730,488,0,7,-103.0,504,380.0,100.0,392.93765408777,1,15.256437163529256,-16,9,3,2.3317345872402826
497,2533201,408385.0,3382630.0,17,60,6,3,2585.0,9.2,487,0,7,408340,3382545,486,0,6,-98.5,504,-45.0,-85.0,96.17692030835673,-1,147.89727103094762,-18,9,3,10.600563253798075
498,2533201,408385.0,3382630.0,17,60,6,3,2585.0,9.2,487,0,7,408395,3382520,488,0,7,-99.5,504,10.0,-110.0,110.45361017187261,1,114.80557109226515,-16,9,3,8.242373354613559
499,2533201,408385.0,3382630.0,17,60,6,3,2585.0,9.2,487,0,7,408770,3382735,488,0,7,-100.33,504,385.0,105.0,399.06139878469827,1,14.744881296942253,-16,9,3,2.2959918489857674
500,2533201,408385.0,3382630.0,17,60,6,3,2585.0,9.2,487,0,7,408740,3382785,487,0,7,-98.11,504,355.0,155.0,387.36287896493127,0,6.4129694748717725,-17,9,3,2.512898607715115
501,2533201,408385.0,3382630.0,17,60,6,3,2585.0,9.2,487,0,7,408745,3382790,487,0,7,-101.22,504,360.0,160.0,393.9543120718442,0,6.03751102542185,-17,9,3,2.4709066833176117
502,2533201,408385.0,3382630.0,17,60,6,3,2585.0,9.2,487,0,7,408755,3382800,488,0,7,-103.0,504,370.0,170.0,407.18546143004664,1,5.3231368296629284,-16,9,3,2.2502303621555115
503,2533201,408385.0,3382630.0,17,60,6,3,2585.0,9.2,487,0,7,408750,3382795,487,0,7,-101.83,504,365.0,165.0,400.5621050473946,0,5.674424760873876,-17,9,3,2.4301951413345333
504,2533201,408385.0,3382630.0,17,60,6,3,2585.0,9.2,487,0,7,408730,3382775,487,0,7,-100.58,504,345.0,145.0,374.2325480232846,0,7.203478532057375,-17,9,3,2.6009471924595204
505,2533201,408385.0,3382630.0,17,60,6,3,2585.0,9.2,487,0,7,408665,3382870,486,0,5,-104.0,504,280.0,240.0,368.7817782917155,-1,-10.601294645004486,-18,9,3,2.7943522917136288
506,2533201,408385.0,3382630.0,17,60,6,3,2585.0,9.2,487,0,7,408390,3382515,488,0,7,-101.5,504,5.0,-115.0,115.10864433221339,1,117.51044707800088,-16,9,3,7.913358730686709
507,2533201,408385.0,3382630.0,17,60,6,3,2585.0,9.2,487,0,7,408735,3382780,487,0,7,-98.9,504,350.0,150.0,380.7886552931954,0,6.801409486351815,-17,9,3,2.556226132074341
508,2533201,408385.0,3382630.0,17,60,6,3,2585.0,9.2,487,0,7,408440,3382405,489,0,2,-106.5,504,55.0,-225.0,231.62469643800938,2,106.26373169437738,-15,9,3,3.705296848053604
509,2533201,408385.0,3382630.0,17,60,6,3,2585.0,9.2,487,0,7,408725,3382770,487,0,7,-101.36,504,340.0,140.0,367.6955262170047,0,7.619864948040458,-17,9,3,2.6471225563882936
510,2533201,408385.0,3382630.0,17,60,6,3,2585.0,9.2,487,0,7,408775,3382740,488,0,7,-101.0,504,390.0,110.0,405.2159917870962,1,14.248826336546983,-16,9,3,2.2611558229057245
511,2533201,408385.0,3382630.0,17,60,6,3,2585.0,9.2,487,0,7,408720,3382765,487,0,7,-97.0,504,335.0,135.0,361.178626167164,0,8.051300916472997,-17,9,3,2.6948159324765646
512,2533201,408385.0,3382630.0,17,60,6,3,2585.0,9.2,487,0,7,408345,3382550,486,0,7,-99.29,504,-40.0,-80.0,89.44271909999159,-1,146.565051177078,-18,9,3,11.378567244391915
513,2533201,408385.0,3382630.0,17,60,6,3,2585.0,9.2,487,0,7,408200,3382430,482,0,6,-106.0,504,-185.0,-200.0,272.44265451650557,-5,162.76882539196873,-22,9,3,4.616670685804015
514,2533201,408385.0,3382630.0,17,60,6,3,2585.0,9.2,487,0,7,409175,3383015,487,0,7,-99.0,504,790.0,385.0,878.8202319018378,0,4.018091837019881,-17,9,3,1.1081979585082895
515,2533201,408385.0,3382630.0,17,60,6,3,2585.0,9.2,487,0,7,408875,3382075,488,0,7,-99.0,504,490.0,-555.0,740.3546447480423,1,78.55926682128325,-16,9,3,1.2380415247178802
516,2533201,408385.0,3382630.0,17,60,6,3,2585.0,9.2,487,0,7,409060,3382750,484,0,2,-98.5,504,675.0,120.0,685.5836929215864,-3,19.91940201245768,-20,9,3,1.6709713238868917
517,2533201,408385.0,3382630.0,17,60,6,3,2585.0,9.2,487,0,7,408250,3382200,485,0,5,-106.33,504,-135.0,-430.0,450.6939094329987,-2,137.42986281766784,-19,9,3,2.414001088668248
518,2533201,408385.0,3382630.0,17,60,6,3,2585.0,9.2,487,0,7,408275,3382175,485,0,6,-108.0,504,-110.0,-455.0,468.10789354592174,-2,133.59094844784133,-19,9,3,2.324298727379157
519,2533201,408385.0,3382630.0,17,60,6,3,2585.0,9.2,487,0,7,408255,3382195,485,0,6,-101.17,504,-130.0,-435.0,454.00991178607546,-2,136.63880567042628,-19,9,3,2.3963903125016524
520,2533201,408385.0,3382630.0,17,60,6,3,2585.0,9.2,487,0,7,408250,3382215,486,0,6,-96.75,504,-135.0,-415.0,436.4057744805859,-1,138.01976928177714,-18,9,3,2.3618839314566853
521,2533201,408385.0,3382630.0,17,60,6,3,2585.0,9.2,487,0,7,408245,3382210,485,0,5,-106.25,504,-140.0,-420.0,442.7188724235731,-2,138.434948822922,-19,9,3,2.457433515544342
522,2533201,408385.0,3382630.0,17,60,6,3,2585.0,9.2,487,0,7,408255,3382220,486,0,6,-103.33,504,-130.0,-410.0,430.11626335213134,-1,137.59242456218158,-18,9,3,2.396381352401781
523,2533201,408385.0,3382630.0,17,60,6,3,2585.0,9.2,487,0,7,408270,3382235,486,0,6,-95.5,504,-115.0,-395.0,411.40004861448426,-1,136.2323506611562,-18,9,3,2.505266326782263
524,2533201,408385.0,3382630.0,17,60,6,3,2585.0,9.2,487,0,7,408510,3380955,485,0,5,-101.0,504,125.0,-1675.0,1679.6577032240825,-2,115.73210669970922,-19,9,3,0.6480923939916664
525,2533201,408385.0,3382630.0,17,60,6,3,2585.0,9.2,487,0,7,408890,3381705,485,0,5,-118.5,504,505.0,-925.0,1053.8738064872853,-2,91.36784560598676,-19,9,3,1.032857900605862
526,2533201,408385.0,3382630.0,17,60,6,3,2585.0,9.2,487,0,7,408470,3382420,489,0,2,-105.5,504,85.0,-210.0,226.55021518418383,2,97.96377305985459,-15,9,3,3.7880525103205986
527,2533201,408385.0,3382630.0,17,60,6,3,2585.0,9.2,487,0,7,408460,3382410,489,0,2,-107.0,504,75.0,-220.0,232.43278598338918,2,101.17528998175999,-15,9,3,3.692450494499174
528,2533201,408385.0,3382630.0,17,60,6,3,2585.0,9.2,487,0,7,408355,3382535,487,0,7,-98.33,504,-30.0,-95.0,99.62429422585637,0,137.52556837372288,-17,9,3,9.683742580929787
529,2533201,408385.0,3382630.0,17,60,6,3,2585.0,9.2,487,0,7,408745,3382765,487,0,7,-100.8,504,360.0,135.0,384.4801685392889,0,9.443954780416561,-17,9,3,2.5317151012861565
530,2533201,408385.0,3382630.0,17,60,6,3,2585.0,9.2,487,0,7,408765,3382745,488,0,7,-100.0,504,380.0,115.0,397.0201506221063,1,13.162527374323645,-16,9,3,2.3077837813254805
531,2533201,408385.0,3382630.0,17,60,6,3,2585.0,9.2,487,0,7,408740,3382770,487,0,7,-100.25,504,355.0,140.0,381.6084380618437,0,8.477399892092933,-17,9,3,2.5507420304869375
532,2533201,408385.0,3382630.0,17,60,6,3,2585.0,9.2,487,0,7,408760,3382750,488,0,7,-97.75,504,375.0,120.0,393.7321424522006,1,12.255328374943076,-16,9,3,2.3270346981393035
533,2533201,408385.0,3382630.0,17,60,6,3,2585.0,9.2,487,0,7,408655,3382875,486,0,7,-103.0,504,270.0,245.0,364.58880948268285,-1,-12.220833135927933,-18,9,3,2.8264370411785626
534,2533201,408385.0,3382630.0,17,60,6,3,2585.0,9.2,487,0,7,408370,3382520,487,0,7,-100.67,504,-15.0,-110.0,111.01801655587259,0,127.76516601842533,-17,9,3,8.705978847904722
535,2533201,408385.0,3382630.0,17,60,6,3,2585.0,9.2,487,0,7,408585,3382605,487,0,7,-83.0,504,200.0,-25.0,201.55644370746373,0,37.125016348901795,-17,9,3,4.821122792260605
536,2533201,408385.0,3382630.0,17,60,6,3,2585.0,9.2,487,0,7,408670,3382860,486,0,5,-107.0,504,285.0,230.0,366.23080154459973,-1,-8.904138455404166,-18,9,3,2.8137851506104608
537,2533201,408385.0,3382630.0,17,60,6,3,2585.0,9.2,487,0,7,408335,3382555,486,0,6,-93.75,504,-50.0,-75.0,90.13878188659973,-1,153.69006752597977,-18,9,3,11.292966996162274
538,2533201,408385.0,3382630.0,17,60,6,3,2585.0,9.2,487,0,7,408350,3382540,486,0,7,-95.2,504,-35.0,-90.0,96.56603957913983,-1,141.25050550713323,-18,9,3,10.558810026419948
539,2533201,408385.0,3382630.0,17,60,6,3,2585.0,9.2,487,0,7,408475,3382415,489,0,2,-104.67,504,90.0,-215.0,233.0772404161333,2,97.28558764683271,-15,9,3,3.6822690626108465
540,2533201,408385.0,3382630.0,17,60,6,3,2585.0,9.2,487,0,7,408320,3382550,485,0,7,-95.0,504,-65.0,-80.0,103.07764064044152,-2,159.0938588862295,-19,9,3,10.443933803708083
541,2533201,408385.0,3382630.0,17,60,6,3,2585.0,9.2,487,0,7,408780,3382730,488,0,7,-102.67,504,395.0,100.0,407.4616546375867,1,15.793233882239633,-16,9,3,2.2487066356970495
542,2533201,408385.0,3382630.0,17,60,6,3,2585.0,9.2,487,0,7,408465,3382405,489,0,2,-101.5,504,80.0,-225.0,238.79907872519107,2,100.42687416958984,-15,9,3,3.5942727405910846
543,2533201,408385.0,3382630.0,17,60,6,3,2585.0,9.2,487,0,7,408720,3382790,487,0,6,-96.67,504,335.0,160.0,371.24789561693143,0,4.470302009466934,-17,9,3,2.6218284804576504
544,2533201,408385.0,3382630.0,17,60,6,3,2585.0,9.2,487,0,7,408690,3382745,486,0,7,-102.0,504,305.0,115.0,325.96012026013244,-1,9.341089936692526,-18,9,3,3.16074749800371
545,2533201,408385.0,3382630.0,17,60,6,3,2585.0,9.2,487,0,7,408410,3382545,488,0,7,-98.0,504,25.0,-85.0,88.60022573334675,1,103.61045966596521,-16,9,3,10.236516844012204
546,2533201,408385.0,3382630.0,17,60,6,3,2585.0,9.2,487,0,7,408645,3382800,486,0,5,-103.0,504,260.0,170.0,310.64449134018133,-1,-3.1785116593927114,-18,9,3,3.316241400254981
547,2533201,408385.0,3382630.0,17,60,6,3,2585.0,9.2,487,0,7,408525,3382600,488,0,7,-88.75,504,140.0,-30.0,143.17821063276352,1,42.094757077012105,-16,9,3,6.376283203492619
548,2533201,408385.0,3382630.0,17,60,6,3,2585.0,9.2,487,0,7,408670,3382765,486,0,5,-101.67,504,285.0,135.0,315.35694062442957,-1,4.653824058053317,-18,9,3,3.2667942031563673
549,2533201,408385.0,3382630.0,17,60,6,3,2585.0,9.2,487,0,7,408710,3382725,487,0,7,-100.25,504,325.0,95.0,338.60005906674024,0,13.70595254340111,-17,9,3,2.874220028284271
550,2533201,408385.0,3382630.0,17,60,6,3,2585.0,9.2,487,0,7,408435,3382530,488,0,7,-93.55,504,50.0,-100.0,111.80339887498948,1,93.43494882292202,-16,9,3,8.144207136149896
551,2533201,408385.0,3382630.0,17,60,6,3,2585.0,9.2,487,0,7,408705,3382740,487,0,7,-101.5,504,320.0,110.0,338.3784863137726,0,11.029592191513473,-17,9,3,2.8760989300049746
552,2533201,408385.0,3382630.0,17,60,6,3,2585.0,9.2,487,0,7,408425,3382540,488,0,7,-95.25,504,40.0,-90.0,98.48857801796105,1,96.03751102542185,-16,9,3,9.227395818696502
553,2533201,408385.0,3382630.0,17,60,6,3,2585.0,9.2,487,0,7,408430,3382525,489,0,7,-92.5,504,45.0,-105.0,114.23659658795863,2,96.80140948635176,-15,9,3,7.480508891708272
554,2533201,408385.0,3382630.0,17,60,6,3,2585.0,9.2,487,0,7,408675,3382770,486,0,5,-100.5,504,290.0,140.0,322.02484376209236,-1,4.2306723756613,-18,9,3,3.1992933823730243
555,2533201,408385.0,3382630.0,17,60,6,3,2585.0,9.2,487,0,7,408660,3382775,486,0,5,-100.86,504,275.0,145.0,310.8858311341963,-1,2.198541220065863,-18,9,3,3.313672750383469
556,2533201,408385.0,3382630.0,17,60,6,3,2585.0,9.2,487,0,7,408450,3382505,489,0,7,-91.62,504,65.0,-125.0,140.8900280360537,2,92.52556837372288,-15,9,3,6.077160818208825
557,2533201,408385.0,3382630.0,17,60,6,3,2585.0,9.2,487,0,7,408445,3382520,488,0,7,-91.36,504,60.0,-110.0,125.29964086141668,1,91.38954033403479,-16,9,3,7.276940205640297
558,2533201,408385.0,3382630.0,17,60,6,3,2585.0,9.2,487,0,7,408680,3382755,486,0,7,-102.57,504,295.0,125.0,320.3903868720159,-1,7.036226940145468,-18,9,3,3.2155802680255117
559,2533201,408385.0,3382630.0,17,60,6,3,2585.0,9.2,487,0,7,408685,3382760,486,0,5,-97.67,504,300.0,130.0,326.9556544854363,-1,6.571307191254618,-18,9,3,3.1511428887897366
560,2533201,408385.0,3382630.0,17,60,6,3,2585.0,9.2,487,0,7,408455,3382510,488,0,7,-89.73,504,70.0,-120.0,138.92443989449805,1,89.74356283647069,-16,9,3,6.569838774188925
561,2533201,408385.0,3382630.0,17,60,6,3,2585.0,9.2,487,0,7,408440,3382515,489,0,7,-91.91,504,55.0,-115.0,127.47548783981962,2,94.44003482817618,-15,9,3,6.711115269369334
562,2533201,408385.0,3382630.0,17,60,6,3,2585.0,9.2,487,0,7,408650,3382785,486,0,5,-101.5,504,265.0,155.0,307.001628660175,-1,-0.3236068625499797,-18,9,3,3.3555023302692524
563,2533201,408385.0,3382630.0,17,60,6,3,2585.0,9.2,487,0,7,408750,3382845,487,0,7,-101.0,504,365.0,215.0,423.6153915995027,0,-0.4998332334474185,-17,9,3,2.2980890036404125
564,2533201,408385.0,3382630.0,17,60,6,3,2585.0,9.2,487,0,7,408460,3382495,489,0,7,-90.0,504,75.0,-135.0,154.434452114805,2,90.94539590092285,-15,9,3,5.547656273789921
565,2533201,408385.0,3382630.0,17,60,6,3,2585.0,9.2,487,0,7,408420,3382535,488,0,7,-97.0,504,35.0,-95.0,101.24228365658294,1,99.77514056883194,-16,9,3,8.980564462130223
566,2533201,408385.0,3382630.0,17,60,6,3,2585.0,9.2,487,0,7,408465,3382500,488,0,7,-93.44,504,80.0,-130.0,152.64337522473747,1,88.39249775375112,-16,9,3,5.983862802654128
567,2533201,408385.0,3382630.0,17,60,6,3,2585.0,9.2,487,0,7,408470,3382485,488,0,7,-97.75,504,85.0,-145.0,168.0773631397161,1,89.62087398863162,-16,9,3,5.437842952644721
568,2533201,408385.0,3382630.0,17,60,6,3,2585.0,9.2,487,0,7,408795,3382475,486,0,7,-103.33,504,410.0,-155.0,438.32065887886233,-1,50.70903759164901,-18,9,3,2.351577216192105
569,2533201,408385.0,3382630.0,17,60,6,3,2585.0,9.2,487,0,7,408825,3382665,486,9,7,-97.0,504,440.0,35.0,441.3898503590675,-1,25.4519575908746,-18,9,3,2.3352437584636343
570,2533201,408385.0,3382630.0,17,60,6,3,2585.0,9.2,487,0,7,408810,3382660,487,0,7,-99.5,504,425.0,30.0,426.0575078554537,0,25.962289379022877,-17,9,3,2.28493060405105
571,2533201,408385.0,3382630.0,17,60,6,3,2585.0,9.2,487,0,7,408820,3382670,486,9,7,-103.0,504,435.0,40.0,436.83520920365385,-1,24.746197248737758,-18,9,3,2.359564686146212
572,2533201,408385.0,3382630.0,17,60,6,3,2585.0,9.2,487,0,7,408740,3382430,486,0,7,-81.58,504,355.0,-200.0,407.4616546375867,-1,59.396052854943264,-18,9,3,2.5294501288349593
573,2533201,408385.0,3382630.0,17,60,6,3,2585.0,9.2,487,0,7,408730,3382420,486,0,7,-80.54,504,345.0,-210.0,403.8873605350878,-1,61.32869286780419,-18,9,3,2.5518056192727867
574,2533201,408385.0,3382630.0,17,60,6,3,2585.0,9.2,487,0,7,408725,3382405,486,0,7,-84.55,504,340.0,-225.0,407.7070026379238,-1,63.495184673741164,-18,9,3,2.5279299434661193
575,2533201,408385.0,3382630.0,17,60,6,3,2585.0,9.2,487,0,7,408815,3382655,486,0,7,-99.56,504,430.0,25.0,430.7261310856354,-1,26.672595758273417,-18,9,3,2.3929922487817783
576,2533201,408385.0,3382630.0,17,60,6,3,2585.0,9.2,487,0,7,408735,3382415,486,0,7,-83.68,504,350.0,-215.0,410.7614879708174,-1,61.56181184164939,-18,9,3,2.509155984184305
577,2533201,408385.0,3382630.0,17,60,6,3,2585.0,9.2,487,0,7,408720,3382410,486,0,7,-84.35,504,335.0,-220.0,400.7804885470349,-1,63.293563270846676,-18,9,3,2.571560901128544
578,2533201,408385.0,3382630.0,17,60,6,3,2585.0,9.2,487,0,7,408745,3382425,486,0,7,-81.59,504,360.0,-205.0,414.2764777295472,-1,59.65910923599512,-18,9,3,2.48789354515734
579,2533201,408385.0,3382630.0,17,60,6,3,2585.0,9.2,487,0,7,409205,3382245,486,0,7,-95.5,504,820.0,-385.0,905.883546599672,-1,55.150627965675824,-18,9,3,1.1383232842472413
580,2533201,408385.0,3382630.0,17,60,6,3,2585.0,9.2,487,0,7,408790,3382480,486,0,7,-99.5,504,405.0,-150.0,431.88540146663905,-1,50.32313682966293,-18,9,3,2.386576396221321
581,2533201,408385.0,3382630.0,17,60,6,3,2585.0,9.2,487,0,7,408685,3382395,487,0,7,-86.0,504,300.0,-235.0,381.08398024582453,0,68.07278187399083,-17,9,3,2.554247782927615
582,2533201,408385.0,3382630.0,17,60,6,3,2585.0,9.2,487,0,7,408680,3382400,487,0,7,-84.38,504,295.0,-230.0,374.0655022853618,0,67.94215335011893,-17,9,3,2.602107096536309
583,2533201,408385.0,3382630.0,17,60,6,3,2585.0,9.2,487,0,7,408710,3382370,486,0,2,-92.0,504,325.0,-260.0,416.20307543313515,-1,68.65980825409008,-18,9,3,2.476391494030698
584,2533201,408385.0,3382630.0,17,60,6,3,2585.0,9.2,487,0,7,408710,3382350,486,0,2,-93.0,504,325.0,-280.0,428.981351576033,-1,70.74616356388083,-18,9,3,2.4027137914028747
585,2533201,408385.0,3382630.0,17,60,6,3,2585.0,9.2,487,0,7,408640,3382380,488,0,2,-81.0,504,255.0,-250.0,357.1064267133819,1,74.4327335901421,-16,9,3,2.565397063994393
586,2533201,408385.0,3382630.0,17,60,6,3,2585.0,9.2,487,0,7,408705,3382355,486,0,2,-91.25,504,320.0,-275.0,421.9300889957956,-1,70.67493956526152,-18,9,3,2.4428195123948067
587,2533201,408385.0,3382630.0,17,60,6,3,2585.0,9.2,487,0,7,408670,3382390,487,0,2,-79.0,504,285.0,-240.0,372.5922704512266,0,70.10090754621228,-17,9,3,2.6123816165441407
588,2533201,408385.0,3382630.0,17,60,6,3,2585.0,9.2,487,0,7,408715,3382345,486,0,2,-95.0,504,330.0,-285.0,436.033255612459,-1,70.81508387488157,-18,9,3,2.3638994856099185
589,2533201,408385.0,3382630.0,17,60,6,3,2585.0,9.2,487,0,7,408920,3381675,486,0,5,-107.0,504,535.0,-955.0,1094.64606151943,-1,90.74203995087089,-18,9,3,0.9420680600266723
590,2533201,408385.0,3382630.0,17,60,6,3,2585.0,9.2,487,0,7,408205,3382485,482,0,6,-103.0,504,-180.0,-145.0,231.1384866265244,-5,171.14662565964667,-22,9,3,5.437091995114527
591,2533201,408385.0,3382630.0,17,60,6,3,2585.0,9.2,487,0,7,409165,3383090,486,0,7,-103.0,504,780.0,460.0,905.5385138137417,-1,-0.5297058999341289,-18,9,3,1.138756899653694
592,2533201,408385.0,3382630.0,17,60,6,3,2585.0,9.2,487,0,7,408270,3382195,486,0,6,-107.0,504,-115.0,-435.0,449.9444410146657,-1,134.8083770390424,-18,9,3,2.2908925850433834
593,2533201,408385.0,3382630.0,17,60,6,3,2585.0,9.2,487,0,7,408265,3382190,485,0,6,-99.0,504,-120.0,-440.0,456.0701700396552,-2,135.25511870305778,-19,9,3,2.3855773579803086
594,2533201,408385.0,3382630.0,17,60,6,3,2585.0,9.2,487,0,7,408280,3382205,486,0,6,-105.5,504,-105.0,-425.0,437.77848279695064,-1,133.877529803208,-18,9,3,2.354486301494109
595,2533201,408385.0,3382630.0,17,60,6,3,2585.0,9.2,487,0,7,408275,3382200,486,0,6,-113.0,504,-110.0,-430.0,443.8468204234429,-1,134.34933204294714,-18,9,3,2.322330915011941
596,2533201,408385.0,3382630.0,17,60,6,3,2585.0,9.2,487,0,7,408255,3382180,485,0,5,-101.5,504,-130.0,-450.0,468.4015371452148,-2,136.11341823308928,-19,9,3,2.3228432078096515
597,2533201,408385.0,3382630.0,17,60,6,3,2585.0,9.2,487,0,7,408260,3382185,485,0,6,-101.5,504,-125.0,-445.0,462.22288995678264,-2,135.68999292908387,-19,9,3,2.3538585296445564
598,2533201,408385.0,3382630.0,17,60,6,3,2585.0,9.2,487,0,7,408690,3382755,486,0,7,-98.0,504,305.0,125.0,329.6209944769902,-1,7.7144123531672335,-18,9,3,3.1257132425322665
599,2533201,408385.0,3382630.0,17,60,6,3,2585.0,9.2,487,0,7,408505,3382610,488,0,7,-93.5,504,120.0,-20.0,121.6552506059644,1,39.462322208025626,-16,9,3,7.492492028240438
600,2533201,408385.0,3382630.0,17,60,6,3,2585.0,9.2,487,0,7,408525,3382590,488,0,7,-85.0,504,140.0,-40.0,145.60219778561037,1,45.94539590092285,-16,9,3,6.2709835451627045
601,2533201,408385.0,3382630.0,17,60,6,3,2585.0,9.2,487,0,7,408750,3382855,487,0,7,-102.67,504,365.0,225.0,428.7773314903669,0,-1.6512728867126043,-17,9,3,2.270452031360518
602,2533201,408385.0,3382630.0,17,60,6,3,2585.0,9.2,487,0,7,408440,3382505,489,0,7,-93.33,504,55.0,-125.0,136.56500283747664,2,96.25050550713331,-15,9,3,6.26811627809668
603,2533201,408385.0,3382630.0,17,60,6,3,2585.0,9.2,487,0,7,408710,3382735,487,0,7,-97.83,504,325.0,105.0,341.5406271587613,0,12.095552493751825,-17,9,3,2.849514769202424
604,2533201,408385.0,3382630.0,17,60,6,3,2585.0,9.2,487,0,7,408695,3382760,486,0,7,-106.0,504,310.0,130.0,336.1547262794322,-1,7.249023657212376,-18,9,3,3.0650767421468608
605,2533201,408385.0,3382630.0,17,60,6,3,2585.0,9.2,487,0,7,408680,3382745,486,0,7,-101.0,504,295.0,115.0,316.62280397975127,-1,8.702645950966257,-18,9,3,3.2537616226678443
606,2533201,408385.0,3382630.0,17,60,6,3,2585.0,9.2,487,0,7,408500,3382605,488,0,7,-87.0,504,115.0,-25.0,117.6860229593982,1,42.26477372789242,-16,9,3,7.742177489284155
607,2533201,408385.0,3382630.0,17,60,6,3,2585.0,9.2,487,0,7,408665,3382770,486,0,5,-100.89,504,280.0,140.0,313.04951684997053,-1,3.434948822922024,-18,9,3,3.290820345867632
608,2533201,408385.0,3382630.0,17,60,6,3,2585.0,9.2,487,0,7,408470,3382495,488,0,7,-92.5,504,85.0,-135.0,159.53056133543816,1,87.80426606528675,-16,9,3,5.727285720977125
609,2533201,408385.0,3382630.0,17,60,6,3,2585.0,9.2,487,0,7,408755,3382860,488,0,7,-98.5,504,370.0,230.0,435.6604182158393,1,-1.8659776936036678,-16,9,3,2.10329102165667
610,2533201,408385.0,3382630.0,17,60,6,3,2585.0,9.2,487,0,7,408455,3382520,488,0,7,-88.88,504,70.0,-110.0,130.38404810405297,1,87.52880770915152,-16,9,3,6.996039646506274
611,2533201,408385.0,3382630.0,17,60,6,3,2585.0,9.2,487,0,7,408655,3382800,486,0,5,-103.0,504,270.0,170.0,319.06112267087633,-1,-2.195733934713246,-18,9,3,3.2289486470463045
612,2533201,408385.0,3382630.0,17,60,6,3,2585.0,9.2,487,0,7,408530,3382595,488,0,7,-87.5,504,145.0,-35.0,149.164338901763,1,43.57043438516149,-16,9,3,6.122379481801948
613,2533201,408385.0,3382630.0,17,60,6,3,2585.0,9.2,487,0,7,408535,3382600,487,0,7,-88.0,504,150.0,-30.0,152.97058540778355,0,41.30993247402023,-17,9,3,6.3414009654996955
614,2533201,408385.0,3382630.0,17,60,6,3,2585.0,9.2,487,0,7,408445,3382510,489,0,7,-91.09,504,60.0,-120.0,134.16407864998737,2,93.43494882292202,-15,9,3,6.379370208442804
615,2533201,408385.0,3382630.0,17,60,6,3,2585.0,9.2,487,0,7,408450,3382515,488,0,7,-91.07,504,65.0,-115.0,132.09844813622905,1,90.52411099675425,-16,9,3,6.906126196185684
616,2533201,408385.0,3382630.0,17,60,6,3,2585.0,9.2,487,0,7,408670,3382775,486,0,5,-102.7,504,285.0,145.0,319.7655391063896,-1,3.0342855671298707,-18,9,3,3.2218505478438417
617,2533201,408385.0,3382630.0,17,60,6,3,2585.0,9.2,487,0,7,408475,3382500,488,0,7,-88.07,504,90.0,-130.0,158.11388300841898,1,85.30484646876607,-16,9,3,5.778255691945867
618,2533201,408385.0,3382630.0,17,60,6,3,2585.0,9.2,487,0,7,408425,3382530,488,0,7,-93.3,504,40.0,-100.0,107.70329614269008,1,98.19859051364824,-16,9,3,8.449849157186682
619,2533201,408385.0,3382630.0,17,60,6,3,2585.0,9.2,487,0,7,408430,3382535,488,0,7,-96.89,504,45.0,-95.0,105.11898020814318,1,94.65382405805326,-16,9,3,8.654477391962008
620,2533201,408385.0,3382630.0,17,60,6,3,2585.0,9.2,487,0,7,408705,3382730,486,0,7,-101.25,504,320.0,100.0,335.2610922848042,-1,12.645975363738671,-18,9,3,3.073231023215451
621,2533201,408385.0,3382630.0,17,60,6,3,2585.0,9.2,487,0,7,408675,3382780,486,0,5,-102.0,504,290.0,150.0,326.49655434629017,-1,2.6501242199301487,-18,9,3,3.155564891062222
622,2533201,408385.0,3382630.0,17,60,6,3,2585.0,9.2,487,0,7,408465,3382490,488,0,7,-89.0,504,80.0,-140.0,161.24515496597098,1,90.25511870305775,-16,9,3,5.666783353597029
623,2533201,408385.0,3382630.0,17,60,6,3,2585.0,9.2,487,0,7,408780,3382805,488,0,7,-100.0,504,395.0,175.0,432.03009154455896,1,6.1048385849296665,-16,9,3,2.120948794043363
624,2533201,408385.0,3382630.0,17,60,6,3,2585.0,9.2,487,0,7,408420,3382525,489,0,7,-95.24,504,35.0,-105.0,110.67971810589327,2,101.56505117707798,-15,9,3,7.7180542900024856
625,2533201,408385.0,3382630.0,17,60,6,3,2585.0,9.2,487,0,7,408400,3382545,488,0,7,-104.0,504,15.0,-85.0,86.31338250816034,1,109.99202019855875,-16,9,3,10.501771341894049
626,2533201,408385.0,3382630.0,17,60,6,3,2585.0,9.2,487,0,7,408985,3382820,486,0,6,-90.5,504,600.0,190.0,629.3647591023825,-1,12.42874122167757,-18,9,3,1.638227999059467
627,2533201,408385.0,3382630.0,17,60,6,3,2585.0,9.2,487,0,7,409055,3382750,484,0,2,-99.0,504,670.0,120.0,680.6614430096654,-3,19.84573341979973,-20,9,3,1.6830481425815411
628,2533201,408385.0,3382630.0,17,60,6,3,2585.0,9.2,487,0,7,408855,3382070,488,0,5,-129.5,504,470.0,-560.0,731.0950690573695,1,79.99374398582336,-16,9,3,1.25371678186261
629,2533201,408385.0,3382630.0,17,60,6,3,2585.0,9.2,487,0,7,409045,3382760,485,0,2,-94.0,504,660.0,130.0,672.6812023536855,-2,18.857110141660655,-19,9,3,1.6178993091375915
630,2533201,408385.0,3382630.0,17,60,6,3,2585.0,9.2,487,0,7,408595,3382200,485,0,5,-97.0,504,210.0,-430.0,478.53944456021594,-2,93.97040780848647,-19,9,3,2.2736857393434255
631,2533201,408385.0,3382630.0,17,60,6,3,2585.0,9.2,487,0,7,408610,3382215,485,0,7,-93.5,504,225.0,-415.0,472.0699100768868,-2,91.53483785734517,-19,9,3,2.304812340688796
632,2533201,408385.0,3382630.0,17,60,6,3,2585.0,9.2,487,0,7,408395,3382320,489,0,7,-98.0,504,10.0,-310.0,310.16124838541646,2,118.1523897340054,-15,9,3,2.768777843397547
633,2533201,408385.0,3382630.0,17,60,6,3,2585.0,9.2,487,0,7,408745,3382190,486,0,7,-92.5,504,360.0,-440.0,568.5068161420758,-1,80.7105931374997,-18,9,3,1.8134868105296418
634,2533201,408385.0,3382630.0,17,60,6,3,2585.0,9.2,487,0,7,408890,3382335,485,0,2,-99.0,504,505.0,-295.0,584.8504082241885,-2,60.29169610031727,-19,9,3,1.8607101249722082
635,2533201,408385.0,3382630.0,17,60,6,3,2585.0,9.2,487,0,7,408895,3382340,485,0,2,-94.1,504,510.0,-290.0,586.6856057549052,-2,59.62374875117382,-19,9,3,1.8548937534859282
636,2533201,408385.0,3382630.0,17,60,6,3,2585.0,9.2,487,0,7,408740,3382185,486,0,7,-92.2,504,355.0,-445.0,569.2538976590323,-1,81.41878673023882,-18,9,3,1.811108399776657
637,2533201,408385.0,3382630.0,17,60,6,3,2585.0,9.2,487,0,7,408910,3382355,486,0,7,-94.78,504,525.0,-275.0,592.663479556485,-1,57.64597536373867,-18,9,3,1.7396163886806109
638,2533201,408385.0,3382630.0,17,60,6,3,2585.0,9.2,487,0,7,408915,3382360,486,0,6,-92.4,504,530.0,-270.0,594.8108943185221,-1,56.995838394086604,-18,9,3,1.7333397805218687
639,2533201,408385.0,3382630.0,17,60,6,3,2585.0,9.2,487,0,7,408900,3382345,485,0,2,-95.76,504,515.0,-285.0,588.6000339789321,-2,58.96005669395032,-19,9,3,1.848864884711234
640,2533201,408385.0,3382630.0,17,60,6,3,2585.0,9.2,487,0,7,408905,3382350,486,0,7,-96.36,504,520.0,-280.0,590.592922409336,-1,58.300755766006375,-18,9,3,1.7457115349531058
641,2533201,408385.0,3382630.0,17,60,6,3,2585.0,9.2,487,0,7,410840,3380045,482,0,5,-100.67,504,2455.0,-2585.0,3565.003506309636,-5,76.47753971165088,-22,9,3,0.35357360696422696
642,2533201,408385.0,3382630.0,17,60,6,3,2585.0,9.2,487,0,7,410855,3380060,482,0,5,-104.5,504,2470.0,-2570.0,3564.5196029759745,-5,76.13667187759881,-22,9,3,0.3536216053263043
643,2533201,408385.0,3382630.0,17,60,6,3,2585.0,9.2,487,0,7,408520,3382465,488,0,2,-92.5,504,135.0,-165.0,213.19005605327843,1,80.7105931374997,-16,9,3,4.2920251446548985
644,2533201,408385.0,3382630.0,17,60,6,3,2585.0,9.2,487,0,7,408510,3382415,489,0,7,-96.67,504,125.0,-215.0,248.69660230891776,2,89.82647997035565,-15,9,3,3.45158233381348
645,2533201,408385.0,3382630.0,17,60,6,3,2585.0,9.2,487,0,7,408515,3382420,489,0,7,-90.0,504,130.0,-210.0,246.9817807045694,2,88.24051991518718,-15,9,3,3.4754885085432
646,2533201,408385.0,3382630.0,17,60,6,3,2585.0,9.2,487,0,7,408560,3382505,487,0,6,-88.2,504,175.0,-125.0,215.05813167606567,0,65.53767779197437,-17,9,3,4.5197409179289085
647,2533201,408385.0,3382630.0,17,60,6,3,2585.0,9.2,487,0,7,408590,3382495,487,0,6,-71.0,504,205.0,-135.0,245.45875417267155,0,63.36636600105959,-17,9,3,3.961868682896234
648,2533201,408385.0,3382630.0,17,60,6,3,2585.0,9.2,487,0,7,408905,3382810,488,0,2,-95.33,504,520.0,180.0,550.2726596879041,1,10.90650799951436,-16,9,3,1.66549116849154
649,2533201,408385.0,3382630.0,17,60,6,3,2585.0,9.2,487,0,7,408585,3382490,487,0,7,-75.5,504,200.0,-140.0,244.13111231467406,0,64.99202019855869,-17,9,3,3.983345076173451
650,2533201,408385.0,3382630.0,17,60,6,3,2585.0,9.2,487,0,7,408425,3382650,488,0,7,-93.5,504,40.0,20.0,44.721359549995796,1,3.434948822922024,-16,9,3,19.685730102414364
651,2533201,408385.0,3382630.0,17,60,6,3,2585.0,9.2,487,0,7,408495,3382440,489,0,2,-97.0,504,110.0,-190.0,219.5449840010015,2,89.93141717813756,-15,9,3,3.9085526455654076
652,2533201,408385.0,3382630.0,17,60,6,3,2585.0,9.2,487,0,7,408545,3382450,488,0,2,-83.35,504,160.0,-180.0,240.8318915758459,1,78.36646066342979,-16,9,3,3.8009387837024198
653,2533201,408385.0,3382630.0,17,60,6,3,2585.0,9.2,487,0,7,408530,3382475,488,0,6,-83.92,504,145.0,-155.0,212.24985276791125,1,76.9091524329964,-16,9,3,4.3109660144846425
654,2533201,408385.0,3382630.0,17,60,6,3,2585.0,9.2,487,0,7,408550,3382455,488,0,2,-81.44,504,165.0,-175.0,240.52026941611388,1,76.68468431789631,-16,9,3,3.805848881338982
655,2533201,408385.0,3382630.0,17,60,6,3,2585.0,9.2,487,0,7,408555,3382460,488,0,2,-82.59,504,170.0,-170.0,240.41630560342617,1,75.0,-16,9,3,3.8074898140341396
656,2533201,408385.0,3382630.0,17,60,6,3,2585.0,9.2,487,0,7,408755,3382980,488,0,7,-108.33,504,370.0,350.0,509.31326312987375,1,-13.408859728805396,-16,9,3,1.7993465805092042
657,2533201,408385.0,3382630.0,17,60,6,3,2585.0,9.2,487,0,7,408745,3382970,488,0,7,-110.6,504,360.0,340.0,495.17673612559787,1,-13.363422958383296,-16,9,3,1.8506799051706595
658,2533201,408385.0,3382630.0,17,60,6,3,2585.0,9.2,487,0,7,408740,3382965,488,0,7,-101.5,504,355.0,335.0,488.1085944746312,1,-13.339717631017209,-16,9,3,1.8774599558566214
659,2533201,408385.0,3382630.0,17,60,6,3,2585.0,9.2,487,0,7,408845,3382790,488,0,2,-109.5,504,460.0,160.0,487.03182647543684,1,10.820991974189269,-16,9,3,1.881607810486802
660,2533201,408385.0,3382630.0,17,60,6,3,2585.0,9.2,487,0,7,408535,3382480,488,0,7,-84.38,504,150.0,-150.0,212.13203435596427,1,75.0,-16,9,3,4.31335129706561
661,2533201,408385.0,3382630.0,17,60,6,3,2585.0,9.2,487,0,7,408525,3382470,488,0,7,-86.0,504,140.0,-160.0,212.60291625469299,1,78.81407483429035,-16,9,3,4.303833840095825
662,2533201,408385.0,3382630.0,17,60,6,3,2585.0,9.2,487,0,7,408540,3382445,488,0,2,-83.0,504,155.0,-185.0,241.3503677229434,1,80.04245106917091,-16,9,3,3.792797350510265
663,2533201,408385.0,3382630.0,17,60,6,3,2585.0,9.2,487,0,7,408580,3382485,487,0,7,-75.43,504,195.0,-145.0,243.00205760445732,0,66.63411387596739,-17,9,3,4.001792804991256
664,2533201,408385.0,3382630.0,17,60,6,3,2585.0,9.2,487,0,7,408850,3382795,488,0,2,-101.5,504,465.0,165.0,493.4065261019558,1,10.463345061871621,-16,9,3,1.8573150051991487
665,2533201,408385.0,3382630.0,17,60,6,3,2585.0,9.2,487,0,7,408855,3382800,488,0,2,-102.67,504,470.0,170.0,499.799959983992,1,10.114834886144536,-16,9,3,1.833572581275344
666,2533201,408385.0,3382630.0,17,60,6,3,2585.0,9.2,487,0,7,408695,3382390,487,0,7,-75.5,504,310.0,-240.0,392.04591567825315,0,67.74680538727466,-17,9,3,2.4829195168685327
667,2533201,408385.0,3382630.0,17,60,6,3,2585.0,9.2,487,0,7,408685,3382400,487,0,7,-83.13,504,300.0,-230.0,378.02116342871597,0,67.47617956136139,-17,9,3,2.5749151602605576
668,2533201,408385.0,3382630.0,17,60,6,3,2585.0,9.2,487,0,7,408680,3382395,487,0,2,-81.0,504,295.0,-235.0,377.1604433129222,0,68.54118362128133,-17,9,3,2.5807834537453265
669,2533201,408385.0,3382630.0,17,60,6,3,2585.0,9.2,487,0,7,408975,3382785,487,0,2,-100.5,504,590.0,155.0,610.0204914590985,0,15.280340282506756,-17,9,3,1.5963008334955755
670,2533201,408385.0,3382630.0,17,60,6,3,2585.0,9.2,487,0,7,408980,3382780,487,0,2,-102.5,504,595.0,150.0,613.616329639295,0,15.850523913654797,-17,9,3,1.5869511872176663
671,2533201,408385.0,3382630.0,17,60,6,3,2585.0,9.2,487,0,7,408990,3382770,486,0,2,-97.0,504,605.0,140.0,620.987117418711,-1,16.97080519205622,-18,9,3,1.6603167928063673
672,2533201,408385.0,3382630.0,17,60,6,3,2585.0,9.2,487,0,7,408995,3382765,486,0,2,-99.0,504,610.0,135.0,624.7599539022967,-1,17.520928198072397,-18,9,3,1.6502959371985035
673,2533201,408385.0,3382630.0,17,60,6,3,2585.0,9.2,487,0,7,409000,3382760,486,0,7,-97.5,504,615.0,130.0,628.589691293136,-1,18.064397456732536,-18,9,3,1.6402468749741201
674,2533201,408385.0,3382630.0,17,60,6,3,2585.0,9.2,487,0,7,408665,3382615,487,0,7,-88.0,504,280.0,-15.0,280.40149785619906,0,33.0664855011259,-17,9,3,3.469444636441985
675,2533201,408385.0,3382630.0,17,60,6,3,2585.0,9.2,487,0,7,408740,3382700,487,0,7,-95.33,504,355.0,70.0,361.83559802761255,0,18.845340261071726,-17,9,3,2.6899302453076968
676,2533201,408385.0,3382630.0,17,60,6,3,2585.0,9.2,487,0,7,408760,3382680,487,0,7,-98.33,504,375.0,50.0,378.3186487605389,0,22.40535663140855,-17,9,3,2.572893135319992
677,2533201,408385.0,3382630.0,17,60,6,3,2585.0,9.2,487,0,7,408775,3382665,487,0,7,-92.0,504,390.0,35.0,391.56736329781114,0,24.87180895814714,-17,9,3,2.485950201777828
678,2533201,408385.0,3382630.0,17,60,6,3,2585.0,9.2,487,0,7,408660,3382620,487,0,7,-88.25,504,275.0,-10.0,275.1817581163403,0,32.082565279730886,-17,9,3,3.5350888842198653
679,2533201,408385.0,3382630.0,17,60,6,3,2585.0,9.2,487,0,7,408750,3382690,487,0,2,-93.5,504,365.0,60.0,369.8986347636336,0,20.66500153686178,-17,9,3,2.6313785761665334
680,2533201,408385.0,3382630.0,17,60,6,3,2585.0,9.2,487,0,7,408765,3382675,487,0,7,-95.5,504,380.0,45.0,382.65519727294964,0,23.24642596446904,-17,9,3,2.5437736142246217
681,2533201,408385.0,3382630.0,17,60,6,3,2585.0,9.2,487,0,7,409210,3382230,486,0,2,-88.5,504,825.0,-400.0,916.8560410446124,-1,55.866356794094486,-18,9,3,1.1247038962367109
682,2533201,408385.0,3382630.0,17,60,6,3,2585.0,9.2,487,0,7,408700,3382580,487,0,7,-73.5,504,315.0,-50.0,318.9435686763412,0,39.01932243138168,-17,9,3,3.051033204588934
683,2533201,408385.0,3382630.0,17,60,6,3,2585.0,9.2,487,0,7,408965,3382315,485,0,2,-93.78,504,580.0,-315.0,660.0189391222043,-2,58.50653756799238,-19,9,3,1.6489212424380426
684,2533201,408385.0,3382630.0,17,60,6,3,2585.0,9.2,487,0,7,408655,3382625,487,0,7,-82.6,504,270.0,-5.0,270.04629232781554,0,31.06091169026422,-17,9,3,3.6021402506312863
685,2533201,408385.0,3382630.0,17,60,6,3,2585.0,9.2,487,0,7,408960,3382320,485,0,7,-95.45,504,575.0,-310.0,653.2419153728579,-2,58.330458085540045,-19,9,3,1.6660182973991209
686,2533201,408385.0,3382630.0,17,60,6,3,2585.0,9.2,487,0,7,408970,3382310,485,0,2,-96.5,504,585.0,-320.0,666.802069582871,-2,58.67903626938062,-19,9,3,1.6321564969800517
687,2533201,408385.0,3382630.0,17,60,6,3,2585.0,9.2,487,0,7,408735,3382705,487,0,7,-88.5,504,350.0,75.0,357.94552658190884,0,17.905242922987895,-17,9,3,2.7191201633597673
688,2533201,408385.0,3382630.0,17,60,6,3,2585.0,9.2,487,0,7,408770,3382670,487,0,7,-94.25,504,385.0,40.0,387.07234465923807,0,24.06847307508025,-17,9,3,2.5147823545989305
689,2533201,408385.0,3382630.0,17,60,6,3,2585.0,9.2,487,0,7,409100,3382750,483,0,7,-94.0,504,715.0,120.0,725.0,-4,20.472716618547622,-21,9,3,1.6591379868647345
690,2533201,408385.0,3382630.0,17,60,6,3,2585.0,9.2,487,0,7,409090,3382740,484,0,7,-95.5,504,705.0,110.0,713.5299573248484,-3,21.13173716679239,-20,9,3,1.6055606624985568
691,2533201,408385.0,3382630.0,17,60,6,3,2585.0,9.2,487,0,7,409085,3382725,484,0,2,-94.0,504,700.0,95.0,706.4170156501045,-3,22.271363004048396,-20,9,3,1.621718528174108
692,2533201,408385.0,3382630.0,17,60,6,3,2585.0,9.2,487,0,7,409105,3382745,483,0,7,-97.33,504,720.0,115.0,729.1261893527073,-4,20.925241978991323,-21,9,3,1.6497539822565639
693,2533201,408385.0,3382630.0,17,60,6,3,2585.0,9.2,487,0,7,409040,3382770,485,0,7,-91.5,504,655.0,140.0,669.7947446792936,-2,17.93511558947455,-19,9,3,1.6248678615006065
694,2533201,408385.0,3382630.0,17,60,6,3,2585.0,9.2,487,0,7,409045,3382765,485,0,2,-96.75,504,660.0,135.0,673.6653471865686,-2,18.43986920578226,-19,9,3,1.6155370044166457
695,2533201,408385.0,3382630.0,17,60,6,3,2585.0,9.2,487,0,7,408260,3382215,486,0,6,-102.0,504,-125.0,-415.0,433.4166586553867,-1,136.76255446183274,-18,9,3,2.3781543410450547
696,2533201,408385.0,3382630.0,17,60,6,3,2585.0,9.2,487,0,7,408250,3382225,486,0,6,-104.5,504,-135.0,-405.0,426.9074841227312,-1,138.434948822922,-18,9,3,2.414372119626912
697,2533201,408385.0,3382630.0,17,60,6,3,2585.0,9.2,487,0,7,408255,3382230,486,0,6,-104.0,504,-130.0,-400.0,420.5948168962618,-1,138.00416160591337,-18,9,3,2.450565348559664
698,2533201,408385.0,3382630.0,17,60,6,3,2585.0,9.2,487,0,7,408275,3382210,486,0,6,-104.75,504,-110.0,-420.0,434.1658669218482,-1,134.67639313745,-18,9,3,2.374055233682549
699,2533201,408385.0,3382630.0,17,60,6,3,2585.0,9.2,487,0,7,408265,3382605,486,0,6,-107.0,504,-120.0,-25.0,122.57650672131263,-1,198.23171106797935,-18,9,3,8.354009612472149
700,2533201,408385.0,3382630.0,17,60,6,3,2585.0,9.2,487,0,7,408260,3382610,486,0,6,-104.0,504,-125.0,-20.0,126.58988901172162,-1,200.9097230791777,-18,9,3,8.09272036815857
701,2533201,408385.0,3382630.0,17,60,6,3,2585.0,9.2,487,0,7,408280,3382590,485,0,6,-102.0,504,-105.0,-40.0,112.36102527122117,-2,189.14554196042167,-19,9,3,9.597796451056055
702,2533201,408385.0,3382630.0,17,60,6,3,2585.0,9.2,487,0,7,408770,3382500,487,0,7,-93.0,504,385.0,-130.0,406.3557554655772,0,48.657888474119545,-17,9,3,2.395587093362256
703,2533201,408385.0,3382630.0,17,60,6,3,2585.0,9.2,487,0,7,408830,3382640,486,0,2,-103.0,504,445.0,10.0,445.1123453691214,-1,28.71267105847494,-18,9,3,2.31573535864802
704,2533201,408385.0,3382630.0,17,60,6,3,2585.0,9.2,487,0,7,408755,3382555,486,0,7,-83.33,504,370.0,-75.0,377.5248336202534,-1,41.4587523458772,-18,9,3,2.7297372403709765
705,2533201,408385.0,3382630.0,17,60,6,3,2585.0,9.2,487,0,7,408655,3382455,487,0,7,-72.81,504,270.0,-175.0,321.7530108639234,0,62.94921511659044,-17,9,3,3.02444225674381
706,2533201,408385.0,3382630.0,17,60,6,3,2585.0,9.2,487,0,7,408715,3382435,487,0,7,-78.71,504,330.0,-195.0,383.30797017541914,0,60.579226872489016,-17,9,3,2.5394472474306102
707,2533201,408385.0,3382630.0,17,60,6,3,2585.0,9.2,487,0,7,408710,3382440,487,0,7,-77.71,504,325.0,-190.0,376.46380968162134,0,60.311213226681616,-17,9,3,2.585552632026049
708,2533201,408385.0,3382630.0,17,60,6,3,2585.0,9.2,487,0,7,408650,3382460,487,0,7,-72.5,504,265.0,-170.0,314.8412298286233,0,62.68055474336336,-17,9,3,3.090711175585981
709,2533201,408385.0,3382630.0,17,60,6,3,2585.0,9.2,487,0,7,408690,3382420,487,0,6,-80.11,504,305.0,-210.0,370.3039292257105,0,64.54836705601133,-17,9,3,2.628502596359684
710,2533201,408385.0,3382630.0,17,60,6,3,2585.0,9.2,487,0,7,408685,3382405,487,0,7,-82.06,504,300.0,-225.0,375.0,0,66.86989764584405,-17,9,3,2.5956315409256403
711,2533201,408385.0,3382630.0,17,60,6,3,2585.0,9.2,487,0,7,408680,3382410,487,0,7,-81.66,504,295.0,-220.0,368.00135869314397,0,66.7142029760463,-17,9,3,2.644925754917476
712,2533201,408385.0,3382630.0,17,60,6,3,2585.0,9.2,487,0,7,408640,3382450,487,0,6,-74.41,504,255.0,-180.0,312.1297807002722,0,65.21759296819272,-17,9,3,3.1175072305683638
713,2533201,408385.0,3382630.0,17,60,6,3,2585.0,9.2,487,0,7,408700,3382430,487,0,7,-80.03,504,315.0,-200.0,373.1286641361127,0,62.41230661835118,-17,9,3,2.608631360705626
714,2533201,408385.0,3382630.0,17,60,6,3,2585.0,9.2,487,0,7,408645,3382445,487,0,6,-76.32,504,260.0,-185.0,319.100297712177,0,65.43331401028559,-17,9,3,3.0495374908494672
715,2533201,408385.0,3382630.0,17,60,6,3,2585.0,9.2,487,0,7,409175,3382255,486,0,7,-102.0,504,790.0,-375.0,874.4855630597912,-1,55.392922556142935,-18,9,3,1.1791828942230405
716,2533201,408385.0,3382630.0,17,60,6,3,2585.0,9.2,487,0,7,409185,3382265,486,0,6,-104.5,504,800.0,-365.0,879.3321329281672,-1,54.524842885990324,-18,9,3,1.172685472202938
717,2533201,408385.0,3382630.0,17,60,6,3,2585.0,9.2,487,0,7,408705,3382425,487,0,7,-81.47,504,320.0,-205.0,380.0328933131973,0,62.64464013491647,-17,9,3,2.5613028724392746
718,2533201,408385.0,3382630.0,17,60,6,3,2585.0,9.2,487,0,7,408695,3382415,487,0,6,-81.41,504,310.0,-215.0,377.25985739275256,0,64.74318015830363,-17,9,3,2.5801042946572204
719,2533201,408385.0,3382630.0,17,60,6,3,2585.0,9.2,487,0,7,408790,3382520,486,0,7,-97.9,504,405.0,-110.0,419.6724913548659,-1,45.19524852681991,-18,9,3,2.455944434781239
720,2533201,408385.0,3382630.0,17,60,6,3,2585.0,9.2,487,0,7,409160,3382250,486,0,2,-97.0,504,775.0,-380.0,863.1483070712703,-1,56.11975615699282,-18,9,3,1.1946667327339353
721,2533201,408385.0,3382630.0,17,60,6,3,2585.0,9.2,487,0,7,408795,3382515,486,0,7,-102.89,504,410.0,-115.0,425.82273307093413,-1,45.66816042175253,-18,9,3,2.4205152431397035
722,2533201,408385.0,3382630.0,17,60,6,3,2585.0,9.2,487,0,7,409070,3381525,485,0,5,-116.5,504,685.0,-1105.0,1300.0961502904313,-2,88.20483273231355,-19,9,3,0.8372783187875784
723,2533201,408385.0,3382630.0,17,60,6,3,2585.0,9.2,487,0,7,408740,3382750,487,0,7,-96.75,504,355.0,120.0,374.73323845103465,0,11.32329826780989,-17,9,3,2.5974767647722055
724,2533201,408385.0,3382630.0,17,60,6,3,2585.0,9.2,487,0,7,408370,3382540,487,0,7,-98.63,504,-15.0,-90.0,91.2414379544733,0,129.46232220802563,-17,9,3,10.554264924045087
725,2533201,408385.0,3382630.0,17,60,6,3,2585.0,9.2,487,0,7,408605,3382605,487,0,7,-91.83,504,220.0,-25.0,221.41589825484527,0,36.48307369289722,-17,9,3,4.390475348919937
726,2533201,408385.0,3382630.0,17,60,6,3,2585.0,9.2,487,0,7,408600,3382610,487,0,7,-86.33,504,215.0,-20.0,215.92822881689185,0,35.31454566994478,-17,9,3,4.501603329316421
727,2533201,408385.0,3382630.0,17,60,6,3,2585.0,9.2,487,0,7,408615,3382615,487,0,7,-90.33,504,230.0,-15.0,230.4886114323222,0,33.73139699916044,-17,9,3,4.218289790882525
728,2533201,408385.0,3382630.0,17,60,6,3,2585.0,9.2,487,0,7,408385,3382545,487,0,6,-91.0,504,0.0,-85.0,85.0,0,120.0,-17,9,3,11.309932474020213
729,2533201,408385.0,3382630.0,17,60,6,3,2585.0,9.2,487,0,7,408750,3382760,488,0,7,-101.67,504,365.0,130.0,387.45967532118743,1,10.395911849170602,-16,9,3,2.364663933782067
730,2533201,408385.0,3382630.0,17,60,6,3,2585.0,9.2,487,0,7,408375,3382535,487,0,7,-98.4,504,-10.0,-95.0,95.524865872714,0,126.00900595749454,-17,9,3,10.090947941597056
731,2533201,408385.0,3382630.0,17,60,6,3,2585.0,9.2,487,0,7,408755,3382755,488,0,7,-98.0,504,370.0,125.0,390.5444917035702,1,11.333085725779767,-16,9,3,2.3460069779680954
732,2533201,408385.0,3382630.0,17,60,6,3,2585.0,9.2,487,0,7,408465,3382465,489,0,7,-94.0,504,80.0,-165.0,183.3712082089225,2,94.13364320590551,-15,9,3,4.676456035016703
733,2533201,408385.0,3382630.0,17,60,6,3,2585.0,9.2,487,0,7,408600,3382400,489,0,2,-90.5,504,215.0,-230.0,314.8412298286233,2,76.93058744116695,-15,9,3,2.7276837597841634
734,2533201,408385.0,3382630.0,17,60,6,3,2585.0,9.2,487,0,7,408255,3382100,484,0,5,-110.0,504,-130.0,-530.0,545.7105459856901,-3,133.7815972356536,-20,9,3,2.0989203040418185
735,2533201,408385.0,3382630.0,17,60,6,3,2585.0,9.2,487,0,7,408915,3381670,486,0,5,-108.5,504,530.0,-960.0,1096.5856099730654,-1,91.0976429637982,-18,9,3,0.940402108724186
736,2533201,408385.0,3382630.0,17,60,6,3,2585.0,9.2,487,0,7,408760,3382880,488,0,6,-98.33,504,375.0,250.0,450.6939094329987,1,-3.690067525979771,-16,9,3,2.0331928662207503
737,2533201,408385.0,3382630.0,17,60,6,3,2585.0,9.2,487,0,7,408700,3382780,486,0,7,-99.8,504,315.0,150.0,348.89110048839024,-1,4.536654938128379,-18,9,3,2.953387032278769
738,2533201,408385.0,3382630.0,17,60,6,3,2585.0,9.2,487,0,7,408695,3382785,486,0,5,-95.0,504,310.0,155.0,346.5905365124674,-1,3.434948822922024,-18,9,3,2.9729556770177923
739,2533201,408385.0,3382630.0,17,60,6,3,2585.0,9.2,487,0,7,408410,3382510,488,0,6,-99.0,504,25.0,-120.0,122.57650672131263,1,108.2317110679794,-16,9,3,7.436812906501253
740,2533201,408385.0,3382630.0,17,60,6,3,2585.0,9.2,487,0,7,408755,3382805,488,0,7,-103.2,504,370.0,175.0,409.2981798151563,1,4.687116198125864,-16,9,3,2.2386269543957433
741,2533201,408385.0,3382630.0,17,60,6,3,2585.0,9.2,487,0,7,408705,3382775,486,0,7,-96.85,504,320.0,145.0,351.31894341182345,-1,5.623531383325258,-18,9,3,2.9330129633918203
742,2533201,408385.0,3382630.0,17,60,6,3,2585.0,9.2,487,0,7,408475,3382525,488,0,7,-90.67,504,90.0,-105.0,138.2931668593933,1,79.39870535499551,-16,9,3,6.599564452136032
743,2533201,408385.0,3382630.0,17,60,6,3,2585.0,9.2,487,0,7,408420,3382500,489,0,7,-102.0,504,35.0,-130.0,134.6291201783626,2,104.93151184050782,-15,9,3,6.357515056182176
744,2533201,408385.0,3382630.0,17,60,6,3,2585.0,9.2,487,0,7,408710,3382770,487,0,7,-100.63,504,325.0,140.0,353.8714455844099,0,6.695109460796857,-17,9,3,2.7503772835092923
745,2533201,408385.0,3382630.0,17,60,6,3,2585.0,9.2,487,0,7,408640,3382760,486,0,5,-107.5,504,255.0,130.0,286.2254356272342,-1,2.987334652061463,-18,9,3,3.598449150063451
746,2533201,408385.0,3382630.0,17,60,6,3,2585.0,9.2,487,0,7,408715,3382765,487,0,7,-102.0,504,330.0,135.0,356.5459297201414,0,7.750976342787624,-17,9,3,2.7297777716520786
747,2533201,408385.0,3382630.0,17,60,6,3,2585.0,9.2,487,0,7,408405,3382515,488,0,6,-94.5,504,20.0,-115.0,116.72617529928752,1,110.13419305691559,-16,9,3,7.805060408664655
748,2533201,408385.0,3382630.0,17,60,6,3,2585.0,9.2,487,0,7,408750,3382810,487,0,7,-101.67,504,365.0,180.0,406.97051490249265,0,3.7497576303111373,-17,9,3,2.3919725860354495
749,2533201,408385.0,3382630.0,17,60,6,3,2585.0,9.2,487,0,7,408260,3382155,485,0,6,-105.25,504,-125.0,-475.0,491.1720676097125,-2,134.74356283647072,-19,9,3,2.2152670636408125
750,2533201,408385.0,3382630.0,17,60,6,3,2585.0,9.2,487,0,7,408815,3382670,487,9,7,-102.22,504,430.0,40.0,431.8564576337837,0,24.685454330055222,-17,9,3,2.254280524028426
751,2533201,408385.0,3382630.0,17,60,6,3,2585.0,9.2,487,0,7,408830,3382645,486,0,2,-92.0,504,445.0,15.0,445.25273721786374,-1,28.069412558832994,-18,9,3,2.3150059827953484
752,2533201,408385.0,3382630.0,17,60,6,3,2585.0,9.2,487,0,7,408810,3382665,487,0,7,-95.33,504,425.0,35.0,426.4387412044079,0,25.292147755627752,-17,9,3,2.28289005375742
753,2533201,408385.0,3382630.0,17,60,6,3,2585.0,9.2,487,0,7,408805,3382680,487,0,7,-95.33,504,420.0,50.0,422.965719651132,0,23.211025425561218,-17,9,3,2.301615056639302
754,2533201,408385.0,3382630.0,17,60,6,3,2585.0,9.2,487,0,7,408800,3382675,487,0,7,-93.4,504,415.0,45.0,417.43262929483603,0,23.811384036758398,-17,9,3,2.3320896151068706
755,2533201,408385.0,3382630.0,17,60,6,3,2585.0,9.2,487,0,7,408720,3382435,486,0,7,-79.52,504,335.0,-195.0,387.62094886628614,-1,60.20323775494262,-18,9,3,2.6587409017784567
756,2533201,408385.0,3382630.0,17,60,6,3,2585.0,9.2,487,0,7,408745,3382420,486,0,7,-80.27,504,360.0,-210.0,416.77331968349415,-1,60.256437163529256,-18,9,3,2.4730074155861694
757,2533201,408385.0,3382630.0,17,60,6,3,2585.0,9.2,487,0,7,408730,3382425,486,0,7,-84.83,504,345.0,-205.0,401.3103537164223,-1,60.71890426402916,-18,9,3,2.5681701213339982
758,2533201,408385.0,3382630.0,17,60,6,3,2585.0,9.2,487,0,7,408755,3382410,485,0,7,-82.7,504,370.0,-220.0,430.4648650006177,-2,60.73548770192008,-19,9,3,2.527299618550267
759,2533201,408385.0,3382630.0,17,60,6,3,2585.0,9.2,487,0,7,408740,3382415,486,0,7,-83.19,504,355.0,-215.0,415.03011938894264,-1,61.20051460398065,-18,9,3,2.4833815094788427
760,2533201,408385.0,3382630.0,17,60,6,3,2585.0,9.2,487,0,7,408825,3382660,486,9,7,-95.75,504,440.0,30.0,441.02154142399894,-1,26.099506257618145,-18,9,3,2.3371918214712655
761,2533201,408385.0,3382630.0,17,60,6,3,2585.0,9.2,487,0,7,408820,3382655,486,0,7,-96.13,504,435.0,25.0,435.71779858068686,-1,26.710757321508197,-18,9,3,2.365608990829789
762,2533201,408385.0,3382630.0,17,60,6,3,2585.0,9.2,487,0,7,408735,3382430,486,0,7,-82.7,504,350.0,-200.0,403.11288741492746,-1,59.74488129694225,-18,9,3,2.556701729013939
763,2533201,408385.0,3382630.0,17,60,6,3,2585.0,9.2,487,0,7,408750,3382405,485,0,7,-83.68,504,365.0,-225.0,428.7773314903669,-2,61.651272886712604,-19,9,3,2.5372333066184654
764,2533201,408385.0,3382630.0,17,60,6,3,2585.0,9.2,487,0,7,408725,3382440,486,0,7,-81.75,504,340.0,-190.0,389.48684188300894,-1,59.197486046064455,-18,9,3,2.646021964990366
765,2533201,408385.0,3382630.0,17,60,6,3,2585.0,9.2,487,0,7,408600,3382600,487,0,7,-91.0,504,215.0,-30.0,217.0829334609241,0,37.94347181059038,-17,9,3,4.477756098822754
766,2533201,408385.0,3382630.0,17,60,6,3,2585.0,9.2,487,0,7,408740,3382780,487,0,7,-96.75,504,355.0,150.0,385.3894134508627,0,7.094230341582829,-17,9,3,2.5257497986252817
767,2533201,408385.0,3382630.0,17,60,6,3,2585.0,9.2,487,0,7,408745,3382775,487,0,7,-100.0,504,360.0,145.0,388.1043674065006,0,8.061519532293573,-17,9,3,2.508103754174433
768,2533201,408385.0,3382630.0,17,60,6,3,2585.0,9.2,487,0,7,408590,3382610,487,0,7,-98.5,504,205.0,-20.0,205.9732992404598,0,35.57219780396383,-17,9,3,4.71821129666718
769,2533201,408385.0,3382630.0,17,60,6,3,2585.0,9.2,487,0,7,408735,3382785,487,0,7,-102.8,504,350.0,155.0,382.78584090846414,0,6.113500078365291,-17,9,3,2.542906571903014
770,2533201,408385.0,3382630.0,17,60,6,3,2585.0,9.2,487,0,7,408595,3382605,487,0,7,-85.0,504,210.0,-25.0,211.482859825566,0,36.78897457443878,-17,9,3,4.595825809154435
771,2533201,408385.0,3382630.0,17,60,6,3,2585.0,9.2,487,0,7,408335,3382545,486,0,7,-96.4,504,-50.0,-85.0,98.6154146165801,-1,150.46554491945986,-18,9,3,10.344167871923252
772,2533201,408385.0,3382630.0,17,60,6,3,2585.0,9.2,487,0,7,408320,3382560,485,0,7,-101.14,504,-65.0,-70.0,95.524865872714,-2,162.87890360333856,-19,9,3,11.249378477080917
773,2533201,408385.0,3382630.0,17,60,6,3,2585.0,9.2,487,0,7,408475,3382405,489,0,2,-101.0,504,90.0,-225.0,242.33241632105268,2,98.19859051364824,-15,9,3,3.5420007022170665
774,2533201,408385.0,3382630.0,17,60,6,3,2585.0,9.2,487,0,7,408330,3382550,486,0,7,-94.5,504,-55.0,-80.0,97.082439194738,-1,154.5085229876684,-18,9,3,10.503898953962947
775,2533201,408385.0,3382630.0,17,60,6,3,2585.0,9.2,487,0,7,408325,3382555,485,0,2,-100.75,504,-60.0,-75.0,96.04686356149273,-2,158.65980825409008,-19,9,3,11.189786935652045
776,2533201,408385.0,3382630.0,17,60,6,3,2585.0,9.2,487,0,7,408670,3382380,487,0,2,-89.0,504,285.0,-250.0,379.11080174534726,0,71.25701170431284,-17,9,3,2.5675242702885432
777,2533201,408385.0,3382630.0,17,60,6,3,2585.0,9.2,487,0,7,408675,3382375,487,0,2,-88.25,504,290.0,-255.0,386.16706229299257,0,71.32550047917039,-17,9,3,2.5206701047259137
778,2533201,408385.0,3382630.0,17,60,6,3,2585.0,9.2,487,0,7,408665,3382365,487,0,2,-88.0,504,280.0,-265.0,385.5191305240247,0,73.4234499448163,-17,9,3,2.524901050095604
779,2533201,408385.0,3382630.0,17,60,6,3,2585.0,9.2,487,0,7,408690,3382360,487,0,2,-93.44,504,305.0,-270.0,407.3389252207552,0,71.51672853100234,-17,9,3,2.3898117191125356
780,2533201,408385.0,3382630.0,17,60,6,3,2585.0,9.2,487,0,7,408660,3382370,487,0,2,-87.33,504,275.0,-260.0,378.4507894033252,0,73.39399701071773,-17,9,3,2.5719959853235004
781,2533201,408385.0,3382630.0,17,60,6,3,2585.0,9.2,487,0,7,408640,3382390,488,0,2,-87.33,504,255.0,-240.0,350.1785258978626,1,73.26429541107166,-16,9,3,2.6160808237129296
782,2533201,408385.0,3382630.0,17,60,6,3,2585.0,9.2,487,0,7,408645,3382385,488,0,2,-89.25,504,260.0,-245.0,357.24641355792505,1,73.29864539467388,-16,9,3,2.564393156523606
783,2533201,408385.0,3382630.0,17,60,6,3,2585.0,9.2,487,0,7,408695,3382355,487,0,2,-96.33,504,310.0,-275.0,414.3971524998694,0,71.57612875506936,-17,9,3,2.349153202386727
784,2533201,408385.0,3382630.0,17,60,6,3,2585.0,9.2,487,0,7,408260,3382205,486,0,6,-106.0,504,-125.0,-425.0,443.00112866673373,-1,136.38954033403476,-18,9,3,2.3267593904730286
785,2533201,408385.0,3382630.0,17,60,6,3,2585.0,9.2,487,0,7,408255,3382240,486,0,6,-100.0,504,-130.0,-390.0,411.0960958218893,-1,138.434948822922,-18,9,3,2.5071162869750747
786,2533201,408385.0,3382630.0,17,60,6,3,2585.0,9.2,487,0,7,408265,3382210,486,0,6,-100.4,504,-120.0,-420.0,436.8065933568311,-1,135.94539590092288,-18,9,3,2.3597190899914513
787,2533201,408385.0,3382630.0,17,60,6,3,2585.0,9.2,487,0,7,408240,3382225,486,0,5,-99.5,504,-145.0,-405.0,430.17438324474875,-1,139.69862137458028,-18,9,3,2.3960579600851526
788,2533201,408385.0,3382630.0,17,60,6,3,2585.0,9.2,487,0,7,408275,3382220,486,0,6,-104.0,504,-110.0,-410.0,424.4997055358225,-1,135.01836063115067,-18,9,3,2.4280501873661975
789,2533201,408385.0,3382630.0,17,60,6,3,2585.0,9.2,487,0,7,408265,3382150,485,0,6,-105.0,504,-120.0,-480.0,494.77267507411926,-2,134.03624346792648,-19,9,3,2.1991617950115057
790,2533201,408385.0,3382630.0,17,60,6,3,2585.0,9.2,487,0,7,408640,3382475,487,0,6,-89.5,504,255.0,-155.0,298.41246622753545,0,61.2930389959202,-17,9,3,3.2605092466576053
791,2533201,408385.0,3382630.0,17,60,6,3,2585.0,9.2,487,0,7,408655,3382470,487,0,6,-87.0,504,270.0,-160.0,313.8470965295043,0,60.65066795705286,-17,9,3,3.100482155220673
792,2533201,408385.0,3382630.0,17,60,6,3,2585.0,9.2,487,0,7,408675,3382450,487,0,7,-74.53,504,290.0,-180.0,341.32096331752024,0,61.82744657667314,-17,9,3,2.8513456053140476
793,2533201,408385.0,3382630.0,17,60,6,3,2585.0,9.2,487,0,7,408685,3382440,487,0,7,-76.19,504,300.0,-190.0,355.10561809129405,0,62.34744349944202,-17,9,3,2.7408329259829367
794,2533201,408385.0,3382630.0,17,60,6,3,2585.0,9.2,487,0,7,408695,3382430,487,0,7,-79.71,504,310.0,-200.0,368.9173349139343,0,62.82854179141253,-17,9,3,2.6383680215292378
795,2533201,408385.0,3382630.0,17,60,6,3,2585.0,9.2,487,0,7,408715,3382410,486,0,7,-83.67,504,330.0,-220.0,396.6106403010388,-1,63.69006752597977,-18,9,3,2.598560672706522
796,2533201,408385.0,3382630.0,17,60,6,3,2585.0,9.2,487,0,7,408710,3382405,486,0,6,-83.28,504,325.0,-225.0,395.28470752104744,-1,64.69515353123398,-18,9,3,2.60726520921535
797,2533201,408385.0,3382630.0,17,60,6,3,2585.0,9.2,487,0,7,408700,3382415,487,0,6,-82.17,504,315.0,-215.0,381.3790765104976,0,64.3150875999973,-17,9,3,2.5522740200163656
798,2533201,408385.0,3382630.0,17,60,6,3,2585.0,9.2,487,0,7,408680,3382435,487,0,7,-78.96,504,295.0,-195.0,353.62409420173844,0,63.46537934635529,-17,9,3,2.7522981478680695
799,2533201,408385.0,3382630.0,17,60,6,3,2585.0,9.2,487,0,7,409170,3382265,486,0,7,-104.0,504,785.0,-365.0,865.7078028988765,-1,54.93692733391174,-18,9,3,1.1911356772722501
800,2533201,408385.0,3382630.0,17,60,6,3,2585.0,9.2,487,0,7,408705,3382420,487,0,7,-81.39,504,320.0,-210.0,382.7531841800928,0,63.27488798483489,-17,9,3,2.543123249363108
801,2533201,408385.0,3382630.0,17,60,6,3,2585.0,9.2,487,0,7,408690,3382425,487,0,7,-79.92,504,305.0,-205.0,367.4914965002592,0,63.90627698844219,-17,9,3,2.6485901353594774
802,2533201,408385.0,3382630.0,17,60,6,3,2585.0,9.2,487,0,7,408650,3382465,487,0,7,-70.64,504,265.0,-165.0,312.1698255757593,0,61.908106935653166,-17,9,3,3.1171081081155947
803,2533201,408385.0,3382630.0,17,60,6,3,2585.0,9.2,487,0,7,408665,3382460,487,0,7,-73.25,504,280.0,-170.0,327.566787083184,0,61.26373169437744,-17,9,3,2.970860366517891
804,2533201,408385.0,3382630.0,17,60,6,3,2585.0,9.2,487,0,7,408670,3382445,487,0,7,-74.76,504,285.0,-185.0,339.7793401606401,0,62.98852161363459,-17,9,3,2.864261037694651
805,2533201,408385.0,3382630.0,17,60,6,3,2585.0,9.2,487,0,7,408660,3382455,487,0,7,-74.12,504,275.0,-175.0,325.96012026013244,0,62.47119229084848,-17,9,3,2.985477396601286
806,2533201,408385.0,3382630.0,17,60,6,3,2585.0,9.2,487,0,7,408755,3382530,487,0,7,-90.25,504,370.0,-100.0,383.275357934736,0,45.12400730831058,-17,9,3,2.53966304172545
807,2533201,408385.0,3382630.0,17,60,6,3,2585.0,9.2,487,0,7,408735,3382550,487,0,7,-84.5,504,350.0,-80.0,359.02646142032484,0,42.875001559612485,-17,9,3,2.710945834339764
808,2533201,408385.0,3382630.0,17,60,6,3,2585.0,9.2,487,0,7,408765,3382545,486,0,7,-94.5,504,380.0,-85.0,389.39054944875073,-1,42.60860679336622,-18,9,3,2.6466753697631686
809,2533201,408385.0,3382630.0,17,60,6,3,2585.0,9.2,487,0,7,408780,3382530,486,0,7,-93.8,504,395.0,-100.0,407.4616546375867,-1,44.20676611776037,-18,9,3,2.5294501288349593
810,2533201,408385.0,3382630.0,17,60,6,3,2585.0,9.2,487,0,7,408700,3382450,487,0,7,-82.5,504,315.0,-180.0,362.80159867343474,0,59.74488129694225,-17,9,3,2.682778476950179
811,2533201,408385.0,3382630.0,17,60,6,3,2585.0,9.2,487,0,7,408775,3382555,486,0,7,-91.71,504,390.0,-75.0,397.1460688462118,-1,40.88552705465872,-18,9,3,2.5950621104192786
812,2533201,408385.0,3382630.0,17,60,6,3,2585.0,9.2,487,0,7,408770,3382560,486,0,7,-88.8,504,385.0,-70.0,391.3118960624632,-1,40.304846468766016,-18,9,3,2.633698501193632
813,2533201,408385.0,3382630.0,17,60,6,3,2585.0,9.2,487,0,7,408675,3382415,487,0,7,-79.96,504,290.0,-215.0,361.00554012369395,0,66.55247275209155,-17,9,3,2.696106070455587
814,2533201,408385.0,3382630.0,17,60,6,3,2585.0,9.2,487,0,7,408645,3382425,488,0,7,-76.93,504,260.0,-205.0,331.09666262286606,1,68.25442035251717,-16,9,3,2.766623705187907
815,2533201,408385.0,3382630.0,17,60,6,3,2585.0,9.2,487,0,7,408660,3382410,487,0,2,-81.29,504,275.0,-220.0,352.17183305880667,0,68.65980825409008,-17,9,3,2.7636303194324245
816,2533201,408385.0,3382630.0,17,60,6,3,2585.0,9.2,487,0,7,408640,3382430,488,0,7,-76.57,504,255.0,-200.0,324.07560846197606,1,68.10757687751487,-16,9,3,2.8264660655359584
817,2533201,408385.0,3382630.0,17,60,6,3,2585.0,9.2,487,0,7,408655,3382435,487,0,7,-78.4,504,270.0,-195.0,333.0540496676178,0,65.83765295427827,-17,9,3,2.9219992166062703
818,2533201,408385.0,3382630.0,17,60,6,3,2585.0,9.2,487,0,7,408670,3382420,487,0,7,-78.54,504,285.0,-210.0,354.0127116361784,0,66.38435181583588,-17,9,3,2.749281450815612
819,2533201,408385.0,3382630.0,17,60,6,3,2585.0,9.2,487,0,7,409135,3382275,486,0,7,-94.5,504,750.0,-355.0,829.7740656347365,-1,55.32975410819944,-18,9,3,1.2427025007842842
820,2533201,408385.0,3382630.0,17,60,6,3,2585.0,9.2,487,0,7,408650,3382440,487,0,6,-75.91,504,265.0,-190.0,326.0751447136074,0,65.63980919808671,-17,9,3,2.984426160406954
821,2533201,408385.0,3382630.0,17,60,6,3,2585.0,9.2,487,0,7,409125,3382265,486,0,2,-100.0,504,740.0,-365.0,825.1212032180484,-1,56.25450798757208,-18,9,3,1.2497078900341045
822,2533201,408385.0,3382630.0,17,60,6,3,2585.0,9.2,487,0,7,408665,3382405,487,0,2,-82.8,504,280.0,-225.0,359.2005011132362,0,68.78436410029735,-17,9,3,2.709634285942643
823,2533201,408385.0,3382630.0,17,60,6,3,2585.0,9.2,487,0,7,408785,3382525,486,0,7,-96.88,504,400.0,-105.0,413.5516896350443,-1,44.70830389968273,-18,9,3,2.492248318688178
824,2533201,408385.0,3382630.0,17,60,6,3,2585.0,9.2,487,0,7,409120,3382270,486,0,2,-100.5,504,735.0,-360.0,818.4283719422244,-1,56.09542415738838,-18,9,3,1.259924298961625
825,2533201,408385.0,3382630.0,17,60,6,3,2585.0,9.2,487,0,7,408790,3382540,486,0,7,-92.13,504,405.0,-90.0,414.87950057817994,-1,42.52880770915152,-18,9,3,2.4842819526915947
826,2533201,408385.0,3382630.0,17,60,6,3,2585.0,9.2,487,0,7,408795,3382535,486,0,7,-91.7,504,410.0,-95.0,420.86221023037933,-1,43.04563706294863,-18,9,3,2.449010286703855
827,2533201,408385.0,3382630.0,17,60,6,3,2585.0,9.2,487,0,7,408705,3382445,487,0,7,-79.27,504,320.0,-185.0,369.6281915655244,0,60.03328043599515,-17,9,3,2.633301148937591
828,2533201,408385.0,3382630.0,17,60,6,3,2585.0,9.2,487,0,7,408770,3381035,486,0,7,-100.5,504,385.0,-1595.0,1640.8077279193928,-1,106.42956561483857,-18,9,3,0.6285213343167755
829,2533201,408385.0,3382630.0,17,60,6,3,2585.0,9.2,487,0,7,408685,3382675,486,0,6,-96.0,504,300.0,45.0,303.35622624235026,-1,21.469234390051838,-18,9,3,3.3957312780138946
830,2533201,408385.0,3382630.0,17,60,6,3,2585.0,9.2,487,0,7,408705,3382655,486,0,7,-88.75,504,320.0,25.0,320.97507691408066,-1,25.53284093861072,-18,9,3,3.209735007068167
831,2533201,408385.0,3382630.0,17,60,6,3,2585.0,9.2,487,0,7,408680,3382680,486,0,7,-93.67,504,295.0,50.0,299.2072860075436,-1,20.380272200301135,-18,9,3,3.4427055050620057
832,2533201,408385.0,3382630.0,17,60,6,3,2585.0,9.2,487,0,7,408865,3382495,485,0,7,-106.67,504,480.0,-135.0,498.62310415783986,-2,45.70863782901574,-19,9,3,2.1821960782385217
833,2533201,408385.0,3382630.0,17,60,6,3,2585.0,9.2,487,0,7,408880,3382480,486,0,7,-104.67,504,495.0,-150.0,517.228189487,-1,46.858398767738265,-18,9,3,1.9931396013438825
834,2533201,408385.0,3382630.0,17,60,6,3,2585.0,9.2,487,0,7,408875,3382485,486,0,7,-103.5,504,490.0,-145.0,511.00391387933615,-1,46.48445318953566,-18,9,3,2.017397068835968
835,2533201,408385.0,3382630.0,17,60,6,3,2585.0,9.2,487,0,7,409070,3382290,487,0,6,-100.33,504,685.0,-340.0,764.7385174031709,0,56.39752013547616,-17,9,3,1.2734651564988877
836,2533201,408385.0,3382630.0,17,60,6,3,2585.0,9.2,487,0,7,408595,3382765,486,0,7,-107.0,504,210.0,135.0,249.64975465639858,-1,-2.7352262721075817,-18,9,3,4.123947385587552
837,2533201,408385.0,3382630.0,17,60,6,3,2585.0,9.2,487,0,7,408795,3382565,486,0,7,-86.5,504,410.0,-65.0,415.12046444375636,-1,39.00850374202514,-18,9,3,2.4828417132987917
838,2533201,408385.0,3382630.0,17,60,6,3,2585.0,9.2,487,0,7,409065,3382295,487,0,6,-97.0,504,680.0,-335.0,758.0402363990977,0,56.22702690114045,-17,9,3,1.284714138775143
839,2533201,408385.0,3382630.0,17,60,6,3,2585.0,9.2,487,0,7,409085,3382275,487,0,7,-100.0,504,700.0,-355.0,784.8726011270874,0,56.89151932206943,-17,9,3,1.240807712848786
840,2533201,408385.0,3382630.0,17,60,6,3,2585.0,9.2,487,0,7,408870,3382490,485,0,7,-101.8,504,485.0,-140.0,504.801941359183,-2,46.10130239915844,-19,9,3,2.1555110838768083
841,2533201,408385.0,3382630.0,17,60,6,3,2585.0,9.2,487,0,7,409045,3382315,487,0,7,-95.5,504,660.0,-315.0,731.3173045949344,0,55.51387042753424,-17,9,3,1.331642037325158
842,2533201,408385.0,3382630.0,17,60,6,3,2585.0,9.2,487,0,7,408890,3382470,486,0,7,-109.0,504,505.0,-160.0,529.7405025104273,-1,47.579851426655296,-18,9,3,1.946098874123631
843,2533201,408385.0,3382630.0,17,60,6,3,2585.0,9.2,487,0,7,409075,3382285,487,0,7,-99.0,504,690.0,-345.0,771.4434522374274,0,56.565051177077976,-17,9,3,1.2624005403532021
844,2533201,408385.0,3382630.0,17,60,6,3,2585.0,9.2,487,0,7,408710,3382650,486,0,2,-88.0,504,325.0,20.0,325.61480310329875,-1,26.47854662307776,-18,9,3,3.1640926892820853
845,2533201,408385.0,3382630.0,17,60,6,3,2585.0,9.2,487,0,7,408700,3382660,486,0,7,-89.33,504,315.0,30.0,316.4253466459348,-1,24.559667968994518,-18,9,3,3.255787684689814
846,2533201,408385.0,3382630.0,17,60,6,3,2585.0,9.2,487,0,7,409080,3382280,487,0,7,-94.5,504,695.0,-350.0,778.1548689046416,0,56.72969376848545,-17,9,3,1.251516087944296
847,2533201,408385.0,3382630.0,17,60,6,3,2585.0,9.2,487,0,7,408790,3382415,485,0,7,-90.5,504,405.0,-215.0,458.53026072441503,-2,57.962232204374345,-19,9,3,2.372793009160064
848,2533201,408385.0,3382630.0,17,60,6,3,2585.0,9.2,487,0,7,408820,3382685,487,9,7,-106.29,504,435.0,55.0,438.46322536787505,0,22.79394299861673,-17,9,3,2.2203472617535245
849,2533201,408385.0,3382630.0,17,60,6,3,2585.0,9.2,487,0,7,408780,3382405,485,0,7,-83.81,504,395.0,-225.0,454.58772530722825,-2,59.666715206946435,-19,9,3,2.3933478732416753
850,2533201,408385.0,3382630.0,17,60,6,3,2585.0,9.2,487,0,7,408760,3382425,486,0,7,-82.75,504,375.0,-205.0,427.375712927162,-1,58.66395711028156,-18,9,3,2.4117300813315214
851,2533201,408385.0,3382630.0,17,60,6,3,2585.0,9.2,487,0,7,408740,3382445,486,0,6,-83.0,504,355.0,-185.0,400.3123780249619,-1,57.52522574374433,-18,9,3,2.5745639457584506
852,2533201,408385.0,3382630.0,17,60,6,3,2585.0,9.2,487,0,7,408785,3382410,485,0,7,-81.05,504,400.0,-220.0,456.50848842053307,-2,58.81079374297303,-19,9,3,2.383289479170932
853,2533201,408385.0,3382630.0,17,60,6,3,2585.0,9.2,487,0,7,408205,3382455,482,0,6,-102.0,504,-180.0,-175.0,251.04780421266383,-5,165.80692945510236,-22,9,3,5.008190590532435
854,2533201,408385.0,3382630.0,17,60,6,3,2585.0,9.2,487,0,7,408175,3382405,482,0,6,-99.67,504,-210.0,-225.0,307.77426793024785,-5,163.02506598911802,-22,9,3,4.08860315112444
855,2533201,408385.0,3382630.0,17,60,6,3,2585.0,9.2,487,0,7,408310,3382550,485,0,7,-102.0,504,-75.0,-80.0,109.65856099730654,-2,163.1523897340054,-19,9,3,9.829767691099576
856,2533201,408385.0,3382630.0,17,60,6,3,2585.0,9.2,487,0,7,408300,3382560,485,0,7,-99.8,504,-85.0,-70.0,110.11357772772621,-2,170.52754015165615,-19,9,3,9.78993621228658
857,2533201,408385.0,3382630.0,17,60,6,3,2585.0,9.2,487,0,7,408305,3382555,485,0,7,-104.5,504,-80.0,-75.0,109.65856099730654,-2,166.8476102659946,-19,9,3,9.829767691099576
858,2533201,408385.0,3382630.0,17,60,6,3,2585.0,9.2,487,0,7,408455,3382630,488,0,6,-89.0,504,70.0,0.0,70.0,1,30.0,-16,9,3,12.875001559612476
859,2533201,408385.0,3382630.0,17,60,6,3,2585.0,9.2,487,0,7,408445,3382640,488,0,7,-98.5,504,60.0,10.0,60.8276253029822,1,20.537677791974374,-16,9,3,14.737158444657044
860,2533201,408385.0,3382630.0,17,60,6,3,2585.0,9.2,487,0,7,408585,3382420,489,0,2,-83.0,504,200.0,-210.0,290.0,2,76.39718102729637,-15,9,3,2.96093613416375
861,2533201,408385.0,3382630.0,17,60,6,3,2585.0,9.2,487,0,7,408750,3382885,488,0,7,-95.5,504,365.0,255.0,445.25273721786374,1,-4.939310204677042,-16,9,3,2.0580180854315278
862,2533201,408385.0,3382630.0,17,60,6,3,2585.0,9.2,487,0,7,408595,3382410,489,0,2,-83.0,504,210.0,-220.0,304.138126514911,2,76.33221985386967,-15,9,3,2.82352257910475
863,2533201,408385.0,3382630.0,17,60,6,3,2585.0,9.2,487,0,7,408605,3382480,487,0,7,-72.0,504,220.0,-150.0,266.27053911388697,0,64.28687697720898,-17,9,3,3.6530817470236965
864,2533201,408385.0,3382630.0,17,60,6,3,2585.0,9.2,487,0,7,408495,3382510,488,0,7,-84.21,504,110.0,-120.0,162.78820596099706,1,77.48955292199918,-16,9,3,5.613413245637428
865,2533201,408385.0,3382630.0,17,60,6,3,2585.0,9.2,487,0,7,408925,3382800,488,0,2,-100.25,504,540.0,170.0,566.1271941887264,1,12.525225743744329,-16,9,3,1.6188738465659904
866,2533201,408385.0,3382630.0,17,60,6,3,2585.0,9.2,487,0,7,408490,3382505,488,0,7,-87.56,504,105.0,-125.0,163.24827717314508,1,79.96974072811031,-16,9,3,5.597693970443172
867,2533201,408385.0,3382630.0,17,60,6,3,2585.0,9.2,487,0,7,408635,3382450,487,0,6,-73.44,504,250.0,-180.0,308.05843601498725,0,65.75388725443679,-17,9,3,3.1586257704821423
868,2533201,408385.0,3382630.0,17,60,6,3,2585.0,9.2,487,0,7,408615,3382470,487,0,7,-72.89,504,230.0,-160.0,280.178514522438,0,64.82448915695682,-17,9,3,3.472199081633984
869,2533201,408385.0,3382630.0,17,60,6,3,2585.0,9.2,487,0,7,408485,3382520,488,0,7,-88.2,504,100.0,-110.0,148.66068747318505,1,77.72631099390628,-16,9,3,6.142963326039224
870,2533201,408385.0,3382630.0,17,60,6,3,2585.0,9.2,487,0,7,408620,3382455,488,0,6,-73.58,504,235.0,-175.0,293.00170647967224,1,66.67434966957319,-16,9,3,3.1256571666995248
871,2533201,408385.0,3382630.0,17,60,6,3,2585.0,9.2,487,0,7,408600,3382475,487,0,7,-72.0,504,215.0,-155.0,265.04716561397146,0,65.78897345918335,-17,9,3,3.66989723726563
872,2533201,408385.0,3382630.0,17,60,6,3,2585.0,9.2,487,0,7,408560,3382435,488,0,2,-81.5,504,175.0,-195.0,262.01145013147806,1,78.09405805891708,-16,9,3,3.494486586900276
873,2533201,408385.0,3382630.0,17,60,6,3,2585.0,9.2,487,0,7,408505,3382500,488,0,7,-83.57,504,120.0,-130.0,176.91806012954132,1,77.29061004263855,-16,9,3,5.16762038482131
874,2533201,408385.0,3382630.0,17,60,6,3,2585.0,9.2,487,0,7,408630,3382445,488,0,7,-76.29,504,245.0,-185.0,307.001628660175,1,67.05652818940962,-16,9,3,2.9833842337225294
875,2533201,408385.0,3382630.0,17,60,6,3,2585.0,9.2,487,0,7,408625,3382460,487,0,7,-72.71,504,240.0,-170.0,294.10882339705483,0,65.3112134396332,-17,9,3,3.3081145064032587
876,2533201,408385.0,3382630.0,17,60,6,3,2585.0,9.2,487,0,7,408515,3382490,488,0,7,-85.3,504,130.0,-140.0,191.049731745428,1,77.12109639666141,-16,9,3,4.787225868685119
877,2533201,408385.0,3382630.0,17,60,6,3,2585.0,9.2,487,0,7,408500,3382495,488,0,6,-86.84,504,115.0,-135.0,177.341478509682,1,79.57392125990089,-16,9,3,5.155348800852615
878,2533201,408385.0,3382630.0,17,60,6,3,2585.0,9.2,487,0,7,408590,3382405,489,0,2,-90.38,504,205.0,-225.0,304.38462510448846,2,77.66300076606717,-15,9,3,2.8212397127057858
879,2533201,408385.0,3382630.0,17,60,6,3,2585.0,9.2,487,0,7,408565,3382440,488,0,2,-79.3,504,180.0,-190.0,261.72504656604804,1,76.548157698978,-16,9,3,3.498301083342928
880,2533201,408385.0,3382630.0,17,60,6,3,2585.0,9.2,487,0,7,408510,3382485,488,0,7,-87.5,504,125.0,-145.0,191.44189719076647,1,79.23639479905887,-16,9,3,4.777464755890432
881,2533201,408385.0,3382630.0,17,60,6,3,2585.0,9.2,487,0,7,408580,3382415,489,0,2,-85.5,504,195.0,-215.0,290.25850547399983,2,77.7927023657133,-15,9,3,2.9583037979384534
882,2533201,408385.0,3382630.0,17,60,6,3,2585.0,9.2,487,0,7,408480,3382515,488,0,7,-88.4,504,95.0,-115.0,149.164338901763,1,80.44033203100548,-16,9,3,6.122379481801948
883,2533201,408385.0,3382630.0,17,60,6,3,2585.0,9.2,487,0,7,408450,3382625,488,0,7,-91.0,504,65.0,-5.0,65.19202405202648,1,34.39870535499551,-16,9,3,13.789475412300085
884,2533201,408385.0,3382630.0,17,60,6,3,2585.0,9.2,487,0,7,408575,3382430,488,0,2,-78.75,504,190.0,-200.0,275.86228448267445,1,76.4688007143858,-16,9,3,3.319433762809483
885,2533201,408385.0,3382630.0,17,60,6,3,2585.0,9.2,487,0,7,408610,3382465,487,0,7,-72.59,504,225.0,-165.0,279.0161285660741,0,66.25383773744477,-17,9,3,3.4866287115942223
886,2533201,408385.0,3382630.0,17,60,6,3,2585.0,9.2,487,0,7,408280,3382585,485,0,7,-105.0,504,-105.0,-45.0,114.23659658795863,-2,186.80140948635182,-19,9,3,9.44307801632306
887,2533201,408385.0,3382630.0,17,60,6,3,2585.0,9.2,487,0,7,408665,3382370,487,0,2,-90.0,504,280.0,-260.0,382.099463490856,0,72.87890360333859,-17,9,3,2.547468463587967
888,2533201,408385.0,3382630.0,17,60,6,3,2585.0,9.2,487,0,7,408670,3382375,487,0,2,-89.5,504,285.0,-255.0,382.4264635194589,0,71.82016988013572,-17,9,3,2.545293074743141
889,2533201,408385.0,3382630.0,17,60,6,3,2585.0,9.2,487,0,7,408695,3382360,487,0,2,-92.33,504,310.0,-270.0,411.0960958218893,0,71.05481377096248,-17,9,3,2.3679952577433223
890,2533201,408385.0,3382630.0,17,60,6,3,2585.0,9.2,487,0,7,408645,3382390,488,0,2,-87.2,504,260.0,-240.0,353.83612025908263,1,72.70938995736151,-16,9,3,2.589075456718437
891,2533201,408385.0,3382630.0,17,60,6,3,2585.0,9.2,487,0,7,408640,3382385,488,0,2,-81.4,504,255.0,-245.0,353.62409420173844,1,73.85423716182493,-16,9,3,2.590625701225341
892,2533201,408385.0,3382630.0,17,60,6,3,2585.0,9.2,487,0,7,408675,3382380,487,0,2,-94.5,504,290.0,-250.0,382.88379438153294,0,70.76360520094119,-17,9,3,2.5422568716736254
893,2533201,408385.0,3382630.0,17,60,6,3,2585.0,9.2,487,0,7,408690,3382355,487,0,2,-92.0,504,305.0,-275.0,410.67018396762137,0,72.03906386583628,-17,9,3,2.3704483391028934
894,2533201,408385.0,3382630.0,17,60,6,3,2585.0,9.2,487,0,7,408525,3380990,485,0,5,-100.5,504,140.0,-1640.0,1645.964762684791,-2,115.12072621699326,-19,9,3,0.6613576952253021
895,2533201,408385.0,3382630.0,17,60,6,3,2585.0,9.2,487,0,7,408665,3382135,486,0,7,-89.5,504,280.0,-495.0,568.7046685231272,-1,90.5050441823123,-18,9,3,1.8128563194461338
896,2533201,408385.0,3382630.0,17,60,6,3,2585.0,9.2,487,0,7,408945,3382335,485,0,7,-96.88,504,560.0,-295.0,632.9494450586081,-2,57.77962072502169,-19,9,3,1.719399572428799
897,2533201,408385.0,3382630.0,17,60,6,3,2585.0,9.2,487,0,7,409230,3382690,483,9,14,-110.0,504,845.0,60.0,847.1274992585237,-4,25.938477322689437,-21,9,3,1.4200518729540397
898,2533201,408385.0,3382630.0,17,60,6,3,2585.0,9.2,487,0,7,408935,3382345,485,0,7,-94.33,504,550.0,-285.0,619.4554059817381,-2,57.392369551892784,-19,9,3,1.75683125799895
899,2533201,408385.0,3382630.0,17,60,6,3,2585.0,9.2,487,0,7,408920,3382360,486,0,7,-92.13,504,535.0,-270.0,599.2703897240377,-1,56.77884040695511,-18,9,3,1.7204488418709472
900,2533201,408385.0,3382630.0,17,60,6,3,2585.0,9.2,487,0,7,408950,3382330,485,0,7,-97.46,504,565.0,-300.0,639.7069641640616,-2,57.9671155061194,-19,9,3,1.701247493717881
901,2533201,408385.0,3382630.0,17,60,6,3,2585.0,9.2,487,0,7,408925,3382355,486,0,6,-92.83,504,540.0,-275.0,605.9909240244444,-1,56.9878905817485,-18,9,3,1.701380071676552
902,2533201,408385.0,3382630.0,17,60,6,3,2585.0,9.2,487,0,7,408930,3382350,486,0,6,-94.14,504,545.0,-280.0,612.7193484785673,-1,57.1923521643036,-18,9,3,1.6827075923920056
903,2533201,408385.0,3382630.0,17,60,6,3,2585.0,9.2,487,0,7,408955,3382325,485,0,7,-95.07,504,570.0,-305.0,646.4711903867023,-2,58.150688588174944,-19,9,3,1.6834571168700454
904,2533201,408385.0,3382630.0,17,60,6,3,2585.0,9.2,487,0,7,408915,3382365,486,0,7,-89.0,504,530.0,-265.0,592.5580140374443,-1,56.565051177077976,-18,9,3,1.739925821305072
905,2533201,408385.0,3382630.0,17,60,6,3,2585.0,9.2,487,0,7,409205,3382715,483,0,5,-96.0,504,820.0,85.0,824.3937166184613,-4,24.081939647892398,-21,9,3,1.459195039086941
906,2533201,408385.0,3382630.0,17,60,6,3,2585.0,9.2,487,0,7,408940,3382340,485,0,7,-94.0,504,555.0,-290.0,626.1988502065458,-2,57.588081365745836,-19,9,3,1.7379238634311878
907,2533201,408385.0,3382630.0,17,60,6,3,2585.0,9.2,487,0,7,408805,3382095,488,0,5,-93.0,504,420.0,-535.0,680.1654210557899,1,81.86642980249769,-16,9,3,1.347559585340561
908,2533201,408385.0,3382630.0,17,60,6,3,2585.0,9.2,487,0,7,409100,3382720,484,0,7,-90.5,504,715.0,90.0,720.6420748193933,-3,22.825675763517722,-20,9,3,1.5897233311352124
909,2533201,408385.0,3382630.0,17,60,6,3,2585.0,9.2,487,0,7,408720,3382340,486,0,2,-95.75,504,335.0,-290.0,443.08577047790646,-1,70.88181029601122,-18,9,3,2.3263154025298087
910,2533201,408385.0,3382630.0,17,60,6,3,2585.0,9.2,487,0,7,408775,3382365,485,0,7,-88.75,504,390.0,-265.0,471.51352048483193,-2,64.19560540246073,-19,9,3,2.3075290988300883
911,2533201,408385.0,3382630.0,17,60,6,3,2585.0,9.2,487,0,7,408770,3382370,485,0,7,-89.57,504,385.0,-260.0,464.5696933722647,-2,64.03212781733833,-19,9,3,2.3419811369118353
912,2533201,408385.0,3382630.0,17,60,6,3,2585.0,9.2,487,0,7,408795,3382385,485,0,7,-89.26,504,410.0,-245.0,477.62432936357,-2,60.86089168834951,-19,9,3,2.2780374741038125
913,2533201,408385.0,3382630.0,17,60,6,3,2585.0,9.2,487,0,7,408780,3382400,485,0,7,-85.57,504,395.0,-230.0,457.083143421413,-2,60.21132238583482,-19,9,3,2.3802966036717614
914,2533201,408385.0,3382630.0,17,60,6,3,2585.0,9.2,487,0,7,408760,3382380,485,0,7,-88.72,504,375.0,-250.0,450.6939094329987,-2,63.69006752597977,-19,9,3,2.414001088668248
915,2533201,408385.0,3382630.0,17,60,6,3,2585.0,9.2,487,0,7,408785,3382395,485,0,7,-86.96,504,400.0,-235.0,463.9234850705448,-2,60.43423575344343,-19,9,3,2.345239689290061
916,2533201,408385.0,3382630.0,17,60,6,3,2585.0,9.2,487,0,7,408765,3382375,485,0,7,-90.38,504,380.0,-255.0,457.62976301809744,-2,63.86369056881824,-19,9,3,2.3774567033888605
917,2533201,408385.0,3382630.0,17,60,6,3,2585.0,9.2,487,0,7,408790,3382390,485,0,7,-88.61,504,405.0,-240.0,470.7706447942565,-2,60.65066795705286,-19,9,3,2.3111664323984478
918,2533201,408385.0,3382630.0,17,60,6,3,2585.0,9.2,487,0,7,408455,3382335,489,0,2,-89.0,504,70.0,-295.0,303.1913587159106,2,106.6512728867126,-15,9,3,2.832325185457314
919,2533201,408385.0,3382630.0,17,60,6,3,2585.0,9.2,487,0,7,409145,3382785,484,0,7,-97.8,504,760.0,155.0,775.6448929761608,-3,18.472764726504238,-20,9,3,1.4770441239250038
920,2533201,408385.0,3382630.0,17,60,6,3,2585.0,9.2,487,0,7,408900,3381570,485,0,5,-114.0,504,515.0,-1060.0,1178.4841959059104,-2,94.08724450519765,-19,9,3,0.9236657622381439
921,2533201,408385.0,3382630.0,17,60,6,3,2585.0,9.2,487,0,7,408910,3381580,485,0,5,-115.33,504,525.0,-1050.0,1173.9356881873896,-2,93.43494882292202,-19,9,3,0.9272439554776379
922,2533201,408385.0,3382630.0,17,60,6,3,2585.0,9.2,487,0,7,408265,3382335,487,0,6,-96.5,504,-120.0,-295.0,318.47291878588356,0,142.13549187810034,-17,9,3,3.055533585366006
923,2533201,408385.0,3382630.0,17,60,6,3,2585.0,9.2,487,0,7,408270,3382190,485,0,6,-104.5,504,-115.0,-440.0,454.78016667396565,-2,134.64737527236298,-19,9,3,2.3923362990248305
924,2533201,408385.0,3382630.0,17,60,6,3,2585.0,9.2,487,0,7,408260,3382200,486,0,6,-100.4,504,-125.0,-430.0,447.8001786511479,-1,136.20902492780797,-18,9,3,2.3018506051241694
925,2533201,408385.0,3382630.0,17,60,6,3,2585.0,9.2,487,0,7,408265,3382195,486,0,6,-107.0,504,-120.0,-435.0,451.2482686947397,-1,135.42216131873866,-18,9,3,2.284280348049794
926,2533201,408385.0,3382630.0,17,60,6,3,2585.0,9.2,487,0,7,408900,3381575,485,0,5,-115.29,504,515.0,-1055.0,1173.9889266939447,-2,93.98060641633776,-19,9,3,0.9272019137990245
927,2533201,408385.0,3382630.0,17,60,6,3,2585.0,9.2,487,0,7,408905,3381580,485,0,5,-118.75,504,520.0,-1050.0,1171.7081547894084,-2,93.65363394234498,-19,9,3,0.9290064295408392
928,2533201,408385.0,3382630.0,17,60,6,3,2585.0,9.2,487,0,7,408275,3382215,486,0,6,-107.33,504,-110.0,-415.0,429.33087473416117,-1,134.8454520820838,-18,9,3,2.40076000438151
929,2533201,408385.0,3382630.0,17,60,6,3,2585.0,9.2,487,0,7,408240,3382230,486,0,5,-105.5,504,-145.0,-400.0,425.47032799009617,-1,139.92558065818432,-18,9,3,2.422517700193415
930,2533201,408385.0,3382630.0,17,60,6,3,2585.0,9.2,487,0,7,408255,3382235,486,0,6,-101.33,504,-130.0,-395.0,415.84251826863493,-1,138.21709519782485,-18,9,3,2.4785359781834475
931,2533201,408385.0,3382630.0,17,60,6,3,2585.0,9.2,487,0,7,408260,3382210,486,0,6,-98.0,504,-125.0,-420.0,438.20657229210974,-1,136.57400775690897,-18,9,3,2.3521887590927175
932,2533201,408385.0,3382630.0,17,60,6,3,2585.0,9.2,487,0,7,408695,3382400,487,0,7,-82.02,504,310.0,-230.0,386.00518131237567,0,66.57303097851934,-17,9,3,2.521725846799831
933,2533201,408385.0,3382630.0,17,60,6,3,2585.0,9.2,487,0,7,408690,3382395,487,0,7,-83.0,504,305.0,-235.0,385.0324661635691,0,67.61395684873276,-17,9,3,2.52808827774593
934,2533201,408385.0,3382630.0,17,60,6,3,2585.0,9.2,487,0,7,408980,3382855,486,0,7,-105.0,504,595.0,225.0,636.121057661197,-1,9.28582515565131,-18,9,3,1.6208375644252968
935,2533201,408385.0,3382630.0,17,60,6,3,2585.0,9.2,487,0,7,409070,3382765,484,0,2,-95.5,504,685.0,135.0,698.176195526602,-3,18.851010303558212,-20,9,3,1.6408498411710417
936,2533201,408385.0,3382630.0,17,60,6,3,2585.0,9.2,487,0,7,408310,3382565,485,0,7,-99.0,504,-75.0,-65.0,99.24716620639605,-2,169.08561677997488,-19,9,3,10.837645469958717
937,2533201,408385.0,3382630.0,17,60,6,3,2585.0,9.2,487,0,7,408285,3382600,486,0,6,-112.0,504,-100.0,-30.0,104.4030650891055,-1,193.30075576600638,-18,9,3,9.782125386210328
938,2533201,408385.0,3382630.0,17,60,6,3,2585.0,9.2,487,0,7,408280,3382595,485,0,6,-106.33,504,-105.0,-35.0,110.67971810589327,-2,191.56505117707798,-19,9,3,9.74082123030309
939,2533201,408385.0,3382630.0,17,60,6,3,2585.0,9.2,487,0,7,408315,3382570,485,0,7,-104.0,504,-70.0,-60.0,92.19544457292888,-2,169.3987053549955,-19,9,3,11.64471369492714
940,2533201,408385.0,3382630.0,17,60,6,3,2585.0,9.2,487,0,7,408775,3382425,486,0,7,-81.5,504,390.0,-205.0,440.5961870012041,-1,57.72825742231913,-18,9,3,2.339445655884047
941,2533201,408385.0,3382630.0,17,60,6,3,2585.0,9.2,487,0,7,408790,3382410,485,0,7,-86.5,504,405.0,-220.0,460.89586676384937,-2,58.51124629410873,-19,9,3,2.3606281634098276
942,2533201,408385.0,3382630.0,17,60,6,3,2585.0,9.2,487,0,7,408795,3382405,485,0,7,-84.89,504,410.0,-225.0,467.68044645890427,-2,58.7571208973024,-19,9,3,2.3264207395487384
943,2533201,408385.0,3382630.0,17,60,6,3,2585.0,9.2,487,0,7,408780,3382420,485,0,7,-82.0,504,395.0,-210.0,447.3533279187716,-2,57.99714736124264,-19,9,3,2.4320059185001006
944,2533201,408385.0,3382630.0,17,60,6,3,2585.0,9.2,487,0,7,408670,3382190,486,0,5,-88.5,504,285.0,-440.0,524.2375415782429,-1,87.06776895865335,-18,9,3,1.9665112643214377
945,2533201,408385.0,3382630.0,17,60,6,3,2585.0,9.2,487,0,7,408655,3382165,486,0,6,-86.0,504,270.0,-465.0,537.7034498680476,-1,89.85861444792465,-18,9,3,1.9173004165142427
946,2533201,408385.0,3382630.0,17,60,6,3,2585.0,9.2,487,0,7,408695,3382205,486,0,7,-95.5,504,310.0,-425.0,526.0465758846834,-1,83.89254870824811,-18,9,3,1.9597538635265654
947,2533201,408385.0,3382630.0,17,60,6,3,2585.0,9.2,487,0,7,408940,3382320,484,0,7,-89.5,504,555.0,-310.0,635.7082664241515,-3,59.18591581611008,-20,9,3,1.8019865434332751
948,2533201,408385.0,3382630.0,17,60,6,3,2585.0,9.2,487,0,7,408855,3382365,486,0,7,-93.47,504,470.0,-265.0,539.5600059307584,-1,59.415598833095544,-18,9,3,1.9107081327208617
949,2533201,408385.0,3382630.0,17,60,6,3,2585.0,9.2,487,0,7,408825,3382355,485,0,2,-94.57,504,440.0,-275.0,518.8689622631132,-2,62.005383208083515,-19,9,3,2.0971260748519494
950,2533201,408385.0,3382630.0,17,60,6,3,2585.0,9.2,487,0,7,408820,3382360,485,0,7,-92.64,504,435.0,-270.0,511.9814449762804,-2,61.82744657667314,-19,9,3,2.125312319226817
951,2533201,408385.0,3382630.0,17,60,6,3,2585.0,9.2,487,0,7,408850,3382370,486,0,7,-92.22,504,465.0,-260.0,532.7522876534647,-1,59.21129225772813,-18,9,3,1.935105466903686
952,2533201,408385.0,3382630.0,17,60,6,3,2585.0,9.2,487,0,7,408845,3382375,486,0,6,-90.12,504,460.0,-255.0,525.9515186782903,-1,59.00169942388811,-18,9,3,1.9601077809879752
953,2533201,408385.0,3382630.0,17,60,6,3,2585.0,9.2,487,0,7,408840,3382380,486,0,6,-90.09,504,455.0,-250.0,519.1579721048305,-1,58.786618310014035,-18,9,3,1.9857367656924205
954,2533201,408385.0,3382630.0,17,60,6,3,2585.0,9.2,487,0,7,408830,3382350,485,0,2,-97.0,504,445.0,-280.0,525.76135270672,-2,62.17865620660109,-19,9,3,2.0696581788494512
955,2533201,408385.0,3382630.0,17,60,6,3,2585.0,9.2,487,0,7,409035,3382760,485,0,7,-94.5,504,650.0,130.0,662.872536767062,-2,18.69006752597977,-19,9,3,1.6418267007548468
956,2533201,408385.0,3382630.0,17,60,6,3,2585.0,9.2,487,0,7,408270,3382590,485,0,6,-112.5,504,-115.0,-40.0,121.75795661885921,-2,190.82099197418927,-19,9,3,8.869321553237048
957,2533201,408385.0,3382630.0,17,60,6,3,2585.0,9.2,487,0,7,408275,3382585,485,0,7,-103.67,504,-110.0,-45.0,118.84864324004712,-2,187.75097634278762,-19,9,3,9.082857898146711
958,2533201,408385.0,3382630.0,17,60,6,3,2585.0,9.2,487,0,7,408140,3382480,480,0,5,-97.5,504,-245.0,-150.0,287.2716484444645,-7,178.523160650416,-24,9,3,4.775663686240878
959,2533201,408385.0,3382630.0,17,60,6,3,2585.0,9.2,487,0,7,408285,3382615,486,0,6,-110.33,504,-100.0,-15.0,101.11874208078342,-1,201.46923439005184,-18,9,3,10.09341430546835
960,2533201,408385.0,3382630.0,17,60,6,3,2585.0,9.2,487,0,7,408225,3382210,485,0,5,-100.0,504,-160.0,-420.0,449.44410108488466,-2,140.85445803957833,-19,9,3,2.420705937331622
961,2533201,408385.0,3382630.0,17,60,6,3,2585.0,9.2,487,0,7,408235,3382220,485,0,5,-97.5,504,-150.0,-410.0,436.5775990588615,-2,140.09523119190482,-19,9,3,2.4919585985489334
962,2533201,408385.0,3382630.0,17,60,6,3,2585.0,9.2,487,0,7,408905,3381585,485,0,6,-115.0,504,520.0,-1045.0,1167.2296260804899,-2,93.54471071836747,-19,9,3,0.9325702943500742
963,2533201,408385.0,3382630.0,17,60,6,3,2585.0,9.2,487,0,7,408900,3381590,486,0,6,-120.0,504,515.0,-1040.0,1160.5278971226844,-1,93.65574071464562,-18,9,3,0.8885967716118677
964,2533201,408385.0,3382630.0,17,60,6,3,2585.0,9.2,487,0,7,408895,3381575,485,110,5,-117.17,504,510.0,-1055.0,1171.8041645257965,-2,94.20030493209538,-19,9,3,0.9289303263530265
965,2533201,408385.0,3382630.0,17,60,6,3,2585.0,9.2,487,0,7,410135,3380140,482,0,5,-110.0,504,1750.0,-2490.0,3043.4519874642347,-5,84.90002018315391,-22,9,3,0.41416299649635413
966,2533201,408385.0,3382630.0,17,60,6,3,2585.0,9.2,487,0,7,408520,3382590,488,0,7,-83.5,504,135.0,-40.0,140.80127840328723,1,46.50436138175502,-16,9,3,6.483015331047172
967,2533201,408385.0,3382630.0,17,60,6,3,2585.0,9.2,487,0,7,408705,3382725,486,0,7,-100.0,504,320.0,95.0,333.80383460949037,-1,13.465162142654833,-18,9,3,3.0866216675341525
968,2533201,408385.0,3382630.0,17,60,6,3,2585.0,9.2,487,0,7,408700,3382730,486,0,7,-97.0,504,315.0,100.0,330.49205739321485,-1,12.387422157076173,-18,9,3,3.1174912134434396
969,2533201,408385.0,3382630.0,17,60,6,3,2585.0,9.2,487,0,7,408460,3382490,489,0,7,-93.0,504,75.0,-140.0,158.8238017426859,2,91.82140989004085,-15,9,3,5.395255371687195
970,2533201,408385.0,3382630.0,17,60,6,3,2585.0,9.2,487,0,7,408750,3382860,487,0,7,-99.0,504,365.0,230.0,431.4220671222092,0,-2.216546058575659,-17,9,3,2.256547970132883
971,2533201,408385.0,3382630.0,17,60,6,3,2585.0,9.2,487,0,7,408680,3382750,486,0,7,-99.4,504,295.0,120.0,318.47291878588356,-1,7.864508121899632,-18,9,3,3.234899703136735
972,2533201,408385.0,3382630.0,17,60,6,3,2585.0,9.2,487,0,7,408505,3382605,488,0,7,-84.5,504,120.0,-25.0,122.57650672131263,1,41.76828893202065,-16,9,3,7.436812906501253
973,2533201,408385.0,3382630.0,17,60,6,3,2585.0,9.2,487,0,7,408690,3382760,486,0,5,-100.33,504,305.0,130.0,331.54939300200806,-1,6.914866327191703,-18,9,3,3.107568819627837
974,2533201,408385.0,3382630.0,17,60,6,3,2585.0,9.2,487,0,7,408715,3382735,487,0,7,-95.0,504,330.0,105.0,346.30189141845585,0,12.349875780069851,-17,9,3,2.810400370168597
975,2533201,408385.0,3382630.0,17,60,6,3,2585.0,9.2,487,0,7,408425,3382525,489,0,7,-92.82,504,40.0,-105.0,112.36102527122117,2,99.14554196042172,-15,9,3,7.603927027168231
976,2533201,408385.0,3382630.0,17,60,6,3,2585.0,9.2,487,0,7,408535,3382595,488,0,7,-85.6,504,150.0,-35.0,154.02921800749363,1,43.13402230639633,-16,9,3,5.930409785357437
977,2533201,408385.0,3382630.0,17,60,6,3,2585.0,9.2,487,0,7,408530,3382600,488,0,7,-89.0,504,145.0,-30.0,148.07092894960846,1,41.6893691754392,-16,9,3,6.167242239268735
978,2533201,408385.0,3382630.0,17,60,6,3,2585.0,9.2,487,0,7,408660,3382770,486,0,5,-102.4,504,275.0,140.0,308.58548248418947,-1,3.019769281777144,-18,9,3,3.3383188436328872
979,2533201,408385.0,3382630.0,17,60,6,3,2585.0,9.2,487,0,7,408445,3382505,489,0,7,-97.8,504,60.0,-125.0,138.6542462386205,2,94.35899417569476,-15,9,3,6.174403278046155
980,2533201,408385.0,3382630.0,17,60,6,3,2585.0,9.2,487,0,7,408440,3382510,489,0,7,-92.9,504,55.0,-120.0,132.00378782444085,2,95.37643521383643,-15,9,3,6.4828892460114185
981,2533201,408385.0,3382630.0,17,60,6,3,2585.0,9.2,487,0,7,408420,3382530,489,0,7,-92.94,504,35.0,-100.0,105.94810050208545,2,100.70995378081125,-15,9,3,8.058308151415629
982,2533201,408385.0,3382630.0,17,60,6,3,2585.0,9.2,487,0,7,408675,3382775,486,0,5,-99.42,504,290.0,145.0,324.2298567374695,-1,3.434948822922024,-18,9,3,3.177580459496676
983,2533201,408385.0,3382630.0,17,60,6,3,2585.0,9.2,487,0,7,408665,3382765,486,0,5,-103.0,504,280.0,135.0,310.84562084739105,-1,4.259291643767142,-18,9,3,3.3141004442148363
984,2533201,408385.0,3382630.0,17,60,6,3,2585.0,9.2,487,0,7,408455,3382515,488,0,7,-89.42,504,70.0,-115.0,134.6291201783626,1,88.6713071321958,-16,9,3,6.777528245018989
985,2533201,408385.0,3382630.0,17,60,6,3,2585.0,9.2,487,0,7,408435,3382535,488,0,7,-95.63,504,50.0,-95.0,107.35455276791944,1,92.24145939893992,-16,9,3,8.476900474814279
986,2533201,408385.0,3382630.0,17,60,6,3,2585.0,9.2,487,0,7,408475,3382495,488,0,7,-94.57,504,90.0,-135.0,162.24980739587951,1,86.30993247402023,-16,9,3,5.631920852473043
987,2533201,408385.0,3382630.0,17,60,6,3,2585.0,9.2,487,0,7,408470,3382500,488,0,7,-87.74,504,85.0,-130.0,155.32224567009067,1,86.82148834060729,-16,9,3,5.8813877789486
988,2533201,408385.0,3382630.0,17,60,6,3,2585.0,9.2,487,0,7,408465,3382485,489,0,7,-89.67,504,80.0,-145.0,165.60495161679194,2,91.1134182330893,-15,9,3,5.175557000249592
989,2533201,408385.0,3382630.0,17,60,6,3,2585.0,9.2,487,0,7,408450,3382520,488,0,7,-90.07,504,65.0,-110.0,127.76932339180638,1,89.42077312751098,-16,9,3,7.137747396886525
990,2533201,408385.0,3382630.0,17,60,6,3,2585.0,9.2,487,0,7,408710,3382740,487,0,7,-100.2,504,325.0,110.0,343.11076928595526,0,11.301017195818872,-17,9,3,2.8364961755904416
991,2533201,408385.0,3382630.0,17,60,6,3,2585.0,9.2,487,0,7,408390,3382325,489,0,7,-98.13,504,5.0,-305.0,305.04098085339285,2,119.06080905426438,-15,9,3,2.8151790356448654
992,2533201,408385.0,3382630.0,17,60,6,3,2585.0,9.2,487,0,7,408525,3382200,486,0,7,-100.5,504,140.0,-430.0,452.21676218380054,-1,101.96571443287019,-18,9,3,2.2793933672615054
993,2533201,408385.0,3382630.0,17,60,6,3,2585.0,9.2,487,0,7,408530,3382185,486,0,7,-88.5,504,145.0,-445.0,468.0277769534625,-1,101.9521789312289,-18,9,3,2.202467568635437
994,2533201,408385.0,3382630.0,17,60,6,3,2585.0,9.2,487,0,7,408875,3382380,486,0,7,-91.5,504,490.0,-250.0,550.0909015790027,-1,57.030860259842996,-18,9,3,1.8741560313004757
995,2533201,408385.0,3382630.0,17,60,6,3,2585.0,9.2,487,0,7,408770,3382155,487,0,7,-95.5,504,385.0,-475.0,611.432743643976,0,80.97432328648063,-17,9,3,1.5926156907135933
996,2533201,408385.0,3382630.0,17,60,6,3,2585.0,9.2,487,0,7,408935,3382320,484,0,7,-99.0,504,550.0,-310.0,631.3477647065839,-3,59.407189060733685,-20,9,3,1.8144239537524185
997,2533201,408385.0,3382630.0,17,60,6,3,2585.0,9.2,487,0,7,408625,3381970,487,0,5,-104.0,504,240.0,-660.0,702.2819946431775,0,100.01689347809997,-17,9,3,1.3866766851949928
998,2533201,408385.0,3382630.0,17,60,6,3,2585.0,9.2,487,0,7,408705,3382210,486,0,7,-92.67,504,320.0,-420.0,528.0151512977634,-1,82.69605172201659,-18,9,3,1.9524530658748578
999,2533201,408385.0,3382630.0,17,60,6,3,2585.0,9.2,487,0,7,408960,3382505,487,0,7,-93.5,504,575.0,-125.0,588.430114796991,0,42.26477372789242,-17,9,3,1.6548394952733676
1000,2533201,408385.0,3382630.0,17,60,6,3,2585.0,9.2,487,0,7,408665,3382170,486,0,5,-90.0,504,280.0,-460.0,538.5164807134504,-1,88.6713071321958,-18,9,3,1.9144079078796943
1001,2533201,408385.0,3382630.0,17,60,6,3,2585.0,9.2,487,0,7,408845,3382390,486,0,7,-90.17,504,460.0,-240.0,518.8448708429139,-1,57.55281157671777,-18,9,3,1.9869341148896076
1002,2533201,408385.0,3382630.0,17,60,6,3,2585.0,9.2,487,0,7,408865,3382370,486,0,6,-91.66,504,480.0,-260.0,545.8937625582472,-1,58.44292862436333,-18,9,3,1.8885552045905571
1003,2533201,408385.0,3382630.0,17,60,6,3,2585.0,9.2,487,0,7,408840,3382385,486,0,7,-88.92,504,455.0,-245.0,516.768807108169,-1,58.300755766006375,-18,9,3,1.994909974715231
1004,2533201,408385.0,3382630.0,17,60,6,3,2585.0,9.2,487,0,7,408815,3382360,485,0,7,-93.94,504,430.0,-270.0,507.74009099144416,-2,62.124998440387515,-19,9,3,2.1430494092774373
1005,2533201,408385.0,3382630.0,17,60,6,3,2585.0,9.2,487,0,7,408620,3381965,487,0,5,-100.25,504,235.0,-665.0,705.3013540324448,0,100.53743439063635,-17,9,3,1.3807426954662207
1006,2533201,408385.0,3382630.0,17,60,6,3,2585.0,9.2,487,0,7,408780,3382125,487,0,5,-91.5,504,395.0,-505.0,641.1318117204917,0,81.96825674137858,-17,9,3,1.518876551940908
1007,2533201,408385.0,3382630.0,17,60,6,3,2585.0,9.2,487,0,7,408870,3382375,486,0,7,-90.94,504,485.0,-255.0,547.9507277118993,-1,57.734190504985406,-18,9,3,1.881470817696765
1008,2533201,408385.0,3382630.0,17,60,6,3,2585.0,9.2,487,0,7,408860,3382365,486,0,7,-94.09,504,475.0,-265.0,543.9209501388966,-1,59.156917882312996,-18,9,3,1.8954000456751003
1009,2533201,408385.0,3382630.0,17,60,6,3,2585.0,9.2,487,0,7,408810,3382355,485,0,2,-95.33,504,425.0,-275.0,506.2114182829147,-2,62.905242922987895,-19,9,3,2.1495149938162665
1010,2533201,408385.0,3382630.0,17,60,6,3,2585.0,9.2,487,0,7,408670,3382175,486,0,7,-89.25,504,285.0,-455.0,536.8891878218446,-1,87.93805631718647,-18,9,3,1.9202060759032678
1011,2533201,408385.0,3382630.0,17,60,6,3,2585.0,9.2,487,0,7,408650,3382195,486,0,5,-87.33,504,265.0,-435.0,509.36234646860186,-1,88.65041913475699,-18,9,3,2.0238933157981647
1012,2533201,408385.0,3382630.0,17,60,6,3,2585.0,9.2,487,0,7,409185,3382690,483,0,7,-107.5,504,800.0,60.0,802.2468448052632,-4,25.710846671181002,-21,9,3,1.4994595163890014
1013,2533201,408385.0,3382630.0,17,60,6,3,2585.0,9.2,487,0,7,408700,3382205,486,0,7,-93.5,504,315.0,-425.0,529.0085065478626,-1,83.45502767717744,-18,9,3,1.9487896415571038
1014,2533201,408385.0,3382630.0,17,60,6,3,2585.0,9.2,487,0,7,408260,3382255,486,0,6,-105.25,504,-125.0,-375.0,395.28470752104744,-1,138.434948822922,-18,9,3,2.60726520921535
1015,2533201,408385.0,3382630.0,17,60,6,3,2585.0,9.2,487,0,7,408270,3382245,486,0,6,-96.5,504,-115.0,-385.0,401.8084120572888,-1,136.6309537067214,-18,9,3,2.564991021171392
1016,2533201,408385.0,3382630.0,17,60,6,3,2585.0,9.2,487,0,7,408175,3382350,484,0,5,-108.33,504,-210.0,-280.0,350.0,-3,156.86989764584402,-20,9,3,3.2704879231835653
1017,2533201,408385.0,3382630.0,17,60,6,3,2585.0,9.2,487,0,7,408205,3382400,483,0,6,-107.75,504,-180.0,-230.0,292.0616373302047,-4,158.04704253182607,-21,9,3,4.112639577085426
1018,2533201,408385.0,3382630.0,17,60,6,3,2585.0,9.2,487,0,7,408785,3382515,486,0,7,-100.0,504,400.0,-115.0,416.20307543313515,-1,46.03994330604968,-18,9,3,2.476391494030698
1019,2533201,408385.0,3382630.0,17,60,6,3,2585.0,9.2,487,0,7,408790,3382510,486,0,7,-97.5,504,405.0,-120.0,422.4038352098617,-1,46.50436138175502,-18,9,3,2.440083086192603
1020,2533201,408385.0,3382630.0,17,60,6,3,2585.0,9.2,487,0,7,408780,3382520,487,0,7,-97.5,504,395.0,-110.0,410.03048667141815,0,45.56151032532853,-17,9,3,2.3741422976211006
1021,2533201,408385.0,3382630.0,17,60,6,3,2585.0,9.2,487,0,7,408740,3382560,487,0,7,-84.0,504,355.0,-70.0,361.83559802761255,0,41.15465973892833,-17,9,3,2.6899302453076968
1022,2533201,408385.0,3382630.0,17,60,6,3,2585.0,9.2,487,0,7,408700,3382440,487,0,7,-77.95,504,315.0,-190.0,367.8654645383282,0,61.097312885779445,-17,9,3,2.6459014356804698
1023,2533201,408385.0,3382630.0,17,60,6,3,2585.0,9.2,487,0,7,409165,3382255,486,0,2,-101.0,504,780.0,-375.0,865.4623042050994,-1,55.67681568183821,-18,9,3,1.1914734597126573
1024,2533201,408385.0,3382630.0,17,60,6,3,2585.0,9.2,487,0,7,408650,3382450,487,0,7,-74.13,504,265.0,-180.0,320.3513695928269,0,64.18612248637504,-17,9,3,3.0376504447689983
1025,2533201,408385.0,3382630.0,17,60,6,3,2585.0,9.2,487,0,7,408655,3382445,487,0,7,-75.05,504,270.0,-185.0,327.29955698106284,0,64.41836447905621,-17,9,3,2.9732816327837144
1026,2533201,408385.0,3382630.0,17,60,6,3,2585.0,9.2,487,0,7,408715,3382425,486,0,7,-80.89,504,330.0,-205.0,388.4906691286163,-1,61.84905131905532,-18,9,3,2.6527972483676474
1027,2533201,408385.0,3382630.0,17,60,6,3,2585.0,9.2,487,0,7,408645,3382455,487,0,7,-73.11,504,260.0,-175.0,313.40867888429636,0,63.94358701975182,-17,9,3,3.104810843458382
1028,2533201,408385.0,3382630.0,17,60,6,3,2585.0,9.2,487,0,7,408685,3382415,487,0,7,-80.54,504,300.0,-215.0,369.08671067921154,0,65.62790729142091,-17,9,3,2.6371589707100433
1029,2533201,408385.0,3382630.0,17,60,6,3,2585.0,9.2,487,0,7,408695,3382405,487,0,7,-82.3,504,310.0,-225.0,383.0469945058961,0,65.97238704928492,-17,9,3,2.541175143714394
1030,2533201,408385.0,3382630.0,17,60,6,3,2585.0,9.2,487,0,7,408680,3382420,487,0,7,-78.81,504,295.0,-210.0,362.1118611699981,0,65.44571032759825,-17,9,3,2.6878810488497633
1031,2533201,408385.0,3382630.0,17,60,6,3,2585.0,9.2,487,0,7,408690,3382410,487,0,7,-82.22,504,305.0,-220.0,376.06515392947534,0,65.8033441083711,-17,9,3,2.5882897759280166
1032,2533201,408385.0,3382630.0,17,60,6,3,2585.0,9.2,487,0,7,408710,3382430,487,0,7,-79.9,504,325.0,-200.0,381.6084380618437,0,61.60750224624894,-17,9,3,2.5507420304869375
1033,2533201,408385.0,3382630.0,17,60,6,3,2585.0,9.2,487,0,7,408705,3382435,487,0,7,-79.04,504,320.0,-195.0,374.73323845103465,0,61.35708522400995,-17,9,3,2.5974767647722055
1034,2533201,408385.0,3382630.0,17,60,6,3,2585.0,9.2,487,0,7,408640,3382460,487,0,7,-70.33,504,255.0,-170.0,306.4718584144391,0,63.69006752597977,-17,9,3,3.1749443283029497
1035,2533201,408385.0,3382630.0,17,60,6,3,2585.0,9.2,487,0,7,409160,3382260,486,0,2,-101.5,504,775.0,-370.0,858.7927573052767,-1,55.52071253157544,-18,9,3,1.2007239693018514
1036,2533201,408385.0,3382630.0,17,60,6,3,2585.0,9.2,487,0,7,408415,3382270,488,0,2,-88.5,504,30.0,-360.0,361.24783736376884,1,115.23635830927378,-16,9,3,2.5360255065667787
1037,2533201,408385.0,3382630.0,17,60,6,3,2585.0,9.2,487,0,7,408410,3382265,488,0,5,-92.0,504,25.0,-365.0,365.8551625985343,1,116.08175113593256,-16,9,3,2.5041294795638986
1038,2533201,408385.0,3382630.0,17,60,6,3,2585.0,9.2,487,0,7,408490,3382445,489,0,2,-95.0,504,105.0,-185.0,212.72047386182646,2,90.42216131873869,-15,9,3,4.033539561139759
1039,2533201,408385.0,3382630.0,17,60,6,3,2585.0,9.2,487,0,7,408440,3382655,488,0,7,-93.0,504,55.0,25.0,60.41522986797286,1,5.556045219583439,-16,9,3,14.833333491677681
1040,2533201,408385.0,3382630.0,17,60,6,3,2585.0,9.2,487,0,7,408525,3382420,489,0,7,-94.5,504,140.0,-210.0,252.38858928247924,2,86.30993247402023,-15,9,3,3.4012113567639846
1041,2533201,408385.0,3382630.0,17,60,6,3,2585.0,9.2,487,0,7,408510,3382465,488,0,2,-89.5,504,125.0,-165.0,207.0024154448445,1,82.85331330197823,-16,9,3,4.419819769151907
1042,2533201,408385.0,3382630.0,17,60,6,3,2585.0,9.2,487,0,7,408690,3382885,486,0,5,-105.5,504,305.0,255.0,397.5550276376844,-1,-9.89783474764181,-18,9,3,2.592396253309934
1043,2533201,408385.0,3382630.0,17,60,6,3,2585.0,9.2,487,0,7,408555,3382430,489,0,2,-83.0,504,170.0,-200.0,262.48809496813374,2,79.63546342690267,-15,9,3,3.2706359327125964
1044,2533201,408385.0,3382630.0,17,60,6,3,2585.0,9.2,487,0,7,408800,3382775,488,0,7,-99.0,504,415.0,145.0,439.6020928066653,1,10.740708356232858,-16,9,3,2.0844486580386277
1045,2533201,408385.0,3382630.0,17,60,6,3,2585.0,9.2,487,0,7,408505,3382480,488,0,7,-90.63,504,120.0,-150.0,192.09372712298546,1,81.34019174590992,-16,9,3,4.761328084520052
1046,2533201,408385.0,3382630.0,17,60,6,3,2585.0,9.2,487,0,7,408550,3382425,489,0,2,-80.0,504,165.0,-205.0,263.1539473388153,2,81.1701750950296,-15,9,3,3.26237821574451
1047,2533201,408385.0,3382630.0,17,60,6,3,2585.0,9.2,487,0,7,408760,3382975,488,0,7,-107.71,504,375.0,345.0,509.5586325438909,1,-12.614055969611172,-16,9,3,1.7984807044999311
1048,2533201,408385.0,3382630.0,17,60,6,3,2585.0,9.2,487,0,7,408500,3382475,488,0,7,-87.29,504,115.0,-155.0,193.00259065618783,1,83.42696902148066,-16,9,3,4.739008996102887
1049,2533201,408385.0,3382630.0,17,60,6,3,2585.0,9.2,487,0,7,408515,3382470,488,0,7,-88.6,504,130.0,-160.0,206.15528128088303,1,80.9061411137705,-16,9,3,4.437909304952874
1050,2533201,408385.0,3382630.0,17,60,6,3,2585.0,9.2,487,0,7,408545,3382440,488,0,2,-82.0,504,160.0,-190.0,248.39484696748443,1,79.89909245378777,-16,9,3,3.685534366749157
1051,2533201,408385.0,3382630.0,17,60,6,3,2585.0,9.2,487,0,7,408930,3382805,488,0,2,-106.5,504,545.0,175.0,572.4071977185472,1,12.198127948509125,-16,9,3,1.6011221267881386
1052,2533201,408385.0,3382630.0,17,60,6,3,2585.0,9.2,487,0,7,408820,3382795,488,0,7,-102.5,504,435.0,165.0,465.2418725781247,1,9.227745317954145,-16,9,3,1.9696664670658584
1053,2533201,408385.0,3382630.0,17,60,6,3,2585.0,9.2,487,0,7,409080,3382740,484,0,2,-92.5,504,695.0,110.0,703.6511919978534,-3,21.006207601244455,-20,9,3,1.6280895514384552
1054,2533201,408385.0,3382630.0,17,60,6,3,2585.0,9.2,487,0,7,409115,3382745,483,0,7,-98.0,504,730.0,115.0,739.0027063549903,-4,21.04752666584585,-21,9,3,1.6277175291486337
1055,2533201,408385.0,3382630.0,17,60,6,3,2585.0,9.2,487,0,7,408715,3382745,487,0,7,-101.5,504,330.0,115.0,349.4638751001311,0,10.787328182814349,-17,9,3,2.785011806976594
1056,2533201,408385.0,3382630.0,17,60,6,3,2585.0,9.2,487,0,7,408685,3382735,486,0,7,-98.0,504,300.0,105.0,317.8443015062564,-1,10.709953780811247,-18,9,3,3.241283905498512
1057,2533201,408385.0,3382630.0,17,60,6,3,2585.0,9.2,487,0,7,408490,3382610,488,0,6,-91.5,504,105.0,-20.0,106.88779163215975,1,40.7842978675626,-16,9,3,8.513376393793
1058,2533201,408385.0,3382630.0,17,60,6,3,2585.0,9.2,487,0,7,408495,3382605,488,0,6,-84.0,504,110.0,-25.0,112.80514172678478,1,42.804266065286754,-16,9,3,8.072841745209116
1059,2533201,408385.0,3382630.0,17,60,6,3,2585.0,9.2,487,0,7,408415,3382525,488,0,7,-93.87,504,30.0,-105.0,109.20164833920778,1,104.0546040990771,-16,9,3,8.335549153329804
1060,2533201,408385.0,3382630.0,17,60,6,3,2585.0,9.2,487,0,7,408655,3382765,486,0,5,-101.33,504,270.0,135.0,301.8691769624716,-1,3.434948822922024,-18,9,3,3.4124196866611016
1061,2533201,408385.0,3382630.0,17,60,6,3,2585.0,9.2,487,0,7,408650,3382770,486,0,5,-101.0,504,265.0,140.0,299.7081914129142,-1,2.152421740211821,-18,9,3,3.436965480169394
1062,2533201,408385.0,3382630.0,17,60,6,3,2585.0,9.2,487,0,7,408410,3382530,488,0,7,-95.81,504,25.0,-100.0,103.07764064044152,1,105.96375653207349,-16,9,3,8.823198570633581
1063,2533201,408385.0,3382630.0,17,60,6,3,2585.0,9.2,487,0,7,408460,3382520,488,0,7,-88.81,504,75.0,-110.0,133.13526955694348,1,85.71312302279102,-16,9,3,6.852856589731667
1064,2533201,408385.0,3382630.0,17,60,6,3,2585.0,9.2,487,0,7,408475,3382505,488,0,7,-90.65,504,90.0,-125.0,154.02921800749363,1,84.24611274556327,-16,9,3,5.930409785357437
1065,2533201,408385.0,3382630.0,17,60,6,3,2585.0,9.2,487,0,7,408710,3382750,487,0,7,-97.75,504,325.0,120.0,346.44624402640017,0,9.734302529052513,-17,9,3,2.809231246153855
1066,2533201,408385.0,3382630.0,17,60,6,3,2585.0,9.2,487,0,7,408755,3382865,488,0,6,-98.13,504,370.0,235.0,438.32065887886233,1,-2.421064762506944,-16,9,3,2.0905371610826218
1067,2533201,408385.0,3382630.0,17,60,6,3,2585.0,9.2,487,0,7,408465,3382515,488,0,7,-88.6,504,80.0,-115.0,140.089257261219,1,85.17551084304318,-16,9,3,6.515683421334915
1068,2533201,408385.0,3382630.0,17,60,6,3,2585.0,9.2,487,0,7,408470,3382510,488,0,7,-88.56,504,85.0,-120.0,147.05441169852742,1,84.6887865603668,-16,9,3,6.209541547399059
1069,2533201,408385.0,3382630.0,17,60,6,3,2585.0,9.2,487,0,7,408405,3382535,488,0,7,-95.8,504,20.0,-95.0,97.082439194738,1,108.1113419603721,-16,9,3,9.358697002098447
1070,2533201,408385.0,3382630.0,17,60,6,3,2585.0,9.2,487,0,7,408400,3382540,488,0,7,-100.4,504,15.0,-90.0,91.2414379544733,1,110.53767779197437,-16,9,3,9.94619780281465
1071,2533201,408385.0,3382630.0,17,60,6,3,2585.0,9.2,487,0,7,408775,3382805,488,0,7,-100.0,504,390.0,175.0,427.46344872983,1,5.833370157014542,-16,9,3,2.1435861161516443
1072,2533201,408385.0,3382630.0,17,60,6,3,2585.0,9.2,487,0,7,408540,3382600,487,0,7,-84.5,504,155.0,-30.0,157.87653403846943,0,40.954062643398345,-17,9,3,6.145876478556893
1073,2533201,408385.0,3382630.0,17,60,6,3,2585.0,9.2,487,0,7,408495,3382465,488,0,7,-93.5,504,110.0,-165.0,198.3053201505194,1,86.30993247402023,-16,9,3,4.612841151601715
1074,2533201,408385.0,3382630.0,17,60,6,3,2585.0,9.2,487,0,7,408530,3382430,489,0,2,-85.6,504,145.0,-200.0,247.0323865407125,2,84.05788812861766,-15,9,3,3.474778281748292
1075,2533201,408385.0,3382630.0,17,60,6,3,2585.0,9.2,487,0,7,408480,3382480,488,0,7,-91.0,504,95.0,-150.0,177.55280904564702,1,87.65255650055798,-16,9,3,5.149245702572973
1076,2533201,408385.0,3382630.0,17,60,6,3,2585.0,9.2,487,0,7,408540,3382420,489,0,7,-88.0,504,155.0,-210.0,261.00766272276377,2,83.56914187983762,-15,9,3,3.289146324171115
1077,2533201,408385.0,3382630.0,17,60,6,3,2585.0,9.2,487,0,7,408485,3382475,488,0,7,-94.0,504,100.0,-155.0,184.45866745696716,1,87.17145820858752,-16,9,3,4.957444831200612
1078,2533201,408385.0,3382630.0,17,60,6,3,2585.0,9.2,487,0,7,408535,3382425,489,0,2,-87.56,504,150.0,-205.0,254.01771591761076,2,83.80679269443533,-15,9,3,3.379448620883957
1079,2533201,408385.0,3382630.0,17,60,6,3,2585.0,9.2,487,0,7,408765,3382995,488,0,7,-102.5,504,380.0,365.0,526.9013190342191,1,-13.846549548894643,-16,9,3,1.7393216143221057
1080,2533201,408385.0,3382630.0,17,60,6,3,2585.0,9.2,487,0,7,408755,3383005,488,0,7,-99.0,504,370.0,375.0,526.806416058119,1,-15.384529659584473,-16,9,3,1.7396347566327535
1081,2533201,408385.0,3382630.0,17,60,6,3,2585.0,9.2,487,0,7,408820,3382780,488,0,7,-102.5,504,435.0,150.0,460.135849505339,1,10.97439396243135,-16,9,3,1.9915059052626045
1082,2533201,408385.0,3382630.0,17,60,6,3,2585.0,9.2,487,0,7,408795,3382965,488,0,7,-97.5,504,410.0,335.0,529.4572692862002,1,-9.251336582712213,-16,9,3,1.7309301750237134
1083,2533201,408385.0,3382630.0,17,60,6,3,2585.0,9.2,487,0,7,408510,3382450,488,0,2,-89.33,504,125.0,-180.0,219.14607000811125,1,85.2221686336361,-16,9,3,4.175793633666881
1084,2533201,408385.0,3382630.0,17,60,6,3,2585.0,9.2,487,0,7,408515,3382445,488,0,2,-91.5,504,130.0,-185.0,226.10838109190027,1,84.90418321297386,-16,9,3,4.04764706057487
1085,2533201,408385.0,3382630.0,17,60,6,3,2585.0,9.2,487,0,7,408750,3383010,488,0,7,-100.5,504,365.0,380.0,526.9013190342191,1,-16.153450451105357,-16,9,3,1.7393216143221057
1086,2533201,408385.0,3382630.0,17,60,6,3,2585.0,9.2,487,0,7,408745,3383015,488,0,7,-100.33,504,360.0,385.0,527.0910737244561,1,-16.92195595893145,-16,9,3,1.7386958366698435
1087,2533201,408385.0,3382630.0,17,60,6,3,2585.0,9.2,487,0,7,408490,3382470,488,0,6,-93.0,504,105.0,-160.0,191.3765920900464,1,86.72511201516511,-16,9,3,4.779087462054803
1088,2533201,408385.0,3382630.0,17,60,6,3,2585.0,9.2,487,0,7,408180,3382370,483,0,6,-105.0,504,-205.0,-260.0,331.09666262286606,-4,158.25442035251717,-21,9,3,3.6291571626248595
1089,2533201,408385.0,3382630.0,17,60,6,3,2585.0,9.2,487,0,7,408170,3382400,482,0,6,-104.0,504,-215.0,-230.0,314.8412298286233,-5,163.06941255883302,-22,9,3,3.9971307760576793
1090,2533201,408385.0,3382630.0,17,60,6,3,2585.0,9.2,487,0,7,408205,3382345,485,0,6,-107.5,504,-180.0,-285.0,337.08307581366347,-2,152.27564431457762,-19,9,3,3.226116024297066
1091,2533201,408385.0,3382630.0,17,60,6,3,2585.0,9.2,487,0,7,408210,3382360,485,0,6,-106.67,504,-175.0,-270.0,321.7530108639234,-2,152.94921511659044,-19,9,3,3.3794775702119146
1092,2533201,408385.0,3382630.0,17,60,6,3,2585.0,9.2,487,0,7,410790,3380045,481,0,5,-101.5,504,2405.0,-2585.0,3530.7577090477334,-6,77.06588589313083,-23,9,3,0.37322988370557764
1093,2533201,408385.0,3382630.0,17,60,6,3,2585.0,9.2,487,0,7,408510,3380960,485,0,5,-102.0,504,125.0,-1670.0,1674.6716095999238,-2,115.71937600189779,-19,9,3,0.6500218304703279
1094,2533201,408385.0,3382630.0,17,60,6,3,2585.0,9.2,487,0,7,408515,3380955,485,0,5,-110.0,504,130.0,-1675.0,1680.0372019690517,-2,115.56205992423929,-19,9,3,0.6479460107577069
1095,2533201,408385.0,3382630.0,17,60,6,3,2585.0,9.2,487,0,7,408495,3382600,488,0,6,-94.5,504,110.0,-30.0,114.0175425099138,1,45.2551187030578,-16,9,3,7.9881134127929805
1096,2533201,408385.0,3382630.0,17,60,6,3,2585.0,9.2,487,0,7,408715,3382780,487,0,6,-101.7,504,330.0,150.0,362.49137920783716,0,5.556045219583439,-17,9,3,2.685071035334404
1097,2533201,408385.0,3382630.0,17,60,6,3,2585.0,9.2,487,0,7,408480,3382585,488,0,7,-94.75,504,95.0,-45.0,105.11898020814318,1,55.34617594194668,-16,9,3,8.654477391962008
1098,2533201,408385.0,3382630.0,17,60,6,3,2585.0,9.2,487,0,7,408710,3382775,486,0,7,-98.75,504,325.0,145.0,355.8791929854849,-1,5.955776730632181,-18,9,3,2.895493594003433
1099,2533201,408385.0,3382630.0,17,60,6,3,2585.0,9.2,487,0,7,408705,3382770,486,0,7,-99.5,504,320.0,140.0,349.28498393145964,-1,6.370622269343187,-18,9,3,2.9500624283512993
1100,2533201,408385.0,3382630.0,17,60,6,3,2585.0,9.2,487,0,7,408415,3382520,488,0,7,-93.83,504,30.0,-110.0,114.0175425099138,1,104.74488129694225,-16,9,3,7.9881134127929805
1101,2533201,408385.0,3382630.0,17,60,6,3,2585.0,9.2,487,0,7,408460,3382525,488,0,7,-90.73,504,75.0,-105.0,129.0348790056394,1,84.46232220802563,-16,9,3,7.068452992911071
1102,2533201,408385.0,3382630.0,17,60,6,3,2585.0,9.2,487,0,7,408405,3382510,488,0,6,-95.33,504,20.0,-120.0,121.6552506059644,1,110.53767779197437,-16,9,3,7.492492028240438
1103,2533201,408385.0,3382630.0,17,60,6,3,2585.0,9.2,487,0,7,408675,3382640,487,0,2,-96.0,504,290.0,10.0,290.17236257093816,0,28.025065989118048,-17,9,3,3.3528904869027905
1104,2533201,408385.0,3382630.0,17,60,6,3,2585.0,9.2,487,0,7,408725,3382690,487,0,7,-91.0,504,340.0,60.0,345.2535300326414,0,19.992020198558635,-17,9,3,2.8189203993905094
1105,2533201,408385.0,3382630.0,17,60,6,3,2585.0,9.2,487,0,7,408815,3382460,486,0,7,-106.0,504,430.0,-170.0,462.3851208678757,-1,51.57130719125462,-18,9,3,2.2293181370362074
1106,2533201,408385.0,3382630.0,17,60,6,3,2585.0,9.2,487,0,7,408640,3382605,487,0,7,-100.0,504,255.0,-25.0,256.2225595063791,0,35.599339336520586,-17,9,3,3.7959294049384567
1107,2533201,408385.0,3382630.0,17,60,6,3,2585.0,9.2,487,0,7,408650,3382615,487,0,7,-94.33,504,265.0,-15.0,265.42418879973997,0,33.239700296102114,-17,9,3,3.6646985282950295
1108,2533201,408385.0,3382630.0,17,60,6,3,2585.0,9.2,487,0,7,408790,3382675,487,0,7,-97.67,504,405.0,45.0,407.49233121618374,0,23.65980825409008,-17,9,3,2.388913084704831
1109,2533201,408385.0,3382630.0,17,60,6,3,2585.0,9.2,487,0,7,408785,3382670,487,0,2,-94.8,504,400.0,40.0,401.9950248448356,0,24.289406862500357,-17,9,3,2.421542989400381
1110,2533201,408385.0,3382630.0,17,60,6,3,2585.0,9.2,487,0,7,408730,3382695,487,0,7,-87.6,504,345.0,65.0,351.0697936308392,0,19.330217195503337,-17,9,3,2.7722920890216174
1111,2533201,408385.0,3382630.0,17,60,6,3,2585.0,9.2,487,0,7,408655,3382620,487,0,7,-88.56,504,270.0,-10.0,270.1851217221259,0,32.12109639666147,-17,9,3,3.6002942301406375
1112,2533201,408385.0,3382630.0,17,60,6,3,2585.0,9.2,487,0,7,408930,3382495,487,0,7,-97.0,504,545.0,-135.0,561.4712815451918,0,43.912494676520055,-17,9,3,1.7342485824923228
1113,2533201,408385.0,3382630.0,17,60,6,3,2585.0,9.2,487,0,7,408735,3382700,487,0,7,-92.5,504,350.0,70.0,356.9313659514949,0,18.69006752597977,-17,9,3,2.7268344429034745
1114,2533201,408385.0,3382630.0,17,60,6,3,2585.0,9.2,487,0,7,408990,3382315,486,0,7,-97.76,504,605.0,-315.0,682.0923691113983,-1,57.504242122813594,-18,9,3,1.5116497021518784
1115,2533201,408385.0,3382630.0,17,60,6,3,2585.0,9.2,487,0,7,408715,3382600,487,0,7,-82.86,504,330.0,-30.0,331.3608305156178,0,35.19442890773479,-17,9,3,2.936904252864297
1116,2533201,408385.0,3382630.0,17,60,6,3,2585.0,9.2,487,0,7,408925,3382490,487,0,7,-99.25,504,540.0,-140.0,557.8530272392542,0,44.53445508054011,-17,9,3,1.7454900436581944
1117,2533201,408385.0,3382630.0,17,60,6,3,2585.0,9.2,487,0,7,408660,3382625,487,0,7,-86.25,504,275.0,-5.0,275.04545078950133,0,31.04162667600997,-17,9,3,3.5368363614457254
1118,2533201,408385.0,3382630.0,17,60,6,3,2585.0,9.2,487,0,7,408995,3382320,486,0,6,-97.0,504,610.0,-310.0,684.2514157822401,-1,56.93952806380082,-18,9,3,1.5068821342456709
1119,2533201,408385.0,3382630.0,17,60,6,3,2585.0,9.2,487,0,7,408985,3382310,486,0,2,-93.88,504,600.0,-320.0,680.0,-1,58.072486935852965,-18,9,3,1.5162989004032557
1120,2533201,408385.0,3382630.0,17,60,6,3,2585.0,9.2,487,0,7,408795,3382680,487,0,7,-95.0,504,410.0,50.0,413.03752856126766,0,23.047042531826094,-17,9,3,2.356877364958935
1121,2533201,408385.0,3382630.0,17,60,6,3,2585.0,9.2,487,0,7,408720,3382685,487,0,7,-90.0,504,335.0,55.0,339.4849039353591,0,20.676408221862005,-17,9,3,2.8667410773791495
1122,2533201,408385.0,3382630.0,17,60,6,3,2585.0,9.2,487,0,7,408710,3382595,487,0,7,-77.33,504,325.0,-35.0,326.87918257362304,0,36.1466256596467,-17,9,3,2.9770984695167098
1123,2533201,408385.0,3382630.0,17,60,6,3,2585.0,9.2,487,0,7,408665,3382630,487,0,7,-87.4,504,280.0,0.0,280.0,0,30.0,-17,9,3,3.474407367531664
1124,2533201,408385.0,3382630.0,17,60,6,3,2585.0,9.2,487,0,7,408835,3382480,485,0,7,-101.0,504,450.0,-150.0,474.3416490252569,-2,48.434948822922024,-19,9,3,2.2937858457391807
1125,2533201,408385.0,3382630.0,17,60,6,3,2585.0,9.2,487,0,7,408445,3382540,488,0,6,-87.5,504,60.0,-90.0,108.16653826391968,1,86.30993247402023,-16,9,3,8.41418034588911
1126,2533201,408385.0,3382630.0,17,60,6,3,2585.0,9.2,487,0,7,408690,3382765,486,0,5,-99.4,504,305.0,135.0,333.54160160315837,-1,6.1247191460724935,-18,9,3,3.0890436955772023
1127,2533201,408385.0,3382630.0,17,60,6,3,2585.0,9.2,487,0,7,408645,3382740,486,0,7,-105.0,504,260.0,110.0,282.3118842698621,-1,7.0678995624102186,-18,9,3,3.648198886971043
1128,2533201,408385.0,3382630.0,17,60,6,3,2585.0,9.2,487,0,7,408465,3382560,488,0,6,-81.5,504,80.0,-70.0,106.30145812734649,1,71.18592516570965,-16,9,3,8.559640438125495
1129,2533201,408385.0,3382630.0,17,60,6,3,2585.0,9.2,487,0,7,408685,3382780,486,0,5,-98.25,504,300.0,150.0,335.4101966249685,-1,3.434948822922024,-18,9,3,3.071867456220387
1130,2533201,408385.0,3382630.0,17,60,6,3,2585.0,9.2,487,0,7,408695,3382770,486,0,5,-99.0,504,310.0,140.0,340.14702703389895,-1,5.695450734063286,-18,9,3,3.0291693758465685
1131,2533201,408385.0,3382630.0,17,60,6,3,2585.0,9.2,487,0,7,408450,3382525,488,0,7,-90.29,504,65.0,-105.0,123.4908903522847,1,88.24051991518718,-16,9,3,7.382356955651514
1132,2533201,408385.0,3382630.0,17,60,6,3,2585.0,9.2,487,0,7,408455,3382530,488,0,7,-95.5,504,70.0,-100.0,122.06555615733703,1,85.00797980144137,-16,9,3,7.467591823369961
1133,2533201,408385.0,3382630.0,17,60,6,3,2585.0,9.2,487,0,7,408425,3382520,489,0,7,-93.54,504,40.0,-110.0,117.04699910719626,2,100.01689347809997,-15,9,3,7.302857650310798
1134,2533201,408385.0,3382630.0,17,60,6,3,2585.0,9.2,487,0,7,408480,3382575,488,0,7,-94.3,504,95.0,-55.0,109.77249200050075,1,60.06858282186249,-16,9,3,8.292806654218083
1135,2533201,408385.0,3382630.0,17,60,6,3,2585.0,9.2,487,0,7,408430,3382505,489,0,7,-94.67,504,45.0,-125.0,132.85330255586422,2,100.20112364547504,-15,9,3,6.441784737188362
1136,2533201,408385.0,3382630.0,17,60,6,3,2585.0,9.2,487,0,7,408420,3382515,489,0,7,-93.67,504,35.0,-115.0,120.20815280171308,2,103.07248693585302,-15,9,3,7.11280512587705
1137,2533201,408385.0,3382630.0,17,60,6,3,2585.0,9.2,487,0,7,408710,3382785,486,0,7,-95.0,504,325.0,155.0,360.06943774777665,-1,4.502448506662233,-18,9,3,2.8618541420766013
1138,2533201,408385.0,3382630.0,17,60,6,3,2585.0,9.2,487,0,7,408440,3382535,488,0,7,-93.0,504,55.0,-95.0,109.77249200050075,1,89.93141717813756,-16,9,3,8.292806654218083
1139,2533201,408385.0,3382630.0,17,60,6,3,2585.0,9.2,487,0,7,408435,3382510,489,0,7,-92.53,504,50.0,-120.0,130.0,2,97.38013505195954,-15,9,3,6.581944655178011
1140,2533201,408385.0,3382630.0,17,60,6,3,2585.0,9.2,487,0,7,408680,3382775,486,0,5,-100.0,504,295.0,145.0,328.70959827787203,-1,3.8247100182400686,-18,9,3,3.1343624906247833
1141,2533201,408385.0,3382630.0,17,60,6,3,2585.0,9.2,487,0,7,408635,3382400,488,0,2,-87.67,504,250.0,-230.0,339.70575502926056,1,72.61405596961117,-16,9,3,2.6966145709662843
1142,2533201,408385.0,3382630.0,17,60,6,3,2585.0,9.2,487,0,7,408620,3382385,488,0,2,-85.5,504,235.0,-245.0,339.4849039353591,1,76.19348942398204,-16,9,3,2.698366255170078
1143,2533201,408385.0,3382630.0,17,60,6,3,2585.0,9.2,487,0,7,408630,3382395,488,0,2,-88.22,504,245.0,-235.0,339.4849039353591,1,73.80651057601796,-16,9,3,2.698366255170078
1144,2533201,408385.0,3382630.0,17,60,6,3,2585.0,9.2,487,0,7,409010,3382775,485,0,7,-98.0,504,625.0,145.0,641.599563590874,-2,16.93844891667186,-19,9,3,1.696232065942368
1145,2533201,408385.0,3382630.0,17,60,6,3,2585.0,9.2,487,0,7,408815,3382100,488,0,5,-100.25,504,430.0,-530.0,682.4954212300622,1,80.94686305397352,-16,9,3,1.342960781980063
1146,2533201,408385.0,3382630.0,17,60,6,3,2585.0,9.2,487,0,7,408765,3382370,485,0,7,-88.5,504,380.0,-260.0,460.43457732885355,-2,64.38034472384487,-19,9,3,2.362990494878608
1147,2533201,408385.0,3382630.0,17,60,6,3,2585.0,9.2,487,0,7,408770,3382375,485,0,7,-88.9,504,385.0,-255.0,461.7899955607527,-2,63.51800864525194,-19,9,3,2.356062614662483
1148,2533201,408385.0,3382630.0,17,60,6,3,2585.0,9.2,487,0,7,408775,3382380,485,0,7,-88.4,504,390.0,-250.0,463.24939287601876,-2,62.66091272167381,-19,9,3,2.3486485198746565
1149,2533201,408385.0,3382630.0,17,60,6,3,2585.0,9.2,487,0,7,408780,3382385,485,0,6,-87.97,504,395.0,-245.0,464.81178986768396,-2,61.809389287793124,-19,9,3,2.340762676882321
1150,2533201,408385.0,3382630.0,17,60,6,3,2585.0,9.2,487,0,7,408785,3382390,485,0,7,-88.9,504,400.0,-240.0,466.47615158762403,-2,60.96375653207349,-19,9,3,2.3324202023097502
1151,2533201,408385.0,3382630.0,17,60,6,3,2585.0,9.2,487,0,7,408725,3382330,486,0,2,-97.5,504,340.0,-300.0,453.43136195018536,-1,71.42366562500263,-18,9,3,2.2732940050164117
1152,2533201,408385.0,3382630.0,17,60,6,3,2585.0,9.2,487,0,7,408790,3382395,485,0,7,-87.44,504,405.0,-235.0,468.2413907377262,-2,60.12431799836122,-19,9,3,2.3236367884746807
1153,2533201,408385.0,3382630.0,17,60,6,3,2585.0,9.2,487,0,7,408795,3382400,485,0,7,-85.39,504,410.0,-230.0,470.1063709417263,-2,59.29136217098426,-19,9,3,2.3144286283514286
1154,2533201,408385.0,3382630.0,17,60,6,3,2585.0,9.2,487,0,7,409110,3382715,484,0,7,-88.33,504,725.0,85.0,729.9657526213131,-3,23.31309067381767,-20,9,3,1.569428396432837
1155,2533201,408385.0,3382630.0,17,60,6,3,2585.0,9.2,487,0,7,408510,3382420,489,0,7,-92.5,504,125.0,-210.0,244.38698819699874,2,89.2372804657611,-15,9,3,3.5122978091693846
1156,2533201,408385.0,3382630.0,17,60,6,3,2585.0,9.2,487,0,7,408385,3382605,487,0,7,-94.33,504,0.0,-25.0,25.0,0,120.0,-17,9,3,34.2157021324374
1157,2533201,408385.0,3382630.0,17,60,6,3,2585.0,9.2,487,0,7,408900,3382810,488,0,2,-95.67,504,515.0,180.0,545.5501810099599,1,10.734735690820003,-16,9,3,1.679900033760189
1158,2533201,408385.0,3382630.0,17,60,6,3,2585.0,9.2,487,0,7,408845,3382785,488,0,2,-98.67,504,460.0,155.0,485.41219597368996,1,11.378420633512405,-16,9,3,1.8878814637044083
1159,2533201,408385.0,3382630.0,17,60,6,3,2585.0,9.2,487,0,7,408840,3382790,488,0,2,-101.33,504,455.0,160.0,482.3121395942673,1,10.625860231342415,-16,9,3,1.9000069370631196
1160,2533201,408385.0,3382630.0,17,60,6,3,2585.0,9.2,487,0,7,408535,3382475,488,0,6,-83.62,504,150.0,-155.0,215.6965461012299,1,75.93919094573562,-16,9,3,4.242333050907641
1161,2533201,408385.0,3382630.0,17,60,6,3,2585.0,9.2,487,0,7,408585,3382485,487,0,7,-75.35,504,200.0,-145.0,247.0323865407125,0,65.94211187138234,-17,9,3,3.936710608240746
1162,2533201,408385.0,3382630.0,17,60,6,3,2585.0,9.2,487,0,7,408555,3382455,488,0,2,-82.38,504,170.0,-175.0,243.97745797511703,1,75.83031548625797,-16,9,3,3.752074717223593
1163,2533201,408385.0,3382630.0,17,60,6,3,2585.0,9.2,487,0,7,408550,3382460,488,0,2,-82.56,504,165.0,-170.0,236.90715480964266,1,75.85509739626673,-16,9,3,3.8637180907492596
1164,2533201,408385.0,3382630.0,17,60,6,3,2585.0,9.2,487,0,7,408520,3382470,488,0,7,-84.82,504,135.0,-160.0,209.34421415458323,1,79.84400037508067,-16,9,3,4.370570742732061
1165,2533201,408385.0,3382630.0,17,60,6,3,2585.0,9.2,487,0,7,408545,3382445,488,0,2,-81.88,504,160.0,-185.0,244.59149617270018,1,79.14462374110428,-16,9,3,3.74268207367395
1166,2533201,408385.0,3382630.0,17,60,6,3,2585.0,9.2,487,0,7,408485,3382425,489,0,2,-101.5,504,100.0,-205.0,228.08989455914087,2,93.99665415548861,-15,9,3,3.762555649355903
1167,2533201,408385.0,3382630.0,17,60,6,3,2585.0,9.2,487,0,7,408490,3382440,489,0,2,-101.5,504,105.0,-190.0,217.0829334609241,2,91.07357416474639,-15,9,3,3.952741840752806
1168,2533201,408385.0,3382630.0,17,60,6,3,2585.0,9.2,487,0,7,408745,3382965,488,0,7,-108.75,504,360.0,335.0,491.7570538385799,1,-12.939888976276848,-16,9,3,1.86354050423035
1169,2533201,408385.0,3382630.0,17,60,6,3,2585.0,9.2,487,0,7,408530,3382480,488,0,7,-84.85,504,145.0,-150.0,208.62646045025065,1,75.97102193107918,-16,9,3,4.385548593700501
1170,2533201,408385.0,3382630.0,17,60,6,3,2585.0,9.2,487,0,7,408540,3382450,488,0,2,-82.32,504,155.0,-180.0,237.53947040439405,1,79.26789330029084,-16,9,3,3.8534641365986566
1171,2533201,408385.0,3382630.0,17,60,6,3,2585.0,9.2,487,0,7,408525,3382465,488,0,2,-87.67,504,140.0,-165.0,216.390850083824,1,79.68589983950267,-16,9,3,4.228770709098208
1172,2533201,408385.0,3382630.0,17,60,6,3,2585.0,9.2,487,0,7,408580,3382490,487,0,7,-78.6,504,195.0,-140.0,240.05207768315609,0,65.676408221862,-17,9,3,4.050807778730455
1173,2533201,408385.0,3382630.0,17,60,6,3,2585.0,9.2,487,0,7,408760,3382360,485,0,2,-90.5,504,375.0,-270.0,462.0876540224809,-2,65.75388725443679,-19,9,3,2.3545466416130503
1174,2533201,408385.0,3382630.0,17,60,6,3,2585.0,9.2,487,0,7,408790,3382330,484,0,2,-90.5,504,405.0,-300.0,504.0089284923433,-3,66.52885536698517,-20,9,3,2.2724095186548463
1175,2533201,408385.0,3382630.0,17,60,6,3,2585.0,9.2,487,0,7,408735,3382385,486,0,7,-88.68,504,350.0,-245.0,427.2294465506796,-1,64.99202019855869,-18,9,3,2.412554786381994
1176,2533201,408385.0,3382630.0,17,60,6,3,2585.0,9.2,487,0,7,408720,3382400,486,0,6,-82.8,504,335.0,-230.0,406.3557554655772,-1,64.47221388003646,-18,9,3,2.5363250623234648
1177,2533201,408385.0,3382630.0,17,60,6,3,2585.0,9.2,487,0,7,408725,3382395,486,0,7,-85.65,504,340.0,-235.0,413.3098111586513,-1,64.65131591200452,-18,9,3,2.4937049994740548
1178,2533201,408385.0,3382630.0,17,60,6,3,2585.0,9.2,487,0,7,408740,3382380,485,0,7,-90.67,504,355.0,-250.0,434.1946568072896,-2,65.15417763214742,-19,9,3,2.505617555309905
1179,2533201,408385.0,3382630.0,17,60,6,3,2585.0,9.2,487,0,7,408730,3382390,486,0,7,-85.74,504,345.0,-240.0,420.267771783657,-1,64.82448915695682,-18,9,3,2.4524700086306632
1180,2533201,408385.0,3382630.0,17,60,6,3,2585.0,9.2,487,0,7,408615,3382400,488,0,2,-83.67,504,230.0,-230.0,325.2691193458119,1,75.0,-16,9,3,2.8161116311868595
1181,2533201,408385.0,3382630.0,17,60,6,3,2585.0,9.2,487,0,7,409160,3382715,483,0,7,-90.5,504,775.0,85.0,779.6473561809852,-4,23.740963694877735,-21,9,3,1.542903348594048
1182,2533201,408385.0,3382630.0,17,60,6,3,2585.0,9.2,487,0,7,408630,3381965,487,0,5,-101.25,504,245.0,-665.0,708.6959855960805,0,99.77514056883194,-17,9,3,1.3741315231231415
1183,2533201,408385.0,3382630.0,17,60,6,3,2585.0,9.2,487,0,7,408775,3382150,487,0,7,-99.5,504,390.0,-480.0,618.4658438426491,0,80.9061411137705,-17,9,3,1.5745138745265748
1184,2533201,408385.0,3382630.0,17,60,6,3,2585.0,9.2,487,0,7,408675,3382170,486,0,7,-87.0,504,290.0,-460.0,543.7830449729009,-1,87.7712425649014,-18,9,3,1.8958803746065962
1185,2533201,408385.0,3382630.0,17,60,6,3,2585.0,9.2,487,0,7,408665,3382180,486,0,5,-87.75,504,280.0,-450.0,530.0,-1,88.1092081981543,-18,9,3,1.94514676141429
1186,2533201,408385.0,3382630.0,17,60,6,3,2585.0,9.2,487,0,7,409190,3382685,483,0,7,-97.0,504,805.0,55.0,806.8766944211488,-4,26.091455705540568,-21,9,3,1.4908595283857726
1187,2533201,408385.0,3382630.0,17,60,6,3,2585.0,9.2,487,0,7,408805,3382360,485,0,7,-90.89,504,420.0,-270.0,499.29950931279717,-2,62.73522627210758,-19,9,3,2.1792426914669196
1188,2533201,408385.0,3382630.0,17,60,6,3,2585.0,9.2,487,0,7,408870,3382365,486,0,7,-93.59,504,485.0,-265.0,552.675311552814,-1,58.65182845264877,-18,9,3,1.865398344109582
1189,2533201,408385.0,3382630.0,17,60,6,3,2585.0,9.2,487,0,7,408620,3381975,487,0,5,-107.5,504,235.0,-655.0,695.8807369082722,0,100.26309850449911,-17,9,3,1.3994273774333523
1190,2533201,408385.0,3382630.0,17,60,6,3,2585.0,9.2,487,0,7,408875,3382370,486,0,6,-91.71,504,490.0,-260.0,554.7071299343465,-1,57.95096902789021,-18,9,3,1.8585704391381317
1191,2533201,408385.0,3382630.0,17,60,6,3,2585.0,9.2,487,0,7,408660,3382175,486,0,6,-81.0,504,275.0,-455.0,531.6483800407935,-1,88.85141901380496,-18,9,3,1.9391204297730782
1192,2533201,408385.0,3382630.0,17,60,6,3,2585.0,9.2,487,0,7,408670,3382165,486,0,7,-90.33,504,285.0,-465.0,545.3897688809353,-1,88.49573328079583,-18,9,3,1.890299149419533
1193,2533201,408385.0,3382630.0,17,60,6,3,2585.0,9.2,487,0,7,408715,3382210,486,0,7,-88.5,504,330.0,-420.0,534.1348144429456,-1,81.84277341263095,-18,9,3,1.9301005337764325
1194,2533201,408385.0,3382630.0,17,60,6,3,2585.0,9.2,487,0,7,408850,3382385,486,0,7,-89.66,504,465.0,-245.0,525.594901040716,-1,57.78392641220927,-18,9,3,1.9614366812289015
1195,2533201,408385.0,3382630.0,17,60,6,3,2585.0,9.2,487,0,7,408865,3382380,486,0,7,-90.44,504,480.0,-250.0,541.2023651093923,-1,57.51200262385146,-18,9,3,1.9049140827225086
1196,2533201,408385.0,3382630.0,17,60,6,3,2585.0,9.2,487,0,7,408860,3382375,486,0,6,-91.06,504,475.0,-255.0,539.1196527673611,-1,58.22877618136954,-18,9,3,1.9122676417056816
1197,2533201,408385.0,3382630.0,17,60,6,3,2585.0,9.2,487,0,7,408925,3382320,484,0,2,-98.5,504,540.0,-310.0,622.6556030423238,-3,59.859016164923105,-20,9,3,1.8397357035021957
1198,2533201,408385.0,3382630.0,17,60,6,3,2585.0,9.2,487,0,7,408625,3381980,487,0,5,-105.67,504,240.0,-650.0,692.8924880528003,0,99.73430252905246,-17,9,3,1.4054602953992863
1199,2533201,408385.0,3382630.0,17,60,6,3,2585.0,9.2,487,0,7,408765,3382160,487,0,7,-101.5,504,380.0,-470.0,604.400529450463,0,81.0440921622411,-17,9,3,1.6111361009024316
1200,2533201,408385.0,3382630.0,17,60,6,3,2585.0,9.2,487,0,7,408620,3382400,488,0,2,-87.92,504,235.0,-230.0,328.8236609491476,1,74.38394009160078,-16,9,3,2.785718038533419
1201,2533201,408385.0,3382630.0,17,60,6,3,2585.0,9.2,487,0,7,408625,3382395,488,0,2,-89.14,504,240.0,-235.0,335.8943286213687,1,74.39690880561943,-16,9,3,2.7271673887642103
1202,2533201,408385.0,3382630.0,17,60,6,3,2585.0,9.2,487,0,7,408635,3382385,488,0,2,-88.33,504,250.0,-245.0,350.03571246374275,1,74.42127443439222,-16,9,3,2.6171466924543694
1203,2533201,408385.0,3382630.0,17,60,6,3,2585.0,9.2,487,0,7,408630,3382390,488,0,2,-86.75,504,245.0,-240.0,342.96501279285036,1,74.40934278535332,-16,9,3,2.6710254511087905
1204,2533201,408385.0,3382630.0,17,60,6,3,2585.0,9.2,487,0,7,408735,3382380,486,0,7,-87.0,504,350.0,-250.0,430.11626335213134,-1,65.53767779197437,-18,9,3,2.396381352401781
1205,2533201,408385.0,3382630.0,17,60,6,3,2585.0,9.2,487,0,7,408795,3382360,485,0,7,-89.75,504,410.0,-270.0,490.9175083453431,-2,63.36636600105959,-19,9,3,2.216414617931107
1206,2533201,408385.0,3382630.0,17,60,6,3,2585.0,9.2,487,0,7,408750,3382395,485,0,7,-85.65,504,365.0,-235.0,434.1082814229648,-2,62.77487732426425,-19,9,3,2.5061154674267185
1207,2533201,408385.0,3382630.0,17,60,6,3,2585.0,9.2,487,0,7,408745,3382390,485,0,6,-85.36,504,360.0,-240.0,432.6661530556787,-2,63.69006752597977,-19,9,3,2.514457948664683
1208,2533201,408385.0,3382630.0,17,60,6,3,2585.0,9.2,487,0,7,408740,3382385,486,0,7,-88.48,504,355.0,-245.0,431.335136523794,-1,64.61114218453037,-18,9,3,2.389617483822982
1209,2533201,408385.0,3382630.0,17,60,6,3,2585.0,9.2,487,0,7,408765,3382330,484,0,2,-90.0,504,380.0,-300.0,484.1487374764082,-3,68.29016319224309,-20,9,3,2.3655218718573785
1210,2533201,408385.0,3382630.0,17,60,6,3,2585.0,9.2,487,0,7,408755,3382400,485,0,7,-86.2,504,370.0,-230.0,435.6604182158393,-2,61.86597769360367,-19,9,3,2.4971981986601826
1211,2533201,408385.0,3382630.0,17,60,6,3,2585.0,9.2,487,0,7,410775,3380045,481,0,5,-105.67,504,2390.0,-2585.0,3520.557484262968,-6,77.24461520663834,-23,9,3,0.3743112239657283
1212,2533201,408385.0,3382630.0,17,60,6,3,2585.0,9.2,487,0,7,408260,3382135,484,0,5,-106.0,504,-125.0,-495.0,510.5389309347525,-3,134.17233770013195,-20,9,3,2.2433743568881703
1213,2533201,408385.0,3382630.0,17,60,6,3,2585.0,9.2,487,0,7,408265,3382140,484,0,6,-105.0,504,-120.0,-490.0,504.47993022517755,-3,133.76078511179125,-20,9,3,2.270290131373507
1214,2533201,408385.0,3382630.0,17,60,6,3,2585.0,9.2,487,0,7,408420,3382260,488,0,5,-94.5,504,35.0,-370.0,371.6517186829626,1,114.59620863975033,-16,9,3,2.4651217786521924
1215,2533201,408385.0,3382630.0,17,60,6,3,2585.0,9.2,487,0,7,409225,3382735,484,0,14,-96.5,504,840.0,105.0,846.5370635713477,-3,22.874983651098205,-20,9,3,1.3533990476556508
1216,2533201,408385.0,3382630.0,17,60,6,3,2585.0,9.2,487,0,7,408165,3382470,480,0,5,-98.0,504,-220.0,-160.0,272.02941017470886,-7,173.9726266148964,-24,9,3,5.041908719993159
1217,2533201,408385.0,3382630.0,17,60,6,3,2585.0,9.2,487,0,7,408265,3382250,486,0,6,-100.5,504,-120.0,-380.0,398.4971769034255,-1,137.52556837372288,-18,9,3,2.586275497326568
1218,2533201,408385.0,3382630.0,17,60,6,3,2585.0,9.2,487,0,7,408215,3382400,484,0,6,-107.0,504,-170.0,-230.0,286.0069929215018,-3,156.46923439005187,-20,9,3,4.000088272766774
1219,2533201,408385.0,3382630.0,17,60,6,3,2585.0,9.2,487,0,7,408910,3382380,487,0,7,-94.0,504,525.0,-250.0,581.4851674806504,0,55.46334506187162,-17,9,3,1.6745928243310018
1220,2533201,408385.0,3382630.0,17,60,6,3,2585.0,9.2,487,0,7,408905,3382365,486,0,7,-92.71,504,520.0,-265.0,583.6308764964376,-1,57.00409070275964,-18,9,3,1.7665227514518618
1221,2533201,408385.0,3382630.0,17,60,6,3,2585.0,9.2,487,0,7,408920,3382350,486,0,7,-94.2,504,535.0,-280.0,603.8418667167755,-1,57.625962867342196,-18,9,3,1.7074316606559947
1222,2533201,408385.0,3382630.0,17,60,6,3,2585.0,9.2,487,0,7,408945,3382325,485,0,7,-94.67,504,560.0,-305.0,637.6715455467651,-2,58.57460499009915,-19,9,3,1.7066745920395723
1223,2533201,408385.0,3382630.0,17,60,6,3,2585.0,9.2,487,0,7,408925,3382345,485,0,7,-95.43,504,540.0,-285.0,610.5939731114286,-2,57.82409638425327,-19,9,3,1.7823114848014754
1224,2533201,408385.0,3382630.0,17,60,6,3,2585.0,9.2,487,0,7,408940,3382330,485,0,7,-95.2,504,555.0,-300.0,630.8922253443927,-2,58.393019421382974,-19,9,3,1.7250028259471377
1225,2533201,408385.0,3382630.0,17,60,6,3,2585.0,9.2,487,0,7,408935,3382355,486,0,7,-91.75,504,550.0,-275.0,614.9186938124421,-1,56.565051177077976,-18,9,3,1.6766925877509773
1226,2533201,408385.0,3382630.0,17,60,6,3,2585.0,9.2,487,0,7,408950,3382340,485,0,7,-91.33,504,565.0,-290.0,635.0787352761861,-2,57.170265774322786,-19,9,3,1.7136382173263147
1227,2533201,408385.0,3382630.0,17,60,6,3,2585.0,9.2,487,0,7,408955,3382335,485,0,7,-96.44,504,570.0,-295.0,641.8138359368704,-2,57.363546927391724,-19,9,3,1.695666102136283
1228,2533201,408385.0,3382630.0,17,60,6,3,2585.0,9.2,487,0,7,408900,3382370,486,0,7,-93.4,504,515.0,-260.0,576.909871643743,-1,56.787126729771444,-18,9,3,1.7870894881586168
1229,2533201,408385.0,3382630.0,17,60,6,3,2585.0,9.2,487,0,7,409210,3382720,483,0,5,-93.0,504,825.0,90.0,829.8945716173832,-4,23.77417093557426,-21,9,3,1.449527082906144
1230,2533201,408385.0,3382630.0,17,60,6,3,2585.0,9.2,487,0,7,408660,3382130,486,0,7,-96.5,504,275.0,-500.0,570.6356105256664,-1,91.18920625702697,-18,9,3,1.8067259686949813
1231,2533201,408385.0,3382630.0,17,60,6,3,2585.0,9.2,487,0,7,408920,3381670,486,0,5,-106.0,504,535.0,-960.0,1099.0109189630466,-1,90.86944042684104,-18,9,3,0.9383271908002545
1232,2533201,408385.0,3382630.0,17,60,6,3,2585.0,9.2,487,0,7,408750,3382585,486,0,7,-80.0,504,365.0,-45.0,367.76351096866586,-1,37.0283962389496,-18,9,3,2.802077008768387
1233,2533201,408385.0,3382630.0,17,60,6,3,2585.0,9.2,487,0,7,408805,3382500,486,0,7,-98.33,504,420.0,-130.0,439.65895873961216,-1,47.19854122006586,-18,9,3,2.3444271321235886
1234,2533201,408385.0,3382630.0,17,60,6,3,2585.0,9.2,487,0,7,408835,3382510,486,0,7,-100.0,504,450.0,-120.0,465.72524088780074,-1,44.931417178137565,-18,9,3,2.2133457200926947
1235,2533201,408385.0,3382630.0,17,60,6,3,2585.0,9.2,487,0,7,408700,3382715,486,0,7,-97.6,504,315.0,85.0,326.266762021509,-1,14.898901838614563,-18,9,3,3.15778288472788
1236,2533201,408385.0,3382630.0,17,60,6,3,2585.0,9.2,487,0,7,408755,3382590,486,0,7,-80.2,504,370.0,-40.0,372.1558813185679,-1,36.170175095029606,-18,9,3,2.769057270155287
1237,2533201,408385.0,3382630.0,17,60,6,3,2585.0,9.2,487,0,7,408685,3382700,486,0,7,-95.67,504,300.0,70.0,308.05843601498725,-1,16.865977693603668,-18,9,3,3.3440173070310375
1238,2533201,408385.0,3382630.0,17,60,6,3,2585.0,9.2,487,0,7,408690,3382685,486,0,7,-93.0,504,305.0,55.0,309.9193443462347,-1,19.7778313663639,-18,9,3,3.3239833391155003
1239,2533201,408385.0,3382630.0,17,60,6,3,2585.0,9.2,487,0,7,408720,3382575,487,0,7,-76.0,504,335.0,-55.0,339.4849039353591,0,39.323591778137995,-17,9,3,2.8667410773791495
1240,2533201,408385.0,3382630.0,17,60,6,3,2585.0,9.2,487,0,7,408650,3382645,487,0,2,-106.0,504,265.0,15.0,265.42418879973997,0,26.760299703897886,-17,9,3,3.6646985282950295
1241,2533201,408385.0,3382630.0,17,60,6,3,2585.0,9.2,487,0,7,408745,3382600,487,0,7,-80.0,504,360.0,-30.0,361.24783736376884,0,34.76364169072616,-17,9,3,2.6943003956157963
1242,2533201,408385.0,3382630.0,17,60,6,3,2585.0,9.2,487,0,7,408635,3382790,486,0,5,-108.5,504,250.0,160.0,296.8164415931166,-1,-2.619243071192841,-18,9,3,3.470368854775029
1243,2533201,408385.0,3382630.0,17,60,6,3,2585.0,9.2,487,0,7,408820,3382515,486,0,7,-97.4,504,435.0,-115.0,449.9444410146657,-1,44.8083770390424,-18,9,3,2.2908925850433834
1244,2533201,408385.0,3382630.0,17,60,6,3,2585.0,9.2,487,0,7,408830,3382505,486,0,7,-99.33,504,445.0,-125.0,462.22288995678264,-1,45.68999292908387,-18,9,3,2.2300997928603192
1245,2533201,408385.0,3382630.0,17,60,6,3,2585.0,9.2,487,0,7,408965,3382340,486,0,6,-93.29,504,580.0,-290.0,648.459713474939,-1,56.565051177077976,-18,9,3,1.5900128410873888
1246,2533201,408385.0,3382630.0,17,60,6,3,2585.0,9.2,487,0,7,409080,3382295,487,0,7,-93.33,504,695.0,-335.0,771.5244649393823,0,55.73473569082,-17,9,3,1.2622680268772093
1247,2533201,408385.0,3382630.0,17,60,6,3,2585.0,9.2,487,0,7,408975,3382330,486,0,6,-95.17,504,590.0,-300.0,661.8912297349165,-1,56.95217893122896,-18,9,3,1.557763355429302
1248,2533201,408385.0,3382630.0,17,60,6,3,2585.0,9.2,487,0,7,408740,3382595,487,0,7,-84.25,504,355.0,-35.0,356.72117963473937,0,35.63068275763527,-17,9,3,2.728438713955466
1249,2533201,408385.0,3382630.0,17,60,6,3,2585.0,9.2,487,0,7,408675,3382670,486,0,7,-92.75,504,290.0,40.0,292.7456233660889,-1,22.146686698021767,-18,9,3,3.518506185462338
1250,2533201,408385.0,3382630.0,17,60,6,3,2585.0,9.2,487,0,7,408960,3382335,485,0,7,-97.0,504,575.0,-295.0,646.2584622269948,-2,57.159795692296484,-19,9,3,1.684010939498814
1251,2533201,408385.0,3382630.0,17,60,6,3,2585.0,9.2,487,0,7,409090,3382285,487,0,6,-95.4,504,705.0,-345.0,784.8885271170677,0,56.07535558394875,-17,9,3,1.2407825437798254
1252,2533201,408385.0,3382630.0,17,60,6,3,2585.0,9.2,487,0,7,408970,3382325,485,0,7,-98.41,504,585.0,-305.0,659.7347952018296,-2,57.536073108157154,-19,9,3,1.6496310308596671
1253,2533201,408385.0,3382630.0,17,60,6,3,2585.0,9.2,487,0,7,408705,3382720,486,0,7,-98.5,504,320.0,90.0,332.41540277189324,-1,14.291362170984257,-18,9,3,3.0994887762851095
1254,2533201,408385.0,3382630.0,17,60,6,3,2585.0,9.2,487,0,7,408670,3382665,486,0,7,-95.0,504,285.0,35.0,287.14108030722457,-1,22.99873244250466,-18,9,3,3.5870043072512954
1255,2533201,408385.0,3382630.0,17,60,6,3,2585.0,9.2,487,0,7,409065,3382280,487,0,7,-96.0,504,680.0,-350.0,764.7875521999557,0,57.235146699302504,-17,9,3,1.273383534427537
1256,2533201,408385.0,3382630.0,17,60,6,3,2585.0,9.2,487,0,7,408600,3382605,487,0,7,-91.0,504,215.0,-25.0,216.44860821913363,0,36.63251461513846,-17,9,3,4.490825030000667
1257,2533201,408385.0,3382630.0,17,60,6,3,2585.0,9.2,487,0,7,408655,3382820,485,0,7,-105.5,504,270.0,190.0,330.15148038438355,-2,-5.134193056915649,-19,9,3,3.293701371238508
1258,2533201,408385.0,3382630.0,17,60,6,3,2585.0,9.2,487,0,7,408740,3382745,487,0,7,-95.0,504,355.0,115.0,373.1621631409058,0,12.05059700708614,-17,9,3,2.6083975056515394
1259,2533201,408385.0,3382630.0,17,60,6,3,2585.0,9.2,487,0,7,408755,3382760,488,0,7,-98.0,504,370.0,130.0,392.17343102255154,1,10.641005824305296,-16,9,3,2.33627337694617
1260,2533201,408385.0,3382630.0,17,60,6,3,2585.0,9.2,487,0,7,408750,3382755,488,0,7,-101.5,504,365.0,125.0,385.8108344772085,1,11.095424157388322,-16,9,3,2.3747582594065015
1261,2533201,408385.0,3382630.0,17,60,6,3,2585.0,9.2,487,0,7,408360,3382525,487,0,7,-95.5,504,-25.0,-105.0,107.93516572461452,0,133.3924977537511,-17,9,3,8.95066815756681
1262,2533201,408385.0,3382630.0,17,60,6,3,2585.0,9.2,487,0,7,408605,3382610,487,0,7,-82.0,504,220.0,-20.0,220.90722034374522,0,35.19442890773479,-17,9,3,4.400545528775887
1263,2533201,408385.0,3382630.0,17,60,6,3,2585.0,9.2,487,0,7,408385,3382550,487,0,7,-102.67,504,0.0,-80.0,80.0,0,120.0,-17,9,3,11.996899307923579
1264,2533201,408385.0,3382630.0,17,60,6,3,2585.0,9.2,487,0,7,408595,3382600,487,0,7,-82.71,504,210.0,-30.0,212.13203435596427,0,38.13010235415595,-17,9,3,4.581821462206414
1265,2533201,408385.0,3382630.0,17,60,6,3,2585.0,9.2,487,0,7,408745,3382750,487,0,7,-97.0,504,360.0,120.0,379.4733192202055,0,11.565051177077976,-17,9,3,2.565074747231227
1266,2533201,408385.0,3382630.0,17,60,6,3,2585.0,9.2,487,0,7,408650,3382815,486,0,7,-108.0,504,265.0,185.0,323.18725222384626,-1,-4.919402012457681,-18,9,3,3.187810250133889
1267,2533201,408385.0,3382630.0,17,60,6,3,2585.0,9.2,487,0,7,408375,3382540,487,0,7,-99.4,504,-10.0,-90.0,90.55385138137417,0,126.34019174590989,-17,9,3,10.632584148072777
1268,2533201,408385.0,3382630.0,17,60,6,3,2585.0,9.2,487,0,7,408370,3382535,487,0,7,-95.14,504,-15.0,-95.0,96.17692030835673,0,128.9726266148964,-17,9,3,10.023926003083902
1269,2533201,408385.0,3382630.0,17,60,6,3,2585.0,9.2,487,0,7,408475,3382480,488,0,7,-91.0,504,90.0,-150.0,174.92855684535903,1,89.03624346792651,-16,9,3,5.226069314692103
1270,2533201,408385.0,3382630.0,17,60,6,3,2585.0,9.2,487,0,7,408610,3382410,488,0,2,-89.0,504,225.0,-220.0,314.6823795511913,1,74.35625428582466,-16,9,3,2.9106927306418178
1271,2533201,408385.0,3382630.0,17,60,6,3,2585.0,9.2,487,0,7,408485,3382535,488,0,6,-91.33,504,100.0,-95.0,137.93114224133723,1,73.5311992856142,-16,9,3,6.6167327744284234
1272,2533201,408385.0,3382630.0,17,60,6,3,2585.0,9.2,487,0,7,408730,3382930,488,0,7,-110.0,504,345.0,300.0,457.1925196238451,1,-11.009086901570242,-16,9,3,2.0043164674495526
1273,2533201,408385.0,3382630.0,17,60,6,3,2585.0,9.2,487,0,7,408735,3382925,488,0,7,-106.5,504,350.0,295.0,457.73900860643283,1,-10.12610357779522,-16,9,3,2.0019254868653653
1274,2533201,408385.0,3382630.0,17,60,6,3,2585.0,9.2,487,0,7,408580,3382480,487,0,7,-74.88,504,195.0,-150.0,246.01829200285087,0,67.56859202882748,-17,9,3,3.9528865060053633
1275,2533201,408385.0,3382630.0,17,60,6,3,2585.0,9.2,487,0,7,408620,3382440,488,0,7,-74.31,504,235.0,-190.0,302.2002647252315,1,68.9559078377589,-16,9,3,3.030696626078486
1276,2533201,408385.0,3382630.0,17,60,6,3,2585.0,9.2,487,0,7,408590,3382470,487,0,7,-71.21,504,205.0,-160.0,260.0480724789169,0,67.9716037610504,-17,9,3,3.7402479637165404
1277,2533201,408385.0,3382630.0,17,60,6,3,2585.0,9.2,487,0,7,408595,3382465,488,0,6,-71.25,504,210.0,-165.0,267.0674072214728,1,68.15722658736905,-16,9,3,3.428490423371928
1278,2533201,408385.0,3382630.0,17,60,6,3,2585.0,9.2,487,0,7,408575,3382445,488,0,2,-78.84,504,190.0,-185.0,265.1886121235224,1,74.23610153906998,-16,9,3,3.4527218655177183
1279,2533201,408385.0,3382630.0,17,60,6,3,2585.0,9.2,487,0,7,408520,3382500,488,0,6,-79.75,504,135.0,-130.0,187.41664813991312,1,73.9190758133393,-16,9,3,4.879582699531883
1280,2533201,408385.0,3382630.0,17,60,6,3,2585.0,9.2,487,0,7,408530,3382490,488,0,7,-83.03,504,145.0,-140.0,201.55644370746373,1,73.99491399474584,-16,9,3,4.538749022543304
1281,2533201,408385.0,3382630.0,17,60,6,3,2585.0,9.2,487,0,7,408560,3382460,488,0,2,-79.54,504,175.0,-170.0,243.97745797511703,1,74.16968451374203,-16,9,3,3.752074717223593
1282,2533201,408385.0,3382630.0,17,60,6,3,2585.0,9.2,487,0,7,408635,3382425,488,0,2,-78.45,504,250.0,-205.0,323.3032632065442,1,69.35175262626473,-16,9,3,2.8332072751099675
1283,2533201,408385.0,3382630.0,17,60,6,3,2585.0,9.2,487,0,7,408605,3382415,488,0,2,-82.33,504,220.0,-215.0,307.6117683054405,1,74.34145682243638,-16,9,3,2.9774774299516302
1284,2533201,408385.0,3382630.0,17,60,6,3,2585.0,9.2,487,0,7,408625,3382435,488,0,2,-74.75,504,240.0,-195.0,309.23292192132453,1,69.0938588862295,-16,9,3,2.9618958717719717
1285,2533201,408385.0,3382630.0,17,60,6,3,2585.0,9.2,487,0,7,408565,3382455,488,0,2,-77.63,504,180.0,-175.0,251.04780421266383,1,74.19307054489764,-16,9,3,3.6466929961030976
1286,2533201,408385.0,3382630.0,17,60,6,3,2585.0,9.2,487,0,7,408585,3382475,487,0,7,-71.93,504,200.0,-155.0,253.03161857759991,0,67.77568430595466,-17,9,3,3.8436566569364885
1287,2533201,408385.0,3382630.0,17,60,6,3,2585.0,9.2,487,0,7,408755,3382945,488,0,7,-105.33,504,370.0,315.0,485.92694924237327,1,-10.409456814393991,-16,9,3,1.8858830335908299
1288,2533201,408385.0,3382630.0,17,60,6,3,2585.0,9.2,487,0,7,408740,3382960,488,0,7,-105.63,504,355.0,330.0,484.69062297510976,1,-12.909840846289285,-16,9,3,1.8906899692917285
1289,2533201,408385.0,3382630.0,17,60,6,3,2585.0,9.2,487,0,7,408750,3382950,488,0,7,-106.74,504,365.0,320.0,485.41219597368996,1,-11.241444314527996,-16,9,3,1.8878814637044083
1290,2533201,408385.0,3382630.0,17,60,6,3,2585.0,9.2,487,0,7,408745,3382955,488,0,7,-107.2,504,360.0,325.0,485.0,1,-12.075022050843643,-16,9,3,1.8894847901079108
1291,2533201,408385.0,3382630.0,17,60,6,3,2585.0,9.2,487,0,7,408630,3382430,488,0,2,-76.22,504,245.0,-200.0,316.26729201736936,1,69.22567409733676,-16,9,3,2.8961312511927333
1292,2533201,408385.0,3382630.0,17,60,6,3,2585.0,9.2,487,0,7,408535,3382485,488,0,7,-81.76,504,150.0,-145.0,208.62646045025065,1,74.02897806892082,-16,9,3,4.385548593700501
1293,2533201,408385.0,3382630.0,17,60,6,3,2585.0,9.2,487,0,7,408570,3382450,488,0,2,-78.14,504,185.0,-180.0,258.11818998280614,1,74.21517539700812,-16,9,3,3.547061214053444
1294,2533201,408385.0,3382630.0,17,60,6,3,2585.0,9.2,487,0,7,408760,3382900,488,0,7,-102.5,504,375.0,270.0,462.0876540224809,1,-5.753887254436734,-16,9,3,1.983100746618427
1295,2533201,408385.0,3382630.0,17,60,6,3,2585.0,9.2,487,0,7,408525,3382495,488,0,6,-81.33,504,140.0,-135.0,194.48650338776724,1,73.95837332399003,-16,9,3,4.703013641377171
1296,2533201,408385.0,3382630.0,17,60,6,3,2585.0,9.2,487,0,7,408470,3382590,488,0,7,-97.5,504,85.0,-40.0,93.94147114027967,1,55.20112364547509,-16,9,3,9.665798027123468
1297,2533201,408385.0,3382630.0,17,60,6,3,2585.0,9.2,487,0,7,408475,3382585,488,0,7,-97.58,504,90.0,-45.0,100.62305898749054,1,56.565051177077976,-16,9,3,9.034921106232106
1298,2533201,408385.0,3382630.0,17,60,6,3,2585.0,9.2,487,0,7,408615,3382405,488,0,2,-85.92,504,230.0,-225.0,321.7530108639234,1,74.37040139158972,-16,9,3,2.8468356734974156
1299,2533201,408385.0,3382630.0,17,60,6,3,2585.0,9.2,487,0,7,408310,3382560,485,0,7,-99.0,504,-75.0,-70.0,102.59142264341595,-2,166.97493401088198,-19,9,3,10.492334694269132
1300,2533201,408385.0,3382630.0,17,60,6,3,2585.0,9.2,487,0,7,408960,3381630,485,0,5,-97.5,504,575.0,-1000.0,1153.5271995059327,-2,90.10109816138544,-19,9,3,0.9436460443471649
1301,2533201,408385.0,3382630.0,17,60,6,3,2585.0,9.2,487,0,7,408435,3382630,488,0,7,-96.67,504,50.0,0.0,50.0,1,30.0,-16,9,3,17.744671625056935
1302,2533201,408385.0,3382630.0,17,60,6,3,2585.0,9.2,487,0,7,408600,3382415,489,0,2,-91.0,504,215.0,-215.0,304.05591591021545,2,75.0,-15,9,3,2.8242847669448317
1303,2533201,408385.0,3382630.0,17,60,6,3,2585.0,9.2,487,0,7,408605,3382420,488,0,2,-79.0,504,220.0,-210.0,304.138126514911,1,73.66778014613033,-16,9,3,3.0114217441633144
1304,2533201,408385.0,3382630.0,17,60,6,3,2585.0,9.2,487,0,7,408550,3382505,488,0,6,-81.0,504,165.0,-125.0,207.0024154448445,1,67.14668669802177,-16,9,3,4.419819769151907
1305,2533201,408385.0,3382630.0,17,60,6,3,2585.0,9.2,487,0,7,408765,3382900,488,0,7,-100.33,504,380.0,270.0,466.1544808322666,1,-5.3947958449870725,-16,9,3,1.96581340497783
1306,2533201,408385.0,3382630.0,17,60,6,3,2585.0,9.2,487,0,7,408465,3382600,488,0,7,-93.67,504,80.0,-30.0,85.44003745317531,1,50.55604521958344,-16,9,3,10.606693749208384
1307,2533201,408385.0,3382630.0,17,60,6,3,2585.0,9.2,487,0,7,408535,3382490,488,0,7,-85.2,504,150.0,-140.0,205.1828452868319,1,73.02506598911805,-16,9,3,4.458857550037766
1308,2533201,408385.0,3382630.0,17,60,6,3,2585.0,9.2,487,0,7,408595,3382470,487,0,7,-71.41,504,210.0,-160.0,264.0075756488817,0,67.30394827798341,-17,9,3,3.6843085682794388
1309,2533201,408385.0,3382630.0,17,60,6,3,2585.0,9.2,487,0,7,408565,3382460,488,0,7,-79.54,504,180.0,-170.0,247.58836806279893,1,73.36342295838324,-16,9,3,3.69750614734683
1310,2533201,408385.0,3382630.0,17,60,6,3,2585.0,9.2,487,0,7,408740,3382955,488,0,7,-108.17,504,355.0,325.0,481.3003220443552,1,-12.473883088380433,-16,9,3,1.903998305348318
1311,2533201,408385.0,3382630.0,17,60,6,3,2585.0,9.2,487,0,7,408620,3382435,488,0,2,-73.64,504,235.0,-195.0,305.3686296920494,1,69.68545433005522,-16,9,3,2.999309221234849
1312,2533201,408385.0,3382630.0,17,60,6,3,2585.0,9.2,487,0,7,408530,3382485,488,0,7,-83.05,504,145.0,-145.0,205.0609665440988,1,75.0,-16,9,3,4.46149699206985
1313,2533201,408385.0,3382630.0,17,60,6,3,2585.0,9.2,487,0,7,408615,3382410,488,0,2,-82.0,504,230.0,-220.0,318.27660925679095,1,73.7269699799433,-16,9,3,2.8778784715287786
1314,2533201,408385.0,3382630.0,17,60,6,3,2585.0,9.2,487,0,7,408610,3382405,489,0,2,-84.71,504,225.0,-225.0,318.1980515339464,2,75.0,-15,9,3,2.698950908923438
1315,2533201,408385.0,3382630.0,17,60,6,3,2585.0,9.2,487,0,7,408590,3382465,488,0,6,-72.85,504,205.0,-165.0,263.1539473388153,1,68.8298249049704,-16,9,3,3.479352434625622
1316,2533201,408385.0,3382630.0,17,60,6,3,2585.0,9.2,487,0,7,408575,3382450,488,0,2,-73.4,504,190.0,-180.0,261.72504656604804,1,73.45184230102205,-16,9,3,3.498301083342928
1317,2533201,408385.0,3382630.0,17,60,6,3,2585.0,9.2,487,0,7,408755,3382950,488,0,7,-108.67,504,370.0,320.0,489.18299234540035,1,-10.855376258895717,-16,9,3,1.8733394116897808
1318,2533201,408385.0,3382630.0,17,60,6,3,2585.0,9.2,487,0,7,408745,3382960,488,0,7,-107.63,504,360.0,330.0,488.3646178829912,1,-12.510447078000823,-16,9,3,1.8764764080179035
1319,2533201,408385.0,3382630.0,17,60,6,3,2585.0,9.2,487,0,7,408750,3382945,488,0,7,-107.78,504,365.0,315.0,482.1306876771069,1,-10.794642998291408,-16,9,3,1.9007214882699197
1320,2533201,408385.0,3382630.0,17,60,6,3,2585.0,9.2,487,0,7,408625,3382440,488,0,7,-74.78,504,240.0,-190.0,306.10455730027934,1,68.36748538486154,-16,9,3,2.9921114885613598
1321,2533201,408385.0,3382630.0,17,60,6,3,2585.0,9.2,487,0,7,408585,3382480,487,0,7,-72.88,504,200.0,-150.0,250.0,0,66.86989764584405,-17,9,3,3.8901244040618215
1322,2533201,408385.0,3382630.0,17,60,6,3,2585.0,9.2,487,0,7,408570,3382445,488,0,2,-77.42,504,185.0,-185.0,261.6295090390226,1,75.0,-16,9,3,3.4995753607307125
1323,2533201,408385.0,3382630.0,17,60,6,3,2585.0,9.2,487,0,7,408580,3382475,487,0,7,-72.57,504,195.0,-155.0,249.09837414162303,0,68.48019824834302,-17,9,3,3.9041614660549944
1324,2533201,408385.0,3382630.0,17,60,6,3,2585.0,9.2,487,0,7,408525,3382500,488,0,6,-80.0,504,140.0,-130.0,191.049731745428,1,72.87890360333859,-16,9,3,4.787225868685119
1325,2533201,408385.0,3382630.0,17,60,6,3,2585.0,9.2,487,0,7,408635,3382430,488,0,2,-75.95,504,250.0,-200.0,320.1562118716424,1,68.65980825409008,-16,9,3,2.8610109111519293
1326,2533201,408385.0,3382630.0,17,60,6,3,2585.0,9.2,487,0,7,408560,3382455,488,0,2,-79.48,504,175.0,-175.0,247.48737341529164,1,75.0,-16,9,3,3.6990108373492974
1327,2533201,408385.0,3382630.0,17,60,6,3,2585.0,9.2,487,0,7,408475,3382590,488,0,7,-95.6,504,90.0,-40.0,98.48857801796105,1,53.96248897457821,-16,9,3,9.227395818696502
1328,2533201,408385.0,3382630.0,17,60,6,3,2585.0,9.2,487,0,7,408630,3382425,488,0,2,-78.09,504,245.0,-205.0,319.4526568992658,1,69.92039213998544,-16,9,3,2.8673014305406155
1329,2533201,408385.0,3382630.0,17,60,6,3,2585.0,9.2,487,0,7,408520,3382495,488,0,6,-82.09,504,135.0,-135.0,190.91883092036784,1,75.0,-16,9,3,4.790492892856305
1330,2533201,408385.0,3382630.0,17,60,6,3,2585.0,9.2,487,0,7,408760,3382895,488,0,7,-104.0,504,375.0,265.0,459.1840589567543,1,-5.247575058346229,-16,9,3,1.995630537640273
1331,2533201,408385.0,3382630.0,17,60,6,3,2585.0,9.2,487,0,7,408485,3382540,488,0,6,-88.25,504,100.0,-90.0,134.5362404707371,1,71.98721249581666,-16,9,3,6.7821636732683235
1332,2533201,408385.0,3382630.0,17,60,6,3,2585.0,9.2,487,0,7,408470,3382585,488,0,7,-90.5,504,85.0,-45.0,96.17692030835673,1,57.89727103094765,-16,9,3,9.445229905954376
1333,2533201,408385.0,3382630.0,17,60,6,3,2585.0,9.2,487,0,7,408495,3382530,488,0,6,-88.5,504,110.0,-100.0,148.66068747318505,1,72.27368900609372,-16,9,3,6.142963326039224
1334,2533201,408385.0,3382630.0,17,60,6,3,2585.0,9.2,487,0,7,408825,3382505,486,0,7,-101.0,504,440.0,-125.0,457.4111935665764,-1,45.85936626660566,-18,9,3,2.2535350685510838
1335,2533201,408385.0,3382630.0,17,60,6,3,2585.0,9.2,487,0,7,408665,3382665,486,0,7,-98.5,504,280.0,35.0,282.17902119044925,-1,22.874983651098205,-18,9,3,3.6499119873285024
1336,2533201,408385.0,3382630.0,17,60,6,3,2585.0,9.2,487,0,7,408820,3382510,486,0,7,-100.6,504,435.0,-120.0,451.2482686947397,-1,45.42216131873869,-18,9,3,2.284280348049794
1337,2533201,408385.0,3382630.0,17,60,6,3,2585.0,9.2,487,0,7,408675,3382675,486,0,6,-90.6,504,290.0,45.0,293.47061181658376,-1,21.179620447978948,-18,9,3,3.5098358395617173
1338,2533201,408385.0,3382630.0,17,60,6,3,2585.0,9.2,487,0,7,408695,3382695,486,0,7,-90.33,504,310.0,65.0,316.7412192942371,-1,18.157923884672243,-18,9,3,3.2525477995165395
1339,2533201,408385.0,3382630.0,17,60,6,3,2585.0,9.2,487,0,7,408960,3382330,485,0,7,-95.64,504,575.0,-300.0,648.5560885536423,-2,57.55281157671777,-19,9,3,1.678048445553977
1340,2533201,408385.0,3382630.0,17,60,6,3,2585.0,9.2,487,0,7,408620,3382790,486,9,5,-106.5,504,235.0,160.0,284.29737951659,-1,-4.249033006811942,-18,9,3,3.6227884408786744
1341,2533201,408385.0,3382630.0,17,60,6,3,2585.0,9.2,487,0,7,408625,3382785,486,9,5,-112.0,504,240.0,155.0,285.70089254323307,-1,-2.855721950433008,-18,9,3,3.605038448253093
1342,2533201,408385.0,3382630.0,17,60,6,3,2585.0,9.2,487,0,7,408735,3382575,487,0,7,-81.0,504,350.0,-55.0,354.29507476113747,0,38.93059010041901,-17,9,3,2.747093709211381
1343,2533201,408385.0,3382630.0,17,60,6,3,2585.0,9.2,487,0,7,408810,3382500,486,0,7,-99.33,504,425.0,-130.0,444.43784717325775,-1,47.007946955407306,-18,9,3,2.3192459844706304
1344,2533201,408385.0,3382630.0,17,60,6,3,2585.0,9.2,487,0,7,408730,3382580,487,0,7,-79.43,504,345.0,-50.0,348.60436027106715,0,38.246320814468504,-17,9,3,2.791867648687761
1345,2533201,408385.0,3382630.0,17,60,6,3,2585.0,9.2,487,0,7,409085,3382285,487,0,6,-99.0,504,700.0,-345.0,780.4005381853603,0,56.23671219530729,-17,9,3,1.2479158838529805
1346,2533201,408385.0,3382630.0,17,60,6,3,2585.0,9.2,487,0,7,408635,3382795,486,0,5,-109.25,504,250.0,165.0,299.5413160150032,-1,-3.4248111826037757,-18,9,3,3.43887563049981
1347,2533201,408385.0,3382630.0,17,60,6,3,2585.0,9.2,487,0,7,408975,3382335,486,0,6,-93.75,504,590.0,-295.0,659.6400533624379,-1,56.565051177077976,-18,9,3,1.5630769553435877
1348,2533201,408385.0,3382630.0,17,60,6,3,2585.0,9.2,487,0,7,408970,3382340,486,0,7,-95.18,504,585.0,-290.0,652.9356783022353,-1,56.36883352118406,-18,9,3,1.5791186198849156
1349,2533201,408385.0,3382630.0,17,60,6,3,2585.0,9.2,487,0,7,408690,3382700,486,0,7,-95.83,504,305.0,70.0,312.92970456637704,-1,17.07400087529402,-18,9,3,3.2920775408670555
1350,2533201,408385.0,3382630.0,17,60,6,3,2585.0,9.2,487,0,7,408965,3382325,485,0,7,-95.75,504,580.0,-305.0,655.3052723731131,-2,57.73817962838723,-19,9,3,1.66077545491762
1351,2533201,408385.0,3382630.0,17,60,6,3,2585.0,9.2,487,0,7,408745,3382585,487,0,7,-82.33,504,360.0,-45.0,362.80159867343474,0,37.125016348901795,-17,9,3,2.682778476950179
1352,2533201,408385.0,3382630.0,17,60,6,3,2585.0,9.2,487,0,7,408820,3382340,485,0,2,-104.5,504,435.0,-290.0,522.8049349422785,-2,63.69006752597977,-19,9,3,2.0813516564664996
1353,2533201,408385.0,3382630.0,17,60,6,3,2585.0,9.2,487,0,7,408660,3382180,486,0,6,-83.0,504,275.0,-450.0,527.3755777432247,-1,88.57043438516149,-18,9,3,1.954819063009132
1354,2533201,408385.0,3382630.0,17,60,6,3,2585.0,9.2,487,0,7,408805,3382355,485,0,2,-99.0,504,420.0,-275.0,502.02091589892945,-2,63.215251493737185,-19,9,3,2.1674405263923404
1355,2533201,408385.0,3382630.0,17,60,6,3,2585.0,9.2,487,0,7,408790,3382130,487,0,7,-99.5,504,405.0,-500.0,643.4477445760456,0,80.99252744787896,-17,9,3,1.5134122741449998
1356,2533201,408385.0,3382630.0,17,60,6,3,2585.0,9.2,487,0,7,408765,3382155,487,0,7,-94.0,504,380.0,-475.0,608.2968025561206,0,81.34019174590992,-17,9,3,1.6008218112999473
1357,2533201,408385.0,3382630.0,17,60,6,3,2585.0,9.2,487,0,7,408780,3382140,487,0,7,-96.0,504,395.0,-490.0,629.3846200853656,0,81.1269330054941,-17,9,3,1.5472120720804676
1358,2533201,408385.0,3382630.0,17,60,6,3,2585.0,9.2,487,0,7,409165,3382715,483,0,7,-88.5,504,780.0,85.0,784.6177413237608,-4,23.78077031120887,-21,9,3,1.5331340663802424
1359,2533201,408385.0,3382630.0,17,60,6,3,2585.0,9.2,487,0,7,408630,3381970,487,0,5,-120.5,504,245.0,-660.0,704.0063920164362,0,99.63446373591103,-17,9,3,1.3832814725168527
1360,2533201,408385.0,3382630.0,17,60,6,3,2585.0,9.2,487,0,7,408625,3381975,487,0,5,-105.4,504,240.0,-655.0,697.5851202541522,0,99.87654892225703,-17,9,3,1.3960095641311652
1361,2533201,408385.0,3382630.0,17,60,6,3,2585.0,9.2,487,0,7,408785,3382135,487,0,7,-100.5,504,400.0,-495.0,636.4157446198201,0,81.05898772397836,-17,9,3,1.5301266364743134
1362,2533201,408385.0,3382630.0,17,60,6,3,2585.0,9.2,487,0,7,408665,3382175,486,0,5,-86.5,504,280.0,-455.0,534.2518132865812,-1,88.39249775375112,-18,9,3,1.9296781696746752
1363,2533201,408385.0,3382630.0,17,60,6,3,2585.0,9.2,487,0,7,408825,3382335,485,0,2,-95.0,504,440.0,-295.0,529.7405025104273,-2,63.840056134967256,-19,9,3,2.054125293831444
1364,2533201,408385.0,3382630.0,17,60,6,3,2585.0,9.2,487,0,7,408855,3382385,486,0,7,-89.95,504,470.0,-245.0,530.0235843809216,-1,57.531976748722286,-18,9,3,1.945060274991545
1365,2533201,408385.0,3382630.0,17,60,6,3,2585.0,9.2,487,0,7,408800,3382360,485,0,7,-92.13,504,415.0,-270.0,495.1009997970111,-2,63.048124869975254,-19,9,3,2.197704858043998
1366,2533201,408385.0,3382630.0,17,60,6,3,2585.0,9.2,487,0,7,408775,3382145,487,0,7,-97.67,504,390.0,-485.0,622.3544006432348,0,81.19641342910438,-17,9,3,1.5646809987827068
1367,2533201,408385.0,3382630.0,17,60,6,3,2585.0,9.2,487,0,7,408860,3382380,486,0,7,-89.42,504,475.0,-250.0,536.7727638395972,-1,57.75854060106002,-18,9,3,1.920622249447554
1368,2533201,408385.0,3382630.0,17,60,6,3,2585.0,9.2,487,0,7,408795,3382125,487,0,7,-92.33,504,410.0,-505.0,650.4805915628843,0,80.92750419239019,-17,9,3,1.4970570945630455
1369,2533201,408385.0,3382630.0,17,60,6,3,2585.0,9.2,487,0,7,408875,3382365,486,0,7,-92.13,504,490.0,-265.0,557.0682184436661,-1,58.40524643347078,-18,9,3,1.8506985286259978
1370,2533201,408385.0,3382630.0,17,60,6,3,2585.0,9.2,487,0,7,408870,3382370,486,0,6,-91.92,504,485.0,-260.0,550.2953752304302,-1,58.19497906246215,-18,9,3,1.8734601461347988
1371,2533201,408385.0,3382630.0,17,60,6,3,2585.0,9.2,487,0,7,408620,3381980,487,0,5,-106.6,504,235.0,-650.0,691.1765331664552,0,100.12312780539673,-17,9,3,1.4089481677680888
1372,2533201,408385.0,3382630.0,17,60,6,3,2585.0,9.2,487,0,7,408865,3382375,486,0,6,-90.89,504,480.0,-255.0,543.5301279598032,-1,57.97947438848013,-18,9,3,1.896761926896716
1373,2533201,408385.0,3382630.0,17,60,6,3,2585.0,9.2,487,0,7,408850,3382390,486,0,7,-95.4,504,465.0,-240.0,523.2829062753723,-1,57.299572211332816,-18,9,3,1.9700959850415598
1374,2533201,408385.0,3382630.0,17,60,6,3,2585.0,9.2,487,0,7,408925,3382315,484,0,2,-102.0,504,540.0,-315.0,625.1599795252412,-3,60.256437163529256,-20,9,3,1.8323707989095497
1375,2533201,408385.0,3382630.0,17,60,6,3,2585.0,9.2,487,0,7,408975,3382825,486,0,7,-96.5,504,590.0,195.0,621.3895718468407,-1,11.710841649997178,-18,9,3,1.659242059287649
1376,2533201,408385.0,3382630.0,17,60,6,3,2585.0,9.2,487,0,7,409065,3382735,484,0,2,-92.5,504,680.0,105.0,688.058863760943,-3,21.2221826138628,-20,9,3,1.6649636876765894
1377,2533201,408385.0,3382630.0,17,60,6,3,2585.0,9.2,487,0,7,409050,3382750,484,0,2,-101.67,504,665.0,120.0,675.7403347440494,-3,19.770991712640466,-20,9,3,1.6952978869132795
1378,2533201,408385.0,3382630.0,17,60,6,3,2585.0,9.2,487,0,7,408845,3382075,488,0,5,-104.5,504,460.0,-555.0,720.850192481073,1,80.34708160029936,-16,9,3,1.2715290632351135
1379,2533201,408385.0,3382630.0,17,60,6,3,2585.0,9.2,487,0,7,409040,3382760,485,0,7,-96.25,504,655.0,130.0,667.7761601015718,-2,18.77420223718559,-19,9,3,1.6297769419969859
1380,2533201,408385.0,3382630.0,17,60,6,3,2585.0,9.2,487,0,7,408775,3382530,486,0,7,-100.4,504,390.0,-100.0,402.6164427839479,-1,44.38139459109061,-18,9,3,2.5598500691455146
1381,2533201,408385.0,3382630.0,17,60,6,3,2585.0,9.2,487,0,7,408695,3382450,487,0,7,-80.71,504,310.0,-180.0,358.4689665786984,0,60.14138555207535,-17,9,3,2.715155622609761
1382,2533201,408385.0,3382630.0,17,60,6,3,2585.0,9.2,487,0,7,408675,3382430,487,0,6,-79.29,504,290.0,-200.0,352.27829907617075,0,64.59228868750995,-17,9,3,2.7627963856762574
1383,2533201,408385.0,3382630.0,17,60,6,3,2585.0,9.2,487,0,7,408665,3382440,487,0,7,-76.32,504,280.0,-190.0,338.3784863137726,0,64.15969454566942,-17,9,3,2.8760989300049746
1384,2533201,408385.0,3382630.0,17,60,6,3,2585.0,9.2,487,0,7,408690,3382445,487,0,7,-75.27,504,305.0,-185.0,356.72117963473937,0,61.23921488820878,-17,9,3,2.728438713955466
1385,2533201,408385.0,3382630.0,17,60,6,3,2585.0,9.2,487,0,7,408670,3382425,487,0,7,-79.04,504,285.0,-205.0,351.0697936308392,0,65.7273982227997,-17,9,3,2.7722920890216174
1386,2533201,408385.0,3382630.0,17,60,6,3,2585.0,9.2,487,0,7,408645,3382420,488,0,2,-77.28,504,260.0,-210.0,334.21549934136806,1,68.92754359279229,-16,9,3,2.7408456422326863
1387,2533201,408385.0,3382630.0,17,60,6,3,2585.0,9.2,487,0,7,409155,3382270,486,0,7,-97.8,504,770.0,-360.0,850.0,-1,55.057615418303044,-18,9,3,1.2131410698669072
1388,2533201,408385.0,3382630.0,17,60,6,3,2585.0,9.2,487,0,7,409140,3382275,486,0,7,-101.6,504,755.0,-355.0,834.2961105027399,-1,55.18284748038104,-18,9,3,1.2359689100650237
1389,2533201,408385.0,3382630.0,17,60,6,3,2585.0,9.2,487,0,7,408660,3382435,487,0,6,-76.8,504,275.0,-195.0,337.12015662075146,0,65.34010692155766,-17,9,3,2.886816088738754
1390,2533201,408385.0,3382630.0,17,60,6,3,2585.0,9.2,487,0,7,408780,3382555,486,0,7,-84.6,504,395.0,-75.0,402.0572098594925,-1,40.75096699318806,-18,9,3,2.563405891988659
1391,2533201,408385.0,3382630.0,17,60,6,3,2585.0,9.2,487,0,7,408655,3382410,488,0,2,-80.21,504,270.0,-220.0,348.28149534536,1,69.17365797044425,-16,9,3,2.630310216778088
1392,2533201,408385.0,3382630.0,17,60,6,3,2585.0,9.2,487,0,7,408640,3382415,488,0,2,-77.39,504,255.0,-215.0,333.54160160315837,1,70.13548556223952,-16,9,3,2.7463748614570935
1393,2533201,408385.0,3382630.0,17,60,6,3,2585.0,9.2,487,0,7,408680,3382455,487,0,7,-74.0,504,295.0,-175.0,343.0014577228499,0,60.677280021796435,-17,9,3,2.837398665120879
1394,2533201,408385.0,3382630.0,17,60,6,3,2585.0,9.2,487,0,7,408650,3382405,488,0,2,-80.0,504,265.0,-225.0,347.6348659153739,1,70.33314162856101,-16,9,3,2.6351959196565464
1395,2533201,408385.0,3382630.0,17,60,6,3,2585.0,9.2,487,0,7,409150,3382265,486,0,7,-107.0,504,765.0,-365.0,847.6142990771215,-1,55.50693808884904,-18,9,3,1.2165545601800902
1396,2533201,408385.0,3382630.0,17,60,6,3,2585.0,9.2,487,0,7,408790,3382545,486,0,7,-92.0,504,405.0,-85.0,413.82363393117123,-1,41.85300416774402,-18,9,3,2.4906126001848365
1397,2533201,408385.0,3382630.0,17,60,6,3,2585.0,9.2,487,0,7,408510,3382190,486,0,2,-90.5,504,125.0,-440.0,457.4111935665764,-1,104.14063373339434,-18,9,3,2.2535350685510838
1398,2533201,408385.0,3382630.0,17,60,6,3,2585.0,9.2,487,0,7,410805,3380050,481,0,5,-106.0,504,2420.0,-2580.0,3537.343636120189,-6,76.83283950594205,-23,9,3,0.37253501328673627
1399,2533201,408385.0,3382630.0,17,60,6,3,2585.0,9.2,487,0,7,408660,3382160,486,0,5,-88.5,504,275.0,-470.0,544.5410911951457,-1,89.66782490370008,-18,9,3,1.8932430743990394
1400,2533201,408385.0,3382630.0,17,60,6,3,2585.0,9.2,487,0,7,408665,3382155,486,0,7,-91.5,504,280.0,-475.0,551.3846207503434,-1,89.48176932112477,-18,9,3,1.8697618054884073
1401,2533201,408385.0,3382630.0,17,60,6,3,2585.0,9.2,487,0,7,408650,3382130,486,0,6,-102.5,504,265.0,-500.0,565.8842637854493,-1,92.0764102848616,-18,9,3,1.8218856415064069
1402,2533201,408385.0,3382630.0,17,60,6,3,2585.0,9.2,487,0,7,408670,3382150,486,0,7,-88.33,504,285.0,-480.0,558.2338219778519,-1,89.30027744918561,-18,9,3,1.8468369114761316
1403,2533201,408385.0,3382630.0,17,60,6,3,2585.0,9.2,487,0,7,408935,3382325,484,0,7,-94.91,504,550.0,-305.0,628.9077833832239,-3,59.01036026268741,-20,9,3,1.8214586641085933
1404,2533201,408385.0,3382630.0,17,60,6,3,2585.0,9.2,487,0,7,408955,3382345,486,0,6,-96.71,504,570.0,-285.0,637.2793735874401,-1,56.565051177077976,-18,9,3,1.617893105062597
1405,2533201,408385.0,3382630.0,17,60,6,3,2585.0,9.2,487,0,7,408895,3382365,486,0,6,-91.0,504,510.0,-265.0,574.7390712314589,-1,57.4567422845999,-18,9,3,1.7938349574593662
1406,2533201,408385.0,3382630.0,17,60,6,3,2585.0,9.2,487,0,7,408930,3382330,485,0,7,-96.74,504,545.0,-300.0,622.1133337262593,-2,58.83096831239038,-19,9,3,1.7493300154956428
1407,2533201,408385.0,3382630.0,17,60,6,3,2585.0,9.2,487,0,7,408925,3382335,485,0,7,-95.2,504,540.0,-295.0,615.3251173160413,-2,58.64761645680886,-19,9,3,1.7686162914539783
1408,2533201,408385.0,3382630.0,17,60,6,3,2585.0,9.2,487,0,7,408920,3382340,485,0,7,-96.1,504,535.0,-290.0,608.5433427456092,-2,58.46017599877109,-19,9,3,1.7883135105588686
1409,2533201,408385.0,3382630.0,17,60,6,3,2585.0,9.2,487,0,7,408890,3382370,486,0,7,-92.43,504,505.0,-260.0,568.000880281008,-1,57.2417415173573,-18,9,3,1.815101058976972
1410,2533201,408385.0,3382630.0,17,60,6,3,2585.0,9.2,487,0,7,408880,3382380,486,0,7,-94.67,504,495.0,-250.0,554.5493666031907,-1,56.79608129397343,-18,9,3,1.8590988114526825
1411,2533201,408385.0,3382630.0,17,60,6,3,2585.0,9.2,487,0,7,408950,3382350,486,0,7,-93.63,504,565.0,-280.0,630.5751343020116,-1,56.36187550561158,-18,9,3,1.635085164821456
1412,2533201,408385.0,3382630.0,17,60,6,3,2585.0,9.2,487,0,7,408945,3382355,486,0,7,-92.5,504,560.0,-275.0,623.8789946776538,-1,56.154335778312884,-18,9,3,1.6526249750124502
1413,2533201,408385.0,3382630.0,17,60,6,3,2585.0,9.2,487,0,7,408885,3382375,486,0,7,-92.45,504,500.0,-255.0,561.2708793443679,-1,57.02158159117704,-18,9,3,1.8368504735450308
1414,2533201,408385.0,3382630.0,17,60,6,3,2585.0,9.2,487,0,7,408495,3382550,488,0,6,-84.67,504,110.0,-80.0,136.01470508735443,1,66.0273733851036,-16,9,3,6.709117994108565
1415,2533201,408385.0,3382630.0,17,60,6,3,2585.0,9.2,487,0,7,408755,3382930,488,0,7,-106.5,504,370.0,300.0,476.34021455258215,1,-9.035512898746902,-16,9,3,1.9238097257186502
1416,2533201,408385.0,3382630.0,17,60,6,3,2585.0,9.2,487,0,7,408880,3382795,488,0,2,-97.5,504,495.0,165.0,521.7758139277826,1,11.565051177077976,-16,9,3,1.7563966583038748
1417,2533201,408385.0,3382630.0,17,60,6,3,2585.0,9.2,487,0,7,408885,3382800,488,0,2,-98.0,504,500.0,170.0,528.1098370604358,1,11.221966777554485,-16,9,3,1.7353438152856957
1418,2533201,408385.0,3382630.0,17,60,6,3,2585.0,9.2,487,0,7,408490,3382545,488,0,6,-86.0,504,105.0,-85.0,135.09256086106296,1,68.99099404250546,-16,9,3,6.754492835599706
1419,2533201,408385.0,3382630.0,17,60,6,3,2585.0,9.2,487,0,7,408625,3382420,488,0,2,-75.77,504,240.0,-210.0,318.90437438203946,1,71.18592516570965,-16,9,3,2.8722228464277846
1420,2533201,408385.0,3382630.0,17,60,6,3,2585.0,9.2,487,0,7,408545,3382500,488,0,6,-77.82,504,160.0,-130.0,206.15528128088303,1,69.0938588862295,-16,9,3,4.437909304952874
1421,2533201,408385.0,3382630.0,17,60,6,3,2585.0,9.2,487,0,7,408570,3382465,488,0,7,-76.05,504,185.0,-165.0,247.8911051248108,1,71.72951207681643,-16,9,3,3.6930030709555823
1422,2533201,408385.0,3382630.0,17,60,6,3,2585.0,9.2,487,0,7,408585,3382460,488,0,7,-72.91,504,200.0,-170.0,262.48809496813374,1,70.36453657309733,-16,9,3,3.4881567276089895
1423,2533201,408385.0,3382630.0,17,60,6,3,2585.0,9.2,487,0,7,408510,3382525,488,0,6,-81.75,504,125.0,-105.0,163.24827717314508,1,70.03025927188969,-16,9,3,5.597693970443172
1424,2533201,408385.0,3382630.0,17,60,6,3,2585.0,9.2,487,0,7,408485,3382560,488,0,6,-89.04,504,100.0,-70.0,122.06555615733703,1,64.99202019855869,-16,9,3,7.467591823369961
1425,2533201,408385.0,3382630.0,17,60,6,3,2585.0,9.2,487,0,7,408595,3382450,488,0,2,-75.46,504,210.0,-180.0,276.5863337187866,1,70.60129464500449,-16,9,3,3.3107634859684723
1426,2533201,408385.0,3382630.0,17,60,6,3,2585.0,9.2,487,0,7,408555,3382490,487,0,7,-78.55,504,170.0,-140.0,220.22715545545242,0,69.47245984834387,-17,9,3,4.414080859122746
1427,2533201,408385.0,3382630.0,17,60,6,3,2585.0,9.2,487,0,7,408610,3382425,488,0,2,-75.03,504,225.0,-205.0,304.38462510448846,1,72.33699923393283,-16,9,3,3.0089874998350434
1428,2533201,408385.0,3382630.0,17,60,6,3,2585.0,9.2,487,0,7,408605,3382440,488,0,2,-73.79,504,220.0,-190.0,290.68883707497264,1,70.81508387488157,-16,9,3,3.1504765968682116
1429,2533201,408385.0,3382630.0,17,60,6,3,2585.0,9.2,487,0,7,408600,3382435,488,0,2,-76.03,504,215.0,-195.0,290.25850547399983,1,72.2072976342867,-16,9,3,3.1551380020645468
1430,2533201,408385.0,3382630.0,17,60,6,3,2585.0,9.2,487,0,7,408565,3382480,488,0,7,-75.79,504,180.0,-150.0,234.30749027719963,1,69.80557109226521,-16,9,3,3.9064544179463243
1431,2533201,408385.0,3382630.0,17,60,6,3,2585.0,9.2,487,0,7,408580,3382455,488,0,2,-75.18,504,195.0,-175.0,262.01145013147806,1,71.90594194108292,-16,9,3,3.494486586900276
1432,2533201,408385.0,3382630.0,17,60,6,3,2585.0,9.2,487,0,7,408550,3382485,488,0,7,-80.49,504,165.0,-145.0,219.65882636488797,1,71.30861401354872,-16,9,3,4.166080311113342
1433,2533201,408385.0,3382630.0,17,60,6,3,2585.0,9.2,487,0,7,408735,3382950,488,0,7,-102.91,504,350.0,320.0,474.23622805517505,1,-12.436229788535002,-16,9,3,1.9323384032961555
1434,2533201,408385.0,3382630.0,17,60,6,3,2585.0,9.2,487,0,7,408560,3382475,488,0,6,-77.76,504,175.0,-155.0,233.77339455121918,1,71.53177074108288,-16,9,3,3.9153516605976453
1435,2533201,408385.0,3382630.0,17,60,6,3,2585.0,9.2,487,0,7,408615,3382430,488,0,2,-76.25,504,230.0,-200.0,304.7950130825634,1,71.00908690157019,-16,9,3,3.0049435109966804
1436,2533201,408385.0,3382630.0,17,60,6,3,2585.0,9.2,487,0,7,408590,3382445,488,0,2,-77.25,504,205.0,-185.0,276.1340254296815,1,72.06432655357884,-16,9,3,3.3161744325610085
1437,2533201,408385.0,3382630.0,17,60,6,3,2585.0,9.2,487,0,7,408635,3382410,488,0,2,-72.6,504,250.0,-220.0,333.01651610693426,1,71.34777721969368,-16,9,3,2.750698576506964
1438,2533201,408385.0,3382630.0,17,60,6,3,2585.0,9.2,487,0,7,408540,3382495,488,0,7,-79.22,504,155.0,-135.0,205.54804791094466,1,71.05481377096248,-16,9,3,4.4509672427501545
1439,2533201,408385.0,3382630.0,17,60,6,3,2585.0,9.2,487,0,7,408575,3382470,488,0,6,-74.69,504,190.0,-160.0,248.39484696748443,1,70.10090754621228,-16,9,3,3.685534366749157
1440,2533201,408385.0,3382630.0,17,60,6,3,2585.0,9.2,487,0,7,408530,3382505,488,0,7,-76.57,504,145.0,-125.0,191.44189719076647,1,70.76360520094119,-16,9,3,4.777464755890432
1441,2533201,408385.0,3382630.0,17,60,6,3,2585.0,9.2,487,0,7,408845,3382840,489,0,7,-98.5,504,460.0,210.0,505.6678751908213,2,5.462271523422203,-15,9,3,1.6991088110454342
1442,2533201,408385.0,3382630.0,17,60,6,3,2585.0,9.2,487,0,7,408520,3382515,488,0,6,-80.33,504,135.0,-115.0,177.341478509682,1,70.42607874009911,-16,9,3,5.155348800852615
1443,2533201,408385.0,3382630.0,17,60,6,3,2585.0,9.2,487,0,7,408500,3382535,488,0,6,-79.2,504,115.0,-95.0,149.164338901763,1,69.55966796899452,-16,9,3,6.122379481801948
1444,2533201,408385.0,3382630.0,17,60,6,3,2585.0,9.2,487,0,7,408535,3382510,488,0,6,-78.75,504,150.0,-120.0,192.09372712298546,1,68.65980825409008,-16,9,3,4.761328084520052
1445,2533201,408385.0,3382630.0,17,60,6,3,2585.0,9.2,487,0,7,408480,3382555,488,0,6,-85.25,504,95.0,-75.0,121.03718436910205,1,68.29016319224309,-16,9,3,7.530313837938416
1446,2533201,408385.0,3382630.0,17,60,6,3,2585.0,9.2,487,0,7,408535,3382430,489,0,2,-93.0,504,150.0,-200.0,250.0,2,83.13010235415595,-15,9,3,3.4336303624505224
1447,2533201,408385.0,3382630.0,17,60,6,3,2585.0,9.2,487,0,7,408540,3382415,489,0,7,-81.33,504,155.0,-215.0,265.04716561397146,2,84.21102654081665,-15,9,3,3.239125013364232
1448,2533201,408385.0,3382630.0,17,60,6,3,2585.0,9.2,487,0,7,408530,3382425,489,0,2,-90.67,504,145.0,-205.0,251.09759058979438,2,84.72757855140162,-15,9,3,3.4186570509558356
1449,2533201,408385.0,3382630.0,17,60,6,3,2585.0,9.2,487,0,7,408545,3382420,489,0,7,-87.64,504,160.0,-210.0,264.0075756488817,2,82.69605172201659,-15,9,3,3.2518524866441787
1450,2533201,408385.0,3382630.0,17,60,6,3,2585.0,9.2,487,0,7,408810,3382785,488,0,7,-104.5,504,425.0,155.0,452.38258145070085,1,9.962789830807026,-16,9,3,2.025609615827042
1451,2533201,408385.0,3382630.0,17,60,6,3,2585.0,9.2,487,0,7,408815,3382790,488,0,7,-105.0,504,430.0,160.0,458.8027898781785,1,9.590117166196023,-16,9,3,1.9972875812484736
1452,2533201,408385.0,3382630.0,17,60,6,3,2585.0,9.2,487,0,7,408485,3382480,488,0,7,-90.64,504,100.0,-150.0,180.27756377319946,1,86.30993247402023,-16,9,3,5.07182788012928
1453,2533201,408385.0,3382630.0,17,60,6,3,2585.0,9.2,487,0,7,408510,3382445,488,0,2,-93.0,504,125.0,-185.0,223.27113561766106,1,85.95406264339834,-16,9,3,4.098908812157563
1454,2533201,408385.0,3382630.0,17,60,6,3,2585.0,9.2,487,0,7,408825,3382780,488,0,7,-99.4,504,440.0,150.0,464.86557196677836,1,11.175289981759931,-16,9,3,1.9712596204824198
1455,2533201,408385.0,3382630.0,17,60,6,3,2585.0,9.2,487,0,7,408515,3382450,488,0,2,-87.5,504,130.0,-180.0,222.03603311174518,1,84.16234704572173,-16,9,3,4.121631130504016
1456,2533201,408385.0,3382630.0,17,60,6,3,2585.0,9.2,487,0,7,408785,3382980,488,0,7,-99.0,504,400.0,350.0,531.5072906367325,1,-11.185925165709648,-16,9,3,1.7242580226445425
1457,2533201,408385.0,3382630.0,17,60,6,3,2585.0,9.2,487,0,7,408795,3382970,488,0,7,-92.5,504,410.0,340.0,532.634959423431,1,-9.667841118340448,-16,9,3,1.7206097042290707
1458,2533201,408385.0,3382630.0,17,60,6,3,2585.0,9.2,487,0,7,409535,3381510,482,0,10,-119.5,504,1150.0,-1120.0,1605.2725625263768,-5,74.24283113494147,-22,9,3,0.7851802057605104
1459,2533201,408385.0,3382630.0,17,60,6,3,2585.0,9.2,487,0,7,408665,3382455,487,0,7,-74.48,504,280.0,-175.0,330.1893396219811,0,62.005383208083515,-17,9,3,2.9473058640732632
1460,2533201,408385.0,3382630.0,17,60,6,3,2585.0,9.2,487,0,7,408695,3382425,487,0,7,-80.46,504,310.0,-205.0,371.6517186829626,0,63.47627829610269,-17,9,3,2.6189836668644912
1461,2533201,408385.0,3382630.0,17,60,6,3,2585.0,9.2,487,0,7,408675,3382445,487,0,7,-76.07,504,290.0,-185.0,343.98401125633734,0,62.53506715793503,-17,9,3,2.829307127073036
1462,2533201,408385.0,3382630.0,17,60,6,3,2585.0,9.2,487,0,7,408705,3382415,487,0,7,-83.69,504,320.0,-215.0,385.5191305240247,0,63.89616656336392,-17,9,3,2.524901050095604
1463,2533201,408385.0,3382630.0,17,60,6,3,2585.0,9.2,487,0,7,408715,3382405,486,0,6,-83.08,504,330.0,-225.0,399.4058086708304,-1,64.28687697720898,-18,9,3,2.580399788727342
1464,2533201,408385.0,3382630.0,17,60,6,3,2585.0,9.2,487,0,7,408690,3382430,487,0,7,-79.36,504,305.0,-200.0,364.72592449673766,0,63.254366574712094,-17,9,3,2.6686444198460015
1465,2533201,408385.0,3382630.0,17,60,6,3,2585.0,9.2,487,0,7,408710,3382410,486,0,7,-82.34,504,325.0,-220.0,392.4601890638081,-1,64.09497795476557,-18,9,3,2.6260034074415466
1466,2533201,408385.0,3382630.0,17,60,6,3,2585.0,9.2,487,0,7,408685,3382435,487,0,7,-78.08,504,300.0,-195.0,357.80581325629686,0,63.02386755579664,-17,9,3,2.720180310570976
1467,2533201,408385.0,3382630.0,17,60,6,3,2585.0,9.2,487,0,7,408700,3382420,487,0,7,-80.33,504,315.0,-210.0,378.5828839237189,0,63.69006752597977,-17,9,3,2.571099773163281
1468,2533201,408385.0,3382630.0,17,60,6,3,2585.0,9.2,487,0,7,408670,3382450,487,0,7,-75.35,504,285.0,-180.0,337.08307581366347,0,62.27564431457762,-17,9,3,2.887133115540402
1469,2533201,408385.0,3382630.0,17,60,6,3,2585.0,9.2,487,0,7,408660,3382460,487,0,7,-72.11,504,275.0,-170.0,323.3032632065442,0,61.72360295768402,-17,9,3,3.009966664384669
1470,2533201,408385.0,3382630.0,17,60,6,3,2585.0,9.2,487,0,7,408680,3382440,487,0,7,-77.21,504,295.0,-190.0,350.891721190455,0,62.784280865869164,-17,9,3,2.7736967904022363
1471,2533201,408385.0,3382630.0,17,60,6,3,2585.0,9.2,487,0,7,408650,3382470,487,0,7,-74.0,504,265.0,-160.0,309.5561338432821,0,61.122470196791994,-17,9,3,3.143374393681776
1472,2533201,408385.0,3382630.0,17,60,6,3,2585.0,9.2,487,0,7,408770,3382510,487,0,7,-94.0,504,385.0,-120.0,403.2679010285842,0,47.31164610884662,-17,9,3,2.41390867850309
1473,2533201,408385.0,3382630.0,17,60,6,3,2585.0,9.2,487,0,7,408655,3382465,487,0,7,-72.6,504,270.0,-165.0,316.4253466459348,0,61.42956561483851,-17,9,3,3.0752679556815212
1474,2533201,408385.0,3382630.0,17,60,6,3,2585.0,9.2,487,0,7,408280,3382235,486,0,6,-101.0,504,-105.0,-395.0,408.71750635371615,-1,134.88626684901755,-18,9,3,2.52168802572764
1475,2533201,408385.0,3382630.0,17,60,6,3,2585.0,9.2,487,0,7,408255,3382190,485,0,5,-102.0,504,-130.0,-440.0,458.8027898781785,-2,136.46001481204004,-19,9,3,2.371385178091736
1476,2533201,408385.0,3382630.0,17,60,6,3,2585.0,9.2,487,0,7,408245,3382200,485,0,5,-103.0,504,-140.0,-430.0,452.21676218380054,-2,138.03428556712984,-19,9,3,2.4058814400491206
1477,2533201,408385.0,3382630.0,17,60,6,3,2585.0,9.2,487,0,7,408250,3382185,485,0,5,-110.0,504,-135.0,-445.0,465.02688094345683,-2,136.87626461671118,-19,9,3,2.3396811963515827
1478,2533201,408385.0,3382630.0,17,60,6,3,2585.0,9.2,487,0,7,408210,3382340,485,0,6,-107.5,504,-175.0,-290.0,338.71079108879894,-2,151.10880882854514,-19,9,3,3.2106450496991514
1479,2533201,408385.0,3382630.0,17,60,6,3,2585.0,9.2,487,0,7,408750,3382375,485,0,7,-89.5,504,365.0,-255.0,445.25273721786374,-2,64.93931020467704,-19,9,3,2.4434656383360767
1480,2533201,408385.0,3382630.0,17,60,6,3,2585.0,9.2,487,0,7,408730,3382395,486,0,6,-85.51,504,345.0,-235.0,417.43262929483603,-1,64.26110289909457,-18,9,3,2.4691062876792986
1481,2533201,408385.0,3382630.0,17,60,6,3,2585.0,9.2,487,0,7,408725,3382390,486,0,7,-87.07,504,340.0,-240.0,416.17304093369626,-1,65.21759296819272,-18,9,3,2.476569988474909
1482,2533201,408385.0,3382630.0,17,60,6,3,2585.0,9.2,487,0,7,408735,3382400,486,0,7,-84.91,504,350.0,-230.0,418.80783182743846,-1,63.3106308245608,-18,9,3,2.461008684682614
1483,2533201,408385.0,3382630.0,17,60,6,3,2585.0,9.2,487,0,7,408720,3382385,486,0,7,-85.5,504,335.0,-245.0,415.03011938894264,-1,66.17962044797895,-18,9,3,2.4833815094788427
1484,2533201,408385.0,3382630.0,17,60,6,3,2585.0,9.2,487,0,7,408755,3382380,485,0,7,-88.94,504,370.0,-250.0,446.5422712353221,-2,64.04593735660166,-19,9,3,2.4364178632373017
1485,2533201,408385.0,3382630.0,17,60,6,3,2585.0,9.2,487,0,7,408890,3381570,485,0,5,-110.67,504,505.0,-1060.0,1174.1486277298968,-2,94.52616504818457,-19,9,3,0.9270758230663017
1486,2533201,408385.0,3382630.0,17,60,6,3,2585.0,9.2,487,0,7,408715,3382725,487,0,7,-106.0,504,330.0,95.0,343.4020966738555,0,13.940012692839332,-17,9,3,2.834093740586138
1487,2533201,408385.0,3382630.0,17,60,6,3,2585.0,9.2,487,0,7,408640,3382800,486,0,5,-105.5,504,255.0,170.0,306.4718584144391,-1,-3.690067525979771,-18,9,3,3.361289396417888
1488,2533201,408385.0,3382630.0,17,60,6,3,2585.0,9.2,487,0,7,408690,3382750,486,0,7,-103.0,504,305.0,120.0,327.75753233144775,-1,8.523209020459603,-18,9,3,3.143448914556881
1489,2533201,408385.0,3382630.0,17,60,6,3,2585.0,9.2,487,0,7,408475,3382485,488,0,6,-88.5,504,90.0,-145.0,170.66048165876012,1,88.17255342332692,-16,9,3,5.356018017699368
1490,2533201,408385.0,3382630.0,17,60,6,3,2585.0,9.2,487,0,7,408675,3382765,486,0,5,-105.5,504,290.0,135.0,319.88279103446627,-1,5.037210169192974,-18,9,3,3.2206720762376584
1491,2533201,408385.0,3382630.0,17,60,6,3,2585.0,9.2,487,0,7,408520,3382600,488,0,7,-89.0,504,135.0,-30.0,138.2931668593933,1,42.52880770915152,-16,9,3,6.599564452136032
1492,2533201,408385.0,3382630.0,17,60,6,3,2585.0,9.2,487,0,7,408705,3382735,487,0,7,-103.4,504,320.0,105.0,336.7862823809782,0,11.834043470774475,-17,9,3,2.8896730956837984
1493,2533201,408385.0,3382630.0,17,60,6,3,2585.0,9.2,487,0,7,408685,3382755,486,0,7,-99.2,504,300.0,125.0,325.0,-1,7.380135051959542,-18,9,3,3.170066013020603
1494,2533201,408385.0,3382630.0,17,60,6,3,2585.0,9.2,487,0,7,408660,3382780,486,0,5,-95.5,504,275.0,150.0,313.2491021535417,-1,1.3895403340347912,-18,9,3,3.2887282177663977
1495,2533201,408385.0,3382630.0,17,60,6,3,2585.0,9.2,487,0,7,408525,3382595,488,0,7,-88.33,504,140.0,-35.0,144.30869689661813,1,44.03624346792651,-16,9,3,6.326739265460748
1496,2533201,408385.0,3382630.0,17,60,6,3,2585.0,9.2,487,0,7,408655,3382785,486,0,5,-98.0,504,270.0,155.0,311.3278015211619,-1,0.14098383507689505,-18,9,3,3.3089790206132164
1497,2533201,408385.0,3382630.0,17,60,6,3,2585.0,9.2,487,0,7,408515,3382605,488,0,7,-88.67,504,130.0,-25.0,132.38202294873727,1,40.88552705465872,-16,9,3,6.891475038164726
1498,2533201,408385.0,3382630.0,17,60,6,3,2585.0,9.2,487,0,7,408435,3382525,488,0,7,-91.04,504,50.0,-105.0,116.29703349613007,1,94.53665493812844,-16,9,3,7.833504542349248
1499,2533201,408385.0,3382630.0,17,60,6,3,2585.0,9.2,487,0,7,409265,3382015,484,0,7,-88.67,504,880.0,-615.0,1073.6037444047968,-3,64.94829965800739,-20,9,3,1.0672308723073398
1500,2533201,408385.0,3382630.0,17,60,6,3,2585.0,9.2,487,0,7,408425,3382535,488,0,7,-96.56,504,40.0,-95.0,103.07764064044152,1,97.16634582208246,-16,9,3,8.823198570633581
1501,2533201,408385.0,3382630.0,17,60,6,3,2585.0,9.2,487,0,7,408450,3382510,489,0,7,-91.0,504,65.0,-120.0,136.4734406395618,2,91.55707137563661,-15,9,3,6.272288149794524
1502,2533201,408385.0,3382630.0,17,60,6,3,2585.0,9.2,487,0,7,408680,3382760,486,0,5,-97.5,504,295.0,130.0,322.37400639629743,-1,6.217969576778614,-18,9,3,3.195835420699491
1503,2533201,408385.0,3382630.0,17,60,6,3,2585.0,9.2,487,0,7,408665,3382775,486,0,5,-103.0,504,280.0,145.0,315.3173005085512,-1,2.6222972286682875,-18,9,3,3.267203998562687
1504,2533201,408385.0,3382630.0,17,60,6,3,2585.0,9.2,487,0,7,408455,3382505,488,0,7,-91.5,504,70.0,-125.0,143.26548781894402,1,90.75117366345307,-16,9,3,6.37243074206272
1505,2533201,408385.0,3382630.0,17,60,6,3,2585.0,9.2,487,0,7,408440,3382520,488,0,7,-90.74,504,55.0,-110.0,122.98373876248843,1,93.43494882292202,-16,9,3,7.4124619292297
1506,2533201,408385.0,3382630.0,17,60,6,3,2585.0,9.2,487,0,7,408430,3382530,488,0,7,-91.0,504,45.0,-100.0,109.65856099730654,1,95.77225468204585,-16,9,3,8.301302550797054
1507,2533201,408385.0,3382630.0,17,60,6,3,2585.0,9.2,487,0,7,408470,3382490,488,0,7,-96.71,504,85.0,-140.0,163.783393541592,1,88.73626830562256,-16,9,3,5.5795206643926845
1508,2533201,408385.0,3382630.0,17,60,6,3,2585.0,9.2,487,0,7,408420,3382540,488,0,7,-97.0,504,35.0,-90.0,96.56603957913983,1,98.7494944928668,-16,9,3,9.407851475578873
1509,2533201,408385.0,3382630.0,17,60,6,3,2585.0,9.2,487,0,7,408710,3382730,487,0,7,-98.88,504,325.0,100.0,340.03676271838606,0,12.89727103094765,-17,9,3,2.862096274747645
1510,2533201,408385.0,3382630.0,17,60,6,3,2585.0,9.2,487,0,7,408750,3382850,487,0,7,-101.25,504,365.0,220.0,426.1748467472007,0,-1.0790396350792548,-17,9,3,2.2843021597195214
1511,2533201,408385.0,3382630.0,17,60,6,3,2585.0,9.2,487,0,7,408465,3382495,488,0,7,-98.33,504,80.0,-135.0,156.92354826475216,1,89.34933204294714,-16,9,3,5.821786383515258
1512,2533201,408385.0,3382630.0,17,60,6,3,2585.0,9.2,487,0,7,408445,3382515,489,0,7,-90.35,504,60.0,-115.0,129.71121771072848,2,92.44718842328223,-15,9,3,6.596469348429166
1513,2533201,408385.0,3382630.0,17,60,6,3,2585.0,9.2,487,0,7,408460,3382500,488,0,7,-92.8,504,75.0,-130.0,150.08331019803634,1,90.0183606311507,-16,9,3,6.085173819242965
1514,2533201,408385.0,3382630.0,17,60,6,3,2585.0,9.2,487,0,7,408670,3382770,486,0,5,-100.5,504,285.0,140.0,317.52952618614853,-1,3.83843355798075,-18,9,3,3.244490213813402
1515,2533201,408385.0,3382630.0,17,60,6,3,2585.0,9.2,487,0,7,408825,3382405,486,0,7,-87.33,504,440.0,-225.0,494.19125852244696,-1,57.0835508643687,-18,9,3,2.085970378888055
1516,2533201,408385.0,3382630.0,17,60,6,3,2585.0,9.2,487,0,7,408900,3382490,486,0,7,-103.5,504,515.0,-140.0,533.689984916337,-1,45.208039190635304,-18,9,3,1.9317080503881732
1517,2533201,408385.0,3382630.0,17,60,6,3,2585.0,9.2,487,0,7,408725,3382665,487,0,6,-87.75,504,340.0,35.0,341.796723214252,0,24.122607393356873,-17,9,3,2.8473832446076894
1518,2533201,408385.0,3382630.0,17,60,6,3,2585.0,9.2,487,0,7,408710,3382620,487,0,7,-79.67,504,325.0,-10.0,325.1538097577822,0,31.76239102366054,-17,9,3,2.992867286245879
1519,2533201,408385.0,3382630.0,17,60,6,3,2585.0,9.2,487,0,7,408795,3382695,487,0,7,-98.0,504,410.0,65.0,415.12046444375636,0,20.99149625797486,-17,9,3,2.345064577338837
1520,2533201,408385.0,3382630.0,17,60,6,3,2585.0,9.2,487,0,7,408850,3382480,485,0,7,-100.33,504,465.0,-150.0,488.5949242470699,-2,47.87869659584135,-19,9,3,2.2269399804458465
1521,2533201,408385.0,3382630.0,17,60,6,3,2585.0,9.2,487,0,7,408720,3382670,486,0,6,-88.33,504,335.0,40.0,337.37960815674677,-1,23.190949820386606,-18,9,3,3.0539698553365184
1522,2533201,408385.0,3382630.0,17,60,6,3,2585.0,9.2,487,0,7,408705,3382605,487,0,7,-78.86,504,320.0,-25.0,320.97507691408066,0,34.46715906138928,-17,9,3,3.031758813220225
1523,2533201,408385.0,3382630.0,17,60,6,3,2585.0,9.2,487,0,7,409000,3382310,486,0,7,-97.06,504,615.0,-320.0,693.2712311931024,-1,57.48909652985071,-18,9,3,1.4872856861474042
1524,2533201,408385.0,3382630.0,17,60,6,3,2585.0,9.2,487,0,7,408685,3382625,487,0,7,-84.5,504,300.0,-5.0,300.04166377354994,0,30.95484125387219,-17,9,3,3.242842880574679
1525,2533201,408385.0,3382630.0,17,60,6,3,2585.0,9.2,487,0,7,409030,3382300,487,0,7,-96.0,504,645.0,-330.0,724.5170805439993,0,57.095552493751825,-17,9,3,1.344136094108143
1526,2533201,408385.0,3382630.0,17,60,6,3,2585.0,9.2,487,0,7,409010,3382320,486,0,6,-98.0,504,625.0,-310.0,697.656792413003,-1,56.3814114869582,-18,9,3,1.4779405748881227
1527,2533201,408385.0,3382630.0,17,60,6,3,2585.0,9.2,487,0,7,409015,3382315,487,0,6,-93.5,504,630.0,-315.0,704.3614129124337,0,56.565051177077976,-17,9,3,1.382584524679932
1528,2533201,408385.0,3382630.0,17,60,6,3,2585.0,9.2,487,0,7,409250,3382240,486,0,6,-97.0,504,865.0,-390.0,948.8545726295469,-1,54.269044527173435,-18,9,3,1.0867843961317665
1529,2533201,408385.0,3382630.0,17,60,6,3,2585.0,9.2,487,0,7,408780,3382690,487,0,7,-90.75,504,395.0,60.0,399.53097501945956,0,21.362868584929288,-17,9,3,2.436459564899352
1530,2533201,408385.0,3382630.0,17,60,6,3,2585.0,9.2,487,0,7,408700,3382610,487,0,7,-87.07,504,315.0,-20.0,315.6342820417326,0,33.632950739488194,-17,9,3,3.082960556573568
1531,2533201,408385.0,3382630.0,17,60,6,3,2585.0,9.2,487,0,7,409035,3382295,487,0,7,-97.78,504,650.0,-335.0,731.2489316231512,0,57.26588202734035,-17,9,3,1.3317665031955248
1532,2533201,408385.0,3382630.0,17,60,6,3,2585.0,9.2,487,0,7,409005,3382305,486,0,7,-97.25,504,620.0,-325.0,700.0178569150933,-1,57.66323832781802,-18,9,3,1.4729578832057488
1533,2533201,408385.0,3382630.0,17,60,6,3,2585.0,9.2,487,0,7,408790,3382700,487,0,7,-97.33,504,405.0,70.0,411.0048661512416,0,20.19390724010293,-17,9,3,2.368520276894045
1534,2533201,408385.0,3382630.0,17,60,6,3,2585.0,9.2,487,0,7,408785,3382685,487,0,7,-97.31,504,400.0,55.0,403.7635446644484,0,22.170923489940378,-17,9,3,2.410948961573614
1535,2533201,408385.0,3382630.0,17,60,6,3,2585.0,9.2,487,0,7,408750,3382660,487,0,7,-92.73,504,365.0,30.0,366.23080154459973,0,25.301319482700592,-17,9,3,2.657694462119663
1536,2533201,408385.0,3382630.0,17,60,6,3,2585.0,9.2,487,0,7,408715,3382615,487,0,7,-79.1,504,330.0,-15.0,330.3407331831786,0,32.602562202499826,-17,9,3,2.9459575079308378
1537,2533201,408385.0,3382630.0,17,60,6,3,2585.0,9.2,487,0,7,408680,3382630,487,0,2,-88.75,504,295.0,0.0,295.0,0,30.0,-17,9,3,3.298142993684405
1538,2533201,408385.0,3382630.0,17,60,6,3,2585.0,9.2,487,0,7,408265,3382240,486,0,6,-98.0,504,-120.0,-390.0,408.0441152620633,-1,137.10272896905238,-18,9,3,2.525844156861482
1539,2533201,408385.0,3382630.0,17,60,6,3,2585.0,9.2,487,0,7,408250,3382205,485,0,5,-108.0,504,-135.0,-425.0,445.92600283006595,-2,137.62229722866826,-19,9,3,2.439780919454539
1540,2533201,408385.0,3382630.0,17,60,6,3,2585.0,9.2,487,0,7,408245,3382220,486,0,5,-105.63,504,-140.0,-410.0,433.2435804486894,-1,138.8531587644191,-18,9,3,2.3791033079616644
1541,2533201,408385.0,3382630.0,17,60,6,3,2585.0,9.2,487,0,7,408680,3382635,487,0,2,-89.67,504,295.0,5.0,295.0423698386386,0,29.02897806892082,-17,9,3,3.2976704060932596
1542,2533201,408385.0,3382630.0,17,60,6,3,2585.0,9.2,487,0,7,408725,3382680,487,0,7,-77.0,504,340.0,50.0,343.6568055487917,0,21.634113875967387,-17,9,3,2.8319966098813807
1543,2533201,408385.0,3382630.0,17,60,6,3,2585.0,9.2,487,0,7,408730,3382665,487,0,6,-89.33,504,345.0,35.0,346.77081768799405,0,24.20720350496788,-17,9,3,2.8066060427790473
1544,2533201,408385.0,3382630.0,17,60,6,3,2585.0,9.2,487,0,7,408745,3382660,487,0,7,-88.67,504,360.0,30.0,361.24783736376884,0,25.23635830927384,-17,9,3,2.6943003956157963
1545,2533201,408385.0,3382630.0,17,60,6,3,2585.0,9.2,487,0,7,408780,3382695,487,0,7,-99.33,504,395.0,65.0,400.3123780249619,0,20.655328097900338,-17,9,3,2.4317093515962203
1546,2533201,408385.0,3382630.0,17,60,6,3,2585.0,9.2,487,0,7,408890,3382505,486,0,7,-91.0,504,505.0,-125.0,520.2403290787826,-1,43.902687114220555,-18,9,3,1.9816087490449796
1547,2533201,408385.0,3382630.0,17,60,6,3,2585.0,9.2,487,0,7,408690,3382625,487,0,7,-86.67,504,305.0,-5.0,305.04098085339285,0,30.939190945735618,-17,9,3,3.1898065843321874
1548,2533201,408385.0,3382630.0,17,60,6,3,2585.0,9.2,487,0,7,408710,3382605,487,0,7,-82.55,504,325.0,-25.0,325.96012026013244,0,34.39870535499551,-17,9,3,2.985477396601286
1549,2533201,408385.0,3382630.0,17,60,6,3,2585.0,9.2,487,0,7,408705,3382620,487,0,7,-80.67,504,320.0,-10.0,320.1562118716424,0,31.78991060824609,-17,9,3,3.0394986353068627
1550,2533201,408385.0,3382630.0,17,60,6,3,2585.0,9.2,487,0,7,408700,3382615,487,0,7,-84.0,504,315.0,-15.0,315.35694062442957,0,32.72631099390628,-17,9,3,3.085666636419085
1551,2533201,408385.0,3382630.0,17,60,6,3,2585.0,9.2,487,0,7,409005,3382320,486,0,6,-91.5,504,620.0,-310.0,693.1810730249348,-1,56.565051177077976,-18,9,3,1.4874790421393667
1552,2533201,408385.0,3382630.0,17,60,6,3,2585.0,9.2,487,0,7,409015,3382310,487,0,7,-97.88,504,630.0,-320.0,706.6116330771805,0,56.92767785104053,-17,9,3,1.3781833549015492
1553,2533201,408385.0,3382630.0,17,60,6,3,2585.0,9.2,487,0,7,409000,3382315,486,0,7,-97.27,504,615.0,-315.0,690.9775683768613,-1,57.12130340415865,-18,9,3,1.4922204223676505
1554,2533201,408385.0,3382630.0,17,60,6,3,2585.0,9.2,487,0,7,408795,3382690,487,0,7,-95.5,504,410.0,60.0,414.36698710201324,0,21.67434966957319,-17,9,3,2.3493240261866006
1555,2533201,408385.0,3382630.0,17,60,6,3,2585.0,9.2,487,0,7,409010,3382305,486,0,7,-95.0,504,625.0,-325.0,704.4501401802686,-1,57.47443162627712,-18,9,3,1.463694321212056
1556,2533201,408385.0,3382630.0,17,60,6,3,2585.0,9.2,487,0,7,408775,3382710,487,0,7,-97.0,504,390.0,80.0,398.1205847478877,0,18.407824589708923,-17,9,3,2.4450805602118737
1557,2533201,408385.0,3382630.0,17,60,6,3,2585.0,9.2,487,0,7,408845,3382480,485,0,7,-111.0,504,460.0,-150.0,483.83881613611777,-2,48.06047193619918,-19,9,3,2.2488083086041537
1558,2533201,408385.0,3382630.0,17,60,6,3,2585.0,9.2,487,0,7,408785,3382700,487,0,7,-99.57,504,400.0,70.0,406.07881008493905,0,20.073754493348304,-17,9,3,2.3972189762395097
1559,2533201,408385.0,3382630.0,17,60,6,3,2585.0,9.2,487,0,7,408740,3382655,487,0,7,-91.33,504,355.0,25.0,355.8791929854849,0,25.971736333514855,-17,9,3,2.7348842303870198
1560,2533201,408385.0,3382630.0,17,60,6,3,2585.0,9.2,487,0,7,409025,3382300,487,0,7,-94.22,504,640.0,-330.0,720.0694410957876,0,57.27676338311369,-17,9,3,1.3524353203197406
1561,2533201,408385.0,3382630.0,17,60,6,3,2585.0,9.2,487,0,7,408715,3382610,487,0,7,-85.5,504,330.0,-20.0,330.6055050963308,0,33.46822925891718,-17,9,3,2.943602331005578
1562,2533201,408385.0,3382630.0,17,60,6,3,2585.0,9.2,487,0,7,408990,3382780,486,0,2,-98.5,504,605.0,150.0,623.3177359902412,-1,16.075226779590594,-18,9,3,1.6541122342453622
1563,2533201,408385.0,3382630.0,17,60,6,3,2585.0,9.2,487,0,7,408985,3382765,486,0,2,-98.5,504,600.0,135.0,615.0,-1,17.31961650818016,-18,9,3,1.6764710468067516
1564,2533201,408385.0,3382630.0,17,60,6,3,2585.0,9.2,487,0,7,409000,3382750,486,0,2,-99.5,504,615.0,120.0,626.5979572261626,-1,18.95905981967627,-18,9,3,1.6454577799669752
1565,2533201,408385.0,3382630.0,17,60,6,3,2585.0,9.2,487,0,7,408960,3382790,487,0,2,-100.33,504,575.0,160.0,596.8458762528229,0,14.450195830298412,-17,9,3,1.6315183094537566
1566,2533201,408385.0,3382630.0,17,60,6,3,2585.0,9.2,487,0,7,408965,3382785,487,0,2,-97.33,504,580.0,155.0,600.3540621999655,0,15.037844745673453,-17,9,3,1.6219895938151674
1567,2533201,408385.0,3382630.0,17,60,6,3,2585.0,9.2,487,0,7,410810,3380040,481,0,5,-107.33,504,2425.0,-2590.0,3548.05932870351,-6,76.8844256432534,-23,9,3,0.3714099310063189
1568,2533201,408385.0,3382630.0,17,60,6,3,2585.0,9.2,487,0,7,410860,3380050,482,0,5,-104.33,504,2475.0,-2580.0,3575.1957988339605,-5,76.18994893214244,-22,9,3,0.35256565250939165
1569,2533201,408385.0,3382630.0,17,60,6,3,2585.0,9.2,487,0,7,408815,3382680,487,0,7,-97.71,504,430.0,50.0,432.89721643826726,0,23.36748538486154,-17,9,3,2.248866420086405
1570,2533201,408385.0,3382630.0,17,60,6,3,2585.0,9.2,487,0,7,408805,3382670,487,0,7,-96.17,504,420.0,40.0,421.90046219457975,0,24.559667968994518,-17,9,3,2.307420136382473
1571,2533201,408385.0,3382630.0,17,60,6,3,2585.0,9.2,487,0,7,408810,3382675,487,0,7,-98.71,504,425.0,45.0,427.375712927162,0,23.9559078377589,-17,9,3,2.2778903598762947
1572,2533201,408385.0,3382630.0,17,60,6,3,2585.0,9.2,487,0,7,408730,3382435,486,0,7,-82.43,504,345.0,-195.0,396.2953444086872,-1,59.475889003245754,-18,9,3,2.6006252720577168
1573,2533201,408385.0,3382630.0,17,60,6,3,2585.0,9.2,487,0,7,408820,3382645,486,0,2,-94.75,504,435.0,15.0,435.25854385640724,-1,28.025065989118048,-18,9,3,2.3681021777723927
1574,2533201,408385.0,3382630.0,17,60,6,3,2585.0,9.2,487,0,7,408825,3382650,486,0,2,-95.44,504,440.0,20.0,440.45431091090484,-1,27.397437797500174,-18,9,3,2.3401983842316985
1575,2533201,408385.0,3382630.0,17,60,6,3,2585.0,9.2,487,0,7,408720,3382425,486,0,7,-79.84,504,335.0,-205.0,392.7467377331096,-1,61.46414363086575,-18,9,3,2.624090150045961
1576,2533201,408385.0,3382630.0,17,60,6,3,2585.0,9.2,487,0,7,408745,3382410,486,0,7,-83.77,504,360.0,-220.0,421.90046219457975,-1,61.42956561483851,-18,9,3,2.4429908448597684
1577,2533201,408385.0,3382630.0,17,60,6,3,2585.0,9.2,487,0,7,408740,3382405,486,0,7,-86.42,504,355.0,-225.0,420.2975136733502,-1,62.36663806472495,-18,9,3,2.452296674172877
1578,2533201,408385.0,3382630.0,17,60,6,3,2585.0,9.2,487,0,7,408750,3382415,486,0,7,-83.88,504,365.0,-215.0,423.6153915995027,-1,60.49983323344742,-18,9,3,2.4331127533021784
1579,2533201,408385.0,3382630.0,17,60,6,3,2585.0,9.2,487,0,7,408725,3382430,486,0,7,-79.57,504,340.0,-200.0,394.4616584663204,-1,60.46554491945989,-18,9,3,2.6126977694654414
1580,2533201,408385.0,3382630.0,17,60,6,3,2585.0,9.2,487,0,7,408755,3382420,486,0,7,-81.76,504,370.0,-210.0,425.4409477236529,-1,59.57783868126137,-18,9,3,2.4226847960340154
1581,2533201,408385.0,3382630.0,17,60,6,3,2585.0,9.2,487,0,7,408920,3382325,485,0,2,-98.67,504,535.0,-305.0,615.8327695080865,-2,59.68718163919368,-19,9,3,1.7671592848461108
1582,2533201,408385.0,3382630.0,17,60,6,3,2585.0,9.2,487,0,7,408655,3382140,486,0,5,-95.67,504,270.0,-490.0,559.4640292279746,-1,91.14433878028348,-18,9,3,1.842778698921937
1583,2533201,408385.0,3382630.0,17,60,6,3,2585.0,9.2,487,0,7,408665,3382150,486,0,7,-83.67,504,280.0,-480.0,555.6977595779922,-1,89.74356283647069,-18,9,3,1.855259525772176
1584,2533201,408385.0,3382630.0,17,60,6,3,2585.0,9.2,487,0,7,408890,3382375,486,0,7,-93.0,504,505.0,-255.0,565.7296173968621,-1,56.791515529419144,-18,9,3,1.8223833316902232
1585,2533201,408385.0,3382630.0,17,60,6,3,2585.0,9.2,487,0,7,408930,3382335,485,0,7,-96.09,504,545.0,-295.0,619.7176776565277,-2,58.425992243091,-19,9,3,1.7560882123747932
1586,2533201,408385.0,3382630.0,17,60,6,3,2585.0,9.2,487,0,7,408760,3382165,487,0,7,-91.67,504,375.0,-465.0,597.3692325521963,0,81.11550356628538,-17,9,3,1.6300897047485297
1587,2533201,408385.0,3382630.0,17,60,6,3,2585.0,9.2,487,0,7,408940,3382345,485,0,7,-94.11,504,555.0,-285.0,623.8990302925627,-2,57.181111085477255,-19,9,3,1.7443262571004514
1588,2533201,408385.0,3382630.0,17,60,6,3,2585.0,9.2,487,0,7,408935,3382340,485,0,7,-95.67,504,550.0,-290.0,621.7716622683926,-2,57.80145877993414,-19,9,3,1.7502906968796756
1589,2533201,408385.0,3382630.0,17,60,6,3,2585.0,9.2,487,0,7,408925,3382330,485,0,2,-94.67,504,540.0,-300.0,617.73780845922,-2,59.05460409907715,-19,9,3,1.7617129895017951
1590,2533201,408385.0,3382630.0,17,60,6,3,2585.0,9.2,487,0,7,408880,3382365,486,0,7,-91.63,504,495.0,-265.0,561.4712815451918,-1,58.162527374323645,-18,9,3,1.8361953076412065
1591,2533201,408385.0,3382630.0,17,60,6,3,2585.0,9.2,487,0,7,408885,3382370,486,0,6,-91.03,504,500.0,-260.0,563.5601121442148,-1,57.47443162627712,-18,9,3,1.8293940990457698
1592,2533201,408385.0,3382630.0,17,60,6,3,2585.0,9.2,487,0,7,408945,3382350,486,0,7,-92.5,504,560.0,-280.0,626.0990336999411,-1,56.565051177077976,-18,9,3,1.6467682846840859
1593,2533201,408385.0,3382630.0,17,60,6,3,2585.0,9.2,487,0,7,408595,3382395,489,0,2,-80.5,504,210.0,-235.0,315.15869018638847,2,78.21548399174821,-15,9,3,2.7249402985677142
1594,2533201,408385.0,3382630.0,17,60,6,3,2585.0,9.2,487,0,7,408970,3382780,487,0,2,-100.6,504,585.0,150.0,603.9246641759219,0,15.618605408909389,-17,9,3,1.6124049332642014
1595,2533201,408385.0,3382630.0,17,60,6,3,2585.0,9.2,487,0,7,408580,3382145,485,0,5,-114.67,504,195.0,-485.0,522.7332015474051,-2,98.09682191816091,-19,9,3,2.081637023992669
1596,2533201,408385.0,3382630.0,17,60,6,3,2585.0,9.2,487,0,7,408410,3382275,488,0,2,-86.0,504,25.0,-355.0,355.8791929854849,1,115.97173633351485,-16,9,3,2.5742318427893762
1597,2533201,408385.0,3382630.0,17,60,6,3,2585.0,9.2,487,0,7,408600,3382145,485,0,5,-99.5,504,215.0,-485.0,530.5186141880415,-2,96.09233950582757,-19,9,3,2.051115083408418
1598,2533201,408385.0,3382630.0,17,60,6,3,2585.0,9.2,487,0,7,408520,3381010,486,99,5,-110.0,504,135.0,-1620.0,1625.61526813696,-1,115.23635830927378,-18,9,3,0.6343948078799048
1599,2533201,408385.0,3382630.0,17,60,6,3,2585.0,9.2,487,0,7,408525,3381005,486,0,5,-102.5,504,140.0,-1625.0,1631.0196197471078,-1,115.07590720766746,-18,9,3,0.632292924036008
1600,2533201,408385.0,3382630.0,17,60,6,3,2585.0,9.2,487,0,7,408935,3382330,485,0,7,-93.97,504,550.0,-300.0,626.4982043070834,-2,58.61045966596521,-19,9,3,1.7370939555269456
1601,2533201,408385.0,3382630.0,17,60,6,3,2585.0,9.2,487,0,7,408895,3382370,486,0,7,-91.54,504,510.0,-260.0,572.4508712544684,-1,57.01266534793854,-18,9,3,1.8010005597272025
1602,2533201,408385.0,3382630.0,17,60,6,3,2585.0,9.2,487,0,7,408940,3382355,486,0,7,-95.29,504,555.0,-275.0,619.3948659780771,-1,56.35820810630071,-18,9,3,1.6645824988024422
1603,2533201,408385.0,3382630.0,17,60,6,3,2585.0,9.2,487,0,7,408955,3382350,486,0,7,-96.14,504,570.0,-280.0,635.0590523722971,-1,56.16156644201925,-18,9,3,1.623546631483695
1604,2533201,408385.0,3382630.0,17,60,6,3,2585.0,9.2,487,0,7,408920,3382335,485,0,2,-93.7,504,535.0,-295.0,610.9418957642372,-2,58.87242417404019,-19,9,3,1.7812971380544758
1605,2533201,408385.0,3382630.0,17,60,6,3,2585.0,9.2,487,0,7,408880,3382375,486,0,7,-92.58,504,495.0,-255.0,556.8213357981176,-1,57.255328374943076,-18,9,3,1.8515185176770355
1606,2533201,408385.0,3382630.0,17,60,6,3,2585.0,9.2,487,0,7,408760,3382175,487,0,7,-93.0,504,375.0,-455.0,589.6185207403173,0,80.50547785797835,-17,9,3,1.6515059316010297
1607,2533201,408385.0,3382630.0,17,60,6,3,2585.0,9.2,487,0,7,408890,3382365,486,0,6,-91.38,504,505.0,-265.0,570.3069349043548,-1,57.68835389115338,-18,9,3,1.8077665186768137
1608,2533201,408385.0,3382630.0,17,60,6,3,2585.0,9.2,487,0,7,408950,3382345,485,0,6,-93.46,504,565.0,-285.0,632.8111882702455,-2,56.767508919296176,-19,9,3,1.7197750018264346
1609,2533201,408385.0,3382630.0,17,60,6,3,2585.0,9.2,487,0,7,408925,3382340,485,0,7,-95.81,504,540.0,-290.0,612.9437168288782,-2,58.237445538167265,-19,9,3,1.7754833055786408
1610,2533201,408385.0,3382630.0,17,60,6,3,2585.0,9.2,487,0,7,408930,3382325,485,0,7,-93.1,504,545.0,-305.0,624.5398305952951,-2,59.232817457524334,-19,9,3,1.7425376196740934
1611,2533201,408385.0,3382630.0,17,60,6,3,2585.0,9.2,487,0,7,408705,3382785,486,0,7,-98.33,504,320.0,155.0,355.5629339512205,-1,4.155612445439658,-18,9,3,2.8980646314772973
1612,2533201,408385.0,3382630.0,17,60,6,3,2585.0,9.2,487,0,7,408485,3382565,488,0,7,-92.57,504,100.0,-65.0,119.26860441876563,1,63.02386755579664,-16,9,3,7.64066775306929
1613,2533201,408385.0,3382630.0,17,60,6,3,2585.0,9.2,487,0,7,408420,3382510,489,0,7,-92.5,504,35.0,-120.0,125.0,2,103.7397952916881,-15,9,3,6.84277341263094
1614,2533201,408385.0,3382630.0,17,60,6,3,2585.0,9.2,487,0,7,408480,3382570,488,0,7,-93.88,504,95.0,-60.0,112.36102527122117,1,62.27564431457762,-16,9,3,8.10432724829216
1615,2533201,408385.0,3382630.0,17,60,6,3,2585.0,9.2,487,0,7,408515,3382595,488,0,7,-87.67,504,130.0,-35.0,134.6291201783626,1,45.06848815949223,-16,9,3,6.777528245018989
1616,2533201,408385.0,3382630.0,17,60,6,3,2585.0,9.2,487,0,7,408670,3382760,486,0,5,-102.0,504,285.0,130.0,313.2491021535417,-1,5.480357311809257,-18,9,3,3.2887282177663977
1617,2533201,408385.0,3382630.0,17,60,6,3,2585.0,9.2,487,0,7,408685,3382765,486,0,5,-99.91,504,300.0,135.0,328.97568299191965,-1,5.772254682045855,-18,9,3,3.131832379485525
1618,2533201,408385.0,3382630.0,17,60,6,3,2585.0,9.2,487,0,7,408510,3382600,488,0,7,-87.0,504,125.0,-30.0,128.5496013218244,1,43.49573328079583,-16,9,3,7.094865133454064
1619,2533201,408385.0,3382630.0,17,60,6,3,2585.0,9.2,487,0,7,408435,3382515,489,0,7,-94.03,504,50.0,-115.0,125.39936203984452,2,96.50143432404798,-15,9,3,6.821186739932699
1620,2533201,408385.0,3382630.0,17,60,6,3,2585.0,9.2,487,0,7,408695,3382775,486,0,5,-97.0,504,310.0,145.0,342.23529917295207,-1,4.932536561939514,-18,9,3,3.010719915786737
1621,2533201,408385.0,3382630.0,17,60,6,3,2585.0,9.2,487,0,7,408690,3382780,486,0,5,-98.29,504,305.0,150.0,339.8896879871468,-1,3.8118893025191483,-18,9,3,3.0314585601737507
1622,2533201,408385.0,3382630.0,17,60,6,3,2585.0,9.2,487,0,7,408430,3382520,489,0,7,-92.43,504,45.0,-110.0,118.84864324004712,2,97.75097634278768,-15,9,3,7.193320959785712
1623,2533201,408385.0,3382630.0,17,60,6,3,2585.0,9.2,487,0,7,408675,3382755,486,0,7,-103.0,504,290.0,125.0,315.79265349276255,-1,6.682291613244956,-18,9,3,3.262296607005453
1624,2533201,408385.0,3382630.0,17,60,6,3,2585.0,9.2,487,0,7,408445,3382525,488,0,7,-92.6,504,60.0,-105.0,120.93386622447825,1,90.25511870305775,-16,9,3,7.536673332462789
1625,2533201,408385.0,3382630.0,17,60,6,3,2585.0,9.2,487,0,7,408680,3382770,486,0,5,-98.5,504,295.0,140.0,326.5348373451139,-1,4.6120937089040694,-18,9,3,3.155195679642878
1626,2533201,408385.0,3382630.0,17,60,6,3,2585.0,9.2,487,0,7,408440,3382530,488,0,7,-94.91,504,55.0,-100.0,114.12712210513327,1,91.18920625702697,-16,9,3,7.98054245766622
1627,2533201,408385.0,3382630.0,17,60,6,3,2585.0,9.2,487,0,7,408620,3382395,488,0,2,-87.63,504,235.0,-235.0,332.34018715767735,1,75.0,-16,9,3,2.7562877624515365
1628,2533201,408385.0,3382630.0,17,60,6,3,2585.0,9.2,487,0,7,408635,3382390,488,0,2,-91.83,504,250.0,-240.0,346.5544690232691,1,73.83086067209263,-16,9,3,2.6433996096368113
1629,2533201,408385.0,3382630.0,17,60,6,3,2585.0,9.2,487,0,7,408625,3382400,488,0,2,-85.25,504,240.0,-230.0,332.41540277189324,1,73.78112476486871,-16,9,3,2.755665058802806
1630,2533201,408385.0,3382630.0,17,60,6,3,2585.0,9.2,487,0,7,408145,3382480,480,0,5,-104.5,504,-240.0,-150.0,283.0194339616981,-7,177.99461679191648,-24,9,3,4.847076121817795
1631,2533201,408385.0,3382630.0,17,60,6,3,2585.0,9.2,487,0,7,408740,3383075,488,0,6,-101.0,504,355.0,445.0,569.2538976590323,1,-21.418786730238764,-16,9,3,1.6099866573624333
1632,2533201,408385.0,3382630.0,17,60,6,3,2585.0,9.2,487,0,7,408285,3382620,486,0,6,-115.5,504,-100.0,-10.0,100.4987562112089,-1,204.28940686250036,-18,9,3,10.154389636022229
1633,2533201,408385.0,3382630.0,17,60,6,3,2585.0,9.2,487,0,7,408275,3382590,485,0,6,-102.5,504,-110.0,-40.0,117.04699910719626,-2,190.01689347810003,-19,9,3,9.220282129628883
1634,2533201,408385.0,3382630.0,17,60,6,3,2585.0,9.2,487,0,7,408180,3382350,484,0,5,-105.25,504,-205.0,-280.0,347.02305398921266,-3,156.20945681718604,-20,9,3,3.298482200497938
1635,2533201,408385.0,3382630.0,17,60,6,3,2585.0,9.2,487,0,7,408820,3382790,488,0,7,-103.5,504,435.0,160.0,463.49217900629134,1,9.805665754816005,-16,9,3,1.9770961130597715
1636,2533201,408385.0,3382630.0,17,60,6,3,2585.0,9.2,487,0,7,408550,3382440,488,0,2,-78.8,504,165.0,-190.0,251.6445906432324,1,79.02826366648515,-16,9,3,3.638067954220338
1637,2533201,408385.0,3382630.0,17,60,6,3,2585.0,9.2,487,0,7,408920,3382810,488,0,2,-101.0,504,535.0,180.0,564.468776815866,1,11.404559217243389,-16,9,3,1.6236275790483155
1638,2533201,408385.0,3382630.0,17,60,6,3,2585.0,9.2,487,0,7,408530,3382420,489,0,7,-87.43,504,145.0,-210.0,255.1960031034969,2,85.37584492005107,-15,9,3,3.3638809956125644
1639,2533201,408385.0,3382630.0,17,60,6,3,2585.0,9.2,487,0,7,408515,3382475,488,0,6,-90.3,504,130.0,-155.0,202.2992832414391,1,80.01311375503582,-16,9,3,4.522152067007812
1640,2533201,408385.0,3382630.0,17,60,6,3,2585.0,9.2,487,0,7,408500,3382470,488,0,6,-92.5,504,115.0,-160.0,197.0406049523803,1,84.29330859939711,-16,9,3,4.642319907891414
1641,2533201,408385.0,3382630.0,17,60,6,3,2585.0,9.2,487,0,7,408765,3382965,488,0,7,-108.67,504,380.0,335.0,506.5816814690401,1,-11.398721882776556,-16,9,3,1.8090425587587016
1642,2533201,408385.0,3382630.0,17,60,6,3,2585.0,9.2,487,0,7,408760,3382970,488,0,7,-104.5,504,375.0,340.0,506.1867244406949,1,-12.197548480133207,-16,9,3,1.810453142490873
1643,2533201,408385.0,3382630.0,17,60,6,3,2585.0,9.2,487,0,7,408545,3382425,489,0,2,-87.57,504,160.0,-205.0,260.0480724789169,2,82.02839623894965,-15,9,3,3.3012566417761904
1644,2533201,408385.0,3382630.0,17,60,6,3,2585.0,9.2,487,0,7,408535,3382415,489,0,7,-82.75,504,150.0,-215.0,262.15453457836657,2,85.09750438407531,-15,9,3,3.2747883754965863
1645,2533201,408385.0,3382630.0,17,60,6,3,2585.0,9.2,487,0,7,408510,3382480,488,0,7,-91.43,504,125.0,-150.0,195.25624189766637,1,80.19442890773485,-16,9,3,4.68455611395851
1646,2533201,408385.0,3382630.0,17,60,6,3,2585.0,9.2,487,0,7,408555,3382435,488,0,2,-87.67,504,170.0,-195.0,258.69866640553056,1,78.91824886406738,-16,9,3,3.5391224555663
1647,2533201,408385.0,3382630.0,17,60,6,3,2585.0,9.2,487,0,7,408825,3382785,488,0,7,-106.33,504,440.0,155.0,466.50294747193186,1,10.594029245998854,-16,9,3,1.9643461398024902
1648,2533201,408385.0,3382630.0,17,60,6,3,2585.0,9.2,487,0,7,408925,3382805,488,0,2,-99.4,504,540.0,175.0,567.6486589431883,1,12.043834847373262,-16,9,3,1.6145370899349043
1649,2533201,408385.0,3382630.0,17,60,6,3,2585.0,9.2,487,0,7,408505,3382465,488,0,2,-96.4,504,120.0,-165.0,204.02205763103166,1,83.9726266148964,-16,9,3,4.484123138561049
1650,2533201,408385.0,3382630.0,17,60,6,3,2585.0,9.2,487,0,7,408790,3383000,488,0,7,-106.0,504,405.0,370.0,548.5663132201977,1,-12.414205657575508,-16,9,3,1.6706688413226696
1651,2533201,408385.0,3382630.0,17,60,6,3,2585.0,9.2,487,0,7,408800,3382680,487,0,7,-98.5,504,415.0,50.0,418.0011961705373,0,23.13000769178575,-17,9,3,2.328920992829164
1652,2533201,408385.0,3382630.0,17,60,6,3,2585.0,9.2,487,0,7,408810,3382670,487,0,7,-96.5,504,425.0,40.0,426.8782027698299,0,24.62329457194926,-17,9,3,2.2805423522070187
1653,2533201,408385.0,3382630.0,17,60,6,3,2585.0,9.2,487,0,7,408830,3382650,486,0,2,-97.0,504,445.0,20.0,445.44921147084773,-1,27.426640536823186,-18,9,3,2.3139860134591332
1654,2533201,408385.0,3382630.0,17,60,6,3,2585.0,9.2,487,0,7,408815,3382665,486,9,7,-98.0,504,430.0,35.0,431.4220671222092,-1,25.34664841273161,-18,9,3,2.389136539154813
1655,2533201,408385.0,3382630.0,17,60,6,3,2585.0,9.2,487,0,7,408410,3382750,489,0,7,-102.0,504,25.0,120.0,122.57650672131263,2,-48.23171106797935,-15,9,3,6.976743102394373
1656,2533201,408385.0,3382630.0,17,60,6,3,2585.0,9.2,487,0,7,408720,3382440,486,0,7,-85.25,504,335.0,-190.0,385.12984823303424,-1,59.560354464680756,-18,9,3,2.675913279253936
1657,2533201,408385.0,3382630.0,17,60,6,3,2585.0,9.2,487,0,7,408740,3382420,486,0,7,-82.45,504,355.0,-210.0,412.4621194728069,-1,60.60640703150949,-18,9,3,2.498823569509115
1658,2533201,408385.0,3382630.0,17,60,6,3,2585.0,9.2,487,0,7,408750,3382410,486,0,7,-84.07,504,365.0,-220.0,426.1748467472007,-1,61.079039635079255,-18,9,3,2.4185177435949186
1659,2533201,408385.0,3382630.0,17,60,6,3,2585.0,9.2,487,0,7,408730,3382430,486,0,7,-79.0,504,345.0,-200.0,398.7793876318083,-1,60.10130456559966,-18,9,3,2.5844477079771404
1660,2533201,408385.0,3382630.0,17,60,6,3,2585.0,9.2,487,0,7,408755,3382405,485,0,7,-84.13,504,370.0,-225.0,433.0415684434925,-2,61.304123495591,-19,9,3,2.5122808915479613
1661,2533201,408385.0,3382630.0,17,60,6,3,2585.0,9.2,487,0,7,408735,3382425,486,0,7,-80.18,504,350.0,-205.0,405.6168142471414,-1,60.35811545876663,-18,9,3,2.5409396170252654
1662,2533201,408385.0,3382630.0,17,60,6,3,2585.0,9.2,487,0,7,408820,3382660,486,9,7,-100.86,504,435.0,30.0,436.033255612459,-1,26.054813770962426,-18,9,3,2.3638994856099185
1663,2533201,408385.0,3382630.0,17,60,6,3,2585.0,9.2,487,0,7,408825,3382655,486,9,7,-98.71,504,440.0,25.0,440.70965498840616,-1,26.74805439963609,-18,9,3,2.3388439958968688
1664,2533201,408385.0,3382630.0,17,60,6,3,2585.0,9.2,487,0,7,408725,3382435,486,0,7,-78.96,504,340.0,-195.0,391.95025194532025,-1,59.83553910026154,-18,9,3,2.6294151120110003
1665,2533201,408385.0,3382630.0,17,60,6,3,2585.0,9.2,487,0,7,408745,3382415,486,0,7,-81.78,504,360.0,-215.0,419.3149174546501,-1,60.84658741214861,-18,9,3,2.458036191908599
1666,2533201,408385.0,3382630.0,17,60,6,3,2585.0,9.2,487,0,7,408805,3382675,487,0,7,-94.38,504,420.0,45.0,422.4038352098617,0,23.884496433714617,-17,9,3,2.304673381393545
1667,2533201,408385.0,3382630.0,17,60,6,3,2585.0,9.2,487,0,7,408740,3382375,485,0,7,-84.33,504,355.0,-255.0,437.0926675202868,-2,65.69005982501398,-19,9,3,2.4890257785749728
1668,2533201,408385.0,3382630.0,17,60,6,3,2585.0,9.2,487,0,7,408725,3382400,486,0,6,-84.49,504,340.0,-230.0,410.48751503547584,-1,64.07719528013075,-18,9,3,2.5108285353193023
1669,2533201,408385.0,3382630.0,17,60,6,3,2585.0,9.2,487,0,7,408720,3382395,486,0,7,-86.5,504,335.0,-235.0,409.20654931220247,-1,65.04937331204843,-18,9,3,2.5186782383212143
1670,2533201,408385.0,3382630.0,17,60,6,3,2585.0,9.2,487,0,7,408735,3382390,486,0,7,-87.13,504,350.0,-240.0,424.38190347845887,-1,64.43898930880363,-18,9,3,2.428723370746371
1671,2533201,408385.0,3382630.0,17,60,6,3,2585.0,9.2,487,0,7,408730,3382385,486,0,7,-87.0,504,345.0,-245.0,423.14300183271376,-1,65.38027220030114,-18,9,3,2.435825769779746
1672,2533201,408385.0,3382630.0,17,60,6,3,2585.0,9.2,487,0,7,408745,3382380,485,0,7,-88.31,504,360.0,-250.0,438.2921400162225,-2,64.7778313663639,-19,9,3,2.4822226024674765
1673,2533201,408385.0,3382630.0,17,60,6,3,2585.0,9.2,487,0,7,408765,3382560,486,0,7,-92.43,504,380.0,-70.0,386.39358172723314,-1,40.43747535111822,-18,9,3,2.667174132969536
1674,2533201,408385.0,3382630.0,17,60,6,3,2585.0,9.2,487,0,7,408760,3382555,486,0,7,-90.57,504,375.0,-75.0,382.4264635194589,-1,41.30993247402023,-18,9,3,2.6948016080119683
1675,2533201,408385.0,3382630.0,17,60,6,3,2585.0,9.2,487,0,7,408785,3382540,486,0,7,-90.0,504,400.0,-90.0,410.0,-1,42.68038349181984,-18,9,3,2.5138102361777377
1676,2533201,408385.0,3382630.0,17,60,6,3,2585.0,9.2,487,0,7,408795,3382530,486,0,7,-88.6,504,410.0,-100.0,422.0189569201839,-1,43.7069610040798,-18,9,3,2.4423057312059053
1677,2533201,408385.0,3382630.0,17,60,6,3,2585.0,9.2,487,0,7,409125,3382280,486,0,6,-98.0,504,740.0,-350.0,818.5963596303126,-1,55.312883801874136,-18,9,3,1.2596658277805364
1678,2533201,408385.0,3382630.0,17,60,6,3,2585.0,9.2,487,0,7,408665,3382420,487,0,7,-79.62,504,280.0,-210.0,350.0,0,66.86989764584405,-17,9,3,2.780752467489777
1679,2533201,408385.0,3382630.0,17,60,6,3,2585.0,9.2,487,0,7,408645,3382440,487,0,7,-76.94,504,260.0,-190.0,322.02484376209236,0,66.15818543980834,-17,9,3,3.0218939488123477
1680,2533201,408385.0,3382630.0,17,60,6,3,2585.0,9.2,487,0,7,408655,3382430,487,0,7,-76.53,504,270.0,-200.0,336.00595232822883,0,66.52885536698517,-17,9,3,2.896372571259596
1681,2533201,408385.0,3382630.0,17,60,6,3,2585.0,9.2,487,0,7,408675,3382410,487,0,7,-79.81,504,290.0,-220.0,364.0054944640259,0,67.1847064532331,-17,9,3,2.673918472163611
1682,2533201,408385.0,3382630.0,17,60,6,3,2585.0,9.2,487,0,7,408670,3382405,487,0,2,-79.41,504,285.0,-225.0,363.1115531073061,0,68.29016319224309,-17,9,3,2.6804917808321984
1683,2533201,408385.0,3382630.0,17,60,6,3,2585.0,9.2,487,0,7,408650,3382425,488,0,7,-76.29,504,265.0,-205.0,335.0373113550191,1,67.72499504211078,-16,9,3,2.734132844321713
1684,2533201,408385.0,3382630.0,17,60,6,3,2585.0,9.2,487,0,7,408640,3382435,488,0,7,-75.77,504,255.0,-195.0,321.01401838549043,1,67.40535663140855,-16,9,3,2.8533784326786873
1685,2533201,408385.0,3382630.0,17,60,6,3,2585.0,9.2,487,0,7,408710,3382445,487,0,7,-77.8,504,325.0,-185.0,373.9652390263031,0,59.64986350757556,-17,9,3,2.6028037842866083
1686,2533201,408385.0,3382630.0,17,60,6,3,2585.0,9.2,487,0,7,408770,3382545,486,0,7,-89.8,504,385.0,-85.0,394.27148007432646,-1,42.44999650780659,-18,9,3,2.613956266912407
1687,2533201,408385.0,3382630.0,17,60,6,3,2585.0,9.2,487,0,7,408660,3382415,487,0,7,-79.62,504,275.0,-215.0,349.07019351414124,0,68.01894259317021,-17,9,3,2.7881477916471535
1688,2533201,408385.0,3382630.0,17,60,6,3,2585.0,9.2,487,0,7,408780,3382535,486,0,7,-94.76,504,395.0,-95.0,406.2634613154375,-1,43.523160650416,-18,9,3,2.5369005070623687
1689,2533201,408385.0,3382630.0,17,60,6,3,2585.0,9.2,487,0,7,408790,3382525,486,0,7,-98.0,504,405.0,-105.0,418.3897704294406,-1,44.53445508054011,-18,9,3,2.4634647338805666
1690,2533201,408385.0,3382630.0,17,60,6,3,2585.0,9.2,487,0,7,409135,3382270,486,0,7,-104.0,504,750.0,-360.0,831.9254774317228,-1,55.641005824305296,-18,9,3,1.239489797545887
1691,2533201,408385.0,3382630.0,17,60,6,3,2585.0,9.2,487,0,7,408775,3382550,486,0,7,-91.82,504,390.0,-80.0,398.1205847478877,-1,41.59217541029108,-18,9,3,2.588718593134609
1692,2533201,408385.0,3382630.0,17,60,6,3,2585.0,9.2,487,0,7,409130,3382265,486,0,2,-90.0,504,745.0,-365.0,829.6083413274001,-1,56.101753084736174,-18,9,3,1.2429506677803672
1693,2533201,408385.0,3382630.0,17,60,6,3,2585.0,9.2,487,0,7,409095,3382755,484,0,7,-98.0,504,710.0,125.0,720.91955168382,-3,20.015039795356643,-20,9,3,1.589111771605637
1694,2533201,408385.0,3382630.0,17,60,6,3,2585.0,9.2,487,0,7,409060,3382770,484,0,2,-94.5,504,675.0,140.0,689.3656504352389,-3,18.282565296796633,-20,9,3,1.6618092932059485
1695,2533201,408385.0,3382630.0,17,60,6,3,2585.0,9.2,487,0,7,408520,3382520,488,0,6,-82.0,504,135.0,-110.0,174.14074767268,1,69.17365797044425,-16,9,3,5.2495801471183015
1696,2533201,408385.0,3382630.0,17,60,6,3,2585.0,9.2,487,0,7,408630,3382410,488,0,2,-78.0,504,245.0,-220.0,329.2795165205391,1,71.92254460057563,-16,9,3,2.7818675441642737
1697,2533201,408385.0,3382630.0,17,60,6,3,2585.0,9.2,487,0,7,408525,3382515,488,0,6,-80.0,504,140.0,-115.0,181.1767093199344,1,69.40066066347947,-16,9,3,5.0467876750928475
1698,2533201,408385.0,3382630.0,17,60,6,3,2585.0,9.2,487,0,7,408510,3382530,488,0,6,-87.5,504,125.0,-100.0,160.0781059358212,1,68.65980825409008,-16,9,3,5.707825205225764
1699,2533201,408385.0,3382630.0,17,60,6,3,2585.0,9.2,487,0,7,408480,3382560,488,0,6,-91.14,504,95.0,-70.0,118.00423721205946,1,66.38435181583588,-16,9,3,7.7215518753829775
1700,2533201,408385.0,3382630.0,17,60,6,3,2585.0,9.2,487,0,7,408870,3382810,488,0,2,-102.33,504,485.0,180.0,517.3248495867949,1,9.63839672461387,-16,9,3,1.7714987723227398
1701,2533201,408385.0,3382630.0,17,60,6,3,2585.0,9.2,487,0,7,408885,3382795,488,0,2,-95.0,504,500.0,165.0,526.5216044950103,1,11.737110057805864,-16,9,3,1.740575199330011
1702,2533201,408385.0,3382630.0,17,60,6,3,2585.0,9.2,487,0,7,408880,3382800,488,0,2,-99.5,504,495.0,170.0,523.3784481615573,1,11.045768300488817,-16,9,3,1.7510217591699666
1703,2533201,408385.0,3382630.0,17,60,6,3,2585.0,9.2,487,0,7,408610,3382430,488,0,2,-74.44,504,225.0,-200.0,301.0398644698074,1,71.63353933657015,-16,9,3,3.0423569655542373
1704,2533201,408385.0,3382630.0,17,60,6,3,2585.0,9.2,487,0,7,408615,3382425,488,0,2,-74.11,504,230.0,-205.0,308.09901006007794,1,71.71075732150814,-16,9,3,2.9727771648252763
1705,2533201,408385.0,3382630.0,17,60,6,3,2585.0,9.2,487,0,7,408530,3382510,488,0,6,-76.67,504,145.0,-120.0,188.2153022471871,1,69.6106882400266,-16,9,3,4.858976505097488
1706,2533201,408385.0,3382630.0,17,60,6,3,2585.0,9.2,487,0,7,408545,3382495,488,0,7,-79.17,504,160.0,-135.0,209.34421415458323,1,70.15599962491933,-16,9,3,4.370570742732061
1707,2533201,408385.0,3382630.0,17,60,6,3,2585.0,9.2,487,0,7,408580,3382460,488,0,7,-75.88,504,195.0,-170.0,258.69866640553056,1,71.08175113593262,-16,9,3,3.5391224555663
1708,2533201,408385.0,3382630.0,17,60,6,3,2585.0,9.2,487,0,7,408595,3382445,488,0,2,-73.38,504,210.0,-185.0,279.8660393831306,1,71.37851529588266,-16,9,3,3.2720499736102053
1709,2533201,408385.0,3382630.0,17,60,6,3,2585.0,9.2,487,0,7,408535,3382505,488,0,7,-77.77,504,150.0,-125.0,195.25624189766637,1,69.80557109226521,-16,9,3,4.68455611395851
1710,2533201,408385.0,3382630.0,17,60,6,3,2585.0,9.2,487,0,7,408590,3382450,488,0,2,-75.64,504,205.0,-180.0,272.8094573140748,1,71.28471089457122,-16,9,3,3.356494855221416
1711,2533201,408385.0,3382630.0,17,60,6,3,2585.0,9.2,487,0,7,408585,3382455,488,0,7,-74.22,504,200.0,-175.0,265.75364531836624,1,71.18592516570965,-16,9,3,3.445398549803267
1712,2533201,408385.0,3382630.0,17,60,6,3,2585.0,9.2,487,0,7,408635,3382405,488,0,2,-86.5,504,250.0,-225.0,336.34060117684277,1,71.98721249581666,-16,9,3,2.7235543066373555
1713,2533201,408385.0,3382630.0,17,60,6,3,2585.0,9.2,487,0,7,408565,3382475,488,0,7,-76.15,504,180.0,-155.0,237.53947040439405,1,70.73210669970922,-16,9,3,3.8534641365986566
1714,2533201,408385.0,3382630.0,17,60,6,3,2585.0,9.2,487,0,7,408575,3382465,488,0,7,-75.61,504,190.0,-165.0,251.6445906432324,1,70.97173633351485,-16,9,3,3.638067954220338
1715,2533201,408385.0,3382630.0,17,60,6,3,2585.0,9.2,487,0,7,408735,3382945,488,0,7,-102.67,504,350.0,315.0,470.87684164757985,1,-11.987212495816664,-16,9,3,1.9461137619801785
1716,2533201,408385.0,3382630.0,17,60,6,3,2585.0,9.2,487,0,7,408605,3382435,488,0,2,-74.72,504,220.0,-195.0,293.981291921782,1,71.55261314813481,-16,9,3,3.115262602739494
1717,2533201,408385.0,3382630.0,17,60,6,3,2585.0,9.2,487,0,7,408600,3382440,488,0,2,-75.53,504,215.0,-190.0,286.9233347080715,1,71.46770541610908,-16,9,3,3.1917376475333037
1718,2533201,408385.0,3382630.0,17,60,6,3,2585.0,9.2,487,0,7,408570,3382470,488,0,6,-75.52,504,185.0,-160.0,244.59149617270018,1,70.85537625889572,-16,9,3,3.74268207367395
1719,2533201,408385.0,3382630.0,17,60,6,3,2585.0,9.2,487,0,7,408505,3382535,488,0,6,-83.0,504,120.0,-95.0,153.05227865013967,1,68.36748538486154,-16,9,3,5.967991499847734
1720,2533201,408385.0,3382630.0,17,60,6,3,2585.0,9.2,487,0,7,408500,3382540,488,0,7,-83.0,504,115.0,-90.0,146.03081866510234,1,68.04704253182604,-16,9,3,6.252723334528181
1721,2533201,408385.0,3382630.0,17,60,6,3,2585.0,9.2,487,0,7,408485,3382555,488,0,6,-90.38,504,100.0,-75.0,125.0,1,66.86989764584405,-16,9,3,7.294196308540855
1722,2533201,408385.0,3382630.0,17,60,6,3,2585.0,9.2,487,0,7,408620,3382420,488,0,2,-75.0,504,235.0,-210.0,315.15869018638847,1,71.78451600825179,-16,9,3,2.9063012438475466
1723,2533201,408385.0,3382630.0,17,60,6,3,2585.0,9.2,487,0,7,408490,3382550,488,0,6,-87.72,504,105.0,-80.0,132.00378782444085,1,67.30394827798341,-16,9,3,6.911030720638586
1724,2533201,408385.0,3382630.0,17,60,6,3,2585.0,9.2,487,0,7,408560,3382480,488,0,7,-77.14,504,175.0,-150.0,230.4886114323222,1,70.60129464500449,-16,9,3,3.970973600038165
1725,2533201,408385.0,3382630.0,17,60,6,3,2585.0,9.2,487,0,7,408540,3382500,488,0,6,-78.7,504,155.0,-130.0,202.2992832414391,1,69.98688624496418,-16,9,3,4.522152067007812
1726,2533201,408385.0,3382630.0,17,60,6,3,2585.0,9.2,487,0,7,408730,3382950,488,0,7,-105.0,504,345.0,320.0,470.5581791872287,1,-12.847037210899543,-16,9,3,1.9474306576885743
1727,2533201,408385.0,3382630.0,17,60,6,3,2585.0,9.2,487,0,7,408555,3382485,488,0,7,-82.38,504,170.0,-145.0,223.4390297150433,1,70.46222749209335,-16,9,3,4.095839341257505
1728,2533201,408385.0,3382630.0,17,60,6,3,2585.0,9.2,487,0,7,408650,3383030,489,0,7,-92.5,504,265.0,400.0,479.8176737053357,2,-26.475526751423047,-15,9,3,1.7905903151005647
1729,2533201,408385.0,3382630.0,17,60,6,3,2585.0,9.2,487,0,7,408515,3382525,488,0,6,-86.0,504,130.0,-105.0,167.10774967068403,1,68.92754359279229,-16,9,3,5.469204316131266
1730,2533201,408385.0,3382630.0,17,60,6,3,2585.0,9.2,487,0,7,408495,3382545,488,0,6,-85.29,504,110.0,-85.0,139.01438774457844,1,67.69424046668917,-16,9,3,6.565624954434133
1731,2533201,408385.0,3382630.0,17,60,6,3,2585.0,9.2,487,0,7,408550,3382490,488,0,7,-81.56,504,165.0,-140.0,216.390850083824,1,70.31410016049733,-16,9,3,4.228770709098208
1732,2533201,408385.0,3382630.0,17,60,6,3,2585.0,9.2,487,0,7,408625,3382415,488,0,2,-72.17,504,240.0,-215.0,322.21886971436044,1,71.855042535302,-16,9,3,2.8427265204937604
1733,2533201,408385.0,3382630.0,17,60,6,3,2585.0,9.2,487,0,7,410820,3380040,481,0,5,-108.5,504,2435.0,-2590.0,3554.9015457534124,-6,76.7667723058268,-23,9,3,0.37069508803657336
1734,2533201,408385.0,3382630.0,17,60,6,3,2585.0,9.2,487,0,7,408200,3382435,482,0,6,-108.0,504,-185.0,-195.0,268.79360111431225,-5,163.49256424122504,-22,9,3,4.679068649980417
1735,2533201,408385.0,3382630.0,17,60,6,3,2585.0,9.2,487,0,7,408170,3382465,481,0,6,-96.0,504,-215.0,-165.0,271.01660465735307,-6,172.49585763972985,-23,9,3,4.850820295179458
1736,2533201,408385.0,3382630.0,17,60,6,3,2585.0,9.2,487,0,7,408215,3382360,485,0,6,-105.5,504,-170.0,-270.0,319.06112267087633,-2,152.19573393471325,-19,9,3,3.407922979618047
1737,2533201,408385.0,3382630.0,17,60,6,3,2585.0,9.2,487,0,7,408185,3382370,483,0,6,-86.5,504,-200.0,-260.0,328.0243893371345,-4,157.56859202882748,-21,9,3,3.6630556959038283
1738,2533201,408385.0,3382630.0,17,60,6,3,2585.0,9.2,487,0,7,408180,3382365,483,0,6,-111.0,504,-205.0,-265.0,335.0373113550191,-4,157.72499504211075,-21,9,3,3.5865837481744935
1739,2533201,408385.0,3382630.0,17,60,6,3,2585.0,9.2,487,0,7,408205,3382350,485,0,6,-101.0,504,-180.0,-280.0,332.86633954186476,-2,152.7352262721076,-19,9,3,3.2668963537866085
1740,2533201,408385.0,3382630.0,17,60,6,3,2585.0,9.2,487,0,7,408210,3382495,482,0,6,-101.0,504,-175.0,-135.0,221.02036105300343,-5,172.35237935989235,-22,9,3,5.684402705063752
1741,2533201,408385.0,3382630.0,17,60,6,3,2585.0,9.2,487,0,7,408705,3382390,486,0,7,-82.0,504,320.0,-240.0,400.0,-1,66.86989764584405,-18,9,3,2.5765718302688305
1742,2533201,408385.0,3382630.0,17,60,6,3,2585.0,9.2,487,0,7,408715,3382400,486,0,7,-84.13,504,330.0,-230.0,402.24370722237535,-1,64.87532834460217,-18,9,3,2.562218971781086
1743,2533201,408385.0,3382630.0,17,60,6,3,2585.0,9.2,487,0,7,408710,3382395,486,0,7,-85.29,504,325.0,-235.0,401.06109260310956,-1,65.86982351772133,-18,9,3,2.5697641106048277
1744,2533201,408385.0,3382630.0,17,60,6,3,2585.0,9.2,487,0,7,408680,3382365,487,0,2,-95.0,504,295.0,-265.0,396.547601177967,0,71.9335144988741,-17,9,3,2.454767609137179
1745,2533201,408385.0,3382630.0,17,60,6,3,2585.0,9.2,487,0,7,408260,3382230,486,0,6,-97.5,504,-125.0,-400.0,419.0763653560052,-1,137.3540246362613,-18,9,3,2.459433669609401
1746,2533201,408385.0,3382630.0,17,60,6,3,2585.0,9.2,487,0,7,408245,3382205,485,0,5,-100.8,504,-140.0,-425.0,447.4650824366076,-2,138.23249108070382,-19,9,3,2.431399253433276
1747,2533201,408385.0,3382630.0,17,60,6,3,2585.0,9.2,487,0,7,408270,3382240,486,0,6,-102.0,504,-115.0,-390.0,406.6017707782395,-1,136.4293014515334,-18,9,3,2.5347924553592462
1748,2533201,408385.0,3382630.0,17,60,6,3,2585.0,9.2,487,0,7,408255,3382215,486,0,6,-95.33,504,-130.0,-415.0,434.8850422812907,-1,137.39332214691203,-18,9,3,2.3701337069341957
1749,2533201,408385.0,3382630.0,17,60,6,3,2585.0,9.2,487,0,7,408250,3382220,486,0,6,-98.33,504,-135.0,-410.0,431.65379646193315,-1,138.22507511135444,-18,9,3,2.387855438365442
1750,2533201,408385.0,3382630.0,17,60,6,3,2585.0,9.2,487,0,7,408275,3382235,486,0,6,-123.0,504,-110.0,-395.0,410.03048667141815,-1,135.56151032532847,-18,9,3,2.5136235685792503
1751,2533201,408385.0,3382630.0,17,60,6,3,2585.0,9.2,487,0,7,408240,3382210,485,0,5,-106.5,504,-145.0,-420.0,444.3253312607779,-2,139.0466242976358,-19,9,3,2.4485594946740235
1752,2533201,408385.0,3382630.0,17,60,6,3,2585.0,9.2,487,0,7,409250,3382730,483,0,14,-103.5,504,865.0,100.0,870.7611612836208,-4,23.405484967771997,-21,9,3,1.3815248467813577
1753,2533201,408385.0,3382630.0,17,60,6,3,2585.0,9.2,487,0,7,408400,3382300,488,0,7,-87.5,504,15.0,-330.0,330.3407331831786,1,117.39743779750017,-16,9,3,2.772944790166386
1754,2533201,408385.0,3382630.0,17,60,6,3,2585.0,9.2,487,0,7,408270,3382230,486,0,6,-102.5,504,-115.0,-400.0,416.20307543313515,-1,136.03994330604965,-18,9,3,2.476391494030698
1755,2533201,408385.0,3382630.0,17,60,6,3,2585.0,9.2,487,0,7,408245,3382215,486,0,5,-107.0,504,-140.0,-415.0,437.97830996523106,-1,138.64179189369932,-18,9,3,2.353413277581765
1756,2533201,408385.0,3382630.0,17,60,6,3,2585.0,9.2,487,0,7,408250,3382210,486,0,5,-99.33,504,-135.0,-420.0,441.16323509558225,-1,137.81888891452277,-18,9,3,2.336441989666103
1757,2533201,408385.0,3382630.0,17,60,6,3,2585.0,9.2,487,0,7,408240,3382220,486,0,5,-102.0,504,-145.0,-410.0,434.8850422812907,-1,139.476575498932,-18,9,3,2.3701337069341957
1758,2533201,408385.0,3382630.0,17,60,6,3,2585.0,9.2,487,0,7,408255,3382205,486,0,6,-103.5,504,-130.0,-425.0,444.43784717325775,-1,137.0079469554073,-18,9,3,2.3192459844706304
1759,2533201,408385.0,3382630.0,17,60,6,3,2585.0,9.2,487,0,7,408285,3382570,485,0,7,-103.5,504,-100.0,-60.0,116.61903789690601,-2,179.03624346792648,-19,9,3,9.253533863587183
1760,2533201,408385.0,3382630.0,17,60,6,3,2585.0,9.2,487,0,7,408250,3382575,485,0,6,-103.33,504,-135.0,-55.0,145.7737973711325,-2,187.83365417791754,-19,9,3,7.426007529510353
1761,2533201,408385.0,3382630.0,17,60,6,3,2585.0,9.2,487,0,7,408290,3382615,486,0,6,-109.5,504,-95.0,-15.0,96.17692030835673,-1,201.0273733851036,-18,9,3,10.600563253798075
1762,2533201,408385.0,3382630.0,17,60,6,3,2585.0,9.2,487,0,7,408270,3382595,485,0,6,-109.33,504,-115.0,-35.0,120.20815280171308,-2,193.07248693585296,-19,9,3,8.98181814105644
1763,2533201,408385.0,3382630.0,17,60,6,3,2585.0,9.2,487,0,7,409115,3382710,484,0,7,-84.67,504,730.0,80.0,734.3704787094863,-3,23.74596725608353,-20,9,3,1.5600196904876749
1764,2533201,408385.0,3382630.0,17,60,6,3,2585.0,9.2,487,0,7,408775,3382370,485,0,7,-87.63,504,390.0,-260.0,468.7216658103186,-2,63.69006752597977,-19,9,3,2.3212584826802365
1765,2533201,408385.0,3382630.0,17,60,6,3,2585.0,9.2,487,0,7,408790,3382385,485,0,7,-88.12,504,405.0,-245.0,473.33920184155465,-2,61.17134902771983,-19,9,3,2.298638465728855
1766,2533201,408385.0,3382630.0,17,60,6,3,2585.0,9.2,487,0,7,408795,3382390,485,0,7,-87.74,504,410.0,-240.0,475.0789408087881,-2,60.343248884239586,-19,9,3,2.290229832043142
1767,2533201,408385.0,3382630.0,17,60,6,3,2585.0,9.2,487,0,7,408785,3382400,485,0,7,-85.09,504,400.0,-230.0,461.41087980237313,-2,59.89890183861456,-19,9,3,2.357996276574924
1768,2533201,408385.0,3382630.0,17,60,6,3,2585.0,9.2,487,0,7,408760,3382375,485,0,7,-92.87,504,375.0,-255.0,453.48649373492924,-2,64.2157021324374,-19,9,3,2.3991530168984543
1769,2533201,408385.0,3382630.0,17,60,6,3,2585.0,9.2,487,0,7,408780,3382395,485,0,7,-86.61,504,395.0,-235.0,459.6194077712559,-2,60.74996730219641,-19,9,3,2.3671766728281023
1770,2533201,408385.0,3382630.0,17,60,6,3,2585.0,9.2,487,0,7,408765,3382380,485,0,7,-90.75,504,380.0,-250.0,454.86261662176634,-2,63.34070734647702,-19,9,3,2.39190315969439
1771,2533201,408385.0,3382630.0,17,60,6,3,2585.0,9.2,487,0,7,408720,3382335,486,0,2,-94.0,504,335.0,-295.0,446.37428241331287,-1,71.36704926051175,-18,9,3,2.3091956802822002
1772,2533201,408385.0,3382630.0,17,60,6,3,2585.0,9.2,487,0,7,408650,3382200,486,0,5,-91.0,504,265.0,-430.0,505.0990001969911,-1,88.35534096290746,-18,9,3,2.0409618335198023
1773,2533201,408385.0,3382630.0,17,60,6,3,2585.0,9.2,487,0,7,408630,3381980,487,0,5,-99.57,504,245.0,-650.0,694.640194633164,0,99.34741606888645,-17,9,3,1.4019255867632436
1774,2533201,408385.0,3382630.0,17,60,6,3,2585.0,9.2,487,0,7,408670,3382180,486,0,7,-90.25,504,285.0,-450.0,532.6584271369411,-1,87.65255650055798,-18,9,3,1.9354461953391076
1775,2533201,408385.0,3382630.0,17,60,6,3,2585.0,9.2,487,0,7,408625,3381965,487,0,5,-103.5,504,240.0,-665.0,706.983026670372,0,100.15537243386837,-17,9,3,1.3774596441551177
1776,2533201,408385.0,3382630.0,17,60,6,3,2585.0,9.2,487,0,7,408930,3382320,484,0,2,-94.67,504,545.0,-310.0,626.9968101992226,-3,59.63153667820387,-20,9,3,1.827006384893723
1777,2533201,408385.0,3382630.0,17,60,6,3,2585.0,9.2,487,0,7,409175,3382715,483,0,7,-95.0,504,790.0,85.0,794.5596264598397,-4,23.8588893831232,-21,9,3,1.5139597922966443
1778,2533201,408385.0,3382630.0,17,60,6,3,2585.0,9.2,487,0,7,408815,3382355,485,0,2,-98.33,504,430.0,-275.0,510.4164965986111,-2,62.60033357369025,-19,9,3,2.1318225710989376
1779,2533201,408385.0,3382630.0,17,60,6,3,2585.0,9.2,487,0,7,408840,3382390,486,0,7,-92.31,504,455.0,-240.0,514.4171459039833,-1,57.81041544384635,-18,9,3,2.0040222989610115
1780,2533201,408385.0,3382630.0,17,60,6,3,2585.0,9.2,487,0,7,408845,3382385,486,0,7,-90.97,504,460.0,-245.0,521.1765535785354,-1,58.04015297793495,-18,9,3,1.978051882296612
1781,2533201,408385.0,3382630.0,17,60,6,3,2585.0,9.2,487,0,7,408865,3382365,486,0,7,-92.72,504,480.0,-265.0,548.2928049865327,-1,58.902357036201806,-18,9,3,1.8802978198813862
1782,2533201,408385.0,3382630.0,17,60,6,3,2585.0,9.2,487,0,7,408675,3382175,486,0,7,-89.5,504,290.0,-455.0,539.5600059307584,-1,87.48808576894851,-18,9,3,1.9107081327208617
1783,2533201,408385.0,3382630.0,17,60,6,3,2585.0,9.2,487,0,7,408875,3382375,486,0,7,-90.96,504,490.0,-255.0,552.3812089490373,-1,57.49283695153963,-18,9,3,1.8663908300789147
1784,2533201,408385.0,3382630.0,17,60,6,3,2585.0,9.2,487,0,7,408870,3382380,486,0,7,-92.0,504,485.0,-250.0,545.6418239101545,-1,57.269471988458065,-18,9,3,1.8894265733809257
1785,2533201,408385.0,3382630.0,17,60,6,3,2585.0,9.2,487,0,7,408810,3382360,485,0,7,-93.92,504,425.0,-270.0,503.51266121121523,-2,62.42755499577248,-19,9,3,2.161025197751658
1786,2533201,408385.0,3382630.0,17,60,6,3,2585.0,9.2,487,0,7,408655,3382195,486,0,5,-95.0,504,270.0,-435.0,511.9814449762804,-1,88.17255342332692,-18,9,3,2.0135484068870024
1787,2533201,408385.0,3382630.0,17,60,6,3,2585.0,9.2,487,0,7,408860,3382370,486,0,7,-91.49,504,475.0,-260.0,541.5025392368904,-1,58.694904379343484,-18,9,3,1.9038588983880307
1788,2533201,408385.0,3382630.0,17,60,6,3,2585.0,9.2,487,0,7,408490,3382560,488,0,6,-85.5,504,105.0,-70.0,126.19429464123962,1,63.69006752597977,-16,9,3,7.225897583007517
1789,2533201,408385.0,3382630.0,17,60,6,3,2585.0,9.2,487,0,7,408470,3382580,488,0,7,-94.0,504,85.0,-50.0,98.6154146165801,1,60.46554491945989,-16,9,3,9.215731544147978
1790,2533201,408385.0,3382630.0,17,60,6,3,2585.0,9.2,487,0,7,408410,3382640,488,0,7,-99.5,504,25.0,10.0,26.92582403567252,1,8.198590513648185,-16,9,3,30.719843615670136
1791,2533201,408385.0,3382630.0,17,60,6,3,2585.0,9.2,487,0,7,408485,3382545,488,0,7,-85.5,504,100.0,-85.0,131.24404748406687,1,70.36453657309733,-16,9,3,6.950646781316588
1792,2533201,408385.0,3382630.0,17,60,6,3,2585.0,9.2,487,0,7,408760,3382910,488,0,7,-101.5,504,375.0,280.0,468.0010683748489,1,-6.747470952863921,-16,9,3,1.958062962745154
1793,2533201,408385.0,3382630.0,17,60,6,3,2585.0,9.2,487,0,7,408535,3382515,488,0,6,-77.0,504,150.0,-115.0,189.01058171435798,1,67.47617956136139,-16,9,3,4.838629182502024
1794,2533201,408385.0,3382630.0,17,60,6,3,2585.0,9.2,487,0,7,408620,3382410,488,0,2,-85.67,504,235.0,-220.0,321.90837205639747,1,73.1118119932591,-16,9,3,2.8454639765418888
1795,2533201,408385.0,3382630.0,17,60,6,3,2585.0,9.2,487,0,7,408635,3382415,488,0,2,-78.23,504,250.0,-215.0,329.73474187595093,1,70.69553103949204,-16,9,3,2.7780329725608213
1796,2533201,408385.0,3382630.0,17,60,6,3,2585.0,9.2,487,0,7,408605,3382425,488,0,2,-78.2,504,220.0,-205.0,300.70749907509787,1,72.97863505964403,-16,9,3,3.0457132882979994
1797,2533201,408385.0,3382630.0,17,60,6,3,2585.0,9.2,487,0,7,408475,3382575,488,0,7,-97.5,504,90.0,-55.0,105.47511554864494,1,61.42956561483851,-16,9,3,8.625695919851148
1798,2533201,408385.0,3382630.0,17,60,6,3,2585.0,9.2,487,0,7,408550,3382500,488,0,6,-81.21,504,165.0,-130.0,210.05951537600004,1,68.23382517744693,-16,9,3,4.355745311807859
1799,2533201,408385.0,3382630.0,17,60,6,3,2585.0,9.2,487,0,7,408610,3382440,488,0,2,-74.02,504,225.0,-190.0,294.49108645254444,1,70.17923392190733,-16,9,3,3.109880355632731
1800,2533201,408385.0,3382630.0,17,60,6,3,2585.0,9.2,487,0,7,408580,3382450,488,0,2,-75.74,504,195.0,-180.0,265.37709019431196,1,72.70938995736151,-16,9,3,3.450275574071495
1801,2533201,408385.0,3382630.0,17,60,6,3,2585.0,9.2,487,0,7,408575,3382475,488,0,7,-74.95,504,190.0,-155.0,245.20399670478457,1,69.20720350496788,-16,9,3,3.73335961728531
1802,2533201,408385.0,3382630.0,17,60,6,3,2585.0,9.2,487,0,7,408895,3382795,488,0,2,-100.67,504,510.0,165.0,536.0270515561691,1,12.072080237992736,-16,9,3,1.7097278065582395
1803,2533201,408385.0,3382630.0,17,60,6,3,2585.0,9.2,487,0,7,408500,3382530,488,0,6,-84.55,504,115.0,-100.0,152.3975065412817,1,71.00908690157019,-16,9,3,5.9934465811092865
1804,2533201,408385.0,3382630.0,17,60,6,3,2585.0,9.2,487,0,7,408570,3382480,487,0,7,-76.87,504,185.0,-150.0,238.17010727629108,0,69.0355128987469,-17,9,3,4.082708597488895
1805,2533201,408385.0,3382630.0,17,60,6,3,2585.0,9.2,487,0,7,408545,3382485,488,0,7,-82.24,504,160.0,-145.0,215.92822881689185,1,72.18444331578883,-16,9,3,4.237797781748902
1806,2533201,408385.0,3382630.0,17,60,6,3,2585.0,9.2,487,0,7,408590,3382460,488,0,7,-73.97,504,205.0,-170.0,266.3174797117155,1,69.66784111834045,-16,9,3,3.4381216361845444
1807,2533201,408385.0,3382630.0,17,60,6,3,2585.0,9.2,487,0,7,408565,3382465,488,0,7,-79.39,504,180.0,-165.0,244.1823089414956,1,72.51044707800088,-16,9,3,3.748935983147418
1808,2533201,408385.0,3382630.0,17,60,6,3,2585.0,9.2,487,0,7,408560,3382470,488,0,6,-76.79,504,175.0,-160.0,237.11811402758752,1,72.436229788535,-16,9,3,3.8602910162435773
1809,2533201,408385.0,3382630.0,17,60,6,3,2585.0,9.2,487,0,7,408525,3382505,488,0,7,-80.59,504,140.0,-125.0,187.6832437912346,1,71.76029970389789,-16,9,3,4.872684866152608
1810,2533201,408385.0,3382630.0,17,60,6,3,2585.0,9.2,487,0,7,408615,3382435,488,0,2,-74.59,504,230.0,-195.0,301.53772566629203,1,70.29214775562775,-16,9,3,3.0373432213827654
1811,2533201,408385.0,3382630.0,17,60,6,3,2585.0,9.2,487,0,7,408585,3382445,488,0,2,-76.96,504,200.0,-185.0,272.44265451650557,1,72.76882539196879,-16,9,3,3.36100351477334
1812,2533201,408385.0,3382630.0,17,60,6,3,2585.0,9.2,487,0,7,408730,3382960,488,0,7,-106.5,504,345.0,330.0,477.4149138851865,1,-13.726969979943306,-16,9,3,1.919482318663137
1813,2533201,408385.0,3382630.0,17,60,6,3,2585.0,9.2,487,0,7,408600,3382430,488,0,2,-73.87,504,215.0,-200.0,293.64093720052045,1,72.9299693469589,-16,9,3,3.11886633142557
1814,2533201,408385.0,3382630.0,17,60,6,3,2585.0,9.2,487,0,7,408630,3382420,488,0,2,-75.05,504,245.0,-210.0,322.6840560052511,1,70.60129464500449,-16,9,3,2.8386351098726563
1815,2533201,408385.0,3382630.0,17,60,6,3,2585.0,9.2,487,0,7,408540,3382490,488,0,7,-81.69,504,155.0,-140.0,208.86598574205422,1,72.08916217383228,-16,9,3,4.380538880117381
1816,2533201,408385.0,3382630.0,17,60,6,3,2585.0,9.2,487,0,7,408505,3382525,488,0,6,-82.53,504,120.0,-105.0,159.45218719101973,1,71.18592516570965,-16,9,3,5.7300820753742014
1817,2533201,408385.0,3382630.0,17,60,6,3,2585.0,9.2,487,0,7,408555,3382495,487,0,7,-80.1,504,170.0,-135.0,217.0829334609241,0,68.45370921670599,-17,9,3,4.477756098822754
1818,2533201,408385.0,3382630.0,17,60,6,3,2585.0,9.2,487,0,7,408735,3382955,488,0,7,-108.0,504,350.0,325.0,477.62432936357,1,-12.878903603338529,-16,9,3,1.9186413464068215
1819,2533201,408385.0,3382630.0,17,60,6,3,2585.0,9.2,487,0,7,408595,3382455,488,0,7,-73.66,504,210.0,-175.0,273.3587386567329,1,69.80557109226521,-16,9,3,3.3497657582429423
1820,2533201,408385.0,3382630.0,17,60,6,3,2585.0,9.2,487,0,7,408865,3382805,488,0,2,-101.5,504,480.0,175.0,510.9060579010588,1,9.968987319102268,-16,9,3,1.7937406289458209
1821,2533201,408385.0,3382630.0,17,60,6,3,2585.0,9.2,487,0,7,408520,3382510,488,0,7,-76.53,504,135.0,-120.0,180.62391868188442,1,71.63353933657015,-16,9,3,5.062152990387488
1822,2533201,408385.0,3382630.0,17,60,6,3,2585.0,9.2,487,0,7,408660,3382125,486,0,5,-91.0,504,275.0,-505.0,575.0217387195027,-1,91.42930145153343,-18,9,3,1.792953725070374
1823,2533201,408385.0,3382630.0,17,60,6,3,2585.0,9.2,487,0,7,408905,3382370,486,0,7,-95.6,504,520.0,-260.0,581.3776741499453,-1,56.565051177077976,-18,9,3,1.7733647695633428
1824,2533201,408385.0,3382630.0,17,60,6,3,2585.0,9.2,487,0,7,408655,3382160,486,0,6,-83.0,504,270.0,-470.0,542.0332093147061,-1,90.12400730831058,-18,9,3,1.9019963215264866
1825,2533201,408385.0,3382630.0,17,60,6,3,2585.0,9.2,487,0,7,408940,3382325,484,0,7,-94.5,504,555.0,-305.0,633.2850858815483,-3,58.790975072192055,-20,9,3,1.808877031545682
1826,2533201,408385.0,3382630.0,17,60,6,3,2585.0,9.2,487,0,7,408930,3382355,486,0,6,-94.06,504,545.0,-275.0,610.4506532063014,-1,56.77492488864556,-18,9,3,1.6889576368783623
1827,2533201,408385.0,3382630.0,17,60,6,3,2585.0,9.2,487,0,7,408955,3382340,485,0,6,-94.0,504,570.0,-290.0,639.5310782127792,-2,56.965714432870186,-19,9,3,1.7017151013609324
1828,2533201,408385.0,3382630.0,17,60,6,3,2585.0,9.2,487,0,7,408925,3382350,486,0,7,-92.6,504,540.0,-280.0,608.276253029822,-1,57.40757543781842,-18,9,3,1.6949916243547996
1829,2533201,408385.0,3382630.0,17,60,6,3,2585.0,9.2,487,0,7,408945,3382330,485,0,7,-96.79,504,560.0,-300.0,635.2952069707436,-2,58.178590109959146,-19,9,3,1.7130546569618825
1830,2533201,408385.0,3382630.0,17,60,6,3,2585.0,9.2,487,0,7,408625,3382010,487,0,6,-113.0,504,240.0,-620.0,664.8308055437865,0,98.8387401831717,-17,9,3,1.4647577077307612
1831,2533201,408385.0,3382630.0,17,60,6,3,2585.0,9.2,487,0,7,408920,3382345,485,0,7,-93.93,504,535.0,-285.0,606.1765419413721,-2,58.04468694797481,-19,9,3,1.7952913744498806
1832,2533201,408385.0,3382630.0,17,60,6,3,2585.0,9.2,487,0,7,408900,3382365,486,0,6,-92.79,504,515.0,-265.0,579.1804554713497,-1,57.22867917709124,-18,9,3,1.7800880075608967
1833,2533201,408385.0,3382630.0,17,60,6,3,2585.0,9.2,487,0,7,408950,3382335,485,0,7,-98.88,504,565.0,-295.0,637.3774391990981,-2,57.57013718233213,-19,9,3,1.7074616402478529
1834,2533201,408385.0,3382630.0,17,60,6,3,2585.0,9.2,487,0,7,408670,3382135,486,0,7,-93.0,504,285.0,-495.0,571.1829829397931,-1,90.06848815949223,-18,9,3,1.804995704524184
1835,2533201,408385.0,3382630.0,17,60,6,3,2585.0,9.2,487,0,7,408665,3382130,486,0,7,-90.5,504,280.0,-500.0,573.0619512757761,-1,90.75117366345307,-18,9,3,1.7990813399683814
1836,2533201,408385.0,3382630.0,17,60,6,3,2585.0,9.2,487,0,7,408690,3382655,486,0,7,-93.5,504,305.0,25.0,306.0228749619871,-1,25.314100160497333,-18,9,3,3.3662096019073897
1837,2533201,408385.0,3382630.0,17,60,6,3,2585.0,9.2,487,0,7,408720,3382605,487,0,7,-80.0,504,335.0,-25.0,335.9315406448165,0,34.26789330029078,-17,9,3,2.8970130495360094
1838,2533201,408385.0,3382630.0,17,60,6,3,2585.0,9.2,487,0,7,408770,3382575,486,0,7,-79.0,504,385.0,-55.0,388.90872965260115,-1,38.13010235415595,-18,9,3,2.6499496699909475
1839,2533201,408385.0,3382630.0,17,60,6,3,2585.0,9.2,487,0,7,408730,3382615,487,0,7,-68.0,504,345.0,-15.0,345.3259329966401,0,32.48955292199918,-17,9,3,2.8183303217930114
1840,2533201,408385.0,3382630.0,17,60,6,3,2585.0,9.2,487,0,7,408850,3382495,485,0,7,-104.5,504,465.0,-135.0,484.2003717470692,-2,46.18920625702697,-19,9,3,2.24713083067963
1841,2533201,408385.0,3382630.0,17,60,6,3,2585.0,9.2,487,0,7,408845,3382490,485,0,7,-100.4,504,460.0,-140.0,480.83261120685233,-2,46.927513064147035,-19,9,3,2.2628534723113254
1842,2533201,408385.0,3382630.0,17,60,6,3,2585.0,9.2,487,0,7,408815,3382540,486,0,7,-94.5,504,430.0,-90.0,439.31765272977594,-1,41.82148834060729,-18,9,3,2.3462464835392765
1843,2533201,408385.0,3382630.0,17,60,6,3,2585.0,9.2,487,0,7,408805,3382530,486,0,7,-94.5,504,420.0,-100.0,431.7406628984581,-1,43.392497753751115,-18,9,3,2.387375556610176
1844,2533201,408385.0,3382630.0,17,60,6,3,2585.0,9.2,487,0,7,409045,3382290,487,0,7,-93.33,504,660.0,-340.0,742.4284477308235,0,57.255328374943076,-17,9,3,1.3117197719463791
1845,2533201,408385.0,3382630.0,17,60,6,3,2585.0,9.2,487,0,7,408765,3382570,486,0,7,-85.5,504,380.0,-60.0,384.7076812334269,-1,38.9726266148964,-18,9,3,2.678845473310666
1846,2533201,408385.0,3382630.0,17,60,6,3,2585.0,9.2,487,0,7,408800,3382525,486,0,7,-95.43,504,415.0,-105.0,428.07709586007985,-1,44.19855402386315,-18,9,3,2.4077832364791476
1847,2533201,408385.0,3382630.0,17,60,6,3,2585.0,9.2,487,0,7,408725,3382610,487,0,7,-79.67,504,340.0,-20.0,340.58772731852804,0,33.36646066342979,-17,9,3,2.85747397627045
1848,2533201,408385.0,3382630.0,17,60,6,3,2585.0,9.2,487,0,7,409050,3382295,487,0,7,-100.67,504,665.0,-335.0,744.6139939592863,0,56.737110057805864,-17,9,3,1.3078710301666736
1849,2533201,408385.0,3382630.0,17,60,6,3,2585.0,9.2,487,0,7,409000,3382325,486,0,7,-94.5,504,615.0,-305.0,686.476510887299,-1,56.378420633512405,-18,9,3,1.5020000769841335
1850,2533201,408385.0,3382630.0,17,60,6,3,2585.0,9.2,487,0,7,408760,3382565,486,0,7,-86.43,504,375.0,-65.0,380.5916446797013,-1,39.83356396420709,-18,9,3,2.707773861916083
1851,2533201,408385.0,3382630.0,17,60,6,3,2585.0,9.2,487,0,7,409110,3382275,486,0,7,-97.5,504,725.0,-355.0,807.2484128197466,-1,56.08891992543613,-18,9,3,1.2773678353069877
1852,2533201,408385.0,3382630.0,17,60,6,3,2585.0,9.2,487,0,7,408840,3382485,485,0,7,-105.29,504,455.0,-145.0,477.5458093209488,-2,47.67610869865348,-19,9,3,2.2784116436654007
1853,2533201,408385.0,3382630.0,17,60,6,3,2585.0,9.2,487,0,7,410140,3380130,481,0,5,-111.5,504,1755.0,-2500.0,3054.5089621737893,-6,84.93114495476391,-23,9,3,0.4314205785860897
1854,2533201,408385.0,3382630.0,17,60,6,3,2585.0,9.2,487,0,7,408445,3382405,489,0,2,-110.0,504,60.0,-225.0,232.86262044390037,2,105.06858282186249,-15,9,3,3.6856535095256104
1855,2533201,408385.0,3382630.0,17,60,6,3,2585.0,9.2,487,0,7,408475,3382435,489,0,2,-97.67,504,90.0,-195.0,214.76731594914529,2,95.22485943116806,-15,9,3,3.99522295462384
1856,2533201,408385.0,3382630.0,17,60,6,3,2585.0,9.2,487,0,7,408730,3382780,487,0,7,-101.0,504,345.0,150.0,376.19808611953357,0,6.501434324047921,-17,9,3,2.5873764289799976
1857,2533201,408385.0,3382630.0,17,60,6,3,2585.0,9.2,487,0,7,408775,3382735,488,0,7,-98.2,504,390.0,105.0,403.8873605350878,1,14.931511840507824,-16,9,3,2.268586381164354
1858,2533201,408385.0,3382630.0,17,60,6,3,2585.0,9.2,487,0,7,408740,3382790,487,0,7,-99.6,504,355.0,160.0,389.39054944875073,0,5.738709147522229,-17,9,3,2.499829852943959
1859,2533201,408385.0,3382630.0,17,60,6,3,2585.0,9.2,487,0,7,408735,3382775,487,0,7,-100.56,504,350.0,145.0,378.8469347902923,0,7.4964715002325875,-17,9,3,2.569310155824405
1860,2533201,408385.0,3382630.0,17,60,6,3,2585.0,9.2,487,0,7,408565,3382605,487,0,7,-82.67,504,180.0,-25.0,181.72781845386248,0,37.90716270295843,-17,9,3,5.344266290332046
1861,2533201,408385.0,3382630.0,17,60,6,3,2585.0,9.2,487,0,7,408455,3382415,489,0,2,-104.0,504,70.0,-215.0,226.10838109190027,2,101.96571443287019,-15,9,3,3.7954330574400896
1862,2533201,408385.0,3382630.0,17,60,6,3,2585.0,9.2,487,0,7,408765,3382725,488,0,7,-99.5,504,380.0,95.0,391.69503443367773,1,15.963756532073546,-16,9,3,2.3391236160361113
1863,2533201,408385.0,3382630.0,17,60,6,3,2585.0,9.2,487,0,7,408770,3382740,488,0,7,-101.0,504,385.0,110.0,400.4060439104285,1,14.054604099077153,-16,9,3,2.2882896504835566
1864,2533201,408385.0,3382630.0,17,60,6,3,2585.0,9.2,487,0,7,408720,3382770,487,0,7,-101.57,504,335.0,140.0,363.07712679264165,0,7.319440392975082,-17,9,3,2.6807455694607936
1865,2533201,408385.0,3382630.0,17,60,6,3,2585.0,9.2,487,0,7,408345,3382545,486,0,7,-98.0,504,-40.0,-85.0,93.94147114027967,-1,145.20112364547506,-18,9,3,10.846899176606794
1866,2533201,408385.0,3382630.0,17,60,6,3,2585.0,9.2,487,0,7,408750,3382800,487,0,7,-102.38,504,365.0,170.0,402.6474885057648,0,5.026089094116628,-17,9,3,2.4176236986616932
1867,2533201,408385.0,3382630.0,17,60,6,3,2585.0,9.2,487,0,7,408755,3382795,488,0,7,-98.5,504,370.0,165.0,405.123437979093,1,5.9657118405574465,-16,9,3,2.2616718663158704
1868,2533201,408385.0,3382630.0,17,60,6,3,2585.0,9.2,487,0,7,408745,3382785,487,0,7,-100.78,504,360.0,155.0,391.95025194532025,0,6.70543674610559,-17,9,3,2.4835247671019367
1869,2533201,408385.0,3382630.0,17,60,6,3,2585.0,9.2,487,0,7,408725,3382765,487,0,7,-100.0,504,340.0,135.0,365.8209944768069,0,8.34401096157751,-17,9,3,2.6606674400666273
1870,2533201,408385.0,3382630.0,17,60,6,3,2585.0,9.2,487,0,7,408340,3382550,486,0,6,-97.0,504,-45.0,-80.0,91.7877987534291,-1,149.35775354279127,-18,9,3,11.095161099138817
1871,2533201,408385.0,3382630.0,17,60,6,3,2585.0,9.2,487,0,7,408380,3382355,488,0,7,-102.0,504,-5.0,-275.0,275.04545078950133,1,121.04162667600997,-16,9,3,3.329269719843158
1872,2533201,408385.0,3382630.0,17,60,6,3,2585.0,9.2,487,0,7,408260,3382220,486,0,6,-101.8,504,-125.0,-410.0,428.6315434029558,-1,136.9553130520252,-18,9,3,2.40467235629686
1873,2533201,408385.0,3382630.0,17,60,6,3,2585.0,9.2,487,0,7,408275,3382205,486,0,6,-106.75,504,-110.0,-425.0,439.00455578501686,-1,134.51105950016907,-18,9,3,2.3479179486006108
1874,2533201,408385.0,3382630.0,17,60,6,3,2585.0,9.2,487,0,7,408270,3382210,486,0,6,-103.67,504,-115.0,-420.0,435.4595273960601,-1,135.31281836080632,-18,9,3,2.367010438918798
1875,2533201,408385.0,3382630.0,17,60,6,3,2585.0,9.2,487,0,7,408255,3382225,486,0,6,-112.0,504,-130.0,-405.0,425.3527947480773,-1,137.79598892393037,-18,9,3,2.423186291093395
1876,2533201,408385.0,3382630.0,17,60,6,3,2585.0,9.2,487,0,7,410800,3380040,481,0,5,-108.5,504,2415.0,-2590.0,3541.2321302055307,-6,77.00253313182691,-23,9,3,0.37212595808132504
1877,2533201,408385.0,3382630.0,17,60,6,3,2585.0,9.2,487,0,7,410865,3380055,482,0,5,-100.5,504,2480.0,-2575.0,3575.0559436182252,-5,76.0766485417663,-22,9,3,0.35257944443360595
1878,2533201,408385.0,3382630.0,17,60,6,3,2585.0,9.2,487,0,7,408695,3382210,486,0,7,-92.0,504,310.0,-420.0,522.0153254455275,-1,83.56914187983762,-18,9,3,1.9748760762290651
1879,2533201,408385.0,3382630.0,17,60,6,3,2585.0,9.2,487,0,7,408820,3382355,485,0,2,-100.5,504,435.0,-275.0,514.6357935472425,-2,62.300415510402615,-19,9,3,2.114360523083981
1880,2533201,408385.0,3382630.0,17,60,6,3,2585.0,9.2,487,0,7,408825,3382360,485,0,7,-92.37,504,440.0,-270.0,516.2363799656123,-2,61.534791905188285,-19,9,3,2.1078108889519807
1881,2533201,408385.0,3382630.0,17,60,6,3,2585.0,9.2,487,0,7,408845,3382380,486,0,7,-89.6,504,460.0,-250.0,523.545604508337,-1,58.52311860631204,-18,9,3,1.969108233057137
1882,2533201,408385.0,3382630.0,17,60,6,3,2585.0,9.2,487,0,7,408855,3382370,486,0,7,-90.48,504,470.0,-260.0,537.1219600798314,-1,58.9509952074668,-18,9,3,1.9193745397844126
1883,2533201,408385.0,3382630.0,17,60,6,3,2585.0,9.2,487,0,7,408840,3382375,486,0,6,-92.24,504,455.0,-255.0,521.5841255253077,-1,59.26799521489272,-18,9,3,1.9765074358141383
1884,2533201,408385.0,3382630.0,17,60,6,3,2585.0,9.2,487,0,7,408690,3382205,486,0,7,-96.33,504,305.0,-425.0,523.1156659860227,-1,84.33499846313828,-18,9,3,1.9707253289595896
1885,2533201,408385.0,3382630.0,17,60,6,3,2585.0,9.2,487,0,7,408850,3382365,486,0,7,-93.73,504,465.0,-265.0,535.2102390649865,-1,59.67848992513518,-18,9,3,1.9262252110262448
1886,2533201,408385.0,3382630.0,17,60,6,3,2585.0,9.2,487,0,7,408835,3382350,485,0,2,-98.67,504,450.0,-280.0,530.0,-2,61.890791801845694,-19,9,3,2.0531204182454723
1887,2533201,408385.0,3382630.0,17,60,6,3,2585.0,9.2,487,0,7,408870,3382385,486,0,7,-102.0,504,485.0,-245.0,543.3691194758864,-1,56.80083494695464,-18,9,3,1.8973235554008352
1888,2533201,408385.0,3382630.0,17,60,6,3,2585.0,9.2,487,0,7,408945,3382320,484,0,7,-92.25,504,560.0,-310.0,640.0781202322104,-3,58.96766064606402,-20,9,3,1.7896922953752719
1889,2533201,408385.0,3382630.0,17,60,6,3,2585.0,9.2,487,0,7,408665,3382140,486,0,7,-83.5,504,280.0,-490.0,564.3580423808985,-1,90.25511870305775,-18,9,3,1.8268093231198557
1890,2533201,408385.0,3382630.0,17,60,6,3,2585.0,9.2,487,0,7,408660,3382135,486,0,7,-92.0,504,275.0,-495.0,566.2596577542851,-1,90.94539590092285,-18,9,3,1.8206786609110794
1891,2533201,408385.0,3382630.0,17,60,6,3,2585.0,9.2,487,0,7,408950,3382325,485,0,7,-94.43,504,565.0,-305.0,642.0669746996804,-2,58.36119432957372,-19,9,3,1.6949979656454057
1892,2533201,408385.0,3382630.0,17,60,6,3,2585.0,9.2,487,0,7,408910,3382365,486,0,7,-93.29,504,525.0,-265.0,588.0901291468851,-1,56.78290480217515,-18,9,3,1.7531363055597142
1893,2533201,408385.0,3382630.0,17,60,6,3,2585.0,9.2,487,0,7,408945,3382340,485,0,7,-95.75,504,560.0,-290.0,630.6346010171025,-2,57.37770277133177,-19,9,3,1.7257070911895858
1894,2533201,408385.0,3382630.0,17,60,6,3,2585.0,9.2,487,0,7,408920,3382355,486,0,6,-94.29,504,535.0,-275.0,601.5396911260303,-1,57.204011076069605,-18,9,3,1.713962347505229
1895,2533201,408385.0,3382630.0,17,60,6,3,2585.0,9.2,487,0,7,408935,3382350,486,0,6,-94.88,504,550.0,-280.0,617.1709649683789,-1,56.980230718222856,-18,9,3,1.6705772279318813
1896,2533201,408385.0,3382630.0,17,60,6,3,2585.0,9.2,487,0,7,408930,3382345,485,0,7,-93.53,504,545.0,-285.0,615.0203248673981,-2,57.606677853087945,-19,9,3,1.7694922271781701
1897,2533201,408385.0,3382630.0,17,60,6,3,2585.0,9.2,487,0,7,408925,3382360,486,0,7,-93.4,504,540.0,-270.0,603.7383539249432,-1,56.565051177077976,-18,9,3,1.7077242317193897
1898,2533201,408385.0,3382630.0,17,60,6,3,2585.0,9.2,487,0,7,408955,3382330,485,0,7,-95.5,504,570.0,-300.0,644.1273166075166,-2,57.75854060106002,-19,9,3,1.689579397286929
1899,2533201,408385.0,3382630.0,17,60,6,3,2585.0,9.2,487,0,7,408940,3382335,485,0,7,-97.45,504,555.0,-295.0,628.530031104322,-2,57.992053044592694,-19,9,3,1.7314819371360484
1900,2533201,408385.0,3382630.0,17,60,6,3,2585.0,9.2,487,0,7,408775,3382685,487,0,2,-94.2,504,390.0,55.0,393.8591118661596,0,21.972762489568026,-17,9,3,2.4715031889325867
1901,2533201,408385.0,3382630.0,17,60,6,3,2585.0,9.2,487,0,7,408695,3382605,487,0,7,-81.33,504,310.0,-25.0,311.0064308016797,0,34.61064931866065,-17,9,3,3.128745281742307
1902,2533201,408385.0,3382630.0,17,60,6,3,2585.0,9.2,487,0,7,408720,3382660,486,0,7,-93.5,504,335.0,30.0,336.34060117684277,-1,24.882685150027385,-18,9,3,3.0633860886947053
1903,2533201,408385.0,3382630.0,17,60,6,3,2585.0,9.2,487,0,7,408795,3382705,487,0,7,-90.5,504,410.0,75.0,416.80331092734855,0,19.6336773965495,-17,9,3,2.3356068682361215
1904,2533201,408385.0,3382630.0,17,60,6,3,2585.0,9.2,487,0,7,408685,3382615,487,0,7,-85.5,504,300.0,-15.0,300.3747659175118,0,32.86240522611172,-17,9,3,3.2392543755025787
1905,2533201,408385.0,3382630.0,17,60,6,3,2585.0,9.2,487,0,7,408885,3382495,486,0,7,-99.0,504,500.0,-135.0,517.9044313384469,-1,45.10957512234046,-18,9,3,1.9905391999015536
1906,2533201,408385.0,3382630.0,17,60,6,3,2585.0,9.2,487,0,7,408725,3382655,487,0,7,-88.6,504,340.0,25.0,340.91787867461574,0,25.79464299829141,-17,9,3,2.854711323740293
1907,2533201,408385.0,3382630.0,17,60,6,3,2585.0,9.2,487,0,7,408765,3382695,487,0,7,-89.5,504,380.0,65.0,385.5191305240247,0,20.29334759066029,-17,9,3,2.524901050095604
1908,2533201,408385.0,3382630.0,17,60,6,3,2585.0,9.2,487,0,7,408815,3382405,486,0,7,-87.0,504,430.0,-225.0,485.3091798019073,-1,57.62107498307557,-18,9,3,2.1241129375042833
1909,2533201,408385.0,3382630.0,17,60,6,3,2585.0,9.2,487,0,7,408710,3382630,487,0,7,-79.0,504,325.0,0.0,325.0,0,30.0,-17,9,3,2.9942811160952982
1910,2533201,408385.0,3382630.0,17,60,6,3,2585.0,9.2,487,0,7,408690,3382610,487,0,7,-85.0,504,305.0,-20.0,305.6550343115585,0,33.75172907052598,-17,9,3,3.1834115345922585
1911,2533201,408385.0,3382630.0,17,60,6,3,2585.0,9.2,487,0,7,408680,3382620,487,0,7,-87.46,504,295.0,-10.0,295.16944286290885,0,31.941486390914406,-17,9,3,3.296253861289076
1912,2533201,408385.0,3382630.0,17,60,6,3,2585.0,9.2,487,0,7,408755,3382665,487,0,7,-93.5,504,370.0,35.0,371.6517186829626,0,24.596208639750273,-17,9,3,2.6189836668644912
1913,2533201,408385.0,3382630.0,17,60,6,3,2585.0,9.2,487,0,7,409020,3382320,487,0,7,-94.0,504,635.0,-310.0,706.6293229126569,0,56.02112024428658,-17,9,3,1.3781488666153296
1914,2533201,408385.0,3382630.0,17,60,6,3,2585.0,9.2,487,0,7,409035,3382305,487,0,7,-100.29,504,650.0,-325.0,726.7220926874317,0,56.565051177077976,-17,9,3,1.340059220618621
1915,2533201,408385.0,3382630.0,17,60,6,3,2585.0,9.2,487,0,7,409025,3382315,487,0,6,-93.88,504,640.0,-315.0,713.319703919638,0,56.20583469552753,-17,9,3,1.3652278231114154
1916,2533201,408385.0,3382630.0,17,60,6,3,2585.0,9.2,487,0,7,408730,3382650,487,0,7,-93.5,504,345.0,20.0,345.5792239125495,0,26.682218831665182,-17,9,3,2.8162679645891275
1917,2533201,408385.0,3382630.0,17,60,6,3,2585.0,9.2,487,0,7,408780,3382720,488,0,7,-97.2,504,395.0,90.0,405.123437979093,1,17.164390513598562,-16,9,3,2.2616718663158704
1918,2533201,408385.0,3382630.0,17,60,6,3,2585.0,9.2,487,0,7,408790,3382710,487,0,7,-97.33,504,405.0,80.0,412.82562904936026,0,18.826161758185265,-17,9,3,2.358085762649955
1919,2533201,408385.0,3382630.0,17,60,6,3,2585.0,9.2,487,0,7,408785,3382715,487,0,7,-98.0,504,400.0,85.0,408.93153461184676,0,18.00310069207643,-17,9,3,2.3805151763162122
1920,2533201,408385.0,3382630.0,17,60,6,3,2585.0,9.2,487,0,7,408865,3382475,485,0,7,-105.0,504,480.0,-155.0,504.4055907699676,-2,47.89613292503924,-19,9,3,2.1572032365291487
1921,2533201,408385.0,3382630.0,17,60,6,3,2585.0,9.2,487,0,7,408860,3382480,485,0,7,-109.0,504,475.0,-150.0,498.1214711292819,-2,47.52556837372288,-19,9,3,2.1843915301577197
1922,2533201,408385.0,3382630.0,17,60,6,3,2585.0,9.2,487,0,7,408865,3382335,485,0,2,-85.0,504,480.0,-295.0,563.404827810341,-2,61.57419075028531,-19,9,3,1.9314839901217948
1923,2533201,408385.0,3382630.0,17,60,6,3,2585.0,9.2,487,0,7,409125,3382715,484,0,7,-94.0,504,740.0,85.0,744.8657597178166,-3,23.447445329170705,-20,9,3,1.5380493901171424
1924,2533201,408385.0,3382630.0,17,60,6,3,2585.0,9.2,487,0,7,408700,3382180,486,0,7,-95.5,504,315.0,-450.0,549.2950027080167,-1,85.00797980144137,-18,9,3,1.8768696416300024
1925,2533201,408385.0,3382630.0,17,60,6,3,2585.0,9.2,487,0,7,408845,3382355,485,0,7,-92.4,504,460.0,-275.0,535.9337645642416,-2,60.87208336308032,-19,9,3,2.0304077620481786
1926,2533201,408385.0,3382630.0,17,60,6,3,2585.0,9.2,487,0,7,408850,3382350,485,0,2,-93.0,504,465.0,-280.0,542.7936993002038,-2,61.054271116352766,-19,9,3,2.0047681376265447
1927,2533201,408385.0,3382630.0,17,60,6,3,2585.0,9.2,487,0,7,408805,3382395,485,0,7,-86.58,504,420.0,-235.0,481.27435003332556,-2,59.22805194314515,-19,9,3,2.260778662896541
1928,2533201,408385.0,3382630.0,17,60,6,3,2585.0,9.2,487,0,7,408830,3382370,485,0,7,-90.98,504,445.0,-260.0,515.3882032022076,-2,60.29644817623847,-19,9,3,2.1112765865092564
1929,2533201,408385.0,3382630.0,17,60,6,3,2585.0,9.2,487,0,7,408815,3382385,485,0,7,-87.88,504,430.0,-245.0,494.8989795907848,-2,59.67308211207785,-19,9,3,2.1986010918019963
1930,2533201,408385.0,3382630.0,17,60,6,3,2585.0,9.2,487,0,7,408810,3382390,485,0,7,-87.85,504,425.0,-240.0,488.082984747471,-2,59.453672726920956,-19,9,3,2.2292734133731917
1931,2533201,408385.0,3382630.0,17,60,6,3,2585.0,9.2,487,0,7,408835,3382365,485,0,7,-91.99,504,450.0,-265.0,522.2307918918608,-2,60.49335840247568,-19,9,3,2.0836378886633704
1932,2533201,408385.0,3382630.0,17,60,6,3,2585.0,9.2,487,0,7,408825,3382375,485,0,7,-91.04,504,440.0,-255.0,508.55186559484764,-2,60.094241476445006,-19,9,3,2.139631754180688
1933,2533201,408385.0,3382630.0,17,60,6,3,2585.0,9.2,487,0,7,408840,3382360,485,0,7,-91.76,504,455.0,-270.0,529.0793891279455,-2,60.68517308959514,-19,9,3,2.056689831828289
1934,2533201,408385.0,3382630.0,17,60,6,3,2585.0,9.2,487,0,7,408800,3382400,485,0,7,-85.43,504,415.0,-230.0,474.4733922992943,-2,58.9959595141184,-19,9,3,2.29314962838134
1935,2533201,408385.0,3382630.0,17,60,6,3,2585.0,9.2,487,0,7,408820,3382380,485,0,6,-90.29,504,435.0,-250.0,501.72203459684727,-2,59.88652694042406,-19,9,3,2.168730461865742
1936,2533201,408385.0,3382630.0,17,60,6,3,2585.0,9.2,487,0,7,409185,3382655,483,0,7,-91.33,504,800.0,25.0,800.3905296791061,-4,28.210089391753968,-21,9,3,1.5029355622777876
1937,2533201,408385.0,3382630.0,17,60,6,3,2585.0,9.2,487,0,7,408855,3382345,485,0,2,-99.33,504,470.0,-285.0,549.6589851899084,-2,61.231909548517024,-19,9,3,1.9797484702067925
1938,2533201,408385.0,3382630.0,17,60,6,3,2585.0,9.2,487,0,7,409130,3382710,484,0,7,-97.0,504,745.0,80.0,749.2829905983452,-3,23.870919235031977,-20,9,3,1.5289864795813572
1939,2533201,408385.0,3382630.0,17,60,6,3,2585.0,9.2,487,0,7,409120,3382720,484,0,7,-87.0,504,735.0,90.0,740.489702831849,-3,23.01894259317021,-20,9,3,1.5471343645372397
1940,2533201,408385.0,3382630.0,17,60,6,3,2585.0,9.2,487,0,7,408800,3382660,487,0,7,-95.5,504,415.0,30.0,416.08292442733097,0,25.86532862626359,-17,9,3,2.339646138819479
1941,2533201,408385.0,3382630.0,17,60,6,3,2585.0,9.2,487,0,7,408755,3382425,486,0,7,-84.27,504,370.0,-205.0,422.9952718411874,-1,58.98882252119154,-18,9,3,2.436675450361616
1942,2533201,408385.0,3382630.0,17,60,6,3,2585.0,9.2,487,0,7,408750,3382430,486,0,7,-83.5,504,365.0,-200.0,416.20307543313515,-1,58.72032679786946,-18,9,3,2.476391494030698
1943,2533201,408385.0,3382630.0,17,60,6,3,2585.0,9.2,487,0,7,408735,3382405,486,0,7,-85.57,504,350.0,-225.0,416.08292442733097,-1,62.73522627210758,-18,9,3,2.4771057034775064
1944,2533201,408385.0,3382630.0,17,60,6,3,2585.0,9.2,487,0,7,408830,3382670,486,9,7,-100.0,504,445.0,40.0,446.79413604030213,-1,24.863621507572248,-18,9,3,2.3070280687756837
1945,2533201,408385.0,3382630.0,17,60,6,3,2585.0,9.2,487,0,7,408805,3382655,487,0,2,-96.67,504,420.0,25.0,420.7433897282285,0,26.59355624500529,-17,9,3,2.31375880906003
1946,2533201,408385.0,3382630.0,17,60,6,3,2585.0,9.2,487,0,7,408720,3382420,486,0,7,-81.51,504,335.0,-210.0,395.37956446938426,-1,62.08218715606603,-18,9,3,2.6066405535983876
1947,2533201,408385.0,3382630.0,17,60,6,3,2585.0,9.2,487,0,7,408730,3382410,486,0,7,-84.45,504,345.0,-220.0,409.1760012512953,-1,62.52489028779104,-18,9,3,2.5188660343853218
1948,2533201,408385.0,3382630.0,17,60,6,3,2585.0,9.2,487,0,7,408725,3382415,486,0,7,-83.51,504,340.0,-215.0,402.2747817102136,-1,62.307334454882096,-18,9,3,2.5620213119934307
1949,2533201,408385.0,3382630.0,17,60,6,3,2585.0,9.2,487,0,7,408820,3382680,487,0,7,-105.78,504,435.0,50.0,437.86413417862855,0,23.44305350183663,-17,9,3,2.2233821219041907
1950,2533201,408385.0,3382630.0,17,60,6,3,2585.0,9.2,487,0,7,408745,3382435,486,0,7,-78.0,504,360.0,-195.0,409.42032191868543,-1,58.44292862436333,-18,9,3,2.51736484092957
1951,2533201,408385.0,3382630.0,17,60,6,3,2585.0,9.2,487,0,7,408600,3381915,486,0,5,-111.5,504,215.0,-715.0,746.625742926133,-1,103.26400414852401,-18,9,3,1.3810457282097381
1952,2533201,408385.0,3382630.0,17,60,6,3,2585.0,9.2,487,0,7,408675,3382250,486,0,6,-87.5,504,290.0,-380.0,478.0167361086848,-1,82.65065095535942,-18,9,3,2.1564872413924427
1953,2533201,408385.0,3382630.0,17,60,6,3,2585.0,9.2,487,0,7,408670,3382245,486,0,6,-88.33,504,285.0,-385.0,479.0093944798995,-1,83.48894388050473,-18,9,3,2.152022526628453
1954,2533201,408385.0,3382630.0,17,60,6,3,2585.0,9.2,487,0,7,408755,3382330,485,0,2,-97.5,504,370.0,-300.0,476.34021455258215,-2,69.0355128987469,-19,9,3,2.2841720964930796
1955,2533201,408385.0,3382630.0,17,60,6,3,2585.0,9.2,487,0,7,408810,3382105,488,0,5,-104.0,504,425.0,-525.0,675.4628043053148,1,81.00900595749454,-16,9,3,1.356937888796561
1956,2533201,408385.0,3382630.0,17,60,6,3,2585.0,9.2,487,0,7,408800,3382115,488,0,5,-94.8,504,415.0,-515.0,661.4000302388865,1,81.137255949262,-16,9,3,1.385778146577075
1957,2533201,408385.0,3382630.0,17,60,6,3,2585.0,9.2,487,0,7,408740,3382335,485,0,2,-97.0,504,355.0,-295.0,461.57339611377085,-2,69.72610404264822,-19,9,3,2.357166981532847
1958,2533201,408385.0,3382630.0,17,60,6,3,2585.0,9.2,487,0,7,408765,3382400,485,0,7,-87.09,504,380.0,-230.0,444.1846462902562,-2,61.18497465873838,-19,9,3,2.4493340735866993
1959,2533201,408385.0,3382630.0,17,60,6,3,2585.0,9.2,487,0,7,408790,3382365,485,0,7,-89.6,504,405.0,-265.0,483.9938016132025,-2,63.19756579221644,-19,9,3,2.2480889296202715
1960,2533201,408385.0,3382630.0,17,60,6,3,2585.0,9.2,487,0,7,408770,3382385,485,0,6,-88.74,504,385.0,-245.0,456.3441683641854,-2,62.47119229084848,-19,9,3,2.3841466621166134
1961,2533201,408385.0,3382630.0,17,60,6,3,2585.0,9.2,487,0,7,408775,3382390,485,0,7,-87.26,504,390.0,-240.0,457.93012567421243,-2,61.60750224624894,-19,9,3,2.3758990845037062
1962,2533201,408385.0,3382630.0,17,60,6,3,2585.0,9.2,487,0,7,408780,3382375,485,0,7,-89.64,504,395.0,-255.0,470.1595473879053,-2,62.84505830277777,-19,9,3,2.314167144187367
1963,2533201,408385.0,3382630.0,17,60,6,3,2585.0,9.2,487,0,7,408785,3382380,485,0,6,-88.66,504,400.0,-250.0,471.6990566028302,-2,62.005383208083515,-19,9,3,2.306622445618415
1964,2533201,408385.0,3382630.0,17,60,6,3,2585.0,9.2,487,0,7,408795,3382370,485,0,7,-91.88,504,410.0,-260.0,485.4894437575342,-2,62.38067770656926,-19,9,3,2.2411703391859517
1965,2533201,408385.0,3382630.0,17,60,6,3,2585.0,9.2,487,0,7,408760,3382395,485,0,7,-88.16,504,375.0,-235.0,442.5494322671762,-2,62.07400087529402,-19,9,3,2.458373245960486
1966,2533201,408385.0,3382630.0,17,60,6,3,2585.0,9.2,487,0,7,408935,3383190,484,0,12,-85.0,504,550.0,560.0,784.9203781276162,-3,-15.516164229764854,-20,9,3,1.4595973366573196
1967,2533201,408385.0,3382630.0,17,60,6,3,2585.0,9.2,487,0,7,408305,3382540,485,0,7,-97.0,504,-80.0,-90.0,120.41594578792295,-2,161.6335393365702,-19,9,3,8.966570912345551
1968,2533201,408385.0,3382630.0,17,60,6,3,2585.0,9.2,487,0,7,408740,3382660,487,0,6,-91.0,504,355.0,30.0,356.2653505464712,0,25.16958004171005,-17,9,3,2.7319243708192325
1969,2533201,408385.0,3382630.0,17,60,6,3,2585.0,9.2,487,0,7,408695,3382625,487,0,7,-79.2,504,310.0,-5.0,310.0403199585499,0,30.924045352772737,-17,9,3,3.1384752462488636
1970,2533201,408385.0,3382630.0,17,60,6,3,2585.0,9.2,487,0,7,408680,3382640,487,0,2,-98.25,504,295.0,10.0,295.16944286290885,0,28.058513609085594,-17,9,3,3.296253861289076
1971,2533201,408385.0,3382630.0,17,60,6,3,2585.0,9.2,487,0,7,408785,3382695,487,0,7,-96.43,504,400.0,65.0,405.2468383590426,0,20.77011375627228,-17,9,3,2.4021347074578907
1972,2533201,408385.0,3382630.0,17,60,6,3,2585.0,9.2,487,0,7,408690,3382630,487,0,2,-79.5,504,305.0,0.0,305.0,0,30.0,-17,9,3,3.190234292532353
1973,2533201,408385.0,3382630.0,17,60,6,3,2585.0,9.2,487,0,7,408715,3382605,487,0,7,-83.14,504,330.0,-25.0,330.94561486745823,0,34.3323139831885,-17,9,3,2.9405825299990695
1974,2533201,408385.0,3382630.0,17,60,6,3,2585.0,9.2,487,0,7,408730,3382670,487,0,7,-90.5,504,345.0,40.0,347.3110997362451,0,23.386539517685264,-17,9,3,2.802247011298051
1975,2533201,408385.0,3382630.0,17,60,6,3,2585.0,9.2,487,0,7,408725,3382675,487,0,2,-89.5,504,340.0,45.0,342.96501279285036,0,22.460554860490674,-17,9,3,2.837699686449005
1976,2533201,408385.0,3382630.0,17,60,6,3,2585.0,9.2,487,0,7,409010,3382310,486,0,7,-96.54,504,625.0,-320.0,702.1573897638619,-1,57.112446427955774,-18,9,3,1.468471624402347
1977,2533201,408385.0,3382630.0,17,60,6,3,2585.0,9.2,487,0,7,408700,3382620,487,0,7,-83.0,504,315.0,-10.0,315.15869018638847,0,31.818302964451846,-17,9,3,3.0876039191844864
1978,2533201,408385.0,3382630.0,17,60,6,3,2585.0,9.2,487,0,7,408840,3382480,485,0,7,-108.5,504,455.0,-150.0,479.0876746483883,-2,48.24585452757822,-19,9,3,2.271086638968196
1979,2533201,408385.0,3382630.0,17,60,6,3,2585.0,9.2,487,0,7,409000,3382320,486,0,6,-93.4,504,615.0,-310.0,688.7125670408519,-1,56.75107578158554,-18,9,3,1.4971257278581205
1980,2533201,408385.0,3382630.0,17,60,6,3,2585.0,9.2,487,0,7,408705,3382615,487,0,7,-83.75,504,320.0,-15.0,320.3513695928269,0,32.68377515946901,-17,9,3,3.0376504447689983
1981,2533201,408385.0,3382630.0,17,60,6,3,2585.0,9.2,487,0,7,409020,3382300,487,0,7,-96.58,504,635.0,-330.0,715.6290938747529,0,57.46022488728909,-17,9,3,1.3608237875880083
1982,2533201,408385.0,3382630.0,17,60,6,3,2585.0,9.2,487,0,7,408780,3382700,487,0,7,-95.0,504,395.0,70.0,401.15458367068425,0,19.95065141187513,-17,9,3,2.42661019852558
1983,2533201,408385.0,3382630.0,17,60,6,3,2585.0,9.2,487,0,7,408735,3382665,487,0,7,-90.0,504,350.0,35.0,351.7456467392312,0,24.289406862500357,-17,9,3,2.766973621991322
1984,2533201,408385.0,3382630.0,17,60,6,3,2585.0,9.2,487,0,7,409015,3382305,487,0,7,-96.33,504,630.0,-325.0,708.8899773589693,0,57.28798794551551,-17,9,3,1.3737556283583665
1985,2533201,408385.0,3382630.0,17,60,6,3,2585.0,9.2,487,0,7,409005,3382315,486,0,7,-101.33,504,620.0,-315.0,695.4315207121402,-1,56.93350770241568,-18,9,3,1.48266764513905
1986,2533201,408385.0,3382630.0,17,60,6,3,2585.0,9.2,487,0,7,409025,3382295,487,0,7,-97.33,504,640.0,-335.0,722.374556584048,0,57.629246669465715,-17,9,3,1.3481212601886647
1987,2533201,408385.0,3382630.0,17,60,6,3,2585.0,9.2,487,0,7,408710,3382610,487,0,7,-80.17,504,325.0,-20.0,325.61480310329875,0,33.52145337692224,-17,9,3,2.988637782920932
1988,2533201,408385.0,3382630.0,17,60,6,3,2585.0,9.2,487,0,7,408720,3382680,487,0,7,-86.75,504,335.0,50.0,338.71079108879894,0,21.511056119495265,-17,9,3,2.8732819572558697
1989,2533201,408385.0,3382630.0,17,60,6,3,2585.0,9.2,487,0,7,408715,3381900,488,0,7,-99.25,504,330.0,-730.0,801.1242100947892,1,95.67442476087388,-16,9,3,1.1441554276307586
1990,2533201,408385.0,3382630.0,17,60,6,3,2585.0,9.2,487,0,7,409180,3383005,487,0,7,-99.0,504,795.0,375.0,879.0051194390167,0,4.746836605426097,-17,9,3,1.1079649212865499
1991,2533201,408385.0,3382630.0,17,60,6,3,2585.0,9.2,487,0,7,408850,3382075,488,0,5,-106.5,504,465.0,-555.0,724.0511031688302,1,80.04245106917091,-16,9,3,1.2659096758885804
1992,2533201,408385.0,3382630.0,17,60,6,3,2585.0,9.2,487,0,7,409075,3382740,484,0,2,-98.0,504,690.0,110.0,698.7131027825369,-3,20.942111871382338,-20,9,3,1.6395896628175435
1993,2533201,408385.0,3382630.0,17,60,6,3,2585.0,9.2,487,0,7,409055,3382760,484,0,2,-94.0,504,670.0,130.0,682.4954212300622,-3,19.019349989826424,-20,9,3,1.6785281042287854
1994,2533201,408385.0,3382630.0,17,60,6,3,2585.0,9.2,487,0,7,409115,3382780,484,0,7,-91.0,504,730.0,150.0,745.2516353554684,-3,18.388513576111507,-20,9,3,1.53725340268514
1995,2533201,408385.0,3382630.0,17,60,6,3,2585.0,9.2,487,0,7,408280,3382575,485,0,7,-110.33,504,-105.0,-55.0,118.53269591129698,-2,182.35402463626133,-19,9,3,9.106662977537894
1996,2533201,408385.0,3382630.0,17,60,6,3,2585.0,9.2,487,0,7,408290,3382565,485,0,7,-100.0,504,-95.0,-65.0,115.10864433221339,-2,175.61965527615513,-19,9,3,9.372812699793336
1997,2533201,408385.0,3382630.0,17,60,6,3,2585.0,9.2,487,0,7,408315,3382565,485,0,7,-107.0,504,-70.0,-65.0,95.524865872714,-2,167.12109639666144,-19,9,3,11.249378477080917
1998,2533201,408385.0,3382630.0,17,60,6,3,2585.0,9.2,487,0,7,408280,3382600,486,0,6,-110.0,504,-105.0,-30.0,109.20164833920778,-1,194.05460409907715,-18,9,3,9.36005201533333
1999,2533201,408385.0,3382630.0,17,60,6,3,2585.0,9.2,487,0,7,408285,3382595,485,0,6,-108.0,504,-100.0,-35.0,105.94810050208545,-2,190.70995378081125,-19,9,3,10.166957354206582
2000,2533201,408385.0,3382630.0,17,60,6,3,2585.0,9.2,487,0,7,408800,3382690,487,0,7,-97.5,504,415.0,60.0,419.3149174546501,0,21.77327753589185,-17,9,3,2.321632437497554
2001,2533201,408385.0,3382630.0,17,60,6,3,2585.0,9.2,487,0,7,408805,3382685,487,0,7,-97.5,504,420.0,55.0,423.5858826731599,0,22.539433873831626,-17,9,3,2.298248927346741
2002,2533201,408385.0,3382630.0,17,60,6,3,2585.0,9.2,487,0,7,408760,3382410,485,0,7,-83.16,504,375.0,-220.0,434.77005416656743,-2,60.39872771416606,-19,9,3,2.5023057082162197
2003,2533201,408385.0,3382630.0,17,60,6,3,2585.0,9.2,487,0,7,408775,3382415,485,0,7,-83.06,504,390.0,-215.0,445.3369510831096,-2,58.867159469514604,-19,9,3,2.44300413531098
2004,2533201,408385.0,3382630.0,17,60,6,3,2585.0,9.2,487,0,7,408765,3382405,485,0,7,-84.74,504,380.0,-225.0,441.61634933503086,-2,60.6299984848207,-19,9,3,2.4635611039911502
2005,2533201,408385.0,3382630.0,17,60,6,3,2585.0,9.2,487,0,7,408725,3382445,486,0,7,-79.0,504,340.0,-185.0,387.07234465923807,-1,58.55139187296015,-18,9,3,2.6625037617379523
2006,2533201,408385.0,3382630.0,17,60,6,3,2585.0,9.2,487,0,7,408770,3382420,485,0,7,-83.0,504,385.0,-210.0,438.54874301495835,-2,58.61045966596521,-19,9,3,2.480772023049133
2007,2533201,408385.0,3382630.0,17,60,6,3,2585.0,9.2,487,0,7,408750,3382680,487,0,7,-94.0,504,365.0,50.0,368.4087403957729,0,22.199812115818304,-17,9,3,2.6420051760327006
2008,2533201,408385.0,3382630.0,17,60,6,3,2585.0,9.2,487,0,7,408745,3382665,487,0,7,-91.5,504,360.0,35.0,361.69738732813653,0,24.447028966963217,-17,9,3,2.6909566026600835
2009,2533201,408385.0,3382630.0,17,60,6,3,2585.0,9.2,487,0,7,408680,3382610,487,0,7,-89.67,504,295.0,-20.0,295.67718883945037,0,33.87852450284771,-17,9,3,3.2906058820705697
2010,2533201,408385.0,3382630.0,17,60,6,3,2585.0,9.2,487,0,7,408780,3382710,487,0,7,-100.5,504,395.0,80.0,403.01985062773275,0,18.55066201149998,-17,9,3,2.415392630398378
2011,2533201,408385.0,3382630.0,17,60,6,3,2585.0,9.2,487,0,7,408690,3382620,487,0,7,-82.67,504,305.0,-10.0,305.16389039334257,0,31.877877447285357,-17,9,3,3.188524491150483
2012,2533201,408385.0,3382630.0,17,60,6,3,2585.0,9.2,487,0,7,408885,3382485,486,0,7,-105.0,504,500.0,-145.0,520.6006146750117,-1,46.17215901578254,-18,9,3,1.9802384539169313
2013,2533201,408385.0,3382630.0,17,60,6,3,2585.0,9.2,487,0,7,408900,3382510,486,0,7,-84.0,504,515.0,-120.0,528.7958017987662,-1,43.11643612539149,-18,9,3,1.9495729250037985
2014,2533201,408385.0,3382630.0,17,60,6,3,2585.0,9.2,487,0,7,408895,3382495,486,0,7,-102.5,504,510.0,-135.0,527.5651618520692,-1,44.82647997035565,-18,9,3,1.954117130279176
2015,2533201,408385.0,3382630.0,17,60,6,3,2585.0,9.2,487,0,7,408705,3382625,487,0,7,-81.8,504,320.0,-5.0,320.0390601161052,0,30.895173710211054,-17,9,3,3.040609170211352
2016,2533201,408385.0,3382630.0,17,60,6,3,2585.0,9.2,487,0,7,408870,3382480,485,0,7,-106.67,504,485.0,-150.0,507.66622893393253,-2,47.18570614422481,-19,9,3,2.1433609179154294
2017,2533201,408385.0,3382630.0,17,60,6,3,2585.0,9.2,487,0,7,409025,3382305,487,0,7,-98.33,504,640.0,-325.0,717.7917525299382,0,56.92202960781026,-17,9,3,1.356725251095167
2018,2533201,408385.0,3382630.0,17,60,6,3,2585.0,9.2,487,0,7,408695,3382615,487,0,7,-83.36,504,310.0,-15.0,310.3626910567699,0,32.770215797200194,-17,9,3,3.135221845437381
2019,2533201,408385.0,3382630.0,17,60,6,3,2585.0,9.2,487,0,7,409020,3382310,487,0,7,-85.5,504,635.0,-320.0,711.0731326663946,0,56.745225990446215,-17,9,3,1.3695394967730719
2020,2533201,408385.0,3382630.0,17,60,6,3,2585.0,9.2,487,0,7,409030,3382320,487,0,7,-96.5,504,645.0,-310.0,715.6290938747529,0,55.66987746686692,-17,9,3,1.3608237875880083
2021,2533201,408385.0,3382630.0,17,60,6,3,2585.0,9.2,487,0,7,409035,3382315,487,0,6,-96.83,504,650.0,-315.0,722.3053370978232,0,55.85554218880338,-17,9,3,1.348250404767609
2022,2533201,408385.0,3382630.0,17,60,6,3,2585.0,9.2,487,0,7,408725,3382645,487,0,7,-92.5,504,340.0,15.0,340.3307215048327,0,27.47388308838049,-17,9,3,2.8596282599451492
2023,2533201,408385.0,3382630.0,17,60,6,3,2585.0,9.2,487,0,7,408720,3382650,487,0,7,-87.4,504,335.0,20.0,335.5964838909967,0,26.583411808228675,-17,9,3,2.8999004689106673
2024,2533201,408385.0,3382630.0,17,60,6,3,2585.0,9.2,487,0,7,408730,3382660,487,0,7,-85.4,504,345.0,30.0,346.30189141845585,0,25.03025927188969,-17,9,3,2.810400370168597
2025,2533201,408385.0,3382630.0,17,60,6,3,2585.0,9.2,487,0,7,408785,3382705,487,0,7,-97.0,504,400.0,75.0,406.97051490249265,0,19.38034472384487,-17,9,3,2.3919725860354495
2026,2533201,408385.0,3382630.0,17,60,6,3,2585.0,9.2,487,0,7,409015,3382295,487,0,7,-98.5,504,630.0,-335.0,713.5299573248484,0,58.00163481263644,-17,9,3,1.3648256883334202
2027,2533201,408385.0,3382630.0,17,60,6,3,2585.0,9.2,487,0,7,408755,3382675,487,0,7,-94.67,504,370.0,45.0,372.7264412407577,0,23.065651098730427,-17,9,3,2.6114425364084735
2028,2533201,408385.0,3382630.0,17,60,6,3,2585.0,9.2,487,0,7,409010,3382300,486,0,2,-96.25,504,625.0,-330.0,706.7708256570867,-1,57.8340539405508,-18,9,3,1.4588903541586054
2029,2533201,408385.0,3382630.0,17,60,6,3,2585.0,9.2,487,0,7,408805,3382405,485,0,7,-87.67,504,420.0,-225.0,476.47140522805773,-2,58.178590109959146,-19,9,3,2.2835438430405812
2030,2533201,408385.0,3382630.0,17,60,6,3,2585.0,9.2,487,0,7,408800,3382410,485,0,7,-85.0,504,415.0,-220.0,469.7073557013984,-2,57.928978708680916,-19,9,3,2.3163925890048778
2031,2533201,408385.0,3382630.0,17,60,6,3,2585.0,9.2,487,0,7,408915,3382515,487,0,7,-90.5,504,530.0,-115.0,542.3329235810786,0,42.24233119887447,-17,9,3,1.7954090164624537
2032,2533201,408385.0,3382630.0,17,60,6,3,2585.0,9.2,487,0,7,409535,3381515,482,0,10,-102.0,504,1150.0,-1115.0,1601.788063384167,-5,74.11470521301828,-22,9,3,0.7868880572360379
2033,2533201,408385.0,3382630.0,17,60,6,3,2585.0,9.2,487,0,7,409530,3381520,482,0,10,-97.0,504,1145.0,-1110.0,1594.7178433817062,-5,74.11077992277433,-22,9,3,0.790376302819093
2034,2533201,408385.0,3382630.0,17,60,6,3,2585.0,9.2,487,0,7,408920,3381665,486,0,5,-109.0,504,535.0,-965.0,1103.3811671403496,-1,90.9958323135229,-18,9,3,0.9346113453707079
2035,2533201,408385.0,3382630.0,17,60,6,3,2585.0,9.2,487,0,7,408820,3382690,487,9,7,-101.5,504,435.0,60.0,439.11843504913344,0,22.146686698021767,-17,9,3,2.217037584660077
2036,2533201,408385.0,3382630.0,17,60,6,3,2585.0,9.2,487,0,7,408765,3382425,486,0,7,-84.5,504,380.0,-205.0,431.76961449365564,-1,58.34569362307667,-18,9,3,2.3872156603074353
2037,2533201,408385.0,3382630.0,17,60,6,3,2585.0,9.2,487,0,7,408795,3382415,485,0,7,-84.5,504,410.0,-215.0,462.95248136282845,-2,57.672078222758785,-19,9,3,2.3501531216595826
2038,2533201,408385.0,3382630.0,17,60,6,3,2585.0,9.2,487,0,7,408785,3382405,485,0,7,-84.32,504,400.0,-225.0,458.93899376714546,-2,59.35775354279127,-19,9,3,2.3706822016175946
2039,2533201,408385.0,3382630.0,17,60,6,3,2585.0,9.2,487,0,7,408780,3382410,485,0,7,-84.69,504,395.0,-220.0,452.133829745132,-2,59.116146266078886,-19,9,3,2.4063222190476354
2040,2533201,408385.0,3382630.0,17,60,6,3,2585.0,9.2,487,0,7,408270,3382120,485,0,6,-105.25,504,-115.0,-510.0,522.8049349422785,-2,132.7071135013166,-19,9,3,2.0813516564664996
2041,2533201,408385.0,3382630.0,17,60,6,3,2585.0,9.2,487,0,7,408890,3382805,488,0,2,-97.5,504,505.0,175.0,534.4623466625128,1,10.8870262663267,-16,9,3,1.7147302631285035
2042,2533201,408385.0,3382630.0,17,60,6,3,2585.0,9.2,487,0,7,408565,3382500,487,0,6,-90.0,504,180.0,-130.0,222.03603311174518,0,65.83765295427827,-17,9,3,4.378260730353892
2043,2533201,408385.0,3382630.0,17,60,6,3,2585.0,9.2,487,0,7,408520,3382455,488,0,2,-85.0,504,135.0,-175.0,221.02036105300343,1,82.35237935989238,-16,9,3,4.140505859562238
2044,2533201,408385.0,3382630.0,17,60,6,3,2585.0,9.2,487,0,7,408865,3382800,488,0,2,-97.5,504,480.0,170.0,509.2150822589606,1,10.497551493337767,-16,9,3,1.7996932812564355
2045,2533201,408385.0,3382630.0,17,60,6,3,2585.0,9.2,487,0,7,408535,3382450,488,0,2,-84.39,504,150.0,-180.0,234.30749027719963,1,80.19442890773485,-16,9,3,3.9064544179463243
2046,2533201,408385.0,3382630.0,17,60,6,3,2585.0,9.2,487,0,7,408540,3382475,488,0,6,-83.22,504,155.0,-155.0,219.20310216782974,1,75.0,-16,9,3,4.174711019349662
2047,2533201,408385.0,3382630.0,17,60,6,3,2585.0,9.2,487,0,7,408560,3382495,487,0,7,-78.81,504,175.0,-135.0,221.02036105300343,0,67.64762064010768,-17,9,3,4.398301723312224
2048,2533201,408385.0,3382630.0,17,60,6,3,2585.0,9.2,487,0,7,408550,3382465,488,0,7,-83.7,504,165.0,-165.0,233.3452377915607,1,75.0,-16,9,3,3.922513392144713
2049,2533201,408385.0,3382630.0,17,60,6,3,2585.0,9.2,487,0,7,408545,3382480,488,0,7,-81.19,504,160.0,-150.0,219.31712199461307,1,73.1523897340054,-16,9,3,4.172548314425359
2050,2533201,408385.0,3382630.0,17,60,6,3,2585.0,9.2,487,0,7,408555,3382470,488,0,7,-78.39,504,170.0,-160.0,233.45235059857504,1,73.26429541107166,-16,9,3,3.9207192754898097
2051,2533201,408385.0,3382630.0,17,60,6,3,2585.0,9.2,487,0,7,408485,3382420,489,0,2,-100.75,504,100.0,-210.0,232.59406699226014,2,94.53665493812844,-15,9,3,3.6898972207257583
2052,2533201,408385.0,3382630.0,17,60,6,3,2585.0,9.2,487,0,7,408525,3382460,488,0,2,-90.28,504,140.0,-170.0,220.22715545545242,1,80.52754015165618,-16,9,3,4.155366826785109
2053,2533201,408385.0,3382630.0,17,60,6,3,2585.0,9.2,487,0,7,408750,3382985,488,0,7,-102.67,504,365.0,355.0,509.1659847240387,1,-14.204276447260725,-16,9,3,1.7998667068001173
2054,2533201,408385.0,3382630.0,17,60,6,3,2585.0,9.2,487,0,7,408755,3382990,488,0,7,-98.33,504,370.0,360.0,516.2363799656123,1,-14.215175397008124,-16,9,3,1.775231539252704
2055,2533201,408385.0,3382630.0,17,60,6,3,2585.0,9.2,487,0,7,408570,3382485,487,0,7,-77.42,504,185.0,-145.0,235.05318547086316,0,68.08877288097534,-17,9,3,4.136660621459317
2056,2533201,408385.0,3382630.0,17,60,6,3,2585.0,9.2,487,0,7,408480,3382415,489,0,2,-101.8,504,95.0,-215.0,235.05318547086316,2,96.1612598168283,-15,9,3,3.6513986280171205
2057,2533201,408385.0,3382630.0,17,60,6,3,2585.0,9.2,487,0,7,408510,3382425,489,0,7,-94.2,504,125.0,-205.0,240.10414407085938,2,88.62699485989151,-15,9,3,3.574787179764992
2058,2533201,408385.0,3382630.0,17,60,6,3,2585.0,9.2,487,0,7,408530,3382445,488,0,2,-84.6,504,145.0,-185.0,235.05318547086316,1,81.91122711902472,-16,9,3,3.894099564015712
2059,2533201,408385.0,3382630.0,17,60,6,3,2585.0,9.2,487,0,7,408575,3382490,487,0,7,-75.86,504,190.0,-140.0,236.00847442411893,0,66.38435181583588,-17,9,3,4.119974479568166
2060,2533201,408385.0,3382630.0,17,60,6,3,2585.0,9.2,487,0,7,408720,3382445,487,0,7,-79.0,504,335.0,-185.0,382.6878623630491,0,58.90918365114783,-17,9,3,2.543556770500295
2061,2533201,408385.0,3382630.0,17,60,6,3,2585.0,9.2,487,0,7,408810,3382695,487,9,7,-104.0,504,425.0,65.0,429.94185653411324,0,21.304497122575242,-17,9,3,2.2643087763949277
2062,2533201,408385.0,3382630.0,17,60,6,3,2585.0,9.2,487,0,7,408765,3382410,485,0,7,-83.8,504,380.0,-220.0,439.089968002003,-2,60.06858282186249,-19,9,3,2.47771802138678
2063,2533201,408385.0,3382630.0,17,60,6,3,2585.0,9.2,487,0,7,408770,3382415,485,0,7,-83.63,504,385.0,-215.0,440.9648512069868,-2,59.18080605249986,-19,9,3,2.4671963679188393
2064,2533201,408385.0,3382630.0,17,60,6,3,2585.0,9.2,487,0,7,408775,3382420,485,0,7,-84.67,504,390.0,-210.0,442.944691807002,-2,58.300755766006375,-19,9,3,2.4561822163739353
2065,2533201,408385.0,3382630.0,17,60,6,3,2585.0,9.2,487,0,7,408760,3382405,485,0,7,-85.04,504,375.0,-225.0,437.3213921133975,-2,60.96375653207349,-19,9,3,2.4877256226714906
2066,2533201,408385.0,3382630.0,17,60,6,3,2585.0,9.2,487,0,7,408885,3382805,488,0,2,-102.0,504,500.0,175.0,529.7405025104273,1,10.709953780811247,-16,9,3,1.730005271358164
2067,2533201,408385.0,3382630.0,17,60,6,3,2585.0,9.2,487,0,7,408505,3382425,489,0,7,-98.29,504,120.0,-205.0,237.53947040439405,2,89.65675111576041,-15,9,3,3.613281847696407
2068,2533201,408385.0,3382630.0,17,60,6,3,2585.0,9.2,487,0,7,408645,3382885,487,0,7,-103.25,504,260.0,255.0,364.17715469260287,0,-14.443747772919323,-17,9,3,2.6726599095516166
2069,2533201,408385.0,3382630.0,17,60,6,3,2585.0,9.2,487,0,7,408700,3382950,488,0,6,-104.5,504,315.0,320.0,449.02672526253934,1,-15.451138546787263,-16,9,3,2.0407355045129054
2070,2533201,408385.0,3382630.0,17,60,6,3,2585.0,9.2,487,0,7,408630,3382560,487,0,7,-78.0,504,245.0,-70.0,254.80384612481814,0,45.94539590092285,-17,9,3,3.8170023206881414
2071,2533201,408385.0,3382630.0,17,60,6,3,2585.0,9.2,487,0,7,408865,3382785,488,0,2,-100.5,504,480.0,155.0,504.4055907699676,1,12.10386707496076,-16,9,3,1.8168418537034687
2072,2533201,408385.0,3382630.0,17,60,6,3,2585.0,9.2,487,0,7,408480,3382410,489,0,2,-100.5,504,95.0,-220.0,239.63513932643517,2,96.644435140714,-15,9,3,3.5817654208712413
2073,2533201,408385.0,3382630.0,17,60,6,3,2585.0,9.2,487,0,7,408320,3382570,485,0,7,-103.5,504,-65.0,-60.0,88.45903006477066,-2,167.29061004263852,-19,9,3,12.122307927879806
2074,2533201,408385.0,3382630.0,17,60,6,3,2585.0,9.2,487,0,7,408870,3382800,488,0,2,-101.0,504,485.0,170.0,513.9309292113095,1,10.683647180495882,-16,9,3,1.7831899481221254
2075,2533201,408385.0,3382630.0,17,60,6,3,2585.0,9.2,487,0,7,408535,3382455,488,0,2,-87.53,504,150.0,-175.0,230.4886114323222,1,79.39870535499551,-16,9,3,3.970973600038165
2076,2533201,408385.0,3382630.0,17,60,6,3,2585.0,9.2,487,0,7,408485,3382405,489,0,2,-103.0,504,100.0,-225.0,246.22144504490262,2,96.03751102542185,-15,9,3,3.4861944426277125
2077,2533201,408385.0,3382630.0,17,60,6,3,2585.0,9.2,487,0,7,408545,3382465,488,0,7,-83.96,504,160.0,-165.0,229.83689869122406,1,75.88140399658215,-16,9,3,3.9821972969101527
2078,2533201,408385.0,3382630.0,17,60,6,3,2585.0,9.2,487,0,7,408525,3382445,488,0,2,-82.42,504,140.0,-185.0,232.0021551624036,1,82.88313931672974,-16,9,3,3.945149696325063
2079,2533201,408385.0,3382630.0,17,60,6,3,2585.0,9.2,487,0,7,408540,3382470,488,0,7,-83.36,504,155.0,-160.0,222.76669409945464,1,75.90938044919915,-16,9,3,4.108158796514211
2080,2533201,408385.0,3382630.0,17,60,6,3,2585.0,9.2,487,0,7,408560,3382490,487,0,7,-79.69,504,175.0,-140.0,224.1093483101497,0,68.65980825409008,-17,9,3,4.337911210997405
2081,2533201,408385.0,3382630.0,17,60,6,3,2585.0,9.2,487,0,7,408500,3382430,489,0,2,-98.75,504,115.0,-200.0,230.70543990118657,2,90.10109816138544,-15,9,3,3.720019401063188
2082,2533201,408385.0,3382630.0,17,60,6,3,2585.0,9.2,487,0,7,408490,3382420,489,0,7,-98.63,504,105.0,-210.0,234.7871376374779,2,93.43494882292202,-15,9,3,3.6555249788524526
2083,2533201,408385.0,3382630.0,17,60,6,3,2585.0,9.2,487,0,7,408550,3382480,488,0,7,-82.07,504,165.0,-150.0,222.9910312097776,1,72.27368900609372,-16,9,3,4.104039968190227
2084,2533201,408385.0,3382630.0,17,60,6,3,2585.0,9.2,487,0,7,408555,3382475,488,0,6,-77.75,504,170.0,-155.0,230.05434140654683,1,72.35745470593531,-16,9,3,3.978445496899013
2085,2533201,408385.0,3382630.0,17,60,6,3,2585.0,9.2,487,0,7,408745,3382985,488,0,7,-102.0,504,360.0,355.0,505.5937104039171,1,-14.599336744207847,-16,9,3,1.8125752186669835
2086,2533201,408385.0,3382630.0,17,60,6,3,2585.0,9.2,487,0,7,408565,3382485,487,0,7,-76.68,504,180.0,-145.0,231.1384866265244,0,68.8533743403533,-17,9,3,4.206472165503818
2087,2533201,408385.0,3382630.0,17,60,6,3,2585.0,9.2,487,0,7,408495,3382415,489,0,7,-102.0,504,110.0,-215.0,241.50569351466643,2,92.90444750624818,-15,9,3,3.5540946602915735
2088,2533201,408385.0,3382630.0,17,60,6,3,2585.0,9.2,487,0,7,408875,3382795,488,0,2,-94.5,504,490.0,165.0,517.0348150753487,1,11.389835272172661,-16,9,3,1.772491873967478
2089,2533201,408385.0,3382630.0,17,60,6,3,2585.0,9.2,487,0,7,408520,3382450,488,0,2,-88.36,504,135.0,-180.0,225.0,1,83.13010235415595,-16,9,3,4.067519566580148
2090,2533201,408385.0,3382630.0,17,60,6,3,2585.0,9.2,487,0,7,408860,3382790,488,0,2,-100.67,504,475.0,160.0,501.22350304031033,1,11.384307992668937,-16,9,3,1.8283685248860002
2091,2533201,408385.0,3382630.0,17,60,6,3,2585.0,9.2,487,0,7,408570,3382500,487,0,6,-75.0,504,185.0,-130.0,226.10838109190027,0,65.09581678702614,-17,9,3,4.2997040361800805
2092,2533201,408385.0,3382630.0,17,60,6,3,2585.0,9.2,487,0,7,408530,3382460,488,0,2,-87.89,504,145.0,-170.0,223.4390297150433,1,79.53777250790665,-16,9,3,4.095839341257505
2093,2533201,408385.0,3382630.0,17,60,6,3,2585.0,9.2,487,0,7,408955,3382785,487,0,2,-98.0,504,570.0,155.0,590.6987387831465,0,14.787417131379527,-17,9,3,1.6484874703684451
2094,2533201,408385.0,3382630.0,17,60,6,3,2585.0,9.2,487,0,7,408945,3382795,488,0,2,-97.5,504,560.0,165.0,583.8021925275718,1,13.582767169565216,-16,9,3,1.5698862772102005
2095,2533201,408385.0,3382630.0,17,60,6,3,2585.0,9.2,487,0,7,408505,3382515,488,0,7,-85.4,504,120.0,-115.0,166.20770138594662,1,73.78112476486871,-16,9,3,5.498640131455964
2096,2533201,408385.0,3382630.0,17,60,6,3,2585.0,9.2,487,0,7,408940,3382800,488,0,2,-101.5,504,555.0,170.0,580.4524097632811,1,12.96984322711296,-16,9,3,1.578941496030691
2097,2533201,408385.0,3382630.0,17,60,6,3,2585.0,9.2,487,0,7,408950,3382790,488,0,2,-100.5,504,565.0,160.0,587.2180174347513,1,14.188629069861577,-16,9,3,1.5607588384008764
2098,2533201,408385.0,3382630.0,17,60,6,3,2585.0,9.2,487,0,7,408625,3382475,487,0,7,-71.29,504,240.0,-155.0,285.70089254323307,0,62.85572195043301,-17,9,3,3.4052436331461626
2099,2533201,408385.0,3382630.0,17,60,6,3,2585.0,9.2,487,0,7,408620,3382480,487,0,6,-73.5,504,235.0,-150.0,278.792037189013,0,62.55000349219341,-17,9,3,3.4894243210573146
2100,2533201,408385.0,3382630.0,17,60,6,3,2585.0,9.2,487,0,7,408510,3382510,488,0,7,-81.13,504,125.0,-120.0,173.27723451163456,1,73.83086067209263,-16,9,3,5.275593758209174
2101,2533201,408385.0,3382630.0,17,60,6,3,2585.0,9.2,487,0,7,408635,3382465,487,0,7,-70.17,504,250.0,-165.0,299.5413160150032,0,63.424811182603776,-17,9,3,3.2482480703139722
2102,2533201,408385.0,3382630.0,17,60,6,3,2585.0,9.2,487,0,7,408585,3382435,488,0,2,-73.75,504,200.0,-195.0,279.32955446926843,1,74.27477570094072,-16,9,3,3.2783206324290703
2103,2533201,408385.0,3382630.0,17,60,6,3,2585.0,9.2,487,0,7,408615,3382445,488,0,7,-73.71,504,230.0,-185.0,295.16944286290885,1,68.81138403675845,-16,9,3,3.1027472304435793
2104,2533201,408385.0,3382630.0,17,60,6,3,2585.0,9.2,487,0,7,408630,3382470,487,0,7,-68.58,504,245.0,-160.0,292.61749776799064,0,63.14699583225598,-17,9,3,3.324936587780891
2105,2533201,408385.0,3382630.0,17,60,6,3,2585.0,9.2,487,0,7,408610,3382450,488,0,7,-75.52,504,225.0,-180.0,288.1405906844782,1,68.65980825409008,-16,9,3,3.1782817862883683
2106,2533201,408385.0,3382630.0,17,60,6,3,2585.0,9.2,487,0,7,408565,3382415,489,0,2,-87.8,504,180.0,-215.0,280.40149785619906,2,80.06361685303011,-15,9,3,3.0621030614724982
2107,2533201,408385.0,3382630.0,17,60,6,3,2585.0,9.2,487,0,7,408580,3382440,488,0,2,-75.98,504,195.0,-190.0,272.2590678012396,1,74.2559407971113,-16,9,3,3.3632646686120395
2108,2533201,408385.0,3382630.0,17,60,6,3,2585.0,9.2,487,0,7,408560,3382420,489,0,2,-90.5,504,175.0,-210.0,273.3587386567329,2,80.19442890773485,-15,9,3,3.1408384908670475
2109,2533201,408385.0,3382630.0,17,60,6,3,2585.0,9.2,487,0,7,408590,3382430,488,0,2,-76.31,504,205.0,-200.0,286.40006983239374,1,74.29268063145577,-16,9,3,3.1975569958141383
2110,2533201,408385.0,3382630.0,17,60,6,3,2585.0,9.2,487,0,7,408515,3382505,488,0,7,-79.36,504,130.0,-125.0,180.34688796871433,1,73.87669728592459,-16,9,3,5.069888464355771
2111,2533201,408385.0,3382630.0,17,60,6,3,2585.0,9.2,487,0,7,408600,3382460,488,0,7,-71.99,504,215.0,-170.0,274.0894014733149,1,68.33334010909863,-16,9,3,3.3408562637823005
2112,2533201,408385.0,3382630.0,17,60,6,3,2585.0,9.2,487,0,7,408480,3382500,488,0,7,-88.94,504,95.0,-130.0,161.01242188104618,1,83.84181456019166,-16,9,3,5.674920897516674
2113,2533201,408385.0,3382630.0,17,60,6,3,2585.0,9.2,487,0,7,408485,3382495,488,0,7,-90.06,504,100.0,-135.0,168.00297616411441,1,83.47114463301483,-16,9,3,5.440236234011538
2114,2533201,408385.0,3382630.0,17,60,6,3,2585.0,9.2,487,0,7,408605,3382455,488,0,7,-73.09,504,220.0,-175.0,281.1138559374119,1,68.50065372034544,-16,9,3,3.257557249418268
2115,2533201,408385.0,3382630.0,17,60,6,3,2585.0,9.2,487,0,7,408490,3382490,488,0,6,-88.8,504,105.0,-140.0,175.0,1,83.13010235415595,-16,9,3,5.223947596268426
2116,2533201,408385.0,3382630.0,17,60,6,3,2585.0,9.2,487,0,7,408570,3382410,489,0,2,-82.75,504,185.0,-220.0,287.4456470360962,2,79.93921554212619,-15,9,3,2.9872007095368027
2117,2533201,408385.0,3382630.0,17,60,6,3,2585.0,9.2,487,0,7,408495,3382485,488,0,7,-91.17,504,110.0,-145.0,182.00274723201295,1,82.81529354676684,-16,9,3,5.023999810993968
2118,2533201,408385.0,3382630.0,17,60,6,3,2585.0,9.2,487,0,7,408575,3382405,489,0,2,-87.5,504,190.0,-225.0,294.49108645254444,2,79.82076607809267,-15,9,3,2.915859406250999
2119,2533201,408385.0,3382630.0,17,60,6,3,2585.0,9.2,487,0,7,408595,3382425,488,0,2,-77.85,504,210.0,-205.0,293.47061181658376,1,74.30972280213496,-16,9,3,3.12067289199353
2120,2533201,408385.0,3382630.0,17,60,6,3,2585.0,9.2,487,0,7,408500,3382520,488,0,6,-90.0,504,115.0,-110.0,159.13830462839547,1,73.7269699799433,-16,9,3,5.741308593534495
2121,2533201,408385.0,3382630.0,17,60,6,3,2585.0,9.2,487,0,7,408660,3382250,486,0,5,-92.0,504,275.0,-380.0,469.0682253148256,-1,84.10733431225441,-18,9,3,2.1975870323095754
2122,2533201,408385.0,3382630.0,17,60,6,3,2585.0,9.2,487,0,7,408670,3382260,486,0,5,-87.5,504,285.0,-370.0,467.0385423067351,-1,82.3940086425983,-18,9,3,2.207128007862107
2123,2533201,408385.0,3382630.0,17,60,6,3,2585.0,9.2,487,0,7,408820,3382090,488,0,5,-102.5,504,435.0,-540.0,693.4154598795732,1,81.1466256596467,-16,9,3,1.3218191433057742
2124,2533201,408385.0,3382630.0,17,60,6,3,2585.0,9.2,487,0,7,408785,3382365,485,0,7,-89.33,504,400.0,-265.0,479.8176737053357,-2,63.52447324857695,-19,9,3,2.2676349965059095
2125,2533201,408385.0,3382630.0,17,60,6,3,2585.0,9.2,487,0,7,408770,3382400,485,0,7,-85.64,504,385.0,-230.0,448.4696199298231,-2,60.85420450589703,-19,9,3,2.425959619949604
2126,2533201,408385.0,3382630.0,17,60,6,3,2585.0,9.2,487,0,7,408805,3382105,488,0,5,-105.5,504,420.0,-525.0,672.3280449304491,1,81.34019174590992,-16,9,3,1.3632622899463986
2127,2533201,408385.0,3382630.0,17,60,6,3,2585.0,9.2,487,0,7,408790,3382380,485,0,6,-88.88,504,405.0,-250.0,475.94642555649057,-2,61.6863676878566,-19,9,3,2.28605997265926
2128,2533201,408385.0,3382630.0,17,60,6,3,2585.0,9.2,487,0,7,408760,3382390,485,0,6,-87.17,504,375.0,-240.0,445.2246623896749,-2,62.61924307119284,-19,9,3,2.4436195308086295
2129,2533201,408385.0,3382630.0,17,60,6,3,2585.0,9.2,487,0,7,408765,3382385,485,0,6,-86.98,504,380.0,-245.0,452.133829745132,-2,62.81136679806809,-19,9,3,2.4063222190476354
2130,2533201,408385.0,3382630.0,17,60,6,3,2585.0,9.2,487,0,7,408775,3382395,485,0,7,-87.52,504,390.0,-235.0,455.3295509847785,-2,61.07165806084629,-19,9,3,2.3894531395006275
2131,2533201,408385.0,3382630.0,17,60,6,3,2585.0,9.2,487,0,7,408780,3382370,485,0,7,-90.37,504,395.0,-260.0,472.8900506460249,-2,63.35402575151676,-19,9,3,2.3008193684076113
2132,2533201,408385.0,3382630.0,17,60,6,3,2585.0,9.2,487,0,7,408795,3382375,485,0,7,-89.02,504,410.0,-255.0,482.83019789569914,-2,61.87959684702275,-19,9,3,2.253501165626824
2133,2533201,408385.0,3382630.0,17,60,6,3,2585.0,9.2,487,0,7,408675,3382255,486,0,6,-89.14,504,290.0,-375.0,474.0516849458506,-1,82.28402365441684,-18,9,3,2.1745072340613802
2134,2533201,408385.0,3382630.0,17,60,6,3,2585.0,9.2,487,0,7,408800,3382110,488,0,5,-99.67,504,415.0,-520.0,665.3006839016476,1,81.40744028253323,-16,9,3,1.3776564785589536
2135,2533201,408385.0,3382630.0,17,60,6,3,2585.0,9.2,487,0,7,409140,3382775,484,0,7,-92.0,504,755.0,145.0,768.7977627438831,-3,19.12854707414516,-20,9,3,1.4901931909420603
2136,2533201,408385.0,3382630.0,17,60,6,3,2585.0,9.2,487,0,7,408415,3382390,489,0,2,-111.0,504,30.0,-240.0,241.8677324489565,2,112.8749836510982,-15,9,3,3.548788330874732
2137,2533201,408385.0,3382630.0,17,60,6,3,2585.0,9.2,487,0,7,408720,3382585,487,0,7,-82.0,504,335.0,-45.0,338.0088756231114,0,37.650650955359424,-17,9,3,2.879238637925013
2138,2533201,408385.0,3382630.0,17,60,6,3,2585.0,9.2,487,0,7,408815,3382520,486,0,7,-97.0,504,430.0,-110.0,443.8468204234429,-1,44.34933204294714,-18,9,3,2.322330915011941
2139,2533201,408385.0,3382630.0,17,60,6,3,2585.0,9.2,487,0,7,408985,3382330,486,0,6,-93.0,504,600.0,-300.0,670.820393249937,-1,56.565051177077976,-18,9,3,1.537038275395032
2140,2533201,408385.0,3382630.0,17,60,6,3,2585.0,9.2,487,0,7,408810,3382515,486,0,7,-97.2,504,425.0,-115.0,440.2839992550263,-1,45.140983835076895,-18,9,3,2.341102618058419
2141,2533201,408385.0,3382630.0,17,60,6,3,2585.0,9.2,487,0,7,408835,3382500,486,0,7,-103.0,504,450.0,-130.0,468.4015371452148,-1,46.113418233089305,-18,9,3,2.200711842168055
2142,2533201,408385.0,3382630.0,17,60,6,3,2585.0,9.2,487,0,7,409105,3382290,486,0,7,-94.0,504,720.0,-340.0,796.2411694957754,-1,55.27772223555297,-18,9,3,1.2950202044683554
2143,2533201,408385.0,3382630.0,17,60,6,3,2585.0,9.2,487,0,7,409100,3382285,486,0,7,-98.67,504,715.0,-345.0,793.8828628960321,-1,55.75812172197561,-18,9,3,1.298865872592959
2144,2533201,408385.0,3382630.0,17,60,6,3,2585.0,9.2,487,0,7,408960,3382345,486,0,7,-98.0,504,575.0,-285.0,641.7554051194271,-1,56.3654151225536,-18,9,3,1.606614771070528
2145,2533201,408385.0,3382630.0,17,60,6,3,2585.0,9.2,487,0,7,408980,3382325,486,0,7,-96.4,504,595.0,-305.0,668.6179776224985,-1,57.139905929320946,-18,9,3,1.5420988111895741
2146,2533201,408385.0,3382630.0,17,60,6,3,2585.0,9.2,487,0,7,408825,3382490,486,0,7,-109.5,504,440.0,-140.0,461.7358552246078,-1,47.65012421993015,-18,9,3,2.2324497028096486
2147,2533201,408385.0,3382630.0,17,60,6,3,2585.0,9.2,487,0,7,408830,3382495,486,0,7,-104.0,504,445.0,-135.0,465.02688094345683,-1,46.87626461671118,-18,9,3,2.216666326467037
2148,2533201,408385.0,3382630.0,17,60,6,3,2585.0,9.2,487,0,7,408755,3382580,486,0,7,-80.63,504,370.0,-50.0,373.3630940518894,-1,37.69605172201659,-18,9,3,2.7601178126355728
2149,2533201,408385.0,3382630.0,17,60,6,3,2585.0,9.2,487,0,7,408675,3382660,486,0,7,-91.29,504,290.0,30.0,291.547594742265,-1,24.093858886229498,-18,9,3,3.5329279007238
2150,2533201,408385.0,3382630.0,17,60,6,3,2585.0,9.2,487,0,7,408665,3382650,486,0,2,-91.1,504,280.0,20.0,280.713376952364,-1,25.914383220025115,-18,9,3,3.6689167773401676
2151,2533201,408385.0,3382630.0,17,60,6,3,2585.0,9.2,487,0,7,408660,3382645,487,0,2,-91.0,504,275.0,15.0,275.40878707840824,0,26.877869537884294,-17,9,3,3.532182169298269
2152,2533201,408385.0,3382630.0,17,60,6,3,2585.0,9.2,487,0,7,408735,3382600,487,0,7,-82.0,504,350.0,-30.0,351.2833614050059,0,34.89909245378777,-17,9,3,2.770609261154111
2153,2533201,408385.0,3382630.0,17,60,6,3,2585.0,9.2,487,0,7,408730,3382595,487,0,7,-78.67,504,345.0,-35.0,346.77081768799405,0,35.79279649503218,-17,9,3,2.8066060427790473
2154,2533201,408385.0,3382630.0,17,60,6,3,2585.0,9.2,487,0,7,408750,3382575,486,0,7,-83.0,504,365.0,-55.0,369.120576505835,-1,38.569141879837616,-18,9,3,2.791791548236616
2155,2533201,408385.0,3382630.0,17,60,6,3,2585.0,9.2,487,0,7,408725,3382590,487,0,7,-81.42,504,340.0,-40.0,342.3448553724738,0,36.709836807756915,-17,9,3,2.8428317521680535
2156,2533201,408385.0,3382630.0,17,60,6,3,2585.0,9.2,487,0,7,408745,3382570,487,0,7,-80.25,504,360.0,-60.0,364.9657518178932,0,39.462322208025626,-17,9,3,2.666893325318379
2157,2533201,408385.0,3382630.0,17,60,6,3,2585.0,9.2,487,0,7,408670,3382655,486,0,7,-91.92,504,285.0,25.0,286.09439001839934,-1,24.986886244964182,-18,9,3,3.6000930867348147
2158,2533201,408385.0,3382630.0,17,60,6,3,2585.0,9.2,487,0,7,408805,3382510,486,0,7,-100.38,504,420.0,-120.0,436.8065933568311,-1,45.94539590092285,-18,9,3,2.3597190899914513
2159,2533201,408385.0,3382630.0,17,60,6,3,2585.0,9.2,487,0,7,408670,3382365,487,0,2,-92.0,504,285.0,-265.0,389.16577444580093,0,72.91743472026911,-17,9,3,2.5012718755127206
2160,2533201,408385.0,3382630.0,17,60,6,3,2585.0,9.2,487,0,7,408640,3382395,488,0,2,-86.5,504,255.0,-235.0,346.77081768799405,1,72.66269414087617,-16,9,3,2.641752742262463
2161,2533201,408385.0,3382630.0,17,60,6,3,2585.0,9.2,487,0,7,408665,3382380,487,0,2,-96.83,504,280.0,-250.0,375.3664875824692,0,71.76029970389789,-17,9,3,2.593100767208548
2162,2533201,408385.0,3382630.0,17,60,6,3,2585.0,9.2,487,0,7,408695,3382350,487,0,2,-88.67,504,310.0,-280.0,417.73197148410844,0,72.08916217383228,-17,9,3,2.3304203081862056
2163,2533201,408385.0,3382630.0,17,60,6,3,2585.0,9.2,487,0,7,408650,3382385,488,0,2,-90.22,504,265.0,-245.0,360.90164865237176,1,72.75425743410494,-16,9,3,2.5384549649544588
2164,2533201,408385.0,3382630.0,17,60,6,3,2585.0,9.2,487,0,7,408685,3382360,487,0,2,-93.57,504,300.0,-270.0,403.6087214122113,0,71.98721249581666,-17,9,3,2.4118727033631875
2165,2533201,408385.0,3382630.0,17,60,6,3,2585.0,9.2,487,0,7,408675,3382370,487,0,2,-88.38,504,290.0,-260.0,389.48684188300894,0,71.8778695378843,-17,9,3,2.4992126062945172
2166,2533201,408385.0,3382630.0,17,60,6,3,2585.0,9.2,487,0,7,408660,3382375,487,0,2,-90.29,504,275.0,-255.0,375.0333318519835,0,72.83892051177361,-17,9,3,2.595401164341804
2167,2533201,408385.0,3382630.0,17,60,6,3,2585.0,9.2,487,0,7,408655,3382390,488,0,2,-87.0,504,270.0,-240.0,361.24783736376884,1,71.63353933657015,-16,9,3,2.5360255065667787
2168,2533201,408385.0,3382630.0,17,60,6,3,2585.0,9.2,487,0,7,408690,3382400,487,0,7,-83.74,504,305.0,-230.0,382.00130889828114,0,67.01988625483148,-17,9,3,2.54812216867372
2169,2533201,408385.0,3382630.0,17,60,6,3,2585.0,9.2,487,0,7,408695,3382395,487,0,7,-83.9,504,310.0,-235.0,389.00514135419854,0,67.16447489351145,-17,9,3,2.5023034208257644
2170,2533201,408385.0,3382630.0,17,60,6,3,2585.0,9.2,487,0,7,408390,3382525,488,0,7,-96.0,504,5.0,-105.0,105.11898020814318,1,117.27368900609372,-16,9,3,8.654477391962008
2171,2533201,408385.0,3382630.0,17,60,6,3,2585.0,9.2,487,0,7,408635,3382610,487,0,7,-87.5,504,250.0,-20.0,250.79872407968904,0,34.573921259900885,-17,9,3,3.8777732991601126
2172,2533201,408385.0,3382630.0,17,60,6,3,2585.0,9.2,487,0,7,408360,3382555,486,0,7,-96.0,504,-25.0,-75.0,79.05694150420949,-1,138.434948822922,-18,9,3,12.826670426247519
2173,2533201,408385.0,3382630.0,17,60,6,3,2585.0,9.2,487,0,7,408650,3382825,485,0,7,-104.5,504,265.0,195.0,329.013677527242,-2,-6.347458208885257,-19,9,3,3.305066519710784
2174,2533201,408385.0,3382630.0,17,60,6,3,2585.0,9.2,487,0,7,408560,3382595,487,0,7,-86.6,504,175.0,-35.0,178.46568297574746,0,41.30993247402023,-17,9,3,5.441371869915625
2175,2533201,408385.0,3382630.0,17,60,6,3,2585.0,9.2,487,0,7,408720,3382755,487,0,7,-101.0,504,335.0,125.0,357.56118357562247,0,9.537728476577797,-17,9,3,2.7220385557520053
2176,2533201,408385.0,3382630.0,17,60,6,3,2585.0,9.2,487,0,7,408565,3382600,487,0,7,-91.0,504,180.0,-30.0,182.4828759089466,0,39.462322208025626,-17,9,3,5.32228062380072
2177,2533201,408385.0,3382630.0,17,60,6,3,2585.0,9.2,487,0,7,408620,3382615,487,0,7,-84.25,504,235.0,-15.0,235.47823678633233,0,33.652222780306374,-17,9,3,4.129219570046579
2178,2533201,408385.0,3382630.0,17,60,6,3,2585.0,9.2,487,0,7,408395,3382530,488,0,6,-95.05,504,10.0,-100.0,100.4987562112089,1,114.2894068625003,-16,9,3,9.04591136276987
2179,2533201,408385.0,3382630.0,17,60,6,3,2585.0,9.2,487,0,7,408655,3382830,485,0,7,-103.75,504,270.0,200.0,336.00595232822883,-2,-6.528855366985169,-19,9,3,3.236435931171424
2180,2533201,408385.0,3382630.0,17,60,6,3,2585.0,9.2,487,0,7,408645,3382840,486,0,7,-105.5,504,260.0,210.0,334.21549934136806,-1,-8.92754359279229,-18,9,3,3.0828271074066587
2181,2533201,408385.0,3382630.0,17,60,6,3,2585.0,9.2,487,0,7,408380,3382535,487,0,7,-95.6,504,-5.0,-95.0,95.13148795220224,0,123.01278750418334,-17,9,3,10.131812262507056
2182,2533201,408385.0,3382630.0,17,60,6,3,2585.0,9.2,487,0,7,408385,3382540,487,0,6,-95.75,504,0.0,-90.0,90.0,0,120.0,-17,9,3,10.696510735778114
2183,2533201,408385.0,3382630.0,17,60,6,3,2585.0,9.2,487,0,7,408370,3382545,487,0,7,-97.57,504,-15.0,-85.0,86.31338250816034,0,130.0079798014413,-17,9,3,11.14217364593792
2184,2533201,408385.0,3382630.0,17,60,6,3,2585.0,9.2,487,0,7,408750,3382725,487,0,7,-100.67,504,365.0,95.0,377.1604433129222,0,15.411081267125383,-17,9,3,2.5807834537453265
2185,2533201,408385.0,3382630.0,17,60,6,3,2585.0,9.2,487,0,7,408665,3382375,487,0,2,-87.5,504,280.0,-255.0,378.71493236998197,0,72.32457334397088,-17,9,3,2.570204497206527
2186,2533201,408385.0,3382630.0,17,60,6,3,2585.0,9.2,487,0,7,408670,3382370,487,0,2,-91.7,504,285.0,-260.0,385.77843381920667,0,72.37359436170925,-17,9,3,2.5232061167861133
2187,2533201,408385.0,3382630.0,17,60,6,3,2585.0,9.2,487,0,7,408655,3382385,487,0,2,-89.0,504,270.0,-245.0,364.58880948268285,0,72.22083313592793,-17,9,3,2.6696465952784645
2188,2533201,408385.0,3382630.0,17,60,6,3,2585.0,9.2,487,0,7,408645,3382395,488,0,2,-88.67,504,260.0,-235.0,350.46397817750113,1,72.10873040377942,-16,9,3,2.6139529872131306
2189,2533201,408385.0,3382630.0,17,60,6,3,2585.0,9.2,487,0,7,408660,3382380,487,0,2,-90.4,504,275.0,-250.0,371.6517186829626,0,72.27368900609372,-17,9,3,2.6189836668644912
2190,2533201,408385.0,3382630.0,17,60,6,3,2585.0,9.2,487,0,7,408680,3382360,487,0,2,-90.5,504,295.0,-270.0,399.9062390110962,0,72.46644111160543,-17,9,3,2.4341759915143024
2191,2533201,408385.0,3382630.0,17,60,6,3,2585.0,9.2,487,0,7,408650,3382390,488,0,2,-93.33,504,265.0,-240.0,357.5262228144951,1,72.16588898369349,-16,9,3,2.5623888722167263
2192,2533201,408385.0,3382630.0,17,60,6,3,2585.0,9.2,487,0,7,408675,3382365,487,0,2,-91.0,504,290.0,-265.0,392.84220750830735,0,72.4208524997166,-17,9,3,2.4778929142059893
2193,2533201,408385.0,3382630.0,17,60,6,3,2585.0,9.2,487,0,7,408685,3382355,487,0,2,-97.75,504,300.0,-275.0,406.97051490249265,0,72.51044707800088,-17,9,3,2.3919725860354495
2194,2533201,408385.0,3382630.0,17,60,6,3,2585.0,9.2,487,0,7,408690,3382350,487,0,2,-88.0,504,305.0,-280.0,414.03502267320334,0,72.55295135767642,-17,9,3,2.3512055508505334
2195,2533201,408385.0,3382630.0,17,60,6,3,2585.0,9.2,487,0,7,408620,3382620,487,0,7,-87.5,504,235.0,-10.0,235.2126697267815,0,32.43664824681014,-17,9,3,4.133865515499186
2196,2533201,408385.0,3382630.0,17,60,6,3,2585.0,9.2,487,0,7,408625,3382615,487,0,7,-91.33,504,240.0,-15.0,240.46829312822095,0,33.57633437499737,-17,9,3,4.043819703342154
2197,2533201,408385.0,3382630.0,17,60,6,3,2585.0,9.2,487,0,7,408565,3382595,487,0,7,-84.0,504,180.0,-35.0,183.3712082089225,0,41.003540851749506,-17,9,3,5.296644109433143
2198,2533201,408385.0,3382630.0,17,60,6,3,2585.0,9.2,487,0,7,408560,3382600,487,0,7,-84.0,504,175.0,-30.0,177.55280904564702,0,39.72757855140162,-17,9,3,5.4691790569051575
2199,2533201,408385.0,3382630.0,17,60,6,3,2585.0,9.2,487,0,7,408655,3382825,485,0,7,-107.0,504,270.0,195.0,333.0540496676178,-2,-5.837652954278269,-19,9,3,3.2650591072166786
2200,2533201,408385.0,3382630.0,17,60,6,3,2585.0,9.2,487,0,7,408660,3382820,485,0,7,-103.0,504,275.0,190.0,334.2528982671654,-2,-4.640947511916295,-19,9,3,3.253373679187822
2201,2533201,408385.0,3382630.0,17,60,6,3,2585.0,9.2,487,0,7,408760,3382800,488,0,7,-98.67,504,375.0,170.0,411.7341375208036,1,5.613628898198613,-16,9,3,2.225395839839076
2202,2533201,408385.0,3382630.0,17,60,6,3,2585.0,9.2,487,0,7,408745,3382735,487,0,7,-95.67,504,360.0,105.0,375.0,0,13.73979529168804,-17,9,3,2.5956315409256403
2203,2533201,408385.0,3382630.0,17,60,6,3,2585.0,9.2,487,0,7,408630,3382610,487,0,7,-93.5,504,245.0,-20.0,245.81497106563708,0,34.66685837143899,-17,9,3,3.956145679268569
2204,2533201,408385.0,3382630.0,17,60,6,3,2585.0,9.2,487,0,7,408740,3382740,487,0,7,-100.0,504,355.0,110.0,371.6517186829626,0,12.783926412209325,-17,9,3,2.6189836668644912
2205,2533201,408385.0,3382630.0,17,60,6,3,2585.0,9.2,487,0,7,408390,3382530,488,0,7,-95.42,504,5.0,-100.0,100.12492197250393,1,117.13759477388828,-16,9,3,9.079124355767918
2206,2533201,408385.0,3382630.0,17,60,6,3,2585.0,9.2,487,0,7,408375,3382545,487,0,7,-99.5,504,-10.0,-85.0,85.58621384311844,0,126.70983680775691,-17,9,3,11.234443118495808
2207,2533201,408385.0,3382630.0,17,60,6,3,2585.0,9.2,487,0,7,408395,3382525,488,0,7,-96.3,504,10.0,-105.0,105.47511554864494,1,114.55966796899452,-16,9,3,8.625695919851148
2208,2533201,408385.0,3382630.0,17,60,6,3,2585.0,9.2,487,0,7,408730,3382750,487,0,7,-101.5,504,345.0,120.0,365.2738698565776,0,10.820991974189269,-17,9,3,2.664646974932936
2209,2533201,408385.0,3382630.0,17,60,6,3,2585.0,9.2,487,0,7,408380,3382540,487,0,7,-100.5,504,-5.0,-90.0,90.13878188659973,0,123.17983011986425,-17,9,3,10.680421033966617
2210,2533201,408385.0,3382630.0,17,60,6,3,2585.0,9.2,487,0,7,408765,3382795,488,0,7,-100.5,504,380.0,165.0,414.2764777295472,1,6.529006881839109,-16,9,3,2.2117525908255122
2211,2533201,408385.0,3382630.0,17,60,6,3,2585.0,9.2,487,0,7,408385,3382535,487,0,7,-93.44,504,0.0,-95.0,95.0,0,120.0,-17,9,3,10.145544433896337
2212,2533201,408385.0,3382630.0,17,60,6,3,2585.0,9.2,487,0,7,408290,3382570,485,0,7,-105.0,504,-95.0,-60.0,112.36102527122117,-2,177.72435568542238,-19,9,3,9.597796451056055
2213,2533201,408385.0,3382630.0,17,60,6,3,2585.0,9.2,487,0,7,408820,3382345,485,0,2,-92.5,504,435.0,-285.0,520.0480747007915,-2,63.23171106797935,-19,9,3,2.092375462031307
2214,2533201,408385.0,3382630.0,17,60,6,3,2585.0,9.2,487,0,7,408665,3382190,486,0,6,-88.5,504,280.0,-440.0,521.5361924162119,-1,87.52880770915152,-18,9,3,1.9766889476519303
2215,2533201,408385.0,3382630.0,17,60,6,3,2585.0,9.2,487,0,7,408670,3382195,486,0,5,-89.5,504,285.0,-435.0,520.0480747007915,-1,86.76828893202065,-18,9,3,1.982340737252225
2216,2533201,408385.0,3382630.0,17,60,6,3,2585.0,9.2,487,0,7,408680,3382205,486,0,7,-100.5,504,295.0,-425.0,517.3490117899134,-1,85.2348027634232,-18,9,3,1.992674496457023
2217,2533201,408385.0,3382630.0,17,60,6,3,2585.0,9.2,487,0,7,408975,3382500,486,0,7,-99.5,504,590.0,-130.0,604.1522986797286,-1,42.42594286542749,-18,9,3,1.7065548488727837
2218,2533201,408385.0,3382630.0,17,60,6,3,2585.0,9.2,487,0,7,408840,3382365,485,0,7,-91.11,504,455.0,-265.0,526.5453446760307,-2,60.21727395738435,-19,9,3,2.066579265599002
2219,2533201,408385.0,3382630.0,17,60,6,3,2585.0,9.2,487,0,7,408835,3382360,485,0,7,-92.22,504,450.0,-270.0,524.7856705360771,-2,60.96375653207349,-19,9,3,2.0735027342204337
2220,2533201,408385.0,3382630.0,17,60,6,3,2585.0,9.2,487,0,7,408830,3382355,485,0,2,-95.32,504,445.0,-275.0,523.1156659860227,-2,61.71513351509782,-19,9,3,2.080116418626542
2221,2533201,408385.0,3382630.0,17,60,6,3,2585.0,9.2,487,0,7,408780,3382145,487,0,7,-95.0,504,395.0,-485.0,625.4998001598402,0,80.83949231151746,-17,9,3,1.5568166977384477
2222,2533201,408385.0,3382630.0,17,60,6,3,2585.0,9.2,487,0,7,408675,3382200,486,0,7,-88.67,504,290.0,-430.0,518.6520991955975,-1,86.00354085174956,-18,9,3,1.987672022596857
2223,2533201,408385.0,3382630.0,17,60,6,3,2585.0,9.2,487,0,7,408855,3382380,486,0,7,-90.37,504,470.0,-250.0,532.3532661682466,-1,58.009176708013854,-18,9,3,1.9365548070271912
2224,2533201,408385.0,3382630.0,17,60,6,3,2585.0,9.2,487,0,7,408850,3382375,486,0,6,-89.62,504,465.0,-255.0,530.3300858899106,-1,58.73979529168804,-18,9,3,1.943937000269113
2225,2533201,408385.0,3382630.0,17,60,6,3,2585.0,9.2,487,0,7,408845,3382370,486,0,7,-93.5,504,460.0,-260.0,528.3937925449162,-1,59.475889003245754,-18,9,3,1.9510550409377059
2226,2533201,408385.0,3382630.0,17,60,6,3,2585.0,9.2,487,0,7,408955,3382320,485,0,7,-95.39,504,570.0,-310.0,648.8451279003334,-2,58.539985187959985,-19,9,3,1.677301356788698
2227,2533201,408385.0,3382630.0,17,60,6,3,2585.0,9.2,487,0,7,408860,3382385,486,0,7,-95.0,504,475.0,-245.0,534.4623466625128,-1,57.28420729362307,-18,9,3,1.9289186125227116
2228,2533201,408385.0,3382630.0,17,60,6,3,2585.0,9.2,487,0,7,408605,3382205,485,0,5,-91.67,504,220.0,-425.0,478.56556499606194,-2,92.63178957111177,-19,9,3,2.273561770253842
2229,2533201,408385.0,3382630.0,17,60,6,3,2585.0,9.2,487,0,7,408900,3382330,485,0,2,-102.67,504,515.0,-300.0,596.007550287746,-2,60.22183826706265,-19,9,3,1.8259018066303012
2230,2533201,408385.0,3382630.0,17,60,6,3,2585.0,9.2,487,0,7,408885,3382345,485,0,2,-93.15,504,500.0,-285.0,575.5215026391281,-2,59.68314017912331,-19,9,3,1.8908495528630391
2231,2533201,408385.0,3382630.0,17,60,6,3,2585.0,9.2,487,0,7,408910,3382340,485,0,2,-95.0,504,525.0,-290.0,599.7707895521421,-2,58.915424341626704,-19,9,3,1.8144529366715534
2232,2533201,408385.0,3382630.0,17,60,6,3,2585.0,9.2,487,0,7,408915,3382335,485,0,2,-93.22,504,530.0,-295.0,606.568215454783,-2,59.100477411543466,-19,9,3,1.7941328759507753
2233,2533201,408385.0,3382630.0,17,60,6,3,2585.0,9.2,487,0,7,408880,3382350,485,0,2,-93.21,504,495.0,-280.0,568.7046685231272,-2,59.494955817687696,-19,9,3,1.9134976565314863
2234,2533201,408385.0,3382630.0,17,60,6,3,2585.0,9.2,487,0,7,408895,3382355,486,0,7,-96.38,504,510.0,-275.0,579.4178112554015,-1,58.334242483124626,-18,9,3,1.7793592717344666
2235,2533201,408385.0,3382630.0,17,60,6,3,2585.0,9.2,487,0,7,408750,3382180,486,0,7,-100.0,504,365.0,-450.0,579.4178112554015,-1,80.95410743116503,-18,9,3,1.7793592717344666
2236,2533201,408385.0,3382630.0,17,60,6,3,2585.0,9.2,487,0,7,408890,3382360,486,0,7,-92.16,504,505.0,-270.0,572.647360947381,-1,58.13134236406103,-18,9,3,1.8003829979682868
2237,2533201,408385.0,3382630.0,17,60,6,3,2585.0,9.2,487,0,7,409015,3382760,485,0,7,-92.5,504,630.0,130.0,643.2728814430156,-2,18.340707346477018,-19,9,3,1.6918222986455296
2238,2533201,408385.0,3382630.0,17,60,6,3,2585.0,9.2,487,0,7,408970,3382795,487,0,2,-97.5,504,585.0,165.0,607.8239876806442,0,14.248826336546983,-17,9,3,1.6020664118504315
2239,2533201,408385.0,3382630.0,17,60,6,3,2585.0,9.2,487,0,7,408985,3382770,486,0,2,-98.5,504,600.0,140.0,616.1168720299745,-1,16.865977693603668,-18,9,3,1.673433736691234
2240,2533201,408385.0,3382630.0,17,60,6,3,2585.0,9.2,487,0,7,408680,3382175,486,0,7,-88.5,504,295.0,-455.0,542.2637734534735,-1,87.04257514288497,-18,9,3,1.901188208810672
2241,2533201,408385.0,3382630.0,17,60,6,3,2585.0,9.2,487,0,7,409190,3382665,482,0,7,-96.0,504,805.0,35.0,805.7605103254937,-5,27.51044707800088,-22,9,3,1.5639809191598981
2242,2533201,408385.0,3382630.0,17,60,6,3,2585.0,9.2,487,0,7,408870,3382345,485,0,2,-93.5,504,485.0,-285.0,562.5388875446746,-2,60.439724380643156,-19,9,3,1.9344549491435834
2243,2533201,408385.0,3382630.0,17,60,6,3,2585.0,9.2,487,0,7,408835,3382390,486,0,7,-89.23,504,450.0,-240.0,510.0,-1,58.072486935852965,-18,9,3,2.0213649403560154
2244,2533201,408385.0,3382630.0,17,60,6,3,2585.0,9.2,487,0,7,408810,3382365,485,0,7,-93.09,504,425.0,-265.0,500.8492787256462,-2,61.944752776203416,-19,9,3,2.172505969241581
2245,2533201,408385.0,3382630.0,17,60,6,3,2585.0,9.2,487,0,7,408830,3382385,486,0,7,-88.07,504,445.0,-245.0,507.98622028555064,-1,58.835500847743106,-18,9,3,2.029371430874496
2246,2533201,408385.0,3382630.0,17,60,6,3,2585.0,9.2,487,0,7,408685,3382180,486,0,7,-84.5,504,300.0,-450.0,540.8326913195984,-1,86.30993247402023,-18,9,3,1.9062151828097713
2247,2533201,408385.0,3382630.0,17,60,6,3,2585.0,9.2,487,0,7,408705,3382200,486,0,7,-96.5,504,320.0,-430.0,536.0037313302959,-1,83.34389158403309,-18,9,3,1.923375798116812
2248,2533201,408385.0,3382630.0,17,60,6,3,2585.0,9.2,487,0,7,408800,3382375,485,0,7,-89.78,504,415.0,-255.0,487.08315511830216,-2,61.568971129318356,-19,9,3,2.2338447845673985
2249,2533201,408385.0,3382630.0,17,60,6,3,2585.0,9.2,487,0,7,408805,3382380,485,0,6,-90.51,504,420.0,-250.0,488.7739763939975,-2,60.762719534238954,-19,9,3,2.226125008355071
2250,2533201,408385.0,3382630.0,17,60,6,3,2585.0,9.2,487,0,7,408815,3382370,485,0,7,-90.06,504,430.0,-260.0,502.4937810560445,-2,61.15930450834435,-19,9,3,2.1654028275818678
2251,2533201,408385.0,3382630.0,17,60,6,3,2585.0,9.2,487,0,7,408875,3382350,485,0,2,-93.28,504,490.0,-280.0,564.3580423808985,-2,59.74488129694225,-19,9,3,1.9282241310624832
2252,2533201,408385.0,3382630.0,17,60,6,3,2585.0,9.2,487,0,7,408860,3382355,485,0,7,-92.55,504,475.0,-275.0,548.8624600025037,-2,60.06858282186249,-19,9,3,1.982619247610849
2253,2533201,408385.0,3382630.0,17,60,6,3,2585.0,9.2,487,0,7,408820,3382395,486,0,7,-87.48,504,435.0,-235.0,494.41885077330943,-1,58.37924308610798,-18,9,3,2.0850110069294003
2254,2533201,408385.0,3382630.0,17,60,6,3,2585.0,9.2,487,0,7,408865,3382360,486,0,7,-94.3,504,480.0,-270.0,550.7267925205746,-1,59.35775354279127,-18,9,3,1.8719935971776207
2255,2533201,408385.0,3382630.0,17,60,6,3,2585.0,9.2,487,0,7,408650,3382205,486,0,5,-95.0,504,265.0,-425.0,500.8492787256462,-1,88.05524722379664,-18,9,3,2.058264624713929
2256,2533201,408385.0,3382630.0,17,60,6,3,2585.0,9.2,487,0,7,408710,3382390,486,0,7,-83.29,504,325.0,-240.0,404.01113846031524,-1,66.44444175658714,-18,9,3,2.5510248490246705
2257,2533201,408385.0,3382630.0,17,60,6,3,2585.0,9.2,487,0,7,408700,3382400,487,0,7,-82.71,504,315.0,-230.0,390.03204996512784,0,66.13537661158921,-17,9,3,2.4957234909246444
2258,2533201,408385.0,3382630.0,17,60,6,3,2585.0,9.2,487,0,7,408705,3382395,486,0,7,-84.24,504,320.0,-235.0,397.0201506221063,-1,66.2926297284796,-18,9,3,2.595884030159261
2259,2533201,408385.0,3382630.0,17,60,6,3,2585.0,9.2,487,0,7,408700,3382200,486,0,7,-91.5,504,315.0,-430.0,533.0337700371338,-1,83.77505574447969,-18,9,3,1.9340843602973703
2260,2533201,408385.0,3382630.0,17,60,6,3,2585.0,9.2,487,0,7,408790,3382110,488,0,5,-89.5,504,405.0,-520.0,659.1092473937837,1,82.08689541007368,-16,9,3,1.3905926329194886
2261,2533201,408385.0,3382630.0,17,60,6,3,2585.0,9.2,487,0,7,408620,3381960,487,0,5,-100.67,504,235.0,-670.0,710.0176054155277,0,100.67187084888997,-17,9,3,1.3715747061231576
2262,2533201,408385.0,3382630.0,17,60,6,3,2585.0,9.2,487,0,7,408650,3382210,486,0,7,-95.0,504,265.0,-420.0,496.6135318333563,-1,87.75002583581636,-18,9,3,2.0758048096596173
2263,2533201,408385.0,3382630.0,17,60,6,3,2585.0,9.2,487,0,7,409190,3382670,483,0,7,-94.5,504,805.0,40.0,805.9931761497736,-4,27.15534439522662,-21,9,3,1.4924930486492742
2264,2533201,408385.0,3382630.0,17,60,6,3,2585.0,9.2,487,0,7,408875,3382345,485,0,2,-93.71,504,490.0,-285.0,566.8553607402862,-2,60.18368065722234,-19,9,3,1.9197355839622174
2265,2533201,408385.0,3382630.0,17,60,6,3,2585.0,9.2,487,0,7,408825,3382395,486,0,7,-87.53,504,440.0,-235.0,498.8236161209692,-1,58.10626982080191,-18,9,3,2.066615756451712
2266,2533201,408385.0,3382630.0,17,60,6,3,2585.0,9.2,487,0,7,408860,3382360,486,0,7,-94.21,504,475.0,-270.0,546.3744137493995,-1,59.614811646346425,-18,9,3,1.8868950246570684
2267,2533201,408385.0,3382630.0,17,60,6,3,2585.0,9.2,487,0,7,408865,3382355,486,0,7,-93.5,504,480.0,-275.0,553.1952638987431,-1,59.80911420670651,-18,9,3,1.863646279292143
2268,2533201,408385.0,3382630.0,17,60,6,3,2585.0,9.2,487,0,7,408810,3382370,485,0,7,-89.84,504,425.0,-260.0,498.2218381404011,-2,61.456823357555265,-19,9,3,2.1839519096646645
2269,2533201,408385.0,3382630.0,17,60,6,3,2585.0,9.2,487,0,7,408805,3382375,485,0,7,-89.42,504,420.0,-255.0,491.350180624776,-2,61.26373169437744,-19,9,3,2.214464835371036
2270,2533201,408385.0,3382630.0,17,60,6,3,2585.0,9.2,487,0,7,408680,3382180,486,0,7,-89.0,504,295.0,-450.0,538.0752735445107,-1,86.75293225066412,-18,9,3,1.9159765010704886
2271,2533201,408385.0,3382630.0,17,60,6,3,2585.0,9.2,487,0,7,408815,3382365,485,0,7,-91.1,504,430.0,-265.0,505.0990001969911,-2,61.64465903709254,-19,9,3,2.154244579382245
2272,2533201,408385.0,3382630.0,17,60,6,3,2585.0,9.2,487,0,7,408830,3382390,486,0,7,-89.65,504,445.0,-240.0,505.5937104039171,-1,58.33913203589589,-18,9,3,2.038966492244075
2273,2533201,408385.0,3382630.0,17,60,6,3,2585.0,9.2,487,0,7,408800,3382380,485,0,6,-89.91,504,415.0,-250.0,484.48426187029025,-2,61.06516488549863,-19,9,3,2.245815442561953
2274,2533201,408385.0,3382630.0,17,60,6,3,2585.0,9.2,487,0,7,408835,3382385,486,0,7,-87.87,504,450.0,-245.0,512.3719352189383,-1,58.5658367937466,-18,9,3,2.012015097839485
2275,2533201,408385.0,3382630.0,17,60,6,3,2585.0,9.2,487,0,7,408870,3382350,485,0,2,-93.03,504,485.0,-280.0,560.0223209837266,-2,59.99868153952855,-19,9,3,1.943141140414682
2276,2533201,408385.0,3382630.0,17,60,6,3,2585.0,9.2,487,0,7,408820,3382400,486,0,7,-87.63,504,435.0,-230.0,492.0619879649311,-1,57.86700384965684,-18,9,3,2.0949888484537222
2277,2533201,408385.0,3382630.0,17,60,6,3,2585.0,9.2,487,0,7,408340,3382235,487,0,5,-108.5,504,-45.0,-395.0,397.5550276376844,0,126.49934627965456,-17,9,3,2.448554672609588
2278,2533201,408385.0,3382630.0,17,60,6,3,2585.0,9.2,487,0,7,409015,3382810,485,0,6,-91.0,504,630.0,180.0,655.2098900352466,-2,14.054604099077153,-19,9,3,1.6610170872781853
2279,2533201,408385.0,3382630.0,17,60,6,3,2585.0,9.2,487,0,7,409000,3382815,485,0,6,-94.5,504,615.0,185.0,642.2227028064331,-2,13.258029614706857,-19,9,3,1.6945871970759243
2280,2533201,408385.0,3382630.0,17,60,6,3,2585.0,9.2,487,0,7,409050,3382765,484,0,2,-94.4,504,665.0,135.0,678.5646616203942,-3,18.524473248576953,-20,9,3,1.6882457974460046
2281,2533201,408385.0,3382630.0,17,60,6,3,2585.0,9.2,487,0,7,409095,3382730,484,0,7,-89.0,504,710.0,100.0,717.0076708097341,-3,21.98290692634464,-20,9,3,1.5977772331006652
2282,2533201,408385.0,3382630.0,17,60,6,3,2585.0,9.2,487,0,7,409085,3382750,484,0,7,-97.0,504,700.0,120.0,710.2112361825881,-3,20.27242144859838,-20,9,3,1.6130592759990843
2283,2533201,408385.0,3382630.0,17,60,6,3,2585.0,9.2,487,0,7,409115,3382740,483,0,7,-97.0,504,730.0,110.0,738.24115301167,-4,21.430858120162384,-21,9,3,1.6293957420680785
2284,2533201,408385.0,3382630.0,17,60,6,3,2585.0,9.2,487,0,7,409100,3382725,484,0,7,-91.5,504,715.0,95.0,721.2835780745323,-3,22.43160297841058,-20,9,3,1.588310169781095
2285,2533201,408385.0,3382630.0,17,60,6,3,2585.0,9.2,487,0,7,408750,3381880,488,0,7,-101.0,504,365.0,-750.0,834.1013127911981,1,94.04935722296227,-16,9,3,1.0989313195231964
2286,2533201,408385.0,3382630.0,17,60,6,3,2585.0,9.2,487,0,7,409005,3382765,486,0,7,-98.25,504,620.0,135.0,634.5273831758564,-1,17.716044558892804,-18,9,3,1.6249062688904017
2287,2533201,408385.0,3382630.0,17,60,6,3,2585.0,9.2,487,0,7,408625,3382385,488,0,2,-86.5,504,240.0,-245.0,342.96501279285036,1,75.59065721464668,-16,9,3,2.6710254511087905
2288,2533201,408385.0,3382630.0,17,60,6,3,2585.0,9.2,487,0,7,408635,3382395,488,0,2,-89.56,504,250.0,-235.0,343.11076928595526,1,73.22853025996591,-16,9,3,2.6698924180446872
2289,2533201,408385.0,3382630.0,17,60,6,3,2585.0,9.2,487,0,7,409130,3382900,487,0,7,-93.5,504,745.0,270.0,792.4171881023278,0,10.078667879514626,-17,9,3,1.2289976501158426
2290,2533201,408385.0,3382630.0,17,60,6,3,2585.0,9.2,487,0,7,408630,3382400,488,0,2,-87.33,504,245.0,-230.0,336.04315199093105,1,73.19126067750796,-16,9,3,2.7259614308142557
2291,2533201,408385.0,3382630.0,17,60,6,3,2585.0,9.2,487,0,7,408735,3382335,485,0,2,-95.0,504,350.0,-295.0,457.73900860643283,-2,70.12610357779522,-19,9,3,2.376889942132084
2292,2533201,408385.0,3382630.0,17,60,6,3,2585.0,9.2,487,0,7,408760,3382370,485,0,7,-90.57,504,375.0,-260.0,456.31677593531447,-2,64.73485953978627,-19,9,3,2.3842896158808395
2293,2533201,408385.0,3382630.0,17,60,6,3,2585.0,9.2,487,0,7,408730,3382340,485,0,2,-96.33,504,345.0,-290.0,450.6939094329987,-2,70.04972776570821,-19,9,3,2.414001088668248
2294,2533201,408385.0,3382630.0,17,60,6,3,2585.0,9.2,487,0,7,408810,3382100,488,0,5,-105.5,504,425.0,-530.0,679.356312990466,1,81.27433455708183,-16,9,3,1.3491639254388033
2295,2533201,408385.0,3382630.0,17,60,6,3,2585.0,9.2,487,0,7,409105,3382705,484,0,2,-86.0,504,720.0,75.0,723.8957107208192,-3,24.053136946026484,-20,9,3,1.5825817712329555
2296,2533201,408385.0,3382630.0,17,60,6,3,2585.0,9.2,487,0,7,409115,3382715,484,0,7,-92.0,504,730.0,85.0,734.9319696407281,-3,23.358480861988483,-20,9,3,1.5588284175591731
2297,2533201,408385.0,3382630.0,17,60,6,3,2585.0,9.2,487,0,7,408780,3382390,485,0,7,-89.0,504,395.0,-240.0,462.1958459354649,-2,61.28265368163966,-19,9,3,2.353996103774371
2298,2533201,408385.0,3382630.0,17,60,6,3,2585.0,9.2,487,0,7,408775,3382375,485,0,7,-87.91,504,390.0,-255.0,465.966737010272,-2,63.17851165939277,-19,9,3,2.3349672821192873
2299,2533201,408385.0,3382630.0,17,60,6,3,2585.0,9.2,487,0,7,408785,3382385,485,0,7,-88.72,504,400.0,-245.0,469.0682253148256,-2,61.48746936421401,-19,9,3,2.319545351951801
2300,2533201,408385.0,3382630.0,17,60,6,3,2585.0,9.2,487,0,7,408795,3382395,485,0,7,-85.77,504,410.0,-235.0,472.5727457228146,-2,59.820072565473765,-19,9,3,2.3023625719274112
2301,2533201,408385.0,3382630.0,17,60,6,3,2585.0,9.2,487,0,7,408790,3382400,485,0,7,-87.4,504,405.0,-230.0,465.7520799738848,-2,59.59229635935799,-19,9,3,2.3360422360126663
2302,2533201,408385.0,3382630.0,17,60,6,3,2585.0,9.2,487,0,7,408770,3382380,485,0,7,-87.76,504,385.0,-250.0,459.04792778096714,-2,62.9977051012163,-19,9,3,2.37012027034122
2303,2533201,408385.0,3382630.0,17,60,6,3,2585.0,9.2,487,0,7,408535,3382175,486,0,7,-91.0,504,150.0,-455.0,479.0876746483883,-1,101.75414547242178,-18,9,3,2.1516712290649846
2304,2533201,408385.0,3382630.0,17,60,6,3,2585.0,9.2,487,0,7,408405,3382285,488,0,7,-83.67,504,20.0,-345.0,345.5792239125495,1,116.68221883166518,-16,9,3,2.6508488145410825
2305,2533201,408385.0,3382630.0,17,60,6,3,2585.0,9.2,487,0,7,409160,3382810,485,0,7,-98.0,504,775.0,180.0,795.6286822381405,-2,16.924418900910155,-19,9,3,1.3679910834222293
2306,2533201,408385.0,3382630.0,17,60,6,3,2585.0,9.2,487,0,7,409240,3382730,483,0,14,-94.5,504,855.0,100.0,860.8280896903865,-4,23.32904732574616,-21,9,3,1.3974599384863327
2307,2533201,408385.0,3382630.0,17,60,6,3,2585.0,9.2,487,0,7,408495,3382445,489,0,2,-91.0,504,110.0,-185.0,215.23243250030885,2,89.26451229807992,-15,9,3,3.986617160042469
2308,2533201,408385.0,3382630.0,17,60,6,3,2585.0,9.2,487,0,7,408515,3382465,488,0,2,-93.4,504,130.0,-165.0,210.05951537600004,1,81.76617482255307,-16,9,3,4.355745311807859
2309,2533201,408385.0,3382630.0,17,60,6,3,2585.0,9.2,487,0,7,408500,3382480,488,0,7,-89.42,504,115.0,-150.0,189.01058171435798,1,82.52382043863861,-16,9,3,4.838629182502024
2310,2533201,408385.0,3382630.0,17,60,6,3,2585.0,9.2,487,0,7,408555,3382425,489,0,2,-85.4,504,170.0,-205.0,266.3174797117155,2,80.33215888165955,-15,9,3,3.2237072981265706
2311,2533201,408385.0,3382630.0,17,60,6,3,2585.0,9.2,487,0,7,408525,3382415,489,0,7,-99.0,504,140.0,-215.0,256.56383221335,2,86.9293221772383,-15,9,3,3.3459878566967163
2312,2533201,408385.0,3382630.0,17,60,6,3,2585.0,9.2,487,0,7,408520,3382420,489,0,7,-85.75,504,135.0,-210.0,249.64975465639858,2,87.26477372789236,-15,9,3,3.4384360139179364
2313,2533201,408385.0,3382630.0,17,60,6,3,2585.0,9.2,487,0,7,408505,3382475,488,0,6,-89.67,504,120.0,-155.0,196.02295783912658,1,82.25319461272534,-16,9,3,4.666314211632347
2314,2533201,408385.0,3382630.0,17,60,6,3,2585.0,9.2,487,0,7,408510,3382470,488,0,7,-90.57,504,125.0,-160.0,203.03940504246953,1,82.00126755749534,-16,9,3,4.505735862075315
2315,2533201,408385.0,3382630.0,17,60,6,3,2585.0,9.2,487,0,7,408700,3382920,487,0,5,-103.33,504,315.0,290.0,428.1646879414509,0,-12.633752008544207,-17,9,3,2.273697322266493
2316,2533201,408385.0,3382630.0,17,60,6,3,2585.0,9.2,487,0,7,408540,3382440,488,0,2,-79.33,504,155.0,-190.0,245.20399670478457,1,80.79279649503218,-16,9,3,3.73335961728531
2317,2533201,408385.0,3382630.0,17,60,6,3,2585.0,9.2,487,0,7,408240,3382200,485,0,5,-99.0,504,-145.0,-430.0,453.7895988230669,-2,138.63458487744637,-19,9,3,2.3975523927021767
2318,2533201,408385.0,3382630.0,17,60,6,3,2585.0,9.2,487,0,7,408255,3382185,485,0,5,-103.33,504,-130.0,-445.0,463.6000431406365,-2,136.2849224718834,-19,9,3,2.346874074341397
2319,2533201,408385.0,3382630.0,17,60,6,3,2585.0,9.2,487,0,7,408260,3382180,485,0,6,-100.25,504,-125.0,-450.0,467.0385423067351,-2,135.52411099675425,-19,9,3,2.329614683557711
2320,2533201,408385.0,3382630.0,17,60,6,3,2585.0,9.2,487,0,7,408265,3382175,485,0,6,-103.0,504,-120.0,-455.0,470.5581791872287,-2,134.77455027504658,-19,9,3,2.3122088338677407
2321,2533201,408385.0,3382630.0,17,60,6,3,2585.0,9.2,487,0,7,408245,3382195,485,0,5,-103.67,504,-140.0,-435.0,456.97374103989824,-2,137.84020430770352,-19,9,3,2.380865805927886
2322,2533201,408385.0,3382630.0,17,60,6,3,2585.0,9.2,487,0,7,408250,3382190,485,0,5,-104.5,504,-135.0,-440.0,460.2445002387318,-2,137.05696557661705,-19,9,3,2.3639652830809283
2323,2533201,408385.0,3382630.0,17,60,6,3,2585.0,9.2,487,0,7,408255,3382200,485,0,6,-103.78,504,-130.0,-430.0,449.22154890432404,-2,136.82140989004083,-19,9,3,2.4219037695499552
2324,2533201,408385.0,3382630.0,17,60,6,3,2585.0,9.2,487,0,7,408250,3382195,485,0,5,-101.25,504,-135.0,-435.0,455.4667935206693,-2,137.24145939893995,-19,9,3,2.38873397690637
2325,2533201,408385.0,3382630.0,17,60,6,3,2585.0,9.2,487,0,7,408245,3382190,485,0,5,-104.0,504,-140.0,-440.0,461.7358552246078,-2,137.65012421993012,-19,9,3,2.35633856085227
2326,2533201,408385.0,3382630.0,17,60,6,3,2585.0,9.2,487,0,7,408720,3382195,486,0,7,-92.0,504,335.0,-435.0,549.0446247801722,-1,82.3995946598871,-18,9,3,1.8777249280323631
2327,2533201,408385.0,3382630.0,17,60,6,3,2585.0,9.2,487,0,7,408725,3382200,486,0,7,-93.0,504,340.0,-430.0,548.1788029466298,-1,81.66665989090137,-18,9,3,1.8806885753519678
2328,2533201,408385.0,3382630.0,17,60,6,3,2585.0,9.2,487,0,7,408735,3382190,486,0,7,-92.0,504,350.0,-440.0,562.2277118748239,-1,81.49934627965456,-18,9,3,1.8337265483010887
2329,2533201,408385.0,3382630.0,17,60,6,3,2585.0,9.2,487,0,7,409240,3382715,483,0,5,-96.5,504,855.0,85.0,859.2147577875976,-4,24.322583337954654,-21,9,3,1.400082880107861
2330,2533201,408385.0,3382630.0,17,60,6,3,2585.0,9.2,487,0,7,408890,3382345,485,0,2,-94.12,504,505.0,-285.0,579.8706752371601,-2,59.43848967467153,-19,9,3,1.8766778957480856
2331,2533201,408385.0,3382630.0,17,60,6,3,2585.0,9.2,487,0,7,408885,3382360,486,0,7,-93.12,504,500.0,-270.0,568.242905807015,-1,58.369046293278586,-18,9,3,1.8143284895141336
2332,2533201,408385.0,3382630.0,17,60,6,3,2585.0,9.2,487,0,7,408905,3382340,485,0,2,-94.97,504,520.0,-290.0,595.3990258641678,-2,59.14807184571305,-19,9,3,1.8277666947581517
2333,2533201,408385.0,3382630.0,17,60,6,3,2585.0,9.2,487,0,7,408895,3382350,485,0,7,-94.54,504,510.0,-280.0,581.8075283115543,-2,58.767649338843796,-19,9,3,1.8704348291840542
2334,2533201,408385.0,3382630.0,17,60,6,3,2585.0,9.2,487,0,7,408880,3382355,486,0,7,-95.04,504,495.0,-275.0,566.2596577542851,-1,59.05460409907715,-18,9,3,1.8206786609110794
2335,2533201,408385.0,3382630.0,17,60,6,3,2585.0,9.2,487,0,7,408900,3382335,485,0,2,-92.87,504,515.0,-295.0,593.5065290289568,-2,59.80475147318009,-19,9,3,1.8335908686314977
2336,2533201,408385.0,3382630.0,17,60,6,3,2585.0,9.2,487,0,7,408730,3382185,486,0,7,-94.0,504,345.0,-445.0,563.0719314616916,-1,82.2142620392068,-18,9,3,1.8309790958762688
2337,2533201,408385.0,3382630.0,17,60,6,3,2585.0,9.2,487,0,7,408915,3382330,485,0,2,-95.57,504,530.0,-300.0,609.0155991434045,-2,59.511498557090306,-19,9,3,1.7869276761937962
2338,2533201,408385.0,3382630.0,17,60,6,3,2585.0,9.2,487,0,7,408265,3382185,485,0,6,-108.67,504,-120.0,-445.0,460.89586676384937,-2,135.09157267859487,-19,9,3,2.3606281634098276
2339,2533201,408385.0,3382630.0,17,60,6,3,2585.0,9.2,487,0,7,408280,3382210,486,0,6,-109.5,504,-105.0,-420.0,432.92609068985433,-1,134.03624346792648,-18,9,3,2.3808460351171017
2340,2533201,408385.0,3382630.0,17,60,6,3,2585.0,9.2,487,0,7,408270,3382200,486,0,6,-108.0,504,-115.0,-430.0,445.1123453691214,-1,134.9728757667869,-18,9,3,2.31573535864802
2341,2533201,408385.0,3382630.0,17,60,6,3,2585.0,9.2,487,0,7,408700,3382595,487,0,7,-76.0,504,315.0,-35.0,316.9384798348096,0,36.34019174590992,-17,9,3,3.070298535629666
2342,2533201,408385.0,3382630.0,17,60,6,3,2585.0,9.2,487,0,7,408765,3382660,487,0,7,-91.5,504,380.0,30.0,381.18237105091833,0,25.486011541998778,-17,9,3,2.5535893532511507
2343,2533201,408385.0,3382630.0,17,60,6,3,2585.0,9.2,487,0,7,408710,3382585,487,0,7,-73.5,504,325.0,-45.0,328.10059433045836,0,37.88313931672974,-17,9,3,2.9660355268125183
2344,2533201,408385.0,3382630.0,17,60,6,3,2585.0,9.2,487,0,7,408645,3382620,487,0,7,-86.0,504,260.0,-10.0,260.1922366251537,0,32.20259816176582,-17,9,3,3.7381814902357
2345,2533201,408385.0,3382630.0,17,60,6,3,2585.0,9.2,487,0,7,408995,3382310,486,0,2,-97.75,504,610.0,-320.0,688.8396039717809,-1,57.68106156848529,-18,9,3,1.4968497510963858
2346,2533201,408385.0,3382630.0,17,60,6,3,2585.0,9.2,487,0,7,408785,3382680,487,0,7,-96.43,504,400.0,50.0,403.11288741492746,0,22.874983651098205,-17,9,3,2.4148358277785307
2347,2533201,408385.0,3382630.0,17,60,6,3,2585.0,9.2,487,0,7,408775,3382650,487,0,7,-101.5,504,390.0,20.0,390.51248379533274,0,27.064326553578837,-17,9,3,2.4926569648606236
2348,2533201,408385.0,3382630.0,17,60,6,3,2585.0,9.2,487,0,7,408795,3382670,487,0,7,-99.5,504,410.0,40.0,411.9465984809196,0,24.427802196036225,-17,9,3,2.363111856035752
2349,2533201,408385.0,3382630.0,17,60,6,3,2585.0,9.2,487,0,7,408745,3382720,487,0,7,-99.75,504,360.0,90.0,371.07950630558946,0,15.963756532073546,-17,9,3,2.6230165585542706
2350,2533201,408385.0,3382630.0,17,60,6,3,2585.0,9.2,487,0,7,408640,3382615,487,0,7,-87.86,504,255.0,-15.0,255.44079548889601,0,33.36646066342979,-17,9,3,3.807512540799672
2351,2533201,408385.0,3382630.0,17,60,6,3,2585.0,9.2,487,0,7,408750,3382705,487,0,7,-92.0,504,365.0,75.0,372.6258176777342,0,18.388513576111507,-17,9,3,2.612146751536272
2352,2533201,408385.0,3382630.0,17,60,6,3,2585.0,9.2,487,0,7,408780,3382675,487,0,2,-95.56,504,395.0,45.0,397.5550276376844,0,23.50065372034544,-17,9,3,2.448554672609588
2353,2533201,408385.0,3382630.0,17,60,6,3,2585.0,9.2,487,0,7,408985,3382320,486,0,7,-97.43,504,600.0,-310.0,675.3517601961217,-1,57.32389130134652,-18,9,3,1.5267301999322613
2354,2533201,408385.0,3382630.0,17,60,6,3,2585.0,9.2,487,0,7,408980,3382315,485,0,2,-96.82,504,595.0,-315.0,673.238442158497,-2,57.89727103094765,-19,9,3,1.6165608839053804
2355,2533201,408385.0,3382630.0,17,60,6,3,2585.0,9.2,487,0,7,408665,3382640,487,0,7,-89.83,504,280.0,10.0,280.178514522438,0,27.954591511112767,-17,9,3,3.472199081633984
2356,2533201,408385.0,3382630.0,17,60,6,3,2585.0,9.2,487,0,7,408660,3382635,487,0,7,-91.14,504,275.0,5.0,275.04545078950133,0,28.95837332399003,-17,9,3,3.5368363614457254
2357,2533201,408385.0,3382630.0,17,60,6,3,2585.0,9.2,487,0,7,408670,3382625,487,0,7,-87.6,504,285.0,-5.0,285.0438562747845,0,31.005086005254157,-17,9,3,3.4130743070907017
2358,2533201,408385.0,3382630.0,17,60,6,3,2585.0,9.2,487,0,7,408705,3382600,487,0,7,-74.67,504,320.0,-30.0,321.40317359976393,0,35.3558250428552,-17,9,3,3.0277281453712317
2359,2533201,408385.0,3382630.0,17,60,6,3,2585.0,9.2,487,0,7,408875,3382340,485,0,2,-96.33,504,490.0,-290.0,569.3856338194704,-2,60.61860540890939,-19,9,3,1.9112108784887314
2360,2533201,408385.0,3382630.0,17,60,6,3,2585.0,9.2,487,0,7,408680,3382185,486,0,7,-89.33,504,295.0,-445.0,533.9007398384085,-1,86.4587523458772,-18,9,3,1.9309460946642398
2361,2533201,408385.0,3382630.0,17,60,6,3,2585.0,9.2,487,0,7,409190,3382655,483,0,7,-96.0,504,805.0,25.0,805.3881052014613,-4,28.221199684326166,-21,9,3,1.4936138191944814
2362,2533201,408385.0,3382630.0,17,60,6,3,2585.0,9.2,487,0,7,408855,3382360,486,0,7,-93.32,504,470.0,-270.0,542.0332093147061,-1,59.87599269168942,-18,9,3,1.9019963215264866
2363,2533201,408385.0,3382630.0,17,60,6,3,2585.0,9.2,487,0,7,408820,3382365,485,0,7,-91.36,504,435.0,-265.0,509.36234646860186,-2,61.34958086524301,-19,9,3,2.136230398153166
2364,2533201,408385.0,3382630.0,17,60,6,3,2585.0,9.2,487,0,7,408850,3382355,485,0,7,-92.04,504,465.0,-275.0,540.2314318882233,-2,60.59997869320898,-19,9,3,2.0142687523311107
2365,2533201,408385.0,3382630.0,17,60,6,3,2585.0,9.2,487,0,7,408830,3382375,485,0,7,-91.09,504,445.0,-255.0,512.8840024800929,-2,59.81416273779871,-19,9,3,2.121575680685244
2366,2533201,408385.0,3382630.0,17,60,6,3,2585.0,9.2,487,0,7,408805,3382390,485,0,7,-88.53,504,420.0,-240.0,483.735464897913,-2,59.74488129694225,-19,9,3,2.2492882784346473
2367,2533201,408385.0,3382630.0,17,60,6,3,2585.0,9.2,487,0,7,408695,3382200,486,0,7,-93.5,504,310.0,-430.0,530.0943312279429,-1,84.21102654081665,-18,9,3,1.944800884924422
2368,2533201,408385.0,3382630.0,17,60,6,3,2585.0,9.2,487,0,7,408800,3382385,485,0,7,-89.09,504,415.0,-245.0,481.9232304008596,-2,60.55596427550779,-19,9,3,2.257737813892314
2369,2533201,408385.0,3382630.0,17,60,6,3,2585.0,9.2,487,0,7,408835,3382380,486,0,6,-89.77,504,450.0,-250.0,514.78150704935,-1,59.05460409907715,-18,9,3,2.002605012019125
2370,2533201,408385.0,3382630.0,17,60,6,3,2585.0,9.2,487,0,7,408825,3382370,485,0,7,-91.38,504,440.0,-260.0,511.0772935672255,-2,60.579226872489016,-19,9,3,2.1290687711093144
2371,2533201,408385.0,3382630.0,17,60,6,3,2585.0,9.2,487,0,7,408810,3382395,485,0,7,-87.3,504,425.0,-235.0,485.64390246352315,-2,58.94001269283933,-19,9,3,2.240458263027435
2372,2533201,408385.0,3382630.0,17,60,6,3,2585.0,9.2,487,0,7,408845,3382350,485,0,2,-94.71,504,460.0,-280.0,538.5164807134504,-2,61.32869286780419,-19,9,3,2.020678051921879
2373,2533201,408385.0,3382630.0,17,60,6,3,2585.0,9.2,487,0,7,409125,3382710,484,0,7,-89.75,504,740.0,80.0,744.3117626371358,-3,23.829824904970394,-20,9,3,1.5391936218480726
2374,2533201,408385.0,3382630.0,17,60,6,3,2585.0,9.2,487,0,7,408815,3382400,486,0,7,-85.94,504,430.0,-230.0,487.64741360946437,-1,58.141601232261735,-18,9,3,2.1139372333691093
2375,2533201,408385.0,3382630.0,17,60,6,3,2585.0,9.2,487,0,7,408680,3382260,486,0,6,-85.67,504,295.0,-370.0,473.2071428032337,-1,81.43473915103675,-18,9,3,2.178384384587018
2376,2533201,408385.0,3382630.0,17,60,6,3,2585.0,9.2,487,0,7,409100,3382680,485,0,2,-95.0,504,715.0,50.0,716.7461196267476,-2,25.99981423948691,-19,9,3,1.5184803844946102
2377,2533201,408385.0,3382630.0,17,60,6,3,2585.0,9.2,487,0,7,408770,3382330,484,0,2,-95.33,504,385.0,-300.0,488.082984747471,-3,67.92646232503864,-20,9,3,2.3464757187440135
2378,2533201,408385.0,3382630.0,17,60,6,3,2585.0,9.2,487,0,7,408740,3382400,486,0,7,-84.64,504,355.0,-230.0,422.9952718411874,-1,62.9386905429555,-18,9,3,2.436675450361616
2379,2533201,408385.0,3382630.0,17,60,6,3,2585.0,9.2,487,0,7,408755,3382385,485,0,7,-88.2,504,370.0,-245.0,443.7623237725348,-2,63.51101879784079,-19,9,3,2.4516622283349783
2380,2533201,408385.0,3382630.0,17,60,6,3,2585.0,9.2,487,0,7,408745,3382395,485,0,6,-85.73,504,360.0,-235.0,429.9127818523194,-2,63.13560954871889,-19,9,3,2.53054089673637
2381,2533201,408385.0,3382630.0,17,60,6,3,2585.0,9.2,487,0,7,408750,3382390,485,0,6,-86.96,504,365.0,-240.0,436.83520920365385,-2,63.32628968711521,-19,9,3,2.490490893421273
2382,2533201,408385.0,3382630.0,17,60,6,3,2585.0,9.2,487,0,7,408730,3382570,487,0,7,-72.67,504,345.0,-60.0,350.1785258978626,0,39.86580694308441,-17,9,3,2.7793370245305695
2383,2533201,408385.0,3382630.0,17,60,6,3,2585.0,9.2,487,0,7,408705,3382715,486,0,7,-94.5,504,320.0,85.0,331.09666262286606,-1,15.12431799836122,-18,9,3,3.1118096588129176
2384,2533201,408385.0,3382630.0,17,60,6,3,2585.0,9.2,487,0,7,408720,3382580,487,0,7,-78.0,504,335.0,-50.0,338.71079108879894,0,38.488943880504735,-17,9,3,2.8732819572558697
2385,2533201,408385.0,3382630.0,17,60,6,3,2585.0,9.2,487,0,7,408835,3382505,486,0,7,-101.0,504,450.0,-125.0,467.0385423067351,-1,45.524110996754246,-18,9,3,2.207128007862107
2386,2533201,408385.0,3382630.0,17,60,6,3,2585.0,9.2,487,0,7,408625,3382795,486,0,5,-104.67,504,240.0,165.0,291.247317584214,-1,-4.508522987668414,-18,9,3,3.536561123726988
2387,2533201,408385.0,3382630.0,17,60,6,3,2585.0,9.2,487,0,7,408690,3382690,486,0,7,-89.0,504,305.0,60.0,310.84562084739105,-1,18.87081071038881,-18,9,3,3.3141004442148363
2388,2533201,408385.0,3382630.0,17,60,6,3,2585.0,9.2,487,0,7,408960,3382340,485,0,6,-94.33,504,575.0,-290.0,643.9914595706996,-2,56.763994056438605,-19,9,3,1.6899356258636429
2389,2533201,408385.0,3382630.0,17,60,6,3,2585.0,9.2,487,0,7,408740,3382600,487,0,7,-79.22,504,355.0,-30.0,356.2653505464712,0,34.83041995828995,-17,9,3,2.7319243708192325
2390,2533201,408385.0,3382630.0,17,60,6,3,2585.0,9.2,487,0,7,408755,3382585,486,0,7,-79.75,504,370.0,-45.0,372.7264412407577,-1,36.93434890126957,-18,9,3,2.7648250516600053
2391,2533201,408385.0,3382630.0,17,60,6,3,2585.0,9.2,487,0,7,408975,3382325,485,0,7,-99.0,504,590.0,-305.0,664.1724173736817,-2,57.33666485581398,-19,9,3,1.6386151641669389
2392,2533201,408385.0,3382630.0,17,60,6,3,2585.0,9.2,487,0,7,409090,3382290,486,0,7,-96.5,504,705.0,-340.0,782.7036476214992,-1,55.74659571538939,-18,9,3,1.31741084809911
2393,2533201,408385.0,3382630.0,17,60,6,3,2585.0,9.2,487,0,7,408965,3382335,485,0,6,-99.43,504,580.0,-295.0,650.7111494357539,-2,56.958830403164825,-19,9,3,1.67249415431291
2394,2533201,408385.0,3382630.0,17,60,6,3,2585.0,9.2,487,0,7,408970,3382330,485,0,7,-95.71,504,585.0,-300.0,657.4382100243338,-2,57.149681697783194,-19,9,3,1.6553903764946813
2395,2533201,408385.0,3382630.0,17,60,6,3,2585.0,9.2,487,0,7,408675,3382665,486,0,7,-93.17,504,290.0,35.0,292.1044333795706,-1,23.11827636936306,-18,9,3,3.526210090226991
2396,2533201,408385.0,3382630.0,17,60,6,3,2585.0,9.2,487,0,7,408670,3382670,486,0,7,-94.0,504,285.0,40.0,287.7933286231632,-1,22.010673233603086,-18,9,3,3.578895954788656
2397,2533201,408385.0,3382630.0,17,60,6,3,2585.0,9.2,487,0,7,408735,3382565,487,0,7,-82.0,504,350.0,-65.0,355.9845502265513,0,40.520784313874344,-17,9,3,2.734076041991522
2398,2533201,408385.0,3382630.0,17,60,6,3,2585.0,9.2,487,0,7,409095,3382285,486,0,7,-96.5,504,710.0,-345.0,789.3826701923472,-1,55.91583500244565,-18,9,3,1.3062680204129675
2399,2533201,408385.0,3382630.0,17,60,6,3,2585.0,9.2,487,0,7,408750,3382590,486,0,7,-79.0,504,365.0,-40.0,367.18523935474315,-1,36.25403274391647,-18,9,3,2.806482885974998
2400,2533201,408385.0,3382630.0,17,60,6,3,2585.0,9.2,487,0,7,408745,3382595,487,0,7,-79.67,504,360.0,-35.0,361.69738732813653,0,35.55297103303678,-17,9,3,2.6909566026600835
2401,2533201,408385.0,3382630.0,17,60,6,3,2585.0,9.2,487,0,7,408700,3382390,487,0,7,-84.67,504,315.0,-240.0,396.01136347332255,0,67.30394827798341,-17,9,3,2.45808752759148
2402,2533201,408385.0,3382630.0,17,60,6,3,2585.0,9.2,487,0,7,408705,3382385,486,0,7,-92.0,504,320.0,-245.0,403.01985062773275,-1,67.43857157233305,-18,9,3,2.5572911579713185
2403,2533201,408385.0,3382630.0,17,60,6,3,2585.0,9.2,487,0,7,408680,3382370,487,0,2,-96.38,504,295.0,-260.0,393.2238548206352,0,71.39153114743362,-17,9,3,2.475490963887368
2404,2533201,408385.0,3382630.0,17,60,6,3,2585.0,9.2,487,0,7,408685,3382365,487,0,2,-91.5,504,300.0,-265.0,400.2811511925087,0,71.45523354440513,-17,9,3,2.431898826960808
2405,2533201,408385.0,3382630.0,17,60,6,3,2585.0,9.2,487,0,7,408710,3382400,486,0,7,-83.92,504,325.0,-230.0,398.1519810323691,-1,65.28674897505971,-18,9,3,2.5885147373283077
2406,2533201,408385.0,3382630.0,17,60,6,3,2585.0,9.2,487,0,7,408715,3382395,486,0,7,-83.56,504,330.0,-235.0,405.123437979093,-1,65.45547443444184,-18,9,3,2.5440300164647938
2407,2533201,408385.0,3382630.0,17,60,6,3,2585.0,9.2,487,0,7,409515,3381495,482,0,5,-95.0,504,1130.0,-1135.0,1601.6007617380806,-5,75.12648054402734,-22,9,3,0.786980069488062
2408,2533201,408385.0,3382630.0,17,60,6,3,2585.0,9.2,487,0,7,409540,3381530,482,0,5,-98.5,504,1155.0,-1100.0,1595.0,-5,73.60281897270363,-22,9,3,0.7902365024291875
2409,2533201,408385.0,3382630.0,17,60,6,3,2585.0,9.2,487,0,7,408275,3382565,485,0,7,-97.5,504,-110.0,-65.0,127.76932339180638,-2,179.42077312751098,-19,9,3,8.45821408250766
2410,2533201,408385.0,3382630.0,17,60,6,3,2585.0,9.2,487,0,7,408265,3382575,485,0,6,-106.5,504,-120.0,-55.0,132.00378782444085,-2,185.37643521383637,-19,9,3,8.19062953025565
2411,2533201,408385.0,3382630.0,17,60,6,3,2585.0,9.2,487,0,7,409000,3381550,485,0,14,-111.67,504,615.0,-1080.0,1242.8294331886416,-2,90.34089076400494,-19,9,3,0.8758522972837246
2412,2533201,408385.0,3382630.0,17,60,6,3,2585.0,9.2,487,0,7,408250,3382160,484,0,5,-112.5,504,-135.0,-470.0,489.004089962446,-3,136.02586744844976,-20,9,3,2.3420607414484693
2413,2533201,408385.0,3382630.0,17,60,6,3,2585.0,9.2,487,0,7,408760,3382540,487,0,7,-92.0,504,375.0,-90.0,385.64880396547323,0,43.49573328079583,-17,9,3,2.5240531566274607
2414,2533201,408385.0,3382630.0,17,60,6,3,2585.0,9.2,487,0,7,408655,3382405,488,0,2,-79.67,504,270.0,-225.0,351.4612354157994,1,69.80557109226521,-16,9,3,2.606546243595352
2415,2533201,408385.0,3382630.0,17,60,6,3,2585.0,9.2,487,0,7,408765,3382535,487,0,7,-88.5,504,380.0,-95.0,391.69503443367773,0,44.03624346792651,-17,9,3,2.485140934155934
2416,2533201,408385.0,3382630.0,17,60,6,3,2585.0,9.2,487,0,7,408795,3382545,486,0,7,-92.33,504,410.0,-85.0,418.7182823808867,-1,41.71247231108748,-18,9,3,2.461534362513966
2417,2533201,408385.0,3382630.0,17,60,6,3,2585.0,9.2,487,0,7,408780,3382560,486,0,7,-83.22,504,395.0,-70.0,401.15458367068425,-1,40.04934858812487,-18,9,3,2.5691660168751254
2418,2533201,408385.0,3382630.0,17,60,6,3,2585.0,9.2,487,0,7,408790,3382550,486,0,7,-88.0,504,405.0,-80.0,412.82562904936026,-1,41.173838241814735,-18,9,3,2.496626040174888
2419,2533201,408385.0,3382630.0,17,60,6,3,2585.0,9.2,487,0,7,408675,3382425,487,0,6,-78.6,504,290.0,-205.0,355.1408171415953,0,65.25635871296288,-17,9,3,2.7405616881448185
2420,2533201,408385.0,3382630.0,17,60,6,3,2585.0,9.2,487,0,7,408660,3382440,487,0,6,-77.16,504,275.0,-190.0,334.2528982671654,0,64.6409475119163,-17,9,3,2.9115370889985988
2421,2533201,408385.0,3382630.0,17,60,6,3,2585.0,9.2,487,0,7,408645,3382415,488,0,2,-76.56,504,260.0,-215.0,337.37960815674677,1,69.58813084768298,-16,9,3,2.715179316959116
2422,2533201,408385.0,3382630.0,17,60,6,3,2585.0,9.2,487,0,7,408650,3382410,488,0,2,-79.05,504,265.0,-220.0,344.41980198589044,1,69.69907348347431,-16,9,3,2.6597595858272354
2423,2533201,408385.0,3382630.0,17,60,6,3,2585.0,9.2,487,0,7,408695,3382445,487,0,7,-78.23,504,310.0,-185.0,361.00554012369395,0,60.82766229986805,-17,9,3,2.696106070455587
2424,2533201,408385.0,3382630.0,17,60,6,3,2585.0,9.2,487,0,7,408670,3382430,487,0,6,-78.51,504,285.0,-200.0,348.1738071710737,0,65.05942696688697,-17,9,3,2.7953146108314217
2425,2533201,408385.0,3382630.0,17,60,6,3,2585.0,9.2,487,0,7,409150,3382270,486,0,7,-98.0,504,765.0,-360.0,845.4732402625172,-1,55.20112364547509,-18,9,3,1.2196344082122084
2426,2533201,408385.0,3382630.0,17,60,6,3,2585.0,9.2,487,0,7,408785,3382555,486,0,7,-94.2,504,400.0,-75.0,406.97051490249265,-1,40.61965527615513,-18,9,3,2.532498745309991
2427,2533201,408385.0,3382630.0,17,60,6,3,2585.0,9.2,487,0,7,408665,3382435,487,0,6,-77.3,504,280.0,-195.0,341.2110783664563,0,64.85445556610364,-17,9,3,2.85226234773107
2428,2533201,408385.0,3382630.0,17,60,6,3,2585.0,9.2,487,0,7,408640,3382420,488,0,2,-76.27,504,255.0,-210.0,330.3407331831786,1,69.47245984834387,-16,9,3,2.772944790166386
2429,2533201,408385.0,3382630.0,17,60,6,3,2585.0,9.2,487,0,7,408685,3382455,487,0,7,-88.67,504,300.0,-175.0,347.3110997362451,0,60.256437163529256,-17,9,3,2.802247011298051
2430,2533201,408385.0,3382630.0,17,60,6,3,2585.0,9.2,487,0,7,408690,3382450,487,0,7,-77.16,504,305.0,-180.0,354.1539213392956,0,60.54757174890699,-17,9,3,2.748186926917365
2431,2533201,408385.0,3382630.0,17,60,6,3,2585.0,9.2,487,0,7,408680,3382460,487,0,7,-75.5,504,295.0,-170.0,340.4776057246644,0,59.95360816780146,-17,9,3,2.8583966443575983
2432,2533201,408385.0,3382630.0,17,60,6,3,2585.0,9.2,487,0,7,408745,3382175,486,0,7,-96.5,504,360.0,-455.0,580.1939330947886,-1,81.64864518326891,-18,9,3,1.7769805608910676
2433,2533201,408385.0,3382630.0,17,60,6,3,2585.0,9.2,487,0,7,408720,3382200,486,0,7,-102.5,504,335.0,-430.0,545.0917353987309,-1,82.07892160461222,-18,9,3,1.8913319359151657
2434,2533201,408385.0,3382630.0,17,60,6,3,2585.0,9.2,487,0,7,408725,3382195,486,0,7,-91.0,504,340.0,-435.0,552.1095905705678,-1,81.98848972998348,-18,9,3,1.8673083784327043
2435,2533201,408385.0,3382630.0,17,60,6,3,2585.0,9.2,487,0,7,408755,3382165,487,0,7,-93.5,504,370.0,-465.0,594.2432162002357,0,81.49077163447566,-17,9,3,1.6386601283325355
2436,2533201,408385.0,3382630.0,17,60,6,3,2585.0,9.2,487,0,7,408915,3382325,485,0,2,-93.17,504,530.0,-305.0,611.4940719254766,-2,59.919208688557546,-19,9,3,1.7796896703067835
2437,2533201,408385.0,3382630.0,17,60,6,3,2585.0,9.2,487,0,7,408910,3382330,485,0,2,-94.33,504,525.0,-300.0,604.6693311223912,-2,59.74488129694225,-19,9,3,1.7997634140813228
2438,2533201,408385.0,3382630.0,17,60,6,3,2585.0,9.2,487,0,7,408890,3382350,485,0,2,-96.11,504,505.0,-280.0,577.4296493946254,-2,59.00641590227008,-19,9,3,1.8846056540553955
2439,2533201,408385.0,3382630.0,17,60,6,3,2585.0,9.2,487,0,7,408895,3382345,485,0,2,-92.92,504,510.0,-285.0,584.2302628245134,-2,59.197486046064455,-19,9,3,1.8626838303002187
2440,2533201,408385.0,3382630.0,17,60,6,3,2585.0,9.2,487,0,7,408880,3382360,486,0,7,-94.1,504,495.0,-270.0,563.848383876375,-1,58.61045966596521,-18,9,3,1.8284594425805896
2441,2533201,408385.0,3382630.0,17,60,6,3,2585.0,9.2,487,0,7,408740,3382180,486,0,7,-95.0,504,355.0,-450.0,573.1710041514661,-1,81.73048393461568,-18,9,3,1.7987392673668388
2442,2533201,408385.0,3382630.0,17,60,6,3,2585.0,9.2,487,0,7,408885,3382355,486,0,7,-94.52,504,500.0,-275.0,570.6356105256664,-1,58.81079374297303,-18,9,3,1.8067259686949813
2443,2533201,408385.0,3382630.0,17,60,6,3,2585.0,9.2,487,0,7,408905,3382335,485,0,2,-94.27,504,520.0,-295.0,597.8503157145608,-2,59.56657550477712,-19,9,3,1.820277586747634
2444,2533201,408385.0,3382630.0,17,60,6,3,2585.0,9.2,487,0,7,408900,3382340,485,0,2,-92.82,504,515.0,-290.0,591.0372238700368,-2,59.384157125951276,-19,9,3,1.8412461991764217
2445,2533201,408385.0,3382630.0,17,60,6,3,2585.0,9.2,487,0,7,410800,3380050,481,0,5,-103.0,504,2415.0,-2580.0,3533.924871866973,-6,76.89196541835946,-23,9,3,0.3728953982654433
2446,2533201,408385.0,3382630.0,17,60,6,3,2585.0,9.2,487,0,7,408520,3382200,486,0,7,-91.5,504,135.0,-430.0,450.6939094329987,-1,102.57013718233213,-18,9,3,2.2870870602054034
2447,2533201,408385.0,3382630.0,17,60,6,3,2585.0,9.2,487,0,7,408235,3382585,485,0,6,-101.5,504,-150.0,-45.0,156.60459763365824,-2,193.30075576600638,-19,9,3,6.91758182427769
2448,2533201,408385.0,3382630.0,17,60,6,3,2585.0,9.2,487,0,7,408130,3382490,480,0,5,-101.5,504,-255.0,-140.0,290.90376415577714,-7,181.2323506611562,-24,9,3,4.716307203732835
2449,2533201,408385.0,3382630.0,17,60,6,3,2585.0,9.2,487,0,7,408170,3382375,483,0,5,-106.67,504,-215.0,-255.0,333.54160160315837,-4,160.13548556223947,-21,9,3,3.6026249000985624
2450,2533201,408385.0,3382630.0,17,60,6,3,2585.0,9.2,487,0,7,408200,3382325,486,0,6,-99.0,504,-185.0,-305.0,356.72117963473937,-1,151.23921488820875,-18,9,3,2.8886708063191477
2451,2533201,408385.0,3382630.0,17,60,6,3,2585.0,9.2,487,0,7,408175,3382380,483,0,6,-103.0,504,-210.0,-250.0,326.49655434629017,-4,160.0302592718897,-21,9,3,3.6801499048930726
2452,2533201,408385.0,3382630.0,17,60,6,3,2585.0,9.2,487,0,7,408760,3382575,486,0,7,-84.6,504,375.0,-55.0,379.0118731649445,-1,38.34389158403309,-18,9,3,2.7190433181702294
2453,2533201,408385.0,3382630.0,17,60,6,3,2585.0,9.2,487,0,7,408765,3382580,486,0,7,-80.4,504,380.0,-50.0,383.275357934736,-1,37.49585763972988,-18,9,3,2.688841816899184
2454,2533201,408385.0,3382630.0,17,60,6,3,2585.0,9.2,487,0,7,408680,3382655,486,0,7,-91.29,504,295.0,25.0,296.05742686174926,-1,25.155999624919332,-18,9,3,3.4792441558873466
2455,2533201,408385.0,3382630.0,17,60,6,3,2585.0,9.2,487,0,7,409050,3382285,487,0,7,-94.67,504,665.0,-345.0,749.1662031885849,0,57.420148573344704,-17,9,3,1.2999266602467994
2456,2533201,408385.0,3382630.0,17,60,6,3,2585.0,9.2,487,0,7,408775,3382570,486,0,7,-81.0,504,390.0,-60.0,394.58839313897715,-1,38.74616226255523,-18,9,3,2.6118597803119794
2457,2533201,408385.0,3382630.0,17,60,6,3,2585.0,9.2,487,0,7,408685,3382660,486,0,7,-93.0,504,300.0,30.0,301.4962686336267,-1,24.289406862500357,-18,9,3,3.4166303758495835
2458,2533201,408385.0,3382630.0,17,60,6,3,2585.0,9.2,487,0,7,408900,3382475,486,0,7,-104.0,504,515.0,-155.0,537.8196723809942,-1,46.75026450502571,-18,9,3,1.9168863981648283
2459,2533201,408385.0,3382630.0,17,60,6,3,2585.0,9.2,487,0,7,408810,3382525,486,0,7,-94.33,504,425.0,-105.0,437.77848279695064,-1,43.877529803208006,-18,9,3,2.354486301494109
2460,2533201,408385.0,3382630.0,17,60,6,3,2585.0,9.2,487,0,7,408845,3382500,485,0,7,-101.6,504,460.0,-130.0,478.0167361086848,-2,45.780753309515376,-19,9,3,2.2761693875075135
2461,2533201,408385.0,3382630.0,17,60,6,3,2585.0,9.2,487,0,7,408855,3382490,485,0,7,-104.33,504,470.0,-140.0,490.40799340956914,-2,46.58733855692742,-19,9,3,2.218715086807537
2462,2533201,408385.0,3382630.0,17,60,6,3,2585.0,9.2,487,0,7,408720,3382615,487,0,7,-79.0,504,335.0,-15.0,335.3356527421443,0,32.563770211465,-17,9,3,2.9021522181395913
2463,2533201,408385.0,3382630.0,17,60,6,3,2585.0,9.2,487,0,7,409055,3382290,487,0,7,-98.14,504,670.0,-340.0,751.3321502504734,0,56.906093455936855,-17,9,3,1.296180500310727
2464,2533201,408385.0,3382630.0,17,60,6,3,2585.0,9.2,487,0,7,409010,3382325,486,0,7,-99.5,504,625.0,-305.0,695.449494931156,-1,56.01237591212987,-18,9,3,1.4826293420012595
2465,2533201,408385.0,3382630.0,17,60,6,3,2585.0,9.2,487,0,7,409105,3382280,486,0,6,-98.67,504,720.0,-350.0,800.5623023850173,-1,55.924901507554466,-18,9,3,1.288032535785908
2466,2533201,408385.0,3382630.0,17,60,6,3,2585.0,9.2,487,0,7,408730,3382605,487,0,7,-79.6,504,345.0,-25.0,345.90461112855957,0,34.14462374110428,-17,9,3,2.813623003074454
2467,2533201,408385.0,3382630.0,17,60,6,3,2585.0,9.2,487,0,7,408695,3382650,486,0,7,-92.0,504,310.0,20.0,310.64449134018133,-1,26.30861401354872,-18,9,3,3.316241400254981
2468,2533201,408385.0,3382630.0,17,60,6,3,2585.0,9.2,487,0,7,409000,3382335,486,0,7,-94.0,504,615.0,-295.0,682.0923691113983,-1,55.625860231342415,-18,9,3,1.5116497021518784
2469,2533201,408385.0,3382630.0,17,60,6,3,2585.0,9.2,487,0,7,409045,3382300,487,0,7,-98.8,504,660.0,-330.0,737.9024325749306,0,56.565051177077976,-17,9,3,1.319762529308652
2470,2533201,408385.0,3382630.0,17,60,6,3,2585.0,9.2,487,0,7,409040,3382295,487,0,7,-94.86,504,655.0,-335.0,735.6969484781081,0,57.08749061403671,-17,9,3,1.3237175289671224
2471,2533201,408385.0,3382630.0,17,60,6,3,2585.0,9.2,487,0,7,408840,3382495,485,0,7,-100.5,504,455.0,-135.0,474.60509900337144,-2,46.52579638992563,-19,9,3,2.292513940124604
2472,2533201,408385.0,3382630.0,17,60,6,3,2585.0,9.2,487,0,7,408675,3382710,486,0,6,-105.0,504,290.0,80.0,300.83217912982644,-1,14.577838681261312,-18,9,3,3.424154689430511
2473,2533201,408385.0,3382630.0,17,60,6,3,2585.0,9.2,487,0,7,409100,3382275,487,0,7,-106.0,504,715.0,-355.0,798.2793997091494,0,56.40455921724339,-17,9,3,1.219975171470279
2474,2533201,408385.0,3382630.0,17,60,6,3,2585.0,9.2,487,0,7,408770,3382565,486,0,7,-84.89,504,385.0,-65.0,390.4484601070927,-1,39.58294472353259,-18,9,3,2.6395144223693467
2475,2533201,408385.0,3382630.0,17,60,6,3,2585.0,9.2,487,0,7,408800,3382535,486,0,7,-98.0,504,415.0,-95.0,425.73465914816,-1,42.89374404488217,-18,9,3,2.4210153918363426
2476,2533201,408385.0,3382630.0,17,60,6,3,2585.0,9.2,487,0,7,408850,3382485,485,0,7,-104.5,504,465.0,-145.0,487.08315511830216,-2,47.318938431514766,-19,9,3,2.2338447845673985
2477,2533201,408385.0,3382630.0,17,60,6,3,2585.0,9.2,487,0,7,408760,3382590,486,0,7,-77.5,504,375.0,-40.0,377.12729946266154,-1,36.08852815419516,-18,9,3,2.7326103281756544
2478,2533201,408385.0,3382630.0,17,60,6,3,2585.0,9.2,487,0,7,408745,3382605,487,0,7,-72.33,504,360.0,-25.0,360.86701151532264,0,33.97249594075066,-17,9,3,2.697139516031142
2479,2533201,408385.0,3382630.0,17,60,6,3,2585.0,9.2,487,0,7,408875,3382495,486,0,7,-103.5,504,490.0,-135.0,508.2568248435037,-1,45.403424962469614,-18,9,3,2.0282918617912156
2480,2533201,408385.0,3382630.0,17,60,6,3,2585.0,9.2,487,0,7,408845,3382505,486,0,7,-96.5,504,460.0,-125.0,476.68123520860354,-1,45.202408709176154,-18,9,3,2.1625232669667427
2481,2533201,408385.0,3382630.0,17,60,6,3,2585.0,9.2,487,0,7,408765,3382585,486,0,7,-75.5,504,380.0,-45.0,382.65519727294964,-1,36.75357403553096,-18,9,3,2.693193151404445
2482,2533201,408385.0,3382630.0,17,60,6,3,2585.0,9.2,487,0,7,408740,3382610,487,0,7,-76.4,504,355.0,-20.0,355.5629339512205,0,33.22452260651994,-17,9,3,2.7373131025511106
2483,2533201,408385.0,3382630.0,17,60,6,3,2585.0,9.2,487,0,7,408715,3382655,486,0,7,-88.57,504,330.0,25.0,330.94561486745823,-1,25.6676860168115,-18,9,3,3.1132271348241156
2484,2533201,408385.0,3382630.0,17,60,6,3,2585.0,9.2,487,0,7,409075,3382295,487,0,7,-97.5,504,690.0,-335.0,767.0234676983489,0,55.89690910874924,-17,9,3,1.2696727684190947
2485,2533201,408385.0,3382630.0,17,60,6,3,2585.0,9.2,487,0,7,409040,3382310,487,0,6,-96.5,504,655.0,-320.0,728.9890259805013,0,56.03780428541063,-17,9,3,1.3358935580345344
2486,2533201,408385.0,3382630.0,17,60,6,3,2585.0,9.2,487,0,7,409045,3382305,487,0,7,-98.25,504,660.0,-325.0,735.6799575902554,0,56.21675285641925,-17,9,3,1.3237480899919194
2487,2533201,408385.0,3382630.0,17,60,6,3,2585.0,9.2,487,0,7,409060,3382290,487,0,7,-99.2,504,675.0,-340.0,755.7942841805566,0,56.73456482305505,-17,9,3,1.288530567779409
2488,2533201,408385.0,3382630.0,17,60,6,3,2585.0,9.2,487,0,7,408700,3382650,486,0,7,-86.0,504,315.0,20.0,315.6342820417326,-1,26.367049260511806,-18,9,3,3.2639299463763263
2489,2533201,408385.0,3382630.0,17,60,6,3,2585.0,9.2,487,0,7,409065,3382285,487,0,7,-95.8,504,680.0,-345.0,762.5122949828416,0,56.90109295154099,-17,9,3,1.277181921504945
2490,2533201,408385.0,3382630.0,17,60,6,3,2585.0,9.2,487,0,7,408870,3382500,486,0,7,-100.8,504,485.0,-130.0,502.1205034650547,-1,45.004920382860234,-18,9,3,2.053058155485543
2491,2533201,408385.0,3382630.0,17,60,6,3,2585.0,9.2,487,0,7,409090,3382280,487,0,6,-95.92,504,705.0,-350.0,787.0991043064399,0,56.40227951408485,-17,9,3,1.2372988760717936
2492,2533201,408385.0,3382630.0,17,60,6,3,2585.0,9.2,487,0,7,409095,3382275,487,0,7,-96.6,504,710.0,-355.0,793.8041320124254,0,56.565051177077976,-17,9,3,1.2268509878518035
2493,2533201,408385.0,3382630.0,17,60,6,3,2585.0,9.2,487,0,7,408710,3382660,486,0,7,-87.67,504,325.0,30.0,326.3816784073518,-1,24.726104042648217,-18,9,3,3.156673303478539
2494,2533201,408385.0,3382630.0,17,60,6,3,2585.0,9.2,487,0,7,408860,3382490,485,0,7,-102.83,504,475.0,-140.0,495.20197899443014,-2,46.42218749831528,-19,9,3,2.1972571519761943
2495,2533201,408385.0,3382630.0,17,60,6,3,2585.0,9.2,487,0,7,408560,3380990,485,0,5,-110.5,504,175.0,-1640.0,1649.3104619810063,-2,113.90916896077738,-19,9,3,0.6600162206604195
2496,2533201,408385.0,3382630.0,17,60,6,3,2585.0,9.2,487,0,7,408565,3380985,485,0,10,-114.0,504,180.0,-1645.0,1654.818721189726,-2,113.7553967198146,-19,9,3,0.6578194722358405
2497,2533201,408385.0,3382630.0,17,60,6,3,2585.0,9.2,487,0,7,408640,3382750,486,0,7,-102.0,504,255.0,120.0,281.82441342083905,-1,4.798876354524907,-18,9,3,3.654492079773599
2498,2533201,408385.0,3382630.0,17,60,6,3,2585.0,9.2,487,0,7,408685,3382785,486,0,5,-96.33,504,300.0,155.0,337.6758800980609,-1,2.6761086986534792,-18,9,3,3.051295411883941
2499,2533201,408385.0,3382630.0,17,60,6,3,2585.0,9.2,487,0,7,408760,3382870,488,0,7,-105.5,504,375.0,240.0,445.2246623896749,1,-2.619243071192841,-16,9,3,2.0581477476456733
2500,2533201,408385.0,3382630.0,17,60,6,3,2585.0,9.2,487,0,7,408430,3382500,489,0,7,-96.0,504,45.0,-130.0,137.56816492197603,2,100.90650799951436,-15,9,3,6.222768378468234
2501,2533201,408385.0,3382630.0,17,60,6,3,2585.0,9.2,487,0,7,408705,3382765,486,0,7,-100.0,504,320.0,135.0,347.3110997362451,-1,7.126334809373304,-18,9,3,2.966798743122556
2502,2533201,408385.0,3382630.0,17,60,6,3,2585.0,9.2,487,0,7,408490,3382600,488,0,7,-88.67,504,105.0,-30.0,109.20164833920778,1,45.94539590092285,-16,9,3,8.335549153329804
2503,2533201,408385.0,3382630.0,17,60,6,3,2585.0,9.2,487,0,7,408710,3382780,486,0,7,-98.09,504,325.0,150.0,357.94552658190884,-1,5.224859431168056,-18,9,3,2.878806803398266
2504,2533201,408385.0,3382630.0,17,60,6,3,2585.0,9.2,487,0,7,408410,3382520,488,0,7,-95.76,504,25.0,-110.0,112.80514172678478,1,107.19573393471319,-16,9,3,8.072841745209116
2505,2533201,408385.0,3382630.0,17,60,6,3,2585.0,9.2,487,0,7,408700,3382770,486,0,7,-97.88,504,315.0,140.0,344.7100230628637,-1,6.03751102542185,-18,9,3,2.989144854599987
2506,2533201,408385.0,3382630.0,17,60,6,3,2585.0,9.2,487,0,7,408435,3382495,489,0,7,-93.0,504,50.0,-135.0,143.96180048887967,2,99.67686317033701,-15,9,3,5.948429710108392
2507,2533201,408385.0,3382630.0,17,60,6,3,2585.0,9.2,487,0,7,408465,3382525,488,0,7,-87.3,504,80.0,-105.0,132.00378782444085,1,82.69605172201659,-16,9,3,6.911030720638586
2508,2533201,408385.0,3382630.0,17,60,6,3,2585.0,9.2,487,0,7,408715,3382775,487,0,6,-98.53,504,330.0,145.0,360.4511062543712,0,6.2796044276954035,-17,9,3,2.700246997717583
2509,2533201,408385.0,3382630.0,17,60,6,3,2585.0,9.2,487,0,7,408415,3382515,489,0,7,-93.6,504,30.0,-115.0,118.84864324004712,2,105.37912601136838,-15,9,3,7.193320959785712
2510,2533201,408385.0,3382630.0,17,60,6,3,2585.0,9.2,487,0,7,408400,3382510,488,0,7,-101.4,504,15.0,-120.0,120.93386622447825,1,112.8749836510982,-16,9,3,7.536673332462789
2511,2533201,408385.0,3382630.0,17,60,6,3,2585.0,9.2,487,0,7,408745,3382805,487,0,7,-102.0,504,360.0,175.0,400.2811511925087,0,4.075098492445534,-17,9,3,2.431898826960808
2512,2533201,408385.0,3382630.0,17,60,6,3,2585.0,9.2,487,0,7,408795,3382525,486,0,7,-94.67,504,410.0,-105.0,423.2316150761897,-1,44.364582449697195,-18,9,3,2.4353163878868354
2513,2533201,408385.0,3382630.0,17,60,6,3,2585.0,9.2,487,0,7,408790,3382530,486,0,7,-97.0,504,405.0,-100.0,417.163037672323,-1,43.86968643850503,-18,9,3,2.4706999709662125
2514,2533201,408385.0,3382630.0,17,60,6,3,2585.0,9.2,487,0,7,408765,3382555,486,0,7,-90.0,504,380.0,-75.0,387.3306081372863,-1,41.16488017754858,-18,9,3,2.6607310152282406
2515,2533201,408385.0,3382630.0,17,60,6,3,2585.0,9.2,487,0,7,408780,3382540,486,0,7,-94.45,504,395.0,-90.0,405.123437979093,-1,42.83560948640144,-18,9,3,2.5440300164647938
2516,2533201,408385.0,3382630.0,17,60,6,3,2585.0,9.2,487,0,7,408785,3382535,486,0,7,-93.67,504,400.0,-95.0,411.1265012134343,-1,43.360218444764485,-18,9,3,2.506931106514483
2517,2533201,408385.0,3382630.0,17,60,6,3,2585.0,9.2,487,0,7,408770,3382550,486,0,7,-89.22,504,385.0,-80.0,393.2238548206352,-1,41.73857120672233,-18,9,3,2.6209106598015275
2518,2533201,408385.0,3382630.0,17,60,6,3,2585.0,9.2,487,0,7,408670,3382410,487,0,7,-82.0,504,285.0,-220.0,360.0347205478938,0,67.66562119858332,-17,9,3,2.7033652449776873
2519,2533201,408385.0,3382630.0,17,60,6,3,2585.0,9.2,487,0,7,408650,3382430,487,0,7,-76.11,504,265.0,-200.0,332.00150602068055,0,67.04247477308286,-17,9,3,2.931246694252631
2520,2533201,408385.0,3382630.0,17,60,6,3,2585.0,9.2,487,0,7,408655,3382425,487,0,7,-77.77,504,270.0,-205.0,339.00589965367857,0,67.20792192178158,-17,9,3,2.8707849179029807
2521,2533201,408385.0,3382630.0,17,60,6,3,2585.0,9.2,487,0,7,408675,3382405,487,0,7,-81.93,504,290.0,-225.0,367.0490430446591,0,67.8065299447045,-17,9,3,2.6517782818009503
2522,2533201,408385.0,3382630.0,17,60,6,3,2585.0,9.2,487,0,7,408775,3382545,486,0,7,-89.8,504,390.0,-85.0,399.15535822534065,-1,42.29526642299817,-18,9,3,2.582016672799909
2523,2533201,408385.0,3382630.0,17,60,6,3,2585.0,9.2,487,0,7,408665,3382415,487,0,7,-80.37,504,280.0,-215.0,353.02266216207704,0,67.51911382047632,-17,9,3,2.756979911072205
2524,2533201,408385.0,3382630.0,17,60,6,3,2585.0,9.2,487,0,7,409130,3382270,486,0,7,-99.0,504,745.0,-360.0,827.4206910635,-1,55.79083101214991,-18,9,3,1.2462359191346244
2525,2533201,408385.0,3382630.0,17,60,6,3,2585.0,9.2,487,0,7,408645,3382435,488,0,7,-75.23,504,260.0,-195.0,325.0,1,66.86989764584405,-16,9,3,2.8184397808481085
2526,2533201,408385.0,3382630.0,17,60,6,3,2585.0,9.2,487,0,7,409125,3382275,486,0,7,-101.0,504,740.0,-355.0,820.7466113241042,-1,55.62841887821753,-18,9,3,1.2563667227413795
2527,2533201,408385.0,3382630.0,17,60,6,3,2585.0,9.2,487,0,7,408660,3382420,487,0,7,-77.48,504,275.0,-210.0,346.01300553591915,0,67.36666941276872,-17,9,3,2.812743003905797
2528,2533201,408385.0,3382630.0,17,60,6,3,2585.0,9.2,487,0,7,408640,3382440,488,0,7,-74.63,504,255.0,-190.0,318.0015723231569,1,66.68972283247581,-16,9,3,2.880363335126302
2529,2533201,408385.0,3382630.0,17,60,6,3,2585.0,9.2,487,0,7,409135,3382265,486,0,2,-107.33,504,750.0,-365.0,834.1013127911981,-1,55.95064277703773,-18,9,3,1.2362574711798806
2530,2533201,408385.0,3382630.0,17,60,6,3,2585.0,9.2,487,0,7,408760,3382560,486,0,7,-87.58,504,375.0,-70.0,381.4773912042495,-1,40.57352341856091,-18,9,3,2.701496047892352
2531,2533201,408385.0,3382630.0,17,60,6,3,2585.0,9.2,487,0,7,408715,3382445,487,0,7,-76.2,504,330.0,-185.0,378.3186487605389,0,59.2752542772526,-17,9,3,2.572893135319992
2532,2533201,408385.0,3382630.0,17,60,6,3,2585.0,9.2,487,0,7,408965,3382310,485,0,2,-96.0,504,580.0,-320.0,662.4198064671677,-2,58.886581766910695,-19,9,3,1.6429481911448043
2533,2533201,408385.0,3382630.0,17,60,6,3,2585.0,9.2,487,0,7,408630,3382815,486,0,7,-99.0,504,245.0,185.0,307.001628660175,-1,-7.056528189409562,-18,9,3,3.3555023302692524
2534,2533201,408385.0,3382630.0,17,60,6,3,2585.0,9.2,487,0,7,408760,3382665,487,0,7,-90.6,504,375.0,35.0,376.62979170532964,0,24.667841118340448,-17,9,3,2.584414715509078
2535,2533201,408385.0,3382630.0,17,60,6,3,2585.0,9.2,487,0,7,408640,3382625,487,0,7,-87.67,504,255.0,-5.0,255.04901489713697,0,31.123302714075407,-17,9,3,3.813344014554995
2536,2533201,408385.0,3382630.0,17,60,6,3,2585.0,9.2,487,0,7,408675,3382620,487,0,7,-89.25,504,290.0,-10.0,290.17236257093816,0,31.974934010881952,-17,9,3,3.3528904869027905
2537,2533201,408385.0,3382630.0,17,60,6,3,2585.0,9.2,487,0,7,409210,3382235,486,0,7,-97.0,504,825.0,-395.0,914.6857383823145,-1,55.58453454403701,-18,9,3,1.1273718274496778
2538,2533201,408385.0,3382630.0,17,60,6,3,2585.0,9.2,487,0,7,408970,3382315,485,0,2,-95.36,504,585.0,-315.0,664.417037710503,-2,58.300755766006375,-19,9,3,1.6380121992235366
2539,2533201,408385.0,3382630.0,17,60,6,3,2585.0,9.2,487,0,7,408765,3382670,487,0,7,-97.0,504,380.0,40.0,382.099463490856,0,23.990994042505463,-17,9,3,2.547468463587967
2540,2533201,408385.0,3382630.0,17,60,6,3,2585.0,9.2,487,0,7,408975,3382320,485,0,2,-96.86,504,590.0,-310.0,666.4833081180653,-2,57.71850162818339,-19,9,3,1.6329366920346282
2541,2533201,408385.0,3382630.0,17,60,6,3,2585.0,9.2,487,0,7,408775,3382680,487,0,2,-94.6,504,390.0,50.0,393.19206502675,0,22.694240466689166,-17,9,3,2.4756908596757334
2542,2533201,408385.0,3382630.0,17,60,6,3,2585.0,9.2,487,0,7,408645,3382405,488,0,2,-78.5,504,260.0,-225.0,343.8386249390839,1,70.87240829748828,-16,9,3,2.664248801691392
2543,2533201,408385.0,3382630.0,17,60,6,3,2585.0,9.2,487,0,7,408785,3382545,486,0,7,-90.0,504,400.0,-85.0,408.93153461184676,-1,41.99689930792357,-18,9,3,2.520369916692879
2544,2533201,408385.0,3382630.0,17,60,6,3,2585.0,9.2,487,0,7,408640,3382410,488,0,2,-73.33,504,255.0,-220.0,336.7862823809782,1,70.78582147726593,-16,9,3,2.719955546924493
2545,2533201,408385.0,3382630.0,17,60,6,3,2585.0,9.2,487,0,7,408770,3382540,486,0,7,-89.33,504,385.0,-90.0,395.37956446938426,-1,43.15754274001483,-18,9,3,2.6066405535983876
2546,2533201,408385.0,3382630.0,17,60,6,3,2585.0,9.2,487,0,7,408665,3382425,487,0,7,-78.07,504,280.0,-205.0,347.02305398921266,0,66.20945681718604,-17,9,3,2.804569298380549
2547,2533201,408385.0,3382630.0,17,60,6,3,2585.0,9.2,487,0,7,409150,3382280,486,0,6,-97.5,504,765.0,-350.0,841.2639300481152,-1,54.58486885811203,-18,9,3,1.2257350587319353
2548,2533201,408385.0,3382630.0,17,60,6,3,2585.0,9.2,487,0,7,408655,3382415,488,0,2,-79.47,504,270.0,-215.0,345.14489710844634,1,68.53018001482678,-16,9,3,2.6541798483198207
2549,2533201,408385.0,3382630.0,17,60,6,3,2585.0,9.2,487,0,7,408675,3382435,487,0,7,-77.51,504,290.0,-195.0,349.4638751001311,0,63.91743053697036,-17,9,3,2.785011806976594
2550,2533201,408385.0,3382630.0,17,60,6,3,2585.0,9.2,487,0,7,408660,3382430,487,0,7,-79.16,504,275.0,-200.0,340.03676271838606,0,66.0273733851036,-17,9,3,2.862096274747645
2551,2533201,408385.0,3382630.0,17,60,6,3,2585.0,9.2,487,0,7,408650,3382420,488,0,2,-77.11,504,265.0,-210.0,338.11980125393427,1,68.39516450324606,-16,9,3,2.709244262850117
2552,2533201,408385.0,3382630.0,17,60,6,3,2585.0,9.2,487,0,7,409140,3382270,486,0,7,-102.0,504,755.0,-360.0,836.4358911476719,-1,55.492795472803095,-18,9,3,1.2328080161532524
2553,2533201,408385.0,3382630.0,17,60,6,3,2585.0,9.2,487,0,7,408685,3382445,487,0,7,-76.69,504,300.0,-185.0,352.4556709715422,0,61.6607510966366,-17,9,3,2.761408172123535
2554,2533201,408385.0,3382630.0,17,60,6,3,2585.0,9.2,487,0,7,408670,3382440,487,0,7,-77.96,504,285.0,-190.0,342.527371169079,0,63.69006752597977,-17,9,3,2.8413194314624306
2555,2533201,408385.0,3382630.0,17,60,6,3,2585.0,9.2,487,0,7,408680,3382450,487,0,7,-77.59,504,295.0,-180.0,345.5792239125495,0,61.39026810418778,-17,9,3,2.8162679645891275
2556,2533201,408385.0,3382630.0,17,60,6,3,2585.0,9.2,487,0,7,409145,3382265,486,0,2,-98.0,504,760.0,-365.0,843.1043826241208,-1,55.65325898483559,-18,9,3,1.2230601571341229
2557,2533201,408385.0,3382630.0,17,60,6,3,2585.0,9.2,487,0,7,409130,3382260,486,0,2,-99.5,504,745.0,-370.0,831.8202930922039,-1,56.411030635405666,-18,9,3,1.2396464831141358
2558,2533201,408385.0,3382630.0,17,60,6,3,2585.0,9.2,487,0,7,408775,3382535,486,0,7,-93.17,504,390.0,-95.0,401.40378672852603,-1,43.69004961746555,-18,9,3,2.5675731396239247
2559,2533201,408385.0,3382630.0,17,60,6,3,2585.0,9.2,487,0,7,408780,3382550,486,0,7,-88.5,504,395.0,-80.0,403.01985062773275,-1,41.44933798850002,-18,9,3,2.5572911579713185
2560,2533201,408385.0,3382630.0,17,60,6,3,2585.0,9.2,487,0,7,408630,3382480,487,0,6,-77.5,504,245.0,-150.0,287.2716484444645,0,61.476839349584,-17,9,3,3.386667756711766
2561,2533201,408385.0,3382630.0,17,60,6,3,2585.0,9.2,487,0,7,408480,3382490,488,0,7,-88.88,504,95.0,-140.0,169.1892431568863,1,85.84030545433058,-16,9,3,5.402318588405162
2562,2533201,408385.0,3382630.0,17,60,6,3,2585.0,9.2,487,0,7,408450,3382620,488,0,6,-94.33,504,65.0,-10.0,65.76473218982953,1,38.74616226255523,-16,9,3,13.673917277303037
2563,2533201,408385.0,3382630.0,17,60,6,3,2585.0,9.2,487,0,7,408575,3382415,489,0,2,-84.0,504,190.0,-215.0,286.9233347080715,2,78.53229458389092,-15,9,3,2.992628703718364
2564,2533201,408385.0,3382630.0,17,60,6,3,2585.0,9.2,487,0,7,408580,3382430,488,0,2,-78.5,504,195.0,-200.0,279.32955446926843,1,75.72522429905928,-16,9,3,3.2783206324290703
2565,2533201,408385.0,3382630.0,17,60,6,3,2585.0,9.2,487,0,7,408485,3382485,488,0,6,-95.83,504,100.0,-145.0,176.13914953808538,1,85.40771131249005,-16,9,3,5.19034774255793
2566,2533201,408385.0,3382630.0,17,60,6,3,2585.0,9.2,487,0,7,408595,3382435,488,0,2,-75.66,504,210.0,-195.0,286.574597618142,1,72.87890360333859,-16,9,3,3.1956136777682804
2567,2533201,408385.0,3382630.0,17,60,6,3,2585.0,9.2,487,0,7,408515,3382515,488,0,6,-80.52,504,130.0,-115.0,173.5655495770978,1,71.4964683552156,-16,9,3,5.266879632631952
2568,2533201,408385.0,3382630.0,17,60,6,3,2585.0,9.2,487,0,7,408605,3382445,488,0,2,-74.27,504,220.0,-185.0,287.4456470360962,1,70.06078445787381,-16,9,3,3.185949956588224
2569,2533201,408385.0,3382630.0,17,60,6,3,2585.0,9.2,487,0,7,408505,3382505,488,0,7,-86.56,504,120.0,-125.0,173.27723451163456,1,76.16913932790743,-16,9,3,5.275593758209174
2570,2533201,408385.0,3382630.0,17,60,6,3,2585.0,9.2,487,0,7,408945,3382785,488,0,7,-101.0,504,560.0,155.0,581.0550748423078,1,14.528671834479837,-16,9,3,1.5773046598736749
2571,2533201,408385.0,3382630.0,17,60,6,3,2585.0,9.2,487,0,7,408585,3382425,489,0,2,-81.0,504,200.0,-205.0,286.40006983239374,2,75.70731936854429,-15,9,3,2.998086395222868
2572,2533201,408385.0,3382630.0,17,60,6,3,2585.0,9.2,487,0,7,408490,3382500,488,0,7,-85.75,504,105.0,-130.0,167.10774967068403,1,81.07245640720771,-16,9,3,5.469204316131266
2573,2533201,408385.0,3382630.0,17,60,6,3,2585.0,9.2,487,0,7,408590,3382440,488,0,2,-75.05,504,205.0,-190.0,279.5084971874737,1,72.82525588538999,-16,9,3,3.2762264087641078
2574,2533201,408385.0,3382630.0,17,60,6,3,2585.0,9.2,487,0,7,408625,3382465,487,0,7,-71.38,504,240.0,-165.0,291.247317584214,0,64.50852298766841,-17,9,3,3.3405434922186816
2575,2533201,408385.0,3382630.0,17,60,6,3,2585.0,9.2,487,0,7,408495,3382495,488,0,7,-87.19,504,110.0,-135.0,174.14074767268,1,80.8263420295558,-16,9,3,5.2495801471183015
2576,2533201,408385.0,3382630.0,17,60,6,3,2585.0,9.2,487,0,7,408570,3382420,489,0,2,-89.25,504,185.0,-210.0,279.8660393831306,2,78.62148470411734,-15,9,3,3.067950501063972
2577,2533201,408385.0,3382630.0,17,60,6,3,2585.0,9.2,487,0,7,408610,3382460,488,0,6,-73.66,504,225.0,-170.0,282.00177304407146,1,67.07307331731039,-16,9,3,3.2473224168347263
2578,2533201,408385.0,3382630.0,17,60,6,3,2585.0,9.2,487,0,7,408600,3382450,488,0,7,-74.48,504,215.0,-180.0,280.40149785619906,1,69.93638314696989,-16,9,3,3.265815160618454
2579,2533201,408385.0,3382630.0,17,60,6,3,2585.0,9.2,487,0,7,408620,3382470,487,0,7,-72.77,504,235.0,-160.0,284.29737951659,0,64.24903300681194,-17,9,3,3.4220147131914778
2580,2533201,408385.0,3382630.0,17,60,6,3,2585.0,9.2,487,0,7,408615,3382455,488,0,7,-72.64,504,230.0,-175.0,289.0069203323685,1,67.26640190097714,-16,9,3,3.1687739858250716
2581,2533201,408385.0,3382630.0,17,60,6,3,2585.0,9.2,487,0,7,408950,3382800,488,0,2,-100.33,504,565.0,170.0,590.0211860602973,1,13.254249461679933,-16,9,3,1.5533473730040106
2582,2533201,408385.0,3382630.0,17,60,6,3,2585.0,9.2,487,0,7,408560,3382410,489,0,2,-81.0,504,175.0,-220.0,281.1138559374119,2,81.49934627965456,-15,9,3,3.0543582337093573
2583,2533201,408385.0,3382630.0,17,60,6,3,2585.0,9.2,487,0,7,408955,3382795,487,0,2,-103.8,504,570.0,165.0,593.4012133455744,0,13.855661219716524,-17,9,3,1.6409840242159692
2584,2533201,408385.0,3382630.0,17,60,6,3,2585.0,9.2,487,0,7,408635,3382475,487,0,7,-66.0,504,250.0,-155.0,294.15132160165456,0,61.79891282429446,-17,9,3,3.307637620031971
2585,2533201,408385.0,3382630.0,17,60,6,3,2585.0,9.2,487,0,7,408510,3382520,488,0,6,-81.48,504,125.0,-110.0,166.50825805346713,1,71.34777721969368,-16,9,3,5.4887754470661365
2586,2533201,408385.0,3382630.0,17,60,6,3,2585.0,9.2,487,0,7,408500,3382510,488,0,7,-86.07,504,115.0,-120.0,166.20770138594662,1,76.21887523513135,-16,9,3,5.498640131455964
2587,2533201,408385.0,3382630.0,17,60,6,3,2585.0,9.2,487,0,7,408900,3381595,486,5,6,-114.5,504,515.0,-1035.0,1156.049306906933,-1,93.54577224276784,-18,9,3,0.8920386827460812
2588,2533201,408385.0,3382630.0,17,60,6,3,2585.0,9.2,487,0,7,408910,3381585,485,0,6,-115.92,504,525.0,-1045.0,1169.4656899627282,-2,93.32539679674551,-19,9,3,0.9307874976819267
2589,2533201,408385.0,3382630.0,17,60,6,3,2585.0,9.2,487,0,7,408925,3382325,485,0,2,-96.67,504,540.0,-305.0,620.1814250685037,-2,59.45840478666514,-19,9,3,1.7547758995872822
2590,2533201,408385.0,3382630.0,17,60,6,3,2585.0,9.2,487,0,7,408660,3382150,486,0,5,-91.0,504,275.0,-480.0,553.1952638987431,-1,90.19088579329343,-18,9,3,1.863646279292143
2591,2533201,408385.0,3382630.0,17,60,6,3,2585.0,9.2,487,0,7,408665,3382145,486,0,7,-89.67,504,280.0,-485.0,560.0223209837266,-1,90.00131846047151,-18,9,3,1.8409428794619773
2592,2533201,408385.0,3382630.0,17,60,6,3,2585.0,9.2,487,0,7,408930,3382340,485,0,7,-94.89,504,545.0,-290.0,617.353221421902,-2,58.017893546454616,-19,9,3,1.7628097759161543
2593,2533201,408385.0,3382630.0,17,60,6,3,2585.0,9.2,487,0,7,408885,3382365,486,0,6,-93.11,504,500.0,-265.0,565.8842637854493,-1,57.923589715138405,-18,9,3,1.8218856415064069
2594,2533201,408385.0,3382630.0,17,60,6,3,2585.0,9.2,487,0,7,408670,3382160,486,0,7,-87.2,504,285.0,-470.0,549.6589851899084,-1,88.76809045148303,-18,9,3,1.8756276723836693
2595,2533201,408385.0,3382630.0,17,60,6,3,2585.0,9.2,487,0,7,408940,3382350,486,0,6,-94.17,504,555.0,-280.0,621.6309194369276,-1,56.771150214462125,-18,9,3,1.6585982200943807
2596,2533201,408385.0,3382630.0,17,60,6,3,2585.0,9.2,487,0,7,408880,3382370,486,0,6,-92.06,504,495.0,-260.0,559.128786595718,-1,57.710814015253106,-18,9,3,1.843882830330902
2597,2533201,408385.0,3382630.0,17,60,6,3,2585.0,9.2,487,0,7,408945,3382345,485,0,6,-92.53,504,560.0,-285.0,628.3510165504629,-2,56.97284343364373,-19,9,3,1.7319749286289021
2598,2533201,408385.0,3382630.0,17,60,6,3,2585.0,9.2,487,0,7,408920,3382330,485,0,2,-94.83,504,535.0,-300.0,613.3718285020922,-2,59.28142706105905,-19,9,3,1.774244873851442
2599,2533201,408385.0,3382630.0,17,60,6,3,2585.0,9.2,487,0,7,408935,3382335,485,0,7,-96.42,504,550.0,-295.0,624.1193796061776,-2,58.20749087901527,-19,9,3,1.743710791888864
2600,2533201,408385.0,3382630.0,17,60,6,3,2585.0,9.2,487,0,7,408655,3382135,486,0,5,-99.0,504,270.0,-495.0,563.848383876375,-1,91.38954033403479,-18,9,3,1.8284594425805896
2601,2533201,408385.0,3382630.0,17,60,6,3,2585.0,9.2,487,0,7,409530,3381515,482,0,10,-97.0,504,1145.0,-1115.0,1598.20211487784,-5,74.23948122286913,-22,9,3,0.7886534059532979
2602,2533201,408385.0,3382630.0,17,60,6,3,2585.0,9.2,487,0,7,408750,3382675,487,0,7,-94.5,504,365.0,45.0,367.76351096866586,0,22.971603761050403,-17,9,3,2.64663390525312
2603,2533201,408385.0,3382630.0,17,60,6,3,2585.0,9.2,487,0,7,408755,3382680,487,0,7,-94.5,504,370.0,50.0,373.3630940518894,0,22.30394827798341,-17,9,3,2.6069956948574853
2604,2533201,408385.0,3382630.0,17,60,6,3,2585.0,9.2,487,0,7,408770,3382695,487,0,7,-97.5,504,385.0,65.0,390.4484601070927,0,20.41705527646741,-17,9,3,2.493065181992676
2605,2533201,408385.0,3382630.0,17,60,6,3,2585.0,9.2,487,0,7,408775,3382700,487,0,7,-97.0,504,390.0,70.0,396.23225512317896,0,19.824489156956815,-17,9,3,2.456718871816063
2606,2533201,408385.0,3382630.0,17,60,6,3,2585.0,9.2,487,0,7,408765,3382690,487,0,2,-103.0,504,380.0,60.0,384.7076812334269,0,21.0273733851036,-17,9,3,2.530219813921554
2607,2533201,408385.0,3382630.0,17,60,6,3,2585.0,9.2,487,0,7,408740,3382665,487,0,7,-86.5,504,355.0,35.0,356.72117963473937,0,24.36931724236473,-17,9,3,2.728438713955466
2608,2533201,408385.0,3382630.0,17,60,6,3,2585.0,9.2,487,0,7,408875,3382480,486,0,7,-105.0,504,490.0,-150.0,512.4451190127583,-1,47.02052561151987,-18,9,3,2.0117279921644817
2609,2533201,408385.0,3382630.0,17,60,6,3,2585.0,9.2,487,0,7,408675,3382600,487,0,7,-85.5,504,290.0,-30.0,291.547594742265,0,35.9061411137705,-17,9,3,3.3371107053581257
2610,2533201,408385.0,3382630.0,17,60,6,3,2585.0,9.2,487,0,7,408715,3382640,487,0,7,-80.0,504,330.0,10.0,330.15148038438355,0,28.2642954110716,-17,9,3,2.947643242492133
2611,2533201,408385.0,3382630.0,17,60,6,3,2585.0,9.2,487,0,7,408780,3382705,487,0,7,-100.6,504,395.0,75.0,402.0572098594925,0,19.249033006811942,-17,9,3,2.421168902157573
2612,2533201,408385.0,3382630.0,17,60,6,3,2585.0,9.2,487,0,7,408785,3382710,487,0,7,-102.75,504,400.0,80.0,407.9215610874228,0,18.69006752597977,-17,9,3,2.3864022913055103
2613,2533201,408385.0,3382630.0,17,60,6,3,2585.0,9.2,487,0,7,408695,3382620,487,0,7,-83.14,504,310.0,-10.0,310.16124838541646,0,31.847610265994604,-17,9,3,3.1372540344158093
2614,2533201,408385.0,3382630.0,17,60,6,3,2585.0,9.2,487,0,7,408880,3382485,486,0,7,-104.0,504,495.0,-145.0,515.8003489723519,-1,46.326853510565,-18,9,3,1.9986525494973173
2615,2533201,408385.0,3382630.0,17,60,6,3,2585.0,9.2,487,0,7,408905,3382510,487,0,7,-94.33,504,520.0,-120.0,533.6665625650534,0,42.994616791916485,-17,9,3,1.8245456176729873
2616,2533201,408385.0,3382630.0,17,60,6,3,2585.0,9.2,487,0,7,408890,3382495,486,0,7,-97.0,504,505.0,-135.0,522.7332015474051,-1,44.96671956400485,-18,9,3,1.972166097155011
2617,2533201,408385.0,3382630.0,17,60,6,3,2585.0,9.2,487,0,7,408705,3382630,487,0,7,-82.67,504,320.0,0.0,320.0,0,30.0,-17,9,3,3.0409796191033744
2618,2533201,408385.0,3382630.0,17,60,6,3,2585.0,9.2,487,0,7,408800,3382405,485,0,7,-85.67,504,415.0,-225.0,472.0699100768868,-2,58.46516214265483,-19,9,3,2.304812340688796
2619,2533201,408385.0,3382630.0,17,60,6,3,2585.0,9.2,487,0,7,409030,3382315,487,0,6,-94.75,504,645.0,-315.0,717.8091668403239,0,56.02959219151347,-17,9,3,1.3566923487510494
2620,2533201,408385.0,3382630.0,17,60,6,3,2585.0,9.2,487,0,7,409020,3382305,487,0,7,-99.31,504,635.0,-325.0,713.3372274037014,0,57.10386707496076,-17,9,3,1.3651942983026468
2621,2533201,408385.0,3382630.0,17,60,6,3,2585.0,9.2,487,0,7,408735,3382660,487,0,6,-92.6,504,350.0,30.0,351.2833614050059,0,25.100907546212227,-17,9,3,2.770609261154111
2622,2533201,408385.0,3382630.0,17,60,6,3,2585.0,9.2,487,0,7,408745,3382670,487,0,7,-91.75,504,360.0,40.0,362.2154055254967,0,23.65980825409008,-17,9,3,2.6871138066983313
2623,2533201,408385.0,3382630.0,17,60,6,3,2585.0,9.2,487,0,7,409015,3382300,487,0,7,-95.5,504,630.0,-330.0,711.1961754677819,0,57.64597536373867,-17,9,3,1.3693026453674642
2624,2533201,408385.0,3382630.0,17,60,6,3,2585.0,9.2,487,0,7,408730,3382655,487,0,7,-92.4,504,345.0,25.0,345.90461112855957,0,25.855376258895717,-17,9,3,2.813623003074454
2625,2533201,408385.0,3382630.0,17,60,6,3,2585.0,9.2,487,0,7,408690,3382615,487,0,7,-86.1,504,305.0,-15.0,305.3686296920494,0,32.81555668421123,-17,9,3,3.1863911003431675
2626,2533201,408385.0,3382630.0,17,60,6,3,2585.0,9.2,487,0,7,408700,3382625,487,0,7,-86.86,504,315.0,-5.0,315.03968004046726,0,30.909380449199148,-17,9,3,3.0887680417696033
2627,2533201,408385.0,3382630.0,17,60,6,3,2585.0,9.2,487,0,7,409075,3382765,484,0,7,-97.0,504,690.0,135.0,703.0824987154779,-3,18.92979742206063,-20,9,3,1.6294057336370338
2628,2533201,408385.0,3382630.0,17,60,6,3,2585.0,9.2,487,0,7,409065,3382775,484,0,2,-95.0,504,680.0,145.0,695.2877102322462,-3,17.962797679634264,-20,9,3,1.647662795578361
2629,2533201,408385.0,3382630.0,17,60,6,3,2585.0,9.2,487,0,7,409090,3382750,484,0,7,-96.0,504,705.0,120.0,715.139846463613,-3,20.340106921557663,-20,9,3,1.6019481854014501
2630,2533201,408385.0,3382630.0,17,60,6,3,2585.0,9.2,487,0,7,408960,3382795,487,0,2,-103.0,504,575.0,165.0,598.2056502575014,0,13.988822521191537,-17,9,3,1.627811722560875
2631,2533201,408385.0,3382630.0,17,60,6,3,2585.0,9.2,487,0,7,408980,3382775,487,0,2,-98.0,504,595.0,145.0,612.413259164104,0,16.304123495591,-17,9,3,1.59006711412471
2632,2533201,408385.0,3382630.0,17,60,6,3,2585.0,9.2,487,0,7,408665,3382625,487,0,7,-85.86,504,280.0,-5.0,280.04463929880893,0,31.02303018866786,-17,9,3,3.4738549010764364
2633,2533201,408385.0,3382630.0,17,60,6,3,2585.0,9.2,487,0,7,408985,3382305,486,0,2,-96.0,504,600.0,-325.0,682.367203197809,-1,58.44292862436333,-18,9,3,1.5110411438642342
2634,2533201,408385.0,3382630.0,17,60,6,3,2585.0,9.2,487,0,7,408725,3382685,487,0,7,-87.5,504,340.0,55.0,344.41980198589044,0,20.811163922641242,-17,9,3,2.8257330404705585
2635,2533201,408385.0,3382630.0,17,60,6,3,2585.0,9.2,487,0,7,408785,3382665,487,0,2,-106.0,504,400.0,35.0,401.52833025827704,0,24.99935540244155,-17,9,3,2.4243541817394343
2636,2533201,408385.0,3382630.0,17,60,6,3,2585.0,9.2,487,0,7,408660,3382630,487,0,7,-89.56,504,275.0,0.0,275.0,0,30.0,-17,9,3,3.5374194299875135
2637,2533201,408385.0,3382630.0,17,60,6,3,2585.0,9.2,487,0,7,408780,3382670,487,0,2,-96.67,504,395.0,40.0,397.0201506221063,0,24.217607677635954,-17,9,3,2.4518494131818365
2638,2533201,408385.0,3382630.0,17,60,6,3,2585.0,9.2,487,0,7,408790,3382680,487,0,7,-95.5,504,405.0,50.0,408.0747480548141,0,22.96205923681532,-17,9,3,2.3855074960891467
2639,2533201,408385.0,3382630.0,17,60,6,3,2585.0,9.2,487,0,7,408655,3382615,487,0,7,-93.0,504,270.0,-15.0,270.4163456597992,0,33.17983011986422,-17,9,3,3.597223826268439
2640,2533201,408385.0,3382630.0,17,60,6,3,2585.0,9.2,487,0,7,408995,3382315,486,0,7,-96.87,504,610.0,-315.0,686.5311354920474,-1,57.31153375176717,-18,9,3,1.5018806234344386
2641,2533201,408385.0,3382630.0,17,60,6,3,2585.0,9.2,487,0,7,408715,3382595,487,0,7,-76.43,504,330.0,-35.0,331.85087012090236,0,36.054191894114865,-17,9,3,2.9325749427059824
2642,2533201,408385.0,3382630.0,17,60,6,3,2585.0,9.2,487,0,7,408710,3382600,487,0,7,-78.44,504,325.0,-30.0,326.3816784073518,0,35.27389595735178,-17,9,3,2.9816282837551293
2643,2533201,408385.0,3382630.0,17,60,6,3,2585.0,9.2,487,0,7,408980,3382310,485,0,2,-95.71,504,595.0,-320.0,675.5923326977594,-2,58.27203607943272,-19,9,3,1.61093145529149
2644,2533201,408385.0,3382630.0,17,60,6,3,2585.0,9.2,487,0,7,408650,3382620,487,0,7,-89.13,504,265.0,-10.0,265.1886121235224,0,32.16107948822639,-17,9,3,3.667945129752721
2645,2533201,408385.0,3382630.0,17,60,6,3,2585.0,9.2,487,0,7,408670,3382640,487,0,7,-87.5,504,285.0,10.0,285.17538463198395,0,27.99044618697883,-17,9,3,3.4115038505331516
2646,2533201,408385.0,3382630.0,17,60,6,3,2585.0,9.2,487,0,7,408795,3382675,487,0,7,-96.5,504,410.0,45.0,412.4621194728069,0,23.7365093856655,-17,9,3,2.3601616329058808
2647,2533201,408385.0,3382630.0,17,60,6,3,2585.0,9.2,487,0,7,408990,3382320,486,0,7,-96.44,504,605.0,-310.0,679.7977640445723,-1,57.13045170034678,-18,9,3,1.516749779990162
2648,2533201,408385.0,3382630.0,17,60,6,3,2585.0,9.2,487,0,7,408700,3382590,487,0,7,-75.75,504,315.0,-40.0,317.52952618614853,0,37.236922025968,-17,9,3,3.0645944159117904
2649,2533201,408385.0,3382630.0,17,60,6,3,2585.0,9.2,487,0,7,408775,3382725,488,0,7,-100.0,504,390.0,95.0,401.40378672852603,1,16.30995038253451,-16,9,3,2.282607824271966
2650,2533201,408385.0,3382630.0,17,60,6,3,2585.0,9.2,487,0,7,408760,3382740,488,0,7,-103.33,504,375.0,110.0,390.80046059338264,1,13.651828452648772,-16,9,3,2.3444720910731034
2651,2533201,408385.0,3382630.0,17,60,6,3,2585.0,9.2,487,0,7,408735,3382765,487,0,7,-101.4,504,350.0,135.0,375.13330963805384,0,8.90766049417249,-17,9,3,2.5947104024657133
2652,2533201,408385.0,3382630.0,17,60,6,3,2585.0,9.2,487,0,7,408720,3382780,487,0,7,-98.6,504,335.0,150.0,367.0490430446591,0,5.879016880557401,-17,9,3,2.6517782818009503
2653,2533201,408385.0,3382630.0,17,60,6,3,2585.0,9.2,487,0,7,408750,3382790,487,0,7,-98.5,504,365.0,160.0,398.5285435197835,0,6.329461515279547,-17,9,3,2.4425806556677685
2654,2533201,408385.0,3382630.0,17,60,6,3,2585.0,9.2,487,0,7,408450,3382410,489,0,2,-101.5,504,65.0,-220.0,229.40139493908924,2,103.53998518795993,-15,9,3,3.7411061737467293
2655,2533201,408385.0,3382630.0,17,60,6,3,2585.0,9.2,487,0,7,408355,3382545,486,0,7,-96.33,504,-30.0,-85.0,90.13878188659973,-1,139.44003482817618,-18,9,3,11.292966996162274
2656,2533201,408385.0,3382630.0,17,60,6,3,2585.0,9.2,487,0,7,408725,3382775,487,0,7,-101.2,504,340.0,145.0,369.6281915655244,0,6.903178081839201,-17,9,3,2.633301148937591
2657,2533201,408385.0,3382630.0,17,60,6,3,2585.0,9.2,487,0,7,408345,3382555,486,0,7,-100.2,504,-40.0,-75.0,85.0,-1,148.07248693585294,-18,9,3,11.956584243149132
2658,2533201,408385.0,3382630.0,17,60,6,3,2585.0,9.2,487,0,7,408350,3382550,486,0,7,-99.22,504,-35.0,-80.0,87.32124598286491,-1,143.6293777306568,-18,9,3,11.647542284710939
2659,2533201,408385.0,3382630.0,17,60,6,3,2585.0,9.2,487,0,7,408730,3382770,487,0,7,-100.46,504,345.0,140.0,372.3237838226293,0,7.912828396771658,-17,9,3,2.6142628200860347
2660,2533201,408385.0,3382630.0,17,60,6,3,2585.0,9.2,487,0,7,408455,3382405,489,0,2,-102.0,504,70.0,-225.0,235.63743335896356,2,102.71850162818339,-15,9,3,3.642369621777281
2661,2533201,408385.0,3382630.0,17,60,6,3,2585.0,9.2,487,0,7,408745,3382795,487,0,7,-100.8,504,360.0,165.0,396.01136347332255,0,5.376435213836373,-17,9,3,2.45808752759148
2662,2533201,408385.0,3382630.0,17,60,6,3,2585.0,9.2,487,0,7,408575,3382605,487,0,7,-88.71,504,190.0,-25.0,191.637678967368,0,37.49585763972988,-17,9,3,5.0693855192693436
2663,2533201,408385.0,3382630.0,17,60,6,3,2585.0,9.2,487,0,7,408435,3382490,489,0,7,-97.5,504,50.0,-140.0,148.66068747318505,2,100.34617594194674,-15,9,3,5.761696349783887
2664,2533201,408385.0,3382630.0,17,60,6,3,2585.0,9.2,487,0,7,408400,3382515,488,0,7,-99.67,504,15.0,-115.0,115.97413504743201,1,112.56859202882742,-16,9,3,7.855042913363628
2665,2533201,408385.0,3382630.0,17,60,6,3,2585.0,9.2,487,0,7,408750,3382805,487,0,7,-101.5,504,365.0,175.0,404.7838929601819,0,4.384515679357833,-17,9,3,2.4048787699870755
2666,2533201,408385.0,3382630.0,17,60,6,3,2585.0,9.2,487,0,7,408470,3382525,488,0,7,-89.57,504,85.0,-105.0,135.09256086106296,1,81.00900595749454,-16,9,3,6.754492835599706
2667,2533201,408385.0,3382630.0,17,60,6,3,2585.0,9.2,487,0,7,408705,3382780,486,0,7,-96.92,504,320.0,150.0,353.41194094144583,-1,4.885165113855464,-18,9,3,2.915672958139338
2668,2533201,408385.0,3382630.0,17,60,6,3,2585.0,9.2,487,0,7,408700,3382775,486,0,7,-96.13,504,315.0,145.0,346.77081768799405,-1,5.282559088916628,-18,9,3,2.9714128505346182
2669,2533201,408385.0,3382630.0,17,60,6,3,2585.0,9.2,487,0,7,408415,3382510,489,0,7,-95.0,504,30.0,-120.0,123.69316876852982,2,105.96375653207349,-15,9,3,6.914371772152123
2670,2533201,408385.0,3382630.0,17,60,6,3,2585.0,9.2,487,0,7,408410,3382505,489,0,6,-95.5,504,25.0,-125.0,127.47548783981962,2,108.69006752597977,-15,9,3,6.711115269369334
2671,2533201,408385.0,3382630.0,17,60,6,3,2585.0,9.2,487,0,7,408405,3382520,488,0,6,-93.25,504,20.0,-110.0,111.80339887498948,1,109.69515353123393,-16,9,3,8.144207136149896
2672,2533201,408385.0,3382630.0,17,60,6,3,2585.0,9.2,487,0,7,408710,3382765,487,0,6,-99.22,504,325.0,135.0,351.9232870953555,0,7.442753365294379,-17,9,3,2.765579105322334
2673,2533201,408385.0,3382630.0,17,60,6,3,2585.0,9.2,487,0,7,409115,3381530,485,0,5,-118.5,504,730.0,-1100.0,1320.1893803541975,-2,86.43030158162753,-19,9,3,0.8245367488769557
2674,2533201,408385.0,3382630.0,17,60,6,3,2585.0,9.2,487,0,7,408650,3383075,489,0,7,-99.0,504,265.0,445.0,517.9285665031424,2,-29.225963898751786,-15,9,3,1.65890931543838
2675,2533201,408385.0,3382630.0,17,60,6,3,2585.0,9.2,487,0,7,408465,3382605,488,0,7,-98.33,504,80.0,-25.0,83.81527307120105,1,47.35402463626133,-16,9,3,10.807507017271917
2676,2533201,408385.0,3382630.0,17,60,6,3,2585.0,9.2,487,0,7,408590,3382420,489,0,2,-95.5,504,205.0,-210.0,293.47061181658376,2,75.6902771978651,-15,9,3,2.9259810289533257
2677,2533201,408385.0,3382630.0,17,60,6,3,2585.0,9.2,487,0,7,408450,3382640,488,0,7,-91.0,504,65.0,10.0,65.76473218982953,1,21.25383773744477,-16,9,3,13.673917277303037
2678,2533201,408385.0,3382630.0,17,60,6,3,2585.0,9.2,487,0,7,408565,3382425,489,0,2,-93.0,504,180.0,-205.0,272.8094573140748,2,78.71528910542878,-15,9,3,3.147149633790203
2679,2533201,408385.0,3382630.0,17,60,6,3,2585.0,9.2,487,0,7,408930,3382800,488,0,2,-100.67,504,545.0,170.0,570.8984147814741,1,12.675910460029058,-16,9,3,1.605351396360008
2680,2533201,408385.0,3382630.0,17,60,6,3,2585.0,9.2,487,0,7,408595,3382415,489,0,2,-94.0,504,210.0,-215.0,300.54117854297436,2,75.67403689798448,-15,9,3,2.857259498556422
2681,2533201,408385.0,3382630.0,17,60,6,3,2585.0,9.2,487,0,7,408505,3382485,488,0,7,-88.0,504,120.0,-145.0,188.2153022471871,1,80.3893117599734,-16,9,3,4.858976505097488
2682,2533201,408385.0,3382630.0,17,60,6,3,2585.0,9.2,487,0,7,408605,3382465,487,0,6,-70.41,504,220.0,-165.0,275.0,0,66.86989764584405,-17,9,3,3.5374194299875135
2683,2533201,408385.0,3382630.0,17,60,6,3,2585.0,9.2,487,0,7,408620,3382450,488,0,7,-74.19,504,235.0,-180.0,296.0152023123137,1,67.4505782317367,-16,9,3,3.093899467560276
2684,2533201,408385.0,3382630.0,17,60,6,3,2585.0,9.2,487,0,7,408570,3382440,488,0,2,-77.93,504,185.0,-190.0,265.1886121235224,1,75.76389846093002,-16,9,3,3.4527218655177183
2685,2533201,408385.0,3382630.0,17,60,6,3,2585.0,9.2,487,0,7,408600,3382470,487,0,7,-70.35,504,215.0,-160.0,268.00186566514793,0,66.65610841596691,-17,9,3,3.6295456570095546
2686,2533201,408385.0,3382630.0,17,60,6,3,2585.0,9.2,487,0,7,408625,3382445,488,0,7,-75.0,504,240.0,-185.0,303.0264014900352,1,67.62623363866982,-16,9,3,3.022449419711156
2687,2533201,408385.0,3382630.0,17,60,6,3,2585.0,9.2,487,0,7,408440,3382630,488,0,7,-96.33,504,55.0,0.0,55.0,1,30.0,-16,9,3,16.220193695602788
2688,2533201,408385.0,3382630.0,17,60,6,3,2585.0,9.2,487,0,7,408515,3382495,488,0,6,-84.47,504,130.0,-135.0,187.41664813991312,1,76.0809241866607,-16,9,3,4.879582699531883
2689,2533201,408385.0,3382630.0,17,60,6,3,2585.0,9.2,487,0,7,408760,3382950,488,0,7,-103.33,504,375.0,320.0,492.97565862829373,1,-10.475231527165818,-16,9,3,1.8589371854823824
2690,2533201,408385.0,3382630.0,17,60,6,3,2585.0,9.2,487,0,7,408765,3382945,488,0,7,-104.5,504,380.0,315.0,493.5838327984416,1,-9.656944241424867,-16,9,3,1.8566482818587748
2691,2533201,408385.0,3382630.0,17,60,6,3,2585.0,9.2,487,0,7,408615,3382475,487,0,7,-73.93,504,230.0,-155.0,277.35356496717327,0,63.97654403625688,-17,9,3,3.5074768787688453
2692,2533201,408385.0,3382630.0,17,60,6,3,2585.0,9.2,487,0,7,408495,3382515,488,0,7,-81.86,504,110.0,-115.0,159.13830462839547,1,76.2730300200567,-16,9,3,5.741308593534495
2693,2533201,408385.0,3382630.0,17,60,6,3,2585.0,9.2,487,0,7,408480,3382510,488,0,7,-86.64,504,95.0,-120.0,153.05227865013967,1,81.63251461513846,-16,9,3,5.967991499847734
2694,2533201,408385.0,3382630.0,17,60,6,3,2585.0,9.2,487,0,7,408485,3382505,488,0,7,-87.23,504,100.0,-125.0,160.0781059358212,1,81.34019174590992,-16,9,3,5.707825205225764
2695,2533201,408385.0,3382630.0,17,60,6,3,2585.0,9.2,487,0,7,408500,3382490,488,0,6,-88.54,504,115.0,-140.0,181.1767093199344,1,80.59933933652059,-16,9,3,5.0467876750928475
2696,2533201,408385.0,3382630.0,17,60,6,3,2585.0,9.2,487,0,7,408510,3382500,488,0,7,-82.55,504,125.0,-130.0,180.34688796871433,1,76.12330271407541,-16,9,3,5.069888464355771
2697,2533201,408385.0,3382630.0,17,60,6,3,2585.0,9.2,487,0,7,408635,3382455,487,0,7,-73.16,504,250.0,-175.0,305.16389039334257,0,64.99202019855869,-17,9,3,3.188524491150483
2698,2533201,408385.0,3382630.0,17,60,6,3,2585.0,9.2,487,0,7,408610,3382480,487,0,7,-72.4,504,225.0,-150.0,270.4163456597992,0,63.69006752597977,-17,9,3,3.597223826268439
2699,2533201,408385.0,3382630.0,17,60,6,3,2585.0,9.2,487,0,7,408575,3382435,488,0,2,-76.38,504,190.0,-195.0,272.2590678012396,1,75.7440592028887,-16,9,3,3.3632646686120395
2700,2533201,408385.0,3382630.0,17,60,6,3,2585.0,9.2,487,0,7,408580,3382410,489,0,2,-83.57,504,195.0,-220.0,293.981291921782,2,78.44738685186519,-15,9,3,2.920907065009741
2701,2533201,408385.0,3382630.0,17,60,6,3,2585.0,9.2,487,0,7,408585,3382405,489,0,2,-84.0,504,200.0,-225.0,301.0398644698074,2,78.36646066342979,-15,9,3,2.8525341449704418
2702,2533201,408385.0,3382630.0,17,60,6,3,2585.0,9.2,487,0,7,408490,3382520,488,0,7,-88.33,504,105.0,-110.0,152.0690632574555,1,76.33221985386967,-16,9,3,6.006296878221098
2703,2533201,408385.0,3382630.0,17,60,6,3,2585.0,9.2,487,0,7,408630,3382460,487,0,7,-75.63,504,245.0,-170.0,298.2029510249689,0,64.75591255354135,-17,9,3,3.2627951088556943
2704,2533201,408385.0,3382630.0,17,60,6,3,2585.0,9.2,487,0,7,408415,3382665,488,0,6,-98.5,504,30.0,35.0,46.09772228646444,1,-19.398705354995514,-16,9,3,19.14131168231073
2705,2533201,408385.0,3382630.0,17,60,6,3,2585.0,9.2,487,0,7,408590,3382490,487,0,6,-78.67,504,205.0,-140.0,248.2438317461282,0,64.33021719550334,-17,9,3,3.917559183810362
2706,2533201,408385.0,3382630.0,17,60,6,3,2585.0,9.2,487,0,7,408435,3382645,488,0,7,-91.0,504,50.0,15.0,52.20153254455275,1,13.300755766006375,-16,9,3,17.04053317094319
2707,2533201,408385.0,3382630.0,17,60,6,3,2585.0,9.2,487,0,7,408910,3382810,488,0,2,-97.0,504,525.0,180.0,555.0,1,11.075355583948749,-16,9,3,1.6513128520816607
2708,2533201,408385.0,3382630.0,17,60,6,3,2585.0,9.2,487,0,7,408505,3382415,489,0,7,-96.0,504,120.0,-215.0,246.22144504490262,2,90.8323866204222,-15,9,3,3.4861944426277125
2709,2533201,408385.0,3382630.0,17,60,6,3,2585.0,9.2,487,0,7,408540,3382460,488,0,2,-84.04,504,155.0,-170.0,230.05434140654683,1,77.64254529406469,-16,9,3,3.978445496899013
2710,2533201,408385.0,3382630.0,17,60,6,3,2585.0,9.2,487,0,7,408550,3382450,488,0,2,-79.7,504,165.0,-180.0,244.1823089414956,1,77.48955292199918,-16,9,3,3.748935983147418
2711,2533201,408385.0,3382630.0,17,60,6,3,2585.0,9.2,487,0,7,408530,3382470,488,0,7,-86.26,504,145.0,-160.0,215.92822881689185,1,77.81555668421123,-16,9,3,4.237797781748902
2712,2533201,408385.0,3382630.0,17,60,6,3,2585.0,9.2,487,0,7,408535,3382465,488,0,7,-84.25,504,150.0,-165.0,222.9910312097776,1,77.72631099390628,-16,9,3,4.104039968190227
2713,2533201,408385.0,3382630.0,17,60,6,3,2585.0,9.2,487,0,7,408545,3382455,488,0,2,-82.41,504,160.0,-175.0,237.11811402758752,1,77.563770211465,-16,9,3,3.8602910162435773
2714,2533201,408385.0,3382630.0,17,60,6,3,2585.0,9.2,487,0,7,408485,3382435,489,0,2,-99.0,504,100.0,-195.0,219.14607000811125,2,92.8503183022168,-15,9,3,3.9156453145140544
2715,2533201,408385.0,3382630.0,17,60,6,3,2585.0,9.2,487,0,7,408495,3382425,489,0,2,-99.2,504,110.0,-205.0,232.64780248263682,2,91.78264414527075,-15,9,3,3.6890473057802153
2716,2533201,408385.0,3382630.0,17,60,6,3,2585.0,9.2,487,0,7,408500,3382420,489,0,7,-98.57,504,115.0,-210.0,239.42639787625757,2,91.29404745659895,-15,9,3,3.584880006448471
2717,2533201,408385.0,3382630.0,17,60,6,3,2585.0,9.2,487,0,7,408745,3382975,488,0,7,-113.0,504,360.0,345.0,498.62310415783986,1,-13.781124764868707,-16,9,3,1.837897235264501
2718,2533201,408385.0,3382630.0,17,60,6,3,2585.0,9.2,487,0,7,408750,3382970,488,0,7,-103.0,504,365.0,340.0,498.8236161209692,1,-12.969085763146893,-16,9,3,1.8371589626955176
2719,2533201,408385.0,3382630.0,17,60,6,3,2585.0,9.2,487,0,7,408755,3382965,488,0,7,-111.5,504,370.0,335.0,499.1242330322181,1,-12.157862116344347,-16,9,3,1.8360532200946122
2720,2533201,408385.0,3382630.0,17,60,6,3,2585.0,9.2,487,0,7,408520,3382480,488,0,7,-85.9,504,135.0,-150.0,201.80436070610565,1,78.0127875041834,-16,9,3,4.53319641613262
2721,2533201,408385.0,3382630.0,17,60,6,3,2585.0,9.2,487,0,7,408555,3382445,488,0,2,-79.78,504,170.0,-185.0,251.24689052802225,1,77.41950921665637,-16,9,3,3.64381116971446
2722,2533201,408385.0,3382630.0,17,60,6,3,2585.0,9.2,487,0,7,408525,3382475,488,0,6,-90.38,504,140.0,-155.0,208.86598574205422,1,77.91083782616772,-16,9,3,4.380538880117381
2723,2533201,408385.0,3382630.0,17,60,6,3,2585.0,9.2,487,0,7,408595,3382485,487,0,7,-73.67,504,210.0,-145.0,255.1960031034969,0,64.62415507994893,-17,9,3,3.811154073379614
2724,2533201,408385.0,3382630.0,17,60,6,3,2585.0,9.2,487,0,7,408850,3382790,488,0,2,-101.0,504,465.0,160.0,491.7570538385799,1,11.012375912129869,-16,9,3,1.86354050423035
2725,2533201,408385.0,3382630.0,17,60,6,3,2585.0,9.2,487,0,7,408755,3382180,486,0,7,-98.5,504,370.0,-450.0,582.5804665451803,-1,80.57219780396383,-18,9,3,1.7697058210911851
2726,2533201,408385.0,3382630.0,17,60,6,3,2585.0,9.2,487,0,7,408905,3382330,485,0,2,-95.4,504,520.0,-300.0,600.3332407921454,-2,59.98163936884936,-19,9,3,1.812754113395655
2727,2533201,408385.0,3382630.0,17,60,6,3,2585.0,9.2,487,0,7,408730,3382195,486,0,7,-95.5,504,345.0,-435.0,555.2026656996525,-1,81.581944655178,-18,9,3,1.856912768673812
2728,2533201,408385.0,3382630.0,17,60,6,3,2585.0,9.2,487,0,7,408915,3382340,485,0,2,-95.22,504,530.0,-290.0,604.1522986797286,-2,58.68614757373945,-19,9,3,1.8013026340835407
2729,2533201,408385.0,3382630.0,17,60,6,3,2585.0,9.2,487,0,7,408885,3382350,485,0,2,-94.5,504,500.0,-280.0,573.0619512757761,-2,59.24882633654698,-19,9,3,1.8989590493870927
2730,2533201,408385.0,3382630.0,17,60,6,3,2585.0,9.2,487,0,7,408895,3382360,486,0,7,-92.93,504,510.0,-270.0,577.0615218501404,-1,57.89727103094765,-18,9,3,1.7866201502931887
2731,2533201,408385.0,3382630.0,17,60,6,3,2585.0,9.2,487,0,7,408890,3382355,486,0,7,-97.07,504,505.0,-275.0,575.0217387195027,-1,58.57069854846657,-18,9,3,1.792953725070374
2732,2533201,408385.0,3382630.0,17,60,6,3,2585.0,9.2,487,0,7,408910,3382335,485,0,2,-93.97,504,525.0,-295.0,602.2042842756932,-2,59.331839578247525,-19,9,3,1.8071256424172357
2733,2533201,408385.0,3382630.0,17,60,6,3,2585.0,9.2,487,0,7,408880,3382345,485,0,2,-92.68,504,495.0,-285.0,571.1829829397931,-2,59.931511840507824,-19,9,3,1.9052012848362794
2734,2533201,408385.0,3382630.0,17,60,6,3,2585.0,9.2,487,0,7,408585,3382595,487,0,7,-92.5,504,200.0,-35.0,203.03940504246953,0,39.926245506651696,-17,9,3,4.786074396203231
2735,2533201,408385.0,3382630.0,17,60,6,3,2585.0,9.2,487,0,7,408750,3382750,488,0,7,-103.0,504,365.0,120.0,384.2199890687625,1,11.80083494695458,-16,9,3,2.3845795112300667
2736,2533201,408385.0,3382630.0,17,60,6,3,2585.0,9.2,487,0,7,408610,3382610,487,0,7,-91.0,504,225.0,-20.0,225.88713996153035,0,35.07960786001456,-17,9,3,4.3038994885147295
2737,2533201,408385.0,3382630.0,17,60,6,3,2585.0,9.2,487,0,7,408650,3382810,486,0,5,-103.33,504,265.0,180.0,320.3513695928269,-1,-4.186122486375041,-18,9,3,3.2159710884579824
2738,2533201,408385.0,3382630.0,17,60,6,3,2585.0,9.2,487,0,7,408580,3382600,487,0,7,-78.5,504,195.0,-30.0,197.29419656948858,0,38.74616226255523,-17,9,3,4.924769109606425
2739,2533201,408385.0,3382630.0,17,60,6,3,2585.0,9.2,487,0,7,408740,3382760,487,0,7,-95.75,504,355.0,130.0,378.05422891431857,0,9.887411710924539,-17,9,3,2.5746902553729925
2740,2533201,408385.0,3382630.0,17,60,6,3,2585.0,9.2,487,0,7,408365,3382535,487,0,7,-98.75,504,-20.0,-95.0,97.082439194738,0,131.88865803962796,-17,9,3,9.932299992490863
2741,2533201,408385.0,3382630.0,17,60,6,3,2585.0,9.2,487,0,7,408635,3382625,487,0,7,-91.5,504,250.0,-5.0,250.04999500099976,0,31.145762838175074,-17,9,3,3.8893489999013364
2742,2533201,408385.0,3382630.0,17,60,6,3,2585.0,9.2,487,0,7,408360,3382540,487,0,7,-97.7,504,-25.0,-90.0,93.40770846134703,0,135.52411099675425,-17,9,3,10.314809712009428
2743,2533201,408385.0,3382630.0,17,60,6,3,2585.0,9.2,487,0,7,408395,3382545,488,0,7,-101.25,504,10.0,-85.0,85.58621384311844,1,113.29016319224309,-16,9,3,10.588988149918144
2744,2533201,408385.0,3382630.0,17,60,6,3,2585.0,9.2,487,0,7,408370,3382530,487,0,7,-96.67,504,-15.0,-100.0,101.11874208078342,0,128.53076560994813,-17,9,3,9.543276701770772
2745,2533201,408385.0,3382630.0,17,60,6,3,2585.0,9.2,487,0,7,408745,3382755,487,0,7,-99.0,504,360.0,125.0,381.08398024582453,0,10.851862542060417,-17,9,3,2.554247782927615
2746,2533201,408385.0,3382630.0,17,60,6,3,2585.0,9.2,487,0,7,408515,3382200,486,0,7,-90.5,504,130.0,-430.0,449.22154890432404,-1,103.17859010995915,-18,9,3,2.2945751765433204
2747,2533201,408385.0,3382630.0,17,60,6,3,2585.0,9.2,487,0,7,409210,3382735,484,0,5,-95.0,504,825.0,105.0,831.6549765377467,-3,22.746805387274662,-20,9,3,1.3776082564176395
2748,2533201,408385.0,3382630.0,17,60,6,3,2585.0,9.2,487,0,7,408485,3382525,488,0,6,-83.0,504,100.0,-105.0,145.0,1,76.39718102729637,-16,9,3,6.296818718984405
2749,2533201,408385.0,3382630.0,17,60,6,3,2585.0,9.2,487,0,7,408760,3382890,488,0,7,-100.67,504,375.0,260.0,456.31677593531447,1,-4.734859539786271,-16,9,3,2.008159919698574
2750,2533201,408385.0,3382630.0,17,60,6,3,2585.0,9.2,487,0,7,408575,3382455,488,0,2,-76.66,504,190.0,-175.0,258.3118270617898,1,72.64670313389172,-16,9,3,3.544409028254284
2751,2533201,408385.0,3382630.0,17,60,6,3,2585.0,9.2,487,0,7,408595,3382475,487,0,7,-71.92,504,210.0,-155.0,261.00766272276377,0,66.43085812016238,-17,9,3,3.72653582383477
2752,2533201,408385.0,3382630.0,17,60,6,3,2585.0,9.2,487,0,7,408525,3382485,488,0,7,-84.22,504,140.0,-145.0,201.55644370746373,1,76.00508600525416,-16,9,3,4.538749022543304
2753,2533201,408385.0,3382630.0,17,60,6,3,2585.0,9.2,487,0,7,408530,3382500,488,0,6,-76.0,504,145.0,-130.0,194.74342094150447,1,71.8778695378843,-16,9,3,4.696836912019651
2754,2533201,408385.0,3382630.0,17,60,6,3,2585.0,9.2,487,0,7,408585,3382465,488,0,6,-72.8,504,200.0,-165.0,259.2778432492835,1,69.52263127117112,-16,9,3,3.531236763402531
2755,2533201,408385.0,3382630.0,17,60,6,3,2585.0,9.2,487,0,7,408600,3382410,489,0,2,-86.5,504,215.0,-220.0,307.6117683054405,2,75.65854317756362,-15,9,3,2.7916892648758007
2756,2533201,408385.0,3382630.0,17,60,6,3,2585.0,9.2,487,0,7,408610,3382420,488,0,2,-81.0,504,225.0,-210.0,307.77426793024785,1,73.02506598911805,-16,9,3,2.9759081985786944
2757,2533201,408385.0,3382630.0,17,60,6,3,2585.0,9.2,487,0,7,408560,3382450,488,0,2,-77.61,504,175.0,-180.0,251.04780421266383,1,75.80692945510236,-16,9,3,3.6466929961030976
2758,2533201,408385.0,3382630.0,17,60,6,3,2585.0,9.2,487,0,7,408545,3382505,488,0,6,-82.2,504,160.0,-125.0,203.03940504246953,1,67.99873244250466,-16,9,3,4.505735862075315
2759,2533201,408385.0,3382630.0,17,60,6,3,2585.0,9.2,487,0,7,408590,3382480,487,0,7,-73.57,504,205.0,-150.0,254.01771591761076,0,66.19320730556467,-17,9,3,3.8287800402544936
2760,2533201,408385.0,3382630.0,17,60,6,3,2585.0,9.2,487,0,7,408520,3382490,488,0,7,-84.51,504,135.0,-140.0,194.48650338776724,1,76.04162667600997,-16,9,3,4.703013641377171
2761,2533201,408385.0,3382630.0,17,60,6,3,2585.0,9.2,487,0,7,408630,3382440,488,0,7,-75.33,504,245.0,-190.0,310.0403199585499,1,67.79394299861673,-16,9,3,2.9541962691056085
2762,2533201,408385.0,3382630.0,17,60,6,3,2585.0,9.2,487,0,7,408745,3382945,488,0,7,-105.5,504,360.0,315.0,478.3565615730592,1,-11.185925165709648,-16,9,3,1.9157066247040553
2763,2533201,408385.0,3382630.0,17,60,6,3,2585.0,9.2,487,0,7,408755,3382955,488,0,7,-105.67,504,370.0,325.0,492.4682730897494,1,-11.29537255792286,-16,9,3,1.8608510855416232
2764,2533201,408385.0,3382630.0,17,60,6,3,2585.0,9.2,487,0,7,408620,3382430,488,0,2,-77.87,504,235.0,-200.0,308.58548248418947,1,70.39990433373674,-16,9,3,2.9680990892719685
2765,2533201,408385.0,3382630.0,17,60,6,3,2585.0,9.2,487,0,7,408740,3382950,488,0,7,-106.92,504,355.0,320.0,477.93828053421294,1,-12.031765970128276,-16,9,3,1.9173819579875866
2766,2533201,408385.0,3382630.0,17,60,6,3,2585.0,9.2,487,0,7,408580,3382470,488,0,6,-73.47,504,195.0,-160.0,252.23996511258878,1,69.36931724236479,-16,9,3,3.6295038233737222
2767,2533201,408385.0,3382630.0,17,60,6,3,2585.0,9.2,487,0,7,408635,3382435,488,0,7,-75.89,504,250.0,-195.0,317.0567772497538,1,67.95423087513251,-16,9,3,2.888931989386419
2768,2533201,408385.0,3382630.0,17,60,6,3,2585.0,9.2,487,0,7,408565,3382445,488,0,2,-77.61,504,180.0,-185.0,258.11818998280614,1,75.78482460299188,-16,9,3,3.547061214053444
2769,2533201,408385.0,3382630.0,17,60,6,3,2585.0,9.2,487,0,7,408625,3382425,488,0,2,-76.09,504,240.0,-205.0,315.6342820417326,1,70.50284838533224,-16,9,3,2.901929574147303
2770,2533201,408385.0,3382630.0,17,60,6,3,2585.0,9.2,487,0,7,408535,3382495,488,0,7,-80.55,504,150.0,-135.0,201.80436070610565,1,71.98721249581666,-16,9,3,4.53319641613262
2771,2533201,408385.0,3382630.0,17,60,6,3,2585.0,9.2,487,0,7,408570,3382460,488,0,7,-76.56,504,185.0,-170.0,251.24689052802225,1,72.58049078334363,-16,9,3,3.64381116971446
2772,2533201,408385.0,3382630.0,17,60,6,3,2585.0,9.2,487,0,7,408605,3382405,489,0,2,-88.1,504,220.0,-225.0,314.6823795511913,2,75.6437457141754,-15,9,3,2.729058601419509
2773,2533201,408385.0,3382630.0,17,60,6,3,2585.0,9.2,487,0,7,408615,3382415,488,0,2,-75.67,504,230.0,-215.0,314.8412298286233,1,73.069412558833,-16,9,3,2.9092266905737
2774,2533201,408385.0,3382630.0,17,60,6,3,2585.0,9.2,487,0,7,408750,3382960,488,0,7,-104.25,504,365.0,330.0,492.0619879649311,1,-12.11703654746043,-16,9,3,1.8623864691599956
2775,2533201,408385.0,3382630.0,17,60,6,3,2585.0,9.2,487,0,7,408490,3382540,488,0,7,-86.77,504,105.0,-90.0,138.2931668593933,1,70.60129464500449,-16,9,3,6.599564452136032
2776,2533201,408385.0,3382630.0,17,60,6,3,2585.0,9.2,487,0,7,408555,3382515,487,0,6,-82.0,504,170.0,-115.0,205.24375751773792,0,64.07719528013075,-17,9,3,4.734906124958333
2777,2533201,408385.0,3382630.0,17,60,6,3,2585.0,9.2,487,0,7,408495,3382535,488,0,6,-87.57,504,110.0,-95.0,145.34441853748632,1,70.81508387488157,-16,9,3,6.282016762758497
2778,2533201,408385.0,3382630.0,17,60,6,3,2585.0,9.2,487,0,7,408425,3382625,488,0,7,-93.5,504,40.0,-5.0,40.311288741492746,1,37.125016348901795,-16,9,3,21.648679905696664
2779,2533201,408385.0,3382630.0,17,60,6,3,2585.0,9.2,487,0,7,408340,3382555,486,0,7,-97.0,504,-45.0,-75.0,87.46427842267951,-1,150.96375653207352,-18,9,3,11.62901399521606
2780,2533201,408385.0,3382630.0,17,60,6,3,2585.0,9.2,487,0,7,408775,3382730,488,0,7,-99.0,504,390.0,100.0,402.6164427839479,1,15.618605408909389,-16,9,3,2.27573998878824
2781,2533201,408385.0,3382630.0,17,60,6,3,2585.0,9.2,487,0,7,408350,3382545,486,0,7,-96.33,504,-35.0,-85.0,91.92388155425118,-1,142.38013505195957,-18,9,3,11.079142653965262
2782,2533201,408385.0,3382630.0,17,60,6,3,2585.0,9.2,487,0,7,408355,3382550,486,0,7,-102.6,504,-30.0,-80.0,85.44003745317531,-1,140.55604521958347,-18,9,3,11.896763927219828
2783,2533201,408385.0,3382630.0,17,60,6,3,2585.0,9.2,487,0,7,408745,3382800,487,0,7,-102.67,504,360.0,170.0,398.1205847478877,0,4.722277764447028,-17,9,3,2.4450805602118737
2784,2533201,408385.0,3382630.0,17,60,6,3,2585.0,9.2,487,0,7,408725,3382780,487,0,7,-100.8,504,340.0,150.0,371.6180835212409,0,6.1940564815423045,-17,9,3,2.6192203810467936
2785,2533201,408385.0,3382630.0,17,60,6,3,2585.0,9.2,487,0,7,409280,3382215,487,0,2,-90.0,504,895.0,-415.0,986.5343379730884,0,54.87654892225703,-17,9,3,0.9872255035048166
2786,2533201,408385.0,3382630.0,17,60,6,3,2585.0,9.2,487,0,7,408720,3382775,487,0,7,-99.95,504,335.0,145.0,365.0342449688796,0,6.595310448967666,-17,9,3,2.66639364539507
2787,2533201,408385.0,3382630.0,17,60,6,3,2585.0,9.2,487,0,7,408765,3382740,488,0,7,-101.33,504,380.0,110.0,395.60080889704966,1,13.855661219716524,-16,9,3,2.316054677440503
2788,2533201,408385.0,3382630.0,17,60,6,3,2585.0,9.2,487,0,7,408735,3382770,487,0,7,-100.22,504,350.0,140.0,376.9615364994153,0,8.198590513648185,-17,9,3,2.5821433824478865
2789,2533201,408385.0,3382630.0,17,60,6,3,2585.0,9.2,487,0,7,407990,3383225,484,0,5,-78.67,504,-395.0,595.0,714.177848998413,-3,266.4211862749993,-20,9,3,1.6041048827492093
2790,2533201,408385.0,3382630.0,17,60,6,3,2585.0,9.2,487,0,7,408740,3382795,487,0,7,-101.0,504,355.0,165.0,391.47158262126766,0,5.071525864538728,-17,9,3,2.4865576715906275
2791,2533201,408385.0,3382630.0,17,60,6,3,2585.0,9.2,487,0,7,408455,3382410,489,0,2,-110.0,504,70.0,-220.0,230.8679276123039,2,102.34987578006985,-15,9,3,3.7174085492676103
2792,2533201,408385.0,3382630.0,17,60,6,3,2585.0,9.2,487,0,7,408730,3382765,487,0,7,-103.33,504,345.0,135.0,370.4726710568541,0,8.629377730656813,-17,9,3,2.6273070514645327
2793,2533201,408385.0,3382630.0,17,60,6,3,2585.0,9.2,487,0,7,408960,3381675,485,0,5,-104.5,504,575.0,-955.0,1114.7421226454126,-2,88.94809618437364,-19,9,3,0.9764719475030955
2794,2533201,408385.0,3382630.0,17,60,6,3,2585.0,9.2,487,0,7,409000,3381635,484,0,5,-100.5,504,615.0,-995.0,1169.722189239821,-3,88.2801846921758,-20,9,3,0.9795521989003476
2795,2533201,408385.0,3382630.0,17,60,6,3,2585.0,9.2,487,0,7,408810,3382685,487,9,7,-99.2,504,425.0,55.0,428.54404674432243,0,22.62623363866976,-17,9,3,2.271686693399022
2796,2533201,408385.0,3382630.0,17,60,6,3,2585.0,9.2,487,0,7,408800,3382695,487,0,7,-102.67,504,415.0,65.0,420.05951959216446,0,21.09828396710799,-17,9,3,2.317521577413699
2797,2533201,408385.0,3382630.0,17,60,6,3,2585.0,9.2,487,0,7,408775,3382410,485,0,7,-83.24,504,390.0,-220.0,447.7722635447622,-2,59.42745640318975,-19,9,3,2.429733262563586
2798,2533201,408385.0,3382630.0,17,60,6,3,2585.0,9.2,487,0,7,408770,3382405,485,0,7,-83.11,504,385.0,-225.0,445.92600283006595,-2,60.30268072048807,-19,9,3,2.439780919454539
2799,2533201,408385.0,3382630.0,17,60,6,3,2585.0,9.2,487,0,7,408765,3382420,485,0,7,-84.25,504,380.0,-210.0,434.1658669218482,-2,58.92642583525361,-19,9,3,2.505783493039176
2800,2533201,408385.0,3382630.0,17,60,6,3,2585.0,9.2,487,0,7,408760,3382415,485,0,7,-83.35,504,375.0,-215.0,432.26149493101974,-2,59.82708465447473,-19,9,3,2.5168088128877937
2801,2533201,408385.0,3382630.0,17,60,6,3,2585.0,9.2,487,0,7,409145,3382775,484,0,7,-90.33,504,760.0,145.0,773.7086014773262,-3,19.19838176430926,-20,9,3,1.480738946853426
2802,2533201,408385.0,3382630.0,17,60,6,3,2585.0,9.2,487,0,7,408765,3382575,486,0,7,-78.75,504,380.0,-55.0,383.9596332949598,-1,38.235619324209495,-18,9,3,2.6840568993537266
2803,2533201,408385.0,3382630.0,17,60,6,3,2585.0,9.2,487,0,7,408850,3382490,485,0,7,-101.33,504,465.0,-140.0,485.61816275753114,-2,46.755748929199,-19,9,3,2.24057689525374
2804,2533201,408385.0,3382630.0,17,60,6,3,2585.0,9.2,487,0,7,408810,3382530,486,0,7,-93.0,504,425.0,-100.0,436.6062299143245,-1,43.24051991518718,-18,9,3,2.3608007662937593
2805,2533201,408385.0,3382630.0,17,60,6,3,2585.0,9.2,487,0,7,408730,3382610,487,0,7,-81.2,504,345.0,-20.0,345.5792239125495,0,33.31778116833482,-17,9,3,2.8162679645891275
2806,2533201,408385.0,3382630.0,17,60,6,3,2585.0,9.2,487,0,7,408805,3382535,486,0,7,-94.0,504,420.0,-95.0,430.6100323959023,-1,42.74528947313286,-18,9,3,2.3936366837521215
2807,2533201,408385.0,3382630.0,17,60,6,3,2585.0,9.2,487,0,7,408815,3382525,486,0,7,-95.67,504,430.0,-105.0,442.6341604530766,-1,43.722297133133566,-18,9,3,2.32868628002402
2808,2533201,408385.0,3382630.0,17,60,6,3,2585.0,9.2,487,0,7,408855,3382485,485,0,7,-105.5,504,470.0,-145.0,491.85871955267805,-2,47.14555091886177,-19,9,3,2.2121775481620394
2809,2533201,408385.0,3382630.0,17,60,6,3,2585.0,9.2,487,0,7,409105,3382275,487,0,7,-98.25,504,720.0,-355.0,802.7608610289866,0,56.24585793600346,-17,9,3,1.2131666270041515
2810,2533201,408385.0,3382630.0,17,60,6,3,2585.0,9.2,487,0,7,408620,3382760,486,0,5,-106.5,504,235.0,130.0,268.5609800399157,-1,1.0490047925331965,-18,9,3,3.834450839463493
2811,2533201,408385.0,3382630.0,17,60,6,3,2585.0,9.2,487,0,7,409100,3382280,487,0,6,-96.75,504,715.0,-350.0,796.0684643923536,0,56.08223300313466,-17,9,3,1.2233624022621863
2812,2533201,408385.0,3382630.0,17,60,6,3,2585.0,9.2,487,0,7,408905,3382475,486,0,7,-102.5,504,520.0,-155.0,542.6094359666075,-1,46.598104392861046,-18,9,3,1.8999779687462353
2813,2533201,408385.0,3382630.0,17,60,6,3,2585.0,9.2,487,0,7,408735,3382605,487,0,7,-78.17,504,350.0,-25.0,350.891721190455,0,34.085616779974885,-17,9,3,2.7736967904022363
2814,2533201,408385.0,3382630.0,17,60,6,3,2585.0,9.2,487,0,7,408775,3382565,486,0,7,-80.67,504,390.0,-65.0,395.37956446938426,-1,39.462322208025626,-18,9,3,2.6066405535983876
2815,2533201,408385.0,3382630.0,17,60,6,3,2585.0,9.2,487,0,7,408800,3382540,486,0,7,-89.75,504,415.0,-90.0,424.64691215173104,-1,42.23611150941633,-18,9,3,2.427209494791496
2816,2533201,408385.0,3382630.0,17,60,6,3,2585.0,9.2,487,0,7,408770,3382570,486,0,7,-81.5,504,385.0,-60.0,389.6472763923803,-1,38.857958763628346,-18,9,3,2.6449340316173475
2817,2533201,408385.0,3382630.0,17,60,6,3,2585.0,9.2,487,0,7,408845,3382495,485,0,7,-101.0,504,460.0,-135.0,479.40066750057827,-2,46.35581710101724,-19,9,3,2.26960543475671
2818,2533201,408385.0,3382630.0,17,60,6,3,2585.0,9.2,487,0,7,408760,3382580,486,0,7,-74.14,504,375.0,-50.0,378.3186487605389,-1,37.59464336859145,-18,9,3,2.7240181474696104
2819,2533201,408385.0,3382630.0,17,60,6,3,2585.0,9.2,487,0,7,409015,3382325,487,0,7,-91.83,504,630.0,-305.0,699.9464265213445,0,55.83287659951418,-17,9,3,1.3913019063126584
2820,2533201,408385.0,3382630.0,17,60,6,3,2585.0,9.2,487,0,7,409110,3382270,487,0,2,-97.6,504,725.0,-360.0,809.4596963407134,0,56.40677594566387,-17,9,3,1.2031298027260677
2821,2533201,408385.0,3382630.0,17,60,6,3,2585.0,9.2,487,0,7,409040,3382300,487,0,7,-98.22,504,655.0,-330.0,733.4337052522197,0,56.7397328904666,-17,9,3,1.32780082078787
2822,2533201,408385.0,3382630.0,17,60,6,3,2585.0,9.2,487,0,7,409115,3382265,487,0,2,-97.67,504,730.0,-365.0,816.1648117874232,0,56.565051177077976,-17,9,3,1.1932484870472526
2823,2533201,408385.0,3382630.0,17,60,6,3,2585.0,9.2,487,0,7,409050,3382290,487,0,7,-97.6,504,665.0,-340.0,746.8768305416897,0,57.079670088195144,-17,9,3,1.3039099016112938
2824,2533201,408385.0,3382630.0,17,60,6,3,2585.0,9.2,487,0,7,408720,3382620,487,0,7,-74.5,504,335.0,-10.0,335.1492204973779,0,31.709814044141524,-17,9,3,2.9037638257187575
2825,2533201,408385.0,3382630.0,17,60,6,3,2585.0,9.2,487,0,7,408680,3382660,486,0,7,-94.33,504,295.0,30.0,296.52150006365474,-1,24.193273094468395,-18,9,3,3.4738122834432463
2826,2533201,408385.0,3382630.0,17,60,6,3,2585.0,9.2,487,0,7,409045,3382295,487,0,7,-96.67,504,660.0,-335.0,740.1520114138716,0,56.91124502753894,-17,9,3,1.3157527251704155
2827,2533201,408385.0,3382630.0,17,60,6,3,2585.0,9.2,487,0,7,408715,3382665,486,0,7,-95.0,504,330.0,35.0,331.85087012090236,-1,23.945808105885135,-18,9,3,3.1047512070950822
2828,2533201,408385.0,3382630.0,17,60,6,3,2585.0,9.2,487,0,7,408770,3382425,486,0,7,-88.33,504,385.0,-205.0,436.1765697512878,-1,58.033851891463826,-18,9,3,2.3631236619806453
2829,2533201,408385.0,3382630.0,17,60,6,3,2585.0,9.2,487,0,7,408780,3382415,485,0,7,-81.92,504,395.0,-215.0,449.7221364353772,-2,58.55962047831986,-19,9,3,2.419211143378744
2830,2533201,408385.0,3382630.0,17,60,6,3,2585.0,9.2,487,0,7,408795,3382410,485,0,7,-84.5,504,410.0,-220.0,465.29560496527364,-2,58.217355854729306,-19,9,3,2.3383314513048252
2831,2533201,408385.0,3382630.0,17,60,6,3,2585.0,9.2,487,0,7,408790,3382405,485,0,7,-84.47,504,405.0,-225.0,463.303356344415,-2,59.05460409907715,-19,9,3,2.348375266262094
2832,2533201,408385.0,3382630.0,17,60,6,3,2585.0,9.2,487,0,7,408625,3382780,486,9,5,-103.0,504,240.0,150.0,283.0194339616981,-1,-2.005383208083515,-18,9,3,3.639102914803162
2833,2533201,408385.0,3382630.0,17,60,6,3,2585.0,9.2,487,0,7,408695,3382710,486,0,7,-98.0,504,310.0,80.0,320.1562118716424,-1,15.529705899934129,-18,9,3,3.2179273303839278
2834,2533201,408385.0,3382630.0,17,60,6,3,2585.0,9.2,487,0,7,408635,3382770,486,0,5,-101.5,504,250.0,140.0,286.53097563788805,-1,0.7511736634530166,-18,9,3,3.5946220389564445
2835,2533201,408385.0,3382630.0,17,60,6,3,2585.0,9.2,487,0,7,408725,3382600,487,0,7,-80.5,504,340.0,-30.0,341.32096331752024,0,35.04245106917091,-17,9,3,2.8513456053140476
2836,2533201,408385.0,3382630.0,17,60,6,3,2585.0,9.2,487,0,7,408665,3382660,486,0,7,-95.0,504,280.0,30.0,281.60255680657446,-1,23.884496433714617,-18,9,3,3.657363408395787
2837,2533201,408385.0,3382630.0,17,60,6,3,2585.0,9.2,487,0,7,408735,3382590,487,0,7,-84.83,504,350.0,-40.0,352.27829907617075,0,36.519801751656985,-17,9,3,2.7627963856762574
2838,2533201,408385.0,3382630.0,17,60,6,3,2585.0,9.2,487,0,7,408825,3382500,486,0,7,-101.5,504,440.0,-130.0,458.8027898781785,-1,46.460014812040015,-18,9,3,2.246706878716476
2839,2533201,408385.0,3382630.0,17,60,6,3,2585.0,9.2,487,0,7,408755,3382570,486,0,7,-81.44,504,370.0,-60.0,374.83329627982624,-1,39.21102654081665,-18,9,3,2.749308492643259
2840,2533201,408385.0,3382630.0,17,60,6,3,2585.0,9.2,487,0,7,408820,3382495,486,0,7,-100.89,504,435.0,-135.0,455.4667935206693,-1,47.24145939893998,-18,9,3,2.263145488498654
2841,2533201,408385.0,3382630.0,17,60,6,3,2585.0,9.2,487,0,7,408920,3382475,487,0,7,-102.0,504,535.0,-155.0,557.0008976653448,0,46.157339864587925,-17,9,3,1.7481587313938456
2842,2533201,408385.0,3382630.0,17,60,6,3,2585.0,9.2,487,0,7,408740,3382575,487,0,7,-83.0,504,355.0,-55.0,359.23529893372114,0,38.80679269443533,-17,9,3,2.709372204618173
2843,2533201,408385.0,3382630.0,17,60,6,3,2585.0,9.2,487,0,7,408990,3382325,486,0,6,-96.43,504,605.0,-305.0,677.5322870535396,-1,56.75414547242178,-18,9,3,1.5218189827883555
2844,2533201,408385.0,3382630.0,17,60,6,3,2585.0,9.2,487,0,7,408815,3382510,486,0,7,-99.5,504,430.0,-120.0,446.4302857109943,-1,45.592810939266315,-18,9,3,2.3089063123636198
2845,2533201,408385.0,3382630.0,17,60,6,3,2585.0,9.2,487,0,7,408980,3382335,486,0,7,-92.5,504,595.0,-295.0,664.115953730973,-1,56.37213682354496,-18,9,3,1.5525475576639332
2846,2533201,408385.0,3382630.0,17,60,6,3,2585.0,9.2,487,0,7,408995,3382330,486,0,7,-92.5,504,610.0,-300.0,679.7793759742935,-1,56.18811069748085,-18,9,3,1.516790788990908
2847,2533201,408385.0,3382630.0,17,60,6,3,2585.0,9.2,487,0,7,408805,3382520,486,0,7,-98.0,504,420.0,-110.0,434.1658669218482,-1,44.67639313745002,-18,9,3,2.374055233682549
2848,2533201,408385.0,3382630.0,17,60,6,3,2585.0,9.2,487,0,7,408745,3382580,487,0,7,-80.7,504,360.0,-50.0,363.45563690772497,0,37.90716270295843,-17,9,3,2.6779578525346275
2849,2533201,408385.0,3382630.0,17,60,6,3,2585.0,9.2,487,0,7,408675,3382650,486,0,2,-98.5,504,290.0,20.0,290.68883707497264,-1,26.054813770962426,-18,9,3,3.543338381578365
2850,2533201,408385.0,3382630.0,17,60,6,3,2585.0,9.2,487,0,7,408970,3382345,486,0,7,-97.25,504,585.0,-285.0,650.7303589045158,-1,55.97439396243135,-18,9,3,1.5844675154152805
2851,2533201,408385.0,3382630.0,17,60,6,3,2585.0,9.2,487,0,7,408660,3382655,486,0,7,-92.5,504,275.0,25.0,276.1340254296815,-1,24.80557109226521,-18,9,3,3.7295910273742305
2852,2533201,408385.0,3382630.0,17,60,6,3,2585.0,9.2,487,0,7,408800,3382515,486,0,7,-101.77,504,415.0,-115.0,430.6390600026895,-1,45.488501442909694,-18,9,3,2.393475526200547
2853,2533201,408385.0,3382630.0,17,60,6,3,2585.0,9.2,487,0,7,408750,3382565,486,0,7,-83.0,504,365.0,-65.0,370.74249823833253,-1,40.09750438407525,-18,9,3,2.779597233908708
2854,2533201,408385.0,3382630.0,17,60,6,3,2585.0,9.2,487,0,7,408835,3382490,485,0,7,-104.25,504,450.0,-140.0,471.2748667179271,-2,47.28149837181667,-19,9,3,2.3086963683018253
2855,2533201,408385.0,3382630.0,17,60,6,3,2585.0,9.2,487,0,7,408730,3382585,487,0,7,-84.0,504,345.0,-45.0,347.92240514229604,0,37.43140797117252,-17,9,3,2.7973312442862053
2856,2533201,408385.0,3382630.0,17,60,6,3,2585.0,9.2,487,0,7,408830,3382485,486,0,7,-103.5,504,445.0,-145.0,468.0277769534625,-1,48.0478210687711,-18,9,3,2.202467568635437
2857,2533201,408385.0,3382630.0,17,60,6,3,2585.0,9.2,487,0,7,408810,3382505,486,0,7,-100.86,504,425.0,-125.0,443.00112866673373,-1,46.38954033403479,-18,9,3,2.3267593904730286
2858,2533201,408385.0,3382630.0,17,60,6,3,2585.0,9.2,487,0,7,408720,3382595,487,0,7,-82.0,504,335.0,-35.0,336.82339586198583,0,35.9644871012531,-17,9,3,2.8893552315163467
2859,2533201,408385.0,3382630.0,17,60,6,3,2585.0,9.2,487,0,7,410785,3380040,481,0,5,-105.5,504,2400.0,-2590.0,3531.0196827545437,-6,77.18054945219728,-23,9,3,0.3732021937861623
2860,2533201,408385.0,3382630.0,17,60,6,3,2585.0,9.2,487,0,7,408170,3382415,481,0,6,-97.5,504,-215.0,-215.0,304.05591591021545,-6,165.0,-23,9,3,4.325842582008938
2861,2533201,408385.0,3382630.0,17,60,6,3,2585.0,9.2,487,0,7,408315,3382560,485,0,7,-98.0,504,-70.0,-70.0,98.99494936611666,-2,165.0,-19,9,3,10.864601005599901
2862,2533201,408385.0,3382630.0,17,60,6,3,2585.0,9.2,487,0,7,408160,3382405,481,0,5,-94.5,504,-225.0,-225.0,318.1980515339464,-6,165.0,-23,9,3,4.134264972331513
2863,2533201,408385.0,3382630.0,17,60,6,3,2585.0,9.2,487,0,7,408670,3382755,486,0,7,-101.0,504,285.0,125.0,311.20732639190874,-1,6.317912275461538,-18,9,3,3.310257150312068
2864,2533201,408385.0,3382630.0,17,60,6,3,2585.0,9.2,487,0,7,408700,3382785,486,0,5,-98.0,504,315.0,155.0,351.0697936308392,-1,3.799885158652671,-18,9,3,2.935090847138067
2865,2533201,408385.0,3382630.0,17,60,6,3,2585.0,9.2,487,0,7,408425,3382510,489,0,7,-93.0,504,40.0,-120.0,126.49110640673517,2,101.56505117707798,-15,9,3,6.762860735059934
2866,2533201,408385.0,3382630.0,17,60,6,3,2585.0,9.2,487,0,7,408515,3382600,488,0,7,-86.25,504,130.0,-30.0,133.41664064126334,1,42.994616791916485,-16,9,3,6.838541159976503
2867,2533201,408385.0,3382630.0,17,60,6,3,2585.0,9.2,487,0,7,408480,3382565,488,0,6,-90.08,504,95.0,-65.0,115.10864433221339,1,64.38034472384487,-16,9,3,7.913358730686709
2868,2533201,408385.0,3382630.0,17,60,6,3,2585.0,9.2,487,0,7,408685,3382770,486,0,5,-100.0,504,300.0,140.0,331.058907144937,-1,4.98310652189997,-18,9,3,3.1121638462934267
2869,2533201,408385.0,3382630.0,17,60,6,3,2585.0,9.2,487,0,7,408645,3382730,486,0,7,-101.5,504,260.0,100.0,278.5677655436824,-1,8.962488974578207,-18,9,3,3.6970977831058702
2870,2533201,408385.0,3382630.0,17,60,6,3,2585.0,9.2,487,0,7,408435,3382520,489,0,7,-92.39,504,50.0,-110.0,120.83045973594572,2,95.55604521958344,-15,9,3,7.076544762270447
2871,2533201,408385.0,3382630.0,17,60,6,3,2585.0,9.2,487,0,7,408680,3382765,486,0,5,-101.8,504,295.0,135.0,324.4225639501667,-1,5.409882833803977,-18,9,3,3.175696839091786
2872,2533201,408385.0,3382630.0,17,60,6,3,2585.0,9.2,487,0,7,408695,3382780,486,0,5,-99.4,504,310.0,150.0,344.3835071544513,-1,4.179008025810731,-18,9,3,2.991973767189416
2873,2533201,408385.0,3382630.0,17,60,6,3,2585.0,9.2,487,0,7,408440,3382525,488,0,7,-90.12,504,55.0,-105.0,118.53269591129698,1,92.35402463626133,-16,9,3,7.687539171886995
2874,2533201,408385.0,3382630.0,17,60,6,3,2585.0,9.2,487,0,7,408675,3382760,486,0,5,-100.67,504,290.0,130.0,317.80497164141406,-1,5.854458039578333,-18,9,3,3.241684174257212
2875,2533201,408385.0,3382630.0,17,60,6,3,2585.0,9.2,487,0,7,408415,3382500,489,0,7,-99.0,504,30.0,-130.0,133.41664064126334,2,107.00538320808346,-15,9,3,6.414812165317045
2876,2533201,408385.0,3382630.0,17,60,6,3,2585.0,9.2,487,0,7,408430,3382515,489,0,7,-94.18,504,45.0,-115.0,123.4908903522847,2,98.62937773065687,-15,9,3,6.925587625074576
2877,2533201,408385.0,3382630.0,17,60,6,3,2585.0,9.2,487,0,7,408445,3382530,488,0,7,-92.73,504,60.0,-100.0,116.61903789690601,1,89.03624346792651,-16,9,3,7.812142384069064
2878,2533201,408385.0,3382630.0,17,60,6,3,2585.0,9.2,487,0,7,408690,3382775,486,0,5,-99.23,504,305.0,145.0,337.71289581536564,-1,4.57312583041022,-18,9,3,3.0509616002513718
2879,2533201,408385.0,3382630.0,17,60,6,3,2585.0,9.2,487,0,7,408420,3382505,489,0,7,-97.33,504,35.0,-125.0,129.80754985747168,2,104.35775354279122,-15,9,3,6.59161710497636
2880,2533201,408385.0,3382630.0,17,60,6,3,2585.0,9.2,487,0,7,408235,3382230,486,0,5,-103.0,504,-150.0,-400.0,427.20018726587654,-1,140.55604521958347,-18,9,3,2.412719828939824
2881,2533201,408385.0,3382630.0,17,60,6,3,2585.0,9.2,487,0,7,409215,3383050,487,0,7,-101.5,504,830.0,420.0,930.2150289046076,0,3.1594904667867922,-17,9,3,1.0469835524045206
2882,2533201,408385.0,3382630.0,17,60,6,3,2585.0,9.2,487,0,7,409025,3382760,485,0,7,-101.5,504,640.0,130.0,653.0696746902278,-2,18.51800864525194,-19,9,3,1.6664574455566492
2883,2533201,408385.0,3382630.0,17,60,6,3,2585.0,9.2,487,0,7,408975,3382770,487,0,2,-99.5,504,590.0,140.0,606.3827174318212,0,16.651272886712604,-17,9,3,1.6058722641199081
2884,2533201,408385.0,3382630.0,17,60,6,3,2585.0,9.2,487,0,7,408965,3382780,487,0,2,-97.5,504,580.0,150.0,599.0826320300064,0,15.499833233447418,-17,9,3,1.62543008978472
2885,2533201,408385.0,3382630.0,17,60,6,3,2585.0,9.2,487,0,7,408530,3382440,488,0,2,-90.5,504,145.0,-190.0,239.0083680543424,1,82.65065095535942,-16,9,3,3.8298522137657556
2886,2533201,408385.0,3382630.0,17,60,6,3,2585.0,9.2,487,0,7,408535,3382435,489,0,2,-96.0,504,150.0,-195.0,246.01829200285087,2,82.43140797117252,-15,9,3,3.4890661077212064
2887,2533201,408385.0,3382630.0,17,60,6,3,2585.0,9.2,487,0,7,408505,3382445,489,0,2,-93.2,504,120.0,-185.0,220.51077071199947,2,87.03059609653792,-15,9,3,3.8914867916206113
2888,2533201,408385.0,3382630.0,17,60,6,3,2585.0,9.2,487,0,7,408625,3382485,487,0,6,-74.0,504,240.0,-145.0,280.40149785619906,0,61.13897243697886,-17,9,3,3.469444636441985
2889,2533201,408385.0,3382630.0,17,60,6,3,2585.0,9.2,487,0,7,408760,3382990,488,0,7,-96.67,504,375.0,360.0,519.8317035349037,1,-13.83086067209257,-16,9,3,1.762961240971774
2890,2533201,408385.0,3382630.0,17,60,6,3,2585.0,9.2,487,0,7,408490,3382480,488,0,7,-92.67,504,105.0,-150.0,183.09833423600554,1,85.00797980144137,-16,9,3,4.994090694482216
2891,2533201,408385.0,3382630.0,17,60,6,3,2585.0,9.2,487,0,7,408500,3382450,488,0,2,-95.0,504,115.0,-180.0,213.60009363293827,1,87.42594286542749,-16,9,3,4.283816655424362
2892,2533201,408385.0,3382630.0,17,60,6,3,2585.0,9.2,487,0,7,408795,3382975,489,0,7,-91.5,504,410.0,345.0,535.8404613315422,2,-10.079383963636019,-15,9,3,1.6034853029947955
2893,2533201,408385.0,3382630.0,17,60,6,3,2585.0,9.2,487,0,7,408525,3382425,489,0,2,-90.5,504,140.0,-205.0,248.2438317461282,2,85.66978280449666,-15,9,3,3.457862394772701
2894,2533201,408385.0,3382630.0,17,60,6,3,2585.0,9.2,487,0,7,408690,3382920,487,0,5,-104.5,504,305.0,290.0,420.86221023037933,0,-13.555874469064179,-17,9,3,2.3131062835724454
2895,2533201,408385.0,3382630.0,17,60,6,3,2585.0,9.2,487,0,7,408480,3382470,488,0,7,-92.5,504,95.0,-160.0,186.07794065928394,1,89.30027744918561,-16,9,3,4.914516739824285
2896,2533201,408385.0,3382630.0,17,60,6,3,2585.0,9.2,487,0,7,408740,3383010,488,0,7,-99.0,504,355.0,380.0,520.0240379059414,1,-16.94808500651493,-16,9,3,1.7623096092034778
2897,2533201,408385.0,3382630.0,17,60,6,3,2585.0,9.2,487,0,7,408805,3382785,488,0,7,-103.0,504,420.0,155.0,447.6885077819175,1,9.743537825476892,-16,9,3,2.0468304308706498
2898,2533201,408385.0,3382630.0,17,60,6,3,2585.0,9.2,487,0,7,408555,3382415,489,0,7,-87.5,504,170.0,-215.0,274.0894014733149,2,81.66665989090137,-15,9,3,3.132482394251823
2899,2533201,408385.0,3382630.0,17,60,6,3,2585.0,9.2,487,0,7,408520,3382430,489,0,2,-88.89,504,135.0,-200.0,241.29857024027308,2,85.98065001017358,-15,9,3,3.557137556138204
2900,2533201,408385.0,3382630.0,17,60,6,3,2585.0,9.2,487,0,7,408515,3382455,488,0,2,-92.0,504,130.0,-175.0,218.0022935659164,1,83.3929251873925,-16,9,3,4.197624352046856
2901,2533201,408385.0,3382630.0,17,60,6,3,2585.0,9.2,487,0,7,408510,3382460,488,0,2,-90.75,504,125.0,-170.0,211.00947846009194,1,83.6731740478798,-16,9,3,4.3362107390720634
2902,2533201,408385.0,3382630.0,17,60,6,3,2585.0,9.2,487,0,7,408780,3382970,488,0,7,-95.0,504,395.0,340.0,521.1765535785354,1,-10.72053646975479,-16,9,3,1.758414934947622
2903,2533201,408385.0,3382630.0,17,60,6,3,2585.0,9.2,487,0,7,408550,3382420,489,0,2,-83.33,504,165.0,-210.0,267.0674072214728,2,81.84277341263095,-15,9,3,3.214674113074015
2904,2533201,408385.0,3382630.0,17,60,6,3,2585.0,9.2,487,0,7,408495,3382475,488,0,7,-87.14,504,110.0,-155.0,190.06577808748213,1,84.637538112931,-16,9,3,4.811892840382231
2905,2533201,408385.0,3382630.0,17,60,6,3,2585.0,9.2,487,0,7,408745,3383005,488,0,7,-100.0,504,360.0,375.0,519.8317035349037,1,-16.16913932790743,-16,9,3,1.762961240971774
2906,2533201,408385.0,3382630.0,17,60,6,3,2585.0,9.2,487,0,7,408830,3382780,488,0,7,-99.5,504,445.0,150.0,469.6008943773425,1,11.372136823544963,-16,9,3,1.9513974430240053
2907,2533201,408385.0,3382630.0,17,60,6,3,2585.0,9.2,487,0,7,410815,3380045,481,0,5,-112.0,504,2430.0,-2585.0,3547.8338461658545,-6,76.77029304202404,-23,9,3,0.3714335352987218
2908,2533201,408385.0,3382630.0,17,60,6,3,2585.0,9.2,487,0,7,409540,3381525,482,0,5,-102.5,504,1155.0,-1105.0,1598.452376519238,-5,73.73260101476671,-22,9,3,0.7885299460517662
2909,2533201,408385.0,3382630.0,17,60,6,3,2585.0,9.2,487,0,7,410830,3380040,481,0,5,-107.0,504,2445.0,-2590.0,3561.7586948023304,-6,76.64957149158681,-23,9,3,0.3699814403813097
2910,2533201,408385.0,3382630.0,17,60,6,3,2585.0,9.2,487,0,7,408175,3382355,484,0,5,-108.33,504,-210.0,-275.0,346.01300553591915,-3,157.3666694127687,-20,9,3,3.3080894647382912
2911,2533201,408385.0,3382630.0,17,60,6,3,2585.0,9.2,487,0,7,408260,3382250,486,0,6,-96.5,504,-125.0,-380.0,400.03124877939223,-1,138.20848447058083,-18,9,3,2.576370830389003
2912,2533201,408385.0,3382630.0,17,60,6,3,2585.0,9.2,487,0,7,408265,3382245,486,0,6,-101.0,504,-120.0,-385.0,403.2679010285842,-1,137.3116461088466,-18,9,3,2.5557202524845195
2913,2533201,408385.0,3382630.0,17,60,6,3,2585.0,9.2,487,0,7,408550,3382585,487,0,7,-86.0,504,165.0,-45.0,171.0263137648707,0,45.2551187030578,-17,9,3,5.676548851495239
2914,2533201,408385.0,3382630.0,17,60,6,3,2585.0,9.2,487,0,7,408650,3382765,486,0,5,-103.67,504,265.0,135.0,297.40544715926103,-1,3.0041616059133958,-18,9,3,3.463512606044146
2915,2533201,408385.0,3382630.0,17,60,6,3,2585.0,9.2,487,0,7,408710,3382745,487,0,7,-98.2,504,325.0,115.0,344.74628351876396,0,10.513870427534243,-17,9,3,2.82306134652978
2916,2533201,408385.0,3382630.0,17,60,6,3,2585.0,9.2,487,0,7,408555,3382590,487,0,7,-85.5,504,170.0,-40.0,174.64249196572982,0,43.24051991518718,-17,9,3,5.5597533832406185
2917,2533201,408385.0,3382630.0,17,60,6,3,2585.0,9.2,487,0,7,408450,3382485,489,0,7,-92.5,504,65.0,-145.0,158.90248582070703,2,95.85445803957839,-15,9,3,5.392599544806282
2918,2533201,408385.0,3382630.0,17,60,6,3,2585.0,9.2,487,0,7,408755,3382870,488,0,6,-99.33,504,370.0,240.0,441.02154142399894,1,-2.969403903462137,-16,9,3,2.077745651373387
2919,2533201,408385.0,3382630.0,17,60,6,3,2585.0,9.2,487,0,7,408405,3382540,488,0,7,-101.0,504,20.0,-90.0,92.19544457292888,1,107.47119229084842,-16,9,3,9.845302162757218
2920,2533201,408385.0,3382630.0,17,60,6,3,2585.0,9.2,487,0,7,408465,3382520,488,0,7,-90.09,504,80.0,-110.0,136.01470508735443,1,83.9726266148964,-16,9,3,6.709117994108565
2921,2533201,408385.0,3382630.0,17,60,6,3,2585.0,9.2,487,0,7,408715,3382750,487,0,7,-100.75,504,330.0,120.0,351.14099732158877,0,10.01689347810003,-17,9,3,2.7717308057365373
2922,2533201,408385.0,3382630.0,17,60,6,3,2585.0,9.2,487,0,7,408540,3382595,487,0,7,-89.5,504,155.0,-35.0,158.90248582070703,0,42.72435568542238,-17,9,3,6.106496477820346
2923,2533201,408385.0,3382630.0,17,60,6,3,2585.0,9.2,487,0,7,408415,3382530,488,0,7,-94.16,504,30.0,-100.0,104.4030650891055,1,103.30075576600643,-16,9,3,8.712915410405545
2924,2533201,408385.0,3382630.0,17,60,6,3,2585.0,9.2,487,0,7,408545,3382600,487,0,7,-90.25,504,160.0,-30.0,162.78820596099706,0,40.61965527615513,-17,9,3,5.961798207864104
2925,2533201,408385.0,3382630.0,17,60,6,3,2585.0,9.2,487,0,7,408775,3382810,488,0,7,-104.0,504,390.0,180.0,429.53463189829057,1,5.224859431168056,-16,9,3,2.133259480564467
2926,2533201,408385.0,3382630.0,17,60,6,3,2585.0,9.2,487,0,7,408410,3382525,488,0,7,-93.89,504,25.0,-105.0,107.93516572461452,1,106.60750224624894,-16,9,3,8.431958167446737
2927,2533201,408385.0,3382630.0,17,60,6,3,2585.0,9.2,487,0,7,408475,3382510,488,0,7,-88.36,504,90.0,-120.0,150.0,1,83.13010235415595,-16,9,3,6.088528154195175
2928,2533201,408385.0,3382630.0,17,60,6,3,2585.0,9.2,487,0,7,408460,3382515,488,0,7,-88.83,504,75.0,-115.0,137.2953021774598,1,86.88865803962801,-16,9,3,6.64710249950339
2929,2533201,408385.0,3382630.0,17,60,6,3,2585.0,9.2,487,0,7,408470,3382505,488,0,7,-89.18,504,85.0,-125.0,151.16216457830973,1,85.7842978675626,-16,9,3,6.042065934928248
2930,2533201,408385.0,3382630.0,17,60,6,3,2585.0,9.2,487,0,7,408655,3382770,486,0,5,-101.08,504,270.0,140.0,304.138126514911,-1,2.592424562181577,-18,9,3,3.3870216367885724
2931,2533201,408385.0,3382630.0,17,60,6,3,2585.0,9.2,487,0,7,408455,3382490,489,0,7,-100.0,504,70.0,-140.0,156.52475842498527,2,93.43494882292202,-15,9,3,5.474023248450561
2932,2533201,408385.0,3382630.0,17,60,6,3,2585.0,9.2,487,0,7,408400,3382535,488,0,7,-94.28,504,15.0,-95.0,96.17692030835673,1,111.0273733851036,-16,9,3,9.445229905954376
2933,2533201,408385.0,3382630.0,17,60,6,3,2585.0,9.2,487,0,7,408705,3382760,486,0,7,-97.5,504,320.0,130.0,345.3983207834109,-1,7.890551656248363,-18,9,3,2.983198961339515
2934,2533201,408385.0,3382630.0,17,60,6,3,2585.0,9.2,487,0,7,408685,3382740,486,0,7,-101.5,504,300.0,110.0,319.53090617340916,-1,9.86369657175186,-18,9,3,3.2242113771899814
2935,2533201,408385.0,3382630.0,17,60,6,3,2585.0,9.2,487,0,7,408445,3382500,489,0,7,-103.33,504,60.0,-130.0,143.17821063276352,2,95.22485943116806,-15,9,3,5.9807491210364745
2936,2533201,408385.0,3382630.0,17,60,6,3,2585.0,9.2,487,0,7,409120,3382745,483,0,7,-99.0,504,735.0,115.0,743.9422020560469,-4,21.107451291751886,-21,9,3,1.6169158547696876
2937,2533201,408385.0,3382630.0,17,60,6,3,2585.0,9.2,487,0,7,408505,3382450,488,0,2,-94.0,504,120.0,-180.0,216.33307652783935,1,86.30993247402023,-16,9,3,4.229895939277143
2938,2533201,408385.0,3382630.0,17,60,6,3,2585.0,9.2,487,0,7,408550,3382415,489,0,7,-81.5,504,165.0,-215.0,271.01660465735307,2,82.49585763972988,-15,9,3,3.1679266664181136
2939,2533201,408385.0,3382630.0,17,60,6,3,2585.0,9.2,487,0,7,408940,3382805,488,0,2,-101.5,504,555.0,175.0,581.936422644261,1,12.49913873104714,-16,9,3,1.5749170221790367
2940,2533201,408385.0,3382630.0,17,60,6,3,2585.0,9.2,487,0,7,408555,3382420,489,0,2,-83.5,504,170.0,-210.0,270.1851217221259,2,81.00900595749454,-15,9,3,3.1776558740454504
2941,2533201,408385.0,3382630.0,17,60,6,3,2585.0,9.2,487,0,7,408515,3382460,488,0,2,-92.33,504,130.0,-170.0,214.00934559032697,1,82.59464336859145,-16,9,3,4.275655083052081
2942,2533201,408385.0,3382630.0,17,60,6,3,2585.0,9.2,487,0,7,408490,3382475,488,0,7,-94.0,504,105.0,-155.0,187.21645226849054,1,85.88552705465872,-16,9,3,4.884775342017467
2943,2533201,408385.0,3382630.0,17,60,6,3,2585.0,9.2,487,0,7,408800,3382785,488,0,7,-102.0,504,415.0,155.0,443.00112866673373,1,9.519642688190743,-16,9,3,2.068469155995174
2944,2533201,408385.0,3382630.0,17,60,6,3,2585.0,9.2,487,0,7,408525,3382430,489,0,2,-91.67,504,140.0,-200.0,244.13111231467406,2,85.00797980144137,-15,9,3,3.5159698482752666
2945,2533201,408385.0,3382630.0,17,60,6,3,2585.0,9.2,487,0,7,408520,3382425,489,0,2,-89.78,504,135.0,-205.0,245.45875417267155,2,86.63363399894047,-15,9,3,3.4969999263412004
2946,2533201,408385.0,3382630.0,17,60,6,3,2585.0,9.2,487,0,7,408795,3382980,489,0,7,-104.5,504,410.0,350.0,539.0732788777422,2,-10.486011541998721,-15,9,3,1.5938741914201855
2947,2533201,408385.0,3382630.0,17,60,6,3,2585.0,9.2,487,0,7,408495,3382480,488,0,7,-91.2,504,110.0,-150.0,186.01075237738274,1,83.74616226255523,-16,9,3,4.916283196188579
2948,2533201,408385.0,3382630.0,17,60,6,3,2585.0,9.2,487,0,7,408500,3382445,489,0,2,-100.5,504,115.0,-185.0,217.83020910791964,2,88.13402230639633,-15,9,3,3.939224558504191
2949,2533201,408385.0,3382630.0,17,60,6,3,2585.0,9.2,487,0,7,408785,3382970,488,0,7,-90.5,504,400.0,340.0,524.9761899362675,1,-10.364536573097325,-16,9,3,1.7456959045066331
2950,2533201,408385.0,3382630.0,17,60,6,3,2585.0,9.2,487,0,7,408665,3382385,487,0,2,-86.5,504,280.0,-245.0,372.05510344571275,0,71.18592516570965,-17,9,3,2.6161480935148953
2951,2533201,408385.0,3382630.0,17,60,6,3,2585.0,9.2,487,0,7,408670,3382400,487,0,2,-80.0,504,285.0,-230.0,366.23080154459973,0,68.90413845540422,-17,9,3,2.657694462119663
2952,2533201,408385.0,3382630.0,17,60,6,3,2585.0,9.2,487,0,7,408700,3382350,486,0,2,-95.5,504,315.0,-280.0,421.4558102577303,-1,71.63353933657015,-18,9,3,2.4455651655755735
2953,2533201,408385.0,3382630.0,17,60,6,3,2585.0,9.2,487,0,7,408650,3382380,488,0,2,-85.0,504,265.0,-250.0,364.3144246389374,1,73.3316625517067,-16,9,3,2.514706235876446
2954,2533201,408385.0,3382630.0,17,60,6,3,2585.0,9.2,487,0,7,408705,3382345,486,0,2,-97.25,504,320.0,-285.0,428.51487722131657,-1,71.68905848538856,-18,9,3,2.4053262763790455
2955,2533201,408385.0,3382630.0,17,60,6,3,2585.0,9.2,487,0,7,408655,3382375,487,0,2,-88.25,504,270.0,-255.0,371.3825520941984,0,73.36342295838324,-17,9,3,2.620879179469477
2956,2533201,408385.0,3382630.0,17,60,6,3,2585.0,9.2,487,0,7,408445,3382535,488,0,7,-92.0,504,60.0,-95.0,112.36102527122117,1,87.72435568542238,-16,9,3,8.10432724829216
2957,2533201,408385.0,3382630.0,17,60,6,3,2585.0,9.2,487,0,7,408450,3382530,488,0,7,-91.0,504,65.0,-100.0,119.26860441876563,1,86.97613244420336,-16,9,3,7.64066775306929
2958,2533201,408385.0,3382630.0,17,60,6,3,2585.0,9.2,487,0,7,408420,3382520,489,0,7,-93.9,504,35.0,-110.0,115.43396380615195,2,102.34987578006985,-15,9,3,7.403780786665616
2959,2533201,408385.0,3382630.0,17,60,6,3,2585.0,9.2,487,0,7,408435,3382505,489,0,7,-94.67,504,50.0,-125.0,134.6291201783626,2,98.19859051364824,-15,9,3,6.357515056182176
2960,2533201,408385.0,3382630.0,17,60,6,3,2585.0,9.2,487,0,7,408430,3382510,489,0,7,-94.08,504,45.0,-120.0,128.16005617976296,2,99.44395478041656,-15,9,3,6.67559216607672
2961,2533201,408385.0,3382630.0,17,60,6,3,2585.0,9.2,487,0,7,408680,3382780,486,0,5,-99.67,504,295.0,150.0,330.94561486745823,-1,3.047821068771043,-18,9,3,3.1132271348241156
2962,2533201,408385.0,3382630.0,17,60,6,3,2585.0,9.2,487,0,7,408455,3382525,488,0,7,-90.0,504,70.0,-105.0,126.19429464123962,1,86.30993247402023,-16,9,3,7.225897583007517
2963,2533201,408385.0,3382630.0,17,60,6,3,2585.0,9.2,487,0,7,408425,3382515,489,0,7,-92.47,504,40.0,-115.0,121.75795661885921,2,100.82099197418927,-15,9,3,7.0231792341103185
2964,2533201,408385.0,3382630.0,17,60,6,3,2585.0,9.2,487,0,7,408685,3382775,486,0,5,-98.36,504,300.0,145.0,333.2041416309227,-1,4.203973505500073,-18,9,3,3.0921661258010205
2965,2533201,408385.0,3382630.0,17,60,6,3,2585.0,9.2,487,0,7,408695,3382765,486,0,5,-97.25,504,310.0,135.0,338.11980125393427,-1,6.467651439098972,-18,9,3,3.047296888322431
2966,2533201,408385.0,3382630.0,17,60,6,3,2585.0,9.2,487,0,7,408715,3382785,487,0,7,-98.4,504,330.0,155.0,364.58880948268285,0,4.840698083968334,-17,9,3,2.6696465952784645
2967,2533201,408385.0,3382630.0,17,60,6,3,2585.0,9.2,487,0,7,408690,3382770,486,0,5,-101.33,504,305.0,140.0,335.5964838909967,-1,5.344101255918417,-18,9,3,3.070165547102448
2968,2533201,408385.0,3382630.0,17,60,6,3,2585.0,9.2,487,0,7,408500,3382600,488,0,7,-91.0,504,115.0,-30.0,118.84864324004712,1,44.62087398863167,-16,9,3,7.667346041085766
2969,2533201,408385.0,3382630.0,17,60,6,3,2585.0,9.2,487,0,7,409060,3382745,484,0,2,-97.0,504,675.0,115.0,684.7262226612911,-3,20.331331338916357,-20,9,3,1.6730626625047236
2970,2533201,408385.0,3382630.0,17,60,6,3,2585.0,9.2,487,0,7,409165,3383010,487,0,7,-107.0,504,780.0,380.0,867.6404785393545,0,4.02560603756865,-17,9,3,1.1224737219283139
2971,2533201,408385.0,3382630.0,17,60,6,3,2585.0,9.2,487,0,7,408575,3382160,485,0,5,-113.33,504,190.0,-470.0,506.951674225463,-2,97.9887168020806,-19,9,3,2.146379188198624
2972,2533201,408385.0,3382630.0,17,60,6,3,2585.0,9.2,487,0,7,408375,3382360,488,0,2,-103.0,504,-10.0,-270.0,270.1851217221259,1,122.12109639666144,-16,9,3,3.389021206349171
2973,2533201,408385.0,3382630.0,17,60,6,3,2585.0,9.2,487,0,7,409190,3382675,483,0,7,-99.0,504,805.0,45.0,806.2567829172044,-4,26.8004602904374,-21,9,3,1.492005296591254
2974,2533201,408385.0,3382630.0,17,60,6,3,2585.0,9.2,487,0,7,409185,3382670,483,0,7,-96.0,504,800.0,40.0,800.9993757800314,-4,27.13759477388828,-21,9,3,1.5017936921724555
2975,2533201,408385.0,3382630.0,17,60,6,3,2585.0,9.2,487,0,7,408860,3382345,485,0,2,-98.8,504,475.0,-285.0,553.9404300103035,-2,60.96375653207349,-19,9,3,1.9644588897287392
2976,2533201,408385.0,3382630.0,17,60,6,3,2585.0,9.2,487,0,7,408820,3382385,485,0,7,-88.55,504,435.0,-245.0,499.24943665466463,-2,59.38901146632031,-19,9,3,2.179461049748151
2977,2533201,408385.0,3382630.0,17,60,6,3,2585.0,9.2,487,0,7,408870,3382355,486,0,7,-92.86,504,485.0,-275.0,557.5392362874562,-1,59.55368363230747,-18,9,3,1.8491361155449835
2978,2533201,408385.0,3382630.0,17,60,6,3,2585.0,9.2,487,0,7,408875,3382360,486,0,7,-95.71,504,490.0,-270.0,559.4640292279746,-1,58.855661219716524,-18,9,3,1.842778698921937
2979,2533201,408385.0,3382630.0,17,60,6,3,2585.0,9.2,487,0,7,408810,3382375,485,0,7,-90.41,504,425.0,-255.0,495.63091106185055,-2,60.96375653207349,-19,9,3,2.195357449086859
2980,2533201,408385.0,3382630.0,17,60,6,3,2585.0,9.2,487,0,7,408815,3382380,485,0,6,-90.17,504,430.0,-250.0,497.3932046178355,-2,60.17352002964435,-19,9,3,2.187586738182627
2981,2533201,408385.0,3382630.0,17,60,6,3,2585.0,9.2,487,0,7,408715,3382200,486,0,7,-93.2,504,330.0,-430.0,542.0332093147061,-1,82.49585763972988,-18,9,3,1.9019963215264866
2982,2533201,408385.0,3382630.0,17,60,6,3,2585.0,9.2,487,0,7,408830,3382395,486,0,7,-89.07,504,445.0,-235.0,503.23950560344525,-1,57.83808119713473,-18,9,3,2.0484968740828067
2983,2533201,408385.0,3382630.0,17,60,6,3,2585.0,9.2,487,0,7,408800,3382365,485,0,7,-93.27,504,415.0,-265.0,492.3921201644072,-2,62.56043798115343,-19,9,3,2.2097835081526087
2984,2533201,408385.0,3382630.0,17,60,6,3,2585.0,9.2,487,0,7,408695,3382180,486,0,7,-89.5,504,310.0,-450.0,546.4430436925701,-1,85.43747535111817,-18,9,3,1.8866582133249696
2985,2533201,408385.0,3382630.0,17,60,6,3,2585.0,9.2,487,0,7,408865,3382350,485,0,2,-91.89,504,480.0,-280.0,555.6977595779922,-2,60.256437163529256,-19,9,3,1.9582513612914254
2986,2533201,408385.0,3382630.0,17,60,6,3,2585.0,9.2,487,0,7,408805,3382370,485,0,7,-90.17,504,420.0,-260.0,493.9635614091388,-2,61.75948008481282,-19,9,3,2.2027604824725557
2987,2533201,408385.0,3382630.0,17,60,6,3,2585.0,9.2,487,0,7,408825,3382390,486,0,7,-90.14,504,440.0,-240.0,501.1985634456667,-1,58.61045966596521,-18,9,3,2.056831454847136
2988,2533201,408385.0,3382630.0,17,60,6,3,2585.0,9.2,487,0,7,409145,3382710,484,0,2,-94.6,504,760.0,80.0,764.198926981712,-3,23.990994042505463,-20,9,3,1.4991568722648145
2989,2533201,408385.0,3382630.0,17,60,6,3,2585.0,9.2,487,0,7,408795,3382120,487,0,5,-95.5,504,410.0,-510.0,654.3699259593154,0,81.20344790169185,-17,9,3,1.488163150484691
2990,2533201,408385.0,3382630.0,17,60,6,3,2585.0,9.2,487,0,7,408875,3382335,485,0,2,-95.0,504,490.0,-295.0,571.9484242482009,-2,61.04965718662265,-19,9,3,1.9026534201674419
2991,2533201,408385.0,3382630.0,17,60,6,3,2585.0,9.2,487,0,7,409135,3382715,484,0,2,-94.0,504,750.0,85.0,754.8012983560641,-3,23.53406790106044,-20,9,3,1.517813397853266
2992,2533201,408385.0,3382630.0,17,60,6,3,2585.0,9.2,487,0,7,408685,3382185,486,0,7,-87.5,504,300.0,-445.0,536.6796064692602,-1,86.01383289035141,-18,9,3,1.9209553831829682
2993,2533201,408385.0,3382630.0,17,60,6,3,2585.0,9.2,487,0,7,408845,3382345,485,0,2,-92.5,504,460.0,-285.0,541.1330705103875,-2,61.780915092983435,-19,9,3,2.010915325415048
2994,2533201,408385.0,3382630.0,17,60,6,3,2585.0,9.2,487,0,7,408840,3382350,485,0,2,-93.87,504,455.0,-280.0,534.2518132865812,-2,61.60750224624894,-19,9,3,2.0367945912202816
2995,2533201,408385.0,3382630.0,17,60,6,3,2585.0,9.2,487,0,7,408835,3382375,485,0,6,-91.67,504,450.0,-255.0,517.228189487,-2,59.538782259558104,-19,9,3,2.103772697142244
2996,2533201,408385.0,3382630.0,17,60,6,3,2585.0,9.2,487,0,7,408830,3382380,485,0,6,-90.19,504,445.0,-250.0,510.4164965986111,-2,59.327179490456786,-19,9,3,2.1318225710989376
2997,2533201,408385.0,3382630.0,17,60,6,3,2585.0,9.2,487,0,7,408805,3382385,485,0,7,-90.11,504,420.0,-245.0,486.2355396307432,-2,60.256437163529256,-19,9,3,2.237734912066818
2998,2533201,408385.0,3382630.0,17,60,6,3,2585.0,9.2,487,0,7,408850,3382360,485,0,7,-92.09,504,465.0,-270.0,537.7034498680476,-2,60.14138555207535,-19,9,3,2.023730865830381
2999,2533201,408385.0,3382630.0,17,60,6,3,2585.0,9.2,487,0,7,408855,3382355,485,0,7,-92.65,504,470.0,-275.0,544.5410911951457,-2,60.33217509629992,-19,9,3,1.998340209833229
3000,2533201,408385.0,3382630.0,17,60,6,3,2585.0,9.2,487,0,7,408825,3382365,485,0,7,-90.64,504,440.0,-265.0,513.638978271704,-2,61.05940882970998,-19,9,3,2.118460111451558
3001,2533201,408385.0,3382630.0,17,60,6,3,2585.0,9.2,487,0,7,408800,3382390,485,0,7,-87.63,504,415.0,-240.0,479.40066750057827,-2,60.04136392627913,-19,9,3,2.26960543475671
3002,2533201,408385.0,3382630.0,17,60,6,3,2585.0,9.2,487,0,7,408820,3382370,485,0,7,-90.2,504,435.0,-260.0,506.7790445549224,-2,60.8668094511371,-19,9,3,2.1471096485458716
3003,2533201,408385.0,3382630.0,17,60,6,3,2585.0,9.2,487,0,7,408810,3382400,485,0,7,-87.03,504,425.0,-230.0,483.2442446630896,-2,58.421209224526876,-19,9,3,2.2515723394296137
3004,2533201,408385.0,3382630.0,17,60,6,3,2585.0,9.2,487,0,7,409190,3382660,482,0,7,-87.0,504,805.0,30.0,805.5588122539533,-5,27.86574123749773,-22,9,3,1.5643723185195249
3005,2533201,408385.0,3382630.0,17,60,6,3,2585.0,9.2,487,0,7,408815,3382395,485,0,7,-87.25,504,430.0,-235.0,490.02550954006466,-2,58.657117456558126,-19,9,3,2.2204451470096633
3006,2533201,408385.0,3382630.0,17,60,6,3,2585.0,9.2,487,0,7,408615,3381955,487,0,5,-107.0,504,230.0,-675.0,713.1093885232475,0,101.1839318790569,-17,9,3,1.36563031355623
3007,2533201,408385.0,3382630.0,17,60,6,3,2585.0,9.2,487,0,7,408870,3382340,485,0,2,-101.67,504,485.0,-290.0,565.0884886458049,-2,60.87681307906041,-19,9,3,1.9257335424649562
3008,2533201,408385.0,3382630.0,17,60,6,3,2585.0,9.2,487,0,7,408330,3382570,485,0,2,-103.5,504,-55.0,-60.0,81.39410298049853,-2,162.51044707800082,-19,9,3,13.139391326203148
3009,2533201,408385.0,3382630.0,17,60,6,3,2585.0,9.2,487,0,7,408895,3382805,488,0,2,-98.75,504,510.0,175.0,539.1892061234164,1,11.06099573975996,-16,9,3,1.6997067548965696
3010,2533201,408385.0,3382630.0,17,60,6,3,2585.0,9.2,487,0,7,408870,3382790,488,0,2,-104.0,504,485.0,160.0,510.7102896946565,1,11.742436924610274,-16,9,3,1.7944277657781087
3011,2533201,408385.0,3382630.0,17,60,6,3,2585.0,9.2,487,0,7,408520,3382460,488,0,2,-88.88,504,135.0,-170.0,217.0829334609241,1,81.54629078329401,-16,9,3,4.215337614081651
3012,2533201,408385.0,3382630.0,17,60,6,3,2585.0,9.2,487,0,7,408530,3382450,488,0,2,-84.71,504,145.0,-180.0,231.1384866265244,1,81.1466256596467,-16,9,3,3.959844272432041
3013,2533201,408385.0,3382630.0,17,60,6,3,2585.0,9.2,487,0,7,408525,3382455,488,0,2,-88.67,504,140.0,-175.0,224.1093483101497,1,81.34019174590992,-16,9,3,4.083630055597781
3014,2533201,408385.0,3382630.0,17,60,6,3,2585.0,9.2,487,0,7,408550,3382470,488,0,7,-82.41,504,165.0,-160.0,229.83689869122406,1,74.1185960034179,-16,9,3,3.9821972969101527
3015,2533201,408385.0,3382630.0,17,60,6,3,2585.0,9.2,487,0,7,408540,3382480,488,0,7,-82.84,504,155.0,-150.0,215.6965461012299,1,74.06080905426444,-16,9,3,4.242333050907641
3016,2533201,408385.0,3382630.0,17,60,6,3,2585.0,9.2,487,0,7,408570,3382490,487,0,7,-78.29,504,185.0,-140.0,232.0021551624036,0,67.11686068327026,-17,9,3,4.190868734989389
3017,2533201,408385.0,3382630.0,17,60,6,3,2585.0,9.2,487,0,7,408575,3382485,487,0,7,-74.6,504,190.0,-145.0,239.0083680543424,0,67.34934904464058,-17,9,3,4.0684377078956
3018,2533201,408385.0,3382630.0,17,60,6,3,2585.0,9.2,487,0,7,408515,3382425,489,0,7,-92.88,504,130.0,-205.0,242.7447218787671,2,87.61932229343074,-15,9,3,3.5359998379720574
3019,2533201,408385.0,3382630.0,17,60,6,3,2585.0,9.2,487,0,7,408555,3382465,488,0,7,-83.14,504,170.0,-165.0,236.90715480964266,1,74.14490260373327,-16,9,3,3.8637180907492596
3020,2533201,408385.0,3382630.0,17,60,6,3,2585.0,9.2,487,0,7,408735,3382965,488,0,7,-101.5,504,350.0,335.0,484.48426187029025,1,-13.745548377318471,-16,9,3,1.8914947044379604
3021,2533201,408385.0,3382630.0,17,60,6,3,2585.0,9.2,487,0,7,408545,3382475,488,0,6,-81.71,504,160.0,-155.0,222.76669409945464,1,74.09061955080085,-16,9,3,4.108158796514211
3022,2533201,408385.0,3382630.0,17,60,6,3,2585.0,9.2,487,0,7,408485,3382415,489,0,2,-102.75,504,100.0,-215.0,237.11811402758752,2,95.05609473657546,-15,9,3,3.619685555881769
3023,2533201,408385.0,3382630.0,17,60,6,3,2585.0,9.2,487,0,7,408480,3382420,489,0,2,-99.33,504,95.0,-210.0,230.4886114323222,2,95.65891006330753,-15,9,3,3.7235091093771655
3024,2533201,408385.0,3382630.0,17,60,6,3,2585.0,9.2,487,0,7,408890,3382810,488,0,2,-100.0,504,505.0,180.0,536.1203223158026,1,10.382120591881744,-16,9,3,1.7094305356265391
3025,2533201,408385.0,3382630.0,17,60,6,3,2585.0,9.2,487,0,7,408560,3382500,487,0,6,-83.0,504,175.0,-130.0,218.0022935659164,0,66.6070748126075,-17,9,3,4.458948801981763
3026,2533201,408385.0,3382630.0,17,60,6,3,2585.0,9.2,487,0,7,408840,3382780,488,0,7,-103.0,504,455.0,150.0,479.0876746483883,1,11.754145472421783,-16,9,3,1.9127853286403804
3027,2533201,408385.0,3382630.0,17,60,6,3,2585.0,9.2,487,0,7,408535,3382445,488,0,2,-84.04,504,150.0,-185.0,238.17010727629108,1,80.9644871012531,-16,9,3,3.8432913908185227
3028,2533201,408385.0,3382630.0,17,60,6,3,2585.0,9.2,487,0,7,408565,3382495,487,0,7,-79.43,504,180.0,-135.0,225.0,0,66.86989764584405,-17,9,3,4.320804954984468
3029,2533201,408385.0,3382630.0,17,60,6,3,2585.0,9.2,487,0,7,408900,3381630,486,0,5,-115.5,504,515.0,-1000.0,1124.822208173363,-1,92.75153257335523,-18,9,3,0.9167991200080576
3030,2533201,408385.0,3382630.0,17,60,6,3,2585.0,9.2,487,0,7,408655,3382630,487,0,7,-84.67,504,270.0,0.0,270.0,0,30.0,-17,9,3,3.602756222104393
3031,2533201,408385.0,3382630.0,17,60,6,3,2585.0,9.2,487,0,7,408945,3382500,487,0,7,-100.0,504,560.0,-130.0,574.8912940721924,0,43.0693178962822,-17,9,3,1.6937889010446983
3032,2533201,408385.0,3382630.0,17,60,6,3,2585.0,9.2,487,0,7,408695,3382590,487,0,7,-84.0,504,310.0,-40.0,312.5699921617557,0,37.35237935989238,-17,9,3,3.1131252964747635
3033,2533201,408385.0,3382630.0,17,60,6,3,2585.0,9.2,487,0,7,408665,3382620,487,0,7,-91.44,504,280.0,-10.0,280.178514522438,0,32.04540848888723,-17,9,3,3.472199081633984
3034,2533201,408385.0,3382630.0,17,60,6,3,2585.0,9.2,487,0,7,408965,3382320,485,0,7,-95.11,504,580.0,-310.0,657.6473218982952,-2,58.12373538328882,-19,9,3,1.6548643053657672
3035,2533201,408385.0,3382630.0,17,60,6,3,2585.0,9.2,487,0,7,408960,3382315,485,0,7,-96.89,504,575.0,-315.0,655.6294685262401,-2,58.71507752811658,-19,9,3,1.6599546929894486
3036,2533201,408385.0,3382630.0,17,60,6,3,2585.0,9.2,487,0,7,408775,3382670,487,0,7,-98.25,504,390.0,40.0,392.04591567825315,0,24.14398641457103,-17,9,3,2.4829195168685327
3037,2533201,408385.0,3382630.0,17,60,6,3,2585.0,9.2,487,0,7,408735,3382710,487,0,7,-99.0,504,350.0,80.0,359.02646142032484,0,17.124998440387515,-17,9,3,2.710945834339764
3038,2533201,408385.0,3382630.0,17,60,6,3,2585.0,9.2,487,0,7,408770,3382665,487,0,7,-92.0,504,385.0,35.0,386.58763560155415,0,24.80557109226521,-17,9,3,2.5179313688525395
3039,2533201,408385.0,3382630.0,17,60,6,3,2585.0,9.2,487,0,7,408800,3382475,486,0,7,-102.5,504,415.0,-155.0,443.00112866673373,-1,50.48035731180926,-18,9,3,2.3267593904730286
3040,2533201,408385.0,3382630.0,17,60,6,3,2585.0,9.2,487,0,7,408975,3382310,485,0,2,-94.17,504,590.0,-320.0,671.1929677819934,-2,58.47420361007437,-19,9,3,1.621484760429636
3041,2533201,408385.0,3382630.0,17,60,6,3,2585.0,9.2,487,0,7,408750,3382685,487,0,7,-105.0,504,365.0,55.0,369.120576505835,0,21.430858120162384,-17,9,3,2.6369173599455578
3042,2533201,408385.0,3382630.0,17,60,6,3,2585.0,9.2,487,0,7,409040,3382765,485,0,7,-92.0,504,655.0,135.0,668.7675231349082,-2,18.354025751516815,-19,9,3,1.6273623044634702
3043,2533201,408385.0,3382630.0,17,60,6,3,2585.0,9.2,487,0,7,409095,3382740,484,0,7,-98.0,504,710.0,110.0,718.4705978674423,-3,21.19320730556467,-20,9,3,1.5945255709911221
3044,2533201,408385.0,3382630.0,17,60,6,3,2585.0,9.2,487,0,7,409105,3382750,483,0,7,-91.0,504,720.0,120.0,729.9315036357864,-4,20.537677791974374,-21,9,3,1.6479348561432519
3045,2533201,408385.0,3382630.0,17,60,6,3,2585.0,9.2,487,0,7,409045,3382770,485,0,2,-94.33,504,660.0,140.0,674.68511173732,-2,18.02386755579664,-19,9,3,1.6130964640014342
3046,2533201,408385.0,3382630.0,17,60,6,3,2585.0,9.2,487,0,7,408340,3382225,487,5,5,-105.0,504,-45.0,-405.0,407.49233121618374,0,126.34019174590989,-17,9,3,2.388913084704831
3047,2533201,408385.0,3382630.0,17,60,6,3,2585.0,9.2,487,0,7,408835,3382080,488,0,5,-104.0,504,450.0,-550.0,710.6335201775947,1,80.7105931374997,-16,9,3,1.289803515699885
3048,2533201,408385.0,3382630.0,17,60,6,3,2585.0,9.2,487,0,7,409110,3382755,483,0,7,-95.0,504,725.0,125.0,735.6969484781081,-4,20.21759296819272,-21,9,3,1.6350275035084294
3049,2533201,408385.0,3382630.0,17,60,6,3,2585.0,9.2,487,0,7,409100,3382745,483,0,7,-96.0,504,715.0,115.0,724.1892017974309,-4,20.86284898586132,-21,9,3,1.6609945085412932
3050,2533201,408385.0,3382630.0,17,60,6,3,2585.0,9.2,487,0,7,408170,3382385,482,0,5,-102.0,504,-215.0,-245.0,325.96012026013244,-5,161.26860300083953,-22,9,3,3.8612035392657664
3051,2533201,408385.0,3382630.0,17,60,6,3,2585.0,9.2,487,0,7,408725,3382640,487,0,7,-78.5,504,340.0,10.0,340.14702703389895,0,28.315315682103687,-17,9,3,2.861170020545777
3052,2533201,408385.0,3382630.0,17,60,6,3,2585.0,9.2,487,0,7,408875,3382490,485,0,7,-106.0,504,490.0,-140.0,509.6076922496363,-2,45.94539590092285,-19,9,3,2.1352028825007956
3053,2533201,408385.0,3382630.0,17,60,6,3,2585.0,9.2,487,0,7,409095,3382270,487,0,7,-96.0,504,710.0,-360.0,796.0527620704547,0,56.8869341924767,-17,9,3,1.223386526030269
3054,2533201,408385.0,3382630.0,17,60,6,3,2585.0,9.2,487,0,7,409060,3382295,487,0,7,-95.0,504,675.0,-335.0,753.5582260184013,0,56.39503452619772,-17,9,3,1.2923527722129164
3055,2533201,408385.0,3382630.0,17,60,6,3,2585.0,9.2,487,0,7,408680,3382675,486,0,6,-93.0,504,295.0,45.0,298.41246622753545,-1,21.326825952120203,-18,9,3,3.4518529874952577
3056,2533201,408385.0,3382630.0,17,60,6,3,2585.0,9.2,487,0,7,408860,3382495,485,0,7,-98.0,504,475.0,-135.0,493.81170500505556,-2,45.86570780277384,-19,9,3,2.2034372052387767
3057,2533201,408385.0,3382630.0,17,60,6,3,2585.0,9.2,487,0,7,409085,3382280,487,0,7,-97.5,504,700.0,-350.0,782.6237921249264,0,56.565051177077976,-17,9,3,1.2443719584985893
3058,2533201,408385.0,3382630.0,17,60,6,3,2585.0,9.2,487,0,7,408685,3382680,486,0,6,-94.5,504,300.0,50.0,304.138126514911,-1,20.537677791974374,-18,9,3,3.3870216367885724
3059,2533201,408385.0,3382630.0,17,60,6,3,2585.0,9.2,487,0,7,408870,3382485,485,0,7,-98.0,504,485.0,-145.0,506.2114182829147,-2,46.645038214675935,-19,9,3,2.1495149938162665
3060,2533201,408385.0,3382630.0,17,60,6,3,2585.0,9.2,487,0,7,409040,3382315,487,0,6,-94.0,504,655.0,-315.0,726.8080902136409,0,55.68364718049588,-17,9,3,1.3399007196811301
3061,2533201,408385.0,3382630.0,17,60,6,3,2585.0,9.2,487,0,7,409065,3382300,487,0,6,-96.0,504,680.0,-330.0,755.8438992278762,0,55.8870262663267,-17,9,3,1.2884460146675651
3062,2533201,408385.0,3382630.0,17,60,6,3,2585.0,9.2,487,0,7,409055,3382310,487,0,7,-98.0,504,670.0,-320.0,742.4957912338629,0,55.529697990533066,-17,9,3,1.3116008420523915
3063,2533201,408385.0,3382630.0,17,60,6,3,2585.0,9.2,487,0,7,409070,3382285,487,0,7,-96.33,504,685.0,-345.0,766.9745758498126,0,56.73209379275892,-17,9,3,1.2697536789580814
3064,2533201,408385.0,3382630.0,17,60,6,3,2585.0,9.2,487,0,7,408760,3382595,486,0,7,-83.5,504,375.0,-35.0,376.62979170532964,-1,35.33215888165955,-18,9,3,2.736214477831456
3065,2533201,408385.0,3382630.0,17,60,6,3,2585.0,9.2,487,0,7,409075,3382290,487,0,6,-92.5,504,690.0,-340.0,769.2203845452875,0,56.23193993315664,-17,9,3,1.2660477262655874
3066,2533201,408385.0,3382630.0,17,60,6,3,2585.0,9.2,487,0,7,408885,3382480,486,0,7,-101.5,504,500.0,-150.0,522.0153254455275,-1,46.699244233993625,-18,9,3,1.9748760762290651
3067,2533201,408385.0,3382630.0,17,60,6,3,2585.0,9.2,487,0,7,408885,3381710,485,0,5,-113.0,504,500.0,-920.0,1047.091209016674,-2,91.47688139368796,-19,9,3,1.0395468375060313
3068,2533201,408385.0,3382630.0,17,60,6,3,2585.0,9.2,487,0,7,408745,3382590,487,0,7,-77.5,504,360.0,-40.0,362.2154055254967,0,36.34019174590992,-17,9,3,2.6871138066983313
3069,2533201,408385.0,3382630.0,17,60,6,3,2585.0,9.2,487,0,7,408750,3382595,486,0,7,-77.0,504,365.0,-35.0,366.67424234598207,-1,35.47736872882888,-18,9,3,2.810387732942627
3070,2533201,408385.0,3382630.0,17,60,6,3,2585.0,9.2,487,0,7,408685,3382690,486,0,7,-89.0,504,300.0,60.0,305.9411708155671,-1,18.69006752597977,-18,9,3,3.3671065082357314
3071,2533201,408385.0,3382630.0,17,60,6,3,2585.0,9.2,487,0,7,408760,3382605,486,0,7,-84.33,504,375.0,-25.0,375.8324094593227,-1,33.81407483429035,-18,9,3,2.742010897981148
3072,2533201,408385.0,3382630.0,17,60,6,3,2585.0,9.2,487,0,7,409075,3382280,487,0,7,-91.67,504,690.0,-350.0,773.6924453553879,0,56.89623696549336,-17,9,3,1.2587321377632987
3073,2533201,408385.0,3382630.0,17,60,6,3,2585.0,9.2,487,0,7,408815,3382500,486,0,7,-105.9,504,430.0,-130.0,449.22154890432404,-1,46.821409890040854,-18,9,3,2.2945751765433204
3074,2533201,408385.0,3382630.0,17,60,6,3,2585.0,9.2,487,0,7,408700,3382705,486,0,7,-97.2,504,315.0,75.0,323.80549717384355,-1,16.607502246248885,-18,9,3,3.1817362505477407
3075,2533201,408385.0,3382630.0,17,60,6,3,2585.0,9.2,487,0,7,408810,3382495,486,0,7,-103.0,504,425.0,-135.0,445.92600283006595,-1,47.62229722866829,-18,9,3,2.31151454703341
3076,2533201,408385.0,3382630.0,17,60,6,3,2585.0,9.2,487,0,7,408755,3382600,486,0,7,-76.67,504,370.0,-30.0,371.2142238654117,-1,34.635463426902675,-18,9,3,2.7760705510974537
3077,2533201,408385.0,3382630.0,17,60,6,3,2585.0,9.2,487,0,7,408625,3382790,486,0,5,-104.67,504,240.0,160.0,288.44410203711914,-1,-3.690067525979771,-18,9,3,3.5708423412860646
3078,2533201,408385.0,3382630.0,17,60,6,3,2585.0,9.2,487,0,7,408710,3382715,487,0,7,-98.0,504,325.0,85.0,335.9315406448165,0,15.343248884239586,-17,9,3,2.8970130495360094
3079,2533201,408385.0,3382630.0,17,60,6,3,2585.0,9.2,487,0,7,408705,3382710,486,0,7,-94.75,504,320.0,80.0,329.84845004941286,-1,15.963756532073546,-18,9,3,3.1235620953102505
3080,2533201,408385.0,3382630.0,17,60,6,3,2585.0,9.2,487,0,7,408960,3382325,485,0,7,-96.43,504,575.0,-305.0,650.8840142452417,-2,57.94303442338298,-19,9,3,1.6720502177035121
3081,2533201,408385.0,3382630.0,17,60,6,3,2585.0,9.2,487,0,7,408825,3382510,486,0,7,-98.0,504,440.0,-120.0,456.0701700396552,-1,45.2551187030578,-18,9,3,2.2601544755747422
3082,2533201,408385.0,3382630.0,17,60,6,3,2585.0,9.2,487,0,7,408740,3382585,487,0,7,-83.86,504,355.0,-45.0,357.8407467016578,0,37.224315694045345,-17,9,3,2.7199151575209584
3083,2533201,408385.0,3382630.0,17,60,6,3,2585.0,9.2,487,0,7,409080,3382285,487,0,6,-96.0,504,695.0,-345.0,775.918810185705,0,56.399934113966935,-17,9,3,1.255121580585603
3084,2533201,408385.0,3382630.0,17,60,6,3,2585.0,9.2,487,0,7,408970,3382335,486,0,6,-95.5,504,585.0,-295.0,655.1717332119877,-1,56.760599153348835,-18,9,3,1.5737319142640624
3085,2533201,408385.0,3382630.0,17,60,6,3,2585.0,9.2,487,0,7,409090,3382295,486,0,7,-101.0,504,705.0,-335.0,780.544681616626,-1,55.416006229751815,-18,9,3,1.3210534822415343
3086,2533201,408385.0,3382630.0,17,60,6,3,2585.0,9.2,487,0,7,408975,3382340,486,0,7,-92.75,504,590.0,-290.0,657.4191965557441,-1,56.17528998175993,-18,9,3,1.5683546218227633
3087,2533201,408385.0,3382630.0,17,60,6,3,2585.0,9.2,487,0,7,408595,3382760,486,0,7,-107.0,504,210.0,130.0,246.9817807045694,-1,-1.7594800848127647,-18,9,3,4.1683393595427765
3088,2533201,408385.0,3382630.0,17,60,6,3,2585.0,9.2,487,0,7,408690,3382695,486,0,7,-93.0,504,305.0,65.0,311.8493225902535,-1,17.969403903462137,-18,9,3,3.3034575168835154
3089,2533201,408385.0,3382630.0,17,60,6,3,2585.0,9.2,487,0,7,408965,3382330,485,0,7,-97.43,504,580.0,-300.0,652.9931086925803,-2,57.34987578006985,-19,9,3,1.666652734015571
3090,2533201,408385.0,3382630.0,17,60,6,3,2585.0,9.2,487,0,7,408820,3382505,486,0,7,-97.5,504,435.0,-125.0,452.6035793053343,-1,46.03233935393598,-18,9,3,2.2774473385561587
3091,2533201,408385.0,3382630.0,17,60,6,3,2585.0,9.2,487,0,7,408735,3382580,487,0,7,-81.42,504,350.0,-50.0,353.5533905932738,0,38.13010235415595,-17,9,3,2.752847705886446
3092,2533201,408385.0,3382630.0,17,60,6,3,2585.0,9.2,487,0,7,408890,3382795,488,0,2,-101.5,504,505.0,165.0,531.2720583655798,1,11.906093455936855,-16,9,3,1.7250210142575437
3093,2533201,408385.0,3382630.0,17,60,6,3,2585.0,9.2,487,0,7,408500,3382525,488,0,6,-84.18,504,115.0,-105.0,155.72411502397438,1,72.39743779750017,-16,9,3,5.866315964567076
3094,2533201,408385.0,3382630.0,17,60,6,3,2585.0,9.2,487,0,7,408895,3382800,488,0,2,-93.5,504,510.0,170.0,537.5872022286245,1,11.565051177077976,-16,9,3,1.7047688777287848
3095,2533201,408385.0,3382630.0,17,60,6,3,2585.0,9.2,487,0,7,408545,3382490,488,0,7,-81.21,504,160.0,-140.0,212.60291625469299,1,71.18592516570965,-16,9,3,4.303833840095825
3096,2533201,408385.0,3382630.0,17,60,6,3,2585.0,9.2,487,0,7,408610,3382435,488,0,2,-77.55,504,225.0,-195.0,297.7414986191881,1,70.91438322002512,-16,9,3,3.075995679304486
3097,2533201,408385.0,3382630.0,17,60,6,3,2585.0,9.2,487,0,7,408590,3382455,488,0,7,-75.5,504,205.0,-175.0,269.5366394388711,1,70.48601154199872,-16,9,3,3.3971558305762835
3098,2533201,408385.0,3382630.0,17,60,6,3,2585.0,9.2,487,0,7,408490,3382555,488,0,6,-87.13,504,105.0,-75.0,129.0348790056394,1,65.53767779197437,-16,9,3,7.068452992911071
3099,2533201,408385.0,3382630.0,17,60,6,3,2585.0,9.2,487,0,7,408630,3382415,488,0,2,-78.33,504,245.0,-215.0,325.96012026013244,1,71.26860300083956,-16,9,3,2.810151352330218
3100,2533201,408385.0,3382630.0,17,60,6,3,2585.0,9.2,487,0,7,408505,3382530,488,0,6,-84.08,504,120.0,-100.0,156.20499351813308,1,69.80557109226521,-16,9,3,5.848381828853836
3101,2533201,408385.0,3382630.0,17,60,6,3,2585.0,9.2,487,0,7,408570,3382475,488,0,7,-73.45,504,185.0,-155.0,241.3503677229434,1,69.95754893082909,-16,9,3,3.792797350510265
3102,2533201,408385.0,3382630.0,17,60,6,3,2585.0,9.2,487,0,7,408580,3382445,488,0,2,-76.62,504,195.0,-185.0,268.79360111431225,1,73.49256424122501,-16,9,3,3.406524657639259
3103,2533201,408385.0,3382630.0,17,60,6,3,2585.0,9.2,487,0,7,408560,3382465,488,0,7,-78.35,504,175.0,-165.0,240.52026941611388,1,73.31531568210369,-16,9,3,3.805848881338982
3104,2533201,408385.0,3382630.0,17,60,6,3,2585.0,9.2,487,0,7,408555,3382500,487,0,6,-75.89,504,170.0,-130.0,214.00934559032697,0,67.40535663140855,-17,9,3,4.5417981653706505
3105,2533201,408385.0,3382630.0,17,60,6,3,2585.0,9.2,487,0,7,408735,3382960,488,0,7,-103.86,504,350.0,330.0,481.04053883222775,1,-13.315315682103687,-16,9,3,1.9050257913844368
3106,2533201,408385.0,3382630.0,17,60,6,3,2585.0,9.2,487,0,7,408755,3382940,488,0,7,-109.0,504,370.0,310.0,482.7007354458868,1,-9.957548930829091,-16,9,3,1.8984784656005855
3107,2533201,408385.0,3382630.0,17,60,6,3,2585.0,9.2,487,0,7,408525,3382510,488,0,6,-79.25,504,140.0,-120.0,184.39088914585776,1,70.60129464500449,-16,9,3,4.959258000229005
3108,2533201,408385.0,3382630.0,17,60,6,3,2585.0,9.2,487,0,7,408550,3382495,488,0,7,-78.94,504,165.0,-135.0,213.19005605327843,1,69.28940686250036,-16,9,3,4.2920251446548985
3109,2533201,408385.0,3382630.0,17,60,6,3,2585.0,9.2,487,0,7,408615,3382440,488,0,2,-74.4,504,230.0,-190.0,298.328677803526,1,69.55966796899452,-16,9,3,3.0699530072982606
3110,2533201,408385.0,3382630.0,17,60,6,3,2585.0,9.2,487,0,7,408565,3382470,488,0,6,-77.6,504,180.0,-160.0,240.8318915758459,1,71.63353933657015,-16,9,3,3.8009387837024198
3111,2533201,408385.0,3382630.0,17,60,6,3,2585.0,9.2,487,0,7,408585,3382450,488,0,2,-76.2,504,200.0,-180.0,269.0724809414742,1,71.98721249581666,-16,9,3,3.40300227120126
3112,2533201,408385.0,3382630.0,17,60,6,3,2585.0,9.2,487,0,7,408540,3382485,488,0,7,-82.95,504,155.0,-145.0,212.24985276791125,1,73.0908475670036,-16,9,3,4.3109660144846425
3113,2533201,408385.0,3382630.0,17,60,6,3,2585.0,9.2,487,0,7,408595,3382460,488,0,7,-73.01,504,210.0,-170.0,270.1851217221259,1,68.99099404250546,-16,9,3,3.389021206349171
3114,2533201,408385.0,3382630.0,17,60,6,3,2585.0,9.2,487,0,7,408605,3382430,488,0,2,-75.76,504,220.0,-200.0,297.3213749463701,1,72.27368900609372,-16,9,3,3.0803337853781554
3115,2533201,408385.0,3382630.0,17,60,6,3,2585.0,9.2,487,0,7,408635,3382420,488,0,2,-76.06,504,250.0,-210.0,326.49655434629017,1,70.03025927188969,-16,9,3,2.8055416541818454
3116,2533201,408385.0,3382630.0,17,60,6,3,2585.0,9.2,487,0,7,408520,3382505,488,0,7,-79.34,504,135.0,-125.0,183.98369492974098,1,72.79740183823424,-16,9,3,4.9701789522571875
3117,2533201,408385.0,3382630.0,17,60,6,3,2585.0,9.2,487,0,7,408620,3382405,488,0,2,-86.4,504,235.0,-225.0,325.3459696999488,1,73.75463573323168,-16,9,3,2.8154475045563028
3118,2533201,408385.0,3382630.0,17,60,6,3,2585.0,9.2,487,0,7,408600,3382425,488,0,2,-70.78,504,215.0,-205.0,297.06901555025894,1,73.63607246839706,-16,9,3,3.0829454756512966
3119,2533201,408385.0,3382630.0,17,60,6,3,2585.0,9.2,487,0,7,408475,3382580,488,0,7,-97.29,504,90.0,-50.0,102.95630140987001,1,59.05460409907715,-16,9,3,8.833433256834843
3120,2533201,408385.0,3382630.0,17,60,6,3,2585.0,9.2,487,0,7,408740,3382925,488,0,7,-99.5,504,355.0,295.0,461.57339611377085,1,-9.726104042648217,-16,9,3,1.9853084336503215
3121,2533201,408385.0,3382630.0,17,60,6,3,2585.0,9.2,487,0,7,408650,3383035,489,55,7,-102.2,504,265.0,405.0,483.9938016132025,2,-26.802434207783563,-15,9,3,1.7751501812775103
3122,2533201,408385.0,3382630.0,17,60,6,3,2585.0,9.2,487,0,7,408860,3382805,488,0,2,-101.33,504,475.0,175.0,506.2114182829147,1,9.775140568831944,-16,9,3,1.8103648843203797
3123,2533201,408385.0,3382630.0,17,60,6,3,2585.0,9.2,487,0,7,408575,3382480,487,0,7,-73.69,504,190.0,-150.0,242.0743687382041,0,68.29016319224309,-17,9,3,4.0170785532168765
3124,2533201,408385.0,3382630.0,17,60,6,3,2585.0,9.2,487,0,7,408485,3382550,488,0,6,-91.75,504,100.0,-80.0,128.06248474865697,1,68.65980825409008,-16,9,3,7.121575586962839
3125,2533201,408385.0,3382630.0,17,60,6,3,2585.0,9.2,487,0,7,408880,3382340,485,0,2,-96.1,504,495.0,-290.0,573.6941693969009,-2,60.36427100016033,-19,9,3,1.8968679024802915
3126,2533201,408385.0,3382630.0,17,60,6,3,2585.0,9.2,487,0,7,408900,3382360,486,0,7,-92.64,504,515.0,-270.0,581.4851674806504,-1,57.66675729228439,-18,9,3,1.77303715467018
3127,2533201,408385.0,3382630.0,17,60,6,3,2585.0,9.2,487,0,7,408910,3382350,486,0,7,-96.13,504,525.0,-280.0,595.0,-1,58.072486935852965,-18,9,3,1.7327892182743596
3128,2533201,408385.0,3382630.0,17,60,6,3,2585.0,9.2,487,0,7,408905,3382355,486,0,7,-93.35,504,520.0,-275.0,588.2388970477896,-1,57.871952526403334,-18,9,3,1.7526932071610202
3129,2533201,408385.0,3382630.0,17,60,6,3,2585.0,9.2,487,0,7,408915,3382345,485,0,7,-96.92,504,530.0,-285.0,601.7682278086805,-2,58.26851278712911,-19,9,3,1.8084342621163563
3130,2533201,408385.0,3382630.0,17,60,6,3,2585.0,9.2,487,0,7,408750,3382905,488,0,7,-106.5,504,365.0,275.0,457.00109409059405,1,-6.995271142707111,-16,9,3,2.0051553368106867
3131,2533201,408385.0,3382630.0,17,60,6,3,2585.0,9.2,487,0,7,408565,3382420,489,0,2,-83.29,504,180.0,-210.0,276.5863337187866,2,79.39870535499551,-15,9,3,3.104258912424813
3132,2533201,408385.0,3382630.0,17,60,6,3,2585.0,9.2,487,0,7,408590,3382425,488,0,2,-83.75,504,205.0,-205.0,289.9137802864845,1,75.0,-16,9,3,3.158882060489272
3133,2533201,408385.0,3382630.0,17,60,6,3,2585.0,9.2,487,0,7,408955,3382790,487,0,2,-99.67,504,570.0,160.0,592.0304046246274,0,14.320475877580748,-17,9,3,1.6447815335779488
3134,2533201,408385.0,3382630.0,17,60,6,3,2585.0,9.2,487,0,7,408595,3382430,488,0,2,-74.22,504,210.0,-200.0,290.0,1,73.60281897270363,-16,9,3,3.157944796439268
3135,2533201,408385.0,3382630.0,17,60,6,3,2585.0,9.2,487,0,7,408950,3382785,488,0,7,-101.17,504,565.0,155.0,585.8754133772811,1,14.659109235995118,-16,9,3,1.5643337300477707
3136,2533201,408385.0,3382630.0,17,60,6,3,2585.0,9.2,487,0,7,408470,3382625,488,0,7,-95.0,504,85.0,-5.0,85.14693182963201,1,33.36646066342979,-16,9,3,10.642373066799445
3137,2533201,408385.0,3382630.0,17,60,6,3,2585.0,9.2,487,0,7,408575,3382410,489,0,2,-83.33,504,190.0,-220.0,290.68883707497264,2,79.18491612511843,-15,9,3,2.953932129239052
3138,2533201,408385.0,3382630.0,17,60,6,3,2585.0,9.2,487,0,7,408490,3382485,488,0,7,-88.0,504,105.0,-145.0,179.02513789968157,1,84.09027692082236,-16,9,3,5.10712243003735
3139,2533201,408385.0,3382630.0,17,60,6,3,2585.0,9.2,487,0,7,408500,3382515,488,0,7,-82.25,504,115.0,-115.0,162.63455967290594,1,75.0,-16,9,3,5.61868250617114
3140,2533201,408385.0,3382630.0,17,60,6,3,2585.0,9.2,487,0,7,408580,3382435,488,0,2,-77.11,504,195.0,-195.0,275.77164466275354,1,75.0,-16,9,3,3.320522343735429
3141,2533201,408385.0,3382630.0,17,60,6,3,2585.0,9.2,487,0,7,408600,3382455,488,0,7,-74.23,504,215.0,-175.0,277.2183255125822,1,69.14398641457103,-16,9,3,3.3032324659609102
3142,2533201,408385.0,3382630.0,17,60,6,3,2585.0,9.2,487,0,7,408480,3382495,488,0,7,-89.11,504,95.0,-135.0,165.07574019219177,1,84.86580694308435,-16,9,3,5.536112081289895
3143,2533201,408385.0,3382630.0,17,60,6,3,2585.0,9.2,487,0,7,408605,3382460,488,0,6,-72.84,504,220.0,-170.0,278.0287754891569,1,67.69424046668917,-16,9,3,3.293624818847139
3144,2533201,408385.0,3382630.0,17,60,6,3,2585.0,9.2,487,0,7,408615,3382450,488,0,7,-75.32,504,230.0,-180.0,292.0616373302047,1,68.04704253182604,-16,9,3,3.13569778539458
3145,2533201,408385.0,3382630.0,17,60,6,3,2585.0,9.2,487,0,7,408585,3382440,488,0,2,-75.88,504,200.0,-190.0,275.86228448267445,1,73.5311992856142,-16,9,3,3.319433762809483
3146,2533201,408385.0,3382630.0,17,60,6,3,2585.0,9.2,487,0,7,408510,3382505,488,0,7,-81.44,504,125.0,-125.0,176.7766952966369,1,75.0,-16,9,3,5.171730428067552
3147,2533201,408385.0,3382630.0,17,60,6,3,2585.0,9.2,487,0,7,408630,3382465,487,0,7,-71.17,504,245.0,-165.0,295.3811097548386,0,63.95905981967627,-17,9,3,3.2938970044718223
3148,2533201,408385.0,3382630.0,17,60,6,3,2585.0,9.2,487,0,7,408610,3382445,488,0,7,-75.9,504,225.0,-185.0,291.29023327259017,1,69.42780219603623,-16,9,3,3.1439852027417383
3149,2533201,408385.0,3382630.0,17,60,6,3,2585.0,9.2,487,0,7,408495,3382490,488,0,6,-87.35,504,110.0,-140.0,178.04493814764857,1,81.84277341263095,-16,9,3,5.1350890138849286
3150,2533201,408385.0,3382630.0,17,60,6,3,2585.0,9.2,487,0,7,408560,3382415,489,0,2,-81.63,504,175.0,-215.0,277.2183255125822,2,80.85601358542897,-15,9,3,3.097195734988089
3151,2533201,408385.0,3382630.0,17,60,6,3,2585.0,9.2,487,0,7,408940,3382795,488,0,2,-98.0,504,555.0,165.0,579.0077719685635,1,13.442928624363333,-16,9,3,1.582878989942855
3152,2533201,408385.0,3382630.0,17,60,6,3,2585.0,9.2,487,0,7,408620,3382475,487,0,7,-72.73,504,235.0,-155.0,281.51376520518494,0,63.40782458970892,-17,9,3,3.455770067207204
3153,2533201,408385.0,3382630.0,17,60,6,3,2585.0,9.2,487,0,7,408455,3382610,488,0,7,-99.0,504,70.0,-20.0,72.80109889280519,1,45.94539590092285,-16,9,3,12.395225515323695
3154,2533201,408385.0,3382630.0,17,60,6,3,2585.0,9.2,487,0,7,408515,3382510,488,0,7,-81.19,504,130.0,-120.0,176.91806012954132,1,72.70938995736151,-16,9,3,5.16762038482131
3155,2533201,408385.0,3382630.0,17,60,6,3,2585.0,9.2,487,0,7,408505,3382520,488,0,6,-83.92,504,120.0,-110.0,162.78820596099706,1,72.51044707800088,-16,9,3,5.613413245637428
3156,2533201,408385.0,3382630.0,17,60,6,3,2585.0,9.2,487,0,7,408485,3382500,488,0,7,-87.85,504,100.0,-130.0,164.01219466856725,1,82.43140797117252,-16,9,3,5.571786105919536
3157,2533201,408385.0,3382630.0,17,60,6,3,2585.0,9.2,487,0,7,408635,3382470,487,0,7,-70.67,504,250.0,-160.0,296.8164415931166,0,62.61924307119284,-17,9,3,3.2780033423247814
3158,2533201,408385.0,3382630.0,17,60,6,3,2585.0,9.2,487,0,7,408945,3382800,488,0,2,-101.0,504,560.0,170.0,585.2349955359813,1,13.113208876055978,-16,9,3,1.5660447155943833
3159,2533201,408385.0,3382630.0,17,60,6,3,2585.0,9.2,487,0,7,408625,3382480,487,0,6,-85.67,504,240.0,-150.0,283.0194339616981,0,62.005383208083515,-17,9,3,3.43742950588127
3160,2533201,408385.0,3382630.0,17,60,6,3,2585.0,9.2,487,0,7,408205,3382475,482,0,6,-104.5,504,-180.0,-155.0,237.53947040439405,-5,169.2678933002908,-22,9,3,5.291421568337178
3161,2533201,408385.0,3382630.0,17,60,6,3,2585.0,9.2,487,0,7,408710,3382615,487,0,7,-80.5,504,325.0,-15.0,325.3459696999488,0,32.64254529406469,-17,9,3,2.991102812068871
3162,2533201,408385.0,3382630.0,17,60,6,3,2585.0,9.2,487,0,7,408790,3382695,487,0,7,-103.0,504,405.0,65.0,410.18288603987367,0,20.882137246204195,-17,9,3,2.373261217466655
3163,2533201,408385.0,3382630.0,17,60,6,3,2585.0,9.2,487,0,7,409030,3382295,487,0,7,-95.0,504,645.0,-335.0,726.8080902136409,0,57.44645517366013,-17,9,3,1.3399007196811301
3164,2533201,408385.0,3382630.0,17,60,6,3,2585.0,9.2,487,0,7,408755,3382660,487,0,7,-91.5,504,370.0,30.0,371.2142238654117,0,25.364536573097325,-17,9,3,2.6220659669252093
3165,2533201,408385.0,3382630.0,17,60,6,3,2585.0,9.2,487,0,7,408715,3382620,487,0,7,-78.75,504,330.0,-10.0,330.15148038438355,0,31.7357045889284,-17,9,3,2.947643242492133
3166,2533201,408385.0,3382630.0,17,60,6,3,2585.0,9.2,487,0,7,408680,3382625,487,0,7,-87.69,504,295.0,-5.0,295.0423698386386,0,30.97102193107918,-17,9,3,3.2976704060932596
3167,2533201,408385.0,3382630.0,17,60,6,3,2585.0,9.2,487,0,7,409000,3382305,486,0,2,-94.2,504,615.0,-325.0,695.5932719628619,-1,57.854449081138284,-18,9,3,1.4823230237294607
3168,2533201,408385.0,3382630.0,17,60,6,3,2585.0,9.2,487,0,7,408785,3382690,487,0,7,-94.92,504,400.0,60.0,404.4749683231337,0,21.469234390051838,-17,9,3,2.406713378078931
3169,2533201,408385.0,3382630.0,17,60,6,3,2585.0,9.2,487,0,7,408780,3382685,487,0,2,-94.45,504,395.0,55.0,398.81073205218536,0,22.07307331731039,-17,9,3,2.440854437534995
3170,2533201,408385.0,3382630.0,17,60,6,3,2585.0,9.2,487,0,7,408700,3382605,487,0,7,-83.6,504,315.0,-25.0,315.9905061864992,0,34.53777250790665,-17,9,3,3.079491749801236
3171,2533201,408385.0,3382630.0,17,60,6,3,2585.0,9.2,487,0,7,408855,3382480,485,0,7,-107.4,504,470.0,-150.0,493.3558553417604,-2,47.700427788667184,-19,9,3,2.2054711218786682
3172,2533201,408385.0,3382630.0,17,60,6,3,2585.0,9.2,487,0,7,409005,3382310,486,0,7,-99.08,504,620.0,-320.0,697.7105417004963,-1,57.299572211332816,-18,9,3,1.4778267697795477
3173,2533201,408385.0,3382630.0,17,60,6,3,2585.0,9.2,487,0,7,409015,3382320,487,0,6,-92.38,504,630.0,-310.0,702.1395872616783,0,56.20011484134733,-17,9,3,1.3869578199906278
3174,2533201,408385.0,3382630.0,17,60,6,3,2585.0,9.2,487,0,7,408765,3382710,487,0,7,-110.5,504,380.0,80.0,388.329756778952,0,18.111341960371988,-17,9,3,2.5066498901182017
3175,2533201,408385.0,3382630.0,17,60,6,3,2585.0,9.2,487,0,7,409010,3382315,486,0,7,-99.33,504,625.0,-315.0,699.8928489418934,-1,56.748104162921436,-18,9,3,1.4732208525168429
3176,2533201,408385.0,3382630.0,17,60,6,3,2585.0,9.2,487,0,7,408750,3382655,487,0,7,-96.0,504,365.0,25.0,365.8551625985343,0,26.08175113593262,-17,9,3,2.6604193107557497
3177,2533201,408385.0,3382630.0,17,60,6,3,2585.0,9.2,487,0,7,408720,3382665,486,0,2,-89.67,504,335.0,35.0,336.82339586198583,-1,24.0355128987469,-18,9,3,3.0590034489905733
3178,2533201,408385.0,3382630.0,17,60,6,3,2585.0,9.2,487,0,7,409035,3382300,487,0,7,-98.45,504,650.0,-330.0,728.9718787443038,0,56.916554616951316,-17,9,3,1.3359249701943645
3179,2533201,408385.0,3382630.0,17,60,6,3,2585.0,9.2,487,0,7,408705,3382610,487,0,7,-79.67,504,320.0,-20.0,320.62439083762797,0,33.57633437499737,-17,9,3,3.0350686328361474
3180,2533201,408385.0,3382630.0,17,60,6,3,2585.0,9.2,487,0,7,408685,3382630,487,0,2,-80.0,504,300.0,0.0,300.0,0,30.0,-17,9,3,3.243292282776195
3181,2533201,408385.0,3382630.0,17,60,6,3,2585.0,9.2,487,0,7,408725,3382670,487,0,2,-87.5,504,340.0,40.0,342.3448553724738,0,23.290163192243085,-17,9,3,2.8428317521680535
3182,2533201,408385.0,3382630.0,17,60,6,3,2585.0,9.2,487,0,7,408610,3382400,489,0,2,-84.67,504,225.0,-230.0,321.7530108639234,2,75.62959860841028,-15,9,3,2.6691743186590626
3183,2533201,408385.0,3382630.0,17,60,6,3,2585.0,9.2,487,0,7,408465,3382590,488,0,7,-98.5,504,80.0,-40.0,89.44271909999159,1,56.565051177077976,-16,9,3,10.142106156573982
3184,2533201,408385.0,3382630.0,17,60,6,3,2585.0,9.2,487,0,7,408455,3382580,488,0,7,-86.5,504,70.0,-50.0,86.02325267042627,1,65.53767779197437,-16,9,3,10.536398717028874
3185,2533201,408385.0,3382630.0,17,60,6,3,2585.0,9.2,487,0,7,408525,3382490,488,0,7,-83.01,504,140.0,-140.0,197.9898987322333,1,75.0,-16,9,3,4.620158165632828
3186,2533201,408385.0,3382630.0,17,60,6,3,2585.0,9.2,487,0,7,408615,3382420,488,0,2,-73.5,504,230.0,-210.0,311.44823004794875,1,72.39743779750017,-16,9,3,2.9408652416050165
3187,2533201,408385.0,3382630.0,17,60,6,3,2585.0,9.2,487,0,7,408560,3382445,488,0,2,-78.74,504,175.0,-185.0,254.65663156493687,1,76.5911402711946,-16,9,3,3.595150955859618
3188,2533201,408385.0,3382630.0,17,60,6,3,2585.0,9.2,487,0,7,408540,3382505,488,0,6,-78.2,504,155.0,-125.0,199.12307751739877,1,68.88449643371462,-16,9,3,4.593978419015675
3189,2533201,408385.0,3382630.0,17,60,6,3,2585.0,9.2,487,0,7,408570,3382455,488,0,2,-77.6,504,185.0,-175.0,254.65663156493687,1,73.4088597288054,-16,9,3,3.595150955859618
3190,2533201,408385.0,3382630.0,17,60,6,3,2585.0,9.2,487,0,7,408600,3382405,489,0,2,-86.17,504,215.0,-225.0,311.20732639190874,2,76.30195267257886,-15,9,3,2.7594854103373145
3191,2533201,408385.0,3382630.0,17,60,6,3,2585.0,9.2,487,0,7,408620,3382425,488,0,2,-76.28,504,235.0,-205.0,311.8493225902535,1,71.09950625761815,-16,9,3,2.937089403802172
3192,2533201,408385.0,3382630.0,17,60,6,3,2585.0,9.2,487,0,7,408585,3382470,488,0,6,-72.41,504,200.0,-160.0,256.12496949731394,1,68.65980825409008,-16,9,3,3.5745939215186993
3193,2533201,408385.0,3382630.0,17,60,6,3,2585.0,9.2,487,0,7,408575,3382460,488,0,7,-75.86,504,190.0,-170.0,254.95097567963924,1,71.82016988013572,-16,9,3,3.5910111760646792
3194,2533201,408385.0,3382630.0,17,60,6,3,2585.0,9.2,487,0,7,408740,3382945,488,0,7,-104.0,504,355.0,315.0,474.60509900337144,1,-11.583411808228675,-16,9,3,1.9308376951011603
3195,2533201,408385.0,3382630.0,17,60,6,3,2585.0,9.2,487,0,7,408750,3382955,488,0,7,-105.94,504,365.0,325.0,488.72282533149604,1,-11.682218831665182,-16,9,3,1.875102034295183
3196,2533201,408385.0,3382630.0,17,60,6,3,2585.0,9.2,487,0,7,408565,3382450,488,0,2,-80.31,504,180.0,-180.0,254.55844122715712,1,75.0,-16,9,3,3.596534067332243
3197,2533201,408385.0,3382630.0,17,60,6,3,2585.0,9.2,487,0,7,408630,3382435,488,0,7,-75.0,504,245.0,-195.0,313.12936623702353,1,68.51692630710272,-16,9,3,2.925103750430169
3198,2533201,408385.0,3382630.0,17,60,6,3,2585.0,9.2,487,0,7,408520,3382485,488,0,7,-85.66,504,135.0,-145.0,198.11612756158948,1,77.04540848888723,-16,9,3,4.617227183893522
3199,2533201,408385.0,3382630.0,17,60,6,3,2585.0,9.2,487,0,7,408580,3382465,488,0,7,-72.9,504,195.0,-165.0,255.44079548889601,1,70.23635830927378,-16,9,3,3.584143209125973
3200,2533201,408385.0,3382630.0,17,60,6,3,2585.0,9.2,487,0,7,408625,3382430,488,0,2,-76.73,504,240.0,-200.0,312.40998703626616,1,69.80557109226521,-16,9,3,2.931827580835157
3201,2533201,408385.0,3382630.0,17,60,6,3,2585.0,9.2,487,0,7,408635,3382440,488,0,7,-74.77,504,250.0,-190.0,314.00636936215164,1,67.23483398157464,-16,9,3,2.916948219709704
3202,2533201,408385.0,3382630.0,17,60,6,3,2585.0,9.2,487,0,7,408745,3382950,488,0,7,-108.63,504,360.0,320.0,481.6637831516918,1,-11.633539336570209,-16,9,3,1.9025626139550496
3203,2533201,408385.0,3382630.0,17,60,6,3,2585.0,9.2,487,0,7,408530,3382495,488,0,7,-84.48,504,145.0,-135.0,198.11612756158948,1,72.95459151111277,-16,9,3,4.617227183893522
3204,2533201,408385.0,3382630.0,17,60,6,3,2585.0,9.2,487,0,7,408490,3382535,488,0,6,-89.5,504,105.0,-95.0,141.59802258506295,1,72.13759477388828,-16,9,3,6.4468446500337455
3205,2533201,408385.0,3382630.0,17,60,6,3,2585.0,9.2,487,0,7,408755,3382960,488,0,7,-105.17,504,370.0,330.0,495.7822102496216,1,-11.729512076816434,-16,9,3,1.8484213307949249
3206,2533201,408385.0,3382630.0,17,60,6,3,2585.0,9.2,487,0,7,408470,3382595,488,0,7,-100.4,504,85.0,-35.0,91.92388155425118,1,52.3801350519596,-16,9,3,9.873815697095504
3207,2533201,408385.0,3382630.0,17,60,6,3,2585.0,9.2,487,0,7,408595,3382480,487,0,7,-74.45,504,210.0,-150.0,258.0697580112788,0,65.53767779197437,-17,9,3,3.7688376830631234
3208,2533201,408385.0,3382630.0,17,60,6,3,2585.0,9.2,487,0,7,408495,3382540,488,0,7,-85.19,504,110.0,-90.0,142.12670403551894,1,69.28940686250036,-16,9,3,6.423064524005595
3209,2533201,408385.0,3382630.0,17,60,6,3,2585.0,9.2,487,0,7,408535,3382500,488,0,6,-78.21,504,150.0,-130.0,198.4943324127921,1,70.91438322002512,-16,9,3,4.6084675948981895
3210,2533201,408385.0,3382630.0,17,60,6,3,2585.0,9.2,487,0,7,408605,3382410,489,0,2,-84.8,504,220.0,-220.0,311.1269837220809,2,75.0,-15,9,3,2.760196893497871
3211,2533201,408385.0,3382630.0,17,60,6,3,2585.0,9.2,487,0,7,408590,3382475,487,0,7,-70.93,504,205.0,-155.0,257.00194551792794,0,67.09283729704157,-17,9,3,3.7844513440330645
3212,2533201,408385.0,3382630.0,17,60,6,3,2585.0,9.2,487,0,7,408760,3382885,488,0,6,-101.0,504,375.0,255.0,453.48649373492924,1,-4.2157021324374,-16,9,3,2.0206828111724278
3213,2533201,408385.0,3382630.0,17,60,6,3,2585.0,9.2,487,0,7,408910,3382795,488,0,7,-100.5,504,525.0,165.0,550.3180898353243,1,12.552811576717772,-16,9,3,1.6653537554188005
3214,2533201,408385.0,3382630.0,17,60,6,3,2585.0,9.2,487,0,7,408210,3382350,485,0,6,-102.0,504,-175.0,-280.0,330.1893396219811,-2,152.0053832080835,-19,9,3,3.2933245494641477
3215,2533201,408385.0,3382630.0,17,60,6,3,2585.0,9.2,487,0,7,408215,3382345,485,0,6,-107.33,504,-170.0,-285.0,331.85087012090236,-2,150.81570575172918,-19,9,3,3.276871361440268
3216,2533201,408385.0,3382630.0,17,60,6,3,2585.0,9.2,487,0,7,408175,3382385,482,0,6,-107.0,504,-210.0,-245.0,322.6840560052511,-5,160.60129464500446,-22,9,3,3.900284194814919
3217,2533201,408385.0,3382630.0,17,60,6,3,2585.0,9.2,487,0,7,408805,3382695,487,0,7,-94.8,504,420.0,65.0,425.0,0,21.202589290008973,-17,9,3,2.2906100426385296
3218,2533201,408385.0,3382630.0,17,60,6,3,2585.0,9.2,487,0,7,408775,3382405,485,0,7,-86.92,504,390.0,-225.0,450.24993059410906,-2,59.98163936884936,-19,9,3,2.416378647347251
3219,2533201,408385.0,3382630.0,17,60,6,3,2585.0,9.2,487,0,7,408765,3382415,485,0,7,-81.76,504,380.0,-215.0,436.6062299143245,-2,59.50072462349914,-19,9,3,2.4917953920489606
3220,2533201,408385.0,3382630.0,17,60,6,3,2585.0,9.2,487,0,7,408760,3382420,486,0,7,-83.26,504,375.0,-210.0,429.7964634568321,-1,59.24882633654698,-18,9,3,2.3981623537608203
3221,2533201,408385.0,3382630.0,17,60,6,3,2585.0,9.2,487,0,7,408815,3382685,487,9,7,-99.8,504,430.0,55.0,433.50317184537414,0,22.711047676389853,-17,9,3,2.2457261511247837
3222,2533201,408385.0,3382630.0,17,60,6,3,2585.0,9.2,487,0,7,408800,3382700,487,0,7,-99.5,504,415.0,70.0,420.86221023037933,0,20.42577211490817,-17,9,3,2.3131062835724454
3223,2533201,408385.0,3382630.0,17,60,6,3,2585.0,9.2,487,0,7,408810,3382690,487,9,7,-105.2,504,425.0,60.0,429.2143986401202,0,21.964289289465228,-17,9,3,2.2681424558403114
3224,2533201,408385.0,3382630.0,17,60,6,3,2585.0,9.2,487,0,7,408770,3382410,485,0,7,-85.36,504,385.0,-220.0,443.42417615642023,-2,59.74488129694225,-19,9,3,2.453529539736686
3225,2533201,408385.0,3382630.0,17,60,6,3,2585.0,9.2,487,0,7,408285,3382605,486,0,7,-104.5,504,-100.0,-25.0,103.07764064044152,-1,195.96375653207352,-18,9,3,9.905432857937544
3226,2533201,408385.0,3382630.0,17,60,6,3,2585.0,9.2,487,0,7,408275,3382595,485,0,6,-108.6,504,-110.0,-35.0,115.43396380615195,-2,192.34987578006985,-19,9,3,9.346864751446516
3227,2533201,408385.0,3382630.0,17,60,6,3,2585.0,9.2,487,0,7,408280,3382610,486,0,7,-112.5,504,-105.0,-20.0,106.88779163215975,-1,199.2157021324374,-18,9,3,9.55897350420276
3228,2533201,408385.0,3382630.0,17,60,6,3,2585.0,9.2,487,0,7,408265,3382585,485,0,6,-105.0,504,-120.0,-45.0,128.16005617976296,-2,189.44395478041653,-19,9,3,8.432798130910372
3229,2533201,408385.0,3382630.0,17,60,6,3,2585.0,9.2,487,0,7,408150,3382480,480,0,5,-102.8,504,-235.0,-150.0,278.792037189013,-7,177.4499965078066,-24,9,3,4.920215484325161
3230,2533201,408385.0,3382630.0,17,60,6,3,2585.0,9.2,487,0,7,408730,3382400,486,0,6,-84.88,504,345.0,-230.0,414.6383966783588,-1,63.69006752597977,-18,9,3,2.4857247013457315
3231,2533201,408385.0,3382630.0,17,60,6,3,2585.0,9.2,487,0,7,408735,3382395,486,0,6,-85.74,504,350.0,-235.0,421.57442996462675,-1,63.878539805109654,-18,9,3,2.4448778844159613
3232,2533201,408385.0,3382630.0,17,60,6,3,2585.0,9.2,487,0,7,408750,3382380,485,0,7,-89.46,504,365.0,-250.0,442.4081825644729,-2,64.40847225202862,-19,9,3,2.4591571787075424
3233,2533201,408385.0,3382630.0,17,60,6,3,2585.0,9.2,487,0,7,408755,3382375,485,0,7,-93.89,504,370.0,-255.0,449.36065693382636,-2,64.5741914741152,-19,9,3,2.421154916108158
3234,2533201,408385.0,3382630.0,17,60,6,3,2585.0,9.2,487,0,7,408720,3382390,486,0,7,-87.09,504,335.0,-240.0,412.09828924663105,-1,65.61848983925177,-18,9,3,2.5010269118727866
3235,2533201,408385.0,3382630.0,17,60,6,3,2585.0,9.2,487,0,7,408725,3382385,486,0,7,-86.56,504,340.0,-245.0,419.0763653560052,-1,65.77607771789468,-18,9,3,2.459433669609401
3236,2533201,408385.0,3382630.0,17,60,6,3,2585.0,9.2,487,0,7,408675,3382245,486,0,6,-87.0,504,290.0,-385.0,482.00103734328206,-1,83.01123161285602,-18,9,3,2.138677979153717
3237,2533201,408385.0,3382630.0,17,60,6,3,2585.0,9.2,487,0,7,408785,3382375,485,0,7,-89.78,504,400.0,-255.0,474.3680006071236,-2,62.51751061504552,-19,9,3,2.2936585599042942
3238,2533201,408385.0,3382630.0,17,60,6,3,2585.0,9.2,487,0,7,408770,3382390,485,0,7,-88.57,504,385.0,-240.0,453.67940222143653,-2,61.93844891667186,-19,9,3,2.398134067129239
3239,2533201,408385.0,3382630.0,17,60,6,3,2585.0,9.2,487,0,7,408765,3382395,485,0,7,-87.39,504,380.0,-235.0,446.79413604030213,-2,61.733519153416296,-19,9,3,2.435046070279307
3240,2533201,408385.0,3382630.0,17,60,6,3,2585.0,9.2,487,0,7,408775,3382385,485,0,6,-87.54,504,390.0,-245.0,460.5702986515739,-2,62.13724898104181,-19,9,3,2.3622949554159156
3241,2533201,408385.0,3382630.0,17,60,6,3,2585.0,9.2,487,0,7,408780,3382380,485,0,6,-88.07,504,395.0,-250.0,467.4665763453041,-2,62.33018573505035,-19,9,3,2.3274839274551833
3242,2533201,408385.0,3382630.0,17,60,6,3,2585.0,9.2,487,0,7,408760,3382400,485,0,7,-87.74,504,375.0,-230.0,439.9147644714826,-2,61.5221772467587,-19,9,3,2.4730783194760666
3243,2533201,408385.0,3382630.0,17,60,6,3,2585.0,9.2,487,0,7,408795,3382365,485,0,7,-91.29,504,410.0,-265.0,488.18541559534526,-2,62.87626175221061,-19,9,3,2.228806139983273
3244,2533201,408385.0,3382630.0,17,60,6,3,2585.0,9.2,487,0,7,408745,3382335,485,0,2,-95.33,504,360.0,-295.0,465.4299087940095,-2,69.33271432176088,-19,9,3,2.33765745418283
3245,2533201,408385.0,3382630.0,17,60,6,3,2585.0,9.2,487,0,7,408790,3382370,485,0,7,-92.24,504,405.0,-260.0,481.27435003332556,-2,62.699461121001946,-19,9,3,2.260778662896541
3246,2533201,408385.0,3382630.0,17,60,6,3,2585.0,9.2,487,0,7,408920,3381655,486,102,14,-94.5,504,535.0,-975.0,1112.1375814169755,-1,91.24563304547428,-18,9,3,0.9272539736595593
3247,2533201,408385.0,3382630.0,17,60,6,3,2585.0,9.2,487,0,7,408810,3382680,487,0,7,-97.67,504,425.0,50.0,427.93106921559223,0,23.290163192243085,-17,9,3,2.2749372890969224
3248,2533201,408385.0,3382630.0,17,60,6,3,2585.0,9.2,487,0,7,408800,3382670,487,0,7,-98.0,504,415.0,40.0,416.92325432865937,0,24.49452214202165,-17,9,3,2.3349356882890504
3249,2533201,408385.0,3382630.0,17,60,6,3,2585.0,9.2,487,0,7,408815,3382675,487,0,7,-103.6,504,430.0,45.0,432.3482392701513,0,24.025676713519374,-17,9,3,2.2517189963565474
3250,2533201,408385.0,3382630.0,17,60,6,3,2585.0,9.2,487,0,7,408805,3382665,487,0,7,-93.5,504,420.0,35.0,421.4558102577303,0,25.23635830927384,-17,9,3,2.3098519170739022
3251,2533201,408385.0,3382630.0,17,60,6,3,2585.0,9.2,487,0,7,408825,3382645,486,0,2,-90.5,504,440.0,15.0,440.25560757360034,-1,28.047490950600377,-18,9,3,2.3412534256253283
3252,2533201,408385.0,3382630.0,17,60,6,3,2585.0,9.2,487,0,7,408830,3382660,486,9,7,-99.5,504,445.0,30.0,446.0100895719737,-1,26.143199014410186,-18,9,3,2.31107922738984
3253,2533201,408385.0,3382630.0,17,60,6,3,2585.0,9.2,487,0,7,408820,3382650,486,0,2,-96.33,504,435.0,20.0,435.4595273960601,-1,27.36756513101352,-18,9,3,2.367010438918798
3254,2533201,408385.0,3382630.0,17,60,6,3,2585.0,9.2,487,0,7,408735,3382435,486,0,7,-81.86,504,350.0,-195.0,400.65571255131255,-1,59.1240534947774,-18,9,3,2.5723606853977277
3255,2533201,408385.0,3382630.0,17,60,6,3,2585.0,9.2,487,0,7,408740,3382410,486,0,7,-84.1,504,355.0,-220.0,417.6421913552317,-1,61.787253121664776,-18,9,3,2.467868886099336
3256,2533201,408385.0,3382630.0,17,60,6,3,2585.0,9.2,487,0,7,408755,3382415,486,0,7,-82.8,504,370.0,-215.0,427.93106921559223,-1,60.16006083808708,-18,9,3,2.4086038978349773
3257,2533201,408385.0,3382630.0,17,60,6,3,2585.0,9.2,487,0,7,408745,3382405,486,0,7,-86.86,504,360.0,-225.0,424.5291509425472,-1,62.005383208083515,-18,9,3,2.4278819789671338
3258,2533201,408385.0,3382630.0,17,60,6,3,2585.0,9.2,487,0,7,408725,3382425,486,0,7,-82.12,504,340.0,-205.0,397.0201506221063,-1,61.087505323479945,-18,9,3,2.595884030159261
3259,2533201,408385.0,3382630.0,17,60,6,3,2585.0,9.2,487,0,7,408720,3382430,486,0,7,-80.13,504,335.0,-200.0,390.16022349798806,-1,60.83783194468725,-18,9,3,2.6414616416906878
3260,2533201,408385.0,3382630.0,17,60,6,3,2585.0,9.2,487,0,7,408750,3382420,486,0,7,-81.15,504,365.0,-210.0,421.0997506529777,-1,59.91364599153485,-18,9,3,2.4476304919142704
3261,2533201,408385.0,3382630.0,17,60,6,3,2585.0,9.2,487,0,7,410795,3380040,481,0,5,-107.67,504,2410.0,-2590.0,3537.824190091984,-6,77.06175769075855,-23,9,3,0.37248441209058075
3262,2533201,408385.0,3382630.0,17,60,6,3,2585.0,9.2,487,0,7,410140,3380120,481,0,5,-106.5,504,1755.0,-2510.0,3062.6989731281133,-6,85.03863154628402,-23,9,3,0.43026695353831096
3263,2533201,408385.0,3382630.0,17,60,6,3,2585.0,9.2,487,0,7,408680,3382250,486,0,7,-92.5,504,295.0,-380.0,481.06652346634974,-1,82.177245850855,-18,9,3,2.142828679327078
3264,2533201,408385.0,3382630.0,17,60,6,3,2585.0,9.2,487,0,7,408760,3382330,484,0,2,-95.0,504,375.0,-300.0,480.23431780746364,-3,68.65980825409008,-20,9,3,2.384781215640656
3265,2533201,408385.0,3382630.0,17,60,6,3,2585.0,9.2,487,0,7,408720,3382370,486,0,2,-90.0,504,335.0,-260.0,424.05777908204914,-1,67.81573260757318,-18,9,3,2.430577516100602
3266,2533201,408385.0,3382630.0,17,60,6,3,2585.0,9.2,487,0,7,408795,3382355,485,0,2,-90.0,504,410.0,-275.0,493.6851223198852,-2,63.85101030355821,-19,9,3,2.204001617566895
3267,2533201,408385.0,3382630.0,17,60,6,3,2585.0,9.2,487,0,7,408750,3382400,485,0,7,-87.19,504,365.0,-230.0,431.4220671222092,-2,62.21654605857566,-19,9,3,2.5216995102347517
3268,2533201,408385.0,3382630.0,17,60,6,3,2585.0,9.2,487,0,7,408730,3382380,486,0,7,-93.0,504,345.0,-250.0,426.0575078554537,-1,65.92850242282282,-18,9,3,2.419183027205228
3269,2533201,408385.0,3382630.0,17,60,6,3,2585.0,9.2,487,0,7,408755,3382395,485,0,7,-86.8,504,370.0,-235.0,438.32065887886233,-2,62.421064762506944,-19,9,3,2.4820613013069774
3270,2533201,408385.0,3382630.0,17,60,6,3,2585.0,9.2,487,0,7,408745,3382385,485,0,7,-87.45,504,360.0,-245.0,435.4595273960601,-2,64.23746277685757,-19,9,3,2.498348773303132
3271,2533201,408385.0,3382630.0,17,60,6,3,2585.0,9.2,487,0,7,408740,3382390,486,0,7,-85.96,504,355.0,-240.0,428.51487722131657,-1,64.06090881680785,-18,9,3,2.4053262763790455
3272,2533201,408385.0,3382630.0,17,60,6,3,2585.0,9.2,487,0,7,408790,3382360,485,0,7,-90.0,504,405.0,-270.0,486.7494221876386,-2,63.69006752597977,-19,9,3,2.2353748357782504
3273,2533201,408385.0,3382630.0,17,60,6,3,2585.0,9.2,487,0,7,408185,3382355,484,0,6,-109.0,504,-200.0,-275.0,340.03676271838606,-3,156.0273733851036,-20,9,3,3.3660975390045555
3274,2533201,408385.0,3382630.0,17,60,6,3,2585.0,9.2,487,0,7,408200,3382380,484,0,6,-105.0,504,-185.0,-250.0,311.0064308016797,-3,156.5014411205063,-20,9,3,3.6794733639829857
3275,2533201,408385.0,3382630.0,17,60,6,3,2585.0,9.2,487,0,7,408750,3382735,487,0,7,-102.0,504,365.0,105.0,379.80258029665885,0,13.950995207466804,-17,9,3,2.56285398116369
3276,2533201,408385.0,3382630.0,17,60,6,3,2585.0,9.2,487,0,7,408740,3382725,487,0,7,-100.0,504,355.0,95.0,367.4914965002592,0,15.018367427609064,-17,9,3,2.6485901353594774
3277,2533201,408385.0,3382630.0,17,60,6,3,2585.0,9.2,487,0,7,408625,3382610,487,0,7,-90.6,504,240.0,-20.0,240.8318915758459,0,34.76364169072616,-17,9,3,4.03773471307271
3278,2533201,408385.0,3382630.0,17,60,6,3,2585.0,9.2,487,0,7,408390,3382535,488,0,6,-95.5,504,5.0,-95.0,95.13148795220224,1,116.98721249581672,-16,9,3,9.547126191377368
3279,2533201,408385.0,3382630.0,17,60,6,3,2585.0,9.2,487,0,7,408360,3382545,487,0,7,-95.09,504,-25.0,-85.0,88.60022573334675,0,136.38954033403476,-17,9,3,10.861512860966322
3280,2533201,408385.0,3382630.0,17,60,6,3,2585.0,9.2,487,0,7,408735,3382760,487,0,7,-96.5,504,350.0,130.0,373.3630940518894,0,9.623564786163627,-17,9,3,2.6069956948574853
3281,2533201,408385.0,3382630.0,17,60,6,3,2585.0,9.2,487,0,7,408395,3382540,488,0,7,-93.67,504,10.0,-90.0,90.55385138137417,1,113.65980825409008,-16,9,3,10.020195581850166
3282,2533201,408385.0,3382630.0,17,60,6,3,2585.0,9.2,487,0,7,408635,3382620,487,0,7,-90.0,504,250.0,-10.0,250.19992006393608,0,32.29061004263855,-17,9,3,3.887025566523076
3283,2533201,408385.0,3382630.0,17,60,6,3,2585.0,9.2,487,0,7,408630,3382615,487,0,7,-90.0,504,245.0,-15.0,245.45875417267155,0,33.50353164478446,-17,9,3,3.961868682896234
3284,2533201,408385.0,3382630.0,17,60,6,3,2585.0,9.2,487,0,7,408385,3382530,488,0,7,-96.17,504,0.0,-100.0,100.0,1,120.0,-16,9,3,9.090276920822323
3285,2533201,408385.0,3382630.0,17,60,6,3,2585.0,9.2,487,0,7,408795,3382780,488,0,7,-104.5,504,410.0,150.0,436.5775990588615,1,9.904768808095184,-16,9,3,2.0988762942818284
3286,2533201,408385.0,3382630.0,17,60,6,3,2585.0,9.2,487,0,7,408745,3382730,487,0,7,-101.67,504,360.0,100.0,373.6308338453881,0,14.475889003245754,-17,9,3,2.605130124678485
3287,2533201,408385.0,3382630.0,17,60,6,3,2585.0,9.2,487,0,7,408575,3382600,487,0,7,-86.7,504,190.0,-30.0,192.35384061671346,0,38.9726266148964,-17,9,3,5.050609252648939
3288,2533201,408385.0,3382630.0,17,60,6,3,2585.0,9.2,487,0,7,408760,3382670,487,0,7,-93.33,504,375.0,40.0,377.12729946266154,0,23.91147184580484,-17,9,3,2.58100995931902
3289,2533201,408385.0,3382630.0,17,60,6,3,2585.0,9.2,487,0,7,408755,3382695,487,0,7,-93.0,504,370.0,65.0,375.6660751252367,0,20.036195810092806,-17,9,3,2.591035631147933
3290,2533201,408385.0,3382630.0,17,60,6,3,2585.0,9.2,487,0,7,408805,3382465,486,0,7,-102.5,504,420.0,-165.0,451.2482686947397,-1,51.44773632710536,-18,9,3,2.284280348049794
3291,2533201,408385.0,3382630.0,17,60,6,3,2585.0,9.2,487,0,7,408770,3382680,487,0,7,-96.8,504,385.0,50.0,388.2331773560833,0,22.6004053401129,-17,9,3,2.507272665061251
3292,2533201,408385.0,3382630.0,17,60,6,3,2585.0,9.2,487,0,7,408765,3382665,487,0,7,-94.33,504,380.0,35.0,381.6084380618437,0,24.737604600404893,-17,9,3,2.5507420304869375
3293,2533201,408385.0,3382630.0,17,60,6,3,2585.0,9.2,487,0,7,408670,3382620,487,0,7,-86.86,504,285.0,-10.0,285.17538463198395,0,32.00955381302117,-17,9,3,3.4115038505331516
3294,2533201,408385.0,3382630.0,17,60,6,3,2585.0,9.2,487,0,7,408675,3382615,487,0,7,-93.6,504,290.0,-15.0,290.38767191463205,0,32.960936134163774,-17,9,3,3.350410135389466
3295,2533201,408385.0,3382630.0,17,60,6,3,2585.0,9.2,487,0,7,408735,3382715,487,0,7,-92.5,504,350.0,85.0,360.17356926904006,0,16.349580865243013,-17,9,3,2.702324629213875
3296,2533201,408385.0,3382630.0,17,60,6,3,2585.0,9.2,487,0,7,408970,3382320,485,0,2,-96.33,504,585.0,-310.0,662.0611754211237,-2,57.91976642810863,-19,9,3,1.6438376694220946
3297,2533201,408385.0,3382630.0,17,60,6,3,2585.0,9.2,487,0,7,408975,3382315,485,0,2,-95.76,504,590.0,-315.0,668.823594081429,-2,58.09768296743596,-19,9,3,1.6272259476044522
3298,2533201,408385.0,3382630.0,17,60,6,3,2585.0,9.2,487,0,7,408775,3382675,487,0,7,-95.93,504,390.0,45.0,392.587569849072,0,23.418055344821994,-17,9,3,2.4794981041953967
3299,2533201,408385.0,3382630.0,17,60,6,3,2585.0,9.2,487,0,7,408660,3382610,487,0,7,-90.5,504,275.0,-20.0,275.72631357924473,0,34.159642293712636,-17,9,3,3.5281247878560253
3300,2533201,408385.0,3382630.0,17,60,6,3,2585.0,9.2,487,0,7,408835,3382455,486,0,7,-104.0,504,450.0,-175.0,482.83019789569914,-1,51.250505507133255,-18,9,3,2.1350086458219386
3301,2533201,408385.0,3382630.0,17,60,6,3,2585.0,9.2,487,0,7,410805,3380040,481,0,5,-110.5,504,2420.0,-2590.0,3544.643846707311,-6,76.94342251700812,-23,9,3,0.3717677972404825
3302,2533201,408385.0,3382630.0,17,60,6,3,2585.0,9.2,487,0,7,408705,3382350,486,0,2,-97.5,504,320.0,-280.0,425.20583250938597,-1,71.18592516570965,-18,9,3,2.424022808700774
3303,2533201,408385.0,3382630.0,17,60,6,3,2585.0,9.2,487,0,7,408675,3382400,487,0,2,-86.0,504,290.0,-230.0,370.1351104664349,0,68.418055344822,-17,9,3,2.629699774825087
3304,2533201,408385.0,3382630.0,17,60,6,3,2585.0,9.2,487,0,7,408655,3382380,487,0,2,-90.0,504,270.0,-250.0,367.96738985948195,0,72.79740183823424,-17,9,3,2.645169573915831
3305,2533201,408385.0,3382630.0,17,60,6,3,2585.0,9.2,487,0,7,408700,3382345,486,0,2,-90.0,504,315.0,-285.0,424.7940677551889,-1,72.13759477388828,-18,9,3,2.426369674861612
3306,2533201,408385.0,3382630.0,17,60,6,3,2585.0,9.2,487,0,7,408660,3382385,487,0,2,-92.67,504,275.0,-245.0,368.30693721405794,0,71.69813432556498,-17,9,3,2.6427344136500763
3307,2533201,408385.0,3382630.0,17,60,6,3,2585.0,9.2,487,0,7,408870,3382495,485,0,7,-101.0,504,485.0,-135.0,503.43817892567506,-2,45.554571270074405,-19,9,3,2.161344612254694
3308,2533201,408385.0,3382630.0,17,60,6,3,2585.0,9.2,487,0,7,408865,3382490,485,0,7,-101.33,504,480.0,-140.0,500.0,-2,46.26020470831196,-19,9,3,2.1761925505253368
3309,2533201,408385.0,3382630.0,17,60,6,3,2585.0,9.2,487,0,7,408820,3382525,486,0,7,-93.0,504,435.0,-105.0,447.49301670528894,-1,43.57043438516149,-18,9,3,2.303428908164207
3310,2533201,408385.0,3382630.0,17,60,6,3,2585.0,9.2,487,0,7,408780,3382565,486,0,7,-80.33,504,395.0,-65.0,400.3123780249619,-1,39.34467190209966,-18,9,3,2.5745639457584506
3311,2533201,408385.0,3382630.0,17,60,6,3,2585.0,9.2,487,0,7,408760,3382585,486,0,7,-81.38,504,375.0,-45.0,377.69034936042516,-1,36.84277341263095,-18,9,3,2.7285427922214343
3312,2533201,408385.0,3382630.0,17,60,6,3,2585.0,9.2,487,0,7,408680,3382665,486,0,7,-100.0,504,295.0,35.0,297.06901555025894,-1,23.23382517744693,-18,9,3,3.467425480439498
3313,2533201,408385.0,3382630.0,17,60,6,3,2585.0,9.2,487,0,7,408715,3382660,486,0,6,-94.33,504,330.0,30.0,331.3608305156178,-1,24.80557109226521,-18,9,3,3.109333727805505
3314,2533201,408385.0,3382630.0,17,60,6,3,2585.0,9.2,487,0,7,408710,3382655,486,0,2,-84.5,504,325.0,25.0,325.96012026013244,-1,25.601294645004486,-18,9,3,3.16074749800371
3315,2533201,408385.0,3382630.0,17,60,6,3,2585.0,9.2,487,0,7,409070,3382295,487,0,6,-99.33,504,685.0,-335.0,762.5286879849177,0,56.06099573975996,-17,9,3,1.2771544734736855
3316,2533201,408385.0,3382630.0,17,60,6,3,2585.0,9.2,487,0,7,409060,3382285,487,0,7,-98.0,504,675.0,-345.0,758.0567261095966,0,57.072080237992736,-17,9,3,1.2846862022582273
3317,2533201,408385.0,3382630.0,17,60,6,3,2585.0,9.2,487,0,7,409095,3382280,487,0,6,-97.25,504,710.0,-350.0,791.580697086532,0,56.24134965215774,-17,9,3,1.2302959759676462
3318,2533201,408385.0,3382630.0,17,60,6,3,2585.0,9.2,487,0,7,409040,3382305,487,0,7,-91.5,504,655.0,-325.0,731.1976476986233,0,56.38983527217266,-17,9,3,1.3318598755052844
3319,2533201,408385.0,3382630.0,17,60,6,3,2585.0,9.2,487,0,7,408890,3382475,486,0,7,-106.33,504,505.0,-155.0,528.2518338822877,-1,47.062857173461396,-18,9,3,1.951578948289265
3320,2533201,408385.0,3382630.0,17,60,6,3,2585.0,9.2,487,0,7,409065,3382290,487,0,7,-99.2,504,680.0,-340.0,760.2631123499285,0,56.565051177077976,-17,9,3,1.2809591134236533
3321,2533201,408385.0,3382630.0,17,60,6,3,2585.0,9.2,487,0,7,409090,3382275,487,0,7,-95.5,504,705.0,-355.0,789.335163286167,0,56.727361733014675,-17,9,3,1.233794893254002
3322,2533201,408385.0,3382630.0,17,60,6,3,2585.0,9.2,487,0,7,409050,3382760,484,0,2,-95.5,504,665.0,130.0,677.5876327088622,-3,18.938817538408216,-20,9,3,1.69067870538548
3323,2533201,408385.0,3382630.0,17,60,6,3,2585.0,9.2,487,0,7,408965,3382775,487,0,2,-98.75,504,580.0,145.0,597.8503157145608,0,15.963756532073546,-17,9,3,1.6287786974695517
3324,2533201,408385.0,3382630.0,17,60,6,3,2585.0,9.2,487,0,7,408975,3382765,487,0,2,-94.5,504,590.0,135.0,605.2478831024525,0,17.111814874234312,-17,9,3,1.6088816790954772
3325,2533201,408385.0,3382630.0,17,60,6,3,2585.0,9.2,487,0,7,408960,3382780,487,0,2,-97.5,504,575.0,150.0,594.2432162002357,0,15.379126011368328,-17,9,3,1.6386601283325355
3326,2533201,408385.0,3382630.0,17,60,6,3,2585.0,9.2,487,0,7,408515,3382440,489,0,2,-93.5,504,130.0,-190.0,230.21728866442677,2,85.61965527615513,-15,9,3,3.727885086912439
3327,2533201,408385.0,3382630.0,17,60,6,3,2585.0,9.2,487,0,7,408650,3382895,487,0,7,-108.0,504,265.0,265.0,374.7665940288702,0,-15.0,-17,9,3,2.597245896561225
3328,2533201,408385.0,3382630.0,17,60,6,3,2585.0,9.2,487,0,7,408490,3382415,489,0,2,-99.0,504,105.0,-215.0,239.26972228010797,2,93.97040780848647,-15,9,3,3.5872212850373346
3329,2533201,408385.0,3382630.0,17,60,6,3,2585.0,9.2,487,0,7,408505,3382430,489,0,2,-95.0,504,120.0,-200.0,233.23807579381202,2,89.03624346792651,-15,9,3,3.6797368371430634
3330,2533201,408385.0,3382630.0,17,60,6,3,2585.0,9.2,487,0,7,408880,3382805,488,0,2,-103.0,504,495.0,175.0,525.0238089839355,1,10.529697990533066,-16,9,3,1.7455376698783975
3331,2533201,408385.0,3382630.0,17,60,6,3,2585.0,9.2,487,0,7,408575,3382500,487,0,6,-81.0,504,190.0,-130.0,230.21728866442677,0,64.38034472384487,-17,9,3,4.223243282779387
3332,2533201,408385.0,3382630.0,17,60,6,3,2585.0,9.2,487,0,7,408570,3382495,487,0,7,-79.86,504,185.0,-135.0,229.01964981197574,0,66.11934084947973,-17,9,3,4.245247843863116
3333,2533201,408385.0,3382630.0,17,60,6,3,2585.0,9.2,487,0,7,408520,3382445,488,0,2,-89.12,504,135.0,-185.0,229.01964981197574,1,83.88065915052027,-16,9,3,3.996361670611714
3334,2533201,408385.0,3382630.0,17,60,6,3,2585.0,9.2,487,0,7,408540,3382465,488,0,7,-85.6,504,155.0,-165.0,226.38462845343543,1,76.78991060824603,-16,9,3,4.042724279001038
3335,2533201,408385.0,3382630.0,17,60,6,3,2585.0,9.2,487,0,7,408565,3382490,487,0,7,-78.12,504,180.0,-140.0,228.0350850198276,0,67.8749836510982,-17,9,3,4.263509692931055
3336,2533201,408385.0,3382630.0,17,60,6,3,2585.0,9.2,487,0,7,408545,3382470,488,0,7,-82.12,504,160.0,-160.0,226.27416997969522,1,75.0,-16,9,3,4.044691235386268
3337,2533201,408385.0,3382630.0,17,60,6,3,2585.0,9.2,487,0,7,408555,3382480,488,0,7,-79.89,504,170.0,-150.0,226.71568097509268,1,71.42366562500263,-16,9,3,4.03684058310609
3338,2533201,408385.0,3382630.0,17,60,6,3,2585.0,9.2,487,0,7,408530,3382455,488,0,2,-87.07,504,145.0,-175.0,227.26636354727023,1,80.3558250428552,-16,9,3,4.027091252865825
3339,2533201,408385.0,3382630.0,17,60,6,3,2585.0,9.2,487,0,7,408550,3382475,488,0,6,-80.39,504,165.0,-155.0,226.38462845343543,1,73.21008939175397,-16,9,3,4.042724279001038
3340,2533201,408385.0,3382630.0,17,60,6,3,2585.0,9.2,487,0,7,408525,3382450,488,0,2,-86.74,504,140.0,-180.0,228.0350850198276,1,82.1250163489018,-16,9,3,4.013560100989388
3341,2533201,408385.0,3382630.0,17,60,6,3,2585.0,9.2,487,0,7,408495,3382420,489,0,7,-99.67,504,110.0,-210.0,237.06539182259397,2,92.35402463626133,-15,9,3,3.620488415657701
3342,2533201,408385.0,3382630.0,17,60,6,3,2585.0,9.2,487,0,7,408500,3382425,489,0,7,-95.75,504,115.0,-205.0,235.05318547086316,2,90.70863782901574,-15,9,3,3.6513986280171205
3343,2533201,408385.0,3382630.0,17,60,6,3,2585.0,9.2,487,0,7,408870,3382795,488,0,2,-100.0,504,485.0,165.0,512.2987409705396,1,11.211378017831521,-16,9,3,1.7888675213455636
3344,2533201,408385.0,3382630.0,17,60,6,3,2585.0,9.2,487,0,7,408560,3382485,487,0,7,-78.19,504,175.0,-145.0,227.26636354727023,0,69.64417495714486,-17,9,3,4.2778774379029825
3345,2533201,408385.0,3382630.0,17,60,6,3,2585.0,9.2,487,0,7,408885,3382810,488,0,2,-98.33,504,500.0,180.0,531.4132102234569,1,10.201123645475093,-16,9,3,1.7245630977798347
3346,2533201,408385.0,3382630.0,17,60,6,3,2585.0,9.2,487,0,7,408535,3382460,488,0,2,-84.82,504,150.0,-170.0,226.71568097509268,1,78.57633437499737,-16,9,3,4.03684058310609
3347,2533201,408385.0,3382630.0,17,60,6,3,2585.0,9.2,487,0,7,408890,3382815,488,0,2,-99.5,504,505.0,185.0,537.8196723809942,1,9.880366859181663,-16,9,3,1.7040324335345058
3348,2533201,408385.0,3382630.0,17,60,6,3,2585.0,9.2,487,0,7,410825,3380045,481,0,5,-103.0,504,2440.0,-2585.0,3554.6905631854934,-6,76.65285240179514,-23,9,3,0.3707170893943544
3349,2533201,408385.0,3382630.0,17,60,6,3,2585.0,9.2,487,0,7,408565,3380990,485,0,5,-110.0,504,180.0,-1640.0,1649.8484778912275,-2,113.73650938566539,-19,9,3,0.6598010082728987
3350,2533201,408385.0,3382630.0,17,60,6,3,2585.0,9.2,487,0,7,408970,3383080,486,0,7,-114.0,504,585.0,450.0,738.0548760085526,-1,-7.5685920288274815,-18,9,3,1.3970771849773762
3351,2533201,408385.0,3382630.0,17,60,6,3,2585.0,9.2,487,0,7,408445,3382400,489,0,2,-104.5,504,60.0,-230.0,237.69728648009425,2,105.37912601136838,-15,9,3,3.610889204593947
3352,2533201,408385.0,3382630.0,17,60,6,3,2585.0,9.2,487,0,7,408775,3382135,487,0,5,-102.0,504,390.0,-495.0,630.1785461280001,0,81.76617482255307,-17,9,3,1.5452637734338324
3353,2533201,408385.0,3382630.0,17,60,6,3,2585.0,9.2,487,0,7,408670,3382200,486,0,5,-91.33,504,285.0,-430.0,515.8730463980455,-1,86.4639530156926,-18,9,3,1.9983711254489192
3354,2533201,408385.0,3382630.0,17,60,6,3,2585.0,9.2,487,0,7,408805,3382325,485,0,2,-98.0,504,420.0,-305.0,519.0616533707725,-2,65.98679564435724,-19,9,3,2.096348254084166
3355,2533201,408385.0,3382630.0,17,60,6,3,2585.0,9.2,487,0,7,408955,3382315,484,0,7,-97.0,504,570.0,-315.0,651.2488003827723,-3,58.92642583525361,-20,9,3,1.7590136806282128
3356,2533201,408385.0,3382630.0,17,60,6,3,2585.0,9.2,487,0,7,408820,3382350,485,0,2,-94.5,504,435.0,-280.0,517.3248495867949,-2,62.76849907876982,-19,9,3,2.103379968649698
3357,2533201,408385.0,3382630.0,17,60,6,3,2585.0,9.2,487,0,7,409190,3382720,483,0,5,-102.0,504,805.0,90.0,810.0154319517623,-4,23.620751832386873,-21,9,3,1.4850851728120953
3358,2533201,408385.0,3382630.0,17,60,6,3,2585.0,9.2,487,0,7,408840,3382370,485,0,7,-94.48,504,455.0,-260.0,524.0467536394058,-2,59.74488129694225,-19,9,3,2.076423859052637
3359,2533201,408385.0,3382630.0,17,60,6,3,2585.0,9.2,487,0,7,409195,3382715,483,0,5,-96.67,504,810.0,85.0,814.4476655992084,-4,24.009405282075193,-21,9,3,1.4770069118440132
3360,2533201,408385.0,3382630.0,17,60,6,3,2585.0,9.2,487,0,7,408855,3382375,486,0,6,-90.73,504,470.0,-255.0,534.7195526628889,-1,58.48218574704043,-18,9,3,1.9279914818068549
3361,2533201,408385.0,3382630.0,17,60,6,3,2585.0,9.2,487,0,7,408845,3382365,485,0,7,-93.33,504,460.0,-265.0,530.8719242905958,-2,59.94568344039516,-19,9,3,2.049751173805946
3362,2533201,408385.0,3382630.0,17,60,6,3,2585.0,9.2,487,0,7,408850,3382380,486,0,7,-90.83,504,465.0,-250.0,527.9441258315126,-1,58.26400414852395,-18,9,3,1.9527155302750911
3363,2533201,408385.0,3382630.0,17,60,6,3,2585.0,9.2,487,0,7,408835,3382355,485,0,2,-92.7,504,450.0,-275.0,527.3755777432247,-2,61.42956561483851,-19,9,3,2.0633287201589243
3364,2533201,408385.0,3382630.0,17,60,6,3,2585.0,9.2,487,0,7,408830,3382360,485,0,7,-92.58,504,445.0,-270.0,520.5045629002689,-2,61.24692941347695,-19,9,3,2.0905420547695868
3365,2533201,408385.0,3382630.0,17,60,6,3,2585.0,9.2,487,0,7,408950,3382320,484,0,7,-94.13,504,565.0,-310.0,644.4571358903554,-3,58.75236842721438,-20,9,3,1.777539360411067
3366,2533201,408385.0,3382630.0,17,60,6,3,2585.0,9.2,487,0,7,408270,3382695,487,0,6,-108.5,504,-115.0,65.0,132.09844813622905,0,239.47588900324575,-17,9,3,7.333196695485543
3367,2533201,408385.0,3382630.0,17,60,6,3,2585.0,9.2,487,0,7,410815,3380040,481,0,5,-107.33,504,2430.0,-2590.0,3551.47856533022,-6,76.8255423073299,-23,9,3,0.3710523608021798
3368,2533201,408385.0,3382630.0,17,60,6,3,2585.0,9.2,487,0,7,410805,3380030,481,0,5,-109.5,504,2420.0,-2600.0,3551.9572069494307,-6,77.05355056351101,-23,9,3,0.37100236128704067
3369,2533201,408385.0,3382630.0,17,60,6,3,2585.0,9.2,487,0,7,409120,3382740,483,0,7,-91.0,504,735.0,110.0,743.1857103039589,-4,21.488294861575355,-21,9,3,1.6185608449476747
3370,2533201,408385.0,3382630.0,17,60,6,3,2585.0,9.2,487,0,7,408335,3382245,487,0,5,-86.5,504,-50.0,-385.0,388.2331773560833,0,127.3995946598871,-17,9,3,2.507272665061251
3371,2533201,408385.0,3382630.0,17,60,6,3,2585.0,9.2,487,0,7,408605,3382215,485,0,5,-94.5,504,220.0,-415.0,469.7073557013984,-2,92.07102129131908,-19,9,3,2.3163925890048778
3372,2533201,408385.0,3382630.0,17,60,6,3,2585.0,9.2,487,0,7,408390,3382310,489,0,7,-91.5,504,5.0,-320.0,320.0390601161052,2,119.10482628978889,-15,9,3,2.6834480889806067
3373,2533201,408385.0,3382630.0,17,60,6,3,2585.0,9.2,487,0,7,408740,3382765,487,0,7,-97.2,504,355.0,135.0,379.80258029665885,0,9.179107146689148,-17,9,3,2.56285398116369
3374,2533201,408385.0,3382630.0,17,60,6,3,2585.0,9.2,487,0,7,408675,3382860,486,0,5,-107.0,504,290.0,230.0,370.1351104664349,-1,-8.418055344821994,-18,9,3,2.784151352398627
3375,2533201,408385.0,3382630.0,17,60,6,3,2585.0,9.2,487,0,7,408620,3382565,487,0,7,-81.33,504,235.0,-65.0,243.82370680473218,0,45.461217740441896,-17,9,3,3.9883509591971578
3376,2533201,408385.0,3382630.0,17,60,6,3,2585.0,9.2,487,0,7,408720,3382785,487,0,6,-106.0,504,335.0,155.0,369.120576505835,0,5.170653411850367,-17,9,3,2.6369173599455578
3377,2533201,408385.0,3382630.0,17,60,6,3,2585.0,9.2,487,0,7,408940,3382885,488,0,7,-101.5,504,555.0,255.0,610.77819214507,1,5.3231368296629284,-16,9,3,1.5005821627207196
3378,2533201,408385.0,3382630.0,17,60,6,3,2585.0,9.2,487,0,7,408765,3382750,488,0,7,-99.33,504,380.0,120.0,398.4971769034255,1,12.474431626277124,-16,9,3,2.299239198239167
3379,2533201,408385.0,3382630.0,17,60,6,3,2585.0,9.2,487,0,7,408330,3382555,485,0,7,-97.0,504,-55.0,-75.0,93.00537618869137,-2,156.25383773744477,-19,9,3,11.546041011991926
3380,2533201,408385.0,3382630.0,17,60,6,3,2585.0,9.2,487,0,7,408475,3382420,489,0,2,-105.5,504,90.0,-210.0,228.47319317591726,2,96.80140948635176,-15,9,3,3.7562614748814744
3381,2533201,408385.0,3382630.0,17,60,6,3,2585.0,9.2,487,0,7,408465,3382410,489,0,2,-103.5,504,80.0,-220.0,234.0939982143925,2,100.01689347809997,-15,9,3,3.6663193079909706
3382,2533201,408385.0,3382630.0,17,60,6,3,2585.0,9.2,487,0,7,408350,3382535,486,0,7,-101.5,504,-35.0,-95.0,101.24228365658294,-1,140.22485943116808,-18,9,3,10.081350537428044
3383,2533201,408385.0,3382630.0,17,60,6,3,2585.0,9.2,487,0,7,408470,3382415,489,0,2,-101.0,504,85.0,-215.0,231.19256043393784,2,98.42869280874538,-15,9,3,3.712203294937763
3384,2533201,408385.0,3382630.0,17,60,6,3,2585.0,9.2,487,0,7,408780,3382725,488,0,7,-100.0,504,395.0,95.0,406.2634613154375,1,16.476839349583997,-16,9,3,2.255331910375175
3385,2533201,408385.0,3382630.0,17,60,6,3,2585.0,9.2,487,0,7,408355,3382540,486,0,7,-97.0,504,-30.0,-90.0,94.86832980505137,-1,138.434948822922,-18,9,3,10.743403801775964
3386,2533201,408385.0,3382630.0,17,60,6,3,2585.0,9.2,487,0,7,408565,3382435,488,0,2,-80.5,504,180.0,-195.0,265.37709019431196,1,77.29061004263855,-16,9,3,3.450275574071495
3387,2533201,408385.0,3382630.0,17,60,6,3,2585.0,9.2,487,0,7,408440,3382640,488,0,7,-94.0,504,55.0,10.0,55.90169943749474,1,19.695153531233984,-16,9,3,15.972006100176625
3388,2533201,408385.0,3382630.0,17,60,6,3,2585.0,9.2,487,0,7,408485,3382515,488,0,7,-88.21,504,100.0,-115.0,152.3975065412817,1,78.99091309842981,-16,9,3,5.9934465811092865
3389,2533201,408385.0,3382630.0,17,60,6,3,2585.0,9.2,487,0,7,408445,3382635,488,0,7,-96.5,504,60.0,5.0,60.207972893961475,1,25.23635830927384,-16,9,3,14.882132823981385
3390,2533201,408385.0,3382630.0,17,60,6,3,2585.0,9.2,487,0,7,408935,3382785,488,0,7,-97.0,504,550.0,155.0,571.4236606931848,1,14.261198562550533,-16,9,3,1.6038765473289858
3391,2533201,408385.0,3382630.0,17,60,6,3,2585.0,9.2,487,0,7,408480,3382520,488,0,7,-85.92,504,95.0,-110.0,145.34441853748632,1,79.18491612511843,-16,9,3,6.282016762758497
3392,2533201,408385.0,3382630.0,17,60,6,3,2585.0,9.2,487,0,7,408620,3382460,487,0,7,-71.02,504,235.0,-170.0,290.0431002454635,0,65.88213724620425,-17,9,3,3.354381344605998
3393,2533201,408385.0,3382630.0,17,60,6,3,2585.0,9.2,487,0,7,408600,3382480,487,0,7,-72.74,504,215.0,-150.0,262.15453457836657,0,64.90249561592475,-17,9,3,3.710278638251856
3394,2533201,408385.0,3382630.0,17,60,6,3,2585.0,9.2,487,0,7,408635,3382445,488,0,7,-74.18,504,250.0,-185.0,311.0064308016797,1,66.50144112050634,-16,9,3,2.9450355296709296
3395,2533201,408385.0,3382630.0,17,60,6,3,2585.0,9.2,487,0,7,408490,3382510,488,0,7,-85.24,504,105.0,-120.0,159.45218719101973,1,78.81407483429035,-16,9,3,5.7300820753742014
3396,2533201,408385.0,3382630.0,17,60,6,3,2585.0,9.2,487,0,7,408625,3382455,488,0,6,-72.67,504,240.0,-175.0,297.0269348055829,1,66.09828396710799,-16,9,3,3.0833814035497804
3397,2533201,408385.0,3382630.0,17,60,6,3,2585.0,9.2,487,0,7,408605,3382475,487,0,7,-71.1,504,220.0,-155.0,269.1189328159578,0,65.16643603579291,-17,9,3,3.614520049892335
3398,2533201,408385.0,3382630.0,17,60,6,3,2585.0,9.2,487,0,7,408585,3382415,489,0,2,-84.7,504,200.0,-215.0,293.64093720052045,2,77.0700306530411,-15,9,3,2.924286770745155
3399,2533201,408385.0,3382630.0,17,60,6,3,2585.0,9.2,487,0,7,408760,3382960,488,0,7,-102.0,504,375.0,330.0,499.52477416040136,1,-11.347777219693683,-16,9,3,1.8345819976193571
3400,2533201,408385.0,3382630.0,17,60,6,3,2585.0,9.2,487,0,7,408510,3382490,488,0,7,-86.8,504,125.0,-140.0,187.6832437912346,1,78.23970029610211,-16,9,3,4.872684866152608
3401,2533201,408385.0,3382630.0,17,60,6,3,2585.0,9.2,487,0,7,408595,3382405,489,0,2,-87.5,504,210.0,-225.0,307.77426793024785,2,76.97493401088195,-15,9,3,2.790217629896789
3402,2533201,408385.0,3382630.0,17,60,6,3,2585.0,9.2,487,0,7,408630,3382450,488,0,6,-73.81,504,245.0,-180.0,304.0148022712052,1,66.30449712257524,-16,9,3,3.0126410838643567
3403,2533201,408385.0,3382630.0,17,60,6,3,2585.0,9.2,487,0,7,408505,3382495,488,0,6,-85.1,504,120.0,-135.0,180.62391868188442,1,78.36646066342979,-16,9,3,5.062152990387488
3404,2533201,408385.0,3382630.0,17,60,6,3,2585.0,9.2,487,0,7,408495,3382505,488,0,7,-85.5,504,110.0,-125.0,166.50825805346713,1,78.65222278030632,-16,9,3,5.4887754470661365
3405,2533201,408385.0,3382630.0,17,60,6,3,2585.0,9.2,487,0,7,408615,3382465,487,0,7,-74.42,504,230.0,-165.0,283.0635970943632,0,65.65532809790034,-17,9,3,3.436894489253211
3406,2533201,408385.0,3382630.0,17,60,6,3,2585.0,9.2,487,0,7,408590,3382410,489,0,2,-83.63,504,205.0,-220.0,300.70749907509787,2,77.02136494035602,-15,9,3,2.855681772399231
3407,2533201,408385.0,3382630.0,17,60,6,3,2585.0,9.2,487,0,7,408500,3382500,488,0,7,-87.87,504,115.0,-130.0,173.5655495770978,1,78.50353164478446,-16,9,3,5.266879632631952
3408,2533201,408385.0,3382630.0,17,60,6,3,2585.0,9.2,487,0,7,408610,3382470,487,0,7,-69.0,504,225.0,-160.0,276.08875384557047,0,65.41705527646747,-17,9,3,3.5235048574552903
3409,2533201,408385.0,3382630.0,17,60,6,3,2585.0,9.2,487,0,7,408755,3382885,488,0,7,-100.5,504,370.0,255.0,449.36065693382636,1,-4.574191474115196,-16,9,3,2.039220261352305
3410,2533201,408385.0,3382630.0,17,60,6,3,2585.0,9.2,487,0,7,408515,3382485,488,0,7,-87.0,504,130.0,-145.0,194.74342094150447,1,78.1221304621157,-16,9,3,4.696836912019651
3411,2533201,408385.0,3382630.0,17,60,6,3,2585.0,9.2,487,0,7,408560,3382440,488,0,2,-79.64,504,175.0,-190.0,258.3118270617898,1,77.35329686610828,-16,9,3,3.544409028254284
3412,2533201,408385.0,3382630.0,17,60,6,3,2585.0,9.2,487,0,7,408920,3382800,488,0,2,-99.0,504,535.0,170.0,561.3599558215744,1,12.371980632180339,-16,9,3,1.6326144032949748
3413,2533201,408385.0,3382630.0,17,60,6,3,2585.0,9.2,487,0,7,408570,3382430,488,0,2,-91.0,504,185.0,-200.0,272.44265451650557,1,77.23117460803127,-16,9,3,3.36100351477334
3414,2533201,408385.0,3382630.0,17,60,6,3,2585.0,9.2,487,0,7,408435,3382650,488,0,7,-97.0,504,50.0,20.0,53.85164807134504,1,8.198590513648185,-16,9,3,16.54734478181665
3415,2533201,408385.0,3382630.0,17,60,6,3,2585.0,9.2,487,0,7,408500,3382415,489,0,7,-96.5,504,115.0,-215.0,243.82370680473218,2,91.85839876773832,-15,9,3,3.5203915350230015
3416,2533201,408385.0,3382630.0,17,60,6,3,2585.0,9.2,487,0,7,408580,3382495,487,0,6,-81.0,504,195.0,-135.0,237.17082451262846,0,64.69515353123398,-17,9,3,4.099851925689709
3417,2533201,408385.0,3382630.0,17,60,6,3,2585.0,9.2,487,0,7,408910,3382805,488,0,2,-100.0,504,525.0,175.0,553.3985905294663,1,11.565051177077976,-16,9,3,1.6560887181407196
3418,2533201,408385.0,3382630.0,17,60,6,3,2585.0,9.2,487,0,7,408490,3382425,489,0,2,-97.0,504,105.0,-205.0,230.32585612562042,2,92.87869659584135,-15,9,3,3.7261328452207896
3419,2533201,408385.0,3382630.0,17,60,6,3,2585.0,9.2,487,0,7,408425,3382660,488,0,7,-98.25,504,40.0,30.0,50.0,1,-6.869897645844048,-16,9,3,17.744671625056935
3420,2533201,408385.0,3382630.0,17,60,6,3,2585.0,9.2,487,0,7,408620,3382535,487,0,7,-82.5,504,235.0,-95.0,253.4758371127315,0,52.0112831979194,-17,9,3,3.8369407548806547
3421,2533201,408385.0,3382630.0,17,60,6,3,2585.0,9.2,487,0,7,408590,3382485,487,0,7,-73.84,504,205.0,-145.0,251.09759058979438,0,65.27242144859838,-17,9,3,3.8731718729269806
3422,2533201,408385.0,3382630.0,17,60,6,3,2585.0,9.2,487,0,7,408550,3382445,488,0,2,-79.0,504,165.0,-185.0,247.8911051248108,1,78.27048792318357,-16,9,3,3.6930030709555823
3423,2533201,408385.0,3382630.0,17,60,6,3,2585.0,9.2,487,0,7,408530,3382465,488,0,7,-86.36,504,145.0,-165.0,219.65882636488797,1,78.69138598645128,-16,9,3,4.166080311113342
3424,2533201,408385.0,3382630.0,17,60,6,3,2585.0,9.2,487,0,7,408555,3382450,488,0,2,-80.86,504,170.0,-180.0,247.58836806279893,1,76.63657704161676,-16,9,3,3.69750614734683
3425,2533201,408385.0,3382630.0,17,60,6,3,2585.0,9.2,487,0,7,408540,3382455,488,0,2,-83.72,504,155.0,-175.0,233.77339455121918,1,78.46822925891718,-16,9,3,3.9153516605976453
3426,2533201,408385.0,3382630.0,17,60,6,3,2585.0,9.2,487,0,7,408545,3382460,488,0,2,-83.45,504,160.0,-170.0,233.45235059857504,1,76.7357045889284,-16,9,3,3.9207192754898097
3427,2533201,408385.0,3382630.0,17,60,6,3,2585.0,9.2,487,0,7,408745,3382980,488,0,7,-105.5,504,360.0,350.0,502.09560842532767,1,-14.193070544897637,-16,9,3,1.825194924965052
3428,2533201,408385.0,3382630.0,17,60,6,3,2585.0,9.2,487,0,7,408750,3382965,488,0,7,-107.0,504,365.0,335.0,495.429106936603,1,-12.545968325472927,-16,9,3,1.8497378268035778
3429,2533201,408385.0,3382630.0,17,60,6,3,2585.0,9.2,487,0,7,408520,3382475,488,0,6,-87.36,504,135.0,-155.0,205.54804791094466,1,78.94518622903757,-16,9,3,4.4509672427501545
3430,2533201,408385.0,3382630.0,17,60,6,3,2585.0,9.2,487,0,7,408525,3382480,488,0,6,-83.2,504,140.0,-150.0,205.1828452868319,1,76.97493401088195,-16,9,3,4.458857550037766
3431,2533201,408385.0,3382630.0,17,60,6,3,2585.0,9.2,487,0,7,408535,3382470,488,0,7,-87.62,504,150.0,-160.0,219.31712199461307,1,76.8476102659946,-16,9,3,4.172548314425359
3432,2533201,408385.0,3382630.0,17,60,6,3,2585.0,9.2,487,0,7,408505,3382420,489,0,7,-96.0,504,120.0,-210.0,241.8677324489565,2,90.25511870305775,-15,9,3,3.548788330874732
3433,2533201,408385.0,3382630.0,17,60,6,3,2585.0,9.2,487,0,7,408495,3382430,489,0,2,-97.5,504,110.0,-200.0,228.25424421026653,2,91.18920625702697,-15,9,3,3.7598542741326146
3434,2533201,408385.0,3382630.0,17,60,6,3,2585.0,9.2,487,0,7,408700,3382700,486,0,7,-96.0,504,315.0,70.0,322.6840560052511,-1,17.471192290848478,-18,9,3,3.192771071644174
3435,2533201,408385.0,3382630.0,17,60,6,3,2585.0,9.2,487,0,7,408830,3382490,486,0,7,-104.33,504,445.0,-140.0,466.50294747193186,-1,47.463926891842846,-18,9,3,2.2096595143624804
3436,2533201,408385.0,3382630.0,17,60,6,3,2585.0,9.2,487,0,7,408820,3382500,486,0,7,-107.0,504,435.0,-130.0,454.00991178607546,-1,46.63880567042628,-18,9,3,2.2704001548718673
3437,2533201,408385.0,3382630.0,17,60,6,3,2585.0,9.2,487,0,7,408755,3382565,486,0,7,-85.5,504,370.0,-65.0,375.6660751252367,-1,39.963804189907194,-18,9,3,2.7432231288790345
3438,2533201,408385.0,3382630.0,17,60,6,3,2585.0,9.2,487,0,7,408740,3382580,487,0,7,-81.07,504,355.0,-50.0,358.50383540486706,0,38.01709307365536,-17,9,3,2.7148919360692103
3439,2533201,408385.0,3382630.0,17,60,6,3,2585.0,9.2,487,0,7,408720,3382600,487,0,7,-84.8,504,335.0,-30.0,336.34060117684277,0,35.11731484997267,-17,9,3,2.893495666772237
3440,2533201,408385.0,3382630.0,17,60,6,3,2585.0,9.2,487,0,7,408980,3382340,486,0,7,-92.67,504,595.0,-290.0,661.9101147436863,-1,55.98437059118527,-18,9,3,1.5577189326602525
3441,2533201,408385.0,3382630.0,17,60,6,3,2585.0,9.2,487,0,7,408990,3382330,486,0,7,-94.0,504,605.0,-300.0,675.2962312940892,-1,56.375330746252644,-18,9,3,1.5268556819333452
3442,2533201,408385.0,3382630.0,17,60,6,3,2585.0,9.2,487,0,7,408835,3382485,485,0,7,-101.6,504,450.0,-145.0,472.78430600010404,-2,47.860094070679054,-19,9,3,2.3013334247420145
3443,2533201,408385.0,3382630.0,17,60,6,3,2585.0,9.2,487,0,7,408745,3382575,487,0,7,-82.86,504,360.0,-55.0,364.17715469260287,0,38.68635458123663,-17,9,3,2.6726599095516166
3444,2533201,408385.0,3382630.0,17,60,6,3,2585.0,9.2,487,0,7,409105,3382295,486,0,7,-103.67,504,720.0,-335.0,794.1190087134296,-1,54.951512244196806,-18,9,3,1.298479763315332
3445,2533201,408385.0,3382630.0,17,60,6,3,2585.0,9.2,487,0,7,408995,3382325,486,0,6,-88.33,504,610.0,-305.0,682.0007331374359,-1,56.565051177077976,-18,9,3,1.511852718367214
3446,2533201,408385.0,3382630.0,17,60,6,3,2585.0,9.2,487,0,7,408985,3382335,486,0,7,-92.0,504,600.0,-295.0,668.5992820815769,-1,56.18180753144327,-18,9,3,1.5421419109213055
3447,2533201,408385.0,3382630.0,17,60,6,3,2585.0,9.2,487,0,7,409115,3382285,486,0,7,-96.0,504,730.0,-345.0,807.4187265601412,-1,55.29554640032654,-18,9,3,1.2770984815887605
3448,2533201,408385.0,3382630.0,17,60,6,3,2585.0,9.2,487,0,7,408725,3382595,487,0,7,-86.58,504,340.0,-35.0,341.796723214252,0,35.87739260664313,-17,9,3,2.8473832446076894
3449,2533201,408385.0,3382630.0,17,60,6,3,2585.0,9.2,487,0,7,408825,3382495,486,0,7,-106.5,504,440.0,-135.0,460.2445002387318,-1,47.056965576617074,-18,9,3,2.239676274682112
3450,2533201,408385.0,3382630.0,17,60,6,3,2585.0,9.2,487,0,7,408635,3382765,486,0,5,-105.75,504,250.0,135.0,284.1214529035075,-1,1.6309537067214137,-18,9,3,3.625025674116262
3451,2533201,408385.0,3382630.0,17,60,6,3,2585.0,9.2,487,0,7,408665,3382655,486,0,7,-94.43,504,280.0,25.0,281.1138559374119,-1,24.89783474764181,-18,9,3,3.663704229863331
3452,2533201,408385.0,3382630.0,17,60,6,3,2585.0,9.2,487,0,7,408800,3382520,486,0,7,-97.33,504,415.0,-110.0,429.33087473416117,-1,44.84545208208385,-18,9,3,2.40076000438151
3453,2533201,408385.0,3382630.0,17,60,6,3,2585.0,9.2,487,0,7,408670,3382650,486,0,2,-94.0,504,285.0,20.0,285.70089254323307,-1,25.98582430458896,-18,9,3,3.605038448253093
3454,2533201,408385.0,3382630.0,17,60,6,3,2585.0,9.2,487,0,7,408695,3382705,486,0,7,-95.4,504,310.0,75.0,318.9435686763412,-1,16.39945748334128,-18,9,3,3.2301362307887187
3455,2533201,408385.0,3382630.0,17,60,6,3,2585.0,9.2,487,0,7,408815,3382505,486,0,7,-99.5,504,430.0,-125.0,447.8001786511479,-1,46.209024927808,-18,9,3,2.3018506051241694
3456,2533201,408385.0,3382630.0,17,60,6,3,2585.0,9.2,487,0,7,408805,3382515,486,0,7,-102.0,504,420.0,-115.0,435.4595273960601,-1,45.31281836080632,-18,9,3,2.367010438918798
3457,2533201,408385.0,3382630.0,17,60,6,3,2585.0,9.2,487,0,7,408735,3382585,487,0,7,-81.47,504,350.0,-45.0,352.8809997718778,0,37.32640666016954,-17,9,3,2.758084978836588
3458,2533201,408385.0,3382630.0,17,60,6,3,2585.0,9.2,487,0,7,408730,3382590,487,0,7,-77.44,504,345.0,-40.0,347.3110997362451,0,36.613460482314736,-17,9,3,2.802247011298051
3459,2533201,408385.0,3382630.0,17,60,6,3,2585.0,9.2,487,0,7,408750,3382570,486,0,7,-77.33,504,365.0,-60.0,369.8986347636336,-1,39.33499846313822,-18,9,3,2.7859284534228625
3460,2533201,408385.0,3382630.0,17,60,6,3,2585.0,9.2,487,0,7,408810,3382510,486,0,7,-100.14,504,425.0,-120.0,441.61634933503086,-1,45.767182542475666,-18,9,3,2.334047368891264
3461,2533201,408385.0,3382630.0,17,60,6,3,2585.0,9.2,487,0,7,408250,3382090,484,0,5,-111.0,504,-135.0,-540.0,556.6192594583841,-3,134.03624346792648,-20,9,3,2.0578210457913584
3462,2533201,408385.0,3382630.0,17,60,6,3,2585.0,9.2,487,0,7,409540,3381520,482,0,5,-104.0,504,1155.0,-1110.0,1601.912918981553,-5,73.86182299251186,-22,9,3,0.7868267336614979
3463,2533201,408385.0,3382630.0,17,60,6,3,2585.0,9.2,487,0,7,408910,3382320,485,0,2,-94.5,504,525.0,-310.0,609.6925454686157,-2,60.560839267371534,-19,9,3,1.784944920806476
3464,2533201,408385.0,3382630.0,17,60,6,3,2585.0,9.2,487,0,7,408835,3382395,486,0,7,-85.5,504,450.0,-235.0,507.66622893393253,-1,57.57456395969439,-18,9,3,2.030649510418167
3465,2533201,408385.0,3382630.0,17,60,6,3,2585.0,9.2,487,0,7,408790,3382120,487,0,5,-96.33,504,405.0,-510.0,651.2488003827723,0,81.54629078329401,-17,9,3,1.4952919780196108
3466,2533201,408385.0,3382630.0,17,60,6,3,2585.0,9.2,487,0,7,408715,3382195,486,0,7,-89.0,504,330.0,-435.0,546.0082416960389,-1,82.81529354676684,-18,9,3,1.888159526205407
3467,2533201,408385.0,3382630.0,17,60,6,3,2585.0,9.2,487,0,7,408830,3382400,486,0,7,-88.2,504,445.0,-230.0,500.9241459542552,-1,57.33235949216771,-18,9,3,2.0579572646891005
3468,2533201,408385.0,3382630.0,17,60,6,3,2585.0,9.2,487,0,7,408870,3382360,486,0,7,-94.43,504,485.0,-270.0,555.0900827793629,-1,59.10473162741869,-18,9,3,1.8572891224680297
3469,2533201,408385.0,3382630.0,17,60,6,3,2585.0,9.2,487,0,7,408865,3382345,485,0,2,-94.46,504,480.0,-285.0,558.2338219778519,-2,60.699722550814386,-19,9,3,1.9493618831663804
3470,2533201,408385.0,3382630.0,17,60,6,3,2585.0,9.2,487,0,7,408710,3382200,486,0,7,-92.5,504,325.0,-430.0,539.0037105623671,-1,82.91750303482831,-18,9,3,1.9126786738752775
3471,2533201,408385.0,3382630.0,17,60,6,3,2585.0,9.2,487,0,7,408860,3382350,485,0,2,-92.0,504,475.0,-280.0,551.3846207503434,-2,60.51823067887523,-19,9,3,1.9735574768252007
3472,2533201,408385.0,3382630.0,17,60,6,3,2585.0,9.2,487,0,7,408815,3382375,485,0,7,-90.34,504,430.0,-255.0,499.9249943741561,-2,60.66892664971493,-19,9,3,2.1765187388821152
3473,2533201,408385.0,3382630.0,17,60,6,3,2585.0,9.2,487,0,7,408690,3382180,486,0,7,-90.5,504,305.0,-450.0,543.6221113972463,-1,85.87145292585484,-18,9,3,1.896441220163879
3474,2533201,408385.0,3382630.0,17,60,6,3,2585.0,9.2,487,0,7,408900,3382310,485,0,2,-101.5,504,515.0,-320.0,606.320872146094,-2,61.855132382449256,-19,9,3,1.794864298164995
3475,2533201,408385.0,3382630.0,17,60,6,3,2585.0,9.2,487,0,7,408825,3382385,485,0,7,-88.4,504,440.0,-245.0,503.6119537898202,-2,59.10985555689109,-19,9,3,2.160599531953087
3476,2533201,408385.0,3382630.0,17,60,6,3,2585.0,9.2,487,0,7,408810,3382380,485,0,6,-91.41,504,425.0,-250.0,493.0770730829005,-2,60.46554491945989,-19,9,3,2.2067168470991043
3477,2533201,408385.0,3382630.0,17,60,6,3,2585.0,9.2,487,0,7,408800,3382370,485,0,7,-90.31,504,415.0,-260.0,489.71930735881756,-2,62.06739160326049,-19,9,3,2.2218321128639493
3478,2533201,408385.0,3382630.0,17,60,6,3,2585.0,9.2,487,0,7,408805,3382365,485,0,7,-92.92,504,420.0,-265.0,496.6135318333563,-2,62.24997416418364,-19,9,3,2.1910178586581113
3479,2533201,408385.0,3382630.0,17,60,6,3,2585.0,9.2,487,0,7,408875,3382355,486,0,7,-93.76,504,490.0,-275.0,561.8941181397079,-1,59.30220748213867,-18,9,3,1.8348144786829024
3480,2533201,408385.0,3382630.0,17,60,6,3,2585.0,9.2,487,0,7,408820,3382390,485,0,7,-87.77,504,435.0,-240.0,496.8148548503758,-2,58.886581766910695,-19,9,3,2.190130862864562
3481,2533201,408385.0,3382630.0,17,60,6,3,2585.0,9.2,487,0,7,408850,3382340,485,0,2,-93.5,504,465.0,-290.0,548.0191602489825,-2,61.949971446333166,-19,9,3,1.9856676901605315
3482,2533201,408385.0,3382630.0,17,60,6,3,2585.0,9.2,487,0,7,408430,3382395,489,0,2,-107.0,504,45.0,-235.0,239.26972228010797,2,109.15969454566948,-15,9,3,3.5872212850373346
3483,2533201,408385.0,3382630.0,17,60,6,3,2585.0,9.2,487,0,7,409120,3382765,484,0,7,-99.0,504,735.0,135.0,747.2951224248691,-3,19.59228868750995,-20,9,3,1.533051774443469
3484,2533201,408385.0,3382630.0,17,60,6,3,2585.0,9.2,487,0,7,408435,3382400,489,0,2,-107.5,504,50.0,-230.0,235.3720459187964,2,107.73522627210764,-15,9,3,3.646465403554266
3485,2533201,408385.0,3382630.0,17,60,6,3,2585.0,9.2,487,0,7,408725,3382180,486,0,7,-98.0,504,340.0,-450.0,564.0035460881429,-1,82.92692668268961,-18,9,3,1.8279567590247203
3486,2533201,408385.0,3382630.0,17,60,6,3,2585.0,9.2,487,0,7,408930,3382365,486,0,7,-95.0,504,545.0,-265.0,606.0115510450275,-1,55.930806462651844,-18,9,3,1.7013221952612245
3487,2533201,408385.0,3382630.0,17,60,6,3,2585.0,9.2,487,0,7,408880,3382335,485,0,2,-97.0,504,495.0,-295.0,576.2377981354573,-2,60.79323388223963,-19,9,3,1.888500825173731
3488,2533201,408385.0,3382630.0,17,60,6,3,2585.0,9.2,487,0,7,408900,3382355,486,0,7,-94.0,504,515.0,-275.0,583.8236034968096,-1,58.10135130596177,-18,9,3,1.765939970933486
3489,2533201,408385.0,3382630.0,17,60,6,3,2585.0,9.2,487,0,7,408910,3382345,485,0,2,-96.86,504,525.0,-285.0,597.3692325521963,-2,58.49563861824498,-19,9,3,1.8217425350777052
3490,2533201,408385.0,3382630.0,17,60,6,3,2585.0,9.2,487,0,7,408905,3382360,486,0,6,-93.54,504,520.0,-270.0,585.9180830116101,-1,57.439727948199334,-18,9,3,1.7596312466512576
3491,2533201,408385.0,3382630.0,17,60,6,3,2585.0,9.2,487,0,7,408915,3382350,486,0,7,-94.79,504,530.0,-280.0,599.4163828258284,-1,57.84757825978818,-18,9,3,1.7200300632525551
3492,2533201,408385.0,3382630.0,17,60,6,3,2585.0,9.2,487,0,7,408895,3382330,485,0,2,-95.5,504,510.0,-300.0,591.6924876994806,-2,60.46554491945989,-19,9,3,1.8392085310205737
3493,2533201,408385.0,3382630.0,17,60,6,3,2585.0,9.2,487,0,7,408885,3382340,485,0,2,-94.16,504,500.0,-290.0,578.013840664737,-2,60.113733150982455,-19,9,3,1.882702278463833
3494,2533201,408385.0,3382630.0,17,60,6,3,2585.0,9.2,487,0,7,409230,3382665,483,0,5,-106.5,504,845.0,35.0,845.7245414436074,-4,27.62815781021078,-21,9,3,1.4224066054654345
3495,2533201,408385.0,3382630.0,17,60,6,3,2585.0,9.2,487,0,7,408680,3382710,486,0,7,-102.5,504,295.0,80.0,305.6550343115585,-1,14.827084654474731,-18,9,3,3.37025133547504
3496,2533201,408385.0,3382630.0,17,60,6,3,2585.0,9.2,487,0,7,408805,3382505,486,0,7,-95.0,504,420.0,-125.0,438.20657229210974,-1,46.574007756909,-18,9,3,2.3521887590927175
3497,2533201,408385.0,3382630.0,17,60,6,3,2585.0,9.2,487,0,7,408820,3382490,486,0,7,-97.5,504,435.0,-140.0,456.97374103989824,-1,47.840204307703516,-18,9,3,2.2556901087436545
3498,2533201,408385.0,3382630.0,17,60,6,3,2585.0,9.2,487,0,7,408675,3382655,486,0,7,-91.33,504,290.0,25.0,291.0755915565577,-1,25.072890052351,-18,9,3,3.538642290482406
3499,2533201,408385.0,3382630.0,17,60,6,3,2585.0,9.2,487,0,7,408810,3382520,486,0,7,-93.0,504,425.0,-110.0,439.00455578501686,-1,44.51105950016904,-18,9,3,2.3479179486006108
3500,2533201,408385.0,3382630.0,17,60,6,3,2585.0,9.2,487,0,7,408755,3382575,486,0,7,-77.86,504,370.0,-55.0,374.0655022853618,-1,38.45502767717744,-18,9,3,2.754942943876589
3501,2533201,408385.0,3382630.0,17,60,6,3,2585.0,9.2,487,0,7,408835,3382495,486,0,7,-105.5,504,450.0,-135.0,469.81379290097476,-1,46.699244233993625,-18,9,3,2.194102998689601
3502,2533201,408385.0,3382630.0,17,60,6,3,2585.0,9.2,487,0,7,408730,3382600,487,0,7,-80.5,504,345.0,-30.0,346.30189141845585,0,34.96974072811031,-17,9,3,2.810400370168597
3503,2533201,408385.0,3382630.0,17,60,6,3,2585.0,9.2,487,0,7,408735,3382595,487,0,7,-80.75,504,350.0,-35.0,351.7456467392312,0,35.71059313749964,-17,9,3,2.766973621991322
3504,2533201,408385.0,3382630.0,17,60,6,3,2585.0,9.2,487,0,7,408660,3382650,486,0,2,-101.0,504,275.0,20.0,275.72631357924473,-1,25.840357706287364,-18,9,3,3.735090311130812
3505,2533201,408385.0,3382630.0,17,60,6,3,2585.0,9.2,487,0,7,408720,3382590,487,0,7,-82.0,504,335.0,-40.0,337.37960815674677,0,36.80905017961339,-17,9,3,2.8845998214633375
3506,2533201,408385.0,3382630.0,17,60,6,3,2585.0,9.2,487,0,7,408725,3382585,487,0,7,-84.75,504,340.0,-45.0,342.96501279285036,0,37.539445139509326,-17,9,3,2.837699686449005
3507,2533201,408385.0,3382630.0,17,60,6,3,2585.0,9.2,487,0,7,408670,3382660,486,0,7,-95.27,504,285.0,30.0,286.574597618142,-1,23.990994042505463,-18,9,3,3.594076305003113
3508,2533201,408385.0,3382630.0,17,60,6,3,2585.0,9.2,487,0,7,408830,3382500,486,0,7,-99.4,504,445.0,-130.0,463.6000431406365,-1,46.28492247188342,-18,9,3,2.2234817996839746
3509,2533201,408385.0,3382630.0,17,60,6,3,2585.0,9.2,487,0,7,408965,3382345,486,0,7,-94.5,504,580.0,-285.0,646.2391198310421,-1,56.16854692194488,-18,9,3,1.5954735916008278
3510,2533201,408385.0,3382630.0,17,60,6,3,2585.0,9.2,487,0,7,408985,3382325,486,0,6,-89.0,504,600.0,-305.0,673.0713186579859,-1,56.94574842850477,-18,9,3,1.5319004733905934
3511,2533201,408385.0,3382630.0,17,60,6,3,2585.0,9.2,487,0,7,408750,3382580,486,0,7,-83.0,504,365.0,-50.0,368.4087403957729,-1,37.800187884181696,-18,9,3,2.797177264401033
3512,2533201,408385.0,3382630.0,17,60,6,3,2585.0,9.2,487,0,7,408665,3382645,487,0,2,-88.88,504,280.0,15.0,280.40149785619906,0,26.933514498874104,-17,9,3,3.469444636441985
3513,2533201,408385.0,3382630.0,17,60,6,3,2585.0,9.2,487,0,7,408980,3382330,486,0,6,-88.67,504,595.0,-300.0,666.3520090762839,-1,56.75731817187659,-18,9,3,1.547340262325473
3514,2533201,408385.0,3382630.0,17,60,6,3,2585.0,9.2,487,0,7,408740,3382570,487,0,7,-82.67,504,355.0,-60.0,360.0347205478938,0,39.59313426273036,-17,9,3,2.7033652449776873
3515,2533201,408385.0,3382630.0,17,60,6,3,2585.0,9.2,487,0,7,408745,3382565,487,0,7,-90.67,504,360.0,-65.0,365.8209944768069,0,40.234802763423204,-17,9,3,2.6606674400666273
3516,2533201,408385.0,3382630.0,17,60,6,3,2585.0,9.2,487,0,7,408800,3382510,486,0,7,-101.1,504,415.0,-120.0,432.001157405857,-1,46.12757582595981,-18,9,3,2.3859376454192933
3517,2533201,408385.0,3382630.0,17,60,6,3,2585.0,9.2,487,0,7,408815,3382515,486,0,7,-100.0,504,430.0,-115.0,445.1123453691214,-1,44.9728757667869,-18,9,3,2.31573535864802
3518,2533201,408385.0,3382630.0,17,60,6,3,2585.0,9.2,487,0,7,408675,3382260,486,0,6,-89.5,504,290.0,-370.0,470.1063709417263,-1,81.91122711902472,-18,9,3,2.192738797787779
3519,2533201,408385.0,3382630.0,17,60,6,3,2585.0,9.2,487,0,7,408745,3382330,485,0,2,-96.5,504,360.0,-300.0,468.61498055439927,-2,69.80557109226521,-19,9,3,2.3217863639503062
3520,2533201,408385.0,3382630.0,17,60,6,3,2585.0,9.2,487,0,7,408780,3382365,485,0,7,-93.67,504,395.0,-265.0,475.6574397610112,-2,63.857110141660655,-19,9,3,2.287447394052813
3521,2533201,408385.0,3382630.0,17,60,6,3,2585.0,9.2,487,0,7,408805,3382110,488,0,5,-90.0,504,420.0,-520.0,668.4309986827361,1,81.07245640720771,-16,9,3,1.3712072741919006
3522,2533201,408385.0,3382630.0,17,60,6,3,2585.0,9.2,487,0,7,408760,3382385,485,0,6,-88.26,504,375.0,-245.0,447.9397280885008,-2,63.15792388467224,-19,9,3,2.428825982471325
3523,2533201,408385.0,3382630.0,17,60,6,3,2585.0,9.2,487,0,7,408790,3382375,485,0,7,-87.92,504,405.0,-255.0,478.5916840063145,-2,62.195733934713246,-19,9,3,2.273437821439703
3524,2533201,408385.0,3382630.0,17,60,6,3,2585.0,9.2,487,0,7,408785,3382370,485,0,7,-91.3,504,400.0,-260.0,477.07441767506253,-2,63.02386755579664,-19,9,3,2.280660539451879
3525,2533201,408385.0,3382630.0,17,60,6,3,2585.0,9.2,487,0,7,408770,3382395,485,0,7,-86.76,504,385.0,-235.0,451.0543204537564,-2,61.39945748334128,-19,9,3,2.41207448129235
3526,2533201,408385.0,3382630.0,17,60,6,3,2585.0,9.2,487,0,7,408765,3382390,485,0,7,-86.14,504,380.0,-240.0,449.44410108488466,-2,62.27564431457762,-19,9,3,2.420705937331622
3527,2533201,408385.0,3382630.0,17,60,6,3,2585.0,9.2,487,0,7,408775,3382400,485,0,7,-85.99,504,390.0,-230.0,452.76925690687085,-2,60.52970589993413,-19,9,3,2.4029490905023208
3528,2533201,408385.0,3382630.0,17,60,6,3,2585.0,9.2,487,0,7,408825,3382090,488,0,5,-105.33,504,440.0,-540.0,696.56299069072,1,80.8263420295558,-16,9,3,1.3158483977112396
3529,2533201,408385.0,3382630.0,17,60,6,3,2585.0,9.2,487,0,7,408720,3382345,486,0,2,-97.0,504,335.0,-285.0,439.82951242498496,-1,70.38935068133941,-18,9,3,2.343519042110044
3530,2533201,408385.0,3382630.0,17,60,6,3,2585.0,9.2,487,0,7,408795,3382380,485,0,6,-88.79,504,410.0,-250.0,480.20828814171875,-2,61.37300514010843,-19,9,3,2.2657923639929107
3531,2533201,408385.0,3382630.0,17,60,6,3,2585.0,9.2,487,0,7,409095,3382720,484,0,7,-92.2,504,710.0,90.0,715.6814934033156,-3,22.775684305954655,-20,9,3,1.600736419092965
3532,2533201,408385.0,3382630.0,17,60,6,3,2585.0,9.2,487,0,7,408920,3381660,486,0,14,-114.5,504,535.0,-970.0,1107.7567422498498,-1,91.12122632509784,-18,9,3,0.9309203355216542
3533,2533201,408385.0,3382630.0,17,60,6,3,2585.0,9.2,487,0,7,408270,3382580,485,0,6,-106.67,504,-115.0,-50.0,125.39936203984452,-2,186.5014343240479,-19,9,3,8.615691357893432
3534,2533201,408385.0,3382630.0,17,60,6,3,2585.0,9.2,487,0,7,408235,3382210,485,0,5,-96.33,504,-150.0,-420.0,445.9820624195552,-2,139.6538240580533,-19,9,3,2.4394746114570833
3535,2533201,408385.0,3382630.0,17,60,6,3,2585.0,9.2,487,0,7,408670,3382460,487,0,7,-74.0,504,285.0,-170.0,331.85087012090236,0,60.81570575172918,-17,9,3,2.9325749427059824
3536,2533201,408385.0,3382630.0,17,60,6,3,2585.0,9.2,487,0,7,408640,3382470,487,0,7,-72.8,504,255.0,-160.0,301.0398644698074,0,62.10625595511783,-17,9,3,3.2321129601060012
3537,2533201,408385.0,3382630.0,17,60,6,3,2585.0,9.2,487,0,7,408665,3382445,487,0,7,-74.28,504,280.0,-185.0,335.5964838909967,0,63.45330945407272,-17,9,3,2.8999004689106673
3538,2533201,408385.0,3382630.0,17,60,6,3,2585.0,9.2,487,0,7,408695,3382435,487,0,7,-79.6,504,310.0,-195.0,366.23080154459973,0,62.17121712854458,-17,9,3,2.657694462119663
3539,2533201,408385.0,3382630.0,17,60,6,3,2585.0,9.2,487,0,7,408645,3382465,487,0,7,-71.37,504,260.0,-165.0,307.9366818032564,0,62.39984017391936,-17,9,3,3.1598721202634
3540,2533201,408385.0,3382630.0,17,60,6,3,2585.0,9.2,487,0,7,408705,3382405,486,0,7,-82.47,504,320.0,-225.0,391.184099881373,-1,65.11201118442222,-18,9,3,2.6345576937546307
3541,2533201,408385.0,3382630.0,17,60,6,3,2585.0,9.2,487,0,7,408660,3382450,487,0,7,-72.93,504,275.0,-180.0,328.6715685908959,0,63.20657031508955,-17,9,3,2.96089205229337
3542,2533201,408385.0,3382630.0,17,60,6,3,2585.0,9.2,487,0,7,408690,3382440,487,0,7,-79.63,504,305.0,-190.0,359.339672176619,0,61.92087621993318,-17,9,3,2.70858641669239
3543,2533201,408385.0,3382630.0,17,60,6,3,2585.0,9.2,487,0,7,408700,3382410,487,0,6,-82.02,504,315.0,-220.0,384.2199890687625,0,64.93093730111059,-17,9,3,2.5334272515738725
3544,2533201,408385.0,3382630.0,17,60,6,3,2585.0,9.2,487,0,7,408710,3382420,486,0,7,-80.26,504,325.0,-210.0,386.9431482789171,-1,62.868678933367505,-18,9,3,2.6633914647817547
3545,2533201,408385.0,3382630.0,17,60,6,3,2585.0,9.2,487,0,7,408685,3382425,487,0,7,-81.31,504,300.0,-205.0,363.35244598048325,0,64.34609740006152,-17,9,3,2.6787172763605174
3546,2533201,408385.0,3382630.0,17,60,6,3,2585.0,9.2,487,0,7,408680,3382430,487,0,7,-78.96,504,295.0,-200.0,356.4056677439347,0,64.13594007791227,-17,9,3,2.7308504384810357
3547,2533201,408385.0,3382630.0,17,60,6,3,2585.0,9.2,487,0,7,408715,3382415,486,0,7,-82.98,504,330.0,-215.0,393.8591118661596,-1,63.08485292873496,-18,9,3,2.61668926206281
3548,2533201,408385.0,3382630.0,17,60,6,3,2585.0,9.2,487,0,7,408675,3382455,487,0,7,-73.88,504,290.0,-175.0,338.71079108879894,0,61.108808828545136,-17,9,3,2.8732819572558697
3549,2533201,408385.0,3382630.0,17,60,6,3,2585.0,9.2,487,0,7,408660,3382465,487,0,7,-75.25,504,275.0,-165.0,320.7023542164915,0,60.96375653207349,-17,9,3,3.034332180600303
3550,2533201,408385.0,3382630.0,17,60,6,3,2585.0,9.2,487,0,7,408790,3382515,486,0,7,-92.5,504,405.0,-115.0,421.0106887004177,-1,45.85192815428695,-18,9,3,2.4481476416145567
3551,2533201,408385.0,3382630.0,17,60,6,3,2585.0,9.2,487,0,7,408795,3382520,486,0,7,-100.92,504,410.0,-110.0,424.4997055358225,-1,45.0183606311507,-18,9,3,2.4280501873661975
3552,2533201,408385.0,3382630.0,17,60,6,3,2585.0,9.2,487,0,7,408690,3382415,487,0,6,-80.88,504,305.0,-215.0,373.1621631409058,0,65.18069936124209,-17,9,3,2.6083975056515394
3553,2533201,408385.0,3382630.0,17,60,6,3,2585.0,9.2,487,0,7,408640,3382445,487,0,6,-76.34,504,255.0,-185.0,315.03968004046726,0,65.9605171966449,-17,9,3,3.0887680417696033
3554,2533201,408385.0,3382630.0,17,60,6,3,2585.0,9.2,487,0,7,408710,3382435,487,0,7,-77.84,504,325.0,-195.0,379.0118731649445,0,60.96375653207349,-17,9,3,2.568193540867323
3555,2533201,408385.0,3382630.0,17,60,6,3,2585.0,9.2,487,0,7,408645,3382450,487,0,7,-73.45,504,260.0,-180.0,316.22776601683796,0,64.69515353123398,-17,9,3,3.077185706309008
3556,2533201,408385.0,3382630.0,17,60,6,3,2585.0,9.2,487,0,7,408685,3382410,487,0,7,-82.09,504,300.0,-220.0,372.0215047547655,0,66.25383773744477,-17,9,3,2.616384039588561
3557,2533201,408385.0,3382630.0,17,60,6,3,2585.0,9.2,487,0,7,409180,3382265,486,0,6,-104.5,504,795.0,-365.0,874.7856880402194,-1,54.66077788734776,-18,9,3,1.1787784495976823
3558,2533201,408385.0,3382630.0,17,60,6,3,2585.0,9.2,487,0,7,408680,3382405,487,0,7,-82.68,504,295.0,-225.0,371.01212918178294,0,67.33319573818585,-17,9,3,2.623492242233967
3559,2533201,408385.0,3382630.0,17,60,6,3,2585.0,9.2,487,0,7,408700,3382425,487,0,7,-80.77,504,315.0,-205.0,375.8324094593227,0,63.05582281155364,-17,9,3,2.5898904631769173
3560,2533201,408385.0,3382630.0,17,60,6,3,2585.0,9.2,487,0,7,409120,3382285,486,0,7,-99.0,504,735.0,-345.0,811.9421161634615,-1,55.14478563067894,-18,9,3,1.2699860081210252
3561,2533201,408385.0,3382630.0,17,60,6,3,2585.0,9.2,487,0,7,408705,3382430,487,0,7,-78.91,504,320.0,-200.0,377.35924528226417,0,62.005383208083515,-17,9,3,2.5794256714698687
3562,2533201,408385.0,3382630.0,17,60,6,3,2585.0,9.2,487,0,7,408655,3382460,487,0,7,-73.57,504,270.0,-170.0,319.06112267087633,0,62.195733934713246,-17,9,3,3.049911213050174
3563,2533201,408385.0,3382630.0,17,60,6,3,2585.0,9.2,487,0,7,408745,3382550,487,0,7,-77.5,504,360.0,-80.0,368.7817782917155,0,42.52880770915152,-17,9,3,2.6393364604105147
3564,2533201,408385.0,3382630.0,17,60,6,3,2585.0,9.2,487,0,7,408755,3382560,486,0,7,-89.0,504,370.0,-70.0,376.5634076752546,-1,40.713123022791024,-18,9,3,2.736696109405131
3565,2533201,408385.0,3382630.0,17,60,6,3,2585.0,9.2,487,0,7,408650,3382455,487,0,7,-73.42,504,265.0,-175.0,317.56889016400834,0,63.43986920578226,-17,9,3,3.0642152707141532
3566,2533201,408385.0,3382630.0,17,60,6,3,2585.0,9.2,487,0,7,409170,3382255,486,0,2,-105.0,504,785.0,-375.0,869.9712638932392,-1,55.534132991647596,-18,9,3,1.1852999579206298
3567,2533201,408385.0,3382630.0,17,60,6,3,2585.0,9.2,487,0,7,408695,3382420,487,0,7,-84.05,504,310.0,-210.0,374.4329045369811,0,64.11447294534128,-17,9,3,2.599557352894985
3568,2533201,408385.0,3382630.0,17,60,6,3,2585.0,9.2,487,0,7,408715,3382440,487,0,7,-80.06,504,330.0,-190.0,380.7886552931954,0,59.931511840507824,-17,9,3,2.556226132074341
3569,2533201,408385.0,3382630.0,17,60,6,3,2585.0,9.2,487,0,7,408270,3382185,485,0,6,-108.0,504,-115.0,-445.0,459.6194077712559,-2,134.48976259388442,-19,9,3,2.3671766728281023
3570,2533201,408385.0,3382630.0,17,60,6,3,2585.0,9.2,487,0,7,408275,3382190,486,0,6,-106.0,504,-110.0,-440.0,453.54161881794266,-1,134.03624346792648,-18,9,3,2.2727419423255917
3571,2533201,408385.0,3382630.0,17,60,6,3,2585.0,9.2,487,0,7,408265,3382200,486,0,6,-104.6,504,-120.0,-430.0,446.4302857109943,-1,135.59281093926634,-18,9,3,2.3089063123636198
3572,2533201,408385.0,3382630.0,17,60,6,3,2585.0,9.2,487,0,7,408250,3382165,485,0,5,-111.0,504,-135.0,-465.0,484.2003717470692,-2,136.18920625702694,-19,9,3,2.24713083067963
3573,2533201,408385.0,3382630.0,17,60,6,3,2585.0,9.2,487,0,7,408785,3382550,486,0,7,-89.33,504,400.0,-80.0,407.9215610874228,-1,41.30993247402023,-18,9,3,2.526602027219685
3574,2533201,408385.0,3382630.0,17,60,6,3,2585.0,9.2,487,0,7,409135,3382260,486,0,2,-99.5,504,750.0,-370.0,836.301381082203,-1,56.25865955480731,-18,9,3,1.233006238830626
3575,2533201,408385.0,3382630.0,17,60,6,3,2585.0,9.2,487,0,7,408770,3382535,486,0,7,-95.0,504,385.0,-95.0,396.547601177967,-1,43.86102756302114,-18,9,3,2.5989731992032037
3576,2533201,408385.0,3382630.0,17,60,6,3,2585.0,9.2,487,0,7,408685,3382450,487,0,7,-76.18,504,300.0,-180.0,349.85711369071805,0,60.96375653207349,-17,9,3,2.7818863802117484
3577,2533201,408385.0,3382630.0,17,60,6,3,2585.0,9.2,487,0,7,408780,3382545,486,0,7,-88.83,504,395.0,-85.0,404.04207701673846,-1,42.14427804956699,-18,9,3,2.550829768416922
3578,2533201,408385.0,3382630.0,17,60,6,3,2585.0,9.2,487,0,7,408675,3382440,487,0,7,-75.96,504,290.0,-190.0,346.69871646719434,0,63.23171106797935,-17,9,3,2.807188785261704
3579,2533201,408385.0,3382630.0,17,60,6,3,2585.0,9.2,487,0,7,408655,3382420,487,0,7,-78.47,504,270.0,-210.0,342.0526275297414,0,67.8749836510982,-17,9,3,2.8452564962081626
3580,2533201,408385.0,3382630.0,17,60,6,3,2585.0,9.2,487,0,7,408650,3382415,488,0,2,-78.51,504,265.0,-215.0,341.2477106150311,1,69.05313694602648,-16,9,3,2.684447562597992
3581,2533201,408385.0,3382630.0,17,60,6,3,2585.0,9.2,487,0,7,408665,3382430,487,0,7,-77.84,504,280.0,-200.0,344.0930106817051,0,65.53767779197437,-17,9,3,2.828412334128686
3582,2533201,408385.0,3382630.0,17,60,6,3,2585.0,9.2,487,0,7,408670,3382435,487,0,7,-77.67,504,285.0,-195.0,345.3259329966401,0,64.38034472384487,-17,9,3,2.8183303217930114
3583,2533201,408385.0,3382630.0,17,60,6,3,2585.0,9.2,487,0,7,408660,3382425,487,0,7,-78.69,504,275.0,-205.0,343.0014577228499,0,66.70285503016316,-17,9,3,2.837398665120879
3584,2533201,408385.0,3382630.0,17,60,6,3,2585.0,9.2,487,0,7,408680,3382445,487,0,7,-77.0,504,295.0,-185.0,348.209706929603,0,62.09259132873416,-17,9,3,2.795026876228494
3585,2533201,408385.0,3382630.0,17,60,6,3,2585.0,9.2,487,0,7,408775,3382540,486,0,7,-94.0,504,390.0,-90.0,400.24992192379,-1,42.994616791916485,-18,9,3,2.574965147128857
3586,2533201,408385.0,3382630.0,17,60,6,3,2585.0,9.2,487,0,7,408645,3382410,488,0,2,-78.8,504,260.0,-220.0,340.58772731852804,1,70.23635830927378,-16,9,3,2.6896417938340647
3587,2533201,408385.0,3382630.0,17,60,6,3,2585.0,9.2,487,0,7,408640,3382405,488,0,2,-76.5,504,255.0,-225.0,340.073521462639,1,71.42366562500263,-16,9,3,2.693702662895899
