,Cell Index,Cell X,Cell Y,Height,Azimuth,Electrical Downtilt,Mechanical Downtilt,Frequency Band,RS Power,Cell Altitude,Cell Building Height,Cell Clutter Index,X,Y,Altitude,Building Height,Clutter Index,RSRP,Station Absolute Height,X Distance,Y Distance,Distance To Station,Altitude Delta,Azimuth To Station,Height Delta,Station Total Downtilt,Station Downtilt Delta,Vertical Degree
0,3221001,417865.0,3385495.0,8,140,3,0,2585.0,9.2,525,0,5,418015,3385330,516,0,5,-97.5,533,150.0,-165.0,222.9910312097776,-9,-7.7263109939062815,-17,3,3,4.359582505554578
1,3221001,417865.0,3385495.0,8,140,3,0,2585.0,9.2,525,0,5,418020,3385355,518,0,5,-97.0,533,155.0,-140.0,208.86598574205422,-7,-2.08916217383225,-15,3,3,4.107723445796563
2,3221001,417865.0,3385495.0,8,140,3,0,2585.0,9.2,525,0,5,417945,3385440,523,0,6,-88.67,533,80.0,-55.0,97.082439194738,-2,5.491477012331586,-10,3,3,5.881024693804078
3,3221001,417865.0,3385495.0,8,140,3,0,2585.0,9.2,525,0,5,417950,3385425,522,0,6,-86.4,533,85.0,-70.0,110.11357772772621,-3,0.5275401516561828,-11,3,3,5.704741761655314
4,3221001,417865.0,3385495.0,8,140,3,0,2585.0,9.2,525,0,5,417995,3385390,520,0,6,-89.0,533,130.0,-105.0,167.10774967068403,-5,1.07245640720771,-13,3,3,4.448315446311887
5,3221001,417865.0,3385495.0,8,140,3,0,2585.0,9.2,525,0,5,417920,3385415,522,0,10,-84.64,533,55.0,-80.0,97.082439194738,-3,-15.4914770123316,-11,3,3,6.4643725522177515
6,3221001,417865.0,3385495.0,8,140,3,0,2585.0,9.2,525,0,5,417980,3385395,520,0,5,-90.33,533,115.0,-100.0,152.3975065412817,-5,-1.009086901570214,-13,3,3,4.875711818309302
7,3221001,417865.0,3385495.0,8,140,3,0,2585.0,9.2,525,0,5,417935,3385410,522,0,5,-92.64,533,70.0,-85.0,110.11357772772621,-3,-10.527540151656183,-11,3,3,5.704741761655314
8,3221001,417865.0,3385495.0,8,140,3,0,2585.0,9.2,525,0,5,417965,3385380,520,0,5,-92.71,533,100.0,-115.0,152.3975065412817,-5,-8.990913098429786,-13,3,3,4.875711818309302
9,3221001,417865.0,3385495.0,8,140,3,0,2585.0,9.2,525,0,5,417985,3385400,520,0,6,-93.0,533,120.0,-95.0,153.05227865013967,-5,1.6325146151384615,-13,3,3,4.854952975730823
10,3221001,417865.0,3385495.0,8,140,3,0,2585.0,9.2,525,0,5,417930,3385405,522,0,5,-94.88,533,65.0,-90.0,111.01801655587259,-3,-14.162347045721702,-11,3,3,5.658569352305793
11,3221001,417865.0,3385495.0,8,140,3,0,2585.0,9.2,525,0,5,417960,3385375,520,0,5,-94.5,533,95.0,-120.0,153.05227865013967,-5,-11.632514615138462,-13,3,3,4.854952975730823
12,3221001,417865.0,3385495.0,8,140,3,0,2585.0,9.2,525,0,5,417955,3385430,523,99,6,-91.0,533,90.0,-65.0,111.01801655587259,-2,4.162347045721702,-10,3,3,5.14705388746539
13,3221001,417865.0,3385495.0,8,140,3,0,2585.0,9.2,525,0,5,417940,3385435,523,0,5,-93.0,533,75.0,-60.0,96.04686356149273,-2,1.3401917459099195,-10,3,3,5.943982216464175
14,3221001,417865.0,3385495.0,8,140,3,0,2585.0,9.2,525,0,5,417970,3385365,519,0,5,-89.6,533,105.0,-130.0,167.10774967068403,-6,-11.07245640720771,-14,3,3,4.788958559012223
15,3221001,417865.0,3385495.0,8,140,3,0,2585.0,9.2,525,0,5,417990,3385385,520,0,5,-89.29,533,125.0,-110.0,166.50825805346713,-5,-1.3477772196936826,-13,3,3,4.464266409680248
16,3221001,417865.0,3385495.0,8,140,3,0,2585.0,9.2,525,0,5,417925,3385420,522,0,10,-88.88,533,60.0,-75.0,96.04686356149273,-3,-11.34019174590992,-11,3,3,6.533471851377668
17,3221001,417865.0,3385495.0,8,140,3,0,2585.0,9.2,525,0,5,417205,3389520,499,0,12,-88.75,533,-660.0,4025.0,4078.7528731218813,-26,139.31221268978953,-34,3,3,0.4775997576813628
18,3221001,417865.0,3385495.0,8,140,3,0,2585.0,9.2,525,0,5,417175,3389550,497,0,6,-96.5,533,-690.0,4055.0,4113.286398975884,-28,139.65697138957853,-36,3,3,0.5014470665904852
19,3221001,417865.0,3385495.0,8,140,3,0,2585.0,9.2,525,0,5,417155,3389570,496,0,6,-91.0,533,-710.0,4075.0,4136.390334579172,-29,139.88360711219423,-37,3,3,0.5124969193482497
20,3221001,417865.0,3385495.0,8,140,3,0,2585.0,9.2,525,0,5,417170,3389545,497,0,6,-90.55,533,-695.0,4050.0,4109.200043804147,-28,139.73739485124952,-36,3,3,0.5019457003885637
21,3221001,417865.0,3385495.0,8,140,3,0,2585.0,9.2,525,0,5,417190,3389525,499,0,12,-86.14,533,-675.0,4030.0,4086.138152338954,-26,139.5084262250419,-34,3,3,0.476736584560687
22,3221001,417865.0,3385495.0,8,140,3,0,2585.0,9.2,525,0,5,417200,3389515,499,0,12,-88.0,533,-665.0,4020.0,4074.6318852136815,-26,139.3929708848076,-34,3,3,0.4780827685578401
23,3221001,417865.0,3385495.0,8,140,3,0,2585.0,9.2,525,0,5,417195,3389530,498,0,12,-86.8,533,-670.0,4035.0,4090.24754752081,-27,139.427778936781,-35,3,3,0.4902645419468068
24,3221001,417865.0,3385495.0,8,140,3,0,2585.0,9.2,525,0,5,417180,3389535,498,0,5,-88.3,533,-685.0,4040.0,4097.660918133662,-27,139.62323270036205,-35,3,3,0.48937761257486545
25,3221001,417865.0,3385495.0,8,140,3,0,2585.0,9.2,525,0,5,417135,3389590,495,0,5,-94.0,533,-730.0,4095.0,4159.55826981664,-30,140.10772167463153,-38,3,3,0.5234159286347608
26,3221001,417865.0,3385495.0,8,140,3,0,2585.0,9.2,525,0,5,417160,3389555,497,0,6,-87.33,533,-705.0,4060.0,4120.755391915419,-28,139.85091718782883,-36,3,3,0.5005382250028273
27,3221001,417865.0,3385495.0,8,140,3,0,2585.0,9.2,525,0,5,417185,3389540,497,0,5,-90.33,533,-680.0,4045.0,4101.758769113561,-28,139.5426969963038,-36,3,3,0.5028562669089858
28,3221001,417865.0,3385495.0,8,140,3,0,2585.0,9.2,525,0,5,417980,3385460,523,99,6,-109.5,533,115.0,-35.0,120.20815280171308,-2,23.072486935852965,-10,3,3,4.7554308165518515
29,3221001,417865.0,3385495.0,8,140,3,0,2585.0,9.2,525,0,5,417940,3385500,526,0,5,-110.33,533,75.0,5.0,75.16648189186454,1,43.81407483429035,-7,3,3,5.3204168381930845
30,3221001,417865.0,3385495.0,8,140,3,0,2585.0,9.2,525,0,5,418030,3385570,522,0,10,-104.75,533,165.0,75.0,181.24568960391858,-3,64.44395478041653,-11,3,3,3.4730837152877103
31,3221001,417865.0,3385495.0,8,140,3,0,2585.0,9.2,525,0,5,417985,3385455,523,99,6,-93.0,533,120.0,-40.0,126.49110640673517,-2,21.565051177077976,-10,3,3,4.520227592644634
32,3221001,417865.0,3385495.0,8,140,3,0,2585.0,9.2,525,0,5,417970,3385470,524,0,5,-99.63,533,105.0,-25.0,107.93516572461452,-1,26.607502246248913,-9,3,3,4.766489925441215
33,3221001,417865.0,3385495.0,8,140,3,0,2585.0,9.2,525,0,5,417965,3385475,525,0,10,-93.17,533,100.0,-20.0,101.9803902718557,0,28.6900675259798,-8,3,3,4.48546483215546
34,3221001,417865.0,3385495.0,8,140,3,0,2585.0,9.2,525,0,5,418025,3385575,523,0,10,-104.0,533,160.0,80.0,178.88543819998318,-2,66.56505117707798,-10,3,3,3.1996013002506882
35,3221001,417865.0,3385495.0,8,140,3,0,2585.0,9.2,525,0,5,417925,3385515,526,0,10,-90.46,533,60.0,20.0,63.245553203367585,1,58.434948822922024,-7,3,3,6.315775019605099
36,3221001,417865.0,3385495.0,8,140,3,0,2585.0,9.2,525,0,5,417995,3385445,522,0,5,-96.2,533,130.0,-50.0,139.2838827718412,-3,18.96248897457818,-11,3,3,4.515584452082815
37,3221001,417865.0,3385495.0,8,140,3,0,2585.0,9.2,525,0,5,417960,3385480,525,0,10,-90.71,533,95.0,-15.0,96.17692030835673,0,31.0273733851036,-8,3,3,4.754919045602125
38,3221001,417865.0,3385495.0,8,140,3,0,2585.0,9.2,525,0,5,417955,3385485,525,0,10,-94.0,533,90.0,-10.0,90.55385138137417,0,33.65980825409008,-8,3,3,5.048700690690747
39,3221001,417865.0,3385495.0,8,140,3,0,2585.0,9.2,525,0,5,417930,3385510,526,0,10,-95.57,533,65.0,15.0,66.70832032063167,1,52.99461679191651,-7,3,3,5.990377373590032
40,3221001,417865.0,3385495.0,8,140,3,0,2585.0,9.2,525,0,5,417945,3385495,525,0,5,-83.5,533,80.0,0.0,80.0,0,40.0,-8,3,3,5.710593137499642
41,3221001,417865.0,3385495.0,8,140,3,0,2585.0,9.2,525,0,5,417935,3385505,526,0,10,-98.67,533,70.0,10.0,70.71067811865476,1,48.13010235415598,-7,3,3,5.653572472774073
42,3221001,417865.0,3385495.0,8,140,3,0,2585.0,9.2,525,0,5,417920,3385520,526,0,10,-82.83,533,55.0,25.0,60.41522986797286,1,64.44395478041653,-7,3,3,6.609095621469866
43,3221001,417865.0,3385495.0,8,140,3,0,2585.0,9.2,525,0,5,418010,3385590,523,0,5,-110.2,533,145.0,95.0,173.34935823359717,-2,73.23171106797935,-10,3,3,3.3015611159753977
44,3221001,417865.0,3385495.0,8,140,3,0,2585.0,9.2,525,0,5,417950,3385490,525,0,5,-80.67,533,85.0,-5.0,85.14693182963201,0,36.63353933657021,-8,3,3,5.367481475616536
45,3221001,417865.0,3385495.0,8,140,3,0,2585.0,9.2,525,0,5,417920,3385375,520,93,6,-90.0,533,55.0,-120.0,132.00378782444085,-5,-25.376435213836388,-13,3,3,5.624467678664026
46,3221001,417865.0,3385495.0,8,140,3,0,2585.0,9.2,525,0,5,417970,3385405,521,0,6,-92.21,533,105.0,-90.0,138.2931668593933,-4,-0.6012946450044865,-12,3,3,4.959258000229006
47,3221001,417865.0,3385495.0,8,140,3,0,2585.0,9.2,525,0,5,417965,3385420,522,99,6,-88.33,533,100.0,-75.0,125.0,-3,3.13010235415598,-11,3,3,5.029073581785447
48,3221001,417865.0,3385495.0,8,140,3,0,2585.0,9.2,525,0,5,417975,3385410,521,0,6,-100.88,533,110.0,-85.0,139.01438774457844,-4,2.305759533310834,-12,3,3,4.933656183959408
49,3221001,417865.0,3385495.0,8,140,3,0,2585.0,9.2,525,0,5,417950,3385385,521,0,6,-93.0,533,85.0,-110.0,139.01438774457844,-4,-12.305759533310834,-12,3,3,4.933656183959408
50,3221001,417865.0,3385495.0,8,140,3,0,2585.0,9.2,525,0,5,417955,3385390,521,0,6,-89.5,533,90.0,-105.0,138.2931668593933,-4,-9.398705354995542,-12,3,3,4.959258000229006
51,3221001,417865.0,3385495.0,8,140,3,0,2585.0,9.2,525,0,5,417995,3385430,521,0,5,-98.0,533,130.0,-65.0,145.34441853748632,-4,13.434948822922024,-12,3,3,4.719778559594303
52,3221001,417865.0,3385495.0,8,140,3,0,2585.0,9.2,525,0,5,417990,3385425,521,0,5,-96.63,533,125.0,-70.0,143.26548781894402,-4,10.751173663453017,-12,3,3,4.787951296397416
53,3221001,417865.0,3385495.0,8,140,3,0,2585.0,9.2,525,0,5,417925,3385380,521,0,6,-86.67,533,60.0,-115.0,129.71121771072848,-4,-22.4471884232822,-12,3,3,5.2855710557292195
54,3221001,417865.0,3385495.0,8,140,3,0,2585.0,9.2,525,0,5,417980,3385435,522,99,6,-97.0,533,115.0,-60.0,129.71121771072848,-3,12.4471884232822,-11,3,3,4.847300112785328
55,3221001,417865.0,3385495.0,8,140,3,0,2585.0,9.2,525,0,5,417945,3385400,521,0,6,-92.09,533,80.0,-95.0,124.19742348374221,-4,-9.899092453787773,-12,3,3,5.5188078953683695
56,3221001,417865.0,3385495.0,8,140,3,0,2585.0,9.2,525,0,5,417985,3385440,522,0,6,-92.25,533,120.0,-55.0,132.00378782444085,-3,15.376435213836373,-11,3,3,4.763505627924038
57,3221001,417865.0,3385495.0,8,140,3,0,2585.0,9.2,525,0,5,417940,3385395,521,0,6,-96.0,533,75.0,-100.0,125.0,-4,-13.13010235415598,-12,3,3,5.483590444464439
58,3221001,417865.0,3385495.0,8,140,3,0,2585.0,9.2,525,0,5,418050,3385325,515,0,14,-100.5,533,185.0,-170.0,251.24689052802225,-10,-2.580490783343663,-18,3,3,4.097821708532467
59,3221001,417865.0,3385495.0,8,140,3,0,2585.0,9.2,525,0,5,417960,3385415,522,0,6,-93.17,533,95.0,-80.0,124.19742348374221,-3,-0.10090754621222686,-11,3,3,5.061403703030332
60,3221001,417865.0,3385495.0,8,140,3,0,2585.0,9.2,525,0,5,417890,3385275,515,0,5,-99.0,533,25.0,-220.0,221.41589825484527,-10,-43.516926307102764,-18,3,3,4.647638416732527
61,3221001,417865.0,3385495.0,8,140,3,0,2585.0,9.2,525,0,5,417690,3385615,534,0,5,-96.0,533,-175.0,120.0,212.19095173922943,9,185.56101069119643,1,3,3,-0.27001790072377885
62,3221001,417865.0,3385495.0,8,140,3,0,2585.0,9.2,525,0,5,417735,3385660,533,0,6,-94.5,533,-130.0,165.0,210.05951537600004,8,168.23382517744693,0,3,3,0.0
63,3221001,417865.0,3385495.0,8,140,3,0,2585.0,9.2,525,0,5,418625,3384790,509,0,5,-109.0,533,760.0,-705.0,1036.6412108342984,-16,-2.849973648961395,-24,3,3,1.3262574246498473
64,3221001,417865.0,3385495.0,8,140,3,0,2585.0,9.2,525,0,5,417760,3385535,530,0,14,-101.5,533,-105.0,40.0,112.36102527122117,5,199.14554196042167,-3,3,3,1.5294138787857083
65,3221001,417865.0,3385495.0,8,140,3,0,2585.0,9.2,525,0,5,417765,3385540,530,0,5,-113.5,533,-100.0,45.0,109.65856099730654,5,195.77225468204585,-3,3,3,1.5670867256235677
66,3221001,417865.0,3385495.0,8,140,3,0,2585.0,9.2,525,0,5,417850,3385445,524,93,5,-82.43,533,-15.0,-50.0,52.20153254455275,-1,-66.69924423399362,-9,3,3,9.782125386210328
67,3221001,417865.0,3385495.0,8,140,3,0,2585.0,9.2,525,0,5,417825,3385600,530,0,14,-117.5,533,-40.0,105.0,112.36102527122117,5,150.85445803957833,-3,3,3,1.5294138787857083
68,3221001,417865.0,3385495.0,8,140,3,0,2585.0,9.2,525,0,5,417890,3385485,525,0,5,-78.75,533,25.0,-10.0,26.92582403567252,0,18.198590513648185,-8,3,3,16.54734478181665
69,3221001,417865.0,3385495.0,8,140,3,0,2585.0,9.2,525,0,5,417815,3385570,529,5,6,-110.71,533,-50.0,75.0,90.13878188659973,4,163.69006752597977,-4,3,3,2.5408914188567957
70,3221001,417865.0,3385495.0,8,140,3,0,2585.0,9.2,525,0,5,417780,3385555,530,0,14,-98.0,533,-85.0,60.0,104.04326023342406,5,184.78240703180728,-3,3,3,1.651618045117027
71,3221001,417865.0,3385495.0,8,140,3,0,2585.0,9.2,525,0,5,417875,3385470,524,0,5,-83.14,533,10.0,-25.0,26.92582403567252,-1,-28.198590513648185,-9,3,3,18.482287744707932
72,3221001,417865.0,3385495.0,8,140,3,0,2585.0,9.2,525,0,5,417880,3385495,525,99,5,-76.21,533,15.0,0.0,15.0,0,40.0,-8,3,3,28.072486935852957
73,3221001,417865.0,3385495.0,8,140,3,0,2585.0,9.2,525,0,5,417830,3385585,529,5,14,-106.57,533,-35.0,90.0,96.56603957913983,4,151.25050550713325,-4,3,3,2.3719744023203537
74,3221001,417865.0,3385495.0,8,140,3,0,2585.0,9.2,525,0,5,417820,3385595,530,5,14,-101.5,533,-45.0,100.0,109.65856099730654,5,154.22774531795415,-3,3,3,1.5670867256235677
75,3221001,417865.0,3385495.0,8,140,3,0,2585.0,9.2,525,0,5,417865,3385480,525,0,10,-77.0,533,0.0,-15.0,15.0,0,-50.0,-8,3,3,28.072486935852957
76,3221001,417865.0,3385495.0,8,140,3,0,2585.0,9.2,525,0,5,417895,3385490,525,0,5,-80.89,533,30.0,-5.0,30.4138126514911,0,30.537677791974374,-8,3,3,14.737158444657044
77,3221001,417865.0,3385495.0,8,140,3,0,2585.0,9.2,525,0,5,417810,3385565,530,5,14,-107.83,533,-55.0,70.0,89.02246907382428,5,168.15722658736905,-3,3,3,1.9301005337764325
78,3221001,417865.0,3385495.0,8,140,3,0,2585.0,9.2,525,0,5,417885,3385500,525,99,5,-78.5,533,20.0,5.0,20.615528128088304,0,54.03624346792648,-8,3,3,21.209091611163863
79,3221001,417865.0,3385495.0,8,140,3,0,2585.0,9.2,525,0,5,417910,3385505,526,0,5,-85.44,533,45.0,10.0,46.09772228646444,1,52.52880770915152,-7,3,3,8.634476058451307
80,3221001,417865.0,3385495.0,8,140,3,0,2585.0,9.2,525,0,5,417795,3385550,530,0,14,-99.91,533,-70.0,55.0,89.02246907382428,5,181.84277341263095,-3,3,3,1.9301005337764325
81,3221001,417865.0,3385495.0,8,140,3,0,2585.0,9.2,525,0,5,417860,3385475,525,0,10,-76.09,533,-5.0,-20.0,20.615528128088304,0,-64.03624346792648,-8,3,3,21.209091611163863
82,3221001,417865.0,3385495.0,8,140,3,0,2585.0,9.2,525,0,5,417870,3385465,524,0,5,-80.97,533,5.0,-30.0,30.4138126514911,-1,-40.53767779197439,-9,3,3,16.48444316946696
83,3221001,417865.0,3385495.0,8,140,3,0,2585.0,9.2,525,0,5,417785,3385560,530,0,14,-102.77,533,-80.0,65.0,103.07764064044152,5,180.9061411137705,-3,3,3,1.6670815244432007
84,3221001,417865.0,3385495.0,8,140,3,0,2585.0,9.2,525,0,5,417805,3385580,530,5,6,-108.5,533,-60.0,85.0,104.04326023342406,5,165.21759296819272,-3,3,3,1.651618045117027
85,3221001,417865.0,3385495.0,8,140,3,0,2585.0,9.2,525,0,5,417835,3385590,529,0,14,-110.0,533,-30.0,95.0,99.62429422585637,4,147.52556837372288,-4,3,3,2.299239198239167
86,3221001,417865.0,3385495.0,8,140,3,0,2585.0,9.2,525,0,5,417915,3385510,526,0,5,-91.8,533,50.0,15.0,52.20153254455275,1,56.699244233993625,-7,3,3,7.6375553612829945
87,3221001,417865.0,3385495.0,8,140,3,0,2585.0,9.2,525,0,5,417790,3385545,530,0,14,-97.4,533,-75.0,50.0,90.13878188659973,5,186.30993247402023,-3,3,3,1.9062151828097713
88,3221001,417865.0,3385495.0,8,140,3,0,2585.0,9.2,525,0,5,417900,3385515,526,99,5,-91.22,533,35.0,20.0,40.311288741492746,1,69.74488129694222,-7,3,3,9.851101187140927
89,3221001,417865.0,3385495.0,8,140,3,0,2585.0,9.2,525,0,5,417840,3385455,525,93,5,-77.43,533,-25.0,-40.0,47.16990566028302,0,-82.0053832080835,-8,3,3,9.625750377173969
90,3221001,417865.0,3385495.0,8,140,3,0,2585.0,9.2,525,0,5,417845,3385460,525,0,5,-82.86,533,-20.0,-35.0,40.311288741492746,0,-79.74488129694222,-8,3,3,11.224821667293003
91,3221001,417865.0,3385495.0,8,140,3,0,2585.0,9.2,525,0,5,417855,3385450,524,0,5,-81.17,533,-10.0,-45.0,46.09772228646444,-1,-62.52880770915151,-9,3,3,11.047312831029233
92,3221001,417865.0,3385495.0,8,140,3,0,2585.0,9.2,525,0,5,417905,3385520,526,99,5,-88.64,533,40.0,25.0,47.16990566028302,1,72.00538320808349,-7,3,3,8.441072007879388
93,3221001,417865.0,3385495.0,8,140,3,0,2585.0,9.2,525,0,5,417875,3385350,520,0,5,-100.5,533,10.0,-145.0,145.34441853748632,-5,-46.05481377096244,-13,3,3,5.111089695288715
94,3221001,417865.0,3385495.0,8,140,3,0,2585.0,9.2,525,0,5,417865,3385360,521,0,5,-106.5,533,0.0,-135.0,135.0,-4,-50.0,-12,3,3,5.07960786001457
95,3221001,417865.0,3385495.0,8,140,3,0,2585.0,9.2,525,0,5,417885,3385300,517,93,6,-102.0,533,20.0,-195.0,196.02295783912658,-8,-44.143986414571046,-16,3,3,4.666314211632347
96,3221001,417865.0,3385495.0,8,140,3,0,2585.0,9.2,525,0,5,417820,3385395,523,0,5,-88.0,533,-45.0,-100.0,109.65856099730654,-2,-74.22774531795417,-10,3,3,5.210513682296117
97,3221001,417865.0,3385495.0,8,140,3,0,2585.0,9.2,525,0,5,417785,3385440,526,0,10,-102.0,533,-80.0,-55.0,97.082439194738,1,-105.49147701233159,-7,3,3,4.1240987870983545
98,3221001,417865.0,3385495.0,8,140,3,0,2585.0,9.2,525,0,5,417835,3385390,523,0,5,-105.0,533,-30.0,-105.0,109.20164833920778,-2,-65.94539590092286,-10,3,3,5.23219433817877
99,3221001,417865.0,3385495.0,8,140,3,0,2585.0,9.2,525,0,5,417830,3385610,530,0,14,-97.5,533,-35.0,115.0,120.20815280171308,5,146.92751306414704,-3,3,3,1.4296173920922017
100,3221001,417865.0,3385495.0,8,140,3,0,2585.0,9.2,525,0,5,417835,3385605,529,0,14,-95.0,533,-30.0,110.0,114.0175425099138,4,145.2551187030578,-4,3,3,2.0092448805508756
101,3221001,417865.0,3385495.0,8,140,3,0,2585.0,9.2,525,0,5,417705,3385190,517,96,5,-108.0,533,-160.0,-305.0,344.41980198589044,-8,-77.68106156848528,-16,3,3,2.6597595858272354
102,3221001,417865.0,3385495.0,8,140,3,0,2585.0,9.2,525,0,5,418060,3385395,518,0,5,-88.0,533,195.0,-100.0,219.14607000811125,-7,12.850318302216834,-15,3,3,3.9156453145140544
103,3221001,417865.0,3385495.0,8,140,3,0,2585.0,9.2,525,0,5,417955,3385350,519,0,5,-101.0,533,90.0,-145.0,170.66048165876012,-6,-18.17255342332689,-14,3,3,4.689713575848693
104,3221001,417865.0,3385495.0,8,140,3,0,2585.0,9.2,525,0,5,417925,3385340,519,0,5,-87.0,533,60.0,-155.0,166.20770138594662,-6,-28.838740183171723,-14,3,3,4.8147701481224825
105,3221001,417865.0,3385495.0,8,140,3,0,2585.0,9.2,525,0,5,417930,3385325,518,0,5,-97.0,533,65.0,-170.0,182.00274723201295,-7,-29.075498255078827,-15,3,3,4.711460148278635
106,3221001,417865.0,3385495.0,8,140,3,0,2585.0,9.2,525,0,5,417945,3385360,520,0,5,-97.6,533,80.0,-135.0,156.92354826475216,-5,-19.34933204294714,-13,3,3,4.735733932834544
107,3221001,417865.0,3385495.0,8,140,3,0,2585.0,9.2,525,0,5,418000,3385415,521,0,5,-85.0,533,135.0,-80.0,156.92354826475216,-4,9.34933204294714,-12,3,3,4.372918193121906
108,3221001,417865.0,3385495.0,8,140,3,0,2585.0,9.2,525,0,5,417940,3385355,519,0,5,-94.2,533,75.0,-140.0,158.8238017426859,-6,-21.821409890040826,-14,3,3,5.03748791518608
109,3221001,417865.0,3385495.0,8,140,3,0,2585.0,9.2,525,0,5,417920,3385335,519,0,5,-104.0,533,55.0,-160.0,169.1892431568863,-6,-31.02959219151346,-14,3,3,4.730310195657834
110,3221001,417865.0,3385495.0,8,140,3,0,2585.0,9.2,525,0,5,418585,3384760,510,0,14,-107.5,533,720.0,-735.0,1028.8950383785511,-15,-5.590657214646683,-23,3,3,1.2805810517990124
111,3221001,417865.0,3385495.0,8,140,3,0,2585.0,9.2,525,0,5,418580,3384755,510,0,5,-107.0,533,715.0,-740.0,1028.992225432243,-15,-5.984366703054718,-23,3,3,1.2804601427587183
112,3221001,417865.0,3385495.0,8,140,3,0,2585.0,9.2,525,0,5,417735,3385650,533,111,6,-104.0,533,-130.0,155.0,202.2992832414391,8,169.98688624496418,0,3,3,0.0
113,3221001,417865.0,3385495.0,8,140,3,0,2585.0,9.2,525,0,5,417980,3385445,523,99,6,-101.5,533,115.0,-50.0,125.39936203984452,-2,16.501434324047892,-10,3,3,4.559416109622995
114,3221001,417865.0,3385495.0,8,140,3,0,2585.0,9.2,525,0,5,417940,3385485,525,0,5,-93.6,533,75.0,-10.0,75.66372975210778,0,32.40535663140855,-8,3,3,6.035514929139322
115,3221001,417865.0,3385495.0,8,140,3,0,2585.0,9.2,525,0,5,417985,3385450,523,99,6,-107.0,533,120.0,-45.0,128.16005617976296,-2,19.443954780416533,-10,3,3,4.461602667270192
116,3221001,417865.0,3385495.0,8,140,3,0,2585.0,9.2,525,0,5,417955,3385500,526,0,5,-85.67,533,90.0,5.0,90.13878188659973,1,43.17983011986422,-7,3,3,4.440564856211882
117,3221001,417865.0,3385495.0,8,140,3,0,2585.0,9.2,525,0,5,417960,3385465,524,0,5,-99.6,533,95.0,-30.0,99.62429422585637,-1,22.474431626277124,-9,3,3,5.162054501717421
118,3221001,417865.0,3385495.0,8,140,3,0,2585.0,9.2,525,0,5,417975,3385480,524,0,5,-91.67,533,110.0,-15.0,111.01801655587259,-1,32.23483398157467,-9,3,3,4.634714438379844
119,3221001,417865.0,3385495.0,8,140,3,0,2585.0,9.2,525,0,5,418010,3385595,523,0,5,-111.0,533,145.0,100.0,176.13914953808538,-2,74.59228868750995,-10,3,3,3.2493820776777516
120,3221001,417865.0,3385495.0,8,140,3,0,2585.0,9.2,525,0,5,418015,3385600,523,102,5,-112.0,533,150.0,105.0,183.09833423600554,-2,74.99202019855866,-10,3,3,3.1261296439112947
121,3221001,417865.0,3385495.0,8,140,3,0,2585.0,9.2,525,0,5,417925,3385510,526,0,5,-91.77,533,60.0,15.0,61.84658438426491,1,54.03624346792648,-7,3,3,6.457444223434216
122,3221001,417865.0,3385495.0,8,140,3,0,2585.0,9.2,525,0,5,418020,3385565,523,0,10,-100.67,533,155.0,70.0,170.07351351694948,-2,64.30454926593671,-10,3,3,3.365008870357933
123,3221001,417865.0,3385495.0,8,140,3,0,2585.0,9.2,525,0,5,418035,3385580,522,0,10,-102.0,533,170.0,85.0,190.06577808748213,-3,66.56505117707798,-11,3,3,3.3122812410104463
124,3221001,417865.0,3385495.0,8,140,3,0,2585.0,9.2,525,0,5,418050,3385555,521,0,6,-108.0,533,185.0,60.0,194.48650338776724,-4,57.969139740157004,-12,3,3,3.5307274709018532
125,3221001,417865.0,3385495.0,8,140,3,0,2585.0,9.2,525,0,5,417995,3385460,522,99,6,-97.5,533,130.0,-35.0,134.6291201783626,-3,24.931511840507795,-11,3,3,4.6710300830116145
126,3221001,417865.0,3385495.0,8,140,3,0,2585.0,9.2,525,0,5,418055,3385560,521,0,6,-97.0,533,190.0,65.0,200.81085628023203,-4,58.88608736970929,-12,3,3,3.419798641808639
127,3221001,417865.0,3385495.0,8,140,3,0,2585.0,9.2,525,0,5,417965,3385470,524,0,10,-87.6,533,100.0,-25.0,103.07764064044152,-1,25.963756532073518,-9,3,3,4.9900015722538695
128,3221001,417865.0,3385495.0,8,140,3,0,2585.0,9.2,525,0,5,417935,3385520,526,0,10,-94.29,533,70.0,25.0,74.33034373659252,1,59.65382405805332,-7,3,3,5.3799167033826505
129,3221001,417865.0,3385495.0,8,140,3,0,2585.0,9.2,525,0,5,417930,3385515,526,0,10,-96.11,533,65.0,20.0,68.00735254367721,1,57.10272896905238,-7,3,3,5.876761625993374
130,3221001,417865.0,3385495.0,8,140,3,0,2585.0,9.2,525,0,5,417950,3385495,525,0,5,-88.5,533,85.0,0.0,85.0,0,40.0,-8,3,3,5.376705428050741
131,3221001,417865.0,3385495.0,8,140,3,0,2585.0,9.2,525,0,5,417920,3385505,526,0,5,-94.83,533,55.0,10.0,55.90169943749474,1,50.304846468766044,-7,3,3,7.137416257938385
132,3221001,417865.0,3385495.0,8,140,3,0,2585.0,9.2,525,0,5,417990,3385455,522,99,6,-106.0,533,125.0,-40.0,131.24404748406687,-3,22.255328374943076,-11,3,3,4.790952432344356
133,3221001,417865.0,3385495.0,8,140,3,0,2585.0,9.2,525,0,5,418005,3385590,524,0,5,-103.25,533,140.0,95.0,169.1892431568863,-1,74.15969454566942,-9,3,3,3.0449716631640373
134,3221001,417865.0,3385495.0,8,140,3,0,2585.0,9.2,525,0,5,417970,3385475,524,0,5,-94.0,533,105.0,-20.0,106.88779163215975,-1,29.2157021324374,-9,3,3,4.81297754564956
135,3221001,417865.0,3385495.0,8,140,3,0,2585.0,9.2,525,0,5,418000,3385585,524,0,5,-105.0,533,135.0,90.0,162.24980739587951,-1,73.69006752597977,-9,3,3,3.17494432830295
136,3221001,417865.0,3385495.0,8,140,3,0,2585.0,9.2,525,0,5,417095,3389425,505,0,6,-85.33,533,-770.0,3930.0,4004.7222125885337,-20,141.08546435892015,-28,3,3,0.4005910024369885
137,3221001,417865.0,3385495.0,8,140,3,0,2585.0,9.2,525,0,5,417100,3389420,506,0,6,-87.5,533,-765.0,3925.0,3998.8560864327187,-19,141.0289353178399,-27,3,3,0.38685126590335545
138,3221001,417865.0,3385495.0,8,140,3,0,2585.0,9.2,525,0,5,417060,3389380,509,0,6,-93.5,533,-805.0,3885.0,3967.5244170641217,-16,141.70643672915332,-24,3,3,0.34658436639783996
139,3221001,417865.0,3385495.0,8,140,3,0,2585.0,9.2,525,0,5,417115,3389405,507,0,6,-89.33,533,-750.0,3910.0,3981.2812008196556,-18,140.85834947415594,-26,3,3,0.3741682677489283
140,3221001,417865.0,3385495.0,8,140,3,0,2585.0,9.2,525,0,5,417075,3389365,510,0,6,-89.5,533,-790.0,3870.0,3949.8101220185254,-15,141.53752126517026,-23,3,3,0.33363326176977215
141,3221001,417865.0,3385495.0,8,140,3,0,2585.0,9.2,525,0,5,417110,3389410,506,0,6,-89.0,533,-755.0,3915.0,3987.1355632834957,-19,140.91537849773255,-27,3,3,0.38798841329665784
142,3221001,417865.0,3385495.0,8,140,3,0,2585.0,9.2,525,0,5,417080,3389385,509,0,6,-79.5,533,-785.0,3890.0,3968.415930821768,-16,141.40903552729935,-24,3,3,0.3465065073222127
143,3221001,417865.0,3385495.0,8,140,3,0,2585.0,9.2,525,0,5,417085,3389390,508,0,6,-85.67,533,-780.0,3895.0,3972.3324382533747,-17,141.32407608753522,-25,3,3,0.36058804212798773
144,3221001,417865.0,3385495.0,8,140,3,0,2585.0,9.2,525,0,5,417155,3389330,511,0,5,-96.5,533,-710.0,3835.0,3900.169868095491,-14,140.48880201445724,-22,3,3,0.3231894566305917
145,3221001,417865.0,3385495.0,8,140,3,0,2585.0,9.2,525,0,5,418010,3385375,519,0,6,-95.0,533,145.0,-120.0,188.2153022471871,-6,0.3893117599733955,-14,3,3,4.253992259710393
146,3221001,417865.0,3385495.0,8,140,3,0,2585.0,9.2,525,0,5,417935,3385300,516,0,5,-97.5,533,70.0,-195.0,207.18349355100662,-9,-30.25316339457389,-17,3,3,4.690774757941339
147,3221001,417865.0,3385495.0,8,140,3,0,2585.0,9.2,525,0,5,418000,3385365,519,0,5,-98.0,533,135.0,-130.0,187.41664813991312,-6,-3.9190758133393047,-14,3,3,4.272053179159281
148,3221001,417865.0,3385495.0,8,140,3,0,2585.0,9.2,525,0,5,417920,3385285,516,0,5,-114.0,533,55.0,-210.0,217.0829334609241,-9,-35.32360686254998,-17,3,3,4.477756098822754
149,3221001,417865.0,3385495.0,8,140,3,0,2585.0,9.2,525,0,5,417045,3389350,511,0,6,-75.0,533,-820.0,3855.0,3941.246630192026,-14,142.008453026413,-22,3,3,0.3198211570905268
150,3221001,417865.0,3385495.0,8,140,3,0,2585.0,9.2,525,0,5,417060,3389325,512,0,6,-87.33,533,-805.0,3830.0,3913.6843255428766,-13,141.86980826418187,-21,3,3,0.3074340499639425
151,3221001,417865.0,3385495.0,8,140,3,0,2585.0,9.2,525,0,5,417990,3385360,519,0,5,-92.67,533,125.0,-135.0,183.98369492974098,-6,-7.20259816176582,-14,3,3,4.351462073398253
152,3221001,417865.0,3385495.0,8,140,3,0,2585.0,9.2,525,0,5,417930,3385300,516,0,5,-99.0,533,65.0,-195.0,205.54804791094466,-9,-31.56505117707799,-17,3,3,4.727928437030017
153,3221001,417865.0,3385495.0,8,140,3,0,2585.0,9.2,525,0,5,417995,3385355,518,0,5,-95.5,533,130.0,-140.0,191.049731745428,-7,-7.121096396661471,-15,3,3,4.489287800016347
154,3221001,417865.0,3385495.0,8,140,3,0,2585.0,9.2,525,0,5,418005,3385365,519,0,5,-94.0,533,140.0,-130.0,191.049731745428,-6,-2.878903603338557,-14,3,3,4.191106255980144
155,3221001,417865.0,3385495.0,8,140,3,0,2585.0,9.2,525,0,5,416785,3389265,511,0,5,-92.5,533,-1080.0,3770.0,3921.6450629805854,-14,145.98553304287782,-22,3,3,0.32141968643449587
156,3221001,417865.0,3385495.0,8,140,3,0,2585.0,9.2,525,0,5,417980,3385350,519,0,5,-85.0,533,115.0,-145.0,185.06755523321746,-6,-11.581944655178006,-14,3,3,4.326074479262491
157,3221001,417865.0,3385495.0,8,140,3,0,2585.0,9.2,525,0,5,417920,3385390,521,0,5,-94.5,533,55.0,-105.0,118.53269591129698,-4,-22.35402463626133,-12,3,3,5.780808118311091
158,3221001,417865.0,3385495.0,8,140,3,0,2585.0,9.2,525,0,5,417925,3385385,521,0,6,-105.0,533,60.0,-110.0,125.29964086141668,-4,-21.38954033403479,-12,3,3,5.4705566632789075
159,3221001,417865.0,3385495.0,8,140,3,0,2585.0,9.2,525,0,5,417960,3385430,523,99,6,-92.67,533,95.0,-65.0,115.10864433221339,-2,5.619655276155129,-10,3,3,4.96507353827371
160,3221001,417865.0,3385495.0,8,140,3,0,2585.0,9.2,525,0,5,417970,3385440,523,99,6,-96.0,533,105.0,-55.0,118.53269591129698,-2,12.354024636261329,-10,3,3,4.822333921303894
161,3221001,417865.0,3385495.0,8,140,3,0,2585.0,9.2,525,0,5,417985,3385405,521,0,6,-91.25,533,120.0,-90.0,150.0,-4,3.13010235415598,-12,3,3,4.573921259900861
162,3221001,417865.0,3385495.0,8,140,3,0,2585.0,9.2,525,0,5,417955,3385375,520,0,5,-89.09,533,90.0,-120.0,150.0,-5,-13.13010235415598,-13,3,3,4.953257477842062
163,3221001,417865.0,3385495.0,8,140,3,0,2585.0,9.2,525,0,5,417990,3385420,521,0,6,-98.8,533,125.0,-75.0,145.7737973711325,-4,9.036243467926482,-12,3,3,4.705938913540255
164,3221001,417865.0,3385495.0,8,140,3,0,2585.0,9.2,525,0,5,417945,3385365,520,0,5,-92.78,533,80.0,-130.0,152.64337522473747,-5,-18.3924977537511,-13,3,3,4.867896086175465
165,3221001,417865.0,3385495.0,8,140,3,0,2585.0,9.2,525,0,5,417975,3385435,522,99,6,-102.5,533,110.0,-60.0,125.29964086141668,-3,11.389540334034791,-11,3,3,5.017108538644788
166,3221001,417865.0,3385495.0,8,140,3,0,2585.0,9.2,525,0,5,417940,3385370,520,0,6,-95.67,533,75.0,-125.0,145.7737973711325,-5,-19.036243467926482,-13,3,3,5.096114296326428
167,3221001,417865.0,3385495.0,8,140,3,0,2585.0,9.2,525,0,5,417980,3385410,521,0,6,-90.5,533,115.0,-85.0,143.0034964607509,-4,3.5307656099481335,-12,3,3,4.796682231490333
168,3221001,417865.0,3385495.0,8,140,3,0,2585.0,9.2,525,0,5,417950,3385380,520,0,5,-94.4,533,85.0,-115.0,143.0034964607509,-5,-13.530765609948133,-13,3,3,5.19430259778131
169,3221001,417865.0,3385495.0,8,140,3,0,2585.0,9.2,525,0,5,416875,3389415,503,0,5,-87.0,533,-990.0,3920.0,4043.080508721042,-22,144.17372557842333,-30,3,3,0.42513173730100895
170,3221001,417865.0,3385495.0,8,140,3,0,2585.0,9.2,525,0,5,417995,3385415,521,0,6,-92.67,533,130.0,-80.0,152.64337522473747,-4,8.392497753751115,-12,3,3,4.495040624296243
171,3221001,417865.0,3385495.0,8,140,3,0,2585.0,9.2,525,0,5,417930,3385400,521,0,5,-91.2,533,65.0,-95.0,115.10864433221339,-4,-15.619655276155129,-12,3,3,5.951548902463333
172,3221001,417865.0,3385495.0,8,140,3,0,2585.0,9.2,525,0,5,418285,3385105,516,0,12,-103.5,533,420.0,-390.0,573.149195236284,-9,-2.878903603338557,-17,3,3,1.6989341948133008
173,3221001,417865.0,3385495.0,8,140,3,0,2585.0,9.2,525,0,5,417965,3385425,522,99,6,-98.0,533,100.0,-70.0,122.06555615733703,-3,5.007979801441337,-11,3,3,5.14932962011847
174,3221001,417865.0,3385495.0,8,140,3,0,2585.0,9.2,525,0,5,416735,3389730,500,0,5,-93.5,533,-1130.0,4235.0,4383.163811677588,-25,144.93983745576276,-33,3,3,0.43136078908913755
175,3221001,417865.0,3385495.0,8,140,3,0,2585.0,9.2,525,0,5,417175,3389630,495,0,6,-94.0,533,-690.0,4135.0,4192.174256874349,-30,139.47355667445282,-38,3,3,0.5193438678440859
176,3221001,417865.0,3385495.0,8,140,3,0,2585.0,9.2,525,0,5,417170,3389625,494,0,6,-90.67,533,-695.0,4130.0,4188.06936427753,-31,139.55228606659603,-39,3,3,0.5335324274008391
177,3221001,417865.0,3385495.0,8,140,3,0,2585.0,9.2,525,0,5,417195,3389610,494,0,6,-91.71,533,-670.0,4115.0,4169.187570738452,-31,139.24768996855164,-39,3,3,0.5359485966571164
178,3221001,417865.0,3385495.0,8,140,3,0,2585.0,9.2,525,0,5,417190,3389605,493,0,6,-91.3,533,-675.0,4110.0,4165.060023577092,-32,139.3266308583618,-40,3,3,0.5502347414126958
179,3221001,417865.0,3385495.0,8,140,3,0,2585.0,9.2,525,0,5,418030,3385470,521,0,5,-93.67,533,165.0,-25.0,166.88319268278636,-4,31.384351815835885,-12,3,3,4.112864822431062
180,3221001,417865.0,3385495.0,8,140,3,0,2585.0,9.2,525,0,5,417925,3385535,526,0,10,-93.0,533,60.0,40.0,72.11102550927978,1,73.69006752597977,-7,3,3,5.544474733907005
181,3221001,417865.0,3385495.0,8,140,3,0,2585.0,9.2,525,0,5,418025,3385475,521,0,5,-99.0,533,160.0,-20.0,161.24515496597098,-4,32.874983651098205,-12,3,3,4.256154139057605
182,3221001,417865.0,3385495.0,8,140,3,0,2585.0,9.2,525,0,5,417970,3385570,526,0,5,-88.5,533,105.0,75.0,129.0348790056394,1,75.53767779197437,-7,3,3,3.1051891586176614
183,3221001,417865.0,3385495.0,8,140,3,0,2585.0,9.2,525,0,5,418020,3385480,521,0,5,-107.0,533,155.0,-15.0,155.72411502397438,-4,34.47245984834382,-12,3,3,4.406467552946499
184,3221001,417865.0,3385495.0,8,140,3,0,2585.0,9.2,525,0,5,418000,3385460,522,0,6,-99.6,533,135.0,-35.0,139.46325680981354,-3,25.465544919459887,-11,3,3,4.509800597519515
185,3221001,417865.0,3385495.0,8,140,3,0,2585.0,9.2,525,0,5,418010,3385450,521,0,5,-90.75,533,145.0,-45.0,151.82226450688975,-4,22.75854060106002,-12,3,3,4.519251022329976
186,3221001,417865.0,3385495.0,8,140,3,0,2585.0,9.2,525,0,5,417960,3385580,526,0,5,-105.67,533,95.0,85.0,127.47548783981962,1,81.82016988013578,-7,3,3,3.143098833634803
187,3221001,417865.0,3385495.0,8,140,3,0,2585.0,9.2,525,0,5,418015,3385445,521,0,5,-106.0,533,150.0,-50.0,158.11388300841898,-4,21.565051177077976,-12,3,3,4.340123649491708
188,3221001,417865.0,3385495.0,8,140,3,0,2585.0,9.2,525,0,5,418005,3385455,522,0,5,-98.5,533,140.0,-40.0,145.60219778561037,-3,24.054604099077153,-11,3,3,4.320392181224771
189,3221001,417865.0,3385495.0,8,140,3,0,2585.0,9.2,525,0,5,417935,3385525,527,0,10,-93.27,533,70.0,30.0,76.15773105863909,2,63.198590513648185,-6,3,3,4.5046780082949835
190,3221001,417865.0,3385495.0,8,140,3,0,2585.0,9.2,525,0,5,417920,3385540,526,99,10,-87.5,533,55.0,45.0,71.06335201775947,1,79.28940686250036,-7,3,3,5.625695294168159
191,3221001,417865.0,3385495.0,8,140,3,0,2585.0,9.2,525,0,5,417930,3385530,527,0,10,-93.38,533,65.0,35.0,73.824115301167,2,68.30075576600638,-6,3,3,4.646459039719347
192,3221001,417865.0,3385495.0,8,140,3,0,2585.0,9.2,525,0,5,417975,3385565,526,0,5,-105.0,533,110.0,70.0,130.38404810405297,1,72.47119229084848,-7,3,3,3.0731196435532833
193,3221001,417865.0,3385495.0,8,140,3,0,2585.0,9.2,525,0,5,417950,3385550,526,0,5,-119.0,533,85.0,55.0,101.24228365658294,1,72.9052429229879,-7,3,3,3.9551970272526704
194,3221001,417865.0,3385495.0,8,140,3,0,2585.0,9.2,525,0,5,417850,3385605,528,0,14,-112.67,533,-15.0,110.0,111.01801655587259,3,137.76516601842536,-5,3,3,2.5787295084521857
195,3221001,417865.0,3385495.0,8,140,3,0,2585.0,9.2,525,0,5,417800,3385505,528,5,5,-88.0,533,-65.0,10.0,65.76473218982953,3,211.25383773744477,-5,3,3,4.347753151335396
196,3221001,417865.0,3385495.0,8,140,3,0,2585.0,9.2,525,0,5,417825,3385490,527,0,10,-84.29,533,-40.0,-5.0,40.311288741492746,2,-132.8749836510982,-6,3,3,8.465848238967707
197,3221001,417865.0,3385495.0,8,140,3,0,2585.0,9.2,525,0,5,417870,3385535,526,0,6,-100.0,533,5.0,40.0,40.311288741492746,1,122.8749836510982,-7,3,3,9.851101187140927
198,3221001,417865.0,3385495.0,8,140,3,0,2585.0,9.2,525,0,5,417875,3385540,526,0,5,-94.25,533,10.0,45.0,46.09772228646444,1,117.47119229084848,-7,3,3,8.634476058451307
199,3221001,417865.0,3385495.0,8,140,3,0,2585.0,9.2,525,0,5,417850,3385555,528,5,6,-101.8,533,-15.0,60.0,61.84658438426491,3,144.0362434679265,-5,3,3,4.622036925837125
200,3221001,417865.0,3385495.0,8,140,3,0,2585.0,9.2,525,0,5,417760,3385465,527,0,5,-114.0,533,-105.0,-30.0,109.20164833920778,2,-124.05460409907712,-6,3,3,3.1449100885750694
201,3221001,417865.0,3385495.0,8,140,3,0,2585.0,9.2,525,0,5,417845,3385550,528,5,6,-106.64,533,-20.0,55.0,58.52349955359813,3,149.98310652189997,-5,3,3,4.883250449013462
202,3221001,417865.0,3385495.0,8,140,3,0,2585.0,9.2,525,0,5,417840,3385545,528,5,6,-106.13,533,-25.0,50.0,55.90169943749474,3,156.56505117707798,-5,3,3,5.111089695288715
203,3221001,417865.0,3385495.0,8,140,3,0,2585.0,9.2,525,0,5,417805,3385510,528,5,5,-88.4,533,-60.0,15.0,61.84658438426491,3,205.9637565320735,-5,3,3,4.622036925837125
204,3221001,417865.0,3385495.0,8,140,3,0,2585.0,9.2,525,0,5,417830,3385495,527,0,10,-99.2,533,-35.0,0.0,35.0,2,220.0,-6,3,3,9.727578551401603
205,3221001,417865.0,3385495.0,8,140,3,0,2585.0,9.2,525,0,5,417860,3385525,527,0,5,-83.86,533,-5.0,30.0,30.4138126514911,2,139.46232220802563,-6,3,3,11.159936872185444
206,3221001,417865.0,3385495.0,8,140,3,0,2585.0,9.2,525,0,5,417810,3385515,528,0,5,-94.92,533,-55.0,20.0,58.52349955359813,3,200.01689347810003,-5,3,3,4.883250449013462
207,3221001,417865.0,3385495.0,8,140,3,0,2585.0,9.2,525,0,5,417815,3385520,528,0,5,-93.32,533,-50.0,25.0,55.90169943749474,3,193.43494882292202,-5,3,3,5.111089695288715
208,3221001,417865.0,3385495.0,8,140,3,0,2585.0,9.2,525,0,5,417835,3385500,527,0,10,-84.3,533,-30.0,5.0,30.4138126514911,2,210.53767779197437,-6,3,3,11.159936872185444
209,3221001,417865.0,3385495.0,8,140,3,0,2585.0,9.2,525,0,5,417905,3385570,526,0,10,-104.4,533,40.0,75.0,85.0,1,101.92751306414704,-7,3,3,4.7078522443722255
210,3221001,417865.0,3385495.0,8,140,3,0,2585.0,9.2,525,0,5,417885,3385590,527,0,5,-111.0,533,20.0,95.0,97.082439194738,2,118.11134196037199,-6,3,3,3.536561123726988
211,3221001,417865.0,3385495.0,8,140,3,0,2585.0,9.2,525,0,5,417880,3385585,527,5,5,-104.0,533,15.0,90.0,91.2414379544733,2,120.53767779197437,-6,3,3,3.76233031232997
212,3221001,417865.0,3385495.0,8,140,3,0,2585.0,9.2,525,0,5,417785,3385450,526,0,10,-102.0,533,-80.0,-45.0,91.7877987534291,1,-110.64224645720873,-7,3,3,4.361098305443185
213,3221001,417865.0,3385495.0,8,140,3,0,2585.0,9.2,525,0,5,417855,3385560,527,5,5,-108.0,533,-10.0,65.0,65.76473218982953,2,138.74616226255523,-6,3,3,5.21290934281268
214,3221001,417865.0,3385495.0,8,140,3,0,2585.0,9.2,525,0,5,417865,3385530,527,0,6,-88.36,533,0.0,35.0,35.0,2,130.0,-6,3,3,9.727578551401603
215,3221001,417865.0,3385495.0,8,140,3,0,2585.0,9.2,525,0,5,417820,3385485,527,0,5,-93.33,533,-45.0,-10.0,46.09772228646444,2,-127.47119229084848,-6,3,3,7.415829709624493
216,3221001,417865.0,3385495.0,8,140,3,0,2585.0,9.2,525,0,5,417765,3385470,527,5,5,-115.0,533,-100.0,-25.0,103.07764064044152,2,-125.96375653207352,-6,3,3,3.3313451801106333
217,3221001,417865.0,3385495.0,8,140,3,0,2585.0,9.2,525,0,5,417710,3385165,517,0,5,-106.5,533,-155.0,-330.0,364.58880948268285,-8,-75.15930191603165,-16,3,3,2.512816127091551
218,3221001,417865.0,3385495.0,8,140,3,0,2585.0,9.2,525,0,5,417670,3385205,518,0,10,-119.0,533,-195.0,-290.0,349.4638751001311,-7,-83.91743053697034,-15,3,3,2.457791878142715
219,3221001,417865.0,3385495.0,8,140,3,0,2585.0,9.2,525,0,5,417730,3385145,517,0,10,-107.67,533,-135.0,-350.0,375.13330963805384,-8,-71.0923395058275,-16,3,3,2.4422709556547444
220,3221001,417865.0,3385495.0,8,140,3,0,2585.0,9.2,525,0,5,417715,3385170,517,0,5,-101.5,533,-150.0,-325.0,357.94552658190884,-8,-74.77514056883193,-16,3,3,2.559391237928039
221,3221001,417865.0,3385495.0,8,140,3,0,2585.0,9.2,525,0,5,417125,3389380,508,0,6,-87.33,533,-740.0,3885.0,3954.8482903899107,-17,140.7842978675626,-25,3,3,0.36218213793317944
222,3221001,417865.0,3385495.0,8,140,3,0,2585.0,9.2,525,0,5,417145,3389400,507,0,5,-87.67,533,-720.0,3905.0,3970.8217033757637,-18,140.44681116859294,-26,3,3,0.3751538321041528
223,3221001,417865.0,3385495.0,8,140,3,0,2585.0,9.2,525,0,5,417135,3389370,509,0,5,-85.4,533,-730.0,3875.0,3943.1618024118666,-16,140.66874808036204,-24,3,3,0.3487256666791857
224,3221001,417865.0,3385495.0,8,140,3,0,2585.0,9.2,525,0,5,417200,3389605,494,0,5,-100.25,533,-665.0,4110.0,4163.451092543301,-31,139.190833872979,-39,3,3,0.5366869931608874
225,3221001,417865.0,3385495.0,8,140,3,0,2585.0,9.2,525,0,5,417230,3389635,496,0,6,-87.75,533,-635.0,4140.0,4188.4155715497,-29,138.7201612752708,-37,3,3,0.5061314149087953
226,3221001,417865.0,3385495.0,8,140,3,0,2585.0,9.2,525,0,5,417205,3389610,494,0,6,-99.5,533,-660.0,4115.0,4167.592230533117,-31,139.1119973498678,-39,3,3,0.5361537439925086
227,3221001,417865.0,3385495.0,8,140,3,0,2585.0,9.2,525,0,5,417215,3389620,495,0,6,-88.5,533,-650.0,4125.0,4175.89810699447,-30,138.9547941288513,-38,3,3,0.5213679720520745
228,3221001,417865.0,3385495.0,8,140,3,0,2585.0,9.2,525,0,5,417225,3389630,496,0,6,-88.67,533,-640.0,4135.0,4184.235294531129,-29,138.7982161952791,-37,3,3,0.5066370411804081
229,3221001,417865.0,3385495.0,8,140,3,0,2585.0,9.2,525,0,5,417195,3389495,500,0,12,-87.67,533,-670.0,4000.0,4055.724349607601,-25,139.50877195829787,-33,3,3,0.4661852819982921
230,3221001,417865.0,3385495.0,8,140,3,0,2585.0,9.2,525,0,5,417160,3389510,499,0,6,-89.22,533,-705.0,4015.0,4076.426130816061,-26,139.9591273652083,-34,3,3,0.47787234940914414
231,3221001,417865.0,3385495.0,8,140,3,0,2585.0,9.2,525,0,5,417215,3389555,497,0,12,-88.0,533,-650.0,4060.0,4111.702810272162,-28,139.09578083814574,-36,3,3,0.5016401849589344
232,3221001,417865.0,3385495.0,8,140,3,0,2585.0,9.2,525,0,5,417205,3389545,498,0,12,-89.0,533,-660.0,4050.0,4103.425398371463,-27,139.25572774455225,-35,3,3,0.48869016967216006
233,3221001,417865.0,3385495.0,8,140,3,0,2585.0,9.2,525,0,5,417200,3389550,497,0,12,-89.0,533,-665.0,4055.0,4109.16658216724,-28,139.3133237174033,-36,3,3,0.5019497876079715
234,3221001,417865.0,3385495.0,8,140,3,0,2585.0,9.2,525,0,5,417175,3389515,499,0,5,-86.33,533,-690.0,4020.0,4078.7865842674337,-26,139.7394459454972,-34,3,3,0.4775958105052059
235,3221001,417865.0,3385495.0,8,140,3,0,2585.0,9.2,525,0,5,417165,3389505,500,0,5,-89.25,533,-700.0,4010.0,4070.6387705125594,-25,139.90198232258535,-33,3,3,0.46447729985297553
236,3221001,417865.0,3385495.0,8,140,3,0,2585.0,9.2,525,0,5,417185,3389485,501,0,12,-90.0,533,-680.0,3990.0,4047.530111067736,-24,139.67176969733492,-32,3,3,0.45297420769128044
237,3221001,417865.0,3385495.0,8,140,3,0,2585.0,9.2,525,0,5,417180,3389490,501,0,12,-90.0,533,-685.0,3995.0,4053.301123775533,-24,139.72956888660462,-32,3,3,0.4523292984837385
238,3221001,417865.0,3385495.0,8,140,3,0,2585.0,9.2,525,0,5,417120,3389470,502,0,6,-92.67,533,-745.0,3975.0,4044.2119133398537,-23,140.6153038081364,-31,3,3,0.43917935485507953
239,3221001,417865.0,3385495.0,8,140,3,0,2585.0,9.2,525,0,5,417140,3389450,503,0,5,-94.0,533,-725.0,3955.0,4020.901640179725,-22,140.38768982485692,-30,3,3,0.4274766322563775
240,3221001,417865.0,3385495.0,8,140,3,0,2585.0,9.2,525,0,5,416970,3389640,499,0,5,-94.0,533,-895.0,4145.0,4240.52473168121,-26,142.18440699238283,-34,3,3,0.4593805917539917
241,3221001,417865.0,3385495.0,8,140,3,0,2585.0,9.2,525,0,5,417170,3389520,499,0,5,-89.27,533,-695.0,4025.0,4084.56240006197,-26,139.7967071428697,-34,3,3,0.47692049264993797
242,3221001,417865.0,3385495.0,8,140,3,0,2585.0,9.2,525,0,5,418170,3385215,514,0,5,-107.67,533,305.0,-280.0,414.03502267320334,-11,-2.552951357676392,-19,3,3,2.627450695525718
243,3221001,417865.0,3385495.0,8,140,3,0,2585.0,9.2,525,0,5,417975,3385620,524,0,5,-97.5,533,110.0,125.0,166.50825805346713,-1,88.65222278030632,-9,3,3,3.0939049058175407
244,3221001,417865.0,3385495.0,8,140,3,0,2585.0,9.2,525,0,5,417855,3385520,527,0,5,-81.1,533,-10.0,25.0,26.92582403567252,2,151.80140948635182,-6,3,3,12.562228295302136
245,3221001,417865.0,3385495.0,8,140,3,0,2585.0,9.2,525,0,5,417815,3385560,529,5,14,-108.71,533,-50.0,65.0,82.00609733428362,4,167.56859202882748,-4,3,3,2.7924950508127897
246,3221001,417865.0,3385495.0,8,140,3,0,2585.0,9.2,525,0,5,417860,3385485,525,0,10,-75.05,533,-5.0,-10.0,11.180339887498949,0,-76.56505117707799,-8,3,3,35.585302455842225
247,3221001,417865.0,3385495.0,8,140,3,0,2585.0,9.2,525,0,5,417900,3385445,523,0,10,-83.04,533,35.0,-50.0,61.032778078668514,-2,-15.007979801441337,-10,3,3,9.305027682630422
248,3221001,417865.0,3385495.0,8,140,3,0,2585.0,9.2,525,0,5,417870,3385495,525,0,5,-76.18,533,5.0,0.0,5.0,0,40.0,-8,3,3,57.9946167919165
249,3221001,417865.0,3385495.0,8,140,3,0,2585.0,9.2,525,0,5,417845,3385510,527,0,10,-82.11,533,-20.0,15.0,25.0,2,183.13010235415595,-6,3,3,13.495733280795811
250,3221001,417865.0,3385495.0,8,140,3,0,2585.0,9.2,525,0,5,417895,3385480,525,0,5,-83.0,533,30.0,-15.0,33.54101966249684,0,13.434948822922024,-8,3,3,13.415197239362266
251,3221001,417865.0,3385495.0,8,140,3,0,2585.0,9.2,525,0,5,417910,3385455,524,0,5,-89.8,533,45.0,-40.0,60.207972893961475,-1,-1.6335393365702089,-9,3,3,8.501729643938765
252,3221001,417865.0,3385495.0,8,140,3,0,2585.0,9.2,525,0,5,417805,3385550,529,5,14,-95.62,533,-60.0,55.0,81.39410298049853,4,177.48955292199918,-4,3,3,2.813457940315444
253,3221001,417865.0,3385495.0,8,140,3,0,2585.0,9.2,525,0,5,417785,3385570,531,0,5,-97.5,533,-80.0,75.0,109.65856099730654,6,176.8476102659946,-2,3,3,1.0448692249345464
254,3221001,417865.0,3385495.0,8,140,3,0,2585.0,9.2,525,0,5,417835,3385540,528,5,5,-98.38,533,-30.0,45.0,54.08326913195984,3,163.69006752597977,-5,3,3,5.281982452343407
255,3221001,417865.0,3385495.0,8,140,3,0,2585.0,9.2,525,0,5,417790,3385575,531,0,5,-106.33,533,-75.0,80.0,109.65856099730654,6,173.1523897340054,-2,3,3,1.0448692249345464
256,3221001,417865.0,3385495.0,8,140,3,0,2585.0,9.2,525,0,5,417830,3385535,528,5,5,-95.28,533,-35.0,40.0,53.150729063673246,3,171.18592516570965,-5,3,3,5.374117929017665
257,3221001,417865.0,3385495.0,8,140,3,0,2585.0,9.2,525,0,5,417850,3385515,527,0,5,-82.38,533,-15.0,20.0,25.0,2,166.86989764584405,-6,3,3,13.495733280795811
258,3221001,417865.0,3385495.0,8,140,3,0,2585.0,9.2,525,0,5,417880,3385465,524,0,5,-86.84,533,15.0,-30.0,33.54101966249684,-1,-23.43494882292201,-9,3,3,15.020256666513818
259,3221001,417865.0,3385495.0,8,140,3,0,2585.0,9.2,525,0,5,417865,3385490,525,0,10,-78.17,533,0.0,-5.0,5.0,0,-50.0,-8,3,3,57.9946167919165
260,3221001,417865.0,3385495.0,8,140,3,0,2585.0,9.2,525,0,5,417840,3385505,527,0,10,-81.15,533,-25.0,10.0,26.92582403567252,2,198.19859051364818,-6,3,3,12.562228295302136
261,3221001,417865.0,3385495.0,8,140,3,0,2585.0,9.2,525,0,5,417905,3385450,523,0,10,-83.74,533,40.0,-45.0,60.207972893961475,-2,-8.366460663429791,-10,3,3,9.430225138005694
262,3221001,417865.0,3385495.0,8,140,3,0,2585.0,9.2,525,0,5,417885,3385470,524,0,5,-82.53,533,20.0,-25.0,32.01562118716424,-1,-11.34019174590992,-9,3,3,15.70135130372849
263,3221001,417865.0,3385495.0,8,140,3,0,2585.0,9.2,525,0,5,417820,3385525,528,0,5,-89.9,533,-45.0,30.0,54.08326913195984,3,186.30993247402023,-5,3,3,5.281982452343407
264,3221001,417865.0,3385495.0,8,140,3,0,2585.0,9.2,525,0,5,417875,3385500,525,99,5,-75.72,533,10.0,5.0,11.180339887498949,0,66.56505117707798,-8,3,3,35.585302455842225
265,3221001,417865.0,3385495.0,8,140,3,0,2585.0,9.2,525,0,5,417800,3385545,529,0,14,-97.64,533,-65.0,50.0,82.00609733428362,4,182.43140797117252,-4,3,3,2.7924950508127897
266,3221001,417865.0,3385495.0,8,140,3,0,2585.0,9.2,525,0,5,417825,3385530,528,5,5,-92.0,533,-40.0,35.0,53.150729063673246,3,178.81407483429035,-5,3,3,5.374117929017665
267,3221001,417865.0,3385495.0,8,140,3,0,2585.0,9.2,525,0,5,417890,3385475,524,0,5,-82.43,533,25.0,-20.0,32.01562118716424,-1,1.3401917459099195,-9,3,3,15.70135130372849
268,3221001,417865.0,3385495.0,8,140,3,0,2585.0,9.2,525,0,5,417780,3385565,531,0,5,-107.14,533,-85.0,70.0,110.11357772772621,6,180.52754015165618,-2,3,3,1.0405525163254492
269,3221001,417865.0,3385495.0,8,140,3,0,2585.0,9.2,525,0,5,417810,3385555,529,5,14,-91.25,533,-55.0,60.0,81.39410298049853,4,172.51044707800088,-4,3,3,2.813457940315444
270,3221001,417865.0,3385495.0,8,140,3,0,2585.0,9.2,525,0,5,417915,3385460,524,0,5,-87.52,533,50.0,-35.0,61.032778078668514,-1,5.007979801441337,-9,3,3,8.38848186129698
271,3221001,417865.0,3385495.0,8,140,3,0,2585.0,9.2,525,0,5,417210,3389610,494,0,6,-89.67,533,-655.0,4115.0,4166.803331092074,-31,139.0441122665285,-39,3,3,0.5362552478689672
272,3221001,417865.0,3385495.0,8,140,3,0,2585.0,9.2,525,0,5,417225,3389635,496,0,6,-86.0,533,-640.0,4140.0,4189.176530059339,-29,138.78775628756284,-37,3,3,0.5060394815720106
273,3221001,417865.0,3385495.0,8,140,3,0,2585.0,9.2,525,0,5,417205,3389615,494,0,6,-104.0,533,-660.0,4120.0,4172.529209005013,-31,139.10112428523513,-39,3,3,0.5355193984641493
274,3221001,417865.0,3385495.0,8,140,3,0,2585.0,9.2,525,0,5,417240,3389660,498,0,5,-94.0,533,-625.0,4165.0,4211.632700034513,-27,138.53412902523706,-35,3,3,0.4761350914426316
275,3221001,417865.0,3385495.0,8,140,3,0,2585.0,9.2,525,0,5,417230,3389630,496,0,6,-88.5,533,-635.0,4135.0,4183.473437228926,-29,138.73054324081227,-37,3,3,0.5067293006413565
276,3221001,417865.0,3385495.0,8,140,3,0,2585.0,9.2,525,0,5,417220,3389640,496,0,6,-84.0,533,-645.0,4145.0,4194.883788616796,-29,138.84481371112662,-37,3,3,0.5053510362122065
277,3221001,417865.0,3385495.0,8,140,3,0,2585.0,9.2,525,0,5,417215,3389605,494,0,5,-89.5,533,-650.0,4110.0,4161.081590163788,-31,138.98694340108347,-39,3,3,0.5369925883848259
278,3221001,417865.0,3385495.0,8,140,3,0,2585.0,9.2,525,0,5,417975,3385355,519,0,5,-94.5,533,110.0,-140.0,178.04493814764857,-6,-11.842773412630947,-14,3,3,4.496021197961541
279,3221001,417865.0,3385495.0,8,140,3,0,2585.0,9.2,525,0,5,417960,3385350,519,0,5,-93.5,533,95.0,-145.0,173.34935823359717,-6,-16.768288932020653,-14,3,3,4.617286944099438
280,3221001,417865.0,3385495.0,8,140,3,0,2585.0,9.2,525,0,5,416790,3389260,511,0,6,-93.0,533,-1075.0,3765.0,3915.462935592674,-14,145.93534577306366,-22,3,3,0.3219271655479337
281,3221001,417865.0,3385495.0,8,140,3,0,2585.0,9.2,525,0,5,418015,3385395,519,0,5,-97.2,533,150.0,-100.0,180.27756377319946,-6,6.309932474020229,-14,3,3,4.440564856211882
282,3221001,417865.0,3385495.0,8,140,3,0,2585.0,9.2,525,0,5,417150,3389420,505,0,12,-88.5,533,-715.0,3925.0,3989.5927110420685,-20,140.32411418898346,-28,3,3,0.4021100907238641
283,3221001,417865.0,3385495.0,8,140,3,0,2585.0,9.2,525,0,5,418135,3385235,513,0,6,-99.33,533,270.0,-260.0,374.83329627982624,-12,-3.9190758133393047,-20,3,3,3.0542376866338494
284,3221001,417865.0,3385495.0,8,140,3,0,2585.0,9.2,525,0,5,417120,3389430,505,0,6,-91.0,533,-745.0,3935.0,4004.903244773836,-20,140.72072142862316,-28,3,3,0.4005728952576103
285,3221001,417865.0,3385495.0,8,140,3,0,2585.0,9.2,525,0,5,417125,3389425,505,0,5,-94.75,533,-740.0,3930.0,3999.062390110962,-20,140.66366124255057,-28,3,3,0.4011579353065532
286,3221001,417865.0,3385495.0,8,140,3,0,2585.0,9.2,525,0,5,417130,3389440,504,0,5,-89.29,533,-735.0,3945.0,4012.8854955007128,-21,140.5538736982695,-29,3,3,0.4140533496618996
287,3221001,417865.0,3385495.0,8,140,3,0,2585.0,9.2,525,0,5,417135,3389435,504,0,5,-89.5,533,-730.0,3940.0,4007.056276120913,-21,140.4966842993765,-29,3,3,0.41465566802970144
288,3221001,417865.0,3385495.0,8,140,3,0,2585.0,9.2,525,0,5,418030,3385605,523,0,5,-104.5,533,165.0,110.0,198.3053201505194,-2,73.69006752597977,-10,3,3,2.8868255980233197
289,3221001,417865.0,3385495.0,8,140,3,0,2585.0,9.2,525,0,5,418035,3385610,523,0,5,-109.5,533,170.0,115.0,205.24375751773792,-2,74.07719528013075,-10,3,3,2.7893908572809107
290,3221001,417865.0,3385495.0,8,140,3,0,2585.0,9.2,525,0,5,417055,3389340,512,0,6,-80.25,533,-810.0,3845.0,3929.3924466767126,-13,141.89616780818227,-21,3,3,0.3062050764708802
291,3221001,417865.0,3385495.0,8,140,3,0,2585.0,9.2,525,0,5,417070,3389355,511,0,6,-87.0,533,-795.0,3860.0,3941.0182694324067,-14,141.637822133834,-22,3,3,0.3198396886172001
292,3221001,417865.0,3385495.0,8,140,3,0,2585.0,9.2,525,0,5,417955,3385280,515,0,5,-91.0,533,90.0,-215.0,233.0772404161333,-10,-27.285587646832766,-18,3,3,4.416051206861289
293,3221001,417865.0,3385495.0,8,140,3,0,2585.0,9.2,525,0,5,417050,3389335,512,0,6,-82.0,533,-815.0,3840.0,3925.534995385979,-13,141.98262243241572,-21,3,3,0.3065059650491799
294,3221001,417865.0,3385495.0,8,140,3,0,2585.0,9.2,525,0,5,417060,3389345,512,0,6,-76.5,533,-805.0,3850.0,3933.2588269779553,-13,141.80988295702826,-21,3,3,0.3059040836253596
295,3221001,417865.0,3385495.0,8,140,3,0,2585.0,9.2,525,0,5,417075,3389360,511,0,6,-90.5,533,-790.0,3865.0,3944.911279103752,-14,141.55204593516532,-22,3,3,0.3195240634777699
296,3221001,417865.0,3385495.0,8,140,3,0,2585.0,9.2,525,0,5,417090,3389425,505,0,6,-83.0,533,-775.0,3930.0,4005.686582846941,-20,141.15564800613384,-28,3,3,0.40049456317354487
297,3221001,417865.0,3385495.0,8,140,3,0,2585.0,9.2,525,0,5,417075,3389370,510,0,6,-89.0,533,-790.0,3875.0,3954.7092181347543,-15,141.52303258058555,-23,3,3,0.3332199660132453
298,3221001,417865.0,3385495.0,8,140,3,0,2585.0,9.2,525,0,5,417945,3385140,519,0,5,-112.33,533,80.0,-355.0,363.90245945857527,-6,-37.300415510402644,-14,3,3,2.2031879652188877
299,3221001,417865.0,3385495.0,8,140,3,0,2585.0,9.2,525,0,5,417110,3389405,507,0,6,-90.75,533,-755.0,3910.0,3982.2261362207946,-18,140.92900086773233,-26,3,3,0.3740794845454073
300,3221001,417865.0,3385495.0,8,140,3,0,2585.0,9.2,525,0,5,417070,3389365,510,0,6,-84.33,533,-795.0,3870.0,3950.8132074295795,-15,141.60856748866695,-23,3,3,0.3335485563995415
301,3221001,417865.0,3385495.0,8,140,3,0,2585.0,9.2,525,0,5,417115,3389410,506,0,6,-90.5,533,-750.0,3915.0,3986.1917916728494,-19,140.84481090210875,-27,3,3,0.388080270706175
302,3221001,417865.0,3385495.0,8,140,3,0,2585.0,9.2,525,0,5,417100,3389415,506,0,6,-95.5,533,-765.0,3920.0,3993.9485474903154,-19,141.0426572679375,-27,3,3,0.3873265924695601
303,3221001,417865.0,3385495.0,8,140,3,0,2585.0,9.2,525,0,5,417205,3389625,495,0,6,-89.0,533,-660.0,4130.0,4182.403615147634,-30,139.07945516639194,-38,3,3,0.5205570563409787
304,3221001,417865.0,3385495.0,8,140,3,0,2585.0,9.2,525,0,5,417240,3389670,498,0,5,-98.5,533,-625.0,4175.0,4221.5222372978205,-27,138.51398792975033,-35,3,3,0.47501972607363746
305,3221001,417865.0,3385495.0,8,140,3,0,2585.0,9.2,525,0,5,417220,3389610,495,0,6,-88.4,533,-645.0,4115.0,4165.24309014492,-30,138.9082654318305,-38,3,3,0.5227015981043549
306,3221001,417865.0,3385495.0,8,140,3,0,2585.0,9.2,525,0,5,417215,3389635,495,0,6,-95.5,533,-650.0,4140.0,4190.715929289409,-30,138.92287219785408,-38,3,3,0.5195245844557743
307,3221001,417865.0,3385495.0,8,140,3,0,2585.0,9.2,525,0,5,417200,3389630,495,0,6,-90.14,533,-665.0,4135.0,4188.132041853504,-30,139.13620647441718,-38,3,3,0.5198450899667899
308,3221001,417865.0,3385495.0,8,140,3,0,2585.0,9.2,525,0,5,417210,3389640,496,0,6,-90.6,533,-655.0,4145.0,4196.433009116195,-29,138.97972470449253,-37,3,3,0.5051644826312762
309,3221001,417865.0,3385495.0,8,140,3,0,2585.0,9.2,525,0,5,418150,3385225,513,0,5,-101.0,533,285.0,-270.0,392.587569849072,-12,-3.451842301022026,-20,3,3,2.9163577478108778
310,3221001,417865.0,3385495.0,8,140,3,0,2585.0,9.2,525,0,5,417145,3389440,504,0,5,-93.67,533,-720.0,3945.0,4010.165208566849,-21,140.34318422116633,-29,3,3,0.4143342120713996
311,3221001,417865.0,3385495.0,8,140,3,0,2585.0,9.2,525,0,5,417150,3389425,505,0,12,-86.8,533,-715.0,3930.0,3994.5118600399724,-20,140.31126113281368,-28,3,3,0.40161491767435975
312,3221001,417865.0,3385495.0,8,140,3,0,2585.0,9.2,525,0,5,417155,3389430,504,0,12,-88.67,533,-710.0,3935.0,3998.5403586809025,-21,140.22794802996435,-29,3,3,0.41553875271233126
313,3221001,417865.0,3385495.0,8,140,3,0,2585.0,9.2,525,0,5,417140,3389435,504,0,5,-100.0,533,-725.0,3940.0,4006.1483996477214,-21,140.4263711593557,-29,3,3,0.4147496343381912
314,3221001,417865.0,3385495.0,8,140,3,0,2585.0,9.2,525,0,5,417120,3389415,506,0,6,-92.78,533,-745.0,3920.0,3990.166036645593,-19,140.76078846345456,-27,3,3,0.38769375070932427
315,3221001,417865.0,3385495.0,8,140,3,0,2585.0,9.2,525,0,5,417125,3389420,505,0,5,-93.0,533,-740.0,3925.0,3994.1488454988753,-20,140.67693341253943,-28,3,3,0.4016514178861928
316,3221001,417865.0,3385495.0,8,140,3,0,2585.0,9.2,525,0,5,417715,3385205,517,0,5,-105.0,533,-150.0,-290.0,326.49655434629017,-8,-77.34987578006988,-16,3,3,2.8055416541818454
317,3221001,417865.0,3385495.0,8,140,3,0,2585.0,9.2,525,0,5,418000,3385435,521,0,5,-100.4,533,135.0,-60.0,147.73286702694156,-4,16.03751102542182,-12,3,3,4.643808720746463
318,3221001,417865.0,3385495.0,8,140,3,0,2585.0,9.2,525,0,5,418005,3385440,521,0,5,-106.0,533,140.0,-55.0,150.41608956491322,-4,18.55226367289464,-12,3,3,4.561322083556315
319,3221001,417865.0,3385495.0,8,140,3,0,2585.0,9.2,525,0,5,417935,3385350,519,0,5,-100.0,533,70.0,-145.0,161.01242188104618,-6,-24.230672375661285,-14,3,3,4.969359239575708
320,3221001,417865.0,3385495.0,8,140,3,0,2585.0,9.2,525,0,5,417930,3385345,519,0,5,-96.0,533,65.0,-150.0,163.47782724271815,-6,-26.571307191254604,-14,3,3,4.894783317251585
321,3221001,417865.0,3385495.0,8,140,3,0,2585.0,9.2,525,0,5,417925,3385360,520,93,6,-87.67,533,60.0,-135.0,147.73286702694156,-5,-26.03751102542182,-13,3,3,5.0288841190470475
322,3221001,417865.0,3385495.0,8,140,3,0,2585.0,9.2,525,0,5,418025,3385420,520,0,5,-89.0,533,160.0,-75.0,176.70597047072292,-5,14.885165113855436,-13,3,3,4.207586739520993
323,3221001,417865.0,3385495.0,8,140,3,0,2585.0,9.2,525,0,5,416885,3389440,502,0,5,-101.0,533,-980.0,3945.0,4064.901597824971,-23,143.95077846640714,-31,3,3,0.4369440906377293
324,3221001,417865.0,3385495.0,8,140,3,0,2585.0,9.2,525,0,5,417755,3385655,533,0,6,-109.0,533,-110.0,160.0,194.164878389476,8,164.5085229876684,0,3,3,0.0
325,3221001,417865.0,3385495.0,8,140,3,0,2585.0,9.2,525,0,5,417185,3389605,493,0,6,-91.0,533,-680.0,4110.0,4165.873257793616,-32,139.39448982513983,-40,3,3,0.550127334828854
326,3221001,417865.0,3385495.0,8,140,3,0,2585.0,9.2,525,0,5,417160,3389630,495,0,6,-85.25,533,-705.0,4135.0,4194.669236066176,-30,139.67565059922526,-38,3,3,0.5190349802627638
327,3221001,417865.0,3385495.0,8,140,3,0,2585.0,9.2,525,0,5,417195,3389615,494,0,6,-92.33,533,-670.0,4120.0,4174.122662308811,-31,139.2366605961555,-39,3,3,0.535314978144892
328,3221001,417865.0,3385495.0,8,140,3,0,2585.0,9.2,525,0,5,417190,3389620,494,0,6,-91.0,533,-675.0,4125.0,4179.862437927832,-31,139.2933085993971,-39,3,3,0.5345799277768334
329,3221001,417865.0,3385495.0,8,140,3,0,2585.0,9.2,525,0,5,417180,3389610,493,0,6,-91.0,533,-685.0,4115.0,4171.624383858163,-32,139.45103239940067,-40,3,3,0.5493689593570057
330,3221001,417865.0,3385495.0,8,140,3,0,2585.0,9.2,525,0,5,417190,3389485,501,0,12,-84.0,533,-675.0,3990.0,4046.693094367301,-24,139.60198257618515,-32,3,3,0.4530678968257366
331,3221001,417865.0,3385495.0,8,140,3,0,2585.0,9.2,525,0,5,417195,3389490,501,0,12,-85.0,533,-670.0,3995.0,4050.793132214974,-24,139.5204550812524,-32,3,3,0.4526093401562863
332,3221001,417865.0,3385495.0,8,140,3,0,2585.0,9.2,525,0,5,417140,3389455,503,0,5,-89.0,533,-725.0,3960.0,4025.819792290758,-22,140.3748590505205,-30,3,3,0.4269544237785533
333,3221001,417865.0,3385495.0,8,140,3,0,2585.0,9.2,525,0,5,417155,3389450,503,0,12,-95.67,533,-710.0,3955.0,4018.22411022581,-22,140.17731016407117,-30,3,3,0.4277614692736585
334,3221001,417865.0,3385495.0,8,140,3,0,2585.0,9.2,525,0,5,417185,3389500,500,0,12,-90.5,533,-680.0,4005.0,4062.3176882169123,-25,139.6362263062706,-33,3,3,0.4654286739905171
335,3221001,417865.0,3385495.0,8,140,3,0,2585.0,9.2,525,0,5,417175,3389510,499,0,5,-85.0,533,-690.0,4015.0,4073.8587358915624,-26,139.75134205033822,-34,3,3,0.47817349634958506
336,3221001,417865.0,3385495.0,8,140,3,0,2585.0,9.2,525,0,5,417205,3389560,497,0,12,-93.0,533,-660.0,4065.0,4118.230809461752,-28,139.22216166447652,-36,3,3,0.50084505230984
337,3221001,417865.0,3385495.0,8,140,3,0,2585.0,9.2,525,0,5,417200,3389555,497,0,12,-88.83,533,-665.0,4060.0,4114.100752290833,-28,139.3020547112988,-36,3,3,0.5013478142240856
338,3221001,417865.0,3385495.0,8,140,3,0,2585.0,9.2,525,0,5,417250,3389585,496,0,14,-96.5,533,-615.0,4090.0,4135.979327801337,-29,138.5513152340941,-37,3,3,0.5125478452484883
339,3221001,417865.0,3385495.0,8,140,3,0,2585.0,9.2,525,0,5,417170,3389505,500,0,5,-85.33,533,-695.0,4010.0,4069.78193519014,-25,139.8326391973606,-33,3,3,0.46457508472738324
340,3221001,417865.0,3385495.0,8,140,3,0,2585.0,9.2,525,0,5,417160,3389515,499,0,6,-90.0,533,-705.0,4020.0,4081.350879304547,-26,139.94698793655846,-34,3,3,0.47729575301761146
341,3221001,417865.0,3385495.0,8,140,3,0,2585.0,9.2,525,0,5,417180,3389495,500,0,12,-89.0,533,-685.0,4000.0,4058.229293669839,-25,139.71763896030137,-33,3,3,0.46589754158768687
342,3221001,417865.0,3385495.0,8,140,3,0,2585.0,9.2,525,0,5,417125,3389480,501,0,6,-85.2,533,-740.0,3985.0,4053.125337316871,-24,140.5197915603049,-32,3,3,0.45234891545951494
343,3221001,417865.0,3385495.0,8,140,3,0,2585.0,9.2,525,0,5,417165,3389520,499,0,6,-91.33,533,-700.0,4025.0,4085.416135475063,-26,139.8658069430844,-34,3,3,0.47682083447578055
344,3221001,417865.0,3385495.0,8,140,3,0,2585.0,9.2,525,0,5,417130,3389465,502,0,6,-88.0,533,-735.0,3970.0,4037.465170128406,-23,140.48889297862058,-31,3,3,0.43991320984978793
345,3221001,417865.0,3385495.0,8,140,3,0,2585.0,9.2,525,0,5,417145,3389460,502,0,5,-88.67,533,-720.0,3965.0,4029.8418083096017,-23,140.29212961634738,-31,3,3,0.44074537288639243
346,3221001,417865.0,3385495.0,8,140,3,0,2585.0,9.2,525,0,5,417765,3385535,530,0,14,-95.0,533,-100.0,40.0,107.70329614269008,5,198.19859051364818,-3,3,3,1.5955213234329615
347,3221001,417865.0,3385495.0,8,140,3,0,2585.0,9.2,525,0,5,417915,3385505,526,0,5,-85.62,533,50.0,10.0,50.99019513592785,1,51.3099324740202,-7,3,3,7.816777766952081
348,3221001,417865.0,3385495.0,8,140,3,0,2585.0,9.2,525,0,5,417840,3385460,525,93,5,-86.0,533,-25.0,-35.0,43.01162633521314,0,-85.53767779197437,-8,3,3,10.536398717028874
349,3221001,417865.0,3385495.0,8,140,3,0,2585.0,9.2,525,0,5,417805,3385575,530,5,5,-109.0,533,-60.0,80.0,100.0,5,166.86989764584405,-3,3,3,1.7183580016554572
350,3221001,417865.0,3385495.0,8,140,3,0,2585.0,9.2,525,0,5,417815,3385565,529,5,5,-105.4,533,-50.0,70.0,86.02325267042627,4,165.53767779197437,-4,3,3,2.6622819746312953
351,3221001,417865.0,3385495.0,8,140,3,0,2585.0,9.2,525,0,5,417905,3385515,526,99,5,-94.29,533,40.0,20.0,44.721359549995796,1,66.56505117707798,-7,3,3,8.896025825607326
352,3221001,417865.0,3385495.0,8,140,3,0,2585.0,9.2,525,0,5,417875,3385465,524,0,5,-80.08,533,10.0,-30.0,31.622776601683793,-1,-31.56505117707799,-9,3,3,15.886617531931096
353,3221001,417865.0,3385495.0,8,140,3,0,2585.0,9.2,525,0,5,417830,3385590,529,5,14,-106.2,533,-35.0,95.0,101.24228365658294,4,150.22485943116806,-4,3,3,2.2625327243707134
354,3221001,417865.0,3385495.0,8,140,3,0,2585.0,9.2,525,0,5,417850,3385450,524,93,5,-82.0,533,-15.0,-45.0,47.43416490252569,-1,-68.43494882292202,-9,3,3,10.743403801775964
355,3221001,417865.0,3385495.0,8,140,3,0,2585.0,9.2,525,0,5,417890,3385490,525,99,5,-81.42,533,25.0,-5.0,25.495097567963924,0,28.6900675259798,-8,3,3,17.421117453299548
356,3221001,417865.0,3385495.0,8,140,3,0,2585.0,9.2,525,0,5,417775,3385525,529,0,5,-105.0,533,-90.0,30.0,94.86832980505137,4,201.56505117707798,-4,3,3,2.4143721196269126
357,3221001,417865.0,3385495.0,8,140,3,0,2585.0,9.2,525,0,5,417795,3385545,530,0,5,-98.15,533,-70.0,50.0,86.02325267042627,5,184.46232220802563,-3,3,3,1.9973402534283067
358,3221001,417865.0,3385495.0,8,140,3,0,2585.0,9.2,525,0,5,417790,3385550,530,0,14,-96.24,533,-75.0,55.0,93.00537618869137,5,183.74616226255523,-3,3,3,1.8475035386437628
359,3221001,417865.0,3385495.0,8,140,3,0,2585.0,9.2,525,0,5,417885,3385495,525,99,5,-76.05,533,20.0,0.0,20.0,0,40.0,-8,3,3,21.80140948635181
360,3221001,417865.0,3385495.0,8,140,3,0,2585.0,9.2,525,0,5,417860,3385480,525,0,10,-74.52,533,-5.0,-15.0,15.811388300841896,0,-68.43494882292202,-8,3,3,26.83778755833606
361,3221001,417865.0,3385495.0,8,140,3,0,2585.0,9.2,525,0,5,417880,3385500,525,99,5,-74.43,533,15.0,5.0,15.811388300841896,0,58.434948822922024,-8,3,3,26.83778755833606
362,3221001,417865.0,3385495.0,8,140,3,0,2585.0,9.2,525,0,5,417910,3385510,526,0,5,-94.58,533,45.0,15.0,47.43416490252569,1,58.434948822922024,-7,3,3,8.394718117507407
363,3221001,417865.0,3385495.0,8,140,3,0,2585.0,9.2,525,0,5,417870,3385470,524,0,10,-86.54,533,5.0,-25.0,25.495097567963924,-1,-38.690067525979785,-9,3,3,19.44349251054738
364,3221001,417865.0,3385495.0,8,140,3,0,2585.0,9.2,525,0,5,417865,3385475,525,0,10,-81.25,533,0.0,-20.0,20.0,0,-50.0,-8,3,3,21.80140948635181
365,3221001,417865.0,3385495.0,8,140,3,0,2585.0,9.2,525,0,5,417895,3385485,525,0,5,-80.76,533,30.0,-10.0,31.622776601683793,0,21.565051177077976,-8,3,3,14.196947417484148
366,3221001,417865.0,3385495.0,8,140,3,0,2585.0,9.2,525,0,5,417810,3385570,530,5,5,-107.57,533,-55.0,75.0,93.00537618869137,5,166.25383773744477,-3,3,3,1.8475035386437628
367,3221001,417865.0,3385495.0,8,140,3,0,2585.0,9.2,525,0,5,417835,3385585,529,5,14,-107.0,533,-30.0,90.0,94.86832980505137,4,148.43494882292202,-4,3,3,2.4143721196269126
368,3221001,417865.0,3385495.0,8,140,3,0,2585.0,9.2,525,0,5,417800,3385580,530,5,6,-105.33,533,-65.0,85.0,107.00467279516349,5,167.40535663140855,-3,3,3,1.6059328933425576
369,3221001,417865.0,3385495.0,8,140,3,0,2585.0,9.2,525,0,5,417785,3385555,530,0,14,-101.19,533,-80.0,60.0,100.0,5,183.13010235415595,-3,3,3,1.7183580016554572
370,3221001,417865.0,3385495.0,8,140,3,0,2585.0,9.2,525,0,5,417780,3385560,530,0,5,-106.67,533,-85.0,65.0,107.00467279516349,5,182.59464336859145,-3,3,3,1.6059328933425576
371,3221001,417865.0,3385495.0,8,140,3,0,2585.0,9.2,525,0,5,417825,3385595,530,0,14,-103.17,533,-40.0,100.0,107.70329614269008,5,151.80140948635182,-3,3,3,1.5955213234329615
372,3221001,417865.0,3385495.0,8,140,3,0,2585.0,9.2,525,0,5,417900,3385520,526,99,5,-86.25,533,35.0,25.0,43.01162633521314,1,75.53767779197437,-7,3,3,9.243656606645388
373,3221001,417865.0,3385495.0,8,140,3,0,2585.0,9.2,525,0,5,417855,3385445,524,93,5,-79.0,533,-10.0,-50.0,50.99019513592785,-1,-61.309932474020215,-9,3,3,10.009865311812067
374,3221001,417865.0,3385495.0,8,140,3,0,2585.0,9.2,525,0,5,417845,3385455,525,93,5,-83.9,533,-20.0,-40.0,44.721359549995796,0,-76.56505117707799,-8,3,3,10.142106156573982
375,3221001,417865.0,3385495.0,8,140,3,0,2585.0,9.2,525,0,5,417130,3389430,505,0,5,-93.6,533,-735.0,3935.0,4003.0550833082475,-20,140.5800894099961,-28,3,3,0.4007578288229411
376,3221001,417865.0,3385495.0,8,140,3,0,2585.0,9.2,525,0,5,417125,3389435,504,0,6,-96.33,533,-740.0,3940.0,4008.8901207192,-21,140.63721450929006,-29,3,3,0.4144659927078354
377,3221001,417865.0,3385495.0,8,140,3,0,2585.0,9.2,525,0,5,417120,3389440,504,0,6,-87.67,533,-745.0,3945.0,4014.7291315853427,-21,140.69417349989646,-29,3,3,0.4138632155051829
378,3221001,417865.0,3385495.0,8,140,3,0,2585.0,9.2,525,0,5,417150,3389330,511,0,5,-92.5,533,-715.0,3835.0,3901.083182912151,-14,140.56101069119637,-22,3,3,0.3231137936809551
379,3221001,417865.0,3385495.0,8,140,3,0,2585.0,9.2,525,0,5,417130,3389350,510,0,5,-90.33,533,-735.0,3855.0,3924.442635585339,-15,140.79454206189524,-23,3,3,0.33578980853447266
380,3221001,417865.0,3385495.0,8,140,3,0,2585.0,9.2,525,0,5,417135,3389345,511,0,5,-91.5,533,-730.0,3850.0,3918.5966875911076,-14,140.73642030241507,-22,3,3,0.32166972167914154
381,3221001,417865.0,3385495.0,8,140,3,0,2585.0,9.2,525,0,5,416860,3389375,505,0,5,-91.0,533,-1005.0,3880.0,4008.0450346771304,-20,144.52164239245968,-28,3,3,0.4002589080379076
382,3221001,417865.0,3385495.0,8,140,3,0,2585.0,9.2,525,0,5,418065,3385300,513,0,14,-102.5,533,200.0,-195.0,279.32955446926843,-12,-4.274775700940751,-20,3,3,4.0953897317967
383,3221001,417865.0,3385495.0,8,140,3,0,2585.0,9.2,525,0,5,417935,3385430,523,0,5,-90.4,533,70.0,-65.0,95.524865872714,-2,-2.878903603338557,-10,3,3,5.976228793989439
384,3221001,417865.0,3385495.0,8,140,3,0,2585.0,9.2,525,0,5,418005,3385360,518,0,5,-95.8,533,140.0,-135.0,194.48650338776724,-7,-3.958373323990031,-15,3,3,4.410273358907721
385,3221001,417865.0,3385495.0,8,140,3,0,2585.0,9.2,525,0,5,418000,3385355,518,0,5,-94.75,533,135.0,-140.0,194.48650338776724,-7,-6.041626676009969,-15,3,3,4.410273358907721
386,3221001,417865.0,3385495.0,8,140,3,0,2585.0,9.2,525,0,5,417955,3385410,522,0,6,-88.7,533,90.0,-85.0,123.79418403139947,-3,-3.363422958383296,-11,3,3,5.07780435046998
387,3221001,417865.0,3385495.0,8,140,3,0,2585.0,9.2,525,0,5,417925,3385440,523,0,5,-93.09,533,60.0,-55.0,81.39410298049853,-2,-2.510447078000851,-10,3,3,7.004202982116153
388,3221001,417865.0,3385495.0,8,140,3,0,2585.0,9.2,525,0,5,417940,3385415,522,0,5,-92.8,533,75.0,-80.0,109.65856099730654,-3,-6.847610265994604,-11,3,3,5.728255892432204
389,3221001,417865.0,3385495.0,8,140,3,0,2585.0,9.2,525,0,5,417970,3385385,520,0,5,-89.5,533,105.0,-110.0,152.0690632574555,-5,-6.3322198538696455,-13,3,3,4.88619159658935
390,3221001,417865.0,3385495.0,8,140,3,0,2585.0,9.2,525,0,5,417950,3385405,522,0,6,-85.6,533,85.0,-90.0,123.79418403139947,-3,-6.636577041616704,-11,3,3,5.07780435046998
391,3221001,417865.0,3385495.0,8,140,3,0,2585.0,9.2,525,0,5,417965,3385400,521,0,5,-93.8,533,100.0,-95.0,137.93114224133723,-4,-3.5311992856141785,-12,3,3,4.9722092795257
392,3221001,417865.0,3385495.0,8,140,3,0,2585.0,9.2,525,0,5,418040,3385315,515,0,5,-109.0,533,175.0,-180.0,251.04780421266383,-10,-5.806929455102363,-18,3,3,4.1010602858804015
393,3221001,417865.0,3385495.0,8,140,3,0,2585.0,9.2,525,0,5,418020,3385335,517,0,5,-98.2,533,155.0,-160.0,222.76669409945464,-8,-5.909380449199148,-16,3,3,4.108158796514211
394,3221001,417865.0,3385495.0,8,140,3,0,2585.0,9.2,525,0,5,417945,3385420,522,0,6,-87.75,533,80.0,-75.0,109.65856099730654,-3,-3.1523897340053963,-11,3,3,5.728255892432204
395,3221001,417865.0,3385495.0,8,140,3,0,2585.0,9.2,525,0,5,418060,3385295,513,0,5,-104.67,533,195.0,-200.0,279.32955446926843,-12,-5.725224299059249,-20,3,3,4.0953897317967
396,3221001,417865.0,3385495.0,8,140,3,0,2585.0,9.2,525,0,5,417960,3385395,521,0,5,-88.57,533,95.0,-100.0,137.93114224133723,-4,-6.4688007143858215,-12,3,3,4.9722092795257
397,3221001,417865.0,3385495.0,8,140,3,0,2585.0,9.2,525,0,5,417930,3385425,522,0,5,-91.11,533,65.0,-70.0,95.524865872714,-3,-7.121096396661471,-11,3,3,6.568862953914157
398,3221001,417865.0,3385495.0,8,140,3,0,2585.0,9.2,525,0,5,417995,3385370,519,0,5,-90.0,533,130.0,-125.0,180.34688796871433,-6,-3.8766972859245925,-14,3,3,4.438864754477932
399,3221001,417865.0,3385495.0,8,140,3,0,2585.0,9.2,525,0,5,417980,3385375,520,0,5,-87.17,533,115.0,-120.0,166.20770138594662,-5,-6.218875235131293,-13,3,3,4.47230650926629
400,3221001,417865.0,3385495.0,8,140,3,0,2585.0,9.2,525,0,5,417920,3385435,523,0,10,-88.28,533,55.0,-60.0,81.39410298049853,-2,-7.489552921999177,-10,3,3,7.004202982116153
401,3221001,417865.0,3385495.0,8,140,3,0,2585.0,9.2,525,0,5,417975,3385390,520,0,5,-96.0,533,110.0,-105.0,152.0690632574555,-5,-3.6677801461303545,-13,3,3,4.88619159658935
402,3221001,417865.0,3385495.0,8,140,3,0,2585.0,9.2,525,0,5,417985,3385380,520,0,5,-90.67,533,120.0,-115.0,166.20770138594662,-5,-3.781124764868707,-13,3,3,4.47230650926629
403,3221001,417865.0,3385495.0,8,140,3,0,2585.0,9.2,525,0,5,418015,3385350,518,0,5,-95.0,533,150.0,-145.0,208.62646045025065,-7,-4.028978068920821,-15,3,3,4.112423376366565
404,3221001,417865.0,3385495.0,8,140,3,0,2585.0,9.2,525,0,5,418045,3385320,515,0,5,-102.5,533,180.0,-175.0,251.04780421266383,-10,-4.193070544897637,-18,3,3,4.1010602858804015
405,3221001,417865.0,3385495.0,8,140,3,0,2585.0,9.2,525,0,5,417990,3385365,519,0,5,-94.67,533,125.0,-130.0,180.34688796871433,-6,-6.123302714075436,-14,3,3,4.438864754477932
406,3221001,417865.0,3385495.0,8,140,3,0,2585.0,9.2,525,0,5,417950,3385430,523,0,6,-91.75,533,85.0,-65.0,107.00467279516349,-2,2.5946433685914485,-10,3,3,5.339004991588444
407,3221001,417865.0,3385495.0,8,140,3,0,2585.0,9.2,525,0,5,418040,3385300,514,0,5,-101.5,533,175.0,-195.0,262.01145013147806,-11,-8.094058058917113,-19,3,3,4.147595909168647
408,3221001,417865.0,3385495.0,8,140,3,0,2585.0,9.2,525,0,5,417980,3385400,521,0,5,-91.29,533,115.0,-95.0,149.164338901763,-4,0.44033203100551077,-12,3,3,4.599436030506371
409,3221001,417865.0,3385495.0,8,140,3,0,2585.0,9.2,525,0,5,417925,3385415,522,0,10,-86.2,533,60.0,-80.0,100.0,-3,-13.13010235415598,-11,3,3,6.2772984895975545
410,3221001,417865.0,3385495.0,8,140,3,0,2585.0,9.2,525,0,5,417920,3385420,522,0,10,-84.92,533,55.0,-75.0,93.00537618869137,-3,-13.746162262555217,-11,3,3,6.745193311225338
411,3221001,417865.0,3385495.0,8,140,3,0,2585.0,9.2,525,0,5,417990,3385390,520,0,5,-91.25,533,125.0,-105.0,163.24827717314508,-5,-0.030259271889690353,-13,3,3,4.553044239206501
412,3221001,417865.0,3385495.0,8,140,3,0,2585.0,9.2,525,0,5,417965,3385375,520,0,5,-92.8,533,100.0,-120.0,156.20499351813308,-5,-10.194428907734817,-13,3,3,4.757418902505815
413,3221001,417865.0,3385495.0,8,140,3,0,2585.0,9.2,525,0,5,418075,3385305,514,0,5,-101.5,533,210.0,-190.0,283.1960451701259,-11,-2.137594773888253,-19,3,3,3.838298042400491
414,3221001,417865.0,3385495.0,8,140,3,0,2585.0,9.2,525,0,5,417970,3385370,520,0,5,-89.25,533,105.0,-125.0,163.24827717314508,-5,-9.96974072811031,-13,3,3,4.553044239206501
415,3221001,417865.0,3385495.0,8,140,3,0,2585.0,9.2,525,0,5,417960,3385380,520,0,5,-90.17,533,95.0,-115.0,149.164338901763,-5,-10.44033203100551,-13,3,3,4.980867826262861
416,3221001,417865.0,3385495.0,8,140,3,0,2585.0,9.2,525,0,5,417940,3385440,523,0,5,-91.22,533,75.0,-55.0,93.00537618869137,-2,3.7461622625552025,-10,3,3,6.136903891518818
417,3221001,417865.0,3385495.0,8,140,3,0,2585.0,9.2,525,0,5,417975,3385365,519,0,5,-89.67,533,110.0,-130.0,170.29386365926402,-6,-9.763641690726189,-14,3,3,4.699764671064311
418,3221001,417865.0,3385495.0,8,140,3,0,2585.0,9.2,525,0,5,417930,3385410,522,0,10,-95.38,533,65.0,-85.0,107.00467279516349,-3,-12.594643368591449,-11,3,3,5.869345912453528
419,3221001,417865.0,3385495.0,8,140,3,0,2585.0,9.2,525,0,5,417985,3385395,520,0,5,-92.67,533,120.0,-100.0,156.20499351813308,-5,0.19442890773481736,-13,3,3,4.757418902505815
420,3221001,417865.0,3385495.0,8,140,3,0,2585.0,9.2,525,0,5,417935,3385405,522,0,6,-98.36,533,70.0,-90.0,114.0175425099138,-3,-12.125016348901795,-11,3,3,5.510634651350269
421,3221001,417865.0,3385495.0,8,140,3,0,2585.0,9.2,525,0,5,417955,3385425,522,99,6,-91.2,533,90.0,-70.0,114.0175425099138,-3,2.125016348901795,-11,3,3,5.510634651350269
422,3221001,417865.0,3385495.0,8,140,3,0,2585.0,9.2,525,0,5,417945,3385435,523,0,6,-87.0,533,80.0,-60.0,100.0,-2,3.13010235415598,-10,3,3,5.710593137499642
423,3221001,417865.0,3385495.0,8,140,3,0,2585.0,9.2,525,0,5,417760,3385645,533,0,6,-100.5,533,-105.0,150.0,183.09833423600554,8,164.9920201985587,0,3,3,0.0
424,3221001,417865.0,3385495.0,8,140,3,0,2585.0,9.2,525,0,5,416880,3389685,498,0,5,-100.67,533,-985.0,4190.0,4304.221764732853,-27,143.22908667478163,-35,3,3,0.465893300795157
425,3221001,417865.0,3385495.0,8,140,3,0,2585.0,9.2,525,0,5,417125,3389440,504,0,6,-93.25,533,-740.0,3945.0,4013.804305144933,-21,140.6240397098406,-29,3,3,0.4139585710076669
426,3221001,417865.0,3385495.0,8,140,3,0,2585.0,9.2,525,0,5,417120,3389435,504,0,6,-92.0,533,-745.0,3940.0,4009.8160805702796,-21,140.7074312006124,-29,3,3,0.4143702862021637
427,3221001,417865.0,3385495.0,8,140,3,0,2585.0,9.2,525,0,5,417130,3389435,504,0,5,-89.75,533,-735.0,3940.0,4007.97018451984,-21,140.56696547920973,-29,3,3,0.4145611204026515
428,3221001,417865.0,3385495.0,8,140,3,0,2585.0,9.2,525,0,5,417145,3389410,506,0,12,-91.67,533,-720.0,3915.0,3980.6563529146797,-19,140.4207123967945,-27,3,3,0.38861991254976874
429,3221001,417865.0,3385495.0,8,140,3,0,2585.0,9.2,525,0,5,417125,3389430,505,0,5,-95.13,533,-740.0,3935.0,4003.9761487801097,-20,140.65042164759143,-28,3,3,0.40066564241872765
430,3221001,417865.0,3385495.0,8,140,3,0,2585.0,9.2,525,0,5,417140,3389405,506,0,5,-90.67,533,-725.0,3910.0,3976.6474573439373,-19,140.50459477837217,-27,3,3,0.3890116718920549
431,3221001,417865.0,3385495.0,8,140,3,0,2585.0,9.2,525,0,5,417120,3389425,505,0,6,-91.75,533,-745.0,3930.0,3999.9906249890137,-20,140.73404430234734,-28,3,3,0.4010648459328348
432,3221001,417865.0,3385495.0,8,140,3,0,2585.0,9.2,525,0,5,417915,3385380,521,93,5,-86.0,533,50.0,-115.0,125.39936203984452,-4,-26.501434324047906,-12,3,3,5.466232679222325
433,3221001,417865.0,3385495.0,8,140,3,0,2585.0,9.2,525,0,5,417900,3385365,520,0,5,-92.5,533,35.0,-130.0,134.6291201783626,-5,-34.931511840507795,-13,3,3,5.515470838915584
434,3221001,417865.0,3385495.0,8,140,3,0,2585.0,9.2,525,0,5,417850,3385435,524,93,5,-79.33,533,-15.0,-60.0,61.84658438426491,-1,-64.03624346792648,-9,3,3,8.279642510622892
435,3221001,417865.0,3385495.0,8,140,3,0,2585.0,9.2,525,0,5,417890,3385395,521,93,5,-90.0,533,25.0,-100.0,103.07764064044152,-4,-35.96375653207353,-12,3,3,6.640317538681618
436,3221001,417865.0,3385495.0,8,140,3,0,2585.0,9.2,525,0,5,417895,3385400,522,93,5,-97.55,533,30.0,-95.0,99.62429422585637,-3,-32.47443162627712,-11,3,3,6.300781561079082
437,3221001,417865.0,3385495.0,8,140,3,0,2585.0,9.2,525,0,5,417865,3385410,522,0,5,-94.0,533,0.0,-85.0,85.0,-3,-50.0,-11,3,3,7.373766361330215
438,3221001,417865.0,3385495.0,8,140,3,0,2585.0,9.2,525,0,5,417845,3385430,524,0,5,-95.0,533,-20.0,-65.0,68.00735254367721,-1,-67.10272896905236,-9,3,3,7.53863939569589
439,3221001,417865.0,3385495.0,8,140,3,0,2585.0,9.2,525,0,5,417870,3385415,522,93,5,-95.2,533,5.0,-80.0,80.15609770940699,-3,-46.423665625002656,-11,3,3,7.814018528803383
440,3221001,417865.0,3385495.0,8,140,3,0,2585.0,9.2,525,0,5,417875,3385420,522,93,5,-86.5,533,10.0,-75.0,75.66372975210778,-3,-42.405356631408566,-11,3,3,8.271715302846431
441,3221001,417865.0,3385495.0,8,140,3,0,2585.0,9.2,525,0,5,417855,3385440,524,93,5,-82.13,533,-10.0,-55.0,55.90169943749474,-1,-60.30484646876603,-9,3,3,9.145960365565434
442,3221001,417865.0,3385495.0,8,140,3,0,2585.0,9.2,525,0,5,417840,3385425,524,0,5,-99.4,533,-25.0,-70.0,74.33034373659252,-1,-69.6538240580533,-9,3,3,6.903828903737672
443,3221001,417865.0,3385495.0,8,140,3,0,2585.0,9.2,525,0,5,417860,3385405,522,0,5,-93.86,533,-5.0,-90.0,90.13878188659973,-3,-53.179830119864235,-11,3,3,6.957633327104099
444,3221001,417865.0,3385495.0,8,140,3,0,2585.0,9.2,525,0,5,417885,3385390,521,93,5,-91.88,533,20.0,-105.0,106.88779163215975,-4,-39.2157021324374,-12,3,3,6.405618300145838
445,3221001,417865.0,3385495.0,8,140,3,0,2585.0,9.2,525,0,5,417150,3389570,496,0,6,-93.0,533,-715.0,4075.0,4137.251503111697,-29,139.95182321670808,-37,3,3,0.5123902488482026
446,3221001,417865.0,3385495.0,8,140,3,0,2585.0,9.2,525,0,5,417145,3389575,496,0,6,-90.0,533,-720.0,4080.0,4143.042360391696,-29,140.00797980144137,-37,3,3,0.5116741033981205
447,3221001,417865.0,3385495.0,8,140,3,0,2585.0,9.2,525,0,5,417155,3389565,496,0,6,-88.75,533,-710.0,4070.0,4131.464631338383,-29,139.89550926261808,-37,3,3,0.5131079067518265
448,3221001,417865.0,3385495.0,8,140,3,0,2585.0,9.2,525,0,5,417180,3389540,497,0,5,-90.6,533,-685.0,4045.0,4102.590644946191,-28,139.61155952504305,-36,3,3,0.502754308771351
449,3221001,417865.0,3385495.0,8,140,3,0,2585.0,9.2,525,0,5,417195,3389525,499,0,12,-87.5,533,-670.0,4030.0,4085.315165320786,-26,139.43926555755468,-34,3,3,0.47683261874414373
450,3221001,417865.0,3385495.0,8,140,3,0,2585.0,9.2,525,0,5,417190,3389530,498,0,12,-87.29,533,-675.0,4035.0,4091.069542307977,-27,139.49685853869101,-35,3,3,0.490166040753177
451,3221001,417865.0,3385495.0,8,140,3,0,2585.0,9.2,525,0,5,417185,3389535,498,0,5,-89.75,533,-680.0,4040.0,4096.828041302198,-27,139.55428967240175,-35,3,3,0.4894770972108226
452,3221001,417865.0,3385495.0,8,140,3,0,2585.0,9.2,525,0,5,417175,3389545,497,0,6,-91.0,533,-690.0,4050.0,4108.357335967747,-28,139.66866866108364,-36,3,3,0.5020486544141228
453,3221001,417865.0,3385495.0,8,140,3,0,2585.0,9.2,525,0,5,417200,3389520,499,0,12,-85.0,533,-665.0,4025.0,4079.5649277833536,-26,139.38151016074823,-34,3,3,0.47750469383106264
454,3221001,417865.0,3385495.0,8,140,3,0,2585.0,9.2,525,0,5,417135,3389585,496,0,5,-93.0,533,-730.0,4090.0,4154.635964798841,-29,140.11982306613015,-37,3,3,0.5102463409867048
455,3221001,417865.0,3385495.0,8,140,3,0,2585.0,9.2,525,0,5,417160,3389560,496,0,6,-86.75,533,-705.0,4065.0,4125.68176184252,-29,139.83903738600105,-37,3,3,0.5138270793043315
456,3221001,417865.0,3385495.0,8,140,3,0,2585.0,9.2,525,0,5,417765,3385695,532,0,6,-102.0,533,-100.0,200.0,223.60679774997897,7,156.56505117707798,-1,3,3,0.256232807420578
457,3221001,417865.0,3385495.0,8,140,3,0,2585.0,9.2,525,0,5,417770,3385690,532,0,6,-101.0,533,-95.0,195.0,216.91011963483862,7,155.97439396243135,-1,3,3,0.26414338664096704
458,3221001,417865.0,3385495.0,8,140,3,0,2585.0,9.2,525,0,5,417965,3385490,525,0,10,-97.0,533,100.0,-5.0,100.12492197250393,0,37.13759477388825,-8,3,3,4.568238725439983
459,3221001,417865.0,3385495.0,8,140,3,0,2585.0,9.2,525,0,5,418005,3385530,524,0,5,-94.5,533,140.0,35.0,144.30869689661813,-1,54.03624346792648,-9,3,3,3.5687038773555995
460,3221001,417865.0,3385495.0,8,140,3,0,2585.0,9.2,525,0,5,417980,3385505,525,0,10,-94.0,533,115.0,10.0,115.43396380615195,0,44.96974072811031,-8,3,3,3.964470108715351
461,3221001,417865.0,3385495.0,8,140,3,0,2585.0,9.2,525,0,5,417950,3385475,525,0,5,-100.11,533,85.0,-20.0,87.32124598286491,0,26.759480084812793,-8,3,3,5.234582114494074
462,3221001,417865.0,3385495.0,8,140,3,0,2585.0,9.2,525,0,5,418010,3385535,523,0,5,-93.33,533,145.0,40.0,150.41608956491322,-2,55.42216131873866,-10,3,3,3.8035551357729256
463,3221001,417865.0,3385495.0,8,140,3,0,2585.0,9.2,525,0,5,417940,3385465,524,99,6,-89.21,533,75.0,-30.0,80.77747210701756,-1,18.198590513648185,-9,3,3,6.357515056182176
464,3221001,417865.0,3385495.0,8,140,3,0,2585.0,9.2,525,0,5,417935,3385460,524,99,6,-97.4,533,70.0,-35.0,78.26237921249263,-1,13.434948822922024,-9,3,3,6.560070960259124
465,3221001,417865.0,3385495.0,8,140,3,0,2585.0,9.2,525,0,5,417930,3385455,524,99,5,-95.21,533,65.0,-40.0,76.32168761236873,-1,8.392497753751115,-9,3,3,6.725369746059648
466,3221001,417865.0,3385495.0,8,140,3,0,2585.0,9.2,525,0,5,417920,3385445,523,0,5,-92.88,533,55.0,-50.0,74.33034373659252,-2,-2.273689006093747,-10,3,3,7.662255660766065
467,3221001,417865.0,3385495.0,8,140,3,0,2585.0,9.2,525,0,5,417925,3385450,523,0,5,-98.36,533,60.0,-45.0,75.0,-2,3.13010235415598,-10,3,3,7.594643368591445
468,3221001,417865.0,3385495.0,8,140,3,0,2585.0,9.2,525,0,5,418050,3385575,521,0,6,-105.33,533,185.0,80.0,201.55644370746373,-4,63.385221057213755,-12,3,3,3.4071781525391116
469,3221001,417865.0,3385495.0,8,140,3,0,2585.0,9.2,525,0,5,417990,3385515,525,0,10,-94.0,533,125.0,20.0,126.58988901172162,0,49.09027692082233,-8,3,3,3.616066782090651
470,3221001,417865.0,3385495.0,8,140,3,0,2585.0,9.2,525,0,5,418070,3385595,522,102,6,-103.0,533,205.0,100.0,228.08989455914087,-3,66.00334584451144,-11,3,3,2.7610413910159686
471,3221001,417865.0,3385495.0,8,140,3,0,2585.0,9.2,525,0,5,417945,3385470,524,0,5,-96.38,533,80.0,-25.0,83.81527307120105,-1,22.64597536373867,-9,3,3,6.1288795245713965
472,3221001,417865.0,3385495.0,8,140,3,0,2585.0,9.2,525,0,5,416860,3389185,510,0,5,-90.0,533,-1005.0,3690.0,3824.411719467453,-15,145.23540911335942,-23,3,3,0.3445724828569562
473,3221001,417865.0,3385495.0,8,140,3,0,2585.0,9.2,525,0,5,417970,3385495,525,0,10,-101.25,533,105.0,0.0,105.0,0,40.0,-8,3,3,4.356975005846297
474,3221001,417865.0,3385495.0,8,140,3,0,2585.0,9.2,525,0,5,418045,3385570,521,0,5,-98.5,533,180.0,75.0,195.0,-4,62.61986494804043,-12,3,3,3.521453376922238
475,3221001,417865.0,3385495.0,8,140,3,0,2585.0,9.2,525,0,5,418085,3385290,513,0,5,-91.5,533,220.0,-205.0,300.70749907509787,-12,-2.9786350596439775,-20,3,3,3.805127542769144
476,3221001,417865.0,3385495.0,8,140,3,0,2585.0,9.2,525,0,5,418025,3385550,522,0,5,-111.0,533,160.0,55.0,169.1892431568863,-3,58.970407808486556,-11,3,3,3.719904206283326
477,3221001,417865.0,3385495.0,8,140,3,0,2585.0,9.2,525,0,5,417960,3385485,525,0,10,-93.2,533,95.0,-10.0,95.524865872714,0,33.99099404250546,-8,3,3,4.787225868685119
478,3221001,417865.0,3385495.0,8,140,3,0,2585.0,9.2,525,0,5,417955,3385480,525,0,10,-87.5,533,90.0,-15.0,91.2414379544733,0,30.537677791974374,-8,3,3,5.010848607411935
479,3221001,417865.0,3385495.0,8,140,3,0,2585.0,9.2,525,0,5,417995,3385520,524,0,10,-89.75,533,130.0,25.0,132.38202294873727,-1,50.88552705465872,-9,3,3,3.8892724419309603
480,3221001,417865.0,3385495.0,8,140,3,0,2585.0,9.2,525,0,5,417280,3389800,504,0,6,-98.5,533,-585.0,4305.0,4344.565570917304,-21,137.7384380871439,-29,3,3,0.3824439755441713
481,3221001,417865.0,3385495.0,8,140,3,0,2585.0,9.2,525,0,5,417730,3385200,517,0,5,-108.0,533,-135.0,-295.0,324.4225639501667,-8,-74.59011716619602,-16,3,3,2.8234481797670528
482,3221001,417865.0,3385495.0,8,140,3,0,2585.0,9.2,525,0,5,417720,3385190,517,0,5,-100.0,533,-145.0,-305.0,337.71289581536564,-8,-75.4268741695898,-16,3,3,2.7125037201202065
483,3221001,417865.0,3385495.0,8,140,3,0,2585.0,9.2,525,0,5,417905,3385595,526,0,10,-96.0,533,40.0,100.0,107.70329614269008,1,108.19859051364818,-7,3,3,3.718615606722657
484,3221001,417865.0,3385495.0,8,140,3,0,2585.0,9.2,525,0,5,417815,3385485,527,0,5,-97.5,533,-50.0,-10.0,50.99019513592785,2,-128.6900675259798,-6,3,3,6.711115269369334
485,3221001,417865.0,3385495.0,8,140,3,0,2585.0,9.2,525,0,5,417870,3385550,527,0,5,-101.5,533,5.0,55.0,55.226805085936306,2,124.80557109226521,-6,3,3,6.2004604317364675
486,3221001,417865.0,3385495.0,8,140,3,0,2585.0,9.2,525,0,5,417890,3385570,526,0,10,-106.17,533,25.0,75.0,79.05694150420949,1,111.56505117707798,-7,3,3,5.059988675900263
487,3221001,417865.0,3385495.0,8,140,3,0,2585.0,9.2,525,0,5,417915,3385585,526,0,10,-115.0,533,50.0,90.0,102.95630140987001,1,100.94539590092285,-7,3,3,3.8895546741819005
488,3221001,417865.0,3385495.0,8,140,3,0,2585.0,9.2,525,0,5,417830,3385510,527,0,10,-86.85,533,-35.0,15.0,38.07886552931954,2,196.80140948635182,-6,3,3,8.95434473505222
489,3221001,417865.0,3385495.0,8,140,3,0,2585.0,9.2,525,0,5,417845,3385535,527,5,5,-96.33,533,-20.0,40.0,44.721359549995796,2,156.56505117707798,-6,3,3,7.641405059952685
490,3221001,417865.0,3385495.0,8,140,3,0,2585.0,9.2,525,0,5,417840,3385540,528,5,5,-104.08,533,-25.0,45.0,51.478150704935004,3,159.05460409907715,-5,3,3,5.54765627378992
491,3221001,417865.0,3385495.0,8,140,3,0,2585.0,9.2,525,0,5,417820,3385520,528,0,5,-90.9,533,-45.0,25.0,51.478150704935004,3,190.94539590092285,-5,3,3,5.54765627378992
492,3221001,417865.0,3385495.0,8,140,3,0,2585.0,9.2,525,0,5,417875,3385545,526,0,5,-93.5,533,10.0,50.0,50.99019513592785,1,118.69006752597977,-7,3,3,7.816777766952081
493,3221001,417865.0,3385495.0,8,140,3,0,2585.0,9.2,525,0,5,417825,3385515,527,0,10,-85.72,533,-40.0,20.0,44.721359549995796,2,193.43494882292202,-6,3,3,7.641405059952685
494,3221001,417865.0,3385495.0,8,140,3,0,2585.0,9.2,525,0,5,417850,3385530,527,0,5,-88.0,533,-15.0,35.0,38.07886552931954,2,153.19859051364818,-6,3,3,8.95434473505222
495,3221001,417865.0,3385495.0,8,140,3,0,2585.0,9.2,525,0,5,417835,3385505,527,0,10,-81.94,533,-30.0,10.0,31.622776601683793,2,201.56505117707798,-6,3,3,10.743403801775964
496,3221001,417865.0,3385495.0,8,140,3,0,2585.0,9.2,525,0,5,417865,3385555,527,0,5,-101.0,533,0.0,60.0,60.0,2,130.0,-6,3,3,5.710593137499642
497,3221001,417865.0,3385495.0,8,140,3,0,2585.0,9.2,525,0,5,417880,3385580,527,0,5,-109.0,533,15.0,85.0,86.31338250816034,2,119.99202019855863,-6,3,3,3.976469650581785
498,3221001,417865.0,3385495.0,8,140,3,0,2585.0,9.2,525,0,5,417860,3385560,527,5,5,-95.4,533,-5.0,65.0,65.19202405202648,2,134.3987053549955,-6,3,3,5.2584488321218466
499,3221001,417865.0,3385495.0,8,140,3,0,2585.0,9.2,525,0,5,417780,3385480,527,5,5,-111.5,533,-85.0,-15.0,86.31338250816034,2,-129.9920201985587,-6,3,3,3.976469650581785
500,3221001,417865.0,3385495.0,8,140,3,0,2585.0,9.2,525,0,5,417790,3385470,527,0,10,-86.5,533,-75.0,-25.0,79.05694150420949,2,-121.565051177078,-6,3,3,4.340123649491708
501,3221001,417865.0,3385495.0,8,140,3,0,2585.0,9.2,525,0,5,417855,3385525,527,0,5,-90.75,533,-10.0,30.0,31.622776601683793,2,148.43494882292202,-6,3,3,10.743403801775964
502,3221001,417865.0,3385495.0,8,140,3,0,2585.0,9.2,525,0,5,417965,3385580,526,0,5,-106.0,533,100.0,85.0,131.24404748406687,1,80.36453657309735,-7,3,3,3.053020714996012
503,3221001,417865.0,3385495.0,8,140,3,0,2585.0,9.2,525,0,5,417925,3385540,526,0,5,-89.5,533,60.0,45.0,75.0,1,76.86989764584402,-7,3,3,5.3321588816595575
504,3221001,417865.0,3385495.0,8,140,3,0,2585.0,9.2,525,0,5,417995,3385590,524,0,5,-99.67,533,130.0,95.0,161.01242188104618,-1,76.15818543980834,-9,3,3,3.1992933823730243
505,3221001,417865.0,3385495.0,8,140,3,0,2585.0,9.2,525,0,5,417980,3385595,525,0,5,-109.5,533,115.0,100.0,152.3975065412817,0,81.00908690157021,-8,3,3,3.0049435109966804
506,3221001,417865.0,3385495.0,8,140,3,0,2585.0,9.2,525,0,5,417975,3385570,525,0,5,-103.0,533,110.0,75.0,133.13526955694348,0,74.28687697720898,-8,3,3,3.438726285305418
507,3221001,417865.0,3385495.0,8,140,3,0,2585.0,9.2,525,0,5,418005,3385460,522,0,5,-108.0,533,140.0,-35.0,144.30869689661813,-3,25.963756532073518,-11,3,3,4.358969118707916
508,3221001,417865.0,3385495.0,8,140,3,0,2585.0,9.2,525,0,5,417970,3385565,526,0,5,-98.6,533,105.0,70.0,126.19429464123962,1,73.69006752597977,-7,3,3,3.17494432830295
509,3221001,417865.0,3385495.0,8,140,3,0,2585.0,9.2,525,0,5,417920,3385535,526,99,10,-84.0,533,55.0,40.0,68.00735254367721,1,76.0273733851036,-7,3,3,5.876761625993374
510,3221001,417865.0,3385495.0,8,140,3,0,2585.0,9.2,525,0,5,417935,3385530,527,0,10,-96.88,533,70.0,35.0,78.26237921249263,2,66.56505117707798,-6,3,3,4.384016024696988
511,3221001,417865.0,3385495.0,8,140,3,0,2585.0,9.2,525,0,5,418000,3385455,522,0,5,-95.75,533,135.0,-40.0,140.80127840328723,-3,23.495638618244982,-11,3,3,4.467118666046207
512,3221001,417865.0,3385495.0,8,140,3,0,2585.0,9.2,525,0,5,416905,3389160,509,0,5,-90.5,533,-960.0,3665.0,3788.6442166030847,-16,144.67813475637809,-24,3,3,0.3629478611637292
513,3221001,417865.0,3385495.0,8,140,3,0,2585.0,9.2,525,0,5,417950,3385545,526,0,5,-94.17,533,85.0,50.0,98.6154146165801,1,70.46554491945989,-7,3,3,4.060205814092888
514,3221001,417865.0,3385495.0,8,140,3,0,2585.0,9.2,525,0,5,417930,3385525,527,0,10,-96.31,533,65.0,30.0,71.58910531638176,2,64.77514056883192,-6,3,3,4.790856308572945
515,3221001,417865.0,3385495.0,8,140,3,0,2585.0,9.2,525,0,5,417875,3385385,521,0,5,-105.5,533,10.0,-110.0,110.45361017187261,-4,-44.8055710922652,-12,3,3,6.2004604317364675
516,3221001,417865.0,3385495.0,8,140,3,0,2585.0,9.2,525,0,5,417885,3385415,522,0,5,-89.7,533,20.0,-80.0,82.46211251235322,-3,-35.96375653207353,-11,3,3,7.5980919959588045
517,3221001,417865.0,3385495.0,8,140,3,0,2585.0,9.2,525,0,5,417880,3385420,522,0,5,-88.07,533,15.0,-75.0,76.48529270389177,-3,-38.690067525979785,-11,3,3,8.184075096297432
518,3221001,417865.0,3385495.0,8,140,3,0,2585.0,9.2,525,0,5,417755,3385585,532,0,5,-110.5,533,-110.0,90.0,142.12670403551894,7,180.7105931374997,-1,3,3,0.4031250457474671
519,3221001,417865.0,3385495.0,8,140,3,0,2585.0,9.2,525,0,5,417910,3385430,523,0,10,-91.0,533,45.0,-65.0,79.05694150420949,-2,-15.304846468766044,-10,3,3,7.209120586689089
520,3221001,417865.0,3385495.0,8,140,3,0,2585.0,9.2,525,0,5,417900,3385440,523,0,10,-87.03,533,35.0,-55.0,65.19202405202648,-2,-17.528807709151508,-10,3,3,8.720796928163413
521,3221001,417865.0,3385495.0,8,140,3,0,2585.0,9.2,525,0,5,417890,3385410,522,93,5,-87.22,533,25.0,-85.0,88.60022573334675,-3,-33.61045966596522,-11,3,3,7.077238762037613
522,3221001,417865.0,3385495.0,8,140,3,0,2585.0,9.2,525,0,5,417905,3385435,523,0,10,-94.5,533,40.0,-60.0,72.11102550927978,-2,-16.309932474020215,-10,3,3,7.895142105045789
523,3221001,417865.0,3385495.0,8,140,3,0,2585.0,9.2,525,0,5,417915,3385425,522,0,10,-89.7,533,50.0,-70.0,86.02325267042627,-3,-14.462322208025626,-11,3,3,7.2870032507045
524,3221001,417865.0,3385495.0,8,140,3,0,2585.0,9.2,525,0,5,417860,3385400,522,0,5,-94.0,533,-5.0,-95.0,95.13148795220224,-3,-53.012787504183336,-11,3,3,6.595786981229663
525,3221001,417865.0,3385495.0,8,140,3,0,2585.0,9.2,525,0,5,417830,3385350,521,0,10,-110.5,533,-35.0,-145.0,149.164338901763,-4,-63.57043438516149,-12,3,3,4.599436030506371
526,3221001,417865.0,3385495.0,8,140,3,0,2585.0,9.2,525,0,5,417835,3385345,521,0,10,-110.67,533,-30.0,-150.0,152.97058540778355,-4,-61.309932474020215,-12,3,3,4.48546483215546
527,3221001,417865.0,3385495.0,8,140,3,0,2585.0,9.2,525,0,5,417840,3385380,522,0,5,-113.0,533,-25.0,-115.0,117.6860229593982,-3,-62.264773727892404,-11,3,3,5.33986725558571
528,3221001,417865.0,3385495.0,8,140,3,0,2585.0,9.2,525,0,5,417895,3385405,522,93,5,-86.83,533,30.0,-90.0,94.86832980505137,-3,-31.56505117707799,-11,3,3,6.613921355308278
529,3221001,417865.0,3385495.0,8,140,3,0,2585.0,9.2,525,0,5,417865,3385395,522,0,5,-103.25,533,0.0,-100.0,100.0,-3,-50.0,-11,3,3,6.2772984895975545
530,3221001,417865.0,3385495.0,8,140,3,0,2585.0,9.2,525,0,5,417870,3385390,522,0,5,-97.5,533,5.0,-105.0,105.11898020814318,-3,-47.27368900609373,-11,3,3,5.973879289183663
531,3221001,417865.0,3385495.0,8,140,3,0,2585.0,9.2,525,0,5,417845,3385375,522,0,5,-105.25,533,-20.0,-120.0,121.6552506059644,-3,-59.462322208025626,-11,3,3,5.166602880862358
532,3221001,417865.0,3385495.0,8,140,3,0,2585.0,9.2,525,0,5,417900,3385405,522,0,5,-93.78,533,35.0,-90.0,96.56603957913983,-3,-28.74949449286676,-11,3,3,6.4986466923580455
533,3221001,417865.0,3385495.0,8,140,3,0,2585.0,9.2,525,0,5,417875,3385380,521,0,5,-95.0,533,10.0,-115.0,115.43396380615195,-4,-45.030259271889705,-12,3,3,5.934895954608181
534,3221001,417865.0,3385495.0,8,140,3,0,2585.0,9.2,525,0,5,417840,3385385,522,0,5,-97.0,533,-25.0,-110.0,112.80514172678478,-3,-62.804266065286754,-11,3,3,5.569491116534267
535,3221001,417865.0,3385495.0,8,140,3,0,2585.0,9.2,525,0,5,417915,3385420,522,0,10,-88.92,533,50.0,-75.0,90.13878188659973,-3,-16.309932474020215,-11,3,3,6.957633327104099
536,3221001,417865.0,3385495.0,8,140,3,0,2585.0,9.2,525,0,5,417815,3385360,522,0,10,-115.25,533,-50.0,-135.0,143.96180048887967,-3,-70.32313682966294,-11,3,3,4.369432045972333
537,3221001,417865.0,3385495.0,8,140,3,0,2585.0,9.2,525,0,5,417885,3385430,523,0,10,-88.91,533,20.0,-65.0,68.00735254367721,-2,-32.897271030947635,-10,3,3,8.364994453540968
538,3221001,417865.0,3385495.0,8,140,3,0,2585.0,9.2,525,0,5,417695,3385560,532,0,5,-109.0,533,-170.0,65.0,182.00274723201295,7,199.07549825507886,-1,3,3,0.31480405561781755
539,3221001,417865.0,3385495.0,8,140,3,0,2585.0,9.2,525,0,5,417890,3385435,523,0,10,-85.04,533,25.0,-60.0,65.0,-2,-27.38013505195957,-10,3,3,8.74616226255521
540,3221001,417865.0,3385495.0,8,140,3,0,2585.0,9.2,525,0,5,417880,3385425,523,0,5,-86.83,533,15.0,-70.0,71.58910531638176,-2,-37.905242922987895,-10,3,3,7.951967926347943
541,3221001,417865.0,3385495.0,8,140,3,0,2585.0,9.2,525,0,5,417895,3385440,523,0,10,-83.37,533,30.0,-55.0,62.64982043070834,-2,-21.38954033403479,-10,3,3,9.068900168866097
542,3221001,417865.0,3385495.0,8,140,3,0,2585.0,9.2,525,0,5,417905,3385410,522,0,10,-91.45,533,40.0,-85.0,93.94147114027967,-3,-24.79887635452492,-11,3,3,6.6785899240715185
543,3221001,417865.0,3385495.0,8,140,3,0,2585.0,9.2,525,0,5,417910,3385415,522,0,10,-95.36,533,45.0,-80.0,91.7877987534291,-3,-20.642246457208728,-11,3,3,6.833828481222442
544,3221001,417865.0,3385495.0,8,140,3,0,2585.0,9.2,525,0,5,417855,3385400,522,0,5,-94.75,533,-10.0,-95.0,95.524865872714,-3,-56.00900595749452,-11,3,3,6.568862953914157
545,3221001,417865.0,3385495.0,8,140,3,0,2585.0,9.2,525,0,5,417230,3389690,499,0,6,-101.0,533,-635.0,4195.0,4242.787998474588,-26,138.60755613146557,-34,3,3,0.4591355509180355
546,3221001,417865.0,3385495.0,8,140,3,0,2585.0,9.2,525,0,5,417195,3389645,495,0,6,-90.17,533,-670.0,4150.0,4203.736433222235,-30,139.17102822436937,-38,3,3,0.5179155152491043
547,3221001,417865.0,3385495.0,8,140,3,0,2585.0,9.2,525,0,5,417190,3389650,495,0,6,-94.0,533,-675.0,4155.0,4209.471463259966,-30,139.22736719428934,-38,3,3,0.5172099398349539
548,3221001,417865.0,3385495.0,8,140,3,0,2585.0,9.2,525,0,5,417265,3389735,501,0,5,-103.0,533,-600.0,4240.0,4282.242403227543,-24,138.05441444638177,-32,3,3,0.42814736885024596
549,3221001,417865.0,3385495.0,8,140,3,0,2585.0,9.2,525,0,5,417150,3389610,494,0,6,-87.0,533,-715.0,4115.0,4176.655360452906,-31,139.85699265985875,-39,3,3,0.5349903853048984
550,3221001,417865.0,3385495.0,8,140,3,0,2585.0,9.2,525,0,5,416955,3389665,499,0,6,-97.0,533,-910.0,4170.0,4268.137767223547,-26,142.31040045885135,-34,3,3,0.45640872089369044
551,3221001,417865.0,3385495.0,8,140,3,0,2585.0,9.2,525,0,5,416945,3389675,498,0,5,-101.5,533,-920.0,4180.0,4280.046728716872,-27,142.41264815311763,-35,3,3,0.46852469418084836
552,3221001,417865.0,3385495.0,8,140,3,0,2585.0,9.2,525,0,5,417050,3389295,512,0,6,-90.0,533,-815.0,3800.0,3886.415443567504,-13,142.10505373958665,-21,3,3,0.3095911071127517
553,3221001,417865.0,3385495.0,8,140,3,0,2585.0,9.2,525,0,5,417055,3389300,512,0,6,-93.5,533,-810.0,3805.0,3890.260274069076,-13,142.0176084079552,-21,3,3,0.3092851373026826
554,3221001,417865.0,3385495.0,8,140,3,0,2585.0,9.2,525,0,5,417060,3389305,512,0,6,-92.0,533,-805.0,3810.0,3894.114148301254,-13,141.93033595680038,-21,3,3,0.3089790541075058
555,3221001,417865.0,3385495.0,8,140,3,0,2585.0,9.2,525,0,5,416835,3389310,509,0,5,-91.0,533,-1030.0,3815.0,3951.5977781145693,-16,145.10887521542992,-24,3,3,0.34798121620706873
556,3221001,417865.0,3385495.0,8,140,3,0,2585.0,9.2,525,0,5,417995,3385350,518,0,5,-92.25,533,130.0,-145.0,194.74342094150447,-7,-8.122130462115706,-15,3,3,4.404477963548305
557,3221001,417865.0,3385495.0,8,140,3,0,2585.0,9.2,525,0,5,417985,3385360,519,0,5,-90.8,533,120.0,-135.0,180.62391868188442,-6,-8.366460663429791,-14,3,3,4.432083822299809
558,3221001,417865.0,3385495.0,8,140,3,0,2585.0,9.2,525,0,5,418010,3385365,518,0,5,-92.33,533,145.0,-130.0,194.74342094150447,-7,-1.877869537884294,-15,3,3,4.404477963548305
559,3221001,417865.0,3385495.0,8,140,3,0,2585.0,9.2,525,0,5,418005,3385380,519,0,6,-91.5,533,140.0,-115.0,181.1767093199344,-6,0.5993393365205861,-14,3,3,4.418614667748868
560,3221001,417865.0,3385495.0,8,140,3,0,2585.0,9.2,525,0,5,418000,3385375,519,0,5,-90.0,533,135.0,-120.0,180.62391868188442,-6,-1.6335393365702089,-14,3,3,4.432083822299809
561,3221001,417865.0,3385495.0,8,140,3,0,2585.0,9.2,525,0,5,417090,3389325,512,0,5,-87.0,533,-775.0,3830.0,3907.623958366516,-13,141.43933301075236,-21,3,3,0.30791084286940257
562,3221001,417865.0,3385495.0,8,140,3,0,2585.0,9.2,525,0,5,416870,3389180,510,0,5,-91.5,533,-995.0,3685.0,3816.9686925622013,-15,145.11029971581115,-23,3,3,0.345244377349373
563,3221001,417865.0,3385495.0,8,140,3,0,2585.0,9.2,525,0,5,417970,3385520,526,0,5,-96.25,533,105.0,25.0,107.93516572461452,1,53.39249775375109,-7,3,3,3.710649506616812
564,3221001,417865.0,3385495.0,8,140,3,0,2585.0,9.2,525,0,5,418015,3385555,523,0,10,-100.0,533,150.0,60.0,161.55494421403512,-2,61.801409486351815,-10,3,3,3.5420007022170665
565,3221001,417865.0,3385495.0,8,140,3,0,2585.0,9.2,525,0,5,417980,3385490,524,0,5,-94.25,533,115.0,-5.0,115.10864433221339,-1,37.51044707800085,-9,3,3,4.470690043051321
566,3221001,417865.0,3385495.0,8,140,3,0,2585.0,9.2,525,0,5,418005,3385545,524,0,10,-86.33,533,140.0,50.0,148.66068747318505,-1,59.65382405805332,-9,3,3,3.4644895826518587
567,3221001,417865.0,3385495.0,8,140,3,0,2585.0,9.2,525,0,5,417975,3385515,526,0,10,-96.67,533,110.0,20.0,111.80339887498948,1,50.304846468766044,-7,3,3,3.582606829366999
568,3221001,417865.0,3385495.0,8,140,3,0,2585.0,9.2,525,0,5,417940,3385450,523,99,6,-96.75,533,75.0,-45.0,87.46427842267951,-2,9.036243467926482,-10,3,3,6.522441584995145
569,3221001,417865.0,3385495.0,8,140,3,0,2585.0,9.2,525,0,5,417950,3385460,524,99,6,-99.33,533,85.0,-35.0,91.92388155425118,-1,17.61986494804043,-9,3,3,5.591841224030371
570,3221001,417865.0,3385495.0,8,140,3,0,2585.0,9.2,525,0,5,417925,3385465,524,99,6,-93.58,533,60.0,-30.0,67.08203932499369,-1,13.434948822922024,-9,3,3,7.641405059952685
571,3221001,417865.0,3385495.0,8,140,3,0,2585.0,9.2,525,0,5,418275,3385135,515,0,6,-106.5,533,410.0,-360.0,545.6189146281496,-10,-1.2847108945712193,-18,3,3,1.8895058485471916
572,3221001,417865.0,3385495.0,8,140,3,0,2585.0,9.2,525,0,5,418065,3385565,521,0,6,-88.0,533,200.0,70.0,211.8962010041709,-4,59.290046219188724,-12,3,3,3.241283905498512
573,3221001,417865.0,3385495.0,8,140,3,0,2585.0,9.2,525,0,5,417945,3385445,523,0,6,-98.8,533,80.0,-50.0,94.33981132056604,-2,7.994616791916513,-10,3,3,6.050746015911744
574,3221001,417865.0,3385495.0,8,140,3,0,2585.0,9.2,525,0,5,417990,3385500,524,0,5,-93.33,533,125.0,5.0,125.09996003196804,-1,42.29061004263852,-9,3,3,4.114910408388507
575,3221001,417865.0,3385495.0,8,140,3,0,2585.0,9.2,525,0,5,418050,3385600,522,102,5,-110.5,533,185.0,105.0,212.72047386182646,-3,69.57783868126134,-11,3,3,2.960188503862791
576,3221001,417865.0,3385495.0,8,140,3,0,2585.0,9.2,525,0,5,417955,3385455,524,0,6,-98.6,533,90.0,-40.0,98.48857801796105,-1,16.03751102542182,-9,3,3,5.221253337254093
577,3221001,417865.0,3385495.0,8,140,3,0,2585.0,9.2,525,0,5,418040,3385590,522,0,10,-96.75,533,175.0,95.0,199.12307751739877,-3,68.49563861824498,-11,3,3,3.1619319989884143
578,3221001,417865.0,3385495.0,8,140,3,0,2585.0,9.2,525,0,5,417930,3385480,525,0,6,-103.0,533,65.0,-15.0,66.70832032063167,0,27.005383208083487,-8,3,3,6.838541159976503
579,3221001,417865.0,3385495.0,8,140,3,0,2585.0,9.2,525,0,5,417965,3385505,526,0,10,-97.0,533,100.0,10.0,100.4987562112089,1,45.71059313749964,-7,3,3,3.984365154091055
580,3221001,417865.0,3385495.0,8,140,3,0,2585.0,9.2,525,0,5,418045,3385585,522,102,10,-99.57,533,180.0,90.0,201.24611797498108,-3,66.56505117707798,-11,3,3,3.128641902680973
581,3221001,417865.0,3385495.0,8,140,3,0,2585.0,9.2,525,0,5,417935,3385475,525,99,6,-95.27,533,70.0,-20.0,72.80109889280519,0,24.054604099077153,-8,3,3,6.2709835451627045
582,3221001,417865.0,3385495.0,8,140,3,0,2585.0,9.2,525,0,5,417920,3385470,524,99,6,-86.83,533,55.0,-25.0,60.41522986797286,-1,15.556045219583467,-9,3,3,8.472988173639854
583,3221001,417865.0,3385495.0,8,140,3,0,2585.0,9.2,525,0,5,417215,3389535,499,0,12,-91.67,533,-650.0,4040.0,4091.955522729933,-26,139.14005123413284,-34,3,3,0.4760588583376401
584,3221001,417865.0,3385495.0,8,140,3,0,2585.0,9.2,525,0,5,417245,3389565,497,0,5,-93.83,533,-620.0,4070.0,4116.952756590728,-28,138.66151481978113,-36,3,3,0.5010005250277281
585,3221001,417865.0,3385495.0,8,140,3,0,2585.0,9.2,525,0,5,417230,3389560,497,0,12,-92.5,533,-635.0,4065.0,4114.298239068237,-28,138.87850929574984,-36,3,3,0.5013237507009601
586,3221001,417865.0,3385495.0,8,140,3,0,2585.0,9.2,525,0,5,417135,3389455,503,0,6,-89.22,533,-730.0,3960.0,4026.7232335982567,-22,140.4448403204861,-30,3,3,0.4268586352263948
587,3221001,417865.0,3385495.0,8,140,3,0,2585.0,9.2,525,0,5,417195,3389515,499,0,12,-86.8,533,-670.0,4020.0,4075.450895299807,-26,139.46232220802563,-34,3,3,0.4779866966259825
588,3221001,417865.0,3385495.0,8,140,3,0,2585.0,9.2,525,0,5,417235,3389555,498,0,12,-89.0,533,-630.0,4060.0,4108.588565432173,-27,138.82037955202105,-35,3,3,0.48807607390483004
589,3221001,417865.0,3385495.0,8,140,3,0,2585.0,9.2,525,0,5,417015,3389655,500,0,5,-113.0,533,-850.0,4160.0,4245.951012435259,-25,141.5481121716004,-33,3,3,0.4453001574595906
590,3221001,417865.0,3385495.0,8,140,3,0,2585.0,9.2,525,0,5,417220,3389550,498,0,12,-92.67,533,-645.0,4055.0,4105.97735015672,-27,139.03791678866412,-35,3,3,0.488386453110095
591,3221001,417865.0,3385495.0,8,140,3,0,2585.0,9.2,525,0,5,417145,3389465,502,0,5,-90.44,533,-720.0,3970.0,4034.7614551544434,-23,140.27944377501348,-31,3,3,0.4402079864197399
592,3221001,417865.0,3385495.0,8,140,3,0,2585.0,9.2,525,0,5,417190,3389520,499,0,12,-82.29,533,-675.0,4025.0,4081.2069293286268,-26,139.52002186577414,-34,3,3,0.47731258713913616
593,3221001,417865.0,3385495.0,8,140,3,0,2585.0,9.2,525,0,5,417200,3389530,498,0,12,-89.25,533,-665.0,4035.0,4089.431500832359,-27,139.3586716646904,-35,3,3,0.49036236953524603
594,3221001,417865.0,3385495.0,8,140,3,0,2585.0,9.2,525,0,5,417180,3389510,499,0,12,-88.75,533,-685.0,4015.0,4073.014853888947,-26,139.68202240485687,-34,3,3,0.4782725638166921
595,3221001,417865.0,3385495.0,8,140,3,0,2585.0,9.2,525,0,5,417185,3389505,500,0,12,-91.5,533,-680.0,4010.0,4067.2472263190493,-25,139.62443594542253,-33,3,3,0.4648645952642216
596,3221001,417865.0,3385495.0,8,140,3,0,2585.0,9.2,525,0,5,417210,3389540,498,0,12,-86.67,533,-655.0,4045.0,4097.688372729191,-27,139.19797043711378,-35,3,3,0.4893743338943606
597,3221001,417865.0,3385495.0,8,140,3,0,2585.0,9.2,525,0,5,417140,3389470,502,0,6,-89.0,533,-725.0,3975.0,4040.575454065918,-23,140.33655414649934,-31,3,3,0.43957459439866703
598,3221001,417865.0,3385495.0,8,140,3,0,2585.0,9.2,525,0,5,417125,3389445,504,0,6,-94.5,533,-740.0,3950.0,4018.718701277809,-21,140.61089713199942,-29,3,3,0.4134523684373927
599,3221001,417865.0,3385495.0,8,140,3,0,2585.0,9.2,525,0,5,417155,3389475,501,0,5,-92.5,533,-710.0,3980.0,4042.833164997042,-24,140.11470630555255,-32,3,3,0.45350044919827365
600,3221001,417865.0,3385495.0,8,140,3,0,2585.0,9.2,525,0,5,417240,3389570,497,0,5,-91.0,533,-625.0,4075.0,4122.650846239589,-28,138.71974650623736,-36,3,3,0.5003081062900995
601,3221001,417865.0,3385495.0,8,140,3,0,2585.0,9.2,525,0,5,417150,3389480,501,0,5,-85.71,533,-715.0,3985.0,4048.6355726343163,-24,140.1719392323065,-32,3,3,0.4528505302914165
602,3221001,417865.0,3385495.0,8,140,3,0,2585.0,9.2,525,0,5,418120,3385250,512,0,5,-104.5,533,255.0,-245.0,353.62409420173844,-13,-3.854237161824898,-21,3,3,3.398523924085208
603,3221001,417865.0,3385495.0,8,140,3,0,2585.0,9.2,525,0,5,418125,3385245,513,0,14,-108.67,533,260.0,-250.0,360.69377593742865,-12,-3.8766972859245925,-20,3,3,3.1737263952670887
604,3221001,417865.0,3385495.0,8,140,3,0,2585.0,9.2,525,0,5,417130,3389380,508,0,6,-82.67,533,-735.0,3885.0,3953.915780590173,-17,140.71312302279102,-25,3,3,0.36226755436881886
605,3221001,417865.0,3385495.0,8,140,3,0,2585.0,9.2,525,0,5,417190,3389560,496,0,5,-91.75,533,-675.0,4065.0,4120.661354685677,-29,139.4280338940381,-37,3,3,0.5144530668252005
606,3221001,417865.0,3385495.0,8,140,3,0,2585.0,9.2,525,0,5,417165,3389525,498,0,6,-87.56,533,-700.0,4030.0,4090.3422839659765,-27,139.85380657054793,-35,3,3,0.4902531874806825
607,3221001,417865.0,3385495.0,8,140,3,0,2585.0,9.2,525,0,5,417185,3389545,497,0,5,-84.57,533,-680.0,4050.0,4106.689664437769,-28,139.5311321583464,-36,3,3,0.5022525191895534
608,3221001,417865.0,3385495.0,8,140,3,0,2585.0,9.2,525,0,5,417195,3389555,497,0,5,-90.67,533,-670.0,4060.0,4114.911906711977,-28,139.37075891479685,-36,3,3,0.501248990785391
609,3221001,417865.0,3385495.0,8,140,3,0,2585.0,9.2,525,0,5,417170,3389540,497,0,6,-93.07,533,-695.0,4045.0,4104.27216446473,-28,139.74920034099046,-36,3,3,0.5025483409937831
610,3221001,417865.0,3385495.0,8,140,3,0,2585.0,9.2,525,0,5,417145,3389585,495,0,6,-95.67,533,-720.0,4090.0,4152.890559598218,-30,139.9840033293384,-38,3,3,0.5242562568475253
611,3221001,417865.0,3385495.0,8,140,3,0,2585.0,9.2,525,0,5,417180,3389550,497,0,5,-88.5,533,-685.0,4055.0,4112.450607606127,-28,139.58829713488086,-36,3,3,0.5015489726711438
612,3221001,417865.0,3385495.0,8,140,3,0,2585.0,9.2,525,0,5,417175,3389535,498,0,5,-90.21,533,-690.0,4040.0,4098.499725509323,-27,139.69214760802606,-35,3,3,0.4892774604166756
613,3221001,417865.0,3385495.0,8,140,3,0,2585.0,9.2,525,0,5,417140,3389590,495,0,6,-91.71,533,-725.0,4095.0,4158.683685975648,-30,140.03990389871615,-38,3,3,0.5235259984721468
614,3221001,417865.0,3385495.0,8,140,3,0,2585.0,9.2,525,0,5,417120,3389340,511,0,5,-88.0,533,-745.0,3845.0,3916.509925941718,-14,140.9656455040971,-22,3,3,0.3218411074117654
615,3221001,417865.0,3385495.0,8,140,3,0,2585.0,9.2,525,0,5,417135,3389325,511,0,7,-95.5,533,-730.0,3830.0,3898.9485762189784,-14,140.79117198624743,-22,3,3,0.32329068912285813
616,3221001,417865.0,3385495.0,8,140,3,0,2585.0,9.2,525,0,5,416935,3389680,498,0,5,-98.0,533,-930.0,4185.0,4287.088172641193,-27,142.52880770915152,-35,3,3,0.4677551873447507
617,3221001,417865.0,3385495.0,8,140,3,0,2585.0,9.2,525,0,5,416970,3389675,499,0,6,-99.5,533,-895.0,4180.0,4274.7426823143405,-26,142.08539578643075,-34,3,3,0.45570355245548183
618,3221001,417865.0,3385495.0,8,140,3,0,2585.0,9.2,525,0,5,417160,3389465,502,0,5,-98.5,533,-705.0,3970.0,4032.11172960274,-23,140.0697164841572,-31,3,3,0.4404972602495585
619,3221001,417865.0,3385495.0,8,140,3,0,2585.0,9.2,525,0,5,417255,3389560,498,0,5,-95.5,533,-610.0,4065.0,4110.513958132243,-27,138.5342117653339,-35,3,3,0.48784746680355895
620,3221001,417865.0,3385495.0,8,140,3,0,2585.0,9.2,525,0,5,417230,3389575,496,0,5,-93.0,533,-635.0,4080.0,4129.11915546161,-29,138.8463849379782,-37,3,3,0.5133993533709493
621,3221001,417865.0,3385495.0,8,140,3,0,2585.0,9.2,525,0,5,417175,3389480,501,0,12,-86.2,533,-690.0,3985.0,4044.295365079064,-24,139.82332742361143,-32,3,3,0.45333649462661413
622,3221001,417865.0,3385495.0,8,140,3,0,2585.0,9.2,525,0,5,417245,3389550,498,0,12,-91.67,533,-620.0,4055.0,4102.124449599256,-27,138.69306638347837,-35,3,3,0.488845145474625
623,3221001,417865.0,3385495.0,8,140,3,0,2585.0,9.2,525,0,5,417205,3389590,495,0,5,-98.0,533,-660.0,4095.0,4147.845826450159,-30,139.15574843012115,-38,3,3,0.5248938372073155
624,3221001,417865.0,3385495.0,8,140,3,0,2585.0,9.2,525,0,5,417150,3389495,500,0,6,-87.14,533,-715.0,4000.0,4063.4006693901106,-25,140.1345865641482,-33,3,3,0.4653046329796554
625,3221001,417865.0,3385495.0,8,140,3,0,2585.0,9.2,525,0,5,417220,3389565,497,0,12,-91.17,533,-645.0,4070.0,4120.791792847584,-28,139.00515433584627,-36,3,3,0.5005338037333482
626,3221001,417865.0,3385495.0,8,140,3,0,2585.0,9.2,525,0,5,416965,3389670,499,0,6,-99.67,533,-900.0,4175.0,4270.9044709522595,-26,142.16502987028696,-34,3,3,0.4561130705570854
627,3221001,417865.0,3385495.0,8,140,3,0,2585.0,9.2,525,0,5,417170,3389475,501,0,12,-87.33,533,-695.0,3980.0,4040.2258600231744,-24,139.9052919417992,-32,3,3,0.4537930973289391
628,3221001,417865.0,3385495.0,8,140,3,0,2585.0,9.2,525,0,5,417155,3389500,500,0,6,-88.55,533,-710.0,4005.0,4067.44698797661,-25,140.05286005820568,-33,3,3,0.46484176569878105
629,3221001,417865.0,3385495.0,8,140,3,0,2585.0,9.2,525,0,5,417225,3389570,497,0,12,-91.33,533,-640.0,4075.0,4124.951514866569,-28,138.92568950688405,-36,3,3,0.500029076415533
630,3221001,417865.0,3385495.0,8,140,3,0,2585.0,9.2,525,0,5,417140,3389485,501,0,6,-86.0,533,-725.0,3990.0,4055.332908652507,-24,140.2985280105304,-32,3,3,0.45210268387728453
631,3221001,417865.0,3385495.0,8,140,3,0,2585.0,9.2,525,0,5,417145,3389490,500,0,6,-86.5,533,-720.0,3995.0,4059.3626347001814,-25,140.2164758312074,-33,3,3,0.46576747251476047
632,3221001,417865.0,3385495.0,8,140,3,0,2585.0,9.2,525,0,5,416960,3389665,499,0,6,-106.25,533,-905.0,4170.0,4267.074524776899,-26,142.24480706087616,-34,3,3,0.45652244109855844
633,3221001,417865.0,3385495.0,8,140,3,0,2585.0,9.2,525,0,5,417720,3385170,517,0,5,-109.5,533,-145.0,-325.0,355.8791929854849,-8,-74.04422326936782,-16,3,3,2.5742318427893762
634,3221001,417865.0,3385495.0,8,140,3,0,2585.0,9.2,525,0,5,417740,3385190,517,0,5,-117.0,533,-125.0,-305.0,329.6209944769902,-8,-72.28558764683277,-16,3,3,2.7789901287054195
635,3221001,417865.0,3385495.0,8,140,3,0,2585.0,9.2,525,0,5,417795,3385655,531,0,5,-105.25,533,-70.0,160.0,174.64249196572982,6,153.6293777306568,-2,3,3,0.6561206763800611
636,3221001,417865.0,3385495.0,8,140,3,0,2585.0,9.2,525,0,5,417920,3385385,521,0,5,-97.8,533,55.0,-110.0,122.98373876248843,-4,-23.43494882292201,-12,3,3,5.572929936990125
637,3221001,417865.0,3385495.0,8,140,3,0,2585.0,9.2,525,0,5,417960,3385425,522,99,6,-90.0,533,95.0,-70.0,118.00423721205946,-3,3.6156481841641153,-11,3,3,5.325550491411934
638,3221001,417865.0,3385495.0,8,140,3,0,2585.0,9.2,525,0,5,417975,3385440,523,99,6,-90.2,533,110.0,-55.0,122.98373876248843,-2,13.434948822922024,-10,3,3,4.648582565221096
639,3221001,417865.0,3385495.0,8,140,3,0,2585.0,9.2,525,0,5,417940,3385365,520,0,5,-94.0,533,75.0,-130.0,150.08331019803634,-5,-20.01836063115067,-13,3,3,4.950521626816357
640,3221001,417865.0,3385495.0,8,140,3,0,2585.0,9.2,525,0,5,417930,3385395,521,0,6,-92.33,533,65.0,-100.0,119.26860441876563,-4,-16.97613244420336,-12,3,3,5.745378860313134
641,3221001,417865.0,3385495.0,8,140,3,0,2585.0,9.2,525,0,5,417950,3385375,520,0,5,-93.33,533,85.0,-120.0,147.05441169852742,-5,-14.688786560366808,-13,3,3,5.051965759437245
642,3221001,417865.0,3385495.0,8,140,3,0,2585.0,9.2,525,0,5,417945,3385370,520,0,5,-90.67,533,80.0,-125.0,148.4082207965583,-5,-17.380756928807173,-13,3,3,5.00611598586019
643,3221001,417865.0,3385495.0,8,140,3,0,2585.0,9.2,525,0,5,417985,3385410,521,0,6,-95.11,533,120.0,-85.0,147.05441169852742,-4,4.688786560366793,-12,3,3,4.665139207305234
644,3221001,417865.0,3385495.0,8,140,3,0,2585.0,9.2,525,0,5,417955,3385380,520,0,5,-92.46,533,90.0,-115.0,146.03081866510234,-5,-11.952957468173906,-13,3,3,5.087191995241959
645,3221001,417865.0,3385495.0,8,140,3,0,2585.0,9.2,525,0,5,417970,3385435,523,99,6,-90.4,533,105.0,-60.0,120.93386622447825,-2,10.255118703057775,-10,3,3,4.727023601589911
646,3221001,417865.0,3385495.0,8,140,3,0,2585.0,9.2,525,0,5,417935,3385400,521,0,6,-94.71,533,70.0,-95.0,118.00423721205946,-4,-13.615648184164115,-12,3,3,5.806519826424583
647,3221001,417865.0,3385495.0,8,140,3,0,2585.0,9.2,525,0,5,417980,3385405,521,0,6,-90.6,533,115.0,-90.0,146.03081866510234,-4,1.9529574681739064,-12,3,3,4.697693335964966
648,3221001,417865.0,3385495.0,8,140,3,0,2585.0,9.2,525,0,5,417990,3385415,521,0,6,-94.6,533,125.0,-80.0,148.4082207965583,-4,7.380756928807159,-12,3,3,4.622768174025732
649,3221001,417865.0,3385495.0,8,140,3,0,2585.0,9.2,525,0,5,417995,3385420,521,0,5,-92.67,533,130.0,-75.0,150.08331019803634,-4,10.01836063115067,-12,3,3,4.571393072334779
650,3221001,417865.0,3385495.0,8,140,3,0,2585.0,9.2,525,0,5,416875,3389420,503,0,5,-89.0,533,-990.0,3925.0,4047.928482569819,-22,144.15639621468108,-30,3,3,0.4246225998390186
651,3221001,417865.0,3385495.0,8,140,3,0,2585.0,9.2,525,0,5,417605,3385540,529,102,6,-113.0,533,-260.0,45.0,263.86549603917524,4,210.1806993612421,-4,3,3,0.8684938663585117
652,3221001,417865.0,3385495.0,8,140,3,0,2585.0,9.2,525,0,5,417835,3385430,524,0,5,-93.67,533,-30.0,-65.0,71.58910531638176,-1,-74.77514056883193,-9,3,3,7.165487395024589
653,3221001,417865.0,3385495.0,8,140,3,0,2585.0,9.2,525,0,5,417830,3385425,524,0,5,-81.0,533,-35.0,-70.0,78.26237921249263,-1,-76.56505117707799,-9,3,3,6.560070960259124
654,3221001,417865.0,3385495.0,8,140,3,0,2585.0,9.2,525,0,5,417865,3385320,519,0,10,-108.5,533,0.0,-175.0,175.0,-6,-50.0,-14,3,3,4.573921259900861
655,3221001,417865.0,3385495.0,8,140,3,0,2585.0,9.2,525,0,5,417810,3385405,524,0,5,-92.0,533,-55.0,-90.0,105.47511554864494,-1,-81.42956561483851,-9,3,3,4.877131042153257
656,3221001,417865.0,3385495.0,8,140,3,0,2585.0,9.2,525,0,5,417915,3385350,519,0,6,-94.0,533,50.0,-145.0,153.37861650177967,-6,-30.97439396243132,-14,3,3,5.215357303802298
657,3221001,417865.0,3385495.0,8,140,3,0,2585.0,9.2,525,0,5,417825,3385440,525,93,5,-109.33,533,-40.0,-55.0,68.00735254367721,0,-86.02737338510362,-8,3,3,6.709117994108565
658,3221001,417865.0,3385495.0,8,140,3,0,2585.0,9.2,525,0,5,417640,3385575,531,0,5,-100.5,533,-225.0,80.0,238.79907872519107,6,200.42687416958984,-2,3,3,0.4798547817750647
659,3221001,417865.0,3385495.0,8,140,3,0,2585.0,9.2,525,0,5,417820,3385605,530,0,14,-96.0,533,-45.0,110.0,118.84864324004712,5,152.24902365721238,-3,3,3,1.4459638811115492
660,3221001,417865.0,3385495.0,8,140,3,0,2585.0,9.2,525,0,5,417825,3385610,530,0,14,-116.5,533,-40.0,115.0,121.75795661885921,5,149.17900802581073,-3,3,3,1.4114278253613135
661,3221001,417865.0,3385495.0,8,140,3,0,2585.0,9.2,525,0,5,417795,3385660,531,0,5,-100.5,533,-70.0,165.0,179.2344832893492,6,152.98871680208066,-2,3,3,0.6393122640723722
662,3221001,417865.0,3385495.0,8,140,3,0,2585.0,9.2,525,0,5,416835,3389215,512,0,5,-95.5,533,-1030.0,3720.0,3859.961139700761,-13,145.47643735956888,-21,3,3,0.31171285286885086
663,3221001,417865.0,3385495.0,8,140,3,0,2585.0,9.2,525,0,5,417925,3385545,526,99,5,-92.5,533,60.0,50.0,78.10249675906654,1,79.80557109226518,-7,3,3,5.1214969436711675
664,3221001,417865.0,3385495.0,8,140,3,0,2585.0,9.2,525,0,5,417920,3385550,526,99,5,-93.0,533,55.0,55.0,77.78174593052023,1,85.0,-7,3,3,5.142503598812721
665,3221001,417865.0,3385495.0,8,140,3,0,2585.0,9.2,525,0,5,417955,3385535,527,0,5,-101.0,533,90.0,40.0,98.48857801796105,2,63.96248897457818,-6,3,3,3.4861944426277125
666,3221001,417865.0,3385495.0,8,140,3,0,2585.0,9.2,525,0,5,417980,3385570,525,0,5,-110.5,533,115.0,75.0,137.2953021774598,0,73.11134196037204,-8,3,3,3.3347720629680144
667,3221001,417865.0,3385495.0,8,140,3,0,2585.0,9.2,525,0,5,417935,3385555,526,0,5,-96.5,533,70.0,60.0,92.19544457292888,1,80.60129464500449,-7,3,3,4.341889436871616
668,3221001,417865.0,3385495.0,8,140,3,0,2585.0,9.2,525,0,5,417945,3385525,527,0,5,-97.0,533,80.0,30.0,85.44003745317531,2,60.55604521958347,-6,3,3,4.016983658795792
669,3221001,417865.0,3385495.0,8,140,3,0,2585.0,9.2,525,0,5,418005,3385465,522,0,6,-96.5,533,140.0,-30.0,143.17821063276352,-3,27.905242922987895,-11,3,3,4.393251834828562
670,3221001,417865.0,3385495.0,8,140,3,0,2585.0,9.2,525,0,5,418000,3385470,522,99,6,-107.75,533,135.0,-25.0,137.2953021774598,-3,29.508522987668414,-11,3,3,4.580711660829153
671,3221001,417865.0,3385495.0,8,140,3,0,2585.0,9.2,525,0,5,418020,3385450,521,0,5,-104.67,533,155.0,-45.0,161.40012391568973,-4,23.81079374297306,-12,3,3,4.252082571553907
672,3221001,417865.0,3385495.0,8,140,3,0,2585.0,9.2,525,0,5,416820,3389210,511,0,5,-87.0,533,-1045.0,3715.0,3859.1773734825924,-14,145.71087097316683,-22,3,3,0.32662232723095536
673,3221001,417865.0,3385495.0,8,140,3,0,2585.0,9.2,525,0,5,417940,3385530,527,0,5,-93.0,533,75.0,35.0,82.76472678623425,2,65.01689347810003,-6,3,3,4.146383964588246
674,3221001,417865.0,3385495.0,8,140,3,0,2585.0,9.2,525,0,5,417950,3385540,527,0,5,-110.73,533,85.0,45.0,96.17692030835673,2,67.89727103094762,-6,3,3,3.569772628929599
675,3221001,417865.0,3385495.0,8,140,3,0,2585.0,9.2,525,0,5,417995,3385575,524,0,5,-79.5,533,130.0,80.0,152.64337522473747,-1,71.60750224624888,-9,3,3,3.374307662566872
676,3221001,417865.0,3385495.0,8,140,3,0,2585.0,9.2,525,0,5,417215,3389650,496,0,6,-89.33,533,-650.0,4155.0,4205.535043249551,-29,138.8911752247567,-37,3,3,0.5040712122610969
677,3221001,417865.0,3385495.0,8,140,3,0,2585.0,9.2,525,0,5,417235,3389670,498,0,5,-93.0,533,-630.0,4175.0,4222.2653872062565,-27,138.58108979730565,-35,3,3,0.47493612292179366
678,3221001,417865.0,3385495.0,8,140,3,0,2585.0,9.2,525,0,5,417220,3389675,498,0,6,-97.0,533,-645.0,4180.0,4229.4710071118825,-27,138.77191085848187,-35,3,3,0.4741270257992203
679,3221001,417865.0,3385495.0,8,140,3,0,2585.0,9.2,525,0,5,417110,3389465,502,0,6,-87.75,533,-755.0,3970.0,4041.153919365111,-23,140.76771730907387,-31,3,3,0.43951167457954765
680,3221001,417865.0,3385495.0,8,140,3,0,2585.0,9.2,525,0,5,417115,3389470,502,0,6,-84.67,533,-750.0,3975.0,4045.1359680485402,-23,140.6849124000027,-31,3,3,0.43907903440511575
681,3221001,417865.0,3385495.0,8,140,3,0,2585.0,9.2,525,0,5,417115,3389455,503,0,6,-84.0,533,-750.0,3960.0,4030.397002777766,-22,140.72444853747118,-30,3,3,0.4264695613584067
682,3221001,417865.0,3385495.0,8,140,3,0,2585.0,9.2,525,0,5,417235,3389655,497,0,5,-96.67,533,-630.0,4160.0,4207.433897282285,-28,138.61156815999436,-36,3,3,0.49022700761310467
683,3221001,417865.0,3385495.0,8,140,3,0,2585.0,9.2,525,0,5,417225,3389645,496,0,6,-90.0,533,-640.0,4150.0,4199.05941848886,-29,138.7669103259297,-37,3,3,0.5048485309127873
684,3221001,417865.0,3385495.0,8,140,3,0,2585.0,9.2,525,0,5,417220,3389650,496,0,6,-94.25,533,-645.0,4155.0,4204.765153965201,-29,138.82386194304047,-37,3,3,0.5041635025509715
685,3221001,417865.0,3385495.0,8,140,3,0,2585.0,9.2,525,0,5,417110,3389460,503,0,6,-81.5,533,-755.0,3965.0,4036.242064098733,-22,140.78097772040792,-30,3,3,0.4258519946145639
686,3221001,417865.0,3385495.0,8,140,3,0,2585.0,9.2,525,0,5,417900,3385615,526,0,5,-104.0,533,35.0,120.0,125.0,1,113.73979529168804,-7,3,3,3.205215931013497
687,3221001,417865.0,3385495.0,8,140,3,0,2585.0,9.2,525,0,5,417910,3385605,526,0,10,-105.0,533,45.0,110.0,118.84864324004712,1,107.75097634278762,-7,3,3,3.370738057292884
688,3221001,417865.0,3385495.0,8,140,3,0,2585.0,9.2,525,0,5,418170,3385205,514,0,5,-112.0,533,305.0,-290.0,420.86221023037933,-11,-3.5558744690641504,-19,3,3,2.584886721184376
689,3221001,417865.0,3385495.0,8,140,3,0,2585.0,9.2,525,0,5,417945,3385585,526,99,5,-95.67,533,80.0,90.0,120.41594578792295,1,88.36646066342979,-7,3,3,3.3269646081713313
690,3221001,417865.0,3385495.0,8,140,3,0,2585.0,9.2,525,0,5,417975,3385535,526,0,5,-104.33,533,110.0,40.0,117.04699910719626,1,59.98310652189997,-7,3,3,3.4224996907491523
691,3221001,417865.0,3385495.0,8,140,3,0,2585.0,9.2,525,0,5,417935,3385575,526,99,5,-92.0,533,70.0,80.0,106.30145812734649,1,88.81407483429035,-7,3,3,3.7675140955309305
692,3221001,417865.0,3385495.0,8,140,3,0,2585.0,9.2,525,0,5,417980,3385550,525,0,5,-104.33,533,115.0,55.0,127.47548783981962,0,65.55996517182382,-8,3,3,3.5910111760646792
693,3221001,417865.0,3385495.0,8,140,3,0,2585.0,9.2,525,0,5,417990,3385560,525,0,5,-85.75,533,125.0,65.0,140.8900280360537,0,67.47443162627712,-8,3,3,3.2498720785866895
694,3221001,417865.0,3385495.0,8,140,3,0,2585.0,9.2,525,0,5,417985,3385545,525,0,5,-96.0,533,120.0,50.0,130.0,0,62.61986494804043,-8,3,3,3.521453376922238
695,3221001,417865.0,3385495.0,8,140,3,0,2585.0,9.2,525,0,5,416845,3389205,511,0,5,-97.0,533,-1020.0,3710.0,3847.661627534313,-14,145.37266173752198,-22,3,3,0.32759986066605573
696,3221001,417865.0,3385495.0,8,140,3,0,2585.0,9.2,525,0,5,417995,3385555,524,0,5,-96.75,533,130.0,60.0,143.17821063276352,-1,64.77514056883192,-9,3,3,3.5968074633886675
697,3221001,417865.0,3385495.0,8,140,3,0,2585.0,9.2,525,0,5,417965,3385525,527,0,5,-95.0,533,100.0,30.0,104.4030650891055,2,56.699244233993625,-6,3,3,3.2891463241711154
698,3221001,417865.0,3385495.0,8,140,3,0,2585.0,9.2,525,0,5,418020,3385510,522,96,6,-97.0,533,155.0,15.0,155.72411502397438,-3,45.52754015165618,-11,3,3,4.040533124153573
699,3221001,417865.0,3385495.0,8,140,3,0,2585.0,9.2,525,0,5,417950,3385600,526,0,5,-91.0,533,85.0,105.0,135.09256086106296,1,91.00900595749454,-7,3,3,2.9662039292242457
700,3221001,417865.0,3385495.0,8,140,3,0,2585.0,9.2,525,0,5,416810,3389260,512,0,5,-90.0,533,-1055.0,3765.0,3910.019181538628,-13,145.65353515364689,-21,3,3,0.3077222246133789
701,3221001,417865.0,3385495.0,8,140,3,0,2585.0,9.2,525,0,5,416885,3389165,509,0,5,-94.75,533,-980.0,3670.0,3798.5918443549576,-16,144.95084935630143,-24,3,3,0.3619974105342278
702,3221001,417865.0,3385495.0,8,140,3,0,2585.0,9.2,525,0,5,418015,3385495,522,96,6,-102.0,533,150.0,0.0,150.0,-3,40.0,-11,3,3,4.194182788390857
703,3221001,417865.0,3385495.0,8,140,3,0,2585.0,9.2,525,0,5,416880,3389170,510,0,5,-96.5,533,-985.0,3675.0,3804.714181117946,-15,145.00417060493766,-23,3,3,0.3463563395278899
704,3221001,417865.0,3385495.0,8,140,3,0,2585.0,9.2,525,0,5,417075,3389375,509,0,6,-81.33,533,-790.0,3880.0,3959.6085665126043,-16,141.50857974969,-24,3,3,0.3472772235014024
705,3221001,417865.0,3385495.0,8,140,3,0,2585.0,9.2,525,0,5,417070,3389380,509,0,6,-85.0,533,-795.0,3885.0,3965.507533721251,-16,141.56495651470777,-24,3,3,0.34676063719415556
706,3221001,417865.0,3385495.0,8,140,3,0,2585.0,9.2,525,0,5,417105,3389405,507,0,6,-87.2,533,-760.0,3910.0,3983.1771238547753,-18,140.9996186324571,-26,3,3,0.3739901752209496
707,3221001,417865.0,3385495.0,8,140,3,0,2585.0,9.2,525,0,5,417100,3389410,507,0,6,-89.0,533,-765.0,3915.0,3989.0412381924557,-18,141.05641298024818,-26,3,3,0.3734404042706143
708,3221001,417865.0,3385495.0,8,140,3,0,2585.0,9.2,525,0,5,417110,3389420,506,0,6,-85.75,533,-755.0,3925.0,3996.9550910661983,-19,140.88823415503532,-27,3,3,0.3870352509823881
709,3221001,417865.0,3385495.0,8,140,3,0,2585.0,9.2,525,0,5,417115,3389415,506,0,6,-93.2,533,-750.0,3920.0,3991.102604544263,-19,140.83130564611417,-27,3,3,0.38760277573871915
710,3221001,417865.0,3385495.0,8,140,3,0,2585.0,9.2,525,0,5,417085,3389385,509,0,6,-85.5,533,-780.0,3890.0,3967.429898561536,-16,141.33825465634663,-24,3,3,0.3465926230871918
711,3221001,417865.0,3385495.0,8,140,3,0,2585.0,9.2,525,0,5,417095,3389395,508,0,6,-88.75,533,-770.0,3900.0,3975.2861532221805,-17,141.16860128678275,-25,3,3,0.3603201252624264
712,3221001,417865.0,3385495.0,8,140,3,0,2585.0,9.2,525,0,5,417090,3389400,507,0,6,-86.5,533,-775.0,3905.0,3981.1618907047728,-18,141.2252589698793,-26,3,3,0.37417948075431623
713,3221001,417865.0,3385495.0,8,140,3,0,2585.0,9.2,525,0,5,417795,3385670,531,0,5,-100.5,533,-70.0,175.0,188.48076824970764,6,151.80140948635182,-2,3,3,0.6079519916077499
714,3221001,417865.0,3385495.0,8,140,3,0,2585.0,9.2,525,0,5,417900,3385475,524,0,5,-83.38,533,35.0,-20.0,40.311288741492746,-1,10.255118703057775,-9,3,3,12.585595050151632
715,3221001,417865.0,3385495.0,8,140,3,0,2585.0,9.2,525,0,5,417810,3385525,528,0,5,-91.65,533,-55.0,30.0,62.64982043070834,3,191.3895403340348,-5,3,3,4.563029456305065
716,3221001,417865.0,3385495.0,8,140,3,0,2585.0,9.2,525,0,5,417905,3385480,525,0,5,-87.58,533,40.0,-15.0,42.720018726587654,0,19.443954780416533,-8,3,3,10.606693749208384
717,3221001,417865.0,3385495.0,8,140,3,0,2585.0,9.2,525,0,5,417840,3385495,526,0,10,-81.93,533,-25.0,0.0,25.0,1,220.0,-7,3,3,15.642246457208728
718,3221001,417865.0,3385495.0,8,140,3,0,2585.0,9.2,525,0,5,417815,3385530,528,0,5,-90.95,533,-50.0,35.0,61.032778078668514,3,185.00797980144137,-5,3,3,4.683394442175811
719,3221001,417865.0,3385495.0,8,140,3,0,2585.0,9.2,525,0,5,417910,3385465,524,0,5,-89.68,533,45.0,-30.0,54.08326913195984,-1,6.309932474020229,-9,3,3,9.448016435202305
720,3221001,417865.0,3385495.0,8,140,3,0,2585.0,9.2,525,0,5,417770,3385565,531,0,5,-102.25,533,-95.0,70.0,118.00423721205946,6,183.61564818416412,-2,3,3,0.9709870709911362
721,3221001,417865.0,3385495.0,8,140,3,0,2585.0,9.2,525,0,5,417820,3385555,529,5,5,-102.89,533,-45.0,60.0,75.0,4,166.86989764584405,-4,3,3,3.052882514792428
722,3221001,417865.0,3385495.0,8,140,3,0,2585.0,9.2,525,0,5,417850,3385485,526,0,10,-77.64,533,-15.0,-10.0,18.027756377319946,1,-106.30993247402023,-7,3,3,21.22070022359343
723,3221001,417865.0,3385495.0,8,140,3,0,2585.0,9.2,525,0,5,417805,3385540,529,0,5,-100.39,533,-60.0,45.0,75.0,4,183.13010235415595,-4,3,3,3.052882514792428
724,3221001,417865.0,3385495.0,8,140,3,0,2585.0,9.2,525,0,5,417885,3385460,524,0,10,-86.29,533,20.0,-35.0,40.311288741492746,-1,-20.255118703057775,-9,3,3,12.585595050151632
725,3221001,417865.0,3385495.0,8,140,3,0,2585.0,9.2,525,0,5,417760,3385575,531,0,5,-97.5,533,-105.0,80.0,132.00378782444085,6,182.6960517220166,-2,3,3,0.8680265449798902
726,3221001,417865.0,3385495.0,8,140,3,0,2585.0,9.2,525,0,5,417895,3385450,523,0,10,-84.22,533,30.0,-45.0,54.08326913195984,-2,-16.309932474020215,-10,3,3,10.4756816963899
727,3221001,417865.0,3385495.0,8,140,3,0,2585.0,9.2,525,0,5,417880,3385455,524,0,5,-83.65,533,15.0,-40.0,42.720018726587654,-1,-29.443954780416533,-9,3,3,11.896763927219828
728,3221001,417865.0,3385495.0,8,140,3,0,2585.0,9.2,525,0,5,417800,3385535,529,0,5,-95.52,533,-65.0,40.0,76.32168761236873,4,188.39249775375112,-4,3,3,3.000112179730742
729,3221001,417865.0,3385495.0,8,140,3,0,2585.0,9.2,525,0,5,417845,3385500,526,0,10,-80.29,533,-20.0,5.0,20.615528128088304,1,205.9637565320735,-7,3,3,18.754912214077386
730,3221001,417865.0,3385495.0,8,140,3,0,2585.0,9.2,525,0,5,417835,3385550,528,5,6,-104.21,533,-30.0,55.0,62.64982043070834,3,158.6104596659652,-5,3,3,4.563029456305065
731,3221001,417865.0,3385495.0,8,140,3,0,2585.0,9.2,525,0,5,417825,3385560,529,5,6,-108.32,533,-40.0,65.0,76.32168761236873,4,161.60750224624894,-4,3,3,3.000112179730742
732,3221001,417865.0,3385495.0,8,140,3,0,2585.0,9.2,525,0,5,417890,3385445,523,0,10,-84.78,533,25.0,-50.0,55.90169943749474,-2,-23.43494882292201,-10,3,3,10.142106156573984
733,3221001,417865.0,3385495.0,8,140,3,0,2585.0,9.2,525,0,5,417775,3385570,531,0,5,-98.0,533,-90.0,75.0,117.15374513859982,6,180.19442890773485,-2,3,3,0.978034707194246
734,3221001,417865.0,3385495.0,8,140,3,0,2585.0,9.2,525,0,5,417865,3385520,526,0,5,-93.5,533,0.0,25.0,25.0,1,130.0,-7,3,3,15.642246457208728
735,3221001,417865.0,3385495.0,8,140,3,0,2585.0,9.2,525,0,5,417855,3385490,526,0,10,-75.09,533,-10.0,-5.0,11.180339887498949,1,-113.434948822922,-7,3,3,32.05064263526879
736,3221001,417865.0,3385495.0,8,140,3,0,2585.0,9.2,525,0,5,417830,3385545,528,5,5,-102.31,533,-35.0,50.0,61.032778078668514,3,164.9920201985587,-5,3,3,4.683394442175811
737,3221001,417865.0,3385495.0,8,140,3,0,2585.0,9.2,525,0,5,417870,3385505,526,0,5,-76.29,533,5.0,10.0,11.180339887498949,1,103.43494882292202,-7,3,3,32.05064263526879
738,3221001,417865.0,3385495.0,8,140,3,0,2585.0,9.2,525,0,5,417860,3385515,526,0,5,-79.36,533,-5.0,20.0,20.615528128088304,1,144.0362434679265,-7,3,3,18.754912214077386
739,3221001,417865.0,3385495.0,8,140,3,0,2585.0,9.2,525,0,5,417875,3385510,526,99,5,-74.71,533,10.0,15.0,18.027756377319946,1,96.30993247402023,-7,3,3,21.22070022359343
740,3221001,417865.0,3385495.0,8,140,3,0,2585.0,9.2,525,0,5,417915,3385470,524,99,5,-81.5,533,50.0,-25.0,55.90169943749474,-1,13.434948822922024,-9,3,3,9.145960365565434
741,3221001,417865.0,3385495.0,8,140,3,0,2585.0,9.2,525,0,5,417810,3385465,526,0,10,-98.0,533,-55.0,-30.0,62.64982043070834,1,-111.38954033403479,-7,3,3,6.3753390975397295
742,3221001,417865.0,3385495.0,8,140,3,0,2585.0,9.2,525,0,5,417815,3385470,526,0,5,-105.5,533,-50.0,-25.0,55.90169943749474,1,-113.434948822922,-7,3,3,7.137416257938385
743,3221001,417865.0,3385495.0,8,140,3,0,2585.0,9.2,525,0,5,417890,3385545,526,0,5,-91.0,533,25.0,50.0,55.90169943749474,1,103.43494882292202,-7,3,3,7.137416257938385
744,3221001,417865.0,3385495.0,8,140,3,0,2585.0,9.2,525,0,5,417880,3385555,526,0,10,-83.67,533,15.0,60.0,61.84658438426491,1,115.96375653207355,-7,3,3,6.457444223434216
745,3221001,417865.0,3385495.0,8,140,3,0,2585.0,9.2,525,0,5,417870,3385565,527,0,5,-85.67,533,5.0,70.0,70.178344238091,2,125.91438322002512,-6,3,3,4.886702754092818
746,3221001,417865.0,3385495.0,8,140,3,0,2585.0,9.2,525,0,5,417875,3385570,527,0,5,-106.25,533,10.0,75.0,75.66372975210778,2,122.40535663140855,-6,3,3,4.533966392974848
747,3221001,417865.0,3385495.0,8,140,3,0,2585.0,9.2,525,0,5,417885,3385560,526,0,10,-107.33,533,20.0,65.0,68.00735254367721,1,112.89727103094765,-7,3,3,5.876761625993374
748,3221001,417865.0,3385495.0,8,140,3,0,2585.0,9.2,525,0,5,417905,3385540,526,99,5,-83.5,533,40.0,45.0,60.207972893961475,1,88.36646066342979,-7,3,3,6.631644144241638
749,3221001,417865.0,3385495.0,8,140,3,0,2585.0,9.2,525,0,5,417845,3385600,529,0,14,-105.0,533,-20.0,105.0,106.88779163215975,4,140.7842978675626,-4,3,3,2.1431467411362894
750,3221001,417865.0,3385495.0,8,140,3,0,2585.0,9.2,525,0,5,417840,3385595,529,0,14,-105.0,533,-25.0,100.0,103.07764064044152,4,144.0362434679265,-4,3,3,2.222287777665383
751,3221001,417865.0,3385495.0,8,140,3,0,2585.0,9.2,525,0,5,417855,3385590,528,0,5,-107.75,533,-10.0,95.0,95.524865872714,3,136.00900595749454,-5,3,3,2.996263848313101
752,3221001,417865.0,3385495.0,8,140,3,0,2585.0,9.2,525,0,5,417865,3385580,527,5,5,-105.67,533,0.0,85.0,85.0,2,130.0,-6,3,3,4.037710620977124
753,3221001,417865.0,3385495.0,8,140,3,0,2585.0,9.2,525,0,5,417915,3385530,526,99,10,-87.25,533,50.0,35.0,61.032778078668514,1,74.99202019855866,-7,3,3,6.542805544472764
754,3221001,417865.0,3385495.0,8,140,3,0,2585.0,9.2,525,0,5,417835,3385450,525,93,5,-84.25,533,-30.0,-45.0,54.08326913195984,0,-83.69006752597979,-8,3,3,8.41418034588911
755,3221001,417865.0,3385495.0,8,140,3,0,2585.0,9.2,525,0,5,417830,3385445,525,93,5,-97.0,533,-35.0,-50.0,61.032778078668514,0,-84.99202019855868,-8,3,3,7.467591823369961
756,3221001,417865.0,3385495.0,8,140,3,0,2585.0,9.2,525,0,5,417850,3385585,528,0,5,-107.0,533,-15.0,90.0,91.2414379544733,3,139.46232220802563,-5,3,3,3.1366520947877183
757,3221001,417865.0,3385495.0,8,140,3,0,2585.0,9.2,525,0,5,417910,3385525,526,99,10,-91.76,533,45.0,30.0,54.08326913195984,1,73.69006752597977,-7,3,3,7.374796534888486
758,3221001,417865.0,3385495.0,8,140,3,0,2585.0,9.2,525,0,5,417860,3385575,527,5,5,-105.71,533,-5.0,80.0,80.15609770940699,2,133.57633437499737,-6,3,3,4.280831619793325
759,3221001,417865.0,3385495.0,8,140,3,0,2585.0,9.2,525,0,5,417780,3385495,528,5,5,-116.0,533,-85.0,0.0,85.0,3,220.0,-5,3,3,3.3664606634298013
760,3221001,417865.0,3385495.0,8,140,3,0,2585.0,9.2,525,0,5,417895,3385550,526,0,5,-96.4,533,30.0,55.0,62.64982043070834,1,101.38954033403479,-7,3,3,6.3753390975397295
761,3221001,417865.0,3385495.0,8,140,3,0,2585.0,9.2,525,0,5,417900,3385535,526,99,5,-80.8,533,35.0,40.0,53.150729063673246,1,88.81407483429035,-7,3,3,7.502727203722649
762,3221001,417865.0,3385495.0,8,140,3,0,2585.0,9.2,525,0,5,417825,3385460,526,93,5,-93.33,533,-40.0,-35.0,53.150729063673246,1,-98.81407483429035,-7,3,3,7.502727203722649
763,3221001,417865.0,3385495.0,8,140,3,0,2585.0,9.2,525,0,5,417800,3385475,527,0,10,-97.5,533,-65.0,-20.0,68.00735254367721,2,-122.89727103094762,-6,3,3,5.041908719993159
764,3221001,417865.0,3385495.0,8,140,3,0,2585.0,9.2,525,0,5,417805,3385480,527,0,10,-92.0,533,-60.0,-15.0,61.84658438426491,2,-125.96375653207352,-6,3,3,5.541166443639222
765,3221001,417865.0,3385495.0,8,140,3,0,2585.0,9.2,525,0,5,417165,3389565,496,0,6,-92.0,533,-700.0,4070.0,4129.757862151242,-29,139.75883434346684,-37,3,3,0.5133199554826042
766,3221001,417865.0,3385495.0,8,140,3,0,2585.0,9.2,525,0,5,417160,3389570,496,0,6,-88.6,533,-705.0,4075.0,4135.535031891279,-29,139.81536269428568,-37,3,3,0.5126029072317325
767,3221001,417865.0,3385495.0,8,140,3,0,2585.0,9.2,525,0,5,417145,3389545,497,0,6,-86.0,533,-720.0,4050.0,4113.502157529518,-28,140.08059798754232,-36,3,3,0.5014207663807098
768,3221001,417865.0,3385495.0,8,140,3,0,2585.0,9.2,525,0,5,417190,3389600,493,0,6,-88.5,533,-675.0,4105.0,4160.126200008841,-32,139.33779097265693,-40,3,3,0.550887268234583
769,3221001,417865.0,3385495.0,8,140,3,0,2585.0,9.2,525,0,5,417185,3389585,494,0,6,-88.75,533,-680.0,4090.0,4146.14278577089,-31,139.43960381924273,-39,3,3,0.5389272913968739
770,3221001,417865.0,3385495.0,8,140,3,0,2585.0,9.2,525,0,5,417170,3389580,495,0,6,-90.17,533,-695.0,4085.0,4143.700037406183,-30,139.65554271175438,-38,3,3,0.52541896623805
771,3221001,417865.0,3385495.0,8,140,3,0,2585.0,9.2,525,0,5,417155,3389555,497,0,6,-85.33,533,-710.0,4060.0,4121.613761622988,-28,139.91939890579846,-36,3,3,0.5004339879195245
772,3221001,417865.0,3385495.0,8,140,3,0,2585.0,9.2,525,0,5,417195,3389595,494,0,5,-95.43,533,-670.0,4100.0,4154.383227387671,-31,139.28093530465725,-39,3,3,0.5378583631157821
773,3221001,417865.0,3385495.0,8,140,3,0,2585.0,9.2,525,0,5,417180,3389590,494,0,6,-93.75,533,-685.0,4095.0,4151.897156722454,-31,139.49635256207972,-39,3,3,0.5381804027094151
774,3221001,417865.0,3385495.0,8,140,3,0,2585.0,9.2,525,0,5,417055,3389350,511,0,6,-76.33,533,-810.0,3855.0,3939.1782137902824,-14,141.8661847011009,-22,3,3,0.31998908794797004
775,3221001,417865.0,3385495.0,8,140,3,0,2585.0,9.2,525,0,5,417085,3389320,512,0,5,-90.5,533,-780.0,3825.0,3903.7193802833726,-13,141.5258160775307,-21,3,3,0.3082188155049731
776,3221001,417865.0,3385495.0,8,140,3,0,2585.0,9.2,525,0,5,417050,3389345,512,0,6,-80.5,533,-815.0,3850.0,3935.3176491866575,-13,141.95239497523477,-21,3,3,0.3057440482182475
777,3221001,417865.0,3385495.0,8,140,3,0,2585.0,9.2,525,0,5,417080,3389315,512,0,5,-89.5,533,-785.0,3820.0,3899.823713964517,-13,141.61247212381295,-21,3,3,0.3085266997960062
778,3221001,417865.0,3385495.0,8,140,3,0,2585.0,9.2,525,0,5,417060,3389335,512,0,6,-85.0,533,-805.0,3840.0,3923.4710397809745,-13,141.83977086760672,-21,3,3,0.3066672005010033
779,3221001,417865.0,3385495.0,8,140,3,0,2585.0,9.2,525,0,5,417045,3389360,511,0,6,-82.0,533,-820.0,3865.0,3951.028347152169,-14,141.978281815081,-22,3,3,0.31902937960372574
780,3221001,417865.0,3385495.0,8,140,3,0,2585.0,9.2,525,0,5,417115,3389345,511,0,7,-86.5,533,-750.0,3850.0,3922.3717314910377,-14,141.02345596374312,-22,3,3,0.3213601406591554
781,3221001,417865.0,3385495.0,8,140,3,0,2585.0,9.2,525,0,5,417060,3389320,512,0,6,-88.5,533,-805.0,3825.0,3908.7913733019827,-13,141.88488336544458,-21,3,3,0.3078188827813212
782,3221001,417865.0,3385495.0,8,140,3,0,2585.0,9.2,525,0,5,417100,3389380,509,0,6,-88.0,533,-765.0,3885.0,3959.6022527521623,-16,141.1396631995877,-24,3,3,0.34727777723669084
783,3221001,417865.0,3385495.0,8,140,3,0,2585.0,9.2,525,0,5,417090,3389390,508,0,6,-85.57,533,-775.0,3895.0,3971.353673497237,-17,141.25334406820969,-25,3,3,0.3606769089410759
784,3221001,417865.0,3385495.0,8,140,3,0,2585.0,9.2,525,0,5,417085,3389395,508,0,6,-84.2,533,-780.0,3900.0,3977.235220602372,-17,141.30993247402023,-25,3,3,0.36014355292988726
785,3221001,417865.0,3385495.0,8,140,3,0,2585.0,9.2,525,0,5,417095,3389385,509,0,6,-85.8,533,-770.0,3890.0,3965.4760117796704,-16,141.1965878552819,-24,3,3,0.34676339355974795
786,3221001,417865.0,3385495.0,8,140,3,0,2585.0,9.2,525,0,5,418590,3384805,511,0,5,-107.0,533,725.0,-690.0,1000.8621283673391,-14,-3.5830788255042876,-22,3,3,1.259218588429764
787,3221001,417865.0,3385495.0,8,140,3,0,2585.0,9.2,525,0,5,418595,3384810,511,0,5,-112.0,533,730.0,-685.0,1001.0619361458112,-14,-3.178486648398888,-22,3,3,1.25896733456207
788,3221001,417865.0,3385495.0,8,140,3,0,2585.0,9.2,525,0,5,417795,3385610,532,0,14,-103.0,533,-70.0,115.0,134.6291201783626,7,161.3286928678042,-1,3,3,0.42557453956893343
789,3221001,417865.0,3385495.0,8,140,3,0,2585.0,9.2,525,0,5,417800,3385675,531,0,5,-103.5,533,-65.0,180.0,191.3765920900464,6,149.85521436932106,-2,3,3,0.5987534125345767
790,3221001,417865.0,3385495.0,8,140,3,0,2585.0,9.2,525,0,5,417760,3385620,533,0,6,-103.5,533,-105.0,125.0,163.24827717314508,8,170.0302592718897,0,3,3,0.0
791,3221001,417865.0,3385495.0,8,140,3,0,2585.0,9.2,525,0,5,417865,3385615,528,0,5,-104.5,533,0.0,120.0,120.0,3,130.0,-5,3,3,2.3859440303888126
792,3221001,417865.0,3385495.0,8,140,3,0,2585.0,9.2,525,0,5,417775,3385705,532,0,6,-110.5,533,-90.0,210.0,228.47319317591726,7,153.19859051364818,-1,3,3,0.25077521282656395
793,3221001,417865.0,3385495.0,8,140,3,0,2585.0,9.2,525,0,5,417780,3385700,532,0,6,-108.67,533,-85.0,205.0,221.92341021172146,7,152.5205656028969,-1,3,3,0.2581764207500744
794,3221001,417865.0,3385495.0,8,140,3,0,2585.0,9.2,525,0,5,417765,3385715,532,111,5,-112.0,533,-100.0,220.0,241.66091947189145,7,154.44395478041656,-1,3,3,0.23709026933666646
795,3221001,417865.0,3385495.0,8,140,3,0,2585.0,9.2,525,0,5,417795,3385685,531,0,6,-105.5,533,-70.0,190.0,202.48456731316588,6,150.22485943116806,-2,3,3,0.5659089688168717
796,3221001,417865.0,3385495.0,8,140,3,0,2585.0,9.2,525,0,5,417735,3385625,533,0,6,-108.86,533,-130.0,130.0,183.84776310850236,8,175.0,0,3,3,0.0
797,3221001,417865.0,3385495.0,8,140,3,0,2585.0,9.2,525,0,5,418585,3384775,510,0,5,-110.5,533,720.0,-720.0,1018.2337649086285,-15,-5.0,-23,3,3,1.2939846605023926
798,3221001,417865.0,3385495.0,8,140,3,0,2585.0,9.2,525,0,5,418575,3384785,511,0,5,-109.33,533,710.0,-710.0,1004.0916292848975,-14,-5.0,-22,3,3,1.2551698099993234
799,3221001,417865.0,3385495.0,8,140,3,0,2585.0,9.2,525,0,5,418580,3384780,511,0,5,-108.38,533,715.0,-715.0,1011.1626970967629,-14,-5.0,-22,3,3,1.2463951773409303
800,3221001,417865.0,3385495.0,8,140,3,0,2585.0,9.2,525,0,5,417740,3385620,533,0,6,-109.0,533,-125.0,125.0,176.7766952966369,8,175.0,0,3,3,0.0
801,3221001,417865.0,3385495.0,8,140,3,0,2585.0,9.2,525,0,5,417730,3385630,534,0,6,-109.0,533,-135.0,135.0,190.91883092036784,9,175.0,1,3,3,-0.3001026943157541
802,3221001,417865.0,3385495.0,8,140,3,0,2585.0,9.2,525,0,5,416935,3389160,508,0,5,-98.5,533,-930.0,3665.0,3781.1539243992697,-17,144.23837655321552,-25,3,3,0.37881917652628566
803,3221001,417865.0,3385495.0,8,140,3,0,2585.0,9.2,525,0,5,417980,3385525,526,0,10,-93.0,533,115.0,30.0,118.84864324004712,1,54.620873988631644,-7,3,3,3.370738057292884
804,3221001,417865.0,3385495.0,8,140,3,0,2585.0,9.2,525,0,5,418005,3385510,523,0,5,-92.5,533,140.0,15.0,140.80127840328723,-2,46.11550356628541,-10,3,3,4.062444231274032
805,3221001,417865.0,3385495.0,8,140,3,0,2585.0,9.2,525,0,5,417985,3385530,525,0,10,-94.14,533,120.0,35.0,125.0,0,56.26020470831196,-8,3,3,3.661935575519803
806,3221001,417865.0,3385495.0,8,140,3,0,2585.0,9.2,525,0,5,418000,3385505,524,0,5,-101.33,533,135.0,10.0,135.36986370680884,-1,44.23639479905884,-9,3,3,3.8036844783760957
807,3221001,417865.0,3385495.0,8,140,3,0,2585.0,9.2,525,0,5,418010,3385515,523,96,6,-100.5,533,145.0,20.0,146.37281168304446,-2,47.85331330197823,-10,3,3,3.908300048289676
808,3221001,417865.0,3385495.0,8,140,3,0,2585.0,9.2,525,0,5,418030,3385495,521,0,5,-102.0,533,165.0,0.0,165.0,-4,40.0,-12,3,3,4.1596422937126425
809,3221001,417865.0,3385495.0,8,140,3,0,2585.0,9.2,525,0,5,417965,3385550,526,0,5,-102.75,533,100.0,55.0,114.12712210513327,1,68.81079374297306,-7,3,3,3.5098462097443237
810,3221001,417865.0,3385495.0,8,140,3,0,2585.0,9.2,525,0,5,417950,3385575,526,0,5,-97.5,533,85.0,80.0,116.72617529928752,1,83.2642954110716,-7,3,3,3.4318840347617168
811,3221001,417865.0,3385495.0,8,140,3,0,2585.0,9.2,525,0,5,417995,3385540,524,0,5,-95.75,533,130.0,45.0,137.56816492197603,-1,59.09349200048561,-9,3,3,3.7430768414253333
812,3221001,417865.0,3385495.0,8,140,3,0,2585.0,9.2,525,0,5,417970,3385555,526,0,5,-95.0,533,105.0,60.0,120.93386622447825,1,69.74488129694222,-7,3,3,3.3127481014175024
813,3221001,417865.0,3385495.0,8,140,3,0,2585.0,9.2,525,0,5,416900,3389165,509,0,5,-98.5,533,-965.0,3670.0,3794.7496623624593,-16,144.73203528391088,-24,3,3,0.3623639229491693
814,3221001,417865.0,3385495.0,8,140,3,0,2585.0,9.2,525,0,5,417990,3385535,525,0,10,-101.2,533,125.0,40.0,131.24404748406687,0,57.744671625056924,-8,3,3,3.4881567276089895
815,3221001,417865.0,3385495.0,8,140,3,0,2585.0,9.2,525,0,5,417960,3385545,527,0,5,-98.0,533,95.0,50.0,107.35455276791944,2,67.75854060106002,-6,3,3,3.1989086100107214
816,3221001,417865.0,3385495.0,8,140,3,0,2585.0,9.2,525,0,5,417170,3389630,495,0,6,-93.0,533,-695.0,4135.0,4193.0001192463615,-30,139.54094800783605,-38,3,3,0.5192415823537829
817,3221001,417865.0,3385495.0,8,140,3,0,2585.0,9.2,525,0,5,417255,3389705,500,0,5,-95.5,533,-610.0,4210.0,4253.962858323988,-25,138.2443889968249,-33,3,3,0.4444615199125008
818,3221001,417865.0,3385495.0,8,140,3,0,2585.0,9.2,525,0,5,417245,3389715,500,0,5,-100.0,533,-620.0,4220.0,4265.301865050116,-25,138.3580684437,-33,3,3,0.4432799972559962
819,3221001,417865.0,3385495.0,8,140,3,0,2585.0,9.2,525,0,5,417190,3389610,493,0,6,-91.0,533,-675.0,4115.0,4169.9940047918535,-32,139.3154971531768,-40,3,3,0.5495837377769098
820,3221001,417865.0,3385495.0,8,140,3,0,2585.0,9.2,525,0,5,417195,3389605,493,0,6,-89.0,533,-670.0,4110.0,4164.252634026903,-32,139.25874548254586,-40,3,3,0.5503414175674908
821,3221001,417865.0,3385495.0,8,140,3,0,2585.0,9.2,525,0,5,417225,3389575,496,0,5,-90.5,533,-640.0,4080.0,4129.891039724898,-29,138.91492695714788,-37,3,3,0.5133034032182394
822,3221001,417865.0,3385495.0,8,140,3,0,2585.0,9.2,525,0,5,417175,3389465,502,0,12,-82.33,533,-690.0,3970.0,4029.5160999802447,-23,139.8597161830868,-31,3,3,0.440780997207471
823,3221001,417865.0,3385495.0,8,140,3,0,2585.0,9.2,525,0,5,417200,3389600,494,0,5,-91.0,533,-665.0,4105.0,4158.51536007744,-31,139.2018371616632,-39,3,3,0.5373239484125368
824,3221001,417865.0,3385495.0,8,140,3,0,2585.0,9.2,525,0,5,417150,3389490,500,0,6,-87.57,533,-715.0,3995.0,4058.4787790501014,-25,140.14700725506418,-33,3,3,0.46586890290099175
825,3221001,417865.0,3385495.0,8,140,3,0,2585.0,9.2,525,0,5,417235,3389565,497,0,12,-95.5,533,-630.0,4070.0,4118.470589915631,-28,138.79904740492344,-36,3,3,0.5008158942196503
826,3221001,417865.0,3385495.0,8,140,3,0,2585.0,9.2,525,0,5,416975,3389665,499,0,5,-97.75,533,-890.0,4170.0,4263.918385710495,-26,142.04783179715753,-34,3,3,0.456860343265334
827,3221001,417865.0,3385495.0,8,140,3,0,2585.0,9.2,525,0,5,417160,3389480,501,0,5,-89.33,533,-705.0,3985.0,4046.8815154387707,-24,140.03258434309225,-32,3,3,0.45304680305763245
828,3221001,417865.0,3385495.0,8,140,3,0,2585.0,9.2,525,0,5,416970,3389670,499,0,6,-98.67,533,-895.0,4175.0,4269.853627467808,-26,142.09944308170543,-34,3,3,0.45622531871199723
829,3221001,417865.0,3385495.0,8,140,3,0,2585.0,9.2,525,0,5,417170,3389470,502,0,12,-82.0,533,-695.0,3975.0,4035.3004844744833,-23,139.91750419839968,-31,3,3,0.44014918641796025
830,3221001,417865.0,3385495.0,8,140,3,0,2585.0,9.2,525,0,5,417220,3389580,496,0,5,-93.0,533,-645.0,4085.0,4135.607573259339,-29,138.9726266148964,-37,3,3,0.5125939163080638
831,3221001,417865.0,3385495.0,8,140,3,0,2585.0,9.2,525,0,5,417145,3389495,500,0,6,-87.0,533,-720.0,4000.0,4064.283454681772,-25,140.2039737217317,-33,3,3,0.4652035706309537
832,3221001,417865.0,3385495.0,8,140,3,0,2585.0,9.2,525,0,5,417245,3389555,498,0,12,-94.0,533,-620.0,4060.0,4107.067080046295,-27,138.68252388126825,-35,3,3,0.48825687559493464
833,3221001,417865.0,3385495.0,8,140,3,0,2585.0,9.2,525,0,5,417135,3389505,499,0,6,-90.33,533,-730.0,4010.0,4075.904807524337,-26,140.31741960429235,-34,3,3,0.4779334682140768
834,3221001,417865.0,3385495.0,8,140,3,0,2585.0,9.2,525,0,5,417155,3389485,501,0,5,-84.5,533,-710.0,3990.0,4052.6781268687005,-24,140.08987765806205,-32,3,3,0.45239882979948065
835,3221001,417865.0,3385495.0,8,140,3,0,2585.0,9.2,525,0,5,417265,3389830,506,0,6,-93.0,533,-600.0,4335.0,4376.325513487313,-19,137.88014658863045,-27,3,3,0.3534852274247109
836,3221001,417865.0,3385495.0,8,140,3,0,2585.0,9.2,525,0,5,417760,3385640,533,0,6,-98.33,533,-105.0,145.0,179.02513789968157,8,165.90972307917764,0,3,3,0.0
837,3221001,417865.0,3385495.0,8,140,3,0,2585.0,9.2,525,0,5,418590,3384810,511,0,5,-105.75,533,725.0,-685.0,997.4216761229926,-14,-3.3750236424752416,-22,3,3,1.2635606630088065
838,3221001,417865.0,3385495.0,8,140,3,0,2585.0,9.2,525,0,5,417925,3385330,518,0,5,-99.0,533,60.0,-165.0,175.57049866079439,-7,-30.01689347810003,-15,3,3,4.883250449013462
839,3221001,417865.0,3385495.0,8,140,3,0,2585.0,9.2,525,0,5,417930,3385335,518,0,5,-93.86,533,65.0,-160.0,172.69916039170545,-7,-27.890551656248334,-15,3,3,4.964038169496454
840,3221001,417865.0,3385495.0,8,140,3,0,2585.0,9.2,525,0,5,418005,3385410,520,0,5,-91.5,533,140.0,-85.0,163.783393541592,-5,8.73626830562256,-13,3,3,4.538230683558939
841,3221001,417865.0,3385495.0,8,140,3,0,2585.0,9.2,525,0,5,418020,3385425,520,0,5,-87.0,533,155.0,-70.0,170.07351351694948,-5,15.695450734063286,-13,3,3,4.371048423849929
842,3221001,417865.0,3385495.0,8,140,3,0,2585.0,9.2,525,0,5,417955,3385360,519,0,5,-94.5,533,90.0,-135.0,162.24980739587951,-6,-16.309932474020215,-14,3,3,4.9316484279254205
843,3221001,417865.0,3385495.0,8,140,3,0,2585.0,9.2,525,0,5,417950,3385355,519,0,5,-94.0,533,85.0,-140.0,163.783393541592,-6,-18.736268305622588,-14,3,3,4.885695495063692
844,3221001,417865.0,3385495.0,8,140,3,0,2585.0,9.2,525,0,5,417070,3389375,509,0,6,-82.5,533,-795.0,3880.0,3960.609170317112,-16,141.5794575497506,-24,3,3,0.34718948992585635
845,3221001,417865.0,3385495.0,8,140,3,0,2585.0,9.2,525,0,5,417115,3389420,506,0,6,-92.25,533,-750.0,3925.0,3996.013638615364,-19,140.81783358484103,-27,3,3,0.38712643290274684
846,3221001,417865.0,3385495.0,8,140,3,0,2585.0,9.2,525,0,5,417075,3389380,509,0,6,-82.67,533,-790.0,3885.0,3964.5081662168386,-16,141.4941626413953,-24,3,3,0.3468480459805311
847,3221001,417865.0,3385495.0,8,140,3,0,2585.0,9.2,525,0,5,417100,3389405,507,0,6,-89.33,533,-765.0,3910.0,3984.134159387708,-18,141.07020257793937,-26,3,3,0.37390034096598485
848,3221001,417865.0,3385495.0,8,140,3,0,2585.0,9.2,525,0,5,417945,3385380,520,0,6,-97.33,533,80.0,-115.0,140.089257261219,-5,-15.175510843043213,-13,3,3,5.301748746317293
849,3221001,417865.0,3385495.0,8,140,3,0,2585.0,9.2,525,0,5,417925,3385400,521,0,5,-85.0,533,60.0,-95.0,112.36102527122117,-4,-17.72435568542238,-12,3,3,6.0960021361579
850,3221001,417865.0,3385495.0,8,140,3,0,2585.0,9.2,525,0,5,417950,3385365,520,0,5,-91.67,533,85.0,-130.0,155.32224567009067,-5,-16.82148834060726,-13,3,3,4.784331735379122
851,3221001,417865.0,3385495.0,8,140,3,0,2585.0,9.2,525,0,5,417990,3385405,521,0,6,-94.0,533,125.0,-90.0,154.02921800749363,-4,4.246112745563266,-12,3,3,4.454761046465503
852,3221001,417865.0,3385495.0,8,140,3,0,2585.0,9.2,525,0,5,417975,3385430,522,99,6,-84.33,533,110.0,-65.0,127.76932339180638,-3,9.420773127510984,-11,3,3,4.9206124868229875
853,3221001,417865.0,3385495.0,8,140,3,0,2585.0,9.2,525,0,5,417940,3385375,520,0,6,-94.2,533,75.0,-120.0,141.50971698084905,-5,-17.9946167919165,-13,3,3,5.24882909056903
854,3221001,417865.0,3385495.0,8,140,3,0,2585.0,9.2,525,0,5,417955,3385370,520,0,5,-92.8,533,90.0,-125.0,154.02921800749363,-5,-14.246112745563252,-13,3,3,4.824305945670929
855,3221001,417865.0,3385495.0,8,140,3,0,2585.0,9.2,525,0,5,417960,3385435,523,99,6,-92.67,533,95.0,-60.0,112.36102527122117,-2,7.724355685422381,-10,3,3,5.085857687964041
856,3221001,417865.0,3385495.0,8,140,3,0,2585.0,9.2,525,0,5,417965,3385440,523,99,6,-84.67,533,100.0,-55.0,114.12712210513327,-2,11.189206257026939,-10,3,3,5.007558234977078
857,3221001,417865.0,3385495.0,8,140,3,0,2585.0,9.2,525,0,5,417995,3385410,521,0,6,-103.18,533,130.0,-85.0,155.32224567009067,-4,6.82148834060726,-12,3,3,4.417823446667926
858,3221001,417865.0,3385495.0,8,140,3,0,2585.0,9.2,525,0,5,417985,3385420,521,0,6,-94.36,533,120.0,-75.0,141.50971698084905,-4,7.994616791916513,-12,3,3,4.847076121817795
859,3221001,417865.0,3385495.0,8,140,3,0,2585.0,9.2,525,0,5,417980,3385415,521,0,6,-95.5,533,115.0,-80.0,140.089257261219,-4,5.175510843043213,-12,3,3,4.895986195866657
860,3221001,417865.0,3385495.0,8,140,3,0,2585.0,9.2,525,0,5,417970,3385425,522,99,6,-91.75,533,105.0,-70.0,126.19429464123962,-3,6.309932474020229,-11,3,3,4.9817194004186325
861,3221001,417865.0,3385495.0,8,140,3,0,2585.0,9.2,525,0,5,417930,3385385,521,0,6,-98.83,533,65.0,-110.0,127.76932339180638,-4,-19.420773127510984,-12,3,3,5.365438147516779
862,3221001,417865.0,3385495.0,8,140,3,0,2585.0,9.2,525,0,5,417935,3385390,521,0,6,-97.29,533,70.0,-105.0,126.19429464123962,-4,-16.309932474020215,-12,3,3,5.432005980875179
863,3221001,417865.0,3385495.0,8,140,3,0,2585.0,9.2,525,0,5,417920,3385395,521,0,5,-92.75,533,55.0,-100.0,114.12712210513327,-4,-21.18920625702694,-12,3,3,6.002361632390728
864,3221001,417865.0,3385495.0,8,140,3,0,2585.0,9.2,525,0,5,417780,3385535,530,0,14,-90.5,533,-85.0,40.0,93.94147114027967,5,194.79887635452496,-3,3,3,1.829106359794922
865,3221001,417865.0,3385495.0,8,140,3,0,2585.0,9.2,525,0,5,417915,3385490,525,0,6,-93.8,533,50.0,-5.0,50.24937810560445,0,34.28940686250036,-8,3,3,9.04591136276987
866,3221001,417865.0,3385495.0,8,140,3,0,2585.0,9.2,525,0,5,417860,3385455,524,0,5,-85.67,533,-5.0,-40.0,40.311288741492746,-1,-57.125016348901795,-9,3,3,12.585595050151632
867,3221001,417865.0,3385495.0,8,140,3,0,2585.0,9.2,525,0,5,417830,3385565,529,5,6,-108.52,533,-35.0,70.0,78.26237921249263,4,156.56505117707798,-4,3,3,2.925848558972693
868,3221001,417865.0,3385495.0,8,140,3,0,2585.0,9.2,525,0,5,417910,3385485,525,0,6,-92.08,533,45.0,-10.0,46.09772228646444,0,27.471192290848478,-8,3,3,9.845302162757218
869,3221001,417865.0,3385495.0,8,140,3,0,2585.0,9.2,525,0,5,417785,3385540,530,0,14,-99.0,533,-80.0,45.0,91.7877987534291,5,190.64224645720873,-3,3,3,1.8719935971776207
870,3221001,417865.0,3385495.0,8,140,3,0,2585.0,9.2,525,0,5,417825,3385580,529,5,6,-107.45,533,-40.0,85.0,93.94147114027967,4,155.2011236454751,-4,3,3,2.438164533382305
871,3221001,417865.0,3385495.0,8,140,3,0,2585.0,9.2,525,0,5,417895,3385510,526,99,6,-87.35,533,30.0,15.0,33.54101966249684,1,66.56505117707798,-7,3,3,11.788404329313064
872,3221001,417865.0,3385495.0,8,140,3,0,2585.0,9.2,525,0,5,417905,3385500,525,0,6,-90.69,533,40.0,5.0,40.311288741492746,0,47.125016348901795,-8,3,3,11.224821667293003
873,3221001,417865.0,3385495.0,8,140,3,0,2585.0,9.2,525,0,5,417870,3385445,524,0,5,-91.29,533,5.0,-50.0,50.24937810560445,-1,-44.28940686250037,-9,3,3,10.154389636022229
874,3221001,417865.0,3385495.0,8,140,3,0,2585.0,9.2,525,0,5,417795,3385530,529,0,5,-98.75,533,-70.0,35.0,78.26237921249263,4,193.43494882292202,-4,3,3,2.925848558972693
875,3221001,417865.0,3385495.0,8,140,3,0,2585.0,9.2,525,0,5,417775,3385550,530,0,14,-106.75,533,-90.0,55.0,105.47511554864494,5,188.5704343851615,-3,3,3,1.6292090175897715
876,3221001,417865.0,3385495.0,8,140,3,0,2585.0,9.2,525,0,5,417820,3385575,529,5,6,-111.22,533,-45.0,80.0,91.7877987534291,4,159.35775354279127,-4,3,3,2.4953011724099574
877,3221001,417865.0,3385495.0,8,140,3,0,2585.0,9.2,525,0,5,417890,3385505,525,99,6,-78.6,533,25.0,10.0,26.92582403567252,0,61.801409486351815,-8,3,3,16.54734478181665
878,3221001,417865.0,3385495.0,8,140,3,0,2585.0,9.2,525,0,5,417855,3385470,525,0,10,-77.88,533,-10.0,-25.0,26.92582403567252,0,-71.80140948635182,-8,3,3,16.54734478181665
879,3221001,417865.0,3385495.0,8,140,3,0,2585.0,9.2,525,0,5,417865,3385460,524,0,5,-80.71,533,0.0,-35.0,35.0,-1,-50.0,-9,3,3,14.420773127510985
880,3221001,417865.0,3385495.0,8,140,3,0,2585.0,9.2,525,0,5,417805,3385600,531,0,5,-108.0,533,-60.0,105.0,120.93386622447825,6,159.74488129694225,-2,3,3,0.9474692013388378
881,3221001,417865.0,3385495.0,8,140,3,0,2585.0,9.2,525,0,5,417835,3385570,529,5,6,-109.35,533,-30.0,75.0,80.77747210701756,4,151.80140948635182,-4,3,3,2.8349001275699712
882,3221001,417865.0,3385495.0,8,140,3,0,2585.0,9.2,525,0,5,417875,3385450,524,0,5,-80.67,533,10.0,-45.0,46.09772228646444,-1,-37.47119229084849,-9,3,3,11.047312831029233
883,3221001,417865.0,3385495.0,8,140,3,0,2585.0,9.2,525,0,5,417900,3385495,525,0,6,-92.25,533,35.0,0.0,35.0,0,40.0,-8,3,3,12.875001559612476
884,3221001,417865.0,3385495.0,8,140,3,0,2585.0,9.2,525,0,5,417850,3385465,525,0,10,-82.67,533,-15.0,-30.0,33.54101966249684,0,-76.56505117707799,-8,3,3,13.415197239362266
885,3221001,417865.0,3385495.0,8,140,3,0,2585.0,9.2,525,0,5,417845,3385480,526,0,10,-81.45,533,-20.0,-15.0,25.0,1,-103.13010235415598,-7,3,3,15.642246457208728
886,3221001,417865.0,3385495.0,8,140,3,0,2585.0,9.2,525,0,5,417885,3385520,526,99,6,-93.0,533,20.0,25.0,32.01562118716424,1,91.34019174590992,-7,3,3,12.333251044177262
887,3221001,417865.0,3385495.0,8,140,3,0,2585.0,9.2,525,0,5,417810,3385585,530,5,6,-105.67,533,-55.0,90.0,105.47511554864494,5,161.4295656148385,-3,3,3,1.6292090175897715
888,3221001,417865.0,3385495.0,8,140,3,0,2585.0,9.2,525,0,5,417880,3385515,526,99,6,-76.25,533,15.0,20.0,25.0,1,93.13010235415598,-7,3,3,15.642246457208728
889,3221001,417865.0,3385495.0,8,140,3,0,2585.0,9.2,525,0,5,417840,3385475,526,0,10,-84.0,533,-25.0,-20.0,32.01562118716424,1,-101.34019174590992,-7,3,3,12.333251044177262
890,3221001,417865.0,3385495.0,8,140,3,0,2585.0,9.2,525,0,5,417955,3385445,523,0,6,-77.5,533,90.0,-50.0,102.95630140987001,-2,10.945395900922847,-10,3,3,5.54765627378992
891,3221001,417865.0,3385495.0,8,140,3,0,2585.0,9.2,525,0,5,417970,3385510,526,0,10,-97.5,533,105.0,15.0,106.06601717798213,1,48.13010235415598,-7,3,3,3.7758529015637263
892,3221001,417865.0,3385495.0,8,140,3,0,2585.0,9.2,525,0,5,417975,3385505,525,0,10,-93.33,533,110.0,10.0,110.45361017187261,0,45.19442890773482,-8,3,3,4.142619096366386
893,3221001,417865.0,3385495.0,8,140,3,0,2585.0,9.2,525,0,5,417920,3385480,525,99,6,-91.2,533,55.0,-15.0,57.0087712549569,0,24.744881296942225,-8,3,3,7.9881134127929805
894,3221001,417865.0,3385495.0,8,140,3,0,2585.0,9.2,525,0,5,417960,3385520,527,0,5,-88.0,533,95.0,25.0,98.2344135219425,2,54.743562836470744,-6,3,3,3.495192033755887
895,3221001,417865.0,3385495.0,8,140,3,0,2585.0,9.2,525,0,5,418005,3385555,524,0,10,-94.0,533,140.0,60.0,152.31546211727817,-1,63.198590513648185,-9,3,3,3.3815552182949613
896,3221001,417865.0,3385495.0,8,140,3,0,2585.0,9.2,525,0,5,417940,3385460,524,99,6,-97.71,533,75.0,-35.0,82.76472678623425,-1,14.98310652189997,-9,3,3,6.206071101574001
897,3221001,417865.0,3385495.0,8,140,3,0,2585.0,9.2,525,0,5,418045,3385595,522,102,10,-97.0,533,180.0,100.0,205.91260281974002,-3,69.05460409907715,-11,3,3,3.0578753161578205
898,3221001,417865.0,3385495.0,8,140,3,0,2585.0,9.2,525,0,5,417985,3385495,524,0,5,-87.0,533,120.0,0.0,120.0,-1,40.0,-9,3,3,4.289153328819018
899,3221001,417865.0,3385495.0,8,140,3,0,2585.0,9.2,525,0,5,417925,3385475,524,99,6,-99.23,533,60.0,-20.0,63.245553203367585,-1,21.565051177077976,-9,3,3,8.09895652060337
900,3221001,417865.0,3385495.0,8,140,3,0,2585.0,9.2,525,0,5,416840,3389200,511,0,5,-90.0,533,-1025.0,3705.0,3844.1709119132565,-14,145.46427416738413,-22,3,3,0.3278973326099391
901,3221001,417865.0,3385495.0,8,140,3,0,2585.0,9.2,525,0,5,418020,3385540,523,0,5,-101.6,533,155.0,45.0,161.40012391568973,-2,56.18920625702694,-10,3,3,3.545389643469916
902,3221001,417865.0,3385495.0,8,140,3,0,2585.0,9.2,525,0,5,418015,3385545,523,0,10,-98.67,533,150.0,50.0,158.11388300841898,-2,58.434948822922024,-10,3,3,3.6188832299832407
903,3221001,417865.0,3385495.0,8,140,3,0,2585.0,9.2,525,0,5,417930,3385470,524,99,6,-92.71,533,65.0,-25.0,69.6419413859206,-1,18.96248897457818,-9,3,3,7.363662428698504
904,3221001,417865.0,3385495.0,8,140,3,0,2585.0,9.2,525,0,5,417935,3385465,524,99,6,-98.06,533,70.0,-30.0,76.15773105863909,-1,16.801409486351815,-9,3,3,6.739715441829896
905,3221001,417865.0,3385495.0,8,140,3,0,2585.0,9.2,525,0,5,417945,3385455,524,99,6,-97.59,533,80.0,-40.0,89.44271909999159,-1,13.434948822922024,-9,3,3,5.745936151128176
906,3221001,417865.0,3385495.0,8,140,3,0,2585.0,9.2,525,0,5,417990,3385490,524,0,5,-94.5,533,125.0,-5.0,125.09996003196804,-1,37.70938995736148,-9,3,3,4.114910408388507
907,3221001,417865.0,3385495.0,8,140,3,0,2585.0,9.2,525,0,5,418050,3385590,522,102,10,-110.0,533,185.0,95.0,207.9663434308542,-3,67.18111108547723,-11,3,3,3.027734189917292
908,3221001,417865.0,3385495.0,8,140,3,0,2585.0,9.2,525,0,5,417950,3385450,523,0,6,-104.5,533,85.0,-45.0,96.17692030835673,-2,12.102728969052379,-10,3,3,5.936001804797608
909,3221001,417865.0,3385495.0,8,140,3,0,2585.0,9.2,525,0,5,416845,3389195,511,0,5,-93.0,533,-1020.0,3700.0,3838.0203230311326,-14,145.41223653458138,-22,3,3,0.32842279036641175
910,3221001,417865.0,3385495.0,8,140,3,0,2585.0,9.2,525,0,5,417190,3389495,500,0,12,-85.0,533,-675.0,4000.0,4056.5533399673177,-25,139.57842291946076,-33,3,3,0.46609001736814043
911,3221001,417865.0,3385495.0,8,140,3,0,2585.0,9.2,525,0,5,417165,3389510,499,0,5,-91.5,533,-700.0,4015.0,4075.5643780953824,-26,139.889894714859,-34,3,3,0.47797338785572785
912,3221001,417865.0,3385495.0,8,140,3,0,2585.0,9.2,525,0,5,417180,3389485,501,0,12,-86.67,533,-685.0,3990.0,4048.373130036311,-24,139.7415278574905,-32,3,3,0.452879885866095
913,3221001,417865.0,3385495.0,8,140,3,0,2585.0,9.2,525,0,5,417175,3389520,499,0,5,-89.4,533,-690.0,4025.0,4083.714608049882,-26,139.72757855140162,-34,3,3,0.4770194982712955
914,3221001,417865.0,3385495.0,8,140,3,0,2585.0,9.2,525,0,5,417120,3389465,502,0,6,-88.5,533,-745.0,3970.0,4039.297587452551,-23,140.62836880046075,-31,3,3,0.43971365215168484
915,3221001,417865.0,3385495.0,8,140,3,0,2585.0,9.2,525,0,5,417200,3389545,497,0,12,-87.25,533,-665.0,4050.0,4104.232571382864,-28,139.32461981860786,-36,3,3,0.502553188773911
916,3221001,417865.0,3385495.0,8,140,3,0,2585.0,9.2,525,0,5,417205,3389550,497,0,12,-85.88,533,-660.0,4055.0,4108.360378545192,-28,139.24451217066877,-36,3,3,0.5020482826249941
917,3221001,417865.0,3385495.0,8,140,3,0,2585.0,9.2,525,0,5,417215,3389560,497,0,12,-88.75,533,-650.0,4065.0,4116.640013408994,-28,139.08477960450307,-36,3,3,0.5010385843455887
918,3221001,417865.0,3385495.0,8,140,3,0,2585.0,9.2,525,0,5,417210,3389555,497,0,12,-89.2,533,-655.0,4060.0,4112.496200606148,-28,139.1645654907399,-36,3,3,0.5015434125555631
919,3221001,417865.0,3385495.0,8,140,3,0,2585.0,9.2,525,0,5,417185,3389490,501,0,12,-88.0,533,-680.0,3995.0,4052.4591299604735,-24,139.65989307844234,-32,3,3,0.45242327664119975
920,3221001,417865.0,3385495.0,8,140,3,0,2585.0,9.2,525,0,5,417150,3389455,503,0,5,-90.0,533,-715.0,3960.0,4024.030939244876,-22,140.2348027634232,-30,3,3,0.4271442161635314
921,3221001,417865.0,3385495.0,8,140,3,0,2585.0,9.2,525,0,5,417160,3389505,499,0,5,-88.33,533,-705.0,4010.0,4071.501565761703,-26,139.97129616018378,-34,3,3,0.4784503190112747
922,3221001,417865.0,3385495.0,8,140,3,0,2585.0,9.2,525,0,5,417155,3389460,502,0,5,-91.0,533,-710.0,3965.0,4028.067154355796,-23,140.15217682805337,-31,3,3,0.44093954533003765
923,3221001,417865.0,3385495.0,8,140,3,0,2585.0,9.2,525,0,5,417170,3389515,499,0,5,-87.33,533,-695.0,4020.0,4079.635400375872,-26,139.8086555650026,-34,3,3,0.4774964456833001
924,3221001,417865.0,3385495.0,8,140,3,0,2585.0,9.2,525,0,5,417135,3389480,501,0,6,-88.5,533,-730.0,3985.0,4051.311516040207,-24,140.3807432511935,-32,3,3,0.45255142913133745
925,3221001,417865.0,3385495.0,8,140,3,0,2585.0,9.2,525,0,5,417125,3389470,502,0,6,-91.5,533,-740.0,3975.0,4043.2938305297575,-23,140.54566350235876,-31,3,3,0.4392790723712217
926,3221001,417865.0,3385495.0,8,140,3,0,2585.0,9.2,525,0,5,417195,3389500,500,0,12,-83.75,533,-670.0,4005.0,4060.6557352230684,-25,139.4971172115496,-33,3,3,0.46561915714884045
927,3221001,417865.0,3385495.0,8,140,3,0,2585.0,9.2,525,0,5,417820,3385545,529,5,5,-101.45,533,-45.0,50.0,67.26812023536856,4,171.98721249581666,-4,3,3,3.40300227120126
928,3221001,417865.0,3385495.0,8,140,3,0,2585.0,9.2,525,0,5,417880,3385445,523,0,5,-83.74,533,15.0,-50.0,52.20153254455275,-2,-33.30075576600639,-10,3,3,10.844500067342357
929,3221001,417865.0,3385495.0,8,140,3,0,2585.0,9.2,525,0,5,417910,3385475,524,0,5,-78.4,533,45.0,-20.0,49.24428900898052,-1,16.03751102542182,-9,3,3,10.35720127348528
930,3221001,417865.0,3385495.0,8,140,3,0,2585.0,9.2,525,0,5,417900,3385465,524,0,5,-85.31,533,35.0,-30.0,46.09772228646444,-1,-0.6012946450044865,-9,3,3,11.047312831029233
931,3221001,417865.0,3385495.0,8,140,3,0,2585.0,9.2,525,0,5,417840,3385485,526,0,5,-77.12,533,-25.0,-10.0,26.92582403567252,1,-118.19859051364818,-7,3,3,14.572792566247553
932,3221001,417865.0,3385495.0,8,140,3,0,2585.0,9.2,525,0,5,417770,3385575,531,0,5,-105.0,533,-95.0,80.0,124.19742348374221,6,179.89909245378777,-2,3,3,0.9225767498705931
933,3221001,417865.0,3385495.0,8,140,3,0,2585.0,9.2,525,0,5,417915,3385480,525,99,6,-89.8,533,50.0,-15.0,52.20153254455275,0,23.300755766006375,-8,3,3,8.712915410405545
934,3221001,417865.0,3385495.0,8,140,3,0,2585.0,9.2,525,0,5,417905,3385470,524,0,5,-82.64,533,40.0,-25.0,47.16990566028302,-1,7.994616791916513,-9,3,3,10.80217906937425
935,3221001,417865.0,3385495.0,8,140,3,0,2585.0,9.2,525,0,5,417765,3385570,531,0,5,-106.5,533,-100.0,75.0,125.0,6,183.13010235415595,-2,3,3,0.9166542563852877
936,3221001,417865.0,3385495.0,8,140,3,0,2585.0,9.2,525,0,5,417800,3385525,529,0,5,-95.1,533,-65.0,30.0,71.58910531638176,4,195.22485943116806,-4,3,3,3.198043379534207
937,3221001,417865.0,3385495.0,8,140,3,0,2585.0,9.2,525,0,5,417815,3385540,529,5,5,-94.36,533,-50.0,45.0,67.26812023536856,4,178.0127875041834,-4,3,3,3.40300227120126
938,3221001,417865.0,3385495.0,8,140,3,0,2585.0,9.2,525,0,5,417805,3385530,529,0,5,-96.14,533,-60.0,35.0,69.46221994724903,4,189.7435628364707,-4,3,3,3.2957526059126905
939,3221001,417865.0,3385495.0,8,140,3,0,2585.0,9.2,525,0,5,417890,3385455,524,0,10,-87.71,533,25.0,-40.0,47.16990566028302,-1,-17.9946167919165,-9,3,3,10.80217906937425
940,3221001,417865.0,3385495.0,8,140,3,0,2585.0,9.2,525,0,5,417850,3385495,526,0,10,-76.51,533,-15.0,0.0,15.0,1,220.0,-7,3,3,25.016893478100023
941,3221001,417865.0,3385495.0,8,140,3,0,2585.0,9.2,525,0,5,417830,3385555,528,5,6,-109.64,533,-35.0,60.0,69.46221994724903,3,160.25643716352926,-5,3,3,4.117139476527012
942,3221001,417865.0,3385495.0,8,140,3,0,2585.0,9.2,525,0,5,417835,3385560,528,5,6,-109.75,533,-30.0,65.0,71.58910531638176,3,154.77514056883194,-5,3,3,3.99522295462384
943,3221001,417865.0,3385495.0,8,140,3,0,2585.0,9.2,525,0,5,417825,3385550,528,5,5,-103.95,533,-40.0,55.0,68.00735254367721,3,166.0273733851036,-5,3,3,4.2049039747983485
944,3221001,417865.0,3385495.0,8,140,3,0,2585.0,9.2,525,0,5,417760,3385565,531,0,5,-100.0,533,-105.0,70.0,126.19429464123962,6,186.30993247402023,-2,3,3,0.9079805590882383
945,3221001,417865.0,3385495.0,8,140,3,0,2585.0,9.2,525,0,5,417810,3385535,529,0,5,-95.83,533,-55.0,40.0,68.00735254367721,4,183.9726266148964,-4,3,3,3.3660975390045555
946,3221001,417865.0,3385495.0,8,140,3,0,2585.0,9.2,525,0,5,417895,3385460,524,0,10,-86.19,533,30.0,-35.0,46.09772228646444,-1,-9.398705354995542,-9,3,3,11.047312831029233
947,3221001,417865.0,3385495.0,8,140,3,0,2585.0,9.2,525,0,5,417855,3385500,526,0,10,-78.63,533,-10.0,5.0,11.180339887498949,1,193.43494882292202,-7,3,3,32.05064263526879
948,3221001,417865.0,3385495.0,8,140,3,0,2585.0,9.2,525,0,5,417860,3385505,526,0,5,-79.5,533,-5.0,10.0,11.180339887498949,1,156.56505117707798,-7,3,3,32.05064263526879
949,3221001,417865.0,3385495.0,8,140,3,0,2585.0,9.2,525,0,5,417870,3385515,526,0,5,-79.83,533,5.0,20.0,20.615528128088304,1,115.96375653207355,-7,3,3,18.754912214077386
950,3221001,417865.0,3385495.0,8,140,3,0,2585.0,9.2,525,0,5,417885,3385450,523,0,10,-87.16,533,20.0,-45.0,49.24428900898052,-2,-26.03751102542182,-10,3,3,11.478922718978371
951,3221001,417865.0,3385495.0,8,140,3,0,2585.0,9.2,525,0,5,417845,3385490,526,0,5,-78.24,533,-20.0,-5.0,20.615528128088304,1,-125.96375653207352,-7,3,3,18.754912214077386
952,3221001,417865.0,3385495.0,8,140,3,0,2585.0,9.2,525,0,5,417875,3385520,526,0,6,-74.6,533,10.0,25.0,26.92582403567252,1,108.19859051364818,-7,3,3,14.572792566247553
953,3221001,417865.0,3385495.0,8,140,3,0,2585.0,9.2,525,0,5,417865,3385510,526,0,5,-78.88,533,0.0,15.0,15.0,1,130.0,-7,3,3,25.016893478100023
954,3221001,417865.0,3385495.0,8,140,3,0,2585.0,9.2,525,0,5,417665,3385215,518,0,10,-107.0,533,-200.0,-280.0,344.0930106817051,-7,-85.53767779197437,-15,3,3,2.4961068061175884
955,3221001,417865.0,3385495.0,8,140,3,0,2585.0,9.2,525,0,5,417690,3385190,518,96,5,-114.67,533,-175.0,-305.0,351.63901945034485,-7,-79.84593194968741,-15,3,3,2.4426071101930256
956,3221001,417865.0,3385495.0,8,140,3,0,2585.0,9.2,525,0,5,417715,3385165,517,0,5,-108.5,533,-150.0,-330.0,362.49137920783716,-8,-74.44395478041653,-16,3,3,2.527336865054108
957,3221001,417865.0,3385495.0,8,140,3,0,2585.0,9.2,525,0,5,417710,3385170,517,0,5,-105.0,533,-155.0,-325.0,360.06943774777665,-8,-75.4975514933378,-16,3,3,2.544314270872112
958,3221001,417865.0,3385495.0,8,140,3,0,2585.0,9.2,525,0,5,418050,3385650,520,0,10,-100.0,533,185.0,155.0,241.3503677229434,-5,79.95754893082909,-13,3,3,3.083177603587468
959,3221001,417865.0,3385495.0,8,140,3,0,2585.0,9.2,525,0,5,418030,3385630,522,102,5,-111.5,533,165.0,135.0,213.19005605327843,-3,79.28940686250036,-11,3,3,2.953679815444112
960,3221001,417865.0,3385495.0,8,140,3,0,2585.0,9.2,525,0,5,418055,3385645,520,0,10,-83.67,533,190.0,150.0,242.0743687382041,-5,78.29016319224309,-13,3,3,3.0739740837647926
961,3221001,417865.0,3385495.0,8,140,3,0,2585.0,9.2,525,0,5,418010,3385610,523,102,5,-109.7,533,145.0,115.0,185.06755523321746,-2,78.418055344822,-10,3,3,3.09293082775465
962,3221001,417865.0,3385495.0,8,140,3,0,2585.0,9.2,525,0,5,418000,3385620,523,102,5,-112.67,533,135.0,125.0,183.98369492974098,-2,82.79740183823418,-10,3,3,3.1111158019943375
963,3221001,417865.0,3385495.0,8,140,3,0,2585.0,9.2,525,0,5,418015,3385605,523,102,5,-101.0,533,150.0,110.0,186.01075237738274,-2,76.2538377374448,-10,3,3,3.0772778486016246
964,3221001,417865.0,3385495.0,8,140,3,0,2585.0,9.2,525,0,5,417120,3389590,496,30,5,-105.0,533,-745.0,4095.0,4162.216957343766,-29,140.31100267154807,-37,3,3,0.5093170358131801
965,3221001,417865.0,3385495.0,8,140,3,0,2585.0,9.2,525,0,5,417130,3389600,495,0,5,-99.67,533,-735.0,4105.0,4170.281765060965,-30,140.15123884881666,-38,3,3,0.5220700874017666
966,3221001,417865.0,3385495.0,8,140,3,0,2585.0,9.2,525,0,5,417150,3389580,495,0,6,-91.33,533,-715.0,4085.0,4147.101397361776,-30,139.92794663724453,-38,3,3,0.5249880534646966
967,3221001,417865.0,3385495.0,8,140,3,0,2585.0,9.2,525,0,5,417185,3389525,498,0,5,-89.0,533,-680.0,4030.0,4086.967090643134,-27,139.57755893822684,-35,3,3,0.49065803987715745
968,3221001,417865.0,3385495.0,8,140,3,0,2585.0,9.2,525,0,5,417190,3389540,498,0,5,-90.33,533,-675.0,4045.0,4100.932820712868,-27,139.473806629502,-35,3,3,0.4889871847960074
969,3221001,417865.0,3385495.0,8,140,3,0,2585.0,9.2,525,0,5,417170,3389560,496,0,6,-93.0,533,-695.0,4065.0,4123.984723541056,-29,139.70214767002096,-37,3,3,0.5140385101198215
970,3221001,417865.0,3385495.0,8,140,3,0,2585.0,9.2,525,0,5,417160,3389550,497,0,6,-87.0,533,-705.0,4055.0,4115.829199565987,-28,139.8628254277874,-36,3,3,0.5011372833643543
971,3221001,417865.0,3385495.0,8,140,3,0,2585.0,9.2,525,0,5,417175,3389555,496,0,6,-94.71,533,-690.0,4060.0,4118.2156330138905,-29,139.6453021193218,-37,3,3,0.5147585732489846
972,3221001,417865.0,3385495.0,8,140,3,0,2585.0,9.2,525,0,5,417180,3389530,498,0,5,-89.0,533,-685.0,4035.0,4092.731361816947,-27,139.63493399605642,-35,3,3,0.4899670226165249
973,3221001,417865.0,3385495.0,8,140,3,0,2585.0,9.2,525,0,5,417195,3389535,498,0,12,-87.5,533,-670.0,4040.0,4095.180093719933,-27,139.4163199862661,-35,3,3,0.48967405883657955
974,3221001,417865.0,3385495.0,8,140,3,0,2585.0,9.2,525,0,5,417200,3389510,500,0,12,-85.33,533,-665.0,4015.0,4069.699006069122,-25,139.40445939239788,-33,3,3,0.4645845510576184
975,3221001,417865.0,3385495.0,8,140,3,0,2585.0,9.2,525,0,5,417155,3389575,496,0,6,-93.6,533,-710.0,4080.0,4141.316215890789,-29,139.87173327524295,-37,3,3,0.5118873632425655
976,3221001,417865.0,3385495.0,8,140,3,0,2585.0,9.2,525,0,5,417155,3389435,504,0,12,-90.4,533,-710.0,3940.0,4003.461002682554,-21,140.21524188216716,-29,3,3,0.4150280329370273
977,3221001,417865.0,3385495.0,8,140,3,0,2585.0,9.2,525,0,5,417120,3389410,506,0,6,-91.3,533,-745.0,3915.0,3985.2540696924207,-19,140.7742099905297,-27,3,3,0.38817158239161326
978,3221001,417865.0,3385495.0,8,140,3,0,2585.0,9.2,525,0,5,417960,3385355,519,0,5,-92.5,533,95.0,-140.0,169.1892431568863,-6,-15.840305454330576,-14,3,3,4.730310195657834
979,3221001,417865.0,3385495.0,8,140,3,0,2585.0,9.2,525,0,5,417925,3385320,518,0,5,-99.0,533,60.0,-175.0,185.0,-7,-31.075355583948763,-15,3,3,4.635463426902643
980,3221001,417865.0,3385495.0,8,140,3,0,2585.0,9.2,525,0,5,418000,3385395,520,0,6,-90.5,533,135.0,-100.0,168.00297616411441,-5,3.4711446330148306,-13,3,3,4.424706378193401
981,3221001,417865.0,3385495.0,8,140,3,0,2585.0,9.2,525,0,5,418005,3385400,520,0,6,-99.0,533,140.0,-95.0,169.1892431568863,-5,5.840305454330576,-13,3,3,4.393804550743409
982,3221001,417865.0,3385495.0,8,140,3,0,2585.0,9.2,525,0,5,416880,3389430,503,0,5,-89.5,533,-985.0,3935.0,4056.4085099999484,-22,144.05337225052926,-30,3,3,0.42373494765782066
983,3221001,417865.0,3385495.0,8,140,3,0,2585.0,9.2,525,0,5,417925,3385345,519,0,5,-94.33,533,60.0,-150.0,161.55494421403512,-6,-28.198590513648185,-14,3,3,4.952754634541327
984,3221001,417865.0,3385495.0,8,140,3,0,2585.0,9.2,525,0,5,417930,3385360,520,93,6,-91.33,533,65.0,-135.0,149.83324063771698,-5,-24.29004621918874,-13,3,3,4.958742815034296
985,3221001,417865.0,3385495.0,8,140,3,0,2585.0,9.2,525,0,5,418010,3385440,521,0,5,-104.0,533,145.0,-55.0,155.08062419270823,-4,19.227745317954174,-12,3,3,4.424679270288279
986,3221001,417865.0,3385495.0,8,140,3,0,2585.0,9.2,525,0,5,417935,3385355,519,0,5,-92.0,533,70.0,-140.0,156.52475842498527,-6,-23.43494882292201,-14,3,3,5.111089695288715
987,3221001,417865.0,3385495.0,8,140,3,0,2585.0,9.2,525,0,5,418005,3385425,521,0,5,-99.0,533,140.0,-70.0,156.52475842498527,-4,13.434948822922024,-12,3,3,4.384016024696988
988,3221001,417865.0,3385495.0,8,140,3,0,2585.0,9.2,525,0,5,418000,3385430,521,0,5,-97.33,533,135.0,-65.0,149.83324063771698,-4,14.290046219188724,-12,3,3,4.578990244472199
989,3221001,417865.0,3385495.0,8,140,3,0,2585.0,9.2,525,0,5,417975,3385415,522,0,6,-95.57,533,110.0,-80.0,136.01470508735443,-3,3.9726266148963987,-11,3,3,4.623653560883869
990,3221001,417865.0,3385495.0,8,140,3,0,2585.0,9.2,525,0,5,417970,3385420,522,0,6,-88.67,533,105.0,-75.0,129.0348790056394,-3,4.4623222080256255,-11,3,3,4.8725853185887535
991,3221001,417865.0,3385495.0,8,140,3,0,2585.0,9.2,525,0,5,417950,3385400,521,0,6,-96.6,533,85.0,-95.0,127.47548783981962,-4,-8.17983011986422,-12,3,3,5.377733249708988
992,3221001,417865.0,3385495.0,8,140,3,0,2585.0,9.2,525,0,5,417980,3385430,522,0,6,-94.25,533,115.0,-65.0,132.09844813622905,-3,10.524110996754246,-11,3,3,4.76010784251899
993,3221001,417865.0,3385495.0,8,140,3,0,2585.0,9.2,525,0,5,418040,3385330,516,0,5,-98.0,533,175.0,-165.0,240.52026941611388,-9,-3.3153156821037157,-17,3,3,4.042948734438127
994,3221001,417865.0,3385495.0,8,140,3,0,2585.0,9.2,525,0,5,417995,3385435,521,0,5,-97.75,533,130.0,-60.0,143.17821063276352,-4,15.224859431168085,-12,3,3,4.790856308572945
995,3221001,417865.0,3385495.0,8,140,3,0,2585.0,9.2,525,0,5,417965,3385405,521,0,6,-88.75,533,100.0,-90.0,134.5362404707371,-4,-1.9872124958166637,-12,3,3,5.097025685817297
996,3221001,417865.0,3385495.0,8,140,3,0,2585.0,9.2,525,0,5,417955,3385395,521,0,6,-91.57,533,90.0,-100.0,134.5362404707371,-4,-8.012787504183336,-12,3,3,5.097025685817297
997,3221001,417865.0,3385495.0,8,140,3,0,2585.0,9.2,525,0,5,417960,3385410,522,0,6,-89.29,533,95.0,-85.0,127.47548783981962,-3,-1.8201698801357793,-11,3,3,4.931898795250205
998,3221001,417865.0,3385495.0,8,140,3,0,2585.0,9.2,525,0,5,417930,3385380,521,0,6,-98.5,533,65.0,-115.0,132.09844813622905,-4,-20.524110996754246,-12,3,3,5.190578843970638
999,3221001,417865.0,3385495.0,8,140,3,0,2585.0,9.2,525,0,5,417990,3385440,522,0,5,-97.75,533,125.0,-55.0,136.56500283747664,-3,16.250505507133255,-11,3,3,4.605102538157374
1000,3221001,417865.0,3385495.0,8,140,3,0,2585.0,9.2,525,0,5,417935,3385375,520,0,6,-88.0,533,70.0,-120.0,138.92443989449805,-5,-19.743562836470744,-13,3,3,5.345944979811993
1001,3221001,417865.0,3385495.0,8,140,3,0,2585.0,9.2,525,0,5,417985,3385425,522,0,6,-87.25,533,120.0,-70.0,138.92443989449805,-3,9.743562836470744,-11,3,3,4.527219237497759
1002,3221001,417865.0,3385495.0,8,140,3,0,2585.0,9.2,525,0,5,417945,3385385,521,0,6,-87.75,533,80.0,-110.0,136.01470508735443,-4,-13.972626614896399,-12,3,3,5.041908719993159
1003,3221001,417865.0,3385495.0,8,140,3,0,2585.0,9.2,525,0,5,417940,3385390,521,0,6,-97.6,533,75.0,-105.0,129.0348790056394,-4,-14.462322208025626,-12,3,3,5.313117334457401
1004,3221001,417865.0,3385495.0,8,140,3,0,2585.0,9.2,525,0,5,417215,3389530,499,0,12,-86.0,533,-650.0,4035.0,4087.019084858792,-26,139.1511856753262,-34,3,3,0.4766338315823834
1005,3221001,417865.0,3385495.0,8,140,3,0,2585.0,9.2,525,0,5,417140,3389475,501,0,6,-85.67,533,-725.0,3980.0,4045.4944073623437,-24,140.32384794259286,-32,3,3,0.4532021360303246
1006,3221001,417865.0,3385495.0,8,140,3,0,2585.0,9.2,525,0,5,417180,3389515,499,0,5,-90.0,533,-685.0,4020.0,4077.9437220246186,-26,139.6702076153279,-34,3,3,0.47769451927885126
1007,3221001,417865.0,3385495.0,8,140,3,0,2585.0,9.2,525,0,5,417150,3389465,502,0,5,-85.75,533,-715.0,3970.0,4033.8722091806526,-23,140.20956532680952,-31,3,3,0.4403050241416693
1008,3221001,417865.0,3385495.0,8,140,3,0,2585.0,9.2,525,0,5,417175,3389490,501,0,12,-89.33,533,-690.0,3995.0,4054.1491092459833,-24,139.7992156502678,-32,3,3,0.4522346910259247
1009,3221001,417865.0,3385495.0,8,140,3,0,2585.0,9.2,525,0,5,417195,3389510,500,0,12,-86.75,533,-670.0,4015.0,4070.5190086769035,-25,139.47389243798,-33,3,3,0.4644909649941394
1010,3221001,417865.0,3385495.0,8,140,3,0,2585.0,9.2,525,0,5,417145,3389480,501,0,6,-87.0,533,-720.0,3985.0,4049.5215766803863,-24,140.2415711996107,-32,3,3,0.4527514542176918
1011,3221001,417865.0,3385495.0,8,140,3,0,2585.0,9.2,525,0,5,417130,3389445,504,0,6,-92.4,533,-735.0,3950.0,4017.801015480981,-21,140.54081395054527,-29,3,3,0.41354679974170117
1012,3221001,417865.0,3385495.0,8,140,3,0,2585.0,9.2,525,0,5,417165,3389500,500,0,5,-86.0,533,-700.0,4005.0,4065.7133445436116,-25,139.91409921802108,-33,3,3,0.46503996818427173
1013,3221001,417865.0,3385495.0,8,140,3,0,2585.0,9.2,525,0,5,417225,3389560,497,0,12,-91.25,533,-640.0,4065.0,4115.0729033639245,-28,138.94729211736285,-36,3,3,0.5012293810982872
1014,3221001,417865.0,3385495.0,8,140,3,0,2585.0,9.2,525,0,5,417160,3389495,500,0,5,-90.2,533,-705.0,4000.0,4061.652988624213,-25,139.99572227196,-33,3,3,0.4655048391966648
1015,3221001,417865.0,3385495.0,8,140,3,0,2585.0,9.2,525,0,5,417170,3389485,501,0,12,-90.0,533,-695.0,3990.0,4050.0771597588114,-24,139.88095654069883,-32,3,3,0.4526893490853782
1016,3221001,417865.0,3385495.0,8,140,3,0,2585.0,9.2,525,0,5,417200,3389535,498,0,12,-91.67,533,-665.0,4040.0,4094.3650301359307,-27,139.34729369460467,-35,3,3,0.48977153330461126
1017,3221001,417865.0,3385495.0,8,140,3,0,2585.0,9.2,525,0,5,417190,3389505,500,0,12,-91.5,533,-675.0,4010.0,4066.414268123699,-25,139.5549775216582,-33,3,3,0.46495981325013774
1018,3221001,417865.0,3385495.0,8,140,3,0,2585.0,9.2,525,0,5,417250,3389565,498,0,5,-93.67,533,-615.0,4070.0,4116.202740390711,-27,138.5927106894968,-35,3,3,0.4871732715959625
1019,3221001,417865.0,3385495.0,8,140,3,0,2585.0,9.2,525,0,5,417155,3389470,502,0,5,-92.75,533,-710.0,3975.0,4037.9109697961394,-23,140.12716602977645,-31,3,3,0.439864643782264
1020,3221001,417865.0,3385495.0,8,140,3,0,2585.0,9.2,525,0,5,417220,3389555,497,0,12,-88.6,533,-645.0,4060.0,4110.915348191933,-28,139.0269697344021,-36,3,3,0.501736271206815
1021,3221001,417865.0,3385495.0,8,140,3,0,2585.0,9.2,525,0,5,417125,3389460,503,0,6,-88.75,533,-740.0,3965.0,4033.463152180766,-22,140.5716615640597,-30,3,3,0.4261453805985661
1022,3221001,417865.0,3385495.0,8,140,3,0,2585.0,9.2,525,0,5,417135,3389450,503,0,5,-86.0,533,-730.0,3955.0,4021.8061862799905,-22,140.4577537793141,-30,3,3,0.42738049187605254
1023,3221001,417865.0,3385495.0,8,140,3,0,2585.0,9.2,525,0,5,417120,3389455,503,0,6,-86.6,533,-745.0,3960.0,4029.469568069723,-22,140.65459438578915,-30,3,3,0.42656771523521
1024,3221001,417865.0,3385495.0,8,140,3,0,2585.0,9.2,525,0,5,416900,3389690,498,0,5,-102.67,533,-965.0,4195.0,4304.561534000879,-27,142.95471028295037,-35,3,3,0.46585652835089225
1025,3221001,417865.0,3385495.0,8,140,3,0,2585.0,9.2,525,0,5,417205,3389630,495,0,6,-87.5,533,-660.0,4135.0,4187.341041759078,-30,139.06865893212478,-38,3,3,0.5199432847254088
1026,3221001,417865.0,3385495.0,8,140,3,0,2585.0,9.2,525,0,5,417215,3389640,496,0,6,-87.0,533,-650.0,4145.0,4195.655491100288,-29,138.91228166157447,-37,3,3,0.5052580923489175
1027,3221001,417865.0,3385495.0,8,140,3,0,2585.0,9.2,525,0,5,417210,3389635,495,0,6,-91.75,533,-655.0,4140.0,4191.494363589196,-30,138.99039274750936,-38,3,3,0.5194281048805336
1028,3221001,417865.0,3385495.0,8,140,3,0,2585.0,9.2,525,0,5,417990,3385615,524,0,5,-103.5,533,125.0,120.0,173.27723451163456,-1,83.83086067209257,-9,3,3,2.9732645308001344
1029,3221001,417865.0,3385495.0,8,140,3,0,2585.0,9.2,525,0,5,417120,3389395,507,0,6,-94.5,533,-745.0,3900.0,3970.5194874222693,-18,140.81467380814377,-26,3,3,0.375182386108891
1030,3221001,417865.0,3385495.0,8,140,3,0,2585.0,9.2,525,0,5,418590,3384780,510,0,5,-109.5,533,725.0,-715.0,1018.258316931416,-15,-4.6021190381654264,-23,3,3,1.2939534708337292
1031,3221001,417865.0,3385495.0,8,140,3,0,2585.0,9.2,525,0,5,418585,3384765,510,0,14,-109.5,533,720.0,-730.0,1025.3292154230269,-15,-5.395137042507486,-23,3,3,1.2850330821838227
1032,3221001,417865.0,3385495.0,8,140,3,0,2585.0,9.2,525,0,5,417745,3385605,533,0,6,-106.5,533,-120.0,110.0,162.78820596099706,8,177.48955292199918,0,3,3,0.0
1033,3221001,417865.0,3385495.0,8,140,3,0,2585.0,9.2,525,0,5,416955,3389670,499,0,5,-101.25,533,-910.0,4175.0,4273.022934644746,-26,142.29610624152986,-34,3,3,0.45588695003244506
1034,3221001,417865.0,3385495.0,8,140,3,0,2585.0,9.2,525,0,5,416940,3389675,498,0,5,-94.25,533,-925.0,4180.0,4281.124268226747,-27,142.47800072264687,-35,3,3,0.46840677390086694
1035,3221001,417865.0,3385495.0,8,140,3,0,2585.0,9.2,525,0,5,417180,3389585,494,0,6,-94.67,533,-685.0,4090.0,4146.965758238184,-31,139.5077499721541,-39,3,3,0.538820346657828
1036,3221001,417865.0,3385495.0,8,140,3,0,2585.0,9.2,525,0,5,417185,3389590,494,0,6,-93.0,533,-680.0,4095.0,4151.075161930942,-31,139.42828511528916,-39,3,3,0.5382869667784486
1037,3221001,417865.0,3385495.0,8,140,3,0,2585.0,9.2,525,0,5,417190,3389595,494,0,6,-91.25,533,-675.0,4100.0,4155.192534648665,-31,139.3489775892873,-39,3,3,0.5377536105417423
1038,3221001,417865.0,3385495.0,8,140,3,0,2585.0,9.2,525,0,5,417155,3389560,496,0,6,-82.67,533,-710.0,4065.0,4126.53910680609,-29,139.90743982687576,-37,3,3,0.5137203304197429
1039,3221001,417865.0,3385495.0,8,140,3,0,2585.0,9.2,525,0,5,417170,3389575,495,0,6,-90.67,533,-695.0,4080.0,4138.770952831287,-30,139.6671523247436,-38,3,3,0.5260446807559352
1040,3221001,417865.0,3385495.0,8,140,3,0,2585.0,9.2,525,0,5,417175,3389580,495,0,6,-91.33,533,-690.0,4085.0,4142.864347284376,-30,139.5873723218973,-38,3,3,0.5255249467335656
1041,3221001,417865.0,3385495.0,8,140,3,0,2585.0,9.2,525,0,5,417195,3389600,494,0,6,-94.4,533,-670.0,4105.0,4159.317852725372,-31,139.2698272303628,-39,3,3,0.537220283999504
1042,3221001,417865.0,3385495.0,8,140,3,0,2585.0,9.2,525,0,5,417160,3389565,496,0,6,-89.67,533,-705.0,4070.0,4130.608308711926,-29,139.8271859215734,-37,3,3,0.5132142742353107
1043,3221001,417865.0,3385495.0,8,140,3,0,2585.0,9.2,525,0,5,417985,3385515,525,0,10,-85.67,533,120.0,20.0,121.6552506059644,0,49.462322208025626,-8,3,3,3.76233031232997
1044,3221001,417865.0,3385495.0,8,140,3,0,2585.0,9.2,525,0,5,418010,3385530,523,0,5,-92.0,533,145.0,35.0,149.164338901763,-2,53.57043438516149,-10,3,3,3.8353787700785853
1045,3221001,417865.0,3385495.0,8,140,3,0,2585.0,9.2,525,0,5,417980,3385520,526,0,10,-104.0,533,115.0,25.0,117.6860229593982,1,52.26477372789239,-7,3,3,3.4039596614772676
1046,3221001,417865.0,3385495.0,8,140,3,0,2585.0,9.2,525,0,5,416875,3389185,510,0,5,-97.0,533,-990.0,3690.0,3820.497349822402,-15,145.0183606311507,-23,3,3,0.3449255132016777
1047,3221001,417865.0,3385495.0,8,140,3,0,2585.0,9.2,525,0,5,416690,3389330,507,0,5,-93.5,533,-1175.0,3835.0,4010.966217758509,-18,147.03446347723525,-26,3,3,0.37139913969588995
1048,3221001,417865.0,3385495.0,8,140,3,0,2585.0,9.2,525,0,5,417975,3385485,524,0,10,-85.0,533,110.0,-10.0,110.45361017187261,-1,34.80557109226518,-9,3,3,4.658293380556758
1049,3221001,417865.0,3385495.0,8,140,3,0,2585.0,9.2,525,0,5,417990,3385510,524,0,10,-94.5,533,125.0,15.0,125.89678312014172,-1,46.84277341263095,-9,3,3,4.088955028973602
1050,3221001,417865.0,3385495.0,8,140,3,0,2585.0,9.2,525,0,5,418020,3385560,523,0,10,-103.6,533,155.0,65.0,168.0773631397161,-2,62.750976342787624,-10,3,3,3.4048795167681547
1051,3221001,417865.0,3385495.0,8,140,3,0,2585.0,9.2,525,0,5,417925,3385455,524,0,5,-89.76,533,60.0,-40.0,72.11102550927978,-1,6.309932474020229,-9,3,3,7.114158828679269
1052,3221001,417865.0,3385495.0,8,140,3,0,2585.0,9.2,525,0,5,417930,3385450,523,0,5,-93.95,533,65.0,-45.0,79.05694150420949,-2,5.304846468766016,-10,3,3,7.209120586689089
1053,3221001,417865.0,3385495.0,8,140,3,0,2585.0,9.2,525,0,5,418030,3385550,522,0,5,-99.0,533,165.0,55.0,173.92527130926086,-3,58.434948822922024,-11,3,3,3.6188832299832416
1054,3221001,417865.0,3385495.0,8,140,3,0,2585.0,9.2,525,0,5,418050,3385570,521,0,6,-97.67,533,185.0,75.0,199.6246477767713,-4,62.06789956241022,-12,3,3,3.440071092972627
1055,3221001,417865.0,3385495.0,8,140,3,0,2585.0,9.2,525,0,5,418045,3385575,522,0,5,-97.0,533,180.0,80.0,196.9771560359221,-3,63.96248897457818,-11,3,3,3.196307886561333
1056,3221001,417865.0,3385495.0,8,140,3,0,2585.0,9.2,525,0,5,417955,3385465,524,0,5,-94.0,533,90.0,-30.0,94.86832980505137,-1,21.565051177077976,-9,3,3,5.419335736411588
1057,3221001,417865.0,3385495.0,8,140,3,0,2585.0,9.2,525,0,5,418055,3385565,521,0,6,-96.67,533,190.0,70.0,202.48456731316588,-4,60.224859431168085,-12,3,3,3.391597292828703
1058,3221001,417865.0,3385495.0,8,140,3,0,2585.0,9.2,525,0,5,417950,3385470,524,0,5,-99.0,533,85.0,-25.0,88.60022573334675,-1,23.61045966596521,-9,3,3,5.800203070548211
1059,3221001,417865.0,3385495.0,8,140,3,0,2585.0,9.2,525,0,5,417920,3385460,524,99,5,-94.79,533,55.0,-35.0,65.19202405202648,-1,7.528807709151522,-9,3,3,7.860210075750999
1060,3221001,417865.0,3385495.0,8,140,3,0,2585.0,9.2,525,0,5,417935,3385445,523,0,5,-90.21,533,70.0,-50.0,86.02325267042627,-2,4.4623222080256255,-10,3,3,6.630737768078657
1061,3221001,417865.0,3385495.0,8,140,3,0,2585.0,9.2,525,0,5,417940,3385480,525,0,5,-91.78,533,75.0,-15.0,76.48529270389177,0,28.6900675259798,-8,3,3,5.971155657209217
1062,3221001,417865.0,3385495.0,8,140,3,0,2585.0,9.2,525,0,5,417965,3385495,526,0,10,-99.17,533,100.0,0.0,100.0,1,40.0,-7,3,3,4.004172940709387
1063,3221001,417865.0,3385495.0,8,140,3,0,2585.0,9.2,525,0,5,417945,3385475,525,0,5,-91.31,533,80.0,-20.0,82.46211251235322,0,25.963756532073518,-8,3,3,5.541166443639222
1064,3221001,417865.0,3385495.0,8,140,3,0,2585.0,9.2,525,0,5,418040,3385580,522,0,10,-102.6,533,175.0,85.0,194.5507645834372,-3,65.90650799951439,-11,3,3,3.2360872846477045
1065,3221001,417865.0,3385495.0,8,140,3,0,2585.0,9.2,525,0,5,417970,3385490,525,0,10,-103.38,533,105.0,-5.0,105.11898020814318,0,37.27368900609375,-8,3,3,4.352062467467199
1066,3221001,417865.0,3385495.0,8,140,3,0,2585.0,9.2,525,0,5,418025,3385555,522,0,10,-98.67,533,160.0,60.0,170.88007490635061,-3,60.55604521958347,-11,3,3,3.683198157129257
1067,3221001,417865.0,3385495.0,8,140,3,0,2585.0,9.2,525,0,5,417960,3385500,526,0,5,-89.86,533,95.0,5.0,95.13148795220224,1,43.012787504183336,-7,3,3,4.20837474977233
1068,3221001,417865.0,3385495.0,8,140,3,0,2585.0,9.2,525,0,5,417115,3389430,505,0,6,-89.67,533,-750.0,3935.0,4005.836367102381,-20,140.7909885640363,-28,3,3,0.400479588566345
1069,3221001,417865.0,3385495.0,8,140,3,0,2585.0,9.2,525,0,5,417110,3389425,505,0,6,-88.75,533,-755.0,3930.0,4001.865190133221,-20,140.87471193902803,-28,3,3,0.40087698412248157
1070,3221001,417865.0,3385495.0,8,140,3,0,2585.0,9.2,525,0,5,417050,3389365,510,0,6,-83.25,533,-815.0,3870.0,3954.8862183380193,-15,141.89238871936703,-23,3,3,0.3332050531513767
1071,3221001,417865.0,3385495.0,8,140,3,0,2585.0,9.2,525,0,5,417075,3389390,508,0,6,-85.0,533,-790.0,3895.0,3974.308115886336,-17,141.4654350713966,-25,3,3,0.3604087940898701
1072,3221001,417865.0,3385495.0,8,140,3,0,2585.0,9.2,525,0,5,417180,3389465,502,0,12,-83.67,533,-685.0,3970.0,4028.6629295586395,-23,139.78965629744863,-31,3,3,0.44087433995505676
1073,3221001,417865.0,3385495.0,8,140,3,0,2585.0,9.2,525,0,5,417225,3389590,495,0,5,-88.5,533,-640.0,4095.0,4144.710484460887,-30,138.8827932305071,-38,3,3,0.5252908805017628
1074,3221001,417865.0,3385495.0,8,140,3,0,2585.0,9.2,525,0,5,417215,3389580,496,0,5,-93.0,533,-650.0,4085.0,4136.390334579172,-29,139.04103730385702,-37,3,3,0.5124969193482497
1075,3221001,417865.0,3385495.0,8,140,3,0,2585.0,9.2,525,0,5,417135,3389500,500,0,6,-86.0,533,-730.0,4005.0,4070.985752861339,-25,140.33002312517618,-33,3,3,0.46443771279120055
1076,3221001,417865.0,3385495.0,8,140,3,0,2585.0,9.2,525,0,5,417200,3389565,496,0,5,-83.0,533,-665.0,4070.0,4123.969568267933,-29,139.27959759883993,-37,3,3,0.5140403990707111
1077,3221001,417865.0,3385495.0,8,140,3,0,2585.0,9.2,525,0,5,417125,3389490,500,0,6,-86.43,533,-740.0,3995.0,4062.957666528166,-25,140.4940448328611,-33,3,3,0.46535536504147573
1078,3221001,417865.0,3385495.0,8,140,3,0,2585.0,9.2,525,0,5,417170,3389455,503,0,12,-89.33,533,-695.0,3960.0,4020.525463170206,-22,139.95432048900676,-30,3,3,0.4275166272556276
1079,3221001,417865.0,3385495.0,8,140,3,0,2585.0,9.2,525,0,5,417160,3389445,503,0,12,-88.5,533,-705.0,3950.0,4012.4213387928244,-22,140.11965121470854,-30,3,3,0.42838007569321684
1080,3221001,417865.0,3385495.0,8,140,3,0,2585.0,9.2,525,0,5,417155,3389520,499,0,6,-89.0,533,-710.0,4025.0,4087.1414215806135,-26,140.00391943864514,-34,3,3,0.47661956558948804
1081,3221001,417865.0,3385495.0,8,140,3,0,2585.0,9.2,525,0,5,417150,3389515,499,0,6,-94.0,533,-715.0,4020.0,4083.0901288117557,-26,140.085203263991,-34,3,3,0.4770924515970989
1082,3221001,417865.0,3385495.0,8,140,3,0,2585.0,9.2,525,0,5,417220,3389585,495,0,5,-89.67,533,-645.0,4090.0,4140.5464615193005,-30,138.96183577199935,-38,3,3,0.5258191200824857
1083,3221001,417865.0,3385495.0,8,140,3,0,2585.0,9.2,525,0,5,417210,3389575,496,0,5,-87.6,533,-655.0,4080.0,4132.242127465427,-29,139.12039800267007,-37,3,3,0.5130113688253305
1084,3221001,417865.0,3385495.0,8,140,3,0,2585.0,9.2,525,0,5,417175,3389460,502,0,12,-86.0,533,-690.0,3965.0,4024.590041234014,-23,139.8719051581125,-31,3,3,0.4413204875002265
1085,3221001,417865.0,3385495.0,8,140,3,0,2585.0,9.2,525,0,5,417985,3385585,525,0,5,-104.37,533,120.0,90.0,150.0,0,76.86989764584402,-8,3,3,3.052882514792428
1086,3221001,417865.0,3385495.0,8,140,3,0,2585.0,9.2,525,0,5,417930,3385540,526,0,5,-95.6,533,65.0,45.0,79.05694150420949,1,74.69515353123398,-7,3,3,5.059988675900263
1087,3221001,417865.0,3385495.0,8,140,3,0,2585.0,9.2,525,0,5,417970,3385580,526,0,5,-101.77,533,105.0,85.0,135.09256086106296,1,78.99099404250546,-7,3,3,2.9662039292242457
1088,3221001,417865.0,3385495.0,8,140,3,0,2585.0,9.2,525,0,5,417925,3385525,527,0,10,-92.14,533,60.0,30.0,67.08203932499369,2,66.56505117707798,-6,3,3,5.111089695288715
1089,3221001,417865.0,3385495.0,8,140,3,0,2585.0,9.2,525,0,5,417940,3385550,526,0,5,-97.5,533,75.0,55.0,93.00537618869137,1,76.2538377374448,-7,3,3,4.3042210751879
1090,3221001,417865.0,3385495.0,8,140,3,0,2585.0,9.2,525,0,5,416815,3389215,511,0,5,-89.5,533,-1050.0,3720.0,3865.3460388430944,-14,145.76214776397256,-22,3,3,0.32610108533705545
1091,3221001,417865.0,3385495.0,8,140,3,0,2585.0,9.2,525,0,5,418010,3385460,522,0,5,-97.33,533,145.0,-35.0,149.164338901763,-3,26.42956561483851,-11,3,3,4.2175952412644255
1092,3221001,417865.0,3385495.0,8,140,3,0,2585.0,9.2,525,0,5,418030,3385480,521,0,5,-105.5,533,165.0,-15.0,165.6804152578089,-4,34.80557109226518,-12,3,3,4.142619096366386
1093,3221001,417865.0,3385495.0,8,140,3,0,2585.0,9.2,525,0,5,418020,3385470,521,0,5,-110.33,533,155.0,-25.0,157.00318468107582,-4,30.837652954278298,-12,3,3,4.370708723413061
1094,3221001,417865.0,3385495.0,8,140,3,0,2585.0,9.2,525,0,5,417960,3385570,526,0,5,-98.0,533,95.0,75.0,121.03718436910205,1,78.29016319224309,-7,3,3,3.3099266074969504
1095,3221001,417865.0,3385495.0,8,140,3,0,2585.0,9.2,525,0,5,417920,3385530,526,0,10,-86.0,533,55.0,35.0,65.19202405202648,1,72.47119229084848,-7,3,3,6.128658669573428
1096,3221001,417865.0,3385495.0,8,140,3,0,2585.0,9.2,525,0,5,417995,3385595,524,0,5,-107.0,533,130.0,100.0,164.01219466856725,-1,77.56859202882748,-9,3,3,3.1408967533354084
1097,3221001,417865.0,3385495.0,8,140,3,0,2585.0,9.2,525,0,5,418005,3385445,521,0,5,-98.0,533,140.0,-50.0,148.66068747318505,-4,20.346175941946683,-12,3,3,4.614951383964139
1098,3221001,417865.0,3385495.0,8,140,3,0,2585.0,9.2,525,0,5,416810,3389220,511,0,5,-92.0,533,-1055.0,3725.0,3871.5177902212977,-14,145.81326111057626,-22,3,3,0.3255812449095604
1099,3221001,417865.0,3385495.0,8,140,3,0,2585.0,9.2,525,0,5,418000,3385450,522,0,5,-95.0,533,135.0,-45.0,142.30249470757707,-3,21.565051177077976,-11,3,3,4.420180668608431
1100,3221001,417865.0,3385495.0,8,140,3,0,2585.0,9.2,525,0,5,417935,3385535,527,0,5,-100.5,533,70.0,40.0,80.62257748298549,2,69.74488129694222,-6,3,3,4.256154139057605
1101,3221001,417865.0,3385495.0,8,140,3,0,2585.0,9.2,525,0,5,417095,3389405,507,0,6,-87.0,533,-770.0,3910.0,3985.0972384623187,-18,141.14075251438118,-26,3,3,0.37380998297638635
1102,3221001,417865.0,3385495.0,8,140,3,0,2585.0,9.2,525,0,5,417115,3389425,505,0,6,-91.5,533,-750.0,3930.0,4000.9248930716008,-20,140.80439459753927,-28,3,3,0.4009711951248097
1103,3221001,417865.0,3385495.0,8,140,3,0,2585.0,9.2,525,0,5,417105,3389435,505,0,6,-82.5,533,-760.0,3940.0,4012.6300601974262,-20,140.91788536043146,-28,3,3,0.3998015676711128
1104,3221001,417865.0,3385495.0,8,140,3,0,2585.0,9.2,525,0,5,417730,3385510,529,0,5,-90.5,533,-135.0,15.0,135.83077707206124,4,213.65980825409008,-4,3,3,1.686781947204956
1105,3221001,417865.0,3385495.0,8,140,3,0,2585.0,9.2,525,0,5,417745,3385495,528,0,5,-92.0,533,-120.0,0.0,120.0,3,220.0,-5,3,3,2.3859440303888126
1106,3221001,417865.0,3385495.0,8,140,3,0,2585.0,9.2,525,0,5,417610,3385550,529,0,6,-112.67,533,-255.0,55.0,260.86394921491166,4,207.82854179141253,-4,3,3,0.8784853535198204
1107,3221001,417865.0,3385495.0,8,140,3,0,2585.0,9.2,525,0,5,417820,3385420,524,0,5,-86.0,533,-45.0,-75.0,87.46427842267951,-1,-80.96375653207352,-9,3,3,5.875009967692122
1108,3221001,417865.0,3385495.0,8,140,3,0,2585.0,9.2,525,0,5,417900,3385340,519,93,6,-99.0,533,35.0,-155.0,158.90248582070703,-6,-37.27564431457763,-14,3,3,5.035006317063942
1109,3221001,417865.0,3385495.0,8,140,3,0,2585.0,9.2,525,0,5,417915,3385325,518,0,5,-101.0,533,50.0,-170.0,177.2004514666935,-7,-33.61045966596522,-15,3,3,4.838546808084518
1110,3221001,417865.0,3385495.0,8,140,3,0,2585.0,9.2,525,0,5,417885,3385355,520,0,10,-97.67,533,20.0,-140.0,141.4213562373095,-5,-41.869897645844034,-13,3,3,5.252090249674784
1111,3221001,417865.0,3385495.0,8,140,3,0,2585.0,9.2,525,0,5,417830,3385410,523,0,5,-103.5,533,-35.0,-85.0,91.92388155425118,-2,-72.38013505195958,-10,3,3,6.208544626185846
1112,3221001,417865.0,3385495.0,8,140,3,0,2585.0,9.2,525,0,5,417880,3385360,520,0,10,-97.5,533,15.0,-135.0,135.83077707206124,-5,-43.659808254090095,-13,3,3,5.466973935920791
1113,3221001,417865.0,3385495.0,8,140,3,0,2585.0,9.2,525,0,5,417910,3385330,518,0,6,-100.0,533,45.0,-165.0,171.0263137648707,-7,-34.744881296942225,-15,3,3,5.012346376969022
1114,3221001,417865.0,3385495.0,8,140,3,0,2585.0,9.2,525,0,5,417615,3385545,530,0,6,-110.5,533,-250.0,50.0,254.95097567963924,5,208.69006752597977,-3,3,3,0.6741664960421667
1115,3221001,417865.0,3385495.0,8,140,3,0,2585.0,9.2,525,0,5,418580,3384765,510,0,5,-109.25,533,715.0,-730.0,1021.8243488975979,-15,-5.594744515218508,-23,3,3,1.289439271431408
1116,3221001,417865.0,3385495.0,8,140,3,0,2585.0,9.2,525,0,5,417775,3385540,530,0,14,-88.5,533,-90.0,45.0,100.62305898749054,5,193.43494882292202,-3,3,3,1.7077242317193897
1117,3221001,417865.0,3385495.0,8,140,3,0,2585.0,9.2,525,0,5,417845,3385450,525,93,5,-82.75,533,-20.0,-45.0,49.24428900898052,0,-73.96248897457819,-8,3,3,9.227395818696502
1118,3221001,417865.0,3385495.0,8,140,3,0,2585.0,9.2,525,0,5,417780,3385545,530,0,14,-98.75,533,-85.0,50.0,98.6154146165801,5,189.53445508054017,-3,3,3,1.742469412707421
1119,3221001,417865.0,3385495.0,8,140,3,0,2585.0,9.2,525,0,5,417815,3385580,530,5,6,-108.08,533,-50.0,85.0,98.6154146165801,5,160.4655449194599,-3,3,3,1.742469412707421
1120,3221001,417865.0,3385495.0,8,140,3,0,2585.0,9.2,525,0,5,417805,3385570,530,5,14,-109.8,533,-60.0,75.0,96.04686356149273,5,168.65980825409008,-3,3,3,1.7890378357429846
1121,3221001,417865.0,3385495.0,8,140,3,0,2585.0,9.2,525,0,5,417800,3385565,530,5,14,-106.0,533,-65.0,70.0,95.524865872714,5,172.87890360333859,-3,3,3,1.798807666277357
1122,3221001,417865.0,3385495.0,8,140,3,0,2585.0,9.2,525,0,5,417905,3385510,526,0,5,-95.44,533,40.0,15.0,42.720018726587654,1,60.55604521958347,-7,3,3,9.305653843358328
1123,3221001,417865.0,3385495.0,8,140,3,0,2585.0,9.2,525,0,5,417885,3385490,525,99,5,-82.1,533,20.0,-5.0,20.615528128088304,0,25.963756532073518,-8,3,3,21.209091611163863
1124,3221001,417865.0,3385495.0,8,140,3,0,2585.0,9.2,525,0,5,417825,3385590,530,5,14,-107.6,533,-40.0,95.0,103.07764064044152,5,152.83365417791754,-3,3,3,1.6670815244432007
1125,3221001,417865.0,3385495.0,8,140,3,0,2585.0,9.2,525,0,5,417810,3385575,530,5,6,-110.33,533,-55.0,80.0,97.082439194738,5,164.5085229876684,-3,3,3,1.7699664237938884
1126,3221001,417865.0,3385495.0,8,140,3,0,2585.0,9.2,525,0,5,417860,3385465,525,0,5,-84.29,533,-5.0,-30.0,30.4138126514911,0,-59.462322208025626,-8,3,3,14.737158444657044
1127,3221001,417865.0,3385495.0,8,140,3,0,2585.0,9.2,525,0,5,417795,3385560,530,5,14,-97.67,533,-70.0,65.0,95.524865872714,5,177.12109639666141,-3,3,3,1.798807666277357
1128,3221001,417865.0,3385495.0,8,140,3,0,2585.0,9.2,525,0,5,417895,3385500,525,99,6,-83.42,533,30.0,5.0,30.4138126514911,0,49.462322208025626,-8,3,3,14.737158444657044
1129,3221001,417865.0,3385495.0,8,140,3,0,2585.0,9.2,525,0,5,417880,3385485,525,0,5,-81.9,533,15.0,-10.0,18.027756377319946,0,6.309932474020229,-8,3,3,23.929740976046826
1130,3221001,417865.0,3385495.0,8,140,3,0,2585.0,9.2,525,0,5,417865,3385470,525,0,10,-84.44,533,0.0,-25.0,25.0,0,-50.0,-8,3,3,17.744671625056935
1131,3221001,417865.0,3385495.0,8,140,3,0,2585.0,9.2,525,0,5,417875,3385480,525,0,10,-85.39,533,10.0,-15.0,18.027756377319946,0,-16.309932474020215,-8,3,3,23.929740976046826
1132,3221001,417865.0,3385495.0,8,140,3,0,2585.0,9.2,525,0,5,417870,3385475,525,0,10,-90.46,533,5.0,-20.0,20.615528128088304,0,-35.96375653207353,-8,3,3,21.209091611163863
1133,3221001,417865.0,3385495.0,8,140,3,0,2585.0,9.2,525,0,5,417890,3385495,525,99,5,-80.28,533,25.0,0.0,25.0,0,40.0,-8,3,3,17.744671625056935
1134,3221001,417865.0,3385495.0,8,140,3,0,2585.0,9.2,525,0,5,417915,3385520,526,0,10,-87.68,533,50.0,25.0,55.90169943749474,1,66.56505117707798,-7,3,3,7.137416257938385
1135,3221001,417865.0,3385495.0,8,140,3,0,2585.0,9.2,525,0,5,417900,3385505,525,99,6,-85.06,533,35.0,10.0,36.40054944640259,0,55.94539590092285,-8,3,3,12.395225515323695
1136,3221001,417865.0,3385495.0,8,140,3,0,2585.0,9.2,525,0,5,417910,3385515,526,0,5,-95.06,533,45.0,20.0,49.24428900898052,1,63.96248897457818,-7,3,3,8.090306141289219
1137,3221001,417865.0,3385495.0,8,140,3,0,2585.0,9.2,525,0,5,417790,3385555,530,0,14,-97.44,533,-75.0,60.0,96.04686356149273,5,181.34019174590992,-3,3,3,1.7890378357429846
1138,3221001,417865.0,3385495.0,8,140,3,0,2585.0,9.2,525,0,5,417770,3385535,530,0,14,-109.5,533,-95.0,40.0,103.07764064044152,5,197.16634582208246,-3,3,3,1.6670815244432007
1139,3221001,417865.0,3385495.0,8,140,3,0,2585.0,9.2,525,0,5,417785,3385550,530,0,14,-100.78,533,-80.0,55.0,97.082439194738,5,185.4914770123316,-3,3,3,1.7699664237938884
1140,3221001,417865.0,3385495.0,8,140,3,0,2585.0,9.2,525,0,5,417855,3385460,525,0,5,-81.11,533,-10.0,-35.0,36.40054944640259,0,-65.94539590092286,-8,3,3,12.395225515323695
1141,3221001,417865.0,3385495.0,8,140,3,0,2585.0,9.2,525,0,5,417835,3385600,529,0,14,-100.0,533,-30.0,105.0,109.20164833920778,4,145.94539590092285,-4,3,3,2.097776949209153
1142,3221001,417865.0,3385495.0,8,140,3,0,2585.0,9.2,525,0,5,417820,3385585,530,5,6,-103.88,533,-45.0,90.0,100.62305898749054,5,156.56505117707798,-3,3,3,1.7077242317193897
1143,3221001,417865.0,3385495.0,8,140,3,0,2585.0,9.2,525,0,5,417840,3385445,525,93,5,-85.71,533,-25.0,-50.0,55.90169943749474,0,-76.56505117707799,-8,3,3,8.144207136149896
1144,3221001,417865.0,3385495.0,8,140,3,0,2585.0,9.2,525,0,5,417850,3385455,525,0,5,-77.0,533,-15.0,-40.0,42.720018726587654,0,-70.55604521958347,-8,3,3,10.606693749208384
1145,3221001,417865.0,3385495.0,8,140,3,0,2585.0,9.2,525,0,5,417255,3389725,501,0,5,-102.0,533,-610.0,4230.0,4273.75712927162,-24,138.2059405355625,-32,3,3,0.4289973965812476
1146,3221001,417865.0,3385495.0,8,140,3,0,2585.0,9.2,525,0,5,417195,3389665,496,0,6,-97.5,533,-670.0,4170.0,4223.481975810954,-29,139.12778467349222,-37,3,3,0.5019293614649729
1147,3221001,417865.0,3385495.0,8,140,3,0,2585.0,9.2,525,0,5,417175,3389455,503,0,12,-86.33,533,-690.0,3960.0,4019.6641650764805,-22,139.88412400752208,-30,3,3,0.4276082283371213
1148,3221001,417865.0,3385495.0,8,140,3,0,2585.0,9.2,525,0,5,417135,3389495,500,0,6,-87.0,533,-730.0,4000.0,4066.0668956621953,-25,140.3426571404746,-33,3,3,0.4649995339795789
1149,3221001,417865.0,3385495.0,8,140,3,0,2585.0,9.2,525,0,5,417210,3389580,495,0,5,-91.83,533,-655.0,4085.0,4137.178990568332,-30,139.10942200849547,-38,3,3,0.5262470882888473
1150,3221001,417865.0,3385495.0,8,140,3,0,2585.0,9.2,525,0,5,417220,3389590,495,0,5,-93.67,533,-645.0,4095.0,4145.485496295941,-30,138.95107064167973,-38,3,3,0.5251926811849501
1151,3221001,417865.0,3385495.0,8,140,3,0,2585.0,9.2,525,0,5,417205,3389565,496,0,12,-91.0,533,-660.0,4070.0,4123.166259078089,-29,139.21102654081665,-37,3,3,0.5141405432769066
1152,3221001,417865.0,3385495.0,8,140,3,0,2585.0,9.2,525,0,5,417125,3389485,501,0,6,-87.0,533,-740.0,3990.0,4058.04139949311,-24,140.5069026009869,-32,3,3,0.45180094590042225
1153,3221001,417865.0,3385495.0,8,140,3,0,2585.0,9.2,525,0,5,417215,3389575,496,0,5,-89.5,533,-650.0,4080.0,4131.452529074974,-29,139.05193367065806,-37,3,3,0.5131094097183959
1154,3221001,417865.0,3385495.0,8,140,3,0,2585.0,9.2,525,0,5,417225,3389585,496,0,5,-95.5,533,-640.0,4090.0,4139.770525041213,-29,138.89347891004223,-37,3,3,0.5120784795092865
1155,3221001,417865.0,3385495.0,8,140,3,0,2585.0,9.2,525,0,5,417155,3389515,499,0,6,-91.0,533,-710.0,4020.0,4082.217534625023,-26,140.01611032210667,-34,3,3,0.47719442775267895
1156,3221001,417865.0,3385495.0,8,140,3,0,2585.0,9.2,525,0,5,417200,3389570,496,0,5,-85.5,533,-665.0,4075.0,4128.90421298436,-29,139.26840930084154,-37,3,3,0.5134260784815311
1157,3221001,417865.0,3385495.0,8,140,3,0,2585.0,9.2,525,0,5,417235,3389595,495,0,5,-85.5,533,-630.0,4100.0,4148.120056121809,-30,138.73566083680896,-38,3,3,0.5248591387391003
1158,3221001,417865.0,3385495.0,8,140,3,0,2585.0,9.2,525,0,5,417275,3389555,499,0,5,-93.0,533,-590.0,4060.0,4102.645487974802,-26,138.26835457001232,-34,3,3,0.4748184832274633
1159,3221001,417865.0,3385495.0,8,140,3,0,2585.0,9.2,525,0,5,417940,3385580,526,99,5,-93.0,533,75.0,85.0,113.35784048754634,1,88.57633437499734,-7,3,3,3.5336049701553054
1160,3221001,417865.0,3385495.0,8,140,3,0,2585.0,9.2,525,0,5,417975,3385545,526,0,5,-93.0,533,110.0,50.0,120.83045973594572,1,64.44395478041653,-7,3,3,3.315576823080374
1161,3221001,417865.0,3385495.0,8,140,3,0,2585.0,9.2,525,0,5,417980,3385540,526,0,5,-95.0,533,115.0,45.0,123.4908903522847,1,61.37062226934319,-7,3,3,3.2443018257546146
1162,3221001,417865.0,3385495.0,8,140,3,0,2585.0,9.2,525,0,5,418005,3385515,523,0,5,-93.0,533,140.0,20.0,141.4213562373095,-2,48.13010235415598,-10,3,3,4.044691235386268
1163,3221001,417865.0,3385495.0,8,140,3,0,2585.0,9.2,525,0,5,417985,3385535,525,0,10,-94.43,533,120.0,40.0,126.49110640673517,0,58.434948822922024,-8,3,3,3.6188832299832416
1164,3221001,417865.0,3385495.0,8,140,3,0,2585.0,9.2,525,0,5,417995,3385525,525,0,10,-84.0,533,130.0,30.0,133.41664064126334,0,52.99461679191651,-8,3,3,3.4314914781042494
1165,3221001,417865.0,3385495.0,8,140,3,0,2585.0,9.2,525,0,5,418020,3385500,522,96,6,-93.5,533,155.0,5.0,155.08062419270823,-3,41.847610265994604,-11,3,3,4.057243018462745
1166,3221001,417865.0,3385495.0,8,140,3,0,2585.0,9.2,525,0,5,418015,3385505,522,96,6,-95.33,533,150.0,10.0,150.33296378372907,-3,43.81407483429035,-11,3,3,4.184926375960791
1167,3221001,417865.0,3385495.0,8,140,3,0,2585.0,9.2,525,0,5,418010,3385510,523,96,6,-100.0,533,145.0,15.0,145.7737973711325,-2,45.9061411137705,-10,3,3,3.9243099740178784
1168,3221001,417865.0,3385495.0,8,140,3,0,2585.0,9.2,525,0,5,418035,3385485,521,0,5,-100.5,533,170.0,-10.0,170.29386365926402,-4,36.63353933657021,-12,3,3,4.030766025252884
1169,3221001,417865.0,3385495.0,8,140,3,0,2585.0,9.2,525,0,5,418025,3385495,521,96,6,-105.0,533,160.0,0.0,160.0,-4,40.0,-12,3,3,4.289153328819018
1170,3221001,417865.0,3385495.0,8,140,3,0,2585.0,9.2,525,0,5,416930,3389150,508,0,5,-89.0,533,-935.0,3655.0,3772.697973599265,-17,144.34933204294714,-25,3,3,0.3796682194860877
1171,3221001,417865.0,3385495.0,8,140,3,0,2585.0,9.2,525,0,5,417990,3385530,525,0,10,-100.5,533,125.0,35.0,129.80754985747168,0,55.64224645720873,-8,3,3,3.526661048193506
1172,3221001,417865.0,3385495.0,8,140,3,0,2585.0,9.2,525,0,5,418040,3385615,522,0,5,-107.5,533,175.0,120.0,212.19095173922943,-3,74.43898930880363,-11,3,3,2.967562461077075
1173,3221001,417865.0,3385495.0,8,140,3,0,2585.0,9.2,525,0,5,418000,3385655,521,0,5,-111.0,533,135.0,160.0,209.34421415458323,-4,89.84400037508067,-12,3,3,3.2807106188827992
1174,3221001,417865.0,3385495.0,8,140,3,0,2585.0,9.2,525,0,5,417815,3385675,530,0,5,-108.0,533,-50.0,180.0,186.81541692269406,5,145.52411099675425,-3,3,3,0.9200127496982524
1175,3221001,417865.0,3385495.0,8,140,3,0,2585.0,9.2,525,0,5,418585,3384805,511,0,5,-108.67,533,720.0,-690.0,997.2462083156797,-14,-3.781124764868707,-22,3,3,1.263782917371183
1176,3221001,417865.0,3385495.0,8,140,3,0,2585.0,9.2,525,0,5,417805,3385665,530,0,5,-105.5,533,-60.0,170.0,180.27756377319946,5,149.44003482817618,-3,3,3,0.9533714071467996
1177,3221001,417865.0,3385495.0,8,140,3,0,2585.0,9.2,525,0,5,417940,3385385,521,0,6,-90.2,533,75.0,-110.0,133.13526955694348,-4,-15.713123022791038,-12,3,3,5.150374270690443
1178,3221001,417865.0,3385495.0,8,140,3,0,2585.0,9.2,525,0,5,417975,3385420,522,0,6,-93.38,533,110.0,-75.0,133.13526955694348,-3,5.713123022791024,-11,3,3,4.723205781296954
1179,3221001,417865.0,3385495.0,8,140,3,0,2585.0,9.2,525,0,5,417985,3385430,522,0,6,-95.0,533,120.0,-65.0,136.4734406395618,-3,11.557071375636639,-11,3,3,4.608178872372693
1180,3221001,417865.0,3385495.0,8,140,3,0,2585.0,9.2,525,0,5,417945,3385390,521,0,6,-93.0,533,80.0,-105.0,132.00378782444085,-4,-12.696051722016563,-12,3,3,5.194280669908639
1181,3221001,417865.0,3385495.0,8,140,3,0,2585.0,9.2,525,0,5,417970,3385415,522,0,6,-96.29,533,105.0,-80.0,132.00378782444085,-3,2.6960517220165627,-11,3,3,4.763505627924038
1182,3221001,417865.0,3385495.0,8,140,3,0,2585.0,9.2,525,0,5,417955,3385400,521,0,6,-90.9,533,90.0,-95.0,130.86252328302402,-4,-6.548157698977974,-12,3,3,5.239329459986255
1183,3221001,417865.0,3385495.0,8,140,3,0,2585.0,9.2,525,0,5,417950,3385395,521,0,6,-93.27,533,85.0,-100.0,131.24404748406687,-4,-9.635463426902646,-12,3,3,5.224183215153356
1184,3221001,417865.0,3385495.0,8,140,3,0,2585.0,9.2,525,0,5,417980,3385425,522,0,6,-108.27,533,115.0,-70.0,134.6291201783626,-3,8.671307132195835,-11,3,3,4.6710300830116145
1185,3221001,417865.0,3385495.0,8,140,3,0,2585.0,9.2,525,0,5,417965,3385410,522,0,6,-89.08,533,100.0,-85.0,131.24404748406687,-3,-0.36453657309735377,-11,3,3,4.790952432344356
1186,3221001,417865.0,3385495.0,8,140,3,0,2585.0,9.2,525,0,5,417960,3385405,521,0,6,-91.09,533,95.0,-90.0,130.86252328302402,-4,-3.451842301022026,-12,3,3,5.239329459986255
1187,3221001,417865.0,3385495.0,8,140,3,0,2585.0,9.2,525,0,5,417995,3385440,522,0,5,-103.17,533,130.0,-55.0,141.15594213493105,-3,17.06789956241022,-11,3,3,4.455939991066649
1188,3221001,417865.0,3385495.0,8,140,3,0,2585.0,9.2,525,0,5,417990,3385435,522,0,5,-97.25,533,125.0,-60.0,138.6542462386205,-3,14.358994175694704,-11,3,3,4.536004587760297
1189,3221001,417865.0,3385495.0,8,140,3,0,2585.0,9.2,525,0,5,418035,3385320,515,0,5,-104.25,533,170.0,-175.0,243.97745797511703,-10,-5.83031548625803,-18,3,3,4.219483760012439
1190,3221001,417865.0,3385495.0,8,140,3,0,2585.0,9.2,525,0,5,417685,3385205,518,96,5,-114.5,533,-180.0,-290.0,341.32096331752024,-7,-81.82744657667313,-15,3,3,2.5163530513530477
1191,3221001,417865.0,3385495.0,8,140,3,0,2585.0,9.2,525,0,5,418035,3385630,522,0,5,-109.0,533,170.0,135.0,217.0829334609241,-3,78.45370921670596,-11,3,3,2.9008037289411397
1192,3221001,417865.0,3385495.0,8,140,3,0,2585.0,9.2,525,0,5,418015,3385610,523,102,5,-105.57,533,150.0,115.0,189.01058171435798,-2,77.47617956136136,-10,3,3,3.028529333002767
1193,3221001,417865.0,3385495.0,8,140,3,0,2585.0,9.2,525,0,5,418010,3385605,523,102,5,-108.0,533,145.0,110.0,182.00274723201295,-2,77.18470645323313,-10,3,3,3.14491008857507
1194,3221001,417865.0,3385495.0,8,140,3,0,2585.0,9.2,525,0,5,416750,3389720,500,0,6,-84.5,533,-1115.0,4225.0,4369.651015813505,-25,144.78360647317498,-33,3,3,0.43269468714826304
1195,3221001,417865.0,3385495.0,8,140,3,0,2585.0,9.2,525,0,5,417110,3389395,508,0,6,-92.83,533,-755.0,3900.0,3972.407959915497,-17,140.956346617706,-25,3,3,0.3605811869687197
1196,3221001,417865.0,3385495.0,8,140,3,0,2585.0,9.2,525,0,5,417105,3389390,508,0,6,-88.5,533,-760.0,3895.0,3968.45372909903,-17,141.04094018032373,-25,3,3,0.36094046633426574
1197,3221001,417865.0,3385495.0,8,140,3,0,2585.0,9.2,525,0,5,417115,3389400,507,0,6,-86.0,533,-750.0,3905.0,3976.370832807222,-18,140.87192148417142,-26,3,3,0.37463031005763225
1198,3221001,417865.0,3385495.0,8,140,3,0,2585.0,9.2,525,0,5,417100,3389385,509,0,6,-85.0,533,-765.0,3890.0,3964.5081662168386,-16,141.12570230664517,-24,3,3,0.3468480459805311
1199,3221001,417865.0,3385495.0,8,140,3,0,2585.0,9.2,525,0,5,417085,3389370,510,0,6,-93.75,533,-780.0,3875.0,3952.7237444577377,-15,141.38100137767788,-23,3,3,0.333387340356726
1200,3221001,417865.0,3385495.0,8,140,3,0,2585.0,9.2,525,0,5,417080,3389365,510,0,6,-84.0,533,-785.0,3870.0,3948.8131128226364,-15,141.46643905636932,-23,3,3,0.33371749667746603
1201,3221001,417865.0,3385495.0,8,140,3,0,2585.0,9.2,525,0,5,418045,3385060,523,0,14,-129.67,533,180.0,-435.0,470.7706447942565,-2,-27.520565602896895,-10,3,3,1.2168805543055854
1202,3221001,417865.0,3385495.0,8,140,3,0,2585.0,9.2,525,0,5,417190,3389305,512,0,5,-100.5,533,-675.0,3810.0,3869.331337582761,-13,140.04658014110765,-21,3,3,0.3109580057299636
1203,3221001,417865.0,3385495.0,8,140,3,0,2585.0,9.2,525,0,5,417195,3389670,496,0,6,-99.25,533,-670.0,4175.0,4228.41873517749,-29,139.11703689249435,-37,3,3,0.5013433793093011
1204,3221001,417865.0,3385495.0,8,140,3,0,2585.0,9.2,525,0,5,417190,3389665,496,0,6,-93.0,533,-675.0,4170.0,4224.278044826122,-29,139.19474316321987,-37,3,3,0.5018347772611302
1205,3221001,417865.0,3385495.0,8,140,3,0,2585.0,9.2,525,0,5,417260,3389755,502,0,5,-98.0,533,-605.0,4260.0,4302.746216081074,-23,138.0830228417335,-31,3,3,0.4127918181484428
1206,3221001,417865.0,3385495.0,8,140,3,0,2585.0,9.2,525,0,5,417155,3389535,498,0,6,-88.0,533,-710.0,4040.0,4101.914187303289,-27,139.96752240136328,-35,3,3,0.4888702022431272
1207,3221001,417865.0,3385495.0,8,140,3,0,2585.0,9.2,525,0,5,417165,3389585,495,0,6,-89.8,533,-700.0,4090.0,4149.469845654984,-30,139.71202489599455,-38,3,3,0.5246884157828839
1208,3221001,417865.0,3385495.0,8,140,3,0,2585.0,9.2,525,0,5,417050,3389640,499,0,5,-95.5,533,-815.0,4145.0,4224.363857434631,-26,141.12373514593293,-34,3,3,0.46113793847904366
1209,3221001,417865.0,3385495.0,8,140,3,0,2585.0,9.2,525,0,5,417160,3389590,495,0,6,-96.78,533,-705.0,4095.0,4155.243675165152,-30,139.76835016763567,-38,3,3,0.523959386950168
1210,3221001,417865.0,3385495.0,8,140,3,0,2585.0,9.2,525,0,5,417145,3389525,498,0,6,-87.0,533,-720.0,4030.0,4093.812404104516,-27,140.12959228227623,-35,3,3,0.48983764461717266
1211,3221001,417865.0,3385495.0,8,140,3,0,2585.0,9.2,525,0,5,417190,3389580,495,0,5,-92.67,533,-675.0,4085.0,4140.392493472086,-30,139.3826973919854,-38,3,3,0.5258386725276541
1212,3221001,417865.0,3385495.0,8,140,3,0,2585.0,9.2,525,0,5,417185,3389565,496,0,5,-93.6,533,-680.0,4070.0,4126.414908852477,-29,139.48514921060791,-37,3,3,0.5137357916846937
1213,3221001,417865.0,3385495.0,8,140,3,0,2585.0,9.2,525,0,5,417770,3385430,525,0,10,-103.5,533,-95.0,-65.0,115.10864433221339,0,-105.61965527615513,-8,3,3,3.975638595545148
1214,3221001,417865.0,3385495.0,8,140,3,0,2585.0,9.2,525,0,5,417810,3385390,523,0,5,-99.5,533,-55.0,-105.0,118.53269591129698,-2,-77.64597536373869,-10,3,3,4.822333921303894
1215,3221001,417865.0,3385495.0,8,140,3,0,2585.0,9.2,525,0,5,417865,3385335,519,0,10,-97.0,533,0.0,-160.0,160.0,-6,-50.0,-14,3,3,5.000644597558433
1216,3221001,417865.0,3385495.0,8,140,3,0,2585.0,9.2,525,0,5,417830,3385370,522,0,5,-102.5,533,-35.0,-125.0,129.80754985747168,-3,-65.64224645720874,-11,3,3,4.843719979143165
1217,3221001,417865.0,3385495.0,8,140,3,0,2585.0,9.2,525,0,5,417835,3385365,522,0,5,-113.0,533,-30.0,-130.0,133.41664064126334,-3,-62.9946167919165,-11,3,3,4.713289628281448
1218,3221001,417865.0,3385495.0,8,140,3,0,2585.0,9.2,525,0,5,417900,3385300,517,0,5,-97.0,533,35.0,-195.0,198.11612756158948,-8,-39.8244891569568,-16,3,3,4.617227183893522
1219,3221001,417865.0,3385495.0,8,140,3,0,2585.0,9.2,525,0,5,417885,3385315,518,93,6,-109.33,533,20.0,-180.0,181.10770276274835,-7,-43.659808254090095,-15,3,3,4.734638854140825
1220,3221001,417865.0,3385495.0,8,140,3,0,2585.0,9.2,525,0,5,417815,3385385,523,0,5,-107.5,533,-50.0,-110.0,120.83045973594572,-2,-74.44395478041653,-10,3,3,4.731050624536694
1221,3221001,417865.0,3385495.0,8,140,3,0,2585.0,9.2,525,0,5,417820,3385380,523,0,5,-102.33,533,-45.0,-115.0,123.4908903522847,-2,-71.37062226934319,-10,3,3,4.629574951783187
1222,3221001,417865.0,3385495.0,8,140,3,0,2585.0,9.2,525,0,5,417840,3385360,521,0,5,-112.0,533,-25.0,-135.0,137.2953021774598,-4,-60.4914770123316,-12,3,3,4.995120268354493
1223,3221001,417865.0,3385495.0,8,140,3,0,2585.0,9.2,525,0,5,417870,3385330,519,0,10,-110.5,533,5.0,-165.0,165.07574019219177,-6,-48.264295411071615,-14,3,3,4.847629298715351
1224,3221001,417865.0,3385495.0,8,140,3,0,2585.0,9.2,525,0,5,417880,3385320,518,0,6,-95.5,533,15.0,-175.0,175.64168070250295,-7,-45.10090754621224,-15,3,3,4.8812809854007195
1225,3221001,417865.0,3385495.0,8,140,3,0,2585.0,9.2,525,0,5,417900,3385530,526,99,5,-74.25,533,35.0,35.0,49.49747468305833,1,85.0,-7,3,3,8.049466975528397
1226,3221001,417865.0,3385495.0,8,140,3,0,2585.0,9.2,525,0,5,417765,3385505,529,0,5,-104.0,533,-100.0,10.0,100.4987562112089,4,214.28940686250036,-4,3,3,2.2792541997453144
1227,3221001,417865.0,3385495.0,8,140,3,0,2585.0,9.2,525,0,5,417890,3385560,526,0,10,-102.0,533,25.0,65.0,69.6419413859206,1,108.9624889745782,-7,3,3,5.739758163697337
1228,3221001,417865.0,3385495.0,8,140,3,0,2585.0,9.2,525,0,5,417785,3385485,528,5,5,-106.5,533,-80.0,-10.0,80.62257748298549,3,-132.8749836510982,-5,3,3,3.5487883308747326
1229,3221001,417865.0,3385495.0,8,140,3,0,2585.0,9.2,525,0,5,417850,3385600,528,0,14,-105.29,533,-15.0,105.0,106.06601717798213,3,138.13010235415595,-5,3,3,2.698950908923438
1230,3221001,417865.0,3385495.0,8,140,3,0,2585.0,9.2,525,0,5,417835,3385455,525,93,5,-84.33,533,-30.0,-40.0,50.0,0,-86.86989764584402,-8,3,3,9.090276920822323
1231,3221001,417865.0,3385495.0,8,140,3,0,2585.0,9.2,525,0,5,417810,3385480,527,0,10,-86.0,533,-55.0,-15.0,57.0087712549569,2,-124.74488129694222,-6,3,3,6.0080881868734854
1232,3221001,417865.0,3385495.0,8,140,3,0,2585.0,9.2,525,0,5,417840,3385590,529,0,14,-107.6,533,-25.0,95.0,98.2344135219425,4,144.74356283647074,-4,3,3,2.3317345872402826
1233,3221001,417865.0,3385495.0,8,140,3,0,2585.0,9.2,525,0,5,417865,3385565,527,5,5,-98.5,533,0.0,70.0,70.0,2,130.0,-6,3,3,4.899092453787765
1234,3221001,417865.0,3385495.0,8,140,3,0,2585.0,9.2,525,0,5,417915,3385535,526,99,10,-98.0,533,50.0,40.0,64.03124237432849,1,78.65980825409008,-7,3,3,6.238892790916383
1235,3221001,417865.0,3385495.0,8,140,3,0,2585.0,9.2,525,0,5,417855,3385595,528,0,5,-106.67,533,-10.0,100.0,100.4987562112089,3,135.71059313749964,-5,3,3,2.848223102977303
1236,3221001,417865.0,3385495.0,8,140,3,0,2585.0,9.2,525,0,5,417780,3385490,528,5,5,-106.0,533,-85.0,-5.0,85.14693182963201,3,-136.63353933657018,-5,3,3,3.3606647348940752
1237,3221001,417865.0,3385495.0,8,140,3,0,2585.0,9.2,525,0,5,417790,3385500,528,5,5,-92.0,533,-75.0,5.0,75.16648189186454,3,216.18592516570965,-5,3,3,3.8056521119547404
1238,3221001,417865.0,3385495.0,8,140,3,0,2585.0,9.2,525,0,5,417845,3385585,528,0,5,-111.5,533,-20.0,90.0,92.19544457292888,3,142.52880770915152,-5,3,3,3.104258912424813
1239,3221001,417865.0,3385495.0,8,140,3,0,2585.0,9.2,525,0,5,417905,3385525,526,99,5,-86.67,533,40.0,30.0,50.0,1,76.86989764584402,-7,3,3,7.96961039432136
1240,3221001,417865.0,3385495.0,8,140,3,0,2585.0,9.2,525,0,5,417875,3385575,527,0,5,-106.33,533,10.0,80.0,80.62257748298549,2,122.8749836510982,-6,3,3,4.256154139057605
1241,3221001,417865.0,3385495.0,8,140,3,0,2585.0,9.2,525,0,5,417860,3385570,527,5,5,-105.56,533,-5.0,75.0,75.16648189186454,2,133.81407483429035,-6,3,3,4.563833589535156
1242,3221001,417865.0,3385495.0,8,140,3,0,2585.0,9.2,525,0,5,417770,3385520,529,0,5,-95.33,533,-95.0,25.0,98.2344135219425,4,205.2564371635293,-4,3,3,2.3317345872402826
1243,3221001,417865.0,3385495.0,8,140,3,0,2585.0,9.2,525,0,5,417800,3385470,527,0,10,-88.0,533,-65.0,-25.0,69.6419413859206,2,-118.96248897457818,-6,3,3,4.924157223346862
1244,3221001,417865.0,3385495.0,8,140,3,0,2585.0,9.2,525,0,5,417825,3385445,525,93,5,-103.67,533,-40.0,-50.0,64.03124237432849,0,-88.65980825409011,-8,3,3,7.121575586962839
1245,3221001,417865.0,3385495.0,8,140,3,0,2585.0,9.2,525,0,5,417055,3389345,512,0,6,-81.5,533,-810.0,3850.0,3934.285195559671,-13,141.88115761035897,-21,3,3,0.30582428148579094
1246,3221001,417865.0,3385495.0,8,140,3,0,2585.0,9.2,525,0,5,417085,3389315,512,0,5,-92.0,533,-780.0,3820.0,3898.820334408858,-13,141.54049774660933,-21,3,3,0.308606099042422
1247,3221001,417865.0,3385495.0,8,140,3,0,2585.0,9.2,525,0,5,417050,3389350,511,0,6,-80.0,533,-815.0,3855.0,3940.209385299213,-14,141.93733753472293,-22,3,3,0.31990534702459916
1248,3221001,417865.0,3385495.0,8,140,3,0,2585.0,9.2,525,0,5,417060,3389340,512,0,6,-80.8,533,-805.0,3845.0,3928.364799760837,-13,141.8248082953789,-21,3,3,0.30628517715514936
1249,3221001,417865.0,3385495.0,8,140,3,0,2585.0,9.2,525,0,5,417070,3389330,512,0,6,-86.0,533,-795.0,3835.0,3916.535458795184,-13,141.7115988598701,-21,3,3,0.3072102504742831
1250,3221001,417865.0,3385495.0,8,140,3,0,2585.0,9.2,525,0,5,417065,3389335,512,0,6,-83.5,533,-800.0,3840.0,3922.448215082004,-13,141.76828893202065,-21,3,3,0.30674716606765423
1251,3221001,417865.0,3385495.0,8,140,3,0,2585.0,9.2,525,0,5,417150,3389390,507,0,5,-80.0,533,-715.0,3895.0,3960.0820698566336,-18,140.40190303236267,-26,3,3,0.37617120976871044
1252,3221001,417865.0,3385495.0,8,140,3,0,2585.0,9.2,525,0,5,418135,3385245,513,0,6,-95.5,533,270.0,-250.0,367.96738985948195,-12,-2.7974018382341796,-20,3,3,3.1111158019943375
1253,3221001,417865.0,3385495.0,8,140,3,0,2585.0,9.2,525,0,5,417135,3389365,509,0,5,-88.5,533,-730.0,3870.0,3938.2483415853803,-16,140.6822149855933,-24,3,3,0.34916073510531886
1254,3221001,417865.0,3385495.0,8,140,3,0,2585.0,9.2,525,0,5,417900,3385375,521,0,10,-109.5,533,35.0,-120.0,125.0,-4,-33.73979529168804,-12,3,3,5.483590444464439
1255,3221001,417865.0,3385495.0,8,140,3,0,2585.0,9.2,525,0,5,417885,3385400,522,93,5,-93.33,533,20.0,-95.0,97.082439194738,-3,-38.111341960372016,-11,3,3,6.4643725522177515
1256,3221001,417865.0,3385495.0,8,140,3,0,2585.0,9.2,525,0,5,417870,3385405,522,0,5,-77.0,533,5.0,-90.0,90.13878188659973,-3,-46.820169880135765,-11,3,3,6.957633327104099
1257,3221001,417865.0,3385495.0,8,140,3,0,2585.0,9.2,525,0,5,417850,3385425,523,93,5,-90.57,533,-15.0,-70.0,71.58910531638176,-2,-62.094757077012105,-10,3,3,7.951967926347943
1258,3221001,417865.0,3385495.0,8,140,3,0,2585.0,9.2,525,0,5,417860,3385415,523,93,5,-105.2,533,-5.0,-80.0,80.15609770940699,-2,-53.57633437499736,-10,3,3,7.111283133545299
1259,3221001,417865.0,3385495.0,8,140,3,0,2585.0,9.2,525,0,5,417865,3385420,523,93,5,-102.0,533,0.0,-75.0,75.0,-2,-50.0,-10,3,3,7.594643368591445
1260,3221001,417865.0,3385495.0,8,140,3,0,2585.0,9.2,525,0,5,417845,3385440,524,93,5,-88.8,533,-20.0,-55.0,58.52349955359813,-1,-69.98310652189998,-9,3,3,8.742704595011741
1261,3221001,417865.0,3385495.0,8,140,3,0,2585.0,9.2,525,0,5,417890,3385385,521,93,10,-92.0,533,25.0,-110.0,112.80514172678478,-4,-37.195733934713246,-12,3,3,6.07218168887136
1262,3221001,417865.0,3385495.0,8,140,3,0,2585.0,9.2,525,0,5,417895,3385390,521,93,10,-83.0,533,30.0,-105.0,109.20164833920778,-4,-34.05460409907715,-12,3,3,6.2709835451627045
1263,3221001,417865.0,3385495.0,8,140,3,0,2585.0,9.2,525,0,5,417880,3385395,521,0,5,-90.0,533,15.0,-100.0,101.11874208078342,-4,-41.46923439005187,-12,3,3,6.7677734720918235
1264,3221001,417865.0,3385495.0,8,140,3,0,2585.0,9.2,525,0,5,417910,3385365,520,93,6,-99.67,533,45.0,-130.0,137.56816492197603,-5,-30.90650799951439,-13,3,3,5.398340422170307
1265,3221001,417865.0,3385495.0,8,140,3,0,2585.0,9.2,525,0,5,417840,3385435,524,0,5,-93.0,533,-25.0,-60.0,65.0,-1,-72.61986494804043,-9,3,3,7.8831393167297295
1266,3221001,417865.0,3385495.0,8,140,3,0,2585.0,9.2,525,0,5,417905,3385380,521,93,10,-103.5,533,40.0,-115.0,121.75795661885921,-4,-30.820991974189283,-12,3,3,5.628676172572964
1267,3221001,417865.0,3385495.0,8,140,3,0,2585.0,9.2,525,0,5,417855,3385430,523,93,5,-82.67,533,-10.0,-65.0,65.76473218982953,-2,-58.74616226255522,-10,3,3,8.646004980314505
1268,3221001,417865.0,3385495.0,8,140,3,0,2585.0,9.2,525,0,5,417185,3389580,495,0,6,-94.0,533,-680.0,4085.0,4141.210571801439,-30,139.45094948496876,-38,3,3,0.5257348011916423
1269,3221001,417865.0,3385495.0,8,140,3,0,2585.0,9.2,525,0,5,417190,3389565,496,0,5,-91.6,533,-675.0,4070.0,4125.593896640822,-29,139.41665911387747,-37,3,3,0.5138380219953493
1270,3221001,417865.0,3385495.0,8,140,3,0,2585.0,9.2,525,0,5,417175,3389590,494,0,6,-94.6,533,-690.0,4095.0,4152.725008954963,-31,139.56439296616287,-39,3,3,0.5380731219120446
1271,3221001,417865.0,3385495.0,8,140,3,0,2585.0,9.2,525,0,5,417150,3389525,498,0,6,-90.0,533,-715.0,4030.0,4092.935987772103,-27,140.06068979532296,-35,3,3,0.4899425279547936
1272,3221001,417865.0,3385495.0,8,140,3,0,2585.0,9.2,525,0,5,417160,3389595,494,0,6,-92.0,533,-705.0,4100.0,4160.17127051279,-31,139.75666663841366,-39,3,3,0.5371100850547618
1273,3221001,417865.0,3385495.0,8,140,3,0,2585.0,9.2,525,0,5,417165,3389600,494,0,6,-100.5,533,-700.0,4105.0,4164.255635764932,-31,139.67720864832233,-39,3,3,0.5365833101329124
1274,3221001,417865.0,3385495.0,8,140,3,0,2585.0,9.2,525,0,5,417145,3389540,497,0,6,-89.5,533,-720.0,4045.0,4108.579438200021,-28,140.09280253607312,-36,3,3,0.5020215159782038
1275,3221001,417865.0,3385495.0,8,140,3,0,2585.0,9.2,525,0,5,417195,3389570,496,0,5,-90.67,533,-670.0,4075.0,4129.712459724043,-29,139.33687384665438,-37,3,3,0.5133255986660024
1276,3221001,417865.0,3385495.0,8,140,3,0,2585.0,9.2,525,0,5,417170,3389585,495,0,6,-94.0,533,-695.0,4090.0,4148.629291705876,-30,139.64396068655196,-38,3,3,0.5247947169790698
1277,3221001,417865.0,3385495.0,8,140,3,0,2585.0,9.2,525,0,5,418580,3384760,510,0,14,-107.17,533,715.0,-735.0,1025.402360051897,-15,-5.790236502429195,-23,3,3,1.2849414481503025
1278,3221001,417865.0,3385495.0,8,140,3,0,2585.0,9.2,525,0,5,417840,3385450,525,93,5,-79.75,533,-25.0,-45.0,51.478150704935004,0,-79.05460409907714,-8,3,3,8.833433256834843
1279,3221001,417865.0,3385495.0,8,140,3,0,2585.0,9.2,525,0,5,417850,3385460,525,0,5,-79.8,533,-15.0,-35.0,38.07886552931954,0,-73.19859051364818,-8,3,3,11.864733904530008
1280,3221001,417865.0,3385495.0,8,140,3,0,2585.0,9.2,525,0,5,417845,3385445,524,93,5,-87.75,533,-20.0,-50.0,53.85164807134504,-1,-71.80140948635182,-9,3,3,9.487915962157532
1281,3221001,417865.0,3385495.0,8,140,3,0,2585.0,9.2,525,0,5,417810,3385580,530,5,6,-110.71,533,-55.0,85.0,101.24228365658294,5,162.9052429229879,-3,3,3,1.697285465430318
1282,3221001,417865.0,3385495.0,8,140,3,0,2585.0,9.2,525,0,5,417805,3385565,530,5,14,-106.0,533,-60.0,70.0,92.19544457292888,5,170.6012946450045,-3,3,3,1.8637223533918497
1283,3221001,417865.0,3385495.0,8,140,3,0,2585.0,9.2,525,0,5,417800,3385570,530,5,5,-104.5,533,-65.0,75.0,99.24716620639605,5,170.91438322002512,-3,3,3,1.7313846058819624
1284,3221001,417865.0,3385495.0,8,140,3,0,2585.0,9.2,525,0,5,417880,3385490,525,0,5,-77.18,533,15.0,-5.0,15.811388300841896,0,21.565051177077976,-8,3,3,26.83778755833606
1285,3221001,417865.0,3385495.0,8,140,3,0,2585.0,9.2,525,0,5,417895,3385495,525,0,6,-91.17,533,30.0,0.0,30.0,0,40.0,-8,3,3,14.931417178137554
1286,3221001,417865.0,3385495.0,8,140,3,0,2585.0,9.2,525,0,5,417790,3385560,530,5,14,-99.38,533,-75.0,65.0,99.24716620639605,5,179.08561677997488,-3,3,3,1.7313846058819624
1287,3221001,417865.0,3385495.0,8,140,3,0,2585.0,9.2,525,0,5,417865,3385465,524,0,5,-81.25,533,0.0,-30.0,30.0,-1,-50.0,-9,3,3,16.69924423399362
1288,3221001,417865.0,3385495.0,8,140,3,0,2585.0,9.2,525,0,5,417885,3385485,525,0,5,-79.91,533,20.0,-10.0,22.360679774997898,0,13.434948822922024,-8,3,3,19.685730102414364
1289,3221001,417865.0,3385495.0,8,140,3,0,2585.0,9.2,525,0,5,417900,3385510,526,99,6,-93.05,533,35.0,15.0,38.07886552931954,1,63.198590513648185,-7,3,3,10.416331836297568
1290,3221001,417865.0,3385495.0,8,140,3,0,2585.0,9.2,525,0,5,417905,3385505,526,0,6,-92.74,533,40.0,10.0,41.23105625617661,1,54.03624346792648,-7,3,3,9.635511921940111
1291,3221001,417865.0,3385495.0,8,140,3,0,2585.0,9.2,525,0,5,417780,3385550,530,0,14,-100.13,533,-85.0,55.0,101.24228365658294,5,187.0947570770121,-3,3,3,1.697285465430318
1292,3221001,417865.0,3385495.0,8,140,3,0,2585.0,9.2,525,0,5,417785,3385545,530,0,14,-96.55,533,-80.0,50.0,94.33981132056604,5,187.99461679191654,-3,3,3,1.8213883588553912
1293,3221001,417865.0,3385495.0,8,140,3,0,2585.0,9.2,525,0,5,417875,3385475,524,0,10,-86.51,533,10.0,-20.0,22.360679774997898,-1,-23.43494882292201,-9,3,3,21.924402392569775
1294,3221001,417865.0,3385495.0,8,140,3,0,2585.0,9.2,525,0,5,417870,3385480,525,0,10,-81.48,533,5.0,-15.0,15.811388300841896,0,-31.56505117707799,-8,3,3,26.83778755833606
1295,3221001,417865.0,3385495.0,8,140,3,0,2585.0,9.2,525,0,5,417910,3385520,526,99,5,-92.81,533,45.0,25.0,51.478150704935004,1,69.05460409907715,-7,3,3,7.743586603961099
1296,3221001,417865.0,3385495.0,8,140,3,0,2585.0,9.2,525,0,5,417820,3385590,530,5,14,-98.83,533,-45.0,95.0,105.11898020814318,5,155.34617594194668,-3,3,3,1.6347256674788686
1297,3221001,417865.0,3385495.0,8,140,3,0,2585.0,9.2,525,0,5,417815,3385575,530,5,6,-112.0,533,-50.0,80.0,94.33981132056604,5,162.00538320808352,-3,3,3,1.8213883588553912
1298,3221001,417865.0,3385495.0,8,140,3,0,2585.0,9.2,525,0,5,417795,3385555,530,5,14,-99.5,533,-70.0,60.0,92.19544457292888,5,179.3987053549955,-3,3,3,1.8637223533918497
1299,3221001,417865.0,3385495.0,8,140,3,0,2585.0,9.2,525,0,5,417835,3385595,529,0,14,-109.5,533,-30.0,100.0,104.4030650891055,4,146.69924423399362,-4,3,3,2.194102998689601
1300,3221001,417865.0,3385495.0,8,140,3,0,2585.0,9.2,525,0,5,417770,3385540,530,0,5,-116.0,533,-95.0,45.0,105.11898020814318,5,194.65382405805332,-3,3,3,1.6347256674788686
1301,3221001,417865.0,3385495.0,8,140,3,0,2585.0,9.2,525,0,5,417860,3385470,525,0,10,-79.16,533,-5.0,-25.0,25.495097567963924,0,-61.309932474020215,-8,3,3,17.421117453299548
1302,3221001,417865.0,3385495.0,8,140,3,0,2585.0,9.2,525,0,5,417855,3385455,524,0,5,-75.75,533,-10.0,-40.0,41.23105625617661,-1,-64.03624346792648,-9,3,3,12.313498291821032
1303,3221001,417865.0,3385495.0,8,140,3,0,2585.0,9.2,525,0,5,417890,3385500,525,99,6,-83.11,533,25.0,5.0,25.495097567963924,0,51.3099324740202,-8,3,3,17.421117453299548
1304,3221001,417865.0,3385495.0,8,140,3,0,2585.0,9.2,525,0,5,417915,3385515,526,0,5,-93.25,533,50.0,20.0,53.85164807134504,1,61.801409486351815,-7,3,3,7.406164826863367
1305,3221001,417865.0,3385495.0,8,140,3,0,2585.0,9.2,525,0,5,417825,3385585,529,5,5,-106.0,533,-40.0,90.0,98.48857801796105,4,153.9624889745782,-4,3,3,2.325723813777401
1306,3221001,417865.0,3385495.0,8,140,3,0,2585.0,9.2,525,0,5,417805,3385450,526,0,5,-103.0,533,-60.0,-45.0,75.0,1,-103.13010235415598,-7,3,3,5.3321588816595575
1307,3221001,417865.0,3385495.0,8,140,3,0,2585.0,9.2,525,0,5,417780,3385505,528,0,5,-98.5,533,-85.0,10.0,85.58621384311844,3,213.29016319224309,-5,3,3,3.343454932003705
1308,3221001,417865.0,3385495.0,8,140,3,0,2585.0,9.2,525,0,5,417900,3385545,526,99,5,-94.5,533,35.0,50.0,61.032778078668514,1,95.00797980144134,-7,3,3,6.542805544472764
1309,3221001,417865.0,3385495.0,8,140,3,0,2585.0,9.2,525,0,5,417795,3385520,529,0,5,-106.5,533,-70.0,25.0,74.33034373659252,4,200.34617594194674,-4,3,3,3.0803337853781554
1310,3221001,417865.0,3385495.0,8,140,3,0,2585.0,9.2,525,0,5,417850,3385575,528,0,5,-105.22,533,-15.0,80.0,81.39410298049853,3,140.61965527615513,-5,3,3,3.515234519082136
1311,3221001,417865.0,3385495.0,8,140,3,0,2585.0,9.2,525,0,5,417825,3385470,526,0,5,-89.0,533,-40.0,-25.0,47.16990566028302,1,-107.99461679191651,-7,3,3,8.441072007879388
1312,3221001,417865.0,3385495.0,8,140,3,0,2585.0,9.2,525,0,5,417835,3385480,526,0,5,-81.6,533,-30.0,-15.0,33.54101966249684,1,-113.434948822922,-7,3,3,11.788404329313064
1313,3221001,417865.0,3385495.0,8,140,3,0,2585.0,9.2,525,0,5,417885,3385530,526,0,5,-87.67,533,20.0,35.0,40.311288741492746,1,100.25511870305778,-7,3,3,9.851101187140927
1314,3221001,417865.0,3385495.0,8,140,3,0,2585.0,9.2,525,0,5,417875,3385600,527,5,5,-102.5,533,10.0,105.0,105.47511554864494,2,124.55966796899452,-6,3,3,3.255787684689814
1315,3221001,417865.0,3385495.0,8,140,3,0,2585.0,9.2,525,0,5,417870,3385595,527,5,5,-104.5,533,5.0,100.0,100.12492197250393,2,127.13759477388828,-6,3,3,3.4293565858644537
1316,3221001,417865.0,3385495.0,8,140,3,0,2585.0,9.2,525,0,5,417785,3385510,529,0,5,-94.0,533,-80.0,15.0,81.39410298049853,4,209.38034472384487,-4,3,3,2.813457940315444
1317,3221001,417865.0,3385495.0,8,140,3,0,2585.0,9.2,525,0,5,417840,3385565,528,5,6,-106.33,533,-25.0,70.0,74.33034373659252,3,149.65382405805332,-5,3,3,3.8483337712111756
1318,3221001,417865.0,3385495.0,8,140,3,0,2585.0,9.2,525,0,5,417790,3385515,529,0,5,-99.17,533,-75.0,20.0,77.62087348130012,4,205.0685828218625,-4,3,3,2.9499869996008776
1319,3221001,417865.0,3385495.0,8,140,3,0,2585.0,9.2,525,0,5,417845,3385570,528,5,5,-105.23,533,-20.0,75.0,77.62087348130012,3,144.93141717813756,-5,3,3,3.6856535095256104
1320,3221001,417865.0,3385495.0,8,140,3,0,2585.0,9.2,525,0,5,417855,3385580,528,0,5,-123.38,533,-10.0,85.0,85.58621384311844,3,136.70983680775691,-5,3,3,3.343454932003705
1321,3221001,417865.0,3385495.0,8,140,3,0,2585.0,9.2,525,0,5,417860,3385585,528,0,5,-113.17,533,-5.0,90.0,90.13878188659973,3,133.17983011986422,-5,3,3,3.17494432830295
1322,3221001,417865.0,3385495.0,8,140,3,0,2585.0,9.2,525,0,5,417865,3385590,527,0,5,-104.71,533,0.0,95.0,95.0,2,130.0,-6,3,3,3.6138807520036442
1323,3221001,417865.0,3385495.0,8,140,3,0,2585.0,9.2,525,0,5,417910,3385385,521,93,5,-98.25,533,45.0,-110.0,118.84864324004712,-4,-27.750976342787638,-12,3,3,5.76554408159399
1324,3221001,417865.0,3385495.0,8,140,3,0,2585.0,9.2,525,0,5,417905,3385400,522,0,5,-102.89,533,40.0,-95.0,103.07764064044152,-3,-27.166345822082448,-11,3,3,6.0913045223563165
1325,3221001,417865.0,3385495.0,8,140,3,0,2585.0,9.2,525,0,5,417850,3385405,523,0,5,-89.0,533,-15.0,-90.0,91.2414379544733,-2,-59.462322208025626,-10,3,3,6.254614967760454
1326,3221001,417865.0,3385495.0,8,140,3,0,2585.0,9.2,525,0,5,417885,3385380,521,93,10,-92.67,533,20.0,-115.0,116.72617529928752,-4,-40.134193056915635,-12,3,3,5.869655242120145
1327,3221001,417865.0,3385495.0,8,140,3,0,2585.0,9.2,525,0,5,417755,3385550,531,0,5,-85.5,533,-110.0,55.0,122.98373876248843,6,193.43494882292202,-2,3,3,0.9316797492621007
1328,3221001,417865.0,3385495.0,8,140,3,0,2585.0,9.2,525,0,5,417865,3385440,524,0,5,-89.83,533,0.0,-55.0,55.0,-1,-50.0,-9,3,3,9.293308599397115
1329,3221001,417865.0,3385495.0,8,140,3,0,2585.0,9.2,525,0,5,417870,3385425,523,93,5,-86.73,533,5.0,-70.0,70.178344238091,-2,-45.91438322002513,-10,3,3,8.10971651050075
1330,3221001,417865.0,3385495.0,8,140,3,0,2585.0,9.2,525,0,5,417860,3385435,523,93,5,-86.0,533,-5.0,-60.0,60.207972893961475,-2,-54.763641690726175,-10,3,3,9.430225138005694
1331,3221001,417865.0,3385495.0,8,140,3,0,2585.0,9.2,525,0,5,417810,3385285,518,0,7,-99.0,533,-55.0,-210.0,217.0829334609241,-7,-64.67639313745002,-15,3,3,3.952741840752806
1332,3221001,417865.0,3385495.0,8,140,3,0,2585.0,9.2,525,0,5,417855,3385410,523,93,5,-99.6,533,-10.0,-85.0,85.58621384311844,-2,-56.70983680775694,-10,3,3,6.664293276132566
1333,3221001,417865.0,3385495.0,8,140,3,0,2585.0,9.2,525,0,5,417845,3385420,523,93,5,-93.5,533,-20.0,-75.0,77.62087348130012,-2,-64.93141717813755,-10,3,3,7.341055008716423
1334,3221001,417865.0,3385495.0,8,140,3,0,2585.0,9.2,525,0,5,417900,3385395,521,93,10,-89.78,533,35.0,-100.0,105.94810050208545,-4,-30.709953780811276,-12,3,3,6.461953525007425
1335,3221001,417865.0,3385495.0,8,140,3,0,2585.0,9.2,525,0,5,417875,3385430,523,0,5,-87.14,533,10.0,-65.0,65.76473218982953,-2,-41.2538377374448,-10,3,3,8.646004980314505
1336,3221001,417865.0,3385495.0,8,140,3,0,2585.0,9.2,525,0,5,417840,3385415,523,0,5,-98.0,533,-25.0,-80.0,83.81527307120105,-2,-67.35402463626133,-10,3,3,6.803797203718071
1337,3221001,417865.0,3385495.0,8,140,3,0,2585.0,9.2,525,0,5,417930,3385475,524,99,6,-94.4,533,65.0,-20.0,68.00735254367721,-1,22.89727103094762,-9,3,3,7.53863939569589
1338,3221001,417865.0,3385495.0,8,140,3,0,2585.0,9.2,525,0,5,417970,3385515,526,0,5,-97.0,533,105.0,20.0,106.88779163215975,1,50.7842978675626,-7,3,3,3.746906412169712
1339,3221001,417865.0,3385495.0,8,140,3,0,2585.0,9.2,525,0,5,417935,3385480,525,0,5,-93.1,533,70.0,-15.0,71.58910531638176,0,27.905242922987895,-8,3,3,6.376283203492619
1340,3221001,417865.0,3385495.0,8,140,3,0,2585.0,9.2,525,0,5,417955,3385460,524,0,6,-87.33,533,90.0,-35.0,96.56603957913983,-1,18.749494492866745,-9,3,3,5.324611859752138
1341,3221001,417865.0,3385495.0,8,140,3,0,2585.0,9.2,525,0,5,417945,3385450,523,99,6,-101.21,533,80.0,-45.0,91.7877987534291,-2,10.642246457208728,-10,3,3,6.217677251124683
1342,3221001,417865.0,3385495.0,8,140,3,0,2585.0,9.2,525,0,5,417995,3385500,524,0,5,-93.0,533,130.0,5.0,130.09611831257686,-1,42.20259816176579,-9,3,3,3.9573951519500405
1343,3221001,417865.0,3385495.0,8,140,3,0,2585.0,9.2,525,0,5,418040,3385585,522,0,10,-100.0,533,175.0,90.0,196.78668654154427,-3,67.21611155730747,-11,3,3,3.1993951635702738
1344,3221001,417865.0,3385495.0,8,140,3,0,2585.0,9.2,525,0,5,417925,3385470,524,99,6,-97.1,533,60.0,-25.0,65.0,-1,17.38013505195957,-9,3,3,7.8831393167297295
1345,3221001,417865.0,3385495.0,8,140,3,0,2585.0,9.2,525,0,5,417960,3385505,526,0,5,-93.86,533,95.0,10.0,95.524865872714,1,46.00900595749454,-7,3,3,4.191106255980144
1346,3221001,417865.0,3385495.0,8,140,3,0,2585.0,9.2,525,0,5,417920,3385465,524,99,5,-90.38,533,55.0,-30.0,62.64982043070834,-1,11.389540334034791,-9,3,3,8.174932794662938
1347,3221001,417865.0,3385495.0,8,140,3,0,2585.0,9.2,525,0,5,418015,3385560,523,0,10,-108.0,533,150.0,65.0,163.47782724271815,-2,63.42869280874541,-10,3,3,3.50044266517073
1348,3221001,417865.0,3385495.0,8,140,3,0,2585.0,9.2,525,0,5,417980,3385485,524,0,5,-88.0,533,115.0,-10.0,115.43396380615195,-1,35.03025927188969,-9,3,3,4.458141473129975
1349,3221001,417865.0,3385495.0,8,140,3,0,2585.0,9.2,525,0,5,417975,3385520,526,0,10,-96.57,533,110.0,25.0,112.80514172678478,1,52.804266065286754,-7,3,3,3.550873990157543
1350,3221001,417865.0,3385495.0,8,140,3,0,2585.0,9.2,525,0,5,417950,3385455,524,0,6,-99.75,533,85.0,-40.0,93.94147114027967,-1,14.798876354524936,-9,3,3,5.472481730538456
1351,3221001,417865.0,3385495.0,8,140,3,0,2585.0,9.2,525,0,5,417965,3385510,526,0,5,-95.67,533,100.0,15.0,101.11874208078342,1,48.53076560994813,-7,3,3,3.9600139147125586
1352,3221001,417865.0,3385495.0,8,140,3,0,2585.0,9.2,525,0,5,417940,3385445,523,99,5,-103.2,533,75.0,-50.0,90.13878188659973,-2,6.309932474020229,-10,3,3,6.330509401162716
1353,3221001,417865.0,3385495.0,8,140,3,0,2585.0,9.2,525,0,5,418005,3385345,518,0,5,-95.5,533,140.0,-150.0,205.1828452868319,-7,-6.974934010881981,-15,3,3,4.181200038556467
1354,3221001,417865.0,3385495.0,8,140,3,0,2585.0,9.2,525,0,5,418025,3385325,516,0,5,-99.0,533,160.0,-170.0,233.45235059857504,-9,-6.7357045889283995,-17,3,3,4.164927144633256
1355,3221001,417865.0,3385495.0,8,140,3,0,2585.0,9.2,525,0,5,417985,3385365,519,0,5,-94.33,533,120.0,-130.0,176.91806012954132,-6,-7.290610042638548,-14,3,3,4.5245400329950085
1356,3221001,417865.0,3385495.0,8,140,3,0,2585.0,9.2,525,0,5,418035,3385335,516,0,5,-101.25,533,170.0,-160.0,233.45235059857504,-9,-3.2642954110716005,-17,3,3,4.164927144633256
1357,3221001,417865.0,3385495.0,8,140,3,0,2585.0,9.2,525,0,5,418050,3385320,515,0,5,-111.5,533,185.0,-175.0,254.65663156493687,-10,-3.408859728805396,-18,3,3,4.0431368590726535
1358,3221001,417865.0,3385495.0,8,140,3,0,2585.0,9.2,525,0,5,417935,3385435,523,0,5,-88.67,533,70.0,-60.0,92.19544457292888,-2,-0.6012946450044865,-10,3,3,6.190399458571856
1359,3221001,417865.0,3385495.0,8,140,3,0,2585.0,9.2,525,0,5,417965,3385385,521,0,5,-92.33,533,100.0,-110.0,148.66068747318505,-4,-7.7263109939062815,-12,3,3,4.614951383964139
1360,3221001,417865.0,3385495.0,8,140,3,0,2585.0,9.2,525,0,5,417940,3385410,522,0,6,-94.2,533,75.0,-85.0,113.35784048754634,-3,-8.576334374997344,-11,3,3,5.542505450837302
1361,3221001,417865.0,3385495.0,8,140,3,0,2585.0,9.2,525,0,5,417950,3385420,522,0,6,-94.55,533,85.0,-75.0,113.35784048754634,-3,-1.4236656250026556,-11,3,3,5.542505450837302
1362,3221001,417865.0,3385495.0,8,140,3,0,2585.0,9.2,525,0,5,417990,3385380,520,0,5,-87.29,533,125.0,-115.0,169.85287751463028,-5,-2.6140559696111723,-13,3,3,4.3767042939571565
1363,3221001,417865.0,3385495.0,8,140,3,0,2585.0,9.2,525,0,5,417970,3385400,521,0,5,-92.42,533,105.0,-95.0,141.59802258506295,-4,-2.137594773888253,-12,3,3,4.844067699608368
1364,3221001,417865.0,3385495.0,8,140,3,0,2585.0,9.2,525,0,5,418015,3385355,518,0,5,-95.57,533,150.0,-140.0,205.1828452868319,-7,-3.025065989118019,-15,3,3,4.181200038556467
1365,3221001,417865.0,3385495.0,8,140,3,0,2585.0,9.2,525,0,5,417975,3385395,521,0,5,-88.0,533,110.0,-100.0,148.66068747318505,-4,-2.273689006093747,-12,3,3,4.614951383964139
1366,3221001,417865.0,3385495.0,8,140,3,0,2585.0,9.2,525,0,5,417920,3385430,523,0,10,-87.97,533,55.0,-65.0,85.14693182963201,-2,-9.763641690726189,-10,3,3,6.698363436736243
1367,3221001,417865.0,3385495.0,8,140,3,0,2585.0,9.2,525,0,5,417960,3385390,521,0,5,-90.4,533,95.0,-105.0,141.59802258506295,-4,-7.862405226111747,-12,3,3,4.844067699608368
1368,3221001,417865.0,3385495.0,8,140,3,0,2585.0,9.2,525,0,5,417930,3385440,523,0,5,-94.73,533,65.0,-55.0,85.14693182963201,-2,-0.23635830927381107,-10,3,3,6.698363436736243
1369,3221001,417865.0,3385495.0,8,140,3,0,2585.0,9.2,525,0,5,417925,3385425,522,0,10,-89.67,533,60.0,-70.0,92.19544457292888,-3,-9.398705354995542,-11,3,3,6.803896320851287
1370,3221001,417865.0,3385495.0,8,140,3,0,2585.0,9.2,525,0,5,417945,3385405,522,0,6,-94.0,533,80.0,-90.0,120.41594578792295,-3,-8.366460663429791,-11,3,3,5.219484654594031
1371,3221001,417865.0,3385495.0,8,140,3,0,2585.0,9.2,525,0,5,417980,3385370,519,0,5,-94.5,533,115.0,-125.0,169.85287751463028,-6,-7.385944030388828,-14,3,3,4.711911719742886
1372,3221001,417865.0,3385495.0,8,140,3,0,2585.0,9.2,525,0,5,417955,3385415,522,0,6,-87.75,533,90.0,-80.0,120.41594578792295,-3,-1.6335393365702089,-11,3,3,5.219484654594031
1373,3221001,417865.0,3385495.0,8,140,3,0,2585.0,9.2,525,0,5,418020,3385330,516,0,5,-105.0,533,155.0,-165.0,226.38462845343543,-9,-6.7899106082460605,-17,3,3,4.294476933846017
1374,3221001,417865.0,3385495.0,8,140,3,0,2585.0,9.2,525,0,5,417995,3385375,519,0,5,-90.33,533,130.0,-120.0,176.91806012954132,-6,-2.7093899573614806,-14,3,3,4.5245400329950085
1375,3221001,417865.0,3385495.0,8,140,3,0,2585.0,9.2,525,0,5,418595,3384800,511,0,5,-105.5,533,730.0,-695.0,1007.9310492290631,-14,-3.593018121017991,-22,3,3,1.250390126788216
1376,3221001,417865.0,3385495.0,8,140,3,0,2585.0,9.2,525,0,5,418585,3384790,511,0,5,-107.57,533,720.0,-705.0,1007.682985864106,-14,-4.396908805619461,-22,3,3,1.2506978401032283
1377,3221001,417865.0,3385495.0,8,140,3,0,2585.0,9.2,525,0,5,418590,3384795,511,0,5,-106.29,533,725.0,-700.0,1007.7822185373187,-14,-3.994913994745815,-22,3,3,1.250574727517972
1378,3221001,417865.0,3385495.0,8,140,3,0,2585.0,9.2,525,0,5,418575,3384780,511,0,5,-111.0,533,710.0,-715.0,1007.6333658628023,-14,-5.201036997834592,-22,3,3,1.2507594100321917
1379,3221001,417865.0,3385495.0,8,140,3,0,2585.0,9.2,525,0,5,417750,3385635,533,0,6,-110.0,533,-115.0,140.0,181.1767093199344,8,169.40066066347947,0,3,3,0.0
1380,3221001,417865.0,3385495.0,8,140,3,0,2585.0,9.2,525,0,5,418570,3384775,511,0,14,-111.11,533,705.0,-720.0,1007.682985864106,-14,-5.603091194380539,-22,3,3,1.2506978401032283
1381,3221001,417865.0,3385495.0,8,140,3,0,2585.0,9.2,525,0,5,417735,3385620,533,0,6,-108.19,533,-130.0,125.0,180.34688796871433,8,176.1233027140754,0,3,3,0.0
1382,3221001,417865.0,3385495.0,8,140,3,0,2585.0,9.2,525,0,5,417740,3385625,533,0,6,-108.3,533,-125.0,130.0,180.34688796871433,8,173.8766972859246,0,3,3,0.0
1383,3221001,417865.0,3385495.0,8,140,3,0,2585.0,9.2,525,0,5,418580,3384785,511,0,5,-107.67,533,715.0,-710.0,1007.6333658628023,-14,-4.798963002165408,-22,3,3,1.2507594100321917
1384,3221001,417865.0,3385495.0,8,140,3,0,2585.0,9.2,525,0,5,417745,3385630,533,0,6,-112.0,533,-120.0,135.0,180.62391868188442,8,171.63353933657015,0,3,3,0.0
1385,3221001,417865.0,3385495.0,8,140,3,0,2585.0,9.2,525,0,5,417865,3385365,521,0,5,-107.0,533,0.0,-130.0,130.0,-4,-50.0,-12,3,3,5.2738959573517645
1386,3221001,417865.0,3385495.0,8,140,3,0,2585.0,9.2,525,0,5,417915,3385415,522,0,10,-87.73,533,50.0,-80.0,94.33981132056604,-3,-17.9946167919165,-11,3,3,6.650643408810693
1387,3221001,417865.0,3385495.0,8,140,3,0,2585.0,9.2,525,0,5,417875,3385375,521,0,5,-92.5,533,10.0,-120.0,120.41594578792295,-4,-45.236358309273825,-12,3,3,5.69099707460626
1388,3221001,417865.0,3385495.0,8,140,3,0,2585.0,9.2,525,0,5,417895,3385435,523,0,10,-84.62,533,30.0,-60.0,67.08203932499369,-2,-23.43494882292201,-10,3,3,8.47871314708616
1389,3221001,417865.0,3385495.0,8,140,3,0,2585.0,9.2,525,0,5,417830,3385340,520,0,10,-113.5,533,-35.0,-155.0,158.90248582070703,-5,-62.72435568542238,-13,3,3,4.677019398304785
1390,3221001,417865.0,3385495.0,8,140,3,0,2585.0,9.2,525,0,5,417880,3385430,523,0,5,-90.1,533,15.0,-65.0,66.70832032063167,-2,-37.0053832080835,-10,3,3,8.525517177156651
1391,3221001,417865.0,3385495.0,8,140,3,0,2585.0,9.2,525,0,5,417885,3385425,523,0,5,-94.08,533,20.0,-70.0,72.80109889280519,-2,-34.05460409907715,-10,3,3,7.821235506499643
1392,3221001,417865.0,3385495.0,8,140,3,0,2585.0,9.2,525,0,5,417820,3385330,520,0,5,-101.0,533,-45.0,-165.0,171.0263137648707,-5,-65.25511870305779,-13,3,3,4.346790580410064
1393,3221001,417865.0,3385495.0,8,140,3,0,2585.0,9.2,525,0,5,417695,3385555,532,0,5,-109.5,533,-170.0,60.0,180.27756377319946,7,200.55996517182382,-1,3,3,0.3178165417577492
1394,3221001,417865.0,3385495.0,8,140,3,0,2585.0,9.2,525,0,5,417750,3385580,532,0,5,-103.5,533,-115.0,85.0,143.0034964607509,7,183.53076560994816,-1,3,3,0.400653459824118
1395,3221001,417865.0,3385495.0,8,140,3,0,2585.0,9.2,525,0,5,417900,3385410,522,0,5,-95.0,533,35.0,-85.0,91.92388155425118,-3,-27.61986494804043,-11,3,3,6.823807243437738
1396,3221001,417865.0,3385495.0,8,140,3,0,2585.0,9.2,525,0,5,417905,3385405,522,0,5,-95.13,533,40.0,-90.0,98.48857801796105,-3,-26.03751102542182,-11,3,3,6.372844308095522
1397,3221001,417865.0,3385495.0,8,140,3,0,2585.0,9.2,525,0,5,417860,3385370,521,0,5,-113.0,533,-5.0,-125.0,125.09996003196804,-4,-52.290610042638534,-12,3,3,5.479235505007095
1398,3221001,417865.0,3385495.0,8,140,3,0,2585.0,9.2,525,0,5,417910,3385420,522,0,10,-89.23,533,45.0,-75.0,87.46427842267951,-3,-19.036243467926482,-11,3,3,7.168204705597946
1399,3221001,417865.0,3385495.0,8,140,3,0,2585.0,9.2,525,0,5,417890,3385440,523,0,10,-83.9,533,25.0,-55.0,60.41522986797286,-2,-25.556045219583467,-10,3,3,9.398452517514336
1400,3221001,417865.0,3385495.0,8,140,3,0,2585.0,9.2,525,0,5,417925,3385310,517,0,5,-96.0,533,60.0,-185.0,194.48650338776724,-8,-32.03086025984298,-16,3,3,4.703013641377171
1401,3221001,417865.0,3385495.0,8,140,3,0,2585.0,9.2,525,0,5,418015,3385400,519,0,5,-90.5,533,150.0,-95.0,177.55280904564702,-6,7.652556500557978,-14,3,3,4.508431666357162
1402,3221001,417865.0,3385495.0,8,140,3,0,2585.0,9.2,525,0,5,418005,3385390,519,0,6,-97.0,533,140.0,-105.0,175.0,-6,3.13010235415598,-14,3,3,4.573921259900861
1403,3221001,417865.0,3385495.0,8,140,3,0,2585.0,9.2,525,0,5,417090,3389360,511,0,5,-86.5,533,-775.0,3865.0,3941.934804128551,-14,141.3384378346102,-22,3,3,0.3197653246059571
1404,3221001,417865.0,3385495.0,8,140,3,0,2585.0,9.2,525,0,5,417105,3389325,512,0,5,-87.0,533,-760.0,3830.0,3904.676683158287,-13,141.22360037534827,-21,3,3,0.30814325148471716
1405,3221001,417865.0,3385495.0,8,140,3,0,2585.0,9.2,525,0,5,417955,3385520,527,0,5,-83.0,533,90.0,25.0,93.40770846134703,2,55.524110996754246,-6,3,3,3.6753179850264543
1406,3221001,417865.0,3385495.0,8,140,3,0,2585.0,9.2,525,0,5,417985,3385470,523,99,6,-91.0,533,120.0,-25.0,122.57650672131263,-2,28.231711067979347,-10,3,3,4.663958383459289
1407,3221001,417865.0,3385495.0,8,140,3,0,2585.0,9.2,525,0,5,417975,3385460,523,99,6,-87.33,533,110.0,-35.0,115.43396380615195,-2,22.34987578006988,-10,3,3,4.951150471114766
1408,3221001,417865.0,3385495.0,8,140,3,0,2585.0,9.2,525,0,5,417950,3385515,526,0,10,-84.8,533,85.0,20.0,87.32124598286491,1,53.24051991518721,-7,3,3,4.583244614887839
1409,3221001,417865.0,3385495.0,8,140,3,0,2585.0,9.2,525,0,5,417925,3385490,525,0,5,-84.0,533,60.0,-5.0,60.207972893961475,0,35.23635830927381,-8,3,3,7.568714276557948
1410,3221001,417865.0,3385495.0,8,140,3,0,2585.0,9.2,525,0,5,417960,3385445,523,0,6,-90.0,533,95.0,-50.0,107.35455276791944,-2,12.24145939893998,-10,3,3,5.321704667051092
1411,3221001,417865.0,3385495.0,8,140,3,0,2585.0,9.2,525,0,5,417980,3385465,523,99,6,-83.33,533,115.0,-30.0,118.84864324004712,-2,25.379126011368356,-10,3,3,4.80957444157113
1412,3221001,417865.0,3385495.0,8,140,3,0,2585.0,9.2,525,0,5,417970,3385455,523,99,6,-91.33,533,105.0,-40.0,112.36102527122117,-2,19.145541960421667,-10,3,3,5.085857687964041
1413,3221001,417865.0,3385495.0,8,140,3,0,2585.0,9.2,525,0,5,418030,3385595,523,102,10,-109.0,533,165.0,100.0,192.93781381574738,-2,71.21840276434637,-10,3,3,2.9669951728930517
1414,3221001,417865.0,3385495.0,8,140,3,0,2585.0,9.2,525,0,5,418025,3385590,523,0,10,-99.5,533,160.0,95.0,186.07794065928394,-2,70.69972255081441,-10,3,3,3.0761688517746864
1415,3221001,417865.0,3385495.0,8,140,3,0,2585.0,9.2,525,0,5,418010,3385575,523,0,5,-97.5,533,145.0,80.0,165.60495161679194,-2,68.8865817669107,-10,3,3,3.455590642634524
1416,3221001,417865.0,3385495.0,8,140,3,0,2585.0,9.2,525,0,5,417940,3385505,526,0,10,-87.25,533,75.0,10.0,75.66372975210778,1,47.59464336859145,-7,3,3,5.285650743897974
1417,3221001,417865.0,3385495.0,8,140,3,0,2585.0,9.2,525,0,5,417935,3385500,526,0,5,-92.5,533,70.0,5.0,70.178344238091,1,44.085616779974885,-7,3,3,5.696176361773174
1418,3221001,417865.0,3385495.0,8,140,3,0,2585.0,9.2,525,0,5,418015,3385580,523,0,5,-104.09,533,150.0,85.0,172.40939649566667,-2,69.5387822595581,-10,3,3,3.319520809887202
1419,3221001,417865.0,3385495.0,8,140,3,0,2585.0,9.2,525,0,5,418020,3385585,523,0,10,-92.0,533,155.0,90.0,179.2344832893492,-2,70.14138555207535,-10,3,3,3.1933832362693333
1420,3221001,417865.0,3385495.0,8,140,3,0,2585.0,9.2,525,0,5,417920,3385485,525,99,6,-92.67,533,55.0,-10.0,55.90169943749474,0,29.695153531233956,-8,3,3,8.144207136149896
1421,3221001,417865.0,3385495.0,8,140,3,0,2585.0,9.2,525,0,5,417930,3385495,525,0,5,-102.0,533,65.0,0.0,65.0,0,40.0,-8,3,3,7.016501744722909
1422,3221001,417865.0,3385495.0,8,140,3,0,2585.0,9.2,525,0,5,418035,3385600,522,0,10,-97.5,533,170.0,105.0,199.81241202688085,-3,71.70142966950573,-11,3,3,3.15104564345015
1423,3221001,417865.0,3385495.0,8,140,3,0,2585.0,9.2,525,0,5,417945,3385510,526,0,10,-90.6,533,80.0,15.0,81.39410298049853,1,50.61965527615513,-7,3,3,4.915417755112416
1424,3221001,417865.0,3385495.0,8,140,3,0,2585.0,9.2,525,0,5,417190,3389635,495,0,6,-88.67,533,-675.0,4140.0,4194.666256092372,-30,139.2602215311715,-38,3,3,0.5190353489752986
1425,3221001,417865.0,3385495.0,8,140,3,0,2585.0,9.2,525,0,5,417250,3389695,499,0,5,-96.0,533,-615.0,4200.0,4244.787980570996,-26,138.33053654732726,-34,3,3,0.4589192330234074
1426,3221001,417865.0,3385495.0,8,140,3,0,2585.0,9.2,525,0,5,417195,3389640,495,0,6,-90.33,533,-670.0,4145.0,4198.800423930626,-30,139.18190266010203,-38,3,3,0.5185243311101472
1427,3221001,417865.0,3385495.0,8,140,3,0,2585.0,9.2,525,0,5,417825,3385650,529,0,14,-101.5,533,-40.0,155.0,160.0781059358212,4,144.47029410006587,-4,3,3,1.4313977209678337
1428,3221001,417865.0,3385495.0,8,140,3,0,2585.0,9.2,525,0,5,417800,3385665,531,0,5,-104.5,533,-65.0,170.0,182.00274723201295,6,150.92450174492114,-2,3,3,0.6295891057283041
1429,3221001,417865.0,3385495.0,8,140,3,0,2585.0,9.2,525,0,5,417815,3385680,529,0,5,-105.0,533,-50.0,185.0,191.637678967368,4,145.12400730831058,-4,3,3,1.1957452480545148
1430,3221001,417865.0,3385495.0,8,140,3,0,2585.0,9.2,525,0,5,417055,3389570,498,0,5,-106.0,533,-810.0,4075.0,4154.723215811133,-27,141.24231888785476,-35,3,3,0.4826566640825309
1431,3221001,417865.0,3385495.0,8,140,3,0,2585.0,9.2,525,0,5,417180,3389635,495,0,6,-94.5,533,-685.0,4140.0,4196.287049285356,-30,139.39498145997766,-38,3,3,0.518834885338199
1432,3221001,417865.0,3385495.0,8,140,3,0,2585.0,9.2,525,0,5,417655,3385625,533,0,10,-105.0,533,-210.0,130.0,246.9817807045694,8,188.24051991518718,0,3,3,0.0
1433,3221001,417865.0,3385495.0,8,140,3,0,2585.0,9.2,525,0,5,417845,3385610,529,0,14,-105.75,533,-20.0,115.0,116.72617529928752,4,139.8658069430844,-4,3,3,1.9626572171844454
1434,3221001,417865.0,3385495.0,8,140,3,0,2585.0,9.2,525,0,5,417840,3385605,529,0,14,-101.33,533,-25.0,110.0,112.80514172678478,4,142.80426606528675,-4,3,3,2.0308217440641805
1435,3221001,417865.0,3385495.0,8,140,3,0,2585.0,9.2,525,0,5,417975,3385580,525,0,5,-100.43,533,110.0,85.0,139.01438774457844,0,77.69424046668917,-8,3,3,3.293624818847139
1436,3221001,417865.0,3385495.0,8,140,3,0,2585.0,9.2,525,0,5,417925,3385530,527,0,10,-92.17,533,60.0,35.0,69.46221994724903,2,70.25643716352926,-6,3,3,4.936834741203793
1437,3221001,417865.0,3385495.0,8,140,3,0,2585.0,9.2,525,0,5,417950,3385555,526,0,5,-96.33,533,85.0,60.0,104.04326023342406,1,75.21759296819272,-7,3,3,3.8490425772516796
1438,3221001,417865.0,3385495.0,8,140,3,0,2585.0,9.2,525,0,5,417920,3385525,526,0,10,-91.62,533,55.0,30.0,62.64982043070834,1,68.61045966596521,-7,3,3,6.3753390975397295
1439,3221001,417865.0,3385495.0,8,140,3,0,2585.0,9.2,525,0,5,417965,3385570,526,0,5,-95.5,533,100.0,75.0,125.0,1,76.86989764584402,-7,3,3,3.205215931013497
1440,3221001,417865.0,3385495.0,8,140,3,0,2585.0,9.2,525,0,5,417930,3385535,527,0,10,-88.14,533,65.0,40.0,76.32168761236873,2,71.60750224624888,-6,3,3,4.495040624296243
1441,3221001,417865.0,3385495.0,8,140,3,0,2585.0,9.2,525,0,5,418010,3385455,521,0,5,-98.25,533,145.0,-40.0,150.41608956491322,-4,24.57783868126134,-12,3,3,4.561322083556315
1442,3221001,417865.0,3385495.0,8,140,3,0,2585.0,9.2,525,0,5,418015,3385460,521,0,5,-95.57,533,150.0,-35.0,154.02921800749363,-4,26.865977693603668,-12,3,3,4.454761046465503
1443,3221001,417865.0,3385495.0,8,140,3,0,2585.0,9.2,525,0,5,418020,3385465,521,0,5,-94.33,533,155.0,-30.0,157.87653403846943,-4,29.045937356601655,-12,3,3,4.346623532525285
1444,3221001,417865.0,3385495.0,8,140,3,0,2585.0,9.2,525,0,5,418000,3385445,522,0,5,-102.33,533,135.0,-50.0,143.96180048887967,-3,19.67686317033707,-11,3,3,4.369432045972333
1445,3221001,417865.0,3385495.0,8,140,3,0,2585.0,9.2,525,0,5,418005,3385450,521,0,5,-93.0,533,140.0,-45.0,147.05441169852742,-4,22.181111085477227,-12,3,3,4.665139207305234
1446,3221001,417865.0,3385495.0,8,140,3,0,2585.0,9.2,525,0,5,417980,3385585,525,0,5,-103.71,533,115.0,90.0,146.03081866510234,0,78.0470425318261,-8,3,3,3.13569778539458
1447,3221001,417865.0,3385495.0,8,140,3,0,2585.0,9.2,525,0,5,418005,3385650,521,0,5,-110.0,533,140.0,155.0,208.86598574205422,-4,87.91083782616775,-12,3,3,3.2882058089118007
1448,3221001,417865.0,3385495.0,8,140,3,0,2585.0,9.2,525,0,5,418055,3385620,522,0,5,-113.0,533,190.0,125.0,227.43130831088317,-3,73.34070734647702,-11,3,3,2.769024275578656
1449,3221001,417865.0,3385495.0,8,140,3,0,2585.0,9.2,525,0,5,417960,3385440,523,99,6,-82.33,533,95.0,-55.0,109.77249200050075,-2,9.931417178137536,-10,3,3,5.205135499713162
1450,3221001,417865.0,3385495.0,8,140,3,0,2585.0,9.2,525,0,5,417930,3385390,521,0,6,-95.8,533,65.0,-105.0,123.4908903522847,-4,-18.240519915187207,-12,3,3,5.5501862619043685
1451,3221001,417865.0,3385495.0,8,140,3,0,2585.0,9.2,525,0,5,417945,3385375,520,0,5,-92.63,533,80.0,-120.0,144.22205101855957,-5,-16.309932474020215,-13,3,3,5.150652185902697
1452,3221001,417865.0,3385495.0,8,140,3,0,2585.0,9.2,525,0,5,417975,3385425,522,0,6,-103.0,533,110.0,-70.0,130.38404810405297,-3,7.528807709151522,-11,3,3,4.822404503018382
1453,3221001,417865.0,3385495.0,8,140,3,0,2585.0,9.2,525,0,5,417940,3385380,520,0,6,-94.33,533,75.0,-115.0,137.2953021774598,-5,-16.888658039627984,-13,3,3,5.40900559584324
1454,3221001,417865.0,3385495.0,8,140,3,0,2585.0,9.2,525,0,5,417935,3385385,521,0,6,-98.8,533,70.0,-110.0,130.38404810405297,-4,-17.528807709151508,-12,3,3,5.2584488321218466
1455,3221001,417865.0,3385495.0,8,140,3,0,2585.0,9.2,525,0,5,417955,3385365,520,0,5,-90.29,533,90.0,-130.0,158.11388300841898,-5,-15.304846468766044,-13,3,3,4.700242065972605
1456,3221001,417865.0,3385495.0,8,140,3,0,2585.0,9.2,525,0,5,417985,3385415,521,0,6,-93.25,533,120.0,-80.0,144.22205101855957,-4,6.309932474020229,-12,3,3,4.7563410397334644
1457,3221001,417865.0,3385495.0,8,140,3,0,2585.0,9.2,525,0,5,417950,3385370,520,0,5,-93.8,533,85.0,-125.0,151.16216457830973,-5,-15.7842978675626,-13,3,3,4.915363146945316
1458,3221001,417865.0,3385495.0,8,140,3,0,2585.0,9.2,525,0,5,417980,3385420,522,0,6,-96.74,533,115.0,-75.0,137.2953021774598,-3,6.8886580396279555,-11,3,3,4.580711660829153
1459,3221001,417865.0,3385495.0,8,140,3,0,2585.0,9.2,525,0,5,417925,3385395,521,0,5,-96.6,533,60.0,-100.0,116.61903789690601,-4,-19.036243467926482,-12,3,3,5.875009967692122
1460,3221001,417865.0,3385495.0,8,140,3,0,2585.0,9.2,525,0,5,417990,3385410,521,0,6,-94.8,533,125.0,-85.0,151.16216457830973,-4,5.7842978675626,-12,3,3,4.538903553004313
1461,3221001,417865.0,3385495.0,8,140,3,0,2585.0,9.2,525,0,5,417965,3385435,523,99,6,-87.5,533,100.0,-60.0,116.61903789690601,-2,9.036243467926482,-10,3,3,4.901083564402995
1462,3221001,417865.0,3385495.0,8,140,3,0,2585.0,9.2,525,0,5,417140,3389525,498,0,6,-86.33,533,-725.0,4030.0,4094.694738316887,-27,140.19846517426515,-35,3,3,0.4897320984196309
1463,3221001,417865.0,3385495.0,8,140,3,0,2585.0,9.2,525,0,5,417160,3389585,495,0,6,-98.4,533,-705.0,4090.0,4150.3162530101245,-30,139.78006143965592,-38,3,3,0.5245814178369698
1464,3221001,417865.0,3385495.0,8,140,3,0,2585.0,9.2,525,0,5,417170,3389595,494,0,6,-96.0,533,-695.0,4100.0,4158.488307065441,-31,139.62087901086034,-39,3,3,0.5373274437641805
1465,3221001,417865.0,3385495.0,8,140,3,0,2585.0,9.2,525,0,5,417190,3389575,495,0,5,-87.0,533,-675.0,4080.0,4135.4594666131115,-30,139.39399095895106,-38,3,3,0.526465889503106
1466,3221001,417865.0,3385495.0,8,140,3,0,2585.0,9.2,525,0,5,417185,3389570,495,0,6,-92.0,533,-680.0,4075.0,4131.346632757895,-30,139.47372208441976,-38,3,3,0.5269899667280991
1467,3221001,417865.0,3385495.0,8,140,3,0,2585.0,9.2,525,0,5,417150,3389535,498,0,6,-85.0,533,-715.0,4040.0,4102.782592339009,-27,140.03629398597667,-35,3,3,0.48876673179641983
1468,3221001,417865.0,3385495.0,8,140,3,0,2585.0,9.2,525,0,5,417155,3389540,497,0,6,-90.0,533,-710.0,4045.0,4106.838808621541,-28,139.9554482459747,-36,3,3,0.5022342802938021
1469,3221001,417865.0,3385495.0,8,140,3,0,2585.0,9.2,525,0,5,417180,3389565,496,0,6,-90.0,533,-685.0,4070.0,4127.241815062452,-29,139.55361196071055,-37,3,3,0.5136328685767388
1470,3221001,417865.0,3385495.0,8,140,3,0,2585.0,9.2,525,0,5,417175,3389600,494,0,6,-91.33,533,-690.0,4105.0,4162.586335440984,-31,139.54152248471212,-39,3,3,0.5367984807545948
1471,3221001,417865.0,3385495.0,8,140,3,0,2585.0,9.2,525,0,5,418015,3385490,522,96,6,-108.0,533,150.0,-5.0,150.08331019803634,-3,38.090847567003635,-11,3,3,4.1918629280891535
1472,3221001,417865.0,3385495.0,8,140,3,0,2585.0,9.2,525,0,5,417965,3385540,527,0,5,-92.0,533,100.0,45.0,109.65856099730654,2,64.22774531795417,-6,3,3,3.131832379485525
1473,3221001,417865.0,3385495.0,8,140,3,0,2585.0,9.2,525,0,5,417985,3385560,525,0,5,-87.67,533,120.0,65.0,136.4734406395618,0,68.44292862436336,-8,3,3,3.354808779790235
1474,3221001,417865.0,3385495.0,8,140,3,0,2585.0,9.2,525,0,5,417930,3385565,526,99,5,-92.5,533,65.0,70.0,95.524865872714,1,87.12109639666147,-7,3,3,4.191106255980144
1475,3221001,417865.0,3385495.0,8,140,3,0,2585.0,9.2,525,0,5,417970,3385525,527,0,5,-84.43,533,105.0,30.0,109.20164833920778,2,55.94539590092285,-6,3,3,3.1449100885750694
1476,3221001,417865.0,3385495.0,8,140,3,0,2585.0,9.2,525,0,5,417990,3385545,525,0,5,-91.33,533,125.0,50.0,134.6291201783626,0,61.801409486351815,-8,3,3,3.4006600748447715
1477,3221001,417865.0,3385495.0,8,140,3,0,2585.0,9.2,525,0,5,416895,3389170,509,0,5,-89.83,533,-970.0,3675.0,3800.858455664983,-16,144.7857625994891,-24,3,3,0.36178154203530793
1478,3221001,417865.0,3385495.0,8,140,3,0,2585.0,9.2,525,0,5,417980,3385555,525,0,5,-101.0,533,115.0,60.0,129.71121771072848,0,67.5528115767178,-8,3,3,3.529273562799303
1479,3221001,417865.0,3385495.0,8,140,3,0,2585.0,9.2,525,0,5,418010,3385485,522,96,6,-97.67,533,145.0,-10.0,145.34441853748632,-3,36.054813770962426,-11,3,3,4.328025631797275
1480,3221001,417865.0,3385495.0,8,140,3,0,2585.0,9.2,525,0,5,418020,3385515,522,96,6,-104.33,533,155.0,20.0,156.28499608087785,-3,47.35237935989235,-11,3,3,4.0260800891376025
1481,3221001,417865.0,3385495.0,8,140,3,0,2585.0,9.2,525,0,5,417960,3385535,527,0,5,-95.57,533,95.0,40.0,103.07764064044152,2,62.83365417791754,-6,3,3,3.3313451801106333
1482,3221001,417865.0,3385495.0,8,140,3,0,2585.0,9.2,525,0,5,417975,3385530,526,0,5,-98.8,533,110.0,35.0,115.43396380615195,1,57.65012421993012,-7,3,3,3.4702084782364113
1483,3221001,417865.0,3385495.0,8,140,3,0,2585.0,9.2,525,0,5,417170,3389440,504,0,12,-87.5,533,-695.0,3945.0,4005.7521141478537,-21,139.9914083544665,-29,3,3,0.4147906637177262
1484,3221001,417865.0,3385495.0,8,140,3,0,2585.0,9.2,525,0,5,417125,3389385,508,0,6,-89.0,533,-740.0,3890.0,3959.760093743054,-17,140.77076076692538,-25,3,3,0.36173288845945434
1485,3221001,417865.0,3385495.0,8,140,3,0,2585.0,9.2,525,0,5,417160,3389430,504,0,12,-88.5,533,-705.0,3935.0,3997.6555629518657,-21,140.1574250546562,-29,3,3,0.4156307201195022
1486,3221001,417865.0,3385495.0,8,140,3,0,2585.0,9.2,525,0,5,417865,3385345,520,0,10,-98.5,533,0.0,-150.0,150.0,-5,-50.0,-13,3,3,4.953257477842062
1487,3221001,417865.0,3385495.0,8,140,3,0,2585.0,9.2,525,0,5,417915,3385315,517,0,5,-108.33,533,50.0,-180.0,186.81541692269406,-8,-34.47588900324574,-16,3,3,4.895210554162297
1488,3221001,417865.0,3385495.0,8,140,3,0,2585.0,9.2,525,0,5,417890,3385300,517,93,6,-99.67,533,25.0,-195.0,196.596032513375,-8,-42.69424046668918,-16,3,3,4.652771778573526
1489,3221001,417865.0,3385495.0,8,140,3,0,2585.0,9.2,525,0,5,417895,3385295,517,0,5,-97.5,533,30.0,-200.0,202.23748416156684,-8,-41.46923439005187,-16,3,3,4.523528197444638
1490,3221001,417865.0,3385495.0,8,140,3,0,2585.0,9.2,525,0,5,417885,3385285,516,0,5,-99.67,533,20.0,-210.0,210.95023109728987,-9,-44.55966796899449,-17,3,3,4.607379923402294
1491,3221001,417865.0,3385495.0,8,140,3,0,2585.0,9.2,525,0,5,417665,3385545,531,0,6,-108.5,533,-200.0,50.0,206.15528128088303,6,205.9637565320735,-2,3,3,0.5558332703770877
1492,3221001,417865.0,3385495.0,8,140,3,0,2585.0,9.2,525,0,5,417935,3385490,525,0,5,-99.0,533,70.0,-5.0,70.178344238091,0,35.914383220025115,-8,3,3,6.503375099161559
1493,3221001,417865.0,3385495.0,8,140,3,0,2585.0,9.2,525,0,5,417950,3385505,526,0,5,-90.0,533,85.0,10.0,85.58621384311844,1,46.70983680775694,-7,3,3,4.675749766891122
1494,3221001,417865.0,3385495.0,8,140,3,0,2585.0,9.2,525,0,5,417990,3385465,523,99,6,-93.75,533,125.0,-30.0,128.5496013218244,-2,26.504266719204196,-10,3,3,4.448136969335406
1495,3221001,417865.0,3385495.0,8,140,3,0,2585.0,9.2,525,0,5,417970,3385445,523,99,6,-95.0,533,105.0,-50.0,116.29703349613007,-2,14.536654938128379,-10,3,3,4.914587361523426
1496,3221001,417865.0,3385495.0,8,140,3,0,2585.0,9.2,525,0,5,417965,3385460,524,0,5,-88.33,533,100.0,-35.0,105.94810050208545,-1,20.709953780811276,-9,3,3,4.8554623510886765
1497,3221001,417865.0,3385495.0,8,140,3,0,2585.0,9.2,525,0,5,417960,3385455,524,0,6,-96.5,533,95.0,-40.0,103.07764064044152,-1,17.166345822082462,-9,3,3,4.9900015722538695
1498,3221001,417865.0,3385495.0,8,140,3,0,2585.0,9.2,525,0,5,418005,3385580,524,0,5,-99.13,533,140.0,85.0,163.783393541592,-1,71.26373169437744,-9,3,3,3.1452757005657532
1499,3221001,417865.0,3385495.0,8,140,3,0,2585.0,9.2,525,0,5,417955,3385510,526,0,5,-99.4,533,90.0,15.0,91.2414379544733,1,49.462322208025626,-7,3,3,4.387111249722437
1500,3221001,417865.0,3385495.0,8,140,3,0,2585.0,9.2,525,0,5,418030,3385585,522,0,10,-102.8,533,165.0,90.0,187.94946129212502,-3,68.61045966596521,-11,3,3,3.3494931857234316
1501,3221001,417865.0,3385495.0,8,140,3,0,2585.0,9.2,525,0,5,418035,3385590,522,0,10,-108.33,533,170.0,95.0,194.74342094150447,-3,69.19748604606448,-11,3,3,3.2328926724554234
1502,3221001,417865.0,3385495.0,8,140,3,0,2585.0,9.2,525,0,5,418010,3385565,523,0,10,-101.33,533,145.0,70.0,161.01242188104618,-2,65.7693276243387,-10,3,3,3.5539047384872937
1503,3221001,417865.0,3385495.0,8,140,3,0,2585.0,9.2,525,0,5,417940,3385515,526,0,10,-96.0,533,75.0,20.0,77.62087348130012,1,54.931417178137565,-7,3,3,5.153104325519137
1504,3221001,417865.0,3385495.0,8,140,3,0,2585.0,9.2,525,0,5,417930,3385485,525,0,5,-91.6,533,65.0,-10.0,65.76473218982953,0,31.253837737444798,-8,3,3,6.935711054014992
1505,3221001,417865.0,3385495.0,8,140,3,0,2585.0,9.2,525,0,5,417945,3385520,527,0,10,-102.29,533,80.0,25.0,83.81527307120105,2,57.35402463626133,-6,3,3,4.094590791547127
1506,3221001,417865.0,3385495.0,8,140,3,0,2585.0,9.2,525,0,5,418015,3385570,523,0,10,-106.2,533,150.0,75.0,167.70509831248424,-2,66.56505117707798,-10,3,3,3.4124196866611016
1507,3221001,417865.0,3385495.0,8,140,3,0,2585.0,9.2,525,0,5,417925,3385500,525,0,5,-82.4,533,60.0,5.0,60.207972893961475,0,44.76364169072619,-8,3,3,7.568714276557948
1508,3221001,417865.0,3385495.0,8,140,3,0,2585.0,9.2,525,0,5,417975,3385450,523,99,6,-95.5,533,110.0,-45.0,118.84864324004712,-2,17.750976342787624,-10,3,3,4.80957444157113
1509,3221001,417865.0,3385495.0,8,140,3,0,2585.0,9.2,525,0,5,418020,3385595,523,102,5,-105.83,533,155.0,100.0,184.45866745696716,-2,72.82854179141253,-10,3,3,3.1031204994002417
1510,3221001,417865.0,3385495.0,8,140,3,0,2585.0,9.2,525,0,5,417920,3385495,525,0,5,-89.0,533,55.0,0.0,55.0,0,40.0,-8,3,3,8.2758928270752
1511,3221001,417865.0,3385495.0,8,140,3,0,2585.0,9.2,525,0,5,418025,3385600,523,102,5,-103.75,533,160.0,105.0,191.3765920900464,-2,73.27488798483492,-10,3,3,2.991155700894256
1512,3221001,417865.0,3385495.0,8,140,3,0,2585.0,9.2,525,0,5,418000,3385575,524,0,5,-100.5,533,135.0,80.0,156.92354826475216,-1,70.65066795705286,-9,3,3,3.2824756937416346
1513,3221001,417865.0,3385495.0,8,140,3,0,2585.0,9.2,525,0,5,417955,3385505,526,0,5,-90.0,533,90.0,10.0,90.55385138137417,1,46.34019174590992,-7,3,3,4.4202915990475855
1514,3221001,417865.0,3385495.0,8,140,3,0,2585.0,9.2,525,0,5,417950,3385510,526,0,5,-94.5,533,85.0,15.0,86.31338250816034,1,50.00797980144134,-7,3,3,4.636530215744546
1515,3221001,417865.0,3385495.0,8,140,3,0,2585.0,9.2,525,0,5,417920,3385500,525,0,5,-91.0,533,55.0,5.0,55.226805085936306,0,45.19442890773482,-8,3,3,8.242373354613559
1516,3221001,417865.0,3385495.0,8,140,3,0,2585.0,9.2,525,0,5,417935,3385485,525,0,5,-102.0,533,70.0,-10.0,70.71067811865476,0,31.86989764584402,-8,3,3,6.454830247455114
1517,3221001,417865.0,3385495.0,8,140,3,0,2585.0,9.2,525,0,5,417975,3385445,523,99,6,-84.0,533,110.0,-50.0,120.83045973594572,-2,15.556045219583467,-10,3,3,4.731050624536694
1518,3221001,417865.0,3385495.0,8,140,3,0,2585.0,9.2,525,0,5,417970,3385450,523,99,6,-92.67,533,105.0,-45.0,114.23659658795863,-2,16.801409486351815,-10,3,3,5.002783788791154
1519,3221001,417865.0,3385495.0,8,140,3,0,2585.0,9.2,525,0,5,418000,3385580,524,0,5,-114.67,533,135.0,85.0,159.53056133543816,-1,72.19573393471325,-9,3,3,3.2289486470463045
1520,3221001,417865.0,3385495.0,8,140,3,0,2585.0,9.2,525,0,5,417945,3385515,526,0,10,-85.57,533,80.0,20.0,82.46211251235322,1,54.03624346792648,-7,3,3,4.852061542814418
1521,3221001,417865.0,3385495.0,8,140,3,0,2585.0,9.2,525,0,5,418040,3385540,521,96,6,-91.0,533,175.0,45.0,180.6931099959265,-4,54.420773127510984,-12,3,3,3.799487585717383
1522,3221001,417865.0,3385495.0,8,140,3,0,2585.0,9.2,525,0,5,417965,3385455,524,0,6,-88.25,533,100.0,-40.0,107.70329614269008,-1,18.198590513648185,-9,3,3,4.776704055740438
1523,3221001,417865.0,3385495.0,8,140,3,0,2585.0,9.2,525,0,5,417985,3385475,523,99,6,-86.5,533,120.0,-20.0,121.6552506059644,-2,30.537677791974374,-10,3,3,4.69911946436983
1524,3221001,417865.0,3385495.0,8,140,3,0,2585.0,9.2,525,0,5,417960,3385460,524,0,6,-92.5,533,95.0,-35.0,101.24228365658294,-1,19.775140568831915,-9,3,3,5.079992984816845
1525,3221001,417865.0,3385495.0,8,140,3,0,2585.0,9.2,525,0,5,418020,3385600,523,102,5,-107.4,533,155.0,105.0,187.21645226849054,-2,74.11447294534128,-10,3,3,3.057497476339977
1526,3221001,417865.0,3385495.0,8,140,3,0,2585.0,9.2,525,0,5,417995,3385465,523,99,6,-103.0,533,130.0,-30.0,133.41664064126334,-2,27.005383208083487,-10,3,3,4.286485103811266
1527,3221001,417865.0,3385495.0,8,140,3,0,2585.0,9.2,525,0,5,417930,3385490,525,0,5,-98.0,533,65.0,-5.0,65.19202405202648,0,35.60129464500446,-8,3,3,6.996039646506274
1528,3221001,417865.0,3385495.0,8,140,3,0,2585.0,9.2,525,0,5,418025,3385595,523,102,5,-105.33,533,160.0,100.0,188.67962264113208,-2,72.00538320808349,-10,3,3,3.033831699188776
1529,3221001,417865.0,3385495.0,8,140,3,0,2585.0,9.2,525,0,5,417925,3385495,525,0,5,-90.43,533,60.0,0.0,60.0,0,40.0,-8,3,3,7.594643368591445
1530,3221001,417865.0,3385495.0,8,140,3,0,2585.0,9.2,525,0,5,418030,3385590,523,0,10,-104.0,533,165.0,95.0,190.3943276465977,-2,69.9315118405078,-10,3,3,3.0065591490544454
1531,3221001,417865.0,3385495.0,8,140,3,0,2585.0,9.2,525,0,5,418035,3385585,522,0,10,-98.0,533,170.0,90.0,192.35384061671346,-3,67.89727103094762,-11,3,3,3.2729675912837597
1532,3221001,417865.0,3385495.0,8,140,3,0,2585.0,9.2,525,0,5,417940,3385520,526,0,10,-94.38,533,75.0,25.0,79.05694150420949,1,58.434948822922024,-7,3,3,5.059988675900263
1533,3221001,417865.0,3385495.0,8,140,3,0,2585.0,9.2,525,0,5,416980,3389640,499,0,5,-103.0,533,-885.0,4145.0,4238.425415174838,-26,142.0522703075385,-34,3,3,0.4596081158472374
1534,3221001,417865.0,3385495.0,8,140,3,0,2585.0,9.2,525,0,5,417175,3389485,501,0,12,-86.0,533,-690.0,3990.0,4049.222147524139,-24,139.81125686799606,-32,3,3,0.45278493258392605
1535,3221001,417865.0,3385495.0,8,140,3,0,2585.0,9.2,525,0,5,417125,3389455,503,0,6,-84.67,533,-740.0,3960.0,4028.5481255658347,-22,140.58470817496095,-30,3,3,0.4266652796882626
1536,3221001,417865.0,3385495.0,8,140,3,0,2585.0,9.2,525,0,5,417225,3389555,498,0,12,-88.0,533,-640.0,4060.0,4110.133817772848,-27,138.95813236286227,-35,3,3,0.4878925849323938
1537,3221001,417865.0,3385495.0,8,140,3,0,2585.0,9.2,525,0,5,417160,3389500,500,0,5,-87.75,533,-705.0,4005.0,4066.577184807882,-25,139.9834944270716,-33,3,3,0.46494118667987633
1538,3221001,417865.0,3385495.0,8,140,3,0,2585.0,9.2,525,0,5,417185,3389515,499,0,12,-85.2,533,-680.0,4020.0,4077.1068173399626,-26,139.60094075897103,-34,3,3,0.4777925707322754
1539,3221001,417865.0,3385495.0,8,140,3,0,2585.0,9.2,525,0,5,417220,3389560,497,0,12,-87.0,533,-645.0,4065.0,4115.853495934956,-28,139.01604894801022,-36,3,3,0.5011343252426933
1540,3221001,417865.0,3385495.0,8,140,3,0,2585.0,9.2,525,0,5,417210,3389530,499,0,12,-91.5,533,-655.0,4035.0,4087.8172659745933,-26,139.220374848698,-34,3,3,0.4765407690621097
1541,3221001,417865.0,3385495.0,8,140,3,0,2585.0,9.2,525,0,5,417145,3389475,501,0,5,-90.5,533,-720.0,3980.0,4044.6013400581273,-24,140.2541646779042,-32,3,3,0.45330220105243596
1542,3221001,417865.0,3385495.0,8,140,3,0,2585.0,9.2,525,0,5,417120,3389460,503,0,6,-83.0,533,-745.0,3965.0,4034.383472105744,-22,140.64146562131907,-30,3,3,0.42604817228186864
1543,3221001,417865.0,3385495.0,8,140,3,0,2585.0,9.2,525,0,5,417135,3389445,504,0,5,-91.0,533,-730.0,3950.0,4016.889343758426,-21,140.47069885204098,-29,3,3,0.41364065490986324
1544,3221001,417865.0,3385495.0,8,140,3,0,2585.0,9.2,525,0,5,417000,3389660,499,0,5,-104.5,533,-865.0,4165.0,4253.874704313704,-26,141.7325769390584,-34,3,3,0.4579389750700806
1545,3221001,417865.0,3385495.0,8,140,3,0,2585.0,9.2,525,0,5,417140,3389480,501,0,6,-92.67,533,-725.0,3985.0,4050.413559131956,-24,140.31117260095994,-32,3,3,0.4526517533993118
1546,3221001,417865.0,3385495.0,8,140,3,0,2585.0,9.2,525,0,5,417200,3389540,498,0,12,-89.5,533,-665.0,4045.0,4099.2987205130585,-27,139.3359431118697,-35,3,3,0.48918209989928796
1547,3221001,417865.0,3385495.0,8,140,3,0,2585.0,9.2,525,0,5,417165,3389495,500,0,5,-89.5,533,-700.0,4000.0,4060.7881008493905,-25,139.9262455066517,-33,3,3,0.46560398047463514
1548,3221001,417865.0,3385495.0,8,140,3,0,2585.0,9.2,525,0,5,417150,3389470,502,0,5,-82.0,533,-715.0,3975.0,4038.7931365693885,-23,140.1969927314998,-31,3,3,0.4397685708419117
1549,3221001,417865.0,3385495.0,8,140,3,0,2585.0,9.2,525,0,5,417130,3389450,503,0,6,-88.83,533,-735.0,3955.0,4022.7167436944897,-22,140.52778611996354,-30,3,3,0.42728375624423753
1550,3221001,417865.0,3385495.0,8,140,3,0,2585.0,9.2,525,0,5,417975,3385510,526,0,10,-95.0,533,110.0,15.0,111.01801655587259,1,47.76516601842533,-7,3,3,3.607884799188995
1551,3221001,417865.0,3385495.0,8,140,3,0,2585.0,9.2,525,0,5,417990,3385485,524,0,6,-96.0,533,125.0,-10.0,125.39936203984452,-1,35.42607874009914,-9,3,3,4.105119326154769
1552,3221001,417865.0,3385495.0,8,140,3,0,2585.0,9.2,525,0,5,417955,3385450,523,0,6,-104.33,533,90.0,-45.0,100.62305898749054,-2,13.434948822922024,-10,3,3,5.675464647712456
1553,3221001,417865.0,3385495.0,8,140,3,0,2585.0,9.2,525,0,5,417960,3385515,526,0,5,-86.67,533,95.0,20.0,97.082439194738,1,51.888658039627984,-7,3,3,4.1240987870983545
1554,3221001,417865.0,3385495.0,8,140,3,0,2585.0,9.2,525,0,5,417920,3385475,524,99,6,-85.64,533,55.0,-20.0,58.52349955359813,-1,20.01689347810003,-9,3,3,8.742704595011741
1555,3221001,417865.0,3385495.0,8,140,3,0,2585.0,9.2,525,0,5,417945,3385460,524,99,6,-95.85,533,80.0,-35.0,87.32124598286491,-1,16.370622269343187,-9,3,3,5.8845657742966875
1556,3221001,417865.0,3385495.0,8,140,3,0,2585.0,9.2,525,0,5,417935,3385470,524,99,6,-94.31,533,70.0,-25.0,74.33034373659252,-1,20.346175941946683,-9,3,3,6.903828903737672
1557,3221001,417865.0,3385495.0,8,140,3,0,2585.0,9.2,525,0,5,418010,3385545,523,0,10,-86.5,533,145.0,50.0,153.37861650177967,-2,59.02560603756868,-10,3,3,3.7302984605694243
1558,3221001,417865.0,3385495.0,8,140,3,0,2585.0,9.2,525,0,5,417930,3385465,524,99,6,-99.86,533,65.0,-30.0,71.58910531638176,-1,15.224859431168085,-9,3,3,7.165487395024589
1559,3221001,417865.0,3385495.0,8,140,3,0,2585.0,9.2,525,0,5,416845,3389200,511,0,5,-92.5,533,-1020.0,3705.0,3842.84074611478,-14,145.39242431374657,-22,3,3,0.328010828931536
1560,3221001,417865.0,3385495.0,8,140,3,0,2585.0,9.2,525,0,5,417950,3385445,523,0,6,-98.31,533,85.0,-50.0,98.6154146165801,-2,9.534455080540113,-10,3,3,5.790230257983663
1561,3221001,417865.0,3385495.0,8,140,3,0,2585.0,9.2,525,0,5,418040,3385595,522,0,10,-101.0,533,175.0,100.0,201.55644370746373,-3,69.74488129694222,-11,3,3,3.12383444675348
1562,3221001,417865.0,3385495.0,8,140,3,0,2585.0,9.2,525,0,5,417970,3385505,526,0,10,-97.82,533,105.0,10.0,105.47511554864494,1,45.44033203100551,-7,3,3,3.7969445989616983
1563,3221001,417865.0,3385495.0,8,140,3,0,2585.0,9.2,525,0,5,417925,3385480,525,99,6,-94.71,533,60.0,-15.0,61.84658438426491,0,25.963756532073518,-8,3,3,7.370417258646785
1564,3221001,417865.0,3385495.0,8,140,3,0,2585.0,9.2,525,0,5,417965,3385520,527,0,5,-95.67,533,100.0,25.0,103.07764064044152,2,54.03624346792648,-6,3,3,3.3313451801106333
1565,3221001,417865.0,3385495.0,8,140,3,0,2585.0,9.2,525,0,5,417940,3385455,524,99,6,-97.0,533,75.0,-40.0,85.0,-1,11.927513064147035,-9,3,3,6.044092162241109
1566,3221001,417865.0,3385495.0,8,140,3,0,2585.0,9.2,525,0,5,418045,3385600,522,102,5,-108.5,533,180.0,105.0,208.38665984174708,-3,70.25643716352926,-11,3,3,3.0216385709269624
1567,3221001,417865.0,3385495.0,8,140,3,0,2585.0,9.2,525,0,5,418020,3385535,523,0,5,-103.67,533,155.0,40.0,160.0781059358212,-2,54.4702941000659,-10,3,3,3.5745939215186993
1568,3221001,417865.0,3385495.0,8,140,3,0,2585.0,9.2,525,0,5,417125,3389345,511,0,7,-88.0,533,-740.0,3850.0,3920.471910369975,-14,140.8800072300599,-22,3,3,0.3215158652717094
1569,3221001,417865.0,3385495.0,8,140,3,0,2585.0,9.2,525,0,5,417130,3389470,502,0,6,-83.33,533,-735.0,3975.0,4042.3817236871632,-23,140.4759916668943,-31,3,3,0.43937818565859815
1570,3221001,417865.0,3385495.0,8,140,3,0,2585.0,9.2,525,0,5,417170,3389510,499,0,5,-89.0,533,-695.0,4015.0,4074.7085785366294,-26,139.82063288186953,-34,3,3,0.47807377060040473
1571,3221001,417865.0,3385495.0,8,140,3,0,2585.0,9.2,525,0,5,417190,3389490,501,0,12,-88.67,533,-675.0,3995.0,4051.6231315362984,-24,139.59018841381453,-32,3,3,0.4525166242718972
1572,3221001,417865.0,3385495.0,8,140,3,0,2585.0,9.2,525,0,5,417185,3389495,500,0,12,-89.0,533,-680.0,4000.0,4057.3883225543004,-25,139.64804531609815,-33,3,3,0.46599410348121406
1573,3221001,417865.0,3385495.0,8,140,3,0,2585.0,9.2,525,0,5,417135,3389465,502,0,6,-90.0,533,-730.0,3970.0,4036.5579396312396,-23,140.41910778762826,-31,3,3,0.4400120779933979
1574,3221001,417865.0,3385495.0,8,140,3,0,2585.0,9.2,525,0,5,417205,3389555,497,0,12,-92.0,533,-660.0,4060.0,4113.295515763486,-28,139.23332350927717,-36,3,3,0.501445955230277
1575,3221001,417865.0,3385495.0,8,140,3,0,2585.0,9.2,525,0,5,417145,3389455,503,0,5,-94.5,533,-720.0,3960.0,4024.9223594996215,-22,140.30484646876602,-30,3,3,0.4270496178412069
1576,3221001,417865.0,3385495.0,8,140,3,0,2585.0,9.2,525,0,5,417140,3389460,502,0,5,-90.0,533,-725.0,3965.0,4030.738145799104,-23,140.3620595880633,-31,3,3,0.4406473657702167
1577,3221001,417865.0,3385495.0,8,140,3,0,2585.0,9.2,525,0,5,417175,3389505,500,0,5,-83.5,533,-690.0,4010.0,4068.9310635595684,-25,139.7632669692111,-33,3,3,0.46467222975702493
1578,3221001,417865.0,3385495.0,8,140,3,0,2585.0,9.2,525,0,5,417215,3389545,498,5,12,-87.0,533,-650.0,4050.0,4101.828860398737,-27,139.1178627537958,-35,3,3,0.488880371306224
1579,3221001,417865.0,3385495.0,8,140,3,0,2585.0,9.2,525,0,5,417180,3389500,500,0,12,-88.0,533,-685.0,4005.0,4063.1576390782575,-25,139.70573797392933,-33,3,3,0.46533246309791987
1580,3221001,417865.0,3385495.0,8,140,3,0,2585.0,9.2,525,0,5,417255,3389585,497,0,14,-86.5,533,-610.0,4090.0,4135.238808098028,-28,138.48280789585897,-36,3,3,0.498785209794163
1581,3221001,417865.0,3385495.0,8,140,3,0,2585.0,9.2,525,0,5,417160,3389520,499,0,6,-90.88,533,-705.0,4025.0,4086.275810563942,-26,139.934877769146,-34,3,3,0.47672052502720424
1582,3221001,417865.0,3385495.0,8,140,3,0,2585.0,9.2,525,0,5,417165,3389515,499,0,5,-89.85,533,-700.0,4020.0,4080.490166634396,-26,139.87783628985557,-34,3,3,0.4773964260921157
1583,3221001,417865.0,3385495.0,8,140,3,0,2585.0,9.2,525,0,5,417245,3389595,496,0,6,-87.0,533,-620.0,4100.0,4146.613075752306,-29,138.5990887107775,-37,3,3,0.5112335159755602
1584,3221001,417865.0,3385495.0,8,140,3,0,2585.0,9.2,525,0,5,417155,3389445,503,0,12,-92.5,533,-710.0,3950.0,4013.3028791757047,-22,140.18992306246332,-30,3,3,0.4282859835504389
1585,3221001,417865.0,3385495.0,8,140,3,0,2585.0,9.2,525,0,5,417125,3389475,501,0,6,-88.5,533,-740.0,3980.0,4048.209480745778,-24,140.53271182314205,-32,3,3,0.4528981928201431
1586,3221001,417865.0,3385495.0,8,140,3,0,2585.0,9.2,525,0,5,417200,3389560,496,0,5,-87.17,533,-665.0,4065.0,4119.0350811810285,-29,139.2908127037935,-37,3,3,0.5146561717715102
1587,3221001,417865.0,3385495.0,8,140,3,0,2585.0,9.2,525,0,5,417750,3385455,526,0,5,-85.0,533,-115.0,-40.0,121.75795661885921,1,-120.8209919741893,-7,3,3,3.290375968570152
1588,3221001,417865.0,3385495.0,8,140,3,0,2585.0,9.2,525,0,5,417835,3385380,522,0,5,-94.0,533,-30.0,-115.0,118.84864324004712,-3,-64.62087398863166,-11,3,3,5.287928318796864
1589,3221001,417865.0,3385495.0,8,140,3,0,2585.0,9.2,525,0,5,417860,3385325,519,0,10,-106.5,533,-5.0,-170.0,170.07351351694948,-6,-51.6846843178963,-14,3,3,4.7058264373032745
1590,3221001,417865.0,3385495.0,8,140,3,0,2585.0,9.2,525,0,5,417820,3385365,522,0,10,-111.5,533,-45.0,-130.0,137.56816492197603,-3,-69.09349200048563,-11,3,3,4.5716644947987755
1591,3221001,417865.0,3385495.0,8,140,3,0,2585.0,9.2,525,0,5,417920,3385490,525,0,6,-93.29,533,55.0,-5.0,55.226805085936306,0,34.80557109226518,-8,3,3,8.242373354613559
1592,3221001,417865.0,3385495.0,8,140,3,0,2585.0,9.2,525,0,5,417965,3385445,523,99,6,-94.5,533,100.0,-50.0,111.80339887498948,-2,13.434948822922024,-10,3,3,5.111089695288715
1593,3221001,417865.0,3385495.0,8,140,3,0,2585.0,9.2,525,0,5,417955,3385515,526,0,5,-93.8,533,90.0,20.0,92.19544457292888,1,52.52880770915152,-7,3,3,4.341889436871616
1594,3221001,417865.0,3385495.0,8,140,3,0,2585.0,9.2,525,0,5,417940,3385510,526,0,10,-95.0,533,75.0,15.0,76.48529270389177,1,51.3099324740202,-7,3,3,5.22919163732384
1595,3221001,417865.0,3385495.0,8,140,3,0,2585.0,9.2,525,0,5,418030,3385600,523,102,10,-99.67,533,165.0,105.0,195.57607215607945,-2,72.47119229084848,-10,3,3,2.9270414369490085
1596,3221001,417865.0,3385495.0,8,140,3,0,2585.0,9.2,525,0,5,417935,3385495,525,0,5,-93.25,533,70.0,0.0,70.0,0,40.0,-8,3,3,6.519801751656986
1597,3221001,417865.0,3385495.0,8,140,3,0,2585.0,9.2,525,0,5,417980,3385470,524,99,6,-91.5,533,115.0,-25.0,117.6860229593982,-1,27.73522627210761,-9,3,3,4.373163896649145
1598,3221001,417865.0,3385495.0,8,140,3,0,2585.0,9.2,525,0,5,417995,3385475,523,0,6,-109.33,533,130.0,-20.0,131.52946437965906,-2,31.253837737444798,-10,3,3,4.347753151335396
1599,3221001,417865.0,3385495.0,8,140,3,0,2585.0,9.2,525,0,5,418025,3385585,523,0,10,-96.0,533,160.0,90.0,183.5755975068582,-2,69.35775354279127,-10,3,3,3.1180183310945
1600,3221001,417865.0,3385495.0,8,140,3,0,2585.0,9.2,525,0,5,418020,3385590,523,0,5,-104.67,533,155.0,95.0,181.79658962697843,-2,71.5042667192042,-10,3,3,3.148469250377314
1601,3221001,417865.0,3385495.0,8,140,3,0,2585.0,9.2,525,0,5,417925,3385485,525,0,6,-91.6,533,60.0,-10.0,60.8276253029822,0,30.537677791974374,-8,3,3,7.492492028240438
1602,3221001,417865.0,3385495.0,8,140,3,0,2585.0,9.2,525,0,5,418010,3385580,523,0,5,-109.33,533,145.0,85.0,168.0773631397161,-2,70.37912601136833,-10,3,3,3.4048795167681547
1603,3221001,417865.0,3385495.0,8,140,3,0,2585.0,9.2,525,0,5,417945,3385505,526,0,10,-88.67,533,80.0,10.0,80.62257748298549,1,47.125016348901795,-7,3,3,4.962222556601448
1604,3221001,417865.0,3385495.0,8,140,3,0,2585.0,9.2,525,0,5,418035,3385595,522,0,10,-109.67,533,170.0,100.0,197.2308292331602,-3,70.46554491945989,-11,3,3,3.1922053854431787
1605,3221001,417865.0,3385495.0,8,140,3,0,2585.0,9.2,525,0,5,418015,3385575,523,0,10,-100.14,533,150.0,80.0,170.0,-2,68.07248693585296,-10,3,3,3.3664606634298013
1606,3221001,417865.0,3385495.0,8,140,3,0,2585.0,9.2,525,0,5,417960,3385450,523,0,6,-101.33,533,95.0,-45.0,105.11898020814318,-2,14.653824058053317,-10,3,3,5.434211206692449
1607,3221001,417865.0,3385495.0,8,140,3,0,2585.0,9.2,525,0,5,417930,3385500,526,0,5,-88.0,533,65.0,5.0,65.19202405202648,1,44.39870535499554,-7,3,3,6.128658669573428
1608,3221001,417865.0,3385495.0,8,140,3,0,2585.0,9.2,525,0,5,417755,3385480,528,0,5,-91.0,533,-110.0,-15.0,111.01801655587259,3,-132.23483398157467,-5,3,3,2.5787295084521857
1609,3221001,417865.0,3385495.0,8,140,3,0,2585.0,9.2,525,0,5,417830,3385395,523,0,5,-79.5,533,-35.0,-100.0,105.94810050208545,-2,-69.29004621918874,-10,3,3,5.391936200678344
1610,3221001,417865.0,3385495.0,8,140,3,0,2585.0,9.2,525,0,5,417800,3385365,522,0,10,-107.0,533,-65.0,-130.0,145.34441853748632,-3,-76.56505117707799,-11,3,3,4.328025631797275
1611,3221001,417865.0,3385495.0,8,140,3,0,2585.0,9.2,525,0,5,417880,3385285,516,0,6,-104.67,533,15.0,-210.0,210.535032714273,-9,-45.91438322002513,-17,3,3,4.616426951613296
1612,3221001,417865.0,3385495.0,8,140,3,0,2585.0,9.2,525,0,5,417895,3385300,517,0,5,-100.0,533,30.0,-195.0,197.29419656948858,-8,-41.2538377374448,-16,3,3,4.63637894394268
1613,3221001,417865.0,3385495.0,8,140,3,0,2585.0,9.2,525,0,5,417890,3385295,517,0,5,-98.33,533,25.0,-200.0,201.55644370746373,-8,-42.874983651098205,-16,3,3,4.538749022543304
1614,3221001,417865.0,3385495.0,8,140,3,0,2585.0,9.2,525,0,5,417885,3385290,516,0,5,-101.25,533,20.0,-205.0,205.9732992404598,-9,-44.42780219603621,-17,3,3,4.71821129666718
1615,3221001,417865.0,3385495.0,8,140,3,0,2585.0,9.2,525,0,5,417900,3385305,517,0,5,-102.5,533,35.0,-190.0,193.19679086361657,-8,-39.56252464888182,-16,3,3,4.734267037434364
1616,3221001,417865.0,3385495.0,8,140,3,0,2585.0,9.2,525,0,5,417870,3385355,520,0,5,-111.5,533,5.0,-140.0,140.089257261219,-5,-47.95459151111277,-13,3,3,5.301748746317293
1617,3221001,417865.0,3385495.0,8,140,3,0,2585.0,9.2,525,0,5,417820,3385385,523,0,5,-102.0,533,-45.0,-110.0,118.84864324004712,-2,-72.24902365721238,-10,3,3,4.80957444157113
1618,3221001,417865.0,3385495.0,8,140,3,0,2585.0,9.2,525,0,5,417055,3389330,512,0,6,-85.0,533,-810.0,3835.0,3919.6077609883364,-13,141.9263006197932,-21,3,3,0.3069694547836478
1619,3221001,417865.0,3385495.0,8,140,3,0,2585.0,9.2,525,0,5,417060,3389355,511,0,6,-85.67,533,-805.0,3860.0,3943.047679143634,-14,141.78014343544908,-22,3,3,0.3196750767866906
1620,3221001,417865.0,3385495.0,8,140,3,0,2585.0,9.2,525,0,5,417950,3385605,525,0,5,-91.0,533,85.0,110.0,139.01438774457844,0,92.30575953331083,-8,3,3,3.293624818847139
1621,3221001,417865.0,3385495.0,8,140,3,0,2585.0,9.2,525,0,5,416825,3388735,499,0,6,-88.5,533,-1040.0,3240.0,3402.8223579846185,-26,147.7959889239304,-34,3,3,0.5724635243482773
1622,3221001,417865.0,3385495.0,8,140,3,0,2585.0,9.2,525,0,5,417910,3385170,517,0,5,-110.5,533,45.0,-325.0,328.10059433045836,-8,-42.116860683270275,-16,3,3,2.791847489205076
1623,3221001,417865.0,3385495.0,8,140,3,0,2585.0,9.2,525,0,5,418590,3384765,510,81,5,-105.5,533,725.0,-730.0,1028.846441409018,-15,-5.1968919380719285,-23,3,3,1.2806415191646845
1624,3221001,417865.0,3385495.0,8,140,3,0,2585.0,9.2,525,0,5,418585,3384780,511,0,5,-110.0,533,720.0,-715.0,1014.7043904507361,-14,-4.800363945475624,-22,3,3,1.2420461626726287
1625,3221001,417865.0,3385495.0,8,140,3,0,2585.0,9.2,525,0,5,417745,3385620,533,0,6,-98.5,533,-120.0,125.0,173.27723451163456,8,173.83086067209263,0,3,3,0.0
1626,3221001,417865.0,3385495.0,8,140,3,0,2585.0,9.2,525,0,5,417735,3385630,533,0,7,-108.67,533,-130.0,135.0,187.41664813991312,8,173.9190758133393,0,3,3,0.0
1627,3221001,417865.0,3385495.0,8,140,3,0,2585.0,9.2,525,0,5,418580,3384775,511,0,5,-108.0,533,715.0,-720.0,1014.7043904507361,-14,-5.199636054524376,-22,3,3,1.2420461626726287
1628,3221001,417865.0,3385495.0,8,140,3,0,2585.0,9.2,525,0,5,417710,3385645,534,0,6,-98.0,533,-155.0,150.0,215.6965461012299,9,175.93919094573562,1,3,3,-0.2656295154107503
1629,3221001,417865.0,3385495.0,8,140,3,0,2585.0,9.2,525,0,5,417270,3389775,503,0,6,-100.0,533,-595.0,4280.0,4321.160145146208,-22,137.91445897231677,-30,3,3,0.39777414218033197
1630,3221001,417865.0,3385495.0,8,140,3,0,2585.0,9.2,525,0,5,417100,3389395,508,0,6,-87.2,533,-765.0,3900.0,3974.3206966725775,-17,141.0978839250954,-25,3,3,0.3604076532392095
1631,3221001,417865.0,3385495.0,8,140,3,0,2585.0,9.2,525,0,5,417105,3389400,507,0,6,-88.8,533,-760.0,3905.0,3978.269095976289,-18,141.01335849721772,-26,3,3,0.3744515572763869
1632,3221001,417865.0,3385495.0,8,140,3,0,2585.0,9.2,525,0,5,417115,3389390,508,0,6,-95.5,533,-750.0,3895.0,3966.550768614969,-17,140.8991663087129,-25,3,3,0.3611136236439233
1633,3221001,417865.0,3385495.0,8,140,3,0,2585.0,9.2,525,0,5,417865,3385605,528,0,5,-109.14,533,0.0,110.0,110.0,3,130.0,-5,3,3,2.602562202499806
1634,3221001,417865.0,3385495.0,8,140,3,0,2585.0,9.2,525,0,5,417775,3385715,532,0,6,-110.0,533,-90.0,220.0,237.69728648009425,7,152.24902365721238,-1,3,3,0.24104373397326265
1635,3221001,417865.0,3385495.0,8,140,3,0,2585.0,9.2,525,0,5,417870,3385620,527,0,5,-105.0,533,5.0,125.0,125.09996003196804,2,127.70938995736151,-6,3,3,2.745895706219099
1636,3221001,417865.0,3385495.0,8,140,3,0,2585.0,9.2,525,0,5,418030,3385440,520,0,5,-91.0,533,165.0,-55.0,173.92527130926086,-5,21.565051177077976,-13,3,3,4.274609806342519
1637,3221001,417865.0,3385495.0,8,140,3,0,2585.0,9.2,525,0,5,418035,3385435,520,0,5,-105.0,533,170.0,-60.0,180.27756377319946,-5,20.55996517182382,-13,3,3,4.124518139862883
1638,3221001,417865.0,3385495.0,8,140,3,0,2585.0,9.2,525,0,5,418015,3385415,520,0,5,-95.0,533,150.0,-80.0,170.0,-5,11.927513064147035,-13,3,3,4.372931276881127
1639,3221001,417865.0,3385495.0,8,140,3,0,2585.0,9.2,525,0,5,417940,3385350,519,0,5,-94.0,533,75.0,-145.0,163.24827717314508,-6,-22.65012421993012,-14,3,3,4.9016325624021775
1640,3221001,417865.0,3385495.0,8,140,3,0,2585.0,9.2,525,0,5,417930,3385340,519,0,5,-96.75,533,65.0,-155.0,168.0773631397161,-6,-27.249023657212376,-14,3,3,4.76145915121083
1641,3221001,417865.0,3385495.0,8,140,3,0,2585.0,9.2,525,0,5,417950,3385360,520,0,5,-90.5,533,85.0,-135.0,159.53056133543816,-5,-17.804266065286754,-13,3,3,4.6586870737380774
1642,3221001,417865.0,3385495.0,8,140,3,0,2585.0,9.2,525,0,5,417935,3385335,518,0,5,-99.5,533,70.0,-160.0,174.64249196572982,-7,-26.370622269343187,-15,3,3,4.909072353333153
1643,3221001,417865.0,3385495.0,8,140,3,0,2585.0,9.2,525,0,5,417980,3385515,525,0,10,-104.0,533,115.0,20.0,116.72617529928752,0,49.86580694308438,-8,3,3,3.9207192754898097
1644,3221001,417865.0,3385495.0,8,140,3,0,2585.0,9.2,525,0,5,417935,3385450,523,99,5,-92.85,533,70.0,-45.0,83.21658488546619,-2,7.26477372789239,-10,3,3,6.852282245439308
1645,3221001,417865.0,3385495.0,8,140,3,0,2585.0,9.2,525,0,5,417975,3385490,525,0,10,-85.33,533,110.0,-5.0,110.11357772772621,0,37.3974377975002,-8,3,3,4.155366826785109
1646,3221001,417865.0,3385495.0,8,140,3,0,2585.0,9.2,525,0,5,418015,3385530,523,0,5,-103.0,533,150.0,35.0,154.02921800749363,-2,53.13402230639633,-10,3,3,3.71458632062363
1647,3221001,417865.0,3385495.0,8,140,3,0,2585.0,9.2,525,0,5,418005,3385540,524,0,5,-84.25,533,140.0,45.0,147.05441169852742,-1,57.81888891452277,-9,3,3,3.5022385279974135
1648,3221001,417865.0,3385495.0,8,140,3,0,2585.0,9.2,525,0,5,418000,3385535,524,0,5,-90.75,533,135.0,40.0,140.80127840328723,-1,56.50436138175502,-9,3,3,3.657363408395787
1649,3221001,417865.0,3385495.0,8,140,3,0,2585.0,9.2,525,0,5,418010,3385525,523,0,5,-86.0,533,145.0,30.0,148.07092894960846,-2,51.6893691754392,-10,3,3,3.863615145676401
1650,3221001,417865.0,3385495.0,8,140,3,0,2585.0,9.2,525,0,5,417920,3385455,524,0,5,-94.39,533,55.0,-40.0,68.00735254367721,-1,3.9726266148963987,-9,3,3,7.53863939569589
1651,3221001,417865.0,3385495.0,8,140,3,0,2585.0,9.2,525,0,5,417925,3385460,524,99,5,-98.54,533,60.0,-35.0,69.46221994724903,-1,9.743562836470744,-9,3,3,7.3825047221366065
1652,3221001,417865.0,3385495.0,8,140,3,0,2585.0,9.2,525,0,5,418045,3385580,522,0,5,-103.0,533,180.0,85.0,199.06029237394384,-3,65.27772223555294,-11,3,3,3.1629272720257444
1653,3221001,417865.0,3385495.0,8,140,3,0,2585.0,9.2,525,0,5,418035,3385550,522,96,6,-99.67,533,170.0,55.0,178.67568385205638,-3,57.927919762007235,-11,3,3,3.522914358581629
1654,3221001,417865.0,3385495.0,8,140,3,0,2585.0,9.2,525,0,5,417930,3385445,523,0,5,-95.39,533,65.0,-50.0,82.00609733428362,-2,2.4314079711725185,-10,3,3,6.952445560310081
1655,3221001,417865.0,3385495.0,8,140,3,0,2585.0,9.2,525,0,5,417940,3385475,525,0,5,-93.35,533,75.0,-20.0,77.62087348130012,0,25.068582821862435,-8,3,3,5.884416106045896
1656,3221001,417865.0,3385495.0,8,140,3,0,2585.0,9.2,525,0,5,417950,3385465,524,0,5,-97.76,533,85.0,-30.0,90.13878188659973,-1,20.55996517182382,-9,3,3,5.701858819938873
1657,3221001,417865.0,3385495.0,8,140,3,0,2585.0,9.2,525,0,5,417990,3385505,524,0,5,-92.0,533,125.0,10.0,125.39936203984452,-1,44.57392125990086,-9,3,3,4.105119326154769
1658,3221001,417865.0,3385495.0,8,140,3,0,2585.0,9.2,525,0,5,418020,3385555,523,0,10,-104.33,533,155.0,60.0,166.20770138594662,-2,61.16125981682828,-10,3,3,3.443089196690515
1659,3221001,417865.0,3385495.0,8,140,3,0,2585.0,9.2,525,0,5,417945,3385480,525,0,5,-93.3,533,80.0,-15.0,81.39410298049853,0,29.38034472384487,-8,3,3,5.613413245637428
1660,3221001,417865.0,3385495.0,8,140,3,0,2585.0,9.2,525,0,5,417985,3385520,525,0,10,-101.33,533,120.0,25.0,122.57650672131263,0,51.76828893202065,-8,3,3,3.734133829216432
1661,3221001,417865.0,3385495.0,8,140,3,0,2585.0,9.2,525,0,5,417955,3385470,524,0,5,-93.0,533,90.0,-25.0,93.40770846134703,-1,24.475889003245754,-9,3,3,5.503561850150757
1662,3221001,417865.0,3385495.0,8,140,3,0,2585.0,9.2,525,0,5,418050,3385565,521,0,6,-95.33,533,185.0,70.0,197.80040444852483,-4,60.725558865560544,-12,3,3,3.471720408716311
1663,3221001,417865.0,3385495.0,8,140,3,0,2585.0,9.2,525,0,5,417965,3385500,526,0,10,-93.2,533,100.0,5.0,100.12492197250393,1,42.86240522611175,-7,3,3,3.9991933103084403
1664,3221001,417865.0,3385495.0,8,140,3,0,2585.0,9.2,525,0,5,418065,3385600,522,102,5,-96.75,533,200.0,105.0,225.88713996153035,-3,67.69947280805499,-11,3,3,2.7879236098774207
1665,3221001,417865.0,3385495.0,8,140,3,0,2585.0,9.2,525,0,5,417970,3385485,525,0,10,-101.13,533,105.0,-10.0,105.47511554864494,0,34.55966796899449,-8,3,3,4.337423957819501
1666,3221001,417865.0,3385495.0,8,140,3,0,2585.0,9.2,525,0,5,417125,3389325,512,0,5,-98.0,533,-740.0,3830.0,3900.833244321013,-13,140.93545558729738,-21,3,3,0.30844685504715336
1667,3221001,417865.0,3385495.0,8,140,3,0,2585.0,9.2,525,0,5,417755,3385515,529,0,5,-103.5,533,-110.0,20.0,111.80339887498948,4,209.69515353123398,-4,3,3,2.0490021823180093
1668,3221001,417865.0,3385495.0,8,140,3,0,2585.0,9.2,525,0,5,417820,3385430,525,0,5,-90.5,533,-45.0,-65.0,79.05694150420949,0,-84.69515353123397,-8,3,3,5.778255691945867
1669,3221001,417865.0,3385495.0,8,140,3,0,2585.0,9.2,525,0,5,417620,3385550,530,102,6,-111.2,533,-245.0,55.0,251.09759058979438,5,207.34744349944202,-3,3,3,0.6845113894383965
1670,3221001,417865.0,3385495.0,8,140,3,0,2585.0,9.2,525,0,5,417830,3385440,525,93,5,-99.67,533,-35.0,-55.0,65.19202405202648,0,-82.47119229084849,-8,3,3,6.996039646506274
1671,3221001,417865.0,3385495.0,8,140,3,0,2585.0,9.2,525,0,5,417905,3385345,519,0,6,-96.5,533,40.0,-150.0,155.24174696260025,-6,-35.06858282186245,-14,3,3,5.153104325519137
1672,3221001,417865.0,3385495.0,8,140,3,0,2585.0,9.2,525,0,5,417610,3385540,529,0,6,-116.67,533,-255.0,45.0,258.940147524481,4,209.9920201985587,-4,3,3,0.8850110460849729
1673,3221001,417865.0,3385495.0,8,140,3,0,2585.0,9.2,525,0,5,417835,3385435,524,93,5,-84.25,533,-30.0,-60.0,67.08203932499369,-1,-76.56505117707799,-9,3,3,7.641405059952685
1674,3221001,417865.0,3385495.0,8,140,3,0,2585.0,9.2,525,0,5,417825,3385425,524,0,5,-99.8,533,-40.0,-70.0,80.62257748298549,-1,-79.74488129694222,-9,3,3,6.369629019656469
1675,3221001,417865.0,3385495.0,8,140,3,0,2585.0,9.2,525,0,5,417895,3385520,526,99,5,-71.0,533,30.0,25.0,39.05124837953327,1,79.80557109226518,-7,3,3,10.16243563452379
1676,3221001,417865.0,3385495.0,8,140,3,0,2585.0,9.2,525,0,5,417890,3385515,526,99,6,-93.23,533,25.0,20.0,32.01562118716424,1,78.65980825409008,-7,3,3,12.333251044177262
1677,3221001,417865.0,3385495.0,8,140,3,0,2585.0,9.2,525,0,5,417910,3385495,525,0,6,-91.97,533,45.0,0.0,45.0,0,40.0,-8,3,3,10.08059798754232
1678,3221001,417865.0,3385495.0,8,140,3,0,2585.0,9.2,525,0,5,417875,3385460,524,0,5,-83.04,533,10.0,-35.0,36.40054944640259,-1,-34.05460409907715,-9,3,3,13.887799644071936
1679,3221001,417865.0,3385495.0,8,140,3,0,2585.0,9.2,525,0,5,417835,3385580,529,5,14,-105.28,533,-30.0,85.0,90.13878188659973,4,149.44003482817618,-4,3,3,2.5408914188567957
1680,3221001,417865.0,3385495.0,8,140,3,0,2585.0,9.2,525,0,5,417900,3385485,525,0,5,-86.38,533,35.0,-10.0,36.40054944640259,0,24.054604099077153,-8,3,3,12.395225515323695
1681,3221001,417865.0,3385495.0,8,140,3,0,2585.0,9.2,525,0,5,417790,3385535,529,0,5,-95.4,533,-75.0,40.0,85.0,4,191.9275130641471,-4,3,3,2.6942842898561006
1682,3221001,417865.0,3385495.0,8,140,3,0,2585.0,9.2,525,0,5,417800,3385585,531,0,6,-111.14,533,-65.0,90.0,111.01801655587259,6,165.83765295427827,-2,3,3,1.0320772100006383
1683,3221001,417865.0,3385495.0,8,140,3,0,2585.0,9.2,525,0,5,417820,3385565,529,5,6,-109.69,533,-45.0,70.0,83.21658488546619,4,162.73522627210758,-4,3,3,2.751937679235127
1684,3221001,417865.0,3385495.0,8,140,3,0,2585.0,9.2,525,0,5,417870,3385455,524,0,5,-83.21,533,5.0,-40.0,40.311288741492746,-1,-42.874983651098205,-9,3,3,12.585595050151632
1685,3221001,417865.0,3385495.0,8,140,3,0,2585.0,9.2,525,0,5,417865,3385450,524,0,5,-76.83,533,0.0,-45.0,45.0,-1,-50.0,-9,3,3,11.309932474020213
1686,3221001,417865.0,3385495.0,8,140,3,0,2585.0,9.2,525,0,5,417830,3385575,529,5,6,-107.48,533,-35.0,80.0,87.32124598286491,4,153.6293777306568,-4,3,3,2.6227639568191745
1687,3221001,417865.0,3385495.0,8,140,3,0,2585.0,9.2,525,0,5,417825,3385570,529,5,6,-108.68,533,-40.0,75.0,85.0,4,158.07248693585296,-4,3,3,2.6942842898561006
1688,3221001,417865.0,3385495.0,8,140,3,0,2585.0,9.2,525,0,5,417775,3385560,531,0,5,-107.33,533,-90.0,65.0,111.01801655587259,6,184.16234704572173,-2,3,3,1.0320772100006383
1689,3221001,417865.0,3385495.0,8,140,3,0,2585.0,9.2,525,0,5,417795,3385540,529,0,5,-97.87,533,-70.0,45.0,83.21658488546619,4,187.26477372789236,-4,3,3,2.751937679235127
1690,3221001,417865.0,3385495.0,8,140,3,0,2585.0,9.2,525,0,5,417905,3385490,525,0,6,-92.96,533,40.0,-5.0,40.311288741492746,0,32.874983651098205,-8,3,3,11.224821667293003
1691,3221001,417865.0,3385495.0,8,140,3,0,2585.0,9.2,525,0,5,417915,3385500,525,0,5,-90.79,533,50.0,5.0,50.24937810560445,0,45.71059313749964,-8,3,3,9.04591136276987
1692,3221001,417865.0,3385495.0,8,140,3,0,2585.0,9.2,525,0,5,417855,3385480,525,0,10,-76.58,533,-10.0,-15.0,18.027756377319946,0,-83.69006752597979,-8,3,3,23.929740976046826
1693,3221001,417865.0,3385495.0,8,140,3,0,2585.0,9.2,525,0,5,417885,3385510,526,99,6,-74.7,533,20.0,15.0,25.0,1,76.86989764584402,-7,3,3,15.642246457208728
1694,3221001,417865.0,3385495.0,8,140,3,0,2585.0,9.2,525,0,5,417860,3385445,524,0,5,-81.67,533,-5.0,-50.0,50.24937810560445,-1,-55.71059313749964,-9,3,3,10.154389636022229
1695,3221001,417865.0,3385495.0,8,140,3,0,2585.0,9.2,525,0,5,417880,3385505,525,99,5,-78.2,533,15.0,10.0,18.027756377319946,0,73.69006752597977,-8,3,3,23.929740976046826
1696,3221001,417865.0,3385495.0,8,140,3,0,2585.0,9.2,525,0,5,417815,3385600,530,5,14,-106.67,533,-50.0,105.0,116.29703349613007,5,155.46334506187162,-3,3,3,1.4776750705220298
1697,3221001,417865.0,3385495.0,8,140,3,0,2585.0,9.2,525,0,5,417850,3385475,525,0,10,-74.57,533,-15.0,-20.0,25.0,0,-86.86989764584402,-8,3,3,17.744671625056935
1698,3221001,417865.0,3385495.0,8,140,3,0,2585.0,9.2,525,0,5,417845,3385470,525,0,10,-81.89,533,-20.0,-25.0,32.01562118716424,0,-88.65980825409011,-8,3,3,14.029665401288817
1699,3221001,417865.0,3385495.0,8,140,3,0,2585.0,9.2,525,0,5,417840,3385465,525,0,5,-80.14,533,-25.0,-30.0,39.05124837953327,0,-89.80557109226521,-8,3,3,11.57737355411696
1700,3221001,417865.0,3385495.0,8,140,3,0,2585.0,9.2,525,0,5,418040,3385620,522,0,5,-104.5,533,175.0,125.0,215.05813167606567,-3,75.53767779197437,-11,3,3,2.9280678872806365
1701,3221001,417865.0,3385495.0,8,140,3,0,2585.0,9.2,525,0,5,417070,3389350,511,0,6,-89.0,533,-795.0,3855.0,3936.121187158749,-14,141.65250405408642,-22,3,3,0.3202376053977033
1702,3221001,417865.0,3385495.0,8,140,3,0,2585.0,9.2,525,0,5,418020,3385620,523,102,5,-106.33,533,155.0,125.0,199.12307751739877,-2,78.88449643371459,-10,3,3,2.874989932506934
1703,3221001,417865.0,3385495.0,8,140,3,0,2585.0,9.2,525,0,5,418015,3385625,522,102,5,-113.5,533,150.0,130.0,198.4943324127921,-3,80.91438322002512,-11,3,3,3.1719272272928394
1704,3221001,417865.0,3385495.0,8,140,3,0,2585.0,9.2,525,0,5,418025,3385615,523,102,5,-108.5,533,160.0,120.0,200.0,-2,76.86989764584402,-10,3,3,2.8624052261117474
1705,3221001,417865.0,3385495.0,8,140,3,0,2585.0,9.2,525,0,5,418030,3385610,523,0,5,-109.0,533,165.0,115.0,201.12185361118767,-2,74.87532834460217,-10,3,3,2.8464651198328483
1706,3221001,417865.0,3385495.0,8,140,3,0,2585.0,9.2,525,0,5,416730,3389730,500,0,5,-92.5,533,-1135.0,4235.0,4384.455496410016,-25,145.00296847068034,-33,3,3,0.4312337126252358
1707,3221001,417865.0,3385495.0,8,140,3,0,2585.0,9.2,525,0,5,416840,3389205,511,0,5,-102.0,533,-1025.0,3710.0,3848.990127293132,-14,145.4444284398051,-22,3,3,0.32748679026549515
1708,3221001,417865.0,3385495.0,8,140,3,0,2585.0,9.2,525,0,5,416885,3389170,509,0,5,-94.0,533,-980.0,3675.0,3803.422800583706,-16,144.93141717813756,-24,3,3,0.36153762804689105
1709,3221001,417865.0,3385495.0,8,140,3,0,2585.0,9.2,525,0,5,417960,3385525,527,0,5,-97.0,533,95.0,30.0,99.62429422585637,2,57.52556837372288,-6,3,3,3.446548204197002
1710,3221001,417865.0,3385495.0,8,140,3,0,2585.0,9.2,525,0,5,418000,3385485,523,0,6,-88.6,533,135.0,-10.0,135.36986370680884,-2,35.76360520094116,-10,3,3,4.224861896749412
1711,3221001,417865.0,3385495.0,8,140,3,0,2585.0,9.2,525,0,5,418010,3385495,523,96,6,-93.0,533,145.0,0.0,145.0,-2,40.0,-10,3,3,3.945186229037563
1712,3221001,417865.0,3385495.0,8,140,3,0,2585.0,9.2,525,0,5,417970,3385535,526,0,5,-93.5,533,105.0,40.0,112.36102527122117,1,60.85445803957833,-7,3,3,3.56487299728159
1713,3221001,417865.0,3385495.0,8,140,3,0,2585.0,9.2,525,0,5,418020,3385505,522,96,6,-97.5,533,155.0,10.0,155.32224567009067,-3,43.69138598645128,-11,3,3,4.05095254268601
1714,3221001,417865.0,3385495.0,8,140,3,0,2585.0,9.2,525,0,5,417975,3385540,526,0,5,-97.0,533,110.0,45.0,118.84864324004712,1,62.249023657212376,-7,3,3,3.370738057292884
1715,3221001,417865.0,3385495.0,8,140,3,0,2585.0,9.2,525,0,5,417965,3385530,527,0,5,-89.67,533,100.0,35.0,105.94810050208545,2,59.290046219188724,-6,3,3,3.241283905498512
1716,3221001,417865.0,3385495.0,8,140,3,0,2585.0,9.2,525,0,5,417990,3385555,525,0,5,-100.67,533,125.0,60.0,138.6542462386205,0,65.6410058243053,-8,3,3,3.302160795831261
1717,3221001,417865.0,3385495.0,8,140,3,0,2585.0,9.2,525,0,5,417995,3385560,524,0,5,-100.33,533,130.0,65.0,145.34441853748632,-1,66.56505117707798,-9,3,3,3.543338381578365
1718,3221001,417865.0,3385495.0,8,140,3,0,2585.0,9.2,525,0,5,418045,3385450,519,0,5,-100.5,533,180.0,-45.0,185.53975315279473,-6,25.963756532073518,-14,3,3,4.315106274806493
1719,3221001,417865.0,3385495.0,8,140,3,0,2585.0,9.2,525,0,5,417875,3385550,526,0,5,-97.0,533,10.0,55.0,55.90169943749474,1,119.69515353123398,-7,3,3,7.137416257938385
1720,3221001,417865.0,3385495.0,8,140,3,0,2585.0,9.2,525,0,5,417885,3385580,527,0,10,-103.0,533,20.0,85.0,87.32124598286491,2,116.75948008481282,-6,3,3,3.9307178708252377
1721,3221001,417865.0,3385495.0,8,140,3,0,2585.0,9.2,525,0,5,417860,3385555,527,5,5,-101.5,533,-5.0,60.0,60.207972893961475,2,134.76364169072616,-6,3,3,5.69099707460626
1722,3221001,417865.0,3385495.0,8,140,3,0,2585.0,9.2,525,0,5,417870,3385545,527,0,5,-98.67,533,5.0,50.0,50.24937810560445,2,124.28940686250036,-6,3,3,6.809133658307788
1723,3221001,417865.0,3385495.0,8,140,3,0,2585.0,9.2,525,0,5,417890,3385565,526,0,10,-97.0,533,25.0,70.0,74.33034373659252,1,110.34617594194668,-7,3,3,5.3799167033826505
1724,3221001,417865.0,3385495.0,8,140,3,0,2585.0,9.2,525,0,5,417835,3385510,527,0,10,-81.89,533,-30.0,15.0,33.54101966249684,2,193.43494882292202,-6,3,3,10.142106156573984
1725,3221001,417865.0,3385495.0,8,140,3,0,2585.0,9.2,525,0,5,417825,3385520,528,0,10,-86.95,533,-40.0,25.0,47.16990566028302,3,187.99461679191654,-5,3,3,6.050746015911744
1726,3221001,417865.0,3385495.0,8,140,3,0,2585.0,9.2,525,0,5,417840,3385535,528,5,5,-91.08,533,-25.0,40.0,47.16990566028302,3,162.00538320808352,-5,3,3,6.050746015911744
1727,3221001,417865.0,3385495.0,8,140,3,0,2585.0,9.2,525,0,5,417845,3385540,527,5,5,-98.7,533,-20.0,45.0,49.24428900898052,2,153.9624889745782,-6,3,3,6.946765292343983
1728,3221001,417865.0,3385495.0,8,140,3,0,2585.0,9.2,525,0,5,417850,3385525,527,0,5,-92.38,533,-15.0,30.0,33.54101966249684,2,156.56505117707798,-6,3,3,10.142106156573984
1729,3221001,417865.0,3385495.0,8,140,3,0,2585.0,9.2,525,0,5,417830,3385505,527,0,10,-82.14,533,-35.0,10.0,36.40054944640259,2,204.0546040990771,-6,3,3,9.36005201533333
1730,3221001,417865.0,3385495.0,8,140,3,0,2585.0,9.2,525,0,5,417855,3385530,527,0,5,-75.67,533,-10.0,35.0,36.40054944640259,2,145.94539590092285,-6,3,3,9.36005201533333
1731,3221001,417865.0,3385495.0,8,140,3,0,2585.0,9.2,525,0,5,417820,3385515,528,0,5,-84.57,533,-45.0,20.0,49.24428900898052,3,196.03751102542185,-5,3,3,5.797636329530628
1732,3221001,417865.0,3385495.0,8,140,3,0,2585.0,9.2,525,0,5,417805,3385500,528,5,5,-90.5,533,-60.0,5.0,60.207972893961475,3,215.23635830927378,-5,3,3,4.7472622548526
1733,3221001,417865.0,3385495.0,8,140,3,0,2585.0,9.2,525,0,5,417880,3385575,527,0,5,-100.25,533,15.0,80.0,81.39410298049853,2,119.38034472384487,-6,3,3,4.215956692812888
1734,3221001,417865.0,3385495.0,8,140,3,0,2585.0,9.2,525,0,5,417865,3385560,527,5,5,-94.0,533,0.0,65.0,65.0,2,130.0,-6,3,3,5.2738959573517645
1735,3221001,417865.0,3385495.0,8,140,3,0,2585.0,9.2,525,0,5,417940,3385490,525,0,5,-97.75,533,75.0,-5.0,75.16648189186454,0,36.18592516570965,-8,3,3,6.075143981215284
1736,3221001,417865.0,3385495.0,8,140,3,0,2585.0,9.2,525,0,5,417925,3385505,526,0,5,-89.29,533,60.0,10.0,60.8276253029822,1,49.462322208025626,-7,3,3,6.564680108806798
1737,3221001,417865.0,3385495.0,8,140,3,0,2585.0,9.2,525,0,5,417970,3385480,525,0,10,-99.75,533,105.0,-15.0,106.06601717798213,0,31.86989764584402,-8,3,3,4.31335129706561
1738,3221001,417865.0,3385495.0,8,140,3,0,2585.0,9.2,525,0,5,417965,3385465,524,0,5,-108.0,533,100.0,-30.0,104.4030650891055,-1,23.300755766006375,-9,3,3,4.926966008473402
1739,3221001,417865.0,3385495.0,8,140,3,0,2585.0,9.2,525,0,5,417960,3385470,524,0,5,-101.75,533,95.0,-25.0,98.2344135219425,-1,25.256437163529256,-9,3,3,5.2346874708983515
1740,3221001,417865.0,3385495.0,8,140,3,0,2585.0,9.2,525,0,5,417945,3385485,525,0,5,-85.57,533,80.0,-10.0,80.62257748298549,0,32.874983651098205,-8,3,3,5.666783353597029
1741,3221001,417865.0,3385495.0,8,140,3,0,2585.0,9.2,525,0,5,418015,3385595,523,102,5,-107.33,533,150.0,100.0,180.27756377319946,-2,73.69006752597977,-10,3,3,3.17494432830295
1742,3221001,417865.0,3385495.0,8,140,3,0,2585.0,9.2,525,0,5,417920,3385510,526,0,5,-86.17,533,55.0,15.0,57.0087712549569,1,55.255118703057775,-7,3,3,7.00020104505906
1743,3221001,417865.0,3385495.0,8,140,3,0,2585.0,9.2,525,0,5,418030,3385580,522,0,10,-101.67,533,165.0,85.0,185.60711193270586,-3,67.25532837494308,-11,3,3,3.3916655004916683
1744,3221001,417865.0,3385495.0,8,140,3,0,2585.0,9.2,525,0,5,417985,3385445,522,99,6,-99.0,533,120.0,-50.0,130.0,-3,17.38013505195957,-11,3,3,4.836583445735302
1745,3221001,417865.0,3385495.0,8,140,3,0,2585.0,9.2,525,0,5,418050,3385560,521,0,6,-96.0,533,185.0,65.0,196.08671551127577,-4,59.358994175694704,-12,3,3,3.5019861332213664
1746,3221001,417865.0,3385495.0,8,140,3,0,2585.0,9.2,525,0,5,418020,3385570,523,0,10,-101.75,533,155.0,75.0,172.19175357722565,-2,65.82099197418927,-10,3,3,3.3237071399116704
1747,3221001,417865.0,3385495.0,8,140,3,0,2585.0,9.2,525,0,5,417975,3385475,524,0,5,-89.0,533,110.0,-20.0,111.80339887498948,-1,29.695153531233956,-9,3,3,4.602297438795547
1748,3221001,417865.0,3385495.0,8,140,3,0,2585.0,9.2,525,0,5,417930,3385520,526,0,10,-96.22,533,65.0,25.0,69.6419413859206,1,61.03751102542182,-7,3,3,5.739758163697337
1749,3221001,417865.0,3385495.0,8,140,3,0,2585.0,9.2,525,0,5,417955,3385495,526,0,5,-86.75,533,90.0,0.0,90.0,1,40.0,-7,3,3,4.44738485009049
1750,3221001,417865.0,3385495.0,8,140,3,0,2585.0,9.2,525,0,5,418025,3385565,523,0,10,-107.0,533,160.0,70.0,174.64249196572982,-2,63.62937773065681,-10,3,3,3.2771683126184037
1751,3221001,417865.0,3385495.0,8,140,3,0,2585.0,9.2,525,0,5,418010,3385600,523,0,5,-112.5,533,145.0,105.0,179.02513789968157,-2,75.9097230791777,-10,3,3,3.197109718735294
1752,3221001,417865.0,3385495.0,8,140,3,0,2585.0,9.2,525,0,5,418005,3385585,524,0,5,-105.0,533,140.0,90.0,166.43316977093238,-1,72.73522627210761,-9,3,3,3.095298043746946
1753,3221001,417865.0,3385495.0,8,140,3,0,2585.0,9.2,525,0,5,417935,3385515,526,0,10,-92.15,533,70.0,20.0,72.80109889280519,1,55.94539590092285,-7,3,3,5.492242160411995
1754,3221001,417865.0,3385495.0,8,140,3,0,2585.0,9.2,525,0,5,417750,3385185,517,0,10,-113.5,533,-115.0,-310.0,330.6433123473088,-8,-70.35322914806883,-16,3,3,2.770411160943293
1755,3221001,417865.0,3385495.0,8,140,3,0,2585.0,9.2,525,0,5,417180,3389640,495,0,6,-94.5,533,-685.0,4145.0,4201.220060887075,-30,139.38385024445347,-38,3,3,0.5182257101924942
1756,3221001,417865.0,3385495.0,8,140,3,0,2585.0,9.2,525,0,5,417190,3389630,494,0,6,-91.0,533,-675.0,4135.0,4189.731494976737,-31,139.27122457412594,-39,3,3,0.5333207791376462
1757,3221001,417865.0,3385495.0,8,140,3,0,2585.0,9.2,525,0,5,417195,3389625,494,0,6,-87.0,533,-670.0,4130.0,4183.993307834036,-31,139.21467990939635,-39,3,3,0.5340521658975904
1758,3221001,417865.0,3385495.0,8,140,3,0,2585.0,9.2,525,0,5,417185,3389635,494,0,6,-90.25,533,-680.0,4140.0,4195.473751556551,-31,139.32761451066762,-39,3,3,0.5325908762930222
1759,3221001,417865.0,3385495.0,8,140,3,0,2585.0,9.2,525,0,5,417850,3385415,523,93,5,-93.0,533,-15.0,-80.0,81.39410298049853,-2,-60.61965527615514,-10,3,3,7.004202982116153
1760,3221001,417865.0,3385495.0,8,140,3,0,2585.0,9.2,525,0,5,417845,3385410,523,0,5,-89.5,533,-20.0,-85.0,87.32124598286491,-2,-63.24051991518721,-10,3,3,6.533033075626061
1761,3221001,417865.0,3385495.0,8,140,3,0,2585.0,9.2,525,0,5,417885,3385370,521,0,10,-99.67,533,20.0,-125.0,126.58988901172162,-4,-40.90972307917768,-12,3,3,5.415131983330869
1762,3221001,417865.0,3385495.0,8,140,3,0,2585.0,9.2,525,0,5,417860,3385425,523,93,5,-99.5,533,-5.0,-70.0,70.178344238091,-2,-54.085616779974885,-10,3,3,8.10971651050075
1763,3221001,417865.0,3385495.0,8,140,3,0,2585.0,9.2,525,0,5,417875,3385440,523,0,5,-91.12,533,10.0,-55.0,55.90169943749474,-2,-39.69515353123397,-10,3,3,10.142106156573984
1764,3221001,417865.0,3385495.0,8,140,3,0,2585.0,9.2,525,0,5,417870,3385435,523,0,5,-87.93,533,5.0,-60.0,60.207972893961475,-2,-45.236358309273825,-10,3,3,9.430225138005694
1765,3221001,417865.0,3385495.0,8,140,3,0,2585.0,9.2,525,0,5,417915,3385400,521,0,5,-91.38,533,50.0,-95.0,107.35455276791944,-4,-22.24145939893998,-12,3,3,6.37799765281159
1766,3221001,417865.0,3385495.0,8,140,3,0,2585.0,9.2,525,0,5,417855,3385420,523,93,5,-89.93,533,-10.0,-75.0,75.66372975210778,-2,-57.59464336859145,-10,3,3,7.5287899532992935
1767,3221001,417865.0,3385495.0,8,140,3,0,2585.0,9.2,525,0,5,417865,3385430,523,93,5,-89.82,533,0.0,-65.0,65.0,-2,-50.0,-10,3,3,8.74616226255521
1768,3221001,417865.0,3385495.0,8,140,3,0,2585.0,9.2,525,0,5,417905,3385390,521,93,10,-96.17,533,40.0,-105.0,112.36102527122117,-4,-29.145541960421653,-12,3,3,6.0960021361579
1769,3221001,417865.0,3385495.0,8,140,3,0,2585.0,9.2,525,0,5,417910,3385395,521,0,5,-97.5,533,45.0,-100.0,109.65856099730654,-4,-25.772254682045826,-12,3,3,6.245061217624237
1770,3221001,417865.0,3385495.0,8,140,3,0,2585.0,9.2,525,0,5,417900,3385385,521,93,10,-91.0,533,35.0,-110.0,115.43396380615195,-4,-32.34987578006988,-12,3,3,5.934895954608181
1771,3221001,417865.0,3385495.0,8,140,3,0,2585.0,9.2,525,0,5,417890,3385375,521,93,10,-91.5,533,25.0,-120.0,122.57650672131263,-4,-38.23171106797936,-12,3,3,5.591327574337697
1772,3221001,417865.0,3385495.0,8,140,3,0,2585.0,9.2,525,0,5,417815,3385495,527,0,5,-84.2,533,-50.0,0.0,50.0,2,220.0,-6,3,3,6.84277341263094
1773,3221001,417865.0,3385495.0,8,140,3,0,2585.0,9.2,525,0,5,417875,3385555,526,0,10,-95.0,533,10.0,60.0,60.8276253029822,1,120.53767779197437,-7,3,3,6.564680108806798
1774,3221001,417865.0,3385495.0,8,140,3,0,2585.0,9.2,525,0,5,417880,3385570,527,0,10,-101.0,533,15.0,75.0,76.48529270389177,2,118.69006752597977,-6,3,3,4.48546483215546
1775,3221001,417865.0,3385495.0,8,140,3,0,2585.0,9.2,525,0,5,417885,3385565,526,0,10,-102.75,533,20.0,70.0,72.80109889280519,1,114.05460409907715,-7,3,3,5.492242160411995
1776,3221001,417865.0,3385495.0,8,140,3,0,2585.0,9.2,525,0,5,417895,3385575,526,0,10,-88.5,533,30.0,80.0,85.44003745317531,1,109.44395478041653,-7,3,3,4.683713784573055
1777,3221001,417865.0,3385495.0,8,140,3,0,2585.0,9.2,525,0,5,417790,3385480,527,0,5,-93.67,533,-75.0,-15.0,76.48529270389177,2,-128.6900675259798,-6,3,3,4.48546483215546
1778,3221001,417865.0,3385495.0,8,140,3,0,2585.0,9.2,525,0,5,417860,3385550,527,0,6,-105.75,533,-5.0,55.0,55.226805085936306,2,135.1944289077348,-6,3,3,6.2004604317364675
1779,3221001,417865.0,3385495.0,8,140,3,0,2585.0,9.2,525,0,5,417810,3385500,527,5,5,-94.83,533,-55.0,5.0,55.226805085936306,2,214.8055710922652,-6,3,3,6.2004604317364675
1780,3221001,417865.0,3385495.0,8,140,3,0,2585.0,9.2,525,0,5,417785,3385465,527,0,10,-101.25,533,-80.0,-30.0,85.44003745317531,2,-119.44395478041653,-6,3,3,4.016983658795792
1781,3221001,417865.0,3385495.0,8,140,3,0,2585.0,9.2,525,0,5,417830,3385520,527,0,10,-86.71,533,-35.0,25.0,43.01162633521314,2,184.46232220802563,-6,3,3,7.941352033462358
1782,3221001,417865.0,3385495.0,8,140,3,0,2585.0,9.2,525,0,5,417840,3385530,527,5,5,-87.2,533,-25.0,35.0,43.01162633521314,2,165.53767779197437,-6,3,3,7.941352033462358
1783,3221001,417865.0,3385495.0,8,140,3,0,2585.0,9.2,525,0,5,417850,3385540,527,5,6,-99.67,533,-15.0,45.0,47.43416490252569,2,148.43494882292202,-6,3,3,7.209120586689089
1784,3221001,417865.0,3385495.0,8,140,3,0,2585.0,9.2,525,0,5,417820,3385510,527,0,5,-88.22,533,-45.0,15.0,47.43416490252569,2,201.56505117707798,-6,3,3,7.209120586689089
1785,3221001,417865.0,3385495.0,8,140,3,0,2585.0,9.2,525,0,5,417800,3385490,527,5,5,-86.5,533,-65.0,-5.0,65.19202405202648,2,-135.6012946450045,-6,3,3,5.2584488321218466
1786,3221001,417865.0,3385495.0,8,140,3,0,2585.0,9.2,525,0,5,417835,3385515,527,0,10,-87.54,533,-30.0,20.0,36.05551275463989,2,186.30993247402023,-6,3,3,9.448016435202305
1787,3221001,417865.0,3385495.0,8,140,3,0,2585.0,9.2,525,0,5,417845,3385525,527,0,5,-91.79,533,-20.0,30.0,36.05551275463989,2,163.69006752597977,-6,3,3,9.448016435202305
1788,3221001,417865.0,3385495.0,8,140,3,0,2585.0,9.2,525,0,5,417825,3385505,527,0,10,-89.2,533,-40.0,10.0,41.23105625617661,2,205.9637565320735,-6,3,3,8.279642510622892
1789,3221001,417865.0,3385495.0,8,140,3,0,2585.0,9.2,525,0,5,417760,3385450,526,0,5,-114.5,533,-105.0,-45.0,114.23659658795863,1,-116.80140948635182,-7,3,3,3.5064910727048706
1790,3221001,417865.0,3385495.0,8,140,3,0,2585.0,9.2,525,0,5,417865,3385545,527,0,6,-88.75,533,0.0,50.0,50.0,2,130.0,-6,3,3,6.84277341263094
1791,3221001,417865.0,3385495.0,8,140,3,0,2585.0,9.2,525,0,5,417870,3385560,527,0,5,-104.75,533,5.0,65.0,65.19202405202648,2,125.60129464500449,-6,3,3,5.2584488321218466
1792,3221001,417865.0,3385495.0,8,140,3,0,2585.0,9.2,525,0,5,417855,3385535,527,0,6,-96.4,533,-10.0,40.0,41.23105625617661,2,144.0362434679265,-6,3,3,8.279642510622892
1793,3221001,417865.0,3385495.0,8,140,3,0,2585.0,9.2,525,0,5,417115,3389325,512,0,5,-91.0,533,-750.0,3830.0,3902.742625385384,-13,141.0795989228253,-21,3,3,0.3082959531633964
1794,3221001,417865.0,3385495.0,8,140,3,0,2585.0,9.2,525,0,5,418005,3385605,524,0,5,-113.0,533,140.0,110.0,178.04493814764857,-1,78.15722658736905,-9,3,3,2.8937833656798624
1795,3221001,417865.0,3385495.0,8,140,3,0,2585.0,9.2,525,0,5,418020,3385630,522,102,5,-95.0,533,155.0,135.0,205.54804791094466,-3,81.05481377096243,-11,3,3,3.0632883678808738
1796,3221001,417865.0,3385495.0,8,140,3,0,2585.0,9.2,525,0,5,418055,3385655,520,0,10,-100.0,533,190.0,160.0,248.39484696748443,-5,80.10090754621223,-13,3,3,2.9959002761527533
1797,3221001,417865.0,3385495.0,8,140,3,0,2585.0,9.2,525,0,5,418015,3385615,523,102,5,-108.5,533,150.0,120.0,192.09372712298546,-2,78.65980825409008,-10,3,3,2.9800091164697693
1798,3221001,417865.0,3385495.0,8,140,3,0,2585.0,9.2,525,0,5,417160,3389475,501,0,5,-86.33,533,-705.0,3980.0,4041.958065096668,-24,140.04493157099517,-32,3,3,0.45359862973634907
1799,3221001,417865.0,3385495.0,8,140,3,0,2585.0,9.2,525,0,5,417235,3389570,497,0,5,-97.33,533,-630.0,4075.0,4123.411815475141,-28,138.78841967501904,-36,3,3,0.500215779899455
1800,3221001,417865.0,3385495.0,8,140,3,0,2585.0,9.2,525,0,5,417205,3389600,494,0,5,-90.5,533,-660.0,4105.0,4157.718725455103,-31,139.1338209428484,-39,3,3,0.5374268956739231
1801,3221001,417865.0,3385495.0,8,140,3,0,2585.0,9.2,525,0,5,417140,3389495,500,0,6,-88.5,533,-725.0,4000.0,4065.172198074763,-25,140.2733306416293,-33,3,3,0.4651018705269337
1802,3221001,417865.0,3385495.0,8,140,3,0,2585.0,9.2,525,0,5,417170,3389465,502,0,12,-86.25,533,-695.0,3970.0,4030.3752926991797,-23,139.92974630275603,-31,3,3,0.4406870355144726
1803,3221001,417865.0,3385495.0,8,140,3,0,2585.0,9.2,525,0,5,417210,3389585,495,0,5,-93.0,533,-655.0,4090.0,4142.116005135539,-30,139.09847217863518,-38,3,3,0.5256198862294541
1804,3221001,417865.0,3385495.0,8,140,3,0,2585.0,9.2,525,0,5,417200,3389595,494,0,5,-88.5,533,-665.0,4100.0,4153.579781345244,-31,139.21286660053448,-39,3,3,0.5379623974190396
1805,3221001,417865.0,3385495.0,8,140,3,0,2585.0,9.2,525,0,5,416965,3389680,499,0,6,-99.0,533,-900.0,4185.0,4280.680436566131,-26,142.1368244552923,-34,3,3,0.4550714702730891
1806,3221001,417865.0,3385495.0,8,140,3,0,2585.0,9.2,525,0,5,416960,3389675,499,0,6,-98.5,533,-905.0,4180.0,4276.847553981787,-26,142.21639405172726,-34,3,3,0.4554792851504352
1807,3221001,417865.0,3385495.0,8,140,3,0,2585.0,9.2,525,0,5,416970,3389665,499,0,5,-97.5,533,-895.0,4170.0,4264.9648298667125,-26,142.11352258179045,-34,3,3,0.4567482535766774
1808,3221001,417865.0,3385495.0,8,140,3,0,2585.0,9.2,525,0,5,417225,3389580,496,0,5,-90.33,533,-640.0,4085.0,4134.830709956575,-29,138.90419012196622,-37,3,3,0.5126902187147586
1809,3221001,417865.0,3385495.0,8,140,3,0,2585.0,9.2,525,0,5,417230,3389565,497,0,12,-93.0,533,-635.0,4070.0,4119.238400481332,-28,138.8677754915882,-36,3,3,0.500722548771495
1810,3221001,417865.0,3385495.0,8,140,3,0,2585.0,9.2,525,0,5,417150,3389485,501,0,5,-87.5,533,-715.0,3990.0,4053.5570798990852,-24,140.1594581081764,-32,3,3,0.45230073797712417
1811,3221001,417865.0,3385495.0,8,140,3,0,2585.0,9.2,525,0,5,417240,3389555,498,0,12,-91.33,533,-625.0,4060.0,4107.8248502096585,-27,138.75146448163252,-35,3,3,0.4881668112423862
1812,3221001,417865.0,3385495.0,8,140,3,0,2585.0,9.2,525,0,5,417165,3389480,501,0,5,-90.17,533,-700.0,3985.0,4046.0134700714975,-24,139.96286179411277,-32,3,3,0.453143997193112
1813,3221001,417865.0,3385495.0,8,140,3,0,2585.0,9.2,525,0,5,417135,3389510,499,0,6,-87.5,533,-730.0,4015.0,4080.824058937116,-26,140.30484646876602,-34,3,3,0.4773573674085618
1814,3221001,417865.0,3385495.0,8,140,3,0,2585.0,9.2,525,0,5,417155,3389490,500,0,5,-87.56,533,-710.0,3995.0,4057.6008921528987,-25,140.07750851681044,-33,3,3,0.4659696920582264
1815,3221001,417865.0,3385495.0,8,140,3,0,2585.0,9.2,525,0,5,417220,3389575,496,0,5,-95.57,533,-645.0,4080.0,4130.668832041611,-29,138.98344326183474,-37,3,3,0.5132067549263047
1816,3221001,417865.0,3385495.0,8,140,3,0,2585.0,9.2,525,0,5,418040,3385610,522,0,5,-105.0,533,175.0,115.0,209.40391591371923,-3,73.3106308245608,-11,3,3,3.0069868611430155
1817,3221001,417865.0,3385495.0,8,140,3,0,2585.0,9.2,525,0,5,418055,3385615,522,0,5,-107.67,533,190.0,120.0,224.72205054244233,-3,72.27564431457762,-11,3,3,2.802354841029942
1818,3221001,417865.0,3385495.0,8,140,3,0,2585.0,9.2,525,0,5,417275,3389775,503,0,6,-90.0,533,-590.0,4280.0,4320.474510976775,-22,137.84878327514446,-30,3,3,0.3978372645937715
1819,3221001,417865.0,3385495.0,8,140,3,0,2585.0,9.2,525,0,5,418020,3385610,523,102,5,-97.75,533,155.0,115.0,193.00259065618783,-2,76.57303097851934,-10,3,3,2.9660011481791297
1820,3221001,417865.0,3385495.0,8,140,3,0,2585.0,9.2,525,0,5,418035,3385615,522,0,5,-107.0,533,170.0,120.0,208.08652046684813,-3,75.21759296819272,-11,3,3,3.025988821240326
1821,3221001,417865.0,3385495.0,8,140,3,0,2585.0,9.2,525,0,5,418010,3385640,522,0,5,-103.5,533,145.0,145.0,205.0609665440988,-3,85.0,-11,3,3,3.070550690334559
1822,3221001,417865.0,3385495.0,8,140,3,0,2585.0,9.2,525,0,5,417780,3385520,529,0,5,-103.33,533,-85.0,25.0,88.60022573334675,4,203.6104596659652,-4,3,3,2.5849550384849436
1823,3221001,417865.0,3385495.0,8,140,3,0,2585.0,9.2,525,0,5,417795,3385505,528,5,5,-96.75,533,-70.0,10.0,70.71067811865476,3,211.86989764584405,-5,3,3,4.044691235386268
1824,3221001,417865.0,3385495.0,8,140,3,0,2585.0,9.2,525,0,5,417905,3385555,526,0,5,-103.5,533,40.0,60.0,72.11102550927978,1,96.30993247402023,-7,3,3,5.544474733907005
1825,3221001,417865.0,3385495.0,8,140,3,0,2585.0,9.2,525,0,5,417820,3385480,526,0,5,-96.0,533,-45.0,-15.0,47.43416490252569,1,-121.565051177078,-7,3,3,8.394718117507407
1826,3221001,417865.0,3385495.0,8,140,3,0,2585.0,9.2,525,0,5,417910,3385550,526,99,5,-93.67,533,45.0,55.0,71.06335201775947,1,90.71059313749964,-7,3,3,5.625695294168159
1827,3221001,417865.0,3385495.0,8,140,3,0,2585.0,9.2,525,0,5,417885,3385535,526,0,5,-88.5,533,20.0,40.0,44.721359549995796,1,103.43494882292202,-7,3,3,8.896025825607326
1828,3221001,417865.0,3385495.0,8,140,3,0,2585.0,9.2,525,0,5,417825,3385475,526,0,5,-70.0,533,-40.0,-20.0,44.721359549995796,1,-113.434948822922,-7,3,3,8.896025825607326
1829,3221001,417865.0,3385495.0,8,140,3,0,2585.0,9.2,525,0,5,417835,3385465,525,93,5,-84.75,533,-30.0,-30.0,42.42640687119285,0,-95.0,-8,3,3,10.678414922779545
1830,3221001,417865.0,3385495.0,8,140,3,0,2585.0,9.2,525,0,5,417890,3385530,526,99,5,-89.0,533,25.0,35.0,43.01162633521314,1,94.46232220802563,-7,3,3,9.243656606645388
1831,3221001,417865.0,3385495.0,8,140,3,0,2585.0,9.2,525,0,5,417810,3385450,526,0,5,-99.5,533,-55.0,-45.0,71.06335201775947,1,-100.71059313749967,-7,3,3,5.625695294168159
1832,3221001,417865.0,3385495.0,8,140,3,0,2585.0,9.2,525,0,5,417775,3385485,528,5,5,-113.0,533,-90.0,-10.0,90.55385138137417,3,-133.6598082540901,-5,3,3,3.160420981763729
1833,3221001,417865.0,3385495.0,8,140,3,0,2585.0,9.2,525,0,5,417790,3385510,528,0,5,-92.0,533,-75.0,15.0,76.48529270389177,3,208.69006752597977,-5,3,3,3.740220388190504
1834,3221001,417865.0,3385495.0,8,140,3,0,2585.0,9.2,525,0,5,417865,3385595,528,0,5,-112.78,533,0.0,100.0,100.0,3,130.0,-5,3,3,2.8624052261117474
1835,3221001,417865.0,3385495.0,8,140,3,0,2585.0,9.2,525,0,5,417840,3385580,529,5,5,-102.07,533,-25.0,85.0,88.60022573334675,4,146.3895403340348,-4,3,3,2.5849550384849436
1836,3221001,417865.0,3385495.0,8,140,3,0,2585.0,9.2,525,0,5,417860,3385600,528,0,5,-114.5,533,-5.0,105.0,105.11898020814318,3,132.72631099390628,-5,3,3,2.7232298331707168
1837,3221001,417865.0,3385495.0,8,140,3,0,2585.0,9.2,525,0,5,417845,3385575,528,5,5,-107.56,533,-20.0,80.0,82.46211251235322,3,144.0362434679265,-5,3,3,3.469818855890064
1838,3221001,417865.0,3385495.0,8,140,3,0,2585.0,9.2,525,0,5,417850,3385570,528,5,5,-105.62,533,-15.0,75.0,76.48529270389177,3,141.30993247402023,-5,3,3,3.740220388190504
1839,3221001,417865.0,3385495.0,8,140,3,0,2585.0,9.2,525,0,5,417855,3385565,528,5,5,-103.83,533,-10.0,70.0,70.71067811865476,3,138.13010235415595,-5,3,3,4.044691235386268
1840,3221001,417865.0,3385495.0,8,140,3,0,2585.0,9.2,525,0,5,417895,3385525,526,99,5,-86.75,533,30.0,30.0,42.42640687119285,1,85.0,-7,3,3,9.368915578454837
1841,3221001,417865.0,3385495.0,8,140,3,0,2585.0,9.2,525,0,5,417815,3385445,525,0,5,-109.0,533,-50.0,-50.0,70.71067811865476,0,-95.0,-8,3,3,6.454830247455114
1842,3221001,417865.0,3385495.0,8,140,3,0,2585.0,9.2,525,0,5,417880,3385540,526,0,5,-87.5,533,15.0,45.0,47.43416490252569,1,111.56505117707798,-7,3,3,8.394718117507407
1843,3221001,417865.0,3385495.0,8,140,3,0,2585.0,9.2,525,0,5,418005,3385525,524,0,5,-102.0,533,140.0,30.0,143.17821063276352,-1,52.094757077012105,-9,3,3,3.5968074633886675
1844,3221001,417865.0,3385495.0,8,140,3,0,2585.0,9.2,525,0,5,417980,3385510,525,0,10,-99.5,533,115.0,15.0,115.97413504743201,0,47.43140797117252,-8,3,3,3.9460633187207823
1845,3221001,417865.0,3385495.0,8,140,3,0,2585.0,9.2,525,0,5,417970,3385500,525,0,10,-92.0,533,105.0,5.0,105.11898020814318,0,42.72631099390625,-8,3,3,4.352062467467199
1846,3221001,417865.0,3385495.0,8,140,3,0,2585.0,9.2,525,0,5,417965,3385485,525,0,10,-106.67,533,100.0,-10.0,100.4987562112089,0,34.28940686250036,-8,3,3,4.551317363633067
1847,3221001,417865.0,3385495.0,8,140,3,0,2585.0,9.2,525,0,5,417960,3385490,525,0,10,-93.86,533,95.0,-5.0,95.13148795220224,0,36.987212495816664,-8,3,3,4.806928941861295
1848,3221001,417865.0,3385495.0,8,140,3,0,2585.0,9.2,525,0,5,418015,3385535,523,0,5,-90.0,533,150.0,40.0,155.24174696260025,-2,54.931417178137565,-10,3,3,3.6856535095256104
1849,3221001,417865.0,3385495.0,8,140,3,0,2585.0,9.2,525,0,5,417955,3385475,525,0,5,-100.25,533,90.0,-20.0,92.19544457292888,0,27.471192290848478,-8,3,3,4.959258000229005
1850,3221001,417865.0,3385495.0,8,140,3,0,2585.0,9.2,525,0,5,418025,3385545,522,0,5,-84.0,533,160.0,50.0,167.6305461424021,-3,57.35402463626133,-11,3,3,3.754394916509256
1851,3221001,417865.0,3385495.0,8,140,3,0,2585.0,9.2,525,0,5,417945,3385465,524,99,6,-97.12,533,80.0,-30.0,85.44003745317531,-1,19.443954780416533,-9,3,3,6.0131922412668795
1852,3221001,417865.0,3385495.0,8,140,3,0,2585.0,9.2,525,0,5,417930,3385460,524,99,6,-99.96,533,65.0,-35.0,73.824115301167,-1,11.699244233993625,-9,3,3,6.950708444721318
1853,3221001,417865.0,3385495.0,8,140,3,0,2585.0,9.2,525,0,5,417920,3385450,523,0,5,-93.49,533,55.0,-45.0,71.06335201775947,-2,0.710593137499643,-10,3,3,8.010038745332457
1854,3221001,417865.0,3385495.0,8,140,3,0,2585.0,9.2,525,0,5,417925,3385445,523,0,5,-96.84,533,60.0,-50.0,78.10249675906654,-2,0.19442890773481736,-10,3,3,7.296275301016713
1855,3221001,417865.0,3385495.0,8,140,3,0,2585.0,9.2,525,0,5,417995,3385515,524,0,10,-99.0,533,130.0,20.0,131.52946437965906,-1,48.7461622625552,-9,3,3,3.9144041294451104
1856,3221001,417865.0,3385495.0,8,140,3,0,2585.0,9.2,525,0,5,417935,3385455,524,99,6,-94.0,533,70.0,-40.0,80.62257748298549,-1,10.255118703057775,-9,3,3,6.369629019656469
1857,3221001,417865.0,3385495.0,8,140,3,0,2585.0,9.2,525,0,5,417940,3385470,524,99,6,-99.19,533,75.0,-25.0,79.05694150420949,-1,21.565051177077976,-9,3,3,6.494705075466956
1858,3221001,417865.0,3385495.0,8,140,3,0,2585.0,9.2,525,0,5,418050,3385580,521,0,5,-95.5,533,185.0,85.0,203.59273071502332,-4,64.67686317033707,-12,3,3,3.373179436129031
1859,3221001,417865.0,3385495.0,8,140,3,0,2585.0,9.2,525,0,5,416865,3389185,510,0,5,-91.5,533,-1000.0,3690.0,3823.10083570915,-15,145.1631090421658,-23,3,3,0.3446906287270706
1860,3221001,417865.0,3385495.0,8,140,3,0,2585.0,9.2,525,0,5,418040,3385570,522,0,5,-101.0,533,175.0,75.0,190.3943276465977,-3,63.198590513648185,-11,3,3,3.3065781731005983
1861,3221001,417865.0,3385495.0,8,140,3,0,2585.0,9.2,525,0,5,417950,3385480,525,0,5,-91.89,533,85.0,-15.0,86.31338250816034,0,29.992020198558663,-8,3,3,5.295359761374139
1862,3221001,417865.0,3385495.0,8,140,3,0,2585.0,9.2,525,0,5,417770,3385510,529,0,5,-93.5,533,-95.0,15.0,96.17692030835673,4,211.0273733851036,-4,3,3,2.3815600735883464
1863,3221001,417865.0,3385495.0,8,140,3,0,2585.0,9.2,525,0,5,417815,3385465,526,0,5,-94.0,533,-50.0,-30.0,58.309518948453004,1,-109.03624346792648,-7,3,3,6.84554157798925
1864,3221001,417865.0,3385495.0,8,140,3,0,2585.0,9.2,525,0,5,417900,3385540,526,99,5,-86.5,533,35.0,45.0,57.0087712549569,1,92.1250163489018,-7,3,3,7.00020104505906
1865,3221001,417865.0,3385495.0,8,140,3,0,2585.0,9.2,525,0,5,417895,3385545,526,0,5,-108.0,533,30.0,50.0,58.309518948453004,1,99.03624346792648,-7,3,3,6.84554157798925
1866,3221001,417865.0,3385495.0,8,140,3,0,2585.0,9.2,525,0,5,417835,3385445,525,93,5,-111.33,533,-30.0,-50.0,58.309518948453004,0,-80.96375653207352,-8,3,3,7.812142384069064
1867,3221001,417865.0,3385495.0,8,140,3,0,2585.0,9.2,525,0,5,417890,3385550,526,0,10,-82.5,533,25.0,55.0,60.41522986797286,1,105.55604521958347,-7,3,3,6.609095621469866
1868,3221001,417865.0,3385495.0,8,140,3,0,2585.0,9.2,525,0,5,417850,3385590,528,0,5,-105.8,533,-15.0,95.0,96.17692030835673,3,138.9726266148964,-5,3,3,2.9759866012286076
1869,3221001,417865.0,3385495.0,8,140,3,0,2585.0,9.2,525,0,5,417795,3385485,527,0,10,-98.5,533,-70.0,-10.0,70.71067811865476,2,-131.86989764584402,-6,3,3,4.850090156191999
1870,3221001,417865.0,3385495.0,8,140,3,0,2585.0,9.2,525,0,5,417830,3385450,525,93,5,-88.75,533,-35.0,-45.0,57.0087712549569,0,-87.87498365109822,-8,3,3,7.9881134127929805
1871,3221001,417865.0,3385495.0,8,140,3,0,2585.0,9.2,525,0,5,417855,3385585,528,0,5,-110.0,533,-10.0,90.0,90.55385138137417,3,136.34019174590992,-5,3,3,3.160420981763729
1872,3221001,417865.0,3385495.0,8,140,3,0,2585.0,9.2,525,0,5,417915,3385525,526,0,10,-85.73,533,50.0,30.0,58.309518948453004,1,70.96375653207352,-7,3,3,6.84554157798925
1873,3221001,417865.0,3385495.0,8,140,3,0,2585.0,9.2,525,0,5,417760,3385520,529,0,5,-100.0,533,-105.0,25.0,107.93516572461452,4,206.60750224624894,-4,3,3,2.1223693277042393
1874,3221001,417865.0,3385495.0,8,140,3,0,2585.0,9.2,525,0,5,417785,3385495,528,5,5,-105.9,533,-80.0,0.0,80.0,3,220.0,-5,3,3,3.576334374997351
1875,3221001,417865.0,3385495.0,8,140,3,0,2585.0,9.2,525,0,5,417910,3385530,526,99,10,-92.0,533,45.0,35.0,57.0087712549569,1,77.8749836510982,-7,3,3,7.00020104505906
1876,3221001,417865.0,3385495.0,8,140,3,0,2585.0,9.2,525,0,5,417840,3385600,529,0,14,-109.75,533,-25.0,105.0,107.93516572461452,4,143.39249775375112,-4,3,3,2.1223693277042393
1877,3221001,417865.0,3385495.0,8,140,3,0,2585.0,9.2,525,0,5,417845,3385595,529,0,14,-105.63,533,-20.0,100.0,101.9803902718557,4,141.30993247402023,-4,3,3,2.2461739556746
1878,3221001,417865.0,3385495.0,8,140,3,0,2585.0,9.2,525,0,5,417860,3385580,528,5,5,-111.18,533,-5.0,85.0,85.14693182963201,3,133.3664606634298,-5,3,3,3.3606647348940752
1879,3221001,417865.0,3385495.0,8,140,3,0,2585.0,9.2,525,0,5,417880,3385560,526,0,10,-107.0,533,15.0,65.0,66.70832032063167,1,117.00538320808352,-7,3,3,5.990377373590032
1880,3221001,417865.0,3385495.0,8,140,3,0,2585.0,9.2,525,0,5,417865,3385575,527,5,5,-108.0,533,0.0,80.0,80.0,2,130.0,-6,3,3,4.289153328819018
1881,3221001,417865.0,3385495.0,8,140,3,0,2585.0,9.2,525,0,5,417220,3389655,497,0,6,-89.67,533,-645.0,4160.0,4209.706046744832,-28,138.8134229444692,-36,3,3,0.48996242507391496
1882,3221001,417865.0,3385495.0,8,140,3,0,2585.0,9.2,525,0,5,417210,3389665,497,0,6,-97.0,533,-655.0,4170.0,4221.12840363806,-28,138.92675895219827,-36,3,3,0.48863665304828074
1883,3221001,417865.0,3385495.0,8,140,3,0,2585.0,9.2,525,0,5,417110,3389445,504,0,6,-83.67,533,-755.0,3950.0,4021.507801807675,-21,140.82095329903046,-29,3,3,0.4131656301573601
1884,3221001,417865.0,3385495.0,8,140,3,0,2585.0,9.2,525,0,5,417115,3389450,503,0,6,-91.0,533,-750.0,3955.0,4025.4844428962833,-22,140.73769158458867,-30,3,3,0.4269899905801514
1885,3221001,417865.0,3385495.0,8,140,3,0,2585.0,9.2,525,0,5,417840,3385430,524,0,5,-97.0,533,-25.0,-65.0,69.6419413859206,-1,-71.03751102542182,-9,3,3,7.363662428698504
1886,3221001,417865.0,3385495.0,8,140,3,0,2585.0,9.2,525,0,5,417910,3385380,521,93,5,-89.5,533,45.0,-115.0,123.4908903522847,-4,-28.629377730656813,-12,3,3,5.5501862619043685
1887,3221001,417865.0,3385495.0,8,140,3,0,2585.0,9.2,525,0,5,417895,3385395,521,93,10,-90.29,533,30.0,-100.0,104.4030650891055,-4,-33.30075576600639,-12,3,3,6.556755674087011
1888,3221001,417865.0,3385495.0,8,140,3,0,2585.0,9.2,525,0,5,417845,3385425,524,93,5,-100.67,533,-20.0,-70.0,72.80109889280519,-1,-65.94539590092286,-9,3,3,7.047405805830561
1889,3221001,417865.0,3385495.0,8,140,3,0,2585.0,9.2,525,0,5,417890,3385400,522,93,5,-103.5,533,25.0,-95.0,98.2344135219425,-3,-35.25643716352927,-11,3,3,6.389196758687056
1890,3221001,417865.0,3385495.0,8,140,3,0,2585.0,9.2,525,0,5,417875,3385415,522,93,5,-84.27,533,10.0,-80.0,80.62257748298549,-3,-42.874983651098205,-11,3,3,7.769360619770641
1891,3221001,417865.0,3385495.0,8,140,3,0,2585.0,9.2,525,0,5,417865,3385405,522,0,5,-79.0,533,0.0,-90.0,90.0,-3,-50.0,-11,3,3,6.968256741378544
1892,3221001,417865.0,3385495.0,8,140,3,0,2585.0,9.2,525,0,5,417855,3385435,524,93,5,-77.25,533,-10.0,-60.0,60.8276253029822,-1,-59.462322208025626,-9,3,3,8.416369055792709
1893,3221001,417865.0,3385495.0,8,140,3,0,2585.0,9.2,525,0,5,417850,3385440,524,93,5,-86.71,533,-15.0,-55.0,57.0087712549569,-1,-65.25511870305779,-9,3,3,8.971268559630829
1894,3221001,417865.0,3385495.0,8,140,3,0,2585.0,9.2,525,0,5,417860,3385410,523,0,5,-93.0,533,-5.0,-85.0,85.14693182963201,-2,-53.366460663429805,-10,3,3,6.698363436736243
1895,3221001,417865.0,3385495.0,8,140,3,0,2585.0,9.2,525,0,5,417870,3385420,523,93,5,-87.91,533,5.0,-75.0,75.16648189186454,-2,-46.18592516570965,-10,3,3,7.578018126690046
1896,3221001,417865.0,3385495.0,8,140,3,0,2585.0,9.2,525,0,5,417885,3385385,521,93,5,-98.0,533,20.0,-110.0,111.80339887498948,-4,-39.69515353123397,-12,3,3,6.126175694914323
1897,3221001,417865.0,3385495.0,8,140,3,0,2585.0,9.2,525,0,5,417900,3385370,520,0,5,-101.0,533,35.0,-125.0,129.80754985747168,-5,-34.35775354279127,-13,3,3,5.719003469983436
1898,3221001,417865.0,3385495.0,8,140,3,0,2585.0,9.2,525,0,5,417150,3389595,495,0,6,-96.5,533,-715.0,4100.0,4161.877581092457,-30,139.8923436855065,-38,3,3,0.5231242581185599
1899,3221001,417865.0,3385495.0,8,140,3,0,2585.0,9.2,525,0,5,417155,3389600,494,0,6,-97.0,533,-710.0,4105.0,4165.9482714023225,-31,139.81278531248245,-39,3,3,0.5363653076753893
1900,3221001,417865.0,3385495.0,8,140,3,0,2585.0,9.2,525,0,5,417175,3389540,497,0,5,-90.83,533,-690.0,4045.0,4103.428444605803,-28,139.68039403376605,-36,3,3,0.5026516663637568
1901,3221001,417865.0,3385495.0,8,140,3,0,2585.0,9.2,525,0,5,417145,3389590,495,0,6,-90.88,533,-720.0,4095.0,4157.8149309463015,-30,139.97205768733107,-38,3,3,0.5236353805705195
1902,3221001,417865.0,3385495.0,8,140,3,0,2585.0,9.2,525,0,5,417195,3389560,496,0,5,-89.5,533,-670.0,4065.0,4119.845264084563,-29,139.35943684063386,-37,3,3,0.5145549681622901
1903,3221001,417865.0,3385495.0,8,140,3,0,2585.0,9.2,525,0,5,417180,3389545,497,0,5,-89.33,533,-685.0,4050.0,4107.5205416406625,-28,139.59991436981898,-36,3,3,0.5021509277810886
1904,3221001,417865.0,3385495.0,8,140,3,0,2585.0,9.2,525,0,5,417165,3389530,498,0,6,-89.71,533,-700.0,4035.0,4095.268611458838,-27,139.84183506873893,-35,3,3,0.4896634752255749
1905,3221001,417865.0,3385495.0,8,140,3,0,2585.0,9.2,525,0,5,417190,3389555,497,0,5,-90.25,533,-675.0,4060.0,4115.728975527908,-28,139.439435938217,-36,3,3,0.5011494861699445
1906,3221001,417865.0,3385495.0,8,140,3,0,2585.0,9.2,525,0,5,417185,3389550,497,0,5,-88.43,533,-680.0,4055.0,4111.620726672148,-28,139.51959505931484,-36,3,3,0.5016501990946615
1907,3221001,417865.0,3385495.0,8,140,3,0,2585.0,9.2,525,0,5,417170,3389535,498,0,6,-89.0,533,-695.0,4040.0,4099.344459788663,-27,139.76103421331766,-35,3,3,0.4891766420150327
1908,3221001,417865.0,3385495.0,8,140,3,0,2585.0,9.2,525,0,5,417160,3389525,498,0,6,-89.0,533,-705.0,4030.0,4091.2009239341937,-27,139.92279675837807,-35,3,3,0.4901503007123457
1909,3221001,417865.0,3385495.0,8,140,3,0,2585.0,9.2,525,0,5,418005,3385630,522,0,5,-110.0,533,140.0,135.0,194.48650338776724,-3,83.95837332399003,-11,3,3,3.2371542617537608
1910,3221001,417865.0,3385495.0,8,140,3,0,2585.0,9.2,525,0,5,418025,3385610,523,102,5,-102.0,533,160.0,115.0,197.0406049523803,-2,75.70669140060289,-10,3,3,2.905323190868513
1911,3221001,417865.0,3385495.0,8,140,3,0,2585.0,9.2,525,0,5,418035,3385620,522,0,5,-107.75,533,170.0,125.0,211.00947846009194,-3,76.32682595212023,-11,3,3,2.9841483331516363
1912,3221001,417865.0,3385495.0,8,140,3,0,2585.0,9.2,525,0,5,418030,3385615,523,0,5,-109.0,533,165.0,120.0,204.02205763103166,-2,76.0273733851036,-10,3,3,2.8060673289633726
1913,3221001,417865.0,3385495.0,8,140,3,0,2585.0,9.2,525,0,5,418020,3385605,523,102,5,-103.0,533,155.0,110.0,190.06577808748213,-2,75.36246188706906,-10,3,3,3.0117467566453606
1914,3221001,417865.0,3385495.0,8,140,3,0,2585.0,9.2,525,0,5,417710,3385615,534,0,6,-114.0,533,-155.0,120.0,196.02295783912658,9,182.25319461272534,1,3,3,-0.2922886335194396
1915,3221001,417865.0,3385495.0,8,140,3,0,2585.0,9.2,525,0,5,417280,3389790,504,0,6,-94.0,533,-585.0,4295.0,4334.656849163495,-21,137.7562363422267,-29,3,3,0.38331818961153385
1916,3221001,417865.0,3385495.0,8,140,3,0,2585.0,9.2,525,0,5,417880,3385345,520,0,5,-100.0,533,15.0,-150.0,150.74813431681335,-5,-44.28940686250037,-13,3,3,4.928796796291774
1917,3221001,417865.0,3385495.0,8,140,3,0,2585.0,9.2,525,0,5,417810,3385435,525,0,5,-81.0,533,-55.0,-60.0,81.39410298049853,0,-92.51044707800085,-8,3,3,5.613413245637428
1918,3221001,417865.0,3385495.0,8,140,3,0,2585.0,9.2,525,0,5,417735,3385520,530,0,5,-81.5,533,-130.0,25.0,132.38202294873727,5,209.11447294534128,-3,3,3,1.2981968352527313
1919,3221001,417865.0,3385495.0,8,140,3,0,2585.0,9.2,525,0,5,417655,3385600,532,0,5,-117.0,533,-210.0,105.0,234.7871376374779,7,193.43494882292202,-1,3,3,0.2440313964114166
1920,3221001,417865.0,3385495.0,8,140,3,0,2585.0,9.2,525,0,5,417835,3385420,524,0,5,-95.0,533,-30.0,-75.0,80.77747210701756,-1,-71.80140948635182,-9,3,3,6.357515056182176
1921,3221001,417865.0,3385495.0,8,140,3,0,2585.0,9.2,525,0,5,417830,3385415,524,0,5,-85.67,533,-35.0,-80.0,87.32124598286491,-1,-73.62937773065681,-9,3,3,5.8845657742966875
1922,3221001,417865.0,3385495.0,8,140,3,0,2585.0,9.2,525,0,5,417890,3385355,520,0,5,-85.5,533,25.0,-140.0,142.21462653327893,-5,-39.875328344602195,-13,3,3,5.222956673002868
1923,3221001,417865.0,3385495.0,8,140,3,0,2585.0,9.2,525,0,5,417915,3385605,526,0,10,-98.5,533,50.0,110.0,120.83045973594572,1,105.55604521958347,-7,3,3,3.315576823080374
1924,3221001,417865.0,3385495.0,8,140,3,0,2585.0,9.2,525,0,5,417235,3389605,495,0,6,-91.0,533,-630.0,4110.0,4158.004329002076,-30,138.71473287486117,-38,3,3,0.5236115301862337
1925,3221001,417865.0,3385495.0,8,140,3,0,2585.0,9.2,525,0,5,417220,3389620,495,0,6,-88.5,533,-645.0,4125.0,4175.12275268644,-30,138.8870147555428,-38,3,3,0.5214647889856847
1926,3221001,417865.0,3385495.0,8,140,3,0,2585.0,9.2,525,0,5,417200,3389640,495,0,6,-90.17,533,-665.0,4145.0,4198.005478795853,-30,139.11453537614557,-38,3,3,0.5186225148509331
1927,3221001,417865.0,3385495.0,8,140,3,0,2585.0,9.2,525,0,5,417225,3389615,495,0,6,-87.5,533,-640.0,4120.0,4169.412428628283,-30,138.82974466790904,-38,3,3,0.522178934733776
1928,3221001,417865.0,3385495.0,8,140,3,0,2585.0,9.2,525,0,5,418040,3385635,521,0,5,-111.67,533,175.0,140.0,224.1093483101497,-4,78.65980825409008,-12,3,3,3.0649921429848326
1929,3221001,417865.0,3385495.0,8,140,3,0,2585.0,9.2,525,0,5,418055,3385630,521,0,5,-114.0,533,190.0,135.0,233.0772404161333,-4,75.39479584498707,-12,3,3,2.94727541200026
1930,3221001,417865.0,3385495.0,8,140,3,0,2585.0,9.2,525,0,5,418060,3385615,522,0,5,-99.0,533,195.0,120.0,228.96506283710622,-3,71.60750224624888,-11,3,3,2.7505041586635457
1931,3221001,417865.0,3385495.0,8,140,3,0,2585.0,9.2,525,0,5,417900,3385550,526,0,5,-91.0,533,35.0,55.0,65.19202405202648,1,97.52880770915152,-7,3,3,6.128658669573428
1932,3221001,417865.0,3385495.0,8,140,3,0,2585.0,9.2,525,0,5,417830,3385480,526,0,5,-83.0,533,-35.0,-15.0,38.07886552931954,1,-116.80140948635182,-7,3,3,10.416331836297568
1933,3221001,417865.0,3385495.0,8,140,3,0,2585.0,9.2,525,0,5,417770,3385500,528,0,5,-92.0,533,-95.0,5.0,95.13148795220224,3,216.98721249581666,-5,3,3,3.0086309734848298
1934,3221001,417865.0,3385495.0,8,140,3,0,2585.0,9.2,525,0,5,417835,3385475,526,0,5,-79.0,533,-30.0,-20.0,36.05551275463989,1,-106.30993247402023,-7,3,3,10.987011860880278
1935,3221001,417865.0,3385495.0,8,140,3,0,2585.0,9.2,525,0,5,417855,3385575,528,0,5,-102.75,533,-10.0,80.0,80.62257748298549,3,137.1250163489018,-5,3,3,3.5487883308747326
1936,3221001,417865.0,3385495.0,8,140,3,0,2585.0,9.2,525,0,5,417790,3385520,529,0,5,-96.33,533,-75.0,25.0,79.05694150420949,4,201.56505117707798,-4,3,3,2.896492628579106
1937,3221001,417865.0,3385495.0,8,140,3,0,2585.0,9.2,525,0,5,417880,3385530,526,0,6,-102.5,533,15.0,35.0,38.07886552931954,1,106.80140948635182,-7,3,3,10.416331836297568
1938,3221001,417865.0,3385495.0,8,140,3,0,2585.0,9.2,525,0,5,417850,3385580,528,0,5,-105.0,533,-15.0,85.0,86.31338250816034,3,140.00797980144137,-5,3,3,3.3153502586395787
1939,3221001,417865.0,3385495.0,8,140,3,0,2585.0,9.2,525,0,5,417845,3385565,528,5,5,-109.12,533,-20.0,70.0,72.80109889280519,3,145.94539590092285,-5,3,3,3.928920496307941
1940,3221001,417865.0,3385495.0,8,140,3,0,2585.0,9.2,525,0,5,417895,3385535,526,99,5,-80.5,533,30.0,40.0,50.0,1,93.13010235415598,-7,3,3,7.96961039432136
1941,3221001,417865.0,3385495.0,8,140,3,0,2585.0,9.2,525,0,5,417795,3385515,529,0,5,-98.0,533,-70.0,20.0,72.80109889280519,4,204.0546040990771,-4,3,3,3.1449100885750694
1942,3221001,417865.0,3385495.0,8,140,3,0,2585.0,9.2,525,0,5,417785,3385505,528,0,5,-94.5,533,-80.0,10.0,80.62257748298549,3,212.8749836510982,-5,3,3,3.5487883308747326
1943,3221001,417865.0,3385495.0,8,140,3,0,2585.0,9.2,525,0,5,417885,3385525,526,99,6,-86.4,533,20.0,30.0,36.05551275463989,1,96.30993247402023,-7,3,3,10.987011860880278
1944,3221001,417865.0,3385495.0,8,140,3,0,2585.0,9.2,525,0,5,417860,3385590,528,0,5,-113.87,533,-5.0,95.0,95.13148795220224,3,133.01278750418334,-5,3,3,3.0086309734848298
1945,3221001,417865.0,3385495.0,8,140,3,0,2585.0,9.2,525,0,5,417890,3385540,526,0,5,-75.67,533,25.0,45.0,51.478150704935004,1,100.94539590092285,-7,3,3,7.743586603961099
1946,3221001,417865.0,3385495.0,8,140,3,0,2585.0,9.2,525,0,5,417840,3385570,528,5,5,-109.69,533,-25.0,75.0,79.05694150420949,3,148.43494882292202,-5,3,3,3.6188832299832407
1947,3221001,417865.0,3385495.0,8,140,3,0,2585.0,9.2,525,0,5,417805,3385445,526,0,5,-98.0,533,-60.0,-50.0,78.10249675906654,1,-100.19442890773482,-7,3,3,5.1214969436711675
1948,3221001,417865.0,3385495.0,8,140,3,0,2585.0,9.2,525,0,5,417870,3385600,527,0,5,-103.25,533,5.0,105.0,105.11898020814318,2,127.27368900609372,-6,3,3,3.2667942031563677
1949,3221001,417865.0,3385495.0,8,140,3,0,2585.0,9.2,525,0,5,417825,3385465,526,93,5,-91.0,533,-40.0,-30.0,50.0,1,-103.13010235415598,-7,3,3,7.96961039432136
1950,3221001,417865.0,3385495.0,8,140,3,0,2585.0,9.2,525,0,5,416950,3389675,499,0,5,-106.0,533,-915.0,4180.0,4278.974760383613,-26,142.3472627542473,-34,3,3,0.45525286230012396
1951,3221001,417865.0,3385495.0,8,140,3,0,2585.0,9.2,525,0,5,416935,3389665,498,0,5,-95.33,533,-930.0,4170.0,4272.44660586882,-27,142.57244500422752,-35,3,3,0.46935810098535546
1952,3221001,417865.0,3385495.0,8,140,3,0,2585.0,9.2,525,0,5,416955,3389675,499,0,5,-99.0,533,-910.0,4180.0,4277.908367415085,-26,142.28184467172525,-34,3,3,0.4553663425266432
1953,3221001,417865.0,3385495.0,8,140,3,0,2585.0,9.2,525,0,5,417115,3389330,512,0,5,-96.5,533,-750.0,3835.0,3907.6495492815116,-13,141.06551030511355,-21,3,3,0.3079088264223298
1954,3221001,417865.0,3385495.0,8,140,3,0,2585.0,9.2,525,0,5,417080,3389355,511,0,6,-86.0,533,-785.0,3860.0,3939.0132012980102,-14,141.49535506136414,-22,3,3,0.3200024925993849
1955,3221001,417865.0,3385495.0,8,140,3,0,2585.0,9.2,525,0,5,417085,3389360,511,0,6,-86.0,533,-780.0,3865.0,3942.920871638182,-14,141.4096763316257,-22,3,3,0.3196853575808171
1956,3221001,417865.0,3385495.0,8,140,3,0,2585.0,9.2,525,0,5,417920,3385625,525,0,10,-103.0,533,55.0,130.0,141.15594213493105,0,107.06789956241022,-8,3,3,3.2437629509443155
1957,3221001,417865.0,3385495.0,8,140,3,0,2585.0,9.2,525,0,5,417930,3385635,524,0,10,-91.0,533,65.0,140.0,154.35349040433132,-1,105.09523119190482,-9,3,3,3.33700794563539
1958,3221001,417865.0,3385495.0,8,140,3,0,2585.0,9.2,525,0,5,417045,3389345,512,0,6,-81.5,533,-820.0,3850.0,3936.356183070836,-13,142.02359486083736,-21,3,3,0.3056633849058282
1959,3221001,417865.0,3385495.0,8,140,3,0,2585.0,9.2,525,0,5,417095,3389315,512,0,5,-88.5,533,-770.0,3820.0,3896.8320466758637,-13,141.39643836628568,-21,3,3,0.30876355664831084
1960,3221001,417865.0,3385495.0,8,140,3,0,2585.0,9.2,525,0,5,417050,3389360,511,0,6,-75.0,533,-815.0,3865.0,3949.9936708810055,-14,141.90733454314312,-22,3,3,0.3191129456372402
1961,3221001,417865.0,3385495.0,8,140,3,0,2585.0,9.2,525,0,5,417065,3389325,512,0,6,-92.4,533,-800.0,3830.0,3912.6589424584404,-13,141.79815536984574,-21,3,3,0.3075146170734213
1962,3221001,417865.0,3385495.0,8,140,3,0,2585.0,9.2,525,0,5,417090,3389320,512,0,5,-87.33,533,-775.0,3825.0,3902.72340808313,-13,141.45389141609223,-21,3,3,0.3082974712064499
1963,3221001,417865.0,3385495.0,8,140,3,0,2585.0,9.2,525,0,5,417070,3389340,512,0,6,-90.5,533,-795.0,3845.0,3926.327800884689,-13,141.6819777612235,-21,3,3,0.30644407643666594
1964,3221001,417865.0,3385495.0,8,140,3,0,2585.0,9.2,525,0,5,417060,3389330,512,0,6,-86.0,533,-805.0,3835.0,3918.5775480395946,-13,141.854770811167,-21,3,3,0.3070501569898125
1965,3221001,417865.0,3385495.0,8,140,3,0,2585.0,9.2,525,0,5,417055,3389355,511,0,6,-78.5,533,-810.0,3860.0,3944.0715003660875,-14,141.85124894366857,-22,3,3,0.3195920957001901
1966,3221001,417865.0,3385495.0,8,140,3,0,2585.0,9.2,525,0,5,417925,3385355,520,0,6,-96.0,533,60.0,-140.0,152.31546211727817,-5,-26.801409486351815,-13,3,3,4.878325440135016
1967,3221001,417865.0,3385495.0,8,140,3,0,2585.0,9.2,525,0,5,417940,3385340,519,0,5,-84.5,533,75.0,-155.0,172.19175357722565,-6,-24.179008025810717,-14,3,3,4.648192311651104
1968,3221001,417865.0,3385495.0,8,140,3,0,2585.0,9.2,525,0,5,417930,3385350,519,0,5,-98.0,533,65.0,-145.0,158.90248582070703,-6,-25.854458039578347,-14,3,3,5.035006317063942
1969,3221001,417865.0,3385495.0,8,140,3,0,2585.0,9.2,525,0,5,418005,3385435,521,0,5,-96.0,533,140.0,-60.0,152.31546211727817,-4,16.801409486351815,-12,3,3,4.5046780082949835
1970,3221001,417865.0,3385495.0,8,140,3,0,2585.0,9.2,525,0,5,418000,3385440,521,0,5,-101.0,533,135.0,-55.0,145.7737973711325,-4,17.833654177917538,-12,3,3,4.705938913540255
1971,3221001,417865.0,3385495.0,8,140,3,0,2585.0,9.2,525,0,5,417935,3385345,519,0,5,-94.0,533,70.0,-150.0,165.5294535724685,-6,-24.983106521899984,-14,3,3,4.834405091024636
1972,3221001,417865.0,3385495.0,8,140,3,0,2585.0,9.2,525,0,5,417715,3385140,517,0,5,-109.33,533,-150.0,-355.0,385.3894134508627,-8,-72.9057696584172,-16,3,3,2.3773520655771865
1973,3221001,417865.0,3385495.0,8,140,3,0,2585.0,9.2,525,0,5,417725,3385190,517,0,5,-102.67,533,-140.0,-305.0,335.5964838909967,-8,-74.65589874408161,-16,3,3,2.7295841140812294
1974,3221001,417865.0,3385495.0,8,140,3,0,2585.0,9.2,525,0,5,417730,3385195,517,0,5,-111.0,533,-135.0,-300.0,328.97568299191965,-8,-74.22774531795417,-16,3,3,2.784432764415047
1975,3221001,417865.0,3385495.0,8,140,3,0,2585.0,9.2,525,0,5,417790,3385565,530,5,14,-104.4,533,-75.0,70.0,102.59142264341595,5,176.97493401088195,-3,3,3,1.6749779388722452
1976,3221001,417865.0,3385495.0,8,140,3,0,2585.0,9.2,525,0,5,417785,3385580,531,0,5,-89.5,533,-80.0,85.0,116.72617529928752,6,173.26429541107166,-2,3,3,0.9816165641886068
1977,3221001,417865.0,3385495.0,8,140,3,0,2585.0,9.2,525,0,5,417855,3385510,526,0,5,-82.22,533,-10.0,15.0,18.027756377319946,1,163.69006752597977,-7,3,3,21.22070022359343
1978,3221001,417865.0,3385495.0,8,140,3,0,2585.0,9.2,525,0,5,417805,3385560,530,5,14,-102.25,533,-60.0,65.0,88.45903006477066,5,172.7093899573615,-3,3,3,1.942384904670804
1979,3221001,417865.0,3385495.0,8,140,3,0,2585.0,9.2,525,0,5,417865,3385500,526,0,5,-79.08,533,0.0,5.0,5.0,1,130.0,-7,3,3,54.46232220802562
1980,3221001,417865.0,3385495.0,8,140,3,0,2585.0,9.2,525,0,5,417840,3385515,527,0,10,-86.14,533,-25.0,20.0,32.01562118716424,2,181.34019174590992,-6,3,3,10.614591467407537
1981,3221001,417865.0,3385495.0,8,140,3,0,2585.0,9.2,525,0,5,417800,3385555,530,5,14,-92.8,533,-65.0,60.0,88.45903006477066,5,177.29061004263855,-3,3,3,1.942384904670804
1982,3221001,417865.0,3385495.0,8,140,3,0,2585.0,9.2,525,0,5,417860,3385495,526,0,10,-74.79,533,-5.0,0.0,5.0,1,220.0,-7,3,3,54.46232220802562
1983,3221001,417865.0,3385495.0,8,140,3,0,2585.0,9.2,525,0,5,417830,3385525,528,0,10,-90.38,533,-35.0,30.0,46.09772228646444,3,179.3987053549955,-5,3,3,6.190399458571856
1984,3221001,417865.0,3385495.0,8,140,3,0,2585.0,9.2,525,0,5,417870,3385485,525,0,10,-76.92,533,5.0,-10.0,11.180339887498949,0,-23.43494882292201,-8,3,3,35.585302455842225
1985,3221001,417865.0,3385495.0,8,140,3,0,2585.0,9.2,525,0,5,417875,3385490,525,0,5,-75.79,533,10.0,-5.0,11.180339887498949,0,13.434948822922024,-8,3,3,35.585302455842225
1986,3221001,417865.0,3385495.0,8,140,3,0,2585.0,9.2,525,0,5,417915,3385450,523,0,5,-91.21,533,50.0,-45.0,67.26812023536856,-2,-1.9872124958166637,-10,3,3,8.455598371470435
1987,3221001,417865.0,3385495.0,8,140,3,0,2585.0,9.2,525,0,5,417825,3385540,528,5,5,-96.94,533,-40.0,45.0,60.207972893961475,3,171.63353933657015,-5,3,3,4.7472622548526
1988,3221001,417865.0,3385495.0,8,140,3,0,2585.0,9.2,525,0,5,417815,3385550,529,5,5,-99.36,533,-50.0,55.0,74.33034373659252,4,172.27368900609372,-4,3,3,3.0803337853781554
1989,3221001,417865.0,3385495.0,8,140,3,0,2585.0,9.2,525,0,5,417770,3385585,532,0,5,-112.5,533,-95.0,90.0,130.86252328302402,7,176.548157698978,-1,3,3,0.437823319224282
1990,3221001,417865.0,3385495.0,8,140,3,0,2585.0,9.2,525,0,5,417835,3385530,528,5,5,-95.26,533,-30.0,35.0,46.09772228646444,3,170.6012946450045,-5,3,3,6.190399458571856
1991,3221001,417865.0,3385495.0,8,140,3,0,2585.0,9.2,525,0,5,417885,3385480,524,0,5,-82.14,533,20.0,-15.0,25.0,-1,3.13010235415598,-9,3,3,19.798876354524932
1992,3221001,417865.0,3385495.0,8,140,3,0,2585.0,9.2,525,0,5,417900,3385455,524,0,10,-83.02,533,35.0,-40.0,53.150729063673246,-1,-8.814074834290352,-9,3,3,9.610717701689179
1993,3221001,417865.0,3385495.0,8,140,3,0,2585.0,9.2,525,0,5,417810,3385545,529,5,5,-99.29,533,-55.0,50.0,74.33034373659252,4,177.72631099390628,-4,3,3,3.0803337853781554
1994,3221001,417865.0,3385495.0,8,140,3,0,2585.0,9.2,525,0,5,417890,3385465,524,0,10,-85.78,533,25.0,-30.0,39.05124837953327,-1,-10.194428907734817,-9,3,3,12.978141191171733
1995,3221001,417865.0,3385495.0,8,140,3,0,2585.0,9.2,525,0,5,417895,3385470,524,0,5,-85.77,533,30.0,-25.0,39.05124837953327,-1,0.19442890773481736,-9,3,3,12.978141191171733
1996,3221001,417865.0,3385495.0,8,140,3,0,2585.0,9.2,525,0,5,417880,3385475,524,0,5,-79.35,533,15.0,-20.0,25.0,-1,-13.13010235415598,-9,3,3,19.798876354524932
1997,3221001,417865.0,3385495.0,8,140,3,0,2585.0,9.2,525,0,5,417910,3385445,523,0,10,-89.18,533,45.0,-50.0,67.26812023536856,-2,-8.012787504183336,-10,3,3,8.455598371470435
1998,3221001,417865.0,3385495.0,8,140,3,0,2585.0,9.2,525,0,5,417905,3385460,524,0,5,-88.12,533,40.0,-35.0,53.150729063673246,-1,-1.185925165709648,-9,3,3,9.610717701689179
1999,3221001,417865.0,3385495.0,8,140,3,0,2585.0,9.2,525,0,5,417820,3385535,528,5,5,-91.14,533,-45.0,40.0,60.207972893961475,3,178.3664606634298,-5,3,3,4.7472622548526
2000,3221001,417865.0,3385495.0,8,140,3,0,2585.0,9.2,525,0,5,417775,3385590,532,0,5,-96.5,533,-90.0,95.0,130.86252328302402,7,173.45184230102205,-1,3,3,0.437823319224282
2001,3221001,417865.0,3385495.0,8,140,3,0,2585.0,9.2,525,0,5,417850,3385505,526,0,10,-79.32,533,-15.0,10.0,18.027756377319946,1,186.30993247402023,-7,3,3,21.22070022359343
2002,3221001,417865.0,3385495.0,8,140,3,0,2585.0,9.2,525,0,5,417845,3385520,527,0,5,-79.9,533,-20.0,25.0,32.01562118716424,2,168.65980825409008,-6,3,3,10.614591467407537
2003,3221001,417865.0,3385495.0,8,140,3,0,2585.0,9.2,525,0,5,417780,3385575,531,0,5,-95.5,533,-85.0,80.0,116.72617529928752,6,176.7357045889284,-2,3,3,0.9816165641886068
2004,3221001,417865.0,3385495.0,8,140,3,0,2585.0,9.2,525,0,5,417880,3385535,526,0,5,-77.0,533,15.0,40.0,42.720018726587654,1,109.44395478041653,-7,3,3,9.305653843358328
2005,3221001,417865.0,3385495.0,8,140,3,0,2585.0,9.2,525,0,5,417910,3385545,526,99,5,-102.0,533,45.0,50.0,67.26812023536856,1,88.01278750418334,-7,3,3,5.940883952101527
2006,3221001,417865.0,3385495.0,8,140,3,0,2585.0,9.2,525,0,5,417890,3385525,526,99,5,-86.0,533,25.0,30.0,39.05124837953327,1,90.19442890773482,-7,3,3,10.16243563452379
2007,3221001,417865.0,3385495.0,8,140,3,0,2585.0,9.2,525,0,5,417875,3385590,527,5,5,-109.5,533,10.0,95.0,95.524865872714,2,123.99099404250546,-6,3,3,3.594076305003113
2008,3221001,417865.0,3385495.0,8,140,3,0,2585.0,9.2,525,0,5,417800,3385455,526,0,10,-84.5,533,-65.0,-40.0,76.32168761236873,1,-108.39249775375112,-7,3,3,5.240338722538295
2009,3221001,417865.0,3385495.0,8,140,3,0,2585.0,9.2,525,0,5,417835,3385470,526,0,5,-85.33,533,-30.0,-25.0,39.05124837953327,1,-100.19442890773482,-7,3,3,10.16243563452379
2010,3221001,417865.0,3385495.0,8,140,3,0,2585.0,9.2,525,0,5,417785,3385520,529,0,5,-100.67,533,-80.0,25.0,83.81527307120105,4,202.64597536373867,-4,3,3,2.732310624848157
2011,3221001,417865.0,3385495.0,8,140,3,0,2585.0,9.2,525,0,5,417855,3385570,528,5,5,-100.67,533,-10.0,75.0,75.66372975210778,3,137.59464336859145,-5,3,3,3.78071485282813
2012,3221001,417865.0,3385495.0,8,140,3,0,2585.0,9.2,525,0,5,417845,3385580,528,0,5,-107.5,533,-20.0,85.0,87.32124598286491,3,143.24051991518718,-5,3,3,3.2771683126184037
2013,3221001,417865.0,3385495.0,8,140,3,0,2585.0,9.2,525,0,5,417850,3385565,528,5,5,-105.92,533,-15.0,70.0,71.58910531638176,3,142.0947570770121,-5,3,3,3.99522295462384
2014,3221001,417865.0,3385495.0,8,140,3,0,2585.0,9.2,525,0,5,417840,3385575,528,5,5,-108.57,533,-25.0,80.0,83.81527307120105,3,147.35402463626133,-5,3,3,3.4139337407573396
2015,3221001,417865.0,3385495.0,8,140,3,0,2585.0,9.2,525,0,5,417860,3385595,528,0,5,-116.67,533,-5.0,100.0,100.12492197250393,3,132.86240522611172,-5,3,3,2.8588398426259967
2016,3221001,417865.0,3385495.0,8,140,3,0,2585.0,9.2,525,0,5,417795,3385510,528,5,5,-96.67,533,-70.0,15.0,71.58910531638176,3,207.9052429229879,-5,3,3,3.99522295462384
2017,3221001,417865.0,3385495.0,8,140,3,0,2585.0,9.2,525,0,5,417895,3385530,526,99,5,-78.17,533,30.0,35.0,46.09772228646444,1,89.39870535499554,-7,3,3,8.634476058451307
2018,3221001,417865.0,3385495.0,8,140,3,0,2585.0,9.2,525,0,5,417905,3385560,526,0,5,-107.5,533,40.0,65.0,76.32168761236873,1,98.39249775375112,-7,3,3,5.240338722538295
2019,3221001,417865.0,3385495.0,8,140,3,0,2585.0,9.2,525,0,5,417865,3385600,528,0,5,-114.67,533,0.0,105.0,105.0,3,130.0,-5,3,3,2.7263109939062655
2020,3221001,417865.0,3385495.0,8,140,3,0,2585.0,9.2,525,0,5,417830,3385465,526,93,5,-92.67,533,-35.0,-30.0,46.09772228646444,1,-99.39870535499554,-7,3,3,8.634476058451307
2021,3221001,417865.0,3385495.0,8,140,3,0,2585.0,9.2,525,0,5,417825,3385480,526,0,5,-100.17,533,-40.0,-15.0,42.720018726587654,1,-119.44395478041653,-7,3,3,9.305653843358328
2022,3221001,417865.0,3385495.0,8,140,3,0,2585.0,9.2,525,0,5,417185,3389645,495,0,6,-92.0,533,-680.0,4150.0,4205.341841039798,-30,139.30553195960613,-38,3,3,0.5177178094780429
2023,3221001,417865.0,3385495.0,8,140,3,0,2585.0,9.2,525,0,5,417145,3389605,494,0,6,-94.0,533,-720.0,4110.0,4172.589124272842,-31,139.93638994342837,-39,3,3,0.5355117092528084
2024,3221001,417865.0,3385495.0,8,140,3,0,2585.0,9.2,525,0,5,417730,3385190,517,0,5,-104.5,533,-135.0,-305.0,333.54160160315837,-8,-73.87528085392752,-16,3,3,2.7463748614570935
2025,3221001,417865.0,3385495.0,8,140,3,0,2585.0,9.2,525,0,5,417740,3385180,517,0,5,-97.0,533,-125.0,-315.0,338.89526405661087,-8,-71.64443514071401,-16,3,3,2.703054153783202
2026,3221001,417865.0,3385495.0,8,140,3,0,2585.0,9.2,525,0,5,417840,3385625,529,0,14,-104.5,533,-25.0,130.0,132.38202294873727,4,140.88552705465872,-4,3,3,1.730698810042027
2027,3221001,417865.0,3385495.0,8,140,3,0,2585.0,9.2,525,0,5,417860,3385605,528,0,5,-103.0,533,-5.0,110.0,110.11357772772621,3,132.60256220249983,-5,3,3,2.5998814495033926
2028,3221001,417865.0,3385495.0,8,140,3,0,2585.0,9.2,525,0,5,417765,3385710,532,111,5,-111.0,533,-100.0,215.0,237.11811402758752,7,154.9439052634246,-1,3,3,0.24163248796979842
2029,3221001,417865.0,3385495.0,8,140,3,0,2585.0,9.2,525,0,5,417865,3385610,528,0,5,-116.33,533,0.0,115.0,115.0,3,130.0,-5,3,3,2.489552921999156
2030,3221001,417865.0,3385495.0,8,140,3,0,2585.0,9.2,525,0,5,417155,3389480,501,0,5,-86.33,533,-710.0,3985.0,4047.7555509195463,-24,140.10227688473174,-32,3,3,0.4529489803320112
2031,3221001,417865.0,3385495.0,8,140,3,0,2585.0,9.2,525,0,5,417135,3389460,502,0,6,-88.13,533,-730.0,3965.0,4031.640484963906,-23,140.43195836119622,-31,3,3,0.44054874643539516
2032,3221001,417865.0,3385495.0,8,140,3,0,2585.0,9.2,525,0,5,417175,3389500,500,0,5,-87.33,533,-690.0,4005.0,4064.0035679118196,-25,139.77522080589324,-33,3,3,0.46523560766037697
2033,3221001,417865.0,3385495.0,8,140,3,0,2585.0,9.2,525,0,5,417150,3389475,501,0,5,-86.8,533,-715.0,3980.0,4043.714257956415,-24,140.1844507367939,-32,3,3,0.4534016392071382
2034,3221001,417865.0,3385495.0,8,140,3,0,2585.0,9.2,525,0,5,417210,3389535,498,0,12,-85.0,533,-655.0,4040.0,4092.7527411266856,-27,139.2091591338845,-35,3,3,0.4899644633008951
2035,3221001,417865.0,3385495.0,8,140,3,0,2585.0,9.2,525,0,5,417240,3389565,497,0,12,-93.25,533,-625.0,4070.0,4117.708707521697,-28,138.73029378636022,-36,3,3,0.5009085533656364
2036,3221001,417865.0,3385495.0,8,140,3,0,2585.0,9.2,525,0,5,417140,3389465,502,0,6,-91.33,533,-725.0,3970.0,4035.65669996842,-23,140.34929132427874,-31,3,3,0.44011033727792137
2037,3221001,417865.0,3385495.0,8,140,3,0,2585.0,9.2,525,0,5,417200,3389525,499,0,12,-90.33,533,-665.0,4030.0,4084.49813318601,-26,139.3700771204687,-34,3,3,0.476927996331755
2038,3221001,417865.0,3385495.0,8,140,3,0,2585.0,9.2,525,0,5,417195,3389520,499,0,12,-88.25,533,-670.0,4025.0,4080.382947714589,-26,139.4507799480059,-34,3,3,0.4774089699049589
2039,3221001,417865.0,3385495.0,8,140,3,0,2585.0,9.2,525,0,5,417190,3389515,499,0,12,-86.2,533,-675.0,4020.0,4076.2758738829243,-26,139.5316455613886,-34,3,3,0.47788996360058195
2040,3221001,417865.0,3385495.0,8,140,3,0,2585.0,9.2,525,0,5,417130,3389455,503,0,6,-94.5,533,-735.0,3960.0,4027.6326793787935,-22,140.51479009100422,-30,3,3,0.4267622534418447
2041,3221001,417865.0,3385495.0,8,140,3,0,2585.0,9.2,525,0,5,417145,3389470,502,0,5,-86.75,533,-720.0,3975.0,4039.6812993106278,-23,140.2667888327071,-31,3,3,0.4396718872929938
2042,3221001,417865.0,3385495.0,8,140,3,0,2585.0,9.2,525,0,5,417235,3389560,497,0,12,-92.5,533,-630.0,4065.0,4113.5295063971525,-28,138.8097006667981,-36,3,3,0.5014174328468223
2043,3221001,417865.0,3385495.0,8,140,3,0,2585.0,9.2,525,0,5,417120,3389445,504,0,6,-88.17,533,-745.0,3950.0,4019.642397029865,-21,140.68094820862206,-29,3,3,0.413357362238913
2044,3221001,417865.0,3385495.0,8,140,3,0,2585.0,9.2,525,0,5,417225,3389550,498,0,12,-83.5,533,-640.0,4055.0,4105.1948796616225,-27,138.96899869243475,-35,3,3,0.4884795374788683
2045,3221001,417865.0,3385495.0,8,140,3,0,2585.0,9.2,525,0,5,417205,3389530,499,0,12,-87.67,533,-660.0,4035.0,4088.621405804162,-26,139.28953690698518,-34,3,3,0.47644704853681424
2046,3221001,417865.0,3385495.0,8,140,3,0,2585.0,9.2,525,0,5,417170,3389495,500,0,5,-94.0,533,-695.0,4000.0,4059.929186574564,-25,139.85673924224534,-33,3,3,0.4657024788167013
2047,3221001,417865.0,3385495.0,8,140,3,0,2585.0,9.2,525,0,5,417125,3389450,503,0,6,-92.25,533,-740.0,3955.0,4023.633308342101,-22,140.59778665908232,-30,3,3,0.42718642663185025
2048,3221001,417865.0,3385495.0,8,140,3,0,2585.0,9.2,525,0,5,417185,3389510,499,0,12,-87.5,533,-680.0,4015.0,4072.1769362344758,-26,139.61267413050825,-34,3,3,0.478370971722206
2049,3221001,417865.0,3385495.0,8,140,3,0,2585.0,9.2,525,0,5,417165,3389490,500,0,5,-84.5,533,-700.0,3995.0,4055.863040093933,-25,139.93842129446455,-33,3,3,0.4661693414673931
2050,3221001,417865.0,3385495.0,8,140,3,0,2585.0,9.2,525,0,5,417160,3389485,501,0,5,-82.5,533,-705.0,3990.0,4051.8051532619384,-24,140.02026712261545,-32,3,3,0.4524962964355986
2051,3221001,417865.0,3385495.0,8,140,3,0,2585.0,9.2,525,0,5,417710,3385220,517,0,5,-111.5,533,-155.0,-275.0,315.67388235329196,-8,-79.40718906073367,-16,3,3,2.901566158191305
2052,3221001,417865.0,3385495.0,8,140,3,0,2585.0,9.2,525,0,5,417930,3385355,520,93,6,-94.0,533,65.0,-140.0,154.35349040433132,-5,-25.095231191904816,-13,3,3,4.814218523158742
2053,3221001,417865.0,3385495.0,8,140,3,0,2585.0,9.2,525,0,5,417925,3385350,519,0,6,-92.0,533,60.0,-145.0,156.92354826475216,-6,-27.520565602896895,-14,3,3,5.098169418689004
2054,3221001,417865.0,3385495.0,8,140,3,0,2585.0,9.2,525,0,5,418020,3385405,519,0,5,-85.5,533,155.0,-90.0,179.2344832893492,-6,9.858614447924651,-14,3,3,4.466303093207646
2055,3221001,417865.0,3385495.0,8,140,3,0,2585.0,9.2,525,0,5,418010,3385435,521,0,5,-100.0,533,145.0,-60.0,156.92354826475216,-4,17.52056560289688,-12,3,3,4.372918193121906
2056,3221001,417865.0,3385495.0,8,140,3,0,2585.0,9.2,525,0,5,418000,3385425,521,0,5,-98.75,533,135.0,-70.0,152.0690632574555,-4,12.592424562181606,-12,3,3,4.511946864480255
2057,3221001,417865.0,3385495.0,8,140,3,0,2585.0,9.2,525,0,5,418015,3385440,521,0,5,-99.0,533,150.0,-55.0,159.76545308670458,-4,19.86369657175186,-12,3,3,4.295426557405703
2058,3221001,417865.0,3385495.0,8,140,3,0,2585.0,9.2,525,0,5,417935,3385360,520,93,5,-90.0,533,70.0,-135.0,152.0690632574555,-5,-22.59242456218159,-13,3,3,4.88619159658935
2059,3221001,417865.0,3385495.0,8,140,3,0,2585.0,9.2,525,0,5,416880,3389425,503,0,5,-82.5,533,-985.0,3930.0,4051.5583421690967,-22,144.07054204480113,-30,3,3,0.4242421871855316
2060,3221001,417865.0,3385495.0,8,140,3,0,2585.0,9.2,525,0,5,417140,3389380,508,0,6,-80.33,533,-725.0,3885.0,3952.0690783436467,-17,140.57067311861238,-25,3,3,0.3624368283493563
2061,3221001,417865.0,3385495.0,8,140,3,0,2585.0,9.2,525,0,5,417135,3389385,508,0,6,-83.5,533,-730.0,3890.0,3957.90348543266,-17,140.62854799368625,-25,3,3,0.3619025688042707
2062,3221001,417865.0,3385495.0,8,140,3,0,2585.0,9.2,525,0,5,417260,3389710,500,0,5,-100.0,533,-605.0,4215.0,4258.19797566999,-25,138.16815999021492,-33,3,3,0.4440194852062231
2063,3221001,417865.0,3385495.0,8,140,3,0,2585.0,9.2,525,0,5,417195,3389635,495,0,6,-86.5,533,-670.0,4140.0,4193.8645662443605,-30,139.1928026929856,-38,3,3,0.5191345611917813
2064,3221001,417865.0,3385495.0,8,140,3,0,2585.0,9.2,525,0,5,417190,3389640,495,0,6,-90.0,533,-675.0,4145.0,4199.601171539984,-30,139.24924434697647,-38,3,3,0.5184254682806446
2065,3221001,417865.0,3385495.0,8,140,3,0,2585.0,9.2,525,0,5,417165,3389605,494,0,6,-94.67,533,-700.0,4110.0,4169.184572551328,-31,139.66565811132654,-39,3,3,0.5359489820515316
2066,3221001,417865.0,3385495.0,8,140,3,0,2585.0,9.2,525,0,5,417180,3389630,494,0,6,-91.5,533,-685.0,4135.0,4191.354196438187,-31,139.4061388768343,-39,3,3,0.5331143135399309
2067,3221001,417865.0,3385495.0,8,140,3,0,2585.0,9.2,525,0,5,417675,3385200,518,0,5,-112.0,533,-190.0,-295.0,350.891721190455,-7,-82.78428086586914,-15,3,3,2.447802838731534
2068,3221001,417865.0,3385495.0,8,140,3,0,2585.0,9.2,525,0,5,417845,3385605,529,0,14,-103.0,533,-20.0,110.0,111.80339887498948,4,140.30484646876602,-4,3,3,2.0490021823180093
2069,3221001,417865.0,3385495.0,8,140,3,0,2585.0,9.2,525,0,5,417795,3385535,529,0,5,-95.2,533,-70.0,40.0,80.62257748298549,4,190.25511870305775,-4,3,3,2.8403377163007497
2070,3221001,417865.0,3385495.0,8,140,3,0,2585.0,9.2,525,0,5,417785,3385525,529,0,5,-103.25,533,-80.0,30.0,85.44003745317531,4,199.44395478041656,-4,3,3,2.680428344936631
2071,3221001,417865.0,3385495.0,8,140,3,0,2585.0,9.2,525,0,5,417885,3385505,525,99,6,-79.47,533,20.0,10.0,22.360679774997898,0,66.56505117707798,-8,3,3,19.685730102414364
2072,3221001,417865.0,3385495.0,8,140,3,0,2585.0,9.2,525,0,5,417800,3385590,531,0,6,-114.33,533,-65.0,95.0,115.10864433221339,6,164.38034472384487,-2,3,3,0.9954076911690141
2073,3221001,417865.0,3385495.0,8,140,3,0,2585.0,9.2,525,0,5,417910,3385500,525,0,6,-92.57,533,45.0,5.0,45.27692569068709,0,46.34019174590992,-8,3,3,10.020195581850166
2074,3221001,417865.0,3385495.0,8,140,3,0,2585.0,9.2,525,0,5,417865,3385445,524,0,5,-98.53,533,0.0,-50.0,50.0,-1,-50.0,-9,3,3,10.203973721731684
2075,3221001,417865.0,3385495.0,8,140,3,0,2585.0,9.2,525,0,5,417870,3385460,524,0,5,-81.0,533,5.0,-35.0,35.35533905932738,-1,-41.869897645844034,-9,3,3,14.28179453796326
2076,3221001,417865.0,3385495.0,8,140,3,0,2585.0,9.2,525,0,5,417815,3385595,530,5,14,-94.33,533,-50.0,100.0,111.80339887498948,5,156.56505117707798,-3,3,3,1.5370382753950322
2077,3221001,417865.0,3385495.0,8,140,3,0,2585.0,9.2,525,0,5,417835,3385575,529,5,5,-105.59,533,-30.0,80.0,85.44003745317531,4,150.55604521958344,-4,3,3,2.680428344936631
2078,3221001,417865.0,3385495.0,8,140,3,0,2585.0,9.2,525,0,5,417825,3385565,529,5,6,-109.8,533,-40.0,70.0,80.62257748298549,4,159.74488129694225,-4,3,3,2.8403377163007497
2079,3221001,417865.0,3385495.0,8,140,3,0,2585.0,9.2,525,0,5,417855,3385475,525,0,10,-75.63,533,-10.0,-20.0,22.360679774997898,0,-76.56505117707799,-8,3,3,19.685730102414364
2080,3221001,417865.0,3385495.0,8,140,3,0,2585.0,9.2,525,0,5,417875,3385455,524,0,5,-80.53,533,10.0,-40.0,41.23105625617661,-1,-35.96375653207353,-9,3,3,12.313498291821032
2081,3221001,417865.0,3385495.0,8,140,3,0,2585.0,9.2,525,0,5,417805,3385585,530,5,6,-105.0,533,-60.0,90.0,108.16653826391968,5,163.69006752597977,-3,3,3,1.5886917336111674
2082,3221001,417865.0,3385495.0,8,140,3,0,2585.0,9.2,525,0,5,417820,3385570,529,5,6,-113.04,533,-45.0,75.0,87.46427842267951,4,160.9637565320735,-4,3,3,2.6184808622492843
2083,3221001,417865.0,3385495.0,8,140,3,0,2585.0,9.2,525,0,5,417840,3385470,525,0,5,-75.5,533,-25.0,-25.0,35.35533905932738,0,-95.0,-8,3,3,12.749851295121235
2084,3221001,417865.0,3385495.0,8,140,3,0,2585.0,9.2,525,0,5,417880,3385510,525,99,6,-75.5,533,15.0,15.0,21.213203435596427,0,85.0,-8,3,3,20.66264400478191
2085,3221001,417865.0,3385495.0,8,140,3,0,2585.0,9.2,525,0,5,417780,3385530,529,0,5,-109.5,533,-85.0,35.0,91.92388155425118,4,197.61986494804046,-4,3,3,2.491611823060782
2086,3221001,417865.0,3385495.0,8,140,3,0,2585.0,9.2,525,0,5,417895,3385515,526,99,6,-87.27,533,30.0,20.0,36.05551275463989,1,73.69006752597977,-7,3,3,10.987011860880278
2087,3221001,417865.0,3385495.0,8,140,3,0,2585.0,9.2,525,0,5,417775,3385555,530,0,5,-102.57,533,-90.0,60.0,108.16653826391968,5,186.30993247402023,-3,3,3,1.5886917336111674
2088,3221001,417865.0,3385495.0,8,140,3,0,2585.0,9.2,525,0,5,417915,3385495,525,0,6,-84.29,533,50.0,0.0,50.0,0,40.0,-8,3,3,9.090276920822323
2089,3221001,417865.0,3385495.0,8,140,3,0,2585.0,9.2,525,0,5,417860,3385450,524,0,5,-77.0,533,-5.0,-45.0,45.27692569068709,-1,-56.340191745909905,-9,3,3,11.242525073210018
2090,3221001,417865.0,3385495.0,8,140,3,0,2585.0,9.2,525,0,5,417900,3385490,525,0,6,-90.65,533,35.0,-5.0,35.35533905932738,0,31.86989764584402,-8,3,3,12.749851295121235
2091,3221001,417865.0,3385495.0,8,140,3,0,2585.0,9.2,525,0,5,417830,3385580,529,5,5,-105.56,533,-35.0,85.0,91.92388155425118,4,152.3801350519596,-4,3,3,2.491611823060782
2092,3221001,417865.0,3385495.0,8,140,3,0,2585.0,9.2,525,0,5,417890,3385520,526,99,6,-79.22,533,25.0,25.0,35.35533905932738,1,85.0,-7,3,3,11.199149096448238
2093,3221001,417865.0,3385495.0,8,140,3,0,2585.0,9.2,525,0,5,417790,3385540,530,0,5,-94.82,533,-75.0,45.0,87.46427842267951,5,189.0362434679265,-3,3,3,1.9644588897287387
2094,3221001,417865.0,3385495.0,8,140,3,0,2585.0,9.2,525,0,5,417850,3385480,525,0,10,-76.85,533,-15.0,-15.0,21.213203435596427,0,-95.0,-8,3,3,20.66264400478191
2095,3221001,417865.0,3385495.0,8,140,3,0,2585.0,9.2,525,0,5,417845,3385465,525,0,5,-82.82,533,-20.0,-30.0,36.05551275463989,0,-83.69006752597979,-8,3,3,12.510125476930867
2096,3221001,417865.0,3385495.0,8,140,3,0,2585.0,9.2,525,0,5,417905,3385485,525,0,6,-87.14,533,40.0,-10.0,41.23105625617661,0,25.963756532073518,-8,3,3,10.980575427612159
2097,3221001,417865.0,3385495.0,8,140,3,0,2585.0,9.2,525,0,5,417995,3385630,523,0,5,-108.0,533,130.0,135.0,187.41664813991312,-2,86.0809241866607,-10,3,3,3.0542376866338494
2098,3221001,417865.0,3385495.0,8,140,3,0,2585.0,9.2,525,0,5,417275,3389795,504,0,6,-102.5,533,-590.0,4300.0,4340.288008876831,-21,137.8127291740562,-29,3,3,0.38282088121628266
2099,3221001,417865.0,3385495.0,8,140,3,0,2585.0,9.2,525,0,5,417900,3385430,523,0,5,-81.0,533,35.0,-65.0,73.824115301167,-2,-21.699244233993625,-10,3,3,7.714166909160776
2100,3221001,417865.0,3385495.0,8,140,3,0,2585.0,9.2,525,0,5,417880,3385410,522,0,5,-86.33,533,15.0,-85.0,86.31338250816034,-3,-39.99202019855866,-11,3,3,7.262771024847368
2101,3221001,417865.0,3385495.0,8,140,3,0,2585.0,9.2,525,0,5,417870,3385400,522,0,5,-97.75,533,5.0,-95.0,95.13148795220224,-3,-46.987212495816664,-11,3,3,6.595786981229663
2102,3221001,417865.0,3385495.0,8,140,3,0,2585.0,9.2,525,0,5,417845,3385365,521,0,5,-112.33,533,-20.0,-130.0,131.52946437965906,-4,-58.74616226255522,-12,3,3,5.21290934281268
2103,3221001,417865.0,3385495.0,8,140,3,0,2585.0,9.2,525,0,5,417865,3385385,522,0,5,-102.67,533,0.0,-110.0,110.0,-3,-50.0,-11,3,3,5.710593137499642
2104,3221001,417865.0,3385495.0,8,140,3,0,2585.0,9.2,525,0,5,417905,3385425,522,0,5,-86.93,533,40.0,-70.0,80.62257748298549,-3,-20.255118703057775,-11,3,3,7.769360619770641
2105,3221001,417865.0,3385495.0,8,140,3,0,2585.0,9.2,525,0,5,417910,3385440,523,0,10,-93.15,533,45.0,-55.0,71.06335201775947,-2,-10.710593137499643,-10,3,3,8.010038745332457
2106,3221001,417865.0,3385495.0,8,140,3,0,2585.0,9.2,525,0,5,417750,3385600,533,0,5,-103.5,533,-115.0,105.0,155.72411502397438,8,177.60256220249983,0,3,3,0.0
2107,3221001,417865.0,3385495.0,8,140,3,0,2585.0,9.2,525,0,5,417840,3385370,522,0,5,-117.67,533,-25.0,-125.0,127.47548783981962,-3,-61.309932474020215,-11,3,3,4.931898795250205
2108,3221001,417865.0,3385495.0,8,140,3,0,2585.0,9.2,525,0,5,417915,3385435,523,0,10,-92.28,533,50.0,-60.0,78.10249675906654,-2,-10.194428907734817,-10,3,3,7.296275301016713
2109,3221001,417865.0,3385495.0,8,140,3,0,2585.0,9.2,525,0,5,417895,3385415,522,0,5,-89.46,533,30.0,-80.0,85.44003745317531,-3,-29.443954780416533,-11,3,3,7.33620439549738
2110,3221001,417865.0,3385495.0,8,140,3,0,2585.0,9.2,525,0,5,417850,3385380,522,0,5,-100.0,533,-15.0,-115.0,115.97413504743201,-3,-57.431407971172504,-11,3,3,5.418223047937448
2111,3221001,417865.0,3385495.0,8,140,3,0,2585.0,9.2,525,0,5,417855,3385375,521,0,5,-95.0,533,-10.0,-120.0,120.41594578792295,-4,-54.763641690726175,-12,3,3,5.69099707460626
2112,3221001,417865.0,3385495.0,8,140,3,0,2585.0,9.2,525,0,5,417885,3385405,522,93,5,-92.27,533,20.0,-90.0,92.19544457292888,-3,-37.47119229084849,-11,3,3,6.803896320851287
2113,3221001,417865.0,3385495.0,8,140,3,0,2585.0,9.2,525,0,5,417890,3385420,522,0,5,-88.29,533,25.0,-75.0,79.05694150420949,-3,-31.56505117707799,-11,3,3,7.921289740005819
2114,3221001,417865.0,3385495.0,8,140,3,0,2585.0,9.2,525,0,5,417835,3385355,521,0,10,-111.6,533,-30.0,-140.0,143.17821063276352,-4,-62.094757077012105,-12,3,3,4.790856308572945
2115,3221001,417865.0,3385495.0,8,140,3,0,2585.0,9.2,525,0,5,417830,3385360,521,0,10,-112.67,533,-35.0,-135.0,139.46325680981354,-4,-64.53445508054013,-12,3,3,4.91785497975493
2116,3221001,417865.0,3385495.0,8,140,3,0,2585.0,9.2,525,0,5,417875,3385395,522,0,5,-94.71,533,10.0,-100.0,100.4987562112089,-3,-44.28940686250037,-11,3,3,6.246392315319936
2117,3221001,417865.0,3385495.0,8,140,3,0,2585.0,9.2,525,0,5,417825,3385345,521,0,10,-113.4,533,-40.0,-150.0,155.24174696260025,-4,-64.93141717813755,-12,3,3,4.420105179057558
2118,3221001,417865.0,3385495.0,8,140,3,0,2585.0,9.2,525,0,5,417115,3389480,501,0,6,-86.0,533,-750.0,3985.0,4054.963008462593,-24,140.65871465622905,-32,3,3,0.4521439236927451
2119,3221001,417865.0,3385495.0,8,140,3,0,2585.0,9.2,525,0,5,417225,3389670,497,0,5,-98.0,533,-640.0,4175.0,4223.769051451559,-28,138.71522223522527,-36,3,3,0.48833117829617545
2120,3221001,417865.0,3385495.0,8,140,3,0,2585.0,9.2,525,0,5,417215,3389660,497,0,6,-94.8,533,-650.0,4165.0,4215.415163421036,-28,138.870167723934,-36,3,3,0.4892988803335839
2121,3221001,417865.0,3385495.0,8,140,3,0,2585.0,9.2,525,0,5,417230,3389675,498,0,5,-97.0,533,-635.0,4180.0,4227.957544725349,-27,138.63797938718045,-35,3,3,0.4742967391033662
2122,3221001,417865.0,3385495.0,8,140,3,0,2585.0,9.2,525,0,5,417220,3389665,497,0,6,-95.5,533,-645.0,4170.0,4219.588250054737,-28,138.79261828981794,-36,3,3,0.48881499722242816
2123,3221001,417865.0,3385495.0,8,140,3,0,2585.0,9.2,525,0,5,417875,3385400,522,0,5,-90.4,533,10.0,-95.0,95.524865872714,-3,-43.99099404250548,-11,3,3,6.568862953914157
2124,3221001,417865.0,3385495.0,8,140,3,0,2585.0,9.2,525,0,5,417860,3385385,522,0,5,-101.0,533,-5.0,-110.0,110.11357772772621,-3,-52.6025622024998,-11,3,3,5.704741761655314
2125,3221001,417865.0,3385495.0,8,140,3,0,2585.0,9.2,525,0,5,417880,3385405,522,0,5,-84.91,533,15.0,-90.0,91.2414379544733,-3,-40.53767779197439,-11,3,3,6.874359535673192
2126,3221001,417865.0,3385495.0,8,140,3,0,2585.0,9.2,525,0,5,417870,3385395,522,0,5,-97.0,533,5.0,-100.0,100.12492197250393,-3,-47.13759477388825,-11,3,3,6.269528954899443
2127,3221001,417865.0,3385495.0,8,140,3,0,2585.0,9.2,525,0,5,417905,3385430,523,0,5,-88.19,533,40.0,-65.0,76.32168761236873,-2,-18.3924977537511,-10,3,3,7.464620452525394
2128,3221001,417865.0,3385495.0,8,140,3,0,2585.0,9.2,525,0,5,417840,3385365,521,0,5,-109.5,533,-25.0,-130.0,132.38202294873727,-4,-60.88552705465874,-12,3,3,5.1795206741385815
2129,3221001,417865.0,3385495.0,8,140,3,0,2585.0,9.2,525,0,5,417835,3385360,521,0,5,-107.5,533,-30.0,-135.0,138.2931668593933,-4,-62.52880770915151,-12,3,3,4.959258000229006
2130,3221001,417865.0,3385495.0,8,140,3,0,2585.0,9.2,525,0,5,417915,3385440,523,0,10,-90.35,533,50.0,-55.0,74.33034373659252,-2,-7.7263109939062815,-10,3,3,7.662255660766065
2131,3221001,417865.0,3385495.0,8,140,3,0,2585.0,9.2,525,0,5,417910,3385435,523,0,10,-94.68,533,45.0,-60.0,75.0,-2,-13.13010235415598,-10,3,3,7.594643368591445
2132,3221001,417865.0,3385495.0,8,140,3,0,2585.0,9.2,525,0,5,417895,3385420,522,0,5,-93.22,533,30.0,-75.0,80.77747210701756,-3,-28.198590513648185,-11,3,3,7.754643944578626
2133,3221001,417865.0,3385495.0,8,140,3,0,2585.0,9.2,525,0,5,417900,3385425,522,0,5,-88.06,533,35.0,-70.0,78.26237921249263,-3,-23.43494882292201,-11,3,3,8.00067477023989
2134,3221001,417865.0,3385495.0,8,140,3,0,2585.0,9.2,525,0,5,417885,3385410,522,93,5,-83.06,533,20.0,-85.0,87.32124598286491,-3,-36.75948008481279,-11,3,3,7.179823810334801
2135,3221001,417865.0,3385495.0,8,140,3,0,2585.0,9.2,525,0,5,417890,3385415,522,0,5,-88.3,533,25.0,-80.0,83.81527307120105,-3,-32.64597536373867,-11,3,3,7.476823206593228
2136,3221001,417865.0,3385495.0,8,140,3,0,2585.0,9.2,525,0,5,417830,3385355,521,0,10,-113.0,533,-35.0,-140.0,144.30869689661813,-4,-64.03624346792648,-12,3,3,4.753498326106595
2137,3221001,417865.0,3385495.0,8,140,3,0,2585.0,9.2,525,0,5,416875,3389695,499,0,5,-98.0,533,-990.0,4200.0,4315.101389307092,-26,143.2633287434063,-34,3,3,0.45144158043481064
2138,3221001,417865.0,3385495.0,8,140,3,0,2585.0,9.2,525,0,5,417090,3389380,509,0,6,-86.5,533,-775.0,3885.0,3961.5464152272657,-16,141.28156822905362,-24,3,3,0.34710735189552383
2139,3221001,417865.0,3385495.0,8,140,3,0,2585.0,9.2,525,0,5,417110,3389400,507,0,6,-89.5,533,-755.0,3905.0,3977.316934819251,-18,140.9426568666821,-26,3,3,0.3745411976239123
2140,3221001,417865.0,3385495.0,8,140,3,0,2585.0,9.2,525,0,5,417100,3389390,508,0,6,-82.0,533,-765.0,3895.0,3969.41431448016,-17,141.11177592386844,-25,3,3,0.36085312222290233
2141,3221001,417865.0,3385495.0,8,140,3,0,2585.0,9.2,525,0,5,417085,3389365,510,0,6,-89.5,533,-780.0,3870.0,3947.822184445495,-15,141.39532105389287,-23,3,3,0.333801259988022
2142,3221001,417865.0,3385495.0,8,140,3,0,2585.0,9.2,525,0,5,417095,3389375,509,0,6,-82.0,533,-770.0,3880.0,3955.666821156706,-16,141.2247132316861,-24,3,3,0.34762327003894333
2143,3221001,417865.0,3385495.0,8,140,3,0,2585.0,9.2,525,0,5,417140,3389540,497,0,6,-85.5,533,-725.0,4045.0,4109.458601811192,-28,140.16143584989436,-36,3,3,0.5019141206957428
2144,3221001,417865.0,3385495.0,8,140,3,0,2585.0,9.2,525,0,5,417160,3389600,494,0,6,-89.5,533,-705.0,4105.0,4165.099038438342,-31,139.745010754495,-39,3,3,0.5364746622132895
2145,3221001,417865.0,3385495.0,8,140,3,0,2585.0,9.2,525,0,5,417145,3389535,498,0,6,-86.43,533,-720.0,4040.0,4103.656905736638,-27,140.10503636503796,-35,3,3,0.4886626016054858
2146,3221001,417865.0,3385495.0,8,140,3,0,2585.0,9.2,525,0,5,417155,3389525,498,0,6,-104.0,533,-710.0,4030.0,4092.0654931220247,-27,139.9917578937454,-35,3,3,0.49004674709627954
2147,3221001,417865.0,3385495.0,8,140,3,0,2585.0,9.2,525,0,5,417195,3389565,496,0,5,-90.0,533,-670.0,4070.0,4124.778781946979,-29,139.34814184998265,-37,3,3,0.5139395582183456
2148,3221001,417865.0,3385495.0,8,140,3,0,2585.0,9.2,525,0,5,417170,3389590,494,0,6,-93.8,533,-695.0,4095.0,4153.5587151261025,-31,139.63240615186152,-39,3,3,0.5379651257222825
2149,3221001,417865.0,3385495.0,8,140,3,0,2585.0,9.2,525,0,5,417190,3389570,496,0,5,-89.4,533,-675.0,4075.0,4130.52660081012,-29,139.40531150095688,-37,3,3,0.5132244258267603
2150,3221001,417865.0,3385495.0,8,140,3,0,2585.0,9.2,525,0,5,417150,3389530,498,0,6,-89.33,533,-715.0,4035.0,4097.85919719065,-27,140.04847723568764,-35,3,3,0.48935393469623933
2151,3221001,417865.0,3385495.0,8,140,3,0,2585.0,9.2,525,0,5,417180,3389580,495,0,6,-93.67,533,-685.0,4085.0,4142.034524240473,-30,139.5191745206958,-38,3,3,0.5256302254904187
2152,3221001,417865.0,3385495.0,8,140,3,0,2585.0,9.2,525,0,5,417730,3385205,517,0,5,-92.0,533,-135.0,-290.0,319.88279103446627,-8,-74.96278983080703,-16,3,3,2.8634523011705255
2153,3221001,417865.0,3385495.0,8,140,3,0,2585.0,9.2,525,0,5,417165,3389535,498,0,6,-89.25,533,-700.0,4040.0,4100.1951173084435,-27,139.82989233463746,-35,3,3,0.48907515865579715
2154,3221001,417865.0,3385495.0,8,140,3,0,2585.0,9.2,525,0,5,417160,3389540,497,0,6,-92.25,533,-705.0,4045.0,4105.97735015672,-28,139.88672762738713,-36,3,3,0.5023396466332017
2155,3221001,417865.0,3385495.0,8,140,3,0,2585.0,9.2,525,0,5,417180,3389560,496,0,6,-92.8,533,-685.0,4065.0,4122.311244920742,-29,139.56514602896885,-37,3,3,0.5142471761369459
2156,3221001,417865.0,3385495.0,8,140,3,0,2585.0,9.2,525,0,5,417190,3389550,497,0,5,-88.0,533,-675.0,4055.0,4110.796759753515,-28,139.45086534364862,-36,3,3,0.5017507445759647
2157,3221001,417865.0,3385495.0,8,140,3,0,2585.0,9.2,525,0,5,417145,3389595,495,0,6,-92.7,533,-720.0,4100.0,4162.73948260037,-30,139.9601403083728,-38,3,3,0.5230159504669282
2158,3221001,417865.0,3385495.0,8,140,3,0,2585.0,9.2,525,0,5,417195,3389545,497,0,12,-90.5,533,-670.0,4050.0,4105.045675750758,-28,139.3934847006828,-36,3,3,0.502453650967654
2159,3221001,417865.0,3385495.0,8,140,3,0,2585.0,9.2,525,0,5,417170,3389530,498,0,5,-89.5,533,-695.0,4035.0,4094.416930406575,-27,139.7728965696964,-35,3,3,0.489765325329864
2160,3221001,417865.0,3385495.0,8,140,3,0,2585.0,9.2,525,0,5,417185,3389555,496,0,5,-88.83,533,-680.0,4060.0,4116.55195521689,-29,139.50808560046096,-37,3,3,0.514966598389433
2161,3221001,417865.0,3385495.0,8,140,3,0,2585.0,9.2,525,0,5,417155,3389585,495,0,6,-91.33,533,-710.0,4090.0,4151.168510190835,-30,139.84807014264595,-38,3,3,0.5244737244724128
2162,3221001,417865.0,3385495.0,8,140,3,0,2585.0,9.2,525,0,5,417175,3389525,498,0,5,-89.71,533,-690.0,4030.0,4088.642806604656,-27,139.71573976525292,-35,3,3,0.4904569552200698
2163,3221001,417865.0,3385495.0,8,140,3,0,2585.0,9.2,525,0,5,417150,3389590,495,0,6,-93.5,533,-715.0,4095.0,4156.952008383065,-30,139.90418321297386,-38,3,3,0.5237440735782342
2164,3221001,417865.0,3385495.0,8,140,3,0,2585.0,9.2,525,0,5,417215,3389630,495,0,6,-95.5,533,-650.0,4135.0,4185.776510995302,-30,138.9334877291849,-38,3,3,0.5201376148761612
2165,3221001,417865.0,3385495.0,8,140,3,0,2585.0,9.2,525,0,5,417220,3389615,495,0,6,-86.0,533,-645.0,4120.0,4170.1828497081515,-30,138.89762750733746,-38,3,3,0.5220824700454918
2166,3221001,417865.0,3385495.0,8,140,3,0,2585.0,9.2,525,0,5,417205,3389640,495,0,6,-92.5,533,-660.0,4145.0,4197.216339432601,-30,139.04714266688075,-38,3,3,0.5187200183025731
2167,3221001,417865.0,3385495.0,8,140,3,0,2585.0,9.2,525,0,5,417210,3389625,495,0,6,-89.6,533,-655.0,4130.0,4181.6175100073415,-30,139.01180442781475,-38,3,3,0.5206549108319374
2168,3221001,417865.0,3385495.0,8,140,3,0,2585.0,9.2,525,0,5,417200,3389635,495,0,6,-90.5,533,-665.0,4140.0,4193.068685342514,-30,139.12535816802426,-38,3,3,0.5192330920518818
2169,3221001,417865.0,3385495.0,8,140,3,0,2585.0,9.2,525,0,5,417995,3385395,520,0,6,-93.0,533,130.0,-100.0,164.01219466856725,-5,2.4314079711725185,-13,3,3,4.53192612886018
2170,3221001,417865.0,3385495.0,8,140,3,0,2585.0,9.2,525,0,5,417950,3385440,523,0,6,-78.67,533,85.0,-55.0,101.24228365658294,-2,7.094757077012105,-10,3,3,5.640976563115981
2171,3221001,417865.0,3385495.0,8,140,3,0,2585.0,9.2,525,0,5,417955,3385435,523,0,6,-91.0,533,90.0,-60.0,108.16653826391968,-2,6.309932474020229,-10,3,3,5.281982452343407
2172,3221001,417865.0,3385495.0,8,140,3,0,2585.0,9.2,525,0,5,418050,3385300,513,0,5,-104.0,533,185.0,-195.0,268.79360111431225,-12,-6.50743575877496,-20,3,3,4.255338889862626
2173,3221001,417865.0,3385495.0,8,140,3,0,2585.0,9.2,525,0,5,417985,3385385,520,0,5,-87.29,533,120.0,-110.0,162.78820596099706,-5,-2.510447078000851,-13,3,3,4.565857698445246
2174,3221001,417865.0,3385495.0,8,140,3,0,2585.0,9.2,525,0,5,417960,3385370,520,0,5,-91.71,533,95.0,-125.0,157.00318468107582,-5,-12.765166018425333,-13,3,3,4.733342752913574
2175,3221001,417865.0,3385495.0,8,140,3,0,2585.0,9.2,525,0,5,417945,3385425,522,0,5,-94.0,533,80.0,-70.0,106.30145812734649,-3,-1.185925165709648,-11,3,3,5.907899585369998
2176,3221001,417865.0,3385495.0,8,140,3,0,2585.0,9.2,525,0,5,417935,3385415,522,0,10,-89.25,533,70.0,-80.0,106.30145812734649,-3,-8.814074834290352,-11,3,3,5.907899585369998
2177,3221001,417865.0,3385495.0,8,140,3,0,2585.0,9.2,525,0,5,417930,3385420,522,0,10,-88.88,533,65.0,-75.0,99.24716620639605,-3,-9.085616779974885,-11,3,3,6.32453017051915
2178,3221001,417865.0,3385495.0,8,140,3,0,2585.0,9.2,525,0,5,417975,3385375,520,0,5,-92.0,533,110.0,-120.0,162.78820596099706,-5,-7.489552921999177,-13,3,3,4.565857698445246
2179,3221001,417865.0,3385495.0,8,140,3,0,2585.0,9.2,525,0,5,417920,3385410,522,0,10,-85.67,533,55.0,-85.0,101.24228365658294,-3,-17.094757077012105,-11,3,3,6.20087723054507
2180,3221001,417865.0,3385495.0,8,140,3,0,2585.0,9.2,525,0,5,417925,3385405,522,0,5,-93.0,533,60.0,-90.0,108.16653826391968,-3,-16.309932474020215,-11,3,3,5.80673375150021
2181,3221001,417865.0,3385495.0,8,140,3,0,2585.0,9.2,525,0,5,417980,3385390,520,0,5,-87.33,533,115.0,-105.0,155.72411502397438,-5,-2.397437797500203,-13,3,3,4.772042144493768
2182,3221001,417865.0,3385495.0,8,140,3,0,2585.0,9.2,525,0,5,417990,3385400,520,0,6,-86.63,533,125.0,-95.0,157.00318468107582,-5,2.765166018425333,-13,3,3,4.733342752913574
2183,3221001,417865.0,3385495.0,8,140,3,0,2585.0,9.2,525,0,5,417970,3385380,520,0,5,-91.0,533,105.0,-115.0,155.72411502397438,-5,-7.602562202499826,-13,3,3,4.772042144493768
2184,3221001,417865.0,3385495.0,8,140,3,0,2585.0,9.2,525,0,5,417940,3385430,523,0,5,-90.22,533,75.0,-65.0,99.24716620639605,-2,-0.9143832200251154,-10,3,3,5.753620978157765
2185,3221001,417865.0,3385495.0,8,140,3,0,2585.0,9.2,525,0,5,417965,3385365,520,0,5,-93.25,533,100.0,-130.0,164.01219466856725,-5,-12.431407971172519,-13,3,3,4.53192612886018
2186,3221001,417865.0,3385495.0,8,140,3,0,2585.0,9.2,525,0,5,418580,3384800,512,0,5,-105.5,533,715.0,-695.0,997.1208552627911,-13,-4.187348405746263,-21,3,3,1.2065072310803162
2187,3221001,417865.0,3385495.0,8,140,3,0,2585.0,9.2,525,0,5,418575,3384765,511,0,5,-109.09,533,710.0,-730.0,1018.3319694480774,-14,-5.795723552739275,-22,3,3,1.237623030698012
2188,3221001,417865.0,3385495.0,8,140,3,0,2585.0,9.2,525,0,5,417730,3385610,533,0,6,-106.0,533,-135.0,115.0,177.341478509682,8,179.57392125990089,0,3,3,0.0
2189,3221001,417865.0,3385495.0,8,140,3,0,2585.0,9.2,525,0,5,418585,3384795,511,0,5,-111.5,533,720.0,-700.0,1004.1912168506553,-14,-4.193070544897637,-22,3,3,1.2550453722215287
2190,3221001,417865.0,3385495.0,8,140,3,0,2585.0,9.2,525,0,5,418590,3384790,511,0,5,-109.07,533,725.0,-705.0,1011.2615883143194,-14,-4.198712669892984,-22,3,3,1.246273330865322
2191,3221001,417865.0,3385495.0,8,140,3,0,2585.0,9.2,525,0,5,417870,3385520,526,0,6,-79.75,533,5.0,25.0,25.495097567963924,1,118.69006752597977,-7,3,3,15.35294889462336
2192,3221001,417865.0,3385495.0,8,140,3,0,2585.0,9.2,525,0,5,417865,3385505,526,0,5,-76.58,533,0.0,10.0,10.0,1,130.0,-7,3,3,34.99202019855866
2193,3221001,417865.0,3385495.0,8,140,3,0,2585.0,9.2,525,0,5,417875,3385515,526,0,6,-76.25,533,10.0,20.0,22.360679774997898,1,103.43494882292202,-7,3,3,17.382703987116223
2194,3221001,417865.0,3385495.0,8,140,3,0,2585.0,9.2,525,0,5,417785,3385585,531,0,5,-117.5,533,-80.0,90.0,120.41594578792295,6,171.63353933657015,-2,3,3,0.9515436088244444
2195,3221001,417865.0,3385495.0,8,140,3,0,2585.0,9.2,525,0,5,417765,3385565,531,0,5,-100.33,533,-100.0,70.0,122.06555615733703,6,185.00797980144137,-2,3,3,0.938686636971047
2196,3221001,417865.0,3385495.0,8,140,3,0,2585.0,9.2,525,0,5,417855,3385495,526,0,10,-77.26,533,-10.0,0.0,10.0,1,220.0,-7,3,3,34.99202019855866
2197,3221001,417865.0,3385495.0,8,140,3,0,2585.0,9.2,525,0,5,417910,3385480,525,0,6,-83.92,533,45.0,-15.0,47.43416490252569,0,21.565051177077976,-8,3,3,9.573119780680821
2198,3221001,417865.0,3385495.0,8,140,3,0,2585.0,9.2,525,0,5,417905,3385465,524,0,5,-89.85,533,40.0,-30.0,50.0,-1,3.13010235415598,-9,3,3,10.203973721731684
2199,3221001,417865.0,3385495.0,8,140,3,0,2585.0,9.2,525,0,5,417805,3385525,529,0,5,-97.06,533,-60.0,30.0,67.08203932499369,4,193.43494882292202,-4,3,3,3.412419686661102
2200,3221001,417865.0,3385495.0,8,140,3,0,2585.0,9.2,525,0,5,417800,3385530,529,0,5,-95.42,533,-65.0,35.0,73.824115301167,4,191.69924423399362,-4,3,3,3.101415225785745
2201,3221001,417865.0,3385495.0,8,140,3,0,2585.0,9.2,525,0,5,417810,3385540,529,0,5,-98.0,533,-55.0,45.0,71.06335201775947,4,180.7105931374997,-4,3,3,3.2216540460715537
2202,3221001,417865.0,3385495.0,8,140,3,0,2585.0,9.2,525,0,5,417885,3385445,523,0,10,-89.89,533,20.0,-50.0,53.85164807134504,-2,-28.198590513648185,-10,3,3,10.519734890658619
2203,3221001,417865.0,3385495.0,8,140,3,0,2585.0,9.2,525,0,5,417835,3385555,528,5,6,-106.39,533,-30.0,60.0,67.08203932499369,3,156.56505117707798,-5,3,3,4.262693045214654
2204,3221001,417865.0,3385495.0,8,140,3,0,2585.0,9.2,525,0,5,417795,3385595,531,0,6,-93.0,533,-70.0,100.0,122.06555615733703,6,164.9920201985587,-2,3,3,0.938686636971047
2205,3221001,417865.0,3385495.0,8,140,3,0,2585.0,9.2,525,0,5,417880,3385450,523,0,10,-84.97,533,15.0,-45.0,47.43416490252569,-2,-31.56505117707799,-10,3,3,11.904688112848122
2206,3221001,417865.0,3385495.0,8,140,3,0,2585.0,9.2,525,0,5,417825,3385545,528,5,5,-98.43,533,-40.0,50.0,64.03124237432849,3,168.65980825409008,-5,3,3,4.464988243535739
2207,3221001,417865.0,3385495.0,8,140,3,0,2585.0,9.2,525,0,5,417895,3385455,524,0,10,-83.65,533,30.0,-40.0,50.0,-1,-13.13010235415598,-9,3,3,10.203973721731684
2208,3221001,417865.0,3385495.0,8,140,3,0,2585.0,9.2,525,0,5,417830,3385560,529,5,6,-106.88,533,-35.0,65.0,73.824115301167,4,158.30075576600638,-4,3,3,3.101415225785745
2209,3221001,417865.0,3385495.0,8,140,3,0,2585.0,9.2,525,0,5,417850,3385500,526,0,10,-79.16,533,-15.0,5.0,15.811388300841896,1,201.56505117707798,-7,3,3,23.879876253764905
2210,3221001,417865.0,3385495.0,8,140,3,0,2585.0,9.2,525,0,5,417890,3385460,524,0,10,-86.52,533,25.0,-35.0,43.01162633521314,-1,-14.462322208025626,-9,3,3,11.818382793000794
2211,3221001,417865.0,3385495.0,8,140,3,0,2585.0,9.2,525,0,5,417900,3385470,524,0,5,-91.27,533,35.0,-25.0,43.01162633521314,-1,4.4623222080256255,-9,3,3,11.818382793000794
2212,3221001,417865.0,3385495.0,8,140,3,0,2585.0,9.2,525,0,5,417815,3385535,528,0,5,-92.64,533,-50.0,40.0,64.03124237432849,3,181.34019174590992,-5,3,3,4.464988243535739
2213,3221001,417865.0,3385495.0,8,140,3,0,2585.0,9.2,525,0,5,417840,3385490,526,0,5,-78.65,533,-25.0,-5.0,25.495097567963924,1,-128.6900675259798,-7,3,3,15.35294889462336
2214,3221001,417865.0,3385495.0,8,140,3,0,2585.0,9.2,525,0,5,417845,3385485,526,0,5,-82.74,533,-20.0,-10.0,22.360679774997898,1,-113.434948822922,-7,3,3,17.382703987116223
2215,3221001,417865.0,3385495.0,8,140,3,0,2585.0,9.2,525,0,5,417915,3385475,524,99,6,-81.0,533,50.0,-20.0,53.85164807134504,-1,18.198590513648185,-9,3,3,9.487915962157532
2216,3221001,417865.0,3385495.0,8,140,3,0,2585.0,9.2,525,0,5,417820,3385550,529,5,5,-102.3,533,-45.0,55.0,71.06335201775947,4,169.28940686250036,-4,3,3,3.2216540460715537
2217,3221001,417865.0,3385495.0,8,140,3,0,2585.0,9.2,525,0,5,417860,3385510,526,0,5,-78.25,533,-5.0,15.0,15.811388300841896,1,148.43494882292202,-7,3,3,23.879876253764905
2218,3221001,417865.0,3385495.0,8,140,3,0,2585.0,9.2,525,0,5,417230,3389695,499,0,6,-101.5,533,-635.0,4200.0,4247.731747650739,-26,138.59746225581637,-34,3,3,0.45860120596997717
2219,3221001,417865.0,3385495.0,8,140,3,0,2585.0,9.2,525,0,5,417160,3389535,498,0,6,-90.33,533,-705.0,4040.0,4101.051694382796,-27,139.89872179086547,-35,3,3,0.48897301163186546
2220,3221001,417865.0,3385495.0,8,140,3,0,2585.0,9.2,525,0,5,417185,3389560,496,0,5,-92.33,533,-680.0,4065.0,4121.483349475041,-29,139.49660368349987,-37,3,3,0.5143504690507678
2221,3221001,417865.0,3385495.0,8,140,3,0,2585.0,9.2,525,0,5,417180,3389555,496,0,5,-90.5,533,-685.0,4060.0,4117.380842234539,-29,139.5767077208888,-37,3,3,0.5148629339085726
2222,3221001,417865.0,3385495.0,8,140,3,0,2585.0,9.2,525,0,5,417190,3389545,497,0,5,-91.0,533,-675.0,4050.0,4105.864707951298,-28,139.46232220802563,-36,3,3,0.5023534273468616
2223,3221001,417865.0,3385495.0,8,140,3,0,2585.0,9.2,525,0,5,417170,3389525,498,0,5,-88.43,533,-695.0,4030.0,4089.4895769521163,-27,139.78478751207155,-35,3,3,0.4903554060859992
2224,3221001,417865.0,3385495.0,8,140,3,0,2585.0,9.2,525,0,5,417165,3389540,497,0,6,-93.67,533,-700.0,4045.0,4105.121800872661,-28,139.81797826570806,-36,3,3,0.5024443339762561
2225,3221001,417865.0,3385495.0,8,140,3,0,2585.0,9.2,525,0,5,417175,3389530,498,0,5,-91.0,533,-690.0,4035.0,4093.5711793005385,-27,139.70392948473796,-35,3,3,0.489866508224668
2226,3221001,417865.0,3385495.0,8,140,3,0,2585.0,9.2,525,0,5,417145,3389600,495,0,6,-90.57,533,-720.0,4105.0,4167.66421392127,-30,139.94825109330515,-38,3,3,0.5223979615713853
2227,3221001,417865.0,3385495.0,8,140,3,0,2585.0,9.2,525,0,5,417140,3389595,495,0,5,-95.0,533,-725.0,4100.0,4163.607210100396,-30,140.02790876742483,-38,3,3,0.5229069560067205
2228,3221001,417865.0,3385495.0,8,140,3,0,2585.0,9.2,525,0,5,417195,3389550,497,0,5,-88.6,533,-670.0,4055.0,4109.978710407147,-28,139.3821081691138,-36,3,3,0.5018506078372389
2229,3221001,417865.0,3385495.0,8,140,3,0,2585.0,9.2,525,0,5,417155,3389590,495,0,6,-95.89,533,-710.0,4095.0,4156.0949219188915,-30,139.83628064860295,-38,3,3,0.5238520761506485
2230,3221001,417865.0,3385495.0,8,140,3,0,2585.0,9.2,525,0,5,417150,3389585,495,0,6,-97.5,533,-715.0,4090.0,4152.02661359486,-30,139.9160508305315,-38,3,3,0.52436533702747
2231,3221001,417865.0,3385495.0,8,140,3,0,2585.0,9.2,525,0,5,417655,3385385,522,0,6,-100.0,533,-210.0,-110.0,237.06539182259397,-3,-112.35402463626133,-11,3,3,2.656658721880277
2232,3221001,417865.0,3385495.0,8,140,3,0,2585.0,9.2,525,0,5,417810,3385550,529,5,5,-98.69,533,-55.0,55.0,77.78174593052023,4,175.0,-4,3,3,2.9438964192433903
2233,3221001,417865.0,3385495.0,8,140,3,0,2585.0,9.2,525,0,5,417860,3385500,526,0,5,-78.13,533,-5.0,5.0,7.0710678118654755,1,175.0,-7,3,3,44.710622455169606
2234,3221001,417865.0,3385495.0,8,140,3,0,2585.0,9.2,525,0,5,417865,3385495,525,0,5,-76.7,533,0.0,0.0,0.0,0,40.0,-8,3,3,90.0
2235,3221001,417865.0,3385495.0,8,140,3,0,2585.0,9.2,525,0,5,417855,3385505,526,0,5,-79.34,533,-10.0,10.0,14.142135623730951,1,175.0,-7,3,3,26.334247846853142
2236,3221001,417865.0,3385495.0,8,140,3,0,2585.0,9.2,525,0,5,417790,3385570,531,5,5,-112.0,533,-75.0,75.0,106.06601717798213,6,175.0,-2,3,3,1.0802515617106687
2237,3221001,417865.0,3385495.0,8,140,3,0,2585.0,9.2,525,0,5,417835,3385525,527,5,5,-98.45,533,-30.0,30.0,42.42640687119285,2,175.0,-6,3,3,8.049466975528397
2238,3221001,417865.0,3385495.0,8,140,3,0,2585.0,9.2,525,0,5,417905,3385455,524,0,5,-86.08,533,40.0,-40.0,56.568542494923804,-1,-5.0,-9,3,3,9.039936374210699
2239,3221001,417865.0,3385495.0,8,140,3,0,2585.0,9.2,525,0,5,417890,3385470,524,0,5,-83.0,533,25.0,-25.0,35.35533905932738,-1,-5.0,-9,3,3,14.28179453796326
2240,3221001,417865.0,3385495.0,8,140,3,0,2585.0,9.2,525,0,5,417885,3385475,524,0,5,-79.5,533,20.0,-20.0,28.284271247461902,-1,-5.0,-9,3,3,17.65096881191823
2241,3221001,417865.0,3385495.0,8,140,3,0,2585.0,9.2,525,0,5,417830,3385530,528,5,5,-93.37,533,-35.0,35.0,49.49747468305833,3,175.0,-5,3,3,5.7681811861882215
2242,3221001,417865.0,3385495.0,8,140,3,0,2585.0,9.2,525,0,5,417915,3385445,523,0,5,-91.3,533,50.0,-50.0,70.71067811865476,-2,-5.0,-10,3,3,8.049466975528397
2243,3221001,417865.0,3385495.0,8,140,3,0,2585.0,9.2,525,0,5,417870,3385490,525,0,5,-85.8,533,5.0,-5.0,7.0710678118654755,0,-5.0,-8,3,3,48.5270656910595
2244,3221001,417865.0,3385495.0,8,140,3,0,2585.0,9.2,525,0,5,417840,3385520,527,0,5,-86.96,533,-25.0,25.0,35.35533905932738,2,175.0,-6,3,3,9.6316519614038
2245,3221001,417865.0,3385495.0,8,140,3,0,2585.0,9.2,525,0,5,417800,3385560,530,5,14,-96.67,533,-65.0,65.0,91.92388155425118,5,175.0,-3,3,3,1.8692242920124296
2246,3221001,417865.0,3385495.0,8,140,3,0,2585.0,9.2,525,0,5,417815,3385545,529,5,5,-99.56,533,-50.0,50.0,70.71067811865476,4,175.0,-4,3,3,3.2376881462291043
2247,3221001,417865.0,3385495.0,8,140,3,0,2585.0,9.2,525,0,5,417875,3385485,525,0,5,-81.05,533,10.0,-10.0,14.142135623730951,0,-5.0,-8,3,3,29.49620849656643
2248,3221001,417865.0,3385495.0,8,140,3,0,2585.0,9.2,525,0,5,417820,3385540,528,5,5,-99.22,533,-45.0,45.0,63.63961030678928,3,175.0,-5,3,3,4.492353222313803
2249,3221001,417865.0,3385495.0,8,140,3,0,2585.0,9.2,525,0,5,417895,3385465,524,0,5,-89.78,533,30.0,-30.0,42.42640687119285,-1,-5.0,-9,3,3,11.976725812374069
2250,3221001,417865.0,3385495.0,8,140,3,0,2585.0,9.2,525,0,5,417880,3385480,524,0,5,-80.4,533,15.0,-15.0,21.213203435596427,-1,-5.0,-9,3,3,22.989767773608854
2251,3221001,417865.0,3385495.0,8,140,3,0,2585.0,9.2,525,0,5,417825,3385535,528,5,5,-94.28,533,-40.0,40.0,56.568542494923804,3,175.0,-5,3,3,5.051152528017927
2252,3221001,417865.0,3385495.0,8,140,3,0,2585.0,9.2,525,0,5,417900,3385460,524,0,5,-86.88,533,35.0,-35.0,49.49747468305833,-1,-5.0,-9,3,3,10.305360947515926
2253,3221001,417865.0,3385495.0,8,140,3,0,2585.0,9.2,525,0,5,417910,3385450,523,0,5,-89.51,533,45.0,-45.0,63.63961030678928,-2,-5.0,-10,3,3,8.930141835901512
2254,3221001,417865.0,3385495.0,8,140,3,0,2585.0,9.2,525,0,5,417850,3385510,526,0,5,-79.19,533,-15.0,15.0,21.213203435596427,1,175.0,-7,3,3,18.26202006677648
2255,3221001,417865.0,3385495.0,8,140,3,0,2585.0,9.2,525,0,5,417805,3385555,529,5,14,-100.6,533,-60.0,60.0,84.8528137423857,4,175.0,-4,3,3,2.698950908923438
2256,3221001,417865.0,3385495.0,8,140,3,0,2585.0,9.2,525,0,5,417845,3385515,527,0,5,-84.38,533,-20.0,20.0,28.284271247461902,2,175.0,-6,3,3,11.976725812374069
2257,3221001,417865.0,3385495.0,8,140,3,0,2585.0,9.2,525,0,5,417795,3385565,530,5,14,-101.57,533,-70.0,70.0,98.99494936611666,5,175.0,-3,3,3,1.7357930888536932
2258,3221001,417865.0,3385495.0,8,140,3,0,2585.0,9.2,525,0,5,417895,3385355,520,0,5,-89.5,533,30.0,-140.0,143.17821063276352,-5,-37.905242922987895,-13,3,3,5.187998824457673
2259,3221001,417865.0,3385495.0,8,140,3,0,2585.0,9.2,525,0,5,417825,3385405,523,0,5,-100.0,533,-40.0,-90.0,98.48857801796105,-2,-73.96248897457819,-10,3,3,5.797636329530628
2260,3221001,417865.0,3385495.0,8,140,3,0,2585.0,9.2,525,0,5,417820,3385410,524,0,5,-88.5,533,-45.0,-85.0,96.17692030835673,-1,-77.89727103094764,-9,3,3,5.346029977875715
2261,3221001,417865.0,3385495.0,8,140,3,0,2585.0,9.2,525,0,5,419550,3386180,513,0,5,-86.0,533,1685.0,685.0,1818.914511460063,-12,62.12312819534523,-20,3,3,0.6299743088662824
2262,3221001,417865.0,3385495.0,8,140,3,0,2585.0,9.2,525,0,5,417830,3385420,524,0,5,-86.0,533,-35.0,-75.0,82.76472678623425,-1,-75.01689347810004,-9,3,3,6.206071101574001
2263,3221001,417865.0,3385495.0,8,140,3,0,2585.0,9.2,525,0,5,417605,3385545,529,0,6,-103.0,533,-260.0,50.0,264.76404589747455,4,209.11447294534128,-4,3,3,0.8655468419122132
2264,3221001,417865.0,3385495.0,8,140,3,0,2585.0,9.2,525,0,5,417835,3385415,524,0,5,-99.67,533,-30.0,-80.0,85.44003745317531,-1,-70.55604521958347,-9,3,3,6.0131922412668795
2265,3221001,417865.0,3385495.0,8,140,3,0,2585.0,9.2,525,0,5,417150,3389575,496,0,6,-92.0,533,-715.0,4080.0,4142.176360320744,-29,139.93987073263975,-37,3,3,0.5117810728279631
2266,3221001,417865.0,3385495.0,8,140,3,0,2585.0,9.2,525,0,5,417160,3389545,497,0,6,-93.0,533,-705.0,4050.0,4110.903185432612,-28,139.87476220708038,-36,3,3,0.501737755597291
2267,3221001,417865.0,3385495.0,8,140,3,0,2585.0,9.2,525,0,5,417180,3389525,498,0,5,-87.88,533,-685.0,4030.0,4087.8019766128596,-27,139.64666351288088,-35,3,3,0.4905578335817772
2268,3221001,417865.0,3385495.0,8,140,3,0,2585.0,9.2,525,0,5,417190,3389535,498,0,5,-89.33,533,-675.0,4040.0,4096.001098632665,-27,139.4853187066957,-35,3,3,0.48957591305289033
2269,3221001,417865.0,3385495.0,8,140,3,0,2585.0,9.2,525,0,5,417195,3389540,498,0,12,-88.0,533,-670.0,4045.0,4100.112803326269,-27,139.4048886070608,-35,3,3,0.48908497686575
2270,3221001,417865.0,3385495.0,8,140,3,0,2585.0,9.2,525,0,5,417185,3389530,498,0,5,-84.5,533,-680.0,4035.0,4091.897481609235,-27,139.5659102863242,-35,3,3,0.4900668672190895
2271,3221001,417865.0,3385495.0,8,140,3,0,2585.0,9.2,525,0,5,417165,3389550,497,0,6,-89.0,533,-700.0,4055.0,4114.975698591669,-28,139.79423571562972,-36,3,3,0.5012412206340675
2272,3221001,417865.0,3385495.0,8,140,3,0,2585.0,9.2,525,0,5,417175,3389560,496,0,6,-96.33,533,-690.0,4065.0,4123.1450374683645,-29,139.63366075085298,-37,3,3,0.5141431893890716
2273,3221001,417865.0,3385495.0,8,140,3,0,2585.0,9.2,525,0,5,417155,3389580,495,0,6,-96.0,533,-710.0,4085.0,4146.242274638567,-30,139.85988765187005,-38,3,3,0.5250968275990425
2274,3221001,417865.0,3385495.0,8,140,3,0,2585.0,9.2,525,0,5,416930,3389680,498,0,5,-99.75,533,-935.0,4185.0,4288.17560274763,-27,142.5940235676219,-35,3,3,0.4676365754854098
2275,3221001,417865.0,3385495.0,8,140,3,0,2585.0,9.2,525,0,5,416935,3389675,498,0,5,-101.5,533,-930.0,4180.0,4282.207374707582,-27,142.54332031763374,-35,3,3,0.46828830420241824
2276,3221001,417865.0,3385495.0,8,140,3,0,2585.0,9.2,525,0,5,417925,3385560,526,99,5,-103.0,533,60.0,65.0,88.45903006477066,1,87.29061004263855,-7,3,3,4.5245400329950085
2277,3221001,417865.0,3385495.0,8,140,3,0,2585.0,9.2,525,0,5,417935,3385550,526,0,5,-90.33,533,70.0,55.0,89.02246907382428,1,78.15722658736905,-7,3,3,4.496021197961541
2278,3221001,417865.0,3385495.0,8,140,3,0,2585.0,9.2,525,0,5,417930,3385545,526,0,5,-83.0,533,65.0,50.0,82.00609733428362,1,77.56859202882748,-7,3,3,4.87891274947136
2279,3221001,417865.0,3385495.0,8,140,3,0,2585.0,9.2,525,0,5,417990,3385565,525,0,5,-102.5,533,125.0,70.0,143.26548781894402,0,69.24882633654698,-8,3,3,3.1960991750914296
2280,3221001,417865.0,3385495.0,8,140,3,0,2585.0,9.2,525,0,5,416810,3389225,511,0,5,-100.0,533,-1055.0,3730.0,3876.3288044230717,-14,145.79312186314564,-22,3,3,0.3251771660979303
2281,3221001,417865.0,3385495.0,8,140,3,0,2585.0,9.2,525,0,5,416825,3389220,511,0,5,-98.67,533,-1040.0,3725.0,3867.4571749406614,-14,145.5994479644619,-22,3,3,0.32592307976740353
2282,3221001,417865.0,3385495.0,8,140,3,0,2585.0,9.2,525,0,5,417995,3385570,524,0,5,-99.67,533,130.0,75.0,150.08331019803634,-1,69.98163936884933,-9,3,3,3.43172893455207
2283,3221001,417865.0,3385495.0,8,140,3,0,2585.0,9.2,525,0,5,418010,3385465,522,0,5,-102.33,533,145.0,-30.0,148.07092894960846,-3,28.310630824560803,-11,3,3,4.248625883261355
2284,3221001,417865.0,3385495.0,8,140,3,0,2585.0,9.2,525,0,5,417940,3385535,527,0,5,-88.33,533,75.0,40.0,85.0,2,68.07248693585296,-6,3,3,4.037710620977124
2285,3221001,417865.0,3385495.0,8,140,3,0,2585.0,9.2,525,0,5,418000,3385475,523,0,6,-111.0,533,135.0,-20.0,136.4734406395618,-2,31.57303097851934,-10,3,3,4.190820246084337
2286,3221001,417865.0,3385495.0,8,140,3,0,2585.0,9.2,525,0,5,417950,3385525,527,0,5,-100.75,533,85.0,30.0,90.13878188659973,2,59.44003482817618,-6,3,3,3.808219799072917
2287,3221001,417865.0,3385495.0,8,140,3,0,2585.0,9.2,525,0,5,417945,3385540,527,0,5,-108.0,533,80.0,45.0,91.7877987534291,2,69.35775354279127,-6,3,3,3.739999040094319
2288,3221001,417865.0,3385495.0,8,140,3,0,2585.0,9.2,525,0,5,418015,3385470,522,0,5,-102.5,533,150.0,-25.0,152.0690632574555,-3,30.537677791974374,-11,3,3,4.137315942505482
2289,3221001,417865.0,3385495.0,8,140,3,0,2585.0,9.2,525,0,5,417955,3385530,527,0,5,-90.0,533,90.0,35.0,96.56603957913983,2,61.250505507133255,-6,3,3,3.5554249660262354
2290,3221001,417865.0,3385495.0,8,140,3,0,2585.0,9.2,525,0,5,416820,3389215,511,0,5,-91.33,533,-1045.0,3720.0,3863.9908126184773,-14,145.69079493044876,-22,3,3,0.3262154570359444
2291,3221001,417865.0,3385495.0,8,140,3,0,2585.0,9.2,525,0,5,416835,3389210,511,0,5,-95.0,533,-1030.0,3715.0,3855.1426692147206,-14,145.49626661845537,-22,3,3,0.32696415528134015
2292,3221001,417865.0,3385495.0,8,140,3,0,2585.0,9.2,525,0,5,418020,3385455,521,0,5,-111.5,533,155.0,-40.0,160.0781059358212,-4,25.5297058999341,-12,3,3,4.2870683525192215
2293,3221001,417865.0,3385495.0,8,140,3,0,2585.0,9.2,525,0,5,417990,3385610,524,0,5,-96.0,533,125.0,115.0,169.85287751463028,-1,82.61405596961117,-9,3,3,3.03309687299317
2294,3221001,417865.0,3385495.0,8,140,3,0,2585.0,9.2,525,0,5,417985,3385615,524,0,5,-109.0,533,120.0,120.0,169.7056274847714,-1,85.0,-9,3,3,3.035723707408927
2295,3221001,417865.0,3385495.0,8,140,3,0,2585.0,9.2,525,0,5,417205,3389605,494,0,5,-92.5,533,-660.0,4110.0,4162.655402504512,-31,139.12289620537848,-39,3,3,0.5367895746786082
2296,3221001,417865.0,3385495.0,8,140,3,0,2585.0,9.2,525,0,5,417200,3389610,494,0,6,-97.5,533,-665.0,4115.0,4168.386978196722,-31,139.17985664239967,-39,3,3,0.5360515264991997
2297,3221001,417865.0,3385495.0,8,140,3,0,2585.0,9.2,525,0,5,417215,3389615,495,0,6,-85.0,533,-650.0,4120.0,4170.959122312277,-30,138.96548517413652,-38,3,3,0.5219853087260105
2298,3221001,417865.0,3385495.0,8,140,3,0,2585.0,9.2,525,0,5,417210,3389620,495,0,6,-84.25,533,-655.0,4125.0,4176.679302987003,-30,139.02254824236707,-38,3,3,0.5212704620292982
2299,3221001,417865.0,3385495.0,8,140,3,0,2585.0,9.2,525,0,5,417225,3389625,495,0,6,-88.5,533,-640.0,4130.0,4179.294198785245,-30,138.8087008364239,-38,3,3,0.5209443321297464
2300,3221001,417865.0,3385495.0,8,140,3,0,2585.0,9.2,525,0,5,417865,3385455,524,0,5,-77.17,533,0.0,-40.0,40.0,-1,-50.0,-9,3,3,12.68038349181982
2301,3221001,417865.0,3385495.0,8,140,3,0,2585.0,9.2,525,0,5,417910,3385490,525,0,6,-90.56,533,45.0,-5.0,45.27692569068709,0,33.65980825409008,-8,3,3,10.020195581850166
2302,3221001,417865.0,3385495.0,8,140,3,0,2585.0,9.2,525,0,5,417785,3385535,529,0,14,-92.33,533,-80.0,40.0,89.44271909999159,4,193.43494882292202,-4,3,3,2.560638973149915
2303,3221001,417865.0,3385495.0,8,140,3,0,2585.0,9.2,525,0,5,417845,3385475,525,0,10,-76.11,533,-20.0,-20.0,28.284271247461902,0,-95.0,-8,3,3,15.793169048263962
2304,3221001,417865.0,3385495.0,8,140,3,0,2585.0,9.2,525,0,5,417790,3385530,529,0,5,-98.75,533,-75.0,35.0,82.76472678623425,4,194.98310652190003,-4,3,3,2.7669387333610915
2305,3221001,417865.0,3385495.0,8,140,3,0,2585.0,9.2,525,0,5,417840,3385480,526,0,5,-84.0,533,-25.0,-15.0,29.154759474226502,1,-109.03624346792648,-7,3,3,13.501043380558686
2306,3221001,417865.0,3385495.0,8,140,3,0,2585.0,9.2,525,0,5,417775,3385545,530,0,14,-95.0,533,-90.0,50.0,102.95630140987001,5,190.94539590092285,-3,3,3,1.669045154048307
2307,3221001,417865.0,3385495.0,8,140,3,0,2585.0,9.2,525,0,5,417780,3385540,530,0,14,-97.75,533,-85.0,45.0,96.17692030835673,5,192.10272896905235,-3,3,3,1.7866201502931887
2308,3221001,417865.0,3385495.0,8,140,3,0,2585.0,9.2,525,0,5,417915,3385485,525,0,6,-90.83,533,50.0,-10.0,50.99019513592785,0,28.6900675259798,-8,3,3,8.916613659613638
2309,3221001,417865.0,3385495.0,8,140,3,0,2585.0,9.2,525,0,5,417795,3385525,529,0,5,-105.0,533,-70.0,30.0,76.15773105863909,4,196.80140948635182,-4,3,3,3.0065591490544454
2310,3221001,417865.0,3385495.0,8,140,3,0,2585.0,9.2,525,0,5,417870,3385450,524,0,5,-88.05,533,5.0,-45.0,45.27692569068709,-1,-43.659808254090095,-9,3,3,11.242525073210018
2311,3221001,417865.0,3385495.0,8,140,3,0,2585.0,9.2,525,0,5,417895,3385505,525,99,6,-86.44,533,30.0,10.0,31.622776601683793,0,58.434948822922024,-8,3,3,14.196947417484148
2312,3221001,417865.0,3385495.0,8,140,3,0,2585.0,9.2,525,0,5,417830,3385570,529,5,6,-103.75,533,-35.0,75.0,82.76472678623425,4,155.01689347810003,-4,3,3,2.7669387333610915
2313,3221001,417865.0,3385495.0,8,140,3,0,2585.0,9.2,525,0,5,417890,3385510,526,99,6,-85.64,533,25.0,15.0,29.154759474226502,1,70.96375653207352,-7,3,3,13.501043380558686
2314,3221001,417865.0,3385495.0,8,140,3,0,2585.0,9.2,525,0,5,417825,3385575,529,5,6,-109.11,533,-40.0,80.0,89.44271909999159,4,156.56505117707798,-4,3,3,2.560638973149915
2315,3221001,417865.0,3385495.0,8,140,3,0,2585.0,9.2,525,0,5,417820,3385580,529,5,6,-110.8,533,-45.0,85.0,96.17692030835673,4,157.89727103094765,-4,3,3,2.3815600735883464
2316,3221001,417865.0,3385495.0,8,140,3,0,2585.0,9.2,525,0,5,417875,3385445,523,0,5,-87.79,533,10.0,-50.0,50.99019513592785,-2,-38.690067525979785,-10,3,3,11.095803283136393
2317,3221001,417865.0,3385495.0,8,140,3,0,2585.0,9.2,525,0,5,417765,3385555,531,0,5,-99.67,533,-100.0,60.0,116.61903789690601,6,189.0362434679265,-2,3,3,0.9825181943536673
2318,3221001,417865.0,3385495.0,8,140,3,0,2585.0,9.2,525,0,5,417855,3385465,525,0,5,-79.64,533,-10.0,-30.0,31.622776601683793,0,-68.43494882292202,-8,3,3,14.196947417484148
2319,3221001,417865.0,3385495.0,8,140,3,0,2585.0,9.2,525,0,5,417860,3385460,524,0,5,-81.42,533,-5.0,-35.0,35.35533905932738,-1,-58.13010235415598,-9,3,3,14.28179453796326
2320,3221001,417865.0,3385495.0,8,140,3,0,2585.0,9.2,525,0,5,417900,3385500,525,0,6,-94.51,533,35.0,5.0,35.35533905932738,0,48.13010235415598,-8,3,3,12.749851295121235
2321,3221001,417865.0,3385495.0,8,140,3,0,2585.0,9.2,525,0,5,417850,3385470,525,0,10,-77.0,533,-15.0,-25.0,29.154759474226502,0,-80.96375653207352,-8,3,3,15.344165268263534
2322,3221001,417865.0,3385495.0,8,140,3,0,2585.0,9.2,525,0,5,417835,3385565,528,5,6,-104.33,533,-30.0,70.0,76.15773105863909,3,153.19859051364818,-5,3,3,3.7562614748814744
2323,3221001,417865.0,3385495.0,8,140,3,0,2585.0,9.2,525,0,5,417810,3385590,530,5,6,-111.67,533,-55.0,95.0,109.77249200050075,5,160.0685828218625,-3,3,3,1.5654610827014286
2324,3221001,417865.0,3385495.0,8,140,3,0,2585.0,9.2,525,0,5,417905,3385495,525,0,6,-89.58,533,40.0,0.0,40.0,0,40.0,-8,3,3,11.309932474020213
2325,3221001,417865.0,3385495.0,8,140,3,0,2585.0,9.2,525,0,5,417815,3385585,530,5,6,-109.44,533,-50.0,90.0,102.95630140987001,5,159.05460409907715,-3,3,3,1.669045154048307
2326,3221001,417865.0,3385495.0,8,140,3,0,2585.0,9.2,525,0,5,417885,3385515,526,99,6,-77.5,533,20.0,20.0,28.284271247461902,1,85.0,-7,3,3,13.900669075390693
2327,3221001,417865.0,3385495.0,8,140,3,0,2585.0,9.2,525,0,5,417880,3385520,526,0,6,-76.25,533,15.0,25.0,29.154759474226502,1,99.03624346792648,-7,3,3,13.501043380558686
2328,3221001,417865.0,3385495.0,8,140,3,0,2585.0,9.2,525,0,5,417825,3385365,522,0,5,-104.5,533,-40.0,-130.0,136.01470508735443,-3,-67.10272896905236,-11,3,3,4.623653560883869
2329,3221001,417865.0,3385495.0,8,140,3,0,2585.0,9.2,525,0,5,417900,3385290,516,0,5,-92.5,533,35.0,-205.0,207.9663434308542,-9,-40.31121343963321,-17,3,3,4.673195578831982
2330,3221001,417865.0,3385495.0,8,140,3,0,2585.0,9.2,525,0,5,417895,3385315,518,93,6,-103.0,533,30.0,-180.0,182.4828759089466,-7,-40.53767779197439,-15,3,3,4.69911946436983
2331,3221001,417865.0,3385495.0,8,140,3,0,2585.0,9.2,525,0,5,417890,3385320,518,93,6,-111.5,533,25.0,-175.0,176.7766952966369,-7,-41.869897645844034,-15,3,3,4.850090156191999
2332,3221001,417865.0,3385495.0,8,140,3,0,2585.0,9.2,525,0,5,417865,3385325,519,0,10,-99.0,533,0.0,-170.0,170.0,-6,-50.0,-14,3,3,4.7078522443722255
2333,3221001,417865.0,3385495.0,8,140,3,0,2585.0,9.2,525,0,5,417850,3385360,521,0,5,-98.67,533,-15.0,-135.0,135.83077707206124,-4,-56.340191745909905,-12,3,3,5.0487006906907475
2334,3221001,417865.0,3385495.0,8,140,3,0,2585.0,9.2,525,0,5,417815,3385555,529,5,5,-102.9,533,-50.0,60.0,78.10249675906654,4,169.8055710922652,-4,3,3,2.931827580835157
2335,3221001,417865.0,3385495.0,8,140,3,0,2585.0,9.2,525,0,5,417810,3385560,529,5,14,-99.0,533,-55.0,65.0,85.14693182963201,4,170.23635830927378,-4,3,3,2.6896417938340647
2336,3221001,417865.0,3385495.0,8,140,3,0,2585.0,9.2,525,0,5,417795,3385575,531,5,5,-104.25,533,-70.0,80.0,106.30145812734649,6,171.18592516570965,-2,3,3,1.0778595401016269
2337,3221001,417865.0,3385495.0,8,140,3,0,2585.0,9.2,525,0,5,417915,3385455,524,0,5,-90.68,533,50.0,-40.0,64.03124237432849,-1,1.3401917459099195,-9,3,3,8.000873746602245
2338,3221001,417865.0,3385495.0,8,140,3,0,2585.0,9.2,525,0,5,417900,3385450,523,0,10,-81.56,533,35.0,-45.0,57.0087712549569,-2,-12.125016348901795,-10,3,3,9.949126297159781
2339,3221001,417865.0,3385495.0,8,140,3,0,2585.0,9.2,525,0,5,417805,3385545,529,0,5,-96.41,533,-60.0,50.0,78.10249675906654,4,180.19442890773485,-4,3,3,2.931827580835157
2340,3221001,417865.0,3385495.0,8,140,3,0,2585.0,9.2,525,0,5,417785,3385565,531,5,5,-102.4,533,-80.0,70.0,106.30145812734649,6,178.81407483429035,-2,3,3,1.0778595401016269
2341,3221001,417865.0,3385495.0,8,140,3,0,2585.0,9.2,525,0,5,417895,3385475,524,0,5,-84.57,533,30.0,-20.0,36.05551275463989,-1,6.309932474020229,-9,3,3,14.015485056263797
2342,3221001,417865.0,3385495.0,8,140,3,0,2585.0,9.2,525,0,5,417910,3385460,524,0,5,-91.28,533,45.0,-35.0,57.0087712549569,-1,2.125016348901795,-9,3,3,8.971268559630829
2343,3221001,417865.0,3385495.0,8,140,3,0,2585.0,9.2,525,0,5,417865,3385485,525,0,10,-77.48,533,0.0,-10.0,10.0,0,-50.0,-8,3,3,38.65980825409009
2344,3221001,417865.0,3385495.0,8,140,3,0,2585.0,9.2,525,0,5,417835,3385535,528,5,5,-94.0,533,-30.0,40.0,50.0,3,166.86989764584405,-5,3,3,5.710593137499642
2345,3221001,417865.0,3385495.0,8,140,3,0,2585.0,9.2,525,0,5,417780,3385570,531,0,5,-108.67,533,-85.0,75.0,113.35784048754634,6,178.57633437499737,-2,3,3,1.010778527350784
2346,3221001,417865.0,3385495.0,8,140,3,0,2585.0,9.2,525,0,5,417875,3385495,525,99,5,-74.09,533,10.0,0.0,10.0,0,40.0,-8,3,3,38.65980825409009
2347,3221001,417865.0,3385495.0,8,140,3,0,2585.0,9.2,525,0,5,417790,3385580,531,0,5,-77.0,533,-75.0,85.0,113.35784048754634,6,171.42366562500263,-2,3,3,1.010778527350784
2348,3221001,417865.0,3385495.0,8,140,3,0,2585.0,9.2,525,0,5,417800,3385550,529,5,14,-101.47,533,-65.0,55.0,85.14693182963201,4,179.76364169072622,-4,3,3,2.6896417938340647
2349,3221001,417865.0,3385495.0,8,140,3,0,2585.0,9.2,525,0,5,417860,3385490,525,0,10,-77.71,533,-5.0,-5.0,7.0710678118654755,0,-95.0,-8,3,3,48.5270656910595
2350,3221001,417865.0,3385495.0,8,140,3,0,2585.0,9.2,525,0,5,417905,3385445,523,0,10,-86.5,533,40.0,-50.0,64.03124237432849,-2,-11.34019174590992,-10,3,3,8.876395080973342
2351,3221001,417865.0,3385495.0,8,140,3,0,2585.0,9.2,525,0,5,417885,3385465,524,0,10,-82.1,533,20.0,-30.0,36.05551275463989,-1,-16.309932474020215,-9,3,3,14.015485056263797
2352,3221001,417865.0,3385495.0,8,140,3,0,2585.0,9.2,525,0,5,417880,3385470,524,0,5,-83.32,533,15.0,-25.0,29.154759474226502,-1,-19.036243467926482,-9,3,3,17.155323884866075
2353,3221001,417865.0,3385495.0,8,140,3,0,2585.0,9.2,525,0,5,417840,3385510,527,0,10,-84.48,533,-25.0,15.0,29.154759474226502,2,189.0362434679265,-6,3,3,11.62901399521606
2354,3221001,417865.0,3385495.0,8,140,3,0,2585.0,9.2,525,0,5,417820,3385530,528,0,5,-92.63,533,-45.0,35.0,57.0087712549569,3,182.1250163489018,-5,3,3,5.012346376969023
2355,3221001,417865.0,3385495.0,8,140,3,0,2585.0,9.2,525,0,5,417825,3385525,528,0,5,-87.6,533,-40.0,30.0,50.0,3,183.13010235415595,-5,3,3,5.710593137499642
2356,3221001,417865.0,3385495.0,8,140,3,0,2585.0,9.2,525,0,5,417830,3385540,528,5,5,-103.17,533,-35.0,45.0,57.0087712549569,3,167.8749836510982,-5,3,3,5.012346376969023
2357,3221001,417865.0,3385495.0,8,140,3,0,2585.0,9.2,525,0,5,417870,3385500,525,99,5,-76.67,533,5.0,5.0,7.0710678118654755,0,85.0,-8,3,3,48.5270656910595
2358,3221001,417865.0,3385495.0,8,140,3,0,2585.0,9.2,525,0,5,417845,3385505,526,0,10,-80.19,533,-20.0,10.0,22.360679774997898,1,193.43494882292202,-7,3,3,17.382703987116223
2359,3221001,417865.0,3385495.0,8,140,3,0,2585.0,9.2,525,0,5,417855,3385515,526,0,5,-75.4,533,-10.0,20.0,22.360679774997898,1,156.56505117707798,-7,3,3,17.382703987116223
2360,3221001,417865.0,3385495.0,8,140,3,0,2585.0,9.2,525,0,5,417890,3385480,524,0,5,-80.21,533,25.0,-15.0,29.154759474226502,-1,9.036243467926482,-9,3,3,17.155323884866075
2361,3221001,417865.0,3385495.0,8,140,3,0,2585.0,9.2,525,0,5,417850,3385520,527,0,5,-85.38,533,-15.0,25.0,29.154759474226502,2,160.9637565320735,-6,3,3,11.62901399521606
2362,3221001,417865.0,3385495.0,8,140,3,0,2585.0,9.2,525,0,5,417860,3385395,522,0,5,-98.5,533,-5.0,-100.0,100.12492197250393,-3,-52.86240522611175,-11,3,3,6.269528954899443
2363,3221001,417865.0,3385495.0,8,140,3,0,2585.0,9.2,525,0,5,417870,3385385,521,0,5,-86.25,533,5.0,-110.0,110.11357772772621,-4,-47.39743779750019,-12,3,3,6.219457723984556
2364,3221001,417865.0,3385495.0,8,140,3,0,2585.0,9.2,525,0,5,417815,3385330,520,0,5,-100.67,533,-50.0,-165.0,172.40939649566667,-5,-66.85839876773828,-13,3,3,4.3120523091711975
2365,3221001,417865.0,3385495.0,8,140,3,0,2585.0,9.2,525,0,5,417840,3385375,522,0,5,-109.67,533,-25.0,-120.0,122.57650672131263,-3,-61.76828893202065,-11,3,3,5.127979721791061
2366,3221001,417865.0,3385495.0,8,140,3,0,2585.0,9.2,525,0,5,417820,3385355,521,0,10,-102.0,533,-45.0,-140.0,147.05441169852742,-4,-67.81888891452277,-12,3,3,4.665139207305234
2367,3221001,417865.0,3385495.0,8,140,3,0,2585.0,9.2,525,0,5,417855,3385370,521,0,5,-88.75,533,-10.0,-125.0,125.39936203984452,-4,-54.57392125990086,-12,3,3,5.466232679222325
2368,3221001,417865.0,3385495.0,8,140,3,0,2585.0,9.2,525,0,5,417875,3385390,521,0,5,-93.0,533,10.0,-105.0,105.47511554864494,-4,-44.55966796899449,-12,3,3,6.490684303853317
2369,3221001,417865.0,3385495.0,8,140,3,0,2585.0,9.2,525,0,5,417880,3385415,522,0,5,-87.55,533,15.0,-80.0,81.39410298049853,-3,-39.38034472384487,-11,3,3,7.696602619318572
2370,3221001,417865.0,3385495.0,8,140,3,0,2585.0,9.2,525,0,5,417895,3385410,522,0,5,-91.44,533,30.0,-85.0,90.13878188659973,-3,-30.559965171823805,-11,3,3,6.957633327104099
2371,3221001,417865.0,3385495.0,8,140,3,0,2585.0,9.2,525,0,5,417910,3385425,522,0,10,-90.08,533,45.0,-70.0,83.21658488546619,-3,-17.264773727892404,-11,3,3,7.52999890989622
2372,3221001,417865.0,3385495.0,8,140,3,0,2585.0,9.2,525,0,5,417915,3385430,523,0,10,-90.83,533,50.0,-65.0,82.00609733428362,-2,-12.431407971172519,-10,3,3,6.952445560310081
2373,3221001,417865.0,3385495.0,8,140,3,0,2585.0,9.2,525,0,5,417830,3385345,521,0,10,-113.0,533,-35.0,-150.0,154.02921800749363,-4,-63.13402230639633,-12,3,3,4.454761046465503
2374,3221001,417865.0,3385495.0,8,140,3,0,2585.0,9.2,525,0,5,417900,3385435,523,0,5,-80.0,533,35.0,-60.0,69.46221994724903,-2,-19.743562836470744,-10,3,3,8.19219487435178
2375,3221001,417865.0,3385495.0,8,140,3,0,2585.0,9.2,525,0,5,417905,3385440,523,0,10,-90.83,533,40.0,-55.0,68.00735254367721,-2,-13.972626614896399,-10,3,3,8.364994453540968
2376,3221001,417865.0,3385495.0,8,140,3,0,2585.0,9.2,525,0,5,417885,3385420,522,0,5,-86.2,533,20.0,-75.0,77.62087348130012,-3,-35.06858282186245,-11,3,3,8.065930505029064
2377,3221001,417865.0,3385495.0,8,140,3,0,2585.0,9.2,525,0,5,417890,3385405,522,93,5,-86.33,533,25.0,-90.0,93.40770846134703,-3,-34.47588900324574,-11,3,3,6.716405928399258
2378,3221001,417865.0,3385495.0,8,140,3,0,2585.0,9.2,525,0,5,417865,3385400,522,0,5,-94.2,533,0.0,-95.0,95.0,-3,-50.0,-11,3,3,6.604835496753972
2379,3221001,417865.0,3385495.0,8,140,3,0,2585.0,9.2,525,0,5,417850,3385365,521,0,5,-106.33,533,-15.0,-130.0,130.86252328302402,-4,-56.58194465517802,-12,3,3,5.239329459986255
2380,3221001,417865.0,3385495.0,8,140,3,0,2585.0,9.2,525,0,5,417985,3385620,524,0,5,-99.5,533,120.0,125.0,173.27723451163456,-1,86.16913932790743,-9,3,3,2.9732645308001344
2381,3221001,417865.0,3385495.0,8,140,3,0,2585.0,9.2,525,0,5,417995,3385610,524,0,5,-104.33,533,130.0,115.0,173.5655495770978,-1,81.49646835521554,-9,3,3,2.968334389788952
2382,3221001,417865.0,3385495.0,8,140,3,0,2585.0,9.2,525,0,5,417285,3389545,500,0,12,-114.33,533,-580.0,4050.0,4091.3200803652603,-25,138.14990732381762,-33,3,3,0.462129504739725
2383,3221001,417865.0,3385495.0,8,140,3,0,2585.0,9.2,525,0,5,417815,3385505,527,5,5,-85.83,533,-50.0,10.0,50.99019513592785,2,208.69006752597977,-6,3,3,6.711115269369334
2384,3221001,417865.0,3385495.0,8,140,3,0,2585.0,9.2,525,0,5,417805,3385515,528,5,5,-89.6,533,-60.0,20.0,63.245553203367585,3,201.56505117707798,-5,3,3,4.520227592644634
2385,3221001,417865.0,3385495.0,8,140,3,0,2585.0,9.2,525,0,5,417800,3385520,529,0,5,-90.67,533,-65.0,25.0,69.6419413859206,4,198.96248897457815,-4,3,3,3.28726609999931
2386,3221001,417865.0,3385495.0,8,140,3,0,2585.0,9.2,525,0,5,417885,3385595,527,5,5,-107.8,533,20.0,100.0,101.9803902718557,2,118.69006752597977,-6,3,3,3.3671065082357314
2387,3221001,417865.0,3385495.0,8,140,3,0,2585.0,9.2,525,0,5,417865,3385535,527,0,6,-92.0,533,0.0,40.0,40.0,2,130.0,-6,3,3,8.530765609948133
2388,3221001,417865.0,3385495.0,8,140,3,0,2585.0,9.2,525,0,5,417875,3385525,526,0,6,-79.5,533,10.0,30.0,31.622776601683793,1,111.56505117707798,-7,3,3,12.481691419986054
2389,3221001,417865.0,3385495.0,8,140,3,0,2585.0,9.2,525,0,5,417835,3385485,526,0,5,-77.83,533,-30.0,-10.0,31.622776601683793,1,-121.565051177078,-7,3,3,12.481691419986054
2390,3221001,417865.0,3385495.0,8,140,3,0,2585.0,9.2,525,0,5,417860,3385540,527,0,6,-93.17,533,-5.0,45.0,45.27692569068709,2,136.34019174590992,-6,3,3,7.548729802148626
2391,3221001,417865.0,3385495.0,8,140,3,0,2585.0,9.2,525,0,5,417845,3385555,528,5,6,-103.35,533,-20.0,60.0,63.245553203367585,3,148.43494882292202,-5,3,3,4.520227592644634
2392,3221001,417865.0,3385495.0,8,140,3,0,2585.0,9.2,525,0,5,417850,3385550,527,5,6,-103.55,533,-15.0,55.0,57.0087712549569,2,145.2551187030578,-6,3,3,6.0080881868734854
2393,3221001,417865.0,3385495.0,8,140,3,0,2585.0,9.2,525,0,5,417840,3385560,528,5,6,-107.31,533,-25.0,65.0,69.6419413859206,3,151.03751102542185,-5,3,3,4.106550978833124
2394,3221001,417865.0,3385495.0,8,140,3,0,2585.0,9.2,525,0,5,417810,3385510,528,5,5,-88.0,533,-55.0,15.0,57.0087712549569,3,204.74488129694225,-5,3,3,5.012346376969023
2395,3221001,417865.0,3385495.0,8,140,3,0,2585.0,9.2,525,0,5,417855,3385545,527,0,6,-106.0,533,-10.0,50.0,50.99019513592785,2,141.30993247402023,-6,3,3,6.711115269369334
2396,3221001,417865.0,3385495.0,8,140,3,0,2585.0,9.2,525,0,5,417820,3385500,527,0,10,-87.2,533,-45.0,5.0,45.27692569068709,2,213.65980825409008,-6,3,3,7.548729802148626
2397,3221001,417865.0,3385495.0,8,140,3,0,2585.0,9.2,525,0,5,417780,3385460,527,0,5,-100.0,533,-85.0,-35.0,91.92388155425118,2,-117.61986494804043,-6,3,3,3.7344780780498508
2398,3221001,417865.0,3385495.0,8,140,3,0,2585.0,9.2,525,0,5,417830,3385490,526,0,10,-92.5,533,-35.0,-5.0,35.35533905932738,1,-131.86989764584402,-7,3,3,11.199149096448238
2399,3221001,417865.0,3385495.0,8,140,3,0,2585.0,9.2,525,0,5,417825,3385495,527,0,10,-85.57,533,-40.0,0.0,40.0,2,220.0,-6,3,3,8.530765609948133
2400,3221001,417865.0,3385495.0,8,140,3,0,2585.0,9.2,525,0,5,417870,3385530,526,0,6,-91.71,533,5.0,35.0,35.35533905932738,1,121.86989764584405,-7,3,3,11.199149096448238
2401,3221001,417865.0,3385495.0,8,140,3,0,2585.0,9.2,525,0,5,417135,3389400,507,0,5,-88.0,533,-730.0,3905.0,3972.6471023739323,-18,140.58864627527123,-26,3,3,0.374981456896225
2402,3221001,417865.0,3385495.0,8,140,3,0,2585.0,9.2,525,0,5,417130,3389395,507,0,6,-79.5,533,-735.0,3900.0,3968.655313831122,-18,140.6728670365825,-26,3,3,0.3753586133279017
2403,3221001,417865.0,3385495.0,8,140,3,0,2585.0,9.2,525,0,5,418140,3385245,513,0,6,-104.0,533,275.0,-250.0,371.6517186829626,-12,-2.273689006093747,-20,3,3,3.0803337853781554
2404,3221001,417865.0,3385495.0,8,140,3,0,2585.0,9.2,525,0,5,417845,3385435,524,0,5,-78.4,533,-20.0,-60.0,63.245553203367585,-1,-68.43494882292202,-9,3,3,8.09895652060337
2405,3221001,417865.0,3385495.0,8,140,3,0,2585.0,9.2,525,0,5,417890,3385390,521,93,10,-93.0,533,25.0,-105.0,107.93516572461452,-4,-36.6075022462489,-12,3,3,6.343969118339619
2406,3221001,417865.0,3385495.0,8,140,3,0,2585.0,9.2,525,0,5,417895,3385385,521,93,10,-89.4,533,30.0,-110.0,114.0175425099138,-4,-34.744881296942225,-12,3,3,6.0080881868734854
2407,3221001,417865.0,3385495.0,8,140,3,0,2585.0,9.2,525,0,5,417875,3385405,522,0,5,-89.67,533,10.0,-90.0,90.55385138137417,-3,-43.659808254090095,-11,3,3,6.926052265143598
2408,3221001,417865.0,3385495.0,8,140,3,0,2585.0,9.2,525,0,5,417865,3385415,523,93,5,-98.0,533,0.0,-80.0,80.0,-2,-50.0,-10,3,3,7.125016348901798
2409,3221001,417865.0,3385495.0,8,140,3,0,2585.0,9.2,525,0,5,417685,3385595,533,0,6,-115.5,533,-180.0,100.0,205.91260281974002,8,190.94539590092285,0,3,3,0.0
2410,3221001,417865.0,3385495.0,8,140,3,0,2585.0,9.2,525,0,5,417850,3385430,524,93,5,-87.14,533,-15.0,-65.0,66.70832032063167,-1,-62.9946167919165,-9,3,3,7.683704360641303
2411,3221001,417865.0,3385495.0,8,140,3,0,2585.0,9.2,525,0,5,417860,3385420,523,93,5,-92.83,533,-5.0,-75.0,75.16648189186454,-2,-53.814074834290366,-10,3,3,7.578018126690046
2412,3221001,417865.0,3385495.0,8,140,3,0,2585.0,9.2,525,0,5,417855,3385425,523,93,5,-92.67,533,-10.0,-70.0,70.71067811865476,-2,-58.13010235415598,-10,3,3,8.049466975528397
2413,3221001,417865.0,3385495.0,8,140,3,0,2585.0,9.2,525,0,5,417880,3385400,522,0,5,-86.25,533,15.0,-95.0,96.17692030835673,-3,-41.027373385103616,-11,3,3,6.52471309697737
2414,3221001,417865.0,3385495.0,8,140,3,0,2585.0,9.2,525,0,5,417870,3385410,522,0,5,-90.0,533,5.0,-85.0,85.14693182963201,-3,-46.63353933657021,-11,3,3,7.361181670807614
2415,3221001,417865.0,3385495.0,8,140,3,0,2585.0,9.2,525,0,5,417885,3385395,521,93,5,-94.2,533,20.0,-100.0,101.9803902718557,-4,-38.690067525979785,-12,3,3,6.711115269369334
2416,3221001,417865.0,3385495.0,8,140,3,0,2585.0,9.2,525,0,5,417840,3385440,524,93,5,-84.14,533,-25.0,-55.0,60.41522986797286,-1,-74.44395478041653,-9,3,3,8.472988173639854
2417,3221001,417865.0,3385495.0,8,140,3,0,2585.0,9.2,525,0,5,417910,3385370,520,93,6,-98.0,533,45.0,-125.0,132.85330255586422,-5,-30.20112364547508,-13,3,3,5.588731100191092
2418,3221001,417865.0,3385495.0,8,140,3,0,2585.0,9.2,525,0,5,417105,3389395,508,0,6,-90.86,533,-760.0,3900.0,3973.361297440745,-17,141.02713230506072,-25,3,3,0.3604946741959005
2419,3221001,417865.0,3385495.0,8,140,3,0,2585.0,9.2,525,0,5,417100,3389400,507,0,6,-91.33,533,-765.0,3905.0,3979.227311928787,-18,141.0840261847702,-26,3,3,0.3743613902126589
2420,3221001,417865.0,3385495.0,8,140,3,0,2585.0,9.2,525,0,5,417110,3389390,508,0,6,-89.33,533,-755.0,3895.0,3967.4992123502684,-17,140.9700702445221,-25,3,3,0.3610273005297694
2421,3221001,417865.0,3385495.0,8,140,3,0,2585.0,9.2,525,0,5,417080,3389380,509,0,6,-86.25,533,-785.0,3885.0,3963.5148542676106,-16,141.42333317604545,-24,3,3,0.3469349688005578
2422,3221001,417865.0,3385495.0,8,140,3,0,2585.0,9.2,525,0,5,417645,3385255,518,96,5,-109.0,533,-220.0,-240.0,325.5764119219941,-7,-92.51044707800085,-15,3,3,2.63787345315106
2423,3221001,417865.0,3385495.0,8,140,3,0,2585.0,9.2,525,0,5,416815,3389270,512,0,5,-94.0,533,-1050.0,3775.0,3918.306394349477,-13,145.54367922670144,-21,3,3,0.30707140499354546
2424,3221001,417865.0,3385495.0,8,140,3,0,2585.0,9.2,525,0,5,417935,3385590,526,99,5,-92.0,533,70.0,95.0,118.00423721205946,1,93.61564818416412,-7,3,3,3.394801924729904
2425,3221001,417865.0,3385495.0,8,140,3,0,2585.0,9.2,525,0,5,417980,3385535,526,0,5,-84.83,533,115.0,40.0,121.75795661885921,1,59.17900802581073,-7,3,3,3.290375968570152
2426,3221001,417865.0,3385495.0,8,140,3,0,2585.0,9.2,525,0,5,417975,3385550,526,0,5,-106.71,533,110.0,55.0,122.98373876248843,1,66.56505117707798,-7,3,3,3.2576516917219247
2427,3221001,417865.0,3385495.0,8,140,3,0,2585.0,9.2,525,0,5,417985,3385540,525,0,5,-89.5,533,120.0,45.0,128.16005617976296,0,60.55604521958347,-8,3,3,3.571879542705563
2428,3221001,417865.0,3385495.0,8,140,3,0,2585.0,9.2,525,0,5,416910,3389165,509,0,5,-99.33,533,-955.0,3670.0,3792.219007388682,-16,144.58591428725435,-24,3,3,0.36260573218669107
2429,3221001,417865.0,3385495.0,8,140,3,0,2585.0,9.2,525,0,5,416920,3389155,508,0,5,-100.33,533,-945.0,3660.0,3780.029761787597,-17,144.47739570879418,-25,3,3,0.3789318322368928
2430,3221001,417865.0,3385495.0,8,140,3,0,2585.0,9.2,525,0,5,417995,3385530,525,0,10,-103.75,533,130.0,35.0,134.6291201783626,0,55.068488159492205,-8,3,3,3.4006600748447715
2431,3221001,417865.0,3385495.0,8,140,3,0,2585.0,9.2,525,0,5,417610,3385545,529,0,6,-108.67,533,-255.0,50.0,259.8557292037257,4,208.9062769884422,-4,3,3,0.8818932710706975
2432,3221001,417865.0,3385495.0,8,140,3,0,2585.0,9.2,525,0,5,417615,3385550,530,102,6,-110.83,533,-250.0,55.0,255.9785147234041,5,207.59258147259925,-3,3,3,0.6714605312661962
2433,3221001,417865.0,3385495.0,8,140,3,0,2585.0,9.2,525,0,5,417895,3385350,520,0,5,-106.0,533,30.0,-145.0,148.07092894960846,-5,-38.3106308245608,-13,3,3,5.017461308877644
2434,3221001,417865.0,3385495.0,8,140,3,0,2585.0,9.2,525,0,5,417885,3385360,520,0,10,-103.0,533,20.0,-135.0,136.4734406395618,-5,-41.57303097851933,-13,3,3,5.441384430483884
2435,3221001,417865.0,3385495.0,8,140,3,0,2585.0,9.2,525,0,5,417905,3385340,519,93,6,-101.67,533,40.0,-155.0,160.0781059358212,-6,-35.529705899934115,-14,3,3,4.998217026252394
2436,3221001,417865.0,3385495.0,8,140,3,0,2585.0,9.2,525,0,5,417835,3385410,523,0,5,-104.0,533,-30.0,-85.0,90.13878188659973,-2,-69.4400348281762,-10,3,3,6.330509401162716
2437,3221001,417865.0,3385495.0,8,140,3,0,2585.0,9.2,525,0,5,417825,3385420,524,0,5,-91.5,533,-40.0,-75.0,85.0,-1,-78.07248693585296,-9,3,3,6.044092162241109
2438,3221001,417865.0,3385495.0,8,140,3,0,2585.0,9.2,525,0,5,417150,3389605,494,0,6,-90.0,533,-715.0,4110.0,4171.729257753911,-31,139.8687485068724,-39,3,3,0.5356220811721139
2439,3221001,417865.0,3385495.0,8,140,3,0,2585.0,9.2,525,0,5,417190,3389645,495,0,6,-92.0,533,-675.0,4150.0,4204.536240776145,-30,139.23829293129313,-38,3,3,0.5178170001787212
2440,3221001,417865.0,3385495.0,8,140,3,0,2585.0,9.2,525,0,5,417195,3389650,495,0,6,-91.33,533,-670.0,4155.0,4208.672593585773,-30,139.1601792965073,-38,3,3,0.517308108764672
2441,3221001,417865.0,3385495.0,8,140,3,0,2585.0,9.2,525,0,5,417255,3389750,502,0,5,-89.5,533,-610.0,4255.0,4298.502646271141,-23,138.1583779462904,-31,3,3,0.4131993205594353
2442,3221001,417865.0,3385495.0,8,140,3,0,2585.0,9.2,525,0,5,417905,3385475,524,0,5,-86.29,533,40.0,-20.0,44.721359549995796,-1,13.434948822922024,-9,3,3,11.378567244391915
2443,3221001,417865.0,3385495.0,8,140,3,0,2585.0,9.2,525,0,5,417860,3385520,526,0,5,-85.5,533,-5.0,25.0,25.495097567963924,1,141.30993247402023,-7,3,3,15.35294889462336
2444,3221001,417865.0,3385495.0,8,140,3,0,2585.0,9.2,525,0,5,417805,3385535,529,0,5,-97.78,533,-60.0,40.0,72.11102550927978,4,186.30993247402023,-4,3,3,3.17494432830295
2445,3221001,417865.0,3385495.0,8,140,3,0,2585.0,9.2,525,0,5,417915,3385465,524,99,5,-85.35,533,50.0,-30.0,58.309518948453004,-1,9.036243467926482,-9,3,3,8.77428964784655
2446,3221001,417865.0,3385495.0,8,140,3,0,2585.0,9.2,525,0,5,417900,3385480,525,0,5,-90.43,533,35.0,-15.0,38.07886552931954,0,16.801409486351815,-8,3,3,11.864733904530008
2447,3221001,417865.0,3385495.0,8,140,3,0,2585.0,9.2,525,0,5,417815,3385525,528,0,5,-91.61,533,-50.0,30.0,58.309518948453004,3,189.0362434679265,-5,3,3,4.901083564402995
2448,3221001,417865.0,3385495.0,8,140,3,0,2585.0,9.2,525,0,5,417885,3385455,524,0,10,-82.95,533,20.0,-40.0,44.721359549995796,-1,-23.43494882292201,-9,3,3,11.378567244391915
2449,3221001,417865.0,3385495.0,8,140,3,0,2585.0,9.2,525,0,5,417770,3385570,531,0,5,-96.75,533,-95.0,75.0,121.03718436910205,6,181.70983680775691,-2,3,3,0.9466605825782463
2450,3221001,417865.0,3385495.0,8,140,3,0,2585.0,9.2,525,0,5,417880,3385460,524,0,10,-82.82,533,15.0,-35.0,38.07886552931954,-1,-26.801409486351815,-9,3,3,13.297916054000208
2451,3221001,417865.0,3385495.0,8,140,3,0,2585.0,9.2,525,0,5,417800,3385540,529,0,5,-97.69,533,-65.0,45.0,79.05694150420949,4,185.30484646876607,-4,3,3,2.896492628579106
2452,3221001,417865.0,3385495.0,8,140,3,0,2585.0,9.2,525,0,5,417820,3385560,529,5,5,-102.86,533,-45.0,65.0,79.05694150420949,4,164.69515353123398,-4,3,3,2.896492628579106
2453,3221001,417865.0,3385495.0,8,140,3,0,2585.0,9.2,525,0,5,417825,3385555,529,5,5,-105.22,533,-40.0,60.0,72.11102550927978,4,163.69006752597977,-4,3,3,3.17494432830295
2454,3221001,417865.0,3385495.0,8,140,3,0,2585.0,9.2,525,0,5,417775,3385565,531,0,5,-102.0,533,-90.0,70.0,114.0175425099138,6,182.1250163489018,-2,3,3,1.0049313964567625
2455,3221001,417865.0,3385495.0,8,140,3,0,2585.0,9.2,525,0,5,417840,3385500,526,0,10,-80.8,533,-25.0,5.0,25.495097567963924,1,208.69006752597977,-7,3,3,15.35294889462336
2456,3221001,417865.0,3385495.0,8,140,3,0,2585.0,9.2,525,0,5,417855,3385485,525,0,10,-77.91,533,-10.0,-10.0,14.142135623730951,0,-95.0,-8,3,3,29.49620849656643
2457,3221001,417865.0,3385495.0,8,140,3,0,2585.0,9.2,525,0,5,417830,3385550,528,5,5,-107.09,533,-35.0,55.0,65.19202405202648,3,162.47119229084848,-5,3,3,4.385799530775009
2458,3221001,417865.0,3385495.0,8,140,3,0,2585.0,9.2,525,0,5,417835,3385545,528,5,5,-97.4,533,-30.0,50.0,58.309518948453004,3,160.9637565320735,-5,3,3,4.901083564402995
2459,3221001,417865.0,3385495.0,8,140,3,0,2585.0,9.2,525,0,5,417895,3385445,523,0,10,-85.07,533,30.0,-50.0,58.309518948453004,-2,-19.036243467926482,-10,3,3,9.731475473157628
2460,3221001,417865.0,3385495.0,8,140,3,0,2585.0,9.2,525,0,5,417890,3385450,523,0,10,-83.6,533,25.0,-45.0,51.478150704935004,-2,-20.94539590092286,-10,3,3,10.993201498596918
2461,3221001,417865.0,3385495.0,8,140,3,0,2585.0,9.2,525,0,5,417760,3385580,532,0,5,-100.5,533,-105.0,85.0,135.09256086106296,7,181.00900595749454,-1,3,3,0.42411464172446683
2462,3221001,417865.0,3385495.0,8,140,3,0,2585.0,9.2,525,0,5,417845,3385495,526,0,5,-77.62,533,-20.0,0.0,20.0,1,220.0,-7,3,3,19.290046219188735
2463,3221001,417865.0,3385495.0,8,140,3,0,2585.0,9.2,525,0,5,417850,3385490,526,0,5,-75.81,533,-15.0,-5.0,15.811388300841896,1,-121.565051177078,-7,3,3,23.879876253764905
2464,3221001,417865.0,3385495.0,8,140,3,0,2585.0,9.2,525,0,5,417875,3385505,525,99,5,-76.88,533,10.0,10.0,14.142135623730951,0,85.0,-8,3,3,29.49620849656643
2465,3221001,417865.0,3385495.0,8,140,3,0,2585.0,9.2,525,0,5,417910,3385470,524,99,5,-82.79,533,45.0,-25.0,51.478150704935004,-1,10.945395900922847,-9,3,3,9.916875288970415
2466,3221001,417865.0,3385495.0,8,140,3,0,2585.0,9.2,525,0,5,417865,3385515,526,0,5,-76.33,533,0.0,20.0,20.0,1,130.0,-7,3,3,19.290046219188735
2467,3221001,417865.0,3385495.0,8,140,3,0,2585.0,9.2,525,0,5,417810,3385530,528,0,5,-94.0,533,-55.0,35.0,65.19202405202648,3,187.52880770915152,-5,3,3,4.385799530775009
2468,3221001,417865.0,3385495.0,8,140,3,0,2585.0,9.2,525,0,5,417870,3385510,526,0,5,-75.91,533,5.0,15.0,15.811388300841896,1,111.56505117707798,-7,3,3,23.879876253764905
2469,3221001,417865.0,3385495.0,8,140,3,0,2585.0,9.2,525,0,5,417770,3385705,532,111,6,-110.5,533,-95.0,210.0,230.4886114323222,7,154.34108993669253,-1,3,3,0.2485824338919052
2470,3221001,417865.0,3385495.0,8,140,3,0,2585.0,9.2,525,0,5,417775,3385710,532,0,6,-110.67,533,-90.0,215.0,233.0772404161333,7,152.71441235316723,-1,3,3,0.24582163343319272
2471,3221001,417865.0,3385495.0,8,140,3,0,2585.0,9.2,525,0,5,417860,3385615,528,0,14,-110.33,533,-5.0,120.0,120.10412149464314,3,132.38594403038883,-5,3,3,2.383877978635765
2472,3221001,417865.0,3385495.0,8,140,3,0,2585.0,9.2,525,0,5,417870,3385605,527,0,5,-112.67,533,5.0,110.0,110.11357772772621,2,127.39743779750017,-6,3,3,3.1189164713051953
2473,3221001,417865.0,3385495.0,8,140,3,0,2585.0,9.2,525,0,5,417860,3385670,526,0,5,-102.0,533,-5.0,175.0,175.07141400011596,1,131.6365770416167,-7,3,3,2.289676666462977
2474,3221001,417865.0,3385495.0,8,140,3,0,2585.0,9.2,525,0,5,417130,3389490,500,0,6,-86.5,533,-735.0,3995.0,4062.049975074162,-25,140.42469874476785,-33,3,3,0.4654593471461705
2475,3221001,417865.0,3385495.0,8,140,3,0,2585.0,9.2,525,0,5,417230,3389590,495,0,14,-98.0,533,-635.0,4095.0,4143.941360588974,-30,138.81449037745932,-38,3,3,0.5253883700837104
2476,3221001,417865.0,3385495.0,8,140,3,0,2585.0,9.2,525,0,5,417205,3389575,496,0,5,-89.0,533,-660.0,4080.0,4133.037623830685,-29,139.18883607735876,-37,3,3,0.5129126334854499
2477,3221001,417865.0,3385495.0,8,140,3,0,2585.0,9.2,525,0,5,417200,3389580,495,0,5,-92.0,533,-665.0,4085.0,4138.773973050474,-30,139.24611274556327,-38,3,3,0.526044296902899
2478,3221001,417865.0,3385495.0,8,140,3,0,2585.0,9.2,525,0,5,416995,3389665,499,0,5,-103.0,533,-870.0,4170.0,4259.788727155374,-26,141.78474850626282,-34,3,3,0.45730322840833715
2479,3221001,417865.0,3385495.0,8,140,3,0,2585.0,9.2,525,0,5,417215,3389565,497,0,12,-89.44,533,-650.0,4070.0,4121.577367950285,-28,139.07380472783683,-36,3,3,0.5004384065444558
2480,3221001,417865.0,3385495.0,8,140,3,0,2585.0,9.2,525,0,5,416975,3389645,499,0,5,-96.5,533,-890.0,4150.0,4244.360964856783,-26,142.10418537699496,-34,3,3,0.4589654018914961
2481,3221001,417865.0,3385495.0,8,140,3,0,2585.0,9.2,525,0,5,417210,3389570,496,0,12,-90.6,533,-655.0,4075.0,4127.305416370346,-29,139.13140025424104,-37,3,3,0.5136249539765841
2482,3221001,417865.0,3385495.0,8,140,3,0,2585.0,9.2,525,0,5,416960,3389660,499,0,6,-99.0,533,-905.0,4165.0,4262.188405033264,-26,142.25906242612575,-34,3,3,0.4570457705553013
2483,3221001,417865.0,3385495.0,8,140,3,0,2585.0,9.2,525,0,5,417155,3389505,499,0,6,-88.6,533,-710.0,4010.0,4072.370317149461,-26,140.04058052595337,-34,3,3,0.4783482568140971
2484,3221001,417865.0,3385495.0,8,140,3,0,2585.0,9.2,525,0,5,417220,3389600,494,0,14,-89.67,533,-645.0,4105.0,4155.364003309457,-31,138.92961715505555,-39,3,3,0.5377314217571266
2485,3221001,417865.0,3385495.0,8,140,3,0,2585.0,9.2,525,0,5,417185,3389475,501,0,12,-81.67,533,-680.0,3980.0,4037.6725969300683,-24,139.69560992338245,-32,3,3,0.45408004597071244
2486,3221001,417865.0,3385495.0,8,140,3,0,2585.0,9.2,525,0,5,417165,3389455,503,0,12,-90.67,533,-700.0,3960.0,4021.3927935480265,-22,140.02448679594664,-30,3,3,0.42742442427554717
2487,3221001,417865.0,3385495.0,8,140,3,0,2585.0,9.2,525,0,5,417125,3389495,500,0,6,-89.5,533,-740.0,4000.0,4067.874137679287,-25,140.48121814413093,-33,3,3,0.4647929568359816
2488,3221001,417865.0,3385495.0,8,140,3,0,2585.0,9.2,525,0,5,417250,3389740,501,0,5,-104.0,533,-615.0,4245.0,4289.318127628213,-24,138.24344697289433,-32,3,3,0.427441116667614
2489,3221001,417865.0,3385495.0,8,140,3,0,2585.0,9.2,525,0,5,417265,3389745,502,0,5,-94.0,533,-600.0,4250.0,4292.143986401202,-23,138.03571071053477,-31,3,3,0.41381143950206095
2490,3221001,417865.0,3385495.0,8,140,3,0,2585.0,9.2,525,0,5,418070,3385315,514,0,5,-102.0,533,205.0,-180.0,272.8094573140748,-11,-1.2847108945712193,-19,3,3,3.9839703578680234
2491,3221001,417865.0,3385495.0,8,140,3,0,2585.0,9.2,525,0,5,417955,3385440,523,0,6,-79.0,533,90.0,-55.0,105.47511554864494,-2,8.57043438516149,-10,3,3,5.415971951341969
2492,3221001,417865.0,3385495.0,8,140,3,0,2585.0,9.2,525,0,5,417920,3385405,522,0,5,-95.56,533,55.0,-90.0,105.47511554864494,-3,-18.57043438516149,-11,3,3,5.9538536985858865
2493,3221001,417865.0,3385495.0,8,140,3,0,2585.0,9.2,525,0,5,417935,3385420,522,0,5,-90.54,533,70.0,-75.0,102.59142264341595,-3,-6.974934010881981,-11,3,3,6.119954858156983
2494,3221001,417865.0,3385495.0,8,140,3,0,2585.0,9.2,525,0,5,417940,3385425,522,0,5,-90.07,533,75.0,-70.0,102.59142264341595,-3,-3.025065989118019,-11,3,3,6.119954858156983
2495,3221001,417865.0,3385495.0,8,140,3,0,2585.0,9.2,525,0,5,417930,3385415,522,0,10,-88.73,533,65.0,-80.0,103.07764064044152,-3,-10.906141113770502,-11,3,3,6.0913045223563165
2496,3221001,417865.0,3385495.0,8,140,3,0,2585.0,9.2,525,0,5,418060,3385305,514,0,14,-90.0,533,195.0,-190.0,272.2590678012396,-11,-4.255940797111293,-19,3,3,3.9919982015267346
2497,3221001,417865.0,3385495.0,8,140,3,0,2585.0,9.2,525,0,5,418055,3385300,513,0,5,-99.5,533,190.0,-195.0,272.2590678012396,-12,-5.744059202888707,-20,3,3,4.201369734777764
2498,3221001,417865.0,3385495.0,8,140,3,0,2585.0,9.2,525,0,5,417950,3385435,523,0,6,-97.5,533,85.0,-60.0,104.04326023342406,-2,4.782407031807281,-10,3,3,5.490054854268563
2499,3221001,417865.0,3385495.0,8,140,3,0,2585.0,9.2,525,0,5,418015,3385340,517,0,5,-98.33,533,150.0,-155.0,215.6965461012299,-8,-5.939190945735589,-16,3,3,4.242333050907641
2500,3221001,417865.0,3385495.0,8,140,3,0,2585.0,9.2,525,0,5,417970,3385375,520,0,5,-89.33,533,105.0,-120.0,159.45218719101973,-5,-8.814074834290352,-13,3,3,4.6609668311061885
2501,3221001,417865.0,3385495.0,8,140,3,0,2585.0,9.2,525,0,5,417965,3385370,520,0,5,-89.6,533,100.0,-125.0,160.0781059358212,-5,-11.34019174590992,-13,3,3,4.64282189182415
2502,3221001,417865.0,3385495.0,8,140,3,0,2585.0,9.2,525,0,5,417960,3385365,520,0,5,-91.0,533,95.0,-130.0,161.01242188104618,-5,-13.841814560191665,-13,3,3,4.615997487630596
2503,3221001,417865.0,3385495.0,8,140,3,0,2585.0,9.2,525,0,5,417975,3385380,520,0,5,-87.25,533,110.0,-115.0,159.13830462839547,-5,-6.273030020056694,-13,3,3,4.670119444173602
2504,3221001,417865.0,3385495.0,8,140,3,0,2585.0,9.2,525,0,5,417985,3385390,520,0,5,-90.67,533,120.0,-105.0,159.45218719101973,-5,-1.185925165709648,-13,3,3,4.6609668311061885
2505,3221001,417865.0,3385495.0,8,140,3,0,2585.0,9.2,525,0,5,418025,3385350,517,0,5,-94.67,533,160.0,-145.0,215.92822881689185,-8,-2.1844433157887693,-16,3,3,4.237797781748902
2506,3221001,417865.0,3385495.0,8,140,3,0,2585.0,9.2,525,0,5,417945,3385430,523,0,6,-84.33,533,80.0,-65.0,103.07764064044152,-2,0.9061411137705022,-10,3,3,5.541166443639222
2507,3221001,417865.0,3385495.0,8,140,3,0,2585.0,9.2,525,0,5,417925,3385410,522,0,5,-94.29,533,60.0,-85.0,104.04326023342406,-3,-14.782407031807281,-11,3,3,6.035190640138791
2508,3221001,417865.0,3385495.0,8,140,3,0,2585.0,9.2,525,0,5,417980,3385385,520,0,5,-81.67,533,115.0,-110.0,159.13830462839547,-5,-3.7269699799433056,-13,3,3,4.670119444173602
2509,3221001,417865.0,3385495.0,8,140,3,0,2585.0,9.2,525,0,5,419360,3385995,520,0,5,-89.0,533,1495.0,500.0,1576.3962065419976,-5,58.492416987715785,-13,3,3,0.47248797369802475
2510,3221001,417865.0,3385495.0,8,140,3,0,2585.0,9.2,525,0,5,418010,3385410,520,0,5,-98.0,533,145.0,-85.0,168.0773631397161,-5,9.620873988631672,-13,3,3,4.422755881576062
2511,3221001,417865.0,3385495.0,8,140,3,0,2585.0,9.2,525,0,5,418040,3385380,518,0,5,-94.0,533,175.0,-115.0,209.40391591371923,-7,6.689369175439197,-15,3,3,4.0972072457629825
2512,3221001,417865.0,3385495.0,8,140,3,0,2585.0,9.2,525,0,5,418015,3385405,520,0,5,-85.5,533,150.0,-90.0,174.92855684535903,-5,9.036243467926482,-13,3,3,4.250183297954904
2513,3221001,417865.0,3385495.0,8,140,3,0,2585.0,9.2,525,0,5,417925,3385335,518,0,5,-93.67,533,60.0,-160.0,170.88007490635061,-7,-29.443954780416533,-15,3,3,5.016614053923576
2514,3221001,417865.0,3385495.0,8,140,3,0,2585.0,9.2,525,0,5,417940,3385360,520,0,5,-97.5,533,75.0,-135.0,154.434452114805,-5,-20.94539590092286,-13,3,3,4.811706539143827
2515,3221001,417865.0,3385495.0,8,140,3,0,2585.0,9.2,525,0,5,417920,3385340,519,0,6,-94.5,533,55.0,-155.0,164.46884203398528,-6,-30.463345061871607,-14,3,3,4.86543157713569
2516,3221001,417865.0,3385495.0,8,140,3,0,2585.0,9.2,525,0,5,417935,3385325,518,0,5,-93.5,533,70.0,-170.0,183.84776310850236,-7,-27.61986494804043,-15,3,3,4.66438767019559
2517,3221001,417865.0,3385495.0,8,140,3,0,2585.0,9.2,525,0,5,417945,3385355,519,0,5,-92.2,533,80.0,-140.0,161.24515496597098,-6,-20.255118703057775,-14,3,3,4.962222556601448
2518,3221001,417865.0,3385495.0,8,140,3,0,2585.0,9.2,525,0,5,418025,3385435,520,0,5,-89.0,533,160.0,-60.0,170.88007490635061,-5,19.443954780416533,-13,3,3,4.350496280267007
2519,3221001,417865.0,3385495.0,8,140,3,0,2585.0,9.2,525,0,5,417715,3385190,517,0,5,-111.0,533,-150.0,-305.0,339.8896879871468,-8,-76.18811069748087,-16,3,3,2.695157437147441
2520,3221001,417865.0,3385495.0,8,140,3,0,2585.0,9.2,525,0,5,417960,3385420,522,99,6,-89.33,533,95.0,-75.0,121.03718436910205,-3,1.7098368077569148,-11,3,3,5.192841830049596
2521,3221001,417865.0,3385495.0,8,140,3,0,2585.0,9.2,525,0,5,418035,3385305,514,0,5,-93.5,533,170.0,-190.0,254.95097567963924,-11,-8.17983011986422,-19,3,3,4.262039612711057
2522,3221001,417865.0,3385495.0,8,140,3,0,2585.0,9.2,525,0,5,417975,3385405,521,0,6,-107.11,533,110.0,-90.0,142.12670403551894,-4,0.710593137499643,-12,3,3,4.826134052945533
2523,3221001,417865.0,3385495.0,8,140,3,0,2585.0,9.2,525,0,5,417935,3385365,520,0,6,-92.5,533,70.0,-130.0,147.648230602334,-5,-21.699244233993625,-13,3,3,5.03175203248423
2524,3221001,417865.0,3385495.0,8,140,3,0,2585.0,9.2,525,0,5,417985,3385435,522,0,6,-100.8,533,120.0,-60.0,134.16407864998737,-3,13.434948822922024,-11,3,3,4.687148862170573
2525,3221001,417865.0,3385495.0,8,140,3,0,2585.0,9.2,525,0,5,417965,3385415,522,99,6,-95.25,533,100.0,-80.0,128.06248474865697,-3,1.3401917459099195,-11,3,3,4.909403309620105
2526,3221001,417865.0,3385495.0,8,140,3,0,2585.0,9.2,525,0,5,417955,3385385,521,0,5,-92.9,533,90.0,-110.0,142.12670403551894,-4,-10.710593137499643,-12,3,3,4.826134052945533
2527,3221001,417865.0,3385495.0,8,140,3,0,2585.0,9.2,525,0,5,417940,3385400,521,0,6,-92.17,533,75.0,-95.0,121.03718436910205,-4,-11.709836807756915,-12,3,3,5.661977593079348
2528,3221001,417865.0,3385495.0,8,140,3,0,2585.0,9.2,525,0,5,417990,3385430,522,0,5,-98.17,533,125.0,-65.0,140.8900280360537,-3,12.525568373722876,-11,3,3,4.464316111530989
2529,3221001,417865.0,3385495.0,8,140,3,0,2585.0,9.2,525,0,5,417970,3385410,521,0,6,-107.91,533,105.0,-85.0,135.09256086106296,-4,1.0090059574945371,-12,3,3,5.076145673849254
2530,3221001,417865.0,3385495.0,8,140,3,0,2585.0,9.2,525,0,5,417950,3385390,521,0,6,-93.8,533,85.0,-105.0,135.09256086106296,-4,-11.009005957494537,-12,3,3,5.076145673849254
2531,3221001,417865.0,3385495.0,8,140,3,0,2585.0,9.2,525,0,5,417945,3385395,521,0,6,-92.75,533,80.0,-100.0,128.06248474865697,-4,-11.34019174590992,-12,3,3,5.353226992926177
2532,3221001,417865.0,3385495.0,8,140,3,0,2585.0,9.2,525,0,5,417995,3385425,521,0,5,-104.8,533,130.0,-70.0,147.648230602334,-4,11.699244233993625,-12,3,3,4.646459039719347
2533,3221001,417865.0,3385495.0,8,140,3,0,2585.0,9.2,525,0,5,417980,3385440,522,99,6,-99.5,533,115.0,-55.0,127.47548783981962,-3,14.44003482817618,-11,3,3,4.931898795250205
2534,3221001,417865.0,3385495.0,8,140,3,0,2585.0,9.2,525,0,5,417920,3385380,521,0,6,-91.0,533,55.0,-115.0,127.47548783981962,-4,-24.440034828176195,-12,3,3,5.377733249708988
2535,3221001,417865.0,3385495.0,8,140,3,0,2585.0,9.2,525,0,5,417225,3389665,497,0,5,-93.0,533,-640.0,4170.0,4218.82685115187,-28,138.72551141482336,-36,3,3,0.48890321253712254
2536,3221001,417865.0,3385495.0,8,140,3,0,2585.0,9.2,525,0,5,417215,3389655,496,0,6,-94.0,533,-650.0,4160.0,4210.475032582428,-29,138.88065915052027,-37,3,3,0.5034798352474462
2537,3221001,417865.0,3385495.0,8,140,3,0,2585.0,9.2,525,0,5,417235,3389675,498,0,5,-93.0,533,-630.0,4180.0,4227.209481442811,-27,138.5709778711054,-35,3,3,0.47438066864699935
2538,3221001,417865.0,3385495.0,8,140,3,0,2585.0,9.2,525,0,5,417880,3385590,527,5,5,-105.5,533,15.0,95.0,96.17692030835673,2,121.0273733851036,-6,3,3,3.569772628929599
2539,3221001,417865.0,3385495.0,8,140,3,0,2585.0,9.2,525,0,5,417800,3385510,528,5,5,-85.33,533,-65.0,15.0,66.70832032063167,3,207.00538320808346,-5,3,3,4.286485103811266
2540,3221001,417865.0,3385495.0,8,140,3,0,2585.0,9.2,525,0,5,417875,3385535,526,0,6,-77.33,533,10.0,40.0,41.23105625617661,1,115.96375653207355,-7,3,3,9.635511921940111
2541,3221001,417865.0,3385495.0,8,140,3,0,2585.0,9.2,525,0,5,417865,3385525,526,0,6,-84.13,533,0.0,30.0,30.0,1,130.0,-7,3,3,13.134022306396323
2542,3221001,417865.0,3385495.0,8,140,3,0,2585.0,9.2,525,0,5,417900,3385570,526,0,10,-101.75,533,35.0,75.0,82.76472678623425,1,104.98310652189997,-7,3,3,4.834405091024636
2543,3221001,417865.0,3385495.0,8,140,3,0,2585.0,9.2,525,0,5,417830,3385500,527,0,10,-85.14,533,-35.0,5.0,35.35533905932738,2,211.86989764584405,-6,3,3,9.6316519614038
2544,3221001,417865.0,3385495.0,8,140,3,0,2585.0,9.2,525,0,5,417855,3385555,527,5,6,-107.5,533,-10.0,60.0,60.8276253029822,2,139.46232220802563,-6,3,3,5.633397563110582
2545,3221001,417865.0,3385495.0,8,140,3,0,2585.0,9.2,525,0,5,417840,3385550,528,5,6,-99.12,533,-25.0,55.0,60.41522986797286,3,154.44395478041656,-5,3,3,4.731050624536694
2546,3221001,417865.0,3385495.0,8,140,3,0,2585.0,9.2,525,0,5,417850,3385560,528,5,6,-104.37,533,-15.0,65.0,66.70832032063167,3,142.99461679191648,-5,3,3,4.286485103811266
2547,3221001,417865.0,3385495.0,8,140,3,0,2585.0,9.2,525,0,5,417810,3385520,528,0,5,-91.31,533,-55.0,25.0,60.41522986797286,3,195.55604521958344,-5,3,3,4.731050624536694
2548,3221001,417865.0,3385495.0,8,140,3,0,2585.0,9.2,525,0,5,417815,3385515,528,0,5,-93.38,533,-50.0,20.0,53.85164807134504,3,198.19859051364818,-5,3,3,5.30457143909761
2549,3221001,417865.0,3385495.0,8,140,3,0,2585.0,9.2,525,0,5,417805,3385505,528,5,5,-77.67,533,-60.0,10.0,60.8276253029822,3,210.53767779197437,-5,3,3,4.69911946436983
2550,3221001,417865.0,3385495.0,8,140,3,0,2585.0,9.2,525,0,5,417835,3385495,526,0,10,-78.71,533,-30.0,0.0,30.0,1,220.0,-7,3,3,13.134022306396323
2551,3221001,417865.0,3385495.0,8,140,3,0,2585.0,9.2,525,0,5,417820,3385490,527,0,5,-78.67,533,-45.0,-5.0,45.27692569068709,2,-133.6598082540901,-6,3,3,7.548729802148626
2552,3221001,417865.0,3385495.0,8,140,3,0,2585.0,9.2,525,0,5,417870,3385540,526,0,6,-111.5,533,5.0,45.0,45.27692569068709,1,123.65980825409008,-7,3,3,8.788582486204
2553,3221001,417865.0,3385495.0,8,140,3,0,2585.0,9.2,525,0,5,417910,3385580,526,0,10,-103.0,533,45.0,85.0,96.17692030835673,1,102.10272896905238,-7,3,3,4.162791876267054
2554,3221001,417865.0,3385495.0,8,140,3,0,2585.0,9.2,525,0,5,417885,3385585,527,0,5,-100.67,533,20.0,90.0,92.19544457292888,2,117.47119229084848,-6,3,3,3.7235091093771655
2555,3221001,417865.0,3385495.0,8,140,3,0,2585.0,9.2,525,0,5,417845,3385545,528,5,6,-101.58,533,-20.0,50.0,53.85164807134504,3,151.80140948635182,-5,3,3,5.30457143909761
2556,3221001,417865.0,3385495.0,8,140,3,0,2585.0,9.2,525,0,5,417825,3385485,526,0,5,-96.5,533,-40.0,-10.0,41.23105625617661,1,-125.96375653207352,-7,3,3,9.635511921940111
2557,3221001,417865.0,3385495.0,8,140,3,0,2585.0,9.2,525,0,5,417860,3385530,527,0,6,-90.67,533,-5.0,35.0,35.35533905932738,2,138.13010235415595,-6,3,3,9.6316519614038
2558,3221001,417865.0,3385495.0,8,140,3,0,2585.0,9.2,525,0,5,417975,3385615,524,0,5,-96.0,533,110.0,120.0,162.78820596099706,-1,87.48955292199918,-9,3,3,3.1644650331916626
2559,3221001,417865.0,3385495.0,8,140,3,0,2585.0,9.2,525,0,5,418580,3384790,511,0,5,-105.0,533,715.0,-705.0,1004.1165271023079,-14,-4.596515264941246,-22,3,3,1.2551386970848382
2560,3221001,417865.0,3385495.0,8,140,3,0,2585.0,9.2,525,0,5,418585,3384785,511,0,5,-107.8,533,720.0,-710.0,1011.1874208078342,-14,-4.5993367442078466,-22,3,3,1.2463647123715897
2561,3221001,417865.0,3385495.0,8,140,3,0,2585.0,9.2,525,0,5,418570,3384780,511,0,14,-112.33,533,705.0,-715.0,1004.1165271023079,-14,-5.403484735058754,-22,3,3,1.2551386970848382
2562,3221001,417865.0,3385495.0,8,140,3,0,2585.0,9.2,525,0,5,418575,3384775,511,0,14,-109.42,533,710.0,-720.0,1011.1874208078342,-14,-5.4006632557921534,-22,3,3,1.2463647123715897
2563,3221001,417865.0,3385495.0,8,140,3,0,2585.0,9.2,525,0,5,417735,3385615,533,0,6,-108.67,533,-130.0,120.0,176.91806012954132,8,177.29061004263855,0,3,3,0.0
2564,3221001,417865.0,3385495.0,8,140,3,0,2585.0,9.2,525,0,5,417720,3385610,534,0,7,-108.5,533,-145.0,115.0,185.06755523321746,9,181.581944655178,1,3,3,-0.3095908509057162
2565,3221001,417865.0,3385495.0,8,140,3,0,2585.0,9.2,525,0,5,417730,3385620,533,0,7,-113.0,533,-135.0,125.0,183.98369492974098,8,177.20259816176582,0,3,3,0.0
2566,3221001,417865.0,3385495.0,8,140,3,0,2585.0,9.2,525,0,5,417740,3385630,533,0,6,-108.0,533,-125.0,135.0,183.98369492974098,8,172.79740183823424,0,3,3,0.0
2567,3221001,417865.0,3385495.0,8,140,3,0,2585.0,9.2,525,0,5,417130,3389520,498,0,6,-86.0,533,-735.0,4025.0,4091.558382816992,-27,140.34868408799548,-35,3,3,0.49010748083407557
2568,3221001,417865.0,3385495.0,8,140,3,0,2585.0,9.2,525,0,5,416960,3389670,499,0,6,-102.0,533,-905.0,4175.0,4271.960908060841,-26,142.23058430608478,-34,3,3,0.4560002805681054
2569,3221001,417865.0,3385495.0,8,140,3,0,2585.0,9.2,525,0,5,417145,3389485,501,0,6,-85.33,533,-720.0,3990.0,4054.4420084642966,-24,140.22900828735953,-32,3,3,0.452202022242777
2570,3221001,417865.0,3385495.0,8,140,3,0,2585.0,9.2,525,0,5,416965,3389665,499,0,6,-107.5,533,-900.0,4170.0,4266.016877603744,-26,142.17918105252414,-34,3,3,0.4566356190910669
2571,3221001,417865.0,3385495.0,8,140,3,0,2585.0,9.2,525,0,5,417165,3389465,502,0,12,-90.67,533,-700.0,3970.0,4031.2405038647844,-23,139.9997464663187,-31,3,3,0.4405924561137172
2572,3221001,417865.0,3385495.0,8,140,3,0,2585.0,9.2,525,0,5,417235,3389575,497,0,5,-92.33,533,-630.0,4080.0,4128.353182565658,-28,138.7778173861372,-36,3,3,0.4996170848961577
2573,3221001,417865.0,3385495.0,8,140,3,0,2585.0,9.2,525,0,5,417205,3389585,495,0,5,-95.0,533,-660.0,4090.0,4142.9096055791515,-30,139.1667513642243,-38,3,3,0.5255192060751146
2574,3221001,417865.0,3385495.0,8,140,3,0,2585.0,9.2,525,0,5,417170,3389480,501,0,12,-89.0,533,-695.0,3985.0,4045.151418673966,-24,139.89310942503425,-32,3,3,0.4532405614700011
2575,3221001,417865.0,3385495.0,8,140,3,0,2585.0,9.2,525,0,5,417160,3389470,502,0,5,-87.0,533,-705.0,3975.0,4037.03480292157,-23,140.0573089149638,-31,3,3,0.439960104857383
2576,3221001,417865.0,3385495.0,8,140,3,0,2585.0,9.2,525,0,5,417150,3389500,500,0,6,-90.67,533,-715.0,4005.0,4068.322750225208,-25,140.12219592712245,-33,3,3,0.46474170652513036
2577,3221001,417865.0,3385495.0,8,140,3,0,2585.0,9.2,525,0,5,417200,3389590,494,0,5,-90.33,533,-665.0,4095.0,4148.644356895395,-31,139.22392228210538,-39,3,3,0.53860234536886
2578,3221001,417865.0,3385495.0,8,140,3,0,2585.0,9.2,525,0,5,417185,3389445,503,36,12,-89.0,533,-680.0,3950.0,4008.1042900603275,-22,139.76783413355952,-30,3,3,0.42884145805741664
2579,3221001,417865.0,3385495.0,8,140,3,0,2585.0,9.2,525,0,5,417155,3389495,500,0,5,-88.93,533,-710.0,4000.0,4062.52384608386,-25,140.06516935275988,-33,3,3,0.46540505626774525
2580,3221001,417865.0,3385495.0,8,140,3,0,2585.0,9.2,525,0,5,417175,3389475,501,0,12,-82.0,533,-690.0,3980.0,4039.3687625667453,-24,139.8354274233899,-32,3,3,0.4538893818381921
2581,3221001,417865.0,3385495.0,8,140,3,0,2585.0,9.2,525,0,5,416985,3389645,499,0,5,-88.0,533,-880.0,4150.0,4242.275332884466,-26,141.9721288260481,-34,3,3,0.4591910336251308
2582,3221001,417865.0,3385495.0,8,140,3,0,2585.0,9.2,525,0,5,417220,3389570,496,0,12,-92.0,533,-645.0,4075.0,4125.730238394168,-29,138.99428580470885,-37,3,3,0.5138210422568158
2583,3221001,417865.0,3385495.0,8,140,3,0,2585.0,9.2,525,0,5,417135,3389515,499,0,6,-89.67,533,-730.0,4020.0,4085.743506389015,-26,140.29230361005375,-34,3,3,0.4767826308866782
2584,3221001,417865.0,3385495.0,8,140,3,0,2585.0,9.2,525,0,5,417305,3389540,501,0,5,-104.33,533,-560.0,4045.0,4083.5799245270073,-24,137.88207022599948,-32,3,3,0.44897551915150696
2585,3221001,417865.0,3385495.0,8,140,3,0,2585.0,9.2,525,0,5,417865,3385340,520,0,10,-113.5,533,0.0,-155.0,155.0,-5,-50.0,-13,3,3,4.794232066630602
2586,3221001,417865.0,3385495.0,8,140,3,0,2585.0,9.2,525,0,5,417900,3385295,516,0,5,-105.5,533,35.0,-200.0,203.03940504246953,-9,-40.07375449334829,-17,3,3,4.786074396203231
2587,3221001,417865.0,3385495.0,8,140,3,0,2585.0,9.2,525,0,5,417890,3385305,517,93,6,-94.0,533,25.0,-190.0,191.637678967368,-8,-42.50414236027014,-16,3,3,4.7726065371305335
2588,3221001,417865.0,3385495.0,8,140,3,0,2585.0,9.2,525,0,5,417810,3385385,523,0,5,-102.33,533,-55.0,-110.0,122.98373876248843,-2,-76.56505117707799,-10,3,3,4.648582565221096
2589,3221001,417865.0,3385495.0,8,140,3,0,2585.0,9.2,525,0,5,417785,3385420,525,0,5,-107.0,533,-80.0,-75.0,109.65856099730654,0,-96.8476102659946,-8,3,3,4.172548314425359
2590,3221001,417865.0,3385495.0,8,140,3,0,2585.0,9.2,525,0,5,417860,3385335,519,0,10,-105.25,533,-5.0,-160.0,160.0781059358212,-6,-51.789910608246075,-14,3,3,4.998217026252394
2591,3221001,417865.0,3385495.0,8,140,3,0,2585.0,9.2,525,0,5,417995,3385380,519,0,5,-88.0,533,130.0,-115.0,173.5655495770978,-6,-1.4964683552155407,-14,3,3,4.611560523608307
2592,3221001,417865.0,3385495.0,8,140,3,0,2585.0,9.2,525,0,5,418015,3385360,518,0,5,-97.5,533,150.0,-135.0,201.80436070610565,-7,-1.9872124958166637,-15,3,3,4.250944625001747
2593,3221001,417865.0,3385495.0,8,140,3,0,2585.0,9.2,525,0,5,417935,3385440,523,0,5,-90.13,533,70.0,-55.0,89.02246907382428,-2,1.8427734126309474,-10,3,3,6.409235404577621
2594,3221001,417865.0,3385495.0,8,140,3,0,2585.0,9.2,525,0,5,418030,3385335,516,0,5,-99.5,533,165.0,-160.0,229.83689869122406,-9,-4.118596003417849,-17,3,3,4.2302075804514745
2595,3221001,417865.0,3385495.0,8,140,3,0,2585.0,9.2,525,0,5,417920,3385425,522,0,10,-86.22,533,55.0,-70.0,89.02246907382428,-3,-11.842773412630947,-11,3,3,7.044008655631209
2596,3221001,417865.0,3385495.0,8,140,3,0,2585.0,9.2,525,0,5,417980,3385365,519,0,5,-88.0,533,115.0,-130.0,173.5655495770978,-6,-8.50353164478446,-14,3,3,4.611560523608307
2597,3221001,417865.0,3385495.0,8,140,3,0,2585.0,9.2,525,0,5,417975,3385400,521,0,5,-94.0,533,110.0,-95.0,145.34441853748632,-4,-0.8150838748815943,-12,3,3,4.719778559594303
2598,3221001,417865.0,3385495.0,8,140,3,0,2585.0,9.2,525,0,5,417945,3385410,522,0,6,-91.36,533,80.0,-85.0,116.72617529928752,-3,-6.7357045889283995,-11,3,3,5.3835204222950175
2599,3221001,417865.0,3385495.0,8,140,3,0,2585.0,9.2,525,0,5,417965,3385390,521,0,5,-93.5,533,100.0,-105.0,145.0,-4,-6.397181027296369,-12,3,3,4.730938623779238
2600,3221001,417865.0,3385495.0,8,140,3,0,2585.0,9.2,525,0,5,418005,3385350,518,0,5,-98.0,533,140.0,-145.0,201.55644370746373,-7,-6.005086005254185,-15,3,3,4.256154139057605
2601,3221001,417865.0,3385495.0,8,140,3,0,2585.0,9.2,525,0,5,417950,3385415,522,0,6,-91.63,533,85.0,-80.0,116.72617529928752,-3,-3.2642954110716005,-11,3,3,5.3835204222950175
2602,3221001,417865.0,3385495.0,8,140,3,0,2585.0,9.2,525,0,5,417990,3385375,519,0,5,-91.2,533,125.0,-120.0,173.27723451163456,-6,-3.8308606720925695,-14,3,3,4.619200496719966
2603,3221001,417865.0,3385495.0,8,140,3,0,2585.0,9.2,525,0,5,417985,3385370,519,0,5,-90.4,533,120.0,-125.0,173.27723451163456,-6,-6.1691393279074305,-14,3,3,4.619200496719966
2604,3221001,417865.0,3385495.0,8,140,3,0,2585.0,9.2,525,0,5,417960,3385385,521,0,5,-94.0,533,95.0,-110.0,145.34441853748632,-4,-9.184916125118406,-12,3,3,4.719778559594303
2605,3221001,417865.0,3385495.0,8,140,3,0,2585.0,9.2,525,0,5,418010,3385355,518,0,5,-92.0,533,145.0,-140.0,201.55644370746373,-7,-3.994913994745815,-15,3,3,4.256154139057605
2606,3221001,417865.0,3385495.0,8,140,3,0,2585.0,9.2,525,0,5,418050,3385315,514,0,5,-104.75,533,185.0,-180.0,258.11818998280614,-11,-4.2151753970081245,-19,3,3,4.209931856016897
2607,3221001,417865.0,3385495.0,8,140,3,0,2585.0,9.2,525,0,5,417930,3385435,523,0,5,-89.27,533,65.0,-60.0,88.45903006477066,-2,-2.7093899573614806,-10,3,3,6.449716049614203
2608,3221001,417865.0,3385495.0,8,140,3,0,2585.0,9.2,525,0,5,417925,3385430,523,0,5,-94.06,533,60.0,-65.0,88.45903006477066,-2,-7.290610042638548,-10,3,3,6.449716049614203
2609,3221001,417865.0,3385495.0,8,140,3,0,2585.0,9.2,525,0,5,417955,3385420,522,0,6,-83.8,533,90.0,-75.0,117.15374513859982,-3,0.19442890773481736,-11,3,3,5.3639872826399415
2610,3221001,417865.0,3385495.0,8,140,3,0,2585.0,9.2,525,0,5,417970,3385395,521,0,5,-92.0,533,105.0,-100.0,145.0,-4,-3.6028189727036306,-12,3,3,4.730938623779238
2611,3221001,417865.0,3385495.0,8,140,3,0,2585.0,9.2,525,0,5,417940,3385405,522,0,6,-91.54,533,75.0,-90.0,117.15374513859982,-3,-10.194428907734817,-11,3,3,5.3639872826399415
2612,3221001,417865.0,3385495.0,8,140,3,0,2585.0,9.2,525,0,5,418025,3385330,516,0,5,-96.67,533,160.0,-165.0,229.83689869122406,-9,-5.881403996582151,-17,3,3,4.2302075804514745
2613,3221001,417865.0,3385495.0,8,140,3,0,2585.0,9.2,525,0,5,417665,3385225,518,0,5,-114.5,533,-200.0,-270.0,336.00595232822883,-7,-86.52885536698517,-15,3,3,2.5561048565696045
2614,3221001,417865.0,3385495.0,8,140,3,0,2585.0,9.2,525,0,5,417705,3385185,517,0,5,-113.0,533,-160.0,-310.0,348.85527085024813,-8,-77.29957221133282,-16,3,3,2.6259901064983304
2615,3221001,417865.0,3385495.0,8,140,3,0,2585.0,9.2,525,0,5,417175,3389640,495,0,6,-97.0,533,-690.0,4145.0,4202.038195923497,-30,139.45111411358465,-38,3,3,0.5181248173698723
2616,3221001,417865.0,3385495.0,8,140,3,0,2585.0,9.2,525,0,5,417250,3389715,500,0,5,-103.5,533,-615.0,4220.0,4264.577939257295,-25,138.29160553307042,-33,3,3,0.44335524245483054
2617,3221001,417865.0,3385495.0,8,140,3,0,2585.0,9.2,525,0,5,417255,3389720,501,0,5,-95.5,533,-610.0,4225.0,4268.808381738398,-24,138.21551922240144,-32,3,3,0.42949470640064813
2618,3221001,417865.0,3385495.0,8,140,3,0,2585.0,9.2,525,0,5,417195,3389620,494,0,6,-91.0,533,-670.0,4125.0,4179.057908189357,-31,139.22565727356084,-39,3,3,0.5346828362533906
2619,3221001,417865.0,3385495.0,8,140,3,0,2585.0,9.2,525,0,5,417190,3389615,494,0,6,-89.5,533,-675.0,4120.0,4174.928143094202,-31,139.3043897643093,-39,3,3,0.5352117043089648
2620,3221001,417865.0,3385495.0,8,140,3,0,2585.0,9.2,525,0,5,417165,3389630,495,0,6,-88.0,533,-700.0,4135.0,4193.8317801266185,-30,139.60831270620872,-38,3,3,0.5191386194078045
2621,3221001,417865.0,3385495.0,8,140,3,0,2585.0,9.2,525,0,5,417185,3389610,493,0,6,-91.0,533,-680.0,4115.0,4170.806276968519,-32,139.38327802155607,-40,3,3,0.5494767118985286
2622,3221001,417865.0,3385495.0,8,140,3,0,2585.0,9.2,525,0,5,418010,3385615,523,102,5,-109.0,533,145.0,120.0,188.2153022471871,-2,79.6106882400266,-10,3,3,3.0413020198042204
2623,3221001,417865.0,3385495.0,8,140,3,0,2585.0,9.2,525,0,5,418030,3385635,521,102,5,-94.33,533,165.0,140.0,216.390850083824,-4,80.3141001604973,-12,3,3,3.1740983927559334
2624,3221001,417865.0,3385495.0,8,140,3,0,2585.0,9.2,525,0,5,418000,3385605,524,0,5,-105.75,533,135.0,110.0,174.14074767268,-1,79.17365797044422,-9,3,3,2.9585472378878084
2625,3221001,417865.0,3385495.0,8,140,3,0,2585.0,9.2,525,0,5,418005,3385610,524,102,5,-91.5,533,140.0,115.0,181.1767093199344,-1,79.40066066347941,-9,3,3,2.8438450496817103
2626,3221001,417865.0,3385495.0,8,140,3,0,2585.0,9.2,525,0,5,417085,3389350,511,0,5,-94.0,533,-780.0,3855.0,3933.118991334994,-14,141.43849421677936,-22,3,3,0.32048204141865577
2627,3221001,417865.0,3385495.0,8,140,3,0,2585.0,9.2,525,0,5,417050,3389315,512,0,6,-90.67,533,-815.0,3820.0,3905.9729901779915,-13,142.04353153901752,-21,3,3,0.3080409874489957
2628,3221001,417865.0,3385495.0,8,140,3,0,2585.0,9.2,525,0,5,419360,3385965,520,0,5,-88.0,533,1495.0,470.0,1567.1391131613045,-5,57.4521710982425,-13,3,3,0.47527883330011106
2629,3221001,417865.0,3385495.0,8,140,3,0,2585.0,9.2,525,0,5,417915,3385385,521,0,5,-90.5,533,50.0,-110.0,120.83045973594572,-4,-25.556045219583467,-12,3,3,5.671601372097208
2630,3221001,417865.0,3385495.0,8,140,3,0,2585.0,9.2,525,0,5,417900,3385400,522,93,10,-95.7,533,35.0,-95.0,101.24228365658294,-3,-29.775140568831915,-11,3,3,6.20087723054507
2631,3221001,417865.0,3385495.0,8,140,3,0,2585.0,9.2,525,0,5,417905,3385395,521,0,10,-94.2,533,40.0,-100.0,107.70329614269008,-4,-28.198590513648185,-12,3,3,6.357515056182176
2632,3221001,417865.0,3385495.0,8,140,3,0,2585.0,9.2,525,0,5,417860,3385440,524,93,5,-86.44,533,-5.0,-55.0,55.226805085936306,-1,-55.1944289077348,-9,3,3,9.255804762401157
2633,3221001,417865.0,3385495.0,8,140,3,0,2585.0,9.2,525,0,5,417840,3385420,524,0,5,-91.0,533,-25.0,-75.0,79.05694150420949,-1,-68.43494882292202,-9,3,3,6.494705075466956
2634,3221001,417865.0,3385495.0,8,140,3,0,2585.0,9.2,525,0,5,417865,3385435,523,93,5,-93.44,533,0.0,-60.0,60.0,-2,-50.0,-10,3,3,9.462322208025617
2635,3221001,417865.0,3385495.0,8,140,3,0,2585.0,9.2,525,0,5,417720,3385540,531,0,5,-105.67,533,-145.0,45.0,151.82226450688975,6,202.75854060106008,-2,3,3,0.7547307472289867
2636,3221001,417865.0,3385495.0,8,140,3,0,2585.0,9.2,525,0,5,417880,3385380,521,93,5,-102.2,533,15.0,-115.0,115.97413504743201,-4,-42.568592028827496,-12,3,3,5.907449007560881
2637,3221001,417865.0,3385495.0,8,140,3,0,2585.0,9.2,525,0,5,417885,3385375,521,93,10,-104.75,533,20.0,-120.0,121.6552506059644,-4,-40.53767779197439,-12,3,3,5.633397563110582
2638,3221001,417865.0,3385495.0,8,140,3,0,2585.0,9.2,525,0,5,417850,3385410,523,93,5,-96.0,533,-15.0,-85.0,86.31338250816034,-2,-60.00797980144135,-10,3,3,6.608646994172775
2639,3221001,417865.0,3385495.0,8,140,3,0,2585.0,9.2,525,0,5,417870,3385430,523,93,5,-92.42,533,5.0,-65.0,65.19202405202648,-2,-45.60129464500447,-10,3,3,8.720796928163413
2640,3221001,417865.0,3385495.0,8,140,3,0,2585.0,9.2,525,0,5,417875,3385425,523,93,5,-86.5,533,10.0,-70.0,70.71067811865476,-2,-41.869897645844034,-10,3,3,8.049466975528397
2641,3221001,417865.0,3385495.0,8,140,3,0,2585.0,9.2,525,0,5,417845,3385415,523,93,5,-80.88,533,-20.0,-80.0,82.46211251235322,-2,-64.03624346792648,-10,3,3,6.914371772152122
2642,3221001,417865.0,3385495.0,8,140,3,0,2585.0,9.2,525,0,5,417855,3385405,523,0,5,-93.4,533,-10.0,-90.0,90.55385138137417,-2,-56.340191745909905,-10,3,3,6.3017263739971945
2643,3221001,417865.0,3385495.0,8,140,3,0,2585.0,9.2,525,0,5,417910,3385390,521,0,10,-101.25,533,45.0,-105.0,114.23659658795863,-4,-26.801409486351815,-12,3,3,5.996651421570144
2644,3221001,417865.0,3385495.0,8,140,3,0,2585.0,9.2,525,0,5,417140,3389440,504,0,5,-92.0,533,-725.0,3945.0,4011.065943112878,-21,140.41344576470664,-29,3,3,0.41424117143403155
2645,3221001,417865.0,3385495.0,8,140,3,0,2585.0,9.2,525,0,5,417120,3389420,506,0,6,-90.5,533,-745.0,3925.0,3995.0782220126803,-19,140.74739994077163,-27,3,3,0.3872170727970439
2646,3221001,417865.0,3385495.0,8,140,3,0,2585.0,9.2,525,0,5,417135,3389405,506,0,5,-88.5,533,-730.0,3910.0,3977.562067397566,-19,140.5754114397654,-27,3,3,0.3889222243737695
2647,3221001,417865.0,3385495.0,8,140,3,0,2585.0,9.2,525,0,5,417130,3389410,506,0,5,-94.5,533,-735.0,3915.0,3983.396791684203,-19,140.6329089838792,-27,3,3,0.3883525637262768
2648,3221001,417865.0,3385495.0,8,140,3,0,2585.0,9.2,525,0,5,417155,3389425,505,0,12,-92.0,533,-710.0,3930.0,3993.619911809335,-20,140.24068548829177,-28,3,3,0.40170461273439934
2649,3221001,417865.0,3385495.0,8,140,3,0,2585.0,9.2,525,0,5,418145,3385235,513,0,6,-107.5,533,280.0,-260.0,382.099463490856,-12,-2.878903603338557,-20,3,3,2.996263848313101
2650,3221001,417865.0,3385495.0,8,140,3,0,2585.0,9.2,525,0,5,417105,3389455,503,0,6,-86.5,533,-760.0,3960.0,4032.2698322408933,-22,140.86405992208773,-30,3,3,0.4262714904669526
2651,3221001,417865.0,3385495.0,8,140,3,0,2585.0,9.2,525,0,5,417110,3389450,503,0,6,-84.33,533,-755.0,3955.0,4026.4190045249884,-22,140.80759559829085,-30,3,3,0.42689088671366415
2652,3221001,417865.0,3385495.0,8,140,3,0,2585.0,9.2,525,0,5,417235,3389645,497,0,6,-91.5,533,-630.0,4150.0,4197.54690265636,-28,138.6320067217676,-36,3,3,0.4913816425751807
2653,3221001,417865.0,3385495.0,8,140,3,0,2585.0,9.2,525,0,5,417220,3389660,497,0,6,-96.5,533,-645.0,4165.0,4214.647078937927,-28,138.80300842182675,-36,3,3,0.48938804666078484
2654,3221001,417865.0,3385495.0,8,140,3,0,2585.0,9.2,525,0,5,417195,3389685,497,0,6,-94.0,533,-670.0,4190.0,4243.229901855425,-28,139.0849436080282,-36,3,3,0.48609163832956165
2655,3221001,417865.0,3385495.0,8,140,3,0,2585.0,9.2,525,0,5,417145,3389330,511,0,5,-95.0,533,-720.0,3835.0,3902.0026909268013,-14,140.63318545053676,-22,3,3,0.3230376534397683
2656,3221001,417865.0,3385495.0,8,140,3,0,2585.0,9.2,525,0,5,417120,3389345,511,0,7,-89.0,533,-745.0,3850.0,3921.418748361363,-14,140.95174897115305,-22,3,3,0.3214382359576033
2657,3221001,417865.0,3385495.0,8,140,3,0,2585.0,9.2,525,0,5,418045,3385070,523,0,5,-108.0,533,180.0,-425.0,461.5463140357639,-2,-27.045913462371516,-10,3,3,1.2411932426262324
2658,3221001,417865.0,3385495.0,8,140,3,0,2585.0,9.2,525,0,5,417095,3389390,508,0,6,-97.67,533,-770.0,3895.0,3970.3809640889626,-17,141.18257728351034,-25,3,3,0.36076526936648146
2659,3221001,417865.0,3385495.0,8,140,3,0,2585.0,9.2,525,0,5,417090,3389385,509,0,6,-90.67,533,-775.0,3890.0,3966.4499240504724,-16,141.26743870219735,-24,3,3,0.34667825221500326
2660,3221001,417865.0,3385495.0,8,140,3,0,2585.0,9.2,525,0,5,417085,3389400,507,0,6,-85.0,533,-780.0,3905.0,3982.138244712255,-18,141.29582368841199,-26,3,3,0.3740877407820905
2661,3221001,417865.0,3385495.0,8,140,3,0,2585.0,9.2,525,0,5,417080,3389395,508,0,6,-78.25,533,-785.0,3900.0,3978.218822538549,-17,141.3805459205376,-25,3,3,0.3600545109277516
2662,3221001,417865.0,3385495.0,8,140,3,0,2585.0,9.2,525,0,5,418590,3384785,510,0,5,-112.0,533,725.0,-710.0,1014.7536646891205,-15,-4.401111224528847,-23,3,3,1.2984208675289468
2663,3221001,417865.0,3385495.0,8,140,3,0,2585.0,9.2,525,0,5,417730,3385605,533,0,6,-109.0,533,-135.0,110.0,174.14074767268,8,180.8263420295558,0,3,3,0.0
2664,3221001,417865.0,3385495.0,8,140,3,0,2585.0,9.2,525,0,5,417850,3385390,522,0,5,-107.5,533,-15.0,-105.0,106.06601717798213,-3,-58.13010235415598,-11,3,3,5.920920632956351
2665,3221001,417865.0,3385495.0,8,140,3,0,2585.0,9.2,525,0,5,417855,3385385,522,0,5,-95.0,533,-10.0,-110.0,110.45361017187261,-3,-55.1944289077348,-11,3,3,5.687294969990764
2666,3221001,417865.0,3385495.0,8,140,3,0,2585.0,9.2,525,0,5,417880,3385440,523,0,10,-90.67,533,15.0,-55.0,57.0087712549569,-2,-34.744881296942225,-10,3,3,9.949126297159781
2667,3221001,417865.0,3385495.0,8,140,3,0,2585.0,9.2,525,0,5,417915,3385405,522,0,5,-90.7,533,50.0,-90.0,102.95630140987001,-3,-20.94539590092286,-11,3,3,6.098429368479981
2668,3221001,417865.0,3385495.0,8,140,3,0,2585.0,9.2,525,0,5,417840,3385400,523,0,5,-87.5,533,-25.0,-95.0,98.2344135219425,-2,-64.74356283647074,-10,3,3,5.812534130773947
2669,3221001,417865.0,3385495.0,8,140,3,0,2585.0,9.2,525,0,5,417845,3385395,522,0,5,-78.0,533,-20.0,-100.0,101.9803902718557,-3,-61.309932474020215,-11,3,3,6.156342827877712
2670,3221001,417865.0,3385495.0,8,140,3,0,2585.0,9.2,525,0,5,417690,3385550,531,0,5,-101.25,533,-175.0,55.0,183.43936327844142,6,202.55281157671777,-2,3,3,0.6246588342584711
2671,3221001,417865.0,3385495.0,8,140,3,0,2585.0,9.2,525,0,5,417910,3385410,522,0,10,-91.92,533,45.0,-85.0,96.17692030835673,-3,-22.10272896905238,-11,3,3,6.52471309697737
2672,3221001,417865.0,3385495.0,8,140,3,0,2585.0,9.2,525,0,5,417740,3385580,532,0,5,-107.5,533,-125.0,85.0,151.16216457830973,7,185.7842978675626,-1,3,3,0.37902965910957664
2673,3221001,417865.0,3385495.0,8,140,3,0,2585.0,9.2,525,0,5,417885,3385435,523,0,10,-89.46,533,20.0,-60.0,63.245553203367585,-2,-31.56505117707799,-10,3,3,8.984876931685683
2674,3221001,417865.0,3385495.0,8,140,3,0,2585.0,9.2,525,0,5,417905,3385415,522,0,10,-92.91,533,40.0,-80.0,89.44271909999159,-3,-23.43494882292201,-11,3,3,7.011242286385542
2675,3221001,417865.0,3385495.0,8,140,3,0,2585.0,9.2,525,0,5,417895,3385425,522,0,5,-87.13,533,30.0,-70.0,76.15773105863909,-3,-26.801409486351815,-11,3,3,8.218795704314289
2676,3221001,417865.0,3385495.0,8,140,3,0,2585.0,9.2,525,0,5,417870,3385370,521,0,5,-98.5,533,5.0,-125.0,125.09996003196804,-4,-47.70938995736148,-12,3,3,5.479235505007095
2677,3221001,417865.0,3385495.0,8,140,3,0,2585.0,9.2,525,0,5,417890,3385430,523,0,5,-88.42,533,25.0,-65.0,69.6419413859206,-2,-28.962488974578193,-10,3,3,8.171339556579104
2678,3221001,417865.0,3385495.0,8,140,3,0,2585.0,9.2,525,0,5,417750,3385570,531,0,5,-95.0,533,-115.0,75.0,137.2953021774598,6,186.888658039628,-2,3,3,0.8345766587568442
2679,3221001,417865.0,3385495.0,8,140,3,0,2585.0,9.2,525,0,5,417900,3385420,522,0,5,-89.82,533,35.0,-75.0,82.76472678623425,-3,-24.983106521899984,-11,3,3,7.5706337508536174
2680,3221001,417865.0,3385495.0,8,140,3,0,2585.0,9.2,525,0,5,417785,3385660,532,0,5,-105.67,533,-80.0,165.0,183.3712082089225,7,155.8663567940945,-1,3,3,0.31245478554101785
2681,3221001,417865.0,3385495.0,8,140,3,0,2585.0,9.2,525,0,5,417775,3385460,527,0,5,-100.33,533,-90.0,-35.0,96.56603957913983,2,-118.74949449286677,-6,3,3,3.5554249660262354
2682,3221001,417865.0,3385495.0,8,140,3,0,2585.0,9.2,525,0,5,417850,3385535,527,0,5,-99.29,533,-15.0,40.0,42.720018726587654,2,150.55604521958344,-6,3,3,7.994861271478283
2683,3221001,417865.0,3385495.0,8,140,3,0,2585.0,9.2,525,0,5,417780,3385465,527,0,5,-110.5,533,-85.0,-30.0,90.13878188659973,2,-120.55996517182382,-6,3,3,3.808219799072917
2684,3221001,417865.0,3385495.0,8,140,3,0,2585.0,9.2,525,0,5,417900,3385585,526,0,10,-103.0,533,35.0,90.0,96.56603957913983,1,108.74949449286675,-7,3,3,4.146076243571439
2685,3221001,417865.0,3385495.0,8,140,3,0,2585.0,9.2,525,0,5,417845,3385530,527,0,5,-97.17,533,-20.0,35.0,40.311288741492746,2,159.74488129694225,-6,3,3,8.465848238967707
2686,3221001,417865.0,3385495.0,8,140,3,0,2585.0,9.2,525,0,5,417840,3385525,527,0,5,-87.54,533,-25.0,30.0,39.05124837953327,2,169.8055710922652,-6,3,3,8.734861486585647
2687,3221001,417865.0,3385495.0,8,140,3,0,2585.0,9.2,525,0,5,417855,3385540,527,0,6,-102.0,533,-10.0,45.0,46.09772228646444,2,142.52880770915152,-6,3,3,7.415829709624493
2688,3221001,417865.0,3385495.0,8,140,3,0,2585.0,9.2,525,0,5,417830,3385515,527,0,10,-86.91,533,-35.0,20.0,40.311288741492746,2,190.25511870305775,-6,3,3,8.465848238967707
2689,3221001,417865.0,3385495.0,8,140,3,0,2585.0,9.2,525,0,5,417835,3385520,527,0,10,-82.96,533,-30.0,25.0,39.05124837953327,2,180.19442890773485,-6,3,3,8.734861486585647
2690,3221001,417865.0,3385495.0,8,140,3,0,2585.0,9.2,525,0,5,417820,3385505,527,0,5,-100.2,533,-45.0,10.0,46.09772228646444,2,207.47119229084848,-6,3,3,7.415829709624493
2691,3221001,417865.0,3385495.0,8,140,3,0,2585.0,9.2,525,0,5,417860,3385545,527,0,6,-105.29,533,-5.0,50.0,50.24937810560445,2,135.71059313749964,-6,3,3,6.809133658307788
2692,3221001,417865.0,3385495.0,8,140,3,0,2585.0,9.2,525,0,5,417825,3385510,527,0,10,-82.72,533,-40.0,15.0,42.720018726587654,2,199.44395478041656,-6,3,3,7.994861271478283
2693,3221001,417865.0,3385495.0,8,140,3,0,2585.0,9.2,525,0,5,417890,3385575,526,0,10,-86.8,533,25.0,80.0,83.81527307120105,1,112.64597536373867,-7,3,3,4.774092172588492
2694,3221001,417865.0,3385495.0,8,140,3,0,2585.0,9.2,525,0,5,417885,3385570,526,0,10,-106.0,533,20.0,75.0,77.62087348130012,1,115.06858282186244,-7,3,3,5.153104325519137
2695,3221001,417865.0,3385495.0,8,140,3,0,2585.0,9.2,525,0,5,417875,3385560,527,0,10,-106.4,533,10.0,65.0,65.76473218982953,2,121.25383773744477,-6,3,3,5.21290934281268
2696,3221001,417865.0,3385495.0,8,140,3,0,2585.0,9.2,525,0,5,417905,3385590,526,0,10,-98.33,533,40.0,95.0,103.07764064044152,1,107.16634582208246,-7,3,3,3.884990061875219
2697,3221001,417865.0,3385495.0,8,140,3,0,2585.0,9.2,525,0,5,417870,3385555,527,0,5,-100.5,533,5.0,60.0,60.207972893961475,2,125.23635830927384,-6,3,3,5.69099707460626
2698,3221001,417865.0,3385495.0,8,140,3,0,2585.0,9.2,525,0,5,417815,3385500,527,0,5,-89.9,533,-50.0,5.0,50.24937810560445,2,214.28940686250036,-6,3,3,6.809133658307788
2699,3221001,417865.0,3385495.0,8,140,3,0,2585.0,9.2,525,0,5,418025,3385375,518,0,6,-92.5,533,160.0,-120.0,200.0,-7,3.13010235415598,-15,3,3,4.289153328819018
2700,3221001,417865.0,3385495.0,8,140,3,0,2585.0,9.2,525,0,5,417980,3385340,518,0,5,-88.25,533,115.0,-155.0,193.00259065618783,-7,-13.426969021480673,-15,3,3,4.444046707784962
2701,3221001,417865.0,3385495.0,8,140,3,0,2585.0,9.2,525,0,5,417970,3385350,519,0,5,-98.0,533,105.0,-145.0,179.02513789968157,-6,-14.090276920822333,-14,3,3,4.4715046548585775
2702,3221001,417865.0,3385495.0,8,140,3,0,2585.0,9.2,525,0,5,417960,3385360,519,0,5,-94.5,533,95.0,-135.0,165.07574019219177,-6,-14.86580694308438,-14,3,3,4.847629298715351
2703,3221001,417865.0,3385495.0,8,140,3,0,2585.0,9.2,525,0,5,418060,3385420,519,0,5,-95.0,533,195.0,-75.0,208.92582415776178,-6,18.96248897457818,-14,3,3,3.8336262771285257
2704,3221001,417865.0,3385495.0,8,140,3,0,2585.0,9.2,525,0,5,417925,3385315,517,0,5,-92.33,533,60.0,-180.0,189.73665961010275,-8,-31.56505117707799,-16,3,3,4.820200288190663
2705,3221001,417865.0,3385495.0,8,140,3,0,2585.0,9.2,525,0,5,418000,3385400,520,0,6,-91.5,533,135.0,-95.0,165.07574019219177,-5,4.865806943084351,-13,3,3,4.502848420556753
2706,3221001,417865.0,3385495.0,8,140,3,0,2585.0,9.2,525,0,5,417205,3389620,494,0,6,-92.67,533,-660.0,4125.0,4177.466337386813,-31,139.0902769208223,-39,3,3,0.5348865329654346
2707,3221001,417865.0,3385495.0,8,140,3,0,2585.0,9.2,525,0,5,417215,3389610,494,0,6,-93.5,533,-650.0,4115.0,4166.020283195942,-31,138.9762015683773,-39,3,3,0.5363560368680619
2708,3221001,417865.0,3385495.0,8,140,3,0,2585.0,9.2,525,0,5,417230,3389625,496,0,6,-84.0,533,-635.0,4130.0,4178.531440590103,-29,138.74094976443337,-37,3,3,0.5073285838395959
2709,3221001,417865.0,3385495.0,8,140,3,0,2585.0,9.2,525,0,5,417225,3389640,496,0,6,-85.0,533,-640.0,4145.0,4194.117904875828,-29,138.77732102655312,-37,3,3,0.5054433130801934
2710,3221001,417865.0,3385495.0,8,140,3,0,2585.0,9.2,525,0,5,417220,3389635,496,0,6,-86.71,533,-645.0,4140.0,4189.943317039027,-29,138.85532665321523,-37,3,3,0.5059468778579377
2711,3221001,417865.0,3385495.0,8,140,3,0,2585.0,9.2,525,0,5,417200,3389615,494,0,6,-92.2,533,-665.0,4120.0,4173.323016494171,-31,139.16890537827118,-39,3,3,0.5354175432860221
2712,3221001,417865.0,3385495.0,8,140,3,0,2585.0,9.2,525,0,5,417060,3389310,512,0,6,-92.5,533,-805.0,3815.0,3899.0062836574143,-13,141.91514707126504,-21,3,3,0.30859138145587306
2713,3221001,417865.0,3385495.0,8,140,3,0,2585.0,9.2,525,0,5,417055,3389295,512,0,6,-91.0,533,-810.0,3800.0,3885.3699952514175,-13,142.03296046659028,-21,3,3,0.3096744081110163
2714,3221001,417865.0,3385495.0,8,140,3,0,2585.0,9.2,525,0,5,417100,3389350,511,0,7,-89.5,533,-765.0,3855.0,3930.1717519721706,-14,141.2241604130731,-22,3,3,0.320722366173917
2715,3221001,417865.0,3385495.0,8,140,3,0,2585.0,9.2,525,0,5,417110,3389440,504,0,6,-84.67,533,-755.0,3945.0,4016.596818203191,-21,140.83434366469356,-29,3,3,0.4136707789832953
2716,3221001,417865.0,3385495.0,8,140,3,0,2585.0,9.2,525,0,5,417115,3389435,504,0,6,-88.0,533,-750.0,3940.0,4010.7480599010455,-21,140.7776153647339,-29,3,3,0.4142740021486194
2717,3221001,417865.0,3385495.0,8,140,3,0,2585.0,9.2,525,0,5,417045,3389365,510,0,5,-80.0,533,-820.0,3870.0,3955.9196149568056,-15,141.963252164275,-23,3,3,0.33311801265301977
2718,3221001,417865.0,3385495.0,8,140,3,0,2585.0,9.2,525,0,5,417095,3389415,506,0,6,-85.13,533,-770.0,3920.0,3994.909260546477,-19,141.1130405359483,-27,3,3,0.38723344933224596
2719,3221001,417865.0,3385495.0,8,140,3,0,2585.0,9.2,525,0,5,417105,3389425,505,0,6,-86.5,533,-760.0,3930.0,4002.811511925087,-20,140.94499613828958,-28,3,3,0.4007822141716895
2720,3221001,417865.0,3385495.0,8,140,3,0,2585.0,9.2,525,0,5,417085,3389405,507,0,6,-84.5,533,-780.0,3910.0,3987.0415096911142,-18,141.28174960393062,-26,3,3,0.3736277006037489
2721,3221001,417865.0,3385495.0,8,140,3,0,2585.0,9.2,525,0,5,417710,3385225,518,0,5,-114.0,533,-155.0,-270.0,311.3278015211619,-7,-79.8590161649231,-15,3,3,2.758419216445045
2722,3221001,417865.0,3385495.0,8,140,3,0,2585.0,9.2,525,0,5,417850,3385420,523,93,5,-105.33,533,-15.0,-75.0,76.48529270389177,-2,-61.309932474020215,-10,3,3,7.4488328278635745
2723,3221001,417865.0,3385495.0,8,140,3,0,2585.0,9.2,525,0,5,417910,3385400,521,0,5,-92.5,533,45.0,-95.0,105.11898020814318,-4,-24.653824058053303,-12,3,3,6.5124856655678185
2724,3221001,417865.0,3385495.0,8,140,3,0,2585.0,9.2,525,0,5,417915,3385395,521,0,5,-82.5,533,50.0,-100.0,111.80339887498948,-4,-23.43494882292201,-12,3,3,6.126175694914323
2725,3221001,417865.0,3385495.0,8,140,3,0,2585.0,9.2,525,0,5,417875,3385435,523,0,5,-91.69,533,10.0,-60.0,60.8276253029822,-2,-40.53767779197439,-10,3,3,9.335859032003938
2726,3221001,417865.0,3385495.0,8,140,3,0,2585.0,9.2,525,0,5,417870,3385440,523,0,5,-93.48,533,5.0,-55.0,55.226805085936306,-2,-44.8055710922652,-10,3,3,10.26342789199355
2727,3221001,417865.0,3385495.0,8,140,3,0,2585.0,9.2,525,0,5,417855,3385415,523,93,5,-96.4,533,-10.0,-80.0,80.62257748298549,-2,-57.125016348901795,-10,3,3,7.070555116965825
2728,3221001,417865.0,3385495.0,8,140,3,0,2585.0,9.2,525,0,5,417880,3385370,521,0,10,-103.0,533,15.0,-125.0,125.89678312014172,-4,-43.15722658736907,-12,3,3,5.444765511517755
2729,3221001,417865.0,3385495.0,8,140,3,0,2585.0,9.2,525,0,5,417865,3385425,523,93,5,-97.11,533,0.0,-70.0,70.0,-2,-50.0,-10,3,3,8.13010235415598
2730,3221001,417865.0,3385495.0,8,140,3,0,2585.0,9.2,525,0,5,417895,3385375,521,93,10,-108.75,533,30.0,-120.0,123.69316876852982,-4,-35.96375653207353,-12,3,3,5.541166443639222
2731,3221001,417865.0,3385495.0,8,140,3,0,2585.0,9.2,525,0,5,417840,3385410,523,0,5,-92.5,533,-25.0,-85.0,88.60022573334675,-2,-66.38954033403479,-10,3,3,6.43952401689718
2732,3221001,417865.0,3385495.0,8,140,3,0,2585.0,9.2,525,0,5,417885,3385365,520,0,10,-97.5,533,20.0,-130.0,131.52946437965906,-5,-41.2538377374448,-13,3,3,5.644619962383074
2733,3221001,417865.0,3385495.0,8,140,3,0,2585.0,9.2,525,0,5,417905,3385385,521,93,10,-92.5,533,40.0,-110.0,117.04699910719626,-4,-30.01689347810003,-12,3,3,5.853678490703382
2734,3221001,417865.0,3385495.0,8,140,3,0,2585.0,9.2,525,0,5,417900,3385390,521,93,10,-101.5,533,35.0,-105.0,110.67971810589327,-4,-31.56505117707799,-12,3,3,6.187891858464985
2735,3221001,417865.0,3385495.0,8,140,3,0,2585.0,9.2,525,0,5,417890,3385380,521,93,10,-104.33,533,25.0,-115.0,117.6860229593982,-4,-37.735226272107596,-12,3,3,5.822112513447329
2736,3221001,417865.0,3385495.0,8,140,3,0,2585.0,9.2,525,0,5,417960,3385660,521,0,5,-109.0,533,95.0,165.0,190.3943276465977,-4,100.0684881594922,-12,3,3,3.6064157805674637
2737,3221001,417865.0,3385495.0,8,140,3,0,2585.0,9.2,525,0,5,417810,3385685,530,0,5,-108.0,533,-55.0,190.0,197.80040444852483,5,146.14433878028348,-3,3,3,0.8689272450043221
2738,3221001,417865.0,3385495.0,8,140,3,0,2585.0,9.2,525,0,5,416960,3389655,499,0,6,-93.0,533,-905.0,4160.0,4257.302549737334,-26,142.27335051234706,-34,3,3,0.45757027276802836
2739,3221001,417865.0,3385495.0,8,140,3,0,2585.0,9.2,525,0,5,417135,3389490,500,0,6,-89.67,533,-730.0,3995.0,4061.1482366444097,-25,140.35532175976118,-33,3,3,0.46556269331423544
2740,3221001,417865.0,3385495.0,8,140,3,0,2585.0,9.2,525,0,5,416965,3389660,499,0,6,-97.0,533,-900.0,4165.0,4261.129545085434,-26,142.1933646972243,-34,3,3,0.45715933831207245
2741,3221001,417865.0,3385495.0,8,140,3,0,2585.0,9.2,525,0,5,417170,3389445,503,0,12,-88.0,533,-695.0,3950.0,4010.6763768721107,-22,139.97901537431443,-30,3,3,0.4285664480091017
2742,3221001,417865.0,3385495.0,8,140,3,0,2585.0,9.2,525,0,5,417185,3389480,501,0,12,-82.33,533,-680.0,3985.0,4042.6012665114526,-24,139.68367527730504,-32,3,3,0.45352646256635076
2743,3221001,417865.0,3385495.0,8,140,3,0,2585.0,9.2,525,0,5,416980,3389675,499,0,5,-100.5,533,-885.0,4180.0,4272.660178390039,-26,141.95426913744046,-34,3,3,0.45592565399085694
2744,3221001,417865.0,3385495.0,8,140,3,0,2585.0,9.2,525,0,5,417150,3389505,499,0,6,-85.33,533,-715.0,4010.0,4073.2450208648143,-26,140.10983523619302,-34,3,3,0.47824553931020586
2745,3221001,417865.0,3385495.0,8,140,3,0,2585.0,9.2,525,0,5,417180,3389475,501,0,12,-87.67,533,-685.0,3980.0,4038.517673602531,-24,139.76553335411802,-32,3,3,0.4539850318039507
2746,3221001,417865.0,3385495.0,8,140,3,0,2585.0,9.2,525,0,5,417160,3389455,503,0,12,-89.5,533,-705.0,3960.0,4022.2661523076763,-22,140.09462273746942,-30,3,3,0.4273316206156061
2747,3221001,417865.0,3385495.0,8,140,3,0,2585.0,9.2,525,0,5,417210,3389565,496,0,12,-87.67,533,-655.0,4070.0,4122.368857829198,-29,139.14242885672854,-37,3,3,0.5142399895688688
2748,3221001,417865.0,3385495.0,8,140,3,0,2585.0,9.2,525,0,5,417215,3389570,496,0,12,-89.67,533,-650.0,4075.0,4126.514873352573,-29,139.06285611434294,-37,3,3,0.5137233471423115
2749,3221001,417865.0,3385495.0,8,140,3,0,2585.0,9.2,525,0,5,417230,3389585,496,0,5,-93.25,533,-635.0,4090.0,4139.000483208476,-29,138.8250965157672,-37,3,3,0.5121737442594322
2750,3221001,417865.0,3385495.0,8,140,3,0,2585.0,9.2,525,0,5,417145,3389520,498,0,6,-94.0,533,-720.0,4025.0,4088.890436291978,-27,140.14191458078403,-35,3,3,0.490427253820128
2751,3221001,417865.0,3385495.0,8,140,3,0,2585.0,9.2,525,0,5,417200,3389575,495,0,5,-85.33,533,-665.0,4080.0,4133.839014765815,-30,139.2572477146502,-38,3,3,0.5266722508476142
2752,3221001,417865.0,3385495.0,8,140,3,0,2585.0,9.2,525,0,5,417155,3389510,499,0,6,-91.5,533,-710.0,4015.0,4077.2938329239896,-26,140.02833064931508,-34,3,3,0.47777065656121187
2753,3221001,417865.0,3385495.0,8,140,3,0,2585.0,9.2,525,0,5,417205,3389580,495,0,5,-88.0,533,-660.0,4085.0,4137.973537856423,-30,139.1777805488922,-38,3,3,0.5261460473602839
2754,3221001,417865.0,3385495.0,8,140,3,0,2585.0,9.2,525,0,5,417165,3389460,502,0,12,-84.0,533,-700.0,3965.0,4026.3165548674883,-23,140.01210150343502,-31,3,3,0.44113125356617
2755,3221001,417865.0,3385495.0,8,140,3,0,2585.0,9.2,525,0,5,417125,3389500,500,0,6,-85.67,533,-740.0,4005.0,4072.790812207276,-25,140.46842242352722,-33,3,3,0.46423188318327624
2756,3221001,417865.0,3385495.0,8,140,3,0,2585.0,9.2,525,0,5,417175,3389450,503,0,12,-84.5,533,-690.0,3955.0,4014.7384721797257,-22,139.89637284016504,-30,3,3,0.42813284244914623
2757,3221001,417865.0,3385495.0,8,140,3,0,2585.0,9.2,525,0,5,417140,3389515,499,0,6,-94.0,533,-725.0,4020.0,4084.853118534374,-26,140.2233000892238,-34,3,3,0.4768865518472958
2758,3221001,417865.0,3385495.0,8,140,3,0,2585.0,9.2,525,0,5,417830,3385430,524,0,5,-87.5,533,-35.0,-65.0,73.824115301167,-1,-78.30075576600638,-9,3,3,6.950708444721318
2759,3221001,417865.0,3385495.0,8,140,3,0,2585.0,9.2,525,0,5,417815,3385405,524,0,5,-86.0,533,-50.0,-90.0,102.95630140987001,-1,-79.05460409907714,-9,3,3,4.9958527973033755
2760,3221001,417865.0,3385495.0,8,140,3,0,2585.0,9.2,525,0,5,417895,3385325,518,93,6,-83.5,533,30.0,-170.0,172.6267650163207,-7,-39.99202019855866,-15,3,3,4.966109555177295
2761,3221001,417865.0,3385495.0,8,140,3,0,2585.0,9.2,525,0,5,417820,3385440,525,93,5,-110.0,533,-45.0,-55.0,71.06335201775947,0,-89.28940686250036,-8,3,3,6.423064524005595
2762,3221001,417865.0,3385495.0,8,140,3,0,2585.0,9.2,525,0,5,417860,3385320,519,0,10,-106.5,533,-5.0,-175.0,175.07141400011596,-6,-51.63657704161672,-14,3,3,4.5720634073708375
2763,3221001,417865.0,3385495.0,8,140,3,0,2585.0,9.2,525,0,5,417880,3385340,519,0,5,-103.5,533,15.0,-155.0,155.72411502397438,-6,-44.47245984834383,-14,3,3,5.137227710098562
2764,3221001,417865.0,3385495.0,8,140,3,0,2585.0,9.2,525,0,5,417625,3385555,530,102,6,-116.83,533,-240.0,60.0,247.38633753705963,5,205.9637565320735,-3,3,3,0.6947793283327522
2765,3221001,417865.0,3385495.0,8,140,3,0,2585.0,9.2,525,0,5,417835,3385425,524,0,5,-95.5,533,-30.0,-70.0,76.15773105863909,-1,-73.19859051364818,-9,3,3,6.739715441829896
2766,3221001,417865.0,3385495.0,8,140,3,0,2585.0,9.2,525,0,5,417720,3385500,529,0,5,-105.0,533,-145.0,5.0,145.08618128546908,4,218.02506598911805,-4,3,3,1.5792343247864438
2767,3221001,417865.0,3385495.0,8,140,3,0,2585.0,9.2,525,0,5,417825,3385435,525,93,5,-96.0,533,-40.0,-60.0,72.11102550927978,0,-83.69006752597979,-8,3,3,6.330509401162716
2768,3221001,417865.0,3385495.0,8,140,3,0,2585.0,9.2,525,0,5,417950,3385485,525,0,5,-107.0,533,85.0,-10.0,85.58621384311844,0,33.29016319224306,-8,3,3,5.340091872074342
2769,3221001,417865.0,3385495.0,8,140,3,0,2585.0,9.2,525,0,5,417965,3385480,525,0,10,-98.5,533,100.0,-15.0,101.11874208078342,0,31.469234390051867,-8,3,3,4.523528197444638
2770,3221001,417865.0,3385495.0,8,140,3,0,2585.0,9.2,525,0,5,418010,3385585,523,0,5,-112.0,533,145.0,90.0,170.66048165876012,-2,71.82744657667311,-10,3,3,3.3534617473720094
2771,3221001,417865.0,3385495.0,8,140,3,0,2585.0,9.2,525,0,5,417955,3385490,525,0,10,-93.4,533,90.0,-5.0,90.13878188659973,0,36.82016988013578,-8,3,3,5.07182788012928
2772,3221001,417865.0,3385495.0,8,140,3,0,2585.0,9.2,525,0,5,417940,3385495,525,0,5,-89.33,533,75.0,0.0,75.0,0,40.0,-8,3,3,6.088528154195175
2773,3221001,417865.0,3385495.0,8,140,3,0,2585.0,9.2,525,0,5,417970,3385465,524,0,5,-97.25,533,105.0,-30.0,109.20164833920778,-1,24.054604099077153,-9,3,3,4.711460148278635
2774,3221001,417865.0,3385495.0,8,140,3,0,2585.0,9.2,525,0,5,417980,3385455,523,99,6,-103.33,533,115.0,-40.0,121.75795661885921,-2,20.82099197418927,-10,3,3,4.695173363352924
2775,3221001,417865.0,3385495.0,8,140,3,0,2585.0,9.2,525,0,5,417975,3385470,524,0,5,-99.33,533,110.0,-25.0,112.80514172678478,-1,27.195733934713246,-9,3,3,4.56160093503699
2776,3221001,417865.0,3385495.0,8,140,3,0,2585.0,9.2,525,0,5,417995,3385450,522,0,6,-95.71,533,130.0,-45.0,137.56816492197603,-3,20.90650799951439,-11,3,3,4.5716644947987755
2777,3221001,417865.0,3385495.0,8,140,3,0,2585.0,9.2,525,0,5,418020,3385575,523,0,10,-107.67,533,155.0,80.0,174.42763542512407,-2,67.29957221133282,-10,3,3,3.281196249552346
2778,3221001,417865.0,3385495.0,8,140,3,0,2585.0,9.2,525,0,5,418025,3385580,523,0,10,-96.0,533,160.0,85.0,181.1767093199344,-2,67.97947438848016,-10,3,3,3.159219679896374
2779,3221001,417865.0,3385495.0,8,140,3,0,2585.0,9.2,525,0,5,417925,3385520,526,0,10,-88.6,533,60.0,25.0,65.0,1,62.61986494804043,-7,3,3,6.14662565964667
2780,3221001,417865.0,3385495.0,8,140,3,0,2585.0,9.2,525,0,5,417920,3385515,526,0,5,-90.38,533,55.0,20.0,58.52349955359813,1,59.98310652189997,-7,3,3,6.820748320365754
2781,3221001,417865.0,3385495.0,8,140,3,0,2585.0,9.2,525,0,5,417990,3385445,522,0,6,-98.67,533,125.0,-50.0,134.6291201783626,-3,18.198590513648185,-11,3,3,4.6710300830116145
2782,3221001,417865.0,3385495.0,8,140,3,0,2585.0,9.2,525,0,5,418015,3385590,523,102,5,-99.71,533,150.0,95.0,177.55280904564702,-2,72.34744349944202,-10,3,3,3.2235655684829068
2783,3221001,417865.0,3385495.0,8,140,3,0,2585.0,9.2,525,0,5,417960,3385475,525,0,10,-87.0,533,95.0,-20.0,97.082439194738,0,28.111341960372016,-8,3,3,4.710768931015665
2784,3221001,417865.0,3385495.0,8,140,3,0,2585.0,9.2,525,0,5,417930,3385505,526,0,5,-95.5,533,65.0,10.0,65.76473218982953,1,48.7461622625552,-7,3,3,6.075688547161622
2785,3221001,417865.0,3385495.0,8,140,3,0,2585.0,9.2,525,0,5,417985,3385460,523,99,6,-88.25,533,120.0,-35.0,125.0,-2,23.73979529168804,-10,3,3,4.573921259900861
2786,3221001,417865.0,3385495.0,8,140,3,0,2585.0,9.2,525,0,5,417945,3385500,526,0,5,-85.6,533,80.0,5.0,80.15609770940699,1,43.576334374997344,-7,3,3,4.990955470106137
2787,3221001,417865.0,3385495.0,8,140,3,0,2585.0,9.2,525,0,5,418030,3385565,522,0,10,-98.0,533,165.0,70.0,179.2344832893492,-3,62.98871680208063,-11,3,3,3.5119584994050204
2788,3221001,417865.0,3385495.0,8,140,3,0,2585.0,9.2,525,0,5,418045,3385560,521,0,6,-98.5,533,180.0,65.0,191.3765920900464,-4,59.85521436932106,-12,3,3,3.587953875868229
2789,3221001,417865.0,3385495.0,8,140,3,0,2585.0,9.2,525,0,5,417935,3385510,526,0,10,-90.2,533,70.0,15.0,71.58910531638176,1,52.094757077012105,-7,3,3,5.584642095815385
2790,3221001,417865.0,3385495.0,8,140,3,0,2585.0,9.2,525,0,5,417795,3385500,528,5,5,-109.0,533,-70.0,5.0,70.178344238091,3,215.91438322002512,-5,3,3,4.0752690281321
2791,3221001,417865.0,3385495.0,8,140,3,0,2585.0,9.2,525,0,5,417810,3385475,527,0,10,-106.0,533,-55.0,-20.0,58.52349955359813,2,-120.01689347810003,-6,3,3,5.853678490703382
2792,3221001,417865.0,3385495.0,8,140,3,0,2585.0,9.2,525,0,5,417915,3385540,526,99,10,-96.5,533,50.0,45.0,67.26812023536856,1,81.98721249581666,-7,3,3,5.940883952101527
2793,3221001,417865.0,3385495.0,8,140,3,0,2585.0,9.2,525,0,5,417850,3385595,528,0,5,-106.33,533,-15.0,100.0,101.11874208078342,3,138.53076560994816,-5,3,3,2.8307883826101508
2794,3221001,417865.0,3385495.0,8,140,3,0,2585.0,9.2,525,0,5,417885,3385550,526,0,10,-91.5,533,20.0,55.0,58.52349955359813,1,110.01689347810003,-7,3,3,6.820748320365754
2795,3221001,417865.0,3385495.0,8,140,3,0,2585.0,9.2,525,0,5,417825,3385450,525,93,5,-114.5,533,-40.0,-45.0,60.207972893961475,0,-91.63353933657018,-8,3,3,7.568714276557948
2796,3221001,417865.0,3385495.0,8,140,3,0,2585.0,9.2,525,0,5,417900,3385525,526,99,5,-84.8,533,35.0,30.0,46.09772228646444,1,80.60129464500449,-7,3,3,8.634476058451307
2797,3221001,417865.0,3385495.0,8,140,3,0,2585.0,9.2,525,0,5,417770,3385515,529,0,5,-94.5,533,-95.0,20.0,97.082439194738,4,208.11134196037204,-4,3,3,2.3593717239555128
2798,3221001,417865.0,3385495.0,8,140,3,0,2585.0,9.2,525,0,5,417910,3385535,526,99,5,-95.4,533,45.0,40.0,60.207972893961475,1,81.63353933657021,-7,3,3,6.631644144241638
2799,3221001,417865.0,3385495.0,8,140,3,0,2585.0,9.2,525,0,5,417905,3385530,526,99,5,-78.4,533,40.0,35.0,53.150729063673246,1,81.18592516570965,-7,3,3,7.502727203722649
2800,3221001,417865.0,3385495.0,8,140,3,0,2585.0,9.2,525,0,5,417815,3385480,527,0,5,-94.33,533,-50.0,-15.0,52.20153254455275,2,-123.3007557660064,-6,3,3,6.556755674087011
2801,3221001,417865.0,3385495.0,8,140,3,0,2585.0,9.2,525,0,5,417845,3385590,528,0,14,-105.5,533,-20.0,95.0,97.082439194738,3,141.888658039628,-5,3,3,2.948277827698434
2802,3221001,417865.0,3385495.0,8,140,3,0,2585.0,9.2,525,0,5,417890,3385555,526,0,10,-101.33,533,25.0,60.0,65.0,1,107.38013505195957,-7,3,3,6.14662565964667
2803,3221001,417865.0,3385495.0,8,140,3,0,2585.0,9.2,525,0,5,417820,3385445,525,93,5,-96.0,533,-45.0,-50.0,67.26812023536856,0,-91.98721249581666,-8,3,3,6.7821636732683235
2804,3221001,417865.0,3385495.0,8,140,3,0,2585.0,9.2,525,0,5,417840,3385585,529,0,14,-106.73,533,-25.0,90.0,93.40770846134703,4,145.52411099675425,-4,3,3,2.452080057775093
2805,3221001,417865.0,3385495.0,8,140,3,0,2585.0,9.2,525,0,5,417855,3385600,528,0,5,-104.67,533,-10.0,105.0,105.47511554864494,3,135.44033203100548,-5,3,3,2.7140486551195933
2806,3221001,417865.0,3385495.0,8,140,3,0,2585.0,9.2,525,0,5,417875,3385580,527,5,5,-108.25,533,10.0,85.0,85.58621384311844,2,123.29016319224309,-6,3,3,4.010145281702476
2807,3221001,417865.0,3385495.0,8,140,3,0,2585.0,9.2,525,0,5,417880,3385545,526,0,5,-93.0,533,15.0,50.0,52.20153254455275,1,113.30075576600638,-7,3,3,7.6375553612829945
2808,3221001,417865.0,3385495.0,8,140,3,0,2585.0,9.2,525,0,5,417860,3385565,527,5,5,-107.0,533,-5.0,70.0,70.178344238091,2,134.08561677997488,-6,3,3,4.886702754092818
2809,3221001,417865.0,3385495.0,8,140,3,0,2585.0,9.2,525,0,5,417865,3385570,527,5,5,-103.67,533,0.0,75.0,75.0,2,130.0,-6,3,3,4.573921259900861
2810,3221001,417865.0,3385495.0,8,140,3,0,2585.0,9.2,525,0,5,417775,3385520,529,0,5,-100.0,533,-90.0,25.0,93.40770846134703,4,204.47588900324575,-4,3,3,2.452080057775093
2811,3221001,417865.0,3385495.0,8,140,3,0,2585.0,9.2,525,0,5,417835,3385460,525,93,5,-82.33,533,-30.0,-35.0,46.09772228646444,0,-90.60129464500449,-8,3,3,9.845302162757218
2812,3221001,417865.0,3385495.0,8,140,3,0,2585.0,9.2,525,0,5,417215,3389645,496,0,6,-95.5,533,-650.0,4150.0,4200.5951959216445,-29,138.901716032892,-37,3,3,0.5046639630511695
2813,3221001,417865.0,3385495.0,8,140,3,0,2585.0,9.2,525,0,5,417115,3389465,502,0,6,-83.33,533,-750.0,3970.0,4040.2227661355505,-23,140.698059061126,-31,3,3,0.43961296519619797
2814,3221001,417865.0,3385495.0,8,140,3,0,2585.0,9.2,525,0,5,417230,3389670,498,0,5,-99.0,533,-635.0,4175.0,4223.014326284011,-27,138.64816795620277,-35,3,3,0.47485189826484836
2815,3221001,417865.0,3385495.0,8,140,3,0,2585.0,9.2,525,0,5,417210,3389650,496,0,6,-90.5,533,-655.0,4155.0,4206.310735074146,-29,138.95846377264053,-37,3,3,0.5039782605575274
2816,3221001,417865.0,3385495.0,8,140,3,0,2585.0,9.2,525,0,5,417065,3389345,512,0,6,-84.4,533,-800.0,3850.0,3932.2385482063523,-13,141.73857120672233,-21,3,3,0.30598345355814194
2817,3221001,417865.0,3385495.0,8,140,3,0,2585.0,9.2,525,0,5,417060,3389350,511,0,6,-80.5,533,-805.0,3855.0,3938.153120436025,-14,141.79499471576264,-22,3,3,0.3200723787327832
2818,3221001,417865.0,3385495.0,8,140,3,0,2585.0,9.2,525,0,5,417055,3389335,512,0,6,-84.2,533,-810.0,3840.0,3924.4999681488084,-13,141.91121543197158,-21,3,3,0.3065867997975387
2819,3221001,417865.0,3385495.0,8,140,3,0,2585.0,9.2,525,0,5,417050,3389340,512,0,6,-81.67,533,-815.0,3845.0,3930.426185542733,-13,141.96748989513048,-21,3,3,0.30612454320327825
2820,3221001,417865.0,3385495.0,8,140,3,0,2585.0,9.2,525,0,5,417250,3389775,502,0,6,-94.0,533,-615.0,4280.0,4323.959412390454,-23,138.1769508960565,-31,3,3,0.4107667452341705
2821,3221001,417865.0,3385495.0,8,140,3,0,2585.0,9.2,525,0,5,417145,3389555,497,0,6,-87.0,533,-720.0,4060.0,4123.348154109715,-28,140.05627631670643,-36,3,3,0.5002235024589455
2822,3221001,417865.0,3385495.0,8,140,3,0,2585.0,9.2,525,0,5,417185,3389595,494,0,6,-94.4,533,-680.0,4100.0,4156.007699704129,-31,139.41699327799455,-39,3,3,0.5376481410025912
2823,3221001,417865.0,3385495.0,8,140,3,0,2585.0,9.2,525,0,5,417195,3389585,495,0,5,-94.0,533,-670.0,4090.0,4144.514446832101,-30,139.3032308054652,-38,3,3,0.5253157256336329
2824,3221001,417865.0,3385495.0,8,140,3,0,2585.0,9.2,525,0,5,417190,3389590,494,0,6,-95.42,533,-675.0,4095.0,4150.259028060779,-31,139.36019080191335,-39,3,3,0.5383928127907007
2825,3221001,417865.0,3385495.0,8,140,3,0,2585.0,9.2,525,0,5,417160,3389580,495,0,6,-97.5,533,-705.0,4085.0,4145.389004665304,-30,139.7918005524237,-38,3,3,0.5252049053355582
2826,3221001,417865.0,3385495.0,8,140,3,0,2585.0,9.2,525,0,5,417155,3389545,497,0,6,-86.33,533,-710.0,4050.0,4111.763611882376,-28,139.94340301332966,-36,3,3,0.5016327674672554
2827,3221001,417865.0,3385495.0,8,140,3,0,2585.0,9.2,525,0,5,417165,3389575,495,0,6,-94.67,533,-700.0,4080.0,4139.61350852951,-30,139.73537389550495,-38,3,3,0.5259376183350333
2828,3221001,417865.0,3385495.0,8,140,3,0,2585.0,9.2,525,0,5,417170,3389570,496,0,6,-89.67,533,-695.0,4075.0,4133.8420385883155,-29,139.6787896232495,-37,3,3,0.5128128298520421
2829,3221001,417865.0,3385495.0,8,140,3,0,2585.0,9.2,525,0,5,417175,3389565,496,0,6,-96.0,533,-690.0,4070.0,4128.0746117288145,-29,139.62204718517762,-37,3,3,0.5135292539691909
2830,3221001,417865.0,3385495.0,8,140,3,0,2585.0,9.2,525,0,5,417180,3389600,493,0,6,-93.2,533,-685.0,4105.0,4161.760444811786,-32,139.47363877503494,-40,3,3,0.5506709585222324
2831,3221001,417865.0,3385495.0,8,140,3,0,2585.0,9.2,525,0,5,417990,3385620,524,0,5,-97.0,533,125.0,125.0,176.7766952966369,-1,85.0,-9,3,3,2.9145084672093007
2832,3221001,417865.0,3385495.0,8,140,3,0,2585.0,9.2,525,0,5,417155,3389440,504,0,12,-95.0,533,-710.0,3945.0,4008.3818430883052,-21,140.20256693083843,-29,3,3,0.41451854669364213
2833,3221001,417865.0,3385495.0,8,140,3,0,2585.0,9.2,525,0,5,417130,3389415,506,0,5,-89.0,533,-735.0,3920.0,3988.311046044428,-19,140.61965527615513,-27,3,3,0.38787406420253095
2834,3221001,417865.0,3385495.0,8,140,3,0,2585.0,9.2,525,0,5,417125,3389410,506,0,5,-89.0,533,-740.0,3915.0,3984.322401613604,-19,140.7035759539433,-27,3,3,0.38826234713554014
2835,3221001,417865.0,3385495.0,8,140,3,0,2585.0,9.2,525,0,5,417150,3389435,504,0,12,-88.0,533,-715.0,3940.0,4004.3507588621655,-21,140.28564975979714,-29,3,3,0.41493581802715995
2836,3221001,417865.0,3385495.0,8,140,3,0,2585.0,9.2,525,0,5,418055,3385305,514,0,5,-99.0,533,190.0,-190.0,268.70057685088807,-11,-5.0,-19,3,3,4.044691235386268
2837,3221001,417865.0,3385495.0,8,140,3,0,2585.0,9.2,525,0,5,418015,3385345,517,0,5,-93.67,533,150.0,-150.0,212.13203435596427,-8,-5.0,-16,3,3,4.31335129706561
2838,3221001,417865.0,3385495.0,8,140,3,0,2585.0,9.2,525,0,5,418050,3385310,514,0,5,-91.5,533,185.0,-185.0,261.6295090390226,-11,-5.0,-19,3,3,4.153629620453417
2839,3221001,417865.0,3385495.0,8,140,3,0,2585.0,9.2,525,0,5,418035,3385325,516,0,5,-98.5,533,170.0,-170.0,240.41630560342617,-9,-5.0,-17,3,3,4.044691235386268
2840,3221001,417865.0,3385495.0,8,140,3,0,2585.0,9.2,525,0,5,417945,3385415,522,0,6,-86.5,533,80.0,-80.0,113.13708498984761,-3,-5.0,-11,3,3,5.553252569776342
2841,3221001,417865.0,3385495.0,8,140,3,0,2585.0,9.2,525,0,5,417960,3385400,521,0,6,-92.29,533,95.0,-95.0,134.35028842544403,-4,-5.0,-12,3,3,5.104043158199522
2842,3221001,417865.0,3385495.0,8,140,3,0,2585.0,9.2,525,0,5,417955,3385405,521,0,6,-90.86,533,90.0,-90.0,127.27922061357856,-4,-5.0,-12,3,3,5.385977098599754
2843,3221001,417865.0,3385495.0,8,140,3,0,2585.0,9.2,525,0,5,418025,3385335,516,0,5,-97.67,533,160.0,-160.0,226.27416997969522,-9,-5.0,-17,3,3,4.296565486215446
2844,3221001,417865.0,3385495.0,8,140,3,0,2585.0,9.2,525,0,5,418045,3385315,515,0,5,-101.33,533,180.0,-180.0,254.55844122715712,-10,-5.0,-18,3,3,4.044691235386268
2845,3221001,417865.0,3385495.0,8,140,3,0,2585.0,9.2,525,0,5,417980,3385380,520,0,5,-92.0,533,115.0,-115.0,162.63455967290594,-5,-5.0,-13,3,3,4.570152952178776
2846,3221001,417865.0,3385495.0,8,140,3,0,2585.0,9.2,525,0,5,418000,3385360,518,0,5,-93.89,533,135.0,-135.0,190.91883092036784,-7,-5.0,-15,3,3,4.492353222313803
2847,3221001,417865.0,3385495.0,8,140,3,0,2585.0,9.2,525,0,5,417950,3385410,522,0,6,-88.86,533,85.0,-85.0,120.20815280171308,-3,-5.0,-11,3,3,5.228457144658494
2848,3221001,417865.0,3385495.0,8,140,3,0,2585.0,9.2,525,0,5,417940,3385420,522,0,5,-85.89,533,75.0,-75.0,106.06601717798213,-3,-5.0,-11,3,3,5.920920632956351
2849,3221001,417865.0,3385495.0,8,140,3,0,2585.0,9.2,525,0,5,417930,3385430,523,0,5,-90.1,533,65.0,-65.0,91.92388155425118,-2,-5.0,-10,3,3,6.208544626185846
2850,3221001,417865.0,3385495.0,8,140,3,0,2585.0,9.2,525,0,5,417920,3385440,523,0,5,-93.02,533,55.0,-55.0,77.78174593052023,-2,-5.0,-10,3,3,7.326036953152303
2851,3221001,417865.0,3385495.0,8,140,3,0,2585.0,9.2,525,0,5,418040,3385320,515,0,5,-99.0,533,175.0,-175.0,247.48737341529164,-10,-5.0,-18,3,3,4.159853769975279
2852,3221001,417865.0,3385495.0,8,140,3,0,2585.0,9.2,525,0,5,417995,3385365,519,0,5,-91.6,533,130.0,-130.0,183.84776310850236,-6,-5.0,-14,3,3,4.354667049874994
2853,3221001,417865.0,3385495.0,8,140,3,0,2585.0,9.2,525,0,5,417925,3385435,523,0,5,-91.96,533,60.0,-60.0,84.8528137423857,-2,-5.0,-10,3,3,6.721369339369456
2854,3221001,417865.0,3385495.0,8,140,3,0,2585.0,9.2,525,0,5,417965,3385395,521,0,5,-91.6,533,100.0,-100.0,141.4213562373095,-4,-5.0,-12,3,3,4.850090156191999
2855,3221001,417865.0,3385495.0,8,140,3,0,2585.0,9.2,525,0,5,417975,3385385,520,0,5,-91.17,533,110.0,-110.0,155.56349186104046,-5,-5.0,-13,3,3,4.776946606420508
2856,3221001,417865.0,3385495.0,8,140,3,0,2585.0,9.2,525,0,5,417970,3385390,521,0,5,-90.2,533,105.0,-105.0,148.49242404917499,-4,-5.0,-12,3,3,4.620158165632828
2857,3221001,417865.0,3385495.0,8,140,3,0,2585.0,9.2,525,0,5,417935,3385425,522,0,5,-87.36,533,70.0,-70.0,98.99494936611666,-3,-5.0,-11,3,3,6.340512582483337
2858,3221001,417865.0,3385495.0,8,140,3,0,2585.0,9.2,525,0,5,418020,3385340,517,0,5,-98.0,533,155.0,-155.0,219.20310216782974,-8,-5.0,-16,3,3,4.174711019349662
2859,3221001,417865.0,3385495.0,8,140,3,0,2585.0,9.2,525,0,5,417990,3385370,519,0,5,-95.0,533,125.0,-125.0,176.7766952966369,-6,-5.0,-14,3,3,4.528143177223382
2860,3221001,417865.0,3385495.0,8,140,3,0,2585.0,9.2,525,0,5,417985,3385375,519,0,5,-90.67,533,120.0,-120.0,169.7056274847714,-6,-5.0,-14,3,3,4.715981714482646
2861,3221001,417865.0,3385495.0,8,140,3,0,2585.0,9.2,525,0,5,417970,3385560,526,0,5,-90.0,533,105.0,65.0,123.4908903522847,1,71.7594800848128,-7,3,3,3.2443018257546146
2862,3221001,417865.0,3385495.0,8,140,3,0,2585.0,9.2,525,0,5,418000,3385510,524,0,5,-90.5,533,135.0,15.0,135.83077707206124,-1,46.34019174590992,-9,3,3,3.790815166957204
2863,3221001,417865.0,3385495.0,8,140,3,0,2585.0,9.2,525,0,5,417985,3385525,525,0,10,-101.0,533,120.0,30.0,123.69316876852982,0,54.03624346792648,-8,3,3,3.7005173658394273
2864,3221001,417865.0,3385495.0,8,140,3,0,2585.0,9.2,525,0,5,417930,3385600,526,0,5,-88.5,533,65.0,105.0,123.4908903522847,1,98.2405199151872,-7,3,3,3.2443018257546146
2865,3221001,417865.0,3385495.0,8,140,3,0,2585.0,9.2,525,0,5,417995,3385535,525,0,5,-96.0,533,130.0,40.0,136.01470508735443,0,57.10272896905238,-8,3,3,3.3660975390045555
2866,3221001,417865.0,3385495.0,8,140,3,0,2585.0,9.2,525,0,5,418010,3385520,523,0,5,-92.67,533,145.0,25.0,147.13938969562162,-2,49.78240703180728,-10,3,3,3.8880009012616275
2867,3221001,417865.0,3385495.0,8,140,3,0,2585.0,9.2,525,0,5,417975,3385555,526,0,5,-100.4,533,110.0,60.0,125.29964086141668,1,68.61045966596521,-7,3,3,3.197566919794338
2868,3221001,417865.0,3385495.0,8,140,3,0,2585.0,9.2,525,0,5,418025,3385485,521,0,5,-92.5,533,160.0,-10.0,160.31219541881399,-4,36.423665625002656,-12,3,3,4.280831619793325
2869,3221001,417865.0,3385495.0,8,140,3,0,2585.0,9.2,525,0,5,417935,3385595,526,99,5,-89.0,533,70.0,100.0,122.06555615733703,1,95.00797980144134,-7,3,3,3.2821025233839904
2870,3221001,417865.0,3385495.0,8,140,3,0,2585.0,9.2,525,0,5,417980,3385530,526,0,5,-99.0,533,115.0,35.0,120.20815280171308,1,56.927513064147035,-7,3,3,3.3327026797395014
2871,3221001,417865.0,3385495.0,8,140,3,0,2585.0,9.2,525,0,5,417950,3385580,526,99,5,-101.25,533,85.0,85.0,120.20815280171308,1,85.0,-7,3,3,3.3327026797395014
2872,3221001,417865.0,3385495.0,8,140,3,0,2585.0,9.2,525,0,5,417795,3385665,531,0,5,-99.33,533,-70.0,170.0,183.84776310850236,6,152.3801350519596,-2,3,3,0.6232713253214983
2873,3221001,417865.0,3385495.0,8,140,3,0,2585.0,9.2,525,0,5,417760,3385660,533,0,6,-105.5,533,-105.0,165.0,195.57607215607945,8,162.47119229084848,0,3,3,0.0
2874,3221001,417865.0,3385495.0,8,140,3,0,2585.0,9.2,525,0,5,417100,3389445,504,0,6,-80.5,533,-765.0,3950.0,4023.397196400077,-21,140.9608277306835,-29,3,3,0.4129716135523135
2875,3221001,417865.0,3385495.0,8,140,3,0,2585.0,9.2,525,0,5,417105,3389450,503,0,6,-84.0,533,-760.0,3955.0,4027.35955683125,-22,140.87746706509643,-30,3,3,0.4267911940121638
2876,3221001,417865.0,3385495.0,8,140,3,0,2585.0,9.2,525,0,5,417225,3389650,497,0,6,-95.0,533,-640.0,4155.0,4204.001070408998,-28,138.7565240997717,-36,3,3,0.4906272887232075
2877,3221001,417865.0,3385495.0,8,140,3,0,2585.0,9.2,525,0,5,417110,3389455,503,0,6,-85.8,533,-755.0,3960.0,4031.330425554323,-22,140.7942704445412,-30,3,3,0.42637081933968635
2878,3221001,417865.0,3385495.0,8,140,3,0,2585.0,9.2,525,0,5,417935,3385545,526,0,5,-92.0,533,70.0,50.0,86.02325267042627,1,75.53767779197437,-7,3,3,4.652099276340239
2879,3221001,417865.0,3385495.0,8,140,3,0,2585.0,9.2,525,0,5,417955,3385525,527,0,5,-94.5,533,90.0,30.0,94.86832980505137,2,58.434948822922024,-6,3,3,3.6188832299832416
2880,3221001,417865.0,3385495.0,8,140,3,0,2585.0,9.2,525,0,5,417925,3385555,526,99,5,-97.0,533,60.0,60.0,84.8528137423857,1,85.0,-7,3,3,4.715981714482646
2881,3221001,417865.0,3385495.0,8,140,3,0,2585.0,9.2,525,0,5,416820,3389220,511,0,5,-88.5,533,-1045.0,3725.0,3868.8047249764363,-14,145.67076884608775,-22,3,3,0.3258095593858934
2882,3221001,417865.0,3385495.0,8,140,3,0,2585.0,9.2,525,0,5,416825,3389215,511,0,5,-95.0,533,-1040.0,3720.0,3862.641583165593,-14,145.6193921387108,-22,3,3,0.3263294023700936
2883,3221001,417865.0,3385495.0,8,140,3,0,2585.0,9.2,525,0,5,417995,3385565,524,0,5,-89.67,533,130.0,70.0,147.648230602334,-1,68.30075576600638,-9,3,3,3.48818790171055
2884,3221001,417865.0,3385495.0,8,140,3,0,2585.0,9.2,525,0,5,418005,3385475,522,0,6,-104.0,533,140.0,-20.0,141.4213562373095,-3,31.86989764584402,-11,3,3,4.44761084131792
2885,3221001,417865.0,3385495.0,8,140,3,0,2585.0,9.2,525,0,5,418010,3385470,522,0,5,-106.33,533,145.0,-25.0,147.13938969562162,-3,30.21759296819272,-11,3,3,4.275424501577992
2886,3221001,417865.0,3385495.0,8,140,3,0,2585.0,9.2,525,0,5,418015,3385465,521,0,5,-97.0,533,150.0,-30.0,152.97058540778355,-4,28.6900675259798,-12,3,3,4.48546483215546
2887,3221001,417865.0,3385495.0,8,140,3,0,2585.0,9.2,525,0,5,416830,3389210,511,0,5,-92.6,533,-1035.0,3715.0,3856.4815570672704,-14,145.56785125993747,-22,3,3,0.32685064278809434
2888,3221001,417865.0,3385495.0,8,140,3,0,2585.0,9.2,525,0,5,416835,3389205,511,0,5,-96.5,533,-1030.0,3710.0,3850.3246616356914,-14,145.51614550542325,-22,3,3,0.3273732848099487
2889,3221001,417865.0,3385495.0,8,140,3,0,2585.0,9.2,525,0,5,417950,3385530,527,0,5,-98.0,533,85.0,35.0,91.92388155425118,2,62.38013505195957,-6,3,3,3.7344780780498508
2890,3221001,417865.0,3385495.0,8,140,3,0,2585.0,9.2,525,0,5,417930,3385550,526,99,5,-86.71,533,65.0,55.0,85.14693182963201,1,80.23635830927381,-7,3,3,4.699764671064311
2891,3221001,417865.0,3385495.0,8,140,3,0,2585.0,9.2,525,0,5,417945,3385535,527,0,5,-109.5,533,80.0,40.0,89.44271909999159,2,66.56505117707798,-6,3,3,3.8377679742380146
2892,3221001,417865.0,3385495.0,8,140,3,0,2585.0,9.2,525,0,5,418020,3385460,521,0,5,-108.0,533,155.0,-35.0,158.90248582070703,-4,27.27564431457762,-12,3,3,4.318666132333085
2893,3221001,417865.0,3385495.0,8,140,3,0,2585.0,9.2,525,0,5,416885,3389175,510,0,5,-90.33,533,-980.0,3680.0,3808.2541931966675,-15,144.91203430353426,-23,3,3,0.34603438733274827
2894,3221001,417865.0,3385495.0,8,140,3,0,2585.0,9.2,525,0,5,417955,3385585,526,0,5,-98.5,533,90.0,90.0,127.27922061357856,1,85.0,-7,3,3,3.147935817720939
2895,3221001,417865.0,3385495.0,8,140,3,0,2585.0,9.2,525,0,5,417935,3385565,526,99,5,-93.0,533,70.0,70.0,98.99494936611666,1,85.0,-7,3,3,4.044691235386268
2896,3221001,417865.0,3385495.0,8,140,3,0,2585.0,9.2,525,0,5,417965,3385535,527,0,5,-80.0,533,100.0,40.0,107.70329614269008,2,61.801409486351815,-6,3,3,3.188571948517703
2897,3221001,417865.0,3385495.0,8,140,3,0,2585.0,9.2,525,0,5,416880,3389180,510,0,5,-92.5,533,-985.0,3685.0,3814.374129526363,-15,144.96528278734854,-23,3,3,0.3454792092156257
2898,3221001,417865.0,3385495.0,8,140,3,0,2585.0,9.2,525,0,5,417920,3385580,526,0,5,-103.5,533,55.0,85.0,101.24228365658294,1,97.0947570770121,-7,3,3,3.9551970272526704
2899,3221001,417865.0,3385495.0,8,140,3,0,2585.0,9.2,525,0,5,417975,3385525,526,0,5,-90.29,533,110.0,30.0,114.0175425099138,1,55.255118703057775,-7,3,3,3.513210996211339
2900,3221001,417865.0,3385495.0,8,140,3,0,2585.0,9.2,525,0,5,418000,3385500,523,0,6,-91.67,533,135.0,5.0,135.09256086106296,-2,42.12109639666144,-10,3,3,4.233502721119429
2901,3221001,417865.0,3385495.0,8,140,3,0,2585.0,9.2,525,0,5,416895,3389165,509,0,5,-100.0,533,-970.0,3670.0,3796.0242359605663,-16,144.80502248521054,-24,3,3,0.36224225692417267
2902,3221001,417865.0,3385495.0,8,140,3,0,2585.0,9.2,525,0,5,418005,3385495,523,96,6,-90.0,533,140.0,0.0,140.0,-2,40.0,-10,3,3,4.085616779974877
2903,3221001,417865.0,3385495.0,8,140,3,0,2585.0,9.2,525,0,5,417970,3385530,527,0,5,-89.8,533,105.0,35.0,110.67971810589327,2,58.434948822922024,-6,3,3,3.102994086361735
2904,3221001,417865.0,3385495.0,8,140,3,0,2585.0,9.2,525,0,5,417985,3385555,525,0,5,-99.67,533,120.0,60.0,134.16407864998737,0,66.56505117707798,-8,3,3,3.412419686661102
2905,3221001,417865.0,3385495.0,8,140,3,0,2585.0,9.2,525,0,5,417945,3385595,526,99,5,-88.0,533,80.0,100.0,128.06248474865697,1,91.34019174590992,-7,3,3,3.1287205760051418
2906,3221001,417865.0,3385495.0,8,140,3,0,2585.0,9.2,525,0,5,416890,3389170,509,0,5,-91.5,533,-975.0,3675.0,3802.137556690973,-16,144.85861444792465,-24,3,3,0.36165983606309177
2907,3221001,417865.0,3385495.0,8,140,3,0,2585.0,9.2,525,0,5,417990,3385550,525,0,5,-86.5,533,125.0,55.0,136.56500283747664,0,63.749494492866745,-8,3,3,3.35256462667881
2908,3221001,417865.0,3385495.0,8,140,3,0,2585.0,9.2,525,0,5,417995,3385545,524,0,5,-90.5,533,130.0,50.0,139.2838827718412,-1,61.03751102542182,-9,3,3,3.6970977831058702
2909,3221001,417865.0,3385495.0,8,140,3,0,2585.0,9.2,525,0,5,417160,3389575,495,0,6,-94.5,533,-705.0,4080.0,4140.461930751206,-30,139.80356760434506,-38,3,3,0.5258298544882445
2910,3221001,417865.0,3385495.0,8,140,3,0,2585.0,9.2,525,0,5,417165,3389580,495,0,6,-92.0,533,-700.0,4085.0,4144.5415910568445,-30,139.72368551390036,-38,3,3,0.5253122853281795
2911,3221001,417865.0,3385495.0,8,140,3,0,2585.0,9.2,525,0,5,417195,3389590,494,0,5,-93.57,533,-670.0,4095.0,4149.448758570227,-31,139.29206979851705,-39,3,3,0.538497939425274
2912,3221001,417865.0,3385495.0,8,140,3,0,2585.0,9.2,525,0,5,417190,3389585,494,0,6,-94.33,533,-675.0,4090.0,4145.325680812064,-31,139.3714307046332,-39,3,3,0.5390335156637592
2913,3221001,417865.0,3385495.0,8,140,3,0,2585.0,9.2,525,0,5,417170,3389565,496,0,6,-89.75,533,-695.0,4070.0,4128.913295287272,-29,139.69045470545944,-37,3,3,0.5134249491670574
2914,3221001,417865.0,3385495.0,8,140,3,0,2585.0,9.2,525,0,5,417145,3389560,496,0,6,-90.5,533,-720.0,4065.0,4128.271430029765,-29,140.04415898807446,-37,3,3,0.5135047724047855
2915,3221001,417865.0,3385495.0,8,140,3,0,2585.0,9.2,525,0,5,417185,3389600,493,0,6,-90.5,533,-680.0,4105.0,4160.9403985157005,-32,139.40572821268836,-40,3,3,0.5507794791498773
2916,3221001,417865.0,3385495.0,8,140,3,0,2585.0,9.2,525,0,5,417180,3389595,494,0,6,-94.2,533,-685.0,4100.0,4156.8287191078725,-31,139.48498219478688,-39,3,3,0.5375419558115506
2917,3221001,417865.0,3385495.0,8,140,3,0,2585.0,9.2,525,0,5,417155,3389550,497,0,6,-85.0,533,-710.0,4055.0,4116.688596432818,-28,139.93138660069008,-36,3,3,0.5010326716495029
2918,3221001,417865.0,3385495.0,8,140,3,0,2585.0,9.2,525,0,5,417150,3389545,497,0,6,-84.0,533,-715.0,4050.0,4112.629937157001,-28,140.0120149996538,-36,3,3,0.5015271039498939
2919,3221001,417865.0,3385495.0,8,140,3,0,2585.0,9.2,525,0,5,417135,3389530,498,0,6,-85.0,533,-730.0,4035.0,4100.503017923533,-27,140.25485561700555,-35,3,3,0.48903843652008
2920,3221001,417865.0,3385495.0,8,140,3,0,2585.0,9.2,525,0,5,417865,3385380,521,0,5,-88.5,533,0.0,-115.0,115.0,-4,-50.0,-12,3,3,5.957131114708213
2921,3221001,417865.0,3385495.0,8,140,3,0,2585.0,9.2,525,0,5,417840,3385395,523,0,5,-109.33,533,-25.0,-100.0,103.07764064044152,-2,-64.03624346792648,-10,3,3,5.541166443639222
2922,3221001,417865.0,3385495.0,8,140,3,0,2585.0,9.2,525,0,5,417750,3385565,531,0,5,-100.33,533,-115.0,70.0,134.6291201783626,6,188.6713071321958,-2,3,3,0.8511021260965924
2923,3221001,417865.0,3385495.0,8,140,3,0,2585.0,9.2,525,0,5,417880,3385435,523,0,10,-86.19,533,15.0,-60.0,61.84658438426491,-2,-35.96375653207353,-10,3,3,9.184688113554719
2924,3221001,417865.0,3385495.0,8,140,3,0,2585.0,9.2,525,0,5,417890,3385425,522,0,5,-89.38,533,25.0,-70.0,74.33034373659252,-3,-30.346175941946697,-11,3,3,8.417990887582802
2925,3221001,417865.0,3385495.0,8,140,3,0,2585.0,9.2,525,0,5,417845,3385400,523,0,5,-98.0,533,-20.0,-95.0,97.082439194738,-2,-61.888658039627984,-10,3,3,5.881024693804078
2926,3221001,417865.0,3385495.0,8,140,3,0,2585.0,9.2,525,0,5,417875,3385370,521,0,5,-103.2,533,10.0,-125.0,125.39936203984452,-4,-45.42607874009914,-12,3,3,5.466232679222325
2927,3221001,417865.0,3385495.0,8,140,3,0,2585.0,9.2,525,0,5,417895,3385430,523,0,5,-86.67,533,30.0,-65.0,71.58910531638176,-2,-25.224859431168085,-10,3,3,7.951967926347943
2928,3221001,417865.0,3385495.0,8,140,3,0,2585.0,9.2,525,0,5,417910,3385405,522,0,10,-99.33,533,45.0,-90.0,100.62305898749054,-3,-23.43494882292201,-11,3,3,6.238736837940101
2929,3221001,417865.0,3385495.0,8,140,3,0,2585.0,9.2,525,0,5,417745,3385580,532,0,5,-112.5,533,-120.0,85.0,147.05441169852742,7,184.6887865603668,-1,3,3,0.3896169839712528
2930,3221001,417865.0,3385495.0,8,140,3,0,2585.0,9.2,525,0,5,417900,3385415,522,0,10,-91.43,533,35.0,-80.0,87.32124598286491,-3,-26.370622269343187,-11,3,3,7.179823810334801
2931,3221001,417865.0,3385495.0,8,140,3,0,2585.0,9.2,525,0,5,417825,3385340,521,0,10,-106.0,533,-40.0,-155.0,160.0781059358212,-4,-64.4702941000659,-12,3,3,4.2870683525192215
2932,3221001,417865.0,3385495.0,8,140,3,0,2585.0,9.2,525,0,5,417905,3385420,522,0,10,-90.92,533,40.0,-75.0,85.0,-3,-21.927513064147035,-11,3,3,7.373766361330215
2933,3221001,417865.0,3385495.0,8,140,3,0,2585.0,9.2,525,0,5,417885,3385440,523,0,10,-89.39,533,20.0,-55.0,58.52349955359813,-2,-30.01689347810003,-10,3,3,9.696570807062264
2934,3221001,417865.0,3385495.0,8,140,3,0,2585.0,9.2,525,0,5,417915,3385410,522,0,10,-82.43,533,50.0,-85.0,98.6154146165801,-3,-19.534455080540127,-11,3,3,6.364715027114293
2935,3221001,417865.0,3385495.0,8,140,3,0,2585.0,9.2,525,0,5,417805,3385360,522,0,10,-115.5,533,-60.0,-135.0,147.73286702694156,-3,-73.96248897457819,-11,3,3,4.25831243021078
2936,3221001,417865.0,3385495.0,8,140,3,0,2585.0,9.2,525,0,5,417850,3385385,522,0,5,-103.0,533,-15.0,-110.0,111.01801655587259,-3,-57.76516601842535,-11,3,3,5.658569352305793
2937,3221001,417865.0,3385495.0,8,140,3,0,2585.0,9.2,525,0,5,417185,3389430,504,36,12,-90.5,533,-680.0,3935.0,3993.3225514601245,-21,139.80434729434455,-29,3,3,0.41608169030327435
2938,3221001,417865.0,3385495.0,8,140,3,0,2585.0,9.2,525,0,5,417145,3389390,507,0,5,-81.5,533,-720.0,3895.0,3960.987881829481,-18,140.4730395350757,-26,3,3,0.3760851881479545
2939,3221001,417865.0,3385495.0,8,140,3,0,2585.0,9.2,525,0,5,417135,3389380,508,0,6,-84.5,533,-730.0,3885.0,3952.989375143829,-17,140.64191470763552,-25,3,3,0.36235245155827345
2940,3221001,417865.0,3385495.0,8,140,3,0,2585.0,9.2,525,0,5,417130,3389375,509,0,6,-81.4,533,-735.0,3880.0,3949.0030387428164,-16,140.72660846205622,-24,3,3,0.34820985577206226
2941,3221001,417865.0,3385495.0,8,140,3,0,2585.0,9.2,525,0,5,417120,3389365,510,0,7,-89.0,533,-745.0,3870.0,3941.056330477909,-15,140.89650904302647,-23,3,3,0.33437430415566366
2942,3221001,417865.0,3385495.0,8,140,3,0,2585.0,9.2,525,0,5,417155,3389400,506,0,5,-82.0,533,-710.0,3905.0,3969.020660062127,-19,140.30484646876602,-27,3,3,0.38975916654502246
2943,3221001,417865.0,3385495.0,8,140,3,0,2585.0,9.2,525,0,5,417140,3389385,508,0,6,-81.67,533,-725.0,3890.0,3956.9843315332955,-17,140.55739178182716,-25,3,3,0.3619866316356593
2944,3221001,417865.0,3385495.0,8,140,3,0,2585.0,9.2,525,0,5,417935,3385560,526,99,5,-100.5,533,70.0,65.0,95.524865872714,1,82.87890360333856,-7,3,3,4.191106255980144
2945,3221001,417865.0,3385495.0,8,140,3,0,2585.0,9.2,525,0,5,417920,3385545,526,99,5,-98.0,533,55.0,50.0,74.33034373659252,1,82.27368900609375,-7,3,3,5.3799167033826505
2946,3221001,417865.0,3385495.0,8,140,3,0,2585.0,9.2,525,0,5,417970,3385595,525,0,5,-106.5,533,105.0,100.0,145.0,0,83.60281897270363,-8,3,3,3.157944796439268
2947,3221001,417865.0,3385495.0,8,140,3,0,2585.0,9.2,525,0,5,416805,3389230,511,0,5,-105.0,533,-1060.0,3735.0,3882.5024146805113,-14,145.8440413639537,-22,3,3,0.3246601093473492
2948,3221001,417865.0,3385495.0,8,140,3,0,2585.0,9.2,525,0,5,418020,3385445,521,0,5,-93.5,533,155.0,-50.0,162.8649747490233,-4,22.121303404158652,-12,3,3,4.213976600286088
2949,3221001,417865.0,3385495.0,8,140,3,0,2585.0,9.2,525,0,5,418005,3385470,522,0,6,-116.75,533,140.0,-25.0,142.21462653327893,-3,29.875328344602195,-11,3,3,4.42290087105008
2950,3221001,417865.0,3385495.0,8,140,3,0,2585.0,9.2,525,0,5,418000,3385465,522,99,6,-109.0,533,135.0,-30.0,138.2931668593933,-3,27.471192290848478,-11,3,3,4.547798344761705
2951,3221001,417865.0,3385495.0,8,140,3,0,2585.0,9.2,525,0,5,418045,3385510,520,0,5,-100.5,533,180.0,15.0,180.62391868188442,-5,44.76364169072619,-13,3,3,4.116636397828967
2952,3221001,417865.0,3385495.0,8,140,3,0,2585.0,9.2,525,0,5,416830,3389215,511,0,5,-92.5,533,-1035.0,3720.0,3861.298356770686,-14,145.54793955828882,-22,3,3,0.32644291983025925
2953,3221001,417865.0,3385495.0,8,140,3,0,2585.0,9.2,525,0,5,416895,3389160,509,0,5,-88.5,533,-970.0,3665.0,3791.1904462846496,-16,144.82433148604918,-24,3,3,0.36270410555910637
2954,3221001,417865.0,3385495.0,8,140,3,0,2585.0,9.2,525,0,5,417950,3385535,527,0,5,-105.71,533,85.0,40.0,93.94147114027967,2,65.20112364547506,-6,3,3,3.654492079773599
2955,3221001,417865.0,3385495.0,8,140,3,0,2585.0,9.2,525,0,5,417940,3385525,527,0,10,-92.2,533,75.0,30.0,80.77747210701756,2,61.801409486351815,-6,3,3,4.248022666728544
2956,3221001,417865.0,3385495.0,8,140,3,0,2585.0,9.2,525,0,5,417955,3385540,527,0,5,-102.8,533,90.0,45.0,100.62305898749054,2,66.56505117707798,-6,3,3,3.4124196866611016
2957,3221001,417865.0,3385495.0,8,140,3,0,2585.0,9.2,525,0,5,417945,3385530,527,0,5,-91.6,533,80.0,35.0,87.32124598286491,2,63.62937773065681,-6,3,3,3.9307178708252377
2958,3221001,417865.0,3385495.0,8,140,3,0,2585.0,9.2,525,0,5,417990,3385575,525,0,5,-83.5,533,125.0,80.0,148.4082207965583,0,72.61924307119284,-8,3,3,3.0855638202533298
2959,3221001,417865.0,3385495.0,8,140,3,0,2585.0,9.2,525,0,5,418590,3384760,510,81,14,-107.67,533,725.0,-735.0,1032.4001162340112,-15,-5.392430709340886,-23,3,3,1.2762348209451941
2960,3221001,417865.0,3385495.0,8,140,3,0,2585.0,9.2,525,0,5,418605,3384805,510,0,10,-110.0,533,740.0,-690.0,1011.7806086301516,-15,-2.9974668681731202,-23,3,3,1.3022348867565465
2961,3221001,417865.0,3385495.0,8,140,3,0,2585.0,9.2,525,0,5,417795,3385675,531,0,5,-101.5,533,-70.0,180.0,193.13207915827965,6,151.25050550713325,-2,3,3,0.5933113938196983
2962,3221001,417865.0,3385495.0,8,140,3,0,2585.0,9.2,525,0,5,417115,3389440,504,0,6,-90.0,533,-750.0,3945.0,4015.659970664847,-21,140.7642748806045,-29,3,3,0.4137672844099064
2963,3221001,417865.0,3385495.0,8,140,3,0,2585.0,9.2,525,0,5,417110,3389435,504,0,6,-86.8,533,-755.0,3940.0,4011.6860545162303,-21,140.847766813777,-29,3,3,0.4141771418162147
2964,3221001,417865.0,3385495.0,8,140,3,0,2585.0,9.2,525,0,5,417055,3389380,509,0,6,-84.5,533,-810.0,3885.0,3968.541923679275,-16,141.77712269382437,-24,3,3,0.346495506737765
2965,3221001,417865.0,3385495.0,8,140,3,0,2585.0,9.2,525,0,5,417100,3389425,505,0,6,-84.67,533,-765.0,3930.0,4003.7638541752185,-20,141.0152470073764,-28,3,3,0.4006868865240651
2966,3221001,417865.0,3385495.0,8,140,3,0,2585.0,9.2,525,0,5,417095,3389420,506,0,6,-90.0,533,-770.0,3925.0,3999.8156207505367,-19,141.09923553392332,-27,3,3,0.3867584651786065
2967,3221001,417865.0,3385495.0,8,140,3,0,2585.0,9.2,525,0,5,417040,3389365,510,0,7,-80.5,533,-825.0,3870.0,3956.9590596820685,-15,142.03407848755728,-23,3,3,0.33303050859849465
2968,3221001,417865.0,3385495.0,8,140,3,0,2585.0,9.2,525,0,5,417825,3385430,524,0,5,-102.5,533,-40.0,-65.0,76.32168761236873,-1,-81.60750224624891,-9,3,3,6.725369746059648
2969,3221001,417865.0,3385495.0,8,140,3,0,2585.0,9.2,525,0,5,417820,3385425,524,0,5,-101.0,533,-45.0,-70.0,83.21658488546619,-1,-82.7352262721076,-9,3,3,6.1726335690581084
2970,3221001,417865.0,3385495.0,8,140,3,0,2585.0,9.2,525,0,5,417900,3385345,519,93,6,-101.0,533,35.0,-150.0,154.02921800749363,-6,-36.86597769360368,-14,3,3,5.193448958343033
2971,3221001,417865.0,3385495.0,8,140,3,0,2585.0,9.2,525,0,5,417620,3385545,530,102,6,-119.6,533,-245.0,50.0,250.04999500099976,5,208.4653793463553,-3,3,3,0.6873789057961598
2972,3221001,417865.0,3385495.0,8,140,3,0,2585.0,9.2,525,0,5,417625,3385550,530,102,6,-122.5,533,-240.0,55.0,246.22144504490262,5,207.09259132873416,-3,3,3,0.6980660579757482
2973,3221001,417865.0,3385495.0,8,140,3,0,2585.0,9.2,525,0,5,417875,3385320,518,0,6,-106.5,533,10.0,-175.0,175.28548142958104,-7,-46.72951207681645,-15,3,3,4.891152209850608
2974,3221001,417865.0,3385495.0,8,140,3,0,2585.0,9.2,525,0,5,417750,3385515,529,0,14,-98.0,533,-115.0,20.0,116.72617529928752,4,210.13419305691565,-4,3,3,1.9626572171844454
2975,3221001,417865.0,3385495.0,8,140,3,0,2585.0,9.2,525,0,5,417615,3385540,529,0,6,-121.5,533,-250.0,45.0,254.01771591761076,4,209.7960262782683,-4,3,3,0.9021582484616278
2976,3221001,417865.0,3385495.0,8,140,3,0,2585.0,9.2,525,0,5,417835,3385440,525,93,5,-84.75,533,-30.0,-55.0,62.64982043070834,0,-78.61045966596521,-8,3,3,7.276940205640297
2977,3221001,417865.0,3385495.0,8,140,3,0,2585.0,9.2,525,0,5,417990,3385665,520,0,5,-108.33,533,125.0,170.0,211.00947846009194,-5,93.67317404787977,-13,3,3,3.5254572274062395
2978,3221001,417865.0,3385495.0,8,140,3,0,2585.0,9.2,525,0,5,417265,3389825,506,0,6,-97.0,533,-600.0,4330.0,4371.372782090312,-19,137.88913155441185,-27,3,3,0.35388571326105484
2979,3221001,417865.0,3385495.0,8,140,3,0,2585.0,9.2,525,0,5,417910,3385565,526,0,5,-103.5,533,45.0,70.0,83.21658488546619,1,97.26477372789242,-7,3,3,4.8082781409984
2980,3221001,417865.0,3385495.0,8,140,3,0,2585.0,9.2,525,0,5,417890,3385585,527,0,10,-110.0,533,25.0,90.0,93.40770846134703,2,114.47588900324575,-6,3,3,3.6753179850264543
2981,3221001,417865.0,3385495.0,8,140,3,0,2585.0,9.2,525,0,5,417870,3385525,526,0,6,-84.8,533,5.0,30.0,30.4138126514911,1,120.53767779197437,-7,3,3,12.96139380155953
2982,3221001,417865.0,3385495.0,8,140,3,0,2585.0,9.2,525,0,5,417875,3385530,526,0,6,-83.0,533,10.0,35.0,36.40054944640259,1,114.05460409907715,-7,3,3,10.88536666897657
2983,3221001,417865.0,3385495.0,8,140,3,0,2585.0,9.2,525,0,5,417810,3385505,528,5,5,-95.4,533,-55.0,10.0,55.90169943749474,3,209.69515353123398,-5,3,3,5.111089695288715
2984,3221001,417865.0,3385495.0,8,140,3,0,2585.0,9.2,525,0,5,417855,3385550,527,5,6,-92.0,533,-10.0,55.0,55.90169943749474,2,140.30484646876602,-6,3,3,6.126175694914323
2985,3221001,417865.0,3385495.0,8,140,3,0,2585.0,9.2,525,0,5,417865,3385540,527,0,6,-92.4,533,0.0,45.0,45.0,2,130.0,-6,3,3,7.594643368591445
2986,3221001,417865.0,3385495.0,8,140,3,0,2585.0,9.2,525,0,5,417815,3385510,528,0,5,-90.19,533,-50.0,15.0,52.20153254455275,3,203.30075576600643,-5,3,3,5.47124945343343
2987,3221001,417865.0,3385495.0,8,140,3,0,2585.0,9.2,525,0,5,417830,3385485,526,0,5,-89.0,533,-35.0,-10.0,36.40054944640259,1,-124.05460409907712,-7,3,3,10.88536666897657
2988,3221001,417865.0,3385495.0,8,140,3,0,2585.0,9.2,525,0,5,417800,3385515,528,0,5,-91.83,533,-65.0,20.0,68.00735254367721,3,202.89727103094765,-5,3,3,4.2049039747983485
2989,3221001,417865.0,3385495.0,8,140,3,0,2585.0,9.2,525,0,5,417850,3385545,527,5,6,-103.27,533,-15.0,50.0,52.20153254455275,2,146.69924423399362,-6,3,3,6.556755674087011
2990,3221001,417865.0,3385495.0,8,140,3,0,2585.0,9.2,525,0,5,417805,3385520,528,0,5,-95.73,533,-60.0,25.0,65.0,3,197.38013505195954,-5,3,3,4.398705354995532
2991,3221001,417865.0,3385495.0,8,140,3,0,2585.0,9.2,525,0,5,417845,3385560,528,5,6,-104.65,533,-20.0,65.0,68.00735254367721,3,147.10272896905235,-5,3,3,4.2049039747983485
2992,3221001,417865.0,3385495.0,8,140,3,0,2585.0,9.2,525,0,5,417840,3385555,528,5,6,-103.72,533,-25.0,60.0,65.0,3,152.61986494804046,-5,3,3,4.398705354995532
2993,3221001,417865.0,3385495.0,8,140,3,0,2585.0,9.2,525,0,5,417835,3385490,526,0,5,-79.93,533,-30.0,-5.0,30.4138126514911,1,-130.53767779197437,-7,3,3,12.96139380155953
2994,3221001,417865.0,3385495.0,8,140,3,0,2585.0,9.2,525,0,5,417825,3385500,527,0,10,-87.6,533,-40.0,5.0,40.311288741492746,2,212.8749836510982,-6,3,3,8.465848238967707
2995,3221001,417865.0,3385495.0,8,140,3,0,2585.0,9.2,525,0,5,417860,3385535,527,0,6,-88.6,533,-5.0,40.0,40.311288741492746,2,137.1250163489018,-6,3,3,8.465848238967707
2996,3221001,417865.0,3385495.0,8,140,3,0,2585.0,9.2,525,0,5,417900,3385575,526,0,10,-95.5,533,35.0,80.0,87.32124598286491,1,106.37062226934319,-7,3,3,4.583244614887839
2997,3221001,417865.0,3385495.0,8,140,3,0,2585.0,9.2,525,0,5,417895,3385590,527,0,10,-99.5,533,30.0,95.0,99.62429422585637,2,112.47443162627712,-6,3,3,3.446548204197002
2998,3221001,417865.0,3385495.0,8,140,3,0,2585.0,9.2,525,0,5,417775,3385470,527,5,5,-101.0,533,-90.0,-25.0,93.40770846134703,2,-124.47588900324575,-6,3,3,3.6753179850264543
2999,3221001,417865.0,3385495.0,8,140,3,0,2585.0,9.2,525,0,5,418030,3385390,519,0,5,-93.0,533,165.0,-105.0,195.57607215607945,-6,7.528807709151522,-14,3,3,4.094442616571294
3000,3221001,417865.0,3385495.0,8,140,3,0,2585.0,9.2,525,0,5,418060,3385440,519,0,5,-101.0,533,195.0,-55.0,202.6079958935481,-6,24.248826336546983,-14,3,3,3.952795165764147
3001,3221001,417865.0,3385495.0,8,140,3,0,2585.0,9.2,525,0,5,418000,3385380,519,0,5,-91.5,533,135.0,-115.0,177.341478509682,-6,-0.42607874009914326,-14,3,3,4.513781990282363
3002,3221001,417865.0,3385495.0,8,140,3,0,2585.0,9.2,525,0,5,417995,3385345,518,0,5,-95.67,533,130.0,-150.0,198.4943324127921,-7,-9.085616779974885,-15,3,3,4.3215656662858235
3003,3221001,417865.0,3385495.0,8,140,3,0,2585.0,9.2,525,0,5,417990,3385350,518,0,5,-93.0,533,125.0,-145.0,191.44189719076647,-7,-9.236394799058843,-15,3,3,4.4801290479853675
3004,3221001,417865.0,3385495.0,8,140,3,0,2585.0,9.2,525,0,5,417835,3385385,522,0,5,-105.0,533,-30.0,-110.0,114.0175425099138,-3,-65.25511870305779,-11,3,3,5.510634651350269
3005,3221001,417865.0,3385495.0,8,140,3,0,2585.0,9.2,525,0,5,417860,3385360,521,0,5,-94.0,533,-5.0,-135.0,135.09256086106296,-4,-52.12109639666146,-12,3,3,5.076145673849254
3006,3221001,417865.0,3385495.0,8,140,3,0,2585.0,9.2,525,0,5,417885,3385295,517,93,6,-95.5,533,20.0,-200.0,200.9975124224178,-8,-44.28940686250037,-16,3,3,4.551317363633067
3007,3221001,417865.0,3385495.0,8,140,3,0,2585.0,9.2,525,0,5,417870,3385350,520,0,10,-107.67,533,5.0,-145.0,145.08618128546908,-5,-48.02506598911803,-13,3,3,5.120138553784536
3008,3221001,417865.0,3385495.0,8,140,3,0,2585.0,9.2,525,0,5,417820,3385400,523,0,5,-112.5,533,-45.0,-95.0,105.11898020814318,-2,-75.3461759419467,-10,3,3,5.434211206692449
3009,3221001,417865.0,3385495.0,8,140,3,0,2585.0,9.2,525,0,5,417830,3385390,523,0,5,-91.0,533,-35.0,-105.0,110.67971810589327,-2,-68.43494882292202,-10,3,3,5.162701243636123
3010,3221001,417865.0,3385495.0,8,140,3,0,2585.0,9.2,525,0,5,417865,3385355,520,0,5,-101.0,533,0.0,-140.0,140.0,-5,-50.0,-13,3,3,5.305109606210384
