,Cell Index,Cell X,Cell Y,Height,Azimuth,Electrical Downtilt,Mechanical Downtilt,Frequency Band,RS Power,Cell Altitude,Cell Building Height,Cell Clutter Index,X,Y,Altitude,Building Height,Clutter Index,RSRP,Station Absolute Height,X Distance,Y Distance,Distance To Station,Altitude Delta,Azimuth To Station,Height Delta,Station Total Downtilt,Station Downtilt Delta,Vertical Degree
0,2010201,412815.0,3392400.0,7,200,3,0,2585.0,16.2,493,0,5,412720,3392295,490,0,5,-93.22,500,-95.0,-105.0,141.59802258506295,-3,-152.13759477388825,-10,3,3,4.039661548960759
1,2010201,412815.0,3392400.0,7,200,3,0,2585.0,16.2,493,0,5,412750,3392305,491,0,6,-87.53,500,-65.0,-95.0,115.10864433221339,-2,-144.38034472384487,-9,3,3,4.470690043051321
2,2010201,412815.0,3392400.0,7,200,3,0,2585.0,16.2,493,0,5,412755,3392310,491,0,6,-87.9,500,-60.0,-90.0,108.16653826391968,-2,-143.69006752597977,-9,3,3,4.7563410397334644
3,2010201,412815.0,3392400.0,7,200,3,0,2585.0,16.2,493,0,5,412740,3392315,490,0,12,-88.42,500,-75.0,-85.0,113.35784048754634,-3,-151.42366562500266,-10,3,3,5.041366545778496
4,2010201,412815.0,3392400.0,7,200,3,0,2585.0,16.2,493,0,5,412725,3392300,490,0,5,-86.5,500,-90.0,-100.0,134.5362404707371,-3,-151.98721249581666,-10,3,3,4.250944625001747
5,2010201,412815.0,3392400.0,7,200,3,0,2585.0,16.2,493,0,5,412730,3392285,490,0,6,-97.25,500,-85.0,-115.0,143.0034964607509,-3,-146.46923439005187,-10,3,3,4.000088272766774
6,2010201,412815.0,3392400.0,7,200,3,0,2585.0,16.2,493,0,5,412745,3392320,491,0,12,-86.33,500,-70.0,-80.0,106.30145812734649,-2,-151.18592516570965,-9,3,3,4.839399045817192
7,2010201,412815.0,3392400.0,7,200,3,0,2585.0,16.2,493,0,5,412735,3392290,490,0,5,-97.0,500,-80.0,-110.0,136.01470508735443,-3,-146.0273733851036,-10,3,3,4.2049039747983485
8,2010201,412815.0,3392400.0,7,200,3,0,2585.0,16.2,493,0,5,412755,3392355,491,0,5,-80.5,500,-60.0,-45.0,75.0,-2,-163.13010235415598,-9,3,3,6.84277341263094
9,2010201,412815.0,3392400.0,7,200,3,0,2585.0,16.2,493,0,5,412740,3392350,490,0,5,-83.75,500,-75.0,-50.0,90.13878188659973,-3,-166.30993247402023,-10,3,3,6.330509401162716
10,2010201,412815.0,3392400.0,7,200,3,0,2585.0,16.2,493,0,5,412770,3392380,492,0,5,-85.83,500,-45.0,-20.0,49.24428900898052,-1,-176.03751102542182,-8,3,3,9.227395818696502
11,2010201,412815.0,3392400.0,7,200,3,0,2585.0,16.2,493,0,5,412760,3392370,491,0,5,-91.0,500,-55.0,-30.0,62.64982043070834,-2,-171.3895403340348,-9,3,3,8.174932794662938
12,2010201,412815.0,3392400.0,7,200,3,0,2585.0,16.2,493,0,5,412765,3392365,491,0,5,-77.0,500,-50.0,-35.0,61.032778078668514,-2,-165.00797980144134,-9,3,3,8.38848186129698
13,2010201,412815.0,3392400.0,7,200,3,0,2585.0,16.2,493,0,5,412750,3392360,491,0,5,-80.75,500,-65.0,-40.0,76.32168761236873,-2,-168.39249775375112,-9,3,3,6.725369746059648
14,2010201,412815.0,3392400.0,7,200,3,0,2585.0,16.2,493,0,5,412780,3392390,492,0,5,-80.86,500,-35.0,-10.0,36.40054944640259,-1,-184.05460409907712,-8,3,3,12.395225515323695
15,2010201,412815.0,3392400.0,7,200,3,0,2585.0,16.2,493,0,5,412745,3392345,491,0,5,-77.0,500,-70.0,-55.0,89.02246907382428,-2,-161.84277341263095,-9,3,3,5.772878320421866
16,2010201,412815.0,3392400.0,7,200,3,0,2585.0,16.2,493,0,5,412790,3392400,493,0,5,-84.5,500,-25.0,0.0,25.0,0,160.0,-7,3,3,15.642246457208728
17,2010201,412815.0,3392400.0,7,200,3,0,2585.0,16.2,493,0,5,412795,3392395,493,0,5,-64.0,500,-20.0,-5.0,20.615528128088304,0,-185.96375653207352,-7,3,3,18.754912214077386
18,2010201,412815.0,3392400.0,7,200,3,0,2585.0,16.2,493,0,5,412785,3392385,492,0,12,-66.43,500,-30.0,-15.0,33.54101966249684,-1,-173.434948822922,-8,3,3,13.415197239362266
19,2010201,412815.0,3392400.0,7,200,3,0,2585.0,16.2,493,0,5,412690,3392460,493,0,5,-101.25,500,-125.0,60.0,138.6542462386205,0,134.3589941756947,-7,3,3,2.890140351784084
20,2010201,412815.0,3392400.0,7,200,3,0,2585.0,16.2,493,0,5,412705,3392465,493,0,5,-93.0,500,-110.0,65.0,127.76932339180638,0,129.42077312751098,-7,3,3,3.1358849830673647
21,2010201,412815.0,3392400.0,7,200,3,0,2585.0,16.2,493,0,5,412655,3392415,491,0,10,-107.5,500,-160.0,15.0,160.70158679988197,-2,154.64417495714486,-9,3,3,3.205468684506683
22,2010201,412815.0,3392400.0,7,200,3,0,2585.0,16.2,493,0,5,412700,3392470,493,0,5,-99.89,500,-115.0,70.0,134.6291201783626,0,128.6713071321958,-7,3,3,2.9763963158554283
23,2010201,412815.0,3392400.0,7,200,3,0,2585.0,16.2,493,0,5,412710,3392480,494,21,5,-96.0,500,-105.0,80.0,132.00378782444085,1,122.69605172201659,-6,3,3,2.602487625132347
24,2010201,412815.0,3392400.0,7,200,3,0,2585.0,16.2,493,0,5,412695,3392455,492,0,5,-101.0,500,-120.0,55.0,132.00378782444085,-1,135.37643521383643,-8,3,3,3.4681299816302054
25,2010201,412815.0,3392400.0,7,200,3,0,2585.0,16.2,493,0,5,412720,3392330,490,0,2,-84.83,500,-95.0,-70.0,118.00423721205946,-3,-163.61564818416412,-10,3,3,4.843827267755596
26,2010201,412815.0,3392400.0,7,200,3,0,2585.0,16.2,493,0,5,412715,3392475,493,0,5,-100.67,500,-100.0,75.0,125.0,0,123.13010235415595,-7,3,3,3.205215931013497
27,2010201,412815.0,3392400.0,7,200,3,0,2585.0,16.2,493,0,5,412775,3392375,492,0,5,-84.33,500,-40.0,-25.0,47.16990566028302,-1,-167.9946167919165,-8,3,3,9.625750377173969
28,2010201,412815.0,3392400.0,7,200,3,0,2585.0,16.2,493,0,5,412725,3392325,490,0,5,-84.0,500,-90.0,-75.0,117.15374513859982,-3,-160.19442890773482,-10,3,3,4.878822503609098
29,2010201,412815.0,3392400.0,7,200,3,0,2585.0,16.2,493,0,5,412770,3392510,494,0,5,-86.8,500,-45.0,110.0,118.84864324004712,1,92.24902365721238,-6,3,3,2.890088242943503
30,2010201,412815.0,3392400.0,7,200,3,0,2585.0,16.2,493,0,5,412765,3392515,494,0,5,-92.86,500,-50.0,115.0,125.39936203984452,1,93.49856567595214,-6,3,3,2.739349636862627
31,2010201,412815.0,3392400.0,7,200,3,0,2585.0,16.2,493,0,5,412735,3392545,496,0,5,-96.25,500,-80.0,145.0,165.60495161679194,3,98.8865817669107,-4,3,3,1.383645610971565
32,2010201,412815.0,3392400.0,7,200,3,0,2585.0,16.2,493,0,5,412755,3392525,494,0,5,-97.53,500,-60.0,125.0,138.6542462386205,1,95.6410058243053,-6,3,3,2.477820531230872
33,2010201,412815.0,3392400.0,7,200,3,0,2585.0,16.2,493,0,5,412750,3392530,495,0,6,-97.5,500,-65.0,130.0,145.34441853748632,2,96.56505117707798,-5,3,3,1.970257758746467
34,2010201,412815.0,3392400.0,7,200,3,0,2585.0,16.2,493,0,5,412760,3392520,494,0,5,-95.78,500,-55.0,120.0,132.00378782444085,1,94.62356478616363,-6,3,3,2.602487625132347
35,2010201,412815.0,3392400.0,7,200,3,0,2585.0,16.2,493,0,5,412635,3392325,490,63,6,-95.5,500,-180.0,-75.0,195.0,-3,-177.38013505195957,-10,3,3,2.935673446421173
36,2010201,412815.0,3392400.0,7,200,3,0,2585.0,16.2,493,0,5,412745,3392535,495,0,6,-97.6,500,-70.0,135.0,152.0690632574555,2,97.40757543781842,-5,3,3,1.8831951923962467
37,2010201,412815.0,3392400.0,7,200,3,0,2585.0,16.2,493,0,5,412740,3392540,495,0,6,-96.96,500,-75.0,140.0,158.8238017426859,2,98.17859010995915,-5,3,3,1.8031573949646025
38,2010201,412815.0,3392400.0,7,200,3,0,2585.0,16.2,493,0,5,412775,3392505,494,0,2,-88.6,500,-40.0,105.0,112.36102527122117,1,90.85445803957833,-6,3,3,3.056651343548871
39,2010201,412815.0,3392400.0,7,200,3,0,2585.0,16.2,493,0,5,412860,3392490,493,0,5,-88.5,500,45.0,90.0,100.62305898749054,0,43.434948822922024,-7,3,3,3.979458968092904
40,2010201,412815.0,3392400.0,7,200,3,0,2585.0,16.2,493,0,5,412835,3392535,492,0,5,-93.89,500,20.0,135.0,136.4734406395618,-1,61.57303097851934,-8,3,3,3.354808779790235
41,2010201,412815.0,3392400.0,7,200,3,0,2585.0,16.2,493,0,5,412830,3392540,492,0,5,-92.2,500,15.0,140.0,140.80127840328723,-1,63.88449643371462,-8,3,3,3.2519161377359795
42,2010201,412815.0,3392400.0,7,200,3,0,2585.0,16.2,493,0,5,412845,3392505,492,0,5,-93.5,500,30.0,105.0,109.20164833920778,-1,54.05460409907715,-8,3,3,4.1899447048897365
43,2010201,412815.0,3392400.0,7,200,3,0,2585.0,16.2,493,0,5,412850,3392520,492,0,5,-95.0,500,35.0,120.0,125.0,-1,53.73979529168804,-8,3,3,3.661935575519803
44,2010201,412815.0,3392400.0,7,200,3,0,2585.0,16.2,493,0,5,412840,3392510,492,0,5,-95.1,500,25.0,110.0,112.80514172678478,-1,57.195733934713246,-8,3,3,4.0565535700410855
45,2010201,412815.0,3392400.0,7,200,3,0,2585.0,16.2,493,0,5,412825,3392525,492,0,5,-91.4,500,10.0,125.0,125.39936203984452,-1,65.42607874009911,-8,3,3,3.6503049128335014
46,2010201,412815.0,3392400.0,7,200,3,0,2585.0,16.2,493,0,5,412690,3392240,490,0,13,-95.57,500,-125.0,-160.0,203.03940504246953,-3,-147.99873244250466,-10,3,3,2.8196260284502825
47,2010201,412815.0,3392400.0,7,200,3,0,2585.0,16.2,493,0,5,412790,3392300,492,0,12,-88.33,500,-25.0,-100.0,103.07764064044152,-1,-124.03624346792648,-8,3,3,4.437909304952874
48,2010201,412815.0,3392400.0,7,200,3,0,2585.0,16.2,493,0,5,412760,3392310,491,0,6,-87.12,500,-55.0,-90.0,105.47511554864494,-2,-141.4295656148385,-9,3,3,4.877131042153257
49,2010201,412815.0,3392400.0,7,200,3,0,2585.0,16.2,493,0,5,412795,3392295,493,0,5,-111.8,500,-20.0,-105.0,106.88779163215975,0,-120.78429786756261,-7,3,3,3.746906412169712
50,2010201,412815.0,3392400.0,7,200,3,0,2585.0,16.2,493,0,5,412780,3392290,492,0,12,-89.67,500,-35.0,-110.0,115.43396380615195,-1,-127.65012421993013,-8,3,3,3.964470108715351
51,2010201,412815.0,3392400.0,7,200,3,0,2585.0,16.2,493,0,5,412735,3392275,491,0,6,-87.5,500,-80.0,-125.0,148.4082207965583,-2,-142.61924307119284,-9,3,3,3.470368854775029
52,2010201,412815.0,3392400.0,7,200,3,0,2585.0,16.2,493,0,5,412765,3392305,491,0,5,-86.97,500,-50.0,-95.0,107.35455276791944,-2,-137.75854060106002,-9,3,3,4.792149123498514
53,2010201,412815.0,3392400.0,7,200,3,0,2585.0,16.2,493,0,5,412695,3392235,491,0,5,-99.0,500,-120.0,-165.0,204.02205763103166,-2,-146.0273733851036,-9,3,3,2.525844156861482
54,2010201,412815.0,3392400.0,7,200,3,0,2585.0,16.2,493,0,5,412770,3392320,492,0,6,-88.12,500,-45.0,-80.0,91.7877987534291,-1,-139.35775354279127,-8,3,3,4.981172372087106
55,2010201,412815.0,3392400.0,7,200,3,0,2585.0,16.2,493,0,5,412775,3392315,492,24,5,-86.82,500,-40.0,-85.0,93.94147114027967,-1,-135.2011236454751,-8,3,3,4.867530645335423
56,2010201,412815.0,3392400.0,7,200,3,0,2585.0,16.2,493,0,5,412720,3392270,491,0,6,-107.5,500,-95.0,-130.0,161.01242188104618,-2,-146.15818543980834,-9,3,3,3.1992933823730243
57,2010201,412815.0,3392400.0,7,200,3,0,2585.0,16.2,493,0,5,412730,3392280,491,0,6,-86.2,500,-85.0,-120.0,147.05441169852742,-2,-145.3112134396332,-9,3,3,3.5022385279974135
58,2010201,412815.0,3392400.0,7,200,3,0,2585.0,16.2,493,0,5,412635,3392290,490,0,5,-93.0,500,-180.0,-110.0,210.95023109728987,-3,-168.5704343851615,-10,3,3,2.7140486551195933
59,2010201,412815.0,3392400.0,7,200,3,0,2585.0,16.2,493,0,5,412800,3392325,493,0,12,-100.4,500,-15.0,-75.0,76.48529270389177,0,-121.30993247402021,-7,3,3,5.22919163732384
60,2010201,412815.0,3392400.0,7,200,3,0,2585.0,16.2,493,0,5,412840,3392365,495,0,12,-92.0,500,25.0,-35.0,43.01162633521314,2,-74.46232220802563,-5,3,3,6.630737768078657
61,2010201,412815.0,3392400.0,7,200,3,0,2585.0,16.2,493,0,5,412810,3392335,493,0,12,-99.73,500,-5.0,-65.0,65.19202405202648,0,-114.39870535499554,-7,3,3,6.128658669573428
62,2010201,412815.0,3392400.0,7,200,3,0,2585.0,16.2,493,0,5,412830,3392355,494,0,5,-110.5,500,15.0,-45.0,47.43416490252569,1,-91.56505117707799,-6,3,3,7.209120586689089
63,2010201,412815.0,3392400.0,7,200,3,0,2585.0,16.2,493,0,5,412855,3392380,495,0,5,-99.33,500,40.0,-20.0,44.721359549995796,2,-46.565051177077976,-5,3,3,6.379370208442803
64,2010201,412815.0,3392400.0,7,200,3,0,2585.0,16.2,493,0,5,412825,3392350,494,0,5,-105.0,500,10.0,-50.0,50.99019513592785,1,-98.69006752597979,-6,3,3,6.711115269369334
65,2010201,412815.0,3392400.0,7,200,3,0,2585.0,16.2,493,0,5,412805,3392330,493,0,12,-96.15,500,-10.0,-70.0,70.71067811865476,0,-118.13010235415598,-7,3,3,5.653572472774073
66,2010201,412815.0,3392400.0,7,200,3,0,2585.0,16.2,493,0,5,412865,3392390,495,0,5,-108.75,500,50.0,-10.0,50.99019513592785,2,-31.3099324740202,-5,3,3,5.600409184816616
67,2010201,412815.0,3392400.0,7,200,3,0,2585.0,16.2,493,0,5,412820,3392345,494,0,5,-115.0,500,5.0,-55.0,55.226805085936306,1,-104.8055710922652,-6,3,3,6.2004604317364675
68,2010201,412815.0,3392400.0,7,200,3,0,2585.0,16.2,493,0,5,412835,3392360,494,0,5,-106.33,500,20.0,-40.0,44.721359549995796,1,-83.43494882292201,-6,3,3,7.641405059952685
69,2010201,412815.0,3392400.0,7,200,3,0,2585.0,16.2,493,0,5,412850,3392375,495,0,12,-102.0,500,35.0,-25.0,43.01162633521314,2,-55.537677791974374,-5,3,3,6.630737768078657
70,2010201,412815.0,3392400.0,7,200,3,0,2585.0,16.2,493,0,5,412845,3392370,495,0,12,-103.33,500,30.0,-30.0,42.42640687119285,2,-65.0,-5,3,3,6.721369339369456
71,2010201,412815.0,3392400.0,7,200,3,0,2585.0,16.2,493,0,5,412815,3392340,494,0,5,-81.5,500,0.0,-60.0,60.0,1,-110.0,-6,3,3,5.710593137499642
72,2010201,412815.0,3392400.0,7,200,3,0,2585.0,16.2,493,0,5,412705,3392230,492,0,6,-96.5,500,-110.0,-170.0,202.48456731316588,-1,-142.9052429229879,-8,3,3,2.2625327243707134
73,2010201,412815.0,3392400.0,7,200,3,0,2585.0,16.2,493,0,5,412755,3392280,492,24,5,-87.67,500,-60.0,-120.0,134.16407864998737,-1,-136.56505117707798,-8,3,3,3.412419686661102
74,2010201,412815.0,3392400.0,7,200,3,0,2585.0,16.2,493,0,5,412790,3392315,492,24,12,-93.44,500,-25.0,-85.0,88.60022573334675,-1,-126.38954033403479,-8,3,3,5.159429609858941
75,2010201,412815.0,3392400.0,7,200,3,0,2585.0,16.2,493,0,5,412780,3392305,492,24,12,-87.5,500,-35.0,-95.0,101.24228365658294,-1,-130.22485943116808,-8,3,3,4.518031199058291
76,2010201,412815.0,3392400.0,7,200,3,0,2585.0,16.2,493,0,5,412785,3392310,492,24,12,-103.33,500,-30.0,-90.0,94.86832980505137,-1,-128.43494882292202,-8,3,3,4.820200288190663
77,2010201,412815.0,3392400.0,7,200,3,0,2585.0,16.2,493,0,5,412765,3392290,492,24,12,-88.0,500,-50.0,-110.0,120.83045973594572,-1,-134.44395478041653,-8,3,3,3.7879375306672154
78,2010201,412815.0,3392400.0,7,200,3,0,2585.0,16.2,493,0,5,412775,3392300,492,24,12,-87.75,500,-40.0,-100.0,107.70329614269008,-1,-131.80140948635182,-8,3,3,4.248022666728544
79,2010201,412815.0,3392400.0,7,200,3,0,2585.0,16.2,493,0,5,412740,3392265,492,24,6,-93.5,500,-75.0,-135.0,154.434452114805,-1,-139.05460409907715,-8,3,3,2.9653803898432245
80,2010201,412815.0,3392400.0,7,200,3,0,2585.0,16.2,493,0,5,412745,3392270,492,24,6,-92.0,500,-70.0,-130.0,147.648230602334,-1,-138.30075576600638,-8,3,3,3.101415225785745
81,2010201,412815.0,3392400.0,7,200,3,0,2585.0,16.2,493,0,5,412750,3392275,492,24,5,-89.29,500,-65.0,-125.0,140.8900280360537,-1,-137.47443162627712,-8,3,3,3.2498720785866895
82,2010201,412815.0,3392400.0,7,200,3,0,2585.0,16.2,493,0,5,412730,3392255,492,0,5,-91.0,500,-85.0,-145.0,168.0773631397161,-1,-140.37912601136833,-8,3,3,2.725058011506038
83,2010201,412815.0,3392400.0,7,200,3,0,2585.0,16.2,493,0,5,412770,3392295,492,24,12,-86.13,500,-45.0,-105.0,114.23659658795863,-1,-133.19859051364818,-8,3,3,4.005888989620698
84,2010201,412815.0,3392400.0,7,200,3,0,2585.0,16.2,493,0,5,412795,3392320,493,24,12,-86.25,500,-20.0,-80.0,82.46211251235322,0,-124.03624346792648,-7,3,3,4.852061542814418
85,2010201,412815.0,3392400.0,7,200,3,0,2585.0,16.2,493,0,5,412760,3392285,492,24,5,-86.33,500,-55.0,-115.0,127.47548783981962,-1,-135.55996517182382,-8,3,3,3.5910111760646792
86,2010201,412815.0,3392400.0,7,200,3,0,2585.0,16.2,493,0,5,412725,3392250,492,0,5,-88.5,500,-90.0,-150.0,174.92855684535903,-1,-140.96375653207352,-8,3,3,2.6184808622492843
87,2010201,412815.0,3392400.0,7,200,3,0,2585.0,16.2,493,0,5,412875,3392355,495,21,12,-105.0,500,60.0,-45.0,75.0,2,-56.86989764584402,-5,3,3,3.8140748342903543
88,2010201,412815.0,3392400.0,7,200,3,0,2585.0,16.2,493,0,5,412820,3392390,494,0,6,-73.33,500,5.0,-10.0,11.180339887498949,1,-83.43494882292201,-6,3,3,28.220512053403727
89,2010201,412815.0,3392400.0,7,200,3,0,2585.0,16.2,493,0,5,412825,3392385,494,24,6,-79.83,500,10.0,-15.0,18.027756377319946,1,-76.30993247402021,-6,3,3,18.408480170585843
90,2010201,412815.0,3392400.0,7,200,3,0,2585.0,16.2,493,0,5,412845,3392325,495,0,5,-99.0,500,30.0,-75.0,80.77747210701756,2,-88.19859051364818,-5,3,3,3.5420007022170665
91,2010201,412815.0,3392400.0,7,200,3,0,2585.0,16.2,493,0,5,412860,3392350,495,0,12,-101.0,500,45.0,-50.0,67.26812023536856,2,-68.01278750418334,-5,3,3,4.250944625001747
92,2010201,412815.0,3392400.0,7,200,3,0,2585.0,16.2,493,0,5,412805,3392365,493,24,6,-68.65,500,-10.0,-35.0,36.40054944640259,0,-125.94539590092286,-7,3,3,10.88536666897657
93,2010201,412815.0,3392400.0,7,200,3,0,2585.0,16.2,493,0,5,412800,3392370,493,0,5,-64.53,500,-15.0,-30.0,33.54101966249684,0,-136.56505117707798,-7,3,3,11.788404329313064
94,2010201,412815.0,3392400.0,7,200,3,0,2585.0,16.2,493,0,5,412815,3392375,494,24,6,-59.6,500,0.0,-25.0,25.0,1,-110.0,-6,3,3,13.495733280795811
95,2010201,412815.0,3392400.0,7,200,3,0,2585.0,16.2,493,0,5,412810,3392380,493,24,6,-67.0,500,-5.0,-20.0,20.615528128088304,0,-124.03624346792648,-7,3,3,18.754912214077386
96,2010201,412815.0,3392400.0,7,200,3,0,2585.0,16.2,493,0,5,412850,3392340,495,0,5,-119.83,500,35.0,-60.0,69.46221994724903,2,-79.74356283647074,-5,3,3,4.117139476527012
97,2010201,412815.0,3392400.0,7,200,3,0,2585.0,16.2,493,0,5,412840,3392330,495,0,5,-116.3,500,25.0,-70.0,74.33034373659252,2,-90.3461759419467,-5,3,3,3.8483337712111756
98,2010201,412815.0,3392400.0,7,200,3,0,2585.0,16.2,493,0,5,412830,3392400,494,24,6,-81.88,500,15.0,0.0,15.0,1,-20.0,-6,3,3,21.80140948635181
99,2010201,412815.0,3392400.0,7,200,3,0,2585.0,16.2,493,0,5,412835,3392395,494,24,5,-70.75,500,20.0,-5.0,20.615528128088304,1,-34.03624346792648,-6,3,3,16.227254023233513
100,2010201,412815.0,3392400.0,7,200,3,0,2585.0,16.2,493,0,5,412635,3392240,490,0,2,-97.5,500,-180.0,-160.0,240.8318915758459,-3,-158.3664606634298,-10,3,3,2.3777118782591264
101,2010201,412815.0,3392400.0,7,200,3,0,2585.0,16.2,493,0,5,412630,3392235,490,0,2,-101.5,500,-185.0,-165.0,247.8911051248108,-3,-158.27048792318357,-10,3,3,2.310076027306055
102,2010201,412815.0,3392400.0,7,200,3,0,2585.0,16.2,493,0,5,412760,3392620,495,0,6,-93.17,500,-55.0,220.0,226.77080940897133,2,84.03624346792651,-5,3,3,1.2630924078489418
103,2010201,412815.0,3392400.0,7,200,3,0,2585.0,16.2,493,0,5,412750,3392590,495,0,6,-97.83,500,-65.0,190.0,200.81085628023203,2,88.88608736970929,-5,3,3,1.4263159014227544
104,2010201,412815.0,3392400.0,7,200,3,0,2585.0,16.2,493,0,5,412765,3392615,495,0,5,-98.44,500,-50.0,215.0,220.73740054644117,2,83.09189306434683,-5,3,3,1.2976048284359571
105,2010201,412815.0,3392400.0,7,200,3,0,2585.0,16.2,493,0,5,412775,3392605,494,0,5,-99.5,500,-40.0,205.0,208.86598574205422,1,81.04094018032373,-6,3,3,1.6454577799669752
106,2010201,412815.0,3392400.0,7,200,3,0,2585.0,16.2,493,0,5,412755,3392585,495,0,6,-97.88,500,-60.0,185.0,194.48650338776724,2,87.96913974015706,-5,3,3,1.4726770372897402
107,2010201,412815.0,3392400.0,7,200,3,0,2585.0,16.2,493,0,5,412770,3392610,494,0,5,-95.67,500,-45.0,210.0,214.76731594914529,1,82.0947570770121,-6,3,3,1.6002680859736496
108,2010201,412815.0,3392400.0,7,200,3,0,2585.0,16.2,493,0,5,412670,3392510,496,0,12,-120.5,500,-145.0,110.0,182.00274723201295,3,122.81529354676684,-4,3,3,1.259026208693084
109,2010201,412815.0,3392400.0,7,200,3,0,2585.0,16.2,493,0,5,412745,3392595,495,0,5,-97.5,500,-70.0,195.0,207.18349355100662,2,89.7468366054261,-5,3,3,1.3824619708449843
110,2010201,412815.0,3392400.0,7,200,3,0,2585.0,16.2,493,0,5,412615,3392255,491,0,5,-99.5,500,-200.0,-145.0,247.0323865407125,-2,-164.05788812861766,-9,3,3,2.0865039358705126
111,2010201,412815.0,3392400.0,7,200,3,0,2585.0,16.2,493,0,5,412620,3392270,491,0,5,-100.67,500,-195.0,-130.0,234.3608329051593,-2,-166.30993247402023,-9,3,3,2.199210270985125
112,2010201,412815.0,3392400.0,7,200,3,0,2585.0,16.2,493,0,5,412760,3392420,492,0,2,-80.33,500,-55.0,20.0,58.52349955359813,-1,140.01689347810003,-8,3,3,7.783929491057595
113,2010201,412815.0,3392400.0,7,200,3,0,2585.0,16.2,493,0,5,412775,3392405,492,0,2,-65.0,500,-40.0,5.0,40.311288741492746,-1,152.8749836510982,-8,3,3,11.224821667293003
114,2010201,412815.0,3392400.0,7,200,3,0,2585.0,16.2,493,0,5,412795,3392425,493,0,5,-66.0,500,-20.0,25.0,32.01562118716424,0,108.65980825409008,-7,3,3,12.333251044177262
115,2010201,412815.0,3392400.0,7,200,3,0,2585.0,16.2,493,0,5,412770,3392410,492,0,2,-78.0,500,-45.0,10.0,46.09772228646444,-1,147.47119229084848,-8,3,3,9.845302162757218
116,2010201,412815.0,3392400.0,7,200,3,0,2585.0,16.2,493,0,5,412790,3392430,493,0,5,-72.5,500,-25.0,30.0,39.05124837953327,0,109.80557109226521,-7,3,3,10.16243563452379
117,2010201,412815.0,3392400.0,7,200,3,0,2585.0,16.2,493,0,5,412755,3392465,493,0,5,-86.68,500,-60.0,65.0,88.45903006477066,0,112.70938995736151,-7,3,3,4.5245400329950085
118,2010201,412815.0,3392400.0,7,200,3,0,2585.0,16.2,493,0,5,412710,3392350,489,0,2,-84.41,500,-105.0,-50.0,116.29703349613007,-4,-174.5366549381284,-11,3,3,5.40326852124291
119,2010201,412815.0,3392400.0,7,200,3,0,2585.0,16.2,493,0,5,412730,3392450,492,0,5,-86.8,500,-85.0,50.0,98.6154146165801,-1,129.53445508054017,-8,3,3,4.637862046380973
120,2010201,412815.0,3392400.0,7,200,3,0,2585.0,16.2,493,0,5,412725,3392455,493,0,6,-89.74,500,-90.0,55.0,105.47511554864494,0,128.5704343851615,-7,3,3,3.7969445989616983
121,2010201,412815.0,3392400.0,7,200,3,0,2585.0,16.2,493,0,5,412650,3392370,489,0,5,-103.0,500,-165.0,-30.0,167.70509831248424,-4,-189.69515353123398,-11,3,3,3.7527306957678173
122,2010201,412815.0,3392400.0,7,200,3,0,2585.0,16.2,493,0,5,412715,3392345,489,0,2,-87.63,500,-100.0,-55.0,114.12712210513327,-4,-171.18920625702694,-11,3,3,5.505376116841371
123,2010201,412815.0,3392400.0,7,200,3,0,2585.0,16.2,493,0,5,412740,3392480,493,0,5,-90.36,500,-75.0,80.0,109.65856099730654,0,113.1523897340054,-7,3,3,3.652492012143579
124,2010201,412815.0,3392400.0,7,200,3,0,2585.0,16.2,493,0,5,412680,3392340,488,0,5,-91.0,500,-135.0,-60.0,147.73286702694156,-5,-176.03751102542182,-12,3,3,4.643808720746463
125,2010201,412815.0,3392400.0,7,200,3,0,2585.0,16.2,493,0,5,412750,3392470,493,0,5,-89.83,500,-65.0,70.0,95.524865872714,0,112.87890360333859,-7,3,3,4.191106255980144
126,2010201,412815.0,3392400.0,7,200,3,0,2585.0,16.2,493,0,5,412700,3392360,489,0,5,-85.01,500,-115.0,-40.0,121.75795661885921,-4,-180.8209919741893,-11,3,3,5.162268273804218
127,2010201,412815.0,3392400.0,7,200,3,0,2585.0,16.2,493,0,5,412735,3392445,492,0,5,-87.9,500,-80.0,45.0,91.7877987534291,-1,130.64224645720873,-8,3,3,4.981172372087106
128,2010201,412815.0,3392400.0,7,200,3,0,2585.0,16.2,493,0,5,412705,3392355,489,0,2,-84.28,500,-110.0,-45.0,118.84864324004712,-4,-177.75097634278765,-11,3,3,5.287928318796864
129,2010201,412815.0,3392400.0,7,200,3,0,2585.0,16.2,493,0,5,412745,3392475,493,0,5,-90.19,500,-70.0,75.0,102.59142264341595,0,113.02506598911805,-7,3,3,3.9033456564820304
130,2010201,412815.0,3392400.0,7,200,3,0,2585.0,16.2,493,0,5,412655,3392365,489,0,5,-102.29,500,-160.0,-35.0,163.783393541592,-4,-187.6609127216738,-11,3,3,3.842321773501071
131,2010201,412815.0,3392400.0,7,200,3,0,2585.0,16.2,493,0,5,412695,3392325,489,0,2,-87.13,500,-120.0,-75.0,141.50971698084905,-4,-167.9946167919165,-11,3,3,4.4448448202471305
132,2010201,412815.0,3392400.0,7,200,3,0,2585.0,16.2,493,0,5,412685,3392335,488,0,2,-91.12,500,-130.0,-65.0,145.34441853748632,-5,-173.434948822922,-12,3,3,4.719778559594303
133,2010201,412815.0,3392400.0,7,200,3,0,2585.0,16.2,493,0,5,412690,3392330,489,0,2,-94.71,500,-125.0,-70.0,143.26548781894402,-4,-170.75117366345305,-11,3,3,4.390585938655402
134,2010201,412815.0,3392400.0,7,200,3,0,2585.0,16.2,493,0,5,412780,3392440,493,0,2,-72.5,500,-35.0,40.0,53.150729063673246,0,111.18592516570965,-7,3,3,7.502727203722649
135,2010201,412815.0,3392400.0,7,200,3,0,2585.0,16.2,493,0,5,412720,3392460,493,0,6,-92.25,500,-95.0,60.0,112.36102527122117,0,127.72435568542238,-7,3,3,3.56487299728159
136,2010201,412815.0,3392400.0,7,200,3,0,2585.0,16.2,493,0,5,412660,3392400,490,21,10,-116.0,500,-155.0,0.0,155.0,-3,160.0,-10,3,3,3.6913859864512757
137,2010201,412815.0,3392400.0,7,200,3,0,2585.0,16.2,493,0,5,412675,3392385,488,33,6,-93.67,500,-140.0,-15.0,140.80127840328723,-5,-193.8844964337146,-12,3,3,4.871347014634027
138,2010201,412815.0,3392400.0,7,200,3,0,2585.0,16.2,493,0,5,412725,3392285,490,0,6,-103.0,500,-90.0,-115.0,146.03081866510234,-3,-148.04704253182607,-10,3,3,3.917424523141807
139,2010201,412815.0,3392400.0,7,200,3,0,2585.0,16.2,493,0,5,412745,3392305,491,0,5,-90.96,500,-70.0,-95.0,118.00423721205946,-2,-146.38435181583588,-9,3,3,4.36141663707282
140,2010201,412815.0,3392400.0,7,200,3,0,2585.0,16.2,493,0,5,412750,3392320,491,0,12,-85.13,500,-65.0,-80.0,103.07764064044152,-2,-149.0938588862295,-9,3,3,4.9900015722538695
141,2010201,412815.0,3392400.0,7,200,3,0,2585.0,16.2,493,0,5,412795,3392275,494,0,5,-118.5,500,-20.0,-125.0,126.58988901172162,1,-119.09027692082232,-6,3,3,2.713625846549264
142,2010201,412815.0,3392400.0,7,200,3,0,2585.0,16.2,493,0,5,412670,3392240,489,0,6,-86.8,500,-145.0,-160.0,215.92822881689185,-4,-152.1844433157888,-11,3,3,2.9162894518904796
143,2010201,412815.0,3392400.0,7,200,3,0,2585.0,16.2,493,0,5,412780,3392270,493,0,5,-99.0,500,-35.0,-130.0,134.6291201783626,0,-125.06848815949222,-7,3,3,2.9763963158554283
144,2010201,412815.0,3392400.0,7,200,3,0,2585.0,16.2,493,0,5,412755,3392315,491,0,5,-89.85,500,-60.0,-85.0,104.04326023342406,-2,-145.21759296819272,-9,3,3,4.943920254294101
145,2010201,412815.0,3392400.0,7,200,3,0,2585.0,16.2,493,0,5,412740,3392310,490,0,5,-89.75,500,-75.0,-90.0,117.15374513859982,-3,-149.8055710922652,-10,3,3,4.878822503609098
146,2010201,412815.0,3392400.0,7,200,3,0,2585.0,16.2,493,0,5,412720,3392290,490,0,6,-94.33,500,-95.0,-110.0,145.34441853748632,-3,-150.8150838748816,-10,3,3,3.9358668506738494
147,2010201,412815.0,3392400.0,7,200,3,0,2585.0,16.2,493,0,5,412725,3392485,494,0,6,-92.63,500,-90.0,85.0,123.79418403139947,1,116.63657704161676,-6,3,3,2.7748142708873527
148,2010201,412815.0,3392400.0,7,200,3,0,2585.0,16.2,493,0,5,412720,3392490,494,21,5,-96.5,500,-95.0,90.0,130.86252328302402,1,116.548157698978,-6,3,3,2.625152554315208
149,2010201,412815.0,3392400.0,7,200,3,0,2585.0,16.2,493,0,5,412735,3392495,494,0,6,-92.43,500,-80.0,95.0,124.19742348374221,1,110.10090754621228,-6,3,3,2.765819121793173
150,2010201,412815.0,3392400.0,7,200,3,0,2585.0,16.2,493,0,5,412755,3392515,494,0,5,-93.62,500,-60.0,115.0,129.71121771072848,1,97.55281157671777,-6,3,3,2.6484201517656967
151,2010201,412815.0,3392400.0,7,200,3,0,2585.0,16.2,493,0,5,412750,3392520,494,0,5,-95.91,500,-65.0,120.0,136.4734406395618,1,98.44292862436333,-6,3,3,2.5173648409295706
152,2010201,412815.0,3392400.0,7,200,3,0,2585.0,16.2,493,0,5,412740,3392510,494,0,6,-90.8,500,-75.0,110.0,133.13526955694348,1,104.28687697720898,-6,3,3,2.5803997887273415
153,2010201,412815.0,3392400.0,7,200,3,0,2585.0,16.2,493,0,5,412775,3392535,494,0,5,-94.0,500,-40.0,135.0,140.80127840328723,1,86.50436138175502,-6,3,3,2.4400830861926033
154,2010201,412815.0,3392400.0,7,200,3,0,2585.0,16.2,493,0,5,412670,3392600,497,45,6,-105.5,500,-145.0,200.0,247.0323865407125,4,105.94211187138234,-3,3,3,0.6957747187777055
155,2010201,412815.0,3392400.0,7,200,3,0,2585.0,16.2,493,0,5,412770,3392540,494,0,5,-93.71,500,-45.0,140.0,147.05441169852742,1,87.81888891452274,-6,3,3,2.336441989666103
156,2010201,412815.0,3392400.0,7,200,3,0,2585.0,16.2,493,0,5,412745,3392505,494,0,5,-92.77,500,-70.0,105.0,126.19429464123962,1,103.69006752597977,-6,3,3,2.7221197563985595
157,2010201,412815.0,3392400.0,7,200,3,0,2585.0,16.2,493,0,5,412780,3392550,494,0,2,-93.8,500,-35.0,150.0,154.02921800749363,1,83.13402230639633,-6,3,3,2.2307518011669702
158,2010201,412815.0,3392400.0,7,200,3,0,2585.0,16.2,493,0,5,412730,3392500,494,0,6,-95.2,500,-85.0,100.0,131.24404748406687,1,110.36453657309733,-6,3,3,2.617531909793044
159,2010201,412815.0,3392400.0,7,200,3,0,2585.0,16.2,493,0,5,412760,3392530,494,0,5,-94.14,500,-55.0,130.0,141.15594213493105,1,92.93210043758978,-6,3,3,2.433959596941495
160,2010201,412815.0,3392400.0,7,200,3,0,2585.0,16.2,493,0,5,412765,3392525,494,0,5,-92.69,500,-50.0,125.0,134.6291201783626,1,91.80140948635182,-6,3,3,2.5518056192727867
161,2010201,412815.0,3392400.0,7,200,3,0,2585.0,16.2,493,0,5,412780,3392540,494,0,2,-90.0,500,-35.0,140.0,144.30869689661813,1,84.03624346792651,-6,3,3,2.3808460351171012
162,2010201,412815.0,3392400.0,7,200,3,0,2585.0,16.2,493,0,5,412775,3392545,494,0,5,-91.0,500,-40.0,145.0,150.41608956491322,1,85.42216131873869,-6,3,3,2.284280348049794
163,2010201,412815.0,3392400.0,7,200,3,0,2585.0,16.2,493,0,5,412760,3392560,495,0,5,-97.59,500,-55.0,160.0,169.1892431568863,2,88.97040780848658,-5,3,3,1.6927526592542241
164,2010201,412815.0,3392400.0,7,200,3,0,2585.0,16.2,493,0,5,412790,3392530,493,0,2,-90.33,500,-25.0,130.0,132.38202294873727,0,80.88552705465872,-7,3,3,3.026825509036079
165,2010201,412815.0,3392400.0,7,200,3,0,2585.0,16.2,493,0,5,412740,3392500,494,0,6,-94.82,500,-75.0,100.0,125.0,1,106.86989764584405,-6,3,3,2.74808818005375
166,2010201,412815.0,3392400.0,7,200,3,0,2585.0,16.2,493,0,5,412750,3392490,494,0,5,-89.69,500,-65.0,90.0,111.01801655587259,1,105.83765295427827,-6,3,3,3.0935569151548052
167,2010201,412815.0,3392400.0,7,200,3,0,2585.0,16.2,493,0,5,412765,3392555,495,0,5,-93.0,500,-50.0,155.0,162.8649747490233,2,87.87869659584135,-5,3,3,1.7584440489683153
168,2010201,412815.0,3392400.0,7,200,3,0,2585.0,16.2,493,0,5,412730,3392510,495,0,6,-89.33,500,-85.0,110.0,139.01438774457844,2,107.69424046668917,-5,3,3,2.0598979895476375
169,2010201,412815.0,3392400.0,7,200,3,0,2585.0,16.2,493,0,5,412735,3392505,494,0,6,-94.22,500,-80.0,105.0,132.00378782444085,1,107.30394827798341,-6,3,3,2.602487625132347
170,2010201,412815.0,3392400.0,7,200,3,0,2585.0,16.2,493,0,5,412755,3392485,493,0,5,-89.8,500,-60.0,85.0,104.04326023342406,0,105.21759296819272,-7,3,3,3.8490425772516796
171,2010201,412815.0,3392400.0,7,200,3,0,2585.0,16.2,493,0,5,412770,3392550,494,0,5,-91.56,500,-45.0,150.0,156.60459763365824,1,86.69924423399362,-6,3,3,2.194102998689601
172,2010201,412815.0,3392400.0,7,200,3,0,2585.0,16.2,493,0,5,412745,3392495,494,0,5,-92.35,500,-70.0,95.0,118.00423721205946,1,106.38435181583588,-6,3,3,2.9107334856206104
173,2010201,412815.0,3392400.0,7,200,3,0,2585.0,16.2,493,0,5,412725,3392515,495,0,5,-94.8,500,-90.0,115.0,146.03081866510234,2,108.04704253182604,-5,3,3,1.9610040490966512
174,2010201,412815.0,3392400.0,7,200,3,0,2585.0,16.2,493,0,5,412705,3392315,489,0,2,-86.0,500,-110.0,-85.0,139.01438774457844,-4,-162.30575953331083,-11,3,3,4.524302111617377
175,2010201,412815.0,3392400.0,7,200,3,0,2585.0,16.2,493,0,5,412700,3392320,489,0,2,-85.0,500,-115.0,-80.0,140.089257261219,-4,-165.1755108430432,-11,3,3,4.489730758084142
176,2010201,412815.0,3392400.0,7,200,3,0,2585.0,16.2,493,0,5,412685,3392295,488,0,6,-93.0,500,-130.0,-105.0,167.10774967068403,-5,-161.0724564072077,-12,3,3,4.107356941996742
177,2010201,412815.0,3392400.0,7,200,3,0,2585.0,16.2,493,0,5,412645,3392255,490,0,2,-91.71,500,-170.0,-145.0,223.4390297150433,-3,-159.53777250790665,-10,3,3,2.562559053656793
178,2010201,412815.0,3392400.0,7,200,3,0,2585.0,16.2,493,0,5,412640,3392260,490,0,2,-93.67,500,-175.0,-140.0,224.1093483101497,-3,-161.34019174590992,-10,3,3,2.5549045248736193
179,2010201,412815.0,3392400.0,7,200,3,0,2585.0,16.2,493,0,5,412660,3392280,489,0,2,-87.27,500,-155.0,-120.0,196.02295783912658,-4,-162.25319461272534,-11,3,3,3.211834339840823
180,2010201,412815.0,3392400.0,7,200,3,0,2585.0,16.2,493,0,5,412680,3392300,488,0,6,-92.43,500,-135.0,-100.0,168.00297616411441,-5,-163.47114463301483,-12,3,3,4.085544648571558
181,2010201,412815.0,3392400.0,7,200,3,0,2585.0,16.2,493,0,5,412650,3392250,490,0,2,-92.78,500,-165.0,-150.0,222.9910312097776,-3,-157.72631099390625,-10,3,3,2.567700460788631
182,2010201,412815.0,3392400.0,7,200,3,0,2585.0,16.2,493,0,5,412665,3392275,489,0,2,-89.33,500,-150.0,-125.0,195.25624189766637,-4,-160.19442890773482,-11,3,3,3.224419743379102
183,2010201,412815.0,3392400.0,7,200,3,0,2585.0,16.2,493,0,5,412715,3392305,489,0,5,-93.33,500,-100.0,-95.0,137.93114224133723,-4,-156.46880071438582,-11,3,3,4.559684575501507
184,2010201,412815.0,3392400.0,7,200,3,0,2585.0,16.2,493,0,5,412655,3392245,490,0,2,-95.0,500,-160.0,-155.0,222.76669409945464,-3,-155.90938044919915,-10,3,3,2.5702827965192268
185,2010201,412815.0,3392400.0,7,200,3,0,2585.0,16.2,493,0,5,412690,3392290,489,0,6,-96.67,500,-125.0,-110.0,166.50825805346713,-4,-158.65222278030632,-11,3,3,3.779626939779925
186,2010201,412815.0,3392400.0,7,200,3,0,2585.0,16.2,493,0,5,412850,3392295,495,0,5,-104.5,500,35.0,-105.0,110.67971810589327,2,-91.56505117707799,-5,3,3,2.586600843827556
187,2010201,412815.0,3392400.0,7,200,3,0,2585.0,16.2,493,0,5,412830,3392275,495,0,5,-94.5,500,15.0,-125.0,125.89678312014172,2,-103.15722658736907,-5,3,3,2.2743108523609474
188,2010201,412815.0,3392400.0,7,200,3,0,2585.0,16.2,493,0,5,412820,3392265,495,21,5,-106.0,500,5.0,-135.0,135.09256086106296,2,-107.87890360333854,-5,3,3,2.1196444191310353
189,2010201,412815.0,3392400.0,7,200,3,0,2585.0,16.2,493,0,5,412850,3392435,494,24,13,-95.0,500,35.0,35.0,49.49747468305833,1,25.0,-6,3,3,6.911576313058467
190,2010201,412815.0,3392400.0,7,200,3,0,2585.0,16.2,493,0,5,412800,3392465,493,0,5,-89.0,500,-15.0,65.0,66.70832032063167,0,82.99461679191648,-7,3,3,5.990377373590032
191,2010201,412815.0,3392400.0,7,200,3,0,2585.0,16.2,493,0,5,412840,3392425,494,24,5,-88.6,500,25.0,25.0,35.35533905932738,1,25.0,-6,3,3,9.6316519614038
192,2010201,412815.0,3392400.0,7,200,3,0,2585.0,16.2,493,0,5,412815,3392480,493,0,5,-98.0,500,0.0,80.0,80.0,0,70.0,-7,3,3,5.000644597558433
193,2010201,412815.0,3392400.0,7,200,3,0,2585.0,16.2,493,0,5,412810,3392475,493,0,5,-94.5,500,-5.0,75.0,75.16648189186454,0,73.81407483429035,-7,3,3,5.3204168381930845
194,2010201,412815.0,3392400.0,7,200,3,0,2585.0,16.2,493,0,5,412820,3392445,493,0,12,-81.36,500,5.0,45.0,45.27692569068709,0,63.65980825409008,-7,3,3,8.788582486204
195,2010201,412815.0,3392400.0,7,200,3,0,2585.0,16.2,493,0,5,412835,3392460,493,6,12,-89.38,500,20.0,60.0,63.245553203367585,0,51.565051177077976,-7,3,3,6.315775019605099
196,2010201,412815.0,3392400.0,7,200,3,0,2585.0,16.2,493,0,5,412860,3392405,495,6,5,-98.0,500,45.0,5.0,45.27692569068709,2,-13.65980825409008,-5,3,3,6.3017263739971945
197,2010201,412815.0,3392400.0,7,200,3,0,2585.0,16.2,493,0,5,412845,3392430,494,24,5,-98.0,500,30.0,30.0,42.42640687119285,1,25.0,-6,3,3,8.049466975528397
198,2010201,412815.0,3392400.0,7,200,3,0,2585.0,16.2,493,0,5,412830,3392455,493,0,12,-91.5,500,15.0,55.0,57.0087712549569,0,54.744881296942225,-7,3,3,7.00020104505906
199,2010201,412815.0,3392400.0,7,200,3,0,2585.0,16.2,493,0,5,412870,3392415,494,6,12,-68.0,500,55.0,15.0,57.0087712549569,1,-4.744881296942225,-6,3,3,6.0080881868734854
200,2010201,412815.0,3392400.0,7,200,3,0,2585.0,16.2,493,0,5,412865,3392410,494,6,12,-96.0,500,50.0,10.0,50.99019513592785,1,-8.6900675259798,-6,3,3,6.711115269369334
201,2010201,412815.0,3392400.0,7,200,3,0,2585.0,16.2,493,0,5,412825,3392450,493,0,12,-87.22,500,10.0,50.0,50.99019513592785,0,58.69006752597977,-7,3,3,7.816777766952081
202,2010201,412815.0,3392400.0,7,200,3,0,2585.0,16.2,493,0,5,412780,3392480,493,0,2,-74.5,500,-35.0,80.0,87.32124598286491,0,93.62937773065681,-7,3,3,4.583244614887839
203,2010201,412815.0,3392400.0,7,200,3,0,2585.0,16.2,493,0,5,412770,3392450,493,0,2,-82.8,500,-45.0,50.0,67.26812023536856,0,111.98721249581666,-7,3,3,5.940883952101527
204,2010201,412815.0,3392400.0,7,200,3,0,2585.0,16.2,493,0,5,412660,3392360,489,0,6,-94.8,500,-155.0,-40.0,160.0781059358212,-4,-185.52970589993413,-11,3,3,3.930983335744289
205,2010201,412815.0,3392400.0,7,200,3,0,2585.0,16.2,493,0,5,412665,3392355,488,0,6,-89.14,500,-150.0,-45.0,156.60459763365824,-5,-183.3007557660064,-12,3,3,4.381789698842649
206,2010201,412815.0,3392400.0,7,200,3,0,2585.0,16.2,493,0,5,412795,3392465,493,0,2,-84.5,500,-20.0,65.0,68.00735254367721,0,87.10272896905235,-7,3,3,5.876761625993374
207,2010201,412815.0,3392400.0,7,200,3,0,2585.0,16.2,493,0,5,412670,3392350,488,0,5,-92.35,500,-145.0,-50.0,153.37861650177967,-5,-180.97439396243132,-12,3,3,4.473580711238772
208,2010201,412815.0,3392400.0,7,200,3,0,2585.0,16.2,493,0,5,412750,3392430,492,0,2,-81.88,500,-65.0,30.0,71.58910531638176,-1,135.22485943116806,-8,3,3,6.376283203492619
209,2010201,412815.0,3392400.0,7,200,3,0,2585.0,16.2,493,0,5,412735,3392405,491,0,2,-83.75,500,-80.0,5.0,80.15609770940699,-2,156.42366562500263,-9,3,3,6.40639067122062
210,2010201,412815.0,3392400.0,7,200,3,0,2585.0,16.2,493,0,5,412760,3392460,493,0,5,-88.83,500,-55.0,60.0,81.39410298049853,0,112.51044707800088,-7,3,3,4.915417755112416
211,2010201,412815.0,3392400.0,7,200,3,0,2585.0,16.2,493,0,5,412705,3392395,490,0,5,-85.6,500,-110.0,-5.0,110.11357772772621,-3,-197.3974377975002,-10,3,3,5.189100328112662
212,2010201,412815.0,3392400.0,7,200,3,0,2585.0,16.2,493,0,5,412690,3392370,489,0,5,-84.55,500,-125.0,-30.0,128.5496013218244,-4,-186.5042667192042,-11,3,3,4.890890381274423
213,2010201,412815.0,3392400.0,7,200,3,0,2585.0,16.2,493,0,5,412745,3392435,492,0,5,-86.86,500,-70.0,35.0,78.26237921249263,-1,133.43494882292202,-8,3,3,5.836516716087887
214,2010201,412815.0,3392400.0,7,200,3,0,2585.0,16.2,493,0,5,412720,3392420,491,0,5,-86.38,500,-95.0,20.0,97.082439194738,-2,148.11134196037204,-9,3,3,5.296450755686863
215,2010201,412815.0,3392400.0,7,200,3,0,2585.0,16.2,493,0,5,412680,3392380,488,0,6,-89.25,500,-135.0,-20.0,136.4734406395618,-5,-191.57303097851934,-12,3,3,5.025047997911769
216,2010201,412815.0,3392400.0,7,200,3,0,2585.0,16.2,493,0,5,412740,3392440,492,0,5,-88.07,500,-75.0,40.0,85.0,-1,131.9275130641471,-8,3,3,5.376705428050741
217,2010201,412815.0,3392400.0,7,200,3,0,2585.0,16.2,493,0,5,412725,3392415,491,0,5,-87.59,500,-90.0,15.0,91.2414379544733,-2,150.53767779197437,-9,3,3,5.633397563110582
218,2010201,412815.0,3392400.0,7,200,3,0,2585.0,16.2,493,0,5,412710,3392390,490,0,5,-83.95,500,-105.0,-10.0,105.47511554864494,-3,-194.5596679689945,-10,3,3,5.415971951341969
219,2010201,412815.0,3392400.0,7,200,3,0,2585.0,16.2,493,0,5,412715,3392385,490,0,5,-82.8,500,-100.0,-15.0,101.11874208078342,-3,-191.46923439005187,-10,3,3,5.647823882177047
220,2010201,412815.0,3392400.0,7,200,3,0,2585.0,16.2,493,0,5,412730,3392410,491,0,5,-85.81,500,-85.0,10.0,85.58621384311844,-2,153.29016319224309,-9,3,3,6.002997107703519
221,2010201,412815.0,3392400.0,7,200,3,0,2585.0,16.2,493,0,5,412695,3392365,489,0,5,-86.5,500,-120.0,-35.0,125.0,-4,-183.73979529168807,-11,3,3,5.029073581785447
222,2010201,412815.0,3392400.0,7,200,3,0,2585.0,16.2,493,0,5,412675,3392345,488,0,5,-89.82,500,-140.0,-55.0,150.41608956491322,-5,-178.55226367289467,-12,3,3,4.561322083556315
223,2010201,412815.0,3392400.0,7,200,3,0,2585.0,16.2,493,0,5,412685,3392375,488,0,5,-86.24,500,-130.0,-25.0,132.38202294873727,-5,-189.11447294534128,-12,3,3,5.1795206741385815
224,2010201,412815.0,3392400.0,7,200,3,0,2585.0,16.2,493,0,5,412700,3392400,490,0,5,-89.59,500,-115.0,0.0,115.0,-3,160.0,-10,3,3,4.969740728110304
225,2010201,412815.0,3392400.0,7,200,3,0,2585.0,16.2,493,0,5,412755,3392425,492,0,2,-82.2,500,-60.0,25.0,65.0,-1,137.38013505195954,-8,3,3,7.016501744722909
226,2010201,412815.0,3392400.0,7,200,3,0,2585.0,16.2,493,0,5,412650,3392330,489,63,6,-87.67,500,-165.0,-70.0,179.2344832893492,-4,-177.01128319791937,-11,3,3,3.5119584994050204
227,2010201,412815.0,3392400.0,7,200,3,0,2585.0,16.2,493,0,5,412655,3392325,489,0,6,-96.88,500,-160.0,-75.0,176.70597047072292,-4,-174.88516511385544,-11,3,3,3.5620831713412215
228,2010201,412815.0,3392400.0,7,200,3,0,2585.0,16.2,493,0,5,412645,3392335,490,63,6,-103.0,500,-170.0,-65.0,182.00274723201295,-3,-179.07549825507886,-10,3,3,3.14491008857507
229,2010201,412815.0,3392400.0,7,200,3,0,2585.0,16.2,493,0,5,412790,3392470,493,0,2,-84.5,500,-25.0,70.0,74.33034373659252,0,89.65382405805332,-7,3,3,5.3799167033826505
230,2010201,412815.0,3392400.0,7,200,3,0,2585.0,16.2,493,0,5,412765,3392455,493,0,2,-85.71,500,-50.0,55.0,74.33034373659252,0,112.27368900609372,-7,3,3,5.3799167033826505
231,2010201,412815.0,3392400.0,7,200,3,0,2585.0,16.2,493,0,5,412855,3392530,492,0,5,-96.0,500,40.0,130.0,136.01470508735443,-1,52.89727103094765,-8,3,3,3.3660975390045555
232,2010201,412815.0,3392400.0,7,200,3,0,2585.0,16.2,493,0,5,412835,3392510,492,0,5,-95.5,500,20.0,110.0,111.80339887498948,-1,59.695153531233984,-8,3,3,4.092776755788449
233,2010201,412815.0,3392400.0,7,200,3,0,2585.0,16.2,493,0,5,412830,3392505,492,0,5,-93.43,500,15.0,105.0,106.06601717798213,-1,61.86989764584405,-8,3,3,4.31335129706561
234,2010201,412815.0,3392400.0,7,200,3,0,2585.0,16.2,493,0,5,412810,3392485,493,0,5,-90.0,500,-5.0,85.0,85.14693182963201,0,73.36646066342979,-7,3,3,4.699764671064311
235,2010201,412815.0,3392400.0,7,200,3,0,2585.0,16.2,493,0,5,412840,3392535,492,24,5,-96.87,500,25.0,135.0,137.2953021774598,-1,59.508522987668414,-8,3,3,3.3347720629680144
236,2010201,412815.0,3392400.0,7,200,3,0,2585.0,16.2,493,0,5,412815,3392490,493,0,5,-96.4,500,0.0,90.0,90.0,0,70.0,-7,3,3,4.44738485009049
237,2010201,412815.0,3392400.0,7,200,3,0,2585.0,16.2,493,0,5,412875,3392550,493,0,12,-103.0,500,60.0,150.0,161.55494421403512,0,48.198590513648185,-7,3,3,2.481011966002039
238,2010201,412815.0,3392400.0,7,200,3,0,2585.0,16.2,493,0,5,412870,3392545,493,0,12,-94.0,500,55.0,145.0,155.08062419270823,0,49.227745317954174,-7,3,3,2.5844518482414762
239,2010201,412815.0,3392400.0,7,200,3,0,2585.0,16.2,493,0,5,412825,3392520,492,0,5,-90.4,500,10.0,120.0,120.41594578792295,-1,65.23635830927384,-8,3,3,3.8009387837024198
240,2010201,412815.0,3392400.0,7,200,3,0,2585.0,16.2,493,0,5,412810,3392390,493,0,5,-67.2,500,-5.0,-10.0,11.180339887498949,0,-136.56505117707798,-7,3,3,32.05064263526879
241,2010201,412815.0,3392400.0,7,200,3,0,2585.0,16.2,493,0,5,412845,3392355,495,0,12,-107.83,500,30.0,-45.0,54.08326913195984,2,-76.30993247402021,-5,3,3,5.281982452343407
242,2010201,412815.0,3392400.0,7,200,3,0,2585.0,16.2,493,0,5,412840,3392360,495,0,12,-80.5,500,25.0,-40.0,47.16990566028302,2,-77.9946167919165,-5,3,3,6.050746015911744
243,2010201,412815.0,3392400.0,7,200,3,0,2585.0,16.2,493,0,5,412825,3392375,494,24,5,-69.2,500,10.0,-25.0,26.92582403567252,1,-88.19859051364818,-6,3,3,12.562228295302136
244,2010201,412815.0,3392400.0,7,200,3,0,2585.0,16.2,493,0,5,412855,3392345,495,0,12,-112.33,500,40.0,-55.0,68.00735254367721,2,-73.9726266148964,-5,3,3,4.2049039747983485
245,2010201,412815.0,3392400.0,7,200,3,0,2585.0,16.2,493,0,5,412835,3392365,494,0,5,-81.0,500,20.0,-35.0,40.311288741492746,1,-80.25511870305778,-6,3,3,8.465848238967707
246,2010201,412815.0,3392400.0,7,200,3,0,2585.0,16.2,493,0,5,412815,3392385,494,0,6,-59.41,500,0.0,-15.0,15.0,1,-110.0,-6,3,3,21.80140948635181
247,2010201,412815.0,3392400.0,7,200,3,0,2585.0,16.2,493,0,5,412830,3392370,494,0,5,-77.67,500,15.0,-30.0,33.54101966249684,1,-83.43494882292201,-6,3,3,10.142106156573984
248,2010201,412815.0,3392400.0,7,200,3,0,2585.0,16.2,493,0,5,412850,3392350,495,0,5,-101.75,500,35.0,-50.0,61.032778078668514,2,-75.00797980144134,-5,3,3,4.683394442175811
249,2010201,412815.0,3392400.0,7,200,3,0,2585.0,16.2,493,0,5,412820,3392380,494,24,6,-64.13,500,5.0,-20.0,20.615528128088304,1,-95.96375653207353,-6,3,3,16.227254023233513
250,2010201,412815.0,3392400.0,7,200,3,0,2585.0,16.2,493,0,5,412800,3392400,493,0,5,-79.29,500,-15.0,0.0,15.0,0,160.0,-7,3,3,25.016893478100023
251,2010201,412815.0,3392400.0,7,200,3,0,2585.0,16.2,493,0,5,412805,3392395,493,0,5,-61.21,500,-10.0,-5.0,11.180339887498949,0,-173.434948822922,-7,3,3,32.05064263526879
252,2010201,412815.0,3392400.0,7,200,3,0,2585.0,16.2,493,0,5,412670,3392420,490,21,5,-95.0,500,-145.0,20.0,146.37281168304446,-3,152.14668669802177,-10,3,3,3.908300048289676
253,2010201,412815.0,3392400.0,7,200,3,0,2585.0,16.2,493,0,5,412760,3392390,491,0,2,-82.0,500,-55.0,-10.0,55.90169943749474,-2,-189.69515353123398,-9,3,3,9.145960365565434
254,2010201,412815.0,3392400.0,7,200,3,0,2585.0,16.2,493,0,5,412740,3392330,490,0,5,-89.33,500,-75.0,-70.0,102.59142264341595,-3,-156.97493401088198,-10,3,3,5.567263441956087
255,2010201,412815.0,3392400.0,7,200,3,0,2585.0,16.2,493,0,5,412765,3392385,491,0,2,-82.78,500,-50.0,-15.0,52.20153254455275,-2,-183.3007557660064,-9,3,3,9.782125386210328
256,2010201,412815.0,3392400.0,7,200,3,0,2585.0,16.2,493,0,5,412750,3392340,491,0,12,-85.25,500,-65.0,-60.0,88.45903006477066,-2,-157.29061004263855,-9,3,3,5.809397909732974
257,2010201,412815.0,3392400.0,7,200,3,0,2585.0,16.2,493,0,5,412680,3392470,493,21,12,-110.0,500,-135.0,70.0,152.0690632574555,0,132.59242456218158,-7,3,3,2.635562612250094
258,2010201,412815.0,3392400.0,7,200,3,0,2585.0,16.2,493,0,5,412735,3392355,490,0,2,-86.14,500,-80.0,-45.0,91.7877987534291,-3,-170.64224645720873,-10,3,3,6.217677251124683
259,2010201,412815.0,3392400.0,7,200,3,0,2585.0,16.2,493,0,5,412795,3392375,493,0,12,-62.77,500,-20.0,-25.0,32.01562118716424,0,-148.6598082540901,-7,3,3,12.333251044177262
260,2010201,412815.0,3392400.0,7,200,3,0,2585.0,16.2,493,0,5,412710,3392460,493,0,6,-103.81,500,-105.0,60.0,120.93386622447825,0,130.25511870305775,-7,3,3,3.3127481014175024
261,2010201,412815.0,3392400.0,7,200,3,0,2585.0,16.2,493,0,5,412720,3392350,490,0,2,-82.06,500,-95.0,-50.0,107.35455276791944,-3,-172.24145939893998,-10,3,3,5.321704667051092
262,2010201,412815.0,3392400.0,7,200,3,0,2585.0,16.2,493,0,5,412695,3392475,493,0,12,-106.64,500,-120.0,75.0,141.50971698084905,0,127.99461679191654,-7,3,3,2.8319172183324026
263,2010201,412815.0,3392400.0,7,200,3,0,2585.0,16.2,493,0,5,412775,3392395,492,0,5,-83.88,500,-40.0,-5.0,40.311288741492746,-1,-192.8749836510982,-8,3,3,11.224821667293003
264,2010201,412815.0,3392400.0,7,200,3,0,2585.0,16.2,493,0,5,412715,3392455,493,0,6,-95.26,500,-100.0,55.0,114.12712210513327,0,131.18920625702697,-7,3,3,3.5098462097443237
265,2010201,412815.0,3392400.0,7,200,3,0,2585.0,16.2,493,0,5,412745,3392325,491,0,12,-89.5,500,-70.0,-75.0,102.59142264341595,-2,-153.02506598911802,-9,3,3,5.0135307501371065
266,2010201,412815.0,3392400.0,7,200,3,0,2585.0,16.2,493,0,5,412675,3392415,490,0,5,-105.67,500,-140.0,15.0,140.80127840328723,-3,153.88449643371462,-10,3,3,4.062444231274032
267,2010201,412815.0,3392400.0,7,200,3,0,2585.0,16.2,493,0,5,412705,3392445,492,33,6,-99.5,500,-110.0,45.0,118.84864324004712,-1,137.75097634278768,-8,3,3,3.8509133788582384
268,2010201,412815.0,3392400.0,7,200,3,0,2585.0,16.2,493,0,5,412730,3392360,490,0,2,-83.15,500,-85.0,-40.0,93.94147114027967,-3,-174.79887635452494,-10,3,3,6.076211468268177
269,2010201,412815.0,3392400.0,7,200,3,0,2585.0,16.2,493,0,5,412690,3392480,494,0,12,-103.29,500,-125.0,80.0,148.4082207965583,1,127.38075692880716,-6,3,3,2.3151518028311626
270,2010201,412815.0,3392400.0,7,200,3,0,2585.0,16.2,493,0,5,412700,3392450,492,33,5,-103.38,500,-115.0,50.0,125.39936203984452,-1,136.50143432404792,-8,3,3,3.6503049128335014
271,2010201,412815.0,3392400.0,7,200,3,0,2585.0,16.2,493,0,5,412725,3392345,490,0,2,-86.33,500,-90.0,-55.0,105.47511554864494,-3,-168.5704343851615,-10,3,3,5.415971951341969
272,2010201,412815.0,3392400.0,7,200,3,0,2585.0,16.2,493,0,5,412785,3392365,492,0,12,-63.07,500,-30.0,-35.0,46.09772228646444,-1,-150.6012946450045,-8,3,3,9.845302162757218
273,2010201,412815.0,3392400.0,7,200,3,0,2585.0,16.2,493,0,5,412790,3392380,492,0,12,-66.4,500,-25.0,-20.0,32.01562118716424,-1,-161.34019174590992,-8,3,3,14.029665401288817
274,2010201,412815.0,3392400.0,7,200,3,0,2585.0,16.2,493,0,5,412770,3392400,492,0,2,-73.5,500,-45.0,0.0,45.0,-1,160.0,-8,3,3,10.08059798754232
275,2010201,412815.0,3392400.0,7,200,3,0,2585.0,16.2,493,0,5,412665,3392405,490,0,5,-101.67,500,-150.0,5.0,150.08331019803634,-3,158.0908475670036,-10,3,3,3.8119639118057664
276,2010201,412815.0,3392400.0,7,200,3,0,2585.0,16.2,493,0,5,412780,3392370,492,0,12,-82.25,500,-35.0,-30.0,46.09772228646444,-1,-159.39870535499554,-8,3,3,9.845302162757218
277,2010201,412815.0,3392400.0,7,200,3,0,2585.0,16.2,493,0,5,412755,3392335,491,0,12,-90.86,500,-60.0,-65.0,88.45903006477066,-2,-152.70938995736148,-9,3,3,5.809397909732974
278,2010201,412815.0,3392400.0,7,200,3,0,2585.0,16.2,493,0,5,412700,3392490,494,21,12,-98.0,500,-115.0,90.0,146.03081866510234,1,121.95295746817396,-6,3,3,2.3528007793488226
279,2010201,412815.0,3392400.0,7,200,3,0,2585.0,16.2,493,0,5,412705,3392485,494,21,5,-103.5,500,-110.0,85.0,139.01438774457844,1,122.30575953331083,-6,3,3,2.4714092658809066
280,2010201,412815.0,3392400.0,7,200,3,0,2585.0,16.2,493,0,5,412780,3392570,494,0,2,-95.0,500,-35.0,170.0,173.5655495770978,1,81.63363399894047,-6,3,3,1.9798735217257961
281,2010201,412815.0,3392400.0,7,200,3,0,2585.0,16.2,493,0,5,412715,3392495,494,21,5,-98.0,500,-100.0,95.0,137.93114224133723,1,116.4688007143858,-6,3,3,2.490794187654886
282,2010201,412815.0,3392400.0,7,200,3,0,2585.0,16.2,493,0,5,412760,3392590,495,0,5,-95.93,500,-55.0,190.0,197.80040444852483,2,86.14433878028348,-5,3,3,1.4480147493993274
283,2010201,412815.0,3392400.0,7,200,3,0,2585.0,16.2,493,0,5,412755,3392615,495,0,6,-95.25,500,-60.0,215.0,223.21514285549716,2,85.59281093926631,-5,3,3,1.2832059426534765
284,2010201,412815.0,3392400.0,7,200,3,0,2585.0,16.2,493,0,5,412765,3392585,495,0,5,-96.6,500,-50.0,185.0,191.637678967368,2,85.12400730831058,-5,3,3,1.4945595262063691
285,2010201,412815.0,3392400.0,7,200,3,0,2585.0,16.2,493,0,5,412770,3392600,494,0,5,-93.0,500,-45.0,200.0,205.0,1,82.68038349181984,-6,3,3,1.6764710468067516
286,2010201,412815.0,3392400.0,7,200,3,0,2585.0,16.2,493,0,5,412775,3392595,494,0,5,-96.33,500,-40.0,195.0,199.06029237394384,1,81.59217541029108,-6,3,3,1.7264649884423842
287,2010201,412815.0,3392400.0,7,200,3,0,2585.0,16.2,493,0,5,412795,3392575,493,0,2,-97.0,500,-20.0,175.0,176.13914953808538,0,76.51980175165698,-7,3,3,2.2758115449729166
288,2010201,412815.0,3392400.0,7,200,3,0,2585.0,16.2,493,0,5,412670,3392280,488,0,2,-95.0,500,-145.0,-120.0,188.2153022471871,-5,-160.3893117599734,-12,3,3,3.648056237465763
289,2010201,412815.0,3392400.0,7,200,3,0,2585.0,16.2,493,0,5,412710,3392320,489,0,2,-88.5,500,-105.0,-80.0,132.00378782444085,-4,-162.6960517220166,-11,3,3,4.763505627924038
290,2010201,412815.0,3392400.0,7,200,3,0,2585.0,16.2,493,0,5,412700,3392310,489,0,2,-85.5,500,-115.0,-90.0,146.03081866510234,-4,-161.95295746817393,-11,3,3,4.307759029610476
291,2010201,412815.0,3392400.0,7,200,3,0,2585.0,16.2,493,0,5,412680,3392290,488,0,2,-89.25,500,-135.0,-110.0,174.14074767268,-5,-160.82634202955578,-12,3,3,3.9420076252557674
292,2010201,412815.0,3392400.0,7,200,3,0,2585.0,16.2,493,0,5,412675,3392275,489,0,2,-89.0,500,-140.0,-125.0,187.6832437912346,-4,-158.23970029610214,-11,3,3,3.3542334021083304
293,2010201,412815.0,3392400.0,7,200,3,0,2585.0,16.2,493,0,5,412715,3392315,489,0,5,-93.25,500,-100.0,-85.0,131.24404748406687,-4,-159.63546342690265,-11,3,3,4.790952432344356
294,2010201,412815.0,3392400.0,7,200,3,0,2585.0,16.2,493,0,5,412665,3392265,489,0,2,-89.6,500,-150.0,-135.0,201.80436070610565,-4,-158.01278750418336,-11,3,3,3.1200043974329787
295,2010201,412815.0,3392400.0,7,200,3,0,2585.0,16.2,493,0,5,412640,3392250,490,0,2,-95.5,500,-175.0,-150.0,230.4886114323222,-3,-159.39870535499554,-10,3,3,2.4842819526915947
296,2010201,412815.0,3392400.0,7,200,3,0,2585.0,16.2,493,0,5,412650,3392260,490,0,2,-92.55,500,-165.0,-140.0,216.390850083824,-3,-159.6858998395027,-10,3,3,2.645908757366145
297,2010201,412815.0,3392400.0,7,200,3,0,2585.0,16.2,493,0,5,412655,3392255,490,0,2,-94.33,500,-160.0,-145.0,215.92822881689185,-3,-157.81555668421123,-10,3,3,2.6515694742047677
298,2010201,412815.0,3392400.0,7,200,3,0,2585.0,16.2,493,0,5,412660,3392270,489,0,2,-89.86,500,-155.0,-130.0,202.2992832414391,-4,-160.01311375503582,-11,3,3,3.1123863730047376
299,2010201,412815.0,3392400.0,7,200,3,0,2585.0,16.2,493,0,5,412690,3392300,489,0,6,-85.67,500,-125.0,-100.0,160.0781059358212,-4,-161.34019174590992,-11,3,3,3.930983335744289
300,2010201,412815.0,3392400.0,7,200,3,0,2585.0,16.2,493,0,5,412645,3392245,490,0,2,-94.0,500,-170.0,-155.0,230.05434140654683,-3,-157.64254529406472,-10,3,3,2.48896560139844
301,2010201,412815.0,3392400.0,7,200,3,0,2585.0,16.2,493,0,5,412685,3392285,489,0,2,-89.0,500,-130.0,-115.0,173.5655495770978,-4,-158.50353164478446,-11,3,3,3.626363520669304
302,2010201,412815.0,3392400.0,7,200,3,0,2585.0,16.2,493,0,5,412705,3392305,489,0,5,-96.0,500,-110.0,-95.0,145.34441853748632,-4,-159.1849161251184,-11,3,3,4.328025631797275
303,2010201,412815.0,3392400.0,7,200,3,0,2585.0,16.2,493,0,5,412685,3392305,488,0,6,-90.0,500,-130.0,-95.0,161.01242188104618,-5,-163.8418145601917,-12,3,3,4.262283480318116
304,2010201,412815.0,3392400.0,7,200,3,0,2585.0,16.2,493,0,5,412710,3392300,489,0,5,-91.5,500,-105.0,-100.0,145.0,-4,-156.39718102729637,-11,3,3,4.338266791428195
305,2010201,412815.0,3392400.0,7,200,3,0,2585.0,16.2,493,0,5,412690,3392320,489,0,2,-98.17,500,-125.0,-80.0,148.4082207965583,-4,-167.3807569288072,-11,3,3,4.2390051402537425
306,2010201,412815.0,3392400.0,7,200,3,0,2585.0,16.2,493,0,5,412640,3392270,490,0,2,-87.89,500,-175.0,-130.0,218.0022935659164,-3,-163.3929251873925,-10,3,3,2.6263780450042966
307,2010201,412815.0,3392400.0,7,200,3,0,2585.0,16.2,493,0,5,412650,3392280,489,0,2,-92.2,500,-165.0,-120.0,204.02205763103166,-4,-163.9726266148964,-11,3,3,3.0861562163130447
308,2010201,412815.0,3392400.0,7,200,3,0,2585.0,16.2,493,0,5,412655,3392275,489,0,2,-91.75,500,-160.0,-125.0,203.03940504246953,-4,-162.00126755749537,-11,3,3,3.101063246827653
309,2010201,412815.0,3392400.0,7,200,3,0,2585.0,16.2,493,0,5,412645,3392265,490,0,2,-91.2,500,-170.0,-135.0,217.0829334609241,-3,-161.54629078329404,-10,3,3,2.6374852506157223
310,2010201,412815.0,3392400.0,7,200,3,0,2585.0,16.2,493,0,5,412680,3392310,488,0,6,-93.0,500,-135.0,-90.0,162.24980739587951,-5,-166.30993247402023,-12,3,3,4.229895939277143
311,2010201,412815.0,3392400.0,7,200,3,0,2585.0,16.2,493,0,5,412670,3392260,489,0,2,-101.0,500,-145.0,-140.0,201.55644370746373,-4,-156.00508600525419,-11,3,3,3.12383444675348
312,2010201,412815.0,3392400.0,7,200,3,0,2585.0,16.2,493,0,5,412665,3392245,489,0,5,-98.67,500,-150.0,-155.0,215.6965461012299,-4,-154.06080905426444,-11,3,3,2.919416463701091
313,2010201,412815.0,3392400.0,7,200,3,0,2585.0,16.2,493,0,5,412715,3392295,489,0,6,-92.55,500,-100.0,-105.0,145.0,-4,-153.60281897270363,-11,3,3,4.338266791428195
314,2010201,412815.0,3392400.0,7,200,3,0,2585.0,16.2,493,0,5,412695,3392315,489,0,2,-91.71,500,-120.0,-85.0,147.05441169852742,-4,-164.6887865603668,-11,3,3,4.277885962399702
315,2010201,412815.0,3392400.0,7,200,3,0,2585.0,16.2,493,0,5,412700,3392290,489,0,6,-92.33,500,-115.0,-110.0,159.13830462839547,-4,-156.27303002005672,-11,3,3,3.954124581280041
316,2010201,412815.0,3392400.0,7,200,3,0,2585.0,16.2,493,0,5,412705,3392285,489,0,6,-97.0,500,-110.0,-115.0,159.13830462839547,-4,-153.7269699799433,-11,3,3,3.954124581280041
317,2010201,412815.0,3392400.0,7,200,3,0,2585.0,16.2,493,0,5,412660,3392250,489,0,2,-91.86,500,-155.0,-150.0,215.6965461012299,-4,-155.9391909457356,-11,3,3,2.919416463701091
318,2010201,412815.0,3392400.0,7,200,3,0,2585.0,16.2,493,0,5,412805,3392320,493,0,12,-100.55,500,-10.0,-80.0,80.62257748298549,0,-117.1250163489018,-7,3,3,4.962222556601448
319,2010201,412815.0,3392400.0,7,200,3,0,2585.0,16.2,493,0,5,412800,3392315,493,0,12,-100.58,500,-15.0,-85.0,86.31338250816034,0,-120.00797980144135,-7,3,3,4.636530215744546
320,2010201,412815.0,3392400.0,7,200,3,0,2585.0,16.2,493,0,5,412820,3392295,494,0,12,-130.8,500,5.0,-105.0,105.11898020814318,1,-107.27368900609373,-6,3,3,3.2667942031563677
321,2010201,412815.0,3392400.0,7,200,3,0,2585.0,16.2,493,0,5,412825,3392300,494,0,12,-100.0,500,10.0,-100.0,100.4987562112089,1,-104.28940686250037,-6,3,3,3.4166303758495835
322,2010201,412815.0,3392400.0,7,200,3,0,2585.0,16.2,493,0,5,412815,3392310,494,0,5,-102.04,500,0.0,-90.0,90.0,1,-110.0,-6,3,3,3.8140748342903543
323,2010201,412815.0,3392400.0,7,200,3,0,2585.0,16.2,493,0,5,412810,3392305,493,0,5,-107.74,500,-5.0,-95.0,95.13148795220224,0,-113.01278750418334,-7,3,3,4.20837474977233
324,2010201,412815.0,3392400.0,7,200,3,0,2585.0,16.2,493,0,5,412820,3392415,493,0,12,-69.46,500,5.0,15.0,15.811388300841896,0,51.565051177077976,-7,3,3,23.879876253764905
325,2010201,412815.0,3392400.0,7,200,3,0,2585.0,16.2,493,0,5,412835,3392410,494,0,6,-94.14,500,20.0,10.0,22.360679774997898,1,6.565051177077976,-6,3,3,15.020256666513818
326,2010201,412815.0,3392400.0,7,200,3,0,2585.0,16.2,493,0,5,412810,3392425,493,0,12,-71.67,500,-5.0,25.0,25.495097567963924,0,81.30993247402023,-7,3,3,15.35294889462336
327,2010201,412815.0,3392400.0,7,200,3,0,2585.0,16.2,493,0,5,412815,3392430,493,0,12,-70.33,500,0.0,30.0,30.0,0,70.0,-7,3,3,13.134022306396323
328,2010201,412815.0,3392400.0,7,200,3,0,2585.0,16.2,493,0,5,412830,3392405,494,24,6,-87.32,500,15.0,5.0,15.811388300841896,1,-1.5650511770779758,-6,3,3,20.780417487663584
329,2010201,412815.0,3392400.0,7,200,3,0,2585.0,16.2,493,0,5,412805,3392440,493,0,5,-78.0,500,-10.0,40.0,41.23105625617661,0,84.03624346792651,-7,3,3,9.635511921940111
330,2010201,412815.0,3392400.0,7,200,3,0,2585.0,16.2,493,0,5,412825,3392420,494,0,5,-75.56,500,10.0,20.0,22.360679774997898,1,43.434948822922024,-6,3,3,15.020256666513818
331,2010201,412815.0,3392400.0,7,200,3,0,2585.0,16.2,493,0,5,412855,3392470,493,0,12,-91.67,500,40.0,70.0,80.62257748298549,0,40.255118703057775,-7,3,3,4.962222556601448
332,2010201,412815.0,3392400.0,7,200,3,0,2585.0,16.2,493,0,5,412840,3392475,493,0,12,-93.2,500,25.0,75.0,79.05694150420949,0,51.565051177077976,-7,3,3,5.059988675900263
333,2010201,412815.0,3392400.0,7,200,3,0,2585.0,16.2,493,0,5,412800,3392435,493,0,5,-67.0,500,-15.0,35.0,38.07886552931954,0,93.19859051364818,-7,3,3,10.416331836297568
334,2010201,412815.0,3392400.0,7,200,3,0,2585.0,16.2,493,0,5,412745,3392545,495,0,6,-97.31,500,-70.0,145.0,161.01242188104618,2,95.7693276243387,-5,3,3,1.7786631718940433
335,2010201,412815.0,3392400.0,7,200,3,0,2585.0,16.2,493,0,5,412755,3392555,495,0,5,-99.16,500,-60.0,155.0,166.20770138594662,2,91.1612598168283,-5,3,3,1.7231002119497507
336,2010201,412815.0,3392400.0,7,200,3,0,2585.0,16.2,493,0,5,412750,3392560,495,0,6,-95.88,500,-65.0,160.0,172.69916039170545,2,92.1094483437517,-5,3,3,1.6583687653811816
337,2010201,412815.0,3392400.0,7,200,3,0,2585.0,16.2,493,0,5,412735,3392535,495,0,6,-95.33,500,-80.0,135.0,156.92354826475216,2,100.65066795705286,-5,3,3,1.8249779116650708
338,2010201,412815.0,3392400.0,7,200,3,0,2585.0,16.2,493,0,5,412775,3392495,493,0,2,-85.0,500,-40.0,95.0,103.07764064044152,0,92.83365417791754,-7,3,3,3.884990061875219
339,2010201,412815.0,3392400.0,7,200,3,0,2585.0,16.2,493,0,5,412740,3392550,496,0,6,-99.09,500,-75.0,150.0,167.70509831248424,3,96.56505117707798,-4,3,3,1.3663250269462366
340,2010201,412815.0,3392400.0,7,200,3,0,2585.0,16.2,493,0,5,412760,3392490,494,0,5,-90.1,500,-55.0,90.0,105.47511554864494,1,101.42956561483851,-6,3,3,3.255787684689814
341,2010201,412815.0,3392400.0,7,200,3,0,2585.0,16.2,493,0,5,412770,3392500,494,0,5,-87.75,500,-45.0,100.0,109.65856099730654,1,94.22774531795415,-6,3,3,3.131832379485525
342,2010201,412815.0,3392400.0,7,200,3,0,2585.0,16.2,493,0,5,412765,3392485,493,0,5,-90.17,500,-50.0,85.0,98.6154146165801,0,100.46554491945989,-7,3,3,4.060205814092888
343,2010201,412815.0,3392400.0,7,200,3,0,2585.0,16.2,493,0,5,412850,3392575,491,0,5,-94.67,500,35.0,175.0,178.46568297574746,-2,58.69006752597977,-9,3,3,2.8869726321309077
344,2010201,412815.0,3392400.0,7,200,3,0,2585.0,16.2,493,0,5,412840,3392565,491,0,5,-98.6,500,25.0,165.0,166.88319268278636,-2,61.384351815835885,-9,3,3,3.0869673227627104
345,2010201,412815.0,3392400.0,7,200,3,0,2585.0,16.2,493,0,5,412845,3392570,491,0,5,-96.14,500,30.0,170.0,172.6267650163207,-2,59.992020198558635,-9,3,3,2.9844477795929474
346,2010201,412815.0,3392400.0,7,200,3,0,2585.0,16.2,493,0,5,412845,3392530,492,0,5,-96.0,500,30.0,130.0,133.41664064126334,-1,57.005383208083515,-8,3,3,3.4314914781042494
347,2010201,412815.0,3392400.0,7,200,3,0,2585.0,16.2,493,0,5,412855,3392540,492,0,12,-94.0,500,40.0,140.0,145.60219778561037,-1,54.05460409907715,-8,3,3,3.1449100885750694
348,2010201,412815.0,3392400.0,7,200,3,0,2585.0,16.2,493,0,5,412820,3392505,493,0,5,-94.0,500,5.0,105.0,105.11898020814318,0,67.27368900609372,-7,3,3,3.809770547384483
349,2010201,412815.0,3392400.0,7,200,3,0,2585.0,16.2,493,0,5,412825,3392510,492,0,5,-92.75,500,10.0,110.0,110.45361017187261,-1,64.80557109226521,-8,3,3,4.142619096366386
350,2010201,412815.0,3392400.0,7,200,3,0,2585.0,16.2,493,0,5,412840,3392525,492,0,5,-99.6,500,25.0,125.0,127.47548783981962,-1,58.69006752597977,-8,3,3,3.5910111760646792
351,2010201,412815.0,3392400.0,7,200,3,0,2585.0,16.2,493,0,5,412850,3392535,492,24,5,-98.0,500,35.0,135.0,139.46325680981354,-1,55.46554491945989,-8,3,3,3.2830473576133077
352,2010201,412815.0,3392400.0,7,200,3,0,2585.0,16.2,493,0,5,412835,3392520,492,0,13,-95.71,500,20.0,120.0,121.6552506059644,-1,60.537677791974374,-8,3,3,3.76233031232997
353,2010201,412815.0,3392400.0,7,200,3,0,2585.0,16.2,493,0,5,412830,3392515,492,0,5,-93.6,500,15.0,115.0,115.97413504743201,-1,62.56859202882748,-8,3,3,3.9460633187207823
354,2010201,412815.0,3392400.0,7,200,3,0,2585.0,16.2,493,0,5,412810,3392495,493,0,5,-89.25,500,-5.0,95.0,95.13148795220224,0,73.01278750418334,-7,3,3,4.20837474977233
355,2010201,412815.0,3392400.0,7,200,3,0,2585.0,16.2,493,0,5,412815,3392500,493,0,5,-94.5,500,0.0,100.0,100.0,0,70.0,-7,3,3,4.004172940709387
356,2010201,412815.0,3392400.0,7,200,3,0,2585.0,16.2,493,0,5,412825,3392490,493,0,12,-94.08,500,10.0,90.0,90.55385138137417,0,63.65980825409008,-7,3,3,4.4202915990475855
357,2010201,412815.0,3392400.0,7,200,3,0,2585.0,16.2,493,0,5,412830,3392495,493,0,12,-90.38,500,15.0,95.0,96.17692030835673,0,61.0273733851036,-7,3,3,4.162791876267054
358,2010201,412815.0,3392400.0,7,200,3,0,2585.0,16.2,493,0,5,412845,3392550,491,24,12,-97.83,500,30.0,150.0,152.97058540778355,-2,58.69006752597977,-9,3,3,3.3671065082357314
359,2010201,412815.0,3392400.0,7,200,3,0,2585.0,16.2,493,0,5,412840,3392545,491,0,5,-94.14,500,25.0,145.0,147.13938969562162,-2,60.21759296819272,-9,3,3,3.5002208963685457
360,2010201,412815.0,3392400.0,7,200,3,0,2585.0,16.2,493,0,5,412835,3392500,492,0,12,-89.64,500,20.0,100.0,101.9803902718557,-1,58.69006752597977,-8,3,3,4.48546483215546
361,2010201,412815.0,3392400.0,7,200,3,0,2585.0,16.2,493,0,5,412820,3392485,493,0,12,-87.33,500,5.0,85.0,85.14693182963201,0,66.63353933657021,-7,3,3,4.699764671064311
362,2010201,412815.0,3392400.0,7,200,3,0,2585.0,16.2,493,0,5,412805,3392425,493,0,12,-72.8,500,-10.0,25.0,26.92582403567252,0,91.80140948635182,-7,3,3,14.572792566247553
363,2010201,412815.0,3392400.0,7,200,3,0,2585.0,16.2,493,0,5,412820,3392410,494,0,5,-67.8,500,5.0,10.0,11.180339887498949,1,43.434948822922024,-6,3,3,28.220512053403727
364,2010201,412815.0,3392400.0,7,200,3,0,2585.0,16.2,493,0,5,412810,3392440,493,0,5,-83.17,500,-5.0,40.0,40.311288741492746,0,77.1250163489018,-7,3,3,9.851101187140927
365,2010201,412815.0,3392400.0,7,200,3,0,2585.0,16.2,493,0,5,412835,3392415,494,0,5,-101.67,500,20.0,15.0,25.0,1,16.86989764584402,-6,3,3,13.495733280795811
366,2010201,412815.0,3392400.0,7,200,3,0,2585.0,16.2,493,0,5,412800,3392430,493,0,5,-72.5,500,-15.0,30.0,33.54101966249684,0,96.56505117707798,-7,3,3,11.788404329313064
367,2010201,412815.0,3392400.0,7,200,3,0,2585.0,16.2,493,0,5,412845,3392465,493,6,5,-95.33,500,30.0,65.0,71.58910531638176,0,45.224859431168085,-7,3,3,5.584642095815385
368,2010201,412815.0,3392400.0,7,200,3,0,2585.0,16.2,493,0,5,412825,3392405,494,24,5,-89.41,500,10.0,5.0,11.180339887498949,1,6.565051177077976,-6,3,3,28.220512053403727
369,2010201,412815.0,3392400.0,7,200,3,0,2585.0,16.2,493,0,5,412830,3392420,494,0,5,-85.42,500,15.0,20.0,25.0,1,33.13010235415598,-6,3,3,13.495733280795811
370,2010201,412815.0,3392400.0,7,200,3,0,2585.0,16.2,493,0,5,412815,3392435,493,0,12,-78.23,500,0.0,35.0,35.0,0,70.0,-7,3,3,11.309932474020213
371,2010201,412815.0,3392400.0,7,200,3,0,2585.0,16.2,493,0,5,412880,3392350,495,0,12,-97.0,500,65.0,-50.0,82.00609733428362,2,-57.56859202882748,-5,3,3,3.4890661077212064
372,2010201,412815.0,3392400.0,7,200,3,0,2585.0,16.2,493,0,5,412830,3392525,492,0,13,-94.11,500,15.0,125.0,125.89678312014172,-1,63.15722658736905,-8,3,3,3.635921239174536
373,2010201,412815.0,3392400.0,7,200,3,0,2585.0,16.2,493,0,5,412840,3392515,492,0,13,-92.0,500,25.0,115.0,117.6860229593982,-1,57.73522627210758,-8,3,3,3.8888403928374706
374,2010201,412815.0,3392400.0,7,200,3,0,2585.0,16.2,493,0,5,412835,3392530,492,0,5,-93.5,500,20.0,130.0,131.52946437965906,-1,61.25383773744477,-8,3,3,3.4806061100611196
375,2010201,412815.0,3392400.0,7,200,3,0,2585.0,16.2,493,0,5,412810,3392470,493,0,5,-93.0,500,-5.0,70.0,70.178344238091,0,74.08561677997488,-7,3,3,5.696176361773174
376,2010201,412815.0,3392400.0,7,200,3,0,2585.0,16.2,493,0,5,412860,3392420,494,24,5,-88.5,500,45.0,20.0,49.24428900898052,1,3.9624889745781786,-6,3,3,6.946765292343983
377,2010201,412815.0,3392400.0,7,200,3,0,2585.0,16.2,493,0,5,412830,3392450,493,0,12,-86.18,500,15.0,50.0,52.20153254455275,0,53.300755766006375,-7,3,3,7.6375553612829945
378,2010201,412815.0,3392400.0,7,200,3,0,2585.0,16.2,493,0,5,412835,3392445,493,0,12,-84.0,500,20.0,45.0,49.24428900898052,0,46.03751102542182,-7,3,3,8.090306141289219
379,2010201,412815.0,3392400.0,7,200,3,0,2585.0,16.2,493,0,5,412825,3392455,493,0,12,-89.1,500,10.0,55.0,55.90169943749474,0,59.695153531233984,-7,3,3,7.137416257938385
380,2010201,412815.0,3392400.0,7,200,3,0,2585.0,16.2,493,0,5,412845,3392435,494,24,5,-90.67,500,30.0,35.0,46.09772228646444,1,29.398705354995542,-6,3,3,7.415829709624493
381,2010201,412815.0,3392400.0,7,200,3,0,2585.0,16.2,493,0,5,412815,3392465,493,0,5,-88.63,500,0.0,65.0,65.0,0,70.0,-7,3,3,6.14662565964667
382,2010201,412815.0,3392400.0,7,200,3,0,2585.0,16.2,493,0,5,412840,3392440,494,24,12,-89.67,500,25.0,40.0,47.16990566028302,1,37.994616791916485,-6,3,3,7.249079687709111
383,2010201,412815.0,3392400.0,7,200,3,0,2585.0,16.2,493,0,5,412850,3392430,494,24,6,-100.33,500,35.0,30.0,46.09772228646444,1,20.601294645004486,-6,3,3,7.415829709624493
384,2010201,412815.0,3392400.0,7,200,3,0,2585.0,16.2,493,0,5,412820,3392460,493,0,5,-88.86,500,5.0,60.0,60.207972893961475,0,65.23635830927384,-7,3,3,6.631644144241638
385,2010201,412815.0,3392400.0,7,200,3,0,2585.0,16.2,493,0,5,412665,3392590,498,45,12,-109.0,500,-150.0,190.0,242.0743687382041,5,108.29016319224309,-2,3,3,0.473362596848881
386,2010201,412815.0,3392400.0,7,200,3,0,2585.0,16.2,493,0,5,412795,3392560,493,0,2,-101.0,500,-20.0,160.0,161.24515496597098,0,77.1250163489018,-7,3,3,2.485772590674226
387,2010201,412815.0,3392400.0,7,200,3,0,2585.0,16.2,493,0,5,412755,3392520,494,0,5,-95.96,500,-60.0,120.0,134.16407864998737,1,96.56505117707798,-6,3,3,2.560638973149915
388,2010201,412815.0,3392400.0,7,200,3,0,2585.0,16.2,493,0,5,412750,3392515,494,0,5,-92.5,500,-65.0,115.0,132.09844813622905,1,99.47588900324575,-6,3,3,2.6006252720577168
389,2010201,412815.0,3392400.0,7,200,3,0,2585.0,16.2,493,0,5,412730,3392495,494,0,6,-92.57,500,-85.0,95.0,127.47548783981962,1,111.82016988013572,-6,3,3,2.6948016080119683
390,2010201,412815.0,3392400.0,7,200,3,0,2585.0,16.2,493,0,5,412735,3392500,494,0,6,-92.42,500,-80.0,100.0,128.06248474865697,1,108.65980825409008,-6,3,3,2.682467594528594
391,2010201,412815.0,3392400.0,7,200,3,0,2585.0,16.2,493,0,5,412740,3392505,494,0,6,-95.29,500,-75.0,105.0,129.0348790056394,1,105.53767779197437,-6,3,3,2.662281974631296
392,2010201,412815.0,3392400.0,7,200,3,0,2585.0,16.2,493,0,5,412775,3392540,494,0,5,-92.8,500,-40.0,140.0,145.60219778561037,1,85.94539590092285,-6,3,3,2.3597190899914513
393,2010201,412815.0,3392400.0,7,200,3,0,2585.0,16.2,493,0,5,412760,3392525,494,0,5,-96.9,500,-55.0,125.0,136.56500283747664,1,93.74949449286675,-6,3,3,2.5156792023466816
394,2010201,412815.0,3392400.0,7,200,3,0,2585.0,16.2,493,0,5,412745,3392510,494,0,6,-93.59,500,-70.0,110.0,130.38404810405297,1,102.47119229084848,-6,3,3,2.63477262331525
395,2010201,412815.0,3392400.0,7,200,3,0,2585.0,16.2,493,0,5,412770,3392535,494,0,5,-92.91,500,-45.0,135.0,142.30249470757707,1,88.43494882292202,-6,3,3,2.414372119626912
396,2010201,412815.0,3392400.0,7,200,3,0,2585.0,16.2,493,0,5,412720,3392485,494,0,6,-99.67,500,-95.0,85.0,127.47548783981962,1,118.17983011986428,-6,3,3,2.6948016080119683
397,2010201,412815.0,3392400.0,7,200,3,0,2585.0,16.2,493,0,5,412765,3392530,494,0,5,-95.88,500,-50.0,130.0,139.2838827718412,1,91.03751102542185,-6,3,3,2.46663334304209
398,2010201,412815.0,3392400.0,7,200,3,0,2585.0,16.2,493,0,5,412725,3392490,494,0,6,-90.67,500,-90.0,90.0,127.27922061357856,1,115.0,-6,3,3,2.698950908923438
399,2010201,412815.0,3392400.0,7,200,3,0,2585.0,16.2,493,0,5,412775,3392475,493,0,2,-83.0,500,-40.0,75.0,85.0,0,98.07248693585296,-7,3,3,4.7078522443722255
400,2010201,412815.0,3392400.0,7,200,3,0,2585.0,16.2,493,0,5,412750,3392420,492,0,2,-86.5,500,-65.0,20.0,68.00735254367721,-1,142.89727103094765,-8,3,3,6.709117994108565
401,2010201,412815.0,3392400.0,7,200,3,0,2585.0,16.2,493,0,5,412755,3392415,492,0,2,-75.67,500,-60.0,15.0,61.84658438426491,-1,145.9637565320735,-8,3,3,7.370417258646785
402,2010201,412815.0,3392400.0,7,200,3,0,2585.0,16.2,493,0,5,412680,3392390,489,33,6,-91.0,500,-135.0,-10.0,135.36986370680884,-4,-195.76360520094119,-11,3,3,4.645582399179508
403,2010201,412815.0,3392400.0,7,200,3,0,2585.0,16.2,493,0,5,412770,3392480,493,0,2,-88.5,500,-45.0,80.0,91.7877987534291,0,99.35775354279127,-7,3,3,4.361098305443185
404,2010201,412815.0,3392400.0,7,200,3,0,2585.0,16.2,493,0,5,412760,3392470,493,0,5,-90.07,500,-55.0,70.0,89.02246907382428,0,108.15722658736905,-7,3,3,4.496021197961541
405,2010201,412815.0,3392400.0,7,200,3,0,2585.0,16.2,493,0,5,412740,3392410,491,0,2,-83.73,500,-75.0,10.0,75.66372975210778,-2,152.4053566314086,-9,3,3,6.78330968835983
406,2010201,412815.0,3392400.0,7,200,3,0,2585.0,16.2,493,0,5,412700,3392370,489,0,5,-83.69,500,-115.0,-30.0,118.84864324004712,-4,-185.37912601136836,-11,3,3,5.287928318796864
407,2010201,412815.0,3392400.0,7,200,3,0,2585.0,16.2,493,0,5,412725,3392425,491,0,5,-87.37,500,-90.0,25.0,93.40770846134703,-2,144.47588900324575,-9,3,3,5.503561850150757
408,2010201,412815.0,3392400.0,7,200,3,0,2585.0,16.2,493,0,5,412710,3392380,489,0,5,-84.27,500,-105.0,-20.0,106.88779163215975,-4,-189.21570213243743,-11,3,3,5.875719128184006
409,2010201,412815.0,3392400.0,7,200,3,0,2585.0,16.2,493,0,5,412675,3392335,488,0,5,-93.05,500,-140.0,-65.0,154.35349040433132,-5,-175.09523119190482,-12,3,3,4.4454398472045025
410,2010201,412815.0,3392400.0,7,200,3,0,2585.0,16.2,493,0,5,412745,3392405,491,0,2,-86.5,500,-70.0,5.0,70.178344238091,-2,155.91438322002512,-9,3,3,7.307989590175903
411,2010201,412815.0,3392400.0,7,200,3,0,2585.0,16.2,493,0,5,412730,3392440,492,0,5,-87.05,500,-85.0,40.0,93.94147114027967,-1,134.79887635452496,-8,3,3,4.867530645335423
412,2010201,412815.0,3392400.0,7,200,3,0,2585.0,16.2,493,0,5,412705,3392365,489,0,5,-83.73,500,-110.0,-35.0,115.43396380615195,-4,-182.34987578006988,-11,3,3,5.443425587867194
413,2010201,412815.0,3392400.0,7,200,3,0,2585.0,16.2,493,0,5,412670,3392340,488,0,5,-90.42,500,-145.0,-60.0,156.92354826475216,-5,-177.52056560289688,-12,3,3,4.372918193121906
414,2010201,412815.0,3392400.0,7,200,3,0,2585.0,16.2,493,0,5,412715,3392375,489,0,2,-82.52,500,-100.0,-25.0,103.07764064044152,-4,-185.96375653207352,-11,3,3,6.0913045223563165
415,2010201,412815.0,3392400.0,7,200,3,0,2585.0,16.2,493,0,5,412735,3392435,492,0,5,-86.78,500,-80.0,35.0,87.32124598286491,-1,136.3706222693432,-8,3,3,5.234582114494074
416,2010201,412815.0,3392400.0,7,200,3,0,2585.0,16.2,493,0,5,412690,3392400,490,0,6,-96.13,500,-125.0,0.0,125.0,-3,160.0,-10,3,3,4.573921259900861
417,2010201,412815.0,3392400.0,7,200,3,0,2585.0,16.2,493,0,5,412665,3392325,488,0,5,-93.7,500,-150.0,-75.0,167.70509831248424,-5,-173.434948822922,-12,3,3,4.092776755788449
418,2010201,412815.0,3392400.0,7,200,3,0,2585.0,16.2,493,0,5,412780,3392450,493,0,2,-84.5,500,-35.0,50.0,61.032778078668514,0,104.99202019855869,-7,3,3,6.542805544472764
419,2010201,412815.0,3392400.0,7,200,3,0,2585.0,16.2,493,0,5,412795,3392455,493,0,5,-81.0,500,-20.0,55.0,58.52349955359813,0,89.98310652189997,-7,3,3,6.820748320365754
420,2010201,412815.0,3392400.0,7,200,3,0,2585.0,16.2,493,0,5,412660,3392330,489,0,5,-91.87,500,-155.0,-70.0,170.07351351694948,-4,-175.6954507340633,-11,3,3,3.7006170359144734
421,2010201,412815.0,3392400.0,7,200,3,0,2585.0,16.2,493,0,5,412695,3392395,489,0,5,-90.29,500,-120.0,-5.0,120.10412149464314,-4,-197.6140559696112,-11,3,3,5.232960776721618
422,2010201,412815.0,3392400.0,7,200,3,0,2585.0,16.2,493,0,5,412685,3392385,489,0,6,-87.82,500,-130.0,-15.0,130.86252328302402,-4,-193.418055344822,-11,3,3,4.804854953079309
423,2010201,412815.0,3392400.0,7,200,3,0,2585.0,16.2,493,0,5,412720,3392430,492,0,5,-89.93,500,-95.0,30.0,99.62429422585637,-1,142.47443162627712,-8,3,3,4.591096949187676
424,2010201,412815.0,3392400.0,7,200,3,0,2585.0,16.2,493,0,5,412650,3392360,489,63,5,-101.0,500,-165.0,-40.0,169.77926846349644,-4,-186.3730051401085,-11,3,3,3.707012720590273
425,2010201,412815.0,3392400.0,7,200,3,0,2585.0,16.2,493,0,5,412765,3392465,493,0,2,-87.15,500,-50.0,65.0,82.00609733428362,0,107.56859202882748,-7,3,3,4.87891274947136
426,2010201,412815.0,3392400.0,7,200,3,0,2585.0,16.2,493,0,5,412805,3392465,493,0,5,-91.0,500,-10.0,65.0,65.76473218982953,0,78.74616226255523,-7,3,3,6.075688547161622
427,2010201,412815.0,3392400.0,7,200,3,0,2585.0,16.2,493,0,5,412830,3392460,493,0,12,-88.33,500,15.0,60.0,61.84658438426491,0,55.963756532073546,-7,3,3,6.457444223434216
428,2010201,412815.0,3392400.0,7,200,3,0,2585.0,16.2,493,0,5,412860,3392410,494,0,12,-108.0,500,45.0,10.0,46.09772228646444,1,-7.471192290848478,-6,3,3,7.415829709624493
429,2010201,412815.0,3392400.0,7,200,3,0,2585.0,16.2,493,0,5,412800,3392470,493,0,2,-93.0,500,-15.0,70.0,71.58910531638176,0,82.0947570770121,-7,3,3,5.584642095815385
430,2010201,412815.0,3392400.0,7,200,3,0,2585.0,16.2,493,0,5,412825,3392445,493,0,12,-84.22,500,10.0,45.0,46.09772228646444,0,57.47119229084848,-7,3,3,8.634476058451307
431,2010201,412815.0,3392400.0,7,200,3,0,2585.0,16.2,493,0,5,412815,3392475,493,0,5,-85.2,500,0.0,75.0,75.0,0,70.0,-7,3,3,5.3321588816595575
432,2010201,412815.0,3392400.0,7,200,3,0,2585.0,16.2,493,0,5,412835,3392455,493,0,12,-86.0,500,20.0,55.0,58.52349955359813,0,50.01689347810003,-7,3,3,6.820748320365754
433,2010201,412815.0,3392400.0,7,200,3,0,2585.0,16.2,493,0,5,412820,3392450,493,0,12,-79.74,500,5.0,50.0,50.24937810560445,0,64.28940686250036,-7,3,3,7.930563199569855
434,2010201,412815.0,3392400.0,7,200,3,0,2585.0,16.2,493,0,5,412840,3392430,494,24,5,-86.5,500,25.0,30.0,39.05124837953327,1,30.194428907734817,-6,3,3,8.734861486585647
435,2010201,412815.0,3392400.0,7,200,3,0,2585.0,16.2,493,0,5,412850,3392440,494,0,13,-88.5,500,35.0,40.0,53.150729063673246,1,28.814074834290352,-6,3,3,6.440654079464558
436,2010201,412815.0,3392400.0,7,200,3,0,2585.0,16.2,493,0,5,412855,3392435,494,24,6,-97.5,500,40.0,35.0,53.150729063673246,1,21.185925165709648,-6,3,3,6.440654079464558
437,2010201,412815.0,3392400.0,7,200,3,0,2585.0,16.2,493,0,5,412810,3392480,493,0,5,-85.5,500,-5.0,80.0,80.15609770940699,0,73.57633437499737,-7,3,3,4.990955470106137
438,2010201,412815.0,3392400.0,7,200,3,0,2585.0,16.2,493,0,5,412845,3392425,494,24,6,-96.75,500,30.0,25.0,39.05124837953327,1,19.805571092265183,-6,3,3,8.734861486585647
439,2010201,412815.0,3392400.0,7,200,3,0,2585.0,16.2,493,0,5,412750,3392335,491,0,12,-76.4,500,-65.0,-65.0,91.92388155425118,-2,-155.0,-9,3,3,5.591841224030371
440,2010201,412815.0,3392400.0,7,200,3,0,2585.0,16.2,493,0,5,412790,3392375,492,0,12,-65.11,500,-25.0,-25.0,35.35533905932738,-1,-155.0,-8,3,3,12.749851295121235
441,2010201,412815.0,3392400.0,7,200,3,0,2585.0,16.2,493,0,5,412705,3392450,492,33,6,-99.22,500,-110.0,50.0,120.83045973594572,-1,135.55604521958344,-8,3,3,3.7879375306672154
442,2010201,412815.0,3392400.0,7,200,3,0,2585.0,16.2,493,0,5,412795,3392380,493,0,12,-57.8,500,-20.0,-20.0,28.284271247461902,0,-155.0,-7,3,3,13.900669075390693
443,2010201,412815.0,3392400.0,7,200,3,0,2585.0,16.2,493,0,5,412780,3392365,492,0,12,-66.67,500,-35.0,-35.0,49.49747468305833,-1,-155.0,-8,3,3,9.18100236433742
444,2010201,412815.0,3392400.0,7,200,3,0,2585.0,16.2,493,0,5,412700,3392445,492,33,5,-96.5,500,-115.0,45.0,123.4908903522847,-1,138.6293777306568,-8,3,3,3.7065619397762606
445,2010201,412815.0,3392400.0,7,200,3,0,2585.0,16.2,493,0,5,412715,3392460,493,0,6,-101.68,500,-100.0,60.0,116.61903789690601,0,129.0362434679265,-7,3,3,3.4350293456645917
446,2010201,412815.0,3392400.0,7,200,3,0,2585.0,16.2,493,0,5,412685,3392470,493,21,12,-114.0,500,-130.0,70.0,147.648230602334,0,131.69924423399362,-7,3,3,2.7143594159566087
447,2010201,412815.0,3392400.0,7,200,3,0,2585.0,16.2,493,0,5,412690,3392475,493,0,12,-105.0,500,-125.0,75.0,145.7737973711325,0,129.0362434679265,-7,3,3,2.7492088143463596
448,2010201,412815.0,3392400.0,7,200,3,0,2585.0,16.2,493,0,5,412710,3392455,492,33,6,-97.15,500,-105.0,55.0,118.53269591129698,-1,132.35402463626133,-8,3,3,3.861146929868165
449,2010201,412815.0,3392400.0,7,200,3,0,2585.0,16.2,493,0,5,412755,3392340,491,0,12,-84.33,500,-60.0,-60.0,84.8528137423857,-2,-155.0,-9,3,3,6.054498479394494
450,2010201,412815.0,3392400.0,7,200,3,0,2585.0,16.2,493,0,5,412765,3392390,491,0,2,-81.0,500,-50.0,-10.0,50.99019513592785,-2,-188.6900675259798,-9,3,3,10.009865311812067
451,2010201,412815.0,3392400.0,7,200,3,0,2585.0,16.2,493,0,5,412785,3392370,492,0,12,-70.78,500,-30.0,-30.0,42.42640687119285,-1,-155.0,-8,3,3,10.678414922779545
452,2010201,412815.0,3392400.0,7,200,3,0,2585.0,16.2,493,0,5,412760,3392385,491,0,2,-90.55,500,-55.0,-15.0,57.0087712549569,-2,-184.74488129694222,-9,3,3,8.971268559630829
453,2010201,412815.0,3392400.0,7,200,3,0,2585.0,16.2,493,0,5,412720,3392345,490,0,2,-87.5,500,-95.0,-55.0,109.77249200050075,-3,-169.93141717813756,-10,3,3,5.205135499713162
454,2010201,412815.0,3392400.0,7,200,3,0,2585.0,16.2,493,0,5,412725,3392350,490,0,2,-87.9,500,-90.0,-50.0,102.95630140987001,-3,-170.94539590092285,-10,3,3,5.54765627378992
455,2010201,412815.0,3392400.0,7,200,3,0,2585.0,16.2,493,0,5,412735,3392360,490,0,2,-88.71,500,-80.0,-40.0,89.44271909999159,-3,-173.434948822922,-10,3,3,6.379370208442803
456,2010201,412815.0,3392400.0,7,200,3,0,2585.0,16.2,493,0,5,412695,3392480,494,0,12,-107.25,500,-120.0,80.0,144.22205101855957,1,126.30993247402023,-6,3,3,2.3822747548862284
457,2010201,412815.0,3392400.0,7,200,3,0,2585.0,16.2,493,0,5,412745,3392330,491,0,12,-89.0,500,-70.0,-70.0,98.99494936611666,-2,-155.0,-9,3,3,5.194692472988237
458,2010201,412815.0,3392400.0,7,200,3,0,2585.0,16.2,493,0,5,412775,3392400,492,0,5,-80.17,500,-40.0,0.0,40.0,-1,160.0,-8,3,3,11.309932474020213
459,2010201,412815.0,3392400.0,7,200,3,0,2585.0,16.2,493,0,5,412740,3392325,490,0,12,-88.8,500,-75.0,-75.0,106.06601717798213,-3,-155.0,-10,3,3,5.385977098599754
460,2010201,412815.0,3392400.0,7,200,3,0,2585.0,16.2,493,0,5,412770,3392395,492,0,2,-88.4,500,-45.0,-5.0,45.27692569068709,-1,-193.6598082540901,-8,3,3,10.020195581850166
461,2010201,412815.0,3392400.0,7,200,3,0,2585.0,16.2,493,0,5,412730,3392355,490,0,2,-84.17,500,-85.0,-45.0,96.17692030835673,-3,-172.10272896905238,-10,3,3,5.936001804797608
462,2010201,412815.0,3392400.0,7,200,3,0,2585.0,16.2,493,0,5,412765,3392350,491,0,12,-87.33,500,-50.0,-50.0,70.71067811865476,-2,-155.0,-9,3,3,7.253560723066105
463,2010201,412815.0,3392400.0,7,200,3,0,2585.0,16.2,493,0,5,412770,3392355,492,0,12,-76.33,500,-45.0,-45.0,63.63961030678928,-1,-155.0,-8,3,3,7.164946983074775
464,2010201,412815.0,3392400.0,7,200,3,0,2585.0,16.2,493,0,5,412740,3392365,490,0,2,-86.5,500,-75.0,-35.0,82.76472678623425,-3,-174.9831065219,-10,3,3,6.889334033159797
465,2010201,412815.0,3392400.0,7,200,3,0,2585.0,16.2,493,0,5,412750,3392375,491,0,2,-83.75,500,-65.0,-25.0,69.6419413859206,-2,-178.96248897457818,-9,3,3,7.363662428698504
466,2010201,412815.0,3392400.0,7,200,3,0,2585.0,16.2,493,0,5,412670,3392455,492,21,12,-108.5,500,-145.0,55.0,155.08062419270823,-1,139.22774531795415,-8,3,3,2.9530464998796426
467,2010201,412815.0,3392400.0,7,200,3,0,2585.0,16.2,493,0,5,412780,3392325,492,0,5,-78.05,500,-35.0,-75.0,82.76472678623425,-1,-135.01689347810003,-8,3,3,5.521031579082746
468,2010201,412815.0,3392400.0,7,200,3,0,2585.0,16.2,493,0,5,412720,3392385,490,0,5,-82.7,500,-95.0,-15.0,96.17692030835673,-3,-191.0273733851036,-10,3,3,5.936001804797608
469,2010201,412815.0,3392400.0,7,200,3,0,2585.0,16.2,493,0,5,412730,3392395,490,0,2,-83.85,500,-85.0,-5.0,85.14693182963201,-3,-196.63353933657018,-10,3,3,6.698363436736243
470,2010201,412815.0,3392400.0,7,200,3,0,2585.0,16.2,493,0,5,412700,3392405,490,0,5,-88.0,500,-115.0,5.0,115.10864433221339,-3,157.51044707800088,-10,3,3,4.96507353827371
471,2010201,412815.0,3392400.0,7,200,3,0,2585.0,16.2,493,0,5,412725,3392390,490,0,5,-85.58,500,-90.0,-10.0,90.55385138137417,-3,-193.6598082540901,-10,3,3,6.3017263739971945
472,2010201,412815.0,3392400.0,7,200,3,0,2585.0,16.2,493,0,5,412735,3392400,491,0,2,-86.19,500,-80.0,0.0,80.0,-2,160.0,-9,3,3,6.418786730238786
473,2010201,412815.0,3392400.0,7,200,3,0,2585.0,16.2,493,0,5,412795,3392340,493,0,5,-70.27,500,-20.0,-60.0,63.245553203367585,0,-128.43494882292202,-7,3,3,6.315775019605099
474,2010201,412815.0,3392400.0,7,200,3,0,2585.0,16.2,493,0,5,412745,3392370,491,0,2,-86.17,500,-70.0,-30.0,76.15773105863909,-2,-176.80140948635182,-9,3,3,6.739715441829896
475,2010201,412815.0,3392400.0,7,200,3,0,2585.0,16.2,493,0,5,412785,3392330,492,0,5,-75.33,500,-30.0,-70.0,76.15773105863909,-1,-133.19859051364818,-8,3,3,5.996651421570144
476,2010201,412815.0,3392400.0,7,200,3,0,2585.0,16.2,493,0,5,412790,3392335,492,0,5,-76.0,500,-25.0,-65.0,69.6419413859206,-1,-131.03751102542182,-8,3,3,6.553031978625017
477,2010201,412815.0,3392400.0,7,200,3,0,2585.0,16.2,493,0,5,412710,3392415,491,0,5,-88.16,500,-105.0,15.0,106.06601717798213,-2,151.86989764584405,-9,3,3,4.850090156191999
478,2010201,412815.0,3392400.0,7,200,3,0,2585.0,16.2,493,0,5,412715,3392420,491,0,5,-87.41,500,-100.0,20.0,101.9803902718557,-2,148.69006752597977,-9,3,3,5.043415677787255
479,2010201,412815.0,3392400.0,7,200,3,0,2585.0,16.2,493,0,5,412775,3392360,492,0,12,-71.75,500,-40.0,-40.0,56.568542494923804,-1,-155.0,-8,3,3,8.049466975528397
480,2010201,412815.0,3392400.0,7,200,3,0,2585.0,16.2,493,0,5,412755,3392380,491,0,2,-81.43,500,-60.0,-20.0,63.245553203367585,-2,-181.565051177078,-9,3,3,8.09895652060337
481,2010201,412815.0,3392400.0,7,200,3,0,2585.0,16.2,493,0,5,412705,3392410,490,0,5,-88.33,500,-110.0,10.0,110.45361017187261,-3,154.8055710922652,-10,3,3,5.1732124461169535
482,2010201,412815.0,3392400.0,7,200,3,0,2585.0,16.2,493,0,5,412760,3392345,491,0,12,-80.5,500,-55.0,-55.0,77.78174593052023,-2,-155.0,-9,3,3,6.600250732855086
483,2010201,412815.0,3392400.0,7,200,3,0,2585.0,16.2,493,0,5,412675,3392460,493,0,12,-113.5,500,-140.0,60.0,152.31546211727817,0,136.80140948635182,-7,3,3,2.631305091957439
484,2010201,412815.0,3392400.0,7,200,3,0,2585.0,16.2,493,0,5,412745,3392365,491,0,2,-82.0,500,-70.0,-35.0,78.26237921249263,-2,-173.434948822922,-9,3,3,6.560070960259124
485,2010201,412815.0,3392400.0,7,200,3,0,2585.0,16.2,493,0,5,412740,3392370,490,0,2,-85.8,500,-75.0,-30.0,80.77747210701756,-3,-178.19859051364818,-10,3,3,7.057133832785284
486,2010201,412815.0,3392400.0,7,200,3,0,2585.0,16.2,493,0,5,412755,3392375,491,0,2,-74.25,500,-60.0,-25.0,65.0,-2,-177.38013505195957,-9,3,3,7.8831393167297295
487,2010201,412815.0,3392400.0,7,200,3,0,2585.0,16.2,493,0,5,412770,3392360,492,0,12,-77.8,500,-45.0,-40.0,60.207972893961475,-1,-158.3664606634298,-8,3,3,7.568714276557948
488,2010201,412815.0,3392400.0,7,200,3,0,2585.0,16.2,493,0,5,412765,3392345,491,0,12,-79.82,500,-50.0,-55.0,74.33034373659252,-2,-152.27368900609375,-9,3,3,6.903828903737672
489,2010201,412815.0,3392400.0,7,200,3,0,2585.0,16.2,493,0,5,412730,3392400,491,0,5,-84.61,500,-85.0,0.0,85.0,-2,160.0,-9,3,3,6.044092162241109
490,2010201,412815.0,3392400.0,7,200,3,0,2585.0,16.2,493,0,5,412695,3392435,491,33,5,-88.0,500,-120.0,35.0,125.0,-2,143.7397952916881,-9,3,3,4.118189703988783
491,2010201,412815.0,3392400.0,7,200,3,0,2585.0,16.2,493,0,5,412715,3392415,491,0,5,-87.68,500,-100.0,15.0,101.11874208078342,-2,151.46923439005184,-9,3,3,5.086166919483483
492,2010201,412815.0,3392400.0,7,200,3,0,2585.0,16.2,493,0,5,412725,3392385,490,0,2,-79.68,500,-90.0,-15.0,91.2414379544733,-3,-190.53767779197437,-10,3,3,6.254614967760454
493,2010201,412815.0,3392400.0,7,200,3,0,2585.0,16.2,493,0,5,412705,3392405,490,0,5,-88.3,500,-110.0,5.0,110.11357772772621,-3,157.39743779750017,-10,3,3,5.189100328112662
494,2010201,412815.0,3392400.0,7,200,3,0,2585.0,16.2,493,0,5,412720,3392390,490,0,5,-85.79,500,-95.0,-10.0,95.524865872714,-3,-193.99099404250546,-10,3,3,5.976228793989439
495,2010201,412815.0,3392400.0,7,200,3,0,2585.0,16.2,493,0,5,412700,3392410,490,0,6,-88.27,500,-115.0,10.0,115.43396380615195,-3,155.0302592718897,-10,3,3,4.951150471114766
496,2010201,412815.0,3392400.0,7,200,3,0,2585.0,16.2,493,0,5,412785,3392325,492,24,5,-79.21,500,-30.0,-75.0,80.77747210701756,-1,-131.80140948635182,-8,3,3,5.655987551197803
497,2010201,412815.0,3392400.0,7,200,3,0,2585.0,16.2,493,0,5,412750,3392380,491,0,2,-82.17,500,-65.0,-20.0,68.00735254367721,-2,-182.89727103094762,-9,3,3,7.53863939569589
498,2010201,412815.0,3392400.0,7,200,3,0,2585.0,16.2,493,0,5,412780,3392330,492,0,6,-76.79,500,-35.0,-70.0,78.26237921249263,-1,-136.56505117707798,-8,3,3,5.836516716087887
499,2010201,412815.0,3392400.0,7,200,3,0,2585.0,16.2,493,0,5,412790,3392340,492,0,5,-77.44,500,-25.0,-60.0,65.0,-1,-132.61986494804043,-8,3,3,7.016501744722909
500,2010201,412815.0,3392400.0,7,200,3,0,2585.0,16.2,493,0,5,412795,3392335,493,0,5,-77.0,500,-20.0,-65.0,68.00735254367721,0,-127.10272896905236,-7,3,3,5.876761625993374
501,2010201,412815.0,3392400.0,7,200,3,0,2585.0,16.2,493,0,5,412775,3392355,492,0,12,-71.33,500,-40.0,-45.0,60.207972893961475,-1,-151.63353933657018,-8,3,3,7.568714276557948
502,2010201,412815.0,3392400.0,7,200,3,0,2585.0,16.2,493,0,5,412710,3392420,491,0,5,-88.89,500,-105.0,20.0,106.88779163215975,-2,149.2157021324374,-9,3,3,4.81297754564956
503,2010201,412815.0,3392400.0,7,200,3,0,2585.0,16.2,493,0,5,412735,3392395,491,0,2,-82.11,500,-80.0,-5.0,80.15609770940699,-2,-196.42366562500266,-9,3,3,6.40639067122062
504,2010201,412815.0,3392400.0,7,200,3,0,2585.0,16.2,493,0,5,412675,3392455,492,0,12,-112.67,500,-140.0,55.0,150.41608956491322,-1,138.5522636728947,-8,3,3,3.0444533659604285
505,2010201,412815.0,3392400.0,7,200,3,0,2585.0,16.2,493,0,5,412855,3392450,494,6,13,-119.5,500,40.0,50.0,64.03124237432849,1,31.34019174590992,-6,3,3,5.353226992926177
506,2010201,412815.0,3392400.0,7,200,3,0,2585.0,16.2,493,0,5,412805,3392420,493,0,12,-62.5,500,-10.0,20.0,22.360679774997898,0,96.56505117707798,-7,3,3,17.382703987116223
507,2010201,412815.0,3392400.0,7,200,3,0,2585.0,16.2,493,0,5,412830,3392425,494,24,5,-82.22,500,15.0,25.0,29.154759474226502,1,39.03624346792648,-6,3,3,11.62901399521606
508,2010201,412815.0,3392400.0,7,200,3,0,2585.0,16.2,493,0,5,412845,3392460,493,6,5,-89.5,500,30.0,60.0,67.08203932499369,0,43.434948822922024,-7,3,3,5.957245201015618
509,2010201,412815.0,3392400.0,7,200,3,0,2585.0,16.2,493,0,5,412825,3392440,493,24,12,-84.8,500,10.0,40.0,41.23105625617661,0,55.963756532073546,-7,3,3,9.635511921940111
510,2010201,412815.0,3392400.0,7,200,3,0,2585.0,16.2,493,0,5,412820,3392435,493,0,12,-76.53,500,5.0,35.0,35.35533905932738,0,61.86989764584405,-7,3,3,11.199149096448238
511,2010201,412815.0,3392400.0,7,200,3,0,2585.0,16.2,493,0,5,412835,3392430,494,24,5,-81.0,500,20.0,30.0,36.05551275463989,1,36.30993247402023,-6,3,3,9.448016435202305
512,2010201,412815.0,3392400.0,7,200,3,0,2585.0,16.2,493,0,5,412840,3392455,493,0,5,-84.0,500,25.0,55.0,60.41522986797286,0,45.55604521958347,-7,3,3,6.609095621469866
513,2010201,412815.0,3392400.0,7,200,3,0,2585.0,16.2,493,0,5,412800,3392415,493,0,12,-67.14,500,-15.0,15.0,21.213203435596427,0,115.0,-7,3,3,18.26202006677648
514,2010201,412815.0,3392400.0,7,200,3,0,2585.0,16.2,493,0,5,412815,3392410,493,0,12,-69.85,500,0.0,10.0,10.0,0,70.0,-7,3,3,34.99202019855866
515,2010201,412815.0,3392400.0,7,200,3,0,2585.0,16.2,493,0,5,412810,3392405,493,0,12,-70.8,500,-5.0,5.0,7.0710678118654755,0,115.0,-7,3,3,44.710622455169606
516,2010201,412815.0,3392400.0,7,200,3,0,2585.0,16.2,493,0,5,412815,3392305,494,0,5,-104.64,500,0.0,-95.0,95.0,1,-110.0,-6,3,3,3.6138807520036442
517,2010201,412815.0,3392400.0,7,200,3,0,2585.0,16.2,493,0,5,412825,3392295,494,0,12,-106.6,500,10.0,-105.0,105.47511554864494,1,-104.55966796899449,-6,3,3,3.255787684689814
518,2010201,412815.0,3392400.0,7,200,3,0,2585.0,16.2,493,0,5,412830,3392290,494,0,5,-114.0,500,15.0,-110.0,111.01801655587259,1,-102.23483398157467,-6,3,3,3.0935569151548052
519,2010201,412815.0,3392400.0,7,200,3,0,2585.0,16.2,493,0,5,412810,3392310,493,0,5,-104.53,500,-5.0,-90.0,90.13878188659973,0,-113.17983011986423,-7,3,3,4.440564856211882
520,2010201,412815.0,3392400.0,7,200,3,0,2585.0,16.2,493,0,5,412805,3392315,493,0,12,-105.68,500,-10.0,-85.0,85.58621384311844,0,-116.70983680775694,-7,3,3,4.675749766891122
521,2010201,412815.0,3392400.0,7,200,3,0,2585.0,16.2,493,0,5,412820,3392300,494,0,5,-105.68,500,5.0,-100.0,100.12492197250393,1,-107.13759477388825,-6,3,3,3.4293565858644537
522,2010201,412815.0,3392400.0,7,200,3,0,2585.0,16.2,493,0,5,412800,3392320,493,24,12,-96.0,500,-15.0,-80.0,81.39410298049853,0,-120.61965527615514,-7,3,3,4.915417755112416
523,2010201,412815.0,3392400.0,7,200,3,0,2585.0,16.2,493,0,5,412770,3392290,492,24,12,-89.4,500,-45.0,-110.0,118.84864324004712,-1,-132.24902365721238,-8,3,3,3.8509133788582384
524,2010201,412815.0,3392400.0,7,200,3,0,2585.0,16.2,493,0,5,412780,3392320,492,24,5,-82.64,500,-35.0,-80.0,87.32124598286491,-1,-133.6293777306568,-8,3,3,5.234582114494074
525,2010201,412815.0,3392400.0,7,200,3,0,2585.0,16.2,493,0,5,412760,3392300,491,0,5,-87.91,500,-55.0,-100.0,114.12712210513327,-2,-138.81079374297306,-9,3,3,4.508981233370459
526,2010201,412815.0,3392400.0,7,200,3,0,2585.0,16.2,493,0,5,412785,3392315,492,24,12,-85.6,500,-30.0,-85.0,90.13878188659973,-1,-129.44003482817618,-8,3,3,5.07182788012928
527,2010201,412815.0,3392400.0,7,200,3,0,2585.0,16.2,493,0,5,412795,3392305,493,0,12,-105.43,500,-20.0,-95.0,97.082439194738,0,-121.88865803962798,-7,3,3,4.1240987870983545
528,2010201,412815.0,3392400.0,7,200,3,0,2585.0,16.2,493,0,5,412745,3392275,492,24,6,-92.18,500,-70.0,-125.0,143.26548781894402,-1,-139.24882633654698,-8,3,3,3.1960991750914296
529,2010201,412815.0,3392400.0,7,200,3,0,2585.0,16.2,493,0,5,412740,3392280,491,0,6,-93.42,500,-75.0,-120.0,141.50971698084905,-2,-142.00538320808352,-9,3,3,3.639102914803162
530,2010201,412815.0,3392400.0,7,200,3,0,2585.0,16.2,493,0,5,412730,3392250,492,0,5,-92.5,500,-85.0,-150.0,172.40939649566667,-1,-139.5387822595581,-8,3,3,2.656686380778644
531,2010201,412815.0,3392400.0,7,200,3,0,2585.0,16.2,493,0,5,412700,3392240,491,0,5,-89.75,500,-115.0,-160.0,197.0406049523803,-2,-145.7066914006029,-9,3,3,2.615216584712022
532,2010201,412815.0,3392400.0,7,200,3,0,2585.0,16.2,493,0,5,412765,3392295,491,24,5,-87.38,500,-50.0,-105.0,116.29703349613007,-2,-135.46334506187162,-9,3,3,4.425188379683837
533,2010201,412815.0,3392400.0,7,200,3,0,2585.0,16.2,493,0,5,412790,3392310,492,24,12,-91.8,500,-25.0,-90.0,93.40770846134703,-1,-125.52411099675426,-8,3,3,4.895210554162297
534,2010201,412815.0,3392400.0,7,200,3,0,2585.0,16.2,493,0,5,412845,3392500,492,24,5,-93.4,500,30.0,100.0,104.4030650891055,-1,53.300755766006375,-8,3,3,4.381789698842649
535,2010201,412815.0,3392400.0,7,200,3,0,2585.0,16.2,493,0,5,412835,3392550,492,0,5,-101.36,500,20.0,150.0,151.32745950421557,-1,62.40535663140855,-8,3,3,3.026152321343432
536,2010201,412815.0,3392400.0,7,200,3,0,2585.0,16.2,493,0,5,412825,3392560,492,0,5,-95.33,500,10.0,160.0,160.31219541881399,-1,66.42366562500263,-8,3,3,2.8568401600075557
537,2010201,412815.0,3392400.0,7,200,3,0,2585.0,16.2,493,0,5,412830,3392545,492,0,5,-95.0,500,15.0,145.0,145.7737973711325,-1,64.0938588862295,-8,3,3,3.1412154335691485
538,2010201,412815.0,3392400.0,7,200,3,0,2585.0,16.2,493,0,5,412840,3392495,492,0,12,-94.71,500,25.0,95.0,98.2344135219425,-1,55.256437163529256,-8,3,3,4.655771017499564
539,2010201,412815.0,3392400.0,7,200,3,0,2585.0,16.2,493,0,5,412710,3392295,489,0,6,-97.67,500,-105.0,-105.0,148.49242404917499,-4,-155.0,-11,3,3,4.236610149193073
540,2010201,412815.0,3392400.0,7,200,3,0,2585.0,16.2,493,0,5,412685,3392310,488,0,6,-98.88,500,-130.0,-90.0,158.11388300841898,-5,-165.30484646876604,-12,3,3,4.340123649491708
541,2010201,412815.0,3392400.0,7,200,3,0,2585.0,16.2,493,0,5,412655,3392280,489,0,2,-91.4,500,-160.0,-120.0,200.0,-4,-163.13010235415598,-11,3,3,3.148096099562759
542,2010201,412815.0,3392400.0,7,200,3,0,2585.0,16.2,493,0,5,412695,3392320,489,0,2,-95.7,500,-120.0,-80.0,144.22205101855957,-4,-166.30993247402023,-11,3,3,4.361577802593993
543,2010201,412815.0,3392400.0,7,200,3,0,2585.0,16.2,493,0,5,412645,3392270,490,0,2,-92.13,500,-170.0,-130.0,214.00934559032697,-3,-162.59464336859145,-10,3,3,2.6753099923655235
544,2010201,412815.0,3392400.0,7,200,3,0,2585.0,16.2,493,0,5,412715,3392300,489,0,5,-94.6,500,-100.0,-100.0,141.4213562373095,-4,-155.0,-11,3,3,4.44761084131792
545,2010201,412815.0,3392400.0,7,200,3,0,2585.0,16.2,493,0,5,412650,3392275,489,0,2,-92.5,500,-165.0,-125.0,207.0024154448445,-4,-162.8533133019782,-11,3,3,3.04180672899366
546,2010201,412815.0,3392400.0,7,200,3,0,2585.0,16.2,493,0,5,412670,3392255,489,0,5,-95.2,500,-145.0,-145.0,205.0609665440988,-4,-155.0,-11,3,3,3.070550690334559
547,2010201,412815.0,3392400.0,7,200,3,0,2585.0,16.2,493,0,5,412675,3392260,489,0,5,-91.0,500,-140.0,-140.0,197.9898987322333,-4,-155.0,-11,3,3,3.17999201901045
548,2010201,412815.0,3392400.0,7,200,3,0,2585.0,16.2,493,0,5,412660,3392245,490,0,2,-91.8,500,-155.0,-155.0,219.20310216782974,-3,-155.0,-10,3,3,2.6120105588536027
549,2010201,412815.0,3392400.0,7,200,3,0,2585.0,16.2,493,0,5,412680,3392305,488,0,6,-92.71,500,-135.0,-95.0,165.07574019219177,-5,-164.86580694308435,-12,3,3,4.1577404575947865
550,2010201,412815.0,3392400.0,7,200,3,0,2585.0,16.2,493,0,5,412640,3392265,490,0,2,-94.63,500,-175.0,-135.0,221.02036105300343,-3,-162.35237935989238,-10,3,3,2.5905636379704498
551,2010201,412815.0,3392400.0,7,200,3,0,2585.0,16.2,493,0,5,412690,3392315,489,0,2,-90.71,500,-125.0,-85.0,151.16216457830973,-4,-165.7842978675626,-11,3,3,4.162050835322316
552,2010201,412815.0,3392400.0,7,200,3,0,2585.0,16.2,493,0,5,412795,3392435,493,0,5,-64.5,500,-20.0,35.0,40.311288741492746,0,99.74488129694225,-7,3,3,9.851101187140927
553,2010201,412815.0,3392400.0,7,200,3,0,2585.0,16.2,493,0,5,412760,3392410,492,0,2,-74.6,500,-55.0,10.0,55.90169943749474,-1,149.69515353123398,-8,3,3,8.144207136149896
554,2010201,412815.0,3392400.0,7,200,3,0,2585.0,16.2,493,0,5,412750,3392480,493,0,5,-90.57,500,-65.0,80.0,103.07764064044152,0,109.0938588862295,-7,3,3,3.884990061875219
555,2010201,412815.0,3392400.0,7,200,3,0,2585.0,16.2,493,0,5,412710,3392360,489,0,2,-82.45,500,-105.0,-40.0,112.36102527122117,-4,-179.14554196042167,-11,3,3,5.591365774814198
556,2010201,412815.0,3392400.0,7,200,3,0,2585.0,16.2,493,0,5,412755,3392475,493,0,5,-89.25,500,-60.0,75.0,96.04686356149273,0,108.65980825409008,-7,3,3,4.168408843497471
557,2010201,412815.0,3392400.0,7,200,3,0,2585.0,16.2,493,0,5,412655,3392375,489,0,5,-93.75,500,-160.0,-25.0,161.94134740701648,-4,-191.11934084947978,-11,3,3,3.8858941618762284
558,2010201,412815.0,3392400.0,7,200,3,0,2585.0,16.2,493,0,5,412745,3392465,493,0,5,-89.65,500,-70.0,65.0,95.524865872714,0,117.12109639666141,-7,3,3,4.191106255980144
559,2010201,412815.0,3392400.0,7,200,3,0,2585.0,16.2,493,0,5,412685,3392325,488,0,2,-93.58,500,-130.0,-75.0,150.08331019803634,-5,-170.01836063115067,-12,3,3,4.571393072334779
560,2010201,412815.0,3392400.0,7,200,3,0,2585.0,16.2,493,0,5,412730,3392460,493,0,5,-87.44,500,-85.0,60.0,104.04326023342406,0,124.78240703180728,-7,3,3,3.8490425772516796
561,2010201,412815.0,3392400.0,7,200,3,0,2585.0,16.2,493,0,5,412740,3392470,493,0,5,-91.53,500,-75.0,70.0,102.59142264341595,0,116.97493401088195,-7,3,3,3.9033456564820304
562,2010201,412815.0,3392400.0,7,200,3,0,2585.0,16.2,493,0,5,412700,3392350,489,0,2,-86.62,500,-115.0,-50.0,125.39936203984452,-4,-176.50143432404792,-11,3,3,5.013139128924395
563,2010201,412815.0,3392400.0,7,200,3,0,2585.0,16.2,493,0,5,412715,3392355,489,0,2,-84.25,500,-100.0,-45.0,109.65856099730654,-4,-175.77225468204585,-11,3,3,5.728255892432204
564,2010201,412815.0,3392400.0,7,200,3,0,2585.0,16.2,493,0,5,412695,3392335,489,0,2,-91.11,500,-120.0,-65.0,136.4734406395618,-4,-171.55707137563664,-11,3,3,4.608178872372693
565,2010201,412815.0,3392400.0,7,200,3,0,2585.0,16.2,493,0,5,412735,3392455,493,0,5,-87.8,500,-80.0,55.0,97.082439194738,0,125.49147701233159,-7,3,3,4.1240987870983545
566,2010201,412815.0,3392400.0,7,200,3,0,2585.0,16.2,493,0,5,412690,3392340,489,0,2,-90.24,500,-125.0,-60.0,138.6542462386205,-4,-174.3589941756947,-11,3,3,4.536004587760297
567,2010201,412815.0,3392400.0,7,200,3,0,2585.0,16.2,493,0,5,412680,3392330,488,0,2,-92.91,500,-135.0,-70.0,152.0690632574555,-5,-172.5924245621816,-12,3,3,4.511946864480255
568,2010201,412815.0,3392400.0,7,200,3,0,2585.0,16.2,493,0,5,412705,3392345,489,0,2,-86.0,500,-110.0,-55.0,122.98373876248843,-4,-173.434948822922,-11,3,3,5.111089695288715
569,2010201,412815.0,3392400.0,7,200,3,0,2585.0,16.2,493,0,5,412765,3392405,492,0,2,-85.5,500,-50.0,5.0,50.24937810560445,-1,154.28940686250036,-8,3,3,9.04591136276987
570,2010201,412815.0,3392400.0,7,200,3,0,2585.0,16.2,493,0,5,412725,3392445,492,0,5,-87.85,500,-90.0,45.0,100.62305898749054,-1,133.43494882292202,-8,3,3,4.545718558663352
571,2010201,412815.0,3392400.0,7,200,3,0,2585.0,16.2,493,0,5,412670,3392400,489,33,5,-103.33,500,-145.0,0.0,145.0,-4,160.0,-11,3,3,4.338266791428195
572,2010201,412815.0,3392400.0,7,200,3,0,2585.0,16.2,493,0,5,412720,3392450,492,0,6,-90.47,500,-95.0,50.0,107.35455276791944,-1,132.24145939893998,-8,3,3,4.261771690173538
573,2010201,412815.0,3392400.0,7,200,3,0,2585.0,16.2,493,0,5,412790,3392440,493,0,5,-75.5,500,-25.0,40.0,47.16990566028302,0,102.00538320808352,-7,3,3,8.441072007879388
574,2010201,412815.0,3392400.0,7,200,3,0,2585.0,16.2,493,0,5,412780,3392430,493,0,2,-84.5,500,-35.0,30.0,46.09772228646444,0,119.39870535499551,-7,3,3,8.634476058451307
575,2010201,412815.0,3392400.0,7,200,3,0,2585.0,16.2,493,0,5,412675,3392395,489,33,6,-82.5,500,-140.0,-5.0,140.089257261219,-4,-197.9545915111128,-11,3,3,4.489730758084142
576,2010201,412815.0,3392400.0,7,200,3,0,2585.0,16.2,493,0,5,412730,3392260,492,0,6,-93.33,500,-85.0,-140.0,163.783393541592,-1,-141.26373169437744,-8,3,3,2.7963899058134154
577,2010201,412815.0,3392400.0,7,200,3,0,2585.0,16.2,493,0,5,412765,3392285,492,24,12,-90.75,500,-50.0,-115.0,125.39936203984452,-1,-133.4985656759521,-8,3,3,3.6503049128335014
578,2010201,412815.0,3392400.0,7,200,3,0,2585.0,16.2,493,0,5,412770,3392300,492,24,5,-89.53,500,-45.0,-100.0,109.65856099730654,-1,-134.22774531795417,-8,3,3,4.172548314425359
579,2010201,412815.0,3392400.0,7,200,3,0,2585.0,16.2,493,0,5,412785,3392305,492,24,12,-85.33,500,-30.0,-95.0,99.62429422585637,-1,-127.52556837372288,-8,3,3,4.591096949187676
580,2010201,412815.0,3392400.0,7,200,3,0,2585.0,16.2,493,0,5,412760,3392290,491,24,5,-87.5,500,-55.0,-110.0,122.98373876248843,-2,-136.56505117707798,-9,3,3,4.185467499565042
581,2010201,412815.0,3392400.0,7,200,3,0,2585.0,16.2,493,0,5,412790,3392320,492,24,12,-81.88,500,-25.0,-80.0,83.81527307120105,-1,-127.35402463626133,-8,3,3,5.452250222178415
582,2010201,412815.0,3392400.0,7,200,3,0,2585.0,16.2,493,0,5,412710,3392240,492,0,6,-89.0,500,-105.0,-160.0,191.3765920900464,-1,-143.27488798483492,-8,3,3,2.3937072004181235
583,2010201,412815.0,3392400.0,7,200,3,0,2585.0,16.2,493,0,5,412720,3392250,492,0,6,-90.0,500,-95.0,-150.0,177.55280904564702,-1,-142.34744349944202,-8,3,3,2.5798320741590426
584,2010201,412815.0,3392400.0,7,200,3,0,2585.0,16.2,493,0,5,412775,3392295,492,24,12,-96.86,500,-40.0,-105.0,112.36102527122117,-1,-130.85445803957833,-8,3,3,4.0725335966362755
585,2010201,412815.0,3392400.0,7,200,3,0,2585.0,16.2,493,0,5,412740,3392270,492,24,6,-91.0,500,-75.0,-130.0,150.08331019803634,-1,-139.98163936884936,-8,3,3,3.0511910839788956
586,2010201,412815.0,3392400.0,7,200,3,0,2585.0,16.2,493,0,5,412795,3392315,493,24,12,-97.33,500,-20.0,-85.0,87.32124598286491,0,-123.2405199151872,-7,3,3,4.583244614887839
587,2010201,412815.0,3392400.0,7,200,3,0,2585.0,16.2,493,0,5,412780,3392310,492,24,12,-90.75,500,-35.0,-90.0,96.56603957913983,-1,-131.25050550713325,-8,3,3,4.735846108329014
588,2010201,412815.0,3392400.0,7,200,3,0,2585.0,16.2,493,0,5,412750,3392280,492,24,5,-90.67,500,-65.0,-120.0,136.4734406395618,-1,-138.44292862436333,-8,3,3,3.354808779790235
589,2010201,412815.0,3392400.0,7,200,3,0,2585.0,16.2,493,0,5,412720,3392325,490,0,5,-88.4,500,-95.0,-75.0,121.03718436910205,-3,-161.70983680775691,-10,3,3,4.723006844495263
590,2010201,412815.0,3392400.0,7,200,3,0,2585.0,16.2,493,0,5,412725,3392330,490,0,5,-93.33,500,-90.0,-70.0,114.0175425099138,-3,-162.12501634890182,-10,3,3,5.012346376969023
591,2010201,412815.0,3392400.0,7,200,3,0,2585.0,16.2,493,0,5,412675,3392440,491,0,12,-93.5,500,-140.0,40.0,145.60219778561037,-2,144.0546040990771,-9,3,3,3.5370810711519667
592,2010201,412815.0,3392400.0,7,200,3,0,2585.0,16.2,493,0,5,412750,3392355,491,0,5,-100.0,500,-65.0,-45.0,79.05694150420949,-2,-165.30484646876604,-9,3,3,6.494705075466956
593,2010201,412815.0,3392400.0,7,200,3,0,2585.0,16.2,493,0,5,412770,3392375,492,0,5,-83.33,500,-45.0,-25.0,51.478150704935004,-1,-170.94539590092285,-8,3,3,8.833433256834843
594,2010201,412815.0,3392400.0,7,200,3,0,2585.0,16.2,493,0,5,412730,3392335,490,0,5,-86.5,500,-85.0,-65.0,107.00467279516349,-3,-162.59464336859145,-10,3,3,5.339004991588444
595,2010201,412815.0,3392400.0,7,200,3,0,2585.0,16.2,493,0,5,412715,3392480,494,21,5,-98.0,500,-100.0,80.0,128.06248474865697,1,121.34019174590992,-6,3,3,2.682467594528594
596,2010201,412815.0,3392400.0,7,200,3,0,2585.0,16.2,493,0,5,412760,3392365,491,0,5,-77.0,500,-55.0,-35.0,65.19202405202648,-2,-167.52880770915152,-9,3,3,7.860210075750999
597,2010201,412815.0,3392400.0,7,200,3,0,2585.0,16.2,493,0,5,412705,3392470,493,0,5,-101.87,500,-110.0,70.0,130.38404810405297,0,127.52880770915152,-7,3,3,3.0731196435532833
598,2010201,412815.0,3392400.0,7,200,3,0,2585.0,16.2,493,0,5,412695,3392460,493,0,5,-103.0,500,-120.0,60.0,134.16407864998737,0,133.43494882292202,-7,3,3,2.9866944982076427
599,2010201,412815.0,3392400.0,7,200,3,0,2585.0,16.2,493,0,5,412640,3392405,491,21,5,-102.0,500,-175.0,5.0,175.07141400011596,-2,158.36342295838324,-9,3,3,2.9428475450233624
600,2010201,412815.0,3392400.0,7,200,3,0,2585.0,16.2,493,0,5,412700,3392465,493,33,5,-103.89,500,-115.0,65.0,132.09844813622905,0,130.52411099675425,-7,3,3,3.0333110528909666
601,2010201,412815.0,3392400.0,7,200,3,0,2585.0,16.2,493,0,5,412690,3392455,492,0,5,-100.2,500,-125.0,55.0,136.56500283747664,-1,136.25050550713325,-8,3,3,3.35256462667881
602,2010201,412815.0,3392400.0,7,200,3,0,2585.0,16.2,493,0,5,412785,3392390,492,0,5,-81.57,500,-30.0,-10.0,31.622776601683793,-1,-181.565051177078,-8,3,3,14.196947417484148
603,2010201,412815.0,3392400.0,7,200,3,0,2585.0,16.2,493,0,5,412790,3392395,493,0,5,-76.57,500,-25.0,-5.0,25.495097567963924,0,-188.6900675259798,-7,3,3,15.35294889462336
604,2010201,412815.0,3392400.0,7,200,3,0,2585.0,16.2,493,0,5,412795,3392400,493,0,5,-56.67,500,-20.0,0.0,20.0,0,160.0,-7,3,3,19.290046219188735
605,2010201,412815.0,3392400.0,7,200,3,0,2585.0,16.2,493,0,5,412735,3392340,490,0,5,-88.5,500,-80.0,-60.0,100.0,-3,-163.13010235415598,-10,3,3,5.710593137499642
606,2010201,412815.0,3392400.0,7,200,3,0,2585.0,16.2,493,0,5,412710,3392475,493,21,5,-101.55,500,-105.0,75.0,129.0348790056394,0,124.46232220802563,-7,3,3,3.1051891586176614
607,2010201,412815.0,3392400.0,7,200,3,0,2585.0,16.2,493,0,5,412775,3392380,492,0,5,-68.5,500,-40.0,-20.0,44.721359549995796,-1,-173.434948822922,-8,3,3,10.142106156573982
608,2010201,412815.0,3392400.0,7,200,3,0,2585.0,16.2,493,0,5,412820,3392570,492,0,2,-106.0,500,5.0,170.0,170.07351351694948,-1,68.31531568210369,-8,3,3,2.6931214124483893
609,2010201,412815.0,3392400.0,7,200,3,0,2585.0,16.2,493,0,5,412825,3392565,492,0,5,-90.5,500,10.0,165.0,165.3027525481654,-1,66.53177074108282,-8,3,3,2.770727484840054
610,2010201,412815.0,3392400.0,7,200,3,0,2585.0,16.2,493,0,5,412830,3392580,491,0,5,-98.0,500,15.0,180.0,180.62391868188442,-2,65.23635830927384,-9,3,3,2.8525341449704427
611,2010201,412815.0,3392400.0,7,200,3,0,2585.0,16.2,493,0,5,412835,3392575,491,0,5,-96.75,500,20.0,175.0,176.13914953808538,-2,63.480198248343015,-9,3,3,2.925039410958328
612,2010201,412815.0,3392400.0,7,200,3,0,2585.0,16.2,493,0,5,412620,3392250,491,0,5,-93.4,500,-195.0,-150.0,246.01829200285087,-2,-162.43140797117252,-9,3,3,2.0950969168084326
613,2010201,412815.0,3392400.0,7,200,3,0,2585.0,16.2,493,0,5,412630,3392260,490,0,5,-98.0,500,-185.0,-140.0,232.0021551624036,-3,-162.8831393167297,-10,3,3,2.4680950148290326
614,2010201,412815.0,3392400.0,7,200,3,0,2585.0,16.2,493,0,5,412635,3392255,490,0,2,-91.67,500,-180.0,-145.0,231.1384866265244,-3,-161.14662565964667,-10,3,3,2.4773057928847897
615,2010201,412815.0,3392400.0,7,200,3,0,2585.0,16.2,493,0,5,412695,3392565,498,0,5,-97.0,500,-120.0,165.0,204.02205763103166,5,106.0273733851036,-2,3,3,0.5616446082733275
616,2010201,412815.0,3392400.0,7,200,3,0,2585.0,16.2,493,0,5,412720,3392540,496,21,5,-90.0,500,-95.0,140.0,169.1892431568863,3,104.15969454566942,-4,3,3,1.35434397191562
617,2010201,412815.0,3392400.0,7,200,3,0,2585.0,16.2,493,0,5,412775,3392485,493,0,2,-82.5,500,-40.0,85.0,93.94147114027967,0,95.20112364547509,-7,3,3,4.261489762127916
618,2010201,412815.0,3392400.0,7,200,3,0,2585.0,16.2,493,0,5,412745,3392555,496,0,6,-96.83,500,-70.0,155.0,170.07351351694948,3,94.30454926593671,-4,3,3,1.3473048767346574
619,2010201,412815.0,3392400.0,7,200,3,0,2585.0,16.2,493,0,5,412635,3392345,490,0,5,-101.5,500,-180.0,-55.0,188.2153022471871,-3,-183.00917670801385,-10,3,3,3.0413020198042204
620,2010201,412815.0,3392400.0,7,200,3,0,2585.0,16.2,493,0,5,412750,3392550,495,0,6,-97.33,500,-65.0,150.0,163.47782724271815,2,93.42869280874538,-5,3,3,1.7518560360910147
621,2010201,412815.0,3392400.0,7,200,3,0,2585.0,16.2,493,0,5,412740,3392560,496,0,6,-95.25,500,-75.0,160.0,176.70597047072292,3,95.11483488614454,-4,3,3,1.2967529293863516
622,2010201,412815.0,3392400.0,7,200,3,0,2585.0,16.2,493,0,5,412755,3392545,495,0,5,-97.83,500,-60.0,145.0,156.92354826475216,2,92.47943439710309,-5,3,3,1.8249779116650708
623,2010201,412815.0,3392400.0,7,200,3,0,2585.0,16.2,493,0,5,412610,3392330,492,0,5,-96.0,500,-205.0,-70.0,216.6217902243447,-1,-181.1468412355809,-8,3,3,2.1150135482777648
624,2010201,412815.0,3392400.0,7,200,3,0,2585.0,16.2,493,0,5,412760,3392500,494,0,5,-89.58,500,-55.0,100.0,114.12712210513327,1,98.81079374297303,-6,3,3,3.0094378404683764
625,2010201,412815.0,3392400.0,7,200,3,0,2585.0,16.2,493,0,5,412770,3392490,493,0,2,-89.2,500,-45.0,90.0,100.62305898749054,0,96.56505117707798,-7,3,3,3.979458968092904
626,2010201,412815.0,3392400.0,7,200,3,0,2585.0,16.2,493,0,5,412735,3392525,495,0,6,-95.8,500,-80.0,125.0,148.4082207965583,2,102.61924307119284,-5,3,3,1.929613994604333
627,2010201,412815.0,3392400.0,7,200,3,0,2585.0,16.2,493,0,5,412785,3392515,493,0,2,-90.5,500,-30.0,115.0,118.84864324004712,0,84.62087398863167,-7,3,3,3.370738057292884
628,2010201,412815.0,3392400.0,7,200,3,0,2585.0,16.2,493,0,5,412730,3392530,495,0,5,-95.0,500,-85.0,130.0,155.32224567009067,2,103.17851165939277,-5,3,3,1.8437796940832718
629,2010201,412815.0,3392400.0,7,200,3,0,2585.0,16.2,493,0,5,412780,3392520,494,0,2,-93.5,500,-35.0,120.0,125.0,1,86.26020470831196,-6,3,3,2.74808818005375
630,2010201,412815.0,3392400.0,7,200,3,0,2585.0,16.2,493,0,5,412765,3392495,494,0,5,-88.14,500,-50.0,95.0,107.35455276791944,1,97.75854060106002,-6,3,3,3.1989086100107214
631,2010201,412815.0,3392400.0,7,200,3,0,2585.0,16.2,493,0,5,412675,3392295,488,0,2,-96.0,500,-140.0,-105.0,175.0,-5,-163.13010235415598,-12,3,3,3.922712890510474
632,2010201,412815.0,3392400.0,7,200,3,0,2585.0,16.2,493,0,5,412665,3392285,489,0,2,-91.33,500,-150.0,-115.0,189.01058171435798,-4,-162.5238204386386,-11,3,3,3.330731319650187
633,2010201,412815.0,3392400.0,7,200,3,0,2585.0,16.2,493,0,5,412705,3392245,491,0,5,-83.0,500,-110.0,-155.0,190.06577808748213,-2,-145.36246188706906,-9,3,3,2.7110463029485863
634,2010201,412815.0,3392400.0,7,200,3,0,2585.0,16.2,493,0,5,412660,3392290,489,0,2,-91.7,500,-155.0,-110.0,190.06577808748213,-4,-164.63753811293097,-11,3,3,3.3122812410104463
635,2010201,412815.0,3392400.0,7,200,3,0,2585.0,16.2,493,0,5,412670,3392300,488,0,6,-92.22,500,-145.0,-100.0,176.13914953808538,-5,-165.40771131249005,-12,3,3,3.897421861160809
636,2010201,412815.0,3392400.0,7,200,3,0,2585.0,16.2,493,0,5,412655,3392315,489,0,6,-96.78,500,-160.0,-85.0,181.1767093199344,-4,-172.02052561151984,-11,3,3,3.4744028006129404
637,2010201,412815.0,3392400.0,7,200,3,0,2585.0,16.2,493,0,5,412645,3392305,490,0,5,-97.75,500,-170.0,-95.0,194.74342094150447,-3,-170.80251395393555,-10,3,3,2.939534486434341
638,2010201,412815.0,3392400.0,7,200,3,0,2585.0,16.2,493,0,5,412650,3392320,489,0,6,-96.2,500,-165.0,-80.0,183.3712082089225,-4,-174.13364320590549,-11,3,3,3.4329228507599177
639,2010201,412815.0,3392400.0,7,200,3,0,2585.0,16.2,493,0,5,412715,3392255,491,0,5,-93.0,500,-100.0,-145.0,176.13914953808538,-2,-144.59228868750995,-9,3,3,2.925039410958328
640,2010201,412815.0,3392400.0,7,200,3,0,2585.0,16.2,493,0,5,412700,3392485,494,21,5,-90.0,500,-115.0,85.0,143.0034964607509,1,123.53076560994816,-6,3,3,2.402550793597796
641,2010201,412815.0,3392400.0,7,200,3,0,2585.0,16.2,493,0,5,412705,3392490,494,21,5,-98.33,500,-110.0,90.0,142.12670403551894,1,120.7105931374997,-6,3,3,2.417354816806311
642,2010201,412815.0,3392400.0,7,200,3,0,2585.0,16.2,493,0,5,412765,3392590,495,0,5,-96.31,500,-50.0,190.0,196.468827043885,2,84.74356283647074,-5,3,3,1.4578245216917733
643,2010201,412815.0,3392400.0,7,200,3,0,2585.0,16.2,493,0,5,412755,3392620,495,0,6,-97.8,500,-60.0,220.0,228.0350850198276,2,85.2551187030578,-5,3,3,1.2560918013976419
644,2010201,412815.0,3392400.0,7,200,3,0,2585.0,16.2,493,0,5,412760,3392585,495,0,5,-95.96,500,-55.0,185.0,193.00259065618783,2,86.55707137563667,-5,3,3,1.4839947647758776
645,2010201,412815.0,3392400.0,7,200,3,0,2585.0,16.2,493,0,5,412770,3392595,494,0,5,-96.2,500,-45.0,195.0,200.124960961895,1,82.99461679191648,-6,3,3,1.7172856763842417
646,2010201,412815.0,3392400.0,7,200,3,0,2585.0,16.2,493,0,5,412745,3392610,495,0,5,-97.5,500,-70.0,210.0,221.35943621178654,2,88.43494882292202,-5,3,3,1.293959708587034
647,2010201,412815.0,3392400.0,7,200,3,0,2585.0,16.2,493,0,5,412750,3392615,495,0,6,-103.0,500,-65.0,215.0,224.61077445216202,2,86.82140989004085,-5,3,3,1.2752353119793987
648,2010201,412815.0,3392400.0,7,200,3,0,2585.0,16.2,493,0,5,412710,3392495,494,21,5,-96.2,500,-105.0,95.0,141.59802258506295,1,117.86240522611172,-6,3,3,2.4263696748616126
649,2010201,412815.0,3392400.0,7,200,3,0,2585.0,16.2,493,0,5,412775,3392600,494,0,5,-94.67,500,-40.0,200.0,203.9607805437114,1,81.30993247402023,-6,3,3,1.6850080777697345
650,2010201,412815.0,3392400.0,7,200,3,0,2585.0,16.2,493,0,5,412780,3392565,494,0,2,-95.5,500,-35.0,165.0,168.67127793433,1,81.97613244420336,-6,3,3,2.0372750456110116
651,2010201,412815.0,3392400.0,7,200,3,0,2585.0,16.2,493,0,5,412845,3392305,495,21,5,-103.67,500,30.0,-95.0,99.62429422585637,2,-92.47443162627712,-5,3,3,2.873181950548265
652,2010201,412815.0,3392400.0,7,200,3,0,2585.0,16.2,493,0,5,412815,3392275,494,21,5,-114.33,500,0.0,-125.0,125.0,1,-110.0,-6,3,3,2.74808818005375
653,2010201,412815.0,3392400.0,7,200,3,0,2585.0,16.2,493,0,5,412810,3392280,494,21,5,-100.67,500,-5.0,-120.0,120.10412149464314,1,-112.38594403038883,-6,3,3,2.859927851532758
654,2010201,412815.0,3392400.0,7,200,3,0,2585.0,16.2,493,0,5,412840,3392310,495,21,12,-102.33,500,25.0,-90.0,93.40770846134703,2,-94.47588900324574,-5,3,3,3.064048491401803
655,2010201,412815.0,3392400.0,7,200,3,0,2585.0,16.2,493,0,5,412685,3392460,493,0,12,-111.5,500,-130.0,60.0,143.17821063276352,0,135.22485943116806,-7,3,3,2.7989689230842734
656,2010201,412815.0,3392400.0,7,200,3,0,2585.0,16.2,493,0,5,412740,3392355,490,0,2,-89.0,500,-75.0,-45.0,87.46427842267951,-3,-169.03624346792648,-10,3,3,6.522441584995145
657,2010201,412815.0,3392400.0,7,200,3,0,2585.0,16.2,493,0,5,412780,3392395,492,0,5,-83.23,500,-35.0,-5.0,35.35533905932738,-1,-191.86989764584402,-8,3,3,12.749851295121235
658,2010201,412815.0,3392400.0,7,200,3,0,2585.0,16.2,493,0,5,412745,3392360,491,0,2,-83.75,500,-70.0,-40.0,80.62257748298549,-2,-170.25511870305778,-9,3,3,6.369629019656469
659,2010201,412815.0,3392400.0,7,200,3,0,2585.0,16.2,493,0,5,412765,3392380,491,0,5,-91.07,500,-50.0,-20.0,53.85164807134504,-2,-178.19859051364818,-9,3,3,9.487915962157532
660,2010201,412815.0,3392400.0,7,200,3,0,2585.0,16.2,493,0,5,412770,3392365,492,0,12,-68.0,500,-45.0,-35.0,57.0087712549569,-1,-162.12501634890182,-8,3,3,7.9881134127929805
661,2010201,412815.0,3392400.0,7,200,3,0,2585.0,16.2,493,0,5,412710,3392465,493,0,5,-103.68,500,-105.0,65.0,123.4908903522847,0,128.24051991518718,-7,3,3,3.2443018257546146
662,2010201,412815.0,3392400.0,7,200,3,0,2585.0,16.2,493,0,5,412790,3392385,492,0,12,-64.2,500,-25.0,-15.0,29.154759474226502,-1,-169.03624346792648,-8,3,3,15.344165268263534
663,2010201,412815.0,3392400.0,7,200,3,0,2585.0,16.2,493,0,5,412705,3392480,494,21,5,-98.57,500,-110.0,80.0,136.01470508735443,1,123.9726266148964,-6,3,3,2.5258441568614822
664,2010201,412815.0,3392400.0,7,200,3,0,2585.0,16.2,493,0,5,412720,3392335,490,0,2,-87.4,500,-95.0,-65.0,115.10864433221339,-3,-165.61965527615513,-10,3,3,4.96507353827371
665,2010201,412815.0,3392400.0,7,200,3,0,2585.0,16.2,493,0,5,412735,3392330,490,0,5,-89.86,500,-80.0,-70.0,106.30145812734649,-3,-158.81407483429035,-10,3,3,5.374117929017665
666,2010201,412815.0,3392400.0,7,200,3,0,2585.0,16.2,493,0,5,412700,3392475,493,21,5,-100.29,500,-115.0,75.0,137.2953021774598,0,126.88865803962801,-7,3,3,2.918697637758104
667,2010201,412815.0,3392400.0,7,200,3,0,2585.0,16.2,493,0,5,412785,3392400,492,0,5,-88.83,500,-30.0,0.0,30.0,-1,160.0,-8,3,3,14.931417178137554
668,2010201,412815.0,3392400.0,7,200,3,0,2585.0,16.2,493,0,5,412715,3392470,493,0,6,-99.33,500,-100.0,70.0,122.06555615733703,0,125.00797980144137,-7,3,3,3.2821025233839904
669,2010201,412815.0,3392400.0,7,200,3,0,2585.0,16.2,493,0,5,412795,3392390,493,0,5,-60.89,500,-20.0,-10.0,22.360679774997898,0,-173.434948822922,-7,3,3,17.382703987116223
670,2010201,412815.0,3392400.0,7,200,3,0,2585.0,16.2,493,0,5,412725,3392340,490,0,2,-82.63,500,-90.0,-60.0,108.16653826391968,-3,-166.30993247402023,-10,3,3,5.281982452343407
671,2010201,412815.0,3392400.0,7,200,3,0,2585.0,16.2,493,0,5,412760,3392375,491,0,2,-79.0,500,-55.0,-25.0,60.41522986797286,-2,-175.55604521958347,-9,3,3,8.472988173639854
672,2010201,412815.0,3392400.0,7,200,3,0,2585.0,16.2,493,0,5,412695,3392450,492,33,5,-102.0,500,-120.0,50.0,130.0,-1,137.38013505195954,-8,3,3,3.521453376922238
673,2010201,412815.0,3392400.0,7,200,3,0,2585.0,16.2,493,0,5,412695,3392310,489,0,2,-88.83,500,-120.0,-90.0,150.0,-4,-163.13010235415598,-11,3,3,4.194182788390857
674,2010201,412815.0,3392400.0,7,200,3,0,2585.0,16.2,493,0,5,412715,3392290,490,0,6,-93.25,500,-100.0,-110.0,148.66068747318505,-3,-152.27368900609375,-10,3,3,3.8483337712111756
675,2010201,412815.0,3392400.0,7,200,3,0,2585.0,16.2,493,0,5,412690,3392305,489,0,6,-95.0,500,-125.0,-95.0,157.00318468107582,-4,-162.76516601842533,-11,3,3,4.007723512250517
676,2010201,412815.0,3392400.0,7,200,3,0,2585.0,16.2,493,0,5,412675,3392250,489,0,6,-93.5,500,-140.0,-150.0,205.1828452868319,-4,-153.02506598911802,-11,3,3,3.068730268333055
677,2010201,412815.0,3392400.0,7,200,3,0,2585.0,16.2,493,0,5,412680,3392315,488,0,6,-95.27,500,-135.0,-85.0,159.53056133543816,-5,-167.80426606528675,-12,3,3,4.301727392122772
678,2010201,412815.0,3392400.0,7,200,3,0,2585.0,16.2,493,0,5,412640,3392275,490,0,5,-92.4,500,-175.0,-125.0,215.05813167606567,-3,-164.46232220802563,-10,3,3,2.6622819746312953
679,2010201,412815.0,3392400.0,7,200,3,0,2585.0,16.2,493,0,5,412645,3392280,490,0,2,-94.1,500,-170.0,-120.0,208.08652046684813,-3,-164.78240703180728,-10,3,3,2.75134270098812
680,2010201,412815.0,3392400.0,7,200,3,0,2585.0,16.2,493,0,5,412665,3392260,489,0,2,-92.88,500,-150.0,-140.0,205.1828452868319,-4,-156.97493401088198,-11,3,3,3.068730268333055
681,2010201,412815.0,3392400.0,7,200,3,0,2585.0,16.2,493,0,5,412670,3392245,489,0,6,-93.0,500,-145.0,-155.0,212.24985276791125,-4,-153.09084756700364,-11,3,3,2.9667404101829944
682,2010201,412815.0,3392400.0,7,200,3,0,2585.0,16.2,493,0,5,412650,3392265,490,0,2,-93.7,500,-165.0,-135.0,213.19005605327843,-3,-160.71059313749967,-10,3,3,2.6855761873838726
683,2010201,412815.0,3392400.0,7,200,3,0,2585.0,16.2,493,0,5,412655,3392270,489,0,2,-90.55,500,-160.0,-130.0,206.15528128088303,-4,-160.9061411137705,-11,3,3,3.0542825165238194
684,2010201,412815.0,3392400.0,7,200,3,0,2585.0,16.2,493,0,5,412685,3392320,488,0,2,-93.05,500,-130.0,-80.0,152.64337522473747,-5,-168.39249775375112,-12,3,3,4.495040624296243
685,2010201,412815.0,3392400.0,7,200,3,0,2585.0,16.2,493,0,5,412710,3392285,490,0,6,-94.5,500,-105.0,-115.0,155.72411502397438,-3,-152.3974377975002,-10,3,3,3.674268221706571
686,2010201,412815.0,3392400.0,7,200,3,0,2585.0,16.2,493,0,5,412705,3392300,489,0,6,-90.33,500,-110.0,-100.0,148.66068747318505,-4,-157.72631099390625,-11,3,3,4.231832320221424
687,2010201,412815.0,3392400.0,7,200,3,0,2585.0,16.2,493,0,5,412625,3392235,491,0,2,-94.5,500,-190.0,-165.0,251.6445906432324,-2,-159.02826366648515,-9,3,3,2.048294855439535
688,2010201,412815.0,3392400.0,7,200,3,0,2585.0,16.2,493,0,5,412850,3392550,491,24,12,-102.5,500,35.0,150.0,154.02921800749363,-2,56.86597769360367,-9,3,3,3.3440173070310375
689,2010201,412815.0,3392400.0,7,200,3,0,2585.0,16.2,493,0,5,412840,3392560,491,0,5,-96.5,500,25.0,160.0,161.94134740701648,-2,61.11934084947973,-9,3,3,3.180979439325842
690,2010201,412815.0,3392400.0,7,200,3,0,2585.0,16.2,493,0,5,412835,3392485,493,0,12,-89.53,500,20.0,85.0,87.32124598286491,0,56.75948008481282,-7,3,3,4.583244614887839
691,2010201,412815.0,3392400.0,7,200,3,0,2585.0,16.2,493,0,5,412830,3392490,493,0,12,-89.8,500,15.0,90.0,91.2414379544733,0,60.537677791974374,-7,3,3,4.387111249722437
692,2010201,412815.0,3392400.0,7,200,3,0,2585.0,16.2,493,0,5,412845,3392555,491,24,12,-97.8,500,30.0,155.0,157.87653403846943,-2,59.045937356601655,-9,3,3,3.2627047119565913
693,2010201,412815.0,3392400.0,7,200,3,0,2585.0,16.2,493,0,5,412825,3392495,493,0,12,-91.11,500,10.0,95.0,95.524865872714,0,63.99099404250546,-7,3,3,4.191106255980144
694,2010201,412815.0,3392400.0,7,200,3,0,2585.0,16.2,493,0,5,412815,3392505,493,0,5,-99.0,500,0.0,105.0,105.0,0,70.0,-7,3,3,3.8140748342903543
695,2010201,412815.0,3392400.0,7,200,3,0,2585.0,16.2,493,0,5,412760,3392415,492,0,2,-82.0,500,-55.0,15.0,57.0087712549569,-1,144.74488129694225,-8,3,3,7.9881134127929805
696,2010201,412815.0,3392400.0,7,200,3,0,2585.0,16.2,493,0,5,412650,3392365,489,0,5,-99.2,500,-165.0,-35.0,168.67127793433,-4,-188.02386755579664,-11,3,3,3.731295275487913
697,2010201,412815.0,3392400.0,7,200,3,0,2585.0,16.2,493,0,5,412715,3392350,489,0,2,-84.21,500,-100.0,-50.0,111.80339887498948,-4,-173.434948822922,-11,3,3,5.619075027796313
698,2010201,412815.0,3392400.0,7,200,3,0,2585.0,16.2,493,0,5,412705,3392360,489,0,2,-83.12,500,-110.0,-40.0,117.04699910719626,-4,-180.01689347810003,-11,3,3,5.368850628533446
699,2010201,412815.0,3392400.0,7,200,3,0,2585.0,16.2,493,0,5,412750,3392465,493,0,5,-88.5,500,-65.0,65.0,91.92388155425118,0,115.0,-7,3,3,4.354667049874994
700,2010201,412815.0,3392400.0,7,200,3,0,2585.0,16.2,493,0,5,412720,3392455,493,0,6,-92.24,500,-95.0,55.0,109.77249200050075,0,129.93141717813756,-7,3,3,3.6487113987367685
701,2010201,412815.0,3392400.0,7,200,3,0,2585.0,16.2,493,0,5,412745,3392480,493,0,5,-94.03,500,-70.0,80.0,106.30145812734649,0,111.18592516570965,-7,3,3,3.7675140955309305
702,2010201,412815.0,3392400.0,7,200,3,0,2585.0,16.2,493,0,5,412700,3392355,489,0,2,-85.45,500,-115.0,-45.0,123.4908903522847,-4,-178.6293777306568,-11,3,3,5.090210002741232
703,2010201,412815.0,3392400.0,7,200,3,0,2585.0,16.2,493,0,5,412685,3392340,488,0,5,-90.86,500,-130.0,-60.0,143.17821063276352,-5,-175.22485943116808,-12,3,3,4.790856308572945
704,2010201,412815.0,3392400.0,7,200,3,0,2585.0,16.2,493,0,5,412735,3392450,492,0,5,-88.1,500,-80.0,50.0,94.33981132056604,-1,127.99461679191654,-8,3,3,4.8470761218177945
705,2010201,412815.0,3392400.0,7,200,3,0,2585.0,16.2,493,0,5,412680,3392335,488,0,5,-91.9,500,-135.0,-65.0,149.83324063771698,-5,-174.29004621918875,-12,3,3,4.578990244472199
706,2010201,412815.0,3392400.0,7,200,3,0,2585.0,16.2,493,0,5,412690,3392325,489,0,2,-92.63,500,-125.0,-75.0,145.7737973711325,-4,-169.03624346792648,-11,3,3,4.315325596080143
707,2010201,412815.0,3392400.0,7,200,3,0,2585.0,16.2,493,0,5,412655,3392370,489,0,5,-96.91,500,-160.0,-30.0,162.78820596099706,-4,-189.38034472384487,-11,3,3,3.865740374208761
708,2010201,412815.0,3392400.0,7,200,3,0,2585.0,16.2,493,0,5,412755,3392470,493,0,5,-85.89,500,-60.0,70.0,92.19544457292888,0,110.60129464500449,-7,3,3,4.341889436871616
709,2010201,412815.0,3392400.0,7,200,3,0,2585.0,16.2,493,0,5,412740,3392475,493,0,5,-93.04,500,-75.0,75.0,106.06601717798213,0,115.0,-7,3,3,3.7758529015637263
710,2010201,412815.0,3392400.0,7,200,3,0,2585.0,16.2,493,0,5,412730,3392445,492,0,5,-88.3,500,-85.0,45.0,96.17692030835673,-1,132.10272896905235,-8,3,3,4.754919045602125
711,2010201,412815.0,3392400.0,7,200,3,0,2585.0,16.2,493,0,5,412695,3392330,489,0,2,-92.39,500,-120.0,-70.0,138.92443989449805,-4,-169.74356283647072,-11,3,3,4.527219237497759
712,2010201,412815.0,3392400.0,7,200,3,0,2585.0,16.2,493,0,5,412780,3392435,493,0,2,-86.67,500,-35.0,35.0,49.49747468305833,0,115.0,-7,3,3,8.049466975528397
713,2010201,412815.0,3392400.0,7,200,3,0,2585.0,16.2,493,0,5,412770,3392405,492,0,2,-86.33,500,-45.0,5.0,45.27692569068709,-1,153.65980825409008,-8,3,3,10.020195581850166
714,2010201,412815.0,3392400.0,7,200,3,0,2585.0,16.2,493,0,5,412710,3392345,489,0,2,-87.08,500,-105.0,-55.0,118.53269591129698,-4,-172.35402463626133,-11,3,3,5.301943002181076
715,2010201,412815.0,3392400.0,7,200,3,0,2585.0,16.2,493,0,5,412725,3392460,493,0,6,-90.72,500,-90.0,60.0,108.16653826391968,0,126.30993247402023,-7,3,3,3.7027343836849886
716,2010201,412815.0,3392400.0,7,200,3,0,2585.0,16.2,493,0,5,412765,3392300,491,24,5,-86.31,500,-50.0,-100.0,111.80339887498948,-2,-136.56505117707798,-9,3,3,4.602297438795547
717,2010201,412815.0,3392400.0,7,200,3,0,2585.0,16.2,493,0,5,412740,3392275,491,0,6,-93.0,500,-75.0,-125.0,145.7737973711325,-2,-140.96375653207352,-9,3,3,3.5329279007238
718,2010201,412815.0,3392400.0,7,200,3,0,2585.0,16.2,493,0,5,412745,3392280,491,0,5,-90.64,500,-70.0,-120.0,138.92443989449805,-2,-140.25643716352926,-9,3,3,3.7066367493521275
719,2010201,412815.0,3392400.0,7,200,3,0,2585.0,16.2,493,0,5,412785,3392320,492,24,5,-83.6,500,-30.0,-80.0,85.44003745317531,-1,-130.55604521958347,-8,3,3,5.3491750982856034
720,2010201,412815.0,3392400.0,7,200,3,0,2585.0,16.2,493,0,5,412700,3392235,491,0,5,-93.75,500,-115.0,-165.0,201.12185361118767,-2,-144.87532834460217,-9,3,3,2.562218971781086
721,2010201,412815.0,3392400.0,7,200,3,0,2585.0,16.2,493,0,5,412725,3392260,492,0,6,-90.5,500,-90.0,-140.0,166.43316977093238,-1,-142.73522627210758,-8,3,3,2.751937679235127
722,2010201,412815.0,3392400.0,7,200,3,0,2585.0,16.2,493,0,5,412795,3392310,493,0,12,-104.0,500,-20.0,-90.0,92.19544457292888,0,-122.52880770915151,-7,3,3,4.341889436871616
723,2010201,412815.0,3392400.0,7,200,3,0,2585.0,16.2,493,0,5,412760,3392295,491,24,5,-86.7,500,-55.0,-105.0,118.53269591129698,-2,-137.64597536373867,-9,3,3,4.342046500073624
724,2010201,412815.0,3392400.0,7,200,3,0,2585.0,16.2,493,0,5,412780,3392315,492,24,5,-96.11,500,-35.0,-85.0,91.92388155425118,-1,-132.3801350519596,-8,3,3,4.973835334057814
725,2010201,412815.0,3392400.0,7,200,3,0,2585.0,16.2,493,0,5,412770,3392285,492,24,12,-97.0,500,-45.0,-115.0,123.4908903522847,-1,-131.3706222693432,-8,3,3,3.7065619397762606
726,2010201,412815.0,3392400.0,7,200,3,0,2585.0,16.2,493,0,5,412790,3392305,492,0,12,-89.25,500,-25.0,-95.0,98.2344135219425,-1,-124.74356283647074,-8,3,3,4.655771017499564
727,2010201,412815.0,3392400.0,7,200,3,0,2585.0,16.2,493,0,5,412630,3392305,490,0,6,-96.5,500,-185.0,-95.0,207.9663434308542,-3,-172.8188889145228,-10,3,3,2.7529301679855687
728,2010201,412815.0,3392400.0,7,200,3,0,2585.0,16.2,493,0,5,412855,3392395,495,6,5,-100.5,500,40.0,-5.0,40.311288741492746,2,-27.125016348901795,-5,3,3,7.070555116965825
729,2010201,412815.0,3392400.0,7,200,3,0,2585.0,16.2,493,0,5,412860,3392370,495,0,12,-109.0,500,45.0,-30.0,54.08326913195984,2,-53.69006752597977,-5,3,3,5.281982452343407
730,2010201,412815.0,3392400.0,7,200,3,0,2585.0,16.2,493,0,5,412815,3392355,494,24,5,-84.44,500,0.0,-45.0,45.0,1,-110.0,-6,3,3,7.594643368591445
731,2010201,412815.0,3392400.0,7,200,3,0,2585.0,16.2,493,0,5,412810,3392360,493,24,5,-65.0,500,-5.0,-40.0,40.311288741492746,0,-117.1250163489018,-7,3,3,9.851101187140927
732,2010201,412815.0,3392400.0,7,200,3,0,2585.0,16.2,493,0,5,412800,3392350,493,24,5,-72.5,500,-15.0,-50.0,52.20153254455275,0,-126.69924423399362,-7,3,3,7.6375553612829945
733,2010201,412815.0,3392400.0,7,200,3,0,2585.0,16.2,493,0,5,412805,3392345,493,24,5,-78.67,500,-10.0,-55.0,55.90169943749474,0,-120.30484646876603,-7,3,3,7.137416257938385
734,2010201,412815.0,3392400.0,7,200,3,0,2585.0,16.2,493,0,5,412825,3392325,494,0,12,-103.09,500,10.0,-75.0,75.66372975210778,1,-102.40535663140857,-6,3,3,4.533966392974848
735,2010201,412815.0,3392400.0,7,200,3,0,2585.0,16.2,493,0,5,412835,3392335,494,0,5,-103.92,500,20.0,-65.0,68.00735254367721,1,-92.89727103094764,-6,3,3,5.041908719993159
736,2010201,412815.0,3392400.0,7,200,3,0,2585.0,16.2,493,0,5,412840,3392390,495,0,5,-79.67,500,25.0,-10.0,26.92582403567252,2,-41.801409486351815,-5,3,3,10.519734890658619
737,2010201,412815.0,3392400.0,7,200,3,0,2585.0,16.2,493,0,5,412865,3392365,495,0,12,-93.33,500,50.0,-35.0,61.032778078668514,2,-54.99202019855866,-5,3,3,4.683394442175811
738,2010201,412815.0,3392400.0,7,200,3,0,2585.0,16.2,493,0,5,412830,3392340,494,0,5,-105.6,500,15.0,-60.0,61.84658438426491,1,-95.96375653207353,-6,3,3,5.541166443639222
739,2010201,412815.0,3392400.0,7,200,3,0,2585.0,16.2,493,0,5,412820,3392330,494,0,12,-103.94,500,5.0,-70.0,70.178344238091,1,-105.91438322002513,-6,3,3,4.886702754092818
740,2010201,412815.0,3392400.0,7,200,3,0,2585.0,16.2,493,0,5,412845,3392385,495,6,5,-103.5,500,30.0,-15.0,33.54101966249684,2,-46.565051177077976,-5,3,3,8.47871314708616
741,2010201,412815.0,3392400.0,7,200,3,0,2585.0,16.2,493,0,5,412850,3392400,495,0,5,-107.0,500,35.0,0.0,35.0,2,-20.0,-5,3,3,8.13010235415598
742,2010201,412815.0,3392400.0,7,200,3,0,2585.0,16.2,493,0,5,412640,3392315,490,63,6,-93.0,500,-175.0,-85.0,194.5507645834372,-3,-174.09349200048564,-10,3,3,2.9424402848145452
743,2010201,412815.0,3392400.0,7,200,3,0,2585.0,16.2,493,0,5,412650,3392305,489,0,5,-94.64,500,-165.0,-95.0,190.3943276465977,-4,-170.06848815949223,-11,3,3,3.3065781731005983
744,2010201,412815.0,3392400.0,7,200,3,0,2585.0,16.2,493,0,5,412660,3392295,489,0,2,-95.94,500,-155.0,-105.0,187.21645226849054,-4,-165.88552705465875,-11,3,3,3.362577430719909
745,2010201,412815.0,3392400.0,7,200,3,0,2585.0,16.2,493,0,5,412655,3392310,489,0,6,-94.28,500,-160.0,-90.0,183.5755975068582,-4,-170.64224645720873,-11,3,3,3.4291098306436716
746,2010201,412815.0,3392400.0,7,200,3,0,2585.0,16.2,493,0,5,412665,3392300,488,0,2,-95.81,500,-150.0,-100.0,180.27756377319946,-5,-166.30993247402023,-12,3,3,3.808219799072917
747,2010201,412815.0,3392400.0,7,200,3,0,2585.0,16.2,493,0,5,412715,3392250,491,0,6,-90.0,500,-100.0,-150.0,180.27756377319946,-2,-143.69006752597977,-9,3,3,2.8580054454732076
748,2010201,412815.0,3392400.0,7,200,3,0,2585.0,16.2,493,0,5,412670,3392285,488,0,2,-94.3,500,-145.0,-115.0,185.06755523321746,-5,-161.581944655178,-12,3,3,3.709932861725854
749,2010201,412815.0,3392400.0,7,200,3,0,2585.0,16.2,493,0,5,412800,3392280,494,0,5,-102.5,500,-15.0,-120.0,120.93386622447825,1,-117.1250163489018,-6,3,3,2.8403377163007493
750,2010201,412815.0,3392400.0,7,200,3,0,2585.0,16.2,493,0,5,412845,3392315,495,21,12,-100.4,500,30.0,-85.0,90.13878188659973,2,-90.5599651718238,-5,3,3,3.17494432830295
751,2010201,412815.0,3392400.0,7,200,3,0,2585.0,16.2,493,0,5,412840,3392320,495,0,12,-104.07,500,25.0,-80.0,83.81527307120105,2,-92.64597536373867,-5,3,3,3.4139337407573396
752,2010201,412815.0,3392400.0,7,200,3,0,2585.0,16.2,493,0,5,412810,3392270,495,21,5,-105.5,500,-5.0,-130.0,130.09611831257686,2,-112.2025981617658,-5,3,3,2.2009724274056377
753,2010201,412815.0,3392400.0,7,200,3,0,2585.0,16.2,493,0,5,412855,3392305,495,21,5,-108.5,500,40.0,-95.0,103.07764064044152,2,-87.16634582208245,-5,3,3,2.777076804743984
754,2010201,412815.0,3392400.0,7,200,3,0,2585.0,16.2,493,0,5,412855,3392460,494,6,5,-94.0,500,40.0,60.0,72.11102550927978,1,36.30993247402023,-6,3,3,4.7563410397334644
755,2010201,412815.0,3392400.0,7,200,3,0,2585.0,16.2,493,0,5,412805,3392410,493,0,12,-65.78,500,-10.0,10.0,14.142135623730951,0,115.0,-7,3,3,26.334247846853142
756,2010201,412815.0,3392400.0,7,200,3,0,2585.0,16.2,493,0,5,412840,3392445,493,0,12,-86.5,500,25.0,45.0,51.478150704935004,0,40.94539590092285,-7,3,3,7.743586603961099
757,2010201,412815.0,3392400.0,7,200,3,0,2585.0,16.2,493,0,5,412820,3392425,493,0,12,-78.78,500,5.0,25.0,25.495097567963924,0,58.69006752597977,-7,3,3,15.35294889462336
758,2010201,412815.0,3392400.0,7,200,3,0,2585.0,16.2,493,0,5,412800,3392405,493,0,12,-72.1,500,-15.0,5.0,15.811388300841896,0,141.56505117707798,-7,3,3,23.879876253764905
759,2010201,412815.0,3392400.0,7,200,3,0,2585.0,16.2,493,0,5,412825,3392430,493,24,12,-85.25,500,10.0,30.0,31.622776601683793,0,51.565051177077976,-7,3,3,12.481691419986054
760,2010201,412815.0,3392400.0,7,200,3,0,2585.0,16.2,493,0,5,412835,3392440,493,24,12,-87.4,500,20.0,40.0,44.721359549995796,0,43.434948822922024,-7,3,3,8.896025825607326
761,2010201,412815.0,3392400.0,7,200,3,0,2585.0,16.2,493,0,5,412830,3392435,493,24,12,-84.6,500,15.0,35.0,38.07886552931954,0,46.801409486351815,-7,3,3,10.416331836297568
762,2010201,412815.0,3392400.0,7,200,3,0,2585.0,16.2,493,0,5,412810,3392415,493,0,12,-66.41,500,-5.0,15.0,15.811388300841896,0,88.43494882292202,-7,3,3,23.879876253764905
763,2010201,412815.0,3392400.0,7,200,3,0,2585.0,16.2,493,0,5,412845,3392450,493,0,5,-88.0,500,30.0,50.0,58.309518948453004,0,39.03624346792648,-7,3,3,6.84554157798925
764,2010201,412815.0,3392400.0,7,200,3,0,2585.0,16.2,493,0,5,412815,3392420,493,0,12,-76.38,500,0.0,20.0,20.0,0,70.0,-7,3,3,19.290046219188735
765,2010201,412815.0,3392400.0,7,200,3,0,2585.0,16.2,493,0,5,412740,3392320,490,0,12,-87.71,500,-75.0,-80.0,109.65856099730654,-3,-153.1523897340054,-10,3,3,5.210513682296117
766,2010201,412815.0,3392400.0,7,200,3,0,2585.0,16.2,493,0,5,412730,3392290,490,0,5,-91.0,500,-85.0,-110.0,139.01438774457844,-3,-147.69424046668917,-10,3,3,4.114484675107235
767,2010201,412815.0,3392400.0,7,200,3,0,2585.0,16.2,493,0,5,412725,3392295,490,0,5,-92.0,500,-90.0,-105.0,138.2931668593933,-3,-150.6012946450045,-10,3,3,4.135868099189435
768,2010201,412815.0,3392400.0,7,200,3,0,2585.0,16.2,493,0,5,412720,3392300,490,0,5,-100.33,500,-95.0,-100.0,137.93114224133723,-3,-153.53119928561418,-10,3,3,4.146685597669769
769,2010201,412815.0,3392400.0,7,200,3,0,2585.0,16.2,493,0,5,412745,3392315,491,0,12,-91.67,500,-70.0,-85.0,110.11357772772621,-2,-149.47245984834385,-9,3,3,4.672614664487052
770,2010201,412815.0,3392400.0,7,200,3,0,2585.0,16.2,493,0,5,412755,3392305,491,0,6,-87.96,500,-60.0,-95.0,112.36102527122117,-2,-142.27564431457762,-9,3,3,4.579554505884082
771,2010201,412815.0,3392400.0,7,200,3,0,2585.0,16.2,493,0,5,412750,3392310,491,0,5,-87.8,500,-65.0,-90.0,111.01801655587259,-2,-145.8376529542783,-9,3,3,4.634714438379844
772,2010201,412815.0,3392400.0,7,200,3,0,2585.0,16.2,493,0,5,412735,3392285,491,0,6,-92.89,500,-80.0,-115.0,140.089257261219,-2,-144.82448915695682,-9,3,3,3.675901575802358
773,2010201,412815.0,3392400.0,7,200,3,0,2585.0,16.2,493,0,5,412680,3392245,490,0,13,-96.71,500,-135.0,-155.0,205.54804791094466,-3,-151.05481377096245,-10,3,3,2.7852679901607478
774,2010201,412815.0,3392400.0,7,200,3,0,2585.0,16.2,493,0,5,412645,3392290,490,0,5,-100.0,500,-170.0,-110.0,202.48456731316588,-3,-167.0947570770121,-10,3,3,2.8273397023944544
775,2010201,412815.0,3392400.0,7,200,3,0,2585.0,16.2,493,0,5,412660,3392305,489,0,6,-99.17,500,-155.0,-95.0,181.79658962697843,-4,-168.49573328079583,-11,3,3,3.4625848401985078
776,2010201,412815.0,3392400.0,7,200,3,0,2585.0,16.2,493,0,5,412675,3392320,488,0,2,-94.32,500,-140.0,-80.0,161.24515496597098,-5,-170.25511870305778,-12,3,3,4.256154139057605
777,2010201,412815.0,3392400.0,7,200,3,0,2585.0,16.2,493,0,5,412640,3392285,490,0,5,-95.0,500,-175.0,-115.0,209.40391591371923,-3,-166.6893691754392,-10,3,3,2.7340598855309786
778,2010201,412815.0,3392400.0,7,200,3,0,2585.0,16.2,493,0,5,412665,3392310,488,0,6,-98.72,500,-150.0,-90.0,174.92855684535903,-5,-169.03624346792648,-12,3,3,3.9243099740178775
779,2010201,412815.0,3392400.0,7,200,3,0,2585.0,16.2,493,0,5,412670,3392315,488,0,6,-96.0,500,-145.0,-85.0,168.0773631397161,-5,-169.62087398863164,-12,3,3,4.083742604211623
780,2010201,412815.0,3392400.0,7,200,3,0,2585.0,16.2,493,0,5,412650,3392295,489,0,5,-98.83,500,-165.0,-105.0,195.57607215607945,-4,-167.52880770915152,-11,3,3,3.2191578711523237
781,2010201,412815.0,3392400.0,7,200,3,0,2585.0,16.2,493,0,5,412655,3392300,489,0,5,-98.63,500,-160.0,-100.0,188.67962264113208,-4,-167.9946167919165,-11,3,3,3.33656049950929
782,2010201,412815.0,3392400.0,7,200,3,0,2585.0,16.2,493,0,5,412690,3392255,490,0,13,-87.0,500,-125.0,-145.0,191.44189719076647,-3,-150.76360520094119,-10,3,3,2.9901372029374746
783,2010201,412815.0,3392400.0,7,200,3,0,2585.0,16.2,493,0,5,412685,3392250,490,0,13,-88.0,500,-130.0,-150.0,198.4943324127921,-3,-150.91438322002512,-10,3,3,2.8840813193288075
784,2010201,412815.0,3392400.0,7,200,3,0,2585.0,16.2,493,0,5,412630,3392240,490,0,2,-99.2,500,-185.0,-160.0,244.59149617270018,-3,-159.1446237411043,-10,3,3,2.341205164033105
785,2010201,412815.0,3392400.0,7,200,3,0,2585.0,16.2,493,0,5,412720,3392305,490,0,5,-94.67,500,-95.0,-95.0,134.35028842544403,-3,-155.0,-10,3,3,4.256806675887519
786,2010201,412815.0,3392400.0,7,200,3,0,2585.0,16.2,493,0,5,412745,3392290,491,0,6,-90.63,500,-70.0,-110.0,130.38404810405297,-2,-142.47119229084848,-9,3,3,3.9486836304554567
787,2010201,412815.0,3392400.0,7,200,3,0,2585.0,16.2,493,0,5,412755,3392300,491,0,6,-88.2,500,-60.0,-100.0,116.61903789690601,-2,-140.96375653207352,-9,3,3,4.413018037264607
788,2010201,412815.0,3392400.0,7,200,3,0,2585.0,16.2,493,0,5,412750,3392295,491,0,6,-91.5,500,-65.0,-105.0,123.4908903522847,-2,-141.75948008481282,-9,3,3,4.1683393595427765
789,2010201,412815.0,3392400.0,7,200,3,0,2585.0,16.2,493,0,5,412735,3392320,490,0,12,-87.38,500,-80.0,-80.0,113.13708498984761,-3,-155.0,-10,3,3,5.051152528017927
790,2010201,412815.0,3392400.0,7,200,3,0,2585.0,16.2,493,0,5,412760,3392265,493,0,6,-91.0,500,-55.0,-135.0,145.7737973711325,0,-132.16634582208246,-7,3,3,2.7492088143463596
791,2010201,412815.0,3392400.0,7,200,3,0,2585.0,16.2,493,0,5,412775,3392280,493,0,12,-93.5,500,-40.0,-120.0,126.49110640673517,0,-128.43494882292202,-7,3,3,3.1675094997650386
792,2010201,412815.0,3392400.0,7,200,3,0,2585.0,16.2,493,0,5,412730,3392315,490,0,5,-89.89,500,-85.0,-85.0,120.20815280171308,-3,-155.0,-10,3,3,4.7554308165518515
793,2010201,412815.0,3392400.0,7,200,3,0,2585.0,16.2,493,0,5,412740,3392285,491,0,6,-89.83,500,-75.0,-115.0,137.2953021774598,-2,-143.11134196037204,-9,3,3,3.7504946777425
794,2010201,412815.0,3392400.0,7,200,3,0,2585.0,16.2,493,0,5,412765,3392270,493,0,5,-91.0,500,-50.0,-130.0,139.2838827718412,0,-131.03751102542182,-7,3,3,2.877097395768676
795,2010201,412815.0,3392400.0,7,200,3,0,2585.0,16.2,493,0,5,412705,3392515,495,0,12,-105.5,500,-110.0,115.0,159.13830462839547,2,113.7269699799433,-5,3,3,1.7995961848465583
796,2010201,412815.0,3392400.0,7,200,3,0,2585.0,16.2,493,0,5,412710,3392510,495,0,12,-92.5,500,-105.0,110.0,152.0690632574555,2,113.66778014613033,-5,3,3,1.8831951923962467
797,2010201,412815.0,3392400.0,7,200,3,0,2585.0,16.2,493,0,5,412690,3392490,494,0,12,-100.89,500,-125.0,90.0,154.02921800749363,1,124.24611274556327,-6,3,3,2.2307518011669702
798,2010201,412815.0,3392400.0,7,200,3,0,2585.0,16.2,493,0,5,412685,3392495,495,0,5,-102.5,500,-130.0,95.0,161.01242188104618,2,123.84181456019166,-5,3,3,1.7786631718940433
799,2010201,412815.0,3392400.0,7,200,3,0,2585.0,16.2,493,0,5,412755,3392625,495,0,6,-96.57,500,-60.0,225.0,232.86262044390037,2,84.93141717813756,-5,3,3,1.2300595214916936
800,2010201,412815.0,3392400.0,7,200,3,0,2585.0,16.2,493,0,5,412760,3392580,495,0,5,-96.21,500,-55.0,180.0,188.2153022471871,2,86.9908232919862,-5,3,3,1.521722897787994
801,2010201,412815.0,3392400.0,7,200,3,0,2585.0,16.2,493,0,5,412775,3392565,494,0,5,-92.75,500,-40.0,165.0,169.77926846349644,1,83.62699485989151,-6,3,3,2.0239907505744466
802,2010201,412815.0,3392400.0,7,200,3,0,2585.0,16.2,493,0,5,412765,3392575,495,0,5,-92.91,500,-50.0,175.0,182.00274723201295,2,85.94539590092285,-5,3,3,1.5736403124473701
803,2010201,412815.0,3392400.0,7,200,3,0,2585.0,16.2,493,0,5,412695,3392485,494,0,12,-101.75,500,-120.0,85.0,147.05441169852742,1,124.6887865603668,-6,3,3,2.336441989666103
804,2010201,412815.0,3392400.0,7,200,3,0,2585.0,16.2,493,0,5,412770,3392570,494,0,5,-101.75,500,-45.0,170.0,175.85505395068975,1,84.82647997035565,-6,3,3,1.954117130279176
805,2010201,412815.0,3392400.0,7,200,3,0,2585.0,16.2,493,0,5,412780,3392600,494,0,2,-92.5,500,-35.0,200.0,203.03940504246953,1,79.9262455066517,-6,3,3,1.6926500625772674
806,2010201,412815.0,3392400.0,7,200,3,0,2585.0,16.2,493,0,5,412680,3392500,495,0,12,-112.0,500,-135.0,100.0,168.00297616411441,2,123.47114463301483,-5,3,3,1.7046981376513286
807,2010201,412815.0,3392400.0,7,200,3,0,2585.0,16.2,493,0,5,412830,3392395,494,24,6,-86.09,500,15.0,-5.0,15.811388300841896,1,-38.434948822922024,-6,3,3,20.780417487663584
808,2010201,412815.0,3392400.0,7,200,3,0,2585.0,16.2,493,0,5,412840,3392325,495,0,5,-106.2,500,25.0,-75.0,79.05694150420949,2,-91.56505117707799,-5,3,3,3.6188832299832407
809,2010201,412815.0,3392400.0,7,200,3,0,2585.0,16.2,493,0,5,412835,3392400,494,24,6,-76.11,500,20.0,0.0,20.0,1,-20.0,-6,3,3,16.69924423399362
810,2010201,412815.0,3392400.0,7,200,3,0,2585.0,16.2,493,0,5,412810,3392375,493,24,6,-62.57,500,-5.0,-25.0,25.495097567963924,0,-121.30993247402021,-7,3,3,15.35294889462336
811,2010201,412815.0,3392400.0,7,200,3,0,2585.0,16.2,493,0,5,412855,3392340,495,0,5,-111.5,500,40.0,-60.0,72.11102550927978,2,-76.30993247402021,-5,3,3,3.966399237097971
812,2010201,412815.0,3392400.0,7,200,3,0,2585.0,16.2,493,0,5,412850,3392335,495,0,5,-105.33,500,35.0,-65.0,73.824115301167,2,-81.69924423399362,-5,3,3,3.8746425467110615
813,2010201,412815.0,3392400.0,7,200,3,0,2585.0,16.2,493,0,5,412845,3392330,495,0,5,-109.5,500,30.0,-70.0,76.15773105863909,2,-86.80140948635182,-5,3,3,3.7562614748814744
814,2010201,412815.0,3392400.0,7,200,3,0,2585.0,16.2,493,0,5,412800,3392365,493,0,6,-62.94,500,-15.0,-35.0,38.07886552931954,0,-133.19859051364818,-7,3,3,10.416331836297568
815,2010201,412815.0,3392400.0,7,200,3,0,2585.0,16.2,493,0,5,412805,3392370,493,24,6,-63.7,500,-10.0,-30.0,31.622776601683793,0,-128.43494882292202,-7,3,3,12.481691419986054
816,2010201,412815.0,3392400.0,7,200,3,0,2585.0,16.2,493,0,5,412860,3392345,495,0,12,-118.5,500,45.0,-55.0,71.06335201775947,2,-70.71059313749964,-5,3,3,4.024684330450142
817,2010201,412815.0,3392400.0,7,200,3,0,2585.0,16.2,493,0,5,412815,3392380,494,24,6,-65.0,500,0.0,-20.0,20.0,1,-110.0,-6,3,3,16.69924423399362
818,2010201,412815.0,3392400.0,7,200,3,0,2585.0,16.2,493,0,5,412825,3392390,494,24,6,-63.92,500,10.0,-10.0,14.142135623730951,1,-65.0,-6,3,3,22.989767773608854
819,2010201,412815.0,3392400.0,7,200,3,0,2585.0,16.2,493,0,5,412820,3392385,494,24,6,-65.0,500,5.0,-15.0,15.811388300841896,1,-91.56505117707799,-6,3,3,20.780417487663584
820,2010201,412815.0,3392400.0,7,200,3,0,2585.0,16.2,493,0,5,412715,3392320,489,0,2,-86.67,500,-100.0,-80.0,128.06248474865697,-4,-161.34019174590992,-11,3,3,4.909403309620105
821,2010201,412815.0,3392400.0,7,200,3,0,2585.0,16.2,493,0,5,412685,3392290,489,0,6,-87.67,500,-130.0,-110.0,170.29386365926402,-4,-159.7636416907262,-11,3,3,3.6958419373028546
822,2010201,412815.0,3392400.0,7,200,3,0,2585.0,16.2,493,0,5,412695,3392300,489,0,6,-88.33,500,-120.0,-100.0,156.20499351813308,-4,-160.19442890773482,-11,3,3,4.028135315978701
823,2010201,412815.0,3392400.0,7,200,3,0,2585.0,16.2,493,0,5,412640,3392245,490,0,2,-92.0,500,-175.0,-155.0,233.77339455121918,-3,-158.46822925891715,-10,3,3,2.4494177720984727
824,2010201,412815.0,3392400.0,7,200,3,0,2585.0,16.2,493,0,5,412650,3392255,490,0,2,-94.22,500,-165.0,-145.0,219.65882636488797,-3,-158.69138598645128,-10,3,3,2.6065989258522753
825,2010201,412815.0,3392400.0,7,200,3,0,2585.0,16.2,493,0,5,412665,3392270,489,0,2,-85.6,500,-150.0,-130.0,198.4943324127921,-4,-159.08561677997488,-11,3,3,3.1719272272928394
826,2010201,412815.0,3392400.0,7,200,3,0,2585.0,16.2,493,0,5,412670,3392275,489,0,2,-96.5,500,-145.0,-125.0,191.44189719076647,-4,-159.23639479905884,-11,3,3,3.288524405520562
827,2010201,412815.0,3392400.0,7,200,3,0,2585.0,16.2,493,0,5,412655,3392260,489,0,2,-94.25,500,-160.0,-140.0,212.60291625469299,-4,-158.81407483429035,-11,3,3,2.9618224101255817
828,2010201,412815.0,3392400.0,7,200,3,0,2585.0,16.2,493,0,5,412660,3392265,489,0,2,-91.89,500,-155.0,-135.0,205.54804791094466,-4,-158.94518622903757,-11,3,3,3.0632883678808738
829,2010201,412815.0,3392400.0,7,200,3,0,2585.0,16.2,493,0,5,412645,3392250,490,0,2,-93.75,500,-170.0,-150.0,226.71568097509268,-3,-158.57633437499737,-10,3,3,2.525571490435569
830,2010201,412815.0,3392400.0,7,200,3,0,2585.0,16.2,493,0,5,412690,3392295,489,0,6,-97.5,500,-125.0,-105.0,163.24827717314508,-4,-159.9697407281103,-11,3,3,3.8548787218229283
831,2010201,412815.0,3392400.0,7,200,3,0,2585.0,16.2,493,0,5,412710,3392315,489,0,5,-98.67,500,-105.0,-85.0,135.09256086106296,-4,-161.00900595749454,-11,3,3,4.655076462966485
832,2010201,412815.0,3392400.0,7,200,3,0,2585.0,16.2,493,0,5,412705,3392310,489,0,2,-92.0,500,-110.0,-90.0,142.12670403551894,-4,-160.71059313749967,-11,3,3,4.42562610177753
833,2010201,412815.0,3392400.0,7,200,3,0,2585.0,16.2,493,0,5,412625,3392240,491,0,2,-93.0,500,-190.0,-160.0,248.39484696748443,-2,-159.89909245378777,-9,3,3,2.075069370887665
834,2010201,412815.0,3392400.0,7,200,3,0,2585.0,16.2,493,0,5,412630,3392295,490,0,6,-99.0,500,-185.0,-105.0,212.72047386182646,-3,-170.4221613187387,-10,3,3,2.691495910788959
835,2010201,412815.0,3392400.0,7,200,3,0,2585.0,16.2,493,0,5,412745,3392340,491,0,5,-89.67,500,-70.0,-60.0,92.19544457292888,-2,-159.39870535499554,-9,3,3,5.575474308033314
836,2010201,412815.0,3392400.0,7,200,3,0,2585.0,16.2,493,0,5,412735,3392350,490,0,2,-84.0,500,-80.0,-50.0,94.33981132056604,-3,-167.9946167919165,-10,3,3,6.050746015911744
837,2010201,412815.0,3392400.0,7,200,3,0,2585.0,16.2,493,0,5,412755,3392330,491,0,12,-85.0,500,-60.0,-70.0,92.19544457292888,-2,-150.6012946450045,-9,3,3,5.575474308033314
838,2010201,412815.0,3392400.0,7,200,3,0,2585.0,16.2,493,0,5,412740,3392335,490,0,5,-87.33,500,-75.0,-65.0,99.24716620639605,-3,-159.08561677997488,-10,3,3,5.753620978157765
839,2010201,412815.0,3392400.0,7,200,3,0,2585.0,16.2,493,0,5,412765,3392400,492,0,2,-84.5,500,-50.0,0.0,50.0,-1,160.0,-8,3,3,9.090276920822323
840,2010201,412815.0,3392400.0,7,200,3,0,2585.0,16.2,493,0,5,412780,3392375,492,0,12,-76.75,500,-35.0,-25.0,43.01162633521314,-1,-164.46232220802563,-8,3,3,10.536398717028874
841,2010201,412815.0,3392400.0,7,200,3,0,2585.0,16.2,493,0,5,412675,3392410,490,33,5,-102.5,500,-140.0,10.0,140.356688476182,-3,155.91438322002512,-10,3,3,4.0752690281321
842,2010201,412815.0,3392400.0,7,200,3,0,2585.0,16.2,493,0,5,412680,3392475,494,21,12,-103.33,500,-135.0,75.0,154.434452114805,1,130.94539590092285,-6,3,3,2.2249042261243734
843,2010201,412815.0,3392400.0,7,200,3,0,2585.0,16.2,493,0,5,412685,3392480,494,0,12,-104.71,500,-130.0,80.0,152.64337522473747,1,128.39249775375112,-6,3,3,2.250983963039884
844,2010201,412815.0,3392400.0,7,200,3,0,2585.0,16.2,493,0,5,412770,3392385,492,0,5,-78.5,500,-45.0,-15.0,47.43416490252569,-1,-181.565051177078,-8,3,3,9.573119780680821
845,2010201,412815.0,3392400.0,7,200,3,0,2585.0,16.2,493,0,5,412775,3392390,492,0,5,-84.25,500,-40.0,-10.0,41.23105625617661,-1,-185.96375653207352,-8,3,3,10.980575427612159
846,2010201,412815.0,3392400.0,7,200,3,0,2585.0,16.2,493,0,5,412795,3392370,493,0,12,-64.5,500,-20.0,-30.0,36.05551275463989,0,-143.69006752597977,-7,3,3,10.987011860880278
847,2010201,412815.0,3392400.0,7,200,3,0,2585.0,16.2,493,0,5,412715,3392450,492,0,6,-93.73,500,-100.0,50.0,111.80339887498948,-1,133.43494882292202,-8,3,3,4.092776755788449
848,2010201,412815.0,3392400.0,7,200,3,0,2585.0,16.2,493,0,5,412760,3392395,491,0,2,-75.86,500,-55.0,-5.0,55.226805085936306,-2,-194.8055710922652,-9,3,3,9.255804762401157
849,2010201,412815.0,3392400.0,7,200,3,0,2585.0,16.2,493,0,5,412730,3392345,490,0,2,-88.83,500,-85.0,-55.0,101.24228365658294,-3,-167.0947570770121,-10,3,3,5.640976563115981
850,2010201,412815.0,3392400.0,7,200,3,0,2585.0,16.2,493,0,5,412705,3392460,493,33,5,-101.86,500,-110.0,60.0,125.29964086141668,0,131.3895403340348,-7,3,3,3.197566919794338
851,2010201,412815.0,3392400.0,7,200,3,0,2585.0,16.2,493,0,5,412790,3392365,492,0,12,-64.42,500,-25.0,-35.0,43.01162633521314,-1,-145.53767779197437,-8,3,3,10.536398717028874
852,2010201,412815.0,3392400.0,7,200,3,0,2585.0,16.2,493,0,5,412720,3392355,490,0,2,-83.75,500,-95.0,-45.0,105.11898020814318,-3,-174.65382405805332,-10,3,3,5.434211206692449
853,2010201,412815.0,3392400.0,7,200,3,0,2585.0,16.2,493,0,5,412725,3392360,490,0,2,-82.5,500,-90.0,-40.0,98.48857801796105,-3,-176.03751102542182,-10,3,3,5.797636329530628
854,2010201,412815.0,3392400.0,7,200,3,0,2585.0,16.2,493,0,5,412710,3392445,492,0,6,-104.0,500,-105.0,45.0,114.23659658795863,-1,136.80140948635182,-8,3,3,4.005888989620698
855,2010201,412815.0,3392400.0,7,200,3,0,2585.0,16.2,493,0,5,412750,3392325,491,0,12,-91.0,500,-65.0,-75.0,99.24716620639605,-2,-150.91438322002512,-9,3,3,5.181563151409928
856,2010201,412815.0,3392400.0,7,200,3,0,2585.0,16.2,493,0,5,412695,3392470,493,0,5,-104.5,500,-120.0,70.0,138.92443989449805,0,129.7435628364707,-7,3,3,2.884528830285601
857,2010201,412815.0,3392400.0,7,200,3,0,2585.0,16.2,493,0,5,412785,3392380,492,0,12,-70.8,500,-30.0,-20.0,36.05551275463989,-1,-166.30993247402023,-8,3,3,12.510125476930867
858,2010201,412815.0,3392400.0,7,200,3,0,2585.0,16.2,493,0,5,412700,3392455,492,33,5,-101.7,500,-115.0,55.0,127.47548783981962,-1,134.44003482817618,-8,3,3,3.5910111760646792
859,2010201,412815.0,3392400.0,7,200,3,0,2585.0,16.2,493,0,5,412690,3392465,493,21,12,-95.0,500,-125.0,65.0,140.8900280360537,0,132.52556837372288,-7,3,3,2.8443526778590296
860,2010201,412815.0,3392400.0,7,200,3,0,2585.0,16.2,493,0,5,412620,3392265,491,0,5,-101.0,500,-195.0,-135.0,237.17082451262846,-2,-165.30484646876604,-9,3,3,2.173179237138555
861,2010201,412815.0,3392400.0,7,200,3,0,2585.0,16.2,493,0,5,412675,3392495,495,0,5,-107.55,500,-140.0,95.0,169.1892431568863,2,125.84030545433058,-5,3,3,1.6927526592542241
862,2010201,412815.0,3392400.0,7,200,3,0,2585.0,16.2,493,0,5,412665,3392485,494,0,12,-107.67,500,-150.0,85.0,172.40939649566667,1,130.46121774044195,-6,3,3,1.9931396013438825
863,2010201,412815.0,3392400.0,7,200,3,0,2585.0,16.2,493,0,5,412760,3392630,495,0,6,-103.5,500,-55.0,230.0,236.48467180770933,2,83.44861505168649,-5,3,3,1.2112253147830685
864,2010201,412815.0,3392400.0,7,200,3,0,2585.0,16.2,493,0,5,412750,3392580,495,0,6,-99.1,500,-65.0,180.0,191.3765920900464,2,89.85521436932106,-5,3,3,1.4965975629969719
865,2010201,412815.0,3392400.0,7,200,3,0,2585.0,16.2,493,0,5,412755,3392575,495,0,6,-96.87,500,-60.0,175.0,185.0,2,88.92464441605125,-5,3,3,1.5481576989779677
866,2010201,412815.0,3392400.0,7,200,3,0,2585.0,16.2,493,0,5,412765,3392625,495,0,5,-89.5,500,-50.0,225.0,230.4886114323222,2,82.52880770915152,-5,3,3,1.2427250552780873
867,2010201,412815.0,3392400.0,7,200,3,0,2585.0,16.2,493,0,5,412745,3392565,496,0,6,-99.63,500,-70.0,165.0,179.2344832893492,3,92.98871680208066,-4,3,3,1.278465374820526
868,2010201,412815.0,3392400.0,7,200,3,0,2585.0,16.2,493,0,5,412740,3392570,496,0,6,-100.71,500,-75.0,170.0,185.80904176062046,3,93.80594351845775,-4,3,3,1.2332431301653328
869,2010201,412815.0,3392400.0,7,200,3,0,2585.0,16.2,493,0,5,412670,3392500,495,0,5,-110.5,500,-145.0,100.0,176.13914953808538,2,125.40771131249005,-5,3,3,1.625998462562166
870,2010201,412815.0,3392400.0,7,200,3,0,2585.0,16.2,493,0,5,412775,3392480,493,0,2,-84.5,500,-40.0,80.0,89.44271909999159,0,96.56505117707798,-7,3,3,4.4749824761082735
871,2010201,412815.0,3392400.0,7,200,3,0,2585.0,16.2,493,0,5,412750,3392415,492,0,2,-79.75,500,-65.0,15.0,66.70832032063167,-1,147.00538320808346,-8,3,3,6.838541159976503
872,2010201,412815.0,3392400.0,7,200,3,0,2585.0,16.2,493,0,5,412745,3392410,491,0,2,-87.38,500,-70.0,10.0,70.71067811865476,-2,151.86989764584405,-9,3,3,7.253560723066105
873,2010201,412815.0,3392400.0,7,200,3,0,2585.0,16.2,493,0,5,412755,3392420,492,0,2,-81.38,500,-60.0,20.0,63.245553203367585,-1,141.56505117707798,-8,3,3,7.209120586689089
874,2010201,412815.0,3392400.0,7,200,3,0,2585.0,16.2,493,0,5,412740,3392405,491,0,2,-85.44,500,-75.0,5.0,75.16648189186454,-2,156.18592516570965,-9,3,3,6.827760980349383
875,2010201,412815.0,3392400.0,7,200,3,0,2585.0,16.2,493,0,5,412660,3392325,489,0,6,-93.6,500,-155.0,-75.0,172.19175357722565,-4,-174.17900802581073,-11,3,3,3.6552175785165786
876,2010201,412815.0,3392400.0,7,200,3,0,2585.0,16.2,493,0,5,412785,3392450,493,0,2,-82.5,500,-30.0,50.0,58.309518948453004,0,100.96375653207349,-7,3,3,6.84554157798925
877,2010201,412815.0,3392400.0,7,200,3,0,2585.0,16.2,493,0,5,412735,3392440,492,0,5,-87.57,500,-80.0,40.0,89.44271909999159,-1,133.43494882292202,-8,3,3,5.111089695288715
878,2010201,412815.0,3392400.0,7,200,3,0,2585.0,16.2,493,0,5,412715,3392380,489,0,2,-82.41,500,-100.0,-20.0,101.9803902718557,-4,-188.6900675259798,-11,3,3,6.156342827877712
879,2010201,412815.0,3392400.0,7,200,3,0,2585.0,16.2,493,0,5,412700,3392365,489,0,5,-85.89,500,-115.0,-35.0,120.20815280171308,-4,-183.07248693585296,-11,3,3,5.228457144658494
880,2010201,412815.0,3392400.0,7,200,3,0,2585.0,16.2,493,0,5,412705,3392370,489,0,5,-83.29,500,-110.0,-30.0,114.0175425099138,-4,-184.74488129694222,-11,3,3,5.510634651350269
881,2010201,412815.0,3392400.0,7,200,3,0,2585.0,16.2,493,0,5,412730,3392435,492,0,5,-87.02,500,-85.0,35.0,91.92388155425118,-1,137.61986494804046,-8,3,3,4.973835334057814
882,2010201,412815.0,3392400.0,7,200,3,0,2585.0,16.2,493,0,5,412665,3392330,488,0,5,-94.74,500,-150.0,-70.0,165.5294535724685,-5,-174.9831065219,-12,3,3,4.146383964588246
883,2010201,412815.0,3392400.0,7,200,3,0,2585.0,16.2,493,0,5,412675,3392340,488,0,5,-91.43,500,-140.0,-60.0,152.31546211727817,-5,-176.80140948635182,-12,3,3,4.5046780082949835
884,2010201,412815.0,3392400.0,7,200,3,0,2585.0,16.2,493,0,5,412725,3392430,492,0,5,-86.82,500,-90.0,30.0,94.86832980505137,-1,141.56505117707798,-8,3,3,4.820200288190663
885,2010201,412815.0,3392400.0,7,200,3,0,2585.0,16.2,493,0,5,412670,3392335,488,0,5,-91.76,500,-145.0,-65.0,158.90248582070703,-5,-175.85445803957836,-12,3,3,4.318666132333085
886,2010201,412815.0,3392400.0,7,200,3,0,2585.0,16.2,493,0,5,412765,3392470,493,0,2,-86.67,500,-50.0,70.0,86.02325267042627,0,105.53767779197437,-7,3,3,4.652099276340239
887,2010201,412815.0,3392400.0,7,200,3,0,2585.0,16.2,493,0,5,412690,3392395,489,0,6,-91.43,500,-125.0,-5.0,125.09996003196804,-4,-197.70938995736148,-11,3,3,5.0250757274629905
888,2010201,412815.0,3392400.0,7,200,3,0,2585.0,16.2,493,0,5,412710,3392375,489,0,5,-82.44,500,-105.0,-25.0,107.93516572461452,-4,-186.6075022462489,-11,3,3,5.819095882612557
889,2010201,412815.0,3392400.0,7,200,3,0,2585.0,16.2,493,0,5,412720,3392425,491,0,5,-86.17,500,-95.0,25.0,98.2344135219425,-2,145.2564371635293,-9,3,3,5.2346874708983515
890,2010201,412815.0,3392400.0,7,200,3,0,2585.0,16.2,493,0,5,412680,3392385,489,0,6,-93.43,500,-135.0,-15.0,135.83077707206124,-4,-193.6598082540901,-11,3,3,4.629887234474931
891,2010201,412815.0,3392400.0,7,200,3,0,2585.0,16.2,493,0,5,412770,3392475,493,0,2,-84.08,500,-45.0,75.0,87.46427842267951,0,100.96375653207349,-7,3,3,4.575781379089767
892,2010201,412815.0,3392400.0,7,200,3,0,2585.0,16.2,493,0,5,412655,3392360,489,0,6,-99.5,500,-160.0,-40.0,164.92422502470643,-4,-185.96375653207352,-11,3,3,3.815822047565223
893,2010201,412815.0,3392400.0,7,200,3,0,2585.0,16.2,493,0,5,412695,3392400,490,0,6,-87.33,500,-120.0,0.0,120.0,-3,160.0,-10,3,3,4.763641690726178
894,2010201,412815.0,3392400.0,7,200,3,0,2585.0,16.2,493,0,5,412685,3392390,489,0,6,-91.67,500,-130.0,-10.0,130.38404810405297,-4,-195.6012946450045,-11,3,3,4.822404503018382
895,2010201,412815.0,3392400.0,7,200,3,0,2585.0,16.2,493,0,5,412760,3392465,493,0,5,-89.67,500,-55.0,65.0,85.14693182963201,0,110.23635830927378,-7,3,3,4.699764671064311
896,2010201,412815.0,3392400.0,7,200,3,0,2585.0,16.2,493,0,5,412815,3392400,493,0,5,-79.42,500,0.0,0.0,0.0,0,-20.0,-7,3,3,90.0
897,2010201,412815.0,3392400.0,7,200,3,0,2585.0,16.2,493,0,5,412825,3392370,494,24,5,-71.86,500,10.0,-30.0,31.622776601683793,1,-91.56505117707799,-6,3,3,10.743403801775964
898,2010201,412815.0,3392400.0,7,200,3,0,2585.0,16.2,493,0,5,412800,3392385,493,0,5,-61.63,500,-15.0,-15.0,21.213203435596427,0,-155.0,-7,3,3,18.26202006677648
899,2010201,412815.0,3392400.0,7,200,3,0,2585.0,16.2,493,0,5,412840,3392345,495,0,5,-113.5,500,25.0,-55.0,60.41522986797286,2,-85.55604521958347,-5,3,3,4.731050624536694
900,2010201,412815.0,3392400.0,7,200,3,0,2585.0,16.2,493,0,5,412860,3392325,495,0,5,-105.0,500,45.0,-75.0,87.46427842267951,2,-79.03624346792648,-5,3,3,3.2718207328133353
901,2010201,412815.0,3392400.0,7,200,3,0,2585.0,16.2,493,0,5,412835,3392380,494,24,5,-81.67,500,20.0,-20.0,28.284271247461902,1,-65.0,-6,3,3,11.976725812374069
902,2010201,412815.0,3392400.0,7,200,3,0,2585.0,16.2,493,0,5,412845,3392350,495,0,5,-111.33,500,30.0,-50.0,58.309518948453004,2,-79.03624346792648,-5,3,3,4.901083564402995
903,2010201,412815.0,3392400.0,7,200,3,0,2585.0,16.2,493,0,5,412820,3392365,494,24,5,-66.33,500,5.0,-35.0,35.35533905932738,1,-101.86989764584403,-6,3,3,9.6316519614038
904,2010201,412815.0,3392400.0,7,200,3,0,2585.0,16.2,493,0,5,412855,3392360,495,0,12,-97.75,500,40.0,-40.0,56.568542494923804,2,-65.0,-5,3,3,5.051152528017927
905,2010201,412815.0,3392400.0,7,200,3,0,2585.0,16.2,493,0,5,412850,3392355,495,0,12,-109.38,500,35.0,-45.0,57.0087712549569,2,-72.1250163489018,-5,3,3,5.012346376969023
906,2010201,412815.0,3392400.0,7,200,3,0,2585.0,16.2,493,0,5,412830,3392375,494,24,5,-62.33,500,15.0,-25.0,29.154759474226502,1,-79.03624346792648,-6,3,3,11.62901399521606
907,2010201,412815.0,3392400.0,7,200,3,0,2585.0,16.2,493,0,5,412805,3392390,493,0,5,-60.41,500,-10.0,-10.0,14.142135623730951,0,-155.0,-7,3,3,26.334247846853142
908,2010201,412815.0,3392400.0,7,200,3,0,2585.0,16.2,493,0,5,412810,3392395,493,0,5,-65.86,500,-5.0,-5.0,7.0710678118654755,0,-155.0,-7,3,3,44.710622455169606
909,2010201,412815.0,3392400.0,7,200,3,0,2585.0,16.2,493,0,5,412845,3392565,491,0,5,-97.38,500,30.0,165.0,167.70509831248424,-2,59.695153531233984,-9,3,3,3.071867456220387
910,2010201,412815.0,3392400.0,7,200,3,0,2585.0,16.2,493,0,5,412840,3392570,491,0,5,-97.22,500,25.0,170.0,171.82840277439584,-2,61.63411387596739,-9,3,3,2.9982891057974443
911,2010201,412815.0,3392400.0,7,200,3,0,2585.0,16.2,493,0,5,412845,3392490,492,24,12,-83.33,500,30.0,90.0,94.86832980505137,-1,51.565051177077976,-8,3,3,4.820200288190663
912,2010201,412815.0,3392400.0,7,200,3,0,2585.0,16.2,493,0,5,412810,3392535,493,0,2,-87.0,500,-5.0,135.0,135.09256086106296,0,72.12109639666147,-7,3,3,2.9662039292242457
913,2010201,412815.0,3392400.0,7,200,3,0,2585.0,16.2,493,0,5,412825,3392550,492,0,5,-98.5,500,10.0,150.0,150.33296378372907,-1,66.18592516570965,-8,3,3,3.0461336101444463
914,2010201,412815.0,3392400.0,7,200,3,0,2585.0,16.2,493,0,5,412835,3392560,491,0,5,-96.5,500,20.0,160.0,161.24515496597098,-2,62.874983651098205,-9,3,3,3.19468525611452
915,2010201,412815.0,3392400.0,7,200,3,0,2585.0,16.2,493,0,5,412820,3392545,492,0,5,-96.67,500,5.0,145.0,145.08618128546908,-1,68.02506598911805,-8,3,3,3.1560727684611125
916,2010201,412815.0,3392400.0,7,200,3,0,2585.0,16.2,493,0,5,412840,3392485,493,0,12,-90.25,500,25.0,85.0,88.60022573334675,0,53.61045966596521,-7,3,3,4.517359473488931
917,2010201,412815.0,3392400.0,7,200,3,0,2585.0,16.2,493,0,5,412830,3392555,492,0,5,-100.2,500,15.0,155.0,155.72411502397438,-1,64.47245984834382,-8,3,3,2.9408652416050165
918,2010201,412815.0,3392400.0,7,200,3,0,2585.0,16.2,493,0,5,412725,3392270,491,0,6,-93.0,500,-90.0,-130.0,158.11388300841898,-2,-144.69515353123398,-9,3,3,3.257817536217955
919,2010201,412815.0,3392400.0,7,200,3,0,2585.0,16.2,493,0,5,412720,3392265,491,0,5,-90.0,500,-95.0,-135.0,165.07574019219177,-2,-145.13419305691565,-9,3,3,3.1207007956163957
920,2010201,412815.0,3392400.0,7,200,3,0,2585.0,16.2,493,0,5,412770,3392315,492,0,5,-88.95,500,-45.0,-85.0,96.17692030835673,-1,-137.89727103094765,-8,3,3,4.754919045602125
921,2010201,412815.0,3392400.0,7,200,3,0,2585.0,16.2,493,0,5,412780,3392285,492,0,12,-101.5,500,-35.0,-115.0,120.20815280171308,-1,-126.92751306414705,-8,3,3,3.8074898140341396
922,2010201,412815.0,3392400.0,7,200,3,0,2585.0,16.2,493,0,5,412690,3392235,491,0,13,-94.0,500,-125.0,-165.0,207.0024154448445,-2,-147.14668669802177,-9,3,3,2.4895239087531604
923,2010201,412815.0,3392400.0,7,200,3,0,2585.0,16.2,493,0,5,412790,3392295,492,0,12,-105.2,500,-25.0,-105.0,107.93516572461452,-1,-123.3924977537511,-8,3,3,4.238930235291965
924,2010201,412815.0,3392400.0,7,200,3,0,2585.0,16.2,493,0,5,412735,3392280,491,0,6,-95.29,500,-80.0,-120.0,144.22205101855957,-2,-143.69006752597977,-9,3,3,3.5708423412860646
925,2010201,412815.0,3392400.0,7,200,3,0,2585.0,16.2,493,0,5,412760,3392305,491,0,6,-89.45,500,-55.0,-95.0,109.77249200050075,-2,-140.06858282186246,-9,3,3,4.687068852814672
926,2010201,412815.0,3392400.0,7,200,3,0,2585.0,16.2,493,0,5,412775,3392320,492,0,5,-88.3,500,-40.0,-80.0,89.44271909999159,-1,-136.56505117707798,-8,3,3,5.111089695288715
927,2010201,412815.0,3392400.0,7,200,3,0,2585.0,16.2,493,0,5,412765,3392310,491,0,6,-88.74,500,-50.0,-90.0,102.95630140987001,-2,-139.05460409907715,-9,3,3,4.9958527973033755
928,2010201,412815.0,3392400.0,7,200,3,0,2585.0,16.2,493,0,5,412785,3392290,492,0,12,-103.5,500,-30.0,-110.0,114.0175425099138,-1,-125.25511870305779,-8,3,3,4.013560100989388
929,2010201,412815.0,3392400.0,7,200,3,0,2585.0,16.2,493,0,5,412730,3392275,491,0,6,-101.5,500,-85.0,-125.0,151.16216457830973,-2,-144.2157021324374,-9,3,3,3.4072943687885813
930,2010201,412815.0,3392400.0,7,200,3,0,2585.0,16.2,493,0,5,412795,3392300,493,0,5,-99.43,500,-20.0,-100.0,101.9803902718557,0,-121.30993247402021,-7,3,3,3.926660252030046
931,2010201,412815.0,3392400.0,7,200,3,0,2585.0,16.2,493,0,5,412745,3392400,491,0,2,-83.63,500,-70.0,0.0,70.0,-2,160.0,-9,3,3,7.326406660169546
932,2010201,412815.0,3392400.0,7,200,3,0,2585.0,16.2,493,0,5,412785,3392360,492,0,12,-78.67,500,-30.0,-40.0,50.0,-1,-146.86989764584402,-8,3,3,9.090276920822323
933,2010201,412815.0,3392400.0,7,200,3,0,2585.0,16.2,493,0,5,412755,3392390,491,0,2,-80.0,500,-60.0,-10.0,60.8276253029822,-2,-190.53767779197437,-9,3,3,8.416369055792709
934,2010201,412815.0,3392400.0,7,200,3,0,2585.0,16.2,493,0,5,412700,3392435,491,33,6,-95.33,500,-115.0,35.0,120.20815280171308,-2,143.07248693585296,-9,3,3,4.28175386287447
935,2010201,412815.0,3392400.0,7,200,3,0,2585.0,16.2,493,0,5,412780,3392355,492,0,12,-67.0,500,-35.0,-45.0,57.0087712549569,-1,-147.8749836510982,-8,3,3,7.9881134127929805
936,2010201,412815.0,3392400.0,7,200,3,0,2585.0,16.2,493,0,5,412750,3392385,491,0,2,-81.75,500,-65.0,-15.0,66.70832032063167,-2,-187.0053832080835,-9,3,3,7.683704360641303
937,2010201,412815.0,3392400.0,7,200,3,0,2585.0,16.2,493,0,5,412695,3392410,490,0,6,-90.43,500,-120.0,10.0,120.41594578792295,-3,155.23635830927378,-10,3,3,4.7472622548526
938,2010201,412815.0,3392400.0,7,200,3,0,2585.0,16.2,493,0,5,412715,3392430,491,0,5,-87.48,500,-100.0,30.0,104.4030650891055,-2,143.30075576600643,-9,3,3,4.926966008473402
939,2010201,412815.0,3392400.0,7,200,3,0,2585.0,16.2,493,0,5,412765,3392340,491,0,12,-85.9,500,-50.0,-60.0,78.10249675906654,-2,-149.8055710922652,-9,3,3,6.57338257353927
940,2010201,412815.0,3392400.0,7,200,3,0,2585.0,16.2,493,0,5,412675,3392470,493,0,5,-112.25,500,-140.0,70.0,156.52475842498527,0,133.43494882292202,-7,3,3,2.560638973149915
941,2010201,412815.0,3392400.0,7,200,3,0,2585.0,16.2,493,0,5,412720,3392375,490,0,2,-80.47,500,-95.0,-25.0,98.2344135219425,-3,-185.25643716352928,-10,3,3,5.812534130773947
942,2010201,412815.0,3392400.0,7,200,3,0,2585.0,16.2,493,0,5,412710,3392425,491,0,6,-86.33,500,-105.0,25.0,107.93516572461452,-2,146.60750224624894,-9,3,3,4.766489925441215
943,2010201,412815.0,3392400.0,7,200,3,0,2585.0,16.2,493,0,5,412770,3392325,492,0,6,-86.26,500,-45.0,-75.0,87.46427842267951,-1,-140.96375653207352,-8,3,3,5.226069314692103
944,2010201,412815.0,3392400.0,7,200,3,0,2585.0,16.2,493,0,5,412775,3392330,492,0,6,-79.11,500,-40.0,-70.0,80.62257748298549,-1,-139.74488129694222,-8,3,3,5.666783353597029
945,2010201,412815.0,3392400.0,7,200,3,0,2585.0,16.2,493,0,5,412760,3392335,491,0,12,-88.0,500,-55.0,-65.0,85.14693182963201,-2,-150.2363583092738,-9,3,3,6.033739320216729
946,2010201,412815.0,3392400.0,7,200,3,0,2585.0,16.2,493,0,5,412690,3392405,490,0,6,-89.5,500,-125.0,5.0,125.09996003196804,-3,157.7093899573615,-10,3,3,4.570281997144873
947,2010201,412815.0,3392400.0,7,200,3,0,2585.0,16.2,493,0,5,412730,3392365,490,0,2,-86.85,500,-85.0,-35.0,91.92388155425118,-3,-177.61986494804043,-10,3,3,6.208544626185846
948,2010201,412815.0,3392400.0,7,200,3,0,2585.0,16.2,493,0,5,412795,3392350,493,0,6,-79.75,500,-20.0,-50.0,53.85164807134504,0,-131.80140948635182,-7,3,3,7.406164826863367
949,2010201,412815.0,3392400.0,7,200,3,0,2585.0,16.2,493,0,5,412790,3392345,492,0,6,-73.42,500,-25.0,-55.0,60.41522986797286,-1,-134.44395478041653,-8,3,3,7.543048966828776
950,2010201,412815.0,3392400.0,7,200,3,0,2585.0,16.2,493,0,5,412735,3392370,490,0,2,-80.91,500,-80.0,-30.0,85.44003745317531,-3,-179.44395478041653,-10,3,3,6.67559216607672
951,2010201,412815.0,3392400.0,7,200,3,0,2585.0,16.2,493,0,5,412740,3392395,491,0,2,-85.43,500,-75.0,-5.0,75.16648189186454,-2,-196.18592516570965,-9,3,3,6.827760980349383
952,2010201,412815.0,3392400.0,7,200,3,0,2585.0,16.2,493,0,5,412725,3392380,490,0,2,-79.77,500,-90.0,-20.0,92.19544457292888,-3,-187.47119229084848,-10,3,3,6.190399458571856
953,2010201,412815.0,3392400.0,7,200,3,0,2585.0,16.2,493,0,5,412850,3392460,493,6,5,-89.5,500,35.0,60.0,69.46221994724903,0,39.743562836470744,-7,3,3,5.754509252636925
954,2010201,412815.0,3392400.0,7,200,3,0,2585.0,16.2,493,0,5,412835,3392435,494,24,12,-87.25,500,20.0,35.0,40.311288741492746,1,40.255118703057775,-6,3,3,8.465848238967707
955,2010201,412815.0,3392400.0,7,200,3,0,2585.0,16.2,493,0,5,412840,3392450,493,0,5,-86.67,500,25.0,50.0,55.90169943749474,0,43.434948822922024,-7,3,3,7.137416257938385
956,2010201,412815.0,3392400.0,7,200,3,0,2585.0,16.2,493,0,5,412805,3392405,493,0,12,-66.54,500,-10.0,5.0,11.180339887498949,0,133.43494882292202,-7,3,3,32.05064263526879
957,2010201,412815.0,3392400.0,7,200,3,0,2585.0,16.2,493,0,5,412815,3392415,493,0,12,-70.85,500,0.0,15.0,15.0,0,70.0,-7,3,3,25.016893478100023
958,2010201,412815.0,3392400.0,7,200,3,0,2585.0,16.2,493,0,5,412830,3392440,493,24,12,-86.64,500,15.0,40.0,42.720018726587654,0,49.44395478041653,-7,3,3,9.305653843358328
959,2010201,412815.0,3392400.0,7,200,3,0,2585.0,16.2,493,0,5,412820,3392430,493,0,12,-75.27,500,5.0,30.0,30.4138126514911,0,60.537677791974374,-7,3,3,12.96139380155953
960,2010201,412815.0,3392400.0,7,200,3,0,2585.0,16.2,493,0,5,412810,3392420,493,0,12,-71.62,500,-5.0,20.0,20.615528128088304,0,84.03624346792651,-7,3,3,18.754912214077386
961,2010201,412815.0,3392400.0,7,200,3,0,2585.0,16.2,493,0,5,412800,3392410,493,0,12,-69.29,500,-15.0,10.0,18.027756377319946,0,126.30993247402023,-7,3,3,21.22070022359343
962,2010201,412815.0,3392400.0,7,200,3,0,2585.0,16.2,493,0,5,412825,3392425,494,24,12,-77.5,500,10.0,25.0,26.92582403567252,1,48.198590513648185,-6,3,3,12.562228295302136
963,2010201,412815.0,3392400.0,7,200,3,0,2585.0,16.2,493,0,5,412640,3392305,490,0,5,-98.67,500,-175.0,-95.0,199.12307751739877,-3,-171.50436138175502,-10,3,3,2.874989932506934
964,2010201,412815.0,3392400.0,7,200,3,0,2585.0,16.2,493,0,5,412715,3392260,491,0,5,-90.5,500,-100.0,-140.0,172.04650534085255,-2,-145.53767779197437,-9,3,3,2.99449511051673
965,2010201,412815.0,3392400.0,7,200,3,0,2585.0,16.2,493,0,5,412645,3392310,490,0,5,-93.5,500,-170.0,-90.0,192.35384061671346,-3,-172.10272896905238,-10,3,3,2.9759866012286076
966,2010201,412815.0,3392400.0,7,200,3,0,2585.0,16.2,493,0,5,412675,3392300,488,0,6,-93.67,500,-140.0,-100.0,172.04650534085255,-5,-164.46232220802563,-12,3,3,3.989837811968015
967,2010201,412815.0,3392400.0,7,200,3,0,2585.0,16.2,493,0,5,412670,3392295,488,0,2,-95.5,500,-145.0,-105.0,179.02513789968157,-5,-164.09027692082233,-12,3,3,3.8347821659333694
968,2010201,412815.0,3392400.0,7,200,3,0,2585.0,16.2,493,0,5,412650,3392315,489,0,6,-100.8,500,-165.0,-85.0,185.60711193270586,-4,-172.74467162505695,-11,3,3,3.3916655004916683
969,2010201,412815.0,3392400.0,7,200,3,0,2585.0,16.2,493,0,5,412700,3392245,491,0,13,-87.0,500,-115.0,-155.0,193.00259065618783,-2,-146.57303097851934,-9,3,3,2.6698539761758857
970,2010201,412815.0,3392400.0,7,200,3,0,2585.0,16.2,493,0,5,412665,3392290,488,0,2,-90.22,500,-150.0,-110.0,186.01075237738274,-5,-163.74616226255523,-12,3,3,3.6911731953011566
971,2010201,412815.0,3392400.0,7,200,3,0,2585.0,16.2,493,0,5,412655,3392320,489,0,6,-96.33,500,-160.0,-80.0,178.88543819998318,-4,-173.434948822922,-11,3,3,3.5187939066984617
972,2010201,412815.0,3392400.0,7,200,3,0,2585.0,16.2,493,0,5,412660,3392285,489,0,2,-89.33,500,-155.0,-115.0,193.00259065618783,-4,-163.4269690214807,-11,3,3,3.2619897859737517
973,2010201,412815.0,3392400.0,7,200,3,0,2585.0,16.2,493,0,5,412690,3392275,489,0,6,-101.5,500,-125.0,-125.0,176.7766952966369,-4,-155.0,-11,3,3,3.56066172012722
974,2010201,412815.0,3392400.0,7,200,3,0,2585.0,16.2,493,0,5,412765,3392425,492,0,2,-76.67,500,-50.0,25.0,55.90169943749474,-1,133.43494882292202,-8,3,3,8.144207136149896
975,2010201,412815.0,3392400.0,7,200,3,0,2585.0,16.2,493,0,5,412785,3392405,492,0,5,-79.88,500,-30.0,5.0,30.4138126514911,-1,150.53767779197437,-8,3,3,14.737158444657044
976,2010201,412815.0,3392400.0,7,200,3,0,2585.0,16.2,493,0,5,412795,3392415,493,0,5,-77.33,500,-20.0,15.0,25.0,0,123.13010235415595,-7,3,3,15.642246457208728
977,2010201,412815.0,3392400.0,7,200,3,0,2585.0,16.2,493,0,5,412730,3392480,493,0,6,-92.24,500,-85.0,80.0,116.72617529928752,0,116.7357045889284,-7,3,3,3.4318840347617168
978,2010201,412815.0,3392400.0,7,200,3,0,2585.0,16.2,493,0,5,412770,3392440,493,0,2,-88.67,500,-45.0,40.0,60.207972893961475,0,118.36646066342979,-7,3,3,6.631644144241638
979,2010201,412815.0,3392400.0,7,200,3,0,2585.0,16.2,493,0,5,412755,3392455,493,0,5,-88.19,500,-60.0,55.0,81.39410298049853,0,117.48955292199918,-7,3,3,4.915417755112416
980,2010201,412815.0,3392400.0,7,200,3,0,2585.0,16.2,493,0,5,412695,3392355,489,0,5,-87.22,500,-120.0,-45.0,128.16005617976296,-4,-179.44395478041653,-11,3,3,4.905683905933287
981,2010201,412815.0,3392400.0,7,200,3,0,2585.0,16.2,493,0,5,412750,3392460,493,0,5,-89.91,500,-65.0,60.0,88.45903006477066,0,117.29061004263855,-7,3,3,4.5245400329950085
982,2010201,412815.0,3392400.0,7,200,3,0,2585.0,16.2,493,0,5,412670,3392380,488,33,6,-100.0,500,-145.0,-20.0,146.37281168304446,-5,-192.1466866980218,-12,3,3,4.686766354471067
983,2010201,412815.0,3392400.0,7,200,3,0,2585.0,16.2,493,0,5,412735,3392475,493,0,6,-91.43,500,-80.0,75.0,109.65856099730654,0,116.8476102659946,-7,3,3,3.652492012143579
984,2010201,412815.0,3392400.0,7,200,3,0,2585.0,16.2,493,0,5,412685,3392345,488,0,5,-90.45,500,-130.0,-55.0,141.15594213493105,-5,-177.06789956241022,-12,3,3,4.859166107393064
985,2010201,412815.0,3392400.0,7,200,3,0,2585.0,16.2,493,0,5,412690,3392360,489,0,5,-86.55,500,-125.0,-40.0,131.24404748406687,-4,-182.25532837494308,-11,3,3,4.790952432344356
986,2010201,412815.0,3392400.0,7,200,3,0,2585.0,16.2,493,0,5,412725,3392465,493,0,6,-92.94,500,-90.0,65.0,111.01801655587259,0,124.16234704572173,-7,3,3,3.607884799188995
987,2010201,412815.0,3392400.0,7,200,3,0,2585.0,16.2,493,0,5,412740,3392450,492,0,5,-86.98,500,-75.0,50.0,90.13878188659973,-1,126.30993247402023,-8,3,3,5.07182788012928
988,2010201,412815.0,3392400.0,7,200,3,0,2585.0,16.2,493,0,5,412790,3392420,493,0,5,-58.5,500,-25.0,20.0,32.01562118716424,0,121.34019174590992,-7,3,3,12.333251044177262
989,2010201,412815.0,3392400.0,7,200,3,0,2585.0,16.2,493,0,5,412745,3392445,492,0,5,-85.72,500,-70.0,45.0,83.21658488546619,-1,127.26477372789236,-8,3,3,5.491236639971658
990,2010201,412815.0,3392400.0,7,200,3,0,2585.0,16.2,493,0,5,412680,3392350,488,0,5,-88.6,500,-135.0,-50.0,143.96180048887967,-5,-179.67686317033704,-12,3,3,4.7648998789517
991,2010201,412815.0,3392400.0,7,200,3,0,2585.0,16.2,493,0,5,412720,3392470,493,0,6,-95.22,500,-95.0,70.0,118.00423721205946,0,123.61564818416412,-7,3,3,3.394801924729904
992,2010201,412815.0,3392400.0,7,200,3,0,2585.0,16.2,493,0,5,412715,3392335,489,0,2,-94.4,500,-100.0,-65.0,119.26860441876563,-4,-166.97613244420336,-11,3,3,5.269413793225679
993,2010201,412815.0,3392400.0,7,200,3,0,2585.0,16.2,493,0,5,412705,3392325,489,0,2,-91.22,500,-110.0,-75.0,133.13526955694348,-4,-165.71312302279105,-11,3,3,4.723205781296954
994,2010201,412815.0,3392400.0,7,200,3,0,2585.0,16.2,493,0,5,412760,3392430,492,0,2,-83.0,500,-55.0,30.0,62.64982043070834,-1,131.3895403340348,-8,3,3,7.276940205640297
995,2010201,412815.0,3392400.0,7,200,3,0,2585.0,16.2,493,0,5,412780,3392410,492,0,5,-82.0,500,-35.0,10.0,36.40054944640259,-1,144.0546040990771,-8,3,3,12.395225515323695
996,2010201,412815.0,3392400.0,7,200,3,0,2585.0,16.2,493,0,5,412700,3392330,489,0,2,-88.7,500,-115.0,-70.0,134.6291201783626,-4,-168.67130713219584,-11,3,3,4.6710300830116145
997,2010201,412815.0,3392400.0,7,200,3,0,2585.0,16.2,493,0,5,412665,3392365,488,0,6,-91.25,500,-150.0,-35.0,154.02921800749363,-5,-186.8659776936037,-12,3,3,4.454761046465503
998,2010201,412815.0,3392400.0,7,200,3,0,2585.0,16.2,493,0,5,412710,3392340,489,0,2,-86.0,500,-105.0,-60.0,120.93386622447825,-4,-170.25511870305778,-11,3,3,5.197253975822882
999,2010201,412815.0,3392400.0,7,200,3,0,2585.0,16.2,493,0,5,412675,3392375,488,0,6,-89.0,500,-140.0,-25.0,142.21462653327893,-5,-189.8753283446022,-12,3,3,4.823164433021935
1000,2010201,412815.0,3392400.0,7,200,3,0,2585.0,16.2,493,0,5,412825,3392515,492,0,5,-94.67,500,10.0,115.0,115.43396380615195,-1,65.03025927188969,-8,3,3,3.964470108715351
1001,2010201,412815.0,3392400.0,7,200,3,0,2585.0,16.2,493,0,5,412815,3392485,493,0,5,-90.6,500,0.0,85.0,85.0,0,70.0,-7,3,3,4.7078522443722255
1002,2010201,412815.0,3392400.0,7,200,3,0,2585.0,16.2,493,0,5,412820,3392520,493,0,5,-91.5,500,5.0,120.0,120.10412149464314,0,67.61405596961117,-7,3,3,3.3355828715992795
1003,2010201,412815.0,3392400.0,7,200,3,0,2585.0,16.2,493,0,5,412835,3392505,492,0,5,-94.1,500,20.0,105.0,106.88779163215975,-1,59.2157021324374,-8,3,3,4.280313119869603
1004,2010201,412815.0,3392400.0,7,200,3,0,2585.0,16.2,493,0,5,412830,3392510,492,0,5,-93.11,500,15.0,110.0,111.01801655587259,-1,62.23483398157464,-8,3,3,4.121631130504016
1005,2010201,412815.0,3392400.0,7,200,3,0,2585.0,16.2,493,0,5,412840,3392540,492,24,5,-98.25,500,25.0,140.0,142.21462653327893,-1,59.87532834460217,-8,3,3,3.2196664884539534
1006,2010201,412815.0,3392400.0,7,200,3,0,2585.0,16.2,493,0,5,412850,3392530,492,24,5,-96.0,500,35.0,130.0,134.6291201783626,-1,54.931511840507795,-8,3,3,3.4006600748447715
1007,2010201,412815.0,3392400.0,7,200,3,0,2585.0,16.2,493,0,5,412870,3392550,493,0,12,-101.5,500,55.0,150.0,159.76545308670458,0,49.86369657175186,-7,3,3,2.508765824253191
1008,2010201,412815.0,3392400.0,7,200,3,0,2585.0,16.2,493,0,5,412845,3392535,491,24,5,-96.33,500,30.0,135.0,138.2931668593933,-2,57.47119229084848,-9,3,3,3.7235091093771655
1009,2010201,412815.0,3392400.0,7,200,3,0,2585.0,16.2,493,0,5,412810,3392465,493,0,5,-92.5,500,-5.0,65.0,65.19202405202648,0,74.39870535499551,-7,3,3,6.128658669573428
1010,2010201,412815.0,3392400.0,7,200,3,0,2585.0,16.2,493,0,5,412815,3392470,493,0,5,-87.5,500,0.0,70.0,70.0,0,70.0,-7,3,3,5.710593137499642
1011,2010201,412815.0,3392400.0,7,200,3,0,2585.0,16.2,493,0,5,412850,3392425,494,24,6,-101.33,500,35.0,25.0,43.01162633521314,1,15.537677791974374,-6,3,3,7.941352033462358
1012,2010201,412815.0,3392400.0,7,200,3,0,2585.0,16.2,493,0,5,412825,3392460,493,0,12,-96.11,500,10.0,60.0,60.8276253029822,0,60.537677791974374,-7,3,3,6.564680108806798
1013,2010201,412815.0,3392400.0,7,200,3,0,2585.0,16.2,493,0,5,412830,3392445,493,24,12,-85.25,500,15.0,45.0,47.43416490252569,0,51.565051177077976,-7,3,3,8.394718117507407
1014,2010201,412815.0,3392400.0,7,200,3,0,2585.0,16.2,493,0,5,412835,3392450,493,0,12,-86.67,500,20.0,50.0,53.85164807134504,0,48.198590513648185,-7,3,3,7.406164826863367
1015,2010201,412815.0,3392400.0,7,200,3,0,2585.0,16.2,493,0,5,412860,3392415,494,0,5,-87.25,500,45.0,15.0,47.43416490252569,1,-1.5650511770779758,-6,3,3,7.209120586689089
1016,2010201,412815.0,3392400.0,7,200,3,0,2585.0,16.2,493,0,5,412820,3392455,493,0,12,-84.8,500,5.0,55.0,55.226805085936306,0,64.80557109226521,-7,3,3,7.223722534519977
1017,2010201,412815.0,3392400.0,7,200,3,0,2585.0,16.2,493,0,5,412840,3392435,494,24,5,-83.25,500,25.0,35.0,43.01162633521314,1,34.462322208025626,-6,3,3,7.941352033462358
1018,2010201,412815.0,3392400.0,7,200,3,0,2585.0,16.2,493,0,5,412825,3392330,494,0,12,-101.56,500,10.0,-70.0,70.71067811865476,1,-101.86989764584403,-6,3,3,4.850090156191999
1019,2010201,412815.0,3392400.0,7,200,3,0,2585.0,16.2,493,0,5,412820,3392325,494,0,12,-100.7,500,5.0,-75.0,75.16648189186454,1,-106.18592516570965,-6,3,3,4.563833589535156
1020,2010201,412815.0,3392400.0,7,200,3,0,2585.0,16.2,493,0,5,412805,3392350,493,24,5,-63.38,500,-10.0,-50.0,50.99019513592785,0,-121.30993247402021,-7,3,3,7.816777766952081
1021,2010201,412815.0,3392400.0,7,200,3,0,2585.0,16.2,493,0,5,412835,3392340,494,0,5,-112.69,500,20.0,-60.0,63.245553203367585,1,-91.56505117707799,-6,3,3,5.419335736411587
1022,2010201,412815.0,3392400.0,7,200,3,0,2585.0,16.2,493,0,5,412830,3392335,494,0,5,-109.78,500,15.0,-65.0,66.70832032063167,1,-97.0053832080835,-6,3,3,5.139570543961399
1023,2010201,412815.0,3392400.0,7,200,3,0,2585.0,16.2,493,0,5,412860,3392365,495,0,12,-115.6,500,45.0,-35.0,57.0087712549569,2,-57.874983651098205,-5,3,3,5.012346376969023
1024,2010201,412815.0,3392400.0,7,200,3,0,2585.0,16.2,493,0,5,412840,3392385,495,24,5,-82.0,500,25.0,-15.0,29.154759474226502,2,-50.96375653207352,-5,3,3,9.731475473157628
1025,2010201,412815.0,3392400.0,7,200,3,0,2585.0,16.2,493,0,5,412800,3392345,493,0,5,-67.17,500,-15.0,-55.0,57.0087712549569,0,-125.25511870305779,-7,3,3,7.00020104505906
1026,2010201,412815.0,3392400.0,7,200,3,0,2585.0,16.2,493,0,5,412855,3392400,495,6,5,-90.6,500,40.0,0.0,40.0,2,-20.0,-5,3,3,7.125016348901798
1027,2010201,412815.0,3392400.0,7,200,3,0,2585.0,16.2,493,0,5,412850,3392395,495,0,5,-97.0,500,35.0,-5.0,35.35533905932738,2,-28.13010235415598,-5,3,3,8.049466975528397
1028,2010201,412815.0,3392400.0,7,200,3,0,2585.0,16.2,493,0,5,412810,3392355,493,24,5,-80.82,500,-5.0,-45.0,45.27692569068709,0,-116.3401917459099,-7,3,3,8.788582486204
1029,2010201,412815.0,3392400.0,7,200,3,0,2585.0,16.2,493,0,5,412815,3392360,494,24,5,-69.71,500,0.0,-40.0,40.0,1,-110.0,-6,3,3,8.530765609948133
1030,2010201,412815.0,3392400.0,7,200,3,0,2585.0,16.2,493,0,5,412850,3392315,495,21,5,-112.0,500,35.0,-85.0,91.92388155425118,2,-87.61986494804043,-5,3,3,3.1134115490172736
1031,2010201,412815.0,3392400.0,7,200,3,0,2585.0,16.2,493,0,5,412855,3392320,495,21,5,-100.33,500,40.0,-80.0,89.44271909999159,2,-83.43494882292201,-5,3,3,3.1996013002506882
1032,2010201,412815.0,3392400.0,7,200,3,0,2585.0,16.2,493,0,5,412810,3392275,494,21,5,-106.5,500,-5.0,-125.0,125.09996003196804,1,-112.29061004263853,-6,3,3,2.745895706219099
1033,2010201,412815.0,3392400.0,7,200,3,0,2585.0,16.2,493,0,5,412840,3392305,495,21,5,-96.5,500,25.0,-95.0,98.2344135219425,2,-95.25643716352927,-5,3,3,2.9137639248369633
1034,2010201,412815.0,3392400.0,7,200,3,0,2585.0,16.2,493,0,5,412815,3392280,494,21,5,-111.5,500,0.0,-120.0,120.0,1,-110.0,-6,3,3,2.8624052261117474
1035,2010201,412815.0,3392400.0,7,200,3,0,2585.0,16.2,493,0,5,412845,3392310,495,21,5,-100.33,500,30.0,-90.0,94.86832980505137,2,-91.56505117707799,-5,3,3,3.016961309815993
1036,2010201,412815.0,3392400.0,7,200,3,0,2585.0,16.2,493,0,5,412710,3392305,489,0,5,-89.0,500,-105.0,-95.0,141.59802258506295,-4,-157.86240522611175,-11,3,3,4.442083953444627
1037,2010201,412815.0,3392400.0,7,200,3,0,2585.0,16.2,493,0,5,412695,3392290,489,0,6,-82.67,500,-120.0,-110.0,162.78820596099706,-4,-157.48955292199918,-11,3,3,3.865740374208761
1038,2010201,412815.0,3392400.0,7,200,3,0,2585.0,16.2,493,0,5,412680,3392295,488,0,6,-93.4,500,-135.0,-105.0,171.0263137648707,-5,-162.12501634890182,-12,3,3,4.013560100989388
1039,2010201,412815.0,3392400.0,7,200,3,0,2585.0,16.2,493,0,5,412640,3392255,490,0,2,-93.33,500,-175.0,-145.0,227.26636354727023,-3,-160.3558250428552,-10,3,3,2.5194597461668558
1040,2010201,412815.0,3392400.0,7,200,3,0,2585.0,16.2,493,0,5,412700,3392315,489,0,2,-93.25,500,-115.0,-85.0,143.0034964607509,-4,-163.53076560994813,-11,3,3,4.398598227950127
1041,2010201,412815.0,3392400.0,7,200,3,0,2585.0,16.2,493,0,5,412665,3392280,489,0,2,-91.33,500,-150.0,-120.0,192.09372712298546,-4,-161.34019174590992,-11,3,3,3.2773898515009794
1042,2010201,412815.0,3392400.0,7,200,3,0,2585.0,16.2,493,0,5,412660,3392275,489,0,2,-89.93,500,-155.0,-125.0,199.12307751739877,-4,-161.1155035662854,-11,3,3,3.1619319989884143
1043,2010201,412815.0,3392400.0,7,200,3,0,2585.0,16.2,493,0,5,412705,3392320,489,0,2,-85.25,500,-110.0,-80.0,136.01470508735443,-4,-163.9726266148964,-11,3,3,4.623653560883869
1044,2010201,412815.0,3392400.0,7,200,3,0,2585.0,16.2,493,0,5,412670,3392265,489,0,2,-93.0,500,-145.0,-135.0,198.11612756158948,-4,-157.04540848888723,-11,3,3,3.177970055227587
1045,2010201,412815.0,3392400.0,7,200,3,0,2585.0,16.2,493,0,5,412650,3392245,490,0,2,-88.5,500,-165.0,-155.0,226.38462845343543,-3,-156.78991060824606,-10,3,3,2.529259955671141
1046,2010201,412815.0,3392400.0,7,200,3,0,2585.0,16.2,493,0,5,412645,3392260,490,0,2,-93.83,500,-170.0,-140.0,220.22715545545242,-3,-160.52754015165618,-10,3,3,2.5998814495033926
1047,2010201,412815.0,3392400.0,7,200,3,0,2585.0,16.2,493,0,5,412685,3392300,488,0,6,-89.75,500,-130.0,-100.0,164.01219466856725,-5,-162.43140797117252,-12,3,3,4.184606072736175
1048,2010201,412815.0,3392400.0,7,200,3,0,2585.0,16.2,493,0,5,412820,3392280,494,21,5,-112.0,500,5.0,-120.0,120.10412149464314,1,-107.61405596961119,-6,3,3,2.859927851532758
1049,2010201,412815.0,3392400.0,7,200,3,0,2585.0,16.2,493,0,5,412840,3392300,495,21,5,-103.5,500,25.0,-100.0,103.07764064044152,2,-95.96375653207353,-5,3,3,2.777076804743984
1050,2010201,412815.0,3392400.0,7,200,3,0,2585.0,16.2,493,0,5,412825,3392275,495,21,5,-109.5,500,10.0,-125.0,125.39936203984452,2,-105.42607874009914,-5,3,3,2.2833228211476477
1051,2010201,412815.0,3392400.0,7,200,3,0,2585.0,16.2,493,0,5,412815,3392315,494,0,5,-99.34,500,0.0,-85.0,85.0,1,-110.0,-6,3,3,4.037710620977124
1052,2010201,412815.0,3392400.0,7,200,3,0,2585.0,16.2,493,0,5,412800,3392310,493,0,12,-97.81,500,-15.0,-90.0,91.2414379544733,0,-119.46232220802563,-7,3,3,4.387111249722437
1053,2010201,412815.0,3392400.0,7,200,3,0,2585.0,16.2,493,0,5,412810,3392320,493,0,12,-100.05,500,-5.0,-80.0,80.15609770940699,0,-113.57633437499736,-7,3,3,4.990955470106137
1054,2010201,412815.0,3392400.0,7,200,3,0,2585.0,16.2,493,0,5,412830,3392300,494,0,12,-104.08,500,15.0,-100.0,101.11874208078342,1,-101.46923439005187,-6,3,3,3.3957312780138946
1055,2010201,412815.0,3392400.0,7,200,3,0,2585.0,16.2,493,0,5,412835,3392295,494,0,5,-105.33,500,20.0,-105.0,106.88779163215975,1,-99.2157021324374,-6,3,3,3.212848508722145
1056,2010201,412815.0,3392400.0,7,200,3,0,2585.0,16.2,493,0,5,412805,3392305,493,0,5,-105.06,500,-10.0,-95.0,95.524865872714,0,-116.00900595749452,-7,3,3,4.191106255980144
1057,2010201,412815.0,3392400.0,7,200,3,0,2585.0,16.2,493,0,5,412825,3392285,494,0,12,-103.0,500,10.0,-115.0,115.43396380615195,1,-105.0302592718897,-6,3,3,2.975429205878104
1058,2010201,412815.0,3392400.0,7,200,3,0,2585.0,16.2,493,0,5,412820,3392290,494,0,12,-107.29,500,5.0,-110.0,110.11357772772621,1,-107.39743779750019,-6,3,3,3.1189164713051953
1059,2010201,412815.0,3392400.0,7,200,3,0,2585.0,16.2,493,0,5,412825,3392595,492,0,5,-102.0,500,10.0,195.0,195.25624189766637,-1,67.06432655357884,-8,3,3,2.3461990508689032
1060,2010201,412815.0,3392400.0,7,200,3,0,2585.0,16.2,493,0,5,412835,3392315,494,0,12,-102.69,500,20.0,-85.0,87.32124598286491,1,-96.7594800848128,-6,3,3,3.9307178708252377
1061,2010201,412815.0,3392400.0,7,200,3,0,2585.0,16.2,493,0,5,412825,3392305,494,0,5,-109.68,500,10.0,-95.0,95.524865872714,1,-103.99099404250548,-6,3,3,3.594076305003113
1062,2010201,412815.0,3392400.0,7,200,3,0,2585.0,16.2,493,0,5,412805,3392285,494,21,5,-108.0,500,-10.0,-115.0,115.43396380615195,1,-114.96974072811031,-6,3,3,2.975429205878104
1063,2010201,412815.0,3392400.0,7,200,3,0,2585.0,16.2,493,0,5,412810,3392300,493,0,5,-107.07,500,-5.0,-100.0,100.12492197250393,0,-112.86240522611175,-7,3,3,3.9991933103084403
1064,2010201,412815.0,3392400.0,7,200,3,0,2585.0,16.2,493,0,5,412820,3392310,494,0,5,-105.24,500,5.0,-90.0,90.13878188659973,1,-106.82016988013577,-6,3,3,3.808219799072917
1065,2010201,412815.0,3392400.0,7,200,3,0,2585.0,16.2,493,0,5,412800,3392290,493,0,5,-114.73,500,-15.0,-110.0,111.01801655587259,0,-117.76516601842535,-7,3,3,3.607884799188995
1066,2010201,412815.0,3392400.0,7,200,3,0,2585.0,16.2,493,0,5,412815,3392295,494,0,5,-110.11,500,0.0,-105.0,105.0,1,-110.0,-6,3,3,3.2704879231835653
1067,2010201,412815.0,3392400.0,7,200,3,0,2585.0,16.2,493,0,5,412830,3392320,494,0,12,-103.04,500,15.0,-80.0,81.39410298049853,1,-99.38034472384487,-6,3,3,4.215956692812888
1068,2010201,412815.0,3392400.0,7,200,3,0,2585.0,16.2,493,0,5,412675,3392285,488,0,2,-90.75,500,-140.0,-115.0,181.1767093199344,-5,-160.5993393365206,-12,3,3,3.789375529336595
1069,2010201,412815.0,3392400.0,7,200,3,0,2585.0,16.2,493,0,5,412655,3392305,489,0,5,-97.94,500,-160.0,-95.0,186.07794065928394,-4,-169.3002774491856,-11,3,3,3.3831036055810055
1070,2010201,412815.0,3392400.0,7,200,3,0,2585.0,16.2,493,0,5,412665,3392295,488,0,2,-94.89,500,-150.0,-105.0,183.09833423600554,-5,-165.00797980144134,-12,3,3,3.7497199281485347
1071,2010201,412815.0,3392400.0,7,200,3,0,2585.0,16.2,493,0,5,412670,3392290,488,0,2,-98.33,500,-145.0,-110.0,182.00274723201295,-5,-162.81529354676687,-12,3,3,3.7722268332223177
1072,2010201,412815.0,3392400.0,7,200,3,0,2585.0,16.2,493,0,5,412660,3392300,489,0,2,-93.0,500,-155.0,-100.0,184.45866745696716,-4,-167.1714582085875,-11,3,3,3.4127323426496705
1073,2010201,412815.0,3392400.0,7,200,3,0,2585.0,16.2,493,0,5,412645,3392315,490,63,6,-86.0,500,-170.0,-85.0,190.06577808748213,-3,-173.434948822922,-10,3,3,3.0117467566453606
1074,2010201,412815.0,3392400.0,7,200,3,0,2585.0,16.2,493,0,5,412650,3392310,489,0,5,-96.5,500,-165.0,-90.0,187.94946129212502,-4,-171.3895403340348,-11,3,3,3.3494931857234316
1075,2010201,412815.0,3392400.0,7,200,3,0,2585.0,16.2,493,0,5,412635,3392305,490,0,6,-96.0,500,-180.0,-95.0,203.5313243704762,-3,-172.17590361574673,-10,3,3,2.8128221700206706
1076,2010201,412815.0,3392400.0,7,200,3,0,2585.0,16.2,493,0,5,412630,3392255,490,0,2,-95.5,500,-185.0,-145.0,235.05318547086316,-3,-161.9112271190247,-10,3,3,2.4360975708508508
1077,2010201,412815.0,3392400.0,7,200,3,0,2585.0,16.2,493,0,5,412635,3392260,490,0,2,-91.0,500,-180.0,-140.0,228.0350850198276,-3,-162.12501634890182,-10,3,3,2.510977368448501
1078,2010201,412815.0,3392400.0,7,200,3,0,2585.0,16.2,493,0,5,412625,3392250,491,0,2,-91.67,500,-190.0,-150.0,242.0743687382041,-2,-161.70983680775691,-9,3,3,2.12919948296628
1079,2010201,412815.0,3392400.0,7,200,3,0,2585.0,16.2,493,0,5,412620,3392245,491,0,2,-93.5,500,-195.0,-155.0,249.09837414162303,-2,-161.51980175165698,-9,3,3,2.0692138655534316
1080,2010201,412815.0,3392400.0,7,200,3,0,2585.0,16.2,493,0,5,412765,3392430,492,0,2,-66.5,500,-50.0,30.0,58.309518948453004,-1,129.0362434679265,-8,3,3,7.812142384069064
1081,2010201,412815.0,3392400.0,7,200,3,0,2585.0,16.2,493,0,5,412780,3392405,492,0,5,-69.33,500,-35.0,5.0,35.35533905932738,-1,151.86989764584405,-8,3,3,12.749851295121235
1082,2010201,412815.0,3392400.0,7,200,3,0,2585.0,16.2,493,0,5,412795,3392420,493,0,5,-56.0,500,-20.0,20.0,28.284271247461902,0,115.0,-7,3,3,13.900669075390693
1083,2010201,412815.0,3392400.0,7,200,3,0,2585.0,16.2,493,0,5,412665,3392370,488,0,6,-91.5,500,-150.0,-30.0,152.97058540778355,-5,-188.6900675259798,-12,3,3,4.48546483215546
1084,2010201,412815.0,3392400.0,7,200,3,0,2585.0,16.2,493,0,5,412660,3392365,489,0,6,-91.75,500,-155.0,-35.0,158.90248582070703,-4,-187.27564431457765,-11,3,3,3.959974033575259
1085,2010201,412815.0,3392400.0,7,200,3,0,2585.0,16.2,493,0,5,412770,3392435,492,0,2,-81.5,500,-45.0,35.0,57.0087712549569,-1,122.1250163489018,-8,3,3,7.9881134127929805
1086,2010201,412815.0,3392400.0,7,200,3,0,2585.0,16.2,493,0,5,412750,3392455,493,0,5,-84.23,500,-65.0,55.0,85.14693182963201,0,119.76364169072622,-7,3,3,4.699764671064311
1087,2010201,412815.0,3392400.0,7,200,3,0,2585.0,16.2,493,0,5,412735,3392480,493,0,6,-92.04,500,-80.0,80.0,113.13708498984761,0,115.0,-7,3,3,3.5404822946393986
1088,2010201,412815.0,3392400.0,7,200,3,0,2585.0,16.2,493,0,5,412755,3392460,493,0,5,-86.88,500,-60.0,60.0,84.8528137423857,0,115.0,-7,3,3,4.715981714482646
1089,2010201,412815.0,3392400.0,7,200,3,0,2585.0,16.2,493,0,5,412670,3392375,488,33,6,-96.5,500,-145.0,-25.0,147.13938969562162,-5,-190.21759296819272,-12,3,3,4.662456812765734
1090,2010201,412815.0,3392400.0,7,200,3,0,2585.0,16.2,493,0,5,412675,3392380,488,33,6,-88.33,500,-140.0,-20.0,141.4213562373095,-5,-191.86989764584402,-12,3,3,4.850090156191999
1091,2010201,412815.0,3392400.0,7,200,3,0,2585.0,16.2,493,0,5,412685,3392350,488,0,5,-88.65,500,-130.0,-50.0,139.2838827718412,-5,-178.96248897457818,-12,3,3,4.924157223346862
1092,2010201,412815.0,3392400.0,7,200,3,0,2585.0,16.2,493,0,5,412695,3392360,489,0,5,-85.33,500,-120.0,-40.0,126.49110640673517,-4,-181.565051177078,-11,3,3,4.970088400576574
1093,2010201,412815.0,3392400.0,7,200,3,0,2585.0,16.2,493,0,5,412730,3392475,493,0,6,-89.39,500,-85.0,75.0,113.35784048754634,0,118.57633437499737,-7,3,3,3.5336049701553054
1094,2010201,412815.0,3392400.0,7,200,3,0,2585.0,16.2,493,0,5,412740,3392445,492,0,5,-87.55,500,-75.0,45.0,87.46427842267951,-1,129.0362434679265,-8,3,3,5.226069314692103
1095,2010201,412815.0,3392400.0,7,200,3,0,2585.0,16.2,493,0,5,412680,3392345,488,0,5,-89.38,500,-135.0,-55.0,145.7737973711325,-5,-177.83365417791757,-12,3,3,4.705938913540255
1096,2010201,412815.0,3392400.0,7,200,3,0,2585.0,16.2,493,0,5,412745,3392450,493,0,5,-86.63,500,-70.0,50.0,86.02325267042627,0,124.46232220802563,-7,3,3,4.652099276340239
1097,2010201,412815.0,3392400.0,7,200,3,0,2585.0,16.2,493,0,5,412700,3392325,489,0,2,-93.44,500,-115.0,-75.0,137.2953021774598,-4,-166.88865803962798,-11,3,3,4.580711660829153
1098,2010201,412815.0,3392400.0,7,200,3,0,2585.0,16.2,493,0,5,412725,3392470,493,0,6,-89.58,500,-90.0,70.0,114.0175425099138,0,122.1250163489018,-7,3,3,3.513210996211339
1099,2010201,412815.0,3392400.0,7,200,3,0,2585.0,16.2,493,0,5,412690,3392355,489,0,5,-87.71,500,-125.0,-45.0,132.85330255586422,-4,-180.20112364547506,-11,3,3,4.733184786000173
1100,2010201,412815.0,3392400.0,7,200,3,0,2585.0,16.2,493,0,5,412720,3392465,493,0,6,-98.5,500,-95.0,65.0,115.10864433221339,0,125.61965527615513,-7,3,3,3.479991895653697
1101,2010201,412815.0,3392400.0,7,200,3,0,2585.0,16.2,493,0,5,412710,3392335,489,0,2,-92.19,500,-105.0,-65.0,123.4908903522847,-4,-168.2405199151872,-11,3,3,5.090210002741232
1102,2010201,412815.0,3392400.0,7,200,3,0,2585.0,16.2,493,0,5,412705,3392330,489,0,2,-87.63,500,-110.0,-70.0,130.38404810405297,-4,-167.52880770915152,-11,3,3,4.822404503018382
1103,2010201,412815.0,3392400.0,7,200,3,0,2585.0,16.2,493,0,5,412760,3392425,492,0,2,-73.25,500,-55.0,25.0,60.41522986797286,-1,135.55604521958344,-8,3,3,7.543048966828776
1104,2010201,412815.0,3392400.0,7,200,3,0,2585.0,16.2,493,0,5,412715,3392340,489,0,2,-87.08,500,-100.0,-60.0,116.61903789690601,-4,-169.03624346792648,-11,3,3,5.38843714118542
1105,2010201,412815.0,3392400.0,7,200,3,0,2585.0,16.2,493,0,5,412630,3392250,490,0,2,-94.33,500,-185.0,-150.0,238.17010727629108,-3,-160.96448710125313,-10,3,3,2.4042541272298177
1106,2010201,412815.0,3392400.0,7,200,3,0,2585.0,16.2,493,0,5,412635,3392245,490,0,2,-98.75,500,-180.0,-155.0,237.53947040439405,-3,-159.26789330029084,-10,3,3,2.4106295939775855
1107,2010201,412815.0,3392400.0,7,200,3,0,2585.0,16.2,493,0,5,412615,3392265,491,0,5,-93.0,500,-200.0,-135.0,241.29857024027308,-2,-165.98065001017355,-9,3,3,2.1360387364457973
1108,2010201,412815.0,3392400.0,7,200,3,0,2585.0,16.2,493,0,5,412610,3392270,491,0,6,-96.5,500,-205.0,-130.0,242.7447218787671,-2,-167.61932229343077,-9,3,3,2.1233249688678306
1109,2010201,412815.0,3392400.0,7,200,3,0,2585.0,16.2,493,0,5,412625,3392255,491,0,5,-108.0,500,-190.0,-145.0,239.0083680543424,-2,-162.65065095535942,-9,3,3,2.1564872413924427
1110,2010201,412815.0,3392400.0,7,200,3,0,2585.0,16.2,493,0,5,412680,3392250,489,0,5,-93.25,500,-135.0,-150.0,201.80436070610565,-4,-151.98721249581666,-11,3,3,3.1200043974329787
1111,2010201,412815.0,3392400.0,7,200,3,0,2585.0,16.2,493,0,5,412660,3392310,489,0,6,-95.57,500,-155.0,-90.0,179.2344832893492,-4,-169.85861444792468,-11,3,3,3.5119584994050204
1112,2010201,412815.0,3392400.0,7,200,3,0,2585.0,16.2,493,0,5,412665,3392305,488,0,6,-96.71,500,-150.0,-95.0,177.55280904564702,-5,-167.65255650055798,-12,3,3,3.8664854373676993
1113,2010201,412815.0,3392400.0,7,200,3,0,2585.0,16.2,493,0,5,412675,3392315,488,0,6,-95.69,500,-140.0,-85.0,163.783393541592,-5,-168.73626830562256,-12,3,3,4.190431048908906
1114,2010201,412815.0,3392400.0,7,200,3,0,2585.0,16.2,493,0,5,412640,3392290,490,0,5,-91.5,500,-175.0,-110.0,206.70026608594387,-3,-167.84770485871766,-10,3,3,2.7697661959936375
1115,2010201,412815.0,3392400.0,7,200,3,0,2585.0,16.2,493,0,5,412645,3392285,490,0,5,-93.11,500,-170.0,-115.0,205.24375751773792,-3,-165.92280471986928,-10,3,3,2.7893908572809107
1116,2010201,412815.0,3392400.0,7,200,3,0,2585.0,16.2,493,0,5,412670,3392320,488,0,6,-95.73,500,-145.0,-80.0,165.60495161679194,-5,-171.1134182330893,-12,3,3,4.1445002479709485
1117,2010201,412815.0,3392400.0,7,200,3,0,2585.0,16.2,493,0,5,412650,3392300,489,0,5,-99.0,500,-165.0,-100.0,192.93781381574738,-4,-168.7815972356536,-11,3,3,3.263082598520549
1118,2010201,412815.0,3392400.0,7,200,3,0,2585.0,16.2,493,0,5,412655,3392295,489,0,2,-92.89,500,-160.0,-105.0,191.3765920900464,-4,-166.72511201516508,-11,3,3,3.2896441132222827
1119,2010201,412815.0,3392400.0,7,200,3,0,2585.0,16.2,493,0,5,412690,3392260,490,0,13,-97.5,500,-125.0,-140.0,187.6832437912346,-3,-151.76029970389789,-10,3,3,3.0499074751480126
1120,2010201,412815.0,3392400.0,7,200,3,0,2585.0,16.2,493,0,5,412765,3392335,491,0,12,-77.0,500,-50.0,-65.0,82.00609733428362,-2,-147.56859202882748,-9,3,3,6.26302861099972
1121,2010201,412815.0,3392400.0,7,200,3,0,2585.0,16.2,493,0,5,412755,3392385,491,0,2,-88.5,500,-60.0,-15.0,61.84658438426491,-2,-185.96375653207352,-9,3,3,8.279642510622892
1122,2010201,412815.0,3392400.0,7,200,3,0,2585.0,16.2,493,0,5,412750,3392390,491,0,2,-83.5,500,-65.0,-10.0,65.76473218982953,-2,-191.2538377374448,-9,3,3,7.792604540036136
1123,2010201,412815.0,3392400.0,7,200,3,0,2585.0,16.2,493,0,5,412780,3392360,492,0,12,-75.0,500,-35.0,-40.0,53.150729063673246,-1,-151.18592516570965,-8,3,3,8.559640438125495
1124,2010201,412815.0,3392400.0,7,200,3,0,2585.0,16.2,493,0,5,412740,3392400,491,0,2,-85.45,500,-75.0,0.0,75.0,-2,160.0,-9,3,3,6.84277341263094
1125,2010201,412815.0,3392400.0,7,200,3,0,2585.0,16.2,493,0,5,412735,3392365,490,0,2,-88.08,500,-80.0,-35.0,87.32124598286491,-3,-176.3706222693432,-10,3,3,6.533033075626061
1126,2010201,412815.0,3392400.0,7,200,3,0,2585.0,16.2,493,0,5,412745,3392395,491,0,2,-87.83,500,-70.0,-5.0,70.178344238091,-2,-195.91438322002512,-9,3,3,7.307989590175903
1127,2010201,412815.0,3392400.0,7,200,3,0,2585.0,16.2,493,0,5,412770,3392330,492,0,6,-81.59,500,-45.0,-70.0,83.21658488546619,-1,-142.73522627210758,-8,3,3,5.491236639971658
1128,2010201,412815.0,3392400.0,7,200,3,0,2585.0,16.2,493,0,5,412715,3392425,491,0,5,-84.67,500,-100.0,25.0,103.07764064044152,-2,145.9637565320735,-9,3,3,4.9900015722538695
1129,2010201,412815.0,3392400.0,7,200,3,0,2585.0,16.2,493,0,5,412775,3392325,492,0,6,-84.33,500,-40.0,-75.0,85.0,-1,-138.07248693585296,-8,3,3,5.376705428050741
1130,2010201,412815.0,3392400.0,7,200,3,0,2585.0,16.2,493,0,5,412670,3392470,493,0,5,-112.0,500,-145.0,70.0,161.01242188104618,0,134.23067237566124,-7,3,3,2.4893610981304626
1131,2010201,412815.0,3392400.0,7,200,3,0,2585.0,16.2,493,0,5,412790,3392350,492,0,6,-70.7,500,-25.0,-50.0,55.90169943749474,-1,-136.56505117707798,-8,3,3,8.144207136149896
1132,2010201,412815.0,3392400.0,7,200,3,0,2585.0,16.2,493,0,5,412720,3392380,490,0,2,-80.48,500,-95.0,-20.0,97.082439194738,-3,-188.11134196037204,-10,3,3,5.881024693804078
1133,2010201,412815.0,3392400.0,7,200,3,0,2585.0,16.2,493,0,5,412760,3392340,491,0,12,-86.0,500,-55.0,-60.0,81.39410298049853,-2,-152.51044707800085,-9,3,3,6.309741298968085
1134,2010201,412815.0,3392400.0,7,200,3,0,2585.0,16.2,493,0,5,412795,3392345,493,0,5,-69.0,500,-20.0,-55.0,58.52349955359813,0,-129.98310652189997,-7,3,3,6.820748320365754
1135,2010201,412815.0,3392400.0,7,200,3,0,2585.0,16.2,493,0,5,412710,3392430,491,0,6,-85.93,500,-105.0,30.0,109.20164833920778,-2,144.0546040990771,-9,3,3,4.711460148278635
1136,2010201,412815.0,3392400.0,7,200,3,0,2585.0,16.2,493,0,5,412725,3392375,490,0,2,-83.31,500,-90.0,-25.0,93.40770846134703,-3,-184.47588900324575,-10,3,3,6.110671001741464
1137,2010201,412815.0,3392400.0,7,200,3,0,2585.0,16.2,493,0,5,412690,3392410,490,33,6,-86.0,500,-125.0,10.0,125.39936203984452,-3,155.42607874009911,-10,3,3,4.559416109622995
1138,2010201,412815.0,3392400.0,7,200,3,0,2585.0,16.2,493,0,5,412730,3392370,490,0,2,-84.3,500,-85.0,-30.0,90.13878188659973,-3,-180.55996517182382,-10,3,3,6.330509401162716
1139,2010201,412815.0,3392400.0,7,200,3,0,2585.0,16.2,493,0,5,412785,3392355,492,0,5,-67.27,500,-30.0,-45.0,54.08326913195984,-1,-143.69006752597977,-8,3,3,8.41418034588911
1140,2010201,412815.0,3392400.0,7,200,3,0,2585.0,16.2,493,0,5,412685,3392415,490,33,5,-97.67,500,-130.0,15.0,130.86252328302402,-3,153.418055344822,-10,3,3,4.36982587280222
1141,2010201,412815.0,3392400.0,7,200,3,0,2585.0,16.2,493,0,5,412695,3392405,490,0,6,-85.75,500,-120.0,5.0,120.10412149464314,-3,157.61405596961117,-10,3,3,4.759530941773413
1142,2010201,412815.0,3392400.0,7,200,3,0,2585.0,16.2,493,0,5,412705,3392435,492,0,6,-103.67,500,-110.0,35.0,115.43396380615195,-1,142.34987578006985,-8,3,3,3.964470108715351
1143,2010201,412815.0,3392400.0,7,200,3,0,2585.0,16.2,493,0,5,412785,3392510,493,0,2,-99.5,500,-30.0,110.0,114.0175425099138,0,85.2551187030578,-7,3,3,3.513210996211339
1144,2010201,412815.0,3392400.0,7,200,3,0,2585.0,16.2,493,0,5,412730,3392535,496,0,5,-96.0,500,-85.0,135.0,159.53056133543816,3,102.19573393471325,-4,3,3,1.4363085439324403
1145,2010201,412815.0,3392400.0,7,200,3,0,2585.0,16.2,493,0,5,412765,3392490,493,0,5,-88.23,500,-50.0,90.0,102.95630140987001,0,99.05460409907715,-7,3,3,3.8895546741819005
1146,2010201,412815.0,3392400.0,7,200,3,0,2585.0,16.2,493,0,5,412770,3392495,493,0,2,-90.22,500,-45.0,95.0,105.11898020814318,0,95.34617594194668,-7,3,3,3.809770547384483
1147,2010201,412815.0,3392400.0,7,200,3,0,2585.0,16.2,493,0,5,412750,3392555,495,0,6,-98.07,500,-65.0,155.0,168.0773631397161,2,92.75097634278762,-5,3,3,1.7039441243528408
1148,2010201,412815.0,3392400.0,7,200,3,0,2585.0,16.2,493,0,5,412760,3392485,493,0,5,-87.8,500,-55.0,85.0,101.24228365658294,0,102.9052429229879,-7,3,3,3.9551970272526704
1149,2010201,412815.0,3392400.0,7,200,3,0,2585.0,16.2,493,0,5,412755,3392560,495,0,6,-96.71,500,-60.0,160.0,170.88007490635061,2,90.55604521958344,-5,3,3,1.6760127359451507
1150,2010201,412815.0,3392400.0,7,200,3,0,2585.0,16.2,493,0,5,412740,3392545,496,0,6,-97.4,500,-75.0,145.0,163.24827717314508,3,97.34987578006985,-4,3,3,1.403612174324099
1151,2010201,412815.0,3392400.0,7,200,3,0,2585.0,16.2,493,0,5,412745,3392550,496,0,6,-96.83,500,-70.0,150.0,165.5294535724685,3,95.01689347810003,-4,3,3,1.3842764467446502
1152,2010201,412815.0,3392400.0,7,200,3,0,2585.0,16.2,493,0,5,412635,3392360,490,0,5,-99.0,500,-180.0,-40.0,184.39088914585776,-3,-187.47119229084848,-10,3,3,3.104258912424813
1153,2010201,412815.0,3392400.0,7,200,3,0,2585.0,16.2,493,0,5,412775,3392500,493,0,2,-87.0,500,-40.0,100.0,107.70329614269008,0,91.80140948635182,-7,3,3,3.718615606722657
1154,2010201,412815.0,3392400.0,7,200,3,0,2585.0,16.2,493,0,5,412735,3392540,496,0,6,-94.2,500,-80.0,140.0,161.24515496597098,3,99.74488129694225,-4,3,3,1.4210419130401521
1155,2010201,412815.0,3392400.0,7,200,3,0,2585.0,16.2,493,0,5,412840,3392500,492,0,5,-92.33,500,25.0,100.0,103.07764064044152,-1,55.963756532073546,-8,3,3,4.437909304952874
1156,2010201,412815.0,3392400.0,7,200,3,0,2585.0,16.2,493,0,5,412845,3392495,492,0,12,-95.67,500,30.0,95.0,99.62429422585637,-1,52.47443162627712,-8,3,3,4.591096949187676
1157,2010201,412815.0,3392400.0,7,200,3,0,2585.0,16.2,493,0,5,412830,3392550,492,0,5,-96.57,500,15.0,150.0,150.74813431681335,-1,64.28940686250036,-8,3,3,3.0377600869493078
1158,2010201,412815.0,3392400.0,7,200,3,0,2585.0,16.2,493,0,5,412835,3392545,492,0,5,-93.33,500,20.0,145.0,146.37281168304446,-1,62.14668669802177,-8,3,3,3.128385948128354
1159,2010201,412815.0,3392400.0,7,200,3,0,2585.0,16.2,493,0,5,412775,3392425,492,0,2,-78.75,500,-40.0,25.0,47.16990566028302,-1,127.99461679191654,-8,3,3,9.625750377173969
1160,2010201,412815.0,3392400.0,7,200,3,0,2585.0,16.2,493,0,5,412785,3392415,493,0,5,-84.0,500,-30.0,15.0,33.54101966249684,0,133.43494882292202,-7,3,3,11.788404329313064
1161,2010201,412815.0,3392400.0,7,200,3,0,2585.0,16.2,493,0,5,412770,3392430,492,0,2,-80.4,500,-45.0,30.0,54.08326913195984,-1,126.30993247402023,-8,3,3,8.41418034588911
1162,2010201,412815.0,3392400.0,7,200,3,0,2585.0,16.2,493,0,5,412670,3392370,488,0,6,-88.5,500,-145.0,-30.0,148.07092894960846,-5,-188.31063082456083,-12,3,3,4.633252616601338
1163,2010201,412815.0,3392400.0,7,200,3,0,2585.0,16.2,493,0,5,412765,3392435,492,0,2,-82.13,500,-50.0,35.0,61.032778078668514,-1,125.00797980144137,-8,3,3,7.467591823369961
1164,2010201,412815.0,3392400.0,7,200,3,0,2585.0,16.2,493,0,5,412725,3392475,493,0,6,-89.6,500,-90.0,75.0,117.15374513859982,0,120.19442890773485,-7,3,3,3.4193886420090407
1165,2010201,412815.0,3392400.0,7,200,3,0,2585.0,16.2,493,0,5,412730,3392470,493,0,6,-90.79,500,-85.0,70.0,110.11357772772621,0,120.52754015165618,-7,3,3,3.6374396101430775
1166,2010201,412815.0,3392400.0,7,200,3,0,2585.0,16.2,493,0,5,412680,3392360,488,0,5,-86.95,500,-135.0,-40.0,140.80127840328723,-5,-183.49563861824498,-12,3,3,4.871347014634027
1167,2010201,412815.0,3392400.0,7,200,3,0,2585.0,16.2,493,0,5,412720,3392480,494,0,6,-97.56,500,-95.0,80.0,124.19742348374221,1,119.89909245378777,-6,3,3,2.765819121793173
1168,2010201,412815.0,3392400.0,7,200,3,0,2585.0,16.2,493,0,5,412750,3392450,493,0,5,-86.46,500,-65.0,50.0,82.00609733428362,0,122.43140797117252,-7,3,3,4.87891274947136
1169,2010201,412815.0,3392400.0,7,200,3,0,2585.0,16.2,493,0,5,412685,3392355,488,0,5,-88.62,500,-130.0,-45.0,137.56816492197603,-5,-180.9065079995144,-12,3,3,4.985262560402529
1170,2010201,412815.0,3392400.0,7,200,3,0,2585.0,16.2,493,0,5,412740,3392460,493,0,5,-88.38,500,-75.0,60.0,96.04686356149273,0,121.34019174590992,-7,3,3,4.168408843497471
1171,2010201,412815.0,3392400.0,7,200,3,0,2585.0,16.2,493,0,5,412735,3392465,493,0,5,-92.05,500,-80.0,65.0,103.07764064044152,0,120.9061411137705,-7,3,3,3.884990061875219
1172,2010201,412815.0,3392400.0,7,200,3,0,2585.0,16.2,493,0,5,412690,3392350,489,0,5,-88.73,500,-125.0,-50.0,134.6291201783626,-4,-178.19859051364818,-11,3,3,4.6710300830116145
1173,2010201,412815.0,3392400.0,7,200,3,0,2585.0,16.2,493,0,5,412695,3392345,489,0,2,-87.11,500,-120.0,-55.0,132.00378782444085,-4,-175.3764352138364,-11,3,3,4.763505627924038
1174,2010201,412815.0,3392400.0,7,200,3,0,2585.0,16.2,493,0,5,412700,3392340,489,0,2,-93.35,500,-115.0,-60.0,129.71121771072848,-4,-172.4471884232822,-11,3,3,4.847300112785328
1175,2010201,412815.0,3392400.0,7,200,3,0,2585.0,16.2,493,0,5,412745,3392455,493,0,5,-88.0,500,-70.0,55.0,89.02246907382428,0,121.84277341263095,-7,3,3,4.496021197961541
1176,2010201,412815.0,3392400.0,7,200,3,0,2585.0,16.2,493,0,5,412710,3392330,489,0,2,-87.0,500,-105.0,-70.0,126.19429464123962,-4,-166.30993247402023,-11,3,3,4.9817194004186325
1177,2010201,412815.0,3392400.0,7,200,3,0,2585.0,16.2,493,0,5,412665,3392375,488,33,6,-100.67,500,-150.0,-25.0,152.0690632574555,-5,-190.53767779197437,-12,3,3,4.511946864480255
1178,2010201,412815.0,3392400.0,7,200,3,0,2585.0,16.2,493,0,5,412705,3392335,489,0,2,-90.0,500,-110.0,-65.0,127.76932339180638,-4,-169.42077312751098,-11,3,3,4.9206124868229875
1179,2010201,412815.0,3392400.0,7,200,3,0,2585.0,16.2,493,0,5,412715,3392325,489,0,2,-93.33,500,-100.0,-75.0,125.0,-4,-163.13010235415598,-11,3,3,5.029073581785447
1180,2010201,412815.0,3392400.0,7,200,3,0,2585.0,16.2,493,0,5,412795,3392405,493,0,5,-64.0,500,-20.0,5.0,20.615528128088304,0,145.9637565320735,-7,3,3,18.754912214077386
1181,2010201,412815.0,3392400.0,7,200,3,0,2585.0,16.2,493,0,5,412760,3392440,492,0,2,-80.4,500,-55.0,40.0,68.00735254367721,-1,123.9726266148964,-8,3,3,6.709117994108565
1182,2010201,412815.0,3392400.0,7,200,3,0,2585.0,16.2,493,0,5,412780,3392420,492,0,2,-77.67,500,-35.0,20.0,40.311288741492746,-1,130.25511870305775,-8,3,3,11.224821667293003
1183,2010201,412815.0,3392400.0,7,200,3,0,2585.0,16.2,493,0,5,412660,3392380,489,33,5,-95.5,500,-155.0,-20.0,156.28499608087785,-4,-192.64762064010765,-11,3,3,4.0260800891376025
1184,2010201,412815.0,3392400.0,7,200,3,0,2585.0,16.2,493,0,5,412675,3392365,488,0,6,-90.45,500,-140.0,-35.0,144.30869689661813,-5,-185.96375653207352,-12,3,3,4.753498326106595
1185,2010201,412815.0,3392400.0,7,200,3,0,2585.0,16.2,493,0,5,412755,3392445,492,0,2,-86.38,500,-60.0,45.0,75.0,-1,123.13010235415595,-8,3,3,6.088528154195175
1186,2010201,412815.0,3392400.0,7,200,3,0,2585.0,16.2,493,0,5,412645,3392395,490,0,10,-99.0,500,-170.0,-5.0,170.07351351694948,-3,-198.31531568210372,-10,3,3,3.365008870357933
1187,2010201,412815.0,3392400.0,7,200,3,0,2585.0,16.2,493,0,5,412680,3392400,489,33,6,-103.75,500,-135.0,0.0,135.0,-4,160.0,-11,3,3,4.658254109675612
1188,2010201,412815.0,3392400.0,7,200,3,0,2585.0,16.2,493,0,5,412770,3392470,493,0,2,-87.33,500,-45.0,70.0,83.21658488546619,0,102.73522627210758,-7,3,3,4.8082781409984
1189,2010201,412815.0,3392400.0,7,200,3,0,2585.0,16.2,493,0,5,412655,3392345,489,63,6,-89.5,500,-160.0,-55.0,169.1892431568863,-4,-181.02959219151347,-11,3,3,3.719904206283326
1190,2010201,412815.0,3392400.0,7,200,3,0,2585.0,16.2,493,0,5,412750,3392410,491,0,2,-82.14,500,-65.0,10.0,65.76473218982953,-2,151.25383773744477,-9,3,3,7.792604540036136
1191,2010201,412815.0,3392400.0,7,200,3,0,2585.0,16.2,493,0,5,412755,3392405,491,0,2,-78.25,500,-60.0,5.0,60.207972893961475,-2,155.23635830927378,-9,3,3,8.501729643938765
1192,2010201,412815.0,3392400.0,7,200,3,0,2585.0,16.2,493,0,5,412715,3392365,489,0,2,-80.93,500,-100.0,-35.0,105.94810050208545,-4,-180.70995378081125,-11,3,3,5.9274635260899755
1193,2010201,412815.0,3392400.0,7,200,3,0,2585.0,16.2,493,0,5,412775,3392465,493,0,2,-83.88,500,-40.0,65.0,76.32168761236873,0,101.60750224624894,-7,3,3,5.240338722538295
1194,2010201,412815.0,3392400.0,7,200,3,0,2585.0,16.2,493,0,5,412780,3392460,493,0,2,-89.5,500,-35.0,60.0,69.46221994724903,0,100.25643716352926,-7,3,3,5.754509252636925
1195,2010201,412815.0,3392400.0,7,200,3,0,2585.0,16.2,493,0,5,412700,3392380,489,0,5,-82.94,500,-115.0,-20.0,116.72617529928752,-4,-190.13419305691565,-11,3,3,5.3835204222950175
1196,2010201,412815.0,3392400.0,7,200,3,0,2585.0,16.2,493,0,5,412685,3392395,489,0,6,-78.75,500,-130.0,-5.0,130.09611831257686,-4,-197.7974018382342,-11,3,3,4.8330269877882515
1197,2010201,412815.0,3392400.0,7,200,3,0,2585.0,16.2,493,0,5,412665,3392335,488,0,5,-92.11,500,-150.0,-65.0,163.47782724271815,-5,-176.5713071912546,-12,3,3,4.198235658088468
1198,2010201,412815.0,3392400.0,7,200,3,0,2585.0,16.2,493,0,5,412735,3392425,492,0,5,-84.73,500,-80.0,25.0,83.81527307120105,-1,142.64597536373867,-8,3,3,5.452250222178415
1199,2010201,412815.0,3392400.0,7,200,3,0,2585.0,16.2,493,0,5,412710,3392370,489,0,2,-82.03,500,-105.0,-30.0,109.20164833920778,-4,-184.05460409907712,-11,3,3,5.752063209281633
1200,2010201,412815.0,3392400.0,7,200,3,0,2585.0,16.2,493,0,5,412695,3392385,489,0,5,-92.09,500,-120.0,-15.0,120.93386622447825,-4,-192.8749836510982,-11,3,3,5.197253975822882
1201,2010201,412815.0,3392400.0,7,200,3,0,2585.0,16.2,493,0,5,412740,3392420,492,0,5,-84.04,500,-75.0,20.0,77.62087348130012,-1,145.0685828218625,-8,3,3,5.884416106045896
1202,2010201,412815.0,3392400.0,7,200,3,0,2585.0,16.2,493,0,5,412725,3392435,492,0,5,-85.28,500,-90.0,35.0,96.56603957913983,-1,138.7494944928668,-8,3,3,4.735846108329014
1203,2010201,412815.0,3392400.0,7,200,3,0,2585.0,16.2,493,0,5,412705,3392375,489,0,5,-82.59,500,-110.0,-25.0,112.80514172678478,-4,-187.19573393471325,-11,3,3,5.569491116534267
1204,2010201,412815.0,3392400.0,7,200,3,0,2585.0,16.2,493,0,5,412730,3392430,492,0,5,-86.81,500,-85.0,30.0,90.13878188659973,-1,140.55996517182382,-8,3,3,5.07182788012928
1205,2010201,412815.0,3392400.0,7,200,3,0,2585.0,16.2,493,0,5,412670,3392330,488,0,5,-94.79,500,-145.0,-70.0,161.01242188104618,-5,-174.23067237566127,-12,3,3,4.262283480318116
1206,2010201,412815.0,3392400.0,7,200,3,0,2585.0,16.2,493,0,5,412675,3392325,488,0,2,-94.71,500,-140.0,-75.0,158.8238017426859,-5,-171.82140989004085,-12,3,3,4.320797574273041
1207,2010201,412815.0,3392400.0,7,200,3,0,2585.0,16.2,493,0,5,412720,3392440,492,0,5,-92.63,500,-95.0,40.0,103.07764064044152,-1,137.16634582208246,-8,3,3,4.437909304952874
1208,2010201,412815.0,3392400.0,7,200,3,0,2585.0,16.2,493,0,5,412760,3392480,493,0,5,-86.88,500,-55.0,80.0,97.082439194738,0,104.50852298766841,-7,3,3,4.1240987870983545
1209,2010201,412815.0,3392400.0,7,200,3,0,2585.0,16.2,493,0,5,412690,3392390,489,0,6,-92.16,500,-125.0,-10.0,125.39936203984452,-4,-195.42607874009914,-11,3,3,5.013139128924395
1210,2010201,412815.0,3392400.0,7,200,3,0,2585.0,16.2,493,0,5,412745,3392415,492,0,2,-83.64,500,-70.0,15.0,71.58910531638176,-1,147.9052429229879,-8,3,3,6.376283203492619
1211,2010201,412815.0,3392400.0,7,200,3,0,2585.0,16.2,493,0,5,412765,3392475,493,0,2,-90.2,500,-50.0,75.0,90.13878188659973,0,103.69006752597977,-7,3,3,4.440564856211882
1212,2010201,412815.0,3392400.0,7,200,3,0,2585.0,16.2,493,0,5,412660,3392340,489,0,6,-92.82,500,-155.0,-60.0,166.20770138594662,-4,-178.83874018317172,-11,3,3,3.786441849155542
1213,2010201,412815.0,3392400.0,7,200,3,0,2585.0,16.2,493,0,5,412805,3392445,493,0,5,-76.0,500,-10.0,45.0,46.09772228646444,0,82.52880770915152,-7,3,3,8.634476058451307
1214,2010201,412815.0,3392400.0,7,200,3,0,2585.0,16.2,493,0,5,412810,3392460,493,0,5,-87.25,500,-5.0,60.0,60.207972893961475,0,74.76364169072616,-7,3,3,6.631644144241638
1215,2010201,412815.0,3392400.0,7,200,3,0,2585.0,16.2,493,0,5,412820,3392470,493,0,5,-85.0,500,5.0,70.0,70.178344238091,0,65.91438322002512,-7,3,3,5.696176361773174
1216,2010201,412815.0,3392400.0,7,200,3,0,2585.0,16.2,493,0,5,412825,3392465,493,0,12,-90.67,500,10.0,65.0,65.76473218982953,0,61.25383773744477,-7,3,3,6.075688547161622
1217,2010201,412815.0,3392400.0,7,200,3,0,2585.0,16.2,493,0,5,412830,3392480,493,0,12,-92.15,500,15.0,80.0,81.39410298049853,0,59.38034472384487,-7,3,3,4.915417755112416
1218,2010201,412815.0,3392400.0,7,200,3,0,2585.0,16.2,493,0,5,412840,3392410,494,0,6,-98.9,500,25.0,10.0,26.92582403567252,1,1.8014094863518153,-6,3,3,12.562228295302136
1219,2010201,412815.0,3392400.0,7,200,3,0,2585.0,16.2,493,0,5,412855,3392415,494,24,5,-98.25,500,40.0,15.0,42.720018726587654,1,0.5560452195834671,-6,3,3,7.994861271478283
1220,2010201,412815.0,3392400.0,7,200,3,0,2585.0,16.2,493,0,5,412845,3392405,494,0,5,-98.0,500,30.0,5.0,30.4138126514911,1,-10.537677791974374,-6,3,3,11.159936872185444
1221,2010201,412815.0,3392400.0,7,200,3,0,2585.0,16.2,493,0,5,412835,3392475,493,0,5,-92.5,500,20.0,75.0,77.62087348130012,0,55.068582821862435,-7,3,3,5.153104325519137
1222,2010201,412815.0,3392400.0,7,200,3,0,2585.0,16.2,493,0,5,412815,3392455,493,0,5,-82.9,500,0.0,55.0,55.0,0,70.0,-7,3,3,7.253194612725333
1223,2010201,412815.0,3392400.0,7,200,3,0,2585.0,16.2,493,0,5,412680,3392395,489,33,6,-83.0,500,-135.0,-5.0,135.09256086106296,-4,-197.87890360333856,-11,3,3,4.655076462966485
1224,2010201,412815.0,3392400.0,7,200,3,0,2585.0,16.2,493,0,5,412765,3392480,493,0,5,-87.43,500,-50.0,80.0,94.33981132056604,0,102.00538320808352,-7,3,3,4.2435619278552394
1225,2010201,412815.0,3392400.0,7,200,3,0,2585.0,16.2,493,0,5,412650,3392345,489,63,6,-101.0,500,-165.0,-55.0,173.92527130926086,-4,-181.565051177078,-11,3,3,3.6188832299832416
1226,2010201,412815.0,3392400.0,7,200,3,0,2585.0,16.2,493,0,5,412645,3392360,490,0,5,-91.33,500,-170.0,-40.0,174.64249196572982,-3,-186.75948008481282,-10,3,3,3.2771683126184037
1227,2010201,412815.0,3392400.0,7,200,3,0,2585.0,16.2,493,0,5,412660,3392335,489,0,5,-92.5,500,-155.0,-65.0,168.0773631397161,-4,-177.24902365721235,-11,3,3,3.7444426617595488
1228,2010201,412815.0,3392400.0,7,200,3,0,2585.0,16.2,493,0,5,412745,3392420,492,0,2,-82.2,500,-70.0,20.0,72.80109889280519,-1,144.0546040990771,-8,3,3,6.2709835451627045
1229,2010201,412815.0,3392400.0,7,200,3,0,2585.0,16.2,493,0,5,412715,3392370,489,0,2,-81.05,500,-100.0,-30.0,104.4030650891055,-4,-183.3007557660064,-11,3,3,6.014544250273251
1230,2010201,412815.0,3392400.0,7,200,3,0,2585.0,16.2,493,0,5,412725,3392440,492,0,5,-88.91,500,-90.0,40.0,98.48857801796105,-1,136.03751102542185,-8,3,3,4.6438087207464624
1231,2010201,412815.0,3392400.0,7,200,3,0,2585.0,16.2,493,0,5,412770,3392465,493,0,2,-86.0,500,-45.0,65.0,79.05694150420949,0,104.69515353123398,-7,3,3,5.059988675900263
1232,2010201,412815.0,3392400.0,7,200,3,0,2585.0,16.2,493,0,5,412790,3392445,493,0,5,-82.5,500,-25.0,45.0,51.478150704935004,0,99.05460409907715,-7,3,3,7.743586603961099
1233,2010201,412815.0,3392400.0,7,200,3,0,2585.0,16.2,493,0,5,412675,3392330,488,0,5,-94.94,500,-140.0,-70.0,156.52475842498527,-5,-173.434948822922,-12,3,3,4.384016024696988
1234,2010201,412815.0,3392400.0,7,200,3,0,2585.0,16.2,493,0,5,412670,3392325,488,0,5,-95.31,500,-145.0,-75.0,163.24827717314508,-5,-172.65012421993012,-12,3,3,4.2041178173603
1235,2010201,412815.0,3392400.0,7,200,3,0,2585.0,16.2,493,0,5,412705,3392380,489,0,5,-84.02,500,-110.0,-20.0,111.80339887498948,-4,-189.69515353123398,-11,3,3,5.619075027796313
1236,2010201,412815.0,3392400.0,7,200,3,0,2585.0,16.2,493,0,5,412740,3392415,491,0,5,-82.93,500,-75.0,15.0,76.48529270389177,-2,148.69006752597977,-9,3,3,6.711115269369334
1237,2010201,412815.0,3392400.0,7,200,3,0,2585.0,16.2,493,0,5,412730,3392425,492,0,5,-87.64,500,-85.0,25.0,88.60022573334675,-1,143.6104596659652,-8,3,3,5.159429609858941
1238,2010201,412815.0,3392400.0,7,200,3,0,2585.0,16.2,493,0,5,412695,3392390,489,0,5,-87.19,500,-120.0,-10.0,120.41594578792295,-4,-195.2363583092738,-11,3,3,5.219484654594031
1239,2010201,412815.0,3392400.0,7,200,3,0,2585.0,16.2,493,0,5,412710,3392365,489,0,2,-82.89,500,-105.0,-35.0,110.67971810589327,-4,-181.565051177078,-11,3,3,5.675752314328851
1240,2010201,412815.0,3392400.0,7,200,3,0,2585.0,16.2,493,0,5,412665,3392340,488,0,5,-92.33,500,-150.0,-60.0,161.55494421403512,-5,-178.19859051364818,-12,3,3,4.248022666728544
1241,2010201,412815.0,3392400.0,7,200,3,0,2585.0,16.2,493,0,5,412720,3392435,492,0,5,-89.17,500,-95.0,35.0,101.24228365658294,-1,139.77514056883194,-8,3,3,4.518031199058291
1242,2010201,412815.0,3392400.0,7,200,3,0,2585.0,16.2,493,0,5,412685,3392400,489,33,6,-101.4,500,-130.0,0.0,130.0,-4,160.0,-11,3,3,4.836583445735302
1243,2010201,412815.0,3392400.0,7,200,3,0,2585.0,16.2,493,0,5,412735,3392430,492,0,5,-86.62,500,-80.0,30.0,85.44003745317531,-1,139.44395478041656,-8,3,3,5.3491750982856034
1244,2010201,412815.0,3392400.0,7,200,3,0,2585.0,16.2,493,0,5,412700,3392375,489,0,5,-84.57,500,-115.0,-25.0,117.6860229593982,-4,-187.7352262721076,-11,3,3,5.33986725558571
1245,2010201,412815.0,3392400.0,7,200,3,0,2585.0,16.2,493,0,5,412655,3392350,489,63,6,-97.0,500,-160.0,-50.0,167.6305461424021,-4,-182.6459753637387,-11,3,3,3.754394916509256
1246,2010201,412815.0,3392400.0,7,200,3,0,2585.0,16.2,493,0,5,412755,3392410,492,0,2,-81.56,500,-60.0,10.0,60.8276253029822,-1,150.53767779197437,-8,3,3,7.492492028240438
1247,2010201,412815.0,3392400.0,7,200,3,0,2585.0,16.2,493,0,5,412690,3392385,489,0,5,-87.64,500,-125.0,-15.0,125.89678312014172,-4,-193.15722658736905,-11,3,3,4.993432441330423
1248,2010201,412815.0,3392400.0,7,200,3,0,2585.0,16.2,493,0,5,412780,3392455,493,0,2,-87.33,500,-35.0,55.0,65.19202405202648,0,102.47119229084848,-7,3,3,6.128658669573428
1249,2010201,412815.0,3392400.0,7,200,3,0,2585.0,16.2,493,0,5,412775,3392470,493,0,2,-80.75,500,-40.0,70.0,80.62257748298549,0,99.74488129694225,-7,3,3,4.962222556601448
1250,2010201,412815.0,3392400.0,7,200,3,0,2585.0,16.2,493,0,5,412750,3392405,491,0,2,-79.89,500,-65.0,5.0,65.19202405202648,-2,155.6012946450045,-9,3,3,7.860210075750999
1251,2010201,412815.0,3392400.0,7,200,3,0,2585.0,16.2,493,0,5,412760,3392475,493,0,5,-85.73,500,-55.0,75.0,93.00537618869137,0,106.25383773744477,-7,3,3,4.3042210751879
1252,2010201,412815.0,3392400.0,7,200,3,0,2585.0,16.2,493,0,5,412835,3392570,491,0,5,-96.67,500,20.0,170.0,171.1724276862369,-2,63.290163192243085,-9,3,3,3.0097582057426178
1253,2010201,412815.0,3392400.0,7,200,3,0,2585.0,16.2,493,0,5,412830,3392565,492,0,5,-95.33,500,15.0,165.0,165.6804152578089,-1,64.80557109226521,-8,3,3,2.7644215167237483
1254,2010201,412815.0,3392400.0,7,200,3,0,2585.0,16.2,493,0,5,412605,3392305,492,0,5,-80.0,500,-210.0,-95.0,230.4886114323222,-1,-175.6589100633075,-8,3,3,1.9878739374131091
1255,2010201,412815.0,3392400.0,7,200,3,0,2585.0,16.2,493,0,5,412860,3392400,495,6,5,-99.0,500,45.0,0.0,45.0,2,-20.0,-5,3,3,6.34019174590991
1256,2010201,412815.0,3392400.0,7,200,3,0,2585.0,16.2,493,0,5,412820,3392360,494,24,5,-91.33,500,5.0,-40.0,40.311288741492746,1,-102.8749836510982,-6,3,3,8.465848238967707
1257,2010201,412815.0,3392400.0,7,200,3,0,2585.0,16.2,493,0,5,412805,3392335,493,0,12,-89.33,500,-10.0,-65.0,65.76473218982953,0,-118.74616226255522,-7,3,3,6.075688547161622
1258,2010201,412815.0,3392400.0,7,200,3,0,2585.0,16.2,493,0,5,412855,3392365,495,0,12,-103.71,500,40.0,-35.0,53.150729063673246,2,-61.18592516570965,-5,3,3,5.374117929017665
1259,2010201,412815.0,3392400.0,7,200,3,0,2585.0,16.2,493,0,5,412840,3392380,495,0,5,-96.25,500,25.0,-20.0,32.01562118716424,2,-58.65980825409008,-5,3,3,8.876395080973342
1260,2010201,412815.0,3392400.0,7,200,3,0,2585.0,16.2,493,0,5,412800,3392340,493,0,5,-76.91,500,-15.0,-60.0,61.84658438426491,0,-124.03624346792648,-7,3,3,6.457444223434216
1261,2010201,412815.0,3392400.0,7,200,3,0,2585.0,16.2,493,0,5,412810,3392330,493,0,12,-97.17,500,-5.0,-70.0,70.178344238091,0,-114.08561677997488,-7,3,3,5.696176361773174
1262,2010201,412815.0,3392400.0,7,200,3,0,2585.0,16.2,493,0,5,412815,3392325,494,0,12,-100.78,500,0.0,-75.0,75.0,1,-110.0,-6,3,3,4.573921259900861
1263,2010201,412815.0,3392400.0,7,200,3,0,2585.0,16.2,493,0,5,412850,3392370,495,0,12,-107.5,500,35.0,-30.0,46.09772228646444,2,-60.60129464500449,-5,3,3,6.190399458571856
1264,2010201,412815.0,3392400.0,7,200,3,0,2585.0,16.2,493,0,5,412835,3392345,494,0,5,-103.75,500,20.0,-55.0,58.52349955359813,1,-90.01689347810003,-6,3,3,5.853678490703382
1265,2010201,412815.0,3392400.0,7,200,3,0,2585.0,16.2,493,0,5,412830,3392350,494,0,5,-99.67,500,15.0,-50.0,52.20153254455275,1,-93.30075576600639,-6,3,3,6.556755674087011
1266,2010201,412815.0,3392400.0,7,200,3,0,2585.0,16.2,493,0,5,412825,3392355,494,0,5,-96.5,500,10.0,-45.0,46.09772228646444,1,-97.47119229084849,-6,3,3,7.415829709624493
1267,2010201,412815.0,3392400.0,7,200,3,0,2585.0,16.2,493,0,5,412845,3392375,495,0,12,-100.67,500,30.0,-25.0,39.05124837953327,2,-59.80557109226518,-5,3,3,7.296275301016713
1268,2010201,412815.0,3392400.0,7,200,3,0,2585.0,16.2,493,0,5,412850,3392300,495,21,5,-106.25,500,35.0,-100.0,105.94810050208545,2,-90.70995378081128,-5,3,3,2.7019503016103985
1269,2010201,412815.0,3392400.0,7,200,3,0,2585.0,16.2,493,0,5,412855,3392295,495,21,5,-102.5,500,40.0,-105.0,112.36102527122117,2,-89.14554196042165,-5,3,3,2.547947798113102
1270,2010201,412815.0,3392400.0,7,200,3,0,2585.0,16.2,493,0,5,412780,3392300,492,24,12,-86.6,500,-35.0,-100.0,105.94810050208545,-1,-129.29004621918875,-8,3,3,4.318133764528136
1271,2010201,412815.0,3392400.0,7,200,3,0,2585.0,16.2,493,0,5,412775,3392305,492,24,5,-86.54,500,-40.0,-95.0,103.07764064044152,-1,-132.83365417791754,-8,3,3,4.437909304952874
1272,2010201,412815.0,3392400.0,7,200,3,0,2585.0,16.2,493,0,5,412760,3392320,491,0,5,-86.92,500,-55.0,-80.0,97.082439194738,-2,-144.5085229876684,-9,3,3,5.296450755686863
1273,2010201,412815.0,3392400.0,7,200,3,0,2585.0,16.2,493,0,5,412785,3392295,492,0,12,-109.0,500,-30.0,-105.0,109.20164833920778,-1,-125.94539590092286,-8,3,3,4.1899447048897365
1274,2010201,412815.0,3392400.0,7,200,3,0,2585.0,16.2,493,0,5,412765,3392315,491,0,6,-88.29,500,-50.0,-85.0,98.6154146165801,-2,-140.4655449194599,-9,3,3,5.2145749414281655
1275,2010201,412815.0,3392400.0,7,200,3,0,2585.0,16.2,493,0,5,412790,3392290,493,0,5,-122.0,500,-25.0,-110.0,112.80514172678478,0,-122.80426606528675,-7,3,3,3.550873990157543
1276,2010201,412815.0,3392400.0,7,200,3,0,2585.0,16.2,493,0,5,412680,3392240,490,0,13,-92.0,500,-135.0,-160.0,209.34421415458323,-3,-150.15599962491933,-10,3,3,2.7348384138875153
1277,2010201,412815.0,3392400.0,7,200,3,0,2585.0,16.2,493,0,5,412795,3392285,493,0,5,-115.67,500,-20.0,-115.0,116.72617529928752,0,-119.86580694308438,-7,3,3,3.4318840347617168
1278,2010201,412815.0,3392400.0,7,200,3,0,2585.0,16.2,493,0,5,412725,3392275,491,0,6,-91.0,500,-90.0,-125.0,154.02921800749363,-2,-145.75388725443676,-9,3,3,3.3440173070310375
1279,2010201,412815.0,3392400.0,7,200,3,0,2585.0,16.2,493,0,5,412730,3392270,491,0,6,-93.0,500,-85.0,-130.0,155.32224567009067,-2,-143.17851165939277,-9,3,3,3.316241400254981
1280,2010201,412815.0,3392400.0,7,200,3,0,2585.0,16.2,493,0,5,412735,3392265,492,24,6,-93.8,500,-80.0,-135.0,156.92354826475216,-1,-140.65066795705286,-8,3,3,2.9184259700117083
1281,2010201,412815.0,3392400.0,7,200,3,0,2585.0,16.2,493,0,5,412770,3392310,492,24,5,-86.24,500,-45.0,-90.0,100.62305898749054,-1,-136.56505117707798,-8,3,3,4.545718558663352
1282,2010201,412815.0,3392400.0,7,200,3,0,2585.0,16.2,493,0,5,412740,3392305,490,0,5,-92.67,500,-75.0,-95.0,121.03718436910205,-3,-148.29016319224309,-10,3,3,4.723006844495263
1283,2010201,412815.0,3392400.0,7,200,3,0,2585.0,16.2,493,0,5,412735,3392300,490,0,5,-86.5,500,-80.0,-100.0,128.06248474865697,-3,-148.6598082540901,-10,3,3,4.464988243535739
1284,2010201,412815.0,3392400.0,7,200,3,0,2585.0,16.2,493,0,5,412790,3392275,493,0,5,-104.25,500,-25.0,-125.0,127.47548783981962,0,-121.30993247402021,-7,3,3,3.143098833634803
1285,2010201,412815.0,3392400.0,7,200,3,0,2585.0,16.2,493,0,5,412795,3392280,493,0,5,-112.0,500,-20.0,-120.0,121.6552506059644,0,-119.46232220802563,-7,3,3,3.2931477185330245
1286,2010201,412815.0,3392400.0,7,200,3,0,2585.0,16.2,493,0,5,412750,3392315,491,0,12,-85.0,500,-65.0,-85.0,107.00467279516349,-2,-147.40535663140855,-9,3,3,4.80774498831343
1287,2010201,412815.0,3392400.0,7,200,3,0,2585.0,16.2,493,0,5,412675,3392240,489,0,5,-89.0,500,-140.0,-160.0,212.60291625469299,-4,-151.18592516570965,-11,3,3,2.9618224101255817
1288,2010201,412815.0,3392400.0,7,200,3,0,2585.0,16.2,493,0,5,412745,3392310,491,0,12,-85.71,500,-70.0,-90.0,114.0175425099138,-2,-147.8749836510982,-9,3,3,4.513296814440812
1289,2010201,412815.0,3392400.0,7,200,3,0,2585.0,16.2,493,0,5,412725,3392290,490,0,5,-88.0,500,-90.0,-110.0,142.12670403551894,-3,-149.28940686250036,-10,3,3,4.024684330450142
1290,2010201,412815.0,3392400.0,7,200,3,0,2585.0,16.2,493,0,5,412755,3392320,491,0,12,-84.67,500,-60.0,-80.0,100.0,-2,-146.86989764584402,-9,3,3,5.142764557884242
1291,2010201,412815.0,3392400.0,7,200,3,0,2585.0,16.2,493,0,5,412675,3392490,495,0,5,-106.5,500,-140.0,90.0,166.43316977093238,2,127.26477372789236,-5,3,3,1.7207673182746857
1292,2010201,412815.0,3392400.0,7,200,3,0,2585.0,16.2,493,0,5,412755,3392570,495,0,6,-97.64,500,-60.0,170.0,180.27756377319946,2,89.44003482817618,-5,3,3,1.5886917336111674
1293,2010201,412815.0,3392400.0,7,200,3,0,2585.0,16.2,493,0,5,412770,3392625,494,0,5,-95.67,500,-45.0,225.0,229.4558781116753,1,81.30993247402023,-6,3,3,1.4978755777948636
1294,2010201,412815.0,3392400.0,7,200,3,0,2585.0,16.2,493,0,5,412750,3392565,495,0,6,-96.65,500,-65.0,165.0,177.341478509682,2,91.50143432404792,-5,3,3,1.614980474946912
1295,2010201,412815.0,3392400.0,7,200,3,0,2585.0,16.2,493,0,5,412740,3392575,496,0,5,-97.75,500,-75.0,175.0,190.3943276465977,3,93.19859051364818,-4,3,3,1.2035516546953915
1296,2010201,412815.0,3392400.0,7,200,3,0,2585.0,16.2,493,0,5,412745,3392580,496,0,6,-96.3,500,-70.0,180.0,193.13207915827965,3,91.25050550713325,-4,3,3,1.1864955722444908
1297,2010201,412815.0,3392400.0,7,200,3,0,2585.0,16.2,493,0,5,412665,3392500,495,0,5,-113.75,500,-150.0,100.0,180.27756377319946,2,126.30993247402023,-5,3,3,1.5886917336111674
1298,2010201,412815.0,3392400.0,7,200,3,0,2585.0,16.2,493,0,5,412710,3392525,496,0,12,-96.33,500,-105.0,125.0,163.24827717314508,3,110.03025927188969,-4,3,3,1.403612174324099
1299,2010201,412815.0,3392400.0,7,200,3,0,2585.0,16.2,493,0,5,412670,3392485,494,21,5,-116.0,500,-145.0,85.0,168.0773631397161,1,129.62087398863162,-6,3,3,2.0444678214240555
1300,2010201,412815.0,3392400.0,7,200,3,0,2585.0,16.2,493,0,5,412775,3392630,494,0,5,-95.0,500,-40.0,230.0,233.45235059857504,1,79.86580694308441,-6,3,3,1.472244818592944
1301,2010201,412815.0,3392400.0,7,200,3,0,2585.0,16.2,493,0,5,412700,3392415,491,0,6,-88.8,500,-115.0,15.0,115.97413504743201,-2,152.56859202882748,-9,3,3,4.437459972128725
1302,2010201,412815.0,3392400.0,7,200,3,0,2585.0,16.2,493,0,5,412735,3392390,490,0,2,-81.43,500,-80.0,-10.0,80.62257748298549,-3,-192.8749836510982,-10,3,3,7.070555116965825
1303,2010201,412815.0,3392400.0,7,200,3,0,2585.0,16.2,493,0,5,412730,3392385,490,0,2,-81.43,500,-85.0,-15.0,86.31338250816034,-3,-189.9920201985587,-10,3,3,6.608646994172775
1304,2010201,412815.0,3392400.0,7,200,3,0,2585.0,16.2,493,0,5,412755,3392370,491,0,2,-82.0,500,-60.0,-30.0,67.08203932499369,-2,-173.434948822922,-9,3,3,7.641405059952685
1305,2010201,412815.0,3392400.0,7,200,3,0,2585.0,16.2,493,0,5,412685,3392440,492,0,5,-100.0,500,-130.0,40.0,136.01470508735443,-1,142.89727103094765,-8,3,3,3.3660975390045555
1306,2010201,412815.0,3392400.0,7,200,3,0,2585.0,16.2,493,0,5,412765,3392360,491,0,12,-70.75,500,-50.0,-40.0,64.03124237432849,-2,-161.34019174590992,-9,3,3,8.000873746602245
1307,2010201,412815.0,3392400.0,7,200,3,0,2585.0,16.2,493,0,5,412715,3392410,491,0,5,-88.53,500,-100.0,10.0,100.4987562112089,-2,154.28940686250036,-9,3,3,5.117377846413118
1308,2010201,412815.0,3392400.0,7,200,3,0,2585.0,16.2,493,0,5,412760,3392355,491,0,5,-76.67,500,-55.0,-45.0,71.06335201775947,-2,-160.71059313749967,-9,3,3,7.217943268057939
1309,2010201,412815.0,3392400.0,7,200,3,0,2585.0,16.2,493,0,5,412720,3392395,490,0,5,-85.1,500,-95.0,-5.0,95.13148795220224,-3,-196.98721249581666,-10,3,3,6.000761129266584
1310,2010201,412815.0,3392400.0,7,200,3,0,2585.0,16.2,493,0,5,412725,3392400,491,0,5,-86.32,500,-90.0,0.0,90.0,-2,160.0,-9,3,3,5.710593137499642
1311,2010201,412815.0,3392400.0,7,200,3,0,2585.0,16.2,493,0,5,412750,3392365,491,0,2,-88.25,500,-65.0,-35.0,73.824115301167,-2,-171.69924423399362,-9,3,3,6.950708444721318
1312,2010201,412815.0,3392400.0,7,200,3,0,2585.0,16.2,493,0,5,412795,3392330,493,0,5,-83.18,500,-20.0,-70.0,72.80109889280519,0,-125.94539590092286,-7,3,3,5.492242160411995
1313,2010201,412815.0,3392400.0,7,200,3,0,2585.0,16.2,493,0,5,412710,3392405,490,0,5,-88.3,500,-105.0,5.0,105.11898020814318,-3,157.27368900609372,-10,3,3,5.434211206692449
1314,2010201,412815.0,3392400.0,7,200,3,0,2585.0,16.2,493,0,5,412780,3392335,492,0,6,-78.63,500,-35.0,-65.0,73.824115301167,-1,-138.30075576600638,-8,3,3,6.1847616394969975
1315,2010201,412815.0,3392400.0,7,200,3,0,2585.0,16.2,493,0,5,412785,3392340,492,0,6,-73.13,500,-30.0,-60.0,67.08203932499369,-1,-136.56505117707798,-8,3,3,6.800800956379757
1316,2010201,412815.0,3392400.0,7,200,3,0,2585.0,16.2,493,0,5,412770,3392345,492,0,12,-80.25,500,-45.0,-55.0,71.06335201775947,-1,-149.28940686250036,-8,3,3,6.423064524005595
1317,2010201,412815.0,3392400.0,7,200,3,0,2585.0,16.2,493,0,5,412790,3392325,492,24,5,-81.91,500,-25.0,-75.0,79.05694150420949,-1,-128.43494882292202,-8,3,3,5.778255691945867
1318,2010201,412815.0,3392400.0,7,200,3,0,2585.0,16.2,493,0,5,412740,3392375,490,0,2,-81.67,500,-75.0,-25.0,79.05694150420949,-3,-181.565051177078,-10,3,3,7.209120586689089
1319,2010201,412815.0,3392400.0,7,200,3,0,2585.0,16.2,493,0,5,412745,3392380,491,0,2,-80.9,500,-70.0,-20.0,72.80109889280519,-2,-184.05460409907712,-9,3,3,7.047405805830561
1320,2010201,412815.0,3392400.0,7,200,3,0,2585.0,16.2,493,0,5,412705,3392420,491,0,6,-89.64,500,-110.0,20.0,111.80339887498948,-2,149.69515353123398,-9,3,3,4.602297438795547
1321,2010201,412815.0,3392400.0,7,200,3,0,2585.0,16.2,493,0,5,412690,3392425,491,33,5,-93.0,500,-125.0,25.0,127.47548783981962,-2,148.69006752597977,-9,3,3,4.038484460418017
1322,2010201,412815.0,3392400.0,7,200,3,0,2585.0,16.2,493,0,5,412805,3392435,493,0,5,-76.0,500,-10.0,35.0,36.40054944640259,0,85.94539590092285,-7,3,3,10.88536666897657
1323,2010201,412815.0,3392400.0,7,200,3,0,2585.0,16.2,493,0,5,412800,3392440,493,0,5,-87.5,500,-15.0,40.0,42.720018726587654,0,90.55604521958344,-7,3,3,9.305653843358328
1324,2010201,412815.0,3392400.0,7,200,3,0,2585.0,16.2,493,0,5,412830,3392410,494,0,5,-91.69,500,15.0,10.0,18.027756377319946,1,13.69006752597977,-6,3,3,18.408480170585843
1325,2010201,412815.0,3392400.0,7,200,3,0,2585.0,16.2,493,0,5,412820,3392420,493,0,12,-76.85,500,5.0,20.0,20.615528128088304,0,55.963756532073546,-7,3,3,18.754912214077386
1326,2010201,412815.0,3392400.0,7,200,3,0,2585.0,16.2,493,0,5,412825,3392415,494,0,5,-76.07,500,10.0,15.0,18.027756377319946,1,36.30993247402023,-6,3,3,18.408480170585843
1327,2010201,412815.0,3392400.0,7,200,3,0,2585.0,16.2,493,0,5,412815,3392425,493,0,12,-75.42,500,0.0,25.0,25.0,0,70.0,-7,3,3,15.642246457208728
1328,2010201,412815.0,3392400.0,7,200,3,0,2585.0,16.2,493,0,5,412835,3392405,494,24,6,-91.94,500,20.0,5.0,20.615528128088304,1,-5.963756532073518,-6,3,3,16.227254023233513
1329,2010201,412815.0,3392400.0,7,200,3,0,2585.0,16.2,493,0,5,412840,3392480,493,0,12,-92.5,500,25.0,80.0,83.81527307120105,0,52.64597536373867,-7,3,3,4.774092172588492
1330,2010201,412815.0,3392400.0,7,200,3,0,2585.0,16.2,493,0,5,412810,3392430,493,0,12,-74.93,500,-5.0,30.0,30.4138126514911,0,79.46232220802563,-7,3,3,12.96139380155953
1331,2010201,412815.0,3392400.0,7,200,3,0,2585.0,16.2,493,0,5,412850,3392470,493,0,5,-89.67,500,35.0,70.0,78.26237921249263,0,43.434948822922024,-7,3,3,5.111089695288715
1332,2010201,412815.0,3392400.0,7,200,3,0,2585.0,16.2,493,0,5,412830,3392295,494,0,12,-116.0,500,15.0,-105.0,106.06601717798213,1,-101.86989764584403,-6,3,3,3.2376881462291043
1333,2010201,412815.0,3392400.0,7,200,3,0,2585.0,16.2,493,0,5,412800,3392305,493,0,5,-105.55,500,-15.0,-95.0,96.17692030835673,0,-118.9726266148964,-7,3,3,4.162791876267054
1334,2010201,412815.0,3392400.0,7,200,3,0,2585.0,16.2,493,0,5,412820,3392285,494,0,5,-106.5,500,5.0,-115.0,115.10864433221339,1,-107.51044707800085,-6,3,3,2.9838231744658543
1335,2010201,412815.0,3392400.0,7,200,3,0,2585.0,16.2,493,0,5,412805,3392310,493,0,5,-104.53,500,-10.0,-90.0,90.55385138137417,0,-116.3401917459099,-7,3,3,4.4202915990475855
1336,2010201,412815.0,3392400.0,7,200,3,0,2585.0,16.2,493,0,5,412835,3392300,494,21,12,-102.8,500,20.0,-100.0,101.9803902718557,1,-98.69006752597979,-6,3,3,3.3671065082357314
1337,2010201,412815.0,3392400.0,7,200,3,0,2585.0,16.2,493,0,5,412810,3392315,493,0,5,-100.29,500,-5.0,-85.0,85.14693182963201,0,-113.3664606634298,-7,3,3,4.699764671064311
1338,2010201,412815.0,3392400.0,7,200,3,0,2585.0,16.2,493,0,5,412815,3392320,494,0,5,-101.51,500,0.0,-80.0,80.0,1,-110.0,-6,3,3,4.289153328819018
1339,2010201,412815.0,3392400.0,7,200,3,0,2585.0,16.2,493,0,5,412825,3392290,494,0,12,-104.43,500,10.0,-110.0,110.45361017187261,1,-104.8055710922652,-6,3,3,3.1093337278055047
1340,2010201,412815.0,3392400.0,7,200,3,0,2585.0,16.2,493,0,5,412840,3392405,494,0,6,-93.59,500,25.0,5.0,25.495097567963924,1,-8.6900675259798,-6,3,3,13.242976219823511
1341,2010201,412815.0,3392400.0,7,200,3,0,2585.0,16.2,493,0,5,412825,3392470,493,0,5,-94.05,500,10.0,70.0,70.71067811865476,0,61.86989764584405,-7,3,3,5.653572472774073
1342,2010201,412815.0,3392400.0,7,200,3,0,2585.0,16.2,493,0,5,412810,3392455,493,0,5,-80.7,500,-5.0,55.0,55.226805085936306,0,75.19442890773479,-7,3,3,7.223722534519977
1343,2010201,412815.0,3392400.0,7,200,3,0,2585.0,16.2,493,0,5,412820,3392465,493,0,5,-85.33,500,5.0,65.0,65.19202405202648,0,65.60129464500449,-7,3,3,6.128658669573428
1344,2010201,412815.0,3392400.0,7,200,3,0,2585.0,16.2,493,0,5,412845,3392410,494,0,6,-102.71,500,30.0,10.0,31.622776601683793,1,-1.5650511770779758,-6,3,3,10.743403801775964
1345,2010201,412815.0,3392400.0,7,200,3,0,2585.0,16.2,493,0,5,412850,3392415,494,24,5,-111.4,500,35.0,15.0,38.07886552931954,1,3.1985905136481847,-6,3,3,8.95434473505222
1346,2010201,412815.0,3392400.0,7,200,3,0,2585.0,16.2,493,0,5,412815,3392460,493,0,5,-88.8,500,0.0,60.0,60.0,0,70.0,-7,3,3,6.654425046006596
1347,2010201,412815.0,3392400.0,7,200,3,0,2585.0,16.2,493,0,5,412790,3392835,495,0,5,-98.5,500,-25.0,435.0,435.71779858068686,2,73.28924267849186,-5,3,3,0.6574583932549768
1348,2010201,412815.0,3392400.0,7,200,3,0,2585.0,16.2,493,0,5,412830,3392475,493,0,5,-89.0,500,15.0,75.0,76.48529270389177,0,58.69006752597977,-7,3,3,5.22919163732384
1349,2010201,412815.0,3392400.0,7,200,3,0,2585.0,16.2,493,0,5,412800,3392445,493,0,5,-76.5,500,-15.0,45.0,47.43416490252569,0,88.43494882292202,-7,3,3,8.394718117507407
1350,2010201,412815.0,3392400.0,7,200,3,0,2585.0,16.2,493,0,5,412835,3392480,493,0,12,-88.67,500,20.0,80.0,82.46211251235322,0,55.963756532073546,-7,3,3,4.852061542814418
1351,2010201,412815.0,3392400.0,7,200,3,0,2585.0,16.2,493,0,5,412855,3392495,493,24,5,-93.0,500,40.0,95.0,103.07764064044152,0,47.16634582208246,-7,3,3,3.884990061875219
1352,2010201,412815.0,3392400.0,7,200,3,0,2585.0,16.2,493,0,5,412850,3392500,492,24,5,-93.0,500,35.0,100.0,105.94810050208545,-1,50.709953780811276,-8,3,3,4.318133764528136
1353,2010201,412815.0,3392400.0,7,200,3,0,2585.0,16.2,493,0,5,412840,3392490,493,0,12,-96.75,500,25.0,90.0,93.40770846134703,0,54.475889003245754,-7,3,3,4.285750855122111
1354,2010201,412815.0,3392400.0,7,200,3,0,2585.0,16.2,493,0,5,412835,3392555,491,0,5,-94.5,500,20.0,155.0,156.28499608087785,-2,62.647620640107675,-9,3,3,3.2958577886978833
1355,2010201,412815.0,3392400.0,7,200,3,0,2585.0,16.2,493,0,5,412845,3392485,493,24,12,-93.5,500,30.0,85.0,90.13878188659973,0,50.55996517182382,-7,3,3,4.440564856211882
1356,2010201,412815.0,3392400.0,7,200,3,0,2585.0,16.2,493,0,5,412825,3392545,492,0,5,-98.0,500,10.0,145.0,145.34441853748632,-1,66.05481377096243,-8,3,3,3.1504765968682116
1357,2010201,412815.0,3392400.0,7,200,3,0,2585.0,16.2,493,0,5,412765,3392410,492,0,2,-74.75,500,-50.0,10.0,50.99019513592785,-1,148.69006752597977,-8,3,3,8.916613659613638
1358,2010201,412815.0,3392400.0,7,200,3,0,2585.0,16.2,493,0,5,412770,3392415,492,0,2,-94.5,500,-45.0,15.0,47.43416490252569,-1,141.56505117707798,-8,3,3,9.573119780680821
1359,2010201,412815.0,3392400.0,7,200,3,0,2585.0,16.2,493,0,5,412650,3392375,489,0,5,-101.33,500,-165.0,-25.0,166.88319268278636,-4,-191.38435181583588,-11,3,3,3.7711598246070372
1360,2010201,412815.0,3392400.0,7,200,3,0,2585.0,16.2,493,0,5,412670,3392395,489,33,5,-87.67,500,-145.0,-5.0,145.08618128546908,-4,-198.02506598911802,-11,3,3,4.335699687298358
1361,2010201,412815.0,3392400.0,7,200,3,0,2585.0,16.2,493,0,5,412755,3392480,493,0,5,-89.76,500,-60.0,80.0,100.0,0,106.86989764584405,-7,3,3,4.004172940709387
1362,2010201,412815.0,3392400.0,7,200,3,0,2585.0,16.2,493,0,5,412735,3392460,493,0,5,-88.33,500,-80.0,60.0,100.0,0,123.13010235415595,-7,3,3,4.004172940709387
1363,2010201,412815.0,3392400.0,7,200,3,0,2585.0,16.2,493,0,5,412680,3392325,488,0,2,-93.12,500,-135.0,-75.0,154.434452114805,-5,-170.94539590092285,-12,3,3,4.4431186754961205
1364,2010201,412815.0,3392400.0,7,200,3,0,2585.0,16.2,493,0,5,412750,3392475,493,0,5,-89.32,500,-65.0,75.0,99.24716620639605,0,110.91438322002512,-7,3,3,4.034446446236431
1365,2010201,412815.0,3392400.0,7,200,3,0,2585.0,16.2,493,0,5,412705,3392350,489,0,2,-83.7,500,-110.0,-50.0,120.83045973594572,-4,-175.55604521958347,-11,3,3,5.2016773872702
1366,2010201,412815.0,3392400.0,7,200,3,0,2585.0,16.2,493,0,5,412675,3392400,489,33,5,-91.25,500,-140.0,0.0,140.0,-4,160.0,-11,3,3,4.492581479915314
1367,2010201,412815.0,3392400.0,7,200,3,0,2585.0,16.2,493,0,5,412690,3392335,489,0,2,-90.73,500,-125.0,-65.0,140.8900280360537,-4,-172.52556837372288,-11,3,3,4.464316111530989
1368,2010201,412815.0,3392400.0,7,200,3,0,2585.0,16.2,493,0,5,412655,3392380,489,0,5,-95.0,500,-160.0,-20.0,161.24515496597098,-4,-192.8749836510982,-11,3,3,3.9026201731045864
1369,2010201,412815.0,3392400.0,7,200,3,0,2585.0,16.2,493,0,5,412740,3392465,493,0,5,-90.58,500,-75.0,65.0,99.24716620639605,0,119.08561677997488,-7,3,3,4.034446446236431
1370,2010201,412815.0,3392400.0,7,200,3,0,2585.0,16.2,493,0,5,412685,3392330,488,0,2,-93.34,500,-130.0,-70.0,147.648230602334,-5,-171.69924423399362,-12,3,3,4.646459039719347
1371,2010201,412815.0,3392400.0,7,200,3,0,2585.0,16.2,493,0,5,412745,3392470,493,0,5,-89.78,500,-70.0,70.0,98.99494936611666,0,115.0,-7,3,3,4.044691235386268
1372,2010201,412815.0,3392400.0,7,200,3,0,2585.0,16.2,493,0,5,412695,3392340,489,0,2,-89.64,500,-120.0,-60.0,134.16407864998737,-4,-173.434948822922,-11,3,3,4.687148862170573
1373,2010201,412815.0,3392400.0,7,200,3,0,2585.0,16.2,493,0,5,412700,3392345,489,0,2,-87.1,500,-115.0,-55.0,127.47548783981962,-4,-174.4400348281762,-11,3,3,4.931898795250205
1374,2010201,412815.0,3392400.0,7,200,3,0,2585.0,16.2,493,0,5,412725,3392450,492,0,6,-90.51,500,-90.0,50.0,102.95630140987001,-1,130.94539590092285,-8,3,3,4.44311867549612
1375,2010201,412815.0,3392400.0,7,200,3,0,2585.0,16.2,493,0,5,412730,3392455,493,0,5,-89.02,500,-85.0,55.0,101.24228365658294,0,127.0947570770121,-7,3,3,3.9551970272526704
1376,2010201,412815.0,3392400.0,7,200,3,0,2585.0,16.2,493,0,5,412720,3392445,492,0,6,-91.09,500,-95.0,45.0,105.11898020814318,-1,134.65382405805332,-8,3,3,4.352062467467199
1377,2010201,412815.0,3392400.0,7,200,3,0,2585.0,16.2,493,0,5,412780,3392425,492,0,2,-88.5,500,-35.0,25.0,43.01162633521314,-1,124.46232220802563,-8,3,3,10.536398717028874
1378,2010201,412815.0,3392400.0,7,200,3,0,2585.0,16.2,493,0,5,412760,3392405,492,0,2,-86.0,500,-55.0,5.0,55.226805085936306,-1,154.8055710922652,-8,3,3,8.242373354613559
1379,2010201,412815.0,3392400.0,7,200,3,0,2585.0,16.2,493,0,5,412715,3392360,489,0,2,-81.42,500,-100.0,-40.0,107.70329614269008,-4,-178.19859051364818,-11,3,3,5.831537306502347
1380,2010201,412815.0,3392400.0,7,200,3,0,2585.0,16.2,493,0,5,412710,3392355,489,0,2,-81.92,500,-105.0,-45.0,114.23659658795863,-4,-176.80140948635182,-11,3,3,5.500132607675342
1381,2010201,412815.0,3392400.0,7,200,3,0,2585.0,16.2,493,0,5,412685,3392240,490,0,13,-96.75,500,-130.0,-160.0,206.15528128088303,-3,-149.0938588862295,-10,3,3,2.777076804743984
1382,2010201,412815.0,3392400.0,7,200,3,0,2585.0,16.2,493,0,5,412680,3392235,490,0,13,-93.0,500,-135.0,-165.0,213.19005605327843,-3,-149.28940686250036,-10,3,3,2.6855761873838726
1383,2010201,412815.0,3392400.0,7,200,3,0,2585.0,16.2,493,0,5,412795,3392290,493,0,5,-108.14,500,-20.0,-110.0,111.80339887498948,0,-120.30484646876603,-7,3,3,3.582606829366999
1384,2010201,412815.0,3392400.0,7,200,3,0,2585.0,16.2,493,0,5,412770,3392305,492,24,5,-85.83,500,-45.0,-95.0,105.11898020814318,-1,-135.34617594194668,-8,3,3,4.352062467467199
1385,2010201,412815.0,3392400.0,7,200,3,0,2585.0,16.2,493,0,5,412775,3392310,492,24,5,-84.24,500,-40.0,-90.0,98.48857801796105,-1,-133.9624889745782,-8,3,3,4.6438087207464624
1386,2010201,412815.0,3392400.0,7,200,3,0,2585.0,16.2,493,0,5,412730,3392265,492,0,6,-93.0,500,-85.0,-135.0,159.53056133543816,-1,-142.19573393471325,-8,3,3,2.8708141423945217
1387,2010201,412815.0,3392400.0,7,200,3,0,2585.0,16.2,493,0,5,412760,3392315,491,0,6,-88.75,500,-55.0,-85.0,101.24228365658294,-2,-142.9052429229879,-9,3,3,5.079992984816845
1388,2010201,412815.0,3392400.0,7,200,3,0,2585.0,16.2,493,0,5,412780,3392295,492,24,12,-83.0,500,-35.0,-105.0,110.67971810589327,-1,-128.43494882292202,-8,3,3,4.134185500670649
1389,2010201,412815.0,3392400.0,7,200,3,0,2585.0,16.2,493,0,5,412765,3392320,491,0,6,-85.9,500,-50.0,-80.0,94.33981132056604,-2,-142.00538320808352,-9,3,3,5.449514132678967
1390,2010201,412815.0,3392400.0,7,200,3,0,2585.0,16.2,493,0,5,412720,3392275,491,0,6,-94.0,500,-95.0,-125.0,157.00318468107582,-2,-147.23483398157467,-9,3,3,3.2808143680052604
1391,2010201,412815.0,3392400.0,7,200,3,0,2585.0,16.2,493,0,5,412735,3392270,492,0,6,-93.0,500,-80.0,-130.0,152.64337522473747,-1,-141.6075022462489,-8,3,3,3.000112179730742
1392,2010201,412815.0,3392400.0,7,200,3,0,2585.0,16.2,493,0,5,412785,3392300,492,24,12,-88.17,500,-30.0,-100.0,104.4030650891055,-1,-126.69924423399362,-8,3,3,4.381789698842649
1393,2010201,412815.0,3392400.0,7,200,3,0,2585.0,16.2,493,0,5,412850,3392510,492,0,13,-100.5,500,35.0,110.0,115.43396380615195,-1,52.34987578006988,-8,3,3,3.964470108715351
1394,2010201,412815.0,3392400.0,7,200,3,0,2585.0,16.2,493,0,5,412800,3392560,493,0,2,-96.0,500,-15.0,160.0,160.70158679988197,0,75.3558250428552,-7,3,3,2.4941700396499313
1395,2010201,412815.0,3392400.0,7,200,3,0,2585.0,16.2,493,0,5,412840,3392520,492,0,13,-101.67,500,25.0,120.0,122.57650672131263,-1,58.23171106797935,-8,3,3,3.734133829216432
1396,2010201,412815.0,3392400.0,7,200,3,0,2585.0,16.2,493,0,5,412835,3392525,492,0,13,-91.17,500,20.0,125.0,126.58988901172162,-1,60.909723079177695,-8,3,3,3.616066782090651
1397,2010201,412815.0,3392400.0,7,200,3,0,2585.0,16.2,493,0,5,412845,3392515,492,0,13,-92.0,500,30.0,115.0,118.84864324004712,-1,55.37912601136833,-8,3,3,3.8509133788582384
1398,2010201,412815.0,3392400.0,7,200,3,0,2585.0,16.2,493,0,5,412830,3392530,492,0,5,-95.1,500,15.0,130.0,130.86252328302402,-1,63.418055344821994,-8,3,3,3.498301083342928
1399,2010201,412815.0,3392400.0,7,200,3,0,2585.0,16.2,493,0,5,412755,3392435,492,0,2,-79.0,500,-60.0,35.0,69.46221994724903,-1,129.7435628364707,-8,3,3,6.569838774188925
1400,2010201,412815.0,3392400.0,7,200,3,0,2585.0,16.2,493,0,5,412780,3392470,493,0,2,-75.0,500,-35.0,70.0,78.26237921249263,0,96.56505117707798,-7,3,3,5.111089695288715
1401,2010201,412815.0,3392400.0,7,200,3,0,2585.0,16.2,493,0,5,412645,3392325,490,63,6,-96.0,500,-170.0,-75.0,185.80904176062046,-3,-176.1940564815423,-10,3,3,3.080612049479626
1402,2010201,412815.0,3392400.0,7,200,3,0,2585.0,16.2,493,0,5,412735,3392415,491,0,5,-87.59,500,-80.0,15.0,81.39410298049853,-2,149.38034472384487,-9,3,3,6.309741298968085
1403,2010201,412815.0,3392400.0,7,200,3,0,2585.0,16.2,493,0,5,412715,3392395,490,0,5,-86.61,500,-100.0,-5.0,100.12492197250393,-3,-197.13759477388825,-10,3,3,5.703515256382996
1404,2010201,412815.0,3392400.0,7,200,3,0,2585.0,16.2,493,0,5,412795,3392475,493,0,2,-102.0,500,-20.0,75.0,77.62087348130012,0,84.93141717813756,-7,3,3,5.153104325519137
1405,2010201,412815.0,3392400.0,7,200,3,0,2585.0,16.2,493,0,5,412770,3392460,493,0,2,-84.5,500,-45.0,60.0,75.0,0,106.86989764584405,-7,3,3,5.3321588816595575
1406,2010201,412815.0,3392400.0,7,200,3,0,2585.0,16.2,493,0,5,412665,3392345,488,0,5,-91.0,500,-150.0,-55.0,159.76545308670458,-5,-179.86369657175186,-12,3,3,4.295426557405703
1407,2010201,412815.0,3392400.0,7,200,3,0,2585.0,16.2,493,0,5,412710,3392400,490,0,5,-85.89,500,-105.0,0.0,105.0,-3,160.0,-10,3,3,5.440332031005506
1408,2010201,412815.0,3392400.0,7,200,3,0,2585.0,16.2,493,0,5,412725,3392405,491,0,5,-86.83,500,-90.0,5.0,90.13878188659973,-2,156.82016988013572,-9,3,3,5.701858819938873
1409,2010201,412815.0,3392400.0,7,200,3,0,2585.0,16.2,493,0,5,412690,3392380,489,0,5,-86.29,500,-125.0,-20.0,126.58988901172162,-4,-190.90972307917767,-11,3,3,4.966229466765625
1410,2010201,412815.0,3392400.0,7,200,3,0,2585.0,16.2,493,0,5,412655,3392335,489,63,6,-96.09,500,-160.0,-65.0,172.69916039170545,-4,-177.89055165624833,-11,3,3,3.6445071833641824
1411,2010201,412815.0,3392400.0,7,200,3,0,2585.0,16.2,493,0,5,412675,3392355,488,0,5,-86.76,500,-140.0,-45.0,147.05441169852742,-5,-182.18111108547723,-12,3,3,4.665139207305234
1412,2010201,412815.0,3392400.0,7,200,3,0,2585.0,16.2,493,0,5,412695,3392375,489,0,5,-82.41,500,-120.0,-25.0,122.57650672131263,-4,-188.23171106797935,-11,3,3,5.127979721791061
1413,2010201,412815.0,3392400.0,7,200,3,0,2585.0,16.2,493,0,5,412685,3392365,488,0,5,-86.16,500,-130.0,-35.0,134.6291201783626,-5,-184.9315118405078,-12,3,3,5.09352778654852
1414,2010201,412815.0,3392400.0,7,200,3,0,2585.0,16.2,493,0,5,412670,3392360,488,0,6,-90.18,500,-145.0,-40.0,150.41608956491322,-5,-184.57783868126134,-12,3,3,4.561322083556315
1415,2010201,412815.0,3392400.0,7,200,3,0,2585.0,16.2,493,0,5,412650,3392340,489,63,6,-91.33,500,-165.0,-60.0,175.57049866079439,-4,-180.01689347810003,-11,3,3,3.585060437796064
1416,2010201,412815.0,3392400.0,7,200,3,0,2585.0,16.2,493,0,5,412700,3392390,489,0,5,-84.41,500,-115.0,-10.0,115.43396380615195,-4,-195.0302592718897,-11,3,3,5.443425587867194
1417,2010201,412815.0,3392400.0,7,200,3,0,2585.0,16.2,493,0,5,412745,3392425,492,0,5,-84.11,500,-70.0,25.0,74.33034373659252,-1,140.34617594194674,-8,3,3,6.142963326039224
1418,2010201,412815.0,3392400.0,7,200,3,0,2585.0,16.2,493,0,5,412720,3392410,491,0,5,-87.52,500,-95.0,10.0,95.524865872714,-2,153.99099404250546,-9,3,3,5.382308488098396
1419,2010201,412815.0,3392400.0,7,200,3,0,2585.0,16.2,493,0,5,412730,3392420,491,0,5,-87.92,500,-85.0,20.0,87.32124598286491,-2,146.75948008481282,-9,3,3,5.8845657742966875
1420,2010201,412815.0,3392400.0,7,200,3,0,2585.0,16.2,493,0,5,412740,3392430,492,0,5,-84.33,500,-75.0,30.0,80.77747210701756,-1,138.19859051364818,-8,3,3,5.655987551197803
1421,2010201,412815.0,3392400.0,7,200,3,0,2585.0,16.2,493,0,5,412660,3392350,489,63,6,-92.6,500,-155.0,-50.0,162.8649747490233,-4,-182.12130340415865,-11,3,3,3.863923721932058
1422,2010201,412815.0,3392400.0,7,200,3,0,2585.0,16.2,493,0,5,412765,3392445,493,0,2,-87.7,500,-50.0,45.0,67.26812023536856,0,118.0127875041834,-7,3,3,5.940883952101527
1423,2010201,412815.0,3392400.0,7,200,3,0,2585.0,16.2,493,0,5,412705,3392385,489,0,5,-84.91,500,-110.0,-15.0,111.01801655587259,-4,-192.23483398157467,-11,3,3,5.658569352305793
1424,2010201,412815.0,3392400.0,7,200,3,0,2585.0,16.2,493,0,5,412680,3392370,488,0,5,-84.63,500,-135.0,-30.0,138.2931668593933,-5,-187.47119229084848,-12,3,3,4.959258000229006
1425,2010201,412815.0,3392400.0,7,200,3,0,2585.0,16.2,493,0,5,412640,3392330,490,63,6,-100.5,500,-175.0,-70.0,188.48076824970764,-3,-178.19859051364818,-10,3,3,3.0370265183044025
1426,2010201,412815.0,3392400.0,7,200,3,0,2585.0,16.2,493,0,5,412760,3392450,493,0,2,-88.6,500,-55.0,50.0,74.33034373659252,0,117.72631099390628,-7,3,3,5.3799167033826505
1427,2010201,412815.0,3392400.0,7,200,3,0,2585.0,16.2,493,0,5,412750,3392440,492,0,5,-83.62,500,-65.0,40.0,76.32168761236873,-1,128.39249775375112,-8,3,3,5.983862802654128
1428,2010201,412815.0,3392400.0,7,200,3,0,2585.0,16.2,493,0,5,412795,3392495,493,0,2,-87.5,500,-20.0,95.0,97.082439194738,0,81.88865803962801,-7,3,3,4.1240987870983545
1429,2010201,412815.0,3392400.0,7,200,3,0,2585.0,16.2,493,0,5,412705,3392565,497,0,5,-102.67,500,-110.0,165.0,198.3053201505194,4,103.69006752597977,-3,3,3,0.8667151611450781
1430,2010201,412815.0,3392400.0,7,200,3,0,2585.0,16.2,493,0,5,412760,3392510,494,0,5,-92.13,500,-55.0,110.0,122.98373876248843,1,96.56505117707798,-6,3,3,2.7930710395722227
1431,2010201,412815.0,3392400.0,7,200,3,0,2585.0,16.2,493,0,5,412735,3392555,496,0,6,-96.0,500,-80.0,155.0,174.42763542512407,3,97.29957221133282,-4,3,3,1.3136849309402705
1432,2010201,412815.0,3392400.0,7,200,3,0,2585.0,16.2,493,0,5,412755,3392535,495,0,5,-96.94,500,-60.0,135.0,147.73286702694156,2,93.9624889745782,-5,3,3,1.9384284188413052
1433,2010201,412815.0,3392400.0,7,200,3,0,2585.0,16.2,493,0,5,412740,3392530,495,0,6,-96.92,500,-75.0,130.0,150.08331019803634,2,99.98163936884936,-5,3,3,1.9080934594029593
1434,2010201,412815.0,3392400.0,7,200,3,0,2585.0,16.2,493,0,5,412750,3392540,495,0,6,-98.65,500,-65.0,140.0,154.35349040433132,2,94.90476880809518,-5,3,3,1.855343584210606
1435,2010201,412815.0,3392400.0,7,200,3,0,2585.0,16.2,493,0,5,412775,3392515,494,0,2,-89.57,500,-40.0,115.0,121.75795661885921,1,89.17900802581073,-6,3,3,2.8211447133985743
1436,2010201,412815.0,3392400.0,7,200,3,0,2585.0,16.2,493,0,5,412745,3392525,495,0,6,-95.52,500,-70.0,125.0,143.26548781894402,2,99.24882633654698,-5,3,3,1.998825215082735
1437,2010201,412815.0,3392400.0,7,200,3,0,2585.0,16.2,493,0,5,412770,3392520,494,0,5,-88.0,500,-45.0,120.0,128.16005617976296,1,90.55604521958344,-6,3,3,2.680428344936631
1438,2010201,412815.0,3392400.0,7,200,3,0,2585.0,16.2,493,0,5,412765,3392505,494,0,5,-87.9,500,-50.0,105.0,116.29703349613007,1,95.46334506187162,-6,3,3,2.953387032278769
1439,2010201,412815.0,3392400.0,7,200,3,0,2585.0,16.2,493,0,5,412730,3392560,496,21,6,-100.0,500,-85.0,160.0,181.1767093199344,3,97.97947438848013,-4,3,3,1.2647646192128075
1440,2010201,412815.0,3392400.0,7,200,3,0,2585.0,16.2,493,0,5,412710,3392515,495,0,12,-96.67,500,-105.0,115.0,155.72411502397438,2,112.39743779750017,-5,3,3,1.839024816513605
1441,2010201,412815.0,3392400.0,7,200,3,0,2585.0,16.2,493,0,5,412695,3392500,495,0,12,-103.67,500,-120.0,100.0,156.20499351813308,2,120.19442890773485,-5,3,3,1.8333672315212677
1442,2010201,412815.0,3392400.0,7,200,3,0,2585.0,16.2,493,0,5,412765,3392570,495,0,5,-97.94,500,-50.0,170.0,177.2004514666935,2,86.38954033403479,-5,3,3,1.6162650944880932
1443,2010201,412815.0,3392400.0,7,200,3,0,2585.0,16.2,493,0,5,412760,3392565,495,0,5,-96.0,500,-55.0,165.0,173.92527130926086,2,88.43494882292202,-5,3,3,1.6466843185793658
1444,2010201,412815.0,3392400.0,7,200,3,0,2585.0,16.2,493,0,5,412770,3392575,494,0,5,-92.9,500,-45.0,175.0,180.6931099959265,1,84.42077312751098,-6,3,3,1.9018346165448305
1445,2010201,412815.0,3392400.0,7,200,3,0,2585.0,16.2,493,0,5,412755,3392640,495,0,6,-94.0,500,-60.0,240.0,247.38633753705963,2,84.03624346792651,-5,3,3,1.1578646638727659
1446,2010201,412815.0,3392400.0,7,200,3,0,2585.0,16.2,493,0,5,412775,3392580,494,0,5,-96.69,500,-40.0,180.0,184.39088914585776,1,82.52880770915152,-6,3,3,1.8637223533918497
1447,2010201,412815.0,3392400.0,7,200,3,0,2585.0,16.2,493,0,5,412685,3392490,494,0,12,-113.0,500,-130.0,90.0,158.11388300841898,1,125.30484646876607,-6,3,3,2.173179237138555
1448,2010201,412815.0,3392400.0,7,200,3,0,2585.0,16.2,493,0,5,412820,3392400,494,24,5,-72.09,500,5.0,0.0,5.0,1,-20.0,-6,3,3,50.19442890773481
1449,2010201,412815.0,3392400.0,7,200,3,0,2585.0,16.2,493,0,5,412860,3392360,495,0,12,-107.0,500,45.0,-40.0,60.207972893961475,2,-61.63353933657021,-5,3,3,4.7472622548526
1450,2010201,412815.0,3392400.0,7,200,3,0,2585.0,16.2,493,0,5,412815,3392365,494,24,5,-67.33,500,0.0,-35.0,35.0,1,-110.0,-6,3,3,9.727578551401603
1451,2010201,412815.0,3392400.0,7,200,3,0,2585.0,16.2,493,0,5,412840,3392340,495,0,5,-105.78,500,25.0,-60.0,65.0,2,-87.38013505195957,-5,3,3,4.398705354995532
1452,2010201,412815.0,3392400.0,7,200,3,0,2585.0,16.2,493,0,5,412875,3392345,495,0,5,-115.0,500,60.0,-55.0,81.39410298049853,2,-62.51044707800085,-5,3,3,3.515234519082136
1453,2010201,412815.0,3392400.0,7,200,3,0,2585.0,16.2,493,0,5,412810,3392370,493,24,6,-62.26,500,-5.0,-30.0,30.4138126514911,0,-119.46232220802563,-7,3,3,12.96139380155953
1454,2010201,412815.0,3392400.0,7,200,3,0,2585.0,16.2,493,0,5,412800,3392380,493,0,5,-63.0,500,-15.0,-20.0,25.0,0,-146.86989764584402,-7,3,3,15.642246457208728
1455,2010201,412815.0,3392400.0,7,200,3,0,2585.0,16.2,493,0,5,412850,3392330,495,0,5,-110.4,500,35.0,-70.0,78.26237921249263,2,-83.43494882292201,-5,3,3,3.6555249788524526
1456,2010201,412815.0,3392400.0,7,200,3,0,2585.0,16.2,493,0,5,412845,3392335,495,0,5,-114.75,500,30.0,-65.0,71.58910531638176,2,-85.22485943116808,-5,3,3,3.99522295462384
1457,2010201,412815.0,3392400.0,7,200,3,0,2585.0,16.2,493,0,5,412830,3392390,494,24,5,-78.11,500,15.0,-10.0,18.027756377319946,1,-53.69006752597977,-6,3,3,18.408480170585843
1458,2010201,412815.0,3392400.0,7,200,3,0,2585.0,16.2,493,0,5,412825,3392395,494,24,6,-66.7,500,10.0,-5.0,11.180339887498949,1,-46.565051177077976,-6,3,3,28.220512053403727
1459,2010201,412815.0,3392400.0,7,200,3,0,2585.0,16.2,493,0,5,412805,3392375,493,24,5,-57.07,500,-10.0,-25.0,26.92582403567252,0,-131.80140948635182,-7,3,3,14.572792566247553
1460,2010201,412815.0,3392400.0,7,200,3,0,2585.0,16.2,493,0,5,412835,3392385,494,24,5,-73.4,500,20.0,-15.0,25.0,1,-56.86989764584402,-6,3,3,13.495733280795811
1461,2010201,412815.0,3392400.0,7,200,3,0,2585.0,16.2,493,0,5,412745,3392375,491,0,2,-76.5,500,-70.0,-25.0,74.33034373659252,-2,-180.3461759419467,-9,3,3,6.903828903737672
1462,2010201,412815.0,3392400.0,7,200,3,0,2585.0,16.2,493,0,5,412695,3392425,491,33,6,-85.5,500,-120.0,25.0,122.57650672131263,-2,148.23171106797935,-9,3,3,4.199323084150299
1463,2010201,412815.0,3392400.0,7,200,3,0,2585.0,16.2,493,0,5,412755,3392365,491,0,5,-80.0,500,-60.0,-35.0,69.46221994724903,-2,-169.74356283647072,-9,3,3,7.3825047221366065
1464,2010201,412815.0,3392400.0,7,200,3,0,2585.0,16.2,493,0,5,412780,3392340,492,0,6,-76.07,500,-35.0,-60.0,69.46221994724903,-1,-140.25643716352926,-8,3,3,6.569838774188925
1465,2010201,412815.0,3392400.0,7,200,3,0,2585.0,16.2,493,0,5,412785,3392335,492,0,6,-77.27,500,-30.0,-65.0,71.58910531638176,-1,-134.77514056883194,-8,3,3,6.376283203492619
1466,2010201,412815.0,3392400.0,7,200,3,0,2585.0,16.2,493,0,5,412725,3392395,490,0,5,-84.69,500,-90.0,-5.0,90.13878188659973,-3,-196.82016988013575,-10,3,3,6.330509401162716
1467,2010201,412815.0,3392400.0,7,200,3,0,2585.0,16.2,493,0,5,412795,3392325,493,24,12,-73.2,500,-20.0,-75.0,77.62087348130012,0,-124.93141717813755,-7,3,3,5.153104325519137
1468,2010201,412815.0,3392400.0,7,200,3,0,2585.0,16.2,493,0,5,412720,3392400,490,0,5,-86.93,500,-95.0,0.0,95.0,-3,160.0,-10,3,3,6.009005957494525
1469,2010201,412815.0,3392400.0,7,200,3,0,2585.0,16.2,493,0,5,412715,3392405,490,0,5,-87.02,500,-100.0,5.0,100.12492197250393,-3,157.13759477388828,-10,3,3,5.703515256382996
1470,2010201,412815.0,3392400.0,7,200,3,0,2585.0,16.2,493,0,5,412710,3392410,491,0,5,-87.78,500,-105.0,10.0,105.47511554864494,-2,154.55966796899452,-9,3,3,4.877131042153257
1471,2010201,412815.0,3392400.0,7,200,3,0,2585.0,16.2,493,0,5,412775,3392345,492,0,12,-77.25,500,-40.0,-55.0,68.00735254367721,-1,-146.0273733851036,-8,3,3,6.709117994108565
1472,2010201,412815.0,3392400.0,7,200,3,0,2585.0,16.2,493,0,5,412705,3392415,491,0,6,-87.29,500,-110.0,15.0,111.01801655587259,-2,152.23483398157464,-9,3,3,4.634714438379844
1473,2010201,412815.0,3392400.0,7,200,3,0,2585.0,16.2,493,0,5,412750,3392370,491,0,2,-89.0,500,-65.0,-30.0,71.58910531638176,-2,-175.22485943116808,-9,3,3,7.165487395024589
1474,2010201,412815.0,3392400.0,7,200,3,0,2585.0,16.2,493,0,5,412730,3392390,490,0,2,-81.79,500,-85.0,-10.0,85.58621384311844,-3,-193.29016319224309,-10,3,3,6.664293276132566
1475,2010201,412815.0,3392400.0,7,200,3,0,2585.0,16.2,493,0,5,412735,3392385,490,0,2,-81.2,500,-80.0,-15.0,81.39410298049853,-3,-189.38034472384487,-10,3,3,7.004202982116153
1476,2010201,412815.0,3392400.0,7,200,3,0,2585.0,16.2,493,0,5,412770,3392350,492,0,12,-73.4,500,-45.0,-50.0,67.26812023536856,-1,-151.98721249581666,-8,3,3,6.7821636732683235
1477,2010201,412815.0,3392400.0,7,200,3,0,2585.0,16.2,493,0,5,412790,3392330,492,24,5,-75.57,500,-25.0,-70.0,74.33034373659252,-1,-129.65382405805332,-8,3,3,6.142963326039224
1478,2010201,412815.0,3392400.0,7,200,3,0,2585.0,16.2,493,0,5,412740,3392380,490,0,2,-84.17,500,-75.0,-20.0,77.62087348130012,-3,-185.06858282186246,-10,3,3,7.341055008716423
1479,2010201,412815.0,3392400.0,7,200,3,0,2585.0,16.2,493,0,5,412825,3392400,494,24,5,-81.11,500,10.0,0.0,10.0,1,-20.0,-6,3,3,30.96375653207352
1480,2010201,412815.0,3392400.0,7,200,3,0,2585.0,16.2,493,0,5,412880,3392455,495,0,6,-93.5,500,65.0,55.0,85.14693182963201,2,20.23635830927381,-5,3,3,3.3606647348940752
1481,2010201,412815.0,3392400.0,7,200,3,0,2585.0,16.2,493,0,5,412815,3392370,494,24,5,-68.42,500,0.0,-30.0,30.0,1,-110.0,-6,3,3,11.309932474020213
1482,2010201,412815.0,3392400.0,7,200,3,0,2585.0,16.2,493,0,5,412810,3392365,493,24,5,-58.93,500,-5.0,-35.0,35.35533905932738,0,-118.13010235415598,-7,3,3,11.199149096448238
1483,2010201,412815.0,3392400.0,7,200,3,0,2585.0,16.2,493,0,5,412845,3392340,495,0,5,-105.33,500,30.0,-60.0,67.08203932499369,2,-83.43494882292201,-5,3,3,4.262693045214654
1484,2010201,412815.0,3392400.0,7,200,3,0,2585.0,16.2,493,0,5,412865,3392360,495,21,12,-105.0,500,50.0,-40.0,64.03124237432849,2,-58.65980825409008,-5,3,3,4.464988243535739
1485,2010201,412815.0,3392400.0,7,200,3,0,2585.0,16.2,493,0,5,412820,3392395,494,24,5,-63.14,500,5.0,-5.0,7.0710678118654755,1,-65.0,-6,3,3,40.315542210772584
1486,2010201,412815.0,3392400.0,7,200,3,0,2585.0,16.2,493,0,5,412860,3392355,495,21,12,-108.25,500,45.0,-45.0,63.63961030678928,2,-65.0,-5,3,3,4.492353222313803
1487,2010201,412815.0,3392400.0,7,200,3,0,2585.0,16.2,493,0,5,412800,3392375,493,0,5,-63.2,500,-15.0,-25.0,29.154759474226502,0,-140.96375653207352,-7,3,3,13.501043380558686
1488,2010201,412815.0,3392400.0,7,200,3,0,2585.0,16.2,493,0,5,412805,3392380,493,0,5,-56.79,500,-10.0,-20.0,22.360679774997898,0,-136.56505117707798,-7,3,3,17.382703987116223
1489,2010201,412815.0,3392400.0,7,200,3,0,2585.0,16.2,493,0,5,412840,3392335,495,0,5,-109.78,500,25.0,-65.0,69.6419413859206,2,-88.96248897457819,-5,3,3,4.106550978833124
1490,2010201,412815.0,3392400.0,7,200,3,0,2585.0,16.2,493,0,5,412835,3392390,494,24,5,-76.0,500,20.0,-10.0,22.360679774997898,1,-46.565051177077976,-6,3,3,15.020256666513818
1491,2010201,412815.0,3392400.0,7,200,3,0,2585.0,16.2,493,0,5,412830,3392385,494,24,5,-64.13,500,15.0,-15.0,21.213203435596427,1,-65.0,-6,3,3,15.793169048263962
1492,2010201,412815.0,3392400.0,7,200,3,0,2585.0,16.2,493,0,5,412740,3392340,490,0,5,-84.0,500,-75.0,-60.0,96.04686356149273,-3,-161.34019174590992,-10,3,3,5.943982216464175
1493,2010201,412815.0,3392400.0,7,200,3,0,2585.0,16.2,493,0,5,412725,3392355,490,0,2,-82.56,500,-90.0,-45.0,100.62305898749054,-3,-173.434948822922,-10,3,3,5.675464647712456
1494,2010201,412815.0,3392400.0,7,200,3,0,2585.0,16.2,493,0,5,412790,3392370,492,0,12,-63.5,500,-25.0,-30.0,39.05124837953327,-1,-149.8055710922652,-8,3,3,11.57737355411696
1495,2010201,412815.0,3392400.0,7,200,3,0,2585.0,16.2,493,0,5,412750,3392330,491,0,12,-91.82,500,-65.0,-70.0,95.524865872714,-2,-152.87890360333856,-9,3,3,5.382308488098396
1496,2010201,412815.0,3392400.0,7,200,3,0,2585.0,16.2,493,0,5,412700,3392460,493,33,5,-97.09,500,-115.0,60.0,129.71121771072848,0,132.44718842328223,-7,3,3,3.0890295564347037
1497,2010201,412815.0,3392400.0,7,200,3,0,2585.0,16.2,493,0,5,412710,3392450,492,33,6,-100.89,500,-105.0,50.0,116.29703349613007,-1,134.53665493812844,-8,3,3,3.935141552558263
1498,2010201,412815.0,3392400.0,7,200,3,0,2585.0,16.2,493,0,5,412760,3392400,491,0,2,-78.33,500,-55.0,0.0,55.0,-2,160.0,-9,3,3,9.293308599397115
1499,2010201,412815.0,3392400.0,7,200,3,0,2585.0,16.2,493,0,5,412680,3392480,494,21,12,-104.17,500,-135.0,80.0,156.92354826475216,1,129.34933204294714,-6,3,3,2.189647780429438
1500,2010201,412815.0,3392400.0,7,200,3,0,2585.0,16.2,493,0,5,412795,3392365,493,0,5,-65.18,500,-20.0,-35.0,40.311288741492746,0,-139.74488129694222,-7,3,3,9.851101187140927
1501,2010201,412815.0,3392400.0,7,200,3,0,2585.0,16.2,493,0,5,412690,3392470,493,21,12,-116.0,500,-125.0,70.0,143.26548781894402,0,130.75117366345307,-7,3,3,2.7972665031545474
1502,2010201,412815.0,3392400.0,7,200,3,0,2585.0,16.2,493,0,5,412745,3392335,491,0,12,-86.33,500,-70.0,-65.0,95.524865872714,-2,-157.12109639666144,-9,3,3,5.382308488098396
1503,2010201,412815.0,3392400.0,7,200,3,0,2585.0,16.2,493,0,5,412730,3392350,490,0,2,-83.33,500,-85.0,-50.0,98.6154146165801,-3,-169.53445508054014,-10,3,3,5.790230257983663
1504,2010201,412815.0,3392400.0,7,200,3,0,2585.0,16.2,493,0,5,412720,3392360,490,0,2,-86.25,500,-95.0,-40.0,103.07764064044152,-3,-177.16634582208246,-10,3,3,5.541166443639222
1505,2010201,412815.0,3392400.0,7,200,3,0,2585.0,16.2,493,0,5,412775,3392385,492,0,5,-65.29,500,-40.0,-15.0,42.720018726587654,-1,-179.44395478041653,-8,3,3,10.606693749208384
1506,2010201,412815.0,3392400.0,7,200,3,0,2585.0,16.2,493,0,5,412695,3392465,493,0,5,-106.43,500,-120.0,65.0,136.4734406395618,0,131.5570713756366,-7,3,3,2.9362437638474264
1507,2010201,412815.0,3392400.0,7,200,3,0,2585.0,16.2,493,0,5,412735,3392345,490,0,2,-84.67,500,-80.0,-55.0,97.082439194738,-3,-165.4914770123316,-10,3,3,5.881024693804078
1508,2010201,412815.0,3392400.0,7,200,3,0,2585.0,16.2,493,0,5,412755,3392325,491,0,12,-87.55,500,-60.0,-75.0,96.04686356149273,-2,-148.6598082540901,-9,3,3,5.353226992926177
1509,2010201,412815.0,3392400.0,7,200,3,0,2585.0,16.2,493,0,5,412785,3392375,492,0,12,-73.25,500,-30.0,-25.0,39.05124837953327,-1,-160.19442890773482,-8,3,3,11.57737355411696
1510,2010201,412815.0,3392400.0,7,200,3,0,2585.0,16.2,493,0,5,412705,3392455,492,33,5,-104.0,500,-110.0,55.0,122.98373876248843,-1,133.43494882292202,-8,3,3,3.7218039238437806
1511,2010201,412815.0,3392400.0,7,200,3,0,2585.0,16.2,493,0,5,412715,3392445,492,0,6,-90.67,500,-100.0,45.0,109.65856099730654,-1,135.77225468204585,-8,3,3,4.172548314425359
1512,2010201,412815.0,3392400.0,7,200,3,0,2585.0,16.2,493,0,5,412765,3392395,492,0,2,-84.8,500,-50.0,-5.0,50.24937810560445,-1,-194.28940686250036,-8,3,3,9.04591136276987
1513,2010201,412815.0,3392400.0,7,200,3,0,2585.0,16.2,493,0,5,412675,3392405,489,33,5,-108.5,500,-140.0,5.0,140.089257261219,-4,157.95459151111277,-11,3,3,4.489730758084142
1514,2010201,412815.0,3392400.0,7,200,3,0,2585.0,16.2,493,0,5,412780,3392380,492,0,5,-65.29,500,-35.0,-20.0,40.311288741492746,-1,-170.25511870305778,-8,3,3,11.224821667293003
1515,2010201,412815.0,3392400.0,7,200,3,0,2585.0,16.2,493,0,5,412645,3392340,490,63,6,-98.67,500,-170.0,-60.0,180.27756377319946,-3,-180.55996517182382,-10,3,3,3.17494432830295
1516,2010201,412815.0,3392400.0,7,200,3,0,2585.0,16.2,493,0,5,412750,3392425,492,0,2,-89.22,500,-65.0,25.0,69.6419413859206,-1,138.96248897457815,-8,3,3,6.553031978625017
1517,2010201,412815.0,3392400.0,7,200,3,0,2585.0,16.2,493,0,5,412665,3392360,488,0,6,-91.78,500,-150.0,-40.0,155.24174696260025,-5,-185.06858282186246,-12,3,3,4.420105179057558
1518,2010201,412815.0,3392400.0,7,200,3,0,2585.0,16.2,493,0,5,412680,3392375,488,0,6,-88.89,500,-135.0,-25.0,137.2953021774598,-5,-189.5085229876684,-12,3,3,4.995120268354493
1519,2010201,412815.0,3392400.0,7,200,3,0,2585.0,16.2,493,0,5,412685,3392380,488,0,6,-87.14,500,-130.0,-20.0,131.52946437965906,-5,-191.2538377374448,-12,3,3,5.21290934281268
1520,2010201,412815.0,3392400.0,7,200,3,0,2585.0,16.2,493,0,5,412660,3392355,489,63,6,-92.2,500,-155.0,-45.0,161.40012391568973,-4,-183.81079374297306,-11,3,3,3.8988846197030704
1521,2010201,412815.0,3392400.0,7,200,3,0,2585.0,16.2,493,0,5,412700,3392395,490,0,5,-85.87,500,-115.0,-5.0,115.10864433221339,-3,-197.51044707800085,-10,3,3,4.96507353827371
1522,2010201,412815.0,3392400.0,7,200,3,0,2585.0,16.2,493,0,5,412730,3392405,491,0,5,-86.0,500,-85.0,5.0,85.14693182963201,-2,156.63353933657015,-9,3,3,6.033739320216729
1523,2010201,412815.0,3392400.0,7,200,3,0,2585.0,16.2,493,0,5,412735,3392410,491,0,5,-85.05,500,-80.0,10.0,80.62257748298549,-2,152.8749836510982,-9,3,3,6.369629019656469
1524,2010201,412815.0,3392400.0,7,200,3,0,2585.0,16.2,493,0,5,412720,3392415,491,0,5,-85.97,500,-95.0,15.0,96.17692030835673,-2,151.0273733851036,-9,3,3,5.346029977875715
1525,2010201,412815.0,3392400.0,7,200,3,0,2585.0,16.2,493,0,5,412725,3392420,491,0,5,-87.67,500,-90.0,20.0,92.19544457292888,-2,147.47119229084848,-9,3,3,5.575474308033314
1526,2010201,412815.0,3392400.0,7,200,3,0,2585.0,16.2,493,0,5,412765,3392460,493,0,2,-88.0,500,-50.0,60.0,78.10249675906654,0,109.80557109226521,-7,3,3,5.1214969436711675
1527,2010201,412815.0,3392400.0,7,200,3,0,2585.0,16.2,493,0,5,412710,3392385,489,0,5,-84.75,500,-105.0,-15.0,106.06601717798213,-4,-191.86989764584402,-11,3,3,5.920920632956351
1528,2010201,412815.0,3392400.0,7,200,3,0,2585.0,16.2,493,0,5,412695,3392370,489,0,5,-84.98,500,-120.0,-30.0,123.69316876852982,-4,-185.96375653207352,-11,3,3,5.081929484202042
1529,2010201,412815.0,3392400.0,7,200,3,0,2585.0,16.2,493,0,5,412705,3392400,490,0,5,-85.93,500,-110.0,0.0,110.0,-3,160.0,-10,3,3,5.194428907734806
1530,2010201,412815.0,3392400.0,7,200,3,0,2585.0,16.2,493,0,5,412745,3392440,492,0,5,-85.81,500,-70.0,40.0,80.62257748298549,-1,130.25511870305775,-8,3,3,5.666783353597029
1531,2010201,412815.0,3392400.0,7,200,3,0,2585.0,16.2,493,0,5,412715,3392390,490,0,5,-84.0,500,-100.0,-10.0,100.4987562112089,-3,-194.28940686250036,-10,3,3,5.6824384835168384
1532,2010201,412815.0,3392400.0,7,200,3,0,2585.0,16.2,493,0,5,412690,3392365,489,0,5,-86.69,500,-125.0,-35.0,129.80754985747168,-4,-184.35775354279127,-11,3,3,4.843719979143165
1533,2010201,412815.0,3392400.0,7,200,3,0,2585.0,16.2,493,0,5,412670,3392345,488,0,5,-89.75,500,-145.0,-55.0,155.08062419270823,-5,-179.22774531795417,-12,3,3,4.424679270288279
1534,2010201,412815.0,3392400.0,7,200,3,0,2585.0,16.2,493,0,5,412675,3392350,488,0,5,-88.64,500,-140.0,-50.0,148.66068747318505,-5,-180.3461759419467,-12,3,3,4.614951383964139
1535,2010201,412815.0,3392400.0,7,200,3,0,2585.0,16.2,493,0,5,412740,3392435,492,0,5,-84.61,500,-75.0,35.0,82.76472678623425,-1,134.98310652190003,-8,3,3,5.521031579082746
1536,2010201,412815.0,3392400.0,7,200,3,0,2585.0,16.2,493,0,5,412655,3392330,489,0,6,-93.33,500,-160.0,-70.0,174.64249196572982,-4,-176.3706222693432,-11,3,3,3.6040604766740834
1537,2010201,412815.0,3392400.0,7,200,3,0,2585.0,16.2,493,0,5,412760,3392455,493,0,2,-87.8,500,-55.0,55.0,77.78174593052023,0,115.0,-7,3,3,5.142503598812721
1538,2010201,412815.0,3392400.0,7,200,3,0,2585.0,16.2,493,0,5,412775,3392450,493,0,2,-79.5,500,-40.0,50.0,64.03124237432849,0,108.65980825409008,-7,3,3,6.238892790916383
1539,2010201,412815.0,3392400.0,7,200,3,0,2585.0,16.2,493,0,5,412755,3392430,492,0,2,-77.6,500,-60.0,30.0,67.08203932499369,-1,133.43494882292202,-8,3,3,6.800800956379757
1540,2010201,412815.0,3392400.0,7,200,3,0,2585.0,16.2,493,0,5,412770,3392445,493,0,2,-79.33,500,-45.0,45.0,63.63961030678928,0,115.0,-7,3,3,6.276980800104996
1541,2010201,412815.0,3392400.0,7,200,3,0,2585.0,16.2,493,0,5,412650,3392325,489,63,6,-95.33,500,-165.0,-75.0,181.24568960391858,-4,-175.55604521958347,-11,3,3,3.4730837152877103
1542,2010201,412815.0,3392400.0,7,200,3,0,2585.0,16.2,493,0,5,412740,3392585,496,0,5,-97.0,500,-75.0,185.0,199.6246477767713,3,92.06789956241022,-4,3,3,1.1479166286302727
1543,2010201,412815.0,3392400.0,7,200,3,0,2585.0,16.2,493,0,5,412755,3392600,495,0,6,-96.93,500,-60.0,200.0,208.806130178211,2,86.69924423399362,-5,3,3,1.3717229518599356
1544,2010201,412815.0,3392400.0,7,200,3,0,2585.0,16.2,493,0,5,412750,3392595,495,0,6,-98.29,500,-65.0,195.0,205.54804791094466,2,88.43494882292202,-5,3,3,1.3934572272287051
1545,2010201,412815.0,3392400.0,7,200,3,0,2585.0,16.2,493,0,5,412745,3392590,495,0,6,-97.6,500,-70.0,190.0,202.48456731316588,2,90.22485943116806,-5,3,3,1.4145309701438362
1546,2010201,412815.0,3392400.0,7,200,3,0,2585.0,16.2,493,0,5,412765,3392610,495,0,5,-102.5,500,-50.0,210.0,215.87033144922904,2,83.39249775375112,-5,3,3,1.3268506236807716
1547,2010201,412815.0,3392400.0,7,200,3,0,2585.0,16.2,493,0,5,412760,3392605,495,0,6,-98.0,500,-55.0,205.0,212.24985276791125,2,85.0183606311507,-5,3,3,1.349475246748104
1548,2010201,412815.0,3392400.0,7,200,3,0,2585.0,16.2,493,0,5,412770,3392615,494,0,5,-98.5,500,-45.0,215.0,219.65882636488797,1,81.82148834060729,-6,3,3,1.5646501561326638
1549,2010201,412815.0,3392400.0,7,200,3,0,2585.0,16.2,493,0,5,412775,3392620,494,0,5,-97.5,500,-40.0,220.0,223.60679774997897,1,80.30484646876602,-6,3,3,1.5370382753950322
1550,2010201,412815.0,3392400.0,7,200,3,0,2585.0,16.2,493,0,5,412715,3392560,497,0,5,-104.5,500,-100.0,160.0,188.67962264113208,4,102.00538320808352,-3,3,3,0.9109243141471541
1551,2010201,412815.0,3392400.0,7,200,3,0,2585.0,16.2,493,0,5,412625,3392275,491,0,5,-94.0,500,-190.0,-125.0,227.43130831088317,-2,-166.659292653523,-9,3,3,2.2661484075607357
1552,2010201,412815.0,3392400.0,7,200,3,0,2585.0,16.2,493,0,5,412635,3392265,490,0,2,-103.8,500,-180.0,-135.0,225.0,-3,-163.13010235415598,-10,3,3,2.5448043798130953
1553,2010201,412815.0,3392400.0,7,200,3,0,2585.0,16.2,493,0,5,412800,3392490,493,0,2,-85.5,500,-15.0,90.0,91.2414379544733,0,79.46232220802563,-7,3,3,4.387111249722437
1554,2010201,412815.0,3392400.0,7,200,3,0,2585.0,16.2,493,0,5,412825,3392505,493,0,5,-91.0,500,10.0,105.0,105.47511554864494,0,64.55966796899452,-7,3,3,3.7969445989616983
1555,2010201,412815.0,3392400.0,7,200,3,0,2585.0,16.2,493,0,5,412845,3392525,492,0,5,-98.25,500,30.0,125.0,128.5496013218244,-1,56.50426671920417,-8,3,3,3.561083535838842
1556,2010201,412815.0,3392400.0,7,200,3,0,2585.0,16.2,493,0,5,412820,3392510,493,0,5,-94.5,500,5.0,110.0,110.11357772772621,0,67.39743779750017,-7,3,3,3.6374396101430775
1557,2010201,412815.0,3392400.0,7,200,3,0,2585.0,16.2,493,0,5,412830,3392520,492,0,13,-92.5,500,15.0,120.0,120.93386622447825,-1,62.874983651098205,-8,3,3,3.7847080099944574
1558,2010201,412815.0,3392400.0,7,200,3,0,2585.0,16.2,493,0,5,412815,3392495,493,0,5,-94.5,500,0.0,95.0,95.0,0,70.0,-7,3,3,4.214178522734044
1559,2010201,412815.0,3392400.0,7,200,3,0,2585.0,16.2,493,0,5,412840,3392530,492,0,5,-95.38,500,25.0,130.0,132.38202294873727,-1,59.11447294534128,-8,3,3,3.458245101326843
1560,2010201,412815.0,3392400.0,7,200,3,0,2585.0,16.2,493,0,5,412835,3392515,492,0,5,-91.0,500,20.0,115.0,116.72617529928752,-1,60.13419305691565,-8,3,3,3.9207192754898097
1561,2010201,412815.0,3392400.0,7,200,3,0,2585.0,16.2,493,0,5,412860,3392550,492,24,12,-106.0,500,45.0,150.0,156.60459763365824,-1,53.300755766006375,-8,3,3,2.924359510397404
1562,2010201,412815.0,3392400.0,7,200,3,0,2585.0,16.2,493,0,5,412755,3392345,491,0,12,-90.0,500,-60.0,-55.0,81.39410298049853,-2,-157.48955292199918,-9,3,3,6.309741298968085
1563,2010201,412815.0,3392400.0,7,200,3,0,2585.0,16.2,493,0,5,412770,3392370,492,0,5,-61.67,500,-45.0,-30.0,54.08326913195984,-1,-166.30993247402023,-8,3,3,8.41418034588911
1564,2010201,412815.0,3392400.0,7,200,3,0,2585.0,16.2,493,0,5,412670,3392430,491,0,12,-95.5,500,-145.0,30.0,148.07092894960846,-2,148.3106308245608,-9,3,3,3.4782546473538316
1565,2010201,412815.0,3392400.0,7,200,3,0,2585.0,16.2,493,0,5,412750,3392350,491,0,5,-93.0,500,-65.0,-50.0,82.00609733428362,-2,-162.43140797117252,-9,3,3,6.26302861099972
1566,2010201,412815.0,3392400.0,7,200,3,0,2585.0,16.2,493,0,5,412790,3392390,492,0,5,-67.0,500,-25.0,-10.0,26.92582403567252,-1,-178.19859051364818,-8,3,3,16.54734478181665
1567,2010201,412815.0,3392400.0,7,200,3,0,2585.0,16.2,493,0,5,412745,3392355,491,0,5,-77.67,500,-70.0,-45.0,83.21658488546619,-2,-167.2647737278924,-9,3,3,6.1726335690581084
1568,2010201,412815.0,3392400.0,7,200,3,0,2585.0,16.2,493,0,5,412715,3392465,493,0,6,-98.35,500,-100.0,65.0,119.26860441876563,0,126.97613244420336,-7,3,3,3.358896447089135
1569,2010201,412815.0,3392400.0,7,200,3,0,2585.0,16.2,493,0,5,412795,3392385,493,0,5,-65.89,500,-20.0,-15.0,25.0,0,-163.13010235415598,-7,3,3,15.642246457208728
1570,2010201,412815.0,3392400.0,7,200,3,0,2585.0,16.2,493,0,5,412740,3392360,490,0,2,-87.22,500,-75.0,-40.0,85.0,-3,-171.92751306414706,-10,3,3,6.7098368077569335
1571,2010201,412815.0,3392400.0,7,200,3,0,2585.0,16.2,493,0,5,412710,3392470,493,21,5,-106.36,500,-105.0,70.0,126.19429464123962,0,126.30993247402023,-7,3,3,3.17494432830295
1572,2010201,412815.0,3392400.0,7,200,3,0,2585.0,16.2,493,0,5,412705,3392475,493,21,5,-103.17,500,-110.0,75.0,133.13526955694348,0,125.71312302279102,-7,3,3,3.0097320496401454
1573,2010201,412815.0,3392400.0,7,200,3,0,2585.0,16.2,493,0,5,412765,3392375,491,0,5,-89.43,500,-50.0,-25.0,55.90169943749474,-2,-173.434948822922,-9,3,3,9.145960365565434
1574,2010201,412815.0,3392400.0,7,200,3,0,2585.0,16.2,493,0,5,412700,3392480,494,21,5,-104.0,500,-115.0,80.0,140.089257261219,1,125.17551084304318,-6,3,3,2.4524700086306632
1575,2010201,412815.0,3392400.0,7,200,3,0,2585.0,16.2,493,0,5,412760,3392380,491,0,2,-89.64,500,-55.0,-20.0,58.52349955359813,-2,-180.01689347810003,-9,3,3,8.742704595011741
1576,2010201,412815.0,3392400.0,7,200,3,0,2585.0,16.2,493,0,5,412720,3392340,490,0,2,-89.43,500,-95.0,-60.0,112.36102527122117,-3,-167.72435568542238,-10,3,3,5.085857687964041
1577,2010201,412815.0,3392400.0,7,200,3,0,2585.0,16.2,493,0,5,412775,3392365,492,0,12,-75.5,500,-40.0,-35.0,53.150729063673246,-1,-158.81407483429035,-8,3,3,8.559640438125495
1578,2010201,412815.0,3392400.0,7,200,3,0,2585.0,16.2,493,0,5,412780,3392400,492,0,5,-82.8,500,-35.0,0.0,35.0,-1,160.0,-8,3,3,12.875001559612476
1579,2010201,412815.0,3392400.0,7,200,3,0,2585.0,16.2,493,0,5,412785,3392395,492,0,5,-87.78,500,-30.0,-5.0,30.4138126514911,-1,-190.53767779197437,-8,3,3,14.737158444657044
1580,2010201,412815.0,3392400.0,7,200,3,0,2585.0,16.2,493,0,5,412695,3392445,492,33,5,-101.67,500,-120.0,45.0,128.16005617976296,-1,139.44395478041656,-8,3,3,3.571879542705563
1581,2010201,412815.0,3392400.0,7,200,3,0,2585.0,16.2,493,0,5,412865,3392375,495,0,5,-96.0,500,50.0,-25.0,55.90169943749474,2,-46.565051177077976,-5,3,3,5.111089695288715
1582,2010201,412815.0,3392400.0,7,200,3,0,2585.0,16.2,493,0,5,412840,3392400,494,0,5,-96.56,500,25.0,0.0,25.0,1,-20.0,-6,3,3,13.495733280795811
1583,2010201,412815.0,3392400.0,7,200,3,0,2585.0,16.2,493,0,5,412800,3392360,493,24,6,-70.42,500,-15.0,-40.0,42.720018726587654,0,-130.55604521958347,-7,3,3,9.305653843358328
1584,2010201,412815.0,3392400.0,7,200,3,0,2585.0,16.2,493,0,5,412815,3392345,494,0,5,-87.67,500,0.0,-55.0,55.0,1,-110.0,-6,3,3,6.225829064425769
1585,2010201,412815.0,3392400.0,7,200,3,0,2585.0,16.2,493,0,5,412810,3392350,493,24,5,-65.86,500,-5.0,-50.0,50.24937810560445,0,-115.71059313749964,-7,3,3,7.930563199569855
1586,2010201,412815.0,3392400.0,7,200,3,0,2585.0,16.2,493,0,5,412835,3392325,494,0,12,-103.95,500,20.0,-75.0,77.62087348130012,1,-95.06858282186245,-6,3,3,4.420105179057558
1587,2010201,412815.0,3392400.0,7,200,3,0,2585.0,16.2,493,0,5,412820,3392340,494,0,5,-98.25,500,5.0,-60.0,60.207972893961475,1,-105.23635830927383,-6,3,3,5.69099707460626
1588,2010201,412815.0,3392400.0,7,200,3,0,2585.0,16.2,493,0,5,412825,3392335,494,0,5,-103.12,500,10.0,-65.0,65.76473218982953,1,-101.2538377374448,-6,3,3,5.21290934281268
1589,2010201,412815.0,3392400.0,7,200,3,0,2585.0,16.2,493,0,5,412855,3392385,495,6,5,-93.0,500,40.0,-15.0,42.720018726587654,2,-40.55604521958347,-5,3,3,6.67559216607672
1590,2010201,412815.0,3392400.0,7,200,3,0,2585.0,16.2,493,0,5,412845,3392395,495,0,5,-103.5,500,30.0,-5.0,30.4138126514911,2,-29.462322208025626,-5,3,3,9.335859032003938
1591,2010201,412815.0,3392400.0,7,200,3,0,2585.0,16.2,493,0,5,412830,3392330,494,0,5,-104.65,500,15.0,-70.0,71.58910531638176,1,-97.9052429229879,-6,3,3,4.790856308572945
1592,2010201,412815.0,3392400.0,7,200,3,0,2585.0,16.2,493,0,5,412805,3392355,493,24,5,-78.14,500,-10.0,-45.0,46.09772228646444,0,-122.52880770915151,-7,3,3,8.634476058451307
1593,2010201,412815.0,3392400.0,7,200,3,0,2585.0,16.2,493,0,5,412870,3392370,495,0,5,-95.0,500,55.0,-30.0,62.64982043070834,2,-48.61045966596521,-5,3,3,4.563029456305065
1594,2010201,412815.0,3392400.0,7,200,3,0,2585.0,16.2,493,0,5,412850,3392390,495,6,5,-90.0,500,35.0,-10.0,36.40054944640259,2,-35.94539590092285,-5,3,3,7.821235506499643
1595,2010201,412815.0,3392400.0,7,200,3,0,2585.0,16.2,493,0,5,412840,3392550,491,0,5,-96.5,500,25.0,150.0,152.0690632574555,-2,60.537677791974374,-9,3,3,3.3870216367885724
1596,2010201,412815.0,3392400.0,7,200,3,0,2585.0,16.2,493,0,5,412825,3392485,493,0,12,-89.91,500,10.0,85.0,85.58621384311844,0,63.290163192243085,-7,3,3,4.675749766891122
1597,2010201,412815.0,3392400.0,7,200,3,0,2585.0,16.2,493,0,5,412830,3392500,493,0,12,-92.83,500,15.0,100.0,101.11874208078342,0,61.46923439005184,-7,3,3,3.9600139147125586
1598,2010201,412815.0,3392400.0,7,200,3,0,2585.0,16.2,493,0,5,412835,3392495,493,0,12,-94.85,500,20.0,95.0,97.082439194738,0,58.11134196037199,-7,3,3,4.1240987870983545
1599,2010201,412815.0,3392400.0,7,200,3,0,2585.0,16.2,493,0,5,412815,3392515,493,0,5,-109.0,500,0.0,115.0,115.0,0,70.0,-7,3,3,3.48327146899767
1600,2010201,412815.0,3392400.0,7,200,3,0,2585.0,16.2,493,0,5,412820,3392490,493,0,5,-90.2,500,5.0,90.0,90.13878188659973,0,66.82016988013578,-7,3,3,4.440564856211882
1601,2010201,412815.0,3392400.0,7,200,3,0,2585.0,16.2,493,0,5,412845,3392545,491,0,12,-94.75,500,30.0,145.0,148.07092894960846,-2,58.3106308245608,-9,3,3,3.4782546473538316
1602,2010201,412815.0,3392400.0,7,200,3,0,2585.0,16.2,493,0,5,412835,3392320,494,0,12,-101.55,500,20.0,-80.0,82.46211251235322,1,-95.96375653207353,-6,3,3,4.16154674204385
1603,2010201,412815.0,3392400.0,7,200,3,0,2585.0,16.2,493,0,5,412825,3392310,494,0,5,-102.06,500,10.0,-90.0,90.55385138137417,1,-103.6598082540901,-6,3,3,3.790815166957204
1604,2010201,412815.0,3392400.0,7,200,3,0,2585.0,16.2,493,0,5,412820,3392305,494,0,5,-104.0,500,5.0,-95.0,95.13148795220224,1,-106.98721249581666,-6,3,3,3.6088989620373226
1605,2010201,412815.0,3392400.0,7,200,3,0,2585.0,16.2,493,0,5,412800,3392285,493,0,5,-109.55,500,-15.0,-115.0,115.97413504743201,0,-117.4314079711725,-7,3,3,3.454084556603714
1606,2010201,412815.0,3392400.0,7,200,3,0,2585.0,16.2,493,0,5,412810,3392295,493,0,5,-103.31,500,-5.0,-105.0,105.11898020814318,0,-112.72631099390628,-7,3,3,3.809770547384483
1607,2010201,412815.0,3392400.0,7,200,3,0,2585.0,16.2,493,0,5,412830,3392315,494,0,12,-101.29,500,15.0,-85.0,86.31338250816034,1,-99.99202019855866,-6,3,3,3.976469650581785
1608,2010201,412815.0,3392400.0,7,200,3,0,2585.0,16.2,493,0,5,412805,3392290,493,0,5,-105.4,500,-10.0,-110.0,110.45361017187261,0,-115.1944289077348,-7,3,3,3.626271644575028
1609,2010201,412815.0,3392400.0,7,200,3,0,2585.0,16.2,493,0,5,412815,3392300,494,0,5,-103.96,500,0.0,-100.0,100.0,1,-110.0,-6,3,3,3.4336303624505224
1610,2010201,412815.0,3392400.0,7,200,3,0,2585.0,16.2,493,0,5,412740,3392620,495,21,5,-92.5,500,-75.0,220.0,232.43278598338918,2,88.82471001824007,-5,3,3,1.2323335512680635
1611,2010201,412815.0,3392400.0,7,200,3,0,2585.0,16.2,493,0,5,412715,3392485,494,21,5,-97.33,500,-100.0,85.0,131.24404748406687,1,119.63546342690267,-6,3,3,2.617531909793044
1612,2010201,412815.0,3392400.0,7,200,3,0,2585.0,16.2,493,0,5,412755,3392605,495,0,6,-96.17,500,-60.0,205.0,213.60009363293827,2,86.31385242626055,-5,3,3,1.3409478665342063
1613,2010201,412815.0,3392400.0,7,200,3,0,2585.0,16.2,493,0,5,412770,3392590,494,0,5,-95.22,500,-45.0,190.0,195.25624189766637,1,83.3245312618908,-6,3,3,1.76007962927413
1614,2010201,412815.0,3392400.0,7,200,3,0,2585.0,16.2,493,0,5,412750,3392610,495,0,6,-96.2,500,-65.0,210.0,219.82947936980608,2,87.19854122006586,-5,3,3,1.3029622427534624
1615,2010201,412815.0,3392400.0,7,200,3,0,2585.0,16.2,493,0,5,412760,3392600,495,0,6,-99.33,500,-55.0,200.0,207.4246851269154,2,85.37625124882618,-5,3,3,1.3808550791359273
1616,2010201,412815.0,3392400.0,7,200,3,0,2585.0,16.2,493,0,5,412775,3392585,494,0,5,-94.88,500,-40.0,185.0,189.274932307477,1,82.20046872738078,-6,3,3,1.8156635479669192
1617,2010201,412815.0,3392400.0,7,200,3,0,2585.0,16.2,493,0,5,412710,3392490,494,21,5,-104.0,500,-105.0,90.0,138.2931668593933,1,119.39870535499551,-6,3,3,2.484281952691595
1618,2010201,412815.0,3392400.0,7,200,3,0,2585.0,16.2,493,0,5,412765,3392595,495,0,5,-96.91,500,-50.0,195.0,201.30822139197394,2,84.38139459109061,-5,3,3,1.4227934034152492
1619,2010201,412815.0,3392400.0,7,200,3,0,2585.0,16.2,493,0,5,412805,3392550,493,0,2,-105.0,500,-10.0,150.0,150.33296378372907,0,73.81407483429035,-7,3,3,2.665955382074872
1620,2010201,412815.0,3392400.0,7,200,3,0,2585.0,16.2,493,0,5,412835,3392540,492,0,5,-95.83,500,20.0,140.0,141.4213562373095,-1,61.86989764584405,-8,3,3,3.2376881462291043
1621,2010201,412815.0,3392400.0,7,200,3,0,2585.0,16.2,493,0,5,412840,3392505,492,0,5,-102.0,500,25.0,105.0,107.93516572461452,-1,56.607502246248885,-8,3,3,4.238930235291965
1622,2010201,412815.0,3392400.0,7,200,3,0,2585.0,16.2,493,0,5,412830,3392535,492,0,5,-95.3,500,15.0,135.0,135.83077707206124,-1,63.65980825409008,-8,3,3,3.3706450587643757
1623,2010201,412815.0,3392400.0,7,200,3,0,2585.0,16.2,493,0,5,412825,3392530,492,0,5,-95.33,500,10.0,130.0,130.38404810405297,-1,65.60129464500449,-8,3,3,3.511106871394865
1624,2010201,412815.0,3392400.0,7,200,3,0,2585.0,16.2,493,0,5,412680,3392490,494,0,5,-113.2,500,-135.0,90.0,162.24980739587951,1,126.30993247402023,-6,3,3,2.1178336334707177
1625,2010201,412815.0,3392400.0,7,200,3,0,2585.0,16.2,493,0,5,412785,3392585,494,0,2,-91.0,500,-30.0,185.0,187.41664813991312,1,79.21102654081665,-6,3,3,1.8336540883988182
1626,2010201,412815.0,3392400.0,7,200,3,0,2585.0,16.2,493,0,5,412775,3392575,494,0,5,-96.33,500,-40.0,175.0,179.51323071016242,1,82.87500155961249,-6,3,3,1.9143254570262487
1627,2010201,412815.0,3392400.0,7,200,3,0,2585.0,16.2,493,0,5,412760,3392570,495,0,5,-98.07,500,-55.0,170.0,178.67568385205638,2,87.92791976200726,-5,3,3,1.6029274233800823
1628,2010201,412815.0,3392400.0,7,200,3,0,2585.0,16.2,493,0,5,412755,3392635,495,0,6,-95.0,500,-60.0,235.0,242.53865671269807,2,84.32271997820357,-5,3,3,1.1810007043710427
1629,2010201,412815.0,3392400.0,7,200,3,0,2585.0,16.2,493,0,5,412685,3392485,494,0,12,-112.0,500,-130.0,85.0,155.32224567009067,1,126.82148834060729,-6,3,3,2.2121997515695138
1630,2010201,412815.0,3392400.0,7,200,3,0,2585.0,16.2,493,0,5,412695,3392495,495,0,12,-110.33,500,-120.0,95.0,153.05227865013967,2,121.63251461513846,-5,3,3,1.8711060807682063
1631,2010201,412815.0,3392400.0,7,200,3,0,2585.0,16.2,493,0,5,412765,3392565,495,0,5,-94.42,500,-50.0,165.0,172.40939649566667,2,86.85839876773827,-5,3,3,1.6611543814338845
1632,2010201,412815.0,3392400.0,7,200,3,0,2585.0,16.2,493,0,5,412770,3392580,494,0,5,-95.0,500,-45.0,180.0,185.53975315279473,1,84.03624346792651,-6,3,3,1.8521902291172765
1633,2010201,412815.0,3392400.0,7,200,3,0,2585.0,16.2,493,0,5,409745,3393525,503,0,6,-90.5,500,-3070.0,1125.0,3269.6368299858627,10,139.87466489504703,3,3,3,-0.05257075915204615
1634,2010201,412815.0,3392400.0,7,200,3,0,2585.0,16.2,493,0,5,412850,3392405,494,0,5,-92.29,500,35.0,5.0,35.35533905932738,1,-11.86989764584402,-6,3,3,9.6316519614038
1635,2010201,412815.0,3392400.0,7,200,3,0,2585.0,16.2,493,0,5,412820,3392475,493,0,5,-83.25,500,5.0,75.0,75.16648189186454,0,66.18592516570965,-7,3,3,5.3204168381930845
1636,2010201,412815.0,3392400.0,7,200,3,0,2585.0,16.2,493,0,5,412860,3392435,494,0,6,-97.0,500,45.0,35.0,57.0087712549569,1,17.874983651098205,-6,3,3,6.0080881868734854
1637,2010201,412815.0,3392400.0,7,200,3,0,2585.0,16.2,493,0,5,412805,3392460,493,0,5,-90.0,500,-10.0,60.0,60.8276253029822,0,79.46232220802563,-7,3,3,6.564680108806798
1638,2010201,412815.0,3392400.0,7,200,3,0,2585.0,16.2,493,0,5,412825,3392480,493,0,5,-88.26,500,10.0,80.0,80.62257748298549,0,62.874983651098205,-7,3,3,4.962222556601448
1639,2010201,412815.0,3392400.0,7,200,3,0,2585.0,16.2,493,0,5,412830,3392465,493,6,12,-89.3,500,15.0,65.0,66.70832032063167,0,57.005383208083515,-7,3,3,5.990377373590032
1640,2010201,412815.0,3392400.0,7,200,3,0,2585.0,16.2,493,0,5,412845,3392420,494,24,6,-102.78,500,30.0,20.0,36.05551275463989,1,13.69006752597977,-6,3,3,9.448016435202305
1641,2010201,412815.0,3392400.0,7,200,3,0,2585.0,16.2,493,0,5,412840,3392415,494,0,6,-101.23,500,25.0,15.0,29.154759474226502,1,10.963756532073518,-6,3,3,11.62901399521606
1642,2010201,412815.0,3392400.0,7,200,3,0,2585.0,16.2,493,0,5,412815,3392450,493,0,5,-82.0,500,0.0,50.0,50.0,0,70.0,-7,3,3,7.96961039432136
1643,2010201,412815.0,3392400.0,7,200,3,0,2585.0,16.2,493,0,5,412810,3392445,493,0,5,-77.56,500,-5.0,45.0,45.27692569068709,0,76.34019174590992,-7,3,3,8.788582486204
1644,2010201,412815.0,3392400.0,7,200,3,0,2585.0,16.2,493,0,5,412835,3392470,493,6,5,-90.13,500,20.0,70.0,72.80109889280519,0,54.05460409907715,-7,3,3,5.492242160411995
1645,2010201,412815.0,3392400.0,7,200,3,0,2585.0,16.2,493,0,5,412855,3392410,494,0,5,-96.5,500,40.0,10.0,41.23105625617661,1,-5.963756532073518,-6,3,3,8.279642510622892
1646,2010201,412815.0,3392400.0,7,200,3,0,2585.0,16.2,493,0,5,412705,3392520,496,0,5,-104.5,500,-110.0,120.0,162.78820596099706,3,112.51044707800088,-4,3,3,1.4075774623694992
1647,2010201,412815.0,3392400.0,7,200,3,0,2585.0,16.2,493,0,5,412690,3392485,494,0,12,-110.06,500,-125.0,85.0,151.16216457830973,1,125.7842978675626,-6,3,3,2.273017923389842
1648,2010201,412815.0,3392400.0,7,200,3,0,2585.0,16.2,493,0,5,412680,3392495,495,0,5,-110.0,500,-135.0,95.0,165.07574019219177,2,124.86580694308435,-5,3,3,1.7349086982711879
1649,2010201,412815.0,3392400.0,7,200,3,0,2585.0,16.2,493,0,5,412755,3392630,495,0,6,-91.5,500,-60.0,230.0,237.69728648009425,2,84.62087398863167,-5,3,3,1.2050480655314086
1650,2010201,412815.0,3392400.0,7,200,3,0,2585.0,16.2,493,0,5,412760,3392575,495,0,5,-99.32,500,-55.0,175.0,183.43936327844142,2,87.44718842328223,-5,3,3,1.5613223809503922
1651,2010201,412815.0,3392400.0,7,200,3,0,2585.0,16.2,493,0,5,412800,3392695,493,0,2,-96.5,500,-15.0,295.0,295.3811097548386,0,72.91083782616772,-7,3,3,1.3575526248492074
1652,2010201,412815.0,3392400.0,7,200,3,0,2585.0,16.2,493,0,5,412775,3392570,494,0,5,-94.75,500,-40.0,170.0,174.64249196572982,1,83.24051991518718,-6,3,3,1.9676741513867602
1653,2010201,412815.0,3392400.0,7,200,3,0,2585.0,16.2,493,0,5,412765,3392580,495,0,5,-98.36,500,-50.0,180.0,186.81541692269406,2,85.52411099675425,-5,3,3,1.53312037606545
1654,2010201,412815.0,3392400.0,7,200,3,0,2585.0,16.2,493,0,5,412750,3392625,495,0,6,-95.0,500,-65.0,225.0,234.2007685726074,2,86.1134182330893,-5,3,3,1.2230334964871241
1655,2010201,412815.0,3392400.0,7,200,3,0,2585.0,16.2,493,0,5,412685,3392500,495,0,5,-110.0,500,-130.0,100.0,164.01219466856725,2,122.43140797117252,-5,3,3,1.7461518607782684
1656,2010201,412815.0,3392400.0,7,200,3,0,2585.0,16.2,493,0,5,412770,3392565,494,0,5,-93.13,500,-45.0,165.0,171.0263137648707,1,85.2551187030578,-6,3,3,2.0092448805508756
1657,2010201,412815.0,3392400.0,7,200,3,0,2585.0,16.2,493,0,5,412830,3392365,494,0,5,-66.6,500,15.0,-35.0,38.07886552931954,1,-86.80140948635182,-6,3,3,8.95434473505222
1658,2010201,412815.0,3392400.0,7,200,3,0,2585.0,16.2,493,0,5,412840,3392355,495,0,12,-104.0,500,25.0,-45.0,51.478150704935004,2,-80.94539590092286,-5,3,3,5.54765627378992
1659,2010201,412815.0,3392400.0,7,200,3,0,2585.0,16.2,493,0,5,412860,3392335,495,0,5,-110.0,500,45.0,-65.0,79.05694150420949,2,-75.30484646876604,-5,3,3,3.6188832299832407
1660,2010201,412815.0,3392400.0,7,200,3,0,2585.0,16.2,493,0,5,412855,3392350,495,0,12,-111.75,500,40.0,-50.0,64.03124237432849,2,-71.34019174590992,-5,3,3,4.464988243535739
1661,2010201,412815.0,3392400.0,7,200,3,0,2585.0,16.2,493,0,5,412845,3392360,495,0,12,-102.5,500,30.0,-40.0,50.0,2,-73.13010235415598,-5,3,3,5.710593137499642
1662,2010201,412815.0,3392400.0,7,200,3,0,2585.0,16.2,493,0,5,412850,3392345,495,0,5,-110.4,500,35.0,-55.0,65.19202405202648,2,-77.52880770915151,-5,3,3,4.385799530775009
1663,2010201,412815.0,3392400.0,7,200,3,0,2585.0,16.2,493,0,5,412820,3392375,494,24,5,-71.45,500,5.0,-25.0,25.495097567963924,1,-98.69006752597979,-6,3,3,13.242976219823511
1664,2010201,412815.0,3392400.0,7,200,3,0,2585.0,16.2,493,0,5,412805,3392400,493,0,12,-67.96,500,-10.0,0.0,10.0,0,160.0,-7,3,3,34.99202019855866
1665,2010201,412815.0,3392400.0,7,200,3,0,2585.0,16.2,493,0,5,412815,3392390,494,0,5,-60.8,500,0.0,-10.0,10.0,1,-110.0,-6,3,3,30.96375653207352
1666,2010201,412815.0,3392400.0,7,200,3,0,2585.0,16.2,493,0,5,412835,3392370,494,0,5,-93.0,500,20.0,-30.0,36.05551275463989,1,-76.30993247402021,-6,3,3,9.448016435202305
1667,2010201,412815.0,3392400.0,7,200,3,0,2585.0,16.2,493,0,5,412810,3392385,493,0,5,-60.14,500,-5.0,-15.0,15.811388300841896,0,-128.43494882292202,-7,3,3,23.879876253764905
1668,2010201,412815.0,3392400.0,7,200,3,0,2585.0,16.2,493,0,5,412800,3392395,493,0,5,-59.14,500,-15.0,-5.0,15.811388300841896,0,-181.565051177078,-7,3,3,23.879876253764905
1669,2010201,412815.0,3392400.0,7,200,3,0,2585.0,16.2,493,0,5,412825,3392380,494,24,5,-62.56,500,10.0,-20.0,22.360679774997898,1,-83.43494882292201,-6,3,3,15.020256666513818
1670,2010201,412815.0,3392400.0,7,200,3,0,2585.0,16.2,493,0,5,412670,3392490,495,0,5,-110.13,500,-145.0,90.0,170.66048165876012,2,128.17255342332692,-5,3,3,1.6781680724220434
1671,2010201,412815.0,3392400.0,7,200,3,0,2585.0,16.2,493,0,5,412755,3392565,495,0,6,-98.2,500,-60.0,165.0,175.57049866079439,2,89.98310652189997,-5,3,3,1.6312620272468454
1672,2010201,412815.0,3392400.0,7,200,3,0,2585.0,16.2,493,0,5,412675,3392485,494,0,5,-106.6,500,-140.0,85.0,163.783393541592,1,128.73626830562256,-6,3,3,2.0980210988265084
1673,2010201,412815.0,3392400.0,7,200,3,0,2585.0,16.2,493,0,5,412775,3392625,494,0,5,-93.0,500,-40.0,225.0,228.52789764052878,1,80.08059798754232,-6,3,3,1.50395519518899
1674,2010201,412815.0,3392400.0,7,200,3,0,2585.0,16.2,493,0,5,412750,3392570,495,0,6,-97.15,500,-65.0,170.0,182.00274723201295,2,90.92450174492114,-5,3,3,1.5736403124473701
1675,2010201,412815.0,3392400.0,7,200,3,0,2585.0,16.2,493,0,5,412745,3392575,496,0,6,-99.33,500,-70.0,175.0,188.48076824970764,3,91.80140948635182,-4,3,3,1.2157671174567177
1676,2010201,412815.0,3392400.0,7,200,3,0,2585.0,16.2,493,0,5,412740,3392580,496,0,5,-99.5,500,-75.0,180.0,195.0,3,92.61986494804046,-4,3,3,1.1751332372393646
1677,2010201,412815.0,3392400.0,7,200,3,0,2585.0,16.2,493,0,5,412780,3392620,494,0,5,-96.0,500,-35.0,220.0,222.76669409945464,1,79.0394828033551,-6,3,3,1.5428319984702916
1678,2010201,412815.0,3392400.0,7,200,3,0,2585.0,16.2,493,0,5,412665,3392495,495,0,5,-106.33,500,-150.0,95.0,177.55280904564702,2,127.65255650055798,-5,3,3,1.6130592759990843
1679,2010201,412815.0,3392400.0,7,200,3,0,2585.0,16.2,493,0,5,412630,3392245,490,0,2,-93.67,500,-185.0,-155.0,241.3503677229434,-3,-160.0424510691709,-10,3,3,2.3726098493189616
1680,2010201,412815.0,3392400.0,7,200,3,0,2585.0,16.2,493,0,5,412625,3392260,491,0,5,-95.33,500,-190.0,-140.0,236.00847442411893,-2,-163.61564818416412,-9,3,3,2.183871883879804
1681,2010201,412815.0,3392400.0,7,200,3,0,2585.0,16.2,493,0,5,412620,3392255,491,0,5,-96.5,500,-195.0,-145.0,243.00205760445732,-2,-163.3658861240326,-9,3,3,2.1210784528175517
1682,2010201,412815.0,3392400.0,7,200,3,0,2585.0,16.2,493,0,5,412635,3392250,490,0,2,-95.67,500,-180.0,-150.0,234.30749027719963,-3,-160.19442890773482,-10,3,3,2.4438411870604106
1683,2010201,412815.0,3392400.0,7,200,3,0,2585.0,16.2,493,0,5,412615,3392270,491,0,6,-98.5,500,-200.0,-130.0,238.53720883753127,-2,-166.97613244420336,-9,3,3,2.160742706258118
1684,2010201,412815.0,3392400.0,7,200,3,0,2585.0,16.2,493,0,5,412730,3392305,490,0,5,-87.0,500,-85.0,-95.0,127.47548783981962,-3,-151.82016988013575,-10,3,3,4.48546483215546
1685,2010201,412815.0,3392400.0,7,200,3,0,2585.0,16.2,493,0,5,412725,3392320,490,0,5,-82.33,500,-90.0,-80.0,120.41594578792295,-3,-158.3664606634298,-10,3,3,4.7472622548526
1686,2010201,412815.0,3392400.0,7,200,3,0,2585.0,16.2,493,0,5,412755,3392290,491,24,5,-90.94,500,-60.0,-110.0,125.29964086141668,-2,-138.6104596659652,-9,3,3,4.108375250427507
1687,2010201,412815.0,3392400.0,7,200,3,0,2585.0,16.2,493,0,5,412740,3392295,490,0,5,-93.83,500,-75.0,-105.0,129.0348790056394,-3,-145.53767779197437,-10,3,3,4.431475061572095
1688,2010201,412815.0,3392400.0,7,200,3,0,2585.0,16.2,493,0,5,412765,3392280,492,24,5,-89.67,500,-50.0,-120.0,130.0,-1,-132.61986494804043,-8,3,3,3.521453376922238
1689,2010201,412815.0,3392400.0,7,200,3,0,2585.0,16.2,493,0,5,412775,3392270,493,0,5,-112.67,500,-40.0,-130.0,136.01470508735443,0,-127.10272896905236,-7,3,3,2.946129389171019
1690,2010201,412815.0,3392400.0,7,200,3,0,2585.0,16.2,493,0,5,412745,3392300,491,0,6,-87.0,500,-70.0,-100.0,122.06555615733703,-2,-144.9920201985587,-9,3,3,4.216837630350274
1691,2010201,412815.0,3392400.0,7,200,3,0,2585.0,16.2,493,0,5,412750,3392285,491,0,5,-89.4,500,-65.0,-115.0,132.09844813622905,-2,-139.47588900324575,-9,3,3,3.8975958100630286
1692,2010201,412815.0,3392400.0,7,200,3,0,2585.0,16.2,493,0,5,412735,3392310,490,0,5,-91.2,500,-80.0,-90.0,120.41594578792295,-3,-151.63353933657018,-10,3,3,4.7472622548526
1693,2010201,412815.0,3392400.0,7,200,3,0,2585.0,16.2,493,0,5,412645,3392240,490,0,2,-93.0,500,-170.0,-160.0,233.45235059857504,-3,-156.7357045889284,-10,3,3,2.452782103299482
1694,2010201,412815.0,3392400.0,7,200,3,0,2585.0,16.2,493,0,5,412650,3392240,490,0,2,-93.0,500,-165.0,-160.0,229.83689869122406,-3,-155.88140399658215,-10,3,3,2.491317381563919
1695,2010201,412815.0,3392400.0,7,200,3,0,2585.0,16.2,493,0,5,412750,3392300,491,0,6,-89.55,500,-65.0,-100.0,119.26860441876563,-2,-143.02386755579664,-9,3,3,4.315356816641907
1696,2010201,412815.0,3392400.0,7,200,3,0,2585.0,16.2,493,0,5,412755,3392295,491,0,5,-87.44,500,-60.0,-105.0,120.93386622447825,-2,-139.74488129694222,-9,3,3,4.256154139057605
1697,2010201,412815.0,3392400.0,7,200,3,0,2585.0,16.2,493,0,5,412725,3392305,490,0,5,-87.67,500,-90.0,-95.0,130.86252328302402,-3,-153.45184230102205,-10,3,3,4.36982587280222
1698,2010201,412815.0,3392400.0,7,200,3,0,2585.0,16.2,493,0,5,412740,3392290,491,0,6,-94.36,500,-75.0,-110.0,133.13526955694348,-2,-144.28687697720898,-9,3,3,3.867334857567334
1699,2010201,412815.0,3392400.0,7,200,3,0,2585.0,16.2,493,0,5,412775,3392275,493,0,12,-97.5,500,-40.0,-125.0,131.24404748406687,0,-127.74467162505692,-7,3,3,3.053020714996012
1700,2010201,412815.0,3392400.0,7,200,3,0,2585.0,16.2,493,0,5,412735,3392315,490,0,5,-87.7,500,-80.0,-85.0,116.72617529928752,-3,-153.26429541107163,-10,3,3,4.896606974764946
1701,2010201,412815.0,3392400.0,7,200,3,0,2585.0,16.2,493,0,5,412745,3392285,491,0,6,-91.35,500,-70.0,-115.0,134.6291201783626,-2,-141.32869286780416,-9,3,3,3.8245508068331335
1702,2010201,412815.0,3392400.0,7,200,3,0,2585.0,16.2,493,0,5,412730,3392320,490,0,5,-88.5,500,-85.0,-80.0,116.72617529928752,-3,-156.7357045889284,-10,3,3,4.896606974764946
1703,2010201,412815.0,3392400.0,7,200,3,0,2585.0,16.2,493,0,5,412720,3392310,490,0,5,-92.5,500,-95.0,-90.0,130.86252328302402,-3,-156.54815769897797,-10,3,3,4.36982587280222
1704,2010201,412815.0,3392400.0,7,200,3,0,2585.0,16.2,493,0,5,412800,3392390,493,0,5,-61.17,500,-15.0,-10.0,18.027756377319946,0,-166.30993247402023,-7,3,3,21.22070022359343
1705,2010201,412815.0,3392400.0,7,200,3,0,2585.0,16.2,493,0,5,412825,3392365,494,24,5,-63.0,500,10.0,-35.0,36.40054944640259,1,-94.05460409907715,-6,3,3,9.36005201533333
1706,2010201,412815.0,3392400.0,7,200,3,0,2585.0,16.2,493,0,5,412870,3392340,495,0,5,-115.5,500,55.0,-60.0,81.39410298049853,2,-67.48955292199918,-5,3,3,3.515234519082136
1707,2010201,412815.0,3392400.0,7,200,3,0,2585.0,16.2,493,0,5,412850,3392360,495,0,12,-101.33,500,35.0,-40.0,53.150729063673246,2,-68.81407483429035,-5,3,3,5.374117929017665
1708,2010201,412815.0,3392400.0,7,200,3,0,2585.0,16.2,493,0,5,412815,3392395,493,0,5,-68.09,500,0.0,-5.0,5.0,0,-110.0,-7,3,3,54.46232220802562
1709,2010201,412815.0,3392400.0,7,200,3,0,2585.0,16.2,493,0,5,412845,3392345,495,0,5,-97.0,500,30.0,-55.0,62.64982043070834,2,-81.38954033403479,-5,3,3,4.563029456305065
1710,2010201,412815.0,3392400.0,7,200,3,0,2585.0,16.2,493,0,5,412810,3392400,493,0,5,-71.16,500,-5.0,0.0,5.0,0,160.0,-7,3,3,54.46232220802562
1711,2010201,412815.0,3392400.0,7,200,3,0,2585.0,16.2,493,0,5,412855,3392355,495,0,5,-104.0,500,40.0,-45.0,60.207972893961475,2,-68.36646066342979,-5,3,3,4.7472622548526
1712,2010201,412815.0,3392400.0,7,200,3,0,2585.0,16.2,493,0,5,412835,3392375,494,0,5,-76.33,500,20.0,-25.0,32.01562118716424,1,-71.34019174590992,-6,3,3,10.614591467407537
1713,2010201,412815.0,3392400.0,7,200,3,0,2585.0,16.2,493,0,5,412840,3392350,495,0,5,-104.78,500,25.0,-50.0,55.90169943749474,2,-83.43494882292201,-5,3,3,5.111089695288715
1714,2010201,412815.0,3392400.0,7,200,3,0,2585.0,16.2,493,0,5,412820,3392370,494,24,5,-54.75,500,5.0,-30.0,30.4138126514911,1,-100.53767779197439,-6,3,3,11.159936872185444
1715,2010201,412815.0,3392400.0,7,200,3,0,2585.0,16.2,493,0,5,412830,3392380,494,24,5,-63.67,500,15.0,-20.0,25.0,1,-73.13010235415598,-6,3,3,13.495733280795811
1716,2010201,412815.0,3392400.0,7,200,3,0,2585.0,16.2,493,0,5,412805,3392385,493,0,5,-67.86,500,-10.0,-15.0,18.027756377319946,0,-143.69006752597977,-7,3,3,21.22070022359343
1717,2010201,412815.0,3392400.0,7,200,3,0,2585.0,16.2,493,0,5,412735,3392570,496,0,6,-96.67,500,-80.0,170.0,187.88294228055935,3,95.20112364547509,-4,3,3,1.2196344082122084
1718,2010201,412815.0,3392400.0,7,200,3,0,2585.0,16.2,493,0,5,412755,3392590,495,0,6,-98.14,500,-60.0,190.0,199.24858845171275,2,87.52556837372288,-5,3,3,1.437494681352913
1719,2010201,412815.0,3392400.0,7,200,3,0,2585.0,16.2,493,0,5,412760,3392615,495,0,6,-102.5,500,-55.0,215.0,221.92341021172146,2,84.34933204294714,-5,3,3,1.290672482292869
1720,2010201,412815.0,3392400.0,7,200,3,0,2585.0,16.2,493,0,5,412765,3392620,495,0,5,-93.75,500,-50.0,220.0,225.61028345356956,2,82.80426606528675,-5,3,3,1.2695875593757204
1721,2010201,412815.0,3392400.0,7,200,3,0,2585.0,16.2,493,0,5,412775,3392610,494,0,5,-97.67,500,-40.0,210.0,213.7755832643195,1,80.7842978675626,-6,3,3,1.6076880502915445
1722,2010201,412815.0,3392400.0,7,200,3,0,2585.0,16.2,493,0,5,412770,3392605,494,0,5,-98.22,500,-45.0,205.0,209.88091861815357,1,82.38075692880716,-6,3,3,1.637505090633217
1723,2010201,412815.0,3392400.0,7,200,3,0,2585.0,16.2,493,0,5,412745,3392600,495,0,5,-91.0,500,-70.0,200.0,211.8962010041709,2,89.29004621918875,-5,3,3,1.3517266669289558
1724,2010201,412815.0,3392400.0,7,200,3,0,2585.0,16.2,493,0,5,412750,3392585,495,0,6,-96.64,500,-65.0,185.0,196.08671551127577,2,89.35899417569476,-5,3,3,1.460664135124307
1725,2010201,412815.0,3392400.0,7,200,3,0,2585.0,16.2,493,0,5,412740,3392595,496,0,5,-99.0,500,-75.0,195.0,208.92582415776178,3,91.03751102542185,-4,3,3,1.0968252613765588
1726,2010201,412815.0,3392400.0,7,200,3,0,2585.0,16.2,493,0,5,412670,3392505,496,0,12,-108.67,500,-145.0,105.0,179.02513789968157,3,124.09027692082236,-4,3,3,1.2799598680032467
1727,2010201,412815.0,3392400.0,7,200,3,0,2585.0,16.2,493,0,5,412705,3392560,497,0,12,-105.5,500,-110.0,160.0,194.164878389476,4,104.50852298766841,-3,3,3,0.8851943970824108
1728,2010201,412815.0,3392400.0,7,200,3,0,2585.0,16.2,493,0,5,412655,3392285,489,0,2,-90.19,500,-160.0,-115.0,197.0406049523803,-4,-164.2933085993971,-11,3,3,3.1952807785831587
1729,2010201,412815.0,3392400.0,7,200,3,0,2585.0,16.2,493,0,5,412640,3392300,490,0,5,-97.25,500,-175.0,-100.0,201.55644370746373,-3,-170.25511870305778,-10,3,3,2.8403377163007497
1730,2010201,412815.0,3392400.0,7,200,3,0,2585.0,16.2,493,0,5,412690,3392250,490,0,13,-85.67,500,-125.0,-150.0,195.25624189766637,-3,-149.8055710922652,-10,3,3,2.931827580835157
1731,2010201,412815.0,3392400.0,7,200,3,0,2585.0,16.2,493,0,5,412650,3392290,489,0,5,-93.43,500,-165.0,-110.0,198.3053201505194,-4,-166.30993247402023,-11,3,3,3.17494432830295
1732,2010201,412815.0,3392400.0,7,200,3,0,2585.0,16.2,493,0,5,412645,3392295,490,0,5,-96.2,500,-170.0,-105.0,199.81241202688085,-3,-168.2985703304943,-10,3,3,2.8650880351874637
1733,2010201,412815.0,3392400.0,7,200,3,0,2585.0,16.2,493,0,5,412665,3392315,488,0,6,-95.35,500,-150.0,-85.0,172.40939649566667,-5,-170.46121774044192,-12,3,3,3.981466948950688
1734,2010201,412815.0,3392400.0,7,200,3,0,2585.0,16.2,493,0,5,412660,3392320,489,0,6,-92.68,500,-155.0,-80.0,174.42763542512407,-4,-172.7004277886672,-11,3,3,3.6084881649596388
1735,2010201,412815.0,3392400.0,7,200,3,0,2585.0,16.2,493,0,5,412675,3392305,488,0,6,-93.33,500,-140.0,-95.0,169.1892431568863,-5,-165.84030545433058,-12,3,3,4.0569949224613815
1736,2010201,412815.0,3392400.0,7,200,3,0,2585.0,16.2,493,0,5,412670,3392310,488,0,6,-95.64,500,-145.0,-90.0,170.66048165876012,-5,-168.17255342332692,-12,3,3,4.022135461957692
1737,2010201,412815.0,3392400.0,7,200,3,0,2585.0,16.2,493,0,5,412685,3392255,490,0,5,-92.0,500,-130.0,-145.0,194.74342094150447,-3,-151.8778695378843,-10,3,3,2.939534486434341
1738,2010201,412815.0,3392400.0,7,200,3,0,2585.0,16.2,493,0,5,412695,3392245,490,0,13,-94.0,500,-120.0,-155.0,196.02295783912658,-3,-147.74680538727466,-10,3,3,2.920380043787555
1739,2010201,412815.0,3392400.0,7,200,3,0,2585.0,16.2,493,0,5,412825,3392500,493,0,5,-90.0,500,10.0,100.0,100.4987562112089,0,64.28940686250036,-7,3,3,3.984365154091055
1740,2010201,412815.0,3392400.0,7,200,3,0,2585.0,16.2,493,0,5,412850,3392545,492,24,12,-94.75,500,35.0,145.0,149.164338901763,-1,56.42956561483851,-8,3,3,3.0699530072982606
1741,2010201,412815.0,3392400.0,7,200,3,0,2585.0,16.2,493,0,5,412840,3392555,491,0,5,-97.63,500,25.0,155.0,157.00318468107582,-2,60.83765295427827,-9,3,3,3.2808143680052604
1742,2010201,412815.0,3392400.0,7,200,3,0,2585.0,16.2,493,0,5,412830,3392485,493,0,12,-89.55,500,15.0,85.0,86.31338250816034,0,59.992020198558635,-7,3,3,4.636530215744546
1743,2010201,412815.0,3392400.0,7,200,3,0,2585.0,16.2,493,0,5,412835,3392490,493,0,12,-93.38,500,20.0,90.0,92.19544457292888,0,57.47119229084848,-7,3,3,4.341889436871616
1744,2010201,412815.0,3392400.0,7,200,3,0,2585.0,16.2,493,0,5,412845,3392560,491,0,5,-95.33,500,30.0,160.0,162.78820596099706,-2,59.38034472384487,-9,3,3,3.1644650331916626
1745,2010201,412815.0,3392400.0,7,200,3,0,2585.0,16.2,493,0,5,412820,3392495,493,0,5,-88.75,500,5.0,95.0,95.13148795220224,0,66.98721249581666,-7,3,3,4.20837474977233
1746,2010201,412815.0,3392400.0,7,200,3,0,2585.0,16.2,493,0,5,412815,3392605,492,0,2,-90.0,500,0.0,205.0,205.0,-1,70.0,-8,3,3,2.234798858738865
1747,2010201,412815.0,3392400.0,7,200,3,0,2585.0,16.2,493,0,5,412845,3392575,491,0,5,-95.33,500,30.0,175.0,177.55280904564702,-2,60.27242144859838,-9,3,3,2.9017904728991675
1748,2010201,412815.0,3392400.0,7,200,3,0,2585.0,16.2,493,0,5,412850,3392570,491,0,5,-98.0,500,35.0,170.0,173.5655495770978,-2,58.36636600105953,-9,3,3,2.968334389788952
1749,2010201,412815.0,3392400.0,7,200,3,0,2585.0,16.2,493,0,5,412840,3392580,491,0,5,-95.5,500,25.0,180.0,181.72781845386248,-2,62.09283729704157,-9,3,3,2.835234877221135
1750,2010201,412815.0,3392400.0,7,200,3,0,2585.0,16.2,493,0,5,412855,3392565,492,0,5,-102.0,500,40.0,165.0,169.77926846349644,-1,56.37300514010849,-8,3,3,2.6977819811999906
1751,2010201,412815.0,3392400.0,7,200,3,0,2585.0,16.2,493,0,5,412825,3392280,495,0,5,-122.5,500,10.0,-120.0,120.41594578792295,2,-105.23635830927383,-5,3,3,2.3777118782591264
1752,2010201,412815.0,3392400.0,7,200,3,0,2585.0,16.2,493,0,5,412820,3392440,493,0,12,-78.08,500,5.0,40.0,40.311288741492746,0,62.874983651098205,-7,3,3,9.851101187140927
1753,2010201,412815.0,3392400.0,7,200,3,0,2585.0,16.2,493,0,5,412840,3392460,493,6,5,-89.0,500,25.0,60.0,65.0,0,47.38013505195957,-7,3,3,6.14662565964667
1754,2010201,412815.0,3392400.0,7,200,3,0,2585.0,16.2,493,0,5,412800,3392420,493,0,12,-58.0,500,-15.0,20.0,25.0,0,106.86989764584405,-7,3,3,15.642246457208728
1755,2010201,412815.0,3392400.0,7,200,3,0,2585.0,16.2,493,0,5,412830,3392430,494,24,12,-84.63,500,15.0,30.0,33.54101966249684,1,43.434948822922024,-6,3,3,10.142106156573984
1756,2010201,412815.0,3392400.0,7,200,3,0,2585.0,16.2,493,0,5,412835,3392425,494,24,5,-85.0,500,20.0,25.0,32.01562118716424,1,31.34019174590992,-6,3,3,10.614591467407537
1757,2010201,412815.0,3392400.0,7,200,3,0,2585.0,16.2,493,0,5,412845,3392455,493,6,5,-94.67,500,30.0,55.0,62.64982043070834,0,41.38954033403479,-7,3,3,6.3753390975397295
1758,2010201,412815.0,3392400.0,7,200,3,0,2585.0,16.2,493,0,5,412815,3392405,493,0,5,-66.67,500,0.0,5.0,5.0,0,70.0,-7,3,3,54.46232220802562
1759,2010201,412815.0,3392400.0,7,200,3,0,2585.0,16.2,493,0,5,412810,3392410,493,0,12,-66.22,500,-5.0,10.0,11.180339887498949,0,96.56505117707798,-7,3,3,32.05064263526879
1760,2010201,412815.0,3392400.0,7,200,3,0,2585.0,16.2,493,0,5,412825,3392435,493,24,12,-78.11,500,10.0,35.0,36.40054944640259,0,54.05460409907715,-7,3,3,10.88536666897657
1761,2010201,412815.0,3392400.0,7,200,3,0,2585.0,16.2,493,0,5,412805,3392415,493,0,12,-60.0,500,-10.0,15.0,18.027756377319946,0,103.69006752597977,-7,3,3,21.22070022359343
1762,2010201,412815.0,3392400.0,7,200,3,0,2585.0,16.2,493,0,5,412840,3392375,495,0,5,-84.5,500,25.0,-25.0,35.35533905932738,2,-65.0,-5,3,3,8.049466975528397
1763,2010201,412815.0,3392400.0,7,200,3,0,2585.0,16.2,493,0,5,412860,3392395,495,6,5,-95.67,500,45.0,-5.0,45.27692569068709,2,-26.34019174590992,-5,3,3,6.3017263739971945
1764,2010201,412815.0,3392400.0,7,200,3,0,2585.0,16.2,493,0,5,412835,3392350,494,0,5,-105.57,500,20.0,-50.0,53.85164807134504,1,-88.19859051364818,-6,3,3,6.357515056182176
1765,2010201,412815.0,3392400.0,7,200,3,0,2585.0,16.2,493,0,5,412815,3392330,494,0,12,-100.07,500,0.0,-70.0,70.0,1,-110.0,-6,3,3,4.899092453787765
1766,2010201,412815.0,3392400.0,7,200,3,0,2585.0,16.2,493,0,5,412805,3392340,493,0,12,-75.13,500,-10.0,-60.0,60.8276253029822,0,-119.46232220802563,-7,3,3,6.564680108806798
1767,2010201,412815.0,3392400.0,7,200,3,0,2585.0,16.2,493,0,5,412800,3392335,493,0,12,-84.75,500,-15.0,-65.0,66.70832032063167,0,-122.9946167919165,-7,3,3,5.990377373590032
1768,2010201,412815.0,3392400.0,7,200,3,0,2585.0,16.2,493,0,5,412855,3392370,495,0,12,-83.67,500,40.0,-30.0,50.0,2,-56.86989764584402,-5,3,3,5.710593137499642
1769,2010201,412815.0,3392400.0,7,200,3,0,2585.0,16.2,493,0,5,412810,3392325,493,0,12,-99.21,500,-5.0,-75.0,75.16648189186454,0,-113.81407483429037,-7,3,3,5.3204168381930845
1770,2010201,412815.0,3392400.0,7,200,3,0,2585.0,16.2,493,0,5,412850,3392365,495,0,12,-103.4,500,35.0,-35.0,49.49747468305833,2,-65.0,-5,3,3,5.7681811861882215
1771,2010201,412815.0,3392400.0,7,200,3,0,2585.0,16.2,493,0,5,412830,3392345,494,0,5,-111.08,500,15.0,-55.0,57.0087712549569,1,-94.74488129694222,-6,3,3,6.0080881868734854
1772,2010201,412815.0,3392400.0,7,200,3,0,2585.0,16.2,493,0,5,412820,3392355,494,0,5,-87.75,500,5.0,-45.0,45.27692569068709,1,-103.6598082540901,-6,3,3,7.548729802148626
1773,2010201,412815.0,3392400.0,7,200,3,0,2585.0,16.2,493,0,5,412865,3392400,495,6,5,-110.5,500,50.0,0.0,50.0,2,-20.0,-5,3,3,5.710593137499642
1774,2010201,412815.0,3392400.0,7,200,3,0,2585.0,16.2,493,0,5,412875,3392390,495,0,5,-85.0,500,60.0,-10.0,60.8276253029822,2,-29.462322208025626,-5,3,3,4.69911946436983
1775,2010201,412815.0,3392400.0,7,200,3,0,2585.0,16.2,493,0,5,412845,3392380,495,0,5,-86.67,500,30.0,-20.0,36.05551275463989,2,-53.69006752597977,-5,3,3,7.895142105045789
1776,2010201,412815.0,3392400.0,7,200,3,0,2585.0,16.2,493,0,5,412830,3392360,494,0,5,-80.6,500,15.0,-40.0,42.720018726587654,1,-89.44395478041653,-6,3,3,7.994861271478283
1777,2010201,412815.0,3392400.0,7,200,3,0,2585.0,16.2,493,0,5,412825,3392345,494,0,5,-96.0,500,10.0,-55.0,55.90169943749474,1,-99.69515353123397,-6,3,3,6.126175694914323
1778,2010201,412815.0,3392400.0,7,200,3,0,2585.0,16.2,493,0,5,412810,3392340,493,0,12,-101.67,500,-5.0,-60.0,60.207972893961475,0,-114.76364169072617,-7,3,3,6.631644144241638
1779,2010201,412815.0,3392400.0,7,200,3,0,2585.0,16.2,493,0,5,412840,3392370,495,0,5,-107.0,500,25.0,-30.0,39.05124837953327,2,-70.19442890773482,-5,3,3,7.296275301016713
1780,2010201,412815.0,3392400.0,7,200,3,0,2585.0,16.2,493,0,5,412805,3392325,493,0,12,-99.5,500,-10.0,-75.0,75.66372975210778,0,-117.59464336859145,-7,3,3,5.285650743897974
1781,2010201,412815.0,3392400.0,7,200,3,0,2585.0,16.2,493,0,5,412815,3392335,494,0,12,-98.1,500,0.0,-65.0,65.0,1,-110.0,-6,3,3,5.2738959573517645
1782,2010201,412815.0,3392400.0,7,200,3,0,2585.0,16.2,493,0,5,412800,3392330,493,0,12,-87.27,500,-15.0,-70.0,71.58910531638176,0,-122.0947570770121,-7,3,3,5.584642095815385
1783,2010201,412815.0,3392400.0,7,200,3,0,2585.0,16.2,493,0,5,412835,3392355,494,0,5,-120.75,500,20.0,-45.0,49.24428900898052,1,-86.03751102542182,-6,3,3,6.946765292343983
1784,2010201,412815.0,3392400.0,7,200,3,0,2585.0,16.2,493,0,5,412860,3392390,495,6,5,-93.33,500,45.0,-10.0,46.09772228646444,2,-32.52880770915152,-5,3,3,6.190399458571856
1785,2010201,412815.0,3392400.0,7,200,3,0,2585.0,16.2,493,0,5,412855,3392375,495,0,12,-94.5,500,40.0,-25.0,47.16990566028302,2,-52.00538320808349,-5,3,3,6.050746015911744
1786,2010201,412815.0,3392400.0,7,200,3,0,2585.0,16.2,493,0,5,412845,3392365,495,0,12,-99.5,500,30.0,-35.0,46.09772228646444,2,-69.39870535499554,-5,3,3,6.190399458571856
1787,2010201,412815.0,3392400.0,7,200,3,0,2585.0,16.2,493,0,5,412820,3392350,494,0,5,-92.0,500,5.0,-50.0,50.24937810560445,1,-104.28940686250037,-6,3,3,6.809133658307788
1788,2010201,412815.0,3392400.0,7,200,3,0,2585.0,16.2,493,0,5,412850,3392380,495,6,12,-97.33,500,35.0,-20.0,40.311288741492746,2,-49.744881296942225,-5,3,3,7.070555116965825
1789,2010201,412815.0,3392400.0,7,200,3,0,2585.0,16.2,493,0,5,412835,3392580,491,0,5,-96.0,500,20.0,180.0,181.10770276274835,-2,63.65980825409008,-9,3,3,2.8449268458706496
1790,2010201,412815.0,3392400.0,7,200,3,0,2585.0,16.2,493,0,5,412755,3392395,491,0,2,-70.67,500,-60.0,-5.0,60.207972893961475,-2,-195.2363583092738,-9,3,3,8.501729643938765
1791,2010201,412815.0,3392400.0,7,200,3,0,2585.0,16.2,493,0,5,412740,3392390,491,0,2,-81.83,500,-75.0,-10.0,75.66372975210778,-2,-192.40535663140858,-9,3,3,6.78330968835983
1792,2010201,412815.0,3392400.0,7,200,3,0,2585.0,16.2,493,0,5,412750,3392400,491,0,2,-82.64,500,-65.0,0.0,65.0,-2,160.0,-9,3,3,7.8831393167297295
1793,2010201,412815.0,3392400.0,7,200,3,0,2585.0,16.2,493,0,5,412685,3392405,490,33,6,-99.73,500,-130.0,5.0,130.09611831257686,-3,157.79740183823424,-10,3,3,4.395468220456773
1794,2010201,412815.0,3392400.0,7,200,3,0,2585.0,16.2,493,0,5,412705,3392425,491,0,6,-98.67,500,-110.0,25.0,112.80514172678478,-2,147.19573393471325,-9,3,3,4.56160093503699
1795,2010201,412815.0,3392400.0,7,200,3,0,2585.0,16.2,493,0,5,412770,3392340,492,0,12,-77.5,500,-45.0,-60.0,75.0,-1,-146.86989764584402,-8,3,3,6.088528154195175
1796,2010201,412815.0,3392400.0,7,200,3,0,2585.0,16.2,493,0,5,412745,3392385,491,0,2,-75.75,500,-70.0,-15.0,71.58910531638176,-2,-187.90524292298792,-9,3,3,7.165487395024589
1797,2010201,412815.0,3392400.0,7,200,3,0,2585.0,16.2,493,0,5,412725,3392365,490,0,2,-84.46,500,-90.0,-35.0,96.56603957913983,-3,-178.74949449286677,-10,3,3,5.912252062621178
1798,2010201,412815.0,3392400.0,7,200,3,0,2585.0,16.2,493,0,5,412790,3392360,492,0,5,-65.87,500,-25.0,-40.0,47.16990566028302,-1,-142.00538320808352,-8,3,3,9.625750377173969
1799,2010201,412815.0,3392400.0,7,200,3,0,2585.0,16.2,493,0,5,412730,3392380,490,0,2,-85.0,500,-85.0,-20.0,87.32124598286491,-3,-186.75948008481282,-10,3,3,6.533033075626061
1800,2010201,412815.0,3392400.0,7,200,3,0,2585.0,16.2,493,0,5,412775,3392335,492,0,6,-76.43,500,-40.0,-65.0,76.32168761236873,-1,-141.6075022462489,-8,3,3,5.983862802654128
1801,2010201,412815.0,3392400.0,7,200,3,0,2585.0,16.2,493,0,5,412670,3392480,494,21,12,-116.0,500,-145.0,80.0,165.60495161679194,1,131.1134182330893,-6,3,3,2.074964372003484
1802,2010201,412815.0,3392400.0,7,200,3,0,2585.0,16.2,493,0,5,412765,3392325,491,0,6,-82.28,500,-50.0,-75.0,90.13878188659973,-2,-143.69006752597977,-9,3,3,5.701858819938873
1803,2010201,412815.0,3392400.0,7,200,3,0,2585.0,16.2,493,0,5,412715,3392435,492,0,6,-90.78,500,-100.0,35.0,105.94810050208545,-1,140.70995378081125,-8,3,3,4.318133764528136
1804,2010201,412815.0,3392400.0,7,200,3,0,2585.0,16.2,493,0,5,412675,3392475,494,21,5,-106.0,500,-140.0,75.0,158.8238017426859,1,131.82140989004085,-6,3,3,2.1634747010127744
1805,2010201,412815.0,3392400.0,7,200,3,0,2585.0,16.2,493,0,5,412780,3392350,492,0,5,-71.9,500,-35.0,-50.0,61.032778078668514,-1,-144.9920201985587,-8,3,3,7.467591823369961
1806,2010201,412815.0,3392400.0,7,200,3,0,2585.0,16.2,493,0,5,412710,3392440,492,0,6,-101.0,500,-105.0,40.0,112.36102527122117,-1,139.14554196042167,-8,3,3,4.0725335966362755
1807,2010201,412815.0,3392400.0,7,200,3,0,2585.0,16.2,493,0,5,412795,3392355,493,0,6,-73.93,500,-20.0,-45.0,49.24428900898052,0,-133.9624889745782,-7,3,3,8.090306141289219
1808,2010201,412815.0,3392400.0,7,200,3,0,2585.0,16.2,493,0,5,412785,3392345,492,0,6,-72.45,500,-30.0,-55.0,62.64982043070834,-1,-138.6104596659652,-8,3,3,7.276940205640297
1809,2010201,412815.0,3392400.0,7,200,3,0,2585.0,16.2,493,0,5,412735,3392375,490,0,2,-81.91,500,-80.0,-25.0,83.81527307120105,-3,-182.6459753637387,-10,3,3,6.803797203718071
1810,2010201,412815.0,3392400.0,7,200,3,0,2585.0,16.2,493,0,5,412700,3392430,491,33,6,-94.0,500,-115.0,30.0,118.84864324004712,-2,145.37912601136838,-9,3,3,4.33054756877446
1811,2010201,412815.0,3392400.0,7,200,3,0,2585.0,16.2,493,0,5,412720,3392370,490,0,2,-80.2,500,-95.0,-30.0,99.62429422585637,-3,-182.47443162627712,-10,3,3,5.731985937680171
1812,2010201,412815.0,3392400.0,7,200,3,0,2585.0,16.2,493,0,5,412695,3392415,490,0,6,-89.5,500,-120.0,15.0,120.93386622447825,-3,152.8749836510982,-10,3,3,4.727023601589911
1813,2010201,412815.0,3392400.0,7,200,3,0,2585.0,16.2,493,0,5,412760,3392330,491,0,12,-78.9,500,-55.0,-70.0,89.02246907382428,-2,-148.15722658736905,-9,3,3,5.772878320421866
1814,2010201,412815.0,3392400.0,7,200,3,0,2585.0,16.2,493,0,5,412750,3392650,495,0,5,-100.0,500,-65.0,250.0,258.3118270617898,2,84.57421619803876,-5,3,3,1.1089044210969048
1815,2010201,412815.0,3392400.0,7,200,3,0,2585.0,16.2,493,0,5,412755,3392645,495,0,6,-97.0,500,-60.0,245.0,252.23996511258878,2,83.76078511179122,-5,3,3,1.1355908033329618
1816,2010201,412815.0,3392400.0,7,200,3,0,2585.0,16.2,493,0,5,412835,3392565,491,0,5,-95.33,500,20.0,165.0,166.20770138594662,-2,63.088772880975284,-9,3,3,3.0994887762851095
1817,2010201,412815.0,3392400.0,7,200,3,0,2585.0,16.2,493,0,5,412840,3392585,491,0,5,-97.67,500,25.0,185.0,186.6815470259447,-2,62.30394827798341,-9,3,3,2.7601178126355728
1818,2010201,412815.0,3392400.0,7,200,3,0,2585.0,16.2,493,0,5,412860,3392565,492,0,5,-98.5,500,45.0,165.0,171.0263137648707,-1,54.744881296942225,-8,3,3,2.6781397389894055
1819,2010201,412815.0,3392400.0,7,200,3,0,2585.0,16.2,493,0,5,412800,3392275,494,21,5,-100.5,500,-15.0,-125.0,125.89678312014172,1,-116.84277341263095,-6,3,3,2.7285427922214343
1820,2010201,412815.0,3392400.0,7,200,3,0,2585.0,16.2,493,0,5,412840,3392315,495,0,12,-100.17,500,25.0,-85.0,88.60022573334675,2,-93.61045966596522,-5,3,3,3.229961969838043
1821,2010201,412815.0,3392400.0,7,200,3,0,2585.0,16.2,493,0,5,412805,3392280,494,21,5,-116.25,500,-10.0,-120.0,120.41594578792295,1,-114.76364169072617,-6,3,3,2.852534144970442
1822,2010201,412815.0,3392400.0,7,200,3,0,2585.0,16.2,493,0,5,412845,3392320,495,21,5,-117.0,500,30.0,-80.0,85.44003745317531,2,-89.44395478041653,-5,3,3,3.3491621227194535
1823,2010201,412815.0,3392400.0,7,200,3,0,2585.0,16.2,493,0,5,412260,3391855,497,0,5,-84.0,500,-555.0,-545.0,777.8495998584816,4,-155.52085637450196,-3,3,3,0.22097650537411137
1824,2010201,412815.0,3392400.0,7,200,3,0,2585.0,16.2,493,0,5,412785,3392525,494,0,2,-91.5,500,-30.0,125.0,128.5496013218244,1,83.49573328079583,-6,3,3,2.672317608463449
1825,2010201,412815.0,3392400.0,7,200,3,0,2585.0,16.2,493,0,5,412720,3392510,495,0,5,-99.6,500,-95.0,110.0,145.34441853748632,2,110.81508387488157,-5,3,3,1.970257758746467
1826,2010201,412815.0,3392400.0,7,200,3,0,2585.0,16.2,493,0,5,412775,3392555,494,0,5,-95.45,500,-40.0,155.0,160.0781059358212,1,84.47029410006587,-6,3,3,2.1465385504672416
1827,2010201,412815.0,3392400.0,7,200,3,0,2585.0,16.2,493,0,5,412765,3392545,495,0,5,-94.5,500,-50.0,145.0,153.37861650177967,2,89.0256060375687,-5,3,3,1.8671278203572854
1828,2010201,412815.0,3392400.0,7,200,3,0,2585.0,16.2,493,0,5,412735,3392515,495,0,6,-92.47,500,-80.0,115.0,140.089257261219,2,104.82448915695682,-5,3,3,2.0441063716637413
1829,2010201,412815.0,3392400.0,7,200,3,0,2585.0,16.2,493,0,5,412760,3392550,495,0,5,-94.37,500,-55.0,150.0,159.76545308670458,2,90.13630342824814,-5,3,3,1.7925366097441573
1830,2010201,412815.0,3392400.0,7,200,3,0,2585.0,16.2,493,0,5,412750,3392500,494,0,5,-92.06,500,-65.0,100.0,119.26860441876563,1,103.02386755579664,-6,3,3,2.8799290062278957
1831,2010201,412815.0,3392400.0,7,200,3,0,2585.0,16.2,493,0,5,412740,3392490,494,0,6,-90.64,500,-75.0,90.0,117.15374513859982,1,109.80557109226521,-6,3,3,2.931827580835157
1832,2010201,412815.0,3392400.0,7,200,3,0,2585.0,16.2,493,0,5,412745,3392485,494,0,5,-91.39,500,-70.0,85.0,110.11357772772621,1,109.47245984834387,-6,3,3,3.1189164713051953
1833,2010201,412815.0,3392400.0,7,200,3,0,2585.0,16.2,493,0,5,412755,3392495,494,0,5,-94.45,500,-60.0,95.0,112.36102527122117,1,102.27564431457762,-6,3,3,3.056651343548871
1834,2010201,412815.0,3392400.0,7,200,3,0,2585.0,16.2,493,0,5,412780,3392530,494,0,2,-86.25,500,-35.0,130.0,134.6291201783626,1,85.06848815949223,-6,3,3,2.5518056192727867
1835,2010201,412815.0,3392400.0,7,200,3,0,2585.0,16.2,493,0,5,412770,3392560,494,0,5,-95.25,500,-45.0,160.0,166.20770138594662,1,85.70863782901574,-6,3,3,2.067446086317733
1836,2010201,412815.0,3392400.0,7,200,3,0,2585.0,16.2,493,0,5,412730,3392520,495,0,5,-92.6,500,-85.0,120.0,147.05441169852742,2,105.3112134396332,-5,3,3,1.947364749400349
1837,2010201,412815.0,3392400.0,7,200,3,0,2585.0,16.2,493,0,5,412845,3392585,491,0,5,-102.5,500,30.0,185.0,187.41664813991312,-2,60.78897345918335,-9,3,3,2.749308492643259
1838,2010201,412815.0,3392400.0,7,200,3,0,2585.0,16.2,493,0,5,412835,3392465,493,6,5,-88.14,500,20.0,65.0,68.00735254367721,0,52.89727103094765,-7,3,3,5.876761625993374
1839,2010201,412815.0,3392400.0,7,200,3,0,2585.0,16.2,493,0,5,412855,3392405,494,0,5,-95.25,500,40.0,5.0,40.311288741492746,1,-12.874983651098205,-6,3,3,8.465848238967707
1840,2010201,412815.0,3392400.0,7,200,3,0,2585.0,16.2,493,0,5,412840,3392420,494,24,5,-81.64,500,25.0,20.0,32.01562118716424,1,18.65980825409008,-6,3,3,10.614591467407537
1841,2010201,412815.0,3392400.0,7,200,3,0,2585.0,16.2,493,0,5,412845,3392415,494,0,6,-109.31,500,30.0,15.0,33.54101966249684,1,6.565051177077976,-6,3,3,10.142106156573984
1842,2010201,412815.0,3392400.0,7,200,3,0,2585.0,16.2,493,0,5,412815,3392445,493,0,5,-82.0,500,0.0,45.0,45.0,0,70.0,-7,3,3,8.841814560191672
1843,2010201,412815.0,3392400.0,7,200,3,0,2585.0,16.2,493,0,5,412810,3392450,493,0,5,-76.5,500,-5.0,50.0,50.24937810560445,0,75.71059313749964,-7,3,3,7.930563199569855
1844,2010201,412815.0,3392400.0,7,200,3,0,2585.0,16.2,493,0,5,412830,3392470,493,6,5,-90.92,500,15.0,70.0,71.58910531638176,0,57.905242922987895,-7,3,3,5.584642095815385
1845,2010201,412815.0,3392400.0,7,200,3,0,2585.0,16.2,493,0,5,412850,3392410,494,0,5,-87.5,500,35.0,10.0,36.40054944640259,1,-4.054604099077153,-6,3,3,9.36005201533333
1846,2010201,412815.0,3392400.0,7,200,3,0,2585.0,16.2,493,0,5,412825,3392475,493,0,5,-84.09,500,10.0,75.0,75.66372975210778,0,62.40535663140855,-7,3,3,5.285650743897974
1847,2010201,412815.0,3392400.0,7,200,3,0,2585.0,16.2,493,0,5,412820,3392480,493,0,5,-88.88,500,5.0,80.0,80.15609770940699,0,66.42366562500263,-7,3,3,4.990955470106137
1848,2010201,412815.0,3392400.0,7,200,3,0,2585.0,16.2,493,0,5,412750,3392495,494,0,5,-92.1,500,-65.0,95.0,115.10864433221339,1,104.38034472384487,-6,3,3,2.9838231744658543
1849,2010201,412815.0,3392400.0,7,200,3,0,2585.0,16.2,493,0,5,412725,3392510,495,0,5,-96.33,500,-90.0,110.0,142.12670403551894,2,109.28940686250036,-5,3,3,2.014827564096074
1850,2010201,412815.0,3392400.0,7,200,3,0,2585.0,16.2,493,0,5,412755,3392500,494,0,5,-90.58,500,-60.0,100.0,116.61903789690601,1,100.96375653207349,-6,3,3,2.9452466211910395
1851,2010201,412815.0,3392400.0,7,200,3,0,2585.0,16.2,493,0,5,412745,3392490,494,0,5,-91.97,500,-70.0,90.0,114.0175425099138,1,107.8749836510982,-6,3,3,3.0123248165393455
1852,2010201,412815.0,3392400.0,7,200,3,0,2585.0,16.2,493,0,5,412735,3392520,495,0,6,-91.5,500,-80.0,120.0,144.22205101855957,2,103.69006752597977,-5,3,3,1.9855785092724687
1853,2010201,412815.0,3392400.0,7,200,3,0,2585.0,16.2,493,0,5,412760,3392545,495,0,5,-94.22,500,-55.0,145.0,155.08062419270823,2,90.77225468204585,-5,3,3,1.846650385144238
1854,2010201,412815.0,3392400.0,7,200,3,0,2585.0,16.2,493,0,5,412720,3392505,495,0,5,-93.5,500,-95.0,105.0,141.59802258506295,2,112.13759477388828,-5,3,3,2.0223440469082257
1855,2010201,412815.0,3392400.0,7,200,3,0,2585.0,16.2,493,0,5,412765,3392550,495,0,5,-93.36,500,-50.0,150.0,158.11388300841898,2,88.43494882292202,-5,3,3,1.8112480473279715
1856,2010201,412815.0,3392400.0,7,200,3,0,2585.0,16.2,493,0,5,412740,3392485,494,0,5,-90.43,500,-75.0,85.0,113.35784048754634,1,111.42366562500263,-6,3,3,3.029822899272049
1857,2010201,412815.0,3392400.0,7,200,3,0,2585.0,16.2,493,0,5,412780,3392525,494,0,2,-91.0,500,-35.0,125.0,129.80754985747168,1,85.64224645720873,-6,3,3,2.6464575143915603
1858,2010201,412815.0,3392400.0,7,200,3,0,2585.0,16.2,493,0,5,412770,3392555,494,0,5,-93.67,500,-45.0,155.0,161.40012391568973,1,86.18920625702697,-6,3,3,2.128972637848856
1859,2010201,412815.0,3392400.0,7,200,3,0,2585.0,16.2,493,0,5,412730,3392515,495,0,5,-91.69,500,-85.0,115.0,143.0034964607509,2,106.46923439005184,-5,3,3,2.002484209400371
1860,2010201,412815.0,3392400.0,7,200,3,0,2585.0,16.2,493,0,5,412775,3392560,494,0,5,-95.14,500,-40.0,160.0,164.92422502470643,1,84.03624346792651,-6,3,3,2.083521278057558
1861,2010201,412815.0,3392400.0,7,200,3,0,2585.0,16.2,493,0,5,412720,3392515,495,0,5,-86.0,500,-95.0,115.0,149.164338901763,2,109.55966796899452,-5,3,3,1.9198400668860842
1862,2010201,412815.0,3392400.0,7,200,3,0,2585.0,16.2,493,0,5,412725,3392520,495,0,5,-95.67,500,-90.0,120.0,150.0,2,106.86989764584405,-5,3,3,1.9091524329963763
1863,2010201,412815.0,3392400.0,7,200,3,0,2585.0,16.2,493,0,5,412745,3392500,494,0,5,-92.97,500,-70.0,100.0,122.06555615733703,1,104.99202019855869,-6,3,3,2.8140470010615872
1864,2010201,412815.0,3392400.0,7,200,3,0,2585.0,16.2,493,0,5,412765,3392560,495,0,5,-94.1,500,-50.0,160.0,167.6305461424021,2,87.35402463626133,-5,3,3,1.7084832766098164
1865,2010201,412815.0,3392400.0,7,200,3,0,2585.0,16.2,493,0,5,412735,3392510,495,0,6,-90.58,500,-80.0,110.0,136.01470508735443,2,106.0273733851036,-5,3,3,2.105286758243373
1866,2010201,412815.0,3392400.0,7,200,3,0,2585.0,16.2,493,0,5,412770,3392545,494,0,5,-94.0,500,-45.0,145.0,151.82226450688975,1,87.24145939893998,-6,3,3,2.2631454884986546
1867,2010201,412815.0,3392400.0,7,200,3,0,2585.0,16.2,493,0,5,412760,3392555,495,0,5,-98.16,500,-55.0,155.0,164.46884203398528,2,89.53665493812838,-5,3,3,1.7413066630491534
1868,2010201,412815.0,3392400.0,7,200,3,0,2585.0,16.2,493,0,5,412730,3392505,494,0,6,-90.71,500,-85.0,105.0,135.09256086106296,1,108.99099404250546,-6,3,3,2.5430630556238794
1869,2010201,412815.0,3392400.0,7,200,3,0,2585.0,16.2,493,0,5,412750,3392485,493,0,5,-92.09,500,-65.0,85.0,107.00467279516349,0,107.40535663140855,-7,3,3,3.742825307463318
1870,2010201,412815.0,3392400.0,7,200,3,0,2585.0,16.2,493,0,5,412740,3392495,494,0,6,-94.68,500,-75.0,95.0,121.03718436910205,1,108.29016319224309,-6,3,3,2.8379171503347154
1871,2010201,412815.0,3392400.0,7,200,3,0,2585.0,16.2,493,0,5,412775,3392550,494,0,5,-96.67,500,-40.0,150.0,155.24174696260025,1,84.93141717813756,-6,3,3,2.2133457200926947
1872,2010201,412815.0,3392400.0,7,200,3,0,2585.0,16.2,493,0,5,412755,3392490,494,0,5,-89.86,500,-60.0,90.0,108.16653826391968,1,103.69006752597977,-6,3,3,3.17494432830295
1873,2010201,412815.0,3392400.0,7,200,3,0,2585.0,16.2,493,0,5,412705,3392620,496,0,5,-103.5,500,-110.0,220.0,245.96747752497686,3,96.56505117707798,-4,3,3,0.9316797492621007
1874,2010201,412815.0,3392400.0,7,200,3,0,2585.0,16.2,493,0,5,412630,3392365,490,0,5,-99.33,500,-185.0,-35.0,188.2817038376273,-3,-189.28687697720898,-10,3,3,3.0402314517786837
1875,2010201,412815.0,3392400.0,7,200,3,0,2585.0,16.2,493,0,5,412780,3392535,494,0,2,-89.0,500,-35.0,135.0,139.46325680981354,1,84.53445508054011,-6,3,3,2.4634647338805666
1876,2010201,412815.0,3392400.0,7,200,3,0,2585.0,16.2,493,0,5,412780,3392555,494,0,2,-97.5,500,-35.0,155.0,158.90248582070703,1,82.72435568542238,-6,3,3,2.1624044259490547
1877,2010201,412815.0,3392400.0,7,200,3,0,2585.0,16.2,493,0,5,412720,3392495,494,0,5,-104.4,500,-95.0,95.0,134.35028842544403,1,115.0,-6,3,3,2.5570946363583125
1878,2010201,412815.0,3392400.0,7,200,3,0,2585.0,16.2,493,0,5,412745,3392520,495,0,6,-95.13,500,-70.0,120.0,138.92443989449805,2,100.25643716352926,-5,3,3,2.0612305385490766
1879,2010201,412815.0,3392400.0,7,200,3,0,2585.0,16.2,493,0,5,412730,3392485,494,0,6,-89.11,500,-85.0,85.0,120.20815280171308,1,115.0,-6,3,3,2.857456898249667
1880,2010201,412815.0,3392400.0,7,200,3,0,2585.0,16.2,493,0,5,412735,3392490,494,0,6,-94.5,500,-80.0,90.0,120.41594578792295,1,111.63353933657015,-6,3,3,2.852534144970442
1881,2010201,412815.0,3392400.0,7,200,3,0,2585.0,16.2,493,0,5,412750,3392505,494,0,5,-93.25,500,-65.0,105.0,123.4908903522847,1,101.75948008481282,-6,3,3,2.7816185257285553
1882,2010201,412815.0,3392400.0,7,200,3,0,2585.0,16.2,493,0,5,412740,3392515,495,0,6,-92.75,500,-75.0,115.0,137.2953021774598,2,103.11134196037204,-5,3,3,2.085667500737805
1883,2010201,412815.0,3392400.0,7,200,3,0,2585.0,16.2,493,0,5,412760,3392535,495,0,5,-95.65,500,-55.0,135.0,145.7737973711325,2,92.16634582208246,-5,3,3,1.9644588897287392
1884,2010201,412815.0,3392400.0,7,200,3,0,2585.0,16.2,493,0,5,412775,3392530,494,0,5,-95.67,500,-40.0,130.0,136.01470508735443,1,87.10272896905235,-6,3,3,2.5258441568614822
1885,2010201,412815.0,3392400.0,7,200,3,0,2585.0,16.2,493,0,5,412765,3392540,494,0,5,-95.4,500,-50.0,140.0,148.66068747318505,1,89.65382405805332,-6,3,3,2.3112243066091263
1886,2010201,412815.0,3392400.0,7,200,3,0,2585.0,16.2,493,0,5,412755,3392510,494,0,5,-92.67,500,-60.0,110.0,125.29964086141668,1,98.61045966596521,-6,3,3,2.741526455398926
1887,2010201,412815.0,3392400.0,7,200,3,0,2585.0,16.2,493,0,5,412770,3392525,494,0,5,-89.56,500,-45.0,125.0,132.85330255586422,1,89.79887635452491,-6,3,3,2.5858689867900133
1888,2010201,412815.0,3392400.0,7,200,3,0,2585.0,16.2,493,0,5,412815,3392575,492,0,2,-94.5,500,0.0,175.0,175.0,-1,70.0,-8,3,3,2.6174133632644336
1889,2010201,412815.0,3392400.0,7,200,3,0,2585.0,16.2,493,0,5,412795,3392480,493,0,2,-81.0,500,-20.0,80.0,82.46211251235322,0,84.03624346792651,-7,3,3,4.852061542814418
1890,2010201,412815.0,3392400.0,7,200,3,0,2585.0,16.2,493,0,5,412655,3392340,489,63,6,-90.75,500,-160.0,-60.0,170.88007490635061,-4,-179.44395478041653,-11,3,3,3.683198157129257
1891,2010201,412815.0,3392400.0,7,200,3,0,2585.0,16.2,493,0,5,412750,3392435,492,0,5,-86.73,500,-65.0,35.0,73.824115301167,-1,131.69924423399362,-8,3,3,6.1847616394969975
1892,2010201,412815.0,3392400.0,7,200,3,0,2585.0,16.2,493,0,5,412670,3392355,488,0,6,-89.65,500,-145.0,-45.0,151.82226450688975,-5,-182.75854060106005,-12,3,3,4.519251022329976
1893,2010201,412815.0,3392400.0,7,200,3,0,2585.0,16.2,493,0,5,412735,3392420,491,0,5,-85.77,500,-80.0,20.0,82.46211251235322,-2,145.9637565320735,-9,3,3,6.22866706348412
1894,2010201,412815.0,3392400.0,7,200,3,0,2585.0,16.2,493,0,5,412650,3392335,489,63,6,-98.0,500,-165.0,-65.0,177.341478509682,-4,-178.4985656759521,-11,3,3,3.5493510392388603
1895,2010201,412815.0,3392400.0,7,200,3,0,2585.0,16.2,493,0,5,412745,3392430,492,0,5,-82.22,500,-70.0,30.0,76.15773105863909,-1,136.80140948635182,-8,3,3,5.996651421570144
1896,2010201,412815.0,3392400.0,7,200,3,0,2585.0,16.2,493,0,5,412690,3392375,489,0,5,-84.83,500,-125.0,-25.0,127.47548783981962,-4,-188.6900675259798,-11,3,3,4.931898795250205
1897,2010201,412815.0,3392400.0,7,200,3,0,2585.0,16.2,493,0,5,412740,3392425,492,0,5,-84.79,500,-75.0,25.0,79.05694150420949,-1,141.56505117707798,-8,3,3,5.778255691945867
1898,2010201,412815.0,3392400.0,7,200,3,0,2585.0,16.2,493,0,5,412700,3392385,489,0,5,-87.75,500,-115.0,-15.0,115.97413504743201,-4,-192.56859202882748,-11,3,3,5.418223047937448
1899,2010201,412815.0,3392400.0,7,200,3,0,2585.0,16.2,493,0,5,412705,3392390,490,0,5,-85.61,500,-110.0,-10.0,110.45361017187261,-3,-194.8055710922652,-10,3,3,5.1732124461169535
1900,2010201,412815.0,3392400.0,7,200,3,0,2585.0,16.2,493,0,5,412680,3392365,488,0,5,-84.83,500,-135.0,-35.0,139.46325680981354,-5,-185.4655449194599,-12,3,3,4.91785497975493
1901,2010201,412815.0,3392400.0,7,200,3,0,2585.0,16.2,493,0,5,412710,3392395,490,0,5,-85.75,500,-105.0,-5.0,105.11898020814318,-3,-197.27368900609375,-10,3,3,5.434211206692449
1902,2010201,412815.0,3392400.0,7,200,3,0,2585.0,16.2,493,0,5,412720,3392405,491,0,5,-87.04,500,-95.0,5.0,95.13148795220224,-2,156.98721249581666,-9,3,3,5.404433345291693
1903,2010201,412815.0,3392400.0,7,200,3,0,2585.0,16.2,493,0,5,412725,3392410,491,0,5,-86.67,500,-90.0,10.0,90.55385138137417,-2,153.65980825409008,-9,3,3,5.675894388052353
1904,2010201,412815.0,3392400.0,7,200,3,0,2585.0,16.2,493,0,5,412715,3392400,490,0,5,-86.96,500,-100.0,0.0,100.0,-3,160.0,-10,3,3,5.710593137499642
1905,2010201,412815.0,3392400.0,7,200,3,0,2585.0,16.2,493,0,5,412695,3392380,489,0,5,-85.36,500,-120.0,-20.0,121.6552506059644,-4,-190.53767779197437,-11,3,3,5.166602880862358
1906,2010201,412815.0,3392400.0,7,200,3,0,2585.0,16.2,493,0,5,412660,3392345,489,63,6,-93.11,500,-155.0,-55.0,164.46884203398528,-4,-180.46334506187162,-11,3,3,3.826355991877475
1907,2010201,412815.0,3392400.0,7,200,3,0,2585.0,16.2,493,0,5,412770,3392455,493,0,2,-85.0,500,-45.0,55.0,71.06335201775947,0,109.28940686250036,-7,3,3,5.625695294168159
1908,2010201,412815.0,3392400.0,7,200,3,0,2585.0,16.2,493,0,5,412755,3392440,492,0,2,-84.75,500,-60.0,40.0,72.11102550927978,-1,126.30993247402023,-8,3,3,6.330509401162716
1909,2010201,412815.0,3392400.0,7,200,3,0,2585.0,16.2,493,0,5,412685,3392370,488,0,5,-85.64,500,-130.0,-30.0,133.41664064126334,-5,-187.0053832080835,-12,3,3,5.139570543961399
1910,2010201,412815.0,3392400.0,7,200,3,0,2585.0,16.2,493,0,5,412730,3392415,491,0,5,-84.92,500,-85.0,15.0,86.31338250816034,-2,149.9920201985587,-9,3,3,5.952788037855787
1911,2010201,412815.0,3392400.0,7,200,3,0,2585.0,16.2,493,0,5,412675,3392360,488,0,5,-89.11,500,-140.0,-40.0,145.60219778561037,-5,-184.05460409907712,-12,3,3,4.711460148278635
1912,2010201,412815.0,3392400.0,7,200,3,0,2585.0,16.2,493,0,5,412760,3392445,492,0,2,-82.29,500,-55.0,45.0,71.06335201775947,-1,120.7105931374997,-8,3,3,6.423064524005595
1913,2010201,412815.0,3392400.0,7,200,3,0,2585.0,16.2,493,0,5,412775,3392460,493,0,2,-86.6,500,-40.0,60.0,72.11102550927978,0,103.69006752597977,-7,3,3,5.544474733907005
1914,2010201,412815.0,3392400.0,7,200,3,0,2585.0,16.2,493,0,5,412665,3392350,488,0,6,-88.67,500,-150.0,-50.0,158.11388300841898,-5,-181.565051177078,-12,3,3,4.340123649491708
1915,2010201,412815.0,3392400.0,7,200,3,0,2585.0,16.2,493,0,5,412765,3392450,493,0,2,-82.78,500,-50.0,50.0,70.71067811865476,0,115.0,-7,3,3,5.653572472774073
1916,2010201,412815.0,3392400.0,7,200,3,0,2585.0,16.2,493,0,5,412780,3392575,494,0,2,-93.0,500,-35.0,175.0,178.46568297574746,1,81.30993247402023,-6,3,3,1.9255536217155163
1917,2010201,412815.0,3392400.0,7,200,3,0,2585.0,16.2,493,0,5,412770,3392585,494,0,5,-97.14,500,-45.0,185.0,190.3943276465977,1,83.6713071321958,-6,3,3,1.804995704524184
1918,2010201,412815.0,3392400.0,7,200,3,0,2585.0,16.2,493,0,5,412765,3392600,495,0,5,-97.08,500,-50.0,200.0,206.15528128088303,2,84.03624346792651,-5,3,3,1.3893543899053091
1919,2010201,412815.0,3392400.0,7,200,3,0,2585.0,16.2,493,0,5,412760,3392595,495,0,5,-97.94,500,-55.0,195.0,202.6079958935481,2,85.75117366345302,-5,3,3,1.4136695891403113
1920,2010201,412815.0,3392400.0,7,200,3,0,2585.0,16.2,493,0,5,412755,3392610,495,0,6,-94.18,500,-60.0,210.0,218.40329667841556,2,85.94539590092285,-5,3,3,1.3114676789683237
1921,2010201,412815.0,3392400.0,7,200,3,0,2585.0,16.2,493,0,5,412710,3392485,494,21,5,-92.29,500,-105.0,85.0,135.09256086106296,1,121.00900595749454,-6,3,3,2.5430630556238794
1922,2010201,412815.0,3392400.0,7,200,3,0,2585.0,16.2,493,0,5,412775,3392590,494,0,5,-99.0,500,-40.0,190.0,194.164878389476,1,81.88865803962801,-6,3,3,1.7699664237938884
1923,2010201,412815.0,3392400.0,7,200,3,0,2585.0,16.2,493,0,5,412750,3392605,495,0,6,-92.33,500,-65.0,205.0,215.05813167606567,2,87.59242456218158,-5,3,3,1.3318598755052844
1924,2010201,412815.0,3392400.0,7,200,3,0,2585.0,16.2,493,0,5,412700,3392495,495,0,12,-105.0,500,-115.0,95.0,149.164338901763,2,120.44033203100548,-5,3,3,1.9198400668860842
1925,2010201,412815.0,3392400.0,7,200,3,0,2585.0,16.2,493,0,5,412700,3392425,491,0,6,-89.0,500,-115.0,25.0,117.6860229593982,-2,147.73522627210764,-9,3,3,4.373163896649145
1926,2010201,412815.0,3392400.0,7,200,3,0,2585.0,16.2,493,0,5,412675,3392480,494,21,5,-110.5,500,-140.0,80.0,161.24515496597098,1,130.25511870305775,-6,3,3,2.131016858146255
1927,2010201,412815.0,3392400.0,7,200,3,0,2585.0,16.2,493,0,5,412750,3392395,491,0,2,-79.75,500,-65.0,-5.0,65.19202405202648,-2,-195.6012946450045,-9,3,3,7.860210075750999
1928,2010201,412815.0,3392400.0,7,200,3,0,2585.0,16.2,493,0,5,412745,3392390,491,0,2,-80.14,500,-70.0,-10.0,70.71067811865476,-2,-191.86989764584402,-9,3,3,7.253560723066105
1929,2010201,412815.0,3392400.0,7,200,3,0,2585.0,16.2,493,0,5,412735,3392380,490,0,2,-82.33,500,-80.0,-20.0,82.46211251235322,-3,-185.96375653207352,-10,3,3,6.914371772152122
1930,2010201,412815.0,3392400.0,7,200,3,0,2585.0,16.2,493,0,5,412785,3392350,492,0,6,-68.56,500,-30.0,-50.0,58.309518948453004,-1,-140.96375653207352,-8,3,3,7.812142384069064
1931,2010201,412815.0,3392400.0,7,200,3,0,2585.0,16.2,493,0,5,412755,3392400,491,0,2,-80.89,500,-60.0,0.0,60.0,-2,160.0,-9,3,3,8.530765609948133
1932,2010201,412815.0,3392400.0,7,200,3,0,2585.0,16.2,493,0,5,412695,3392420,491,33,6,-97.0,500,-120.0,20.0,121.6552506059644,-2,150.53767779197437,-9,3,3,4.231008159861686
1933,2010201,412815.0,3392400.0,7,200,3,0,2585.0,16.2,493,0,5,412680,3392405,490,33,6,-99.17,500,-135.0,5.0,135.09256086106296,-3,157.87890360333859,-10,3,3,4.233502721119429
1934,2010201,412815.0,3392400.0,7,200,3,0,2585.0,16.2,493,0,5,412780,3392345,492,0,5,-73.31,500,-35.0,-55.0,65.19202405202648,-1,-142.47119229084848,-8,3,3,6.996039646506274
1935,2010201,412815.0,3392400.0,7,200,3,0,2585.0,16.2,493,0,5,412715,3392440,492,0,6,-89.0,500,-100.0,40.0,107.70329614269008,-1,138.19859051364818,-8,3,3,4.248022666728544
1936,2010201,412815.0,3392400.0,7,200,3,0,2585.0,16.2,493,0,5,412670,3392475,494,21,12,-113.0,500,-145.0,75.0,163.24827717314508,1,132.65012421993015,-6,3,3,2.1048920884107134
1937,2010201,412815.0,3392400.0,7,200,3,0,2585.0,16.2,493,0,5,412720,3392365,490,0,2,-82.07,500,-95.0,-35.0,101.24228365658294,-3,-179.77514056883192,-10,3,3,5.640976563115981
1938,2010201,412815.0,3392400.0,7,200,3,0,2585.0,16.2,493,0,5,412740,3392385,490,0,2,-80.55,500,-75.0,-15.0,76.48529270389177,-3,-188.6900675259798,-10,3,3,7.4488328278635745
1939,2010201,412815.0,3392400.0,7,200,3,0,2585.0,16.2,493,0,5,412795,3392360,493,0,6,-66.6,500,-20.0,-40.0,44.721359549995796,0,-136.56505117707798,-7,3,3,8.896025825607326
1940,2010201,412815.0,3392400.0,7,200,3,0,2585.0,16.2,493,0,5,412760,3392325,491,0,12,-83.8,500,-55.0,-75.0,93.00537618869137,-2,-146.2538377374448,-9,3,3,5.52722261012917
1941,2010201,412815.0,3392400.0,7,200,3,0,2585.0,16.2,493,0,5,412665,3392470,493,0,5,-115.5,500,-150.0,70.0,165.5294535724685,0,134.98310652190003,-7,3,3,2.421512445166389
1942,2010201,412815.0,3392400.0,7,200,3,0,2585.0,16.2,493,0,5,412725,3392370,490,0,2,-81.0,500,-90.0,-30.0,94.86832980505137,-3,-181.565051177078,-10,3,3,6.0172848640320336
1943,2010201,412815.0,3392400.0,7,200,3,0,2585.0,16.2,493,0,5,412685,3392410,490,33,6,-99.33,500,-130.0,10.0,130.38404810405297,-3,155.6012946450045,-10,3,3,4.385799530775009
1944,2010201,412815.0,3392400.0,7,200,3,0,2585.0,16.2,493,0,5,412765,3392330,491,0,5,-81.1,500,-50.0,-70.0,86.02325267042627,-2,-145.53767779197437,-9,3,3,5.9727200615400164
1945,2010201,412815.0,3392400.0,7,200,3,0,2585.0,16.2,493,0,5,412770,3392335,492,0,5,-81.0,500,-45.0,-65.0,79.05694150420949,-1,-144.69515353123398,-8,3,3,5.778255691945867
1946,2010201,412815.0,3392400.0,7,200,3,0,2585.0,16.2,493,0,5,412790,3392355,492,0,6,-69.8,500,-25.0,-45.0,51.478150704935004,-1,-139.05460409907715,-8,3,3,8.833433256834843
1947,2010201,412815.0,3392400.0,7,200,3,0,2585.0,16.2,493,0,5,412775,3392340,492,0,5,-80.77,500,-40.0,-60.0,72.11102550927978,-1,-143.69006752597977,-8,3,3,6.330509401162716
1948,2010201,412815.0,3392400.0,7,200,3,0,2585.0,16.2,493,0,5,412710,3392435,492,0,6,-92.11,500,-105.0,35.0,110.67971810589327,-1,141.56505117707798,-8,3,3,4.134185500670649
1949,2010201,412815.0,3392400.0,7,200,3,0,2585.0,16.2,493,0,5,412730,3392375,490,0,2,-80.11,500,-85.0,-25.0,88.60022573334675,-3,-183.61045966596524,-10,3,3,6.43952401689718
1950,2010201,412815.0,3392400.0,7,200,3,0,2585.0,16.2,493,0,5,412705,3392430,491,0,6,-90.67,500,-110.0,30.0,114.0175425099138,-2,144.74488129694225,-9,3,3,4.513296814440812
1951,2010201,412815.0,3392400.0,7,200,3,0,2585.0,16.2,493,0,5,412840,3392575,491,0,5,-95.33,500,25.0,175.0,176.7766952966369,-2,61.86989764584405,-9,3,3,2.9145084672093007
1952,2010201,412815.0,3392400.0,7,200,3,0,2585.0,16.2,493,0,5,412850,3392565,491,0,5,-99.0,500,35.0,165.0,168.67127793433,-2,58.02386755579664,-9,3,3,3.054304655469215
1953,2010201,412815.0,3392400.0,7,200,3,0,2585.0,16.2,493,0,5,412845,3392580,491,0,5,-99.33,500,30.0,180.0,182.4828759089466,-2,60.537677791974374,-9,3,3,2.82352257910475
1954,2010201,412815.0,3392400.0,7,200,3,0,2585.0,16.2,493,0,5,412715,3392270,491,0,5,-94.5,500,-100.0,-130.0,164.01219466856725,-2,-147.56859202882748,-9,3,3,3.1408967533354084
1955,2010201,412815.0,3392400.0,7,200,3,0,2585.0,16.2,493,0,5,412680,3392255,489,0,6,-91.0,500,-135.0,-145.0,198.11612756158948,-4,-152.9545915111128,-11,3,3,3.177970055227587
1956,2010201,412815.0,3392400.0,7,200,3,0,2585.0,16.2,493,0,5,412670,3392305,488,0,6,-95.35,500,-145.0,-95.0,173.34935823359717,-5,-166.76828893202065,-12,3,3,3.9599468929347417
1957,2010201,412815.0,3392400.0,7,200,3,0,2585.0,16.2,493,0,5,412665,3392320,488,0,6,-94.66,500,-150.0,-80.0,170.0,-5,-171.92751306414706,-12,3,3,4.037710620977124
1958,2010201,412815.0,3392400.0,7,200,3,0,2585.0,16.2,493,0,5,412640,3392295,490,0,5,-99.33,500,-175.0,-105.0,204.08331631958552,-3,-169.03624346792648,-10,3,3,2.8052263910849238
1959,2010201,412815.0,3392400.0,7,200,3,0,2585.0,16.2,493,0,5,412645,3392300,490,0,5,-96.0,500,-170.0,-100.0,197.2308292331602,-3,-169.53445508054014,-10,3,3,2.9025258720357825
1960,2010201,412815.0,3392400.0,7,200,3,0,2585.0,16.2,493,0,5,412685,3392260,489,0,5,-87.5,500,-130.0,-140.0,191.049731745428,-4,-152.87890360333856,-11,3,3,3.295259858719087
1961,2010201,412815.0,3392400.0,7,200,3,0,2585.0,16.2,493,0,5,412690,3392245,490,0,13,-92.33,500,-125.0,-155.0,199.12307751739877,-3,-148.8844964337146,-10,3,3,2.874989932506934
1962,2010201,412815.0,3392400.0,7,200,3,0,2585.0,16.2,493,0,5,412650,3392285,489,0,2,-91.33,500,-165.0,-115.0,201.12185361118767,-4,-165.12467165539783,-11,3,3,3.1305711093601305
1963,2010201,412815.0,3392400.0,7,200,3,0,2585.0,16.2,493,0,5,412655,3392290,489,0,2,-96.71,500,-160.0,-110.0,194.164878389476,-4,-165.4914770123316,-11,3,3,3.2425050234581194
1964,2010201,412815.0,3392400.0,7,200,3,0,2585.0,16.2,493,0,5,412660,3392315,489,0,6,-95.46,500,-155.0,-85.0,176.7766952966369,-4,-171.26020470831196,-11,3,3,3.56066172012722
1965,2010201,412815.0,3392400.0,7,200,3,0,2585.0,16.2,493,0,5,412675,3392310,488,0,6,-94.92,500,-140.0,-90.0,166.43316977093238,-5,-167.2647737278924,-12,3,3,4.123947385587552
1966,2010201,412815.0,3392400.0,7,200,3,0,2585.0,16.2,493,0,5,412695,3392250,490,0,13,-86.25,500,-120.0,-150.0,192.09372712298546,-3,-148.6598082540901,-10,3,3,2.9800091164697693
1967,2010201,412815.0,3392400.0,7,200,3,0,2585.0,16.2,493,0,5,412795,3392500,493,0,2,-93.0,500,-20.0,100.0,101.9803902718557,0,81.30993247402023,-7,3,3,3.926660252030046
1968,2010201,412815.0,3392400.0,7,200,3,0,2585.0,16.2,493,0,5,412705,3392570,497,0,5,-104.0,500,-110.0,170.0,202.48456731316588,4,102.9052429229879,-3,3,3,0.8488289520224518
1969,2010201,412815.0,3392400.0,7,200,3,0,2585.0,16.2,493,0,5,412770,3392515,494,0,5,-91.0,500,-45.0,115.0,123.4908903522847,1,91.37062226934319,-6,3,3,2.7816185257285553
1970,2010201,412815.0,3392400.0,7,200,3,0,2585.0,16.2,493,0,5,412765,3392510,494,0,5,-93.5,500,-50.0,110.0,120.83045973594572,1,94.44395478041656,-6,3,3,2.8427644866292088
1971,2010201,412815.0,3392400.0,7,200,3,0,2585.0,16.2,493,0,5,412745,3392530,495,0,6,-97.39,500,-70.0,130.0,147.648230602334,2,98.30075576600638,-5,3,3,1.939538736120719
1972,2010201,412815.0,3392400.0,7,200,3,0,2585.0,16.2,493,0,5,412755,3392540,495,0,5,-96.91,500,-60.0,140.0,152.31546211727817,2,93.19859051364818,-5,3,3,1.880150958819177
1973,2010201,412815.0,3392400.0,7,200,3,0,2585.0,16.2,493,0,5,412740,3392525,495,0,6,-97.5,500,-75.0,125.0,145.7737973711325,2,100.96375653207349,-5,3,3,1.9644588897287392
1974,2010201,412815.0,3392400.0,7,200,3,0,2585.0,16.2,493,0,5,412750,3392535,495,0,6,-96.28,500,-65.0,135.0,149.83324063771698,2,95.70995378081125,-5,3,3,1.9112756804526447
1975,2010201,412815.0,3392400.0,7,200,3,0,2585.0,16.2,493,0,5,412775,3392520,494,0,2,-90.5,500,-40.0,120.0,126.49110640673517,1,88.43494882292202,-6,3,3,2.7157418678870107
1976,2010201,412815.0,3392400.0,7,200,3,0,2585.0,16.2,493,0,5,412700,3392565,497,0,5,-107.0,500,-115.0,165.0,201.12185361118767,4,104.87532834460217,-3,3,3,0.8545793956295548
1977,2010201,412815.0,3392400.0,7,200,3,0,2585.0,16.2,493,0,5,412735,3392560,496,0,6,-100.0,500,-80.0,160.0,178.88543819998318,3,96.56505117707798,-4,3,3,1.2809591134236533
1978,2010201,412815.0,3392400.0,7,200,3,0,2585.0,16.2,493,0,5,412760,3392505,494,0,5,-92.6,500,-55.0,105.0,118.53269591129698,1,97.64597536373867,-6,3,3,2.897778622389102
1979,2010201,412815.0,3392400.0,7,200,3,0,2585.0,16.2,493,0,5,412835,3392330,494,0,5,-108.38,500,20.0,-70.0,72.80109889280519,1,-94.05460409907715,-6,3,3,4.711460148278635
1980,2010201,412815.0,3392400.0,7,200,3,0,2585.0,16.2,493,0,5,412820,3392335,494,0,12,-104.44,500,5.0,-65.0,65.19202405202648,1,-105.60129464500447,-6,3,3,5.2584488321218466
1981,2010201,412815.0,3392400.0,7,200,3,0,2585.0,16.2,493,0,5,412800,3392355,493,24,6,-68.21,500,-15.0,-45.0,47.43416490252569,0,-128.43494882292202,-7,3,3,8.394718117507407
1982,2010201,412815.0,3392400.0,7,200,3,0,2585.0,16.2,493,0,5,412830,3392325,494,0,12,-103.61,500,15.0,-75.0,76.48529270389177,1,-98.69006752597979,-6,3,3,4.48546483215546
1983,2010201,412815.0,3392400.0,7,200,3,0,2585.0,16.2,493,0,5,412805,3392360,493,24,6,-64.06,500,-10.0,-40.0,41.23105625617661,0,-124.03624346792648,-7,3,3,9.635511921940111
1984,2010201,412815.0,3392400.0,7,200,3,0,2585.0,16.2,493,0,5,412870,3392365,495,21,12,-97.0,500,55.0,-35.0,65.19202405202648,2,-52.47119229084848,-5,3,3,4.385799530775009
1985,2010201,412815.0,3392400.0,7,200,3,0,2585.0,16.2,493,0,5,412825,3392340,494,0,5,-106.57,500,10.0,-60.0,60.8276253029822,1,-100.53767779197439,-6,3,3,5.633397563110582
1986,2010201,412815.0,3392400.0,7,200,3,0,2585.0,16.2,493,0,5,412815,3392350,494,0,5,-71.0,500,0.0,-50.0,50.0,1,-110.0,-6,3,3,6.84277341263094
1987,2010201,412815.0,3392400.0,7,200,3,0,2585.0,16.2,493,0,5,412860,3392375,495,0,12,-104.5,500,45.0,-25.0,51.478150704935004,2,-49.05460409907715,-5,3,3,5.54765627378992
1988,2010201,412815.0,3392400.0,7,200,3,0,2585.0,16.2,493,0,5,412855,3392390,495,6,5,-103.6,500,40.0,-10.0,41.23105625617661,2,-34.03624346792648,-5,3,3,6.914371772152122
1989,2010201,412815.0,3392400.0,7,200,3,0,2585.0,16.2,493,0,5,412840,3392395,494,0,5,-93.0,500,25.0,-5.0,25.495097567963924,1,-31.3099324740202,-6,3,3,13.242976219823511
1990,2010201,412815.0,3392400.0,7,200,3,0,2585.0,16.2,493,0,5,412850,3392385,495,6,5,-79.0,500,35.0,-15.0,38.07886552931954,2,-43.198590513648185,-5,3,3,7.480508891708272
1991,2010201,412815.0,3392400.0,7,200,3,0,2585.0,16.2,493,0,5,412845,3392400,495,0,5,-110.0,500,30.0,0.0,30.0,2,-20.0,-5,3,3,9.462322208025617
1992,2010201,412815.0,3392400.0,7,200,3,0,2585.0,16.2,493,0,5,412810,3392345,493,0,5,-79.0,500,-5.0,-55.0,55.226805085936306,0,-115.1944289077348,-7,3,3,7.223722534519977
1993,2010201,412815.0,3392400.0,7,200,3,0,2585.0,16.2,493,0,5,412630,3392265,490,0,5,-97.25,500,-185.0,-135.0,229.01964981197574,-3,-163.88065915052024,-10,3,3,2.5001963022043663
1994,2010201,412815.0,3392400.0,7,200,3,0,2585.0,16.2,493,0,5,412635,3392270,490,0,5,-86.33,500,-180.0,-130.0,222.03603311174518,-3,-164.1623470457217,-10,3,3,2.5787295084521857
1995,2010201,412815.0,3392400.0,7,200,3,0,2585.0,16.2,493,0,5,412615,3392250,491,0,5,-91.33,500,-200.0,-150.0,250.0,-2,-163.13010235415598,-9,3,3,2.06175769075854
1996,2010201,412815.0,3392400.0,7,200,3,0,2585.0,16.2,493,0,5,412785,3392420,493,0,5,-55.0,500,-30.0,20.0,36.05551275463989,0,126.30993247402023,-7,3,3,10.987011860880278
1997,2010201,412815.0,3392400.0,7,200,3,0,2585.0,16.2,493,0,5,412775,3392430,492,0,2,-75.5,500,-40.0,30.0,50.0,-1,123.13010235415595,-8,3,3,9.090276920822323
1998,2010201,412815.0,3392400.0,7,200,3,0,2585.0,16.2,493,0,5,412760,3392435,492,0,2,-83.17,500,-55.0,35.0,65.19202405202648,-1,127.52880770915152,-8,3,3,6.996039646506274
1999,2010201,412815.0,3392400.0,7,200,3,0,2585.0,16.2,493,0,5,412790,3392405,493,0,5,-68.83,500,-25.0,5.0,25.495097567963924,0,148.69006752597977,-7,3,3,15.35294889462336
2000,2010201,412815.0,3392400.0,7,200,3,0,2585.0,16.2,493,0,5,412765,3392440,492,0,2,-96.0,500,-50.0,40.0,64.03124237432849,-1,121.34019174590992,-8,3,3,7.121575586962839
2001,2010201,412815.0,3392400.0,7,200,3,0,2585.0,16.2,493,0,5,412720,3392475,493,0,6,-89.5,500,-95.0,75.0,121.03718436910205,0,121.70983680775691,-7,3,3,3.3099266074969504
2002,2010201,412815.0,3392400.0,7,200,3,0,2585.0,16.2,493,0,5,412670,3392365,488,0,6,-94.6,500,-145.0,-35.0,149.164338901763,-5,-186.4295656148385,-12,3,3,4.599436030506371
2003,2010201,412815.0,3392400.0,7,200,3,0,2585.0,16.2,493,0,5,412710,3392325,489,0,2,-88.4,500,-105.0,-75.0,129.0348790056394,-4,-164.46232220802563,-11,3,3,4.8725853185887535
2004,2010201,412815.0,3392400.0,7,200,3,0,2585.0,16.2,493,0,5,412730,3392465,493,0,6,-89.98,500,-85.0,65.0,107.00467279516349,0,122.59464336859145,-7,3,3,3.742825307463318
2005,2010201,412815.0,3392400.0,7,200,3,0,2585.0,16.2,493,0,5,412705,3392340,489,0,2,-90.61,500,-110.0,-60.0,125.29964086141668,-4,-171.3895403340348,-11,3,3,5.017108538644788
2006,2010201,412815.0,3392400.0,7,200,3,0,2585.0,16.2,493,0,5,412750,3392445,492,0,5,-85.74,500,-65.0,45.0,79.05694150420949,-1,125.30484646876607,-8,3,3,5.778255691945867
2007,2010201,412815.0,3392400.0,7,200,3,0,2585.0,16.2,493,0,5,412795,3392410,493,0,5,-60.25,500,-20.0,10.0,22.360679774997898,0,133.43494882292202,-7,3,3,17.382703987116223
2008,2010201,412815.0,3392400.0,7,200,3,0,2585.0,16.2,493,0,5,412695,3392350,489,0,2,-86.74,500,-120.0,-50.0,130.0,-4,-177.38013505195957,-11,3,3,4.836583445735302
2009,2010201,412815.0,3392400.0,7,200,3,0,2585.0,16.2,493,0,5,412725,3392480,494,0,6,-91.2,500,-90.0,80.0,120.41594578792295,1,118.36646066342979,-6,3,3,2.852534144970442
2010,2010201,412815.0,3392400.0,7,200,3,0,2585.0,16.2,493,0,5,412665,3392380,488,33,5,-93.5,500,-150.0,-20.0,151.32745950421557,-5,-192.40535663140858,-12,3,3,4.533966392974848
2011,2010201,412815.0,3392400.0,7,200,3,0,2585.0,16.2,493,0,5,412690,3392345,489,0,2,-88.58,500,-125.0,-55.0,136.56500283747664,-4,-176.25050550713325,-11,3,3,4.605102538157374
2012,2010201,412815.0,3392400.0,7,200,3,0,2585.0,16.2,493,0,5,412700,3392335,489,0,2,-92.59,500,-115.0,-65.0,132.09844813622905,-4,-170.52411099675425,-11,3,3,4.76010784251899
2013,2010201,412815.0,3392400.0,7,200,3,0,2585.0,16.2,493,0,5,412740,3392455,493,0,5,-88.34,500,-75.0,55.0,93.00537618869137,0,123.74616226255523,-7,3,3,4.3042210751879
2014,2010201,412815.0,3392400.0,7,200,3,0,2585.0,16.2,493,0,5,412685,3392360,488,0,5,-87.76,500,-130.0,-40.0,136.01470508735443,-5,-182.89727103094762,-12,3,3,5.041908719993159
2015,2010201,412815.0,3392400.0,7,200,3,0,2585.0,16.2,493,0,5,412735,3392470,493,0,5,-90.11,500,-80.0,70.0,106.30145812734649,0,118.81407483429035,-7,3,3,3.7675140955309305
2016,2010201,412815.0,3392400.0,7,200,3,0,2585.0,16.2,493,0,5,412680,3392355,488,0,5,-88.15,500,-135.0,-45.0,142.30249470757707,-5,-181.565051177078,-12,3,3,4.820200288190663
2017,2010201,412815.0,3392400.0,7,200,3,0,2585.0,16.2,493,0,5,412745,3392460,493,0,5,-87.94,500,-70.0,60.0,92.19544457292888,0,119.39870535499551,-7,3,3,4.341889436871616
2018,2010201,412815.0,3392400.0,7,200,3,0,2585.0,16.2,493,0,5,412755,3392450,493,0,5,-85.83,500,-60.0,50.0,78.10249675906654,0,120.19442890773485,-7,3,3,5.1214969436711675
2019,2010201,412815.0,3392400.0,7,200,3,0,2585.0,16.2,493,0,5,412675,3392370,488,0,6,-89.75,500,-140.0,-30.0,143.17821063276352,-5,-187.90524292298792,-12,3,3,4.790856308572945
2020,2010201,412815.0,3392400.0,7,200,3,0,2585.0,16.2,493,0,5,412715,3392330,489,0,2,-86.33,500,-100.0,-70.0,122.06555615733703,-4,-165.00797980144134,-11,3,3,5.14932962011847
2021,2010201,412815.0,3392400.0,7,200,3,0,2585.0,16.2,493,0,5,412605,3392235,491,0,5,-95.0,500,-210.0,-165.0,267.0674072214728,-2,-161.84277341263095,-9,3,3,1.9301005337764325
2022,2010201,412815.0,3392400.0,7,200,3,0,2585.0,16.2,493,0,5,412780,3392495,493,0,2,-92.5,500,-35.0,95.0,101.24228365658294,0,90.22485943116806,-7,3,3,3.9551970272526704
2023,2010201,412815.0,3392400.0,7,200,3,0,2585.0,16.2,493,0,5,412775,3392510,494,0,2,-115.0,500,-40.0,110.0,117.04699910719626,1,89.98310652189997,-6,3,3,2.934496715479346
2024,2010201,412815.0,3392400.0,7,200,3,0,2585.0,16.2,493,0,5,412735,3392550,496,0,5,-98.0,500,-80.0,150.0,170.0,3,98.07248693585296,-4,3,3,1.3478872801985986
2025,2010201,412815.0,3392400.0,7,200,3,0,2585.0,16.2,493,0,5,412760,3392515,494,0,5,-91.56,500,-55.0,115.0,127.47548783981962,1,95.55996517182382,-6,3,3,2.6948016080119683
2026,2010201,412815.0,3392400.0,7,200,3,0,2585.0,16.2,493,0,5,412750,3392525,495,0,5,-97.03,500,-65.0,125.0,140.8900280360537,2,97.47443162627712,-5,3,3,2.0324981415595853
2027,2010201,412815.0,3392400.0,7,200,3,0,2585.0,16.2,493,0,5,412740,3392535,495,0,6,-96.86,500,-75.0,135.0,154.434452114805,2,99.05460409907715,-5,3,3,1.8543716062223463
2028,2010201,412815.0,3392400.0,7,200,3,0,2585.0,16.2,493,0,5,412755,3392530,495,0,5,-97.69,500,-60.0,130.0,143.17821063276352,2,94.77514056883194,-5,3,3,2.0000426503456747
2029,2010201,412815.0,3392400.0,7,200,3,0,2585.0,16.2,493,0,5,412765,3392520,494,0,5,-95.67,500,-50.0,120.0,130.0,1,92.61986494804046,-6,3,3,2.642545294064724
2030,2010201,412815.0,3392400.0,7,200,3,0,2585.0,16.2,493,0,5,412770,3392505,494,0,5,-87.0,500,-45.0,105.0,114.23659658795863,1,93.19859051364818,-6,3,3,3.0065591490544454
2031,2010201,412815.0,3392400.0,7,200,3,0,2585.0,16.2,493,0,5,412745,3392540,495,0,6,-96.29,500,-70.0,140.0,156.52475842498527,2,96.56505117707798,-5,3,3,1.8296243882437633
2032,2010201,412815.0,3392400.0,7,200,3,0,2585.0,16.2,493,0,5,412825,3392320,494,0,12,-100.34,500,10.0,-80.0,80.62257748298549,1,-102.8749836510982,-6,3,3,4.256154139057605
2033,2010201,412815.0,3392400.0,7,200,3,0,2585.0,16.2,493,0,5,412830,3392305,494,0,12,-106.25,500,15.0,-95.0,96.17692030835673,1,-101.02737338510362,-6,3,3,3.569772628929599
2034,2010201,412815.0,3392400.0,7,200,3,0,2585.0,16.2,493,0,5,412835,3392310,494,0,12,-103.85,500,20.0,-90.0,92.19544457292888,1,-97.47119229084849,-6,3,3,3.7235091093771655
2035,2010201,412815.0,3392400.0,7,200,3,0,2585.0,16.2,493,0,5,412805,3392300,493,0,5,-103.09,500,-10.0,-100.0,100.4987562112089,0,-115.71059313749964,-7,3,3,3.984365154091055
2036,2010201,412815.0,3392400.0,7,200,3,0,2585.0,16.2,493,0,5,412800,3392295,493,0,5,-109.29,500,-15.0,-105.0,106.06601717798213,0,-118.13010235415598,-7,3,3,3.7758529015637263
2037,2010201,412815.0,3392400.0,7,200,3,0,2585.0,16.2,493,0,5,412815,3392290,494,0,5,-108.25,500,0.0,-110.0,110.0,1,-110.0,-6,3,3,3.122130462115708
2038,2010201,412815.0,3392400.0,7,200,3,0,2585.0,16.2,493,0,5,412810,3392285,494,21,5,-111.57,500,-5.0,-115.0,115.10864433221339,1,-112.48955292199916,-6,3,3,2.9838231744658543
2039,2010201,412815.0,3392400.0,7,200,3,0,2585.0,16.2,493,0,5,412820,3392315,494,0,5,-101.64,500,5.0,-85.0,85.14693182963201,1,-106.63353933657021,-6,3,3,4.030766025252884
2040,2010201,412815.0,3392400.0,7,200,3,0,2585.0,16.2,493,0,5,412780,3392605,494,0,2,-86.5,500,-35.0,205.0,207.9663434308542,1,79.6887865603668,-6,3,3,1.652571932781258
2041,2010201,412815.0,3392400.0,7,200,3,0,2585.0,16.2,493,0,5,412670,3392495,495,0,5,-117.75,500,-145.0,95.0,173.34935823359717,2,126.76828893202065,-5,3,3,1.6521520186377219
2042,2010201,412815.0,3392400.0,7,200,3,0,2585.0,16.2,493,0,5,412745,3392570,496,0,6,-96.4,500,-70.0,170.0,183.84776310850236,3,92.3801350519596,-4,3,3,1.24639517734093
2043,2010201,412815.0,3392400.0,7,200,3,0,2585.0,16.2,493,0,5,412665,3392490,495,0,5,-112.0,500,-150.0,90.0,174.92855684535903,2,129.0362434679265,-5,3,3,1.6372450777777654
2044,2010201,412815.0,3392400.0,7,200,3,0,2585.0,16.2,493,0,5,412750,3392575,495,0,6,-94.79,500,-65.0,175.0,186.6815470259447,2,90.37643521383637,-5,3,3,1.5342192560161618
2045,2010201,412815.0,3392400.0,7,200,3,0,2585.0,16.2,493,0,5,412755,3392580,495,0,6,-97.3,500,-60.0,180.0,189.73665961010275,2,88.43494882292202,-5,3,3,1.5095270002735288
2046,2010201,412815.0,3392400.0,7,200,3,0,2585.0,16.2,493,0,5,412765,3392630,495,0,5,-95.75,500,-50.0,230.0,235.3720459187964,2,82.26477372789242,-5,3,3,1.216949173456641
2047,2010201,412815.0,3392400.0,7,200,3,0,2585.0,16.2,493,0,5,412760,3392625,495,0,6,-98.75,500,-55.0,225.0,231.62469643800938,2,83.73626830562256,-5,3,3,1.2366315694622054
2048,2010201,412815.0,3392400.0,7,200,3,0,2585.0,16.2,493,0,5,412740,3392565,496,0,6,-101.17,500,-75.0,165.0,181.24568960391858,3,94.44395478041656,-4,3,3,1.264283418801524
2049,2010201,412815.0,3392400.0,7,200,3,0,2585.0,16.2,493,0,5,412675,3392500,495,0,12,-112.0,500,-140.0,100.0,172.04650534085255,2,124.46232220802563,-5,3,3,1.6646562218858123
2050,2010201,412815.0,3392400.0,7,200,3,0,2585.0,16.2,493,0,5,412710,3392290,489,0,6,-90.5,500,-105.0,-110.0,152.0690632574555,-4,-153.66778014613035,-11,3,3,4.137315942505482
2051,2010201,412815.0,3392400.0,7,200,3,0,2585.0,16.2,493,0,5,412695,3392305,489,0,6,-94.0,500,-120.0,-95.0,153.05227865013967,-4,-161.63251461513846,-11,3,3,4.1108290313088895
2052,2010201,412815.0,3392400.0,7,200,3,0,2585.0,16.2,493,0,5,412705,3392295,489,0,6,-92.5,500,-110.0,-105.0,152.0690632574555,-4,-156.33221985386965,-11,3,3,4.137315942505482
2053,2010201,412815.0,3392400.0,7,200,3,0,2585.0,16.2,493,0,5,412645,3392275,490,0,2,-93.2,500,-170.0,-125.0,211.00947846009194,-3,-163.67317404787977,-10,3,3,2.713287741929526
2054,2010201,412815.0,3392400.0,7,200,3,0,2585.0,16.2,493,0,5,412680,3392320,488,0,2,-93.0,500,-135.0,-80.0,156.92354826475216,-5,-169.34933204294714,-12,3,3,4.372918193121906
2055,2010201,412815.0,3392400.0,7,200,3,0,2585.0,16.2,493,0,5,412700,3392300,489,0,6,-94.5,500,-115.0,-100.0,152.3975065412817,-4,-158.9909130984298,-11,3,3,4.128430166779342
2056,2010201,412815.0,3392400.0,7,200,3,0,2585.0,16.2,493,0,5,412715,3392285,490,0,6,-90.0,500,-100.0,-115.0,152.3975065412817,-3,-151.0090869015702,-10,3,3,3.7542450459679295
2057,2010201,412815.0,3392400.0,7,200,3,0,2585.0,16.2,493,0,5,412650,3392270,490,0,2,-91.8,500,-165.0,-130.0,210.05951537600004,-3,-161.76617482255307,-10,3,3,2.7255397233385925
2058,2010201,412815.0,3392400.0,7,200,3,0,2585.0,16.2,493,0,5,412685,3392315,488,0,2,-90.4,500,-130.0,-85.0,155.32224567009067,-5,-166.82148834060726,-12,3,3,4.417823446667926
2059,2010201,412815.0,3392400.0,7,200,3,0,2585.0,16.2,493,0,5,412660,3392260,489,0,2,-94.0,500,-155.0,-140.0,208.86598574205422,-4,-157.91083782616775,-11,3,3,3.0147170281569
2060,2010201,412815.0,3392400.0,7,200,3,0,2585.0,16.2,493,0,5,412655,3392265,489,0,2,-92.31,500,-160.0,-135.0,209.34421415458323,-4,-159.8440003750807,-11,3,3,3.007842833221923
2061,2010201,412815.0,3392400.0,7,200,3,0,2585.0,16.2,493,0,5,412640,3392280,490,0,5,-98.0,500,-175.0,-120.0,212.19095173922943,-3,-165.5610106911964,-10,3,3,2.6982026201939875
2062,2010201,412815.0,3392400.0,7,200,3,0,2585.0,16.2,493,0,5,412665,3392255,489,0,2,-92.67,500,-150.0,-145.0,208.62646045025065,-4,-155.97102193107918,-11,3,3,3.0181718471403176
2063,2010201,412815.0,3392400.0,7,200,3,0,2585.0,16.2,493,0,5,412675,3392245,489,0,5,-91.0,500,-140.0,-155.0,208.86598574205422,-4,-152.08916217383225,-11,3,3,3.0147170281569
2064,2010201,412815.0,3392400.0,7,200,3,0,2585.0,16.2,493,0,5,412670,3392250,489,0,5,-94.0,500,-145.0,-150.0,208.62646045025065,-4,-154.02897806892082,-11,3,3,3.0181718471403176
2065,2010201,412815.0,3392400.0,7,200,3,0,2585.0,16.2,493,0,5,412690,3392310,489,0,6,-91.0,500,-125.0,-90.0,154.02921800749363,-4,-164.24611274556327,-11,3,3,4.084844397616577
2066,2010201,412815.0,3392400.0,7,200,3,0,2585.0,16.2,493,0,5,412725,3392495,494,0,6,-99.5,500,-90.0,95.0,130.86252328302402,1,113.45184230102205,-6,3,3,2.625152554315208
2067,2010201,412815.0,3392400.0,7,200,3,0,2585.0,16.2,493,0,5,412780,3392560,494,0,2,-92.5,500,-35.0,160.0,163.783393541592,1,82.33908727832619,-6,3,3,2.0980210988265084
2068,2010201,412815.0,3392400.0,7,200,3,0,2585.0,16.2,493,0,5,412775,3392525,494,0,2,-87.0,500,-40.0,125.0,131.24404748406687,1,87.74467162505692,-6,3,3,2.617531909793044
2069,2010201,412815.0,3392400.0,7,200,3,0,2585.0,16.2,493,0,5,412720,3392500,494,0,5,-92.67,500,-95.0,100.0,137.93114224133723,1,113.5311992856142,-6,3,3,2.490794187654886
2070,2010201,412815.0,3392400.0,7,200,3,0,2585.0,16.2,493,0,5,412765,3392535,494,0,5,-92.5,500,-50.0,135.0,143.96180048887967,1,90.32313682966293,-6,3,3,2.3865763962213213
2071,2010201,412815.0,3392400.0,7,200,3,0,2585.0,16.2,493,0,5,412755,3392505,494,0,5,-91.19,500,-60.0,105.0,120.93386622447825,1,99.74488129694225,-6,3,3,2.8403377163007493
2072,2010201,412815.0,3392400.0,7,200,3,0,2585.0,16.2,493,0,5,412735,3392485,494,0,6,-90.67,500,-80.0,85.0,116.72617529928752,1,113.26429541107166,-6,3,3,2.9425480725324293
2073,2010201,412815.0,3392400.0,7,200,3,0,2585.0,16.2,493,0,5,412745,3392515,494,0,6,-93.09,500,-70.0,115.0,134.6291201783626,1,101.3286928678042,-6,3,3,2.5518056192727867
2074,2010201,412815.0,3392400.0,7,200,3,0,2585.0,16.2,493,0,5,412750,3392510,494,0,5,-92.09,500,-65.0,110.0,127.76932339180638,1,100.57922687248902,-6,3,3,2.688613383136834
2075,2010201,412815.0,3392400.0,7,200,3,0,2585.0,16.2,493,0,5,412760,3392540,495,0,5,-96.2,500,-55.0,140.0,150.41608956491322,2,91.44773632710536,-5,3,3,1.9038751187145908
2076,2010201,412815.0,3392400.0,7,200,3,0,2585.0,16.2,493,0,5,412730,3392490,494,0,6,-91.47,500,-85.0,90.0,123.79418403139947,1,113.36342295838324,-6,3,3,2.7748142708873527
2077,2010201,412815.0,3392400.0,7,200,3,0,2585.0,16.2,493,0,5,412740,3392520,495,0,6,-92.71,500,-75.0,120.0,141.50971698084905,2,102.00538320808352,-5,3,3,2.023604991309786
2078,2010201,412815.0,3392400.0,7,200,3,0,2585.0,16.2,493,0,5,412770,3392530,494,0,5,-91.0,500,-45.0,130.0,137.56816492197603,1,89.09349200048564,-6,3,3,2.4973579056390838
2079,2010201,412815.0,3392400.0,7,200,3,0,2585.0,16.2,493,0,5,412725,3392540,496,21,5,-100.5,500,-90.0,140.0,166.43316977093238,3,102.73522627210758,-4,3,3,1.3767628588756864
2080,2010201,412815.0,3392400.0,7,200,3,0,2585.0,16.2,493,0,5,412775,3392490,493,0,2,-84.8,500,-40.0,90.0,98.48857801796105,0,93.9624889745782,-7,3,3,4.0654171498813545
2081,2010201,412815.0,3392400.0,7,200,3,0,2585.0,16.2,493,0,5,412755,3392550,495,0,5,-96.38,500,-60.0,150.0,161.55494421403512,2,91.80140948635182,-5,3,3,1.7726940090423766
2082,2010201,412815.0,3392400.0,7,200,3,0,2585.0,16.2,493,0,5,412750,3392545,495,0,6,-96.71,500,-65.0,145.0,158.90248582070703,2,94.14554196042167,-5,3,3,1.8022651107216427
2083,2010201,412815.0,3392400.0,7,200,3,0,2585.0,16.2,493,0,5,412745,3392560,496,0,6,-97.61,500,-70.0,160.0,174.64249196572982,3,93.62937773065681,-4,3,3,1.3120693156971317
2084,2010201,412815.0,3392400.0,7,200,3,0,2585.0,16.2,493,0,5,412730,3392525,495,0,5,-93.5,500,-85.0,125.0,151.16216457830973,2,104.2157021324374,-5,3,3,1.894485229257687
2085,2010201,412815.0,3392400.0,7,200,3,0,2585.0,16.2,493,0,5,412740,3392555,496,0,6,-95.38,500,-75.0,155.0,172.19175357722565,3,95.82099197418927,-4,3,3,1.3307368211027375
2086,2010201,412815.0,3392400.0,7,200,3,0,2585.0,16.2,493,0,5,412770,3392485,493,0,2,-87.6,500,-45.0,85.0,96.17692030835673,0,97.89727103094765,-7,3,3,4.162791876267054
2087,2010201,412815.0,3392400.0,7,200,3,0,2585.0,16.2,493,0,5,412765,3392500,494,0,5,-91.29,500,-50.0,100.0,111.80339887498948,1,96.56505117707798,-6,3,3,3.071867456220387
2088,2010201,412815.0,3392400.0,7,200,3,0,2585.0,16.2,493,0,5,412760,3392495,494,0,5,-87.18,500,-55.0,95.0,109.77249200050075,1,100.06858282186249,-6,3,3,3.128588364506889
2089,2010201,412815.0,3392400.0,7,200,3,0,2585.0,16.2,493,0,5,412735,3392530,495,0,6,-97.38,500,-80.0,130.0,152.64337522473747,2,101.60750224624894,-5,3,3,1.8761148513063055
2090,2010201,412815.0,3392400.0,7,200,3,0,2585.0,16.2,493,0,5,412805,3392295,493,0,5,-107.33,500,-10.0,-105.0,105.47511554864494,0,-115.44033203100551,-7,3,3,3.7969445989616983
2091,2010201,412815.0,3392400.0,7,200,3,0,2585.0,16.2,493,0,5,412815,3392285,494,0,5,-115.0,500,0.0,-115.0,115.0,1,-110.0,-6,3,3,2.9866369904751666
2092,2010201,412815.0,3392400.0,7,200,3,0,2585.0,16.2,493,0,5,412830,3392310,494,0,12,-102.25,500,15.0,-90.0,91.2414379544733,1,-100.53767779197439,-6,3,3,3.76233031232997
2093,2010201,412815.0,3392400.0,7,200,3,0,2585.0,16.2,493,0,5,412820,3392320,494,0,12,-101.69,500,5.0,-80.0,80.15609770940699,1,-106.42366562500266,-6,3,3,4.280831619793325
2094,2010201,412815.0,3392400.0,7,200,3,0,2585.0,16.2,493,0,5,412825,3392315,494,0,5,-103.82,500,10.0,-85.0,85.58621384311844,1,-103.29016319224307,-6,3,3,4.010145281702476
2095,2010201,412815.0,3392400.0,7,200,3,0,2585.0,16.2,493,0,5,412810,3392290,494,0,5,-110.47,500,-5.0,-110.0,110.11357772772621,1,-112.6025622024998,-6,3,3,3.1189164713051953
2096,2010201,412815.0,3392400.0,7,200,3,0,2585.0,16.2,493,0,5,412800,3392300,493,0,5,-113.39,500,-15.0,-100.0,101.11874208078342,0,-118.53076560994813,-7,3,3,3.9600139147125586
2097,2010201,412815.0,3392400.0,7,200,3,0,2585.0,16.2,493,0,5,412835,3392305,494,0,12,-103.83,500,20.0,-95.0,97.082439194738,1,-98.11134196037202,-6,3,3,3.536561123726988
2098,2010201,412815.0,3392400.0,7,200,3,0,2585.0,16.2,493,0,5,412845,3392470,493,0,5,-95.5,500,30.0,70.0,76.15773105863909,0,46.801409486351815,-7,3,3,5.251557400319413
2099,2010201,412815.0,3392400.0,7,200,3,0,2585.0,16.2,493,0,5,412820,3392405,494,0,5,-77.8,500,5.0,5.0,7.0710678118654755,1,25.0,-6,3,3,40.315542210772584
2100,2010201,412815.0,3392400.0,7,200,3,0,2585.0,16.2,493,0,5,412825,3392410,494,0,5,-86.2,500,10.0,10.0,14.142135623730951,1,25.0,-6,3,3,22.989767773608854
2101,2010201,412815.0,3392400.0,7,200,3,0,2585.0,16.2,493,0,5,412830,3392415,494,0,5,-82.0,500,15.0,15.0,21.213203435596427,1,25.0,-6,3,3,15.793169048263962
2102,2010201,412815.0,3392400.0,7,200,3,0,2585.0,16.2,493,0,5,412805,3392430,493,0,12,-72.86,500,-10.0,30.0,31.622776601683793,0,88.43494882292202,-7,3,3,12.481691419986054
2103,2010201,412815.0,3392400.0,7,200,3,0,2585.0,16.2,493,0,5,412835,3392420,494,0,5,-86.38,500,20.0,20.0,28.284271247461902,1,25.0,-6,3,3,11.976725812374069
2104,2010201,412815.0,3392400.0,7,200,3,0,2585.0,16.2,493,0,5,412815,3392440,493,0,5,-79.67,500,0.0,40.0,40.0,0,70.0,-7,3,3,9.926245506651705
2105,2010201,412815.0,3392400.0,7,200,3,0,2585.0,16.2,493,0,5,412840,3392465,493,6,5,-93.29,500,25.0,65.0,69.6419413859206,0,48.96248897457821,-7,3,3,5.739758163697337
2106,2010201,412815.0,3392400.0,7,200,3,0,2585.0,16.2,493,0,5,412810,3392435,493,0,12,-78.11,500,-5.0,35.0,35.35533905932738,0,78.13010235415595,-7,3,3,11.199149096448238
2107,2010201,412815.0,3392400.0,7,200,3,0,2585.0,16.2,493,0,5,412800,3392425,493,0,5,-73.45,500,-15.0,25.0,29.154759474226502,0,100.96375653207349,-7,3,3,13.501043380558686
2108,2010201,412815.0,3392400.0,7,200,3,0,2585.0,16.2,493,0,5,412855,3392480,493,24,12,-102.67,500,40.0,80.0,89.44271909999159,0,43.434948822922024,-7,3,3,4.4749824761082735
2109,2010201,412815.0,3392400.0,7,200,3,0,2585.0,16.2,493,0,5,412735,3392305,490,0,5,-89.8,500,-80.0,-95.0,124.19742348374221,-3,-150.10090754621226,-10,3,3,4.603351782093735
2110,2010201,412815.0,3392400.0,7,200,3,0,2585.0,16.2,493,0,5,412730,3392310,490,0,5,-93.14,500,-85.0,-90.0,123.79418403139947,-3,-153.36342295838327,-10,3,3,4.6182816946050185
2111,2010201,412815.0,3392400.0,7,200,3,0,2585.0,16.2,493,0,5,412750,3392290,491,0,6,-90.1,500,-65.0,-110.0,127.76932339180638,-2,-140.57922687248902,-9,3,3,4.0292276420600075
2112,2010201,412815.0,3392400.0,7,200,3,0,2585.0,16.2,493,0,5,412765,3392275,493,24,5,-103.67,500,-50.0,-125.0,134.6291201783626,0,-131.80140948635182,-7,3,3,2.9763963158554283
2113,2010201,412815.0,3392400.0,7,200,3,0,2585.0,16.2,493,0,5,412740,3392300,490,0,5,-91.7,500,-75.0,-100.0,125.0,-3,-146.86989764584402,-10,3,3,4.573921259900861
2114,2010201,412815.0,3392400.0,7,200,3,0,2585.0,16.2,493,0,5,412755,3392285,491,24,5,-91.75,500,-60.0,-115.0,129.71121771072848,-2,-137.5528115767178,-9,3,3,3.9691007124879425
2115,2010201,412815.0,3392400.0,7,200,3,0,2585.0,16.2,493,0,5,412725,3392315,490,0,5,-90.0,500,-90.0,-85.0,123.79418403139947,-3,-156.63657704161673,-10,3,3,4.6182816946050185
2116,2010201,412815.0,3392400.0,7,200,3,0,2585.0,16.2,493,0,5,412745,3392295,491,0,6,-90.93,500,-70.0,-105.0,126.19429464123962,-2,-143.69006752597977,-9,3,3,4.079347625999525
2117,2010201,412815.0,3392400.0,7,200,3,0,2585.0,16.2,493,0,5,412720,3392320,490,0,5,-84.6,500,-95.0,-80.0,124.19742348374221,-3,-159.89909245378777,-10,3,3,4.603351782093735
2118,2010201,412815.0,3392400.0,7,200,3,0,2585.0,16.2,493,0,5,412715,3392555,497,0,12,-103.5,500,-100.0,155.0,184.45866745696716,4,102.82854179141253,-3,3,3,0.9317652996595982
2119,2010201,412815.0,3392400.0,7,200,3,0,2585.0,16.2,493,0,5,412770,3392620,494,0,5,-95.25,500,-45.0,220.0,224.5551157288562,1,81.5601307942178,-6,3,3,1.530550308134318
2120,2010201,412815.0,3392400.0,7,200,3,0,2585.0,16.2,493,0,5,412735,3392575,496,0,5,-101.0,500,-80.0,175.0,192.41881404893857,3,94.56717132060135,-4,3,3,1.1908924532344742
2121,2010201,412815.0,3392400.0,7,200,3,0,2585.0,16.2,493,0,5,412750,3392600,495,0,6,-101.88,500,-65.0,200.0,210.2974084481309,2,88.0041616059134,-5,3,3,1.3619993544127544
2122,2010201,412815.0,3392400.0,7,200,3,0,2585.0,16.2,493,0,5,412755,3392595,495,0,6,-97.29,500,-60.0,195.0,204.02205763103166,2,87.10272896905235,-5,3,3,1.4038754849227366
2123,2010201,412815.0,3392400.0,7,200,3,0,2585.0,16.2,493,0,5,412760,3392610,495,0,6,-96.17,500,-55.0,210.0,217.0829334609241,2,84.67639313745002,-5,3,3,1.319441605655002
2124,2010201,412815.0,3392400.0,7,200,3,0,2585.0,16.2,493,0,5,412745,3392585,495,0,6,-98.0,500,-70.0,185.0,197.80040444852483,2,90.72555886556052,-5,3,3,1.4480147493993274
2125,2010201,412815.0,3392400.0,7,200,3,0,2585.0,16.2,493,0,5,412775,3392615,494,0,5,-93.5,500,-40.0,215.0,218.68927728629038,1,80.53918372862825,-6,3,3,1.5715834910996473
2126,2010201,412815.0,3392400.0,7,200,3,0,2585.0,16.2,493,0,5,412785,3392625,494,0,2,-96.67,500,-30.0,225.0,226.99118925632334,1,77.59464336859145,-6,3,3,1.5141321025734118
2127,2010201,412815.0,3392400.0,7,200,3,0,2585.0,16.2,493,0,5,412765,3392605,495,0,5,-98.63,500,-50.0,205.0,211.00947846009194,2,83.7069610040798,-5,3,3,1.3574048905304184
