,Cell Index,Cell X,Cell Y,Height,Azimuth,Electrical Downtilt,Mechanical Downtilt,Frequency Band,RS Power,Cell Altitude,Cell Building Height,Cell Clutter Index,X,Y,Altitude,Building Height,Clutter Index,RSRP,Station Absolute Height,X Distance,Y Distance,Distance To Station,Altitude Delta,Azimuth To Station,Height Delta,Station Total Downtilt,Station Downtilt Delta,Vertical Degree
0,334601,415815.0,3388685.0,13,240,6,3,2585.0,9.2,499,0,5,415560,3388530,506,5,14,-105.0,512,-255.0,-155.0,298.41246622753545,7,-208.70696100407983,-6,9,3,1.1518565797237637
1,334601,415815.0,3388685.0,13,240,6,3,2585.0,9.2,499,0,5,415645,3388605,507,0,6,-88.0,512,-170.0,-80.0,187.88294228055935,8,-214.79887635452494,-5,9,3,1.5244135163784995
2,334601,415815.0,3388685.0,13,240,6,3,2585.0,9.2,499,0,5,415605,3388565,508,0,14,-85.0,512,-210.0,-120.0,241.8677324489565,9,-210.25511870305778,-4,9,3,0.9474692013388378
3,334601,415815.0,3388685.0,13,240,6,3,2585.0,9.2,499,0,5,415585,3388545,507,0,5,-95.67,512,-230.0,-140.0,269.2582403567252,8,-208.67130713219584,-5,9,3,1.0638336467925285
4,334601,415815.0,3388685.0,13,240,6,3,2585.0,9.2,499,0,5,415575,3388535,506,0,14,-112.0,512,-240.0,-150.0,283.0194339616981,7,-207.9946167919165,-6,9,3,1.2144861726506213
5,334601,415815.0,3388685.0,13,240,6,3,2585.0,9.2,499,0,5,415630,3388600,508,0,6,-86.5,512,-185.0,-85.0,203.59273071502332,9,-215.32313682966296,-4,9,3,1.125549204505543
6,334601,415815.0,3388685.0,13,240,6,3,2585.0,9.2,499,0,5,415635,3388595,508,0,6,-85.0,512,-180.0,-90.0,201.24611797498108,9,-213.434948822922,-4,9,3,1.1386701369304517
7,334601,415815.0,3388685.0,13,240,6,3,2585.0,9.2,499,0,5,415675,3388635,505,0,5,-85.75,512,-140.0,-50.0,148.66068747318505,6,-220.3461759419467,-7,9,3,2.695900577545161
8,334601,415815.0,3388685.0,13,240,6,3,2585.0,9.2,499,0,5,415665,3388625,506,0,6,-87.5,512,-150.0,-60.0,161.55494421403512,7,-218.19859051364818,-6,9,3,2.1269342891653378
9,334601,415815.0,3388685.0,13,240,6,3,2585.0,9.2,499,0,5,415590,3388560,507,5,5,-97.0,512,-225.0,-125.0,257.390753524675,8,-210.94539590092285,-5,9,3,1.1128716425051555
10,334601,415815.0,3388685.0,13,240,6,3,2585.0,9.2,499,0,5,415595,3388525,506,5,5,-110.5,512,-220.0,-160.0,272.02941017470886,7,-203.9726266148964,-6,9,3,1.2635359753172566
11,334601,415815.0,3388685.0,13,240,6,3,2585.0,9.2,499,0,5,415660,3388620,506,0,6,-88.5,512,-155.0,-65.0,168.0773631397161,7,-217.24902365721235,-6,9,3,2.0444678214240555
12,334601,415815.0,3388685.0,13,240,6,3,2585.0,9.2,499,0,5,415575,3388545,507,5,5,-98.6,512,-240.0,-140.0,277.8488797889961,8,-209.74356283647072,-5,9,3,1.030948837735741
13,334601,415815.0,3388685.0,13,240,6,3,2585.0,9.2,499,0,5,415675,3388605,505,0,5,-89.29,512,-140.0,-80.0,161.24515496597098,6,-210.25511870305778,-7,9,3,2.485772590674226
14,334601,415815.0,3388685.0,13,240,6,3,2585.0,9.2,499,0,5,415600,3388600,508,0,5,-101.0,512,-215.0,-85.0,231.19256043393784,9,-218.4286928087454,-4,9,3,0.9912094638391845
15,334601,415815.0,3388685.0,13,240,6,3,2585.0,9.2,499,0,5,415630,3388570,508,0,14,-88.5,512,-185.0,-115.0,217.83020910791964,9,-208.1340223063963,-4,9,3,1.0519999234457988
16,334601,415815.0,3388685.0,13,240,6,3,2585.0,9.2,499,0,5,415620,3388580,508,0,14,-94.67,512,-195.0,-105.0,221.472345903501,9,-211.69924423399362,-4,9,3,1.0347034629562244
17,334601,415815.0,3388685.0,13,240,6,3,2585.0,9.2,499,0,5,415625,3388575,508,0,14,-87.5,512,-190.0,-110.0,219.5449840010015,9,-209.93141717813756,-4,9,3,1.0437850129748598
18,334601,415815.0,3388685.0,13,240,6,3,2585.0,9.2,499,0,5,415670,3388610,506,0,5,-89.0,512,-145.0,-75.0,163.24827717314508,7,-212.65012421993012,-6,9,3,2.1048920884107134
19,334601,415815.0,3388685.0,13,240,6,3,2585.0,9.2,499,0,5,415665,3388615,506,0,5,-86.2,512,-150.0,-70.0,165.5294535724685,7,-214.9831065219,-6,9,3,2.0759099361873132
20,334601,415815.0,3388685.0,13,240,6,3,2585.0,9.2,499,0,5,416000,3388615,501,0,5,-94.0,512,185.0,-70.0,197.80040444852483,2,-80.72555886556054,-11,9,3,3.1830322141089917
21,334601,415815.0,3388685.0,13,240,6,3,2585.0,9.2,499,0,5,416055,3388570,502,0,6,-102.25,512,240.0,-115.0,266.1296676434253,3,-85.60218755144177,-10,9,3,2.1519147770836327
22,334601,415815.0,3388685.0,13,240,6,3,2585.0,9.2,499,0,5,416005,3388620,500,0,12,-96.22,512,190.0,-65.0,200.81085628023203,1,-78.88608736970929,-12,9,3,3.419798641808639
23,334601,415815.0,3388685.0,13,240,6,3,2585.0,9.2,499,0,5,416015,3388610,500,0,12,-99.5,512,200.0,-75.0,213.60009363293827,1,-80.55604521958347,-12,9,3,3.2154825851783837
24,334601,415815.0,3388685.0,13,240,6,3,2585.0,9.2,499,0,5,416045,3388580,502,0,5,-99.25,512,230.0,-105.0,252.83393759541065,3,-84.5377284765778,-10,9,3,2.2649621923832552
25,334601,415815.0,3388685.0,13,240,6,3,2585.0,9.2,499,0,5,416010,3388605,501,0,5,-96.0,512,195.0,-80.0,210.77238908357992,2,-82.30620505490765,-11,9,3,2.98749900408758
26,334601,415815.0,3388685.0,13,240,6,3,2585.0,9.2,499,0,5,416005,3388580,502,30,5,-106.44,512,190.0,-105.0,217.0829334609241,3,-88.92642583525361,-10,9,3,2.6374852506157223
27,334601,415815.0,3388685.0,13,240,6,3,2585.0,9.2,499,0,5,416020,3388595,501,0,5,-93.4,512,205.0,-90.0,223.8861317723811,2,-83.70264595096626,-11,9,3,2.8128011601797396
28,334601,415815.0,3388685.0,13,240,6,3,2585.0,9.2,499,0,5,416025,3388600,501,0,5,-98.33,512,210.0,-85.0,226.55021518418383,2,-82.03622694014544,-11,9,3,2.7797766331637543
29,334601,415815.0,3388685.0,13,240,6,3,2585.0,9.2,499,0,5,416030,3388585,502,0,5,-100.33,512,215.0,-100.0,237.11811402758752,3,-84.94390526342457,-10,9,3,2.4149081903441636
30,334601,415815.0,3388685.0,13,240,6,3,2585.0,9.2,499,0,5,419980,3388110,519,0,7,-100.25,512,4165.0,-575.0,4204.503537874597,20,-67.86029576684754,7,9,3,-0.09539059306595883
31,334601,415815.0,3388685.0,13,240,6,3,2585.0,9.2,499,0,5,419975,3388095,519,0,6,-101.55,512,4160.0,-590.0,4201.63063583652,20,-68.07224732887173,7,9,3,-0.09545581710539902
32,334601,415815.0,3388685.0,13,240,6,3,2585.0,9.2,499,0,5,419970,3388100,519,0,6,-97.53,512,4155.0,-585.0,4195.98021920981,20,-68.0142364261275,7,9,3,-0.09558436016514835
33,334601,415815.0,3388685.0,13,240,6,3,2585.0,9.2,499,0,5,419960,3388090,519,0,6,-99.77,512,4145.0,-595.0,4187.487313413618,20,-68.16880263838411,7,9,3,-0.09577822044338613
34,334601,415815.0,3388685.0,13,240,6,3,2585.0,9.2,499,0,5,419965,3388085,518,0,7,-97.69,512,4150.0,-600.0,4193.149174546501,19,-68.22672246410818,6,9,3,-0.08198478712383156
35,334601,415815.0,3388685.0,13,240,6,3,2585.0,9.2,499,0,5,419995,3388115,519,0,7,-96.75,512,4180.0,-570.0,4218.684629123159,20,-67.76516601842533,7,9,3,-0.09506993856430095
36,334601,415815.0,3388685.0,13,240,6,3,2585.0,9.2,499,0,5,419945,3387995,518,0,5,-97.0,512,4130.0,-690.0,4187.242529398076,19,-69.4848176051866,6,9,3,-0.08210043707228966
37,334601,415815.0,3388685.0,13,240,6,3,2585.0,9.2,499,0,5,419980,3387960,517,0,6,-95.16,512,4165.0,-725.0,4227.629359345495,18,-69.87451494942795,5,9,3,-0.0677634531417895
38,334601,415815.0,3388685.0,13,240,6,3,2585.0,9.2,499,0,5,419990,3387950,517,0,6,-97.33,512,4175.0,-735.0,4239.203934702835,18,-69.98449150834074,5,9,3,-0.06757843433199949
39,334601,415815.0,3388685.0,13,240,6,3,2585.0,9.2,499,0,5,419965,3387935,517,0,6,-89.25,512,4150.0,-750.0,4217.226576791909,18,-70.24408744645862,5,9,3,-0.06793060750153034
40,334601,415815.0,3388685.0,13,240,6,3,2585.0,9.2,499,0,5,419970,3387930,517,0,6,-91.38,512,4155.0,-755.0,4223.038005985738,18,-70.29877892886358,5,9,3,-0.06783712656533158
41,334601,415815.0,3388685.0,13,240,6,3,2585.0,9.2,499,0,5,419930,3387970,518,0,5,-103.25,512,4115.0,-715.0,4176.655360452906,19,-69.85699265985872,6,9,3,-0.08230854857022259
42,334601,415815.0,3388685.0,13,240,6,3,2585.0,9.2,499,0,5,419985,3387955,517,0,6,-97.78,512,4170.0,-730.0,4233.414697380827,18,-69.92957840057576,5,9,3,-0.06767084843706227
43,334601,415815.0,3388685.0,13,240,6,3,2585.0,9.2,499,0,5,419975,3387925,517,0,6,-95.64,512,4160.0,-760.0,4228.853272460514,18,-70.35332004392944,5,9,3,-0.06774384108708581
44,334601,415815.0,3388685.0,13,240,6,3,2585.0,9.2,499,0,5,419935,3387965,518,0,5,-96.67,512,4120.0,-720.0,4182.439479538228,19,-69.91275144672383,6,9,3,-0.08219471983573251
45,334601,415815.0,3388685.0,13,240,6,3,2585.0,9.2,499,0,5,419955,3387985,518,0,5,-91.5,512,4140.0,-700.0,4198.761722222398,19,-69.59692441814673,6,9,3,-0.08187519698034654
46,334601,415815.0,3388685.0,13,240,6,3,2585.0,9.2,499,0,5,419950,3387990,518,0,5,-93.2,512,4135.0,-695.0,4193.0001192463615,19,-69.54094800783605,6,9,3,-0.08198770156457151
47,334601,415815.0,3388685.0,13,240,6,3,2585.0,9.2,499,0,5,419940,3388000,518,18,6,-98.86,512,4125.0,-685.0,4181.488969254851,19,-69.42853268205505,6,9,3,-0.08221340380687092
48,334601,415815.0,3388685.0,13,240,6,3,2585.0,9.2,499,0,5,415795,3388840,496,0,5,-99.0,512,-20.0,155.0,156.28499608087785,-3,37.35237935989238,-16,9,3,5.845408767801212
49,334601,415815.0,3388685.0,13,240,6,3,2585.0,9.2,499,0,5,419955,3387915,518,0,5,-105.43,512,4140.0,-770.0,4210.997506529777,19,-70.53607287080129,6,9,3,-0.08163729470399612
50,334601,415815.0,3388685.0,13,240,6,3,2585.0,9.2,499,0,5,419940,3387910,518,0,5,-99.18,512,4125.0,-775.0,4197.171666729871,19,-70.64061970241059,6,9,3,-0.0819062145177905
51,334601,415815.0,3388685.0,13,240,6,3,2585.0,9.2,499,0,5,419945,3387905,518,0,5,-103.13,512,4130.0,-780.0,4203.01082558682,19,-70.69502237907872,6,9,3,-0.08179242400723273
52,334601,415815.0,3388685.0,13,240,6,3,2585.0,9.2,499,0,5,419950,3387920,518,0,15,-100.5,512,4135.0,-765.0,4205.169437727807,19,-70.48155308768622,6,9,3,-0.08175043809383939
53,334601,415815.0,3388685.0,13,240,6,3,2585.0,9.2,499,0,5,419935,3387895,518,0,15,-98.67,512,4120.0,-790.0,4195.056614635851,19,-70.85457588479838,6,9,3,-0.08194750971121738
54,334601,415815.0,3388685.0,13,240,6,3,2585.0,9.2,499,0,5,419975,3387855,517,0,7,-100.0,512,4160.0,-830.0,4241.9924563817885,18,-71.28344344238317,5,9,3,-0.06753401092566236
55,334601,415815.0,3388685.0,13,240,6,3,2585.0,9.2,499,0,5,419965,3387845,517,0,6,-95.5,512,4150.0,-840.0,4234.15871218829,18,-71.44262278685326,5,9,3,-0.06765895751140656
56,334601,415815.0,3388685.0,13,240,6,3,2585.0,9.2,499,0,5,419980,3387870,518,0,7,-100.4,512,4165.0,-815.0,4243.989868036916,19,-71.07164271315366,6,9,3,-0.08100265522084266
57,334601,415815.0,3388685.0,13,240,6,3,2585.0,9.2,499,0,5,419970,3387860,518,0,6,-96.67,512,4155.0,-825.0,4236.11260473562,19,-71.23035505364285,6,9,3,-0.08115328350913752
58,334601,415815.0,3388685.0,13,240,6,3,2585.0,9.2,499,0,5,419930,3387900,518,0,15,-99.6,512,4115.0,-785.0,4189.206368752917,19,-70.80029244576167,6,9,3,-0.08206194962750099
59,334601,415815.0,3388685.0,13,240,6,3,2585.0,9.2,499,0,5,419985,3387865,517,0,6,-100.5,512,4170.0,-820.0,4249.8588211845345,18,-71.12485215025964,5,9,3,-0.06740900755538433
60,334601,415815.0,3388685.0,13,240,6,3,2585.0,9.2,499,0,5,419795,3388270,516,0,6,-116.0,512,3980.0,-415.0,4001.5778138129463,17,-65.95279690471614,4,9,3,-0.05727316883033577
61,334601,415815.0,3388685.0,13,240,6,3,2585.0,9.2,499,0,5,415895,3388700,499,0,5,-94.0,512,80.0,15.0,81.39410298049853,0,-49.38034472384487,-13,9,3,9.07445118883015
62,334601,415815.0,3388685.0,13,240,6,3,2585.0,9.2,499,0,5,415855,3388660,501,0,5,-85.5,512,40.0,-25.0,47.16990566028302,2,-92.00538320808349,-11,9,3,13.126751760351867
63,334601,415815.0,3388685.0,13,240,6,3,2585.0,9.2,499,0,5,415765,3388570,504,0,10,-92.5,512,-50.0,-115.0,125.39936203984452,5,-173.4985656759521,-8,9,3,3.6503049128335014
64,334601,415815.0,3388685.0,13,240,6,3,2585.0,9.2,499,0,5,415905,3388710,498,0,5,-97.0,512,90.0,25.0,93.40770846134703,-1,-44.475889003245754,-14,9,3,8.524072881708914
65,334601,415815.0,3388685.0,13,240,6,3,2585.0,9.2,499,0,5,415910,3388715,498,0,5,-95.67,512,95.0,30.0,99.62429422585637,-1,-42.47443162627712,-14,9,3,7.999277278176185
66,334601,415815.0,3388685.0,13,240,6,3,2585.0,9.2,499,0,5,415900,3388705,499,0,5,-93.33,512,85.0,20.0,87.32124598286491,0,-46.75948008481279,-13,9,3,8.46774764155561
67,334601,415815.0,3388685.0,13,240,6,3,2585.0,9.2,499,0,5,419995,3388345,516,0,6,-93.5,512,4180.0,-340.0,4193.804954930546,17,-64.65018484988627,4,9,3,-0.05464799889801953
68,334601,415815.0,3388685.0,13,240,6,3,2585.0,9.2,499,0,5,419965,3388335,516,0,6,-94.67,512,4150.0,-350.0,4164.73288459176,17,-64.82076607809265,4,9,3,-0.05502947102077666
69,334601,415815.0,3388685.0,13,240,6,3,2585.0,9.2,499,0,5,419980,3388360,516,0,6,-93.27,512,4165.0,-325.0,4177.6608287413665,17,-64.46181799278486,4,9,3,-0.0548591801518836
70,334601,415815.0,3388685.0,13,240,6,3,2585.0,9.2,499,0,5,419975,3388325,517,0,6,-93.5,512,4160.0,-360.0,4175.547868244358,18,-64.94596654710415,5,9,3,-0.06860866398364229
71,334601,415815.0,3388685.0,13,240,6,3,2585.0,9.2,499,0,5,419970,3388330,516,0,7,-99.6,512,4155.0,-355.0,4170.13788740852,17,-64.88344748741761,4,9,3,-0.05495814621777378
72,334601,415815.0,3388685.0,13,240,6,3,2585.0,9.2,499,0,5,419985,3388355,516,0,7,-95.85,512,4170.0,-330.0,4183.037174111652,17,-64.52476847283418,4,9,3,-0.05478867116354844
73,334601,415815.0,3388685.0,13,240,6,3,2585.0,9.2,499,0,5,419990,3388350,516,0,6,-94.71,512,4175.0,-335.0,4188.4185559707375,17,-64.58755726790488,4,9,3,-0.05471827739135126
74,334601,415815.0,3388685.0,13,240,6,3,2585.0,9.2,499,0,5,419885,3388095,517,0,5,-116.5,512,4070.0,-590.0,4112.54179310071,18,-68.24831906297723,5,9,3,-0.06965977996696239
75,334601,415815.0,3388685.0,13,240,6,3,2585.0,9.2,499,0,5,419890,3388090,518,0,12,-113.0,512,4075.0,-595.0,4118.209562419086,19,-68.30718352645309,6,9,3,-0.08347667320626756
76,334601,415815.0,3388685.0,13,240,6,3,2585.0,9.2,499,0,5,419960,3388020,518,0,6,-97.22,512,4145.0,-665.0,4198.005478795853,19,-69.11453537614554,6,9,3,-0.08188994624532779
77,334601,415815.0,3388685.0,13,240,6,3,2585.0,9.2,499,0,5,419880,3388100,517,0,5,-115.0,512,4065.0,-585.0,4106.87837657752,18,-68.1892921879689,5,9,3,-0.06975584123859542
78,334601,415815.0,3388685.0,13,240,6,3,2585.0,9.2,499,0,5,419915,3388105,518,0,5,-106.75,512,4100.0,-580.0,4140.821174598102,19,-68.05182948001703,6,9,3,-0.08302083620397142
79,334601,415815.0,3388685.0,13,240,6,3,2585.0,9.2,499,0,5,419845,3388135,516,0,12,-111.0,512,4030.0,-550.0,4067.3578647569234,17,-67.77151036337926,4,9,3,-0.05634690916999435
80,334601,415815.0,3388685.0,13,240,6,3,2585.0,9.2,499,0,5,419975,3388005,518,0,6,-95.21,512,4160.0,-680.0,4215.210552273753,19,-69.28355280526134,6,9,3,-0.0815556994460775
81,334601,415815.0,3388685.0,13,240,6,3,2585.0,9.2,499,0,5,419970,3388010,518,0,6,-95.89,512,4155.0,-675.0,4209.471463259966,19,-69.22736719428934,6,9,3,-0.08166689031392704
82,334601,415815.0,3388685.0,13,240,6,3,2585.0,9.2,499,0,5,419980,3388040,518,0,6,-96.3,512,4165.0,-645.0,4214.647078937927,19,-68.80300842182675,6,9,3,-0.08156660294501271
83,334601,415815.0,3388685.0,13,240,6,3,2585.0,9.2,499,0,5,419965,3388015,518,0,6,-92.0,512,4150.0,-670.0,4203.736433222235,19,-69.1710282243694,6,9,3,-0.08177830582268168
84,334601,415815.0,3388685.0,13,240,6,3,2585.0,9.2,499,0,5,419990,3388030,518,0,6,-93.71,512,4175.0,-655.0,4226.067912374338,19,-68.91624008664854,6,9,3,-0.08134617171863599
85,334601,415815.0,3388685.0,13,240,6,3,2585.0,9.2,499,0,5,419995,3388025,518,0,6,-93.53,512,4180.0,-660.0,4231.784493567696,19,-68.9726266148964,6,9,3,-0.0812362839461206
86,334601,415815.0,3388685.0,13,240,6,3,2585.0,9.2,499,0,5,419955,3388065,518,0,6,-88.5,512,4140.0,-620.0,4186.167698504206,19,-68.51723010830693,6,9,3,-0.0821215169648506
87,334601,415815.0,3388685.0,13,240,6,3,2585.0,9.2,499,0,5,419985,3388035,518,0,6,-96.47,512,4170.0,-650.0,4220.355435268456,19,-68.85970085914647,6,9,3,-0.08145627797034885
88,334601,415815.0,3388685.0,13,240,6,3,2585.0,9.2,499,0,5,419910,3388110,518,0,5,-105.75,512,4095.0,-575.0,4135.172305962595,19,-67.99293761735822,6,9,3,-0.08313424698960611
89,334601,415815.0,3388685.0,13,240,6,3,2585.0,9.2,499,0,5,419760,3388130,514,0,12,-108.0,512,3945.0,-555.0,3983.848641703146,15,-68.00806679958521,2,9,3,-0.028764031896124826
90,334601,415815.0,3388685.0,13,240,6,3,2585.0,9.2,499,0,5,419895,3388260,517,24,5,-111.0,512,4080.0,-425.0,4102.075694084642,18,-65.94686305397349,5,9,3,-0.06983751082512878
91,334601,415815.0,3388685.0,13,240,6,3,2585.0,9.2,499,0,5,419960,3388165,519,0,6,-92.8,512,4145.0,-520.0,4177.490275272942,20,-67.1505340637436,7,9,3,-0.09600742426423628
92,334601,415815.0,3388685.0,13,240,6,3,2585.0,9.2,499,0,5,419970,3388175,518,0,6,-92.32,512,4155.0,-510.0,4186.182628600907,19,-66.99769260401442,6,9,3,-0.08212122407736355
93,334601,415815.0,3388685.0,13,240,6,3,2585.0,9.2,499,0,5,419965,3388170,518,0,6,-91.45,512,4150.0,-515.0,4181.832732188125,19,-67.0740339098763,6,9,3,-0.08220664555424124
94,334601,415815.0,3388685.0,13,240,6,3,2585.0,9.2,499,0,5,419975,3388180,518,0,6,-92.91,512,4160.0,-505.0,4190.539941344075,19,-66.92150992212913,6,9,3,-0.08203583475477731
95,334601,415815.0,3388685.0,13,240,6,3,2585.0,9.2,499,0,5,419980,3388185,518,0,7,-94.33,512,4165.0,-500.0,4194.904647307254,19,-66.84548563887805,6,9,3,-0.08195047839065085
96,334601,415815.0,3388685.0,13,240,6,3,2585.0,9.2,499,0,5,415565,3388665,506,0,14,-102.0,512,-250.0,-20.0,250.79872407968904,7,-235.42607874009914,-6,9,3,1.370457987210796
97,334601,415815.0,3388685.0,13,240,6,3,2585.0,9.2,499,0,5,415580,3388650,507,0,5,-109.5,512,-235.0,-35.0,237.59208741033444,8,-231.52885536698517,-5,9,3,1.2055814693629199
98,334601,415815.0,3388685.0,13,240,6,3,2585.0,9.2,499,0,5,419940,3388170,518,0,5,-104.0,512,4125.0,-515.0,4157.024176018224,19,-67.11646856744753,6,9,3,-0.08269724298004978
99,334601,415815.0,3388685.0,13,240,6,3,2585.0,9.2,499,0,5,419925,3388185,518,24,5,-103.43,512,4110.0,-500.0,4140.30192135791,19,-66.93620529640606,6,9,3,-0.08303124819292053
100,334601,415815.0,3388685.0,13,240,6,3,2585.0,9.2,499,0,5,419975,3388235,518,0,6,-96.0,512,4160.0,-450.0,4184.268155842788,19,-66.17385450547363,6,9,3,-0.08215879782384418
101,334601,415815.0,3388685.0,13,240,6,3,2585.0,9.2,499,0,5,419865,3388245,517,0,5,-120.6,512,4050.0,-440.0,4073.831120701986,18,-66.20040833779478,5,9,3,-0.07032170584127538
102,334601,415815.0,3388685.0,13,240,6,3,2585.0,9.2,499,0,5,419870,3388260,516,24,14,-110.13,512,4055.0,-425.0,4077.211056592484,17,-65.98326165878467,4,9,3,-0.0562107385030826
103,334601,415815.0,3388685.0,13,240,6,3,2585.0,9.2,499,0,5,419970,3388240,518,0,6,-95.93,512,4155.0,-445.0,4178.761778326207,19,-66.11306907384952,6,9,3,-0.08226705877762817
104,334601,415815.0,3388685.0,13,240,6,3,2585.0,9.2,499,0,5,419875,3388255,517,24,5,-111.8,512,4060.0,-430.0,4082.7074350239695,18,-66.04573401625427,5,9,3,-0.0701688178497082
105,334601,415815.0,3388685.0,13,240,6,3,2585.0,9.2,499,0,5,419965,3388225,518,0,7,-93.83,512,4150.0,-460.0,4175.416146924759,19,-66.3250381415256,6,9,3,-0.08233297672849253
106,334601,415815.0,3388685.0,13,240,6,3,2585.0,9.2,499,0,5,419890,3388405,512,21,12,-121.0,512,4075.0,-280.0,4084.6083043542867,13,-63.93070967748312,0,9,3,0.0
107,334601,415815.0,3388685.0,13,240,6,3,2585.0,9.2,499,0,5,419955,3388390,514,0,5,-107.0,512,4140.0,-295.0,4150.4969581966925,15,-64.07578143898263,2,9,3,-0.02760911556157758
108,334601,415815.0,3388685.0,13,240,6,3,2585.0,9.2,499,0,5,419985,3388360,516,0,7,-94.38,512,4170.0,-325.0,4182.6456938162955,17,-64.45648965507453,4,9,3,-0.05479379917908274
109,334601,415815.0,3388685.0,13,240,6,3,2585.0,9.2,499,0,5,419975,3388330,516,0,6,-94.71,512,4160.0,-355.0,4175.119758761418,17,-64.87760629331663,4,9,3,-0.05489256863858282
110,334601,415815.0,3388685.0,13,240,6,3,2585.0,9.2,499,0,5,419970,3388325,516,0,7,-93.81,512,4155.0,-360.0,4170.5665082815785,17,-64.95188879551674,4,9,3,-0.054952498017674316
111,334601,415815.0,3388685.0,13,240,6,3,2585.0,9.2,499,0,5,419980,3388355,516,0,6,-92.38,512,4165.0,-330.0,4178.05277611473,17,-64.53017777113371,4,9,3,-0.05485403375963389
112,334601,415815.0,3388685.0,13,240,6,3,2585.0,9.2,499,0,5,419965,3388340,516,0,6,-92.6,512,4150.0,-345.0,4164.315670071134,17,-64.75221567043431,4,9,3,-0.05503498431085117
113,334601,415815.0,3388685.0,13,240,6,3,2585.0,9.2,499,0,5,419990,3388345,516,0,6,-92.83,512,4175.0,-340.0,4188.82143329123,17,-64.65572946595086,4,9,3,-0.054713014636677555
114,334601,415815.0,3388685.0,13,240,6,3,2585.0,9.2,499,0,5,419820,3388580,510,12,5,-117.0,512,4005.0,-105.0,4006.3761680601087,11,-61.50179252235935,-2,9,3,0.028602294118259528
115,334601,415815.0,3388685.0,13,240,6,3,2585.0,9.2,499,0,5,419835,3388565,510,0,5,-110.0,512,4020.0,-120.0,4021.790645968534,11,-61.709814044141524,-2,9,3,0.028492668979409785
116,334601,415815.0,3388685.0,13,240,6,3,2585.0,9.2,499,0,5,419995,3388545,511,0,6,-92.44,512,4180.0,-140.0,4182.343840479881,12,-61.91828032514681,-1,9,3,0.0136994423716872
117,334601,415815.0,3388685.0,13,240,6,3,2585.0,9.2,499,0,5,419985,3388555,510,0,6,-92.0,512,4170.0,-130.0,4172.0258867845005,11,-61.78562103877641,-2,9,3,0.027466644109547574
118,334601,415815.0,3388685.0,13,240,6,3,2585.0,9.2,499,0,5,419980,3388560,510,0,5,-93.57,512,4165.0,-125.0,4166.875328108582,11,-61.71904520740671,-2,9,3,0.02750059485903329
119,334601,415815.0,3388685.0,13,240,6,3,2585.0,9.2,499,0,5,419990,3388550,511,0,6,-87.08,512,4175.0,-135.0,4177.182064502336,12,-61.85203260154563,-1,9,3,0.01371637087725577
120,334601,415815.0,3388685.0,13,240,6,3,2585.0,9.2,499,0,5,419880,3388400,512,21,5,-114.0,512,4065.0,-285.0,4074.9785275507893,13,-64.01048467051675,0,9,3,0.0
121,334601,415815.0,3388685.0,13,240,6,3,2585.0,9.2,499,0,5,419990,3388450,513,0,6,-91.44,512,4175.0,-235.0,4181.6085421760845,14,-63.221632432182076,1,9,3,-0.01370185129549086
122,334601,415815.0,3388685.0,13,240,6,3,2585.0,9.2,499,0,5,419985,3388455,513,0,6,-92.89,512,4170.0,-230.0,4176.338108917907,14,-63.157000085405144,1,9,3,-0.01371914268525015
123,334601,415815.0,3388685.0,13,240,6,3,2585.0,9.2,499,0,5,419890,3388390,512,0,5,-119.0,512,4075.0,-295.0,4085.663960729027,13,-64.14056955540343,0,9,3,0.0
124,334601,415815.0,3388685.0,13,240,6,3,2585.0,9.2,499,0,5,419975,3388465,512,0,6,-93.6,512,4160.0,-220.0,4165.8132459340995,13,-63.027245182279984,0,9,3,0.0
125,334601,415815.0,3388685.0,13,240,6,3,2585.0,9.2,499,0,5,419995,3388445,513,0,6,-94.0,512,4180.0,-240.0,4186.884283091665,14,-63.28610197907531,1,9,3,-0.013684586090660644
126,334601,415815.0,3388685.0,13,240,6,3,2585.0,9.2,499,0,5,419980,3388460,512,0,6,-95.26,512,4165.0,-225.0,4171.073003436885,13,-63.092204486418865,0,9,3,0.0
127,334601,415815.0,3388685.0,13,240,6,3,2585.0,9.2,499,0,5,416075,3388560,503,0,5,-101.0,512,260.0,-125.0,288.4874347350331,4,-85.6768156818382,-9,9,3,1.7868882980723142
128,334601,415815.0,3388685.0,13,240,6,3,2585.0,9.2,499,0,5,416085,3388570,502,0,5,-99.4,512,270.0,-115.0,293.47061181658376,3,-83.07041224982464,-10,9,3,1.9515964191369957
129,334601,415815.0,3388685.0,13,240,6,3,2585.0,9.2,499,0,5,419885,3388270,516,0,5,-110.0,512,4070.0,-415.0,4091.1031519628054,17,-65.82207694089243,4,9,3,-0.0560198646940865
130,334601,415815.0,3388685.0,13,240,6,3,2585.0,9.2,499,0,5,419880,3388265,516,24,5,-112.0,512,4065.0,-420.0,4086.639817747583,17,-65.89892774612474,4,9,3,-0.056081048265519774
131,334601,415815.0,3388685.0,13,240,6,3,2585.0,9.2,499,0,5,419975,3388200,518,0,6,-98.0,512,4160.0,-485.0,4188.176810976346,19,-66.64989564586875,6,9,3,-0.08208212246323077
132,334601,415815.0,3388685.0,13,240,6,3,2585.0,9.2,499,0,5,419960,3388185,518,0,6,-91.63,512,4145.0,-500.0,4175.047903916792,19,-66.87820004943237,6,9,3,-0.08234023856164051
133,334601,415815.0,3388685.0,13,240,6,3,2585.0,9.2,499,0,5,419870,3388295,515,0,5,-117.5,512,4055.0,-390.0,4073.7114527172885,16,-65.49367072928811,3,9,3,-0.042194276512024634
134,334601,415815.0,3388685.0,13,240,6,3,2585.0,9.2,499,0,5,419980,3388165,518,0,7,-97.0,512,4165.0,-520.0,4197.335464315427,19,-67.11655066050108,6,9,3,-0.08190301819907413
135,334601,415815.0,3388685.0,13,240,6,3,2585.0,9.2,499,0,5,419970,3388195,518,0,6,-95.2,512,4155.0,-490.0,4183.7931354214925,19,-66.72583786284974,6,9,3,-0.08216812597463581
136,334601,415815.0,3388685.0,13,240,6,3,2585.0,9.2,499,0,5,419965,3388190,518,0,7,-90.13,512,4150.0,-495.0,4179.4168253477665,19,-66.80193925350204,6,9,3,-0.08225416494099283
137,334601,415815.0,3388685.0,13,240,6,3,2585.0,9.2,499,0,5,419920,3388225,518,24,5,-125.33,512,4105.0,-460.0,4130.6930411251815,19,-66.393803607899,6,9,3,-0.0832243964589854
138,334601,415815.0,3388685.0,13,240,6,3,2585.0,9.2,499,0,5,419995,3388180,518,0,7,-95.33,512,4180.0,-505.0,4210.394874593118,19,-66.88871163094944,6,9,3,-0.08164897939768313
139,334601,415815.0,3388685.0,13,240,6,3,2585.0,9.2,499,0,5,416080,3388570,502,0,5,-90.0,512,265.0,-115.0,288.87713651308576,3,-83.45902408146156,-10,9,3,1.9826044516495906
140,334601,415815.0,3388685.0,13,240,6,3,2585.0,9.2,499,0,5,419975,3388575,510,9,5,-109.0,512,4160.0,-110.0,4161.454072797152,11,-61.51467967801233,-2,9,3,0.02753642073152801
141,334601,415815.0,3388685.0,13,240,6,3,2585.0,9.2,499,0,5,419995,3388595,510,9,6,-93.0,512,4180.0,-90.0,4180.968787254935,11,-61.23345060482785,-2,9,3,0.02740789422656212
142,334601,415815.0,3388685.0,13,240,6,3,2585.0,9.2,499,0,5,416020,3388570,503,30,5,-94.33,512,205.0,-115.0,235.05318547086316,4,-89.29136217098426,-9,9,3,2.192738797787779
143,334601,415815.0,3388685.0,13,240,6,3,2585.0,9.2,499,0,5,416005,3388585,502,0,5,-104.67,512,190.0,-100.0,214.7091055358389,3,-87.75854060106002,-10,9,3,2.6666034767509976
144,334601,415815.0,3388685.0,13,240,6,3,2585.0,9.2,499,0,5,416010,3388600,501,0,5,-96.83,512,195.0,-85.0,212.72047386182646,2,-83.55226367289464,-11,9,3,2.960188503862791
145,334601,415815.0,3388685.0,13,240,6,3,2585.0,9.2,499,0,5,416015,3388595,501,0,5,-97.78,512,200.0,-90.0,219.31712199461307,2,-84.22774531795417,-11,9,3,2.871302879149072
146,334601,415815.0,3388685.0,13,240,6,3,2585.0,9.2,499,0,5,416030,3388580,502,0,5,-101.0,512,215.0,-105.0,239.26972228010797,3,-86.02959219151347,-10,9,3,2.393217741810456
147,334601,415815.0,3388685.0,13,240,6,3,2585.0,9.2,499,0,5,419970,3388485,511,0,5,-92.0,512,4155.0,-200.0,4159.810692808027,12,-62.755792554143454,-1,9,3,0.013773650447226829
148,334601,415815.0,3388685.0,13,240,6,3,2585.0,9.2,499,0,5,419990,3388505,511,0,6,-93.14,512,4175.0,-180.0,4178.878438050095,12,-62.46870834848963,-1,9,3,0.013710802855073765
149,334601,415815.0,3388685.0,13,240,6,3,2585.0,9.2,499,0,5,419995,3388510,511,0,7,-95.64,512,4180.0,-175.0,4183.661673701639,12,-62.39734674271412,-1,9,3,0.013695127113667481
150,334601,415815.0,3388685.0,13,240,6,3,2585.0,9.2,499,0,5,419980,3388515,511,0,6,-91.4,512,4165.0,-170.0,4168.467943981337,12,-62.33730585912383,-1,9,3,0.013745044746399145
151,334601,415815.0,3388685.0,13,240,6,3,2585.0,9.2,499,0,5,419985,3388520,511,0,6,-87.88,512,4170.0,-165.0,4173.263111762784,12,-62.26591713531238,-1,9,3,0.013729251399219017
152,334601,415815.0,3388685.0,13,240,6,3,2585.0,9.2,499,0,5,419975,3388490,511,0,6,-97.5,512,4160.0,-195.0,4164.56780470675,12,-62.68377515946898,-1,9,3,0.013757917051353851
153,334601,415815.0,3388685.0,13,240,6,3,2585.0,9.2,499,0,5,419990,3388100,519,0,6,-98.2,512,4175.0,-585.0,4215.785810498442,20,-67.9763401482796,7,9,3,-0.09513530953298532
154,334601,415815.0,3388685.0,13,240,6,3,2585.0,9.2,499,0,5,419975,3388115,519,0,6,-102.21,512,4160.0,-570.0,4198.8688953097835,20,-67.8020398390428,7,9,3,-0.0955186015639976
155,334601,415815.0,3388685.0,13,240,6,3,2585.0,9.2,499,0,5,419985,3388085,518,0,6,-95.88,512,4170.0,-600.0,4212.944338583172,19,-68.1878020119045,6,9,3,-0.08159956957060967
156,334601,415815.0,3388685.0,13,240,6,3,2585.0,9.2,499,0,5,419995,3388095,519,0,7,-94.06,512,4180.0,-590.0,4221.433405846881,20,-68.03412961390976,7,9,3,-0.09500803410438478
157,334601,415815.0,3388685.0,13,240,6,3,2585.0,9.2,499,0,5,419960,3388110,519,0,6,-95.8,512,4145.0,-575.0,4184.6923423353355,20,-67.8977449411982,7,9,3,-0.09584219094228254
158,334601,415815.0,3388685.0,13,240,6,3,2585.0,9.2,499,0,5,419965,3388105,519,0,7,-98.09,512,4150.0,-580.0,4190.334115556897,20,-67.95606913452596,7,9,3,-0.09571315137531514
159,334601,415815.0,3388685.0,13,240,6,3,2585.0,9.2,499,0,5,419955,3388135,519,0,6,-84.0,512,4140.0,-550.0,4176.374025395714,20,-67.56744600694128,7,9,3,-0.09603308481911284
160,334601,415815.0,3388685.0,13,240,6,3,2585.0,9.2,499,0,5,419980,3388090,519,0,7,-99.56,512,4165.0,-595.0,4207.285348059958,20,-68.13010235415598,7,9,3,-0.09532752198530685
161,334601,415815.0,3388685.0,13,240,6,3,2585.0,9.2,499,0,5,419970,3388120,519,0,6,-91.53,512,4155.0,-565.0,4193.238605183349,20,-67.74362740945165,7,9,3,-0.09564685480485742
162,334601,415815.0,3388685.0,13,240,6,3,2585.0,9.2,499,0,5,415920,3388815,492,0,5,-104.75,512,105.0,130.0,167.10774967068403,-7,-8.92754359279229,-20,9,3,6.824882412055784
163,334601,415815.0,3388685.0,13,240,6,3,2585.0,9.2,499,0,5,415850,3388805,494,0,5,-98.5,512,35.0,120.0,125.0,-5,13.73979529168804,-18,9,3,8.194263334630211
164,334601,415815.0,3388685.0,13,240,6,3,2585.0,9.2,499,0,5,419980,3388085,518,0,7,-96.58,512,4165.0,-600.0,4207.99536596703,19,-68.19749779552981,6,9,3,-0.08169553771057823
165,334601,415815.0,3388685.0,13,240,6,3,2585.0,9.2,499,0,5,419985,3388090,519,0,6,-95.68,512,4170.0,-595.0,4212.235154879177,20,-68.12048412703246,7,9,3,-0.09521550261036908
166,334601,415815.0,3388685.0,13,240,6,3,2585.0,9.2,499,0,5,419960,3388105,519,0,6,-96.17,512,4145.0,-580.0,4185.382300340078,20,-67.96554321013105,7,9,3,-0.09582639143849457
167,334601,415815.0,3388685.0,13,240,6,3,2585.0,9.2,499,0,5,419995,3388100,519,0,7,-94.92,512,4180.0,-585.0,4220.737494798746,20,-67.96692165082803,7,9,3,-0.09502369890690984
168,334601,415815.0,3388685.0,13,240,6,3,2585.0,9.2,499,0,5,419970,3388115,519,0,6,-93.26,512,4155.0,-570.0,4193.915235194912,20,-67.81131273808066,7,9,3,-0.0956314235410768
169,334601,415815.0,3388685.0,13,240,6,3,2585.0,9.2,499,0,5,419965,3388110,519,0,7,-95.17,512,4150.0,-575.0,4189.644973025757,20,-67.88834944488787,7,9,3,-0.09572889492425174
170,334601,415815.0,3388685.0,13,240,6,3,2585.0,9.2,499,0,5,419990,3388095,519,0,6,-92.75,512,4175.0,-590.0,4216.482538799372,20,-68.04362547606485,7,9,3,-0.0951195894771899
171,334601,415815.0,3388685.0,13,240,6,3,2585.0,9.2,499,0,5,419975,3388120,519,0,6,-97.56,512,4160.0,-565.0,4198.193063688234,20,-67.73443288855458,7,9,3,-0.09553397826791889
172,334601,415815.0,3388685.0,13,240,6,3,2585.0,9.2,499,0,5,419930,3388155,518,24,7,-111.5,512,4115.0,-530.0,4148.990841156437,19,-67.33912514117213,6,9,3,-0.08285736233078299
173,334601,415815.0,3388685.0,13,240,6,3,2585.0,9.2,499,0,5,419955,3388140,519,0,6,-94.0,512,4140.0,-545.0,4175.718501048652,20,-67.49943761907556,7,9,3,-0.09604816052579147
174,334601,415815.0,3388685.0,13,240,6,3,2585.0,9.2,499,0,5,418770,3388610,515,0,7,-113.2,512,2955.0,-75.0,2955.951623420113,16,-61.45389546510887,3,9,3,-0.05814955771309498
175,334601,415815.0,3388685.0,13,240,6,3,2585.0,9.2,499,0,5,418740,3388600,516,5,5,-113.13,512,2925.0,-85.0,2926.2347821048124,17,-61.66453711138294,4,9,3,-0.07832009130243014
176,334601,415815.0,3388685.0,13,240,6,3,2585.0,9.2,499,0,5,418745,3388595,516,5,5,-114.6,512,2930.0,-90.0,2931.381926668717,17,-61.75938542226197,4,9,3,-0.07818257106745907
177,334601,415815.0,3388685.0,13,240,6,3,2585.0,9.2,499,0,5,419935,3388140,518,24,5,-106.5,512,4120.0,-545.0,4155.8903979773095,19,-67.53542529986439,6,9,3,-0.0827198037742207
178,334601,415815.0,3388685.0,13,240,6,3,2585.0,9.2,499,0,5,419960,3388085,518,0,6,-95.73,512,4145.0,-600.0,4188.200687646187,19,-68.23651006140727,6,9,3,-0.08208165451883111
179,334601,415815.0,3388685.0,13,240,6,3,2585.0,9.2,499,0,5,419970,3388095,519,0,6,-94.79,512,4155.0,-590.0,4196.680235614813,20,-68.08183296413233,7,9,3,-0.09556841649245802
180,334601,415815.0,3388685.0,13,240,6,3,2585.0,9.2,499,0,5,419975,3388100,519,0,6,-101.77,512,4160.0,-585.0,4200.931444334697,20,-68.00472885729286,7,9,3,-0.09547170448025227
181,334601,415815.0,3388685.0,13,240,6,3,2585.0,9.2,499,0,5,419980,3388105,519,0,7,-100.5,512,4165.0,-580.0,4205.190245399131,20,-67.92778078551012,7,9,3,-0.09537501581185408
182,334601,415815.0,3388685.0,13,240,6,3,2585.0,9.2,499,0,5,419965,3388090,519,0,7,-95.19,512,4150.0,-595.0,4192.436642335815,20,-68.15909330100538,7,9,3,-0.0956651508670368
183,334601,415815.0,3388685.0,13,240,6,3,2585.0,9.2,499,0,5,419985,3388110,519,0,6,-95.33,512,4170.0,-575.0,4209.456615764082,20,-67.85098855234415,7,9,3,-0.09527835146117099
184,334601,415815.0,3388685.0,13,240,6,3,2585.0,9.2,499,0,5,419990,3388115,519,0,6,-105.0,512,4175.0,-570.0,4213.730532437972,20,-67.77435195991029,7,9,3,-0.09518171239460799
185,334601,415815.0,3388685.0,13,240,6,3,2585.0,9.2,499,0,5,419995,3388120,519,0,7,-103.8,512,4180.0,-565.0,4218.011972481823,20,-67.69787080889768,7,9,3,-0.09508509957109225
186,334601,415815.0,3388685.0,13,240,6,3,2585.0,9.2,499,0,5,419955,3388160,519,0,6,-95.0,512,4140.0,-525.0,4173.155281079294,20,-67.22719328831306,7,9,3,-0.09610715476033205
187,334601,415815.0,3388685.0,13,240,6,3,2585.0,9.2,499,0,5,419930,3387895,518,0,15,-107.0,512,4115.0,-790.0,4190.146178834338,19,-70.86745104766013,6,9,3,-0.08204354393499412
188,334601,415815.0,3388685.0,13,240,6,3,2585.0,9.2,499,0,5,419940,3387905,518,0,5,-100.0,512,4125.0,-780.0,4198.097783520531,19,-70.70768647479397,6,9,3,-0.08188814571112438
189,334601,415815.0,3388685.0,13,240,6,3,2585.0,9.2,499,0,5,419915,3387960,519,0,15,-113.5,512,4100.0,-725.0,4163.607210100396,20,-70.0279087674248,7,9,3,-0.09632754927925351
190,334601,415815.0,3388685.0,13,240,6,3,2585.0,9.2,499,0,5,419935,3387900,518,0,15,-98.17,512,4120.0,-785.0,4194.117904875828,19,-70.78749303706147,6,9,3,-0.08196585083180069
191,334601,415815.0,3388685.0,13,240,6,3,2585.0,9.2,499,0,5,419965,3387850,518,0,6,-93.0,512,4150.0,-835.0,4233.1696162568305,19,-71.37629308774873,6,9,3,-0.08120970290176167
192,334601,415815.0,3388685.0,13,240,6,3,2585.0,9.2,499,0,5,419975,3387860,518,0,7,-103.25,512,4160.0,-825.0,4241.016977094056,19,-71.21719950144532,6,9,3,-0.0810594368230241
193,334601,415815.0,3388685.0,13,240,6,3,2585.0,9.2,499,0,5,419950,3387915,518,0,5,-97.0,512,4135.0,-770.0,4206.081906002307,19,-70.54852720901937,6,9,3,-0.08173270316103322
194,334601,415815.0,3388685.0,13,240,6,3,2585.0,9.2,499,0,5,419980,3387865,518,0,7,-100.0,512,4165.0,-820.0,4244.952885486481,19,-71.13787359329234,6,9,3,-0.08098427884102513
195,334601,415815.0,3388685.0,13,240,6,3,2585.0,9.2,499,0,5,419945,3387910,518,0,5,-101.83,512,4130.0,-775.0,4202.085791603974,19,-70.62803123976963,6,9,3,-0.08181042951037382
196,334601,415815.0,3388685.0,13,240,6,3,2585.0,9.2,499,0,5,419970,3387855,518,0,6,-95.6,512,4155.0,-830.0,4237.089213127333,19,-71.29667263174062,6,9,3,-0.08113457848128912
197,334601,415815.0,3388685.0,13,240,6,3,2585.0,9.2,499,0,5,415620,3388490,505,5,5,-99.0,512,-195.0,-195.0,275.77164466275354,6,-195.0,-7,9,3,1.454044893085458
198,334601,415815.0,3388685.0,13,240,6,3,2585.0,9.2,499,0,5,415630,3388500,505,5,5,-95.57,512,-185.0,-185.0,261.6295090390226,6,-195.0,-7,9,3,1.5326053888997628
199,334601,415815.0,3388685.0,13,240,6,3,2585.0,9.2,499,0,5,415605,3388505,505,5,5,-99.17,512,-210.0,-180.0,276.5863337187866,6,-199.39870535499554,-7,9,3,1.4497638133229893
200,334601,415815.0,3388685.0,13,240,6,3,2585.0,9.2,499,0,5,415600,3388510,506,5,5,-115.0,512,-215.0,-175.0,277.2183255125822,7,-200.85601358542894,-6,9,3,1.2398928233912991
201,334601,415815.0,3388685.0,13,240,6,3,2585.0,9.2,499,0,5,415575,3388635,507,0,5,-100.5,512,-240.0,-50.0,245.15301344262525,8,-228.23171106797935,-5,9,3,1.1684098062782318
202,334601,415815.0,3388685.0,13,240,6,3,2585.0,9.2,499,0,5,415590,3388625,507,0,14,-113.0,512,-225.0,-60.0,232.86262044390037,8,-225.06858282186246,-5,9,3,1.2300595214916936
203,334601,415815.0,3388685.0,13,240,6,3,2585.0,9.2,499,0,5,415630,3388505,505,5,5,-102.5,512,-185.0,-180.0,258.11818998280614,6,-195.78482460299188,-7,9,3,1.5534440880326768
204,334601,415815.0,3388685.0,13,240,6,3,2585.0,9.2,499,0,5,415605,3388500,505,5,5,-96.22,512,-210.0,-185.0,279.8660393831306,6,-198.62148470411734,-7,9,3,1.432781385339457
205,334601,415815.0,3388685.0,13,240,6,3,2585.0,9.2,499,0,5,415640,3388535,506,0,5,-91.0,512,-175.0,-150.0,230.4886114323222,7,-199.39870535499554,-6,9,3,1.4911671941927838
206,334601,415815.0,3388685.0,13,240,6,3,2585.0,9.2,499,0,5,415920,3388600,502,0,14,-90.0,512,105.0,-85.0,135.09256086106296,3,-98.99099404250546,-10,9,3,4.233502721119429
207,334601,415815.0,3388685.0,13,240,6,3,2585.0,9.2,499,0,5,415770,3388750,498,6,6,-96.5,512,-45.0,65.0,79.05694150420949,-1,64.69515353123398,-14,9,3,10.042257829536542
208,334601,415815.0,3388685.0,13,240,6,3,2585.0,9.2,499,0,5,415790,3388730,497,0,5,-91.75,512,-25.0,45.0,51.478150704935004,-2,59.05460409907715,-15,9,3,16.24537058353315
209,334601,415815.0,3388685.0,13,240,6,3,2585.0,9.2,499,0,5,415825,3388775,496,0,5,-91.5,512,10.0,90.0,90.55385138137417,-3,23.65980825409008,-16,9,3,10.020195581850166
210,334601,415815.0,3388685.0,13,240,6,3,2585.0,9.2,499,0,5,415700,3388660,502,0,5,-87.0,512,-115.0,-25.0,117.6860229593982,3,-227.7352262721076,-10,9,3,4.856862048337653
211,334601,415815.0,3388685.0,13,240,6,3,2585.0,9.2,499,0,5,415705,3388655,502,0,5,-81.42,512,-110.0,-30.0,114.0175425099138,3,-224.74488129694222,-10,9,3,5.012346376969023
212,334601,415815.0,3388685.0,13,240,6,3,2585.0,9.2,499,0,5,415745,3388695,500,0,5,-73.25,512,-70.0,10.0,70.71067811865476,1,111.86989764584405,-12,9,3,9.6316519614038
213,334601,415815.0,3388685.0,13,240,6,3,2585.0,9.2,499,0,5,415785,3388735,497,0,5,-89.58,512,-30.0,50.0,58.309518948453004,-2,60.96375653207349,-15,9,3,14.42641702239966
214,334601,415815.0,3388685.0,13,240,6,3,2585.0,9.2,499,0,5,415715,3388645,502,0,10,-87.0,512,-100.0,-40.0,107.70329614269008,3,-218.19859051364818,-10,9,3,5.30457143909761
215,334601,415815.0,3388685.0,13,240,6,3,2585.0,9.2,499,0,5,415795,3388725,498,0,5,-92.83,512,-20.0,40.0,44.721359549995796,-1,56.565051177077976,-14,9,3,17.382703987116223
216,334601,415815.0,3388685.0,13,240,6,3,2585.0,9.2,499,0,5,415710,3388650,502,0,5,-84.2,512,-105.0,-35.0,110.67971810589327,3,-221.565051177078,-10,9,3,5.162701243636123
217,334601,415815.0,3388685.0,13,240,6,3,2585.0,9.2,499,0,5,415755,3388685,500,0,5,-77.39,512,-60.0,0.0,60.0,1,120.0,-12,9,3,11.309932474020213
218,334601,415815.0,3388685.0,13,240,6,3,2585.0,9.2,499,0,5,415740,3388700,500,0,5,-73.43,512,-75.0,15.0,76.48529270389177,1,108.69006752597977,-12,9,3,8.916613659613638
219,334601,415815.0,3388685.0,13,240,6,3,2585.0,9.2,499,0,5,415905,3388535,502,15,5,-108.0,512,90.0,-150.0,174.92855684535903,3,-119.03624346792648,-10,9,3,3.2718207328133353
220,334601,415815.0,3388685.0,13,240,6,3,2585.0,9.2,499,0,5,415780,3388740,497,0,5,-91.0,512,-35.0,55.0,65.19202405202648,-2,62.47119229084848,-15,9,3,12.9576345678044
221,334601,415815.0,3388685.0,13,240,6,3,2585.0,9.2,499,0,5,415750,3388690,500,0,5,-78.64,512,-65.0,5.0,65.19202405202648,1,115.60129464500449,-12,9,3,10.42977636296751
222,334601,415815.0,3388685.0,13,240,6,3,2585.0,9.2,499,0,5,415995,3388605,501,0,5,-93.0,512,180.0,-80.0,196.9771560359221,2,-83.96248897457818,-11,9,3,3.196307886561333
223,334601,415815.0,3388685.0,13,240,6,3,2585.0,9.2,499,0,5,419970,3388340,516,0,7,-91.7,512,4155.0,-345.0,4169.298502146375,17,-64.74652314342762,4,9,3,-0.05496921067613338
224,334601,415815.0,3388685.0,13,240,6,3,2585.0,9.2,499,0,5,419985,3388345,516,0,7,-96.47,512,4170.0,-340.0,4183.8379509727665,17,-64.66128729075132,4,9,3,-0.05477818474560026
225,334601,415815.0,3388685.0,13,240,6,3,2585.0,9.2,499,0,5,419975,3388335,516,0,6,-97.49,512,4160.0,-350.0,4174.697593838385,17,-64.80923211636448,4,9,3,-0.05489811962816015
226,334601,415815.0,3388685.0,13,240,6,3,2585.0,9.2,499,0,5,419960,3388330,516,0,5,-98.75,512,4145.0,-355.0,4160.174275195692,17,-64.89517184482213,4,9,3,-0.05508977082855825
227,334601,415815.0,3388685.0,13,240,6,3,2585.0,9.2,499,0,5,419980,3388350,516,0,6,-96.03,512,4165.0,-335.0,4178.450669805736,17,-64.59852462761512,4,9,3,-0.05484881027793004
228,334601,415815.0,3388685.0,13,240,6,3,2585.0,9.2,499,0,5,419990,3388360,516,0,7,-91.91,512,4175.0,-325.0,4187.630594978502,17,-64.45117400288657,4,9,3,-0.054728573390710675
229,334601,415815.0,3388685.0,13,240,6,3,2585.0,9.2,499,0,5,419965,3388325,516,0,6,-90.67,512,4150.0,-360.0,4165.585192983094,17,-64.95782520795078,4,9,3,-0.05501821160609318
230,334601,415815.0,3388685.0,13,240,6,3,2585.0,9.2,499,0,5,415850,3388695,499,0,5,-95.5,512,35.0,10.0,36.40054944640259,0,-44.05460409907715,-13,9,3,19.6535501236772
231,334601,415815.0,3388685.0,13,240,6,3,2585.0,9.2,499,0,5,419950,3388075,518,0,5,-91.67,512,4135.0,-610.0,4179.751786888786,19,-68.39181361925773,6,9,3,-0.08224757317540542
232,334601,415815.0,3388685.0,13,240,6,3,2585.0,9.2,499,0,5,419985,3388030,518,0,6,-94.38,512,4170.0,-655.0,4221.12840363806,19,-68.9267589521983,6,9,3,-0.08144136180681631
233,334601,415815.0,3388685.0,13,240,6,3,2585.0,9.2,499,0,5,419875,3388160,517,0,7,-121.0,512,4060.0,-525.0,4093.80324392856,18,-67.36805107162218,5,9,3,-0.06997863308209754
234,334601,415815.0,3388685.0,13,240,6,3,2585.0,9.2,499,0,5,419955,3388080,518,0,6,-98.4,512,4140.0,-605.0,4183.972394746409,19,-68.31408343733278,6,9,3,-0.08216460554447806
235,334601,415815.0,3388685.0,13,240,6,3,2585.0,9.2,499,0,5,419910,3388115,517,24,12,-105.6,512,4095.0,-570.0,4134.480015673072,18,-67.92432055217,5,9,3,-0.06929015422019931
236,334601,415815.0,3388685.0,13,240,6,3,2585.0,9.2,499,0,5,419940,3388065,518,0,5,-82.5,512,4125.0,-620.0,4171.3337195674,19,-68.54774515530013,6,9,3,-0.08241355477758244
237,334601,415815.0,3388685.0,13,240,6,3,2585.0,9.2,499,0,5,419915,3388120,518,24,12,-106.33,512,4100.0,-565.0,4138.746790998454,19,-67.84621989913649,6,9,3,-0.08306244706554676
238,334601,415815.0,3388685.0,13,240,6,3,2585.0,9.2,499,0,5,419980,3388025,518,0,6,-94.24,512,4165.0,-660.0,4216.968698010456,19,-69.00441247218026,6,9,3,-0.08152169715153941
239,334601,415815.0,3388685.0,13,240,6,3,2585.0,9.2,499,0,5,419965,3388010,518,0,6,-96.0,512,4150.0,-675.0,4204.536240776145,19,-69.2382929312931,6,9,3,-0.08176274957243386
240,334601,415815.0,3388685.0,13,240,6,3,2585.0,9.2,499,0,5,419990,3388035,518,0,6,-96.0,512,4175.0,-650.0,4225.29584763008,19,-68.84925847070105,6,9,3,-0.08136103563091783
241,334601,415815.0,3388685.0,13,240,6,3,2585.0,9.2,499,0,5,419975,3388020,518,0,6,-92.7,512,4160.0,-665.0,4212.816753669687,19,-69.08221919827375,6,9,3,-0.08160204080554691
242,334601,415815.0,3388685.0,13,240,6,3,2585.0,9.2,499,0,5,419970,3388015,518,0,6,-95.72,512,4155.0,-670.0,4208.672593585773,19,-69.16017929650732,6,9,3,-0.0816823919031377
243,334601,415815.0,3388685.0,13,240,6,3,2585.0,9.2,499,0,5,419960,3388005,518,0,6,-93.07,512,4145.0,-680.0,4200.4077183054505,19,-69.3165602654085,6,9,3,-0.08184311293536538
244,334601,415815.0,3388685.0,13,240,6,3,2585.0,9.2,499,0,5,419945,3388070,518,0,5,-95.67,512,4130.0,-615.0,4175.538887377293,19,-68.46970079611992,6,9,3,-0.08233055654437167
245,334601,415815.0,3388685.0,13,240,6,3,2585.0,9.2,499,0,5,419995,3388040,518,0,6,-98.14,512,4180.0,-645.0,4229.4710071118825,19,-68.77191085848185,6,9,3,-0.08128071947723903
246,334601,415815.0,3388685.0,13,240,6,3,2585.0,9.2,499,0,5,419855,3388140,516,0,5,-110.0,512,4040.0,-545.0,4076.594779960353,17,-67.68287638449408,4,9,3,-0.05621923612039587
247,334601,415815.0,3388685.0,13,240,6,3,2585.0,9.2,499,0,5,419905,3388110,517,0,5,-103.0,512,4090.0,-575.0,4130.220938400269,18,-68.0025824254092,5,9,3,-0.06936160604742331
248,334601,415815.0,3388685.0,13,240,6,3,2585.0,9.2,499,0,5,419970,3387890,518,0,6,-94.4,512,4155.0,-795.0,4230.372324039576,19,-70.83181467497465,6,9,3,-0.0812634019494918
249,334601,415815.0,3388685.0,13,240,6,3,2585.0,9.2,499,0,5,419965,3387895,518,0,6,-100.5,512,4150.0,-790.0,4224.523641784953,19,-70.77795352260867,6,9,3,-0.08137590769416686
250,334601,415815.0,3388685.0,13,240,6,3,2585.0,9.2,499,0,5,419960,3387900,518,0,5,-99.4,512,4145.0,-785.0,4218.6787031012445,19,-70.72394307418824,6,9,3,-0.08148865307804523
251,334601,415815.0,3388685.0,13,240,6,3,2585.0,9.2,499,0,5,419990,3387910,517,0,6,-98.33,512,4175.0,-775.0,4246.321937865757,18,-70.51604638454478,5,9,3,-0.06746515439906786
252,334601,415815.0,3388685.0,13,240,6,3,2585.0,9.2,499,0,5,419985,3387915,517,0,6,-100.0,512,4170.0,-770.0,4240.495254094739,18,-70.46195325360159,5,9,3,-0.06755785530605955
253,334601,415815.0,3388685.0,13,240,6,3,2585.0,9.2,499,0,5,419980,3387920,517,0,7,-95.06,512,4165.0,-765.0,4234.672360407591,18,-70.40771131249005,5,9,3,-0.06765075076769984
254,334601,415815.0,3388685.0,13,240,6,3,2585.0,9.2,499,0,5,419995,3387905,517,0,6,-98.5,512,4180.0,-780.0,4252.152396140101,18,-70.56999122082709,5,9,3,-0.06737264774168264
255,334601,415815.0,3388685.0,13,240,6,3,2585.0,9.2,499,0,5,419975,3387885,518,0,6,-97.06,512,4160.0,-800.0,4236.224734359593,19,-70.88552705465872,6,9,3,-0.08115113544675537
256,334601,415815.0,3388685.0,13,240,6,3,2585.0,9.2,499,0,5,419985,3388135,519,0,6,-102.5,512,4170.0,-550.0,4206.114596631908,20,-67.51362818053872,7,9,3,-0.0953540558858668
257,334601,415815.0,3388685.0,13,240,6,3,2585.0,9.2,499,0,5,419940,3388100,518,0,5,-110.0,512,4125.0,-585.0,4166.275314954594,19,-68.07175636667336,6,9,3,-0.08251361550282883
258,334601,415815.0,3388685.0,13,240,6,3,2585.0,9.2,499,0,5,419945,3388095,518,0,5,-96.67,512,4130.0,-590.0,4171.93000900063,19,-68.13010235415598,6,9,3,-0.08240177551378967
259,334601,415815.0,3388685.0,13,240,6,3,2585.0,9.2,499,0,5,419930,3388110,518,0,5,-103.26,512,4115.0,-575.0,4154.97894098153,19,-67.95458826203193,6,9,3,-0.08273794957955645
260,334601,415815.0,3388685.0,13,240,6,3,2585.0,9.2,499,0,5,419935,3388105,518,0,12,-102.0,512,4120.0,-580.0,4160.624953056932,19,-68.01325184414156,6,9,3,-0.08262567346248234
261,334601,415815.0,3388685.0,13,240,6,3,2585.0,9.2,499,0,5,419960,3388160,519,0,6,-83.25,512,4145.0,-525.0,4178.1156039535335,20,-67.21856733815068,7,9,3,-0.09599305508700927
262,334601,415815.0,3388685.0,13,240,6,3,2585.0,9.2,499,0,5,419965,3388155,519,0,6,-92.1,512,4150.0,-530.0,4183.706490661122,20,-67.27789532662581,7,9,3,-0.09586477522449567
263,334601,415815.0,3388685.0,13,240,6,3,2585.0,9.2,499,0,5,419975,3388145,519,0,6,-95.7,512,4160.0,-540.0,4194.9016675006815,20,-67.39607655971267,7,9,3,-0.0956089358267113
264,334601,415815.0,3388685.0,13,240,6,3,2585.0,9.2,499,0,5,419955,3388085,518,0,6,-103.33,512,4140.0,-600.0,4183.2523232528065,19,-68.24632081446853,6,9,3,-0.08217874868109269
265,334601,415815.0,3388685.0,13,240,6,3,2585.0,9.2,499,0,5,419970,3388150,519,0,6,-93.55,512,4155.0,-535.0,4189.301851144173,20,-67.3370648978266,7,9,3,-0.09573673551883764
266,334601,415815.0,3388685.0,13,240,6,3,2585.0,9.2,499,0,5,419995,3388125,519,0,7,-96.2,512,4180.0,-560.0,4217.345136457295,20,-67.63055422538275,7,9,3,-0.0951001341606961
267,334601,415815.0,3388685.0,13,240,6,3,2585.0,9.2,499,0,5,419990,3388130,519,0,6,-91.5,512,4175.0,-555.0,4211.727674007426,20,-67.57216914854965,7,9,3,-0.09522697532680056
268,334601,415815.0,3388685.0,13,240,6,3,2585.0,9.2,499,0,5,419980,3388140,519,0,7,-99.67,512,4165.0,-545.0,4200.505921909884,20,-67.45493081887608,7,9,3,-0.09548137600000173
269,334601,415815.0,3388685.0,13,240,6,3,2585.0,9.2,499,0,5,419950,3388090,518,0,5,-92.33,512,4135.0,-595.0,4177.589017603335,19,-68.18829032959442,6,9,3,-0.08229015330470013
270,334601,415815.0,3388685.0,13,240,6,3,2585.0,9.2,499,0,5,419925,3388115,518,24,12,-106.44,512,4110.0,-570.0,4149.337296484826,19,-67.89576509429378,6,9,3,-0.082850444036943
271,334601,415815.0,3388685.0,13,240,6,3,2585.0,9.2,499,0,5,419955,3388130,519,0,6,-90.25,512,4140.0,-555.0,4177.035431978044,20,-67.63543295319056,7,9,3,-0.09601787862885537
272,334601,415815.0,3388685.0,13,240,6,3,2585.0,9.2,499,0,5,419990,3388085,518,0,6,-95.77,512,4175.0,-600.0,4217.8934315603565,19,-68.17812898122563,6,9,3,-0.08150382430863437
273,334601,415815.0,3388685.0,13,240,6,3,2585.0,9.2,499,0,5,419965,3388120,519,0,7,-92.1,512,4150.0,-565.0,4188.2842549187135,20,-67.7528436831106,7,9,3,-0.0957599959169802
274,334601,415815.0,3388685.0,13,240,6,3,2585.0,9.2,499,0,5,419970,3388105,519,0,6,-97.27,512,4155.0,-580.0,4195.286045074877,20,-67.94661742421997,7,9,3,-0.09560017602768493
275,334601,415815.0,3388685.0,13,240,6,3,2585.0,9.2,499,0,5,419975,3388110,519,0,6,-97.64,512,4160.0,-575.0,4199.550571192112,20,-67.86962493552937,7,9,3,-0.09550309690337219
276,334601,415815.0,3388685.0,13,240,6,3,2585.0,9.2,499,0,5,419980,3388095,519,0,7,-97.64,512,4165.0,-590.0,4206.58115338335,20,-68.06268425506516,7,9,3,-0.09534348007743788
277,334601,415815.0,3388685.0,13,240,6,3,2585.0,9.2,499,0,5,419960,3388115,519,0,6,-96.75,512,4145.0,-570.0,4184.008245689772,20,-67.82992440687656,7,9,3,-0.09585786137004945
278,334601,415815.0,3388685.0,13,240,6,3,2585.0,9.2,499,0,5,419995,3388090,519,0,7,-97.25,512,4180.0,-595.0,4222.135123370639,20,-68.10131532952428,7,9,3,-0.09499224382806692
279,334601,415815.0,3388685.0,13,240,6,3,2585.0,9.2,499,0,5,419985,3388100,519,0,6,-95.4,512,4170.0,-585.0,4210.834240385152,20,-67.98578079663332,7,9,3,-0.09524718007007008
280,334601,415815.0,3388685.0,13,240,6,3,2585.0,9.2,499,0,5,415800,3388680,500,0,5,-91.67,512,-15.0,-5.0,15.811388300841896,1,-221.565051177078,-12,9,3,37.19655824341982
281,334601,415815.0,3388685.0,13,240,6,3,2585.0,9.2,499,0,5,415890,3388590,502,0,5,-92.0,512,75.0,-95.0,121.03718436910205,3,-111.70983680775691,-10,9,3,4.723006844495263
282,334601,415815.0,3388685.0,13,240,6,3,2585.0,9.2,499,0,5,415875,3388605,502,6,14,-86.0,512,60.0,-80.0,100.0,3,-113.13010235415598,-10,9,3,5.710593137499642
283,334601,415815.0,3388685.0,13,240,6,3,2585.0,9.2,499,0,5,415805,3388675,500,6,5,-91.6,512,-10.0,-10.0,14.142135623730951,1,-195.0,-12,9,3,40.315542210772584
284,334601,415815.0,3388685.0,13,240,6,3,2585.0,9.2,499,0,5,415730,3388750,499,0,5,-94.0,512,-85.0,65.0,107.00467279516349,0,82.59464336859145,-13,9,3,6.9269185599084295
285,334601,415815.0,3388685.0,13,240,6,3,2585.0,9.2,499,0,5,415760,3388720,499,0,5,-78.8,512,-55.0,35.0,65.19202405202648,0,87.52880770915152,-13,9,3,11.2774738869726
286,334601,415815.0,3388685.0,13,240,6,3,2585.0,9.2,499,0,5,415775,3388705,499,0,5,-82.0,512,-40.0,20.0,44.721359549995796,0,93.43494882292202,-13,9,3,16.208558038649095
287,334601,415815.0,3388685.0,13,240,6,3,2585.0,9.2,499,0,5,415780,3388700,499,0,5,-84.18,512,-35.0,15.0,38.07886552931954,0,96.80140948635182,-13,9,3,18.849736682275562
288,334601,415815.0,3388685.0,13,240,6,3,2585.0,9.2,499,0,5,415765,3388715,499,0,5,-78.5,512,-50.0,30.0,58.309518948453004,0,89.03624346792651,-13,9,3,12.568437493200996
289,334601,415815.0,3388685.0,13,240,6,3,2585.0,9.2,499,0,5,415795,3388685,499,0,5,-95.6,512,-20.0,0.0,20.0,0,120.0,-13,9,3,33.02386755579665
290,334601,415815.0,3388685.0,13,240,6,3,2585.0,9.2,499,0,5,415790,3388690,499,0,5,-95.33,512,-25.0,5.0,25.495097567963924,0,108.69006752597977,-13,9,3,27.01712321785024
291,334601,415815.0,3388685.0,13,240,6,3,2585.0,9.2,499,0,5,415770,3388710,499,0,5,-83.38,512,-45.0,25.0,51.478150704935004,0,90.94539590092285,-13,9,3,14.17282631024725
292,334601,415815.0,3388685.0,13,240,6,3,2585.0,9.2,499,0,5,415935,3388545,502,0,12,-109.0,512,120.0,-140.0,184.39088914585776,3,-109.39870535499554,-10,9,3,3.104258912424813
293,334601,415815.0,3388685.0,13,240,6,3,2585.0,9.2,499,0,5,419925,3388100,518,0,5,-103.86,512,4110.0,-585.0,4151.4244543289,19,-68.1008250038615,6,9,3,-0.08280879045148262
294,334601,415815.0,3388685.0,13,240,6,3,2585.0,9.2,499,0,5,419955,3388110,519,0,6,-96.43,512,4140.0,-575.0,4179.739824438837,20,-67.90716270295846,7,9,3,-0.09595575286211566
295,334601,415815.0,3388685.0,13,240,6,3,2585.0,9.2,499,0,5,419940,3388115,518,0,5,-102.75,512,4125.0,-570.0,4164.195600593229,19,-67.86741340739385,6,9,3,-0.08255482502567081
296,334601,415815.0,3388685.0,13,240,6,3,2585.0,9.2,499,0,5,419960,3388135,519,0,6,-93.64,512,4145.0,-550.0,4181.330529867258,20,-67.558423204621,7,9,3,-0.09591924844070468
297,334601,415815.0,3388685.0,13,240,6,3,2585.0,9.2,499,0,5,419965,3388140,519,0,6,-93.93,512,4150.0,-545.0,4185.633165961872,20,-67.48157164232902,7,9,3,-0.09582064810134716
298,334601,415815.0,3388685.0,13,240,6,3,2585.0,9.2,499,0,5,419980,3388155,518,0,7,-97.0,512,4165.0,-530.0,4198.586071524555,19,-67.25196395397361,6,9,3,-0.08187862228011682
299,334601,415815.0,3388685.0,13,240,6,3,2585.0,9.2,499,0,5,419995,3388150,518,0,7,-96.0,512,4180.0,-535.0,4214.098361452898,19,-67.29365686121372,6,9,3,-0.08157722371294653
300,334601,415815.0,3388685.0,13,240,6,3,2585.0,9.2,499,0,5,419950,3388105,518,0,5,-99.4,512,4135.0,-580.0,4175.479014436547,19,-67.98455877343866,6,9,3,-0.08233173709532904
301,334601,415815.0,3388685.0,13,240,6,3,2585.0,9.2,499,0,5,419975,3388130,519,0,6,-98.38,512,4160.0,-555.0,4196.858944496467,20,-67.59915413692673,7,9,3,-0.09556434704590688
302,334601,415815.0,3388685.0,13,240,6,3,2585.0,9.2,499,0,5,419970,3388125,519,0,6,-91.09,512,4155.0,-560.0,4192.5678289086745,20,-67.67592032812038,7,9,3,-0.09566215748434796
303,334601,415815.0,3388685.0,13,240,6,3,2585.0,9.2,499,0,5,419920,3388095,518,0,5,-102.0,512,4105.0,-590.0,4147.182778706529,19,-68.17894784915393,6,9,3,-0.08289348590780357
304,334601,415815.0,3388685.0,13,240,6,3,2585.0,9.2,499,0,5,415935,3388670,500,0,5,-92.67,512,120.0,-15.0,120.93386622447825,1,-67.1250163489018,-12,9,3,5.666783353597028
305,334601,415815.0,3388685.0,13,240,6,3,2585.0,9.2,499,0,5,415945,3388660,501,0,5,-93.5,512,130.0,-25.0,132.38202294873727,2,-70.88552705465872,-11,9,3,4.749957946418072
306,334601,415815.0,3388685.0,13,240,6,3,2585.0,9.2,499,0,5,415690,3388585,505,0,5,-95.5,512,-125.0,-100.0,160.0781059358212,6,-201.34019174590992,-7,9,3,2.503872128505894
307,334601,415815.0,3388685.0,13,240,6,3,2585.0,9.2,499,0,5,415730,3388625,503,0,10,-89.0,512,-85.0,-60.0,104.04326023342406,4,-204.78240703180728,-9,9,3,4.943920254294101
308,334601,415815.0,3388685.0,13,240,6,3,2585.0,9.2,499,0,5,415720,3388635,502,0,10,-85.17,512,-95.0,-50.0,107.35455276791944,3,-212.24145939893998,-10,9,3,5.321704667051092
309,334601,415815.0,3388685.0,13,240,6,3,2585.0,9.2,499,0,5,415855,3388750,496,0,5,-93.0,512,40.0,65.0,76.32168761236873,-3,-1.6075022462488846,-16,9,3,11.839965902490503
310,334601,415815.0,3388685.0,13,240,6,3,2585.0,9.2,499,0,5,415685,3388600,505,0,5,-92.0,512,-130.0,-85.0,155.32224567009067,6,-206.82148834060726,-7,9,3,2.5804368770030455
311,334601,415815.0,3388685.0,13,240,6,3,2585.0,9.2,499,0,5,415725,3388640,502,0,10,-84.8,512,-90.0,-45.0,100.62305898749054,3,-213.434948822922,-10,9,3,5.675464647712456
312,334601,415815.0,3388685.0,13,240,6,3,2585.0,9.2,499,0,5,415875,3388730,497,0,5,-100.5,512,60.0,45.0,75.0,-2,-23.13010235415598,-15,9,3,11.309932474020213
313,334601,415815.0,3388685.0,13,240,6,3,2585.0,9.2,499,0,5,415955,3388650,501,0,5,-91.0,512,140.0,-35.0,144.30869689661813,2,-74.03624346792648,-11,9,3,4.358969118707916
314,334601,415815.0,3388685.0,13,240,6,3,2585.0,9.2,499,0,5,415680,3388595,505,0,5,-93.0,512,-135.0,-90.0,162.24980739587951,6,-206.30993247402023,-7,9,3,2.4703997902927974
315,334601,415815.0,3388685.0,13,240,6,3,2585.0,9.2,499,0,5,415925,3388680,500,0,5,-94.75,512,110.0,-5.0,110.11357772772621,1,-62.6025622024998,-12,9,3,6.219457723984556
316,334601,415815.0,3388685.0,13,240,6,3,2585.0,9.2,499,0,5,419965,3387925,517,0,6,-97.0,512,4150.0,-760.0,4219.016473065731,18,-70.37772636948108,5,9,3,-0.06790178831389475
317,334601,415815.0,3388685.0,13,240,6,3,2585.0,9.2,499,0,5,419950,3388000,518,0,6,-93.5,512,4135.0,-685.0,4191.354196438187,19,-69.40613887683429,6,9,3,-0.08201989766095218
318,334601,415815.0,3388685.0,13,240,6,3,2585.0,9.2,499,0,5,419990,3387960,517,0,6,-93.0,512,4175.0,-725.0,4237.481563381722,18,-69.85132734280808,5,9,3,-0.06760590230972739
319,334601,415815.0,3388685.0,13,240,6,3,2585.0,9.2,499,0,5,419970,3387940,517,0,6,-91.05,512,4155.0,-745.0,4221.261659741078,18,-70.16523418773434,5,9,3,-0.06786567303367463
320,334601,415815.0,3388685.0,13,240,6,3,2585.0,9.2,499,0,5,419955,3387995,518,0,6,-96.33,512,4140.0,-690.0,4197.106145905772,19,-69.46232220802563,6,9,3,-0.0819074931500614
321,334601,415815.0,3388685.0,13,240,6,3,2585.0,9.2,499,0,5,419985,3387945,517,0,6,-98.83,512,4170.0,-740.0,4235.150528611704,18,-70.06283827962949,5,9,3,-0.06764311269020462
322,334601,415815.0,3388685.0,13,240,6,3,2585.0,9.2,499,0,5,419975,3387935,517,0,6,-96.43,512,4160.0,-750.0,4227.067541452348,18,-70.21998185528852,5,9,3,-0.0677724595474347
323,334601,415815.0,3388685.0,13,240,6,3,2585.0,9.2,499,0,5,419980,3387950,517,0,6,-93.71,512,4165.0,-735.0,4229.3557428998565,18,-70.00797980144134,5,9,3,-0.06773579275822793
324,334601,415815.0,3388685.0,13,240,6,3,2585.0,9.2,499,0,5,419945,3387985,518,0,5,-100.33,512,4130.0,-700.0,4188.90200410561,19,-69.61972779969886,6,9,3,-0.08206791222155792
325,334601,415815.0,3388685.0,13,240,6,3,2585.0,9.2,499,0,5,415625,3388525,506,0,5,-111.25,512,-190.0,-160.0,248.39484696748443,7,-199.89909245378777,-6,9,3,1.3837156612482744
326,334601,415815.0,3388685.0,13,240,6,3,2585.0,9.2,499,0,5,415640,3388510,506,0,5,-99.5,512,-175.0,-175.0,247.48737341529164,7,-195.0,-6,9,3,1.3887874128839524
327,334601,415815.0,3388685.0,13,240,6,3,2585.0,9.2,499,0,5,415635,3388535,507,0,5,-99.5,512,-180.0,-150.0,234.30749027719963,8,-200.19442890773482,-5,9,3,1.2224766017795048
328,334601,415815.0,3388685.0,13,240,6,3,2585.0,9.2,499,0,5,415645,3388505,505,0,5,-97.53,512,-170.0,-180.0,247.58836806279893,6,-193.36342295838327,-7,9,3,1.6194769005820897
329,334601,415815.0,3388685.0,13,240,6,3,2585.0,9.2,499,0,5,415610,3388560,508,0,14,-91.5,512,-205.0,-125.0,240.10414407085938,9,-208.62699485989154,-4,9,3,0.9544271724868664
330,334601,415815.0,3388685.0,13,240,6,3,2585.0,9.2,499,0,5,418705,3388610,515,99,5,-112.0,512,2890.0,-75.0,2890.973019590463,16,-61.48658102398892,3,9,3,-0.059456548254050175
331,334601,415815.0,3388685.0,13,240,6,3,2585.0,9.2,499,0,5,419980,3388425,514,0,6,-93.79,512,4165.0,-260.0,4173.107355436713,15,-63.57205217922706,2,9,3,-0.027459526077945016
332,334601,415815.0,3388685.0,13,240,6,3,2585.0,9.2,499,0,5,419985,3388430,514,0,6,-94.0,512,4170.0,-255.0,4177.789487276735,15,-63.49934121258883,2,9,3,-0.027428751645174103
333,334601,415815.0,3388685.0,13,240,6,3,2585.0,9.2,499,0,5,419970,3388415,513,0,6,-94.88,512,4155.0,-270.0,4163.763321803966,14,-63.71796410330316,1,9,3,-0.013760575225645895
334,334601,415815.0,3388685.0,13,240,6,3,2585.0,9.2,499,0,5,419960,3388405,513,0,5,-105.33,512,4145.0,-280.0,4154.446413181906,14,-63.86453143598118,1,9,3,-0.013791435177674873
335,334601,415815.0,3388685.0,13,240,6,3,2585.0,9.2,499,0,5,419995,3388440,514,0,6,-93.5,512,4180.0,-245.0,4187.173867897057,15,-63.35440769827983,2,9,3,-0.027367277769403734
336,334601,415815.0,3388685.0,13,240,6,3,2585.0,9.2,499,0,5,419975,3388420,514,0,7,-94.28,512,4160.0,-265.0,4168.431959382328,15,-63.64492637157505,2,9,3,-0.027490325222908646
337,334601,415815.0,3388685.0,13,240,6,3,2585.0,9.2,499,0,5,419990,3388435,514,0,6,-96.0,512,4175.0,-250.0,4182.4783322809935,15,-63.42679315729049,2,9,3,-0.02739800213847239
338,334601,415815.0,3388685.0,13,240,6,3,2585.0,9.2,499,0,5,419880,3388260,517,24,5,-110.0,512,4065.0,-425.0,4087.1567134133725,18,-65.96864907266286,5,9,3,-0.07009243215786826
339,334601,415815.0,3388685.0,13,240,6,3,2585.0,9.2,499,0,5,419890,3388250,517,0,12,-109.0,512,4075.0,-435.0,4098.152022558461,18,-66.09316216038951,5,9,3,-0.06990437490908125
340,334601,415815.0,3388685.0,13,240,6,3,2585.0,9.2,499,0,5,419980,3388200,518,0,6,-94.5,512,4165.0,-485.0,4193.143212436227,19,-66.64198394837857,6,9,3,-0.08198490369549381
341,334601,415815.0,3388685.0,13,240,6,3,2585.0,9.2,499,0,5,419970,3388170,518,0,6,-91.77,512,4155.0,-515.0,4186.794716725433,19,-67.06560732611143,6,9,3,-0.08210921838790303
342,334601,415815.0,3388685.0,13,240,6,3,2585.0,9.2,499,0,5,419975,3388165,518,0,6,-91.21,512,4160.0,-520.0,4192.374029115246,19,-67.1250163489018,6,9,3,-0.08199994561063656
343,334601,415815.0,3388685.0,13,240,6,3,2585.0,9.2,499,0,5,419965,3388175,518,0,7,-90.12,512,4150.0,-510.0,4181.219917679528,19,-67.00603981964599,6,9,3,-0.0822186940369659
344,334601,415815.0,3388685.0,13,240,6,3,2585.0,9.2,499,0,5,419960,3388180,518,0,6,-90.5,512,4145.0,-505.0,4175.649650054468,19,-66.94631332377128,6,9,3,-0.08232837265897223
345,334601,415815.0,3388685.0,13,240,6,3,2585.0,9.2,499,0,5,419995,3388185,518,0,7,-95.67,512,4180.0,-500.0,4209.798094920943,19,-66.82115236478435,6,9,3,-0.08166055391600403
346,334601,415815.0,3388685.0,13,240,6,3,2585.0,9.2,499,0,5,419960,3387905,518,0,5,-105.0,512,4145.0,-780.0,4217.751178056857,19,-70.65720712160976,6,9,3,-0.08150657321164582
347,334601,415815.0,3388685.0,13,240,6,3,2585.0,9.2,499,0,5,419970,3387915,517,0,6,-88.0,512,4155.0,-770.0,4225.745496359193,18,-70.4988837145155,5,9,3,-0.06779366247223462
348,334601,415815.0,3388685.0,13,240,6,3,2585.0,9.2,499,0,5,419995,3387900,517,0,6,-99.8,512,4180.0,-785.0,4253.072418852047,18,-70.63620637832005,5,9,3,-0.06735807373426773
349,334601,415815.0,3388685.0,13,240,6,3,2585.0,9.2,499,0,5,419990,3387895,517,0,6,-95.4,512,4175.0,-790.0,4249.085195662708,18,-70.71491345994909,5,9,3,-0.06742128061608064
350,334601,415815.0,3388685.0,13,240,6,3,2585.0,9.2,499,0,5,419975,3387920,517,0,6,-94.5,512,4160.0,-765.0,4229.754721021067,18,-70.419946737992,5,9,3,-0.06772940348132213
351,334601,415815.0,3388685.0,13,240,6,3,2585.0,9.2,499,0,5,419965,3387910,517,0,6,-98.0,512,4150.0,-775.0,4221.744307747687,18,-70.5779704675673,5,9,3,-0.06785791434466185
352,334601,415815.0,3388685.0,13,240,6,3,2585.0,9.2,499,0,5,419980,3387885,517,0,7,-98.71,512,4165.0,-800.0,4241.134871705921,18,-70.87277084783568,5,9,3,-0.06754766672321726
353,334601,415815.0,3388685.0,13,240,6,3,2585.0,9.2,499,0,5,419990,3388570,510,0,6,-91.25,512,4175.0,-115.0,4176.583532027104,11,-61.57780814177423,-2,9,3,0.02743667147767062
354,334601,415815.0,3388685.0,13,240,6,3,2585.0,9.2,499,0,5,419995,3388565,510,0,6,-92.69,512,4180.0,-120.0,4181.722133284325,11,-61.644403264695086,-2,9,3,0.027402956637577858
355,334601,415815.0,3388685.0,13,240,6,3,2585.0,9.2,499,0,5,419955,3388030,518,0,6,-97.0,512,4140.0,-655.0,4191.494363589196,19,-68.99039274750936,6,9,3,-0.08201715484927721
356,334601,415815.0,3388685.0,13,240,6,3,2585.0,9.2,499,0,5,419870,3388105,517,0,5,-116.17,512,4055.0,-580.0,4096.269644444808,18,-68.13999287356629,5,9,3,-0.06993649836435326
357,334601,415815.0,3388685.0,13,240,6,3,2585.0,9.2,499,0,5,419985,3388080,518,0,6,-96.47,512,4170.0,-605.0,4213.659336016617,19,-68.25509714389165,6,9,3,-0.08158572331506572
358,334601,415815.0,3388685.0,13,240,6,3,2585.0,9.2,499,0,5,419890,3388125,517,0,12,-108.5,512,4075.0,-560.0,4113.2985546881955,18,-67.82476414708657,5,9,3,-0.06964696402544071
359,334601,415815.0,3388685.0,13,240,6,3,2585.0,9.2,499,0,5,419990,3388065,518,0,6,-96.53,512,4175.0,-620.0,4220.784879616586,19,-68.4468625251344,6,9,3,-0.08144799020111541
360,334601,415815.0,3388685.0,13,240,6,3,2585.0,9.2,499,0,5,419995,3388070,518,0,7,-97.5,512,4180.0,-615.0,4225.0,19,-68.36983225023684,6,9,3,-0.08136673277581982
361,334601,415815.0,3388685.0,13,240,6,3,2585.0,9.2,499,0,5,419960,3388055,518,0,6,-91.71,512,4145.0,-630.0,4192.603606352502,19,-68.64226215065213,6,9,3,-0.08199545549016915
362,334601,415815.0,3388685.0,13,240,6,3,2585.0,9.2,499,0,5,419970,3388045,518,0,6,-95.69,512,4155.0,-640.0,4204.001070408998,19,-68.75652409977167,6,9,3,-0.08177315797637062
363,334601,415815.0,3388685.0,13,240,6,3,2585.0,9.2,499,0,5,419965,3388060,518,0,7,-94.63,512,4150.0,-625.0,4196.799375714784,19,-68.56451864257559,6,9,3,-0.08191348027044304
364,334601,415815.0,3388685.0,13,240,6,3,2585.0,9.2,499,0,5,419975,3388050,518,0,6,-93.36,512,4160.0,-635.0,4208.185475950412,19,-68.6788772768941,6,9,3,-0.08169184701862651
365,334601,415815.0,3388685.0,13,240,6,3,2585.0,9.2,499,0,5,419980,3388075,518,0,7,-95.84,512,4165.0,-610.0,4209.432859661738,19,-68.3322200055608,6,9,3,-0.08166763925841844
366,334601,415815.0,3388685.0,13,240,6,3,2585.0,9.2,499,0,5,419885,3388140,517,0,7,-114.5,512,4070.0,-545.0,4106.327434581904,18,-67.62691488566412,5,9,3,-0.06976520030335738
367,334601,415815.0,3388685.0,13,240,6,3,2585.0,9.2,499,0,5,419875,3388110,517,0,5,-118.0,512,4060.0,-575.0,4100.515211531351,18,-68.06094038454196,5,9,3,-0.06986408799984534
368,334601,415815.0,3388685.0,13,240,6,3,2585.0,9.2,499,0,5,415795,3388815,496,0,5,-98.0,512,-20.0,130.0,131.52946437965906,-3,38.74616226255523,-16,9,3,6.935711054014992
369,334601,415815.0,3388685.0,13,240,6,3,2585.0,9.2,499,0,5,416000,3388635,500,0,5,-97.29,512,185.0,-50.0,191.637678967368,1,-75.12400730831058,-12,9,3,3.583078396370689
370,334601,415815.0,3388685.0,13,240,6,3,2585.0,9.2,499,0,5,416010,3388625,500,0,12,-98.71,512,195.0,-60.0,204.02205763103166,1,-77.10272896905238,-12,9,3,3.366097539004555
371,334601,415815.0,3388685.0,13,240,6,3,2585.0,9.2,499,0,5,416075,3388570,502,0,6,-101.0,512,260.0,-115.0,284.29737951659,3,-83.86017519134234,-10,9,3,2.014516193383353
372,334601,415815.0,3388685.0,13,240,6,3,2585.0,9.2,499,0,5,416060,3388575,502,0,6,-99.27,512,245.0,-110.0,268.5609800399157,3,-84.17910714668918,-10,9,3,2.1324513210815095
373,334601,415815.0,3388685.0,13,240,6,3,2585.0,9.2,499,0,5,416045,3388600,500,0,5,-99.5,512,230.0,-85.0,245.20399670478457,1,-80.2825590889166,-12,9,3,2.801753865594876
374,334601,415815.0,3388685.0,13,240,6,3,2585.0,9.2,499,0,5,416050,3388585,501,0,5,-92.33,512,235.0,-100.0,255.3918557824427,2,-83.05130091647302,-11,9,3,2.4662661014986695
375,334601,415815.0,3388685.0,13,240,6,3,2585.0,9.2,499,0,5,416070,3388565,503,0,6,-101.71,512,255.0,-120.0,281.82441342083905,4,-85.20112364547506,-9,9,3,1.8291063597949215
376,334601,415815.0,3388685.0,13,240,6,3,2585.0,9.2,499,0,5,416040,3388595,501,0,5,-97.14,512,225.0,-90.0,242.33241632105268,2,-81.80140948635182,-11,9,3,2.598997070384574
377,334601,415815.0,3388685.0,13,240,6,3,2585.0,9.2,499,0,5,416035,3388610,500,0,12,-109.83,512,220.0,-75.0,232.43278598338918,1,-78.82471001824007,-12,9,3,2.955432703555193
378,334601,415815.0,3388685.0,13,240,6,3,2585.0,9.2,499,0,5,416020,3388615,500,0,12,-96.0,512,205.0,-70.0,216.6217902243447,1,-78.8531587644191,-12,9,3,3.1707213997460175
379,334601,415815.0,3388685.0,13,240,6,3,2585.0,9.2,499,0,5,416065,3388580,501,0,6,-98.0,512,250.0,-105.0,271.15493725912495,2,-82.78240573048168,-11,9,3,2.3230562797721914
380,334601,415815.0,3388685.0,13,240,6,3,2585.0,9.2,499,0,5,416030,3388605,500,0,12,-97.33,512,215.0,-80.0,229.40139493908924,1,-80.40988283380398,-12,9,3,2.9944162220299586
381,334601,415815.0,3388685.0,13,240,6,3,2585.0,9.2,499,0,5,416040,3388580,502,0,5,-105.0,512,225.0,-105.0,248.29418035870273,3,-85.01689347810003,-10,9,3,2.306329954292835
382,334601,415815.0,3388685.0,13,240,6,3,2585.0,9.2,499,0,5,416000,3388620,501,0,5,-98.17,512,185.0,-65.0,196.08671551127577,2,-79.3589941756947,-11,9,3,3.210792196010105
383,334601,415815.0,3388685.0,13,240,6,3,2585.0,9.2,499,0,5,416010,3388610,501,0,12,-94.8,512,195.0,-75.0,208.92582415776178,2,-81.03751102542182,-11,9,3,3.013855175558185
384,334601,415815.0,3388685.0,13,240,6,3,2585.0,9.2,499,0,5,416015,3388605,501,0,5,-99.29,512,200.0,-80.0,215.40659228538016,2,-81.80140948635182,-11,9,3,2.9233394105286745
385,334601,415815.0,3388685.0,13,240,6,3,2585.0,9.2,499,0,5,416005,3388615,501,0,12,-96.25,512,190.0,-70.0,202.48456731316588,2,-80.22485943116808,-11,9,3,3.1095439667534506
386,334601,415815.0,3388685.0,13,240,6,3,2585.0,9.2,499,0,5,415615,3388560,508,0,14,-90.5,512,-200.0,-125.0,235.8495283014151,9,-207.9946167919165,-4,9,3,0.971641323104007
387,334601,415815.0,3388685.0,13,240,6,3,2585.0,9.2,499,0,5,415630,3388535,507,0,5,-105.0,512,-185.0,-150.0,238.17010727629108,8,-200.96448710125313,-5,9,3,1.2026564796087835
388,334601,415815.0,3388685.0,13,240,6,3,2585.0,9.2,499,0,5,415625,3388530,506,0,5,-106.67,512,-190.0,-155.0,245.20399670478457,7,-200.79279649503218,-6,9,3,1.401714875540828
389,334601,415815.0,3388685.0,13,240,6,3,2585.0,9.2,499,0,5,415640,3388505,505,0,5,-97.17,512,-175.0,-180.0,251.04780421266383,6,-194.19307054489764,-7,9,3,1.5971721653762379
390,334601,415815.0,3388685.0,13,240,6,3,2585.0,9.2,499,0,5,415645,3388510,506,0,5,-99.25,512,-170.0,-175.0,243.97745797511703,7,-194.169684513742,-6,9,3,1.4087588315730601
391,334601,415815.0,3388685.0,13,240,6,3,2585.0,9.2,499,0,5,415510,3388535,506,0,14,-93.5,512,-305.0,-150.0,339.8896879871468,7,-213.81188930251915,-6,9,3,1.0113251057099186
392,334601,415815.0,3388685.0,13,240,6,3,2585.0,9.2,499,0,5,415530,3388525,506,5,5,-100.5,512,-285.0,-160.0,326.84093990808435,7,-210.68999292908387,-6,9,3,1.0516922012680725
393,334601,415815.0,3388685.0,13,240,6,3,2585.0,9.2,499,0,5,415615,3388610,508,0,5,-94.5,512,-200.0,-75.0,213.60009363293827,9,-219.44395478041653,-4,9,3,1.0728288056200208
394,334601,415815.0,3388685.0,13,240,6,3,2585.0,9.2,499,0,5,415550,3388545,506,5,14,-109.0,512,-265.0,-140.0,299.7081914129142,7,-212.15242174021185,-6,9,3,1.1468781035799203
395,334601,415815.0,3388685.0,13,240,6,3,2585.0,9.2,499,0,5,415675,3388590,506,0,5,-93.5,512,-140.0,-95.0,169.1892431568863,7,-205.84030545433058,-6,9,3,2.0310432517328483
396,334601,415815.0,3388685.0,13,240,6,3,2585.0,9.2,499,0,5,415670,3388585,506,0,5,-95.5,512,-145.0,-100.0,176.13914953808538,7,-205.40771131249005,-6,9,3,1.9509677640603778
397,334601,415815.0,3388685.0,13,240,6,3,2585.0,9.2,499,0,5,415590,3388505,506,0,14,-112.57,512,-225.0,-180.0,288.1405906844782,7,-201.34019174590992,-6,9,3,1.1929072602645374
398,334601,415815.0,3388685.0,13,240,6,3,2585.0,9.2,499,0,5,415665,3388600,506,0,5,-92.45,512,-150.0,-85.0,172.40939649566667,7,-210.46121774044192,-6,9,3,1.9931396013438825
399,334601,415815.0,3388685.0,13,240,6,3,2585.0,9.2,499,0,5,415660,3388595,506,0,6,-89.11,512,-155.0,-90.0,179.2344832893492,7,-209.85861444792468,-6,9,3,1.9173004165142427
400,334601,415815.0,3388685.0,13,240,6,3,2585.0,9.2,499,0,5,415920,3388820,492,0,5,-105.0,512,105.0,135.0,171.0263137648707,-7,-7.874983651098205,-20,9,3,6.669935543365446
401,334601,415815.0,3388685.0,13,240,6,3,2585.0,9.2,499,0,5,419805,3388290,515,27,5,-123.0,512,3990.0,-395.0,4009.5043334556954,16,-65.65371683950423,3,9,3,-0.042869964007458516
402,334601,415815.0,3388685.0,13,240,6,3,2585.0,9.2,499,0,5,419790,3388275,515,0,6,-115.5,512,3975.0,-410.0,3996.0887127289852,16,-65.88892852870865,3,9,3,-0.043013886478480326
403,334601,415815.0,3388685.0,13,240,6,3,2585.0,9.2,499,0,5,419795,3388280,515,0,6,-124.5,512,3980.0,-405.0,4000.553086761879,16,-65.81034939948964,3,9,3,-0.04296588561418677
404,334601,415815.0,3388685.0,13,240,6,3,2585.0,9.2,499,0,5,415605,3388570,508,0,14,-90.0,512,-210.0,-115.0,239.42639787625757,9,-211.29404745659892,-4,9,3,0.9571283751336088
405,334601,415815.0,3388685.0,13,240,6,3,2585.0,9.2,499,0,5,415655,3388620,507,0,6,-94.5,512,-160.0,-65.0,172.69916039170545,8,-217.89055165624833,-5,9,3,1.6583687653811816
406,334601,415815.0,3388685.0,13,240,6,3,2585.0,9.2,499,0,5,415580,3388545,507,5,5,-93.0,512,-235.0,-140.0,273.5415873317986,8,-209.21585347367358,-5,9,3,1.0471789731109935
407,334601,415815.0,3388685.0,13,240,6,3,2585.0,9.2,499,0,5,415635,3388600,508,0,6,-83.5,512,-180.0,-85.0,199.06029237394384,9,-214.72227776444706,-4,9,3,1.151170210048227
408,334601,415815.0,3388685.0,13,240,6,3,2585.0,9.2,499,0,5,415630,3388595,508,0,6,-81.0,512,-185.0,-90.0,205.73040611440985,9,-214.05770451012833,-4,9,3,1.113856963490478
409,334601,415815.0,3388685.0,13,240,6,3,2585.0,9.2,499,0,5,415595,3388560,507,5,5,-93.25,512,-220.0,-125.0,253.03161857759991,8,-210.39554925399509,-5,9,3,1.1320388358363962
410,334601,415815.0,3388685.0,13,240,6,3,2585.0,9.2,499,0,5,415575,3388540,506,5,5,-97.5,512,-240.0,-145.0,280.40149785619906,7,-208.86102756302114,-6,9,3,1.2258216383313583
411,334601,415815.0,3388685.0,13,240,6,3,2585.0,9.2,499,0,5,415620,3388585,508,0,14,-86.33,512,-195.0,-100.0,219.14607000811125,9,-212.85031830221683,-4,9,3,1.0456846047725485
412,334601,415815.0,3388685.0,13,240,6,3,2585.0,9.2,499,0,5,415625,3388590,508,0,5,-83.67,512,-190.0,-95.0,212.42645786248002,9,-213.434948822922,-4,9,3,1.0787546848821505
413,334601,415815.0,3388685.0,13,240,6,3,2585.0,9.2,499,0,5,419975,3388375,515,0,6,-92.78,512,4160.0,-310.0,4171.534489849029,16,-64.26176038068178,3,9,3,-0.04120481547609691
414,334601,415815.0,3388685.0,13,240,6,3,2585.0,9.2,499,0,5,419970,3388380,515,0,6,-89.92,512,4155.0,-305.0,4166.179304830746,16,-64.19829751788336,3,9,3,-0.041257779911409165
415,334601,415815.0,3388685.0,13,240,6,3,2585.0,9.2,499,0,5,419990,3388400,515,0,6,-93.6,512,4175.0,-285.0,4184.716238886455,16,-63.90515054762045,3,9,3,-0.04107502140659685
416,334601,415815.0,3388685.0,13,240,6,3,2585.0,9.2,499,0,5,419985,3388385,515,0,6,-93.17,512,4170.0,-300.0,4180.777439663585,16,-64.11490909823726,3,9,3,-0.04111371904339292
417,334601,415815.0,3388685.0,13,240,6,3,2585.0,9.2,499,0,5,419980,3388390,515,0,6,-93.18,512,4165.0,-295.0,4175.434109167572,16,-64.05139867495754,3,9,3,-0.04116633252200841
418,334601,415815.0,3388685.0,13,240,6,3,2585.0,9.2,499,0,5,419965,3388365,515,0,6,-92.8,512,4150.0,-320.0,4162.319065136646,16,-64.40926289670637,3,9,3,-0.04129604340396721
419,334601,415815.0,3388685.0,13,240,6,3,2585.0,9.2,499,0,5,419975,3388215,518,0,6,-93.33,512,4160.0,-470.0,4186.466290321708,19,-66.44598705078414,6,9,3,-0.0821156598104566
420,334601,415815.0,3388685.0,13,240,6,3,2585.0,9.2,499,0,5,419930,3388180,518,0,5,-107.5,512,4115.0,-505.0,4145.87144036088,19,-66.99645460614263,6,9,3,-0.08291970506497794
421,334601,415815.0,3388685.0,13,240,6,3,2585.0,9.2,499,0,5,419865,3388265,516,24,5,-111.83,512,4050.0,-420.0,4071.7195384751144,17,-65.9206207140468,4,9,3,-0.056286549738973235
422,334601,415815.0,3388685.0,13,240,6,3,2585.0,9.2,499,0,5,419960,3388210,518,0,6,-91.5,512,4145.0,-475.0,4172.127754515674,19,-66.53734425886924,6,9,3,-0.08239786993849788
423,334601,415815.0,3388685.0,13,240,6,3,2585.0,9.2,499,0,5,419970,3388220,518,0,6,-88.6,512,4155.0,-465.0,4180.938889771052,19,-66.38559251256706,6,9,3,-0.0822242204788751
424,334601,415815.0,3388685.0,13,240,6,3,2585.0,9.2,499,0,5,419855,3388255,517,0,5,-114.0,512,4040.0,-430.0,4062.8192182276584,18,-66.07544009618658,5,9,3,-0.07051230624560702
425,334601,415815.0,3388685.0,13,240,6,3,2585.0,9.2,499,0,5,419980,3388230,518,0,6,-92.5,512,4165.0,-455.0,4189.779230460717,19,-66.23448009554122,6,9,3,-0.08205072944578089
426,334601,415815.0,3388685.0,13,240,6,3,2585.0,9.2,499,0,5,419965,3388205,518,0,7,-88.83,512,4150.0,-480.0,4177.66681294715,19,-66.59766509913501,6,9,3,-0.08228862092257101
427,334601,415815.0,3388685.0,13,240,6,3,2585.0,9.2,499,0,5,416095,3388570,502,0,5,-92.5,512,280.0,-115.0,302.6962173533062,3,-82.32865637801916,-10,9,3,1.8921593850560239
428,334601,415815.0,3388685.0,13,240,6,3,2585.0,9.2,499,0,5,416065,3388560,503,0,5,-103.5,512,250.0,-125.0,279.5084971874737,4,-86.56505117707798,-9,9,3,1.8442513154080364
429,334601,415815.0,3388685.0,13,240,6,3,2585.0,9.2,499,0,5,418755,3388610,515,0,5,-111.0,512,2940.0,-75.0,2940.956477066602,16,-61.46131009088123,3,9,3,-0.05844604646828444
430,334601,415815.0,3388685.0,13,240,6,3,2585.0,9.2,499,0,5,419980,3388135,519,0,7,-93.0,512,4165.0,-550.0,4201.157578572839,20,-67.52254490313018,7,9,3,-0.09546656556775168
431,334601,415815.0,3388685.0,13,240,6,3,2585.0,9.2,499,0,5,419990,3388125,519,0,6,-101.0,512,4175.0,-560.0,4212.3894644251495,20,-67.63958475047457,7,9,3,-0.09521201465322451
432,334601,415815.0,3388685.0,13,240,6,3,2585.0,9.2,499,0,5,419975,3388150,519,0,6,-95.78,512,4160.0,-535.0,4194.2609599308435,20,-67.32834223030929,7,9,3,-0.09562354084432283
433,334601,415815.0,3388685.0,13,240,6,3,2585.0,9.2,499,0,5,419935,3388110,518,0,12,-105.27,512,4120.0,-575.0,4159.930888848996,19,-67.94505798465326,6,9,3,-0.08263945913455523
434,334601,415815.0,3388685.0,13,240,6,3,2585.0,9.2,499,0,5,419920,3388115,518,24,12,-107.33,512,4105.0,-570.0,4144.384755304459,19,-67.90526083150218,6,9,3,-0.08294945020725099
435,334601,415815.0,3388685.0,13,240,6,3,2585.0,9.2,499,0,5,419965,3388160,519,0,6,-91.21,512,4150.0,-525.0,4183.0760213029835,20,-67.20996184561582,7,9,3,-0.09587922384798991
436,334601,415815.0,3388685.0,13,240,6,3,2585.0,9.2,499,0,5,419960,3388155,519,0,6,-90.94,512,4145.0,-530.0,4178.746821715812,20,-67.28658015498686,7,9,3,-0.09597855494841497
437,334601,415815.0,3388685.0,13,240,6,3,2585.0,9.2,499,0,5,419955,3388090,518,0,6,-95.5,512,4140.0,-595.0,4182.53810502666,19,-68.17853495421198,6,9,3,-0.08219278166253119
438,334601,415815.0,3388685.0,13,240,6,3,2585.0,9.2,499,0,5,419970,3388145,519,0,6,-92.86,512,4155.0,-540.0,4189.943317039027,20,-67.40487805509673,7,9,3,-0.09572207858154938
439,334601,415815.0,3388685.0,13,240,6,3,2585.0,9.2,499,0,5,419995,3388130,519,0,7,-89.45,512,4180.0,-555.0,4216.684123811031,20,-67.56321644362905,7,9,3,-0.09511504214858722
440,334601,415815.0,3388685.0,13,240,6,3,2585.0,9.2,499,0,5,419945,3388100,518,0,5,-94.75,512,4130.0,-585.0,4171.225839007042,19,-68.06211281892286,6,9,3,-0.08241568623930379
441,334601,415815.0,3388685.0,13,240,6,3,2585.0,9.2,499,0,5,419930,3388105,518,0,5,-103.75,512,4115.0,-580.0,4155.673832244297,19,-68.02286178266337,6,9,3,-0.08272411456731153
442,334601,415815.0,3388685.0,13,240,6,3,2585.0,9.2,499,0,5,419925,3388120,518,24,12,-104.0,512,4110.0,-565.0,4148.653395982846,19,-67.82736626486175,6,9,3,-0.08286410181354038
443,334601,415815.0,3388685.0,13,240,6,3,2585.0,9.2,499,0,5,419215,3388920,511,0,6,-108.5,512,3400.0,235.0,3408.1116472322324,12,-56.04613872618472,-1,9,3,0.01681159064003688
444,334601,415815.0,3388685.0,13,240,6,3,2585.0,9.2,499,0,5,416000,3388585,502,0,5,-116.0,512,185.0,-100.0,210.2974084481309,3,-88.393019421383,-10,9,3,2.7224611738848106
445,334601,415815.0,3388685.0,13,240,6,3,2585.0,9.2,499,0,5,416010,3388595,501,0,5,-94.71,512,195.0,-90.0,214.76731594914529,2,-84.77514056883192,-11,9,3,2.932025860839121
446,334601,415815.0,3388685.0,13,240,6,3,2585.0,9.2,499,0,5,416015,3388600,501,0,5,-94.83,512,200.0,-85.0,217.3131381210073,2,-83.02549200852803,-11,9,3,2.8977360828175307
447,334601,415815.0,3388685.0,13,240,6,3,2585.0,9.2,499,0,5,415565,3388545,506,0,5,-99.75,512,-250.0,-140.0,286.53097563788805,7,-210.75117366345305,-6,9,3,1.1996065776715035
448,334601,415815.0,3388685.0,13,240,6,3,2585.0,9.2,499,0,5,415570,3388560,507,5,5,-97.0,512,-245.0,-125.0,275.04545078950133,8,-212.969139740157,-5,9,3,1.0414545869004745
449,334601,415815.0,3388685.0,13,240,6,3,2585.0,9.2,499,0,5,415580,3388530,506,0,14,-102.5,512,-235.0,-155.0,281.51376520518494,7,-206.59217541029108,-6,9,3,1.2209798579520004
450,334601,415815.0,3388685.0,13,240,6,3,2585.0,9.2,499,0,5,415630,3388580,508,0,5,-87.5,512,-185.0,-105.0,212.72047386182646,9,-210.4221613187387,-4,9,3,1.0772640134097395
451,334601,415815.0,3388685.0,13,240,6,3,2585.0,9.2,499,0,5,415525,3388505,506,5,5,-102.33,512,-290.0,-180.0,341.32096331752024,7,-208.17255342332692,-6,9,3,1.007085149514961
452,334601,415815.0,3388685.0,13,240,6,3,2585.0,9.2,499,0,5,415650,3388640,507,0,6,-94.33,512,-165.0,-45.0,171.0263137648707,8,-224.74488129694222,-5,9,3,1.6745804500553514
453,334601,415815.0,3388685.0,13,240,6,3,2585.0,9.2,499,0,5,415560,3388550,506,0,14,-95.0,512,-255.0,-135.0,288.5307609250702,7,-212.10272896905238,-6,9,3,1.1912945979240108
454,334601,415815.0,3388685.0,13,240,6,3,2585.0,9.2,499,0,5,415675,3388615,505,0,5,-89.22,512,-140.0,-70.0,156.52475842498527,6,-213.434948822922,-7,9,3,2.560638973149915
455,334601,415815.0,3388685.0,13,240,6,3,2585.0,9.2,499,0,5,415660,3388610,506,0,6,-88.53,512,-155.0,-75.0,172.19175357722565,7,-214.17900802581073,-6,9,3,1.995656807715118
456,334601,415815.0,3388685.0,13,240,6,3,2585.0,9.2,499,0,5,415670,3388620,506,0,5,-85.63,512,-145.0,-65.0,158.90248582070703,7,-215.85445803957836,-6,9,3,2.1624044259490547
457,334601,415815.0,3388685.0,13,240,6,3,2585.0,9.2,499,0,5,415665,3388605,506,0,5,-88.0,512,-150.0,-80.0,170.0,7,-211.92751306414706,-6,9,3,2.0213649403560154
458,334601,415815.0,3388685.0,13,240,6,3,2585.0,9.2,499,0,5,415550,3388500,506,5,14,-92.0,512,-265.0,-185.0,323.18725222384626,7,-205.08059798754235,-6,9,3,1.0635790473279225
459,334601,415815.0,3388685.0,13,240,6,3,2585.0,9.2,499,0,5,415635,3388575,508,0,5,-86.5,512,-180.0,-110.0,210.95023109728987,9,-208.5704343851615,-4,9,3,1.086301992393211
460,334601,415815.0,3388685.0,13,240,6,3,2585.0,9.2,499,0,5,415915,3388820,492,0,5,-100.5,512,100.0,135.0,168.00297616411441,-7,-6.528855366985169,-20,9,3,6.7888554305984306
461,334601,415815.0,3388685.0,13,240,6,3,2585.0,9.2,499,0,5,415735,3388675,501,0,5,-81.64,512,-80.0,-10.0,80.62257748298549,2,-232.8749836510982,-11,9,3,7.769360619770641
462,334601,415815.0,3388685.0,13,240,6,3,2585.0,9.2,499,0,5,415725,3388665,501,0,5,-86.5,512,-90.0,-20.0,92.19544457292888,2,-227.47119229084848,-11,9,3,6.803896320851287
463,334601,415815.0,3388685.0,13,240,6,3,2585.0,9.2,499,0,5,415810,3388760,497,0,5,-96.0,512,-5.0,75.0,75.16648189186454,-2,33.81407483429035,-15,9,3,11.285526337370852
464,334601,415815.0,3388685.0,13,240,6,3,2585.0,9.2,499,0,5,415800,3388750,497,0,5,-92.33,512,-15.0,65.0,66.70832032063167,-2,42.994616791916485,-15,9,3,12.672721466485141
465,334601,415815.0,3388685.0,13,240,6,3,2585.0,9.2,499,0,5,415730,3388680,501,0,5,-82.29,512,-85.0,-5.0,85.14693182963201,2,-236.63353933657018,-11,9,3,7.361181670807614
466,334601,415815.0,3388685.0,13,240,6,3,2585.0,9.2,499,0,5,415805,3388745,497,0,5,-95.0,512,-10.0,60.0,60.8276253029822,-2,39.462322208025626,-15,9,3,13.852668760762048
467,334601,415815.0,3388685.0,13,240,6,3,2585.0,9.2,499,0,5,415875,3388535,502,0,5,-92.5,512,60.0,-150.0,161.55494421403512,3,-128.19859051364818,-10,9,3,3.5420007022170665
468,334601,415815.0,3388685.0,13,240,6,3,2585.0,9.2,499,0,5,415720,3388670,501,0,5,-82.11,512,-95.0,-15.0,96.17692030835673,2,-231.0273733851036,-11,9,3,6.52471309697737
469,334601,415815.0,3388685.0,13,240,6,3,2585.0,9.2,499,0,5,419885,3388210,518,0,12,-122.0,512,4070.0,-475.0,4097.624311720146,19,-66.65673979318291,6,9,3,-0.08389603468615417
470,334601,415815.0,3388685.0,13,240,6,3,2585.0,9.2,499,0,5,419870,3388195,518,15,5,-116.5,512,4055.0,-490.0,4084.49813318601,19,-66.8901275878433,6,9,3,-0.08416564742975575
471,334601,415815.0,3388685.0,13,240,6,3,2585.0,9.2,499,0,5,419985,3388310,517,0,7,-91.14,512,4170.0,-375.0,4186.827557948858,18,-65.13867565301959,5,9,3,-0.06842382625309802
472,334601,415815.0,3388685.0,13,240,6,3,2585.0,9.2,499,0,5,419895,3388220,518,24,5,-117.0,512,4080.0,-465.0,4106.412668010851,19,-66.50197851098974,6,9,3,-0.0837164844915442
473,334601,415815.0,3388685.0,13,240,6,3,2585.0,9.2,499,0,5,419980,3388305,517,0,6,-91.33,512,4165.0,-380.0,4182.29900891842,18,-65.21303344637516,5,9,3,-0.06849791477624999
474,334601,415815.0,3388685.0,13,240,6,3,2585.0,9.2,499,0,5,419965,3388290,517,0,6,-96.0,512,4150.0,-395.0,4168.7558095911545,18,-65.43707436785726,5,9,3,-0.06872044640617726
475,334601,415815.0,3388685.0,13,240,6,3,2585.0,9.2,499,0,5,419970,3388295,517,0,6,-97.69,512,4155.0,-390.0,4173.263111762784,18,-65.36223253326833,5,9,3,-0.06864622546384698
476,334601,415815.0,3388685.0,13,240,6,3,2585.0,9.2,499,0,5,419975,3388300,517,0,6,-93.83,512,4160.0,-385.0,4177.77751920803,18,-65.28755231611319,5,9,3,-0.0685720480492248
477,334601,415815.0,3388685.0,13,240,6,3,2585.0,9.2,499,0,5,419990,3388575,510,0,6,-107.0,512,4175.0,-110.0,4176.448850399104,11,-61.5092402365872,-2,9,3,0.027437556252068434
478,334601,415815.0,3388685.0,13,240,6,3,2585.0,9.2,499,0,5,419980,3388565,510,0,5,-98.83,512,4165.0,-120.0,4166.728332877006,11,-61.6503222161908,-2,9,3,0.027501565034040134
479,334601,415815.0,3388685.0,13,240,6,3,2585.0,9.2,499,0,5,419985,3388570,510,0,6,-92.5,512,4170.0,-115.0,4171.585430025376,11,-61.57969904003977,-2,9,3,0.027469544174138768
480,334601,415815.0,3388685.0,13,240,6,3,2585.0,9.2,499,0,5,419995,3388580,510,0,7,-93.71,512,4180.0,-105.0,4181.318571933978,11,-61.438945445004435,-2,9,3,0.027405601442633303
481,334601,415815.0,3388685.0,13,240,6,3,2585.0,9.2,499,0,5,419940,3388045,518,0,5,-105.0,512,4125.0,-640.0,4174.353243318059,19,-68.81921029812315,6,9,3,-0.08235394090959991
482,334601,415815.0,3388685.0,13,240,6,3,2585.0,9.2,499,0,5,419950,3388055,518,0,5,-90.33,512,4135.0,-630.0,4182.717418138595,19,-68.66284572833257,6,9,3,-0.0821892580624964
483,334601,415815.0,3388685.0,13,240,6,3,2585.0,9.2,499,0,5,419880,3388105,517,0,5,-119.0,512,4065.0,-580.0,4106.169139234282,18,-68.12023567963442,5,9,3,-0.06976788979211034
484,334601,415815.0,3388685.0,13,240,6,3,2585.0,9.2,499,0,5,419965,3388030,518,0,6,-97.3,512,4150.0,-655.0,4201.37179978159,19,-68.96908174207329,6,9,3,-0.08182433256419207
485,334601,415815.0,3388685.0,13,240,6,3,2585.0,9.2,499,0,5,419985,3388010,518,0,6,-94.92,512,4170.0,-675.0,4224.278044826122,19,-69.1947431632199,6,9,3,-0.08138063883363278
486,334601,415815.0,3388685.0,13,240,6,3,2585.0,9.2,499,0,5,419995,3388020,518,0,6,-94.75,512,4180.0,-665.0,4232.567187889638,19,-69.03948280335513,6,9,3,-0.0812212615991221
487,334601,415815.0,3388685.0,13,240,6,3,2585.0,9.2,499,0,5,419865,3388130,516,21,5,-116.5,512,4050.0,-555.0,4087.8509023691163,17,-67.8030412596531,4,9,3,-0.05606443345901739
488,334601,415815.0,3388685.0,13,240,6,3,2585.0,9.2,499,0,5,419960,3388025,518,0,6,-97.0,512,4145.0,-660.0,4197.216339432601,19,-69.04714266688075,6,9,3,-0.08190534275739213
489,334601,415815.0,3388685.0,13,240,6,3,2585.0,9.2,499,0,5,419970,3388035,518,0,6,-94.84,512,4155.0,-650.0,4205.535043249551,19,-68.89117522475667,6,9,3,-0.08174333118099585
490,334601,415815.0,3388685.0,13,240,6,3,2585.0,9.2,499,0,5,419975,3388040,518,0,6,-96.66,512,4160.0,-645.0,4209.706046744832,19,-68.81342294446921,6,9,3,-0.0816623394788878
491,334601,415815.0,3388685.0,13,240,6,3,2585.0,9.2,499,0,5,419885,3388110,517,0,5,-109.5,512,4070.0,-575.0,4110.416645548235,18,-68.04139401017028,5,9,3,-0.06969579509089609
492,334601,415815.0,3388685.0,13,240,6,3,2585.0,9.2,499,0,5,419990,3388015,518,0,6,-93.18,512,4175.0,-670.0,4228.41873517749,19,-69.11703689249435,6,9,3,-0.08130094673250314
493,334601,415815.0,3388685.0,13,240,6,3,2585.0,9.2,499,0,5,419890,3388115,517,0,12,-114.75,512,4075.0,-570.0,4114.671918877616,18,-67.96271526348033,5,9,3,-0.0696237178094593
494,334601,415815.0,3388685.0,13,240,6,3,2585.0,9.2,499,0,5,419955,3388060,518,0,6,-96.2,512,4140.0,-625.0,4186.911152627913,19,-68.58489801026954,6,9,3,-0.08210693497478358
495,334601,415815.0,3388685.0,13,240,6,3,2585.0,9.2,499,0,5,419980,3388005,518,0,6,-93.39,512,4165.0,-680.0,4220.145139684179,19,-69.2726017772003,6,9,3,-0.08146033704223343
496,334601,415815.0,3388685.0,13,240,6,3,2585.0,9.2,499,0,5,419915,3388100,518,0,5,-102.75,512,4100.0,-585.0,4141.524477773854,19,-68.1203199093965,6,9,3,-0.08300673783600021
497,334601,415815.0,3388685.0,13,240,6,3,2585.0,9.2,499,0,5,415910,3388825,492,0,5,-104.5,512,95.0,140.0,169.1892431568863,-7,-4.159694545669424,-20,9,3,6.741695162882925
498,334601,415815.0,3388685.0,13,240,6,3,2585.0,9.2,499,0,5,419965,3387790,516,0,6,-92.5,512,4150.0,-895.0,4245.412229689833,17,-72.17016482093757,4,9,3,-0.053983697656525095
499,334601,415815.0,3388685.0,13,240,6,3,2585.0,9.2,499,0,5,419830,3388210,518,0,12,-106.0,512,4015.0,-475.0,4043.00012367054,19,-66.74709292674697,6,9,3,-0.0850295360344869
500,334601,415815.0,3388685.0,13,240,6,3,2585.0,9.2,499,0,5,418730,3388610,515,0,14,-116.0,512,2915.0,-75.0,2915.9646774266657,16,-61.47383726320487,3,9,3,-0.05894696846780408
501,334601,415815.0,3388685.0,13,240,6,3,2585.0,9.2,499,0,5,419995,3388380,516,0,6,-98.0,512,4180.0,-305.0,4191.112620772675,17,-64.17327706272326,4,9,3,-0.05468310427410662
502,334601,415815.0,3388685.0,13,240,6,3,2585.0,9.2,499,0,5,419970,3388395,514,0,6,-91.14,512,4155.0,-290.0,4165.108041815963,15,-63.99250877001188,2,9,3,-0.02751226356399271
503,334601,415815.0,3388685.0,13,240,6,3,2585.0,9.2,499,0,5,419975,3388400,514,0,7,-91.86,512,4160.0,-285.0,4169.751191618032,15,-63.919187815895555,2,9,3,-0.027481627793260126
504,334601,415815.0,3388685.0,13,240,6,3,2585.0,9.2,499,0,5,419980,3388365,516,0,6,-93.65,512,4165.0,-320.0,4177.274829359448,17,-64.39344548357792,4,9,3,-0.05486424938901847
505,334601,415815.0,3388685.0,13,240,6,3,2585.0,9.2,499,0,5,419985,3388370,516,0,7,-93.13,512,4170.0,-315.0,4181.880557835195,17,-64.31989415365064,4,9,3,-0.054803824496913844
506,334601,415815.0,3388685.0,13,240,6,3,2585.0,9.2,499,0,5,419960,3388385,514,0,5,-93.0,512,4145.0,-300.0,4155.842273234151,15,-64.13964158606623,2,9,3,-0.027573604252899765
507,334601,415815.0,3388685.0,13,240,6,3,2585.0,9.2,499,0,5,419990,3388375,516,0,7,-96.25,512,4175.0,-310.0,4186.493162540696,17,-64.24650477813483,4,9,3,-0.054743442641501903
508,334601,415815.0,3388685.0,13,240,6,3,2585.0,9.2,499,0,5,419985,3388260,517,0,7,-92.0,512,4170.0,-425.0,4191.601722492251,18,-65.81940398261662,5,9,3,-0.06834589272868619
509,334601,415815.0,3388685.0,13,240,6,3,2585.0,9.2,499,0,5,419960,3388275,517,0,6,-89.0,512,4145.0,-410.0,4165.228084991265,18,-65.6489995138761,5,9,3,-0.06877864887950264
510,334601,415815.0,3388685.0,13,240,6,3,2585.0,9.2,499,0,5,419975,3388270,517,0,6,-96.83,512,4160.0,-415.0,4180.6488730817855,18,-65.69695615584283,5,9,3,-0.06852495143002667
511,334601,415815.0,3388685.0,13,240,6,3,2585.0,9.2,499,0,5,419880,3388195,518,24,5,-115.67,512,4065.0,-490.0,4094.426089209573,19,-66.87334005091853,6,9,3,-0.08396156714341634
512,334601,415815.0,3388685.0,13,240,6,3,2585.0,9.2,499,0,5,419915,3388170,518,0,12,-104.0,512,4100.0,-515.0,4132.21792745736,19,-67.15941273048969,6,9,3,-0.0831936847277832
513,334601,415815.0,3388685.0,13,240,6,3,2585.0,9.2,499,0,5,419875,3388210,518,0,5,-116.5,512,4060.0,-475.0,4087.6918915202014,19,-66.67298801938179,6,9,3,-0.08409988798437146
514,334601,415815.0,3388685.0,13,240,6,3,2585.0,9.2,499,0,5,419970,3388265,517,0,6,-93.9,512,4155.0,-420.0,4176.173487775622,18,-65.77202532930522,5,9,3,-0.06859838594339658
515,334601,415815.0,3388685.0,13,240,6,3,2585.0,9.2,499,0,5,419980,3388255,518,0,7,-92.33,512,4165.0,-430.0,4187.138044058256,19,-65.89440738886529,6,9,3,-0.0821024857939305
516,334601,415815.0,3388685.0,13,240,6,3,2585.0,9.2,499,0,5,419965,3388280,517,0,6,-93.0,512,4150.0,-405.0,4169.715218093437,18,-65.57386560915378,5,9,3,-0.06870463455479033
517,334601,415815.0,3388685.0,13,240,6,3,2585.0,9.2,499,0,5,419970,3387905,517,0,6,-93.0,512,4155.0,-780.0,4227.579094470026,18,-70.63214345806571,5,9,3,-0.06776425883182656
518,334601,415815.0,3388685.0,13,240,6,3,2585.0,9.2,499,0,5,419990,3387885,517,0,6,-97.0,512,4175.0,-800.0,4250.9557748816915,18,-70.84734684295347,5,9,3,-0.06739161276330294
519,334601,415815.0,3388685.0,13,240,6,3,2585.0,9.2,499,0,5,419975,3387910,517,0,6,-96.76,512,4160.0,-775.0,4231.574765970702,18,-70.55311451546248,5,9,3,-0.06770027237746509
520,334601,415815.0,3388685.0,13,240,6,3,2585.0,9.2,499,0,5,419985,3387900,517,0,6,-95.33,512,4170.0,-785.0,4243.244631175535,18,-70.66112886971734,5,9,3,-0.06751408176407435
521,334601,415815.0,3388685.0,13,240,6,3,2585.0,9.2,499,0,5,419980,3387895,517,0,7,-96.87,512,4165.0,-790.0,4239.259959002278,18,-70.74004182598148,5,9,3,-0.06757754124429871
522,334601,415815.0,3388685.0,13,240,6,3,2585.0,9.2,499,0,5,419965,3387920,517,0,6,-92.33,512,4150.0,-765.0,4219.920022938823,18,-70.44450313673968,5,9,3,-0.06788724950878638
523,334601,415815.0,3388685.0,13,240,6,3,2585.0,9.2,499,0,5,419870,3388100,517,0,5,-117.0,512,4055.0,-585.0,4096.980595511773,18,-68.20921280372838,5,9,3,-0.06992436226128945
524,334601,415815.0,3388685.0,13,240,6,3,2585.0,9.2,499,0,5,419875,3388095,517,0,5,-114.4,512,4060.0,-590.0,4102.645487974802,18,-68.26835457001235,5,9,3,-0.06982781148657194
525,334601,415815.0,3388685.0,13,240,6,3,2585.0,9.2,499,0,5,419955,3388015,518,0,6,-97.8,512,4140.0,-670.0,4193.8645662443605,19,-69.19280269298557,6,9,3,-0.08197080213335443
526,334601,415815.0,3388685.0,13,240,6,3,2585.0,9.2,499,0,5,419985,3388045,518,0,6,-99.62,512,4170.0,-640.0,4218.82685115187,19,-68.72551141482336,6,9,3,-0.08148579153163707
527,334601,415815.0,3388685.0,13,240,6,3,2585.0,9.2,499,0,5,419965,3388065,518,0,7,-93.4,512,4150.0,-620.0,4196.057673578855,19,-68.49700661107778,6,9,3,-0.08192795941377136
528,334601,415815.0,3388685.0,13,240,6,3,2585.0,9.2,499,0,5,419990,3388060,518,0,6,-99.0,512,4175.0,-625.0,4221.5222372978205,19,-68.51398792975036,6,9,3,-0.08143376400095942
529,334601,415815.0,3388685.0,13,240,6,3,2585.0,9.2,499,0,5,419970,3388080,518,0,6,-97.54,512,4155.0,-605.0,4198.815309108035,19,-68.28448602771763,6,9,3,-0.08187415205921489
530,334601,415815.0,3388685.0,13,240,6,3,2585.0,9.2,499,0,5,419960,3388070,518,0,6,-89.36,512,4145.0,-615.0,4190.375878128357,19,-68.43949268893437,6,9,3,-0.08203904664909178
531,334601,415815.0,3388685.0,13,240,6,3,2585.0,9.2,499,0,5,419975,3388075,518,0,6,-97.86,512,4160.0,-610.0,4204.485699821085,19,-68.34209384378352,6,9,3,-0.08176373241840754
532,334601,415815.0,3388685.0,13,240,6,3,2585.0,9.2,499,0,5,419940,3388010,518,0,5,-102.0,512,4125.0,-675.0,4179.862437927832,19,-69.29330859939711,6,9,3,-0.08224539588678308
533,334601,415815.0,3388685.0,13,240,6,3,2585.0,9.2,499,0,5,419980,3388050,518,0,7,-95.21,512,4165.0,-635.0,4213.128291424318,19,-68.6686168174648,6,9,3,-0.08159600678986224
534,334601,415815.0,3388685.0,13,240,6,3,2585.0,9.2,499,0,5,419995,3388055,518,0,7,-96.38,512,4180.0,-630.0,4227.209481442811,19,-68.57097787110541,6,9,3,-0.08132420399994551
535,334601,415815.0,3388685.0,13,240,6,3,2585.0,9.2,499,0,5,419995,3388600,510,9,6,-90.5,512,4180.0,-85.0,4180.864145125981,11,-61.16494501009595,-2,9,3,0.0274085802139238
536,334601,415815.0,3388685.0,13,240,6,3,2585.0,9.2,499,0,5,419990,3388595,510,9,6,-87.5,512,4175.0,-90.0,4175.969947209869,11,-61.234927334006926,-2,9,3,0.02744070280995818
537,334601,415815.0,3388685.0,13,240,6,3,2585.0,9.2,499,0,5,419960,3388565,510,0,5,-107.5,512,4145.0,-120.0,4146.736668755324,11,-61.65828073473628,-2,9,3,0.02763415169430844
538,334601,415815.0,3388685.0,13,240,6,3,2585.0,9.2,499,0,5,415695,3388990,497,0,10,-92.0,512,-120.0,305.0,327.75753233144775,-2,51.4767909795404,-15,9,3,2.6203438068683553
539,334601,415815.0,3388685.0,13,240,6,3,2585.0,9.2,499,0,5,419965,3388400,514,0,6,-94.5,512,4150.0,-285.0,4159.774633318492,15,-63.928602105427274,2,9,3,-0.027547538099421367
540,334601,415815.0,3388685.0,13,240,6,3,2585.0,9.2,499,0,5,419960,3388395,514,0,5,-111.0,512,4145.0,-290.0,4155.132368529311,15,-64.00210961587726,2,9,3,-0.02757831520471292
541,334601,415815.0,3388685.0,13,240,6,3,2585.0,9.2,499,0,5,419975,3388390,515,0,7,-93.83,512,4160.0,-295.0,4170.446618768786,16,-64.05625190024662,3,9,3,-0.04121556384809617
542,334601,415815.0,3388685.0,13,240,6,3,2585.0,9.2,499,0,5,419995,3388370,516,0,6,-89.83,512,4180.0,-315.0,4191.852215906472,17,-64.30959846025246,4,9,3,-0.05467345619225971
543,334601,415815.0,3388685.0,13,240,6,3,2585.0,9.2,499,0,5,419970,3388385,515,0,6,-91.33,512,4155.0,-300.0,4165.816246547608,16,-64.12971306129904,3,9,3,-0.041261375598946874
544,334601,415815.0,3388685.0,13,240,6,3,2585.0,9.2,499,0,5,419990,3388365,516,0,7,-90.33,512,4175.0,-320.0,4187.245514655189,17,-64.38296331504552,4,9,3,-0.05473360650468527
545,334601,415815.0,3388685.0,13,240,6,3,2585.0,9.2,499,0,5,419980,3388375,515,0,6,-92.67,512,4165.0,-310.0,4176.520681141182,16,-64.2566630377051,3,9,3,-0.0411556226102896
546,334601,415815.0,3388685.0,13,240,6,3,2585.0,9.2,499,0,5,419985,3388380,515,0,6,-94.53,512,4170.0,-305.0,4181.139198830864,16,-64.18324943577679,3,9,3,-0.041110161816772926
547,334601,415815.0,3388685.0,13,240,6,3,2585.0,9.2,499,0,5,415840,3388820,494,0,6,-104.0,512,25.0,135.0,137.2953021774598,-5,19.508522987668414,-18,9,3,7.469121689115592
548,334601,415815.0,3388685.0,13,240,6,3,2585.0,9.2,499,0,5,415845,3388815,494,0,6,-100.67,512,30.0,130.0,133.41664064126334,-5,17.005383208083515,-18,9,3,7.683704360641303
549,334601,415815.0,3388685.0,13,240,6,3,2585.0,9.2,499,0,5,415835,3388805,495,0,5,-96.33,512,20.0,120.0,121.6552506059644,-4,20.537677791974374,-17,9,3,7.954950961821512
550,334601,415815.0,3388685.0,13,240,6,3,2585.0,9.2,499,0,5,415795,3388845,496,0,5,-88.0,512,-20.0,160.0,161.24515496597098,-3,37.125016348901795,-16,9,3,5.666783353597029
551,334601,415815.0,3388685.0,13,240,6,3,2585.0,9.2,499,0,5,415790,3388850,496,0,5,-98.5,512,-25.0,165.0,166.88319268278636,-3,38.615648184164115,-16,9,3,5.476518931085758
552,334601,415815.0,3388685.0,13,240,6,3,2585.0,9.2,499,0,5,415775,3388865,496,0,14,-101.0,512,-40.0,180.0,184.39088914585776,-3,42.52880770915152,-16,9,3,4.959258000229005
553,334601,415815.0,3388685.0,13,240,6,3,2585.0,9.2,499,0,5,415785,3388855,496,0,5,-104.0,512,-30.0,170.0,172.6267650163207,-3,40.007979801441365,-16,9,3,5.295359761374139
554,334601,415815.0,3388685.0,13,240,6,3,2585.0,9.2,499,0,5,415550,3388675,505,0,5,-117.0,512,-265.0,-10.0,265.1886121235224,6,-237.83892051177364,-7,9,3,1.5120458668352665
555,334601,415815.0,3388685.0,13,240,6,3,2585.0,9.2,499,0,5,419960,3388255,518,0,6,-94.5,512,4145.0,-430.0,4167.244293295031,19,-65.92264674961959,6,9,3,-0.0824944292516576
556,334601,415815.0,3388685.0,13,240,6,3,2585.0,9.2,499,0,5,419980,3388275,517,0,7,-92.64,512,4165.0,-410.0,4185.131419680868,18,-65.62204766190519,5,9,3,-0.06845155684220064
557,334601,415815.0,3388685.0,13,240,6,3,2585.0,9.2,499,0,5,419990,3388265,517,0,6,-79.67,512,4175.0,-420.0,4196.072568485917,18,-65.74456027812138,5,9,3,-0.06827307137817232
558,334601,415815.0,3388685.0,13,240,6,3,2585.0,9.2,499,0,5,419970,3388245,518,0,6,-93.93,512,4155.0,-440.0,4178.232281719148,19,-66.04489432080172,6,9,3,-0.08227748425560012
559,334601,415815.0,3388685.0,13,240,6,3,2585.0,9.2,499,0,5,419975,3388250,518,0,6,-90.91,512,4160.0,-435.0,4182.681556131186,19,-65.96957075069173,6,9,3,-0.08218996274624978
560,334601,415815.0,3388685.0,13,240,6,3,2585.0,9.2,499,0,5,419965,3388260,517,0,6,-90.33,512,4150.0,-425.0,4171.705286810179,18,-65.84725544127323,5,9,3,-0.06867185975322827
561,334601,415815.0,3388685.0,13,240,6,3,2585.0,9.2,499,0,5,419995,3388270,517,0,6,-93.67,512,4180.0,-415.0,4200.550559152931,18,-65.66987602045506,5,9,3,-0.06820028904090497
562,334601,415815.0,3388685.0,13,240,6,3,2585.0,9.2,499,0,5,419985,3388280,517,0,7,-96.25,512,4170.0,-405.0,4189.621104586905,18,-65.54729958742178,5,9,3,-0.06837820280327629
563,334601,415815.0,3388685.0,13,240,6,3,2585.0,9.2,499,0,5,416025,3388580,502,0,5,-101.5,512,210.0,-105.0,234.7871376374779,3,-86.56505117707798,-10,9,3,2.4388546909498707
564,334601,415815.0,3388685.0,13,240,6,3,2585.0,9.2,499,0,5,416015,3388590,502,0,5,-95.33,512,200.0,-95.0,221.41589825484527,3,-85.40771810894847,-10,9,3,2.5859421445402457
565,334601,415815.0,3388685.0,13,240,6,3,2585.0,9.2,499,0,5,416005,3388600,501,0,5,-96.0,512,190.0,-85.0,208.1465829649865,2,-84.10223450116115,-11,9,3,3.0251172680446845
566,334601,415815.0,3388685.0,13,240,6,3,2585.0,9.2,499,0,5,416010,3388585,502,0,5,-97.0,512,195.0,-100.0,219.14607000811125,3,-87.14968169778317,-10,9,3,2.612689385580922
567,334601,415815.0,3388685.0,13,240,6,3,2585.0,9.2,499,0,5,419990,3388395,515,0,6,-93.6,512,4175.0,-290.0,4185.05973673017,16,-63.97344438934374,3,9,3,-0.04107165008639172
568,334601,415815.0,3388685.0,13,240,6,3,2585.0,9.2,499,0,5,419970,3388375,515,0,6,-91.43,512,4155.0,-310.0,4166.548331652953,16,-64.2668699238015,3,9,3,-0.04125412575431372
569,334601,415815.0,3388685.0,13,240,6,3,2585.0,9.2,499,0,5,419975,3388380,515,0,7,-92.06,512,4160.0,-305.0,4171.165904156775,16,-64.19326949719994,3,9,3,-0.04120845654445722
570,334601,415815.0,3388685.0,13,240,6,3,2585.0,9.2,499,0,5,419985,3388390,515,0,6,-94.39,512,4170.0,-295.0,4180.4216294531825,16,-64.04655703007313,3,9,3,-0.041117218373675296
571,334601,415815.0,3388685.0,13,240,6,3,2585.0,9.2,499,0,5,419965,3388370,515,0,6,-91.33,512,4150.0,-315.0,4161.937649701158,16,-64.34063354454406,3,9,3,-0.041299827925564817
572,334601,415815.0,3388685.0,13,240,6,3,2585.0,9.2,499,0,5,419980,3388385,515,0,6,-92.78,512,4165.0,-300.0,4175.790344353988,16,-64.11983196585751,3,9,3,-0.04116282063805725
573,334601,415815.0,3388685.0,13,240,6,3,2585.0,9.2,499,0,5,415700,3388600,504,0,5,-87.0,512,-115.0,-85.0,143.0034964607509,5,-203.53076560994813,-8,9,3,3.2019424562568166
574,334601,415815.0,3388685.0,13,240,6,3,2585.0,9.2,499,0,5,415715,3388585,504,63,5,-87.5,512,-100.0,-100.0,141.4213562373095,5,-195.0,-8,9,3,3.2376881462291043
575,334601,415815.0,3388685.0,13,240,6,3,2585.0,9.2,499,0,5,415730,3388610,503,0,5,-81.0,512,-85.0,-75.0,113.35784048754634,4,-198.57633437499737,-9,9,3,4.5394531225009525
576,334601,415815.0,3388685.0,13,240,6,3,2585.0,9.2,499,0,5,415950,3388670,500,0,5,-97.45,512,135.0,-15.0,135.83077707206124,1,-66.34019174590992,-12,9,3,5.0487006906907475
577,334601,415815.0,3388685.0,13,240,6,3,2585.0,9.2,499,0,5,415955,3388665,500,0,5,-94.77,512,140.0,-20.0,141.4213562373095,1,-68.13010235415598,-12,9,3,4.850090156191999
578,334601,415815.0,3388685.0,13,240,6,3,2585.0,9.2,499,0,5,415945,3388675,500,0,5,-98.2,512,130.0,-10.0,130.38404810405297,1,-64.39870535499554,-12,9,3,5.2584488321218466
579,334601,415815.0,3388685.0,13,240,6,3,2585.0,9.2,499,0,5,415735,3388605,503,0,10,-82.75,512,-80.0,-80.0,113.13708498984761,4,-195.0,-9,9,3,4.548273472642266
580,334601,415815.0,3388685.0,13,240,6,3,2585.0,9.2,499,0,5,415940,3388680,500,0,5,-97.29,512,125.0,-5.0,125.09996003196804,1,-62.29061004263852,-12,9,3,5.479235505007095
581,334601,415815.0,3388685.0,13,240,6,3,2585.0,9.2,499,0,5,415725,3388615,503,0,5,-89.17,512,-90.0,-70.0,114.0175425099138,4,-202.12501634890182,-9,9,3,4.513296814440812
582,334601,415815.0,3388685.0,13,240,6,3,2585.0,9.2,499,0,5,415875,3388745,497,0,5,-109.5,512,60.0,60.0,84.8528137423857,-2,-15.0,-15,9,3,10.024987862075742
583,334601,415815.0,3388685.0,13,240,6,3,2585.0,9.2,499,0,5,419870,3388275,516,0,12,-109.0,512,4055.0,-410.0,4075.6747907555136,17,-65.77354013556493,4,9,3,-0.05623192630295019
584,334601,415815.0,3388685.0,13,240,6,3,2585.0,9.2,499,0,5,419970,3388215,518,0,6,-92.17,512,4155.0,-470.0,4181.49793734255,19,-66.45367855018418,6,9,3,-0.0822132274834542
585,334601,415815.0,3388685.0,13,240,6,3,2585.0,9.2,499,0,5,419925,3388170,518,0,12,-111.0,512,4110.0,-515.0,4142.140147315154,19,-67.14217334180509,6,9,3,-0.08299440009587089
586,334601,415815.0,3388685.0,13,240,6,3,2585.0,9.2,499,0,5,419930,3388175,518,0,5,-107.58,512,4115.0,-510.0,4146.483449864475,19,-67.06502976349208,6,9,3,-0.08290746636264008
587,334601,415815.0,3388685.0,13,240,6,3,2585.0,9.2,499,0,5,419975,3388220,518,0,6,-93.75,512,4160.0,-465.0,4185.907906297031,19,-66.37798080487656,6,9,3,-0.08212661370883183
588,334601,415815.0,3388685.0,13,240,6,3,2585.0,9.2,499,0,5,419855,3388260,516,24,5,-123.25,512,4040.0,-425.0,4062.293071653004,17,-66.00531469480711,4,9,3,-0.05641716142595075
589,334601,415815.0,3388685.0,13,240,6,3,2585.0,9.2,499,0,5,419965,3388210,518,0,7,-90.67,512,4150.0,-475.0,4177.0952826096745,19,-66.52953599884722,6,9,3,-0.08229988003336888
590,334601,415815.0,3388685.0,13,240,6,3,2585.0,9.2,499,0,5,419860,3388265,516,24,5,-118.5,512,4045.0,-420.0,4066.746242390838,17,-65.92788707551543,4,9,3,-0.05635538351425593
591,334601,415815.0,3388685.0,13,240,6,3,2585.0,9.2,499,0,5,419960,3388205,518,0,6,-91.0,512,4145.0,-480.0,4172.699965250317,19,-66.6055533900207,6,9,3,-0.08238657056852434
592,334601,415815.0,3388685.0,13,240,6,3,2585.0,9.2,499,0,5,419865,3388270,516,24,5,-117.67,512,4050.0,-415.0,4071.2068235352526,17,-65.85062898114248,4,9,3,-0.05629363828486253
593,334601,415815.0,3388685.0,13,240,6,3,2585.0,9.2,499,0,5,419955,3388350,515,0,5,-95.0,512,4140.0,-335.0,4153.53162983021,16,-64.62617332426441,3,9,3,-0.04138341150805079
594,334601,415815.0,3388685.0,13,240,6,3,2585.0,9.2,499,0,5,419990,3388385,515,0,7,-93.0,512,4175.0,-300.0,4185.764565763345,16,-64.10999796127479,3,9,3,-0.04106473414999536
595,334601,415815.0,3388685.0,13,240,6,3,2585.0,9.2,499,0,5,419965,3388380,514,0,6,-100.5,512,4150.0,-305.0,4161.1927376654885,15,-64.20333758926733,2,9,3,-0.027538150099399885
596,334601,415815.0,3388685.0,13,240,6,3,2585.0,9.2,499,0,5,419995,3388390,516,0,6,-91.0,512,4180.0,-295.0,4190.396759258006,17,-64.03690831639386,4,9,3,-0.05469244599240302
597,334601,415815.0,3388685.0,13,240,6,3,2585.0,9.2,499,0,5,419985,3388400,515,0,6,-94.0,512,4170.0,-285.0,4179.727861954651,16,-63.909818468398214,3,9,3,-0.04112404316727038
598,334601,415815.0,3388685.0,13,240,6,3,2585.0,9.2,499,0,5,419980,3388395,515,0,6,-92.79,512,4165.0,-290.0,4175.083831493686,16,-63.98295380368572,3,9,3,-0.04116978625918281
599,334601,415815.0,3388685.0,13,240,6,3,2585.0,9.2,499,0,5,419950,3388345,515,0,5,-102.5,512,4135.0,-340.0,4148.954687629162,16,-64.7005658980886,3,9,3,-0.04142906383034191
600,334601,415815.0,3388685.0,13,240,6,3,2585.0,9.2,499,0,5,419975,3388370,515,0,6,-92.9,512,4160.0,-315.0,4171.9090354416885,16,-64.33023906405518,3,9,3,-0.04120111619200867
601,334601,415815.0,3388685.0,13,240,6,3,2585.0,9.2,499,0,5,419970,3388365,515,0,6,-93.08,512,4155.0,-320.0,4167.304284546546,16,-64.40397781099549,3,9,3,-0.04124664221991556
602,334601,415815.0,3388685.0,13,240,6,3,2585.0,9.2,499,0,5,415610,3388510,506,5,5,-100.0,512,-205.0,-175.0,269.5366394388711,7,-199.51398845800128,-6,9,3,1.275217764519131
603,334601,415815.0,3388685.0,13,240,6,3,2585.0,9.2,499,0,5,415625,3388495,505,5,5,-97.8,512,-190.0,-190.0,268.70057685088807,6,-195.0,-7,9,3,1.4922921516411365
604,334601,415815.0,3388685.0,13,240,6,3,2585.0,9.2,499,0,5,415620,3388500,505,5,5,-94.5,512,-195.0,-185.0,268.79360111431225,6,-196.50743575877496,-7,9,3,1.4917759316168098
605,334601,415815.0,3388685.0,13,240,6,3,2585.0,9.2,499,0,5,415630,3388490,505,5,5,-99.0,512,-185.0,-195.0,268.79360111431225,6,-193.492564241225,-7,9,3,1.4917759316168098
606,334601,415815.0,3388685.0,13,240,6,3,2585.0,9.2,499,0,5,416030,3388600,501,0,5,-99.5,512,215.0,-85.0,231.19256043393784,2,-81.57130719125459,-11,9,3,2.7240436694259316
607,334601,415815.0,3388685.0,13,240,6,3,2585.0,9.2,499,0,5,416020,3388590,501,0,5,-96.71,512,205.0,-95.0,225.94247055390008,2,-84.86369657175186,-11,9,3,2.7872419576657657
608,334601,415815.0,3388685.0,13,240,6,3,2585.0,9.2,499,0,5,416025,3388585,502,0,5,-96.25,512,210.0,-100.0,232.59406699226014,3,-85.46334506187162,-10,9,3,2.4618218755084564
609,334601,415815.0,3388685.0,13,240,6,3,2585.0,9.2,499,0,5,416035,3388595,501,0,5,-98.56,512,220.0,-90.0,237.69728648009425,2,-82.24902365721238,-11,9,3,2.649606336184021
610,334601,415815.0,3388685.0,13,240,6,3,2585.0,9.2,499,0,5,416015,3388575,502,30,5,-101.0,512,200.0,-110.0,228.25424421026653,3,-88.81079374297306,-10,9,3,2.508569525221504
611,334601,415815.0,3388685.0,13,240,6,3,2585.0,9.2,499,0,5,419995,3388455,513,0,6,-94.33,512,4180.0,-230.0,4186.3229689072,14,-63.1494626762983,1,9,3,-0.013686420959123036
612,334601,415815.0,3388685.0,13,240,6,3,2585.0,9.2,499,0,5,419950,3388420,513,21,5,-103.0,512,4135.0,-265.0,4143.482834524599,14,-63.66690346552187,1,9,3,-0.013827927057704905
613,334601,415815.0,3388685.0,13,240,6,3,2585.0,9.2,499,0,5,419880,3388390,512,0,5,-122.25,512,4065.0,-295.0,4075.6901256106307,13,-64.15071990147777,0,9,3,0.0
614,334601,415815.0,3388685.0,13,240,6,3,2585.0,9.2,499,0,5,419980,3388450,513,0,6,-93.83,512,4165.0,-235.0,4171.624383858163,14,-63.22935109241914,1,9,3,-0.013734644623643247
615,334601,415815.0,3388685.0,13,240,6,3,2585.0,9.2,499,0,5,419990,3388460,513,0,6,-92.91,512,4175.0,-225.0,4181.0584784238545,14,-63.084812330497584,1,9,3,-0.013703653923100013
616,334601,415815.0,3388685.0,13,240,6,3,2585.0,9.2,499,0,5,419985,3388445,513,0,6,-93.77,512,4170.0,-240.0,4176.900764921284,14,-63.2939649878451,1,9,3,-0.013717294626573997
617,334601,415815.0,3388685.0,13,240,6,3,2585.0,9.2,499,0,5,419955,3388415,513,0,5,-99.0,512,4140.0,-270.0,4148.795005781799,14,-63.73139699916044,1,9,3,-0.013810221600165228
618,334601,415815.0,3388685.0,13,240,6,3,2585.0,9.2,499,0,5,419975,3388475,512,0,6,-96.17,512,4160.0,-210.0,4165.297108250503,13,-62.889881919611724,0,9,3,0.0
619,334601,415815.0,3388685.0,13,240,6,3,2585.0,9.2,499,0,5,415785,3388845,496,0,14,-98.67,512,-30.0,160.0,162.78820596099706,-3,40.61965527615513,-16,9,3,5.613413245637428
620,334601,415815.0,3388685.0,13,240,6,3,2585.0,9.2,499,0,5,415800,3388830,496,0,14,-101.33,512,-15.0,145.0,145.7737973711325,-3,35.9061411137705,-16,9,3,6.263660281849493
621,334601,415815.0,3388685.0,13,240,6,3,2585.0,9.2,499,0,5,415810,3388655,501,0,5,-82.0,512,-5.0,-30.0,30.4138126514911,2,-159.46232220802563,-11,9,3,19.883931077618954
622,334601,415815.0,3388685.0,13,240,6,3,2585.0,9.2,499,0,5,415870,3388635,502,0,14,-85.0,512,55.0,-50.0,74.33034373659252,3,-102.27368900609375,-10,9,3,7.662255660766065
623,334601,415815.0,3388685.0,13,240,6,3,2585.0,9.2,499,0,5,415905,3388590,502,0,14,-91.0,512,90.0,-95.0,130.86252328302402,3,-106.54815769897797,-10,9,3,4.36982587280222
624,334601,415815.0,3388685.0,13,240,6,3,2585.0,9.2,499,0,5,415825,3388670,500,0,5,-94.5,512,10.0,-15.0,18.027756377319946,1,-116.30993247402021,-12,9,3,33.64933349870999
625,334601,415815.0,3388685.0,13,240,6,3,2585.0,9.2,499,0,5,415760,3388685,500,0,5,-77.3,512,-55.0,0.0,55.0,1,120.0,-12,9,3,12.308015817427927
626,334601,415815.0,3388685.0,13,240,6,3,2585.0,9.2,499,0,5,415765,3388690,500,0,5,-75.25,512,-50.0,5.0,50.24937810560445,1,114.28940686250036,-12,9,3,13.431189072286667
627,334601,415815.0,3388685.0,13,240,6,3,2585.0,9.2,499,0,5,415785,3388710,499,0,5,-89.36,512,-30.0,25.0,39.05124837953327,0,80.19442890773485,-13,9,3,18.412388460181283
628,334601,415815.0,3388685.0,13,240,6,3,2585.0,9.2,499,0,5,415795,3388720,498,0,5,-89.14,512,-20.0,35.0,40.311288741492746,-1,59.74488129694225,-14,9,3,19.15197398160901
629,334601,415815.0,3388685.0,13,240,6,3,2585.0,9.2,499,0,5,415790,3388715,498,0,5,-90.0,512,-25.0,30.0,39.05124837953327,-1,69.80557109226521,-14,9,3,19.722922439646663
630,334601,415815.0,3388685.0,13,240,6,3,2585.0,9.2,499,0,5,415770,3388695,500,0,5,-77.67,512,-45.0,10.0,46.09772228646444,1,107.47119229084848,-12,9,3,14.591203407659627
631,334601,415815.0,3388685.0,13,240,6,3,2585.0,9.2,499,0,5,415800,3388645,501,0,5,-89.5,512,-15.0,-40.0,42.720018726587654,2,-170.55604521958347,-11,9,3,14.43945593735666
632,334601,415815.0,3388685.0,13,240,6,3,2585.0,9.2,499,0,5,415775,3388700,499,0,5,-80.05,512,-40.0,15.0,42.720018726587654,0,99.44395478041656,-13,9,3,16.925371273340737
633,334601,415815.0,3388685.0,13,240,6,3,2585.0,9.2,499,0,5,415780,3388705,499,0,5,-86.0,512,-35.0,20.0,40.311288741492746,0,90.25511870305775,-13,9,3,17.874008470120444
634,334601,415815.0,3388685.0,13,240,6,3,2585.0,9.2,499,0,5,415880,3388565,502,0,5,-98.0,512,65.0,-120.0,136.4734406395618,3,-121.55707137563667,-10,9,3,4.190820246084337
635,334601,415815.0,3388685.0,13,240,6,3,2585.0,9.2,499,0,5,415885,3388570,502,0,5,-98.5,512,70.0,-115.0,134.6291201783626,3,-118.67130713219584,-10,9,3,4.248022666728544
636,334601,415815.0,3388685.0,13,240,6,3,2585.0,9.2,499,0,5,415935,3388540,502,0,5,-103.0,512,120.0,-145.0,188.2153022471871,3,-110.3893117599734,-10,9,3,3.0413020198042204
637,334601,415815.0,3388685.0,13,240,6,3,2585.0,9.2,499,0,5,419975,3387895,517,0,6,-96.84,512,4160.0,-790.0,4234.347647513133,18,-70.75264973804096,5,9,3,-0.06765593859177664
638,334601,415815.0,3388685.0,13,240,6,3,2585.0,9.2,499,0,5,419970,3387900,518,0,6,-96.17,512,4155.0,-785.0,4228.504463755477,19,-70.69872981088176,6,9,3,-0.08129929844165781
639,334601,415815.0,3388685.0,13,240,6,3,2585.0,9.2,499,0,5,419985,3387905,517,0,6,-100.29,512,4170.0,-780.0,4242.322477134429,18,-70.59476571233714,5,9,3,-0.0675287572928718
640,334601,415815.0,3388685.0,13,240,6,3,2585.0,9.2,499,0,5,419980,3387910,517,0,7,-95.91,512,4165.0,-775.0,4236.49029268332,18,-70.54072979785565,5,9,3,-0.06762172099055613
641,334601,415815.0,3388685.0,13,240,6,3,2585.0,9.2,499,0,5,419965,3387885,518,0,6,-98.8,512,4150.0,-800.0,4226.405091800832,19,-70.91112838428339,6,9,3,-0.0813396819908229
642,334601,415815.0,3388685.0,13,240,6,3,2585.0,9.2,499,0,5,419940,3388070,518,0,5,-97.0,512,4125.0,-615.0,4170.593482947002,19,-68.47981792685005,6,9,3,-0.08242818229938369
643,334601,415815.0,3388685.0,13,240,6,3,2585.0,9.2,499,0,5,419950,3388080,518,0,5,-99.67,512,4135.0,-605.0,4179.025005907479,19,-68.3239959609094,6,9,3,-0.08226187696390132
644,334601,415815.0,3388685.0,13,240,6,3,2585.0,9.2,499,0,5,419945,3388065,518,0,5,-93.33,512,4130.0,-620.0,4176.278247435149,19,-68.53754938679461,6,9,3,-0.08231598092520222
645,334601,415815.0,3388685.0,13,240,6,3,2585.0,9.2,499,0,5,419895,3388095,518,0,5,-115.33,512,4080.0,-590.0,4122.43859869374,19,-68.22837975265085,6,9,3,-0.08339103812115489
646,334601,415815.0,3388685.0,13,240,6,3,2585.0,9.2,499,0,5,419985,3388025,518,0,6,-97.44,512,4170.0,-660.0,4221.90715198712,19,-68.99379239875557,6,9,3,-0.08142633962883711
647,334601,415815.0,3388685.0,13,240,6,3,2585.0,9.2,499,0,5,419905,3388105,518,0,5,-111.5,512,4090.0,-580.0,4130.9199943838175,19,-68.0712570004749,6,9,3,-0.0832198241067165
648,334601,415815.0,3388685.0,13,240,6,3,2585.0,9.2,499,0,5,419875,3388155,517,0,7,-117.5,512,4060.0,-530.0,4094.44745967023,18,-67.43744101100629,5,9,3,-0.0699676227339042
649,334601,415815.0,3388685.0,13,240,6,3,2585.0,9.2,499,0,5,419990,3388040,518,0,6,-96.67,512,4175.0,-645.0,4224.529559607791,19,-68.78225246354037,6,9,3,-0.0813757937009871
650,334601,415815.0,3388685.0,13,240,6,3,2585.0,9.2,499,0,5,419980,3388030,518,0,6,-93.15,512,4165.0,-655.0,4216.189037507687,19,-68.9373024643084,6,9,3,-0.08153677217806646
651,334601,415815.0,3388685.0,13,240,6,3,2585.0,9.2,499,0,5,419970,3388020,518,0,6,-95.1,512,4155.0,-665.0,4207.879513484197,19,-69.09296597979218,6,9,3,-0.08169778697128571
652,334601,415815.0,3388685.0,13,240,6,3,2585.0,9.2,499,0,5,419975,3388015,518,0,6,-93.67,512,4160.0,-670.0,4213.6089044903065,19,-69.14935578764647,6,9,3,-0.08158669979083351
653,334601,415815.0,3388685.0,13,240,6,3,2585.0,9.2,499,0,5,419995,3388035,518,0,6,-95.39,512,4180.0,-650.0,4230.236400013598,19,-68.8388404735339,6,9,3,-0.08126601306454528
654,334601,415815.0,3388685.0,13,240,6,3,2585.0,9.2,499,0,5,419955,3388075,518,0,6,-94.4,512,4140.0,-610.0,4184.698316485908,19,-68.38182264528578,6,9,3,-0.08215035242821496
655,334601,415815.0,3388685.0,13,240,6,3,2585.0,9.2,499,0,5,419960,3388010,518,0,6,-89.31,512,4145.0,-675.0,4199.601171539984,19,-69.24924434697647,6,9,3,-0.08185883114419028
656,334601,415815.0,3388685.0,13,240,6,3,2585.0,9.2,499,0,5,419965,3388005,518,0,6,-91.62,512,4150.0,-680.0,4205.341841039798,19,-69.30553195960616,6,9,3,-0.08174708663569648
657,334601,415815.0,3388685.0,13,240,6,3,2585.0,9.2,499,0,5,419855,3388135,516,0,5,-112.5,512,4040.0,-550.0,4077.266241000212,17,-67.7525081638841,4,9,3,-0.056209977710399824
658,334601,415815.0,3388685.0,13,240,6,3,2585.0,9.2,499,0,5,419900,3388110,517,0,5,-107.67,512,4085.0,-575.0,4125.269688153733,18,-68.01225038560685,5,9,3,-0.06944485547324654
659,334601,415815.0,3388685.0,13,240,6,3,2585.0,9.2,499,0,5,419875,3388235,517,0,5,-125.0,512,4060.0,-450.0,4084.8622987807066,18,-66.32470221411288,5,9,3,-0.07013180213649438
660,334601,415815.0,3388685.0,13,240,6,3,2585.0,9.2,499,0,5,419990,3388280,517,0,6,-98.67,512,4175.0,-405.0,4194.597716110568,18,-65.54069747984951,5,9,3,-0.06829707668522302
661,334601,415815.0,3388685.0,13,240,6,3,2585.0,9.2,499,0,5,419960,3388250,518,0,6,-85.0,512,4145.0,-435.0,4167.763189049973,19,-65.99101670235154,6,9,3,-0.08248415852655736
662,334601,415815.0,3388685.0,13,240,6,3,2585.0,9.2,499,0,5,419980,3388270,517,0,7,-98.5,512,4165.0,-415.0,4185.624206734284,18,-65.69016197961855,5,9,3,-0.06844349782704784
663,334601,415815.0,3388685.0,13,240,6,3,2585.0,9.2,499,0,5,419970,3388260,517,0,6,-92.4,512,4155.0,-425.0,4176.679302987003,18,-65.84026769997791,5,9,3,-0.0685900783690255
664,334601,415815.0,3388685.0,13,240,6,3,2585.0,9.2,499,0,5,419975,3388255,518,0,6,-91.57,512,4160.0,-430.0,4182.164511350552,19,-65.9014420422225,6,9,3,-0.08220012395172964
665,334601,415815.0,3388685.0,13,240,6,3,2585.0,9.2,499,0,5,419965,3388245,518,0,7,-92.44,512,4150.0,-440.0,4173.260116503643,19,-66.05212330506552,6,9,3,-0.08237551233686041
666,334601,415815.0,3388685.0,13,240,6,3,2585.0,9.2,499,0,5,419975,3388565,510,0,5,-93.5,512,4160.0,-120.0,4161.730409336962,11,-61.6523046776513,-2,9,3,0.027534592329083913
667,334601,415815.0,3388685.0,13,240,6,3,2585.0,9.2,499,0,5,419995,3388585,510,0,7,-95.0,512,4180.0,-100.0,4181.196001146083,11,-61.37045101779961,-2,9,3,0.02740640483134033
668,334601,415815.0,3388685.0,13,240,6,3,2585.0,9.2,499,0,5,419970,3388435,513,0,6,-90.0,512,4155.0,-250.0,4162.514264239823,14,-63.443248358921124,1,9,3,-0.013764704400663741
669,334601,415815.0,3388685.0,13,240,6,3,2585.0,9.2,499,0,5,419995,3388420,514,0,6,-99.0,512,4180.0,-265.0,4188.391696104843,15,-63.62753321118427,2,9,3,-0.027359320386191023
670,334601,415815.0,3388685.0,13,240,6,3,2585.0,9.2,499,0,5,419960,3388425,513,0,5,-105.83,512,4145.0,-260.0,4153.146397612297,14,-63.58924270599999,1,9,3,-0.013795752164857334
671,334601,415815.0,3388685.0,13,240,6,3,2585.0,9.2,499,0,5,419980,3388405,514,0,6,-92.48,512,4165.0,-280.0,4174.401154656797,15,-63.84603009004738,2,9,3,-0.027451015370260325
672,334601,415815.0,3388685.0,13,240,6,3,2585.0,9.2,499,0,5,419985,3388410,514,0,6,-94.68,512,4170.0,-275.0,4179.057908189357,15,-63.77303528574831,2,9,3,-0.02742042651600741
673,334601,415815.0,3388685.0,13,240,6,3,2585.0,9.2,499,0,5,419975,3388440,513,0,6,-90.86,512,4160.0,-245.0,4167.208298129576,14,-63.37049756749647,1,9,3,-0.013749199539414954
674,334601,415815.0,3388685.0,13,240,6,3,2585.0,9.2,499,0,5,419990,3388415,514,0,6,-96.0,512,4175.0,-270.0,4183.721429540929,15,-63.70020309552845,2,9,3,-0.027389861449191314
675,334601,415815.0,3388685.0,13,240,6,3,2585.0,9.2,499,0,5,419965,3388430,513,0,5,-101.25,512,4150.0,-255.0,4157.826956476183,14,-63.51616329868699,1,9,3,-0.013780221978473048
676,334601,415815.0,3388685.0,13,240,6,3,2585.0,9.2,499,0,5,415520,3388735,505,0,6,-126.0,512,-295.0,50.0,299.2072860075436,6,110.38027220030119,-7,9,3,1.3401990068863183
677,334601,415815.0,3388685.0,13,240,6,3,2585.0,9.2,499,0,5,419990,3388335,517,0,6,-94.67,512,4175.0,-350.0,4189.644973025757,18,-64.79203404693195,5,9,3,-0.06837781325251166
678,334601,415815.0,3388685.0,13,240,6,3,2585.0,9.2,499,0,5,419900,3388405,512,21,12,-121.0,512,4085.0,-280.0,4094.5848385398,13,-63.92111742998577,0,9,3,0.0
679,334601,415815.0,3388685.0,13,240,6,3,2585.0,9.2,499,0,5,419965,3388350,515,0,6,-92.33,512,4150.0,-335.0,4163.499129338206,16,-64.61507413027556,3,9,3,-0.041284338834300334
680,334601,415815.0,3388685.0,13,240,6,3,2585.0,9.2,499,0,5,419975,3388360,515,0,6,-92.11,512,4160.0,-325.0,4172.6759998830485,16,-64.46715906138928,3,9,3,-0.04119354316688665
681,334601,415815.0,3388685.0,13,240,6,3,2585.0,9.2,499,0,5,419985,3388330,517,0,7,-94.5,512,4170.0,-355.0,4185.083631183492,18,-64.8659656251244,5,9,3,-0.0684523384738764
682,334601,415815.0,3388685.0,13,240,6,3,2585.0,9.2,499,0,5,419980,3388325,517,0,6,-97.24,512,4165.0,-360.0,4180.52927271177,18,-64.94005841220738,5,9,3,-0.06852691185206802
683,334601,415815.0,3388685.0,13,240,6,3,2585.0,9.2,499,0,5,419970,3388355,515,0,6,-97.61,512,4155.0,-330.0,4168.084092241902,16,-64.54103517970503,3,9,3,-0.04123892537995039
684,334601,415815.0,3388685.0,13,240,6,3,2585.0,9.2,499,0,5,419980,3388510,511,0,7,-91.33,512,4165.0,-175.0,4168.674849397587,12,-62.40597051664531,-1,9,3,0.013744362533418217
685,334601,415815.0,3388685.0,13,240,6,3,2585.0,9.2,499,0,5,419990,3388520,511,0,6,-90.15,512,4175.0,-165.0,4178.259206894661,12,-62.26320628563445,-1,9,3,0.01371283483910091
686,334601,415815.0,3388685.0,13,240,6,3,2585.0,9.2,499,0,5,419985,3388505,511,0,6,-93.42,512,4170.0,-180.0,4173.88308413161,12,-62.471664761633406,-1,9,3,0.013727212109661819
687,334601,415815.0,3388685.0,13,240,6,3,2585.0,9.2,499,0,5,419995,3388515,511,0,7,-90.94,512,4180.0,-170.0,4183.455509504075,12,-62.32892765005215,-1,9,3,0.013695802020996593
688,334601,415815.0,3388685.0,13,240,6,3,2585.0,9.2,499,0,5,419975,3388495,511,0,6,-99.5,512,4160.0,-190.0,4164.336681873837,12,-62.615057192927196,-1,9,3,0.013758680622814224
689,334601,415815.0,3388685.0,13,240,6,3,2585.0,9.2,499,0,5,419950,3388560,510,6,5,-96.0,512,4135.0,-125.0,4136.888927684668,11,-61.731509554559466,-2,9,3,0.027699933960401758
690,334601,415815.0,3388685.0,13,240,6,3,2585.0,9.2,499,0,5,419990,3388555,510,0,7,-88.88,512,4175.0,-130.0,4177.023461748809,11,-61.78348395237907,-2,9,3,0.027433781811018448
691,334601,415815.0,3388685.0,13,240,6,3,2585.0,9.2,499,0,5,419995,3388560,510,0,6,-93.85,512,4180.0,-125.0,4181.8686014747045,11,-61.71288006637363,-2,9,3,0.027401996860683786
692,334601,415815.0,3388685.0,13,240,6,3,2585.0,9.2,499,0,5,419980,3388545,511,0,6,-88.0,512,4165.0,-140.0,4167.352276925962,12,-61.92518370832315,-1,9,3,0.013748724515228513
693,334601,415815.0,3388685.0,13,240,6,3,2585.0,9.2,499,0,5,419985,3388550,511,0,6,-87.4,512,4170.0,-135.0,4172.184679517435,12,-61.85425171484778,-1,9,3,0.013732800155562217
694,334601,415815.0,3388685.0,13,240,6,3,2585.0,9.2,499,0,5,415760,3388570,504,0,5,-98.0,512,-55.0,-115.0,127.47548783981962,5,-175.55996517182382,-8,9,3,3.5910111760646792
695,334601,415815.0,3388685.0,13,240,6,3,2585.0,9.2,499,0,5,415905,3388705,499,0,5,-94.6,512,90.0,20.0,92.19544457292888,0,-47.47119229084848,-13,9,3,8.026066553900723
696,334601,415815.0,3388685.0,13,240,6,3,2585.0,9.2,499,0,5,415630,3388515,506,5,5,-100.0,512,-185.0,-170.0,251.24689052802225,7,-197.41950921665634,-6,9,3,1.3680143363488841
697,334601,415815.0,3388685.0,13,240,6,3,2585.0,9.2,499,0,5,415615,3388500,505,5,5,-96.5,512,-200.0,-185.0,272.44265451650557,6,-197.23117460803127,-7,9,3,1.4718041711593646
698,334601,415815.0,3388685.0,13,240,6,3,2585.0,9.2,499,0,5,415640,3388525,506,0,5,-108.67,512,-175.0,-160.0,237.11811402758752,7,-197.56377021146503,-6,9,3,1.449494212852461
699,334601,415815.0,3388685.0,13,240,6,3,2585.0,9.2,499,0,5,415625,3388510,506,5,5,-106.0,512,-190.0,-175.0,258.3118270617898,7,-197.3532968661083,-6,9,3,1.3306122125711572
700,334601,415815.0,3388685.0,13,240,6,3,2585.0,9.2,499,0,5,415620,3388505,505,5,5,-110.5,512,-195.0,-180.0,265.37709019431196,6,-197.29061004263855,-7,9,3,1.510972468491436
701,334601,415815.0,3388685.0,13,240,6,3,2585.0,9.2,499,0,5,415585,3388630,507,0,14,-121.5,512,-230.0,-55.0,236.48467180770933,8,-226.55138494831348,-5,9,3,1.2112253147830685
702,334601,415815.0,3388685.0,13,240,6,3,2585.0,9.2,499,0,5,415610,3388495,505,5,5,-95.0,512,-205.0,-190.0,279.5084971874737,6,-197.17474411461006,-7,9,3,1.4346134078336898
703,334601,415815.0,3388685.0,13,240,6,3,2585.0,9.2,499,0,5,415635,3388520,506,0,5,-101.0,512,-180.0,-165.0,244.1823089414956,7,-197.48955292199918,-6,9,3,1.4075774623694992
704,334601,415815.0,3388685.0,13,240,6,3,2585.0,9.2,499,0,5,415820,3388805,495,0,6,-97.0,512,5.0,120.0,120.10412149464314,-4,27.614055969611172,-17,9,3,8.056347732591933
705,334601,415815.0,3388685.0,13,240,6,3,2585.0,9.2,499,0,5,415825,3388810,495,0,6,-95.0,512,10.0,125.0,125.39936203984452,-4,25.426078740099115,-17,9,3,7.720343731767771
706,334601,415815.0,3388685.0,13,240,6,3,2585.0,9.2,499,0,5,415765,3388870,496,0,14,-98.0,512,-50.0,185.0,191.637678967368,-3,45.12400730831058,-16,9,3,4.7726065371305335
707,334601,415815.0,3388685.0,13,240,6,3,2585.0,9.2,499,0,5,419985,3388180,518,0,6,-96.33,512,4170.0,-505.0,4200.4672359155475,19,-66.9050720184776,6,9,3,-0.0818419532786926
708,334601,415815.0,3388685.0,13,240,6,3,2585.0,9.2,499,0,5,419880,3388275,516,0,12,-109.0,512,4065.0,-410.0,4085.6241873182607,17,-65.75943268443726,4,9,3,-0.056094989240049756
709,334601,415815.0,3388685.0,13,240,6,3,2585.0,9.2,499,0,5,419890,3388265,516,24,5,-111.0,512,4075.0,-420.0,4096.586994072017,17,-65.8845535560522,4,9,3,-0.05594487448930958
710,334601,415815.0,3388685.0,13,240,6,3,2585.0,9.2,499,0,5,419975,3388190,518,0,6,-92.33,512,4160.0,-495.0,4189.346607765941,19,-66.78574108706883,6,9,3,-0.08205920259504879
711,334601,415815.0,3388685.0,13,240,6,3,2585.0,9.2,499,0,5,419960,3388195,518,0,6,-92.14,512,4145.0,-490.0,4173.862120386824,19,-66.74191506293309,6,9,3,-0.08236363118013959
712,334601,415815.0,3388685.0,13,240,6,3,2585.0,9.2,499,0,5,419970,3388185,518,0,6,-89.27,512,4155.0,-500.0,4184.9761050691795,19,-66.86180403857838,6,9,3,-0.08214489949415493
713,334601,415815.0,3388685.0,13,240,6,3,2585.0,9.2,499,0,5,419965,3388200,518,0,7,-90.25,512,4150.0,-485.0,4178.244248485242,19,-66.66577546474778,6,9,3,-0.08227724860780244
714,334601,415815.0,3388685.0,13,240,6,3,2585.0,9.2,499,0,5,415840,3388680,500,0,5,-79.0,512,25.0,-5.0,25.495097567963924,1,-71.3099324740202,-12,9,3,25.205368146057527
715,334601,415815.0,3388685.0,13,240,6,3,2585.0,9.2,499,0,5,415850,3388670,501,0,5,-87.0,512,35.0,-15.0,38.07886552931954,2,-83.19859051364818,-11,9,3,16.11263892359911
716,334601,415815.0,3388685.0,13,240,6,3,2585.0,9.2,499,0,5,415895,3388705,499,0,5,-90.0,512,80.0,20.0,82.46211251235322,0,-45.96375653207352,-13,9,3,8.958841720318532
717,334601,415815.0,3388685.0,13,240,6,3,2585.0,9.2,499,0,5,415900,3388700,499,0,5,-90.0,512,85.0,15.0,86.31338250816034,0,-49.99202019855866,-13,9,3,8.565165530238739
718,334601,415815.0,3388685.0,13,240,6,3,2585.0,9.2,499,0,5,415890,3388710,498,0,5,-91.0,512,75.0,25.0,79.05694150420949,-1,-41.565051177077976,-14,9,3,10.042257829536542
719,334601,415815.0,3388685.0,13,240,6,3,2585.0,9.2,499,0,5,415910,3388690,499,0,5,-91.6,512,95.0,5.0,95.13148795220224,0,-56.987212495816664,-13,9,3,7.7814401319664555
720,334601,415815.0,3388685.0,13,240,6,3,2585.0,9.2,499,0,5,415865,3388655,501,0,5,-93.0,512,50.0,-30.0,58.309518948453004,2,-90.96375653207352,-11,9,3,10.683208254258416
721,334601,415815.0,3388685.0,13,240,6,3,2585.0,9.2,499,0,5,419960,3388420,513,0,5,-102.67,512,4145.0,-265.0,4153.462411049364,14,-63.65808094495165,1,9,3,-0.013794702524230163
722,334601,415815.0,3388685.0,13,240,6,3,2585.0,9.2,499,0,5,419965,3388415,513,0,5,-91.33,512,4150.0,-270.0,4158.773857761444,14,-63.722430991276866,1,9,3,-0.013777084392769699
723,334601,415815.0,3388685.0,13,240,6,3,2585.0,9.2,499,0,5,419875,3388385,512,0,5,-113.67,512,4060.0,-300.0,4071.0686557708655,13,-64.22599817795845,0,9,3,0.0
724,334601,415815.0,3388685.0,13,240,6,3,2585.0,9.2,499,0,5,419985,3388435,513,0,6,-95.06,512,4170.0,-250.0,4177.4872830446775,14,-63.43089221289404,1,9,3,-0.013715368722064913
725,334601,415815.0,3388685.0,13,240,6,3,2585.0,9.2,499,0,5,419975,3388405,514,0,7,-92.18,512,4160.0,-280.0,4169.412428628283,15,-63.85063882391074,2,9,3,-0.02748386066350881
726,334601,415815.0,3388685.0,13,240,6,3,2585.0,9.2,499,0,5,419870,3388390,512,0,5,-115.6,512,4055.0,-295.0,4065.716419033674,13,-64.16092004798895,0,9,3,0.0
727,334601,415815.0,3388685.0,13,240,6,3,2585.0,9.2,499,0,5,419980,3388440,513,0,6,-94.33,512,4165.0,-245.0,4172.199659651968,14,-63.36646066342979,1,9,3,-0.013732750848433424
728,334601,415815.0,3388685.0,13,240,6,3,2585.0,9.2,499,0,5,419990,3388430,514,0,6,-91.71,512,4175.0,-255.0,4182.78017591171,15,-63.49516078000818,2,9,3,-0.02739602500584014
729,334601,415815.0,3388685.0,13,240,6,3,2585.0,9.2,499,0,5,419970,3388410,514,0,6,-89.83,512,4155.0,-275.0,4164.090536960021,15,-63.786616795092215,2,9,3,-0.02751898624622576
730,334601,415815.0,3388685.0,13,240,6,3,2585.0,9.2,499,0,5,419995,3388425,514,0,6,-94.0,512,4180.0,-260.0,4188.078318274385,15,-63.55926682128322,2,9,3,-0.027361367578843686
731,334601,415815.0,3388685.0,13,240,6,3,2585.0,9.2,499,0,5,415750,3388585,504,0,5,-92.5,512,-65.0,-100.0,119.26860441876563,5,-183.02386755579664,-8,9,3,3.8373943667518082
732,334601,415815.0,3388685.0,13,240,6,3,2585.0,9.2,499,0,5,415965,3388660,500,0,5,-93.89,512,150.0,-25.0,152.0690632574555,1,-69.46232220802563,-12,9,3,4.511946864480255
733,334601,415815.0,3388685.0,13,240,6,3,2585.0,9.2,499,0,5,415975,3388650,501,0,5,-96.5,512,160.0,-35.0,163.783393541592,2,-72.33908727832619,-11,9,3,3.842321773501071
734,334601,415815.0,3388685.0,13,240,6,3,2585.0,9.2,499,0,5,415845,3388780,495,0,5,-93.0,512,30.0,95.0,99.62429422585637,-4,12.474431626277124,-17,9,3,9.683742580929787
735,334601,415815.0,3388685.0,13,240,6,3,2585.0,9.2,499,0,5,415970,3388645,501,0,5,-92.5,512,155.0,-40.0,160.0781059358212,2,-74.4702941000659,-11,9,3,3.930983335744289
736,334601,415815.0,3388685.0,13,240,6,3,2585.0,9.2,499,0,5,415920,3388695,499,0,5,-94.67,512,105.0,10.0,105.47511554864494,0,-54.55966796899449,-13,9,3,7.026372884218907
737,334601,415815.0,3388685.0,13,240,6,3,2585.0,9.2,499,0,5,415745,3388600,503,0,14,-91.25,512,-70.0,-85.0,110.11357772772621,4,-189.47245984834385,-9,9,3,4.672614664487052
738,334601,415815.0,3388685.0,13,240,6,3,2585.0,9.2,499,0,5,415695,3388610,504,0,5,-85.56,512,-120.0,-75.0,141.50971698084905,5,-207.9946167919165,-8,9,3,3.23567078317806
739,334601,415815.0,3388685.0,13,240,6,3,2585.0,9.2,499,0,5,415690,3388605,505,0,5,-90.54,512,-125.0,-80.0,148.4082207965583,6,-207.3807569288072,-7,9,3,2.7004799625256877
740,334601,415815.0,3388685.0,13,240,6,3,2585.0,9.2,499,0,5,415680,3388615,505,0,5,-88.26,512,-135.0,-70.0,152.0690632574555,6,-212.5924245621816,-7,9,3,2.635562612250094
741,334601,415815.0,3388685.0,13,240,6,3,2585.0,9.2,499,0,5,415885,3388740,497,0,5,-104.0,512,70.0,55.0,89.02246907382428,-2,-21.842773412630947,-15,9,3,9.564315991299747
742,334601,415815.0,3388685.0,13,240,6,3,2585.0,9.2,499,0,5,415960,3388655,501,0,5,-93.83,512,145.0,-30.0,148.07092894960846,2,-71.6893691754392,-11,9,3,4.248625883261355
743,334601,415815.0,3388685.0,13,240,6,3,2585.0,9.2,499,0,5,415685,3388620,505,0,5,-90.67,512,-130.0,-65.0,145.34441853748632,6,-213.434948822922,-7,9,3,2.75731805604091
744,334601,415815.0,3388685.0,13,240,6,3,2585.0,9.2,499,0,5,415925,3388700,499,0,5,-98.71,512,110.0,15.0,111.01801655587259,0,-52.23483398157467,-13,9,3,6.67881181217068
745,334601,415815.0,3388685.0,13,240,6,3,2585.0,9.2,499,0,5,415700,3388635,503,0,5,-86.0,512,-115.0,-50.0,125.39936203984452,4,-216.50143432404792,-9,9,3,4.105119326154769
746,334601,415815.0,3388685.0,13,240,6,3,2585.0,9.2,499,0,5,415715,3388630,503,0,10,-84.4,512,-100.0,-55.0,114.12712210513327,4,-211.18920625702694,-9,9,3,4.508981233370459
747,334601,415815.0,3388685.0,13,240,6,3,2585.0,9.2,499,0,5,415710,3388625,503,0,5,-78.6,512,-105.0,-60.0,120.93386622447825,4,-210.25511870305778,-9,9,3,4.256154139057605
748,334601,415815.0,3388685.0,13,240,6,3,2585.0,9.2,499,0,5,415930,3388685,499,0,5,-97.57,512,115.0,0.0,115.0,0,-60.0,-13,9,3,6.449534703842278
749,334601,415815.0,3388685.0,13,240,6,3,2585.0,9.2,499,0,5,415705,3388640,503,0,5,-87.67,512,-110.0,-45.0,118.84864324004712,4,-217.75097634278765,-9,9,3,4.33054756877446
750,334601,415815.0,3388685.0,13,240,6,3,2585.0,9.2,499,0,5,415895,3388730,497,0,5,-100.67,512,80.0,45.0,91.7877987534291,-2,-30.642246457208728,-15,9,3,9.281257808115864
751,334601,415815.0,3388685.0,13,240,6,3,2585.0,9.2,499,0,5,419950,3388430,512,21,5,-104.0,512,4135.0,-255.0,4142.855295566091,13,-63.52888625103668,0,9,3,0.0
752,334601,415815.0,3388685.0,13,240,6,3,2585.0,9.2,499,0,5,419910,3388390,513,0,5,-94.0,512,4095.0,-295.0,4105.612012842908,14,-64.12041681531306,1,9,3,-0.013955478062908182
753,334601,415815.0,3388685.0,13,240,6,3,2585.0,9.2,499,0,5,419900,3388400,512,21,5,-115.33,512,4085.0,-285.0,4094.929791827938,13,-63.990913098429786,0,9,3,0.0
754,334601,415815.0,3388685.0,13,240,6,3,2585.0,9.2,499,0,5,419995,3388465,513,0,6,-94.0,512,4180.0,-220.0,4185.785469896899,14,-63.012787504183336,1,9,3,-0.013688178439885753
755,334601,415815.0,3388685.0,13,240,6,3,2585.0,9.2,499,0,5,419955,3388425,513,21,5,-101.67,512,4140.0,-260.0,4148.156216923369,14,-63.59356618786521,1,9,3,-0.01381234828365725
756,334601,415815.0,3388685.0,13,240,6,3,2585.0,9.2,499,0,5,419975,3388445,513,0,6,-93.11,512,4160.0,-240.0,4166.917325793734,14,-63.30186567443499,1,9,3,-0.013750159634429939
757,334601,415815.0,3388685.0,13,240,6,3,2585.0,9.2,499,0,5,419970,3388450,512,0,6,-95.8,512,4155.0,-235.0,4161.640301611854,13,-63.23710678806873,0,9,3,0.0
758,334601,415815.0,3388685.0,13,240,6,3,2585.0,9.2,499,0,5,419905,3388395,513,0,5,-118.6,512,4090.0,-290.0,4100.268283905335,14,-64.05574930421992,1,9,3,-0.013973665723774164
759,334601,415815.0,3388685.0,13,240,6,3,2585.0,9.2,499,0,5,419990,3388470,512,0,6,-93.76,512,4175.0,-215.0,4180.532262762721,13,-62.94795700436569,0,9,3,0.0
760,334601,415815.0,3388685.0,13,240,6,3,2585.0,9.2,499,0,5,419985,3388475,512,0,6,-93.32,512,4170.0,-210.0,4175.284421449634,13,-62.88296345253954,0,9,3,0.0
761,334601,415815.0,3388685.0,13,240,6,3,2585.0,9.2,499,0,5,419965,3388455,512,0,5,-98.0,512,4150.0,-230.0,4156.3686073302015,13,-63.17218354583875,0,9,3,0.0
762,334601,415815.0,3388685.0,13,240,6,3,2585.0,9.2,499,0,5,419980,3388480,512,0,7,-94.7,512,4165.0,-205.0,4170.041966215688,13,-62.81780640069795,0,9,3,0.0
763,334601,415815.0,3388685.0,13,240,6,3,2585.0,9.2,499,0,5,419985,3388295,517,0,7,-99.0,512,4170.0,-390.0,4188.197703069902,18,-65.34305575857516,5,9,3,-0.06840144180774507
764,334601,415815.0,3388685.0,13,240,6,3,2585.0,9.2,499,0,5,419965,3388315,517,0,6,-83.5,512,4150.0,-370.0,4166.461328273671,18,-65.09482747914157,5,9,3,-0.06875829090217543
765,334601,415815.0,3388685.0,13,240,6,3,2585.0,9.2,499,0,5,419975,3388305,517,0,6,-95.04,512,4160.0,-380.0,4177.3197148410845,18,-65.21926452798823,5,9,3,-0.06857956304812568
766,334601,415815.0,3388685.0,13,240,6,3,2585.0,9.2,499,0,5,419855,3388185,517,0,12,-119.67,512,4040.0,-500.0,4070.823012610595,18,-67.05518606109669,5,9,3,-0.07037366955451378
767,334601,415815.0,3388685.0,13,240,6,3,2585.0,9.2,499,0,5,419980,3388300,517,0,6,-93.75,512,4165.0,-385.0,4182.756268299649,18,-65.28124062844512,5,9,3,-0.06849042658370953
768,334601,415815.0,3388685.0,13,240,6,3,2585.0,9.2,499,0,5,419970,3388310,517,0,7,-93.0,512,4155.0,-375.0,4171.888061777305,18,-65.15712697321786,5,9,3,-0.068668851167019
769,334601,415815.0,3388685.0,13,240,6,3,2585.0,9.2,499,0,5,416030,3388595,501,0,5,-101.33,512,215.0,-90.0,233.0772404161333,2,-82.71441235316723,-11,9,3,2.702049625912028
770,334601,415815.0,3388685.0,13,240,6,3,2585.0,9.2,499,0,5,416035,3388600,501,0,5,-97.0,512,220.0,-85.0,235.8495283014151,2,-81.1247191460725,-11,9,3,2.670334691161273
771,334601,415815.0,3388685.0,13,240,6,3,2585.0,9.2,499,0,5,416025,3388590,501,0,5,-98.33,512,210.0,-95.0,230.4886114323222,2,-84.34108993669253,-11,9,3,2.7323507447002413
772,334601,415815.0,3388685.0,13,240,6,3,2585.0,9.2,499,0,5,416020,3388585,502,0,5,-102.0,512,205.0,-100.0,228.08989455914087,3,-86.00334584451144,-10,9,3,2.5103747576794713
773,334601,415815.0,3388685.0,13,240,6,3,2585.0,9.2,499,0,5,419980,3388145,519,0,7,-95.0,512,4165.0,-540.0,4199.860116718175,20,-67.3872958466082,7,9,3,-0.09549605797807492
774,334601,415815.0,3388685.0,13,240,6,3,2585.0,9.2,499,0,5,419975,3388140,519,0,6,-94.4,512,4160.0,-545.0,4195.548235928172,20,-67.46379010689353,7,9,3,-0.09559420173212188
775,334601,415815.0,3388685.0,13,240,6,3,2585.0,9.2,499,0,5,419945,3388110,518,0,5,-99.75,512,4130.0,-575.0,4169.8351286351835,19,-67.92606533811875,6,9,3,-0.08244317322330741
776,334601,415815.0,3388685.0,13,240,6,3,2585.0,9.2,499,0,5,419965,3388130,519,0,6,-92.97,512,4150.0,-555.0,4186.946978408014,20,-67.61725060365288,7,9,3,-0.0957905808169751
777,334601,415815.0,3388685.0,13,240,6,3,2585.0,9.2,499,0,5,419970,3388135,519,0,6,-92.32,512,4155.0,-550.0,4191.2438487876125,20,-67.54044162250884,7,9,3,-0.09569237633200452
778,334601,415815.0,3388685.0,13,240,6,3,2585.0,9.2,499,0,5,419940,3388105,518,0,5,-99.38,512,4125.0,-580.0,4165.576190636777,19,-68.00366475025203,6,9,3,-0.08252746405408014
779,334601,415815.0,3388685.0,13,240,6,3,2585.0,9.2,499,0,5,419950,3388115,519,0,5,-100.3,512,4135.0,-570.0,4174.101699767269,20,-67.84862442114144,7,9,3,-0.09608536385936699
780,334601,415815.0,3388685.0,13,240,6,3,2585.0,9.2,499,0,5,419960,3388125,519,0,6,-92.07,512,4145.0,-560.0,4182.657647955424,20,-67.69421725912497,7,9,3,-0.09588881421859197
781,334601,415815.0,3388685.0,13,240,6,3,2585.0,9.2,499,0,5,419930,3388095,518,0,5,-103.0,512,4115.0,-590.0,4157.081307840875,19,-68.15933986455224,6,9,3,-0.08269610645244588
782,334601,415815.0,3388685.0,13,240,6,3,2585.0,9.2,499,0,5,419995,3388160,518,0,7,-95.0,512,4180.0,-525.0,4212.840490690337,19,-67.15875447514406,6,9,3,-0.08160158102390727
783,334601,415815.0,3388685.0,13,240,6,3,2585.0,9.2,499,0,5,419785,3388285,515,0,6,-118.5,512,3970.0,-400.0,3990.100249367176,16,-65.75345780245499,3,9,3,-0.04307844299839834
784,334601,415815.0,3388685.0,13,240,6,3,2585.0,9.2,499,0,5,419990,3388380,516,0,7,-94.4,512,4175.0,-305.0,4186.125893950157,17,-64.17825730946902,4,9,3,-0.054748245539286595
785,334601,415815.0,3388685.0,13,240,6,3,2585.0,9.2,499,0,5,419965,3388385,514,0,6,-90.0,512,4150.0,-300.0,4160.829244273309,15,-64.13467137373641,2,9,3,-0.027540555853989786
786,334601,415815.0,3388685.0,13,240,6,3,2585.0,9.2,499,0,5,419995,3388375,516,0,6,-96.0,512,4180.0,-310.0,4191.479452412955,17,-64.24144377503387,4,9,3,-0.05467831849837167
787,334601,415815.0,3388685.0,13,240,6,3,2585.0,9.2,499,0,5,419985,3388365,516,0,7,-94.38,512,4170.0,-320.0,4182.26015450976,17,-64.38819815182833,4,9,3,-0.05479885031164634
788,334601,415815.0,3388685.0,13,240,6,3,2585.0,9.2,499,0,5,419970,3388400,514,0,6,-93.5,512,4155.0,-285.0,4164.762898413306,15,-63.923889322752956,2,9,3,-0.027514543567688735
789,334601,415815.0,3388685.0,13,240,6,3,2585.0,9.2,499,0,5,419975,3388395,514,0,7,-90.85,512,4160.0,-290.0,4170.095922158146,15,-63.98772557245181,2,9,3,-0.027479355961840323
790,334601,415815.0,3388685.0,13,240,6,3,2585.0,9.2,499,0,5,419980,3388370,515,0,6,-93.02,512,4165.0,-315.0,4176.894779617988,16,-64.32506043473845,3,9,3,-0.04115193655851005
791,334601,415815.0,3388685.0,13,240,6,3,2585.0,9.2,499,0,5,415725,3388620,503,0,10,-84.5,512,-90.0,-65.0,111.01801655587259,4,-204.1623470457217,-9,9,3,4.634714438379844
792,334601,415815.0,3388685.0,13,240,6,3,2585.0,9.2,499,0,5,415715,3388590,504,63,5,-88.5,512,-100.0,-95.0,137.93114224133723,5,-196.46880071438582,-8,9,3,3.319433762809483
793,334601,415815.0,3388685.0,13,240,6,3,2585.0,9.2,499,0,5,415720,3388615,503,0,5,-87.0,512,-95.0,-70.0,118.00423721205946,4,-203.61564818416412,-9,9,3,4.36141663707282
794,334601,415815.0,3388685.0,13,240,6,3,2585.0,9.2,499,0,5,415950,3388665,500,0,5,-96.42,512,135.0,-20.0,136.4734406395618,1,-68.42696902148066,-12,9,3,5.025047997911769
795,334601,415815.0,3388685.0,13,240,6,3,2585.0,9.2,499,0,5,415940,3388675,500,0,5,-94.0,512,125.0,-10.0,125.39936203984452,1,-64.57392125990086,-12,9,3,5.466232679222325
796,334601,415815.0,3388685.0,13,240,6,3,2585.0,9.2,499,0,5,415955,3388670,500,0,5,-95.75,512,140.0,-15.0,140.80127840328723,1,-66.11550356628541,-12,9,3,4.871347014634027
797,334601,415815.0,3388685.0,13,240,6,3,2585.0,9.2,499,0,5,415945,3388680,500,0,5,-98.63,512,130.0,-5.0,130.09611831257686,1,-62.20259816176579,-12,9,3,5.270021416764185
798,334601,415815.0,3388685.0,13,240,6,3,2585.0,9.2,499,0,5,415575,3388680,506,0,6,-122.5,512,-240.0,-5.0,240.05207768315609,7,-238.80651057601798,-6,9,3,1.4317856298721507
799,334601,415815.0,3388685.0,13,240,6,3,2585.0,9.2,499,0,5,415560,3388665,506,0,14,-108.6,512,-255.0,-20.0,255.78311124857325,7,-235.51539399045538,-6,9,3,1.3437620740103964
800,334601,415815.0,3388685.0,13,240,6,3,2585.0,9.2,499,0,5,415550,3388695,505,0,5,-120.0,512,-265.0,10.0,265.1886121235224,6,117.83892051177361,-7,9,3,1.5120458668352665
801,334601,415815.0,3388685.0,13,240,6,3,2585.0,9.2,499,0,5,419955,3387945,517,0,5,-99.5,512,4140.0,-740.0,4205.615293866047,18,-70.13425128739567,5,9,3,-0.06811815693382142
802,334601,415815.0,3388685.0,13,240,6,3,2585.0,9.2,499,0,5,419930,3387930,518,0,15,-102.67,512,4115.0,-755.0,4183.68856393494,19,-70.39671562495761,6,9,3,-0.08217017976787772
803,334601,415815.0,3388685.0,13,240,6,3,2585.0,9.2,499,0,5,419935,3387925,518,0,15,-97.5,512,4120.0,-760.0,4189.510711288372,19,-70.4516329439887,6,9,3,-0.08205598833288116
804,334601,415815.0,3388685.0,13,240,6,3,2585.0,9.2,499,0,5,419960,3387980,517,0,5,-96.67,512,4145.0,-705.0,4204.527321828222,18,-69.652747362544,5,9,3,-0.06813578330998167
805,334601,415815.0,3388685.0,13,240,6,3,2585.0,9.2,499,0,5,419975,3387965,517,0,6,-92.52,512,4160.0,-720.0,4221.847936626804,18,-69.81930063875791,5,9,3,-0.06785624871550307
806,334601,415815.0,3388685.0,13,240,6,3,2585.0,9.2,499,0,5,419980,3388000,518,0,6,-91.49,512,4165.0,-685.0,4220.953683707036,19,-69.33958557499761,6,9,3,-0.08144473294306089
807,334601,415815.0,3388685.0,13,240,6,3,2585.0,9.2,499,0,5,419970,3387970,517,0,6,-90.75,512,4155.0,-715.0,4216.070445331767,18,-69.76393495071503,5,9,3,-0.06794923542528754
808,334601,415815.0,3388685.0,13,240,6,3,2585.0,9.2,499,0,5,419990,3387990,518,0,6,-93.57,512,4175.0,-695.0,4232.452007997255,19,-69.45119465339508,6,9,3,-0.08122347191210831
809,334601,415815.0,3388685.0,13,240,6,3,2585.0,9.2,499,0,5,419965,3387975,517,0,6,-96.67,512,4150.0,-710.0,4210.296901644823,18,-69.70841736573607,5,9,3,-0.06804241353595038
810,334601,415815.0,3388685.0,13,240,6,3,2585.0,9.2,499,0,5,419950,3387950,517,0,5,-102.0,512,4135.0,-735.0,4199.815472136841,18,-70.0791055601635,5,9,3,-0.06821222601764436
811,334601,415815.0,3388685.0,13,240,6,3,2585.0,9.2,499,0,5,419995,3387985,517,0,6,-98.67,512,4180.0,-700.0,4238.207168131355,18,-69.50677198926567,5,9,3,-0.06759432781222108
812,334601,415815.0,3388685.0,13,240,6,3,2585.0,9.2,499,0,5,419985,3387995,518,0,6,-90.94,512,4170.0,-690.0,4226.7008410816115,19,-69.3954660195669,6,9,3,-0.08133399052576926
813,334601,415815.0,3388685.0,13,240,6,3,2585.0,9.2,499,0,5,419945,3387955,518,0,5,-99.0,512,4130.0,-730.0,4194.019551695009,19,-70.02380736444013,6,9,3,-0.08196777299526443
814,334601,415815.0,3388685.0,13,240,6,3,2585.0,9.2,499,0,5,419960,3388355,515,0,5,-93.33,512,4145.0,-330.0,4158.115558759761,16,-64.55194464707898,3,9,3,-0.04133779022873122
815,334601,415815.0,3388685.0,13,240,6,3,2585.0,9.2,499,0,5,419990,3388325,517,0,6,-95.5,512,4175.0,-360.0,4190.49221452564,18,-64.92828428213363,5,9,3,-0.06836398851233726
816,334601,415815.0,3388685.0,13,240,6,3,2585.0,9.2,499,0,5,419975,3388350,516,0,6,-93.58,512,4160.0,-335.0,4173.466784341286,17,-64.60402795315764,4,9,3,-0.054914309785918575
817,334601,415815.0,3388685.0,13,240,6,3,2585.0,9.2,499,0,5,419985,3388340,516,0,7,-94.27,512,4170.0,-345.0,4184.247244128865,17,-64.7295269108856,4,9,3,-0.05477282647656128
818,334601,415815.0,3388685.0,13,240,6,3,2585.0,9.2,499,0,5,419980,3388335,516,0,6,-94.37,512,4165.0,-350.0,4179.680011675535,17,-64.80348575906908,4,9,3,-0.05483267796693523
819,334601,415815.0,3388685.0,13,240,6,3,2585.0,9.2,499,0,5,419970,3388345,516,0,7,-91.0,512,4155.0,-340.0,4168.8877413526025,17,-64.67804049020373,4,9,3,-0.05497462679289019
820,334601,415815.0,3388685.0,13,240,6,3,2585.0,9.2,499,0,5,415760,3388675,500,0,5,-84.0,512,-55.0,-10.0,55.90169943749474,1,-229.69515353123398,-12,9,3,12.115397353409604
821,334601,415815.0,3388685.0,13,240,6,3,2585.0,9.2,499,0,5,415820,3388695,499,0,5,-78.0,512,5.0,10.0,11.180339887498949,0,3.434948822922024,-13,9,3,49.30360784886906
822,334601,415815.0,3388685.0,13,240,6,3,2585.0,9.2,499,0,5,415865,3388580,502,0,14,-86.0,512,50.0,-105.0,116.29703349613007,3,-124.5366549381284,-10,9,3,4.914587361523426
823,334601,415815.0,3388685.0,13,240,6,3,2585.0,9.2,499,0,5,415785,3388660,501,0,5,-96.5,512,-30.0,-25.0,39.05124837953327,2,-200.19442890773482,-11,9,3,15.731526766293738
824,334601,415815.0,3388685.0,13,240,6,3,2585.0,9.2,499,0,5,415800,3388715,498,0,5,-93.67,512,-15.0,30.0,33.54101966249684,-1,56.565051177077976,-14,9,3,22.65562557771074
825,334601,415815.0,3388685.0,13,240,6,3,2585.0,9.2,499,0,5,415875,3388570,502,0,5,-103.0,512,60.0,-115.0,129.71121771072848,3,-122.4471884232822,-10,9,3,4.408459841001366
826,334601,415815.0,3388685.0,13,240,6,3,2585.0,9.2,499,0,5,415565,3388650,506,0,5,-103.0,512,-250.0,-35.0,252.43811122728675,7,-232.03038960567864,-6,9,3,1.3615613008162284
827,334601,415815.0,3388685.0,13,240,6,3,2585.0,9.2,499,0,5,415570,3388655,506,0,5,-101.5,512,-245.0,-30.0,246.82990094394967,7,-233.0189425931702,-6,9,3,1.3924852244529293
828,334601,415815.0,3388685.0,13,240,6,3,2585.0,9.2,499,0,5,419960,3388430,513,0,5,-107.5,512,4145.0,-255.0,4152.836380114199,14,-63.52039408983046,1,9,3,-0.013796782045164125
829,334601,415815.0,3388685.0,13,240,6,3,2585.0,9.2,499,0,5,419990,3388420,514,0,6,-94.67,512,4175.0,-265.0,4183.401725868554,15,-63.63186594142118,2,9,3,-0.02739195463519895
830,334601,415815.0,3388685.0,13,240,6,3,2585.0,9.2,499,0,5,419980,3388410,514,0,6,-92.71,512,4165.0,-275.0,4174.068758417859,15,-63.7775516331732,2,9,3,-0.027453201393873188
831,334601,415815.0,3388685.0,13,240,6,3,2585.0,9.2,499,0,5,419975,3388435,513,0,6,-95.29,512,4160.0,-250.0,4167.505248946904,14,-63.439119778434986,1,9,3,-0.013748219855973607
832,334601,415815.0,3388685.0,13,240,6,3,2585.0,9.2,499,0,5,419985,3388405,515,0,6,-92.37,512,4170.0,-280.0,4179.3899076300595,16,-63.84143235863806,3,9,3,-0.04112736854340577
833,334601,415815.0,3388685.0,13,240,6,3,2585.0,9.2,499,0,5,419970,3388440,513,0,6,-92.43,512,4155.0,-245.0,4162.216957343766,14,-63.3745441537138,1,9,3,-0.013765687612597423
834,334601,415815.0,3388685.0,13,240,6,3,2585.0,9.2,499,0,5,419995,3388415,515,0,6,-94.0,512,4180.0,-270.0,4188.7110189173945,16,-63.69578928951,3,9,3,-0.04103584810998962
835,334601,415815.0,3388685.0,13,240,6,3,2585.0,9.2,499,0,5,419945,3387950,518,0,5,-107.25,512,4130.0,-735.0,4194.892728068264,19,-70.09105723888891,6,9,3,-0.08195071124189841
836,334601,415815.0,3388685.0,13,240,6,3,2585.0,9.2,499,0,5,419930,3387935,518,0,5,-100.0,512,4115.0,-750.0,4182.789141231004,19,-70.32935016855004,6,9,3,-0.08218784874936452
837,334601,415815.0,3388685.0,13,240,6,3,2585.0,9.2,499,0,5,419940,3387945,518,0,5,-88.0,512,4125.0,-740.0,4190.850152415378,19,-70.17033522839529,6,9,3,-0.08202976238557232
838,334601,415815.0,3388685.0,13,240,6,3,2585.0,9.2,499,0,5,419955,3387960,517,0,5,-92.8,512,4140.0,-725.0,4203.001903401901,18,-69.93295952794958,5,9,3,-0.06816051217846641
839,334601,415815.0,3388685.0,13,240,6,3,2585.0,9.2,499,0,5,419965,3387970,517,0,6,-94.44,512,4150.0,-715.0,4211.142956490554,18,-69.7754718961325,5,9,3,-0.06802874324259461
840,334601,415815.0,3388685.0,13,240,6,3,2585.0,9.2,499,0,5,419990,3387995,518,0,6,-96.12,512,4175.0,-690.0,4231.633845218653,19,-69.38441424193996,6,9,3,-0.08123917599588303
841,334601,415815.0,3388685.0,13,240,6,3,2585.0,9.2,499,0,5,419975,3387980,517,0,6,-92.93,512,4160.0,-705.0,4219.315702812483,18,-69.61859318487242,5,9,3,-0.06789697278992594
842,334601,415815.0,3388685.0,13,240,6,3,2585.0,9.2,499,0,5,419960,3387965,517,0,5,-92.0,512,4145.0,-720.0,4207.068456776048,18,-69.85413952390783,5,9,3,-0.06809462827320084
843,334601,415815.0,3388685.0,13,240,6,3,2585.0,9.2,499,0,5,419970,3387975,517,0,6,-91.55,512,4155.0,-710.0,4215.225379502263,18,-69.6969564989273,5,9,3,-0.06796285783404923
844,334601,415815.0,3388685.0,13,240,6,3,2585.0,9.2,499,0,5,419980,3387985,517,0,6,-92.37,512,4165.0,-700.0,4223.413903467194,18,-69.54038180484264,5,9,3,-0.06783108884755622
845,334601,415815.0,3388685.0,13,240,6,3,2585.0,9.2,499,0,5,419995,3388000,518,0,6,-97.73,512,4180.0,-685.0,4235.755540632627,19,-69.30665775245328,6,9,3,-0.08116012452848889
846,334601,415815.0,3388685.0,13,240,6,3,2585.0,9.2,499,0,5,419985,3387990,518,0,6,-95.5,512,4170.0,-695.0,4227.519958557263,19,-69.46232220802563,6,9,3,-0.08131823140359298
847,334601,415815.0,3388685.0,13,240,6,3,2585.0,9.2,499,0,5,419950,3387955,517,0,5,-92.67,512,4135.0,-730.0,4198.943319455503,18,-70.01193205221199,5,9,3,-0.06822639420593936
848,334601,415815.0,3388685.0,13,240,6,3,2585.0,9.2,499,0,5,419885,3388390,512,0,5,-118.5,512,4070.0,-295.0,4080.6770271610567,13,-64.14563852616845,0,9,3,0.0
849,334601,415815.0,3388685.0,13,240,6,3,2585.0,9.2,499,0,5,419890,3388395,512,0,5,-121.0,512,4075.0,-290.0,4085.3059860921067,13,-64.07062834828511,0,9,3,0.0
850,334601,415815.0,3388685.0,13,240,6,3,2585.0,9.2,499,0,5,419975,3388480,511,0,6,-93.5,512,4160.0,-205.0,4165.048018930875,12,-62.82118771903467,-1,9,3,0.013756330815810243
851,334601,415815.0,3388685.0,13,240,6,3,2585.0,9.2,499,0,5,419880,3388385,512,0,5,-115.67,512,4065.0,-300.0,4076.0550781362117,13,-64.22081894528648,0,9,3,0.0
852,334601,415815.0,3388685.0,13,240,6,3,2585.0,9.2,499,0,5,419995,3388460,513,0,6,-96.8,512,4180.0,-225.0,4186.051241922392,14,-63.081129477594686,1,9,3,-0.013687309378672541
853,334601,415815.0,3388685.0,13,240,6,3,2585.0,9.2,499,0,5,419980,3388445,513,0,6,-92.77,512,4165.0,-240.0,4171.9090354416885,14,-63.297910604525526,1,9,3,-0.013733707501534805
854,334601,415815.0,3388685.0,13,240,6,3,2585.0,9.2,499,0,5,419985,3388450,513,0,6,-94.52,512,4170.0,-235.0,4176.616453542269,14,-63.22548714945631,1,9,3,-0.013718228392660967
855,334601,415815.0,3388685.0,13,240,6,3,2585.0,9.2,499,0,5,419970,3388475,511,0,5,-94.5,512,4155.0,-210.0,4160.303474507599,12,-62.893353609587166,-1,9,3,0.013772018979076288
856,334601,415815.0,3388685.0,13,240,6,3,2585.0,9.2,499,0,5,419990,3388455,513,0,6,-93.91,512,4175.0,-230.0,4181.330529867258,14,-63.15322688108938,1,9,3,-0.01370276231726764
857,334601,415815.0,3388685.0,13,240,6,3,2585.0,9.2,499,0,5,415805,3388665,500,6,5,-77.0,512,-10.0,-20.0,22.360679774997898,1,-176.56505117707798,-12,9,3,28.220512053403727
858,334601,415815.0,3388685.0,13,240,6,3,2585.0,9.2,499,0,5,415815,3388675,500,6,5,-86.5,512,0.0,-10.0,10.0,1,-150.0,-12,9,3,50.19442890773481
859,334601,415815.0,3388685.0,13,240,6,3,2585.0,9.2,499,0,5,415745,3388725,499,0,6,-87.5,512,-70.0,40.0,80.62257748298549,0,90.25511870305775,-13,9,3,9.159824730595336
860,334601,415815.0,3388685.0,13,240,6,3,2585.0,9.2,499,0,5,415785,3388685,500,0,5,-99.75,512,-30.0,0.0,30.0,1,120.0,-12,9,3,21.80140948635181
861,334601,415815.0,3388685.0,13,240,6,3,2585.0,9.2,499,0,5,415795,3388695,499,0,5,-90.75,512,-20.0,10.0,22.360679774997898,0,93.43494882292202,-13,9,3,30.172763170745117
862,334601,415815.0,3388685.0,13,240,6,3,2585.0,9.2,499,0,5,415800,3388670,500,0,5,-95.0,512,-15.0,-15.0,21.213203435596427,1,-195.0,-12,9,3,29.49620849656643
863,334601,415815.0,3388685.0,13,240,6,3,2585.0,9.2,499,0,5,415765,3388705,499,0,5,-80.08,512,-50.0,20.0,53.85164807134504,0,98.19859051364818,-13,9,3,13.571767839018756
864,334601,415815.0,3388685.0,13,240,6,3,2585.0,9.2,499,0,5,415760,3388710,499,0,5,-77.71,512,-55.0,25.0,60.41522986797286,0,95.55604521958344,-13,9,3,12.143602178759735
865,334601,415815.0,3388685.0,13,240,6,3,2585.0,9.2,499,0,5,415770,3388720,499,0,5,-85.55,512,-45.0,35.0,57.0087712549569,0,82.1250163489018,-13,9,3,12.84579372031137
866,334601,415815.0,3388685.0,13,240,6,3,2585.0,9.2,499,0,5,415775,3388715,499,0,5,-86.6,512,-40.0,30.0,50.0,0,83.13010235415595,-13,9,3,14.574216198038739
867,334601,415815.0,3388685.0,13,240,6,3,2585.0,9.2,499,0,5,415790,3388700,499,0,5,-90.33,512,-25.0,15.0,29.154759474226502,0,89.03624346792651,-13,9,3,24.0319164790565
868,334601,415815.0,3388685.0,13,240,6,3,2585.0,9.2,499,0,5,415725,3388745,499,0,5,-90.5,512,-90.0,60.0,108.16653826391968,0,86.30993247402023,-13,9,3,6.85322483512129
869,334601,415815.0,3388685.0,13,240,6,3,2585.0,9.2,499,0,5,415880,3388590,502,0,5,-104.0,512,65.0,-95.0,115.10864433221339,3,-115.61965527615513,-10,9,3,4.96507353827371
870,334601,415815.0,3388685.0,13,240,6,3,2585.0,9.2,499,0,5,415885,3388585,502,0,5,-101.33,512,70.0,-100.0,122.06555615733703,3,-115.00797980144134,-10,9,3,4.683394442175811
871,334601,415815.0,3388685.0,13,240,6,3,2585.0,9.2,499,0,5,415810,3388680,500,6,5,-89.4,512,-5.0,-5.0,7.0710678118654755,1,-195.0,-12,9,3,59.491041133797204
872,334601,415815.0,3388685.0,13,240,6,3,2585.0,9.2,499,0,5,419995,3388165,518,0,7,-94.25,512,4180.0,-520.0,4212.220317124925,19,-67.0912732553276,6,9,3,-0.0816135953705434
873,334601,415815.0,3388685.0,13,240,6,3,2585.0,9.2,499,0,5,419925,3388235,518,0,12,-123.5,512,4110.0,-450.0,4134.56164544683,19,-66.24837166503823,6,9,3,-0.08314652561433808
874,334601,415815.0,3388685.0,13,240,6,3,2585.0,9.2,499,0,5,419885,3388275,516,0,12,-110.0,512,4070.0,-410.0,4090.598978144888,17,-65.75240469381862,4,9,3,-0.05602676924063573
875,334601,415815.0,3388685.0,13,240,6,3,2585.0,9.2,499,0,5,419855,3388305,515,0,5,-119.0,512,4040.0,-380.0,4057.8319334344046,16,-65.37339773959391,3,9,3,-0.04235939537224821
876,334601,415815.0,3388685.0,13,240,6,3,2585.0,9.2,499,0,5,419965,3388195,518,0,7,-92.31,512,4150.0,-490.0,4178.827586775985,19,-66.73386691099486,6,9,3,-0.0822657632323938
877,334601,415815.0,3388685.0,13,240,6,3,2585.0,9.2,499,0,5,419975,3388185,518,0,6,-89.0,512,4160.0,-500.0,4189.940333704049,19,-66.85363517165021,6,9,3,-0.08204757459881235
878,334601,415815.0,3388685.0,13,240,6,3,2585.0,9.2,499,0,5,419920,3388240,517,0,12,-123.67,512,4105.0,-445.0,4129.0495274336445,18,-66.18695386706219,5,9,3,-0.0693812839093694
879,334601,415815.0,3388685.0,13,240,6,3,2585.0,9.2,499,0,5,419905,3388255,517,24,5,-115.0,512,4090.0,-430.0,4112.54179310071,18,-66.00171363482636,5,9,3,-0.06965977996696239
880,334601,415815.0,3388685.0,13,240,6,3,2585.0,9.2,499,0,5,419960,3388200,518,0,6,-87.8,512,4145.0,-485.0,4173.278088026246,19,-66.67374371981629,6,9,3,-0.08237515760101233
881,334601,415815.0,3388685.0,13,240,6,3,2585.0,9.2,499,0,5,419970,3388190,518,0,6,-92.09,512,4155.0,-495.0,4184.381674751958,19,-66.79383056048641,6,9,3,-0.08215656892479806
882,334601,415815.0,3388685.0,13,240,6,3,2585.0,9.2,499,0,5,419945,3388030,518,0,5,-103.5,512,4130.0,-655.0,4181.6175100073415,19,-69.01180442781472,6,9,3,-0.0822108766129657
883,334601,415815.0,3388685.0,13,240,6,3,2585.0,9.2,499,0,5,419865,3388110,516,0,5,-114.75,512,4050.0,-575.0,4090.614257052356,17,-68.08058138160106,4,9,3,-0.05602655997444157
884,334601,415815.0,3388685.0,13,240,6,3,2585.0,9.2,499,0,5,419870,3388115,516,21,5,-117.2,512,4055.0,-570.0,4094.8656876630275,17,-68.00148141088525,4,9,3,-0.055968391306980274
885,334601,415815.0,3388685.0,13,240,6,3,2585.0,9.2,499,0,5,419885,3388130,516,0,5,-109.2,512,4070.0,-555.0,4107.6666125672855,17,-67.76516601842533,4,9,3,-0.055793974347650564
886,334601,415815.0,3388685.0,13,240,6,3,2585.0,9.2,499,0,5,419875,3388120,516,0,5,-118.5,512,4060.0,-565.0,4099.124906611166,17,-67.92254566852853,4,9,3,-0.05591023706997215
887,334601,415815.0,3388685.0,13,240,6,3,2585.0,9.2,499,0,5,419890,3388135,517,0,7,-114.25,512,4075.0,-550.0,4111.949051240786,18,-67.68672168146836,5,9,3,-0.06966982148895776
888,334601,415815.0,3388685.0,13,240,6,3,2585.0,9.2,499,0,5,419975,3388060,518,0,6,-93.29,512,4160.0,-625.0,4206.688127256405,19,-68.54423508475449,6,9,3,-0.08172092476598482
889,334601,415815.0,3388685.0,13,240,6,3,2585.0,9.2,499,0,5,419980,3388065,518,0,7,-97.85,512,4165.0,-620.0,4210.893610624709,19,-68.46684948975246,6,9,3,-0.08163930894845936
890,334601,415815.0,3388685.0,13,240,6,3,2585.0,9.2,499,0,5,419985,3388070,518,0,6,-93.57,512,4170.0,-615.0,4215.106760213791,19,-68.3896184534253,6,9,3,-0.0815577076568049
891,334601,415815.0,3388685.0,13,240,6,3,2585.0,9.2,499,0,5,419990,3388075,518,0,6,-94.47,512,4175.0,-610.0,4219.3275530586625,19,-68.31254179300277,6,9,3,-0.08147612173575675
892,334601,415815.0,3388685.0,13,240,6,3,2585.0,9.2,499,0,5,419965,3388050,518,0,7,-94.02,512,4150.0,-635.0,4198.300251292182,19,-68.69947067422962,6,9,3,-0.08188419656818124
893,334601,415815.0,3388685.0,13,240,6,3,2585.0,9.2,499,0,5,419970,3388055,518,0,6,-94.9,512,4155.0,-630.0,4202.49033312392,19,-68.62177541967847,6,9,3,-0.08180255425834437
894,334601,415815.0,3388685.0,13,240,6,3,2585.0,9.2,499,0,5,419960,3388045,518,0,6,-94.45,512,4145.0,-640.0,4194.117904875828,19,-68.7773210265531,6,9,3,-0.08196585083180069
895,334601,415815.0,3388685.0,13,240,6,3,2585.0,9.2,499,0,5,419995,3388080,518,0,7,-95.5,512,4180.0,-605.0,4223.555966244558,19,-68.2356193242095,6,9,3,-0.08139455202376727
896,334601,415815.0,3388685.0,13,240,6,3,2585.0,9.2,499,0,5,415990,3388625,501,0,5,-97.25,512,175.0,-60.0,185.0,2,-78.92464441605122,-11,9,3,3.4027697710617564
897,334601,415815.0,3388685.0,13,240,6,3,2585.0,9.2,499,0,5,415735,3388690,500,0,5,-81.82,512,-80.0,5.0,80.15609770940699,1,116.42366562500263,-12,9,3,8.514396346499817
898,334601,415815.0,3388685.0,13,240,6,3,2585.0,9.2,499,0,5,415730,3388685,501,0,5,-80.86,512,-85.0,0.0,85.0,2,120.0,-11,9,3,7.373766361330215
899,334601,415815.0,3388685.0,13,240,6,3,2585.0,9.2,499,0,5,415750,3388705,500,0,5,-74.92,512,-65.0,20.0,68.00735254367721,1,102.89727103094765,-12,9,3,10.006919670019558
900,334601,415815.0,3388685.0,13,240,6,3,2585.0,9.2,499,0,5,415995,3388630,500,0,5,-96.91,512,180.0,-55.0,188.2153022471871,1,-76.99082329198617,-12,9,3,3.648056237465763
901,334601,415815.0,3388685.0,13,240,6,3,2585.0,9.2,499,0,5,415820,3388795,496,0,6,-98.5,512,5.0,110.0,110.11357772772621,-3,27.397437797500174,-16,9,3,8.26747463209003
902,334601,415815.0,3388685.0,13,240,6,3,2585.0,9.2,499,0,5,415810,3388765,496,0,5,-96.5,512,-5.0,80.0,80.15609770940699,-3,33.57633437499737,-16,9,3,11.288473361206014
903,334601,415815.0,3388685.0,13,240,6,3,2585.0,9.2,499,0,5,415740,3388715,500,0,6,-86.67,512,-75.0,30.0,80.77747210701756,1,98.19859051364818,-12,9,3,8.449849157186682
904,334601,415815.0,3388685.0,13,240,6,3,2585.0,9.2,499,0,5,415690,3388645,504,0,5,-82.13,512,-125.0,-40.0,131.24404748406687,5,-222.25532837494308,-8,9,3,3.4881567276089895
905,334601,415815.0,3388685.0,13,240,6,3,2585.0,9.2,499,0,5,415770,3388725,498,0,5,-81.83,512,-45.0,40.0,60.207972893961475,-1,78.36646066342979,-14,9,3,13.09021910779267
906,334601,415815.0,3388685.0,13,240,6,3,2585.0,9.2,499,0,5,415755,3388710,499,0,5,-80.56,512,-60.0,25.0,65.0,0,97.38013505195954,-13,9,3,11.309932474020213
907,334601,415815.0,3388685.0,13,240,6,3,2585.0,9.2,499,0,5,415775,3388730,498,0,5,-87.18,512,-40.0,45.0,60.207972893961475,-1,71.63353933657015,-14,9,3,13.09021910779267
908,334601,415815.0,3388685.0,13,240,6,3,2585.0,9.2,499,0,5,415835,3388790,495,0,5,-93.5,512,20.0,105.0,106.88779163215975,-4,19.2157021324374,-17,9,3,9.036933620855716
909,334601,415815.0,3388685.0,13,240,6,3,2585.0,9.2,499,0,5,415985,3388640,500,0,5,-98.33,512,170.0,-45.0,175.85505395068975,1,-74.82647997035568,-12,9,3,3.903698733494606
910,334601,415815.0,3388685.0,13,240,6,3,2585.0,9.2,499,0,5,415710,3388665,502,0,5,-81.0,512,-105.0,-20.0,106.88779163215975,3,-229.21570213243743,-10,9,3,5.344809369734946
911,334601,415815.0,3388685.0,13,240,6,3,2585.0,9.2,499,0,5,415980,3388635,501,0,5,-100.33,512,165.0,-50.0,172.40939649566667,2,-76.85839876773827,-11,9,3,3.650615859676765
912,334601,415815.0,3388685.0,13,240,6,3,2585.0,9.2,499,0,5,415910,3388545,502,5,14,-92.0,512,95.0,-140.0,169.1892431568863,3,-115.84030545433058,-10,9,3,3.3825554137374128
913,334601,415815.0,3388685.0,13,240,6,3,2585.0,9.2,499,0,5,415790,3388745,497,0,5,-100.0,512,-25.0,60.0,65.0,-2,52.61986494804046,-15,9,3,12.994616791916505
914,334601,415815.0,3388685.0,13,240,6,3,2585.0,9.2,499,0,5,415715,3388670,501,0,5,-81.6,512,-100.0,-15.0,101.11874208078342,2,-231.46923439005187,-11,9,3,6.208394011611885
915,334601,415815.0,3388685.0,13,240,6,3,2585.0,9.2,499,0,5,415695,3388650,503,0,5,-87.11,512,-120.0,-35.0,125.0,4,-223.73979529168807,-9,9,3,4.118189703988783
916,334601,415815.0,3388685.0,13,240,6,3,2585.0,9.2,499,0,5,416070,3388580,501,0,6,-100.0,512,255.0,-105.0,275.77164466275354,2,-82.38013505195957,-11,9,3,2.2842074186898507
917,334601,415815.0,3388685.0,13,240,6,3,2585.0,9.2,499,0,5,416025,3388605,500,0,12,-98.6,512,210.0,-80.0,224.72205054244233,1,-80.85445803957833,-12,9,3,3.056651343548871
918,334601,415815.0,3388685.0,13,240,6,3,2585.0,9.2,499,0,5,416060,3388570,502,0,6,-98.43,512,245.0,-115.0,270.64737205448716,3,-85.14478563067894,-10,9,3,2.116027480690589
919,334601,415815.0,3388685.0,13,240,6,3,2585.0,9.2,499,0,5,416000,3388630,500,0,12,-92.0,512,185.0,-55.0,193.00259065618783,1,-76.55707137563667,-12,9,3,3.5578042320643366
920,334601,415815.0,3388685.0,13,240,6,3,2585.0,9.2,499,0,5,416075,3388575,502,0,6,-92.0,512,260.0,-110.0,282.3118842698621,3,-82.93210043758978,-10,9,3,2.0286724585445004
921,334601,415815.0,3388685.0,13,240,6,3,2585.0,9.2,499,0,5,416040,3388590,501,0,5,-106.0,512,225.0,-95.0,244.23349483639626,2,-82.89055165624833,-11,9,3,2.578794266607886
922,334601,415815.0,3388685.0,13,240,6,3,2585.0,9.2,499,0,5,416005,3388625,500,0,12,-96.67,512,190.0,-60.0,199.24858845171275,1,-77.52556837372288,-12,9,3,3.446548204197002
923,334601,415815.0,3388685.0,13,240,6,3,2585.0,9.2,499,0,5,416045,3388585,501,0,5,-102.0,512,230.0,-100.0,250.79872407968904,2,-83.49856567595211,-11,9,3,2.511376027183607
924,334601,415815.0,3388685.0,13,240,6,3,2585.0,9.2,499,0,5,416020,3388610,500,0,12,-97.0,512,205.0,-75.0,218.28879952943075,1,-80.09523119190482,-12,9,3,3.146556347417926
925,334601,415815.0,3388685.0,13,240,6,3,2585.0,9.2,499,0,5,415815,3388820,495,0,6,-100.5,512,0.0,135.0,135.0,-4,30.0,-17,9,3,7.177245850855017
926,334601,415815.0,3388685.0,13,240,6,3,2585.0,9.2,499,0,5,419995,3388575,510,0,6,-90.5,512,4180.0,-110.0,4181.447117924607,11,-61.50743575877496,-2,9,3,0.027404758940133677
927,334601,415815.0,3388685.0,13,240,6,3,2585.0,9.2,499,0,5,419985,3388565,510,0,6,-91.56,512,4170.0,-120.0,4171.726261393477,11,-61.64834450489613,-2,9,3,0.027468616842705212
928,334601,415815.0,3388685.0,13,240,6,3,2585.0,9.2,499,0,5,419980,3388570,510,9,5,-99.17,512,4165.0,-115.0,4166.587332578066,11,-61.581594474822765,-2,9,3,0.02750249570655123
929,334601,415815.0,3388685.0,13,240,6,3,2585.0,9.2,499,0,5,419990,3388580,510,0,6,-89.0,512,4175.0,-105.0,4176.320150563172,11,-61.44066800713307,-2,9,3,0.027438401783139048
930,334601,415815.0,3388685.0,13,240,6,3,2585.0,9.2,499,0,5,419965,3388505,511,0,5,-91.0,512,4150.0,-180.0,4153.9017802543185,12,-62.48356151979229,-1,9,3,0.013793243422025273
931,334601,415815.0,3388685.0,13,240,6,3,2585.0,9.2,499,0,5,419975,3388515,511,0,6,-91.0,512,4160.0,-170.0,4163.4721087092685,12,-62.34011199975794,-1,9,3,0.013761537705863736
932,334601,415815.0,3388685.0,13,240,6,3,2585.0,9.2,499,0,5,419990,3388500,512,0,6,-95.0,512,4175.0,-185.0,4179.096792370332,13,-62.5371951764908,0,9,3,0.0
933,334601,415815.0,3388685.0,13,240,6,3,2585.0,9.2,499,0,5,419985,3388485,512,0,6,-94.24,512,4170.0,-200.0,4174.793408062248,13,-62.74589483027921,0,9,3,0.0
934,334601,415815.0,3388685.0,13,240,6,3,2585.0,9.2,499,0,5,419980,3388490,511,0,7,-97.94,512,4165.0,-195.0,4169.562327151376,12,-62.680558042578184,-1,9,3,0.01374143709075456
935,334601,415815.0,3388685.0,13,240,6,3,2585.0,9.2,499,0,5,419995,3388495,512,0,7,-95.69,512,4180.0,-190.0,4184.315953653596,13,-62.6025622024998,0,9,3,0.0
936,334601,415815.0,3388685.0,13,240,6,3,2585.0,9.2,499,0,5,419960,3387885,518,0,5,-88.0,512,4145.0,-800.0,4221.49558805881,19,-70.92397371135121,6,9,3,-0.0814342780711207
937,334601,415815.0,3388685.0,13,240,6,3,2585.0,9.2,499,0,5,419990,3387915,517,0,6,-92.0,512,4175.0,-770.0,4245.412229689833,18,-70.44970012710286,5,9,3,-0.0674796108387442
938,334601,415815.0,3388685.0,13,240,6,3,2585.0,9.2,499,0,5,419985,3387910,517,0,6,-99.5,512,4170.0,-775.0,4241.406016876951,18,-70.52837378706624,5,9,3,-0.06754334853094694
939,334601,415815.0,3388685.0,13,240,6,3,2585.0,9.2,499,0,5,419970,3387895,518,0,6,-93.73,512,4155.0,-790.0,4229.435541535064,19,-70.76528693660742,6,9,3,-0.08128140104897705
940,334601,415815.0,3388685.0,13,240,6,3,2585.0,9.2,499,0,5,419975,3387900,517,0,6,-95.95,512,4160.0,-785.0,4233.417650078953,18,-70.686167070425,5,9,3,-0.06767080123845869
941,334601,415815.0,3388685.0,13,240,6,3,2585.0,9.2,499,0,5,419980,3387905,517,0,7,-95.0,512,4165.0,-780.0,4237.407816106446,18,-70.6071960607427,5,9,3,-0.06760707891265928
942,334601,415815.0,3388685.0,13,240,6,3,2585.0,9.2,499,0,5,419950,3388175,518,0,5,-90.0,512,4135.0,-510.0,4166.3323199188035,19,-67.03120077709514,6,9,3,-0.08251248652922955
943,334601,415815.0,3388685.0,13,240,6,3,2585.0,9.2,499,0,5,419955,3388180,518,0,6,-92.0,512,4140.0,-505.0,4170.686394348058,19,-66.95462048095936,6,9,3,-0.0824263460291363
944,334601,415815.0,3388685.0,13,240,6,3,2585.0,9.2,499,0,5,419875,3388260,516,24,5,-109.77,512,4060.0,-425.0,4082.1838518126547,17,-65.97594646535501,4,9,3,-0.05614226429347653
945,334601,415815.0,3388685.0,13,240,6,3,2585.0,9.2,499,0,5,419980,3388205,518,0,6,-90.5,512,4165.0,-480.0,4192.5678289086745,19,-66.57411236968323,6,9,3,-0.0819961552006848
946,334601,415815.0,3388685.0,13,240,6,3,2585.0,9.2,499,0,5,419865,3388250,517,0,14,-118.4,512,4050.0,-435.0,4073.294121469747,18,-66.13048873124072,5,9,3,-0.07033097663365856
947,334601,415815.0,3388685.0,13,240,6,3,2585.0,9.2,499,0,5,419970,3388235,518,0,6,-95.45,512,4155.0,-450.0,4179.297189719822,19,-66.1812264555856,6,9,3,-0.0822565195271124
948,334601,415815.0,3388685.0,13,240,6,3,2585.0,9.2,499,0,5,419870,3388255,517,24,14,-114.13,512,4055.0,-430.0,4077.7352783131964,18,-66.05313337025461,5,9,3,-0.0702543775992398
949,334601,415815.0,3388685.0,13,240,6,3,2585.0,9.2,499,0,5,419930,3388195,518,24,5,-109.22,512,4115.0,-490.0,4144.071065992956,19,-66.79060898165861,6,9,3,-0.08295572913421634
950,334601,415815.0,3388685.0,13,240,6,3,2585.0,9.2,499,0,5,419965,3388230,518,0,7,-114.5,512,4150.0,-455.0,4174.868261394604,19,-66.25683595567162,6,9,3,-0.08234378161661594
951,334601,415815.0,3388685.0,13,240,6,3,2585.0,9.2,499,0,5,419975,3388240,518,0,6,-92.8,512,4160.0,-445.0,4183.73338060637,19,-66.10577716829488,6,9,3,-0.08216929955191661
952,334601,415815.0,3388685.0,13,240,6,3,2585.0,9.2,499,0,5,419920,3388185,518,24,5,-109.0,512,4105.0,-500.0,4135.338559295962,19,-66.94457132914053,6,9,3,-0.08313090474178692
953,334601,415815.0,3388685.0,13,240,6,3,2585.0,9.2,499,0,5,415965,3388610,502,0,5,-83.0,512,150.0,-75.0,167.70509831248424,3,-86.56505117707798,-10,9,3,3.4124196866611016
954,334601,415815.0,3388685.0,13,240,6,3,2585.0,9.2,499,0,5,415695,3388660,503,0,5,-84.67,512,-120.0,-25.0,122.57650672131263,4,-228.23171106797935,-9,9,3,4.199323084150299
955,334601,415815.0,3388685.0,13,240,6,3,2585.0,9.2,499,0,5,415785,3388750,497,0,5,-103.5,512,-30.0,65.0,71.58910531638176,-2,54.775140568831944,-15,9,3,11.833935061786432
956,334601,415815.0,3388685.0,13,240,6,3,2585.0,9.2,499,0,5,415710,3388675,501,0,5,-84.67,512,-105.0,-10.0,105.47511554864494,2,-234.5596679689945,-11,9,3,5.9538536985858865
957,334601,415815.0,3388685.0,13,240,6,3,2585.0,9.2,499,0,5,415775,3388740,498,0,5,-87.6,512,-40.0,55.0,68.00735254367721,-1,66.0273733851036,-14,9,3,11.632410520850689
958,334601,415815.0,3388685.0,13,240,6,3,2585.0,9.2,499,0,5,415790,3388755,497,0,5,-106.0,512,-25.0,70.0,74.33034373659252,-2,49.65382405805332,-15,9,3,11.409165032419523
959,334601,415815.0,3388685.0,13,240,6,3,2585.0,9.2,499,0,5,415805,3388770,496,0,5,-92.5,512,-10.0,85.0,85.58621384311844,-3,36.709836807756915,-16,9,3,10.588988149918144
960,334601,415815.0,3388685.0,13,240,6,3,2585.0,9.2,499,0,5,415770,3388735,498,0,5,-92.33,512,-45.0,50.0,67.26812023536856,-1,71.98721249581666,-14,9,3,11.756703438374927
961,334601,415815.0,3388685.0,13,240,6,3,2585.0,9.2,499,0,5,415740,3388705,500,0,5,-75.0,512,-75.0,20.0,77.62087348130012,1,105.06858282186249,-12,9,3,8.788216173762136
962,334601,415815.0,3388685.0,13,240,6,3,2585.0,9.2,499,0,5,415990,3388635,500,0,5,-98.17,512,175.0,-50.0,182.00274723201295,1,-75.94539590092285,-12,9,3,3.7722268332223177
963,334601,415815.0,3388685.0,13,240,6,3,2585.0,9.2,499,0,5,415780,3388745,497,0,5,-91.0,512,-35.0,60.0,69.46221994724903,-2,60.256437163529256,-15,9,3,12.185607329565524
964,334601,415815.0,3388685.0,13,240,6,3,2585.0,9.2,499,0,5,415995,3388640,500,0,5,-94.0,512,180.0,-45.0,185.53975315279473,1,-74.03624346792648,-12,9,3,3.7005173658394264
965,334601,415815.0,3388685.0,13,240,6,3,2585.0,9.2,499,0,5,415760,3388725,499,0,5,-84.0,512,-55.0,40.0,68.00735254367721,0,83.9726266148964,-13,9,3,10.82186874025566
966,334601,415815.0,3388685.0,13,240,6,3,2585.0,9.2,499,0,5,415825,3388790,496,0,5,-94.33,512,10.0,105.0,105.47511554864494,-3,24.559667968994518,-16,9,3,8.625695919851148
967,334601,415815.0,3388685.0,13,240,6,3,2585.0,9.2,499,0,5,415735,3388700,500,0,5,-81.0,512,-80.0,15.0,81.39410298049853,1,109.38034472384487,-12,9,3,8.386748102866573
968,334601,415815.0,3388685.0,13,240,6,3,2585.0,9.2,499,0,5,415985,3388630,501,0,5,-93.63,512,170.0,-55.0,178.67568385205638,2,-77.92791976200724,-11,9,3,3.522914358581629
969,334601,415815.0,3388685.0,13,240,6,3,2585.0,9.2,499,0,5,415905,3388550,502,0,5,-104.0,512,90.0,-135.0,162.24980739587951,3,-116.30993247402021,-10,9,3,3.52686983589168
970,334601,415815.0,3388685.0,13,240,6,3,2585.0,9.2,499,0,5,415900,3388545,502,0,14,-106.0,512,85.0,-140.0,163.783393541592,3,-118.73626830562259,-10,9,3,3.4939281760080876
971,334601,415815.0,3388685.0,13,240,6,3,2585.0,9.2,499,0,5,415765,3388730,498,0,5,-84.67,512,-50.0,45.0,67.26812023536856,-1,78.0127875041834,-14,9,3,11.756703438374927
972,334601,415815.0,3388685.0,13,240,6,3,2585.0,9.2,499,0,5,415725,3388690,501,0,5,-73.0,512,-90.0,5.0,90.13878188659973,2,116.82016988013572,-11,9,3,6.957633327104099
973,334601,415815.0,3388685.0,13,240,6,3,2585.0,9.2,499,0,5,415745,3388710,500,0,5,-81.67,512,-70.0,25.0,74.33034373659252,1,100.34617594194674,-12,9,3,9.170787408743092
974,334601,415815.0,3388685.0,13,240,6,3,2585.0,9.2,499,0,5,415555,3388530,506,5,14,-98.0,512,-260.0,-155.0,302.6962173533062,7,-209.19855402386318,-6,9,3,1.1355598262815092
975,334601,415815.0,3388685.0,13,240,6,3,2585.0,9.2,499,0,5,415540,3388535,506,5,5,-98.0,512,-275.0,-150.0,313.2491021535417,7,-211.3895403340348,-6,9,3,1.0973140632582525
976,334601,415815.0,3388685.0,13,240,6,3,2585.0,9.2,499,0,5,415530,3388545,506,0,5,-99.0,512,-285.0,-140.0,317.52952618614853,7,-213.83843355798078,-6,9,3,1.0825253782258917
977,334601,415815.0,3388685.0,13,240,6,3,2585.0,9.2,499,0,5,415550,3388525,506,5,5,-99.33,512,-265.0,-160.0,309.5561338432821,7,-208.877529803208,-6,9,3,1.110401632817118
978,334601,415815.0,3388685.0,13,240,6,3,2585.0,9.2,499,0,5,415600,3388635,508,0,5,-95.5,512,-215.0,-50.0,220.73740054644117,9,-226.90810693565314,-4,9,3,1.038147756279494
979,334601,415815.0,3388685.0,13,240,6,3,2585.0,9.2,499,0,5,415655,3388590,507,0,6,-88.92,512,-160.0,-95.0,186.07794065928394,8,-209.3002774491856,-5,9,3,1.5391936218480726
980,334601,415815.0,3388685.0,13,240,6,3,2585.0,9.2,499,0,5,415640,3388595,507,0,6,-85.18,512,-175.0,-90.0,196.78668654154427,8,-212.78388844269253,-5,9,3,1.455470785799732
981,334601,415815.0,3388685.0,13,240,6,3,2585.0,9.2,499,0,5,415650,3388585,507,0,7,-88.25,512,-165.0,-100.0,192.93781381574738,8,-208.7815972356536,-5,9,3,1.4844927774932615
982,334601,415815.0,3388685.0,13,240,6,3,2585.0,9.2,499,0,5,415665,3388580,506,0,6,-99.33,512,-150.0,-105.0,183.09833423600554,7,-205.00797980144134,-6,9,3,1.8768696416300024
983,334601,415815.0,3388685.0,13,240,6,3,2585.0,9.2,499,0,5,415645,3388600,507,0,6,-89.86,512,-170.0,-85.0,190.06577808748213,8,-213.434948822922,-5,9,3,1.5069143050188025
984,334601,415815.0,3388685.0,13,240,6,3,2585.0,9.2,499,0,5,419975,3387710,515,0,7,-93.0,512,4160.0,-975.0,4272.730391681647,16,-73.19061071220685,3,9,3,-0.04022891559647088
985,334601,415815.0,3388685.0,13,240,6,3,2585.0,9.2,499,0,5,419950,3388255,517,0,5,-109.67,512,4135.0,-430.0,4157.297800254391,18,-65.93686777778044,5,9,3,-0.06890984798290106
986,334601,415815.0,3388685.0,13,240,6,3,2585.0,9.2,499,0,5,419985,3388290,517,0,7,-89.5,512,4170.0,-395.0,4188.66625550425,18,-65.41115242648786,5,9,3,-0.06839379029538528
987,334601,415815.0,3388685.0,13,240,6,3,2585.0,9.2,499,0,5,419850,3388195,517,18,5,-114.5,512,4035.0,-490.0,4064.64328078123,18,-66.92394867737977,5,9,3,-0.07048066294538989
988,334601,415815.0,3388685.0,13,240,6,3,2585.0,9.2,499,0,5,419975,3388320,517,0,6,-96.0,512,4160.0,-365.0,4175.981920458948,18,-65.01431268741575,5,9,3,-0.0686015327951825
989,334601,415815.0,3388685.0,13,240,6,3,2585.0,9.2,499,0,5,419970,3388315,517,0,7,-97.1,512,4155.0,-370.0,4171.441597337784,18,-65.08872872903302,5,9,3,-0.06867620070555873
990,334601,415815.0,3388685.0,13,240,6,3,2585.0,9.2,499,0,5,419980,3388285,517,0,6,-90.2,512,4165.0,-400.0,4184.163596228044,18,-65.48577137531035,5,9,3,-0.06846739010433528
991,334601,415815.0,3388685.0,13,240,6,3,2585.0,9.2,499,0,5,419965,3388310,517,0,6,-92.0,512,4150.0,-375.0,4166.908326325406,18,-65.16330681437356,5,9,3,-0.06875091497974964
992,334601,415815.0,3388685.0,13,240,6,3,2585.0,9.2,499,0,5,415640,3388500,505,5,5,-96.25,512,-175.0,-185.0,254.65663156493687,6,-193.40885972880542,-7,9,3,1.5745495610301583
993,334601,415815.0,3388685.0,13,240,6,3,2585.0,9.2,499,0,5,419955,3388445,512,21,5,-102.0,512,4140.0,-240.0,4146.950686950594,13,-63.31778116833485,0,9,3,0.0
994,334601,415815.0,3388685.0,13,240,6,3,2585.0,9.2,499,0,5,419965,3388435,513,0,5,-97.5,512,4150.0,-250.0,4157.523301197481,14,-63.44738685186519,1,9,3,-0.013781228451962411
995,334601,415815.0,3388685.0,13,240,6,3,2585.0,9.2,499,0,5,419960,3388440,512,0,6,-99.0,512,4145.0,-245.0,4152.234338281018,13,-63.3826665121033,0,9,3,0.0
996,334601,415815.0,3388685.0,13,240,6,3,2585.0,9.2,499,0,5,419975,3388425,513,0,7,-94.38,512,4160.0,-260.0,4168.117080889163,14,-63.576334374997344,1,9,3,-0.01374620177453035
997,334601,415815.0,3388685.0,13,240,6,3,2585.0,9.2,499,0,5,419980,3388420,514,0,6,-93.63,512,4165.0,-265.0,4173.421857421078,15,-63.64056248445854,2,9,3,-0.027457456775005124
998,334601,415815.0,3388685.0,13,240,6,3,2585.0,9.2,499,0,5,419995,3388405,515,0,6,-94.5,512,4180.0,-280.0,4189.367494025799,16,-63.83226974619478,3,9,3,-0.0410294177828186
999,334601,415815.0,3388685.0,13,240,6,3,2585.0,9.2,499,0,5,419990,3388410,515,0,6,-92.63,512,4175.0,-275.0,4184.0470838650945,16,-63.76852970913538,3,9,3,-0.04108159053616359
1000,334601,415815.0,3388685.0,13,240,6,3,2585.0,9.2,499,0,5,419985,3388415,514,0,6,-93.72,512,4170.0,-270.0,4178.731865051885,15,-63.70462744207711,2,9,3,-0.027422565978604093
1001,334601,415815.0,3388685.0,13,240,6,3,2585.0,9.2,499,0,5,419970,3388430,513,0,6,-96.33,512,4155.0,-255.0,4162.817555454479,14,-63.511942651698945,1,9,3,-0.013763701542935573
1002,334601,415815.0,3388685.0,13,240,6,3,2585.0,9.2,499,0,5,415600,3388505,506,0,5,-99.6,512,-215.0,-180.0,280.40149785619906,7,-200.06361685303008,-6,9,3,1.2258216383313583
1003,334601,415815.0,3388685.0,13,240,6,3,2585.0,9.2,499,0,5,415635,3388500,505,5,5,-97.0,512,-180.0,-185.0,258.11818998280614,6,-194.2151753970081,-7,9,3,1.5534440880326768
1004,334601,415815.0,3388685.0,13,240,6,3,2585.0,9.2,499,0,5,415630,3388495,505,5,5,-93.0,512,-185.0,-190.0,265.1886121235224,6,-194.23610153907,-7,9,3,1.5120458668352665
1005,334601,415815.0,3388685.0,13,240,6,3,2585.0,9.2,499,0,5,419990,3388565,510,0,7,-93.06,512,4175.0,-120.0,4176.72419486851,11,-61.64637152671963,-2,9,3,0.027435747471344436
1006,334601,415815.0,3388685.0,13,240,6,3,2585.0,9.2,499,0,5,419995,3388570,510,0,6,-90.87,512,4180.0,-115.0,4181.5816385669195,11,-61.57592176376323,-2,9,3,0.027403877334671565
1007,334601,415815.0,3388685.0,13,240,6,3,2585.0,9.2,499,0,5,419980,3388280,517,0,6,-89.0,512,4165.0,-405.0,4184.644548823711,18,-65.55391739809153,5,9,3,-0.06845952096819673
1008,334601,415815.0,3388685.0,13,240,6,3,2585.0,9.2,499,0,5,419960,3388260,517,0,6,-95.5,512,4145.0,-425.0,4166.731332831528,18,-65.85425986563172,5,9,3,-0.06875383536313809
1009,334601,415815.0,3388685.0,13,240,6,3,2585.0,9.2,499,0,5,419975,3388245,518,0,6,-90.5,512,4160.0,-440.0,4183.204513288825,19,-66.03768252142288,6,9,3,-0.08217968790307276
1010,334601,415815.0,3388685.0,13,240,6,3,2585.0,9.2,499,0,5,419855,3388205,518,0,12,-112.0,512,4040.0,-480.0,4068.414924758781,19,-66.77565616939901,6,9,3,-0.08449836956261653
1011,334601,415815.0,3388685.0,13,240,6,3,2585.0,9.2,499,0,5,419970,3388250,518,0,6,-93.54,512,4155.0,-435.0,4177.708702147625,19,-65.97670238291713,6,9,3,-0.08228779582918982
1012,334601,415815.0,3388685.0,13,240,6,3,2585.0,9.2,499,0,5,419965,3388255,518,0,6,-93.86,512,4150.0,-430.0,4172.217635742411,19,-65.915561662767,6,9,3,-0.08239609486057378
1013,334601,415815.0,3388685.0,13,240,6,3,2585.0,9.2,499,0,5,419985,3388275,517,0,7,-98.67,512,4170.0,-410.0,4190.1073971916285,18,-65.61534970668313,5,9,3,-0.0683702670203409
1014,334601,415815.0,3388685.0,13,240,6,3,2585.0,9.2,499,0,5,419900,3388200,518,0,5,-108.0,512,4085.0,-485.0,4113.690557151814,19,-66.77086331970008,6,9,3,-0.08356837455958144
1015,334601,415815.0,3388685.0,13,240,6,3,2585.0,9.2,499,0,5,419980,3388215,518,0,6,-91.5,512,4165.0,-470.0,4191.434718565947,19,-66.4383137858915,6,9,3,-0.0820183219695483
1016,334601,415815.0,3388685.0,13,240,6,3,2585.0,9.2,499,0,5,419960,3388235,518,0,6,-97.0,512,4145.0,-450.0,4169.355465776455,19,-66.19602309099409,6,9,3,-0.08245265787240541
1017,334601,415815.0,3388685.0,13,240,6,3,2585.0,9.2,499,0,5,419870,3388245,517,0,5,-124.0,512,4055.0,-440.0,4078.801907423306,18,-66.19282239297584,5,9,3,-0.0702360057118865
1018,334601,415815.0,3388685.0,13,240,6,3,2585.0,9.2,499,0,5,419955,3388170,518,0,6,-89.75,512,4140.0,-515.0,4171.9090354416885,19,-67.09094721094411,6,9,3,-0.08240218977404747
1019,334601,415815.0,3388685.0,13,240,6,3,2585.0,9.2,499,0,5,419930,3388185,518,0,5,-104.56,512,4115.0,-500.0,4145.2653714810585,19,-66.92785929810339,6,9,3,-0.0829318285306849
1020,334601,415815.0,3388685.0,13,240,6,3,2585.0,9.2,499,0,5,419865,3388260,516,24,14,-111.64,512,4050.0,-425.0,4072.2383279960422,17,-65.99059471792478,4,9,3,-0.05627937902570994
1021,334601,415815.0,3388685.0,13,240,6,3,2585.0,9.2,499,0,5,419965,3388240,518,0,7,-96.5,512,4150.0,-445.0,4173.790243891037,19,-66.1203783507645,6,9,3,-0.08236504955545022
1022,334601,415815.0,3388685.0,13,240,6,3,2585.0,9.2,499,0,5,419860,3388255,517,0,14,-117.64,512,4045.0,-430.0,4067.791169664441,18,-66.06798634406073,5,9,3,-0.0704261210422891
1023,334601,415815.0,3388685.0,13,240,6,3,2585.0,9.2,499,0,5,419970,3388225,518,0,6,-95.09,512,4155.0,-460.0,4180.385747751037,19,-66.31748836068431,6,9,3,-0.08223510024253727
1024,334601,415815.0,3388685.0,13,240,6,3,2585.0,9.2,499,0,5,419875,3388250,517,0,5,-112.25,512,4060.0,-435.0,4083.23707369533,18,-66.11550356628541,5,9,3,-0.07015971622723727
1025,334601,415815.0,3388685.0,13,240,6,3,2585.0,9.2,499,0,5,419975,3388230,518,0,6,-97.2,512,4160.0,-455.0,4184.808836733167,19,-66.24191434741505,6,9,3,-0.08214818285125837
1026,334601,415815.0,3388685.0,13,240,6,3,2585.0,9.2,499,0,5,419920,3388195,518,24,5,-102.5,512,4105.0,-490.0,4134.14138606797,19,-66.80699623616417,6,9,3,-0.08315497792761911
1027,334601,415815.0,3388685.0,13,240,6,3,2585.0,9.2,499,0,5,419925,3388200,518,0,5,-110.67,512,4110.0,-485.0,4138.517246550991,19,-66.73005694367396,6,9,3,-0.08306705414959745
1028,334601,415815.0,3388685.0,13,240,6,3,2585.0,9.2,499,0,5,419930,3387940,518,0,5,-112.0,512,4115.0,-745.0,4181.895503237736,19,-70.26195582801373,6,9,3,-0.0822054116184959
1029,334601,415815.0,3388685.0,13,240,6,3,2585.0,9.2,499,0,5,419950,3387960,517,0,5,-100.0,512,4135.0,-725.0,4198.076940695585,18,-69.9447307259735,5,9,3,-0.06824047442498897
1030,334601,415815.0,3388685.0,13,240,6,3,2585.0,9.2,499,0,5,419970,3387980,517,0,6,-92.36,512,4155.0,-705.0,4214.386076286794,18,-69.62995127776435,5,9,3,-0.06797639275718127
1031,334601,415815.0,3388685.0,13,240,6,3,2585.0,9.2,499,0,5,419965,3387965,517,0,6,-88.88,512,4150.0,-720.0,4211.994776824871,18,-69.84249939651562,5,9,3,-0.06801498534035645
1032,334601,415815.0,3388685.0,13,240,6,3,2585.0,9.2,499,0,5,419975,3387975,517,0,6,-93.36,512,4160.0,-710.0,4220.154025625131,18,-69.68552240156484,5,9,3,-0.06788348524241412
1033,334601,415815.0,3388685.0,13,240,6,3,2585.0,9.2,499,0,5,419935,3387935,518,0,5,-101.33,512,4120.0,-750.0,4187.708203779246,19,-70.31708392682708,6,9,3,-0.08209130749208923
1034,334601,415815.0,3388685.0,13,240,6,3,2585.0,9.2,499,0,5,419940,3387950,518,0,5,-98.6,512,4125.0,-735.0,4189.970166958233,19,-70.10303700085154,6,9,3,-0.08204699040782663
1035,334601,415815.0,3388685.0,13,240,6,3,2585.0,9.2,499,0,5,419985,3387985,517,0,6,-93.64,512,4170.0,-700.0,4228.344829835902,18,-69.52915240265548,5,9,3,-0.06775198702258617
1036,334601,415815.0,3388685.0,13,240,6,3,2585.0,9.2,499,0,5,419995,3387995,518,0,6,-93.9,512,4180.0,-690.0,4236.567006433393,19,-69.37338820181859,6,9,3,-0.08114457925863504
1037,334601,415815.0,3388685.0,13,240,6,3,2585.0,9.2,499,0,5,419980,3387990,517,0,6,-92.26,512,4165.0,-695.0,4222.588068945395,18,-69.47347575655382,5,9,3,-0.06784435493024067
1038,334601,415815.0,3388685.0,13,240,6,3,2585.0,9.2,499,0,5,419990,3388000,518,0,6,-98.27,512,4175.0,-685.0,4230.821433244377,19,-69.31760809304734,6,9,3,-0.08125477570669981
1039,334601,415815.0,3388685.0,13,240,6,3,2585.0,9.2,499,0,5,419955,3387955,517,0,5,-96.13,512,4140.0,-730.0,4203.867267171979,18,-70.00008455834495,5,9,3,-0.06814648138767108
1040,334601,415815.0,3388685.0,13,240,6,3,2585.0,9.2,499,0,5,419960,3387970,517,0,5,-85.5,512,4145.0,-715.0,4206.215638789814,18,-69.78703587163508,5,9,3,-0.06810843457179415
1041,334601,415815.0,3388685.0,13,240,6,3,2585.0,9.2,499,0,5,415925,3388810,492,0,5,-112.0,512,110.0,125.0,166.50825805346713,-7,-11.347777219693683,-20,9,3,6.849221512948449
1042,334601,415815.0,3388685.0,13,240,6,3,2585.0,9.2,499,0,5,419950,3387995,518,0,6,-94.0,512,4135.0,-690.0,4192.174256874349,19,-69.47355667445282,6,9,3,-0.082003853198803
1043,334601,415815.0,3388685.0,13,240,6,3,2585.0,9.2,499,0,5,419920,3387965,518,0,15,-113.0,512,4105.0,-720.0,4167.66421392127,19,-69.94825109330515,6,9,3,-0.08248611738612639
1044,334601,415815.0,3388685.0,13,240,6,3,2585.0,9.2,499,0,5,419990,3387955,517,0,6,-95.86,512,4175.0,-730.0,4238.339887267183,18,-69.91792295434357,5,9,3,-0.06759221116922187
1045,334601,415815.0,3388685.0,13,240,6,3,2585.0,9.2,499,0,5,419975,3387940,517,0,6,-94.07,512,4160.0,-745.0,4226.183266258102,18,-70.15327068609773,5,9,3,-0.06778664006094721
1046,334601,415815.0,3388685.0,13,240,6,3,2585.0,9.2,499,0,5,419985,3387950,517,0,6,-94.22,512,4170.0,-735.0,4234.279749851207,18,-69.99622199747893,5,9,3,-0.06765702346950012
1047,334601,415815.0,3388685.0,13,240,6,3,2585.0,9.2,499,0,5,419970,3387935,517,0,6,-90.8,512,4155.0,-750.0,4222.146965703586,18,-70.23202060456782,5,9,3,-0.06785144287321461
1048,334601,415815.0,3388685.0,13,240,6,3,2585.0,9.2,499,0,5,419965,3387930,517,0,6,-93.14,512,4150.0,-755.0,4218.118656462855,18,-70.31092108489182,5,9,3,-0.06791624103577826
1049,334601,415815.0,3388685.0,13,240,6,3,2585.0,9.2,499,0,5,419980,3387945,517,0,6,-95.92,512,4165.0,-740.0,4230.227535251503,18,-70.07467119560991,5,9,3,-0.06772183334574648
1050,334601,415815.0,3388685.0,13,240,6,3,2585.0,9.2,499,0,5,419995,3387960,517,0,6,-97.5,512,4180.0,-725.0,4242.407924752169,18,-69.83977392712453,5,9,3,-0.06752739717706056
1051,334601,415815.0,3388685.0,13,240,6,3,2585.0,9.2,499,0,5,419955,3388000,518,0,6,-94.67,512,4140.0,-685.0,4196.287049285356,19,-69.39498145997763,6,9,3,-0.08192348110765495
1052,334601,415815.0,3388685.0,13,240,6,3,2585.0,9.2,499,0,5,419970,3387910,517,0,6,-92.17,512,4155.0,-775.0,4226.659437428098,18,-70.56552803888388,5,9,3,-0.06777900329388079
1053,334601,415815.0,3388685.0,13,240,6,3,2585.0,9.2,499,0,5,419990,3387890,517,0,6,-94.67,512,4175.0,-795.0,4250.017647022186,18,-70.78114472357188,5,9,3,-0.06740648844061813
1054,334601,415815.0,3388685.0,13,240,6,3,2585.0,9.2,499,0,5,419980,3387900,517,0,7,-98.21,512,4165.0,-785.0,4238.331039454091,18,-70.67363345669781,5,9,3,-0.06759235227256903
1055,334601,415815.0,3388685.0,13,240,6,3,2585.0,9.2,499,0,5,419975,3387905,517,0,6,-97.65,512,4160.0,-780.0,4232.493354985923,18,-70.61965527615513,5,9,3,-0.06768557922535526
1056,334601,415815.0,3388685.0,13,240,6,3,2585.0,9.2,499,0,5,419965,3387915,517,0,6,-100.0,512,4150.0,-770.0,4220.829302400181,18,-70.51125122363038,5,9,3,-0.06787262479418897
1057,334601,415815.0,3388685.0,13,240,6,3,2585.0,9.2,499,0,5,415710,3388635,502,0,10,-83.13,512,-105.0,-50.0,116.29703349613007,3,-214.5366549381284,-10,9,3,4.914587361523426
1058,334601,415815.0,3388685.0,13,240,6,3,2585.0,9.2,499,0,5,415750,3388595,503,0,14,-93.5,512,-65.0,-90.0,111.01801655587259,4,-185.8376529542783,-9,9,3,4.634714438379844
1059,334601,415815.0,3388685.0,13,240,6,3,2585.0,9.2,499,0,5,415740,3388585,504,0,5,-89.25,512,-75.0,-100.0,125.0,5,-186.86989764584402,-8,9,3,3.661935575519803
1060,334601,415815.0,3388685.0,13,240,6,3,2585.0,9.2,499,0,5,415960,3388645,501,0,5,-92.5,512,145.0,-40.0,150.41608956491322,2,-75.42216131873866,-11,9,3,4.182621832944088
1061,334601,415815.0,3388685.0,13,240,6,3,2585.0,9.2,499,0,5,415680,3388605,505,0,5,-94.43,512,-135.0,-80.0,156.92354826475216,6,-209.34933204294714,-7,9,3,2.5541402494154672
1062,334601,415815.0,3388685.0,13,240,6,3,2585.0,9.2,499,0,5,415890,3388735,497,0,5,-98.0,512,75.0,50.0,90.13878188659973,-2,-26.30993247402023,-15,9,3,9.448016435202305
1063,334601,415815.0,3388685.0,13,240,6,3,2585.0,9.2,499,0,5,415885,3388730,497,0,5,-100.5,512,70.0,45.0,83.21658488546619,-2,-27.26477372789239,-15,9,3,10.217987951656465
1064,334601,415815.0,3388685.0,13,240,6,3,2585.0,9.2,499,0,5,415705,3388630,503,0,5,-86.0,512,-110.0,-55.0,122.98373876248843,4,-213.434948822922,-9,9,3,4.185467499565042
1065,334601,415815.0,3388685.0,13,240,6,3,2585.0,9.2,499,0,5,415935,3388700,498,0,5,-90.5,512,120.0,15.0,120.93386622447825,-1,-52.874983651098205,-14,9,3,6.6034943380972555
1066,334601,415815.0,3388685.0,13,240,6,3,2585.0,9.2,499,0,5,415685,3388610,505,0,5,-88.7,512,-130.0,-75.0,150.08331019803634,6,-210.01836063115067,-7,9,3,2.6703836073320617
1067,334601,415815.0,3388685.0,13,240,6,3,2585.0,9.2,499,0,5,415970,3388655,501,0,5,-95.25,512,155.0,-30.0,157.87653403846943,2,-70.95406264339834,-11,9,3,3.985625033626614
1068,334601,415815.0,3388685.0,13,240,6,3,2585.0,9.2,499,0,5,415690,3388615,504,0,5,-87.8,512,-125.0,-70.0,143.26548781894402,5,-210.75117366345305,-8,9,3,3.1960991750914296
1069,334601,415815.0,3388685.0,13,240,6,3,2585.0,9.2,499,0,5,415920,3388685,500,0,5,-97.0,512,105.0,0.0,105.0,1,-60.0,-12,9,3,6.519801751656986
1070,334601,415815.0,3388685.0,13,240,6,3,2585.0,9.2,499,0,5,415715,3388640,502,0,10,-80.93,512,-100.0,-45.0,109.65856099730654,3,-215.77225468204585,-10,9,3,5.210513682296117
1071,334601,415815.0,3388685.0,13,240,6,3,2585.0,9.2,499,0,5,415695,3388620,504,0,5,-86.79,512,-120.0,-65.0,136.4734406395618,5,-211.55707137563664,-8,9,3,3.354808779790235
1072,334601,415815.0,3388685.0,13,240,6,3,2585.0,9.2,499,0,5,415965,3388650,501,0,5,-93.75,512,150.0,-35.0,154.02921800749363,2,-73.13402230639633,-11,9,3,4.084844397616577
1073,334601,415815.0,3388685.0,13,240,6,3,2585.0,9.2,499,0,5,415925,3388690,499,0,5,-97.13,512,110.0,5.0,110.11357772772621,0,-57.3974377975002,-13,9,3,6.733167862649031
1074,334601,415815.0,3388685.0,13,240,6,3,2585.0,9.2,499,0,5,415975,3388660,500,0,5,-99.33,512,160.0,-25.0,161.94134740701648,1,-68.88065915052024,-12,9,3,4.237923565101089
1075,334601,415815.0,3388685.0,13,240,6,3,2585.0,9.2,499,0,5,416015,3388585,502,0,5,-96.67,512,200.0,-100.0,223.60679774997897,3,-86.56505117707798,-10,9,3,2.560638973149915
1076,334601,415815.0,3388685.0,13,240,6,3,2585.0,9.2,499,0,5,416025,3388575,502,0,5,-100.5,512,210.0,-110.0,237.06539182259397,3,-87.64597536373867,-10,9,3,2.415444618296611
1077,334601,415815.0,3388685.0,13,240,6,3,2585.0,9.2,499,0,5,416005,3388595,501,0,5,-98.33,512,190.0,-90.0,210.23796041628637,2,-85.34617594194668,-11,9,3,2.995079470594435
1078,334601,415815.0,3388685.0,13,240,6,3,2585.0,9.2,499,0,5,416010,3388590,502,0,5,-95.5,512,195.0,-95.0,216.91011963483862,3,-85.97439396243132,-10,9,3,2.6395835830141485
1079,334601,415815.0,3388685.0,13,240,6,3,2585.0,9.2,499,0,5,416020,3388580,502,0,5,-97.6,512,205.0,-105.0,230.32585612562042,3,-87.12130340415865,-10,9,3,2.4860352207501797
1080,334601,415815.0,3388685.0,13,240,6,3,2585.0,9.2,499,0,5,416000,3388600,501,0,5,-100.0,512,185.0,-85.0,203.59273071502332,2,-84.67686317033707,-11,9,3,3.0926515394994327
1081,334601,415815.0,3388685.0,13,240,6,3,2585.0,9.2,499,0,5,415545,3388660,505,0,14,-109.0,512,-270.0,-25.0,271.15493725912495,6,-234.70991879462875,-7,9,3,1.4787906862071616
1082,334601,415815.0,3388685.0,13,240,6,3,2585.0,9.2,499,0,5,419960,3387910,518,0,5,-98.0,512,4145.0,-775.0,4216.829377624852,19,-70.59044190141287,6,9,3,-0.0815243905540786
1083,334601,415815.0,3388685.0,13,240,6,3,2585.0,9.2,499,0,5,419980,3387890,517,0,7,-94.25,512,4165.0,-795.0,4240.194571007326,18,-70.80642100930564,5,9,3,-0.067562646002652
1084,334601,415815.0,3388685.0,13,240,6,3,2585.0,9.2,499,0,5,419965,3387905,518,0,6,-86.0,512,4150.0,-780.0,4222.665035259131,19,-70.64466070641788,6,9,3,-0.08141172526157837
1085,334601,415815.0,3388685.0,13,240,6,3,2585.0,9.2,499,0,5,419970,3387920,517,0,6,-94.82,512,4155.0,-765.0,4224.837274972848,18,-70.43221064659261,5,9,3,-0.06780823619250419
1086,334601,415815.0,3388685.0,13,240,6,3,2585.0,9.2,499,0,5,419975,3387915,517,0,6,-94.19,512,4160.0,-770.0,4230.66188675011,18,-70.48654494903028,5,9,3,-0.06771488052058636
1087,334601,415815.0,3388685.0,13,240,6,3,2585.0,9.2,499,0,5,419955,3388565,510,6,5,-107.5,512,4140.0,-120.0,4141.738765301356,11,-61.66028236898279,-2,9,3,0.027667498268916246
1088,334601,415815.0,3388685.0,13,240,6,3,2585.0,9.2,499,0,5,415600,3388575,508,0,14,-89.0,512,-215.0,-110.0,241.50569351466643,9,-212.9044475062482,-4,9,3,0.9488892840872676
1089,334601,415815.0,3388685.0,13,240,6,3,2585.0,9.2,499,0,5,415675,3388630,505,0,5,-84.8,512,-140.0,-55.0,150.41608956491322,6,-218.55226367289467,-7,9,3,2.6644841952562763
1090,334601,415815.0,3388685.0,13,240,6,3,2585.0,9.2,499,0,5,415630,3388585,508,0,5,-91.0,512,-185.0,-100.0,210.2974084481309,9,-211.60698057861703,-4,9,3,1.089673369264874
1091,334601,415815.0,3388685.0,13,240,6,3,2585.0,9.2,499,0,5,415635,3388590,508,0,6,-85.5,512,-180.0,-95.0,203.5313243704762,9,-212.17590361574673,-4,9,3,1.1258887005228013
1092,334601,415815.0,3388685.0,13,240,6,3,2585.0,9.2,499,0,5,415610,3388565,508,0,14,-92.75,512,-205.0,-120.0,237.53947040439405,9,-209.65675111576041,-4,9,3,0.9647300248114455
1093,334601,415815.0,3388685.0,13,240,6,3,2585.0,9.2,499,0,5,415670,3388625,506,0,5,-79.79,512,-145.0,-60.0,156.92354826475216,7,-217.52056560289688,-6,9,3,2.189647780429438
1094,334601,415815.0,3388685.0,13,240,6,3,2585.0,9.2,499,0,5,415655,3388610,507,0,6,-82.89,512,-160.0,-75.0,176.70597047072292,8,-214.88516511385544,-5,9,3,1.62078552282306
1095,334601,415815.0,3388685.0,13,240,6,3,2585.0,9.2,499,0,5,415650,3388605,507,0,6,-84.0,512,-165.0,-80.0,183.3712082089225,8,-214.13364320590549,-5,9,3,1.561902402948929
1096,334601,415815.0,3388685.0,13,240,6,3,2585.0,9.2,499,0,5,419960,3387935,517,0,5,-94.25,512,4145.0,-750.0,4212.306375372048,18,-70.25618247833347,5,9,3,-0.06800995404661335
1097,334601,415815.0,3388685.0,13,240,6,3,2585.0,9.2,499,0,5,419990,3387945,517,0,6,-103.5,512,4175.0,-740.0,4240.073702189621,18,-70.051032841678,5,9,3,-0.06756457196199765
1098,334601,415815.0,3388685.0,13,240,6,3,2585.0,9.2,499,0,5,419950,3387985,518,0,5,-93.0,512,4135.0,-700.0,4193.8317801266185,19,-69.60831270620872,6,9,3,-0.08197144295560096
1099,334601,415815.0,3388685.0,13,240,6,3,2585.0,9.2,499,0,5,419975,3387930,517,0,6,-94.69,512,4160.0,-755.0,4227.957544725349,18,-70.28666502887077,5,9,3,-0.06775819316610654
1100,334601,415815.0,3388685.0,13,240,6,3,2585.0,9.2,499,0,5,419980,3387955,517,0,6,-93.83,512,4165.0,-730.0,4228.489683090169,18,-69.94126099799794,5,9,3,-0.06774966607884723
1101,334601,415815.0,3388685.0,13,240,6,3,2585.0,9.2,499,0,5,419970,3387925,517,0,6,-95.45,512,4155.0,-760.0,4223.934776958565,18,-70.36550899719805,5,9,3,-0.06782272428111984
1102,334601,415815.0,3388685.0,13,240,6,3,2585.0,9.2,499,0,5,419995,3387950,517,0,6,-97.75,512,4180.0,-735.0,4244.1282968355235,18,-69.9727882399336,5,9,3,-0.0675000247384049
1103,334601,415815.0,3388685.0,13,240,6,3,2585.0,9.2,499,0,5,419985,3387960,517,0,6,-92.25,512,4170.0,-725.0,4232.555374711594,18,-69.86290765255384,5,9,3,-0.06768458742801813
1104,334601,415815.0,3388685.0,13,240,6,3,2585.0,9.2,499,0,5,419965,3387940,517,0,6,-90.0,512,4150.0,-745.0,4216.340237694297,18,-70.17722561811567,5,9,3,-0.06794488753907892
1105,334601,415815.0,3388685.0,13,240,6,3,2585.0,9.2,499,0,5,419955,3387990,518,0,5,-92.45,512,4140.0,-695.0,4197.931038023374,19,-69.52963658415817,6,9,3,-0.08189139837555567
1106,334601,415815.0,3388685.0,13,240,6,3,2585.0,9.2,499,0,5,418745,3388610,515,5,14,-104.0,512,2930.0,-75.0,2930.9597404263336,16,-61.46629532370514,3,9,3,-0.05864539049842032
1107,334601,415815.0,3388685.0,13,240,6,3,2585.0,9.2,499,0,5,419975,3387890,518,0,6,-95.46,512,4160.0,-795.0,4235.283343532047,19,-70.81910311922593,6,9,3,-0.08116917316139106
1108,334601,415815.0,3388685.0,13,240,6,3,2585.0,9.2,499,0,5,419985,3387920,517,0,6,-96.6,512,4170.0,-765.0,4239.590192459644,18,-70.39550427208536,5,9,3,-0.06757227744676678
1109,334601,415815.0,3388685.0,13,240,6,3,2585.0,9.2,499,0,5,419990,3387905,517,0,6,-100.17,512,4175.0,-780.0,4247.237337375909,18,-70.58236413189678,5,9,3,-0.06745061376775431
1110,334601,415815.0,3388685.0,13,240,6,3,2585.0,9.2,499,0,5,419995,3387910,517,0,6,-101.67,512,4180.0,-775.0,4251.238054967047,18,-70.50374749218707,5,9,3,-0.06738713799797257
1111,334601,415815.0,3388685.0,13,240,6,3,2585.0,9.2,499,0,5,419970,3387885,518,0,6,-92.9,512,4155.0,-800.0,4231.314807480058,19,-70.89831286617397,6,9,3,-0.08124530135630469
1112,334601,415815.0,3388685.0,13,240,6,3,2585.0,9.2,499,0,5,419965,3387900,518,0,6,-93.25,512,4150.0,-785.0,4223.59148119228,19,-70.71132177850501,6,9,3,-0.08139386760166259
1113,334601,415815.0,3388685.0,13,240,6,3,2585.0,9.2,499,0,5,419980,3387915,517,0,7,-96.69,512,4165.0,-770.0,4235.578472888916,18,-70.47423482822583,5,9,3,-0.06763627833304188
1114,334601,415815.0,3388685.0,13,240,6,3,2585.0,9.2,499,0,5,415600,3388775,505,0,5,-116.5,512,-215.0,90.0,233.0772404161333,6,97.28558764683277,-7,9,3,1.7202449085373694
1115,334601,415815.0,3388685.0,13,240,6,3,2585.0,9.2,499,0,5,415575,3388650,507,0,5,-123.5,512,-240.0,-35.0,242.53865671269807,8,-231.70285503016314,-5,9,3,1.1810007043710427
1116,334601,415815.0,3388685.0,13,240,6,3,2585.0,9.2,499,0,5,415565,3388660,506,0,14,-102.25,512,-250.0,-25.0,251.24689052802225,7,-234.28940686250036,-6,9,3,1.3680143363488841
1117,334601,415815.0,3388685.0,13,240,6,3,2585.0,9.2,499,0,5,419970,3388465,512,0,6,-92.5,512,4155.0,-220.0,4160.820231637027,13,-63.03088128856041,0,9,3,0.0
1118,334601,415815.0,3388685.0,13,240,6,3,2585.0,9.2,499,0,5,419990,3388445,513,0,6,-92.4,512,4175.0,-240.0,4181.892514161501,14,-63.2900287905795,1,9,3,-0.013700920869432621
1119,334601,415815.0,3388685.0,13,240,6,3,2585.0,9.2,499,0,5,419985,3388460,512,0,6,-94.27,512,4170.0,-225.0,4176.065732241293,13,-63.088503989574974,0,9,3,0.0
1120,334601,415815.0,3388685.0,13,240,6,3,2585.0,9.2,499,0,5,419980,3388455,512,0,6,-92.26,512,4165.0,-230.0,4171.345706124104,13,-63.160782321525716,0,9,3,0.0
1121,334601,415815.0,3388685.0,13,240,6,3,2585.0,9.2,499,0,5,419975,3388470,512,0,6,-95.67,512,4160.0,-215.0,4165.552184284816,13,-62.95856780598433,0,9,3,0.0
1122,334601,415815.0,3388685.0,13,240,6,3,2585.0,9.2,499,0,5,419995,3388450,513,0,6,-95.8,512,4180.0,-235.0,4186.6006496918235,14,-63.21778690762926,1,9,3,-0.013685513192587831
1123,334601,415815.0,3388685.0,13,240,6,3,2585.0,9.2,499,0,5,419965,3388480,511,0,5,-90.5,512,4150.0,-205.0,4155.060168036078,12,-62.82797473959269,-1,9,3,0.013789398008628675
1124,334601,415815.0,3388685.0,13,240,6,3,2585.0,9.2,499,0,5,415635,3388560,507,0,14,-92.5,512,-180.0,-125.0,219.14607000811125,8,-205.22216863363613,-5,9,3,1.307024137125802
1125,334601,415815.0,3388685.0,13,240,6,3,2585.0,9.2,499,0,5,419950,3388030,518,0,5,-99.0,512,4135.0,-655.0,4186.555863714229,19,-69.0010859591413,6,9,3,-0.08211390290850759
1126,334601,415815.0,3388685.0,13,240,6,3,2585.0,9.2,499,0,5,419870,3388110,517,0,5,-114.0,512,4055.0,-575.0,4095.56467413225,18,-68.07074901263167,5,9,3,-0.06994853653492301
1127,334601,415815.0,3388685.0,13,240,6,3,2585.0,9.2,499,0,5,419985,3388075,518,0,6,-95.86,512,4170.0,-610.0,4214.3801442204995,19,-68.32236934895457,6,9,3,-0.08157176928690482
1128,334601,415815.0,3388685.0,13,240,6,3,2585.0,9.2,499,0,5,419890,3388130,517,0,5,-115.0,512,4075.0,-555.0,4112.620818893957,18,-67.75575423848812,5,9,3,-0.06965844142538824
1129,334601,415815.0,3388685.0,13,240,6,3,2585.0,9.2,499,0,5,419965,3388055,518,0,7,-93.55,512,4150.0,-630.0,4197.54690265636,19,-68.6320067217676,6,9,3,-0.08189889259545427
1130,334601,415815.0,3388685.0,13,240,6,3,2585.0,9.2,499,0,5,419990,3388070,518,0,6,-94.59,512,4175.0,-615.0,4220.053317198729,19,-68.37971375543424,6,9,3,-0.08146210950337801
1131,334601,415815.0,3388685.0,13,240,6,3,2585.0,9.2,499,0,5,419970,3388050,518,0,6,-94.77,512,4155.0,-635.0,4203.242795747112,19,-68.68916186762712,6,9,3,-0.08178791002199452
1132,334601,415815.0,3388685.0,13,240,6,3,2585.0,9.2,499,0,5,419975,3388045,518,0,6,-93.94,512,4160.0,-640.0,4208.94286014909,19,-68.7461622625552,6,9,3,-0.08167714688314863
1133,334601,415815.0,3388685.0,13,240,6,3,2585.0,9.2,499,0,5,419980,3388080,518,0,7,-96.48,512,4165.0,-605.0,4208.711204157396,19,-68.26487040420244,6,9,3,-0.08168164255270313
1134,334601,415815.0,3388685.0,13,240,6,3,2585.0,9.2,499,0,5,419995,3388065,518,0,7,-96.09,512,4180.0,-620.0,4225.730706043631,19,-68.4369041314059,6,9,3,-0.08135266300005567
1135,334601,415815.0,3388685.0,13,240,6,3,2585.0,9.2,499,0,5,419960,3388060,518,0,6,-92.67,512,4145.0,-625.0,4191.855197880766,19,-68.5746963081321,6,9,3,-0.08201009483404612
1136,334601,415815.0,3388685.0,13,240,6,3,2585.0,9.2,499,0,5,419955,3388025,518,0,6,-99.33,512,4140.0,-660.0,4192.278616695222,19,-69.05788812861766,6,9,3,-0.0820018118517155
1137,334601,415815.0,3388685.0,13,240,6,3,2585.0,9.2,499,0,5,419865,3388115,516,21,5,-111.83,512,4050.0,-570.0,4089.914424532621,17,-68.01123161285602,4,9,3,-0.05603614677249368
1138,334601,415815.0,3388685.0,13,240,6,3,2585.0,9.2,499,0,5,415840,3388675,500,0,5,-94.0,512,25.0,-10.0,26.92582403567252,1,-81.80140948635182,-12,9,3,24.021042108556333
1139,334601,415815.0,3388685.0,13,240,6,3,2585.0,9.2,499,0,5,415865,3388660,501,0,5,-86.5,512,50.0,-25.0,55.90169943749474,2,-86.56505117707798,-11,9,3,11.132094625040832
1140,334601,415815.0,3388685.0,13,240,6,3,2585.0,9.2,499,0,5,415915,3388690,499,0,5,-92.86,512,100.0,5.0,100.12492197250393,0,-57.13759477388825,-13,9,3,7.397773239939772
1141,334601,415815.0,3388685.0,13,240,6,3,2585.0,9.2,499,0,5,415895,3388710,498,0,5,-96.67,512,80.0,25.0,83.81527307120105,-1,-42.64597536373867,-14,9,3,9.482798594457785
1142,334601,415815.0,3388685.0,13,240,6,3,2585.0,9.2,499,0,5,415905,3388700,499,0,5,-90.5,512,90.0,15.0,91.2414379544733,0,-50.537677791974374,-13,9,3,8.10887543065174
1143,334601,415815.0,3388685.0,13,240,6,3,2585.0,9.2,499,0,5,415560,3388660,506,0,14,-103.0,512,-255.0,-25.0,256.2225595063791,7,-234.40066066347944,-6,9,3,1.3414582255763174
1144,334601,415815.0,3388685.0,13,240,6,3,2585.0,9.2,499,0,5,415565,3388655,506,0,5,-106.5,512,-250.0,-30.0,251.79356624028344,7,-233.15722658736905,-6,9,3,1.3650453290275197
1145,334601,415815.0,3388685.0,13,240,6,3,2585.0,9.2,499,0,5,415735,3388565,505,63,5,-93.0,512,-80.0,-120.0,144.22205101855957,6,-183.69006752597977,-7,9,3,2.778742605770657
1146,334601,415815.0,3388685.0,13,240,6,3,2585.0,9.2,499,0,5,415920,3388700,499,0,5,-98.0,512,105.0,15.0,106.06601717798213,0,-51.86989764584402,-13,9,3,6.9876164978196105
1147,334601,415815.0,3388685.0,13,240,6,3,2585.0,9.2,499,0,5,415970,3388650,501,0,5,-97.8,512,155.0,-35.0,158.90248582070703,2,-72.72435568542238,-11,9,3,3.959974033575259
1148,334601,415815.0,3388685.0,13,240,6,3,2585.0,9.2,499,0,5,415740,3388600,503,0,14,-84.2,512,-75.0,-85.0,113.35784048754634,4,-191.42366562500266,-9,9,3,4.5394531225009525
1149,334601,415815.0,3388685.0,13,240,6,3,2585.0,9.2,499,0,5,415710,3388630,503,0,5,-85.11,512,-105.0,-55.0,118.53269591129698,4,-212.35402463626133,-9,9,3,4.342046500073624
1150,334601,415815.0,3388685.0,13,240,6,3,2585.0,9.2,499,0,5,415960,3388660,501,0,5,-97.0,512,145.0,-25.0,147.13938969562162,2,-69.78240703180728,-11,9,3,4.275424501577992
1151,334601,415815.0,3388685.0,13,240,6,3,2585.0,9.2,499,0,5,415930,3388690,499,0,5,-98.25,512,115.0,5.0,115.10864433221339,0,-57.51044707800085,-13,9,3,6.443498584238016
1152,334601,415815.0,3388685.0,13,240,6,3,2585.0,9.2,499,0,5,415685,3388615,505,0,5,-90.5,512,-130.0,-70.0,147.648230602334,6,-211.69924423399362,-7,9,3,2.7143594159566087
1153,334601,415815.0,3388685.0,13,240,6,3,2585.0,9.2,499,0,5,415885,3388735,497,0,5,-96.0,512,70.0,50.0,86.02325267042627,-2,-24.462322208025626,-15,9,3,9.891299103572184
1154,334601,415815.0,3388685.0,13,240,6,3,2585.0,9.2,499,0,5,415840,3388780,495,0,5,-94.0,512,25.0,95.0,98.2344135219425,-4,15.256437163529256,-17,9,3,9.818105739737042
1155,334601,415815.0,3388685.0,13,240,6,3,2585.0,9.2,499,0,5,415705,3388635,503,0,5,-88.5,512,-110.0,-50.0,120.83045973594572,4,-215.55604521958347,-9,9,3,4.259783146280911
1156,334601,415815.0,3388685.0,13,240,6,3,2585.0,9.2,499,0,5,415690,3388610,505,0,5,-87.82,512,-125.0,-75.0,145.7737973711325,6,-209.03624346792648,-7,9,3,2.7492088143463596
1157,334601,415815.0,3388685.0,13,240,6,3,2585.0,9.2,499,0,5,415700,3388640,503,0,5,-83.86,512,-115.0,-45.0,123.4908903522847,4,-218.6293777306568,-9,9,3,4.1683393595427765
1158,334601,415815.0,3388685.0,13,240,6,3,2585.0,9.2,499,0,5,415890,3388730,497,0,5,-94.5,512,75.0,45.0,87.46427842267951,-2,-29.036243467926482,-15,9,3,9.731475473157628
1159,334601,415815.0,3388685.0,13,240,6,3,2585.0,9.2,499,0,5,415925,3388695,499,0,5,-96.33,512,110.0,10.0,110.45361017187261,0,-54.80557109226518,-13,9,3,6.712629186265292
1160,334601,415815.0,3388685.0,13,240,6,3,2585.0,9.2,499,0,5,415965,3388655,501,0,5,-94.83,512,150.0,-30.0,152.97058540778355,2,-71.3099324740202,-11,9,3,4.113016868447215
1161,334601,415815.0,3388685.0,13,240,6,3,2585.0,9.2,499,0,5,415715,3388625,503,0,5,-84.33,512,-100.0,-60.0,116.61903789690601,4,-209.03624346792648,-9,9,3,4.413018037264607
1162,334601,415815.0,3388685.0,13,240,6,3,2585.0,9.2,499,0,5,415880,3388740,497,0,5,-97.33,512,65.0,55.0,85.14693182963201,-2,-19.76364169072619,-15,9,3,9.991058021246902
1163,334601,415815.0,3388685.0,13,240,6,3,2585.0,9.2,499,0,5,415975,3388645,501,0,5,-93.57,512,160.0,-40.0,164.92422502470643,2,-74.03624346792648,-11,9,3,3.815822047565223
1164,334601,415815.0,3388685.0,13,240,6,3,2585.0,9.2,499,0,5,415935,3388685,499,0,5,-92.33,512,120.0,0.0,120.0,0,-60.0,-13,9,3,6.182930165948259
1165,334601,415815.0,3388685.0,13,240,6,3,2585.0,9.2,499,0,5,415680,3388620,505,0,5,-87.55,512,-135.0,-65.0,149.83324063771698,6,-214.29004621918875,-7,9,3,2.674833972370402
1166,334601,415815.0,3388685.0,13,240,6,3,2585.0,9.2,499,0,5,415730,3388665,501,0,5,-87.0,512,-85.0,-20.0,87.32124598286491,2,-226.75948008481282,-11,9,3,7.179823810334801
1167,334601,415815.0,3388685.0,13,240,6,3,2585.0,9.2,499,0,5,415725,3388680,501,0,5,-79.11,512,-90.0,-5.0,90.13878188659973,2,-236.82016988013575,-11,9,3,6.957633327104099
1168,334601,415815.0,3388685.0,13,240,6,3,2585.0,9.2,499,0,5,415720,3388675,501,0,5,-81.0,512,-95.0,-10.0,95.524865872714,2,-233.99099404250546,-11,9,3,6.568862953914157
1169,334601,415815.0,3388685.0,13,240,6,3,2585.0,9.2,499,0,5,415735,3388670,501,0,5,-81.13,512,-80.0,-15.0,81.39410298049853,2,-229.38034472384487,-11,9,3,7.696602619318572
1170,334601,415815.0,3388685.0,13,240,6,3,2585.0,9.2,499,0,5,415740,3388655,501,0,5,-86.0,512,-75.0,-30.0,80.77747210701756,2,-218.19859051364818,-11,9,3,7.754643944578626
1171,334601,415815.0,3388685.0,13,240,6,3,2585.0,9.2,499,0,5,415845,3388560,503,0,5,-99.0,512,30.0,-125.0,128.5496013218244,4,-136.50426671920417,-9,9,3,4.004850622392478
1172,334601,415815.0,3388685.0,13,240,6,3,2585.0,9.2,499,0,5,415680,3388600,505,0,5,-91.75,512,-135.0,-85.0,159.53056133543816,6,-207.80426606528675,-7,9,3,2.5124549846147497
1173,334601,415815.0,3388685.0,13,240,6,3,2585.0,9.2,499,0,5,415940,3388660,501,0,5,-93.0,512,125.0,-25.0,127.47548783981962,2,-71.3099324740202,-11,9,3,4.931898795250205
1174,334601,415815.0,3388685.0,13,240,6,3,2585.0,9.2,499,0,5,415930,3388670,500,0,5,-90.5,512,115.0,-15.0,115.97413504743201,1,-67.43140797117252,-12,9,3,5.907449007560881
1175,334601,415815.0,3388685.0,13,240,6,3,2585.0,9.2,499,0,5,415720,3388640,502,0,10,-86.83,512,-95.0,-45.0,105.11898020814318,3,-214.65382405805332,-10,9,3,5.434211206692449
1176,334601,415815.0,3388685.0,13,240,6,3,2585.0,9.2,499,0,5,415995,3388615,501,0,5,-95.0,512,180.0,-70.0,193.13207915827965,2,-81.25050550713325,-11,9,3,3.259807450708614
1177,334601,415815.0,3388685.0,13,240,6,3,2585.0,9.2,499,0,5,415980,3388610,502,0,5,-88.0,512,165.0,-75.0,181.24568960391858,3,-84.44395478041653,-10,9,3,3.158019746863566
1178,334601,415815.0,3388685.0,13,240,6,3,2585.0,9.2,499,0,5,415990,3388620,501,0,5,-94.8,512,175.0,-65.0,186.6815470259447,2,-80.3764352138364,-11,9,3,3.3721901396035645
1179,334601,415815.0,3388685.0,13,240,6,3,2585.0,9.2,499,0,5,415820,3388770,496,0,5,-93.0,512,5.0,85.0,85.14693182963201,-3,26.63353933657021,-16,9,3,10.642373066799445
1180,334601,415815.0,3388685.0,13,240,6,3,2585.0,9.2,499,0,5,415705,3388645,502,0,5,-85.11,512,-110.0,-40.0,117.04699910719626,3,-220.01689347810003,-10,9,3,4.883250449013462
1181,334601,415815.0,3388685.0,13,240,6,3,2585.0,9.2,499,0,5,415755,3388695,500,0,5,-74.0,512,-60.0,10.0,60.8276253029822,1,110.53767779197437,-12,9,3,11.159936872185444
1182,334601,415815.0,3388685.0,13,240,6,3,2585.0,9.2,499,0,5,415790,3388740,497,0,5,-89.67,512,-25.0,55.0,60.41522986797286,-2,54.44395478041656,-15,9,3,13.943549581161738
1183,334601,415815.0,3388685.0,13,240,6,3,2585.0,9.2,499,0,5,415740,3388690,500,0,5,-79.3,512,-75.0,5.0,75.16648189186454,1,116.18592516570965,-12,9,3,9.07047846245621
1184,334601,415815.0,3388685.0,13,240,6,3,2585.0,9.2,499,0,5,415795,3388735,497,0,5,-89.5,512,-20.0,50.0,53.85164807134504,-2,51.801409486351815,-15,9,3,15.564806661388419
1185,334601,415815.0,3388685.0,13,240,6,3,2585.0,9.2,499,0,5,415715,3388655,502,0,5,-84.26,512,-100.0,-30.0,104.4030650891055,3,-223.3007557660064,-10,9,3,5.47124945343343
1186,334601,415815.0,3388685.0,13,240,6,3,2585.0,9.2,499,0,5,415785,3388725,498,0,5,-89.8,512,-30.0,40.0,50.0,-1,66.86989764584405,-14,9,3,15.642246457208728
1187,334601,415815.0,3388685.0,13,240,6,3,2585.0,9.2,499,0,5,415780,3388730,498,0,5,-92.17,512,-35.0,45.0,57.0087712549569,-1,67.8749836510982,-14,9,3,13.797443375257082
1188,334601,415815.0,3388685.0,13,240,6,3,2585.0,9.2,499,0,5,415750,3388700,500,0,5,-77.1,512,-65.0,15.0,66.70832032063167,1,107.00538320808346,-12,9,3,10.197735960457248
1189,334601,415815.0,3388685.0,13,240,6,3,2585.0,9.2,499,0,5,415835,3388775,496,0,5,-93.5,512,20.0,90.0,92.19544457292888,-3,17.471192290848478,-16,9,3,9.845302162757218
1190,334601,415815.0,3388685.0,13,240,6,3,2585.0,9.2,499,0,5,415745,3388685,500,0,5,-76.6,512,-70.0,0.0,70.0,1,120.0,-12,9,3,9.727578551401603
1191,334601,415815.0,3388685.0,13,240,6,3,2585.0,9.2,499,0,5,415700,3388650,503,0,5,-84.2,512,-115.0,-35.0,120.20815280171308,4,-223.07248693585296,-9,9,3,4.28175386287447
1192,334601,415815.0,3388685.0,13,240,6,3,2585.0,9.2,499,0,5,415710,3388660,502,0,5,-86.75,512,-105.0,-25.0,107.93516572461452,3,-226.6075022462489,-10,9,3,5.293240796259826
1193,334601,415815.0,3388685.0,13,240,6,3,2585.0,9.2,499,0,5,415970,3388640,501,0,5,-94.17,512,155.0,-45.0,161.40012391568973,2,-76.18920625702694,-11,9,3,3.8988846197030704
1194,334601,415815.0,3388685.0,13,240,6,3,2585.0,9.2,499,0,5,415975,3388635,501,0,5,-91.2,512,160.0,-50.0,167.6305461424021,2,-77.35402463626133,-11,9,3,3.754394916509256
1195,334601,415815.0,3388685.0,13,240,6,3,2585.0,9.2,499,0,5,415735,3388715,500,0,6,-92.0,512,-80.0,30.0,85.44003745317531,1,99.44395478041656,-12,9,3,7.994861271478283
1196,334601,415815.0,3388685.0,13,240,6,3,2585.0,9.2,499,0,5,415895,3388555,502,6,5,-103.0,512,80.0,-130.0,152.64337522473747,3,-118.3924977537511,-10,9,3,3.748215187840539
1197,334601,415815.0,3388685.0,13,240,6,3,2585.0,9.2,499,0,5,419975,3388530,511,0,5,-88.5,512,4160.0,-155.0,4162.886618681801,12,-62.133831621949184,-1,9,3,0.013763473200033408
1198,334601,415815.0,3388685.0,13,240,6,3,2585.0,9.2,499,0,5,419995,3388550,511,0,6,-90.81,512,4180.0,-135.0,4182.179455738359,12,-61.849818791588575,-1,9,3,0.013699980841934892
1199,334601,415815.0,3388685.0,13,240,6,3,2585.0,9.2,499,0,5,419985,3388560,510,0,6,-93.33,512,4170.0,-125.0,4171.873080523903,11,-61.71698523664793,-2,9,3,0.02746765015034831
1200,334601,415815.0,3388685.0,13,240,6,3,2585.0,9.2,499,0,5,419980,3388555,510,0,5,-91.4,512,4165.0,-130.0,4167.028317638362,11,-61.78776325124562,-2,9,3,0.0274995851940852
1201,334601,415815.0,3388685.0,13,240,6,3,2585.0,9.2,499,0,5,419990,3388545,511,0,6,-88.18,512,4175.0,-140.0,4177.346645898566,12,-61.920575947382275,-1,9,3,0.013715830472167253
1202,334601,415815.0,3388685.0,13,240,6,3,2585.0,9.2,499,0,5,419970,3387840,517,0,6,-99.0,512,4155.0,-845.0,4240.053065705664,18,-71.49544082514387,5,9,3,-0.06756490080078603
1203,334601,415815.0,3388685.0,13,240,6,3,2585.0,9.2,499,0,5,415710,3388615,503,0,5,-88.0,512,-105.0,-70.0,126.19429464123962,4,-206.30993247402023,-9,9,3,4.079347625999525
1204,334601,415815.0,3388685.0,13,240,6,3,2585.0,9.2,499,0,5,415730,3388595,504,0,5,-89.0,512,-85.0,-90.0,123.79418403139947,5,-193.36342295838327,-8,9,3,3.69750614734683
1205,334601,415815.0,3388685.0,13,240,6,3,2585.0,9.2,499,0,5,415715,3388620,503,0,5,-84.2,512,-100.0,-65.0,119.26860441876563,4,-206.97613244420336,-9,9,3,4.315356816641907
1206,334601,415815.0,3388685.0,13,240,6,3,2585.0,9.2,499,0,5,415810,3388515,504,0,5,-98.0,512,-5.0,-170.0,170.07351351694948,5,-151.6846843178963,-8,9,3,2.6931214124483893
1207,334601,415815.0,3388685.0,13,240,6,3,2585.0,9.2,499,0,5,415680,3388625,505,0,5,-85.14,512,-135.0,-60.0,147.73286702694156,6,-216.03751102542182,-7,9,3,2.7128066782663907
1208,334601,415815.0,3388685.0,13,240,6,3,2585.0,9.2,499,0,5,415695,3388640,503,0,5,-83.53,512,-120.0,-45.0,128.16005617976296,4,-219.44395478041653,-9,9,3,4.016983658795792
1209,334601,415815.0,3388685.0,13,240,6,3,2585.0,9.2,499,0,5,415880,3388745,497,0,5,-102.0,512,65.0,60.0,88.45903006477066,-2,-17.29061004263852,-15,9,3,9.624099876774018
1210,334601,415815.0,3388685.0,13,240,6,3,2585.0,9.2,499,0,5,415735,3388600,503,0,5,-93.5,512,-80.0,-85.0,116.72617529928752,4,-193.26429541107163,-9,9,3,4.408983516366096
1211,334601,415815.0,3388685.0,13,240,6,3,2585.0,9.2,499,0,5,415725,3388590,504,0,5,-87.33,512,-90.0,-95.0,130.86252328302402,5,-193.45184230102205,-8,9,3,3.498301083342928
1212,334601,415815.0,3388685.0,13,240,6,3,2585.0,9.2,499,0,5,415700,3388605,504,0,5,-85.67,512,-115.0,-80.0,140.089257261219,5,-205.1755108430432,-8,9,3,3.2684086650261404
1213,334601,415815.0,3388685.0,13,240,6,3,2585.0,9.2,499,0,5,415920,3388705,498,0,5,-94.5,512,105.0,20.0,106.88779163215975,-1,-49.2157021324374,-14,9,3,7.462036023339681
1214,334601,415815.0,3388685.0,13,240,6,3,2585.0,9.2,499,0,5,415690,3388635,504,0,5,-84.17,512,-125.0,-50.0,134.6291201783626,5,-218.19859051364818,-8,9,3,3.4006600748447715
1215,334601,415815.0,3388685.0,13,240,6,3,2585.0,9.2,499,0,5,415965,3388670,500,0,5,-93.0,512,150.0,-15.0,150.74813431681335,1,-65.71059313749964,-12,9,3,4.551317363633067
1216,334601,415815.0,3388685.0,13,240,6,3,2585.0,9.2,499,0,5,415940,3388685,499,0,5,-98.67,512,125.0,0.0,125.0,0,-60.0,-13,9,3,5.937416099481517
1217,334601,415815.0,3388685.0,13,240,6,3,2585.0,9.2,499,0,5,415985,3388650,500,0,5,-92.86,512,170.0,-35.0,173.5655495770978,1,-71.63363399894044,-12,9,3,3.9550300898275257
1218,334601,415815.0,3388685.0,13,240,6,3,2585.0,9.2,499,0,5,415980,3388645,501,0,5,-98.13,512,165.0,-40.0,169.77926846349644,2,-73.62699485989154,-11,9,3,3.707012720590273
1219,334601,415815.0,3388685.0,13,240,6,3,2585.0,9.2,499,0,5,415960,3388665,500,0,5,-94.83,512,145.0,-20.0,146.37281168304446,1,-67.85331330197823,-12,9,3,4.686766354471067
1220,334601,415815.0,3388685.0,13,240,6,3,2585.0,9.2,499,0,5,415685,3388630,504,0,5,-83.77,512,-130.0,-55.0,141.15594213493105,5,-217.06789956241022,-8,9,3,3.2437629509443155
1221,334601,415815.0,3388685.0,13,240,6,3,2585.0,9.2,499,0,5,419935,3388170,518,0,5,-117.0,512,4120.0,-515.0,4152.0627403737535,19,-67.1250163489018,6,9,3,-0.08279606048446302
1222,334601,415815.0,3388685.0,13,240,6,3,2585.0,9.2,499,0,5,419875,3388270,516,0,5,-110.0,512,4060.0,-415.0,4081.1548610656764,17,-65.8363181619971,4,9,3,-0.056156419559681064
1223,334601,415815.0,3388685.0,13,240,6,3,2585.0,9.2,499,0,5,419980,3388235,518,0,6,-91.5,512,4165.0,-450.0,4189.239191070378,19,-66.16650005064781,6,9,3,-0.08206130668028412
1224,334601,415815.0,3388685.0,13,240,6,3,2585.0,9.2,499,0,5,419925,3388180,518,24,12,-103.75,512,4110.0,-505.0,4140.908716694924,19,-67.00488159711418,6,9,3,-0.08301908108005879
1225,334601,415815.0,3388685.0,13,240,6,3,2585.0,9.2,499,0,5,419930,3388165,518,0,5,-111.6,512,4115.0,-520.0,4147.725280198774,19,-67.2021188764659,6,9,3,-0.08288264387415256
1226,334601,415815.0,3388685.0,13,240,6,3,2585.0,9.2,499,0,5,419870,3388265,516,24,5,-112.62,512,4055.0,-420.0,4076.6928998883395,17,-65.91337208165686,4,9,3,-0.05621788300796024
1227,334601,415815.0,3388685.0,13,240,6,3,2585.0,9.2,499,0,5,419975,3388210,518,0,6,-94.13,512,4160.0,-475.0,4187.030570702822,19,-66.51397506223506,6,9,3,-0.08210459321048962
1228,334601,415815.0,3388685.0,13,240,6,3,2585.0,9.2,499,0,5,419960,3388215,518,0,6,-92.5,512,4145.0,-470.0,4171.56145825517,19,-66.46911651200031,6,9,3,-0.08240905556808462
1229,334601,415815.0,3388685.0,13,240,6,3,2585.0,9.2,499,0,5,419970,3388205,518,0,6,-91.8,512,4155.0,-480.0,4182.633739643002,19,-66.58979554297665,6,9,3,-0.08219090235278377
1230,334601,415815.0,3388685.0,13,240,6,3,2585.0,9.2,499,0,5,419855,3388250,517,0,5,-117.0,512,4040.0,-435.0,4063.3514492349786,18,-66.14554723205521,5,9,3,-0.07050307032339725
1231,334601,415815.0,3388685.0,13,240,6,3,2585.0,9.2,499,0,5,419965,3388220,518,0,7,-96.71,512,4150.0,-465.0,4175.969947209869,19,-66.39322233457378,6,9,3,-0.08232205807634534
1232,334601,415815.0,3388685.0,13,240,6,3,2585.0,9.2,499,0,5,419955,3388190,518,0,6,-89.0,512,4140.0,-495.0,4169.487378563461,19,-66.81821457165188,6,9,3,-0.08245004926758356
1233,334601,415815.0,3388685.0,13,240,6,3,2585.0,9.2,499,0,5,419920,3388175,518,0,12,-104.0,512,4105.0,-510.0,4136.559560794453,19,-67.08206599749187,6,9,3,-0.08310636676152083
1234,334601,415815.0,3388685.0,13,240,6,3,2585.0,9.2,499,0,5,415720,3388835,497,27,5,-109.5,512,-95.0,150.0,177.55280904564702,-2,62.34744349944202,-15,9,3,4.828990054703614
1235,334601,415815.0,3388685.0,13,240,6,3,2585.0,9.2,499,0,5,419880,3388095,517,0,5,-119.0,512,4065.0,-590.0,4107.593577753281,18,-68.25832474875449,5,9,3,-0.0697436955845914
1236,334601,415815.0,3388685.0,13,240,6,3,2585.0,9.2,499,0,5,419885,3388100,517,0,5,-114.5,512,4070.0,-585.0,4111.827452605471,18,-68.17936784460557,5,9,3,-0.06967188182513727
1237,334601,415815.0,3388685.0,13,240,6,3,2585.0,9.2,499,0,5,419935,3388050,518,24,14,-91.0,512,4120.0,-635.0,4168.647862316989,19,-68.76183683252157,6,9,3,-0.08246665370686035
1238,334601,415815.0,3388685.0,13,240,6,3,2585.0,9.2,499,0,5,419990,3388025,518,0,6,-91.31,512,4175.0,-660.0,4226.845750675082,19,-68.9831971417145,6,9,3,-0.08133120214399123
1239,334601,415815.0,3388685.0,13,240,6,3,2585.0,9.2,499,0,5,419970,3388005,518,0,6,-92.87,512,4155.0,-680.0,4210.276119211186,19,-69.29452950287907,6,9,3,-0.08165128239214967
1240,334601,415815.0,3388685.0,13,240,6,3,2585.0,9.2,499,0,5,419985,3388040,518,0,6,-99.67,512,4170.0,-645.0,4219.588250054737,19,-68.79261828981797,6,9,3,-0.08147108793854771
1241,334601,415815.0,3388685.0,13,240,6,3,2585.0,9.2,499,0,5,419975,3388010,518,0,6,-93.44,512,4160.0,-675.0,4214.40683845307,19,-69.21646704654631,6,9,3,-0.08157125260853902
1242,334601,415815.0,3388685.0,13,240,6,3,2585.0,9.2,499,0,5,419995,3388030,518,0,6,-94.18,512,4180.0,-655.0,4231.007563217065,19,-68.90574578204581,6,9,3,-0.08125120116123273
1243,334601,415815.0,3388685.0,13,240,6,3,2585.0,9.2,499,0,5,419955,3388070,518,0,6,-91.67,512,4140.0,-615.0,4185.430085427303,19,-68.449538261193,6,9,3,-0.08213598950903153
1244,334601,415815.0,3388685.0,13,240,6,3,2585.0,9.2,499,0,5,419980,3388035,518,0,6,-93.82,512,4165.0,-650.0,4215.415163421036,19,-68.870167723934,6,9,3,-0.08155174083653474
1245,334601,415815.0,3388685.0,13,240,6,3,2585.0,9.2,499,0,5,419960,3388015,518,0,6,-92.0,512,4145.0,-670.0,4198.800423930626,19,-69.18190266010203,6,9,3,-0.08187444231107174
1246,334601,415815.0,3388685.0,13,240,6,3,2585.0,9.2,499,0,5,419900,3388115,517,24,12,-109.0,512,4085.0,-570.0,4124.575735757558,18,-67.94347181059041,5,9,3,-0.06945653943293993
1247,334601,415815.0,3388685.0,13,240,6,3,2585.0,9.2,499,0,5,419965,3388020,518,0,6,-95.93,512,4150.0,-665.0,4202.942421685075,19,-69.10373800964359,6,9,3,-0.08179375519685479
1248,334601,415815.0,3388685.0,13,240,6,3,2585.0,9.2,499,0,5,419950,3388065,518,0,5,-88.0,512,4135.0,-620.0,4181.22290723659,19,-68.52737773273395,6,9,3,-0.08221863525102088
1249,334601,415815.0,3388685.0,13,240,6,3,2585.0,9.2,499,0,5,419905,3388120,517,24,12,-109.0,512,4090.0,-565.0,4128.840636304579,18,-67.86516400494341,5,9,3,-0.06938479412490915
1250,334601,415815.0,3388685.0,13,240,6,3,2585.0,9.2,499,0,5,419915,3388110,518,0,5,-103.33,512,4100.0,-575.0,4140.123790419799,19,-67.98331587893333,6,9,3,-0.08303482064972932
1251,334601,415815.0,3388685.0,13,240,6,3,2585.0,9.2,499,0,5,419970,3388275,517,0,6,-91.44,512,4155.0,-410.0,4175.179636853964,18,-65.63549146761247,5,9,3,-0.06861471494234964
1252,334601,415815.0,3388685.0,13,240,6,3,2585.0,9.2,499,0,5,419985,3388250,518,0,6,-94.0,512,4170.0,-435.0,4192.627457812106,19,-65.95535823954592,6,9,3,-0.08199498902644352
1253,334601,415815.0,3388685.0,13,240,6,3,2585.0,9.2,499,0,5,419855,3388240,517,0,5,-110.0,512,4040.0,-445.0,4064.4341549593346,18,-66.28570589674635,5,9,3,-0.07048428935712006
1254,334601,415815.0,3388685.0,13,240,6,3,2585.0,9.2,499,0,5,419975,3388280,517,0,6,-91.73,512,4160.0,-405.0,4179.668049020162,18,-65.56055096777297,5,9,3,-0.06854103185944878
1255,334601,415815.0,3388685.0,13,240,6,3,2585.0,9.2,499,0,5,419980,3388245,518,0,6,-99.75,512,4165.0,-440.0,4188.176810976346,19,-66.03048784595106,6,9,3,-0.08208212246323077
1256,334601,415815.0,3388685.0,13,240,6,3,2585.0,9.2,499,0,5,419870,3388215,518,0,5,-123.67,512,4055.0,-470.0,4082.147106609462,19,-66.61143985917323,6,9,3,-0.08421412079043256
1257,334601,415815.0,3388685.0,13,240,6,3,2585.0,9.2,499,0,5,419995,3388260,517,0,6,-100.67,512,4180.0,-425.0,4201.550309112102,18,-65.80557717282889,5,9,3,-0.06818406094251586
1258,334601,415815.0,3388685.0,13,240,6,3,2585.0,9.2,499,0,5,419965,3388270,517,0,6,-93.67,512,4150.0,-415.0,4170.698382765169,18,-65.71059313749964,5,9,3,-0.06868843872892352
1259,334601,415815.0,3388685.0,13,240,6,3,2585.0,9.2,499,0,5,419880,3388185,517,24,5,-112.0,512,4065.0,-500.0,4095.6348714210353,18,-67.01222952703947,5,9,3,-0.06994733765052667
1260,334601,415815.0,3388685.0,13,240,6,3,2585.0,9.2,499,0,5,419900,3388150,517,24,7,-109.0,512,4085.0,-535.0,4119.884707124703,18,-67.46138692381192,5,9,3,-0.06953562472746389
1261,334601,415815.0,3388685.0,13,240,6,3,2585.0,9.2,499,0,5,419940,3388030,518,0,5,-106.67,512,4125.0,-655.0,4176.679302987003,19,-69.0225482423671,6,9,3,-0.08230807674263507
1262,334601,415815.0,3388685.0,13,240,6,3,2585.0,9.2,499,0,5,419870,3388120,516,21,5,-118.2,512,4055.0,-565.0,4094.1726881019563,17,-67.93219025869573,4,9,3,-0.0559778647827921
1263,334601,415815.0,3388685.0,13,240,6,3,2585.0,9.2,499,0,5,419970,3388060,518,0,6,-94.69,512,4155.0,-625.0,4201.7436856619415,19,-68.5543649293898,6,9,3,-0.08181709050592807
1264,334601,415815.0,3388685.0,13,240,6,3,2585.0,9.2,499,0,5,419915,3388155,518,24,7,-109.33,512,4100.0,-530.0,4134.11417355641,19,-67.36568127410465,6,9,3,-0.08315552528855923
1265,334601,415815.0,3388685.0,13,240,6,3,2585.0,9.2,499,0,5,419985,3388065,518,0,6,-95.53,512,4170.0,-620.0,4215.8391809935065,19,-68.45684428400986,6,9,3,-0.08154353859660111
1266,334601,415815.0,3388685.0,13,240,6,3,2585.0,9.2,499,0,5,419865,3388105,517,0,5,-114.83,512,4050.0,-580.0,4091.3200803652603,18,-68.14990732381762,5,9,3,-0.07002110549087998
1267,334601,415815.0,3388685.0,13,240,6,3,2585.0,9.2,499,0,5,419885,3388125,516,0,12,-111.5,512,4070.0,-560.0,4108.345165635429,17,-67.83425758487485,4,9,3,-0.05578475916561901
1268,334601,415815.0,3388685.0,13,240,6,3,2585.0,9.2,499,0,5,419980,3388070,518,0,7,-97.26,512,4165.0,-615.0,4210.160329488653,19,-68.39954642536532,6,9,3,-0.08165352799939306
1269,334601,415815.0,3388685.0,13,240,6,3,2585.0,9.2,499,0,5,419990,3388080,518,0,6,-94.64,512,4175.0,-605.0,4218.607590188972,19,-68.24534681056701,6,9,3,-0.08149002672740677
1270,334601,415815.0,3388685.0,13,240,6,3,2585.0,9.2,499,0,5,419995,3388075,518,0,7,-95.62,512,4180.0,-610.0,4224.275085739564,19,-68.30273725711726,6,9,3,-0.08138069584034414
1271,334601,415815.0,3388685.0,13,240,6,3,2585.0,9.2,499,0,5,419960,3388050,518,0,6,-94.13,512,4145.0,-635.0,4193.357843065626,19,-68.70980378165987,6,9,3,-0.08198070742889252
1272,334601,415815.0,3388685.0,13,240,6,3,2585.0,9.2,499,0,5,419965,3388045,518,0,6,-97.36,512,4150.0,-640.0,4199.05941848886,19,-68.7669103259297,6,9,3,-0.08186939236915868
1273,334601,415815.0,3388685.0,13,240,6,3,2585.0,9.2,499,0,5,419975,3388055,518,0,6,-94.76,512,4160.0,-630.0,4207.433897282285,19,-68.61156815999433,6,9,3,-0.08170643970572417
1274,334601,415815.0,3388685.0,13,240,6,3,2585.0,9.2,499,0,5,419875,3388115,517,0,5,-114.0,512,4060.0,-570.0,4099.8170690897905,18,-67.99175475942508,5,9,3,-0.06987598488104572
1275,334601,415815.0,3388685.0,13,240,6,3,2585.0,9.2,499,0,5,419855,3388095,517,0,5,-121.5,512,4040.0,-590.0,4082.8543936809697,18,-68.30871695241382,5,9,3,-0.07016629218899882
1276,334601,415815.0,3388685.0,13,240,6,3,2585.0,9.2,499,0,5,419955,3388035,518,0,6,-90.0,512,4140.0,-650.0,4190.715929289409,19,-68.92287219785405,6,9,3,-0.08203238968751056
1277,334601,415815.0,3388685.0,13,240,6,3,2585.0,9.2,499,0,5,415725,3388605,503,0,5,-90.5,512,-90.0,-80.0,120.41594578792295,4,-198.3664606634298,-9,9,3,4.2743925611134435
1278,334601,415815.0,3388685.0,13,240,6,3,2585.0,9.2,499,0,5,415950,3388680,499,0,5,-95.25,512,135.0,-5.0,135.09256086106296,0,-62.12109639666144,-13,9,3,5.496665862787237
1279,334601,415815.0,3388685.0,13,240,6,3,2585.0,9.2,499,0,5,415735,3388615,503,0,10,-87.0,512,-80.0,-70.0,106.30145812734649,4,-198.81407483429035,-9,9,3,4.839399045817192
1280,334601,415815.0,3388685.0,13,240,6,3,2585.0,9.2,499,0,5,415860,3388750,496,0,5,-94.67,512,45.0,65.0,79.05694150420949,-3,-4.695153531233956,-16,9,3,11.44130905077799
1281,334601,415815.0,3388685.0,13,240,6,3,2585.0,9.2,499,0,5,415955,3388675,500,0,5,-100.33,512,140.0,-10.0,140.356688476182,1,-64.08561677997488,-12,9,3,4.886702754092818
1282,334601,415815.0,3388685.0,13,240,6,3,2585.0,9.2,499,0,5,415940,3388670,500,0,5,-93.88,512,125.0,-15.0,125.89678312014172,1,-66.84277341263095,-12,9,3,5.444765511517755
1283,334601,415815.0,3388685.0,13,240,6,3,2585.0,9.2,499,0,5,415945,3388665,500,0,5,-87.67,512,130.0,-20.0,131.52946437965906,1,-68.7461622625552,-12,9,3,5.21290934281268
1284,334601,415815.0,3388685.0,13,240,6,3,2585.0,9.2,499,0,5,415735,3388575,504,63,5,-93.0,512,-80.0,-110.0,136.01470508735443,5,-186.0273733851036,-8,9,3,3.3660975390045555
1285,334601,415815.0,3388685.0,13,240,6,3,2585.0,9.2,499,0,5,415965,3388645,501,0,14,-93.0,512,150.0,-40.0,155.24174696260025,2,-74.93141717813756,-11,9,3,4.0530461158351905
1286,334601,415815.0,3388685.0,13,240,6,3,2585.0,9.2,499,0,5,415750,3388600,503,0,14,-92.0,512,-65.0,-85.0,107.00467279516349,4,-187.40535663140855,-9,9,3,4.80774498831343
1287,334601,415815.0,3388685.0,13,240,6,3,2585.0,9.2,499,0,5,415715,3388635,502,0,10,-83.5,512,-100.0,-50.0,111.80339887498948,3,-213.434948822922,-10,9,3,5.111089695288715
1288,334601,415815.0,3388685.0,13,240,6,3,2585.0,9.2,499,0,5,415685,3388605,505,0,5,-91.0,512,-130.0,-80.0,152.64337522473747,6,-208.39249775375112,-7,9,3,2.6256603620211316
1289,334601,415815.0,3388685.0,13,240,6,3,2585.0,9.2,499,0,5,415930,3388700,499,0,5,-93.0,512,115.0,15.0,115.97413504743201,0,-52.56859202882748,-13,9,3,6.3958120498056275
1290,334601,415815.0,3388685.0,13,240,6,3,2585.0,9.2,499,0,5,415845,3388765,496,0,14,-94.5,512,30.0,80.0,85.44003745317531,-3,9.443954780416533,-16,9,3,10.606693749208384
1291,334601,415815.0,3388685.0,13,240,6,3,2585.0,9.2,499,0,5,415695,3388615,504,0,5,-79.56,512,-120.0,-70.0,138.92443989449805,5,-209.74356283647072,-8,9,3,3.2957526059126905
1292,334601,415815.0,3388685.0,13,240,6,3,2585.0,9.2,499,0,5,415970,3388660,500,0,5,-93.5,512,155.0,-25.0,157.00318468107582,1,-69.1623470457217,-12,9,3,4.370708723413061
1293,334601,415815.0,3388685.0,13,240,6,3,2585.0,9.2,499,0,5,415925,3388685,499,0,5,-95.33,512,110.0,0.0,110.0,0,-60.0,-13,9,3,6.740056097946948
1294,334601,415815.0,3388685.0,13,240,6,3,2585.0,9.2,499,0,5,415680,3388610,505,0,5,-89.25,512,-135.0,-75.0,154.434452114805,6,-210.94539590092285,-7,9,3,2.5952507474343562
1295,334601,415815.0,3388685.0,13,240,6,3,2585.0,9.2,499,0,5,415960,3388650,501,0,5,-96.43,512,145.0,-35.0,149.164338901763,2,-73.57043438516149,-11,9,3,4.2175952412644255
1296,334601,415815.0,3388685.0,13,240,6,3,2585.0,9.2,499,0,5,415920,3388690,499,0,5,-92.0,512,105.0,5.0,105.11898020814318,0,-57.27368900609375,-13,9,3,7.049938571136573
1297,334601,415815.0,3388685.0,13,240,6,3,2585.0,9.2,499,0,5,415890,3388740,497,0,5,-98.0,512,75.0,55.0,93.00537618869137,-2,-23.746162262555202,-15,9,3,9.161826397365676
1298,334601,415815.0,3388685.0,13,240,6,3,2585.0,9.2,499,0,5,415710,3388640,502,0,10,-87.27,512,-105.0,-45.0,114.23659658795863,3,-216.80140948635182,-10,9,3,5.002783788791154
1299,334601,415815.0,3388685.0,13,240,6,3,2585.0,9.2,499,0,5,415690,3388620,504,0,5,-86.3,512,-125.0,-65.0,140.8900280360537,5,-212.52556837372288,-8,9,3,3.2498720785866895
1300,334601,415815.0,3388685.0,13,240,6,3,2585.0,9.2,499,0,5,415975,3388655,500,0,5,-95.0,512,160.0,-30.0,162.78820596099706,1,-70.61965527615513,-12,9,3,4.215956692812888
1301,334601,415815.0,3388685.0,13,240,6,3,2585.0,9.2,499,0,5,415705,3388625,503,0,5,-84.75,512,-110.0,-60.0,125.29964086141668,4,-211.3895403340348,-9,9,3,4.108375250427507
1302,334601,415815.0,3388685.0,13,240,6,3,2585.0,9.2,499,0,5,415700,3388630,503,0,5,-85.92,512,-115.0,-55.0,127.47548783981962,4,-214.4400348281762,-9,9,3,4.038484460418017
1303,334601,415815.0,3388685.0,13,240,6,3,2585.0,9.2,499,0,5,415885,3388725,498,0,5,-93.33,512,70.0,40.0,80.62257748298549,-1,-30.255118703057775,-14,9,3,9.851101187140927
1304,334601,415815.0,3388685.0,13,240,6,3,2585.0,9.2,499,0,5,415720,3388630,503,0,10,-86.14,512,-95.0,-55.0,109.77249200050075,4,-209.93141717813756,-9,9,3,4.687068852814672
1305,334601,415815.0,3388685.0,13,240,6,3,2585.0,9.2,499,0,5,415680,3388590,505,0,5,-95.25,512,-135.0,-95.0,165.07574019219177,6,-204.86580694308435,-7,9,3,2.4281600566224264
1306,334601,415815.0,3388685.0,13,240,6,3,2585.0,9.2,499,0,5,415930,3388680,500,0,5,-94.43,512,115.0,-5.0,115.10864433221339,1,-62.48955292199915,-12,9,3,5.951548902463333
1307,334601,415815.0,3388685.0,13,240,6,3,2585.0,9.2,499,0,5,415690,3388600,505,0,5,-91.0,512,-125.0,-85.0,151.16216457830973,6,-205.7842978675626,-7,9,3,2.651352196228186
1308,334601,415815.0,3388685.0,13,240,6,3,2585.0,9.2,499,0,5,415855,3388755,496,0,5,-95.33,512,40.0,70.0,80.62257748298549,-3,0.25511870305777506,-16,9,3,11.224821667293003
1309,334601,415815.0,3388685.0,13,240,6,3,2585.0,9.2,499,0,5,415850,3388760,496,0,14,-95.5,512,35.0,75.0,82.76472678623425,-3,4.98310652189997,-16,9,3,10.941397616279493
1310,334601,415815.0,3388685.0,13,240,6,3,2585.0,9.2,499,0,5,415935,3388675,500,0,5,-92.75,512,120.0,-10.0,120.41594578792295,1,-64.76364169072619,-12,9,3,5.69099707460626
1311,334601,415815.0,3388685.0,13,240,6,3,2585.0,9.2,499,0,5,415950,3388660,501,0,5,-92.67,512,135.0,-25.0,137.2953021774598,2,-70.49147701233159,-11,9,3,4.580711660829153
1312,334601,415815.0,3388685.0,13,240,6,3,2585.0,9.2,499,0,5,415725,3388625,503,0,10,-88.0,512,-90.0,-60.0,108.16653826391968,4,-206.30993247402023,-9,9,3,4.7563410397334644
1313,334601,415815.0,3388685.0,13,240,6,3,2585.0,9.2,499,0,5,415865,3388560,502,0,14,-85.0,512,50.0,-125.0,134.6291201783626,3,-128.19859051364818,-10,9,3,4.248022666728544
1314,334601,415815.0,3388685.0,13,240,6,3,2585.0,9.2,499,0,5,415995,3388590,502,0,12,-99.5,512,180.0,-95.0,203.5313243704762,3,-87.82409638425327,-10,9,3,2.8128221700206706
1315,334601,415815.0,3388685.0,13,240,6,3,2585.0,9.2,499,0,5,415730,3388645,502,0,5,-84.0,512,-85.0,-40.0,93.94147114027967,3,-214.79887635452494,-10,9,3,6.076211468268177
1316,334601,415815.0,3388685.0,13,240,6,3,2585.0,9.2,499,0,5,415735,3388650,502,0,5,-87.33,512,-80.0,-35.0,87.32124598286491,3,-216.3706222693432,-10,9,3,6.533033075626061
1317,334601,415815.0,3388685.0,13,240,6,3,2585.0,9.2,499,0,5,415745,3388680,501,0,5,-79.58,512,-70.0,-5.0,70.178344238091,2,-235.91438322002512,-11,9,3,8.908259228656227
1318,334601,415815.0,3388685.0,13,240,6,3,2585.0,9.2,499,0,5,415805,3388740,497,0,5,-88.5,512,-10.0,55.0,55.90169943749474,-2,40.304846468766016,-15,9,3,15.020256666513818
1319,334601,415815.0,3388685.0,13,240,6,3,2585.0,9.2,499,0,5,415720,3388655,502,0,5,-84.53,512,-95.0,-30.0,99.62429422585637,3,-222.47443162627712,-10,9,3,5.731985937680171
1320,334601,415815.0,3388685.0,13,240,6,3,2585.0,9.2,499,0,5,415800,3388735,497,0,5,-97.0,512,-15.0,50.0,52.20153254455275,-2,46.699244233993625,-15,9,3,16.03189285876921
1321,334601,415815.0,3388685.0,13,240,6,3,2585.0,9.2,499,0,5,415820,3388755,497,0,5,-108.5,512,5.0,70.0,70.178344238091,-2,25.914383220025115,-15,9,3,12.064922324162437
1322,334601,415815.0,3388685.0,13,240,6,3,2585.0,9.2,499,0,5,415725,3388660,502,0,5,-85.25,512,-90.0,-25.0,93.40770846134703,3,-224.47588900324575,-10,9,3,6.110671001741464
1323,334601,415815.0,3388685.0,13,240,6,3,2585.0,9.2,499,0,5,415740,3388675,501,0,5,-80.93,512,-75.0,-10.0,75.66372975210778,2,-232.40535663140858,-11,9,3,8.271715302846431
1324,334601,415815.0,3388685.0,13,240,6,3,2585.0,9.2,499,0,5,415755,3388670,501,0,5,-80.4,512,-60.0,-15.0,61.84658438426491,2,-225.96375653207352,-11,9,3,10.085134498148449
1325,334601,415815.0,3388685.0,13,240,6,3,2585.0,9.2,499,0,5,415805,3388680,500,0,5,-89.5,512,-10.0,-5.0,11.180339887498949,1,-213.434948822922,-12,9,3,47.02514314800429
1326,334601,415815.0,3388685.0,13,240,6,3,2585.0,9.2,499,0,5,415800,3388675,500,0,5,-91.63,512,-15.0,-10.0,18.027756377319946,1,-206.30993247402023,-12,9,3,33.64933349870999
1327,334601,415815.0,3388685.0,13,240,6,3,2585.0,9.2,499,0,5,415750,3388725,499,0,6,-88.0,512,-65.0,40.0,76.32168761236873,0,88.39249775375112,-13,9,3,9.66651345460569
1328,334601,415815.0,3388685.0,13,240,6,3,2585.0,9.2,499,0,5,415785,3388700,499,0,5,-84.71,512,-30.0,15.0,33.54101966249684,0,93.43494882292202,-13,9,3,21.1855894923909
1329,334601,415815.0,3388685.0,13,240,6,3,2585.0,9.2,499,0,5,415770,3388705,499,0,5,-83.13,512,-45.0,20.0,49.24428900898052,0,96.03751102542185,-13,9,3,14.788142143283661
1330,334601,415815.0,3388685.0,13,240,6,3,2585.0,9.2,499,0,5,415790,3388685,499,0,5,-90.5,512,-25.0,0.0,25.0,0,120.0,-13,9,3,27.474431626277134
1331,334601,415815.0,3388685.0,13,240,6,3,2585.0,9.2,499,0,5,415780,3388695,499,0,5,-92.0,512,-35.0,10.0,36.40054944640259,0,104.0546040990771,-13,9,3,19.6535501236772
1332,334601,415815.0,3388685.0,13,240,6,3,2585.0,9.2,499,0,5,415795,3388690,499,0,5,-92.0,512,-20.0,5.0,20.615528128088304,0,105.96375653207349,-13,9,3,32.23522856260254
1333,334601,415815.0,3388685.0,13,240,6,3,2585.0,9.2,499,0,5,415765,3388720,499,0,5,-81.71,512,-50.0,35.0,61.032778078668514,0,85.00797980144137,-13,9,3,12.024323076070342
1334,334601,415815.0,3388685.0,13,240,6,3,2585.0,9.2,499,0,5,415880,3388595,502,0,5,-98.0,512,65.0,-90.0,111.01801655587259,3,-114.1623470457217,-10,9,3,5.14705388746539
1335,334601,415815.0,3388685.0,13,240,6,3,2585.0,9.2,499,0,5,415815,3388670,500,0,5,-85.0,512,0.0,-15.0,15.0,1,-150.0,-12,9,3,38.65980825409009
1336,334601,415815.0,3388685.0,13,240,6,3,2585.0,9.2,499,0,5,415760,3388715,499,0,5,-81.63,512,-55.0,30.0,62.64982043070834,0,91.38954033403479,-13,9,3,11.72266323835604
1337,334601,415815.0,3388685.0,13,240,6,3,2585.0,9.2,499,0,5,415775,3388710,499,0,5,-82.92,512,-40.0,25.0,47.16990566028302,0,87.99461679191654,-13,9,3,15.408177449714454
1338,334601,415815.0,3388685.0,13,240,6,3,2585.0,9.2,499,0,5,419970,3387830,517,0,6,-104.0,512,4155.0,-855.0,4242.057283913078,18,-71.62779761518624,5,9,3,-0.06753297886530615
1339,334601,415815.0,3388685.0,13,240,6,3,2585.0,9.2,499,0,5,419965,3387835,517,0,6,-91.67,512,4150.0,-850.0,4236.153915995027,18,-71.5751888173962,5,9,3,-0.0676270905663292
1340,334601,415815.0,3388685.0,13,240,6,3,2585.0,9.2,499,0,5,415780,3388670,500,0,5,-91.0,512,-35.0,-15.0,38.07886552931954,1,-216.80140948635182,-12,9,3,17.491486636863154
1341,334601,415815.0,3388685.0,13,240,6,3,2585.0,9.2,499,0,5,415805,3388685,499,0,5,-91.5,512,-10.0,0.0,10.0,0,120.0,-13,9,3,52.43140797117251
1342,334601,415815.0,3388685.0,13,240,6,3,2585.0,9.2,499,0,5,415795,3388675,500,0,5,-95.63,512,-20.0,-10.0,22.360679774997898,1,-213.434948822922,-12,9,3,28.220512053403727
1343,334601,415815.0,3388685.0,13,240,6,3,2585.0,9.2,499,0,5,415785,3388665,500,0,5,-90.5,512,-30.0,-20.0,36.05551275463989,1,-206.30993247402023,-12,9,3,18.408480170585843
1344,334601,415815.0,3388685.0,13,240,6,3,2585.0,9.2,499,0,5,415790,3388680,500,0,5,-95.86,512,-25.0,-5.0,25.495097567963924,1,-228.6900675259798,-12,9,3,25.205368146057527
1345,334601,415815.0,3388685.0,13,240,6,3,2585.0,9.2,499,0,5,415635,3388605,508,0,6,-89.0,512,-180.0,-80.0,196.9771560359221,9,-216.03751102542182,-4,9,3,1.1633411082890426
1346,334601,415815.0,3388685.0,13,240,6,3,2585.0,9.2,499,0,5,415650,3388590,507,0,6,-89.92,512,-165.0,-95.0,190.3943276465977,8,-210.06848815949223,-5,9,3,1.5043151291621166
1347,334601,415815.0,3388685.0,13,240,6,3,2585.0,9.2,499,0,5,415645,3388595,507,0,6,-87.1,512,-170.0,-90.0,192.35384061671346,8,-212.10272896905238,-5,9,3,1.4889975709242995
1348,334601,415815.0,3388685.0,13,240,6,3,2585.0,9.2,499,0,5,415640,3388600,507,0,6,-86.38,512,-175.0,-85.0,194.5507645834372,8,-214.09349200048564,-5,9,3,1.4721908180095753
1349,334601,415815.0,3388685.0,13,240,6,3,2585.0,9.2,499,0,5,415605,3388525,506,5,5,-113.0,512,-210.0,-160.0,264.0075756488817,7,-202.6960517220166,-6,9,3,1.3019153261445815
1350,334601,415815.0,3388685.0,13,240,6,3,2585.0,9.2,499,0,5,415730,3388635,502,0,10,-88.75,512,-85.0,-50.0,98.6154146165801,3,-209.53445508054014,-10,9,3,5.790230257983663
1351,334601,415815.0,3388685.0,13,240,6,3,2585.0,9.2,499,0,5,415725,3388630,502,0,10,-80.5,512,-90.0,-55.0,105.47511554864494,3,-208.5704343851615,-10,9,3,5.415971951341969
1352,334601,415815.0,3388685.0,13,240,6,3,2585.0,9.2,499,0,5,415955,3388660,501,0,5,-94.29,512,140.0,-25.0,142.21462653327893,2,-70.1246716553978,-11,9,3,4.42290087105008
1353,334601,415815.0,3388685.0,13,240,6,3,2585.0,9.2,499,0,5,415685,3388590,505,0,5,-98.5,512,-130.0,-95.0,161.01242188104618,6,-203.8418145601917,-7,9,3,2.4893610981304626
1354,334601,415815.0,3388685.0,13,240,6,3,2585.0,9.2,499,0,5,415745,3388610,503,0,10,-84.5,512,-70.0,-75.0,102.59142264341595,4,-193.02506598911802,-9,9,3,5.0135307501371065
1355,334601,415815.0,3388685.0,13,240,6,3,2585.0,9.2,499,0,5,415695,3388600,504,0,5,-95.0,512,-120.0,-85.0,147.05441169852742,5,-204.6887865603668,-8,9,3,3.113914421491509
1356,334601,415815.0,3388685.0,13,240,6,3,2585.0,9.2,499,0,5,415690,3388595,505,0,5,-95.0,512,-125.0,-90.0,154.02921800749363,6,-204.24611274556327,-7,9,3,2.602069197606295
1357,334601,415815.0,3388685.0,13,240,6,3,2585.0,9.2,499,0,5,415935,3388680,500,0,5,-94.57,512,120.0,-5.0,120.10412149464314,1,-62.3859440303888,-12,9,3,5.705675149461406
1358,334601,415815.0,3388685.0,13,240,6,3,2585.0,9.2,499,0,5,415950,3388655,501,0,5,-92.0,512,135.0,-30.0,138.2931668593933,2,-72.52880770915152,-11,9,3,4.547798344761705
1359,334601,415815.0,3388685.0,13,240,6,3,2585.0,9.2,499,0,5,415720,3388625,503,0,10,-83.5,512,-95.0,-60.0,112.36102527122117,4,-207.72435568542238,-9,9,3,4.579554505884082
1360,334601,415815.0,3388685.0,13,240,6,3,2585.0,9.2,499,0,5,415795,3388820,496,0,5,-100.5,512,-20.0,135.0,136.4734406395618,-3,38.42696902148066,-16,9,3,6.686770830047119
1361,334601,415815.0,3388685.0,13,240,6,3,2585.0,9.2,499,0,5,419970,3388510,511,0,5,-95.0,512,4155.0,-175.0,4158.683685975648,12,-62.411754230135415,-1,9,3,0.013777383118123364
1362,334601,415815.0,3388685.0,13,240,6,3,2585.0,9.2,499,0,5,419995,3388485,512,0,7,-97.5,512,4180.0,-200.0,4184.781953698424,13,-62.739335721918565,0,9,3,0.0
1363,334601,415815.0,3388685.0,13,240,6,3,2585.0,9.2,499,0,5,419985,3388495,511,0,6,-94.42,512,4170.0,-190.0,4174.32629294836,12,-62.60879474674945,-1,9,3,0.01372575462388408
1364,334601,415815.0,3388685.0,13,240,6,3,2585.0,9.2,499,0,5,419980,3388500,511,0,7,-94.0,512,4165.0,-185.0,4169.106618929288,12,-62.54327889245988,-1,9,3,0.013742939111738376
1365,334601,415815.0,3388685.0,13,240,6,3,2585.0,9.2,499,0,5,419990,3388490,512,0,6,-94.93,512,4175.0,-195.0,4179.55141133591,13,-62.67414687538354,0,9,3,0.0
1366,334601,415815.0,3388685.0,13,240,6,3,2585.0,9.2,499,0,5,415995,3388645,500,0,5,-97.5,512,180.0,-40.0,184.39088914585776,1,-72.52880770915152,-12,9,3,3.7235091093771655
1367,334601,415815.0,3388685.0,13,240,6,3,2585.0,9.2,499,0,5,415730,3388590,504,0,5,-87.0,512,-85.0,-95.0,127.47548783981962,5,-191.82016988013575,-8,9,3,3.5910111760646792
1368,334601,415815.0,3388685.0,13,240,6,3,2585.0,9.2,499,0,5,415960,3388680,499,0,5,-98.0,512,145.0,-5.0,145.08618128546908,0,-61.97493401088198,-13,9,3,5.120138553784536
1369,334601,415815.0,3388685.0,13,240,6,3,2585.0,9.2,499,0,5,415800,3388520,504,0,5,-97.0,512,-15.0,-165.0,165.6804152578089,5,-155.1944289077348,-8,9,3,2.7644215167237483
1370,334601,415815.0,3388685.0,13,240,6,3,2585.0,9.2,499,0,5,415700,3388620,504,0,5,-83.2,512,-115.0,-65.0,132.09844813622905,5,-210.52411099675425,-8,9,3,3.4656508168784335
1371,334601,415815.0,3388685.0,13,240,6,3,2585.0,9.2,499,0,5,415715,3388605,503,0,5,-90.33,512,-100.0,-80.0,128.06248474865697,4,-201.34019174590992,-9,9,3,4.020034187507349
1372,334601,415815.0,3388685.0,13,240,6,3,2585.0,9.2,499,0,5,415695,3388625,504,0,5,-86.7,512,-120.0,-60.0,134.16407864998737,5,-213.434948822922,-8,9,3,3.412419686661102
1373,334601,415815.0,3388685.0,13,240,6,3,2585.0,9.2,499,0,5,415990,3388650,500,0,5,-102.0,512,175.0,-35.0,178.46568297574746,1,-71.3099324740202,-12,9,3,3.846767419926378
1374,334601,415815.0,3388685.0,13,240,6,3,2585.0,9.2,499,0,5,415690,3388630,504,0,5,-84.64,512,-125.0,-55.0,136.56500283747664,5,-216.25050550713325,-8,9,3,3.35256462667881
1375,334601,415815.0,3388685.0,13,240,6,3,2585.0,9.2,499,0,5,415980,3388660,500,0,5,-95.0,512,165.0,-25.0,166.88319268278636,1,-68.61564818416412,-12,9,3,4.112864822431062
1376,334601,415815.0,3388685.0,13,240,6,3,2585.0,9.2,499,0,5,415725,3388595,504,0,5,-87.0,512,-90.0,-90.0,127.27922061357856,5,-195.0,-8,9,3,3.596534067332243
1377,334601,415815.0,3388685.0,13,240,6,3,2585.0,9.2,499,0,5,415680,3388640,505,0,5,-78.0,512,-135.0,-45.0,142.30249470757707,6,-221.565051177078,-7,9,3,2.816165866356614
1378,334601,415815.0,3388685.0,13,240,6,3,2585.0,9.2,499,0,5,415685,3388635,504,0,5,-86.43,512,-130.0,-50.0,139.2838827718412,5,-218.96248897457818,-8,9,3,3.28726609999931
1379,334601,415815.0,3388685.0,13,240,6,3,2585.0,9.2,499,0,5,415705,3388615,503,0,5,-80.67,512,-110.0,-70.0,130.38404810405297,4,-207.52880770915152,-9,9,3,3.9486836304554567
1380,334601,415815.0,3388685.0,13,240,6,3,2585.0,9.2,499,0,5,415710,3388610,503,0,5,-78.67,512,-105.0,-75.0,129.0348790056394,4,-204.46232220802563,-9,9,3,3.989837811968015
1381,334601,415815.0,3388685.0,13,240,6,3,2585.0,9.2,499,0,5,415965,3388675,500,0,5,-97.5,512,150.0,-10.0,150.33296378372907,1,-63.81407483429035,-12,9,3,4.563833589535156
1382,334601,415815.0,3388685.0,13,240,6,3,2585.0,9.2,499,0,5,419980,3388550,510,0,6,-91.0,512,4165.0,-135.0,4167.187300806145,11,-61.85647615056803,-2,9,3,0.027498536052258854
1383,334601,415815.0,3388685.0,13,240,6,3,2585.0,9.2,499,0,5,419985,3388545,511,0,6,-90.4,512,4170.0,-140.0,4172.349458039199,12,-61.9228770685163,-1,9,3,0.013732257806354557
1384,334601,415815.0,3388685.0,13,240,6,3,2585.0,9.2,499,0,5,419995,3388555,511,0,6,-93.85,512,4180.0,-130.0,4182.021042510427,12,-61.78135197368232,-1,9,3,0.013700499791524814
1385,334601,415815.0,3388685.0,13,240,6,3,2585.0,9.2,499,0,5,419990,3388560,510,0,7,-95.74,512,4175.0,-125.0,4176.87083831904,11,-61.714930195526534,-2,9,3,0.02743478424499202
1386,334601,415815.0,3388685.0,13,240,6,3,2585.0,9.2,499,0,5,419845,3388565,510,0,5,-106.67,512,4030.0,-120.0,4031.7862046492496,11,-61.70557383844988,-2,9,3,0.02842203028888442
1387,334601,415815.0,3388685.0,13,240,6,3,2585.0,9.2,499,0,5,419975,3388550,510,0,5,-96.5,512,4160.0,-135.0,4162.1899283910625,11,-61.858705927870886,-2,9,3,0.027531552422666368
1388,334601,415815.0,3388685.0,13,240,6,3,2585.0,9.2,499,0,5,419980,3388535,511,0,6,-90.0,512,4165.0,-150.0,4167.700205149118,12,-62.06258201139218,-1,9,3,0.013747576743346616
1389,334601,415815.0,3388685.0,13,240,6,3,2585.0,9.2,499,0,5,419995,3388530,511,0,6,-89.96,512,4180.0,-155.0,4182.872816617784,12,-62.12363127165486,-1,9,3,0.013697709907383653
1390,334601,415815.0,3388685.0,13,240,6,3,2585.0,9.2,499,0,5,419985,3388540,511,0,7,-94.57,512,4170.0,-145.0,4172.520221640633,12,-61.99149690352783,-1,9,3,0.013731695803156375
1391,334601,415815.0,3388685.0,13,240,6,3,2585.0,9.2,499,0,5,419990,3388525,511,0,6,-89.71,512,4175.0,-160.0,4178.064743394961,12,-62.19469238780533,-1,9,3,0.013713473088126609
1392,334601,415815.0,3388685.0,13,240,6,3,2585.0,9.2,499,0,5,418750,3388595,516,5,5,-115.0,512,2935.0,-90.0,2936.379573556525,17,-61.75639005177672,4,9,3,-0.07804950639056465
1393,334601,415815.0,3388685.0,13,240,6,3,2585.0,9.2,499,0,5,415635,3388505,505,5,5,-97.0,512,-180.0,-180.0,254.55844122715712,6,-195.0,-7,9,3,1.5751566030890891
1394,334601,415815.0,3388685.0,13,240,6,3,2585.0,9.2,499,0,5,415610,3388490,505,0,5,-92.0,512,-205.0,-195.0,282.93108701590216,6,-196.43209618416466,-7,9,3,1.417266150535148
1395,334601,415815.0,3388685.0,13,240,6,3,2585.0,9.2,499,0,5,415600,3388500,505,0,5,-101.0,512,-215.0,-185.0,283.6370920736567,6,-199.28915332881903,-7,9,3,1.4137398469779063
1396,334601,415815.0,3388685.0,13,240,6,3,2585.0,9.2,499,0,5,415605,3388495,505,0,5,-98.25,512,-210.0,-190.0,283.1960451701259,6,-197.86240522611175,-7,9,3,1.4159406967172206
1397,334601,415815.0,3388685.0,13,240,6,3,2585.0,9.2,499,0,5,415580,3388640,507,0,5,-102.0,512,-235.0,-45.0,239.26972228010797,8,-229.15969454566945,-5,9,3,1.1971310275829619
1398,334601,415815.0,3388685.0,13,240,6,3,2585.0,9.2,499,0,5,415940,3388695,499,0,5,-92.5,512,125.0,10.0,125.39936203984452,0,-55.42607874009914,-13,9,3,5.918641524974886
1399,334601,415815.0,3388685.0,13,240,6,3,2585.0,9.2,499,0,5,415705,3388620,503,0,5,-82.92,512,-110.0,-65.0,127.76932339180638,4,-209.42077312751098,-9,9,3,4.0292276420600075
1400,334601,415815.0,3388685.0,13,240,6,3,2585.0,9.2,499,0,5,415685,3388640,504,0,5,-85.29,512,-130.0,-45.0,137.56816492197603,5,-220.9065079995144,-8,9,3,3.3281725160031006
1401,334601,415815.0,3388685.0,13,240,6,3,2585.0,9.2,499,0,5,415700,3388615,504,0,5,-81.33,512,-115.0,-70.0,134.6291201783626,5,-208.67130713219584,-8,9,3,3.4006600748447715
1402,334601,415815.0,3388685.0,13,240,6,3,2585.0,9.2,499,0,5,415985,3388660,500,0,5,-106.0,512,170.0,-25.0,171.82840277439584,1,-68.36588612403258,-12,9,3,3.994885744184235
1403,334601,415815.0,3388685.0,13,240,6,3,2585.0,9.2,499,0,5,415715,3388610,503,0,5,-95.0,512,-100.0,-75.0,125.0,4,-203.13010235415598,-9,9,3,4.118189703988783
1404,334601,415815.0,3388685.0,13,240,6,3,2585.0,9.2,499,0,5,415910,3388725,497,0,5,-89.0,512,95.0,40.0,103.07764064044152,-2,-37.16634582208246,-15,9,3,8.279642510622892
1405,334601,415815.0,3388685.0,13,240,6,3,2585.0,9.2,499,0,5,415840,3388795,495,0,5,-98.5,512,25.0,110.0,112.80514172678478,-4,17.195733934713246,-17,9,3,8.570117750586762
1406,334601,415815.0,3388685.0,13,240,6,3,2585.0,9.2,499,0,5,415990,3388645,500,0,5,-97.0,512,175.0,-40.0,179.51323071016242,1,-72.87500155961249,-12,9,3,3.8243864553486335
1407,334601,415815.0,3388685.0,13,240,6,3,2585.0,9.2,499,0,5,415695,3388630,504,0,5,-89.5,512,-120.0,-55.0,132.00378782444085,5,-215.3764352138364,-8,9,3,3.4681299816302054
1408,334601,415815.0,3388685.0,13,240,6,3,2585.0,9.2,499,0,5,415690,3388625,504,0,5,-85.13,512,-125.0,-60.0,138.6542462386205,5,-214.3589941756947,-8,9,3,3.302160795831261
1409,334601,415815.0,3388685.0,13,240,6,3,2585.0,9.2,499,0,5,415680,3388635,505,0,5,-87.0,512,-135.0,-50.0,143.96180048887967,6,-219.67686317033704,-7,9,3,2.7837580524395307
1410,334601,415815.0,3388685.0,13,240,6,3,2585.0,9.2,499,0,5,415980,3388655,500,0,5,-94.0,512,165.0,-30.0,167.70509831248424,1,-70.30484646876604,-12,9,3,4.092776755788449
1411,334601,415815.0,3388685.0,13,240,6,3,2585.0,9.2,499,0,5,415720,3388595,504,63,5,-78.5,512,-95.0,-90.0,130.86252328302402,5,-196.54815769897797,-8,9,3,3.498301083342928
1412,334601,415815.0,3388685.0,13,240,6,3,2585.0,9.2,499,0,5,415960,3388675,500,0,5,-94.33,512,145.0,-10.0,145.34441853748632,1,-63.945186229037574,-12,9,3,4.719778559594303
1413,334601,415815.0,3388685.0,13,240,6,3,2585.0,9.2,499,0,5,415950,3388685,499,0,5,-95.4,512,135.0,0.0,135.0,0,-60.0,-13,9,3,5.500411470201907
1414,334601,415815.0,3388685.0,13,240,6,3,2585.0,9.2,499,0,5,419960,3388435,512,0,5,-103.5,512,4145.0,-250.0,4152.532359897994,13,-63.45153529296553,0,9,3,0.0
1415,334601,415815.0,3388685.0,13,240,6,3,2585.0,9.2,499,0,5,419970,3388425,513,0,6,-94.25,512,4155.0,-260.0,4163.126829679826,14,-63.58062683674487,1,9,3,-0.013762679052355052
1416,334601,415815.0,3388685.0,13,240,6,3,2585.0,9.2,499,0,5,419855,3388390,512,0,5,-119.0,512,4040.0,-295.0,4050.7561022604164,13,-64.17631444682948,0,9,3,0.0
1417,334601,415815.0,3388685.0,13,240,6,3,2585.0,9.2,499,0,5,419990,3388405,515,0,6,-93.0,512,4175.0,-280.0,4184.378687451698,16,-63.83684559038943,3,9,3,-0.04107833490393852
1418,334601,415815.0,3388685.0,13,240,6,3,2585.0,9.2,499,0,5,419980,3388415,514,0,6,-93.09,512,4165.0,-270.0,4173.742325539515,15,-63.70906236690564,2,9,3,-0.027455348537965937
1419,334601,415815.0,3388685.0,13,240,6,3,2585.0,9.2,499,0,5,419975,3388430,513,0,6,-92.23,512,4160.0,-255.0,4167.808176967841,14,-63.50773211247173,1,9,3,-0.013747220596723736
1420,334601,415815.0,3388685.0,13,240,6,3,2585.0,9.2,499,0,5,419995,3388410,515,0,6,-97.25,512,4180.0,-275.0,4189.036285352516,16,-63.76403486490571,3,9,3,-0.04103266179730247
1421,334601,415815.0,3388685.0,13,240,6,3,2585.0,9.2,499,0,5,419985,3388420,514,0,6,-94.0,512,4170.0,-265.0,4178.411779611962,15,-63.63620902015609,2,9,3,-0.02742466667217319
1422,334601,415815.0,3388685.0,13,240,6,3,2585.0,9.2,499,0,5,419985,3388120,519,0,6,-106.33,512,4170.0,-565.0,4208.102303889486,20,-67.71610879959985,7,9,3,-0.09530901525103606
1423,334601,415815.0,3388685.0,13,240,6,3,2585.0,9.2,499,0,5,419935,3388130,518,24,5,-97.67,512,4120.0,-555.0,4157.213610099919,19,-67.67205774301556,6,9,3,-0.08269347467368005
1424,334601,415815.0,3388685.0,13,240,6,3,2585.0,9.2,499,0,5,419950,3388145,519,0,5,-94.5,512,4135.0,-540.0,4170.110909796045,20,-67.44029333365177,7,9,3,-0.09617731723777623
1425,334601,415815.0,3388685.0,13,240,6,3,2585.0,9.2,499,0,5,419930,3388125,518,0,12,-104.0,512,4115.0,-560.0,4152.929688785978,19,-67.7496319716546,6,9,3,-0.08277877634563617
1426,334601,415815.0,3388685.0,13,240,6,3,2585.0,9.2,499,0,5,419995,3388110,519,0,7,-101.6,512,4180.0,-575.0,4219.363103597509,20,-67.83243967856484,7,9,3,-0.0950546513262402
1427,334601,415815.0,3388685.0,13,240,6,3,2585.0,9.2,499,0,5,419975,3388090,519,0,6,-99.96,512,4160.0,-595.0,4202.335660082378,20,-68.13974323905794,7,9,3,-0.0954398025491112
1428,334601,415815.0,3388685.0,13,240,6,3,2585.0,9.2,499,0,5,419980,3388115,519,0,7,-99.29,512,4165.0,-570.0,4203.822665146568,20,-67.79278879406633,7,9,3,-0.0954060429881976
1429,334601,415815.0,3388685.0,13,240,6,3,2585.0,9.2,499,0,5,419965,3388100,519,0,7,-96.79,512,4150.0,-585.0,4191.029109896518,20,-68.02376645892619,7,9,3,-0.09569727938469764
1430,334601,415815.0,3388685.0,13,240,6,3,2585.0,9.2,499,0,5,419960,3388095,519,0,6,-95.4,512,4145.0,-590.0,4186.779788811444,20,-68.10107223697466,7,9,3,-0.09579440599038407
1431,334601,415815.0,3388685.0,13,240,6,3,2585.0,9.2,499,0,5,419970,3388085,518,0,6,-96.67,512,4155.0,-600.0,4198.097783520531,19,-68.21695794125728,6,9,3,-0.08188814571112438
1432,334601,415815.0,3388685.0,13,240,6,3,2585.0,9.2,499,0,5,419955,3388150,519,0,6,-92.71,512,4140.0,-535.0,4174.425110119955,20,-67.36335724516442,7,9,3,-0.0960779197341669
1433,334601,415815.0,3388685.0,13,240,6,3,2585.0,9.2,499,0,5,419990,3388105,519,0,6,-99.33,512,4175.0,-580.0,4215.094898101346,20,-67.90903266965208,7,9,3,-0.09515090349836564
1434,334601,415815.0,3388685.0,13,240,6,3,2585.0,9.2,499,0,5,415880,3388605,502,0,14,-94.0,512,65.0,-80.0,103.07764064044152,3,-110.9061411137705,-10,9,3,5.541166443639222
1435,334601,415815.0,3388685.0,13,240,6,3,2585.0,9.2,499,0,5,415780,3388665,501,0,5,-88.33,512,-35.0,-20.0,40.311288741492746,2,-210.25511870305778,-11,9,3,15.263072090786531
1436,334601,415815.0,3388685.0,13,240,6,3,2585.0,9.2,499,0,5,415800,3388685,499,0,5,-90.86,512,-15.0,0.0,15.0,0,120.0,-13,9,3,40.91438322002513
1437,334601,415815.0,3388685.0,13,240,6,3,2585.0,9.2,499,0,5,415790,3388675,500,0,5,-95.2,512,-25.0,-10.0,26.92582403567252,1,-218.19859051364818,-12,9,3,24.021042108556333
1438,334601,415815.0,3388685.0,13,240,6,3,2585.0,9.2,499,0,5,415775,3388660,501,0,5,-95.5,512,-40.0,-25.0,47.16990566028302,2,-207.9946167919165,-11,9,3,13.126751760351867
1439,334601,415815.0,3388685.0,13,240,6,3,2585.0,9.2,499,0,5,415815,3388700,499,0,5,-88.33,512,0.0,15.0,15.0,0,30.0,-13,9,3,40.91438322002513
1440,334601,415815.0,3388685.0,13,240,6,3,2585.0,9.2,499,0,5,415795,3388680,500,0,5,-93.33,512,-20.0,-5.0,20.615528128088304,1,-225.96375653207352,-12,9,3,30.20306434091841
1441,334601,415815.0,3388685.0,13,240,6,3,2585.0,9.2,499,0,5,415995,3388560,503,0,5,-106.0,512,180.0,-125.0,219.14607000811125,4,-94.77783136636387,-9,9,3,2.351730057199118
1442,334601,415815.0,3388685.0,13,240,6,3,2585.0,9.2,499,0,5,415730,3388700,500,0,6,-86.0,512,-85.0,15.0,86.31338250816034,1,109.99202019855869,-12,9,3,7.914997207501181
1443,334601,415815.0,3388685.0,13,240,6,3,2585.0,9.2,499,0,5,415720,3388690,501,0,6,-82.0,512,-95.0,5.0,95.13148795220224,2,116.98721249581666,-11,9,3,6.595786981229663
1444,334601,415815.0,3388685.0,13,240,6,3,2585.0,9.2,499,0,5,415695,3388655,503,0,5,-79.5,512,-120.0,-30.0,123.69316876852982,4,-225.96375653207352,-9,9,3,4.161546742043851
1445,334601,415815.0,3388685.0,13,240,6,3,2585.0,9.2,499,0,5,415785,3388745,497,0,5,-95.0,512,-30.0,60.0,67.08203932499369,-2,56.565051177077976,-15,9,3,12.604382648379184
1446,334601,415815.0,3388685.0,13,240,6,3,2585.0,9.2,499,0,5,415725,3388685,501,0,5,-81.33,512,-90.0,0.0,90.0,2,120.0,-11,9,3,6.968256741378544
1447,334601,415815.0,3388685.0,13,240,6,3,2585.0,9.2,499,0,5,415735,3388695,500,0,5,-78.4,512,-80.0,10.0,80.62257748298549,1,112.8749836510982,-12,9,3,8.465848238967707
1448,334601,415815.0,3388685.0,13,240,6,3,2585.0,9.2,499,0,5,415775,3388735,498,0,5,-83.0,512,-40.0,50.0,64.03124237432849,-1,68.65980825409008,-14,9,3,12.333251044177262
1449,334601,415815.0,3388685.0,13,240,6,3,2585.0,9.2,499,0,5,415820,3388790,496,0,5,-94.0,512,5.0,105.0,105.11898020814318,-3,27.27368900609372,-16,9,3,8.654477391962008
1450,334601,415815.0,3388685.0,13,240,6,3,2585.0,9.2,499,0,5,415985,3388625,501,0,5,-99.0,512,170.0,-60.0,180.27756377319946,2,-79.44003482817618,-11,9,3,3.4916888336880465
1451,334601,415815.0,3388685.0,13,240,6,3,2585.0,9.2,499,0,5,415755,3388715,499,0,5,-79.93,512,-60.0,30.0,67.08203932499369,0,93.43494882292202,-13,9,3,10.967546839803449
1452,334601,415815.0,3388685.0,13,240,6,3,2585.0,9.2,499,0,5,415765,3388725,498,0,5,-93.8,512,-50.0,40.0,64.03124237432849,-1,81.34019174590992,-14,9,3,12.333251044177262
1453,334601,415815.0,3388685.0,13,240,6,3,2585.0,9.2,499,0,5,415995,3388635,500,0,5,-98.91,512,180.0,-50.0,186.81541692269406,1,-75.52411099675425,-12,9,3,3.6753179850264543
1454,334601,415815.0,3388685.0,13,240,6,3,2585.0,9.2,499,0,5,415990,3388640,500,0,5,-98.55,512,175.0,-45.0,180.6931099959265,1,-74.42077312751098,-12,9,3,3.799487585717383
1455,334601,415815.0,3388685.0,13,240,6,3,2585.0,9.2,499,0,5,415825,3388785,496,0,5,-98.5,512,10.0,100.0,100.4987562112089,-3,24.289406862500357,-16,9,3,9.04591136276987
1456,334601,415815.0,3388685.0,13,240,6,3,2585.0,9.2,499,0,5,415980,3388630,501,0,5,-96.0,512,165.0,-55.0,173.92527130926086,2,-78.43494882292202,-11,9,3,3.6188832299832416
1457,334601,415815.0,3388685.0,13,240,6,3,2585.0,9.2,499,0,5,415715,3388675,501,0,5,-81.88,512,-100.0,-10.0,100.4987562112089,2,-234.28940686250036,-11,9,3,6.246392315319936
1458,334601,415815.0,3388685.0,13,240,6,3,2585.0,9.2,499,0,5,415745,3388705,500,0,5,-74.92,512,-70.0,20.0,72.80109889280519,1,104.0546040990771,-12,9,3,9.36005201533333
1459,334601,415815.0,3388685.0,13,240,6,3,2585.0,9.2,499,0,5,415740,3388710,500,0,6,-77.67,512,-75.0,25.0,79.05694150420949,1,101.56505117707798,-12,9,3,8.631004158755234
1460,334601,415815.0,3388685.0,13,240,6,3,2585.0,9.2,499,0,5,415915,3388555,502,5,5,-109.0,512,100.0,-130.0,164.01219466856725,3,-112.43140797117252,-10,9,3,3.4890661077212064
1461,334601,415815.0,3388685.0,13,240,6,3,2585.0,9.2,499,0,5,415890,3388540,502,15,5,-101.0,512,75.0,-145.0,163.24827717314508,3,-122.65012421993012,-10,9,3,3.5053525160627785
1462,334601,415815.0,3388685.0,13,240,6,3,2585.0,9.2,499,0,5,415895,3388535,502,0,5,-97.0,512,80.0,-150.0,170.0,3,-121.92751306414704,-10,9,3,3.3664606634298013
1463,334601,415815.0,3388685.0,13,240,6,3,2585.0,9.2,499,0,5,415705,3388665,502,0,5,-81.25,512,-110.0,-20.0,111.80339887498948,3,-229.69515353123398,-10,9,3,5.111089695288715
1464,334601,415815.0,3388685.0,13,240,6,3,2585.0,9.2,499,0,5,419970,3387800,516,0,6,-95.0,512,4155.0,-885.0,4248.205503503803,17,-72.02410880268957,4,9,3,-0.053948202396286914
1465,334601,415815.0,3388685.0,13,240,6,3,2585.0,9.2,499,0,5,419985,3388125,519,0,6,-103.0,512,4170.0,-560.0,4207.433897282285,20,-67.64863654831763,7,9,3,-0.09532415632265559
1466,334601,415815.0,3388685.0,13,240,6,3,2585.0,9.2,499,0,5,419975,3388155,519,0,6,-93.22,512,4160.0,-530.0,4193.626115904945,20,-67.26058729852747,7,9,3,-0.09563801660329863
1467,334601,415815.0,3388685.0,13,240,6,3,2585.0,9.2,499,0,5,419955,3388095,519,0,6,-96.29,512,4140.0,-590.0,4181.829743067023,20,-68.11072603446411,7,9,3,-0.09590779793496357
1468,334601,415815.0,3388685.0,13,240,6,3,2585.0,9.2,499,0,5,419925,3388105,518,0,5,-103.0,512,4110.0,-580.0,4150.722828616722,19,-68.03249464702532,6,9,3,-0.08282278818104548
1469,334601,415815.0,3388685.0,13,240,6,3,2585.0,9.2,499,0,5,419965,3388145,519,0,6,-92.9,512,4150.0,-540.0,4184.985065684225,20,-67.41370040621251,7,9,3,-0.09583548716811659
1470,334601,415815.0,3388685.0,13,240,6,3,2585.0,9.2,499,0,5,419970,3388160,519,0,6,-91.39,512,4155.0,-525.0,4188.036532791948,20,-67.20137673840455,7,9,3,-0.0957656601048359
1471,334601,415815.0,3388685.0,13,240,6,3,2585.0,9.2,499,0,5,419980,3388130,519,0,7,-94.2,512,4165.0,-555.0,4201.815083984539,20,-67.59013792081328,7,9,3,-0.09545162686481169
1472,334601,415815.0,3388685.0,13,240,6,3,2585.0,9.2,499,0,5,419990,3388140,519,0,6,-90.0,512,4175.0,-545.0,4210.421594092449,20,-67.43727483368662,7,9,3,-0.09525651484152885
1473,334601,415815.0,3388685.0,13,240,6,3,2585.0,9.2,499,0,5,419935,3388115,518,0,12,-96.75,512,4120.0,-570.0,4159.242719534411,19,-67.87684146241372,6,9,3,-0.08265313226326973
1474,334601,415815.0,3388685.0,13,240,6,3,2585.0,9.2,499,0,5,419995,3388135,519,0,7,-97.0,512,4180.0,-550.0,4216.028937282096,20,-67.49585763972985,7,9,3,-0.09512982335163943
1475,334601,415815.0,3388685.0,13,240,6,3,2585.0,9.2,499,0,5,419960,3388150,519,0,6,-91.36,512,4145.0,-535.0,4179.38392589147,20,-67.35457233189393,7,9,3,-0.09596392403035395
1476,334601,415815.0,3388685.0,13,240,6,3,2585.0,9.2,499,0,5,419920,3388110,518,0,5,-107.67,512,4105.0,-575.0,4145.0753913529725,19,-67.97371712800299,6,9,3,-0.08293562951761804
1477,334601,415815.0,3388685.0,13,240,6,3,2585.0,9.2,499,0,5,419930,3388120,518,0,12,-106.0,512,4115.0,-565.0,4153.606866327144,19,-67.81797317353104,6,9,3,-0.08276528064128943
1478,334601,415815.0,3388685.0,13,240,6,3,2585.0,9.2,499,0,5,419950,3388100,518,0,5,-95.75,512,4135.0,-585.0,4176.17648094522,19,-68.05249213475784,6,9,3,-0.08231798682628293
1479,334601,415815.0,3388685.0,13,240,6,3,2585.0,9.2,499,0,5,419890,3388260,517,24,5,-111.0,512,4075.0,-425.0,4097.102634789614,18,-65.95410743116503,5,9,3,-0.06992227944546527
1480,334601,415815.0,3388685.0,13,240,6,3,2585.0,9.2,499,0,5,419965,3388165,519,0,6,-89.9,512,4150.0,-520.0,4182.451434266751,20,-67.14200797933876,7,9,3,-0.0958935419600777
1481,334601,415815.0,3388685.0,13,240,6,3,2585.0,9.2,499,0,5,419960,3388170,519,0,6,-92.3,512,4145.0,-515.0,4176.87083831904,20,-67.08248051446452,7,9,3,-0.09602166229969274
1482,334601,415815.0,3388685.0,13,240,6,3,2585.0,9.2,499,0,5,419970,3388180,518,0,6,-93.9,512,4155.0,-505.0,4185.5764238632655,19,-66.9297581140165,6,9,3,-0.08213311782911045
1483,334601,415815.0,3388685.0,13,240,6,3,2585.0,9.2,499,0,5,419975,3388175,518,0,6,-93.17,512,4160.0,-510.0,4191.145428161614,19,-66.98936515633847,6,9,3,-0.0820239832097784
1484,334601,415815.0,3388685.0,13,240,6,3,2585.0,9.2,499,0,5,419860,3388100,517,0,12,-112.25,512,4045.0,-585.0,4087.0833120943353,18,-68.22922990146765,5,9,3,-0.07009369097043673
1485,334601,415815.0,3388685.0,13,240,6,3,2585.0,9.2,499,0,5,419990,3388050,518,0,6,-94.73,512,4175.0,-635.0,4223.014326284011,19,-68.64816795620277,6,9,3,-0.08140499160062276
1486,334601,415815.0,3388685.0,13,240,6,3,2585.0,9.2,499,0,5,419955,3388005,518,0,6,-91.5,512,4140.0,-680.0,4195.473751556551,19,-69.32761451066762,6,9,3,-0.08193936205322364
1487,334601,415815.0,3388685.0,13,240,6,3,2585.0,9.2,499,0,5,419845,3388115,516,21,5,-117.5,512,4030.0,-570.0,4070.110563608807,17,-68.0504696333492,4,9,3,-0.056308800629734986
1488,334601,415815.0,3388685.0,13,240,6,3,2585.0,9.2,499,0,5,419870,3388090,517,0,5,-116.5,512,4055.0,-595.0,4098.420427432989,18,-68.34758011394806,5,9,3,-0.0698997968876969
1489,334601,415815.0,3388685.0,13,240,6,3,2585.0,9.2,499,0,5,419880,3388160,517,0,7,-117.33,512,4065.0,-525.0,4098.762008216628,18,-67.3590876820152,5,9,3,-0.06989397161566083
1490,334601,415815.0,3388685.0,13,240,6,3,2585.0,9.2,499,0,5,419975,3388065,518,0,6,-95.04,512,4160.0,-620.0,4205.948168962618,19,-68.47687822446102,6,9,3,-0.08173530202209808
1491,334601,415815.0,3388685.0,13,240,6,3,2585.0,9.2,499,0,5,419980,3388060,518,0,7,-97.28,512,4165.0,-625.0,4211.632700034513,19,-68.53412902523709,6,9,3,-0.08162498227960734
1492,334601,415815.0,3388685.0,13,240,6,3,2585.0,9.2,499,0,5,419965,3388075,518,0,7,-98.96,512,4150.0,-610.0,4194.591756059223,19,-68.36191139080879,6,9,3,-0.08195659139376923
1493,334601,415815.0,3388685.0,13,240,6,3,2585.0,9.2,499,0,5,419970,3388070,518,0,6,-95.44,512,4155.0,-615.0,4200.267848602039,19,-68.41947251759657,6,9,3,-0.08184583832259609
1494,334601,415815.0,3388685.0,13,240,6,3,2585.0,9.2,499,0,5,419985,3388055,518,0,6,-92.77,512,4170.0,-630.0,4217.321424790859,19,-68.59122543222765,6,9,3,-0.08151487887897496
1495,334601,415815.0,3388685.0,13,240,6,3,2585.0,9.2,499,0,5,419960,3388080,518,0,6,-100.45,512,4145.0,-605.0,4188.919908520572,19,-68.30419432873154,6,9,3,-0.08206756144475201
1496,334601,415815.0,3388685.0,13,240,6,3,2585.0,9.2,499,0,5,419865,3388095,517,0,5,-118.33,512,4050.0,-590.0,4092.7496869464176,18,-68.28848696665193,5,9,3,-0.0699966469871189
1497,334601,415815.0,3388685.0,13,240,6,3,2585.0,9.2,499,0,5,419995,3388045,518,0,6,-93.83,512,4180.0,-640.0,4228.711387645178,19,-68.70495710639892,6,9,3,-0.08129532022159444
1498,334601,415815.0,3388685.0,13,240,6,3,2585.0,9.2,499,0,5,419875,3388085,518,0,5,-118.5,512,4060.0,-600.0,4104.0955154577,19,-68.40650989736787,6,9,3,-0.08376375034798585
1499,334601,415815.0,3388685.0,13,240,6,3,2585.0,9.2,499,0,5,415585,3388660,507,0,5,-101.0,512,-230.0,-25.0,231.3547060251855,8,-233.79655209830818,-5,9,3,1.238074266750809
1500,334601,415815.0,3388685.0,13,240,6,3,2585.0,9.2,499,0,5,415590,3388645,507,0,5,-98.67,512,-225.0,-40.0,228.52789764052878,8,-229.91940201245768,-5,9,3,1.2533839472619392
1501,334601,415815.0,3388685.0,13,240,6,3,2585.0,9.2,499,0,5,415570,3388665,506,0,5,-102.8,512,-245.0,-20.0,245.81497106563708,7,-235.333141628561,-6,9,3,1.3982322908820908
1502,334601,415815.0,3388685.0,13,240,6,3,2585.0,9.2,499,0,5,415720,3388645,502,0,10,-82.82,512,-95.0,-40.0,103.07764064044152,3,-217.16634582208246,-10,9,3,5.541166443639222
1503,334601,415815.0,3388685.0,13,240,6,3,2585.0,9.2,499,0,5,415730,3388655,502,0,5,-84.22,512,-85.0,-30.0,90.13878188659973,3,-220.55996517182382,-10,9,3,6.330509401162716
1504,334601,415815.0,3388685.0,13,240,6,3,2585.0,9.2,499,0,5,415835,3388760,496,0,14,-94.33,512,20.0,75.0,77.62087348130012,-3,15.068582821862435,-16,9,3,11.64725209866636
1505,334601,415815.0,3388685.0,13,240,6,3,2585.0,9.2,499,0,5,415755,3388680,500,0,5,-80.5,512,-60.0,-5.0,60.207972893961475,1,-235.2363583092738,-12,9,3,11.271867138973722
1506,334601,415815.0,3388685.0,13,240,6,3,2585.0,9.2,499,0,5,415800,3388725,498,0,14,-91.9,512,-15.0,40.0,42.720018726587654,-1,50.55604521958344,-14,9,3,18.14475703094252
1507,334601,415815.0,3388685.0,13,240,6,3,2585.0,9.2,499,0,5,415750,3388675,501,0,5,-79.38,512,-65.0,-10.0,65.76473218982953,2,-231.2538377374448,-11,9,3,9.495557505914315
1508,334601,415815.0,3388685.0,13,240,6,3,2585.0,9.2,499,0,5,415740,3388665,501,0,5,-81.27,512,-75.0,-20.0,77.62087348130012,2,-225.06858282186246,-11,9,3,8.065930505029064
1509,334601,415815.0,3388685.0,13,240,6,3,2585.0,9.2,499,0,5,415745,3388670,501,0,5,-76.83,512,-70.0,-15.0,71.58910531638176,2,-227.90524292298792,-11,9,3,8.735444131760737
1510,334601,415815.0,3388685.0,13,240,6,3,2585.0,9.2,499,0,5,415820,3388745,497,0,5,-96.8,512,5.0,60.0,60.207972893961475,-2,25.23635830927384,-15,9,3,13.98966613787267
1511,334601,415815.0,3388685.0,13,240,6,3,2585.0,9.2,499,0,5,415735,3388660,501,0,5,-81.8,512,-80.0,-25.0,83.81527307120105,2,-222.6459753637387,-11,9,3,7.476823206593228
1512,334601,415815.0,3388685.0,13,240,6,3,2585.0,9.2,499,0,5,415815,3388740,497,0,5,-94.0,512,0.0,55.0,55.0,-2,30.0,-15,9,3,15.255118703057777
1513,334601,415815.0,3388685.0,13,240,6,3,2585.0,9.2,499,0,5,415870,3388555,502,0,14,-80.0,512,55.0,-130.0,141.15594213493105,3,-127.06789956241022,-10,9,3,4.052271115510341
1514,334601,415815.0,3388685.0,13,240,6,3,2585.0,9.2,499,0,5,415865,3388550,502,0,14,-86.0,512,50.0,-135.0,143.96180048887967,3,-129.67686317033707,-10,9,3,3.9735466456512007
1515,334601,415815.0,3388685.0,13,240,6,3,2585.0,9.2,499,0,5,415725,3388650,502,0,5,-81.73,512,-90.0,-35.0,96.56603957913983,3,-218.74949449286677,-10,9,3,5.912252062621178
1516,334601,415815.0,3388685.0,13,240,6,3,2585.0,9.2,499,0,5,415810,3388735,497,0,14,-94.33,512,-5.0,50.0,50.24937810560445,-2,35.71059313749964,-15,9,3,16.62095126763351
1517,334601,415815.0,3388685.0,13,240,6,3,2585.0,9.2,499,0,5,415865,3388650,502,0,5,-85.0,512,50.0,-35.0,61.032778078668514,3,-94.99202019855866,-10,9,3,9.305027682630422
1518,334601,415815.0,3388685.0,13,240,6,3,2585.0,9.2,499,0,5,415910,3388695,499,0,5,-93.17,512,95.0,10.0,95.524865872714,0,-53.99099404250546,-13,9,3,7.749785829674352
1519,334601,415815.0,3388685.0,13,240,6,3,2585.0,9.2,499,0,5,415890,3388715,498,0,5,-93.0,512,75.0,30.0,80.77747210701756,-1,-38.198590513648185,-14,9,3,9.832580275905821
1520,334601,415815.0,3388685.0,13,240,6,3,2585.0,9.2,499,0,5,415915,3388700,499,0,5,-92.8,512,100.0,15.0,101.11874208078342,0,-51.46923439005187,-13,9,3,7.325859776138395
1521,334601,415815.0,3388685.0,13,240,6,3,2585.0,9.2,499,0,5,415650,3388720,504,6,5,-101.0,512,-165.0,35.0,168.67127793433,5,108.02386755579664,-8,9,3,2.715477094486329
1522,334601,415815.0,3388685.0,13,240,6,3,2585.0,9.2,499,0,5,415585,3388555,507,5,5,-97.5,512,-230.0,-130.0,264.1968962724581,8,-210.52411099675425,-5,9,3,1.0842091886898566
1523,334601,415815.0,3388685.0,13,240,6,3,2585.0,9.2,499,0,5,415615,3388565,508,0,14,-89.5,512,-200.0,-120.0,233.23807579381202,9,-209.03624346792648,-4,9,3,0.9825181943536673
1524,334601,415815.0,3388685.0,13,240,6,3,2585.0,9.2,499,0,5,415560,3388540,506,0,14,-103.5,512,-255.0,-145.0,293.3428028774526,7,-210.37625124882618,-6,9,3,1.1717579059381777
1525,334601,415815.0,3388685.0,13,240,6,3,2585.0,9.2,499,0,5,415645,3388615,507,0,6,-87.5,512,-170.0,-70.0,183.84776310850236,8,-217.61986494804043,-5,9,3,1.5578557669640811
1526,334601,415815.0,3388685.0,13,240,6,3,2585.0,9.2,499,0,5,415655,3388605,507,0,6,-87.0,512,-160.0,-80.0,178.88543819998318,8,-213.434948822922,-5,9,3,1.601048869705761
1527,334601,415815.0,3388685.0,13,240,6,3,2585.0,9.2,499,0,5,415650,3388610,507,0,6,-88.67,512,-165.0,-75.0,181.24568960391858,8,-215.55604521958347,-5,9,3,1.5802100335049125
1528,334601,415815.0,3388685.0,13,240,6,3,2585.0,9.2,499,0,5,415620,3388600,508,0,5,-96.0,512,-195.0,-85.0,212.72047386182646,9,-216.44773632710536,-4,9,3,1.0772640134097395
1529,334601,415815.0,3388685.0,13,240,6,3,2585.0,9.2,499,0,5,415630,3388590,508,0,5,-84.17,512,-185.0,-95.0,207.9663434308542,9,-212.8188889145228,-4,9,3,1.1018843676400103
1530,334601,415815.0,3388685.0,13,240,6,3,2585.0,9.2,499,0,5,415595,3388545,507,0,5,-103.5,512,-220.0,-140.0,260.76809620810593,8,-207.52880770915152,-5,9,3,1.0984618201572267
1531,334601,415815.0,3388685.0,13,240,6,3,2585.0,9.2,499,0,5,415635,3388585,508,0,6,-89.0,512,-180.0,-100.0,205.91260281974002,9,-210.94539590092285,-4,9,3,1.1128716425051552
1532,334601,415815.0,3388685.0,13,240,6,3,2585.0,9.2,499,0,5,415675,3388625,505,0,5,-84.75,512,-140.0,-60.0,152.31546211727817,6,-216.80140948635182,-7,9,3,2.631305091957439
1533,334601,415815.0,3388685.0,13,240,6,3,2585.0,9.2,499,0,5,415670,3388630,505,0,5,-73.5,512,-145.0,-55.0,155.08062419270823,6,-219.22774531795417,-7,9,3,2.5844518482414762
1534,334601,415815.0,3388685.0,13,240,6,3,2585.0,9.2,499,0,5,415605,3388575,508,0,14,-93.0,512,-210.0,-110.0,237.06539182259397,9,-212.35402463626133,-4,9,3,0.966658906714857
1535,334601,415815.0,3388685.0,13,240,6,3,2585.0,9.2,499,0,5,415625,3388595,508,0,5,-89.5,512,-190.0,-90.0,210.23796041628637,9,-214.65382405805332,-4,9,3,1.0899814169229316
1536,334601,415815.0,3388685.0,13,240,6,3,2585.0,9.2,499,0,5,419980,3387815,517,0,7,-99.5,512,4165.0,-870.0,4254.894240753817,18,-71.79849953101578,5,9,3,-0.06732923299368722
1537,334601,415815.0,3388685.0,13,240,6,3,2585.0,9.2,499,0,5,419965,3387840,517,0,6,-91.0,512,4150.0,-845.0,4235.153480099629,18,-71.50892141526549,5,9,3,-0.06764306554961202
1538,334601,415815.0,3388685.0,13,240,6,3,2585.0,9.2,499,0,5,419985,3388285,517,0,7,-97.0,512,4170.0,-400.0,4189.140723346495,18,-65.47923376510676,5,9,3,-0.06838604392794946
1539,334601,415815.0,3388685.0,13,240,6,3,2585.0,9.2,499,0,5,419855,3388195,517,0,5,-116.5,512,4040.0,-490.0,4069.60686061934,18,-66.91546246640854,5,9,3,-0.07039469983954556
1540,334601,415815.0,3388685.0,13,240,6,3,2585.0,9.2,499,0,5,419970,3388320,517,0,7,-98.85,512,4155.0,-365.0,4171.001078877827,18,-65.02031593963457,5,9,3,-0.06868345390559807
1541,334601,415815.0,3388685.0,13,240,6,3,2585.0,9.2,499,0,5,419875,3388175,517,0,5,-110.0,512,4060.0,-510.0,4091.906646051447,18,-67.15975158533328,5,9,3,-0.0700110681316593
1542,334601,415815.0,3388685.0,13,240,6,3,2585.0,9.2,499,0,5,419965,3388305,517,0,6,-91.29,512,4150.0,-380.0,4167.361275435573,18,-65.23177136139574,5,9,3,-0.06874344247285177
1543,334601,415815.0,3388685.0,13,240,6,3,2585.0,9.2,499,0,5,419980,3388290,517,0,6,-97.5,512,4165.0,-395.0,4183.68856393494,18,-65.41760978095931,5,9,3,-0.06847516415105485
1544,334601,415815.0,3388685.0,13,240,6,3,2585.0,9.2,499,0,5,419975,3388315,517,0,6,-95.41,512,4160.0,-370.0,4176.421913552317,18,-65.08264452417927,5,9,3,-0.06859430551489182
1545,334601,415815.0,3388685.0,13,240,6,3,2585.0,9.2,499,0,5,419890,3388240,517,0,12,-123.0,512,4075.0,-445.0,4099.225536610544,18,-66.23214487598258,5,9,3,-0.0698860682183038
1546,334601,415815.0,3388685.0,13,240,6,3,2585.0,9.2,499,0,5,419985,3388530,511,0,7,-87.64,512,4170.0,-155.0,4172.879701117683,12,-62.128719233041124,-1,9,3,0.013730512864037375
1547,334601,415815.0,3388685.0,13,240,6,3,2585.0,9.2,499,0,5,419975,3388560,510,0,5,-96.5,512,4160.0,-125.0,4161.877581092457,11,-61.72111012555669,-2,9,3,0.02753361865468166
1548,334601,415815.0,3388685.0,13,240,6,3,2585.0,9.2,499,0,5,419995,3388540,511,0,6,-90.16,512,4180.0,-145.0,4182.514196030899,12,-61.98673637950199,-1,9,3,0.013698884387695861
1549,334601,415815.0,3388685.0,13,240,6,3,2585.0,9.2,499,0,5,419990,3388535,511,0,6,-88.44,512,4175.0,-150.0,4177.693741767101,12,-62.05764594694827,-1,9,3,0.013714690918096796
1550,334601,415815.0,3388685.0,13,240,6,3,2585.0,9.2,499,0,5,419985,3388500,511,0,6,-94.39,512,4170.0,-185.0,4174.101699767269,12,-62.5402333943282,-1,9,3,0.013726493156626603
1551,334601,415815.0,3388685.0,13,240,6,3,2585.0,9.2,499,0,5,419990,3388485,512,0,6,-96.08,512,4175.0,-200.0,4179.787674033216,13,-62.74261135748159,0,9,3,0.0
1552,334601,415815.0,3388685.0,13,240,6,3,2585.0,9.2,499,0,5,419975,3388510,511,0,6,-94.0,512,4160.0,-175.0,4163.679262383211,12,-62.408858903741105,-1,9,3,0.013760853034253465
1553,334601,415815.0,3388685.0,13,240,6,3,2585.0,9.2,499,0,5,419995,3388490,512,0,7,-96.55,512,4180.0,-195.0,4184.545972982015,13,-62.67095277005666,0,9,3,0.0
1554,334601,415815.0,3388685.0,13,240,6,3,2585.0,9.2,499,0,5,419980,3388495,511,0,7,-93.36,512,4165.0,-190.0,4169.331481184963,12,-62.6119222186733,-1,9,3,0.013742197921409974
1555,334601,415815.0,3388685.0,13,240,6,3,2585.0,9.2,499,0,5,419580,3388565,510,21,5,-121.0,512,3765.0,-120.0,3766.9118651755048,11,-61.82554230732987,-2,9,3,0.0304205546505903
1556,334601,415815.0,3388685.0,13,240,6,3,2585.0,9.2,499,0,5,415610,3388505,505,5,5,-101.0,512,-205.0,-180.0,272.8094573140748,6,-198.71528910542878,-7,9,3,1.469826142567277
1557,334601,415815.0,3388685.0,13,240,6,3,2585.0,9.2,499,0,5,415630,3388485,505,5,5,-95.5,512,-185.0,-200.0,272.44265451650557,6,-192.76882539196876,-7,9,3,1.4718041711593646
1558,334601,415815.0,3388685.0,13,240,6,3,2585.0,9.2,499,0,5,415620,3388495,505,5,5,-94.33,512,-195.0,-190.0,272.2590678012396,6,-195.74405920288874,-7,9,3,1.4727961848533984
1559,334601,415815.0,3388685.0,13,240,6,3,2585.0,9.2,499,0,5,415625,3388500,505,5,5,-96.45,512,-190.0,-185.0,265.1886121235224,6,-195.76389846093,-7,9,3,1.5120458668352665
1560,334601,415815.0,3388685.0,13,240,6,3,2585.0,9.2,499,0,5,419935,3387920,518,0,15,-94.5,512,4120.0,-765.0,4190.420623278766,19,-70.51886386005441,6,9,3,-0.08203817064050112
1561,334601,415815.0,3388685.0,13,240,6,3,2585.0,9.2,499,0,5,419930,3387915,518,0,5,-102.5,512,4115.0,-770.0,4186.421502906749,19,-70.59863701608802,6,9,3,-0.0821165383037215
1562,334601,415815.0,3388685.0,13,240,6,3,2585.0,9.2,499,0,5,419950,3387895,518,0,5,-105.33,512,4135.0,-790.0,4209.789187120894,19,-70.81613062139215,6,9,3,-0.08166072670729328
1563,334601,415815.0,3388685.0,13,240,6,3,2585.0,9.2,499,0,5,419955,3387900,518,0,5,-107.0,512,4140.0,-785.0,4213.766130197546,19,-70.73659379928407,6,9,3,-0.08158365559976055
1564,334601,415815.0,3388685.0,13,240,6,3,2585.0,9.2,499,0,5,419975,3387880,518,0,6,-96.7,512,4160.0,-805.0,4237.171816200046,19,-70.95192138547597,6,9,3,-0.08113299677612883
1565,334601,415815.0,3388685.0,13,240,6,3,2585.0,9.2,499,0,5,419965,3387870,518,0,6,-88.6,512,4150.0,-815.0,4229.270031577554,19,-71.11066671292176,6,9,3,-0.08128458194380836
1566,334601,415815.0,3388685.0,13,240,6,3,2585.0,9.2,499,0,5,419970,3387875,518,0,6,-96.0,512,4155.0,-810.0,4233.216861914825,19,-71.031219970134,6,9,3,-0.08120879654594865
1567,334601,415815.0,3388685.0,13,240,6,3,2585.0,9.2,499,0,5,419920,3388230,518,0,5,-126.0,512,4105.0,-455.0,4130.139222834988,19,-66.32487201913244,6,9,3,-0.08323555616223474
1568,334601,415815.0,3388685.0,13,240,6,3,2585.0,9.2,499,0,5,419880,3388270,516,0,5,-109.5,512,4065.0,-415.0,4086.128974959063,17,-65.82918888335016,4,9,3,-0.056088059444303756
1569,334601,415815.0,3388685.0,13,240,6,3,2585.0,9.2,499,0,5,419885,3388265,516,24,5,-111.0,512,4070.0,-420.0,4091.6133737194673,17,-65.89173191476678,4,9,3,-0.05601287905469462
1570,334601,415815.0,3388685.0,13,240,6,3,2585.0,9.2,499,0,5,419965,3388185,518,0,7,-90.33,512,4150.0,-500.0,4180.011961705373,19,-66.86999230821425,6,9,3,-0.08224245387955942
1571,334601,415815.0,3388685.0,13,240,6,3,2585.0,9.2,499,0,5,419980,3388170,518,0,7,-95.5,512,4165.0,-515.0,4196.718956518294,19,-67.04881393844312,6,9,3,-0.08191504992696684
1572,334601,415815.0,3388685.0,13,240,6,3,2585.0,9.2,499,0,5,419970,3388200,518,0,6,-90.33,512,4155.0,-485.0,4183.210489564205,19,-66.65782612909763,6,9,3,-0.08217957049856414
1573,334601,415815.0,3388685.0,13,240,6,3,2585.0,9.2,499,0,5,419995,3388175,518,0,7,-89.2,512,4180.0,-510.0,4210.997506529777,19,-66.95625165430914,6,9,3,-0.08163729470399612
1574,334601,415815.0,3388685.0,13,240,6,3,2585.0,9.2,499,0,5,419975,3388195,518,0,6,-92.36,512,4160.0,-490.0,4188.758766030815,19,-66.71782785087291,6,9,3,-0.08207071859793967
1575,334601,415815.0,3388685.0,13,240,6,3,2585.0,9.2,499,0,5,419960,3388190,518,0,6,-91.0,512,4145.0,-495.0,4174.452059851688,19,-66.81006723436636,6,9,3,-0.08235199145140837
1576,334601,415815.0,3388685.0,13,240,6,3,2585.0,9.2,499,0,5,415930,3388820,492,6,5,-110.5,512,115.0,135.0,177.341478509682,-7,-10.426078740099143,-20,9,3,6.434446086424834
1577,334601,415815.0,3388685.0,13,240,6,3,2585.0,9.2,499,0,5,415780,3388635,502,0,5,-95.0,512,-35.0,-50.0,61.032778078668514,3,-184.9920201985587,-10,9,3,9.305027682630422
1578,334601,415815.0,3388685.0,13,240,6,3,2585.0,9.2,499,0,5,419920,3388100,518,0,5,-111.17,512,4105.0,-585.0,4146.47440604666,19,-68.11056082029123,6,9,3,-0.08290764719071261
1579,334601,415815.0,3388685.0,13,240,6,3,2585.0,9.2,499,0,5,419990,3388150,518,0,6,-91.5,512,4175.0,-535.0,4209.138866799241,19,-67.30229755267982,6,9,3,-0.08167334343480116
1580,334601,415815.0,3388685.0,13,240,6,3,2585.0,9.2,499,0,5,419980,3388160,518,0,7,-98.75,512,4165.0,-525.0,4197.957836853534,19,-67.18426739242688,6,9,3,-0.08189087559977441
1581,334601,415815.0,3388685.0,13,240,6,3,2585.0,9.2,499,0,5,419955,3388105,519,0,6,-98.29,512,4140.0,-580.0,4180.430599830596,20,-67.97503972999289,7,9,3,-0.09593989713929424
1582,334601,415815.0,3388685.0,13,240,6,3,2585.0,9.2,499,0,5,419945,3388115,518,0,5,-97.82,512,4130.0,-570.0,4169.148594137657,19,-67.85800775338214,6,9,3,-0.08245674913768924
1583,334601,415815.0,3388685.0,13,240,6,3,2585.0,9.2,499,0,5,419970,3388130,519,0,6,-93.36,512,4155.0,-555.0,4191.902909180984,20,-67.60819167278751,7,9,3,-0.0956773313895755
1584,334601,415815.0,3388685.0,13,240,6,3,2585.0,9.2,499,0,5,419975,3388125,519,0,6,-102.0,512,4160.0,-560.0,4197.52307915037,20,-67.66680426181418,7,9,3,-0.09554922682484468
1585,334601,415815.0,3388685.0,13,240,6,3,2585.0,9.2,499,0,5,419965,3388135,519,0,6,-92.94,512,4150.0,-550.0,4186.287137786896,20,-67.54942176826327,7,9,3,-0.09580567925538974
1586,334601,415815.0,3388685.0,13,240,6,3,2585.0,9.2,499,0,5,419925,3388095,518,0,5,-115.67,512,4110.0,-590.0,4152.131982488033,19,-68.16913217067554,6,9,3,-0.08279467975612269
1587,334601,415815.0,3388685.0,13,240,6,3,2585.0,9.2,499,0,5,419995,3388145,518,0,7,-94.29,512,4180.0,-540.0,4214.73605342019,19,-67.36107767157793,6,9,3,-0.08156488104917634
1588,334601,415815.0,3388685.0,13,240,6,3,2585.0,9.2,499,0,5,419960,3388140,519,0,6,-93.77,512,4145.0,-545.0,4180.675782693511,20,-67.49049403820592,7,9,3,-0.09593427059088305
1589,334601,415815.0,3388685.0,13,240,6,3,2585.0,9.2,499,0,5,419950,3388110,519,0,5,-102.0,512,4135.0,-575.0,4174.7874197376805,20,-67.91660280889886,7,9,3,-0.09606958161161734
1590,334601,415815.0,3388685.0,13,240,6,3,2585.0,9.2,499,0,5,419880,3388405,512,21,12,-110.5,512,4065.0,-280.0,4074.6318852136815,13,-63.94034889699509,0,9,3,0.0
1591,334601,415815.0,3388685.0,13,240,6,3,2585.0,9.2,499,0,5,419980,3388345,516,0,6,-94.89,512,4165.0,-340.0,4178.854508115831,17,-64.66685837143899,4,9,3,-0.05484350977338268
1592,334601,415815.0,3388685.0,13,240,6,3,2585.0,9.2,499,0,5,419990,3388355,516,0,6,-93.5,512,4175.0,-330.0,4188.021609304326,17,-64.51937205039769,4,9,3,-0.05472346366463731
1593,334601,415815.0,3388685.0,13,240,6,3,2585.0,9.2,499,0,5,419975,3388340,516,0,6,-95.84,512,4160.0,-345.0,4174.281375278863,17,-64.74084420679523,4,9,3,-0.054903593528990234
1594,334601,415815.0,3388685.0,13,240,6,3,2585.0,9.2,499,0,5,419965,3388330,516,0,6,-101.0,512,4150.0,-355.0,4165.1560595012525,17,-64.88930265456085,4,9,3,-0.05502388009530658
1595,334601,415815.0,3388685.0,13,240,6,3,2585.0,9.2,499,0,5,419985,3388350,516,0,7,-95.63,512,4170.0,-335.0,4183.434593727981,17,-64.59303441476717,4,9,3,-0.05478346633031547
1596,334601,415815.0,3388685.0,13,240,6,3,2585.0,9.2,499,0,5,419970,3388335,516,0,7,-93.53,512,4155.0,-350.0,4169.715218093437,17,-64.81499220631582,4,9,3,-0.05496371712766924
1597,334601,415815.0,3388685.0,13,240,6,3,2585.0,9.2,499,0,5,419955,3388430,512,21,5,-102.33,512,4140.0,-255.0,4147.845826450159,13,-63.52463506169869,0,9,3,0.0
1598,334601,415815.0,3388685.0,13,240,6,3,2585.0,9.2,499,0,5,419895,3388370,513,0,5,-118.0,512,4080.0,-315.0,4092.141859711122,14,-64.4148132487272,1,9,3,-0.014001415477960643
1599,334601,415815.0,3388685.0,13,240,6,3,2585.0,9.2,499,0,5,419980,3388475,512,0,7,-93.94,512,4165.0,-210.0,4170.290757249427,13,-62.88641854386461,0,9,3,0.0
1600,334601,415815.0,3388685.0,13,240,6,3,2585.0,9.2,499,0,5,419975,3388450,512,0,6,-92.36,512,4160.0,-235.0,4166.632333191878,13,-63.23322429419545,0,9,3,0.0
1601,334601,415815.0,3388685.0,13,240,6,3,2585.0,9.2,499,0,5,419995,3388470,512,0,6,-92.83,512,4180.0,-215.0,4185.525653965103,13,-62.94443694887855,0,9,3,0.0
1602,334601,415815.0,3388685.0,13,240,6,3,2585.0,9.2,499,0,5,419970,3388445,512,0,6,-93.5,512,4155.0,-240.0,4161.925636048775,13,-63.30583023154969,0,9,3,0.0
1603,334601,415815.0,3388685.0,13,240,6,3,2585.0,9.2,499,0,5,419985,3388480,512,0,6,-95.08,512,4170.0,-205.0,4175.035927989124,13,-62.81443317146528,0,9,3,0.0
1604,334601,415815.0,3388685.0,13,240,6,3,2585.0,9.2,499,0,5,419900,3388395,512,0,5,-119.25,512,4085.0,-290.0,4095.2808206519853,13,-64.06069690527923,0,9,3,0.0
1605,334601,415815.0,3388685.0,13,240,6,3,2585.0,9.2,499,0,5,419990,3388465,512,0,6,-94.38,512,4175.0,-220.0,4180.792389009528,13,-63.01638897375639,0,9,3,0.0
1606,334601,415815.0,3388685.0,13,240,6,3,2585.0,9.2,499,0,5,415605,3388615,508,0,5,-122.0,512,-210.0,-70.0,221.35943621178654,9,-221.565051177078,-4,9,3,1.0352311234559732
1607,334601,415815.0,3388685.0,13,240,6,3,2585.0,9.2,499,0,5,415590,3388510,506,0,14,-101.5,512,-225.0,-175.0,285.0438562747845,7,-202.12501634890182,-6,9,3,1.205863273773776
1608,334601,415815.0,3388685.0,13,240,6,3,2585.0,9.2,499,0,5,415675,3388585,506,0,5,-93.4,512,-140.0,-100.0,172.04650534085255,7,-204.46232220802563,-6,9,3,1.9973402534283067
1609,334601,415815.0,3388685.0,13,240,6,3,2585.0,9.2,499,0,5,415640,3388580,507,0,6,-83.75,512,-175.0,-105.0,204.08331631958552,8,-209.03624346792648,-5,9,3,1.4034542590636727
1610,334601,415815.0,3388685.0,13,240,6,3,2585.0,9.2,499,0,5,415665,3388595,506,0,5,-91.23,512,-150.0,-90.0,174.92855684535903,7,-209.03624346792648,-6,9,3,1.9644588897287387
1611,334601,415815.0,3388685.0,13,240,6,3,2585.0,9.2,499,0,5,415660,3388600,506,0,6,-88.0,512,-155.0,-85.0,176.7766952966369,7,-211.26020470831196,-6,9,3,1.9439370002691125
1612,334601,415815.0,3388685.0,13,240,6,3,2585.0,9.2,499,0,5,415525,3388535,506,0,14,-93.5,512,-290.0,-150.0,326.49655434629017,7,-212.65012421993012,-6,9,3,1.052801266979065
1613,334601,415815.0,3388685.0,13,240,6,3,2585.0,9.2,499,0,5,415535,3388525,506,5,5,-101.5,512,-280.0,-160.0,322.49030993194197,7,-210.25511870305778,-6,9,3,1.0658770462854918
1614,334601,415815.0,3388685.0,13,240,6,3,2585.0,9.2,499,0,5,415595,3388505,506,0,14,-104.0,512,-220.0,-180.0,284.2534080710379,7,-200.71059313749967,-6,9,3,1.2092155285317807
1615,334601,415815.0,3388685.0,13,240,6,3,2585.0,9.2,499,0,5,415645,3388575,507,0,6,-91.0,512,-170.0,-110.0,202.48456731316588,8,-207.0947570770121,-5,9,3,1.4145309701438362
1616,334601,415815.0,3388685.0,13,240,6,3,2585.0,9.2,499,0,5,419965,3387725,515,0,6,-90.0,512,4150.0,-960.0,4259.589182069088,16,-73.02486266954676,3,9,3,-0.04035302532048233
1617,334601,415815.0,3388685.0,13,240,6,3,2585.0,9.2,499,0,5,419995,3388590,510,0,7,-86.33,512,4180.0,-95.0,4181.079406086424,11,-61.301952672578864,-2,9,3,0.027407169095925756
1618,334601,415815.0,3388685.0,13,240,6,3,2585.0,9.2,499,0,5,419970,3388565,510,9,5,-103.33,512,4155.0,-120.0,4156.732490791294,11,-61.654291906407195,-2,9,3,0.027567699012934183
1619,334601,415815.0,3388685.0,13,240,6,3,2585.0,9.2,499,0,5,419865,3388560,510,6,12,-103.0,512,4050.0,-125.0,4051.9285531706996,11,-61.76782705585606,-2,9,3,0.028280742914480635
1620,334601,415815.0,3388685.0,13,240,6,3,2585.0,9.2,499,0,5,418745,3388600,516,5,14,-113.0,512,2930.0,-85.0,2931.2326758549893,17,-61.661698198267715,4,9,3,-0.07818655191755038
1621,334601,415815.0,3388685.0,13,240,6,3,2585.0,9.2,499,0,5,416000,3388610,501,0,5,-93.75,512,185.0,-75.0,199.6246477767713,2,-82.06789956241022,-11,9,3,3.1540034934534456
1622,334601,415815.0,3388685.0,13,240,6,3,2585.0,9.2,499,0,5,416010,3388620,500,0,12,-96.2,512,195.0,-65.0,205.54804791094466,1,-78.43494882292202,-12,9,3,3.341164430741505
1623,334601,415815.0,3388685.0,13,240,6,3,2585.0,9.2,499,0,5,416015,3388615,500,0,12,-97.11,512,200.0,-70.0,211.8962010041709,1,-79.29004621918872,-12,9,3,3.241283905498512
1624,334601,415815.0,3388685.0,13,240,6,3,2585.0,9.2,499,0,5,416055,3388575,502,0,6,-99.83,512,240.0,-110.0,264.0075756488817,3,-84.62356478616363,-10,9,3,2.1691954027449043
1625,334601,415815.0,3388685.0,13,240,6,3,2585.0,9.2,499,0,5,416050,3388580,502,0,5,-97.5,512,235.0,-105.0,257.390753524675,3,-84.07549825507883,-10,9,3,2.224904226124373
1626,334601,415815.0,3388685.0,13,240,6,3,2585.0,9.2,499,0,5,416005,3388605,501,0,5,-101.43,512,190.0,-80.0,206.15528128088303,2,-82.83365417791754,-11,9,3,3.0542825165238194
1627,334601,415815.0,3388685.0,13,240,6,3,2585.0,9.2,499,0,5,419955,3387975,517,0,5,-91.0,512,4140.0,-710.0,4200.440453095365,18,-69.73141978091536,5,9,3,-0.06820207677196355
1628,334601,415815.0,3388685.0,13,240,6,3,2585.0,9.2,499,0,5,419950,3387980,518,0,5,-99.0,512,4135.0,-705.0,4194.669236066176,19,-69.67565059922524,6,9,3,-0.08195507757032996
1629,334601,415815.0,3388685.0,13,240,6,3,2585.0,9.2,499,0,5,419945,3387965,518,0,5,-99.0,512,4130.0,-720.0,4192.290543366478,19,-69.88922403772943,6,9,3,-0.08200157856461224
1630,334601,415815.0,3388685.0,13,240,6,3,2585.0,9.2,499,0,5,419980,3387930,517,0,7,-98.45,512,4165.0,-755.0,4232.877272021951,18,-70.27457928747526,5,9,3,-0.06767944022790387
1631,334601,415815.0,3388685.0,13,240,6,3,2585.0,9.2,499,0,5,419990,3387940,517,0,6,-93.25,512,4175.0,-745.0,4240.9491862082,18,-70.11754679166089,5,9,3,-0.0675506242239894
1632,334601,415815.0,3388685.0,13,240,6,3,2585.0,9.2,499,0,5,419970,3387960,517,0,6,-92.73,512,4155.0,-725.0,4217.77785095422,18,-69.8978108789548,5,9,3,-0.06792172880877259
1633,334601,415815.0,3388685.0,13,240,6,3,2585.0,9.2,499,0,5,419965,3387945,517,0,6,-92.33,512,4150.0,-740.0,4215.459642791045,18,-70.1103357642425,5,9,3,-0.06795908097719201
1634,334601,415815.0,3388685.0,13,240,6,3,2585.0,9.2,499,0,5,419960,3387950,517,0,5,-87.33,512,4145.0,-735.0,4209.66150658221,18,-70.05528606247913,5,9,3,-0.06805268366643083
1635,334601,415815.0,3388685.0,13,240,6,3,2585.0,9.2,499,0,5,419975,3387955,517,0,6,-92.71,512,4160.0,-730.0,4223.564845009486,18,-69.95297084061838,5,9,3,-0.06782866470587127
1636,334601,415815.0,3388685.0,13,240,6,3,2585.0,9.2,499,0,5,419985,3387925,517,0,6,-101.0,512,4170.0,-760.0,4238.69083562366,18,-70.329027003103,5,9,3,-0.06758661478242832
1637,334601,415815.0,3388685.0,13,240,6,3,2585.0,9.2,499,0,5,419950,3387925,518,0,15,-100.4,512,4135.0,-760.0,4204.262717766339,19,-70.4145499865777,6,9,3,-0.08176806892673921
1638,334601,415815.0,3388685.0,13,240,6,3,2585.0,9.2,499,0,5,419955,3387930,517,0,5,-93.25,512,4140.0,-755.0,4208.280527721507,18,-70.33529055703434,5,9,3,-0.06807501564466002
1639,334601,415815.0,3388685.0,13,240,6,3,2585.0,9.2,499,0,5,419925,3387960,518,0,5,-110.5,512,4110.0,-725.0,4173.45480387652,19,-70.00400341311314,6,9,3,-0.08237166960925432
1640,334601,415815.0,3388685.0,13,240,6,3,2585.0,9.2,499,0,5,419985,3387980,517,0,6,-91.52,512,4170.0,-705.0,4229.17545155081,18,-69.5959564368741,5,9,3,-0.06773868035800136
1641,334601,415815.0,3388685.0,13,240,6,3,2585.0,9.2,499,0,5,419940,3387935,518,0,5,-98.6,512,4125.0,-750.0,4192.627457812106,19,-70.30484646876604,6,9,3,-0.08199498902644352
1642,334601,415815.0,3388685.0,13,240,6,3,2585.0,9.2,499,0,5,419945,3387940,518,0,5,-98.5,512,4130.0,-745.0,4196.6564071889425,19,-70.2254725709422,6,9,3,-0.08191627083331644
1643,334601,415815.0,3388685.0,13,240,6,3,2585.0,9.2,499,0,5,419980,3387975,517,0,6,-95.22,512,4165.0,-710.0,4225.082839424572,18,-69.67411498087645,5,9,3,-0.06780429513917362
1644,334601,415815.0,3388685.0,13,240,6,3,2585.0,9.2,499,0,5,419975,3387990,517,0,6,-91.79,512,4160.0,-695.0,4217.656339722334,18,-69.48465538932024,5,9,3,-0.06792368564084757
1645,334601,415815.0,3388685.0,13,240,6,3,2585.0,9.2,499,0,5,419995,3387970,517,0,6,-97.33,512,4180.0,-715.0,4240.710435764272,18,-69.70665240933971,5,9,3,-0.06755442729586124
1646,334601,415815.0,3388685.0,13,240,6,3,2585.0,9.2,499,0,5,419970,3387985,517,0,6,-92.64,512,4155.0,-700.0,4213.5525391289475,18,-69.56291945456206,5,9,3,-0.06798984003130637
1647,334601,415815.0,3388685.0,13,240,6,3,2585.0,9.2,499,0,5,419965,3388000,518,0,6,-93.14,512,4150.0,-685.0,4206.1532306847785,19,-69.37274513891319,6,9,3,-0.08173131720315852
1648,334601,415815.0,3388685.0,13,240,6,3,2585.0,9.2,499,0,5,419960,3387995,517,0,6,-86.86,512,4145.0,-690.0,4202.038195923497,18,-69.45111411358465,5,9,3,-0.06817614429085106
1649,334601,415815.0,3388685.0,13,240,6,3,2585.0,9.2,499,0,5,415805,3388815,496,0,6,-102.0,512,-10.0,130.0,130.38404810405297,-3,34.39870535499551,-16,9,3,6.996039646506274
1650,334601,415815.0,3388685.0,13,240,6,3,2585.0,9.2,499,0,5,419955,3387940,517,0,5,-103.33,512,4140.0,-745.0,4206.497949601307,18,-70.2012926529934,5,9,3,-0.06810386361287477
1651,334601,415815.0,3388685.0,13,240,6,3,2585.0,9.2,499,0,5,419975,3388000,518,0,6,-93.36,512,4160.0,-685.0,4216.020042646856,19,-69.35061289448817,6,9,3,-0.08154004049195555
1652,334601,415815.0,3388685.0,13,240,6,3,2585.0,9.2,499,0,5,419995,3387980,517,0,6,-97.0,512,4180.0,-705.0,4239.035857361907,18,-69.57342499588594,5,9,3,-0.06758111380756754
1653,334601,415815.0,3388685.0,13,240,6,3,2585.0,9.2,499,0,5,419970,3387995,518,0,6,-91.77,512,4155.0,-690.0,4211.9027766557,19,-69.428776673502,6,9,3,-0.08161974831036287
1654,334601,415815.0,3388685.0,13,240,6,3,2585.0,9.2,499,0,5,419950,3387935,518,0,5,-99.67,512,4135.0,-750.0,4202.466537641912,19,-70.28045750375483,6,9,3,-0.08180301744550969
1655,334601,415815.0,3388685.0,13,240,6,3,2585.0,9.2,499,0,5,419985,3387970,517,0,6,-95.89,512,4170.0,-715.0,4230.853932718547,18,-69.72948535982454,5,9,3,-0.06771180682484894
1656,334601,415815.0,3388685.0,13,240,6,3,2585.0,9.2,499,0,5,419945,3387930,518,0,15,-93.6,512,4130.0,-755.0,4198.443163840616,19,-70.35977423374737,6,9,3,-0.08188140928184251
1657,334601,415815.0,3388685.0,13,240,6,3,2585.0,9.2,499,0,5,419980,3387965,517,0,6,-94.69,512,4165.0,-720.0,4226.774775168415,18,-69.80774182030945,5,9,3,-0.067777153782089
1658,334601,415815.0,3388685.0,13,240,6,3,2585.0,9.2,499,0,5,419935,3387960,518,0,5,-105.33,512,4120.0,-725.0,4183.303120740834,19,-69.98021061047078,6,9,3,-0.08217775079302272
1659,334601,415815.0,3388685.0,13,240,6,3,2585.0,9.2,499,0,5,419960,3387985,517,0,5,-87.69,512,4145.0,-700.0,4203.69182980865,18,-69.5855628421017,5,9,3,-0.06814932541816217
1660,334601,415815.0,3388685.0,13,240,6,3,2585.0,9.2,499,0,5,419940,3387925,518,0,15,-94.67,512,4125.0,-760.0,4194.427851328474,19,-70.43924297558584,6,9,3,-0.08195979398902112
1661,334601,415815.0,3388685.0,13,240,6,3,2585.0,9.2,499,0,5,419965,3387990,517,0,6,-89.0,512,4150.0,-695.0,4207.793364698414,18,-69.50709327100799,5,9,3,-0.06808289711514305
1662,334601,415815.0,3388685.0,13,240,6,3,2585.0,9.2,499,0,5,419990,3387975,517,0,6,-95.71,512,4175.0,-710.0,4234.940967711356,18,-69.65137980055053,5,9,3,-0.06764645992421167
1663,334601,415815.0,3388685.0,13,240,6,3,2585.0,9.2,499,0,5,415945,3388610,502,0,5,-79.0,512,130.0,-75.0,150.08331019803634,3,-89.98163936884933,-10,9,3,3.8119639118057664
1664,334601,415815.0,3388685.0,13,240,6,3,2585.0,9.2,499,0,5,415735,3388680,501,0,5,-81.43,512,-80.0,-5.0,80.15609770940699,2,-236.42366562500266,-11,9,3,7.814018528803383
1665,334601,415815.0,3388685.0,13,240,6,3,2585.0,9.2,499,0,5,415725,3388670,501,0,5,-85.11,512,-90.0,-15.0,91.2414379544733,2,-230.53767779197437,-11,9,3,6.874359535673192
1666,334601,415815.0,3388685.0,13,240,6,3,2585.0,9.2,499,0,5,415810,3388755,497,0,5,-96.33,512,-5.0,70.0,70.178344238091,-2,34.085616779974885,-15,9,3,12.064922324162437
1667,334601,415815.0,3388685.0,13,240,6,3,2585.0,9.2,499,0,5,415730,3388675,501,0,5,-80.8,512,-85.0,-10.0,85.58621384311844,2,-233.29016319224309,-11,9,3,7.323810728548516
1668,334601,415815.0,3388685.0,13,240,6,3,2585.0,9.2,499,0,5,415800,3388745,497,0,5,-97.0,512,-15.0,60.0,61.84658438426491,-2,44.03624346792651,-15,9,3,13.63302222536641
1669,334601,415815.0,3388685.0,13,240,6,3,2585.0,9.2,499,0,5,415870,3388535,502,0,5,-105.0,512,55.0,-150.0,159.76545308670458,3,-129.86369657175186,-10,9,3,3.581571028712397
1670,334601,415815.0,3388685.0,13,240,6,3,2585.0,9.2,499,0,5,415720,3388665,501,0,5,-86.96,512,-95.0,-20.0,97.082439194738,2,-228.11134196037204,-11,9,3,6.4643725522177515
1671,334601,415815.0,3388685.0,13,240,6,3,2585.0,9.2,499,0,5,419940,3388005,518,18,6,-99.0,512,4125.0,-680.0,4180.672792745206,19,-69.3609337932835,6,9,3,-0.08222945398830377
1672,334601,415815.0,3388685.0,13,240,6,3,2585.0,9.2,499,0,5,419920,3388025,518,24,5,-106.5,512,4105.0,-660.0,4157.718725455103,19,-69.13382094284836,6,9,3,-0.0826834283745928
1673,334601,415815.0,3388685.0,13,240,6,3,2585.0,9.2,499,0,5,419950,3388015,518,0,5,-107.33,512,4135.0,-670.0,4188.928860699355,19,-69.20372841271384,6,9,3,-0.08206738605803576
1674,334601,415815.0,3388685.0,13,240,6,3,2585.0,9.2,499,0,5,419870,3388095,517,0,5,-116.33,512,4055.0,-590.0,4097.697524220156,18,-68.27840861356782,5,9,3,-0.06991212838295638
1675,334601,415815.0,3388685.0,13,240,6,3,2585.0,9.2,499,0,5,419855,3388120,516,21,5,-114.0,512,4040.0,-565.0,4079.3167320030448,17,-67.96126452569357,4,9,3,-0.056181723473909144
1676,334601,415815.0,3388685.0,13,240,6,3,2585.0,9.2,499,0,5,419875,3388100,517,0,5,-111.75,512,4060.0,-585.0,4101.929424063754,18,-68.19924047894926,5,9,3,-0.06984000114687566
1677,334601,415815.0,3388685.0,13,240,6,3,2585.0,9.2,499,0,5,419885,3388150,517,24,7,-112.67,512,4070.0,-535.0,4105.012180249895,18,-67.48857435512002,5,9,3,-0.06978755319468959
1678,334601,415815.0,3388685.0,13,240,6,3,2585.0,9.2,499,0,5,419975,3388080,518,0,6,-101.88,512,4160.0,-605.0,4203.763195043222,19,-68.27466667188978,6,9,3,-0.0817777852097672
1679,334601,415815.0,3388685.0,13,240,6,3,2585.0,9.2,499,0,5,419990,3388055,518,0,6,-96.83,512,4175.0,-630.0,4222.2653872062565,19,-68.58108979730565,6,9,3,-0.08141943107604034
1680,334601,415815.0,3388685.0,13,240,6,3,2585.0,9.2,499,0,5,419970,3388075,518,0,6,-97.96,512,4155.0,-610.0,4199.538665139303,19,-68.35199094496079,6,9,3,-0.0818600495384816
1681,334601,415815.0,3388685.0,13,240,6,3,2585.0,9.2,499,0,5,419965,3388070,518,0,7,-95.2,512,4150.0,-615.0,4195.321799337925,19,-68.42947080208833,6,9,3,-0.08194232984722727
1682,334601,415815.0,3388685.0,13,240,6,3,2585.0,9.2,499,0,5,419960,3388065,518,0,6,-89.06,512,4145.0,-620.0,4191.112620772675,19,-68.50710642909655,6,9,3,-0.08202462528010346
1683,334601,415815.0,3388685.0,13,240,6,3,2585.0,9.2,499,0,5,419955,3388020,518,0,6,-95.75,512,4140.0,-665.0,4193.068685342514,19,-69.12535816802426,6,9,3,-0.08198636088322882
1684,334601,415815.0,3388685.0,13,240,6,3,2585.0,9.2,499,0,5,419985,3388050,518,0,6,-94.93,512,4170.0,-635.0,4218.071241693293,19,-68.65838040516357,6,9,3,-0.08150038857095815
1685,334601,415815.0,3388685.0,13,240,6,3,2585.0,9.2,499,0,5,419995,3388060,518,0,7,-93.0,512,4180.0,-625.0,4226.467200866464,19,-68.50395272883412,6,9,3,-0.08133848668405262
1686,334601,415815.0,3388685.0,13,240,6,3,2585.0,9.2,499,0,5,419980,3388045,518,0,6,-94.92,512,4165.0,-640.0,4213.884787224254,19,-68.73582472915126,6,9,3,-0.08158135832268583
1687,334601,415815.0,3388685.0,13,240,6,3,2585.0,9.2,499,0,5,419850,3388115,516,21,5,-112.5,512,4035.0,-570.0,4075.061349231444,17,-68.04062437456057,4,9,3,-0.05624039120039856
1688,334601,415815.0,3388685.0,13,240,6,3,2585.0,9.2,499,0,5,419920,3387985,518,0,5,-110.5,512,4105.0,-700.0,4164.255635764932,19,-69.67720864832233,6,9,3,-0.08255363485228343
1689,334601,415815.0,3388685.0,13,240,6,3,2585.0,9.2,499,0,5,419940,3387965,518,0,5,-94.33,512,4125.0,-720.0,4187.364923194538,19,-69.90097390476501,6,9,3,-0.08209803733627083
1690,334601,415815.0,3388685.0,13,240,6,3,2585.0,9.2,499,0,5,419975,3387960,517,0,6,-94.26,512,4160.0,-725.0,4222.703517889931,18,-69.88614932692184,5,9,3,-0.06784250006360959
1691,334601,415815.0,3388685.0,13,240,6,3,2585.0,9.2,499,0,5,419970,3387955,517,0,6,-92.0,512,4155.0,-730.0,4218.640183755899,18,-69.96470802287519,5,9,3,-0.0679078449321464
1692,334601,415815.0,3388685.0,13,240,6,3,2585.0,9.2,499,0,5,419990,3387935,517,0,6,-98.0,512,4175.0,-750.0,4241.830383219018,18,-70.1840331960241,5,9,3,-0.0675365912835782
1693,334601,415815.0,3388685.0,13,240,6,3,2585.0,9.2,499,0,5,419965,3387950,517,0,6,-87.89,512,4150.0,-735.0,4214.584795682726,18,-70.04341804966211,5,9,3,-0.06797318764548316
1694,334601,415815.0,3388685.0,13,240,6,3,2585.0,9.2,499,0,5,419985,3387930,517,0,6,-98.0,512,4170.0,-755.0,4237.79718721885,18,-70.26252160768138,5,9,3,-0.06760086714321198
1695,334601,415815.0,3388685.0,13,240,6,3,2585.0,9.2,499,0,5,419980,3387925,517,0,7,-96.56,512,4165.0,-760.0,4233.771958903786,18,-70.34115941173104,5,9,3,-0.06766513812291994
1696,334601,415815.0,3388685.0,13,240,6,3,2585.0,9.2,499,0,5,419955,3387980,517,0,5,-86.75,512,4140.0,-705.0,4199.598195065809,18,-69.66418554018986,5,9,3,-0.06821575515019081
1697,334601,415815.0,3388685.0,13,240,6,3,2585.0,9.2,499,0,5,419925,3387990,518,18,5,-104.5,512,4110.0,-695.0,4168.347994109897,19,-69.59790652488098,6,9,3,-0.08247258629537509
1698,334601,415815.0,3388685.0,13,240,6,3,2585.0,9.2,499,0,5,415640,3388520,506,0,5,-99.5,512,-175.0,-165.0,240.52026941611388,7,-196.6846843178963,-6,9,3,1.4289997026386607
1699,334601,415815.0,3388685.0,13,240,6,3,2585.0,9.2,499,0,5,415645,3388515,506,0,5,-99.6,512,-170.0,-170.0,240.41630560342617,7,-195.0,-6,9,3,1.4296173920922017
1700,334601,415815.0,3388685.0,13,240,6,3,2585.0,9.2,499,0,5,415635,3388525,506,0,5,-103.0,512,-180.0,-160.0,240.8318915758459,7,-198.3664606634298,-6,9,3,1.4271514271251824
1701,334601,415815.0,3388685.0,13,240,6,3,2585.0,9.2,499,0,5,419885,3388240,517,0,12,-126.0,512,4070.0,-445.0,4094.2551215086733,18,-66.23974071819273,5,9,3,-0.06997090963961619
1702,334601,415815.0,3388685.0,13,240,6,3,2585.0,9.2,499,0,5,419855,3388190,517,0,5,-113.0,512,4040.0,-495.0,4070.2119109451783,18,-66.98533470086801,5,9,3,-0.07038423544748086
1703,334601,415815.0,3388685.0,13,240,6,3,2585.0,9.2,499,0,5,419965,3388320,516,0,6,-98.38,512,4150.0,-365.0,4166.020283195942,17,-65.02633354661336,4,9,3,-0.05501246562574306
1704,334601,415815.0,3388685.0,13,240,6,3,2585.0,9.2,499,0,5,419985,3388300,517,0,7,-95.67,512,4170.0,-385.0,4187.735068029017,18,-65.27494394863626,5,9,3,-0.06840899836832989
1705,334601,415815.0,3388685.0,13,240,6,3,2585.0,9.2,499,0,5,419995,3388290,517,0,6,-95.0,512,4180.0,-395.0,4198.621797685521,18,-65.39828365119578,5,9,3,-0.06823161883710237
1706,334601,415815.0,3388685.0,13,240,6,3,2585.0,9.2,499,0,5,419840,3388195,517,18,5,-122.0,512,4025.0,-490.0,4054.7163895887957,18,-66.94098342874258,5,9,3,-0.0706532158681107
1707,334601,415815.0,3388685.0,13,240,6,3,2585.0,9.2,499,0,5,419975,3388310,517,0,6,-95.14,512,4160.0,-375.0,4176.8678456470225,18,-65.15096186756492,5,9,3,-0.06858698223480483
1708,334601,415815.0,3388685.0,13,240,6,3,2585.0,9.2,499,0,5,419980,3388295,517,0,6,-91.73,512,4165.0,-390.0,4183.2194539612665,18,-65.34943280269803,5,9,3,-0.06848284300993701
1709,334601,415815.0,3388685.0,13,240,6,3,2585.0,9.2,499,0,5,419970,3388305,517,0,7,-94.82,512,4155.0,-380.0,4172.34047028763,18,-65.22551048194157,5,9,3,-0.06866140538373759
1710,334601,415815.0,3388685.0,13,240,6,3,2585.0,9.2,499,0,5,415775,3388630,502,0,5,-92.5,512,-40.0,-55.0,68.00735254367721,3,-186.0273733851036,-10,9,3,8.364994453540968
1711,334601,415815.0,3388685.0,13,240,6,3,2585.0,9.2,499,0,5,415845,3388525,503,0,5,-87.5,512,30.0,-160.0,162.78820596099706,4,-139.38034472384487,-9,9,3,3.1644650331916626
1712,334601,415815.0,3388685.0,13,240,6,3,2585.0,9.2,499,0,5,415725,3388645,502,0,10,-82.38,512,-90.0,-40.0,98.48857801796105,3,-216.03751102542182,-10,9,3,5.797636329530628
1713,334601,415815.0,3388685.0,13,240,6,3,2585.0,9.2,499,0,5,415860,3388550,502,0,5,-88.0,512,45.0,-135.0,142.30249470757707,3,-131.56505117707798,-10,9,3,4.019728821855589
1714,334601,415815.0,3388685.0,13,240,6,3,2585.0,9.2,499,0,5,415740,3388670,501,0,5,-82.13,512,-75.0,-15.0,76.48529270389177,2,-228.6900675259798,-11,9,3,8.184075096297432
1715,334601,415815.0,3388685.0,13,240,6,3,2585.0,9.2,499,0,5,415720,3388650,502,0,10,-85.14,512,-95.0,-35.0,101.24228365658294,3,-219.77514056883192,-10,9,3,5.640976563115981
1716,334601,415815.0,3388685.0,13,240,6,3,2585.0,9.2,499,0,5,415745,3388665,501,0,5,-83.0,512,-70.0,-20.0,72.80109889280519,2,-224.05460409907712,-11,9,3,8.592204814847051
1717,334601,415815.0,3388685.0,13,240,6,3,2585.0,9.2,499,0,5,415750,3388680,500,0,5,-81.37,512,-65.0,-5.0,65.19202405202648,1,-235.6012946450045,-12,9,3,10.42977636296751
1718,334601,415815.0,3388685.0,13,240,6,3,2585.0,9.2,499,0,5,415810,3388740,497,0,5,-95.8,512,-5.0,55.0,55.226805085936306,-2,35.19442890773479,-15,9,3,15.195371245889852
1719,334601,415815.0,3388685.0,13,240,6,3,2585.0,9.2,499,0,5,415800,3388730,497,0,5,-94.25,512,-15.0,45.0,47.43416490252569,-2,48.434948822922024,-15,9,3,17.5484006137923
1720,334601,415815.0,3388685.0,13,240,6,3,2585.0,9.2,499,0,5,415805,3388725,498,0,14,-95.57,512,-10.0,40.0,41.23105625617661,-1,44.03624346792651,-14,9,3,18.754912214077386
1721,334601,415815.0,3388685.0,13,240,6,3,2585.0,9.2,499,0,5,415830,3388760,496,0,5,-107.0,512,15.0,75.0,76.48529270389177,-3,18.69006752597977,-16,9,3,11.815352392980023
1722,334601,415815.0,3388685.0,13,240,6,3,2585.0,9.2,499,0,5,415755,3388675,501,0,5,-78.0,512,-60.0,-10.0,60.8276253029822,2,-230.53767779197437,-11,9,3,10.25052311134815
1723,334601,415815.0,3388685.0,13,240,6,3,2585.0,9.2,499,0,5,415730,3388660,501,0,5,-85.09,512,-85.0,-25.0,88.60022573334675,2,-223.61045966596524,-11,9,3,7.077238762037613
1724,334601,415815.0,3388685.0,13,240,6,3,2585.0,9.2,499,0,5,415735,3388655,502,0,5,-85.0,512,-80.0,-30.0,85.44003745317531,3,-219.44395478041653,-10,9,3,6.67559216607672
1725,334601,415815.0,3388685.0,13,240,6,3,2585.0,9.2,499,0,5,419925,3387920,518,0,15,-105.0,512,4110.0,-765.0,4180.589073324476,19,-70.54388395663352,6,9,3,-0.08223110069231622
1726,334601,415815.0,3388685.0,13,240,6,3,2585.0,9.2,499,0,5,419945,3387900,518,0,5,-103.43,512,4130.0,-785.0,4203.941602829421,19,-70.76198394543539,6,9,3,-0.08177431471108175
1727,334601,415815.0,3388685.0,13,240,6,3,2585.0,9.2,499,0,5,419960,3387875,518,0,5,-99.67,512,4145.0,-810.0,4223.402064686714,19,-71.05717817890078,6,9,3,-0.08139751805241198
1728,334601,415815.0,3388685.0,13,240,6,3,2585.0,9.2,499,0,5,419940,3387895,518,0,15,-100.86,512,4125.0,-790.0,4199.967261777168,19,-70.8417308288486,6,9,3,-0.081851695927112
1729,334601,415815.0,3388685.0,13,240,6,3,2585.0,9.2,499,0,5,419930,3387905,518,0,5,-102.4,512,4115.0,-780.0,4188.272316839009,19,-70.73310379662658,6,9,3,-0.08208025073364959
1730,334601,415815.0,3388685.0,13,240,6,3,2585.0,9.2,499,0,5,419975,3387870,518,0,6,-93.71,512,4160.0,-815.0,4239.083037639154,19,-71.08462060010996,6,9,3,-0.0810964174229205
1731,334601,415815.0,3388685.0,13,240,6,3,2585.0,9.2,499,0,5,419980,3387855,517,0,7,-97.67,512,4165.0,-830.0,4246.8959252611785,18,-71.27024480118521,5,9,3,-0.06745603618351691
1732,334601,415815.0,3388685.0,13,240,6,3,2585.0,9.2,499,0,5,419965,3387880,518,0,6,-97.5,512,4150.0,-805.0,4227.354373600586,19,-70.97767118171777,6,9,3,-0.08132141662454936
1733,334601,415815.0,3388685.0,13,240,6,3,2585.0,9.2,499,0,5,419970,3387865,518,0,6,-93.67,512,4155.0,-820.0,4235.141674135589,19,-71.16400697925079,6,9,3,-0.08117188834148922
1734,334601,415815.0,3388685.0,13,240,6,3,2585.0,9.2,499,0,5,419935,3387910,518,0,5,-100.0,512,4120.0,-775.0,4192.257744938877,19,-70.65323767659586,6,9,3,-0.08200222010893718
1735,334601,415815.0,3388685.0,13,240,6,3,2585.0,9.2,499,0,5,419975,3387985,517,0,6,-91.5,512,4160.0,-700.0,4218.4831397079215,18,-69.55163745838186,5,9,3,-0.06791037297659189
1736,334601,415815.0,3388685.0,13,240,6,3,2585.0,9.2,499,0,5,419920,3387960,518,0,15,-110.0,512,4105.0,-725.0,4168.530916282138,19,-70.01594197197278,6,9,3,-0.08246896726409003
1737,334601,415815.0,3388685.0,13,240,6,3,2585.0,9.2,499,0,5,419980,3387980,517,0,6,-93.35,512,4165.0,-705.0,4224.245494759982,18,-69.60726160184893,5,9,3,-0.06781773553031992
1738,334601,415815.0,3388685.0,13,240,6,3,2585.0,9.2,499,0,5,419970,3387990,517,0,6,-92.71,512,4155.0,-695.0,4212.7247714513705,18,-69.49586119708059,5,9,3,-0.06800319949393126
1739,334601,415815.0,3388685.0,13,240,6,3,2585.0,9.2,499,0,5,419945,3387935,518,0,5,-97.17,512,4130.0,-750.0,4197.54690265636,19,-70.29263769428363,6,9,3,-0.08189889259545427
1740,334601,415815.0,3388685.0,13,240,6,3,2585.0,9.2,499,0,5,419935,3387945,518,0,5,-95.67,512,4120.0,-740.0,4185.928809714756,19,-70.18241977578592,6,9,3,-0.0821262035908773
1741,334601,415815.0,3388685.0,13,240,6,3,2585.0,9.2,499,0,5,419995,3387965,517,0,6,-101.0,512,4180.0,-720.0,4241.556318145499,18,-69.77322648717939,5,9,3,-0.06754095510721284
1742,334601,415815.0,3388685.0,13,240,6,3,2585.0,9.2,499,0,5,419990,3387970,517,0,6,-98.0,512,4175.0,-715.0,4235.782100155767,18,-69.71805560173144,5,9,3,-0.06763302684904736
1743,334601,415815.0,3388685.0,13,240,6,3,2585.0,9.2,499,0,5,419940,3387940,518,0,5,-93.8,512,4125.0,-745.0,4191.73591725433,19,-70.23760510684403,6,9,3,-0.08201242852164418
1744,334601,415815.0,3388685.0,13,240,6,3,2585.0,9.2,499,0,5,419985,3387975,517,0,6,-94.33,512,4170.0,-710.0,4230.011820314454,18,-69.66273414451393,5,9,3,-0.0677252869052235
1745,334601,415815.0,3388685.0,13,240,6,3,2585.0,9.2,499,0,5,419965,3387995,517,0,6,-92.54,512,4150.0,-690.0,4206.970406361328,18,-69.43993229923444,5,9,3,-0.06809621532982596
1746,334601,415815.0,3388685.0,13,240,6,3,2585.0,9.2,499,0,5,419960,3388000,518,0,6,-94.73,512,4145.0,-685.0,4201.220060887075,19,-69.3838502444535,6,9,3,-0.0818272878763884
1747,334601,415815.0,3388685.0,13,240,6,3,2585.0,9.2,499,0,5,419950,3387930,518,0,15,-87.0,512,4135.0,-755.0,4203.361749837861,19,-70.34751807025958,6,9,3,-0.08178559544765279
1748,334601,415815.0,3388685.0,13,240,6,3,2585.0,9.2,499,0,5,415795,3388810,496,0,5,-98.5,512,-20.0,125.0,126.58988901172162,-3,39.090276920822305,-16,9,3,7.203554170083124
1749,334601,415815.0,3388685.0,13,240,6,3,2585.0,9.2,499,0,5,415785,3388820,496,0,5,-101.0,512,-30.0,135.0,138.2931668593933,-3,42.52880770915152,-16,9,3,6.599564452136032
1750,334601,415815.0,3388685.0,13,240,6,3,2585.0,9.2,499,0,5,419945,3387915,518,0,5,-102.33,512,4130.0,-770.0,4201.166504674624,19,-70.56101069119637,6,9,3,-0.08182833100420776
1751,334601,415815.0,3388685.0,13,240,6,3,2585.0,9.2,499,0,5,419970,3387850,517,0,6,-91.5,512,4155.0,-835.0,4238.071495385608,18,-71.36295955699501,5,9,3,-0.06759649169726917
1752,334601,415815.0,3388685.0,13,240,6,3,2585.0,9.2,499,0,5,419950,3387910,518,0,5,-101.2,512,4135.0,-775.0,4207.000118849534,19,-70.61547218647044,6,9,3,-0.08171486434140322
1753,334601,415815.0,3388685.0,13,240,6,3,2585.0,9.2,499,0,5,419975,3387845,517,0,7,-96.25,512,4160.0,-840.0,4243.960414518496,18,-71.415839524407,5,9,3,-0.0675026948976335
1754,334601,415815.0,3388685.0,13,240,6,3,2585.0,9.2,499,0,5,419965,3387855,518,0,6,-93.2,512,4150.0,-830.0,4232.186196282011,19,-71.3099324740202,6,9,3,-0.08122857332316573
1755,334601,415815.0,3388685.0,13,240,6,3,2585.0,9.2,499,0,5,419980,3387880,517,0,7,-101.0,512,4165.0,-805.0,4242.080857315193,18,-70.93909118319215,5,9,3,-0.06753260358236225
1756,334601,415815.0,3388685.0,13,240,6,3,2585.0,9.2,499,0,5,419955,3387905,518,0,5,-106.0,512,4140.0,-780.0,4212.83752357007,19,-70.66978280449666,6,9,3,-0.08160163849618722
1757,334601,415815.0,3388685.0,13,240,6,3,2585.0,9.2,499,0,5,419940,3387920,518,0,15,-96.25,512,4125.0,-765.0,4195.336696857596,19,-70.50639778790918,6,9,3,-0.08194203887277292
1758,334601,415815.0,3388685.0,13,240,6,3,2585.0,9.2,499,0,5,419950,3388435,512,21,5,-100.0,512,4135.0,-250.0,4142.550542841934,13,-63.459862163286346,0,9,3,0.0
1759,334601,415815.0,3388685.0,13,240,6,3,2585.0,9.2,499,0,5,419955,3388440,512,21,6,-104.5,512,4140.0,-245.0,4147.243060154541,13,-63.386742354445715,0,9,3,0.0
1760,334601,415815.0,3388685.0,13,240,6,3,2585.0,9.2,499,0,5,419905,3388390,513,0,5,-121.5,512,4090.0,-295.0,4100.624952370065,14,-64.1254366185907,1,9,3,-0.013972450307645979
1761,334601,415815.0,3388685.0,13,240,6,3,2585.0,9.2,499,0,5,419970,3388455,512,0,6,-89.67,512,4155.0,-230.0,4161.360955264516,13,-63.16837401907455,0,9,3,0.0
1762,334601,415815.0,3388685.0,13,240,6,3,2585.0,9.2,499,0,5,419975,3388460,512,0,6,-93.33,512,4160.0,-225.0,4166.080292073114,13,-63.095913852772554,0,9,3,0.0
1763,334601,415815.0,3388685.0,13,240,6,3,2585.0,9.2,499,0,5,419995,3388480,512,0,6,-94.1,512,4180.0,-205.0,4185.023894794389,13,-62.80771086457304,0,9,3,0.0
1764,334601,415815.0,3388685.0,13,240,6,3,2585.0,9.2,499,0,5,419985,3388470,512,0,6,-93.96,512,4170.0,-215.0,4175.538887377293,13,-62.95148547887936,0,9,3,0.0
1765,334601,415815.0,3388685.0,13,240,6,3,2585.0,9.2,499,0,5,419990,3388475,512,0,6,-93.36,512,4175.0,-210.0,4180.278100796644,13,-62.87951661597248,0,9,3,0.0
1766,334601,415815.0,3388685.0,13,240,6,3,2585.0,9.2,499,0,5,419980,3388465,512,0,7,-94.64,512,4165.0,-220.0,4170.806276968519,13,-63.023617781827596,0,9,3,0.0
1767,334601,415815.0,3388685.0,13,240,6,3,2585.0,9.2,499,0,5,419885,3388195,518,24,5,-114.33,512,4070.0,-490.0,4099.390198553926,19,-66.86497677502001,6,9,3,-0.08385989499604013
1768,334601,415815.0,3388685.0,13,240,6,3,2585.0,9.2,499,0,5,419970,3388270,517,0,6,-96.79,512,4155.0,-415.0,4175.673598355121,18,-65.70376652255362,5,9,3,-0.06860659816923578
1769,334601,415815.0,3388685.0,13,240,6,3,2585.0,9.2,499,0,5,419910,3388170,518,0,12,-104.33,512,4095.0,-515.0,4127.256958319896,19,-67.1680635079795,6,9,3,-0.0832936835224768
1770,334601,415815.0,3388685.0,13,240,6,3,2585.0,9.2,499,0,5,419975,3388265,517,0,6,-98.42,512,4160.0,-420.0,4181.148167668781,18,-65.76513455797237,5,9,3,-0.06851676848521565
1771,334601,415815.0,3388685.0,13,240,6,3,2585.0,9.2,499,0,5,419960,3388280,517,0,6,-90.5,512,4145.0,-405.0,4164.738887373373,18,-65.5805467940124,5,9,3,-0.06878672773384983
1772,334601,415815.0,3388685.0,13,240,6,3,2585.0,9.2,499,0,5,419980,3388260,517,0,7,-93.33,512,4165.0,-425.0,4186.6275210484155,18,-65.82634202955578,5,9,3,-0.0684270955377518
1773,334601,415815.0,3388685.0,13,240,6,3,2585.0,9.2,499,0,5,419965,3388275,517,0,6,-91.2,512,4150.0,-410.0,4170.203831948746,18,-65.64223743202413,5,9,3,-0.06869658458755953
1774,334601,415815.0,3388685.0,13,240,6,3,2585.0,9.2,499,0,5,419875,3388205,518,0,5,-116.5,512,4060.0,-480.0,4088.275920238261,19,-66.74258660671276,6,9,3,-0.08408787395200329
1775,334601,415815.0,3388685.0,13,240,6,3,2585.0,9.2,499,0,5,418750,3388565,519,0,7,-111.33,512,2935.0,-120.0,2937.452127269481,20,-62.3412832135663,7,9,3,-0.13653659022215064
1776,334601,415815.0,3388685.0,13,240,6,3,2585.0,9.2,499,0,5,419985,3388270,517,0,7,-80.0,512,4170.0,-415.0,4190.599599102735,18,-65.68338393640457,5,9,3,-0.06836223667925134
1777,334601,415815.0,3388685.0,13,240,6,3,2585.0,9.2,499,0,5,419945,3388310,516,24,12,-118.0,512,4130.0,-375.0,4146.989872184402,17,-65.18817459278168,4,9,3,-0.055264916009280754
1778,334601,415815.0,3388685.0,13,240,6,3,2585.0,9.2,499,0,5,419875,3388240,517,0,5,-124.0,512,4060.0,-445.0,4084.314507968259,18,-66.25498786459906,5,9,3,-0.07014120824819693
1779,334601,415815.0,3388685.0,13,240,6,3,2585.0,9.2,499,0,5,419840,3388205,518,0,12,-111.0,512,4025.0,-480.0,4053.5200751939046,19,-66.80067100054029,6,9,3,-0.08480886233057425
1780,334601,415815.0,3388685.0,13,240,6,3,2585.0,9.2,499,0,5,419970,3388255,518,0,6,-91.33,512,4155.0,-430.0,4177.191041836607,19,-65.90849344695934,6,9,3,-0.08229799336791123
1781,334601,415815.0,3388685.0,13,240,6,3,2585.0,9.2,499,0,5,419975,3388260,517,0,6,-94.31,512,4160.0,-425.0,4181.653381140049,18,-65.83329658242056,5,9,3,-0.06850849052473058
1782,334601,415815.0,3388685.0,13,240,6,3,2585.0,9.2,499,0,5,419965,3388250,518,0,6,-91.33,512,4150.0,-435.0,4172.735913043144,19,-65.98385101326332,6,9,3,-0.08238586081565477
1783,334601,415815.0,3388685.0,13,240,6,3,2585.0,9.2,499,0,5,419960,3388245,518,0,6,-95.0,512,4145.0,-440.0,4168.288017879762,19,-66.05936953548093,6,9,3,-0.08247377296672834
1784,334601,415815.0,3388685.0,13,240,6,3,2585.0,9.2,499,0,5,419950,3388315,516,0,5,-101.5,512,4135.0,-370.0,4151.520805680732,17,-65.11321152306701,4,9,3,-0.05520460040066817
1785,334601,415815.0,3388685.0,13,240,6,3,2585.0,9.2,499,0,5,419980,3388265,517,0,7,-92.2,512,4165.0,-420.0,4186.122907894607,18,-65.75826016436676,5,9,3,-0.06843534402457514
1786,334601,415815.0,3388685.0,13,240,6,3,2585.0,9.2,499,0,5,419860,3388225,518,24,5,-118.33,512,4045.0,-460.0,4071.0717262165745,19,-66.48784092548385,6,9,3,-0.08444322559038048
1787,334601,415815.0,3388685.0,13,240,6,3,2585.0,9.2,499,0,5,419995,3388280,517,0,6,-92.0,512,4180.0,-405.0,4199.574383196468,18,-65.53411101972398,5,9,3,-0.06821614193774721
1788,334601,415815.0,3388685.0,13,240,6,3,2585.0,9.2,499,0,5,419970,3388495,511,0,5,-100.0,512,4155.0,-190.0,4159.3418950598425,12,-62.61819969652012,-1,9,3,0.013775202869756172
1789,334601,415815.0,3388685.0,13,240,6,3,2585.0,9.2,499,0,5,419985,3388510,511,0,6,-92.8,512,4170.0,-175.0,4173.670446980691,12,-62.40308904394513,-1,9,3,0.013727911473734386
1790,334601,415815.0,3388685.0,13,240,6,3,2585.0,9.2,499,0,5,419980,3388505,511,0,7,-89.43,512,4165.0,-180.0,4168.8877413526025,12,-62.47462825979099,-1,9,3,0.01374366065217807
1791,334601,415815.0,3388685.0,13,240,6,3,2585.0,9.2,499,0,5,419995,3388520,511,0,6,-89.29,512,4180.0,-165.0,4183.255311357412,12,-62.26050191114126,-1,9,3,0.01369645746128726
1792,334601,415815.0,3388685.0,13,240,6,3,2585.0,9.2,499,0,5,419990,3388515,511,0,6,-90.8,512,4175.0,-170.0,4178.4596444144345,12,-62.33171370829726,-1,9,3,0.01371217704490564
1793,334601,415815.0,3388685.0,13,240,6,3,2585.0,9.2,499,0,5,419880,3388565,510,0,5,-110.5,512,4065.0,-120.0,4066.7708319992657,11,-61.69089726295036,-2,9,3,0.028177528196624172
1794,334601,415815.0,3388685.0,13,240,6,3,2585.0,9.2,499,0,5,415965,3388665,500,0,5,-96.33,512,150.0,-20.0,151.32745950421557,1,-67.59464336859145,-12,9,3,4.533966392974848
1795,334601,415815.0,3388685.0,13,240,6,3,2585.0,9.2,499,0,5,415700,3388610,504,0,5,-86.75,512,-115.0,-75.0,137.2953021774598,5,-206.88865803962798,-8,9,3,3.3347720629680144
1796,334601,415815.0,3388685.0,13,240,6,3,2585.0,9.2,499,0,5,415845,3388785,495,0,5,-96.5,512,30.0,100.0,104.4030650891055,-4,13.300755766006375,-17,9,3,9.248332602912294
1797,334601,415815.0,3388685.0,13,240,6,3,2585.0,9.2,499,0,5,415735,3388595,504,0,5,-89.0,512,-80.0,-90.0,120.41594578792295,5,-191.63353933657018,-8,9,3,3.8009387837024198
1798,334601,415815.0,3388685.0,13,240,6,3,2585.0,9.2,499,0,5,415905,3388725,497,0,5,-103.0,512,90.0,40.0,98.48857801796105,-2,-36.03751102542182,-15,9,3,8.659710185309962
1799,334601,415815.0,3388685.0,13,240,6,3,2585.0,9.2,499,0,5,415695,3388635,504,0,5,-84.75,512,-120.0,-50.0,130.0,5,-217.38013505195957,-8,9,3,3.521453376922238
1800,334601,415815.0,3388685.0,13,240,6,3,2585.0,9.2,499,0,5,415840,3388790,495,0,5,-90.0,512,25.0,105.0,107.93516572461452,-4,16.607502246248885,-17,9,3,8.95066815756681
1801,334601,415815.0,3388685.0,13,240,6,3,2585.0,9.2,499,0,5,415940,3388690,499,0,5,-92.0,512,125.0,5.0,125.09996003196804,0,-57.70938995736148,-13,9,3,5.932705710291104
1802,334601,415815.0,3388685.0,13,240,6,3,2585.0,9.2,499,0,5,415680,3388630,505,0,5,-82.96,512,-135.0,-55.0,145.7737973711325,6,-217.83365417791757,-7,9,3,2.7492088143463596
1803,334601,415815.0,3388685.0,13,240,6,3,2585.0,9.2,499,0,5,415945,3388685,499,0,5,-93.5,512,130.0,0.0,130.0,0,-60.0,-13,9,3,5.710593137499642
1804,334601,415815.0,3388685.0,13,240,6,3,2585.0,9.2,499,0,5,415685,3388625,504,0,5,-87.88,512,-130.0,-60.0,143.17821063276352,5,-215.22485943116808,-8,9,3,3.198043379534207
1805,334601,415815.0,3388685.0,13,240,6,3,2585.0,9.2,499,0,5,415960,3388670,500,0,5,-94.67,512,145.0,-15.0,145.7737973711325,1,-65.9061411137705,-12,9,3,4.705938913540255
1806,334601,415815.0,3388685.0,13,240,6,3,2585.0,9.2,499,0,5,415900,3388730,497,0,5,-96.0,512,85.0,45.0,96.17692030835673,-2,-32.10272896905238,-15,9,3,8.864582596037371
1807,334601,415815.0,3388685.0,13,240,6,3,2585.0,9.2,499,0,5,415715,3388615,503,0,5,-86.25,512,-100.0,-70.0,122.06555615733703,4,-205.00797980144134,-9,9,3,4.216837630350274
1808,334601,415815.0,3388685.0,13,240,6,3,2585.0,9.2,499,0,5,415720,3388590,504,63,5,-89.33,512,-95.0,-95.0,134.35028842544403,5,-195.0,-8,9,3,3.407701219332158
1809,334601,415815.0,3388685.0,13,240,6,3,2585.0,9.2,499,0,5,415730,3388600,503,0,5,-84.25,512,-85.0,-85.0,120.20815280171308,4,-195.0,-9,9,3,4.28175386287447
1810,334601,415815.0,3388685.0,13,240,6,3,2585.0,9.2,499,0,5,415710,3388620,503,0,5,-86.7,512,-105.0,-65.0,123.4908903522847,4,-208.2405199151872,-9,9,3,4.1683393595427765
1811,334601,415815.0,3388685.0,13,240,6,3,2585.0,9.2,499,0,5,415985,3388645,500,0,5,-97.19,512,170.0,-40.0,174.64249196572982,1,-73.2405199151872,-12,9,3,3.9307178708252377
1812,334601,415815.0,3388685.0,13,240,6,3,2585.0,9.2,499,0,5,415980,3388650,500,0,5,-96.43,512,165.0,-35.0,168.67127793433,1,-71.97613244420336,-12,9,3,4.0694115782949
1813,334601,415815.0,3388685.0,13,240,6,3,2585.0,9.2,499,0,5,415690,3388640,504,0,5,-86.8,512,-125.0,-45.0,132.85330255586422,5,-220.20112364547506,-8,9,3,3.4460070470283517
1814,334601,415815.0,3388685.0,13,240,6,3,2585.0,9.2,499,0,5,415925,3388705,498,0,5,-96.5,512,110.0,20.0,111.80339887498948,-1,-49.695153531233956,-14,9,3,7.137416257938385
1815,334601,415815.0,3388685.0,13,240,6,3,2585.0,9.2,499,0,5,415570,3388660,506,0,5,-104.0,512,-245.0,-25.0,246.272207120495,7,-234.17365797044425,-6,9,3,1.3956373203379013
1816,334601,415815.0,3388685.0,13,240,6,3,2585.0,9.2,499,0,5,415585,3388665,507,0,6,-103.5,512,-230.0,-20.0,230.8679276123039,8,-235.0302592718897,-5,9,3,1.2406838957971629
1817,334601,415815.0,3388685.0,13,240,6,3,2585.0,9.2,499,0,5,415560,3388650,506,0,5,-100.5,512,-255.0,-35.0,257.390753524675,7,-232.18470645323313,-6,9,3,1.3353720910523432
1818,334601,415815.0,3388685.0,13,240,6,3,2585.0,9.2,499,0,5,415575,3388655,507,0,5,-103.0,512,-240.0,-30.0,241.8677324489565,8,-232.8749836510982,-5,9,3,1.1842757864641447
1819,334601,415815.0,3388685.0,13,240,6,3,2585.0,9.2,499,0,5,419880,3388215,518,0,5,-119.0,512,4065.0,-470.0,4092.080766553857,19,-66.59531901990081,6,9,3,-0.08400968855027856
1820,334601,415815.0,3388685.0,13,240,6,3,2585.0,9.2,499,0,5,419885,3388220,518,24,5,-120.67,512,4070.0,-465.0,4096.477145060131,19,-66.5178165884843,6,9,3,-0.08391952867693371
1821,334601,415815.0,3388685.0,13,240,6,3,2585.0,9.2,499,0,5,419985,3388320,517,0,7,-95.67,512,4170.0,-365.0,4185.943740663508,18,-65.00234904281422,5,9,3,-0.0684382731990207
1822,334601,415815.0,3388685.0,13,240,6,3,2585.0,9.2,499,0,5,419970,3388285,517,0,6,-95.8,512,4155.0,-400.0,4174.209506002304,18,-65.49889336608621,5,9,3,-0.06863066171935815
1823,334601,415815.0,3388685.0,13,240,6,3,2585.0,9.2,499,0,5,419860,3388195,517,15,5,-115.0,512,4045.0,-490.0,4074.5705295159637,18,-66.90699693116918,5,9,3,-0.07030894463453395
1824,334601,415815.0,3388685.0,13,240,6,3,2585.0,9.2,499,0,5,419975,3388290,517,0,6,-93.69,512,4160.0,-395.0,4178.710925632449,18,-65.42408251938414,5,9,3,-0.06855673099805151
1825,334601,415815.0,3388685.0,13,240,6,3,2585.0,9.2,499,0,5,419965,3388300,517,0,6,-98.2,512,4150.0,-385.0,4167.820173663927,18,-65.30022092954601,5,9,3,-0.06873587347697911
1826,334601,415815.0,3388685.0,13,240,6,3,2585.0,9.2,499,0,5,419980,3388315,517,0,6,-93.58,512,4165.0,-370.0,4181.402276748794,18,-65.07657481274427,5,9,3,-0.06851260463891344
1827,334601,415815.0,3388685.0,13,240,6,3,2585.0,9.2,499,0,5,419995,3388310,517,0,6,-102.0,512,4180.0,-375.0,4196.787461856986,18,-65.12644775371766,5,9,3,-0.06826144154930798
1828,334601,415815.0,3388685.0,13,240,6,3,2585.0,9.2,499,0,5,419875,3388190,517,0,5,-114.5,512,4060.0,-495.0,4090.0641804255347,18,-66.95126167454038,5,9,3,-0.07004260623284539
1829,334601,415815.0,3388685.0,13,240,6,3,2585.0,9.2,499,0,5,419965,3387755,516,0,6,-94.0,512,4150.0,-930.0,4252.928402877245,17,-72.63109539864448,4,9,3,-0.05388829266896073
1830,334601,415815.0,3388685.0,13,240,6,3,2585.0,9.2,499,0,5,419765,3388275,515,15,5,-123.0,512,3950.0,-410.0,3971.2214745591814,16,-65.92593582001803,3,9,3,-0.0432832333685593
1831,334601,415815.0,3388685.0,13,240,6,3,2585.0,9.2,499,0,5,415975,3388560,503,0,5,-110.0,512,160.0,-125.0,203.03940504246953,4,-97.99873244250466,-9,9,3,2.5380525725378105
1832,334601,415815.0,3388685.0,13,240,6,3,2585.0,9.2,499,0,5,415870,3388575,502,6,5,-78.5,512,55.0,-110.0,122.98373876248843,3,-123.43494882292201,-10,9,3,4.648582565221096
1833,334601,415815.0,3388685.0,13,240,6,3,2585.0,9.2,499,0,5,415875,3388580,502,0,14,-85.0,512,60.0,-105.0,120.93386622447825,3,-120.25511870305778,-10,9,3,4.727023601589911
1834,334601,415815.0,3388685.0,13,240,6,3,2585.0,9.2,499,0,5,416000,3388605,501,0,5,-89.0,512,185.0,-80.0,201.55644370746373,2,-83.38522105721376,-11,9,3,3.12383444675348
1835,334601,415815.0,3388685.0,13,240,6,3,2585.0,9.2,499,0,5,416055,3388580,502,0,6,-101.17,512,240.0,-105.0,261.9637379485947,3,-83.62937773065681,-10,9,3,2.186103080382283
1836,334601,415815.0,3388685.0,13,240,6,3,2585.0,9.2,499,0,5,416045,3388570,502,0,6,-100.33,512,230.0,-115.0,257.14781741247583,3,-86.56505117707798,-10,9,3,2.2270040519000425
1837,334601,415815.0,3388685.0,13,240,6,3,2585.0,9.2,499,0,5,416015,3388620,500,0,12,-99.0,512,200.0,-65.0,210.2974084481309,1,-78.0041616059134,-12,9,3,3.2658727269910846
1838,334601,415815.0,3388685.0,13,240,6,3,2585.0,9.2,499,0,5,416005,3388610,501,0,5,-100.5,512,190.0,-75.0,204.26698215815497,2,-81.54097591853844,-11,9,3,3.082462928216094
1839,334601,415815.0,3388685.0,13,240,6,3,2585.0,9.2,499,0,5,416050,3388575,502,0,6,-100.29,512,235.0,-110.0,259.47061490658245,3,-85.0835940061909,-10,9,3,2.2070875744482055
1840,334601,415815.0,3388685.0,13,240,6,3,2585.0,9.2,499,0,5,416010,3388615,500,0,12,-101.0,512,195.0,-70.0,207.18349355100662,1,-79.74683660542613,-12,9,3,3.3148493070782106
1841,334601,415815.0,3388685.0,13,240,6,3,2585.0,9.2,499,0,5,415575,3388550,507,5,5,-97.5,512,-240.0,-135.0,275.3633962602873,8,-210.64224645720873,-5,9,3,1.0402523466271185
1842,334601,415815.0,3388685.0,13,240,6,3,2585.0,9.2,499,0,5,415580,3388535,506,0,5,-101.75,512,-235.0,-150.0,278.792037189013,7,-207.4499965078066,-6,9,3,1.232896103317602
1843,334601,415815.0,3388685.0,13,240,6,3,2585.0,9.2,499,0,5,415635,3388570,508,0,5,-76.0,512,-180.0,-115.0,213.60009363293827,9,-207.4259428654275,-4,9,3,1.0728288056200208
1844,334601,415815.0,3388685.0,13,240,6,3,2585.0,9.2,499,0,5,415670,3388605,506,0,5,-89.58,512,-145.0,-80.0,165.60495161679194,7,-211.1134182330893,-6,9,3,2.074964372003484
1845,334601,415815.0,3388685.0,13,240,6,3,2585.0,9.2,499,0,5,415530,3388505,506,0,5,-103.67,512,-285.0,-180.0,337.08307581366347,7,-207.72435568542238,-6,9,3,1.0197438032522415
1846,334601,415815.0,3388685.0,13,240,6,3,2585.0,9.2,499,0,5,415660,3388615,506,0,6,-85.75,512,-155.0,-70.0,170.07351351694948,7,-215.6954507340633,-6,9,3,2.020491938718376
1847,334601,415815.0,3388685.0,13,240,6,3,2585.0,9.2,499,0,5,415625,3388580,508,0,14,-85.6,512,-190.0,-105.0,217.0829334609241,9,-211.0735741647464,-4,9,3,1.0556204583636428
1848,334601,415815.0,3388685.0,13,240,6,3,2585.0,9.2,499,0,5,415665,3388620,506,0,6,-87.6,512,-150.0,-65.0,163.47782724271815,7,-216.5713071912546,-6,9,3,2.101939122714917
1849,334601,415815.0,3388685.0,13,240,6,3,2585.0,9.2,499,0,5,415675,3388610,505,0,5,-89.14,512,-140.0,-75.0,158.8238017426859,6,-211.82140989004085,-7,9,3,2.523620886874302
1850,334601,415815.0,3388685.0,13,240,6,3,2585.0,9.2,499,0,5,415610,3388500,505,5,5,-97.83,512,-205.0,-185.0,276.1340254296815,6,-197.9356734464212,-7,9,3,1.452137514447465
1851,334601,415815.0,3388685.0,13,240,6,3,2585.0,9.2,499,0,5,415635,3388515,506,0,5,-99.83,512,-180.0,-170.0,247.58836806279893,7,-196.63657704161673,-6,9,3,1.3882211294238822
1852,334601,415815.0,3388685.0,13,240,6,3,2585.0,9.2,499,0,5,415630,3388520,506,0,5,-100.75,512,-185.0,-165.0,247.8911051248108,7,-198.27048792318357,-6,9,3,1.3865264263029102
1853,334601,415815.0,3388685.0,13,240,6,3,2585.0,9.2,499,0,5,415585,3388625,507,0,14,-103.0,512,-230.0,-60.0,237.69728648009425,8,-225.37912601136836,-5,9,3,1.2050480655314086
1854,334601,415815.0,3388685.0,13,240,6,3,2585.0,9.2,499,0,5,415615,3388495,505,5,5,-99.33,512,-200.0,-190.0,275.86228448267445,6,-196.46880071438582,-7,9,3,1.4535673438772991
1855,334601,415815.0,3388685.0,13,240,6,3,2585.0,9.2,499,0,5,415640,3388530,506,0,5,-111.0,512,-175.0,-155.0,233.77339455121918,7,-198.46822925891715,-6,9,3,1.4702238542221748
1856,334601,415815.0,3388685.0,13,240,6,3,2585.0,9.2,499,0,5,416000,3388580,502,0,12,-98.33,512,185.0,-105.0,212.72047386182646,3,-89.57783868126134,-10,9,3,2.691495910788959
1857,334601,415815.0,3388685.0,13,240,6,3,2585.0,9.2,499,0,5,416005,3388575,502,30,5,-93.0,512,190.0,-110.0,219.5449840010015,3,-90.06858282186246,-10,9,3,2.6079486801934912
1858,334601,415815.0,3388685.0,13,240,6,3,2585.0,9.2,499,0,5,416025,3388595,501,0,5,-101.6,512,210.0,-90.0,228.47319317591726,2,-83.19859051364818,-11,9,3,2.7564164728581546
1859,334601,415815.0,3388685.0,13,240,6,3,2585.0,9.2,499,0,5,416030,3388590,501,0,5,-100.0,512,215.0,-95.0,235.05318547086316,2,-83.83874018317172,-11,9,3,2.6793684263388573
1860,334601,415815.0,3388685.0,13,240,6,3,2585.0,9.2,499,0,5,416020,3388600,501,0,5,-98.29,512,205.0,-85.0,221.92341021172146,2,-82.52056560289688,-11,9,3,2.8376374841072645
1861,334601,415815.0,3388685.0,13,240,6,3,2585.0,9.2,499,0,5,419935,3387905,518,0,5,-101.0,512,4120.0,-780.0,4193.184947030121,19,-70.72038024624976,6,9,3,-0.08198408770430002
1862,334601,415815.0,3388685.0,13,240,6,3,2585.0,9.2,499,0,5,419930,3387910,518,0,5,-100.33,512,4115.0,-775.0,4187.344026945959,19,-70.66588526499635,6,9,3,-0.08209844703240204
1863,334601,415815.0,3388685.0,13,240,6,3,2585.0,9.2,499,0,5,419975,3387865,518,0,7,-97.25,512,4160.0,-820.0,4240.047169548942,19,-71.15092516850515,6,9,3,-0.08107797717065655
1864,334601,415815.0,3388685.0,13,240,6,3,2585.0,9.2,499,0,5,419945,3387895,518,0,5,-106.67,512,4130.0,-790.0,4204.8781195178535,19,-70.82891577561904,6,9,3,-0.0817561018392051
1865,334601,415815.0,3388685.0,13,240,6,3,2585.0,9.2,499,0,5,419940,3387900,518,0,5,-103.2,512,4125.0,-785.0,4199.029649811966,19,-70.77472357151518,6,9,3,-0.08186997277472254
1866,334601,415815.0,3388685.0,13,240,6,3,2585.0,9.2,499,0,5,419955,3387885,518,0,5,-105.0,512,4140.0,-800.0,4216.586296994288,19,-70.93684895020644,6,9,3,-0.08152909032116909
1867,334601,415815.0,3388685.0,13,240,6,3,2585.0,9.2,499,0,5,419965,3387875,518,0,6,-90.33,512,4150.0,-810.0,4228.309354813103,19,-71.04418401089904,6,9,3,-0.08130304986983182
1868,334601,415815.0,3388685.0,13,240,6,3,2585.0,9.2,499,0,5,419980,3387860,517,0,7,-99.0,512,4165.0,-825.0,4245.921572521094,18,-71.20407434132824,5,9,3,-0.06747151595906427
1869,334601,415815.0,3388685.0,13,240,6,3,2585.0,9.2,499,0,5,415815,3388685,499,0,5,-84.0,512,0.0,0.0,0.0,0,-60.0,-13,9,3,90.0
1870,334601,415815.0,3388685.0,13,240,6,3,2585.0,9.2,499,0,5,415800,3388700,499,0,5,-92.5,512,-15.0,15.0,21.213203435596427,0,75.0,-13,9,3,31.501045034844353
1871,334601,415815.0,3388685.0,13,240,6,3,2585.0,9.2,499,0,5,415795,3388665,500,0,5,-90.0,512,-20.0,-20.0,28.284271247461902,1,-195.0,-12,9,3,22.989767773608854
1872,334601,415815.0,3388685.0,13,240,6,3,2585.0,9.2,499,0,5,415780,3388680,500,0,5,-95.0,512,-35.0,-5.0,35.35533905932738,1,-231.86989764584402,-12,9,3,18.7477906121146
1873,334601,415815.0,3388685.0,13,240,6,3,2585.0,9.2,499,0,5,415875,3388585,502,6,5,-90.0,512,60.0,-100.0,116.61903789690601,3,-119.03624346792648,-10,9,3,4.901083564402995
1874,334601,415815.0,3388685.0,13,240,6,3,2585.0,9.2,499,0,5,415865,3388595,502,0,5,-104.0,512,50.0,-90.0,102.95630140987001,3,-120.94539590092286,-10,9,3,5.54765627378992
1875,334601,415815.0,3388685.0,13,240,6,3,2585.0,9.2,499,0,5,415790,3388670,500,0,5,-93.67,512,-25.0,-15.0,29.154759474226502,1,-209.03624346792648,-12,9,3,22.371899339624647
1876,334601,415815.0,3388685.0,13,240,6,3,2585.0,9.2,499,0,5,419915,3387950,519,0,15,-113.5,512,4100.0,-735.0,4165.360128488292,20,-70.16336050675372,7,9,3,-0.09628701160443016
1877,334601,415815.0,3388685.0,13,240,6,3,2585.0,9.2,499,0,5,419950,3387905,518,0,5,-102.0,512,4135.0,-780.0,4207.924072508914,19,-70.6823878563938,6,9,3,-0.08169692184902781
1878,334601,415815.0,3388685.0,13,240,6,3,2585.0,9.2,499,0,5,419955,3387910,518,0,5,-100.5,512,4140.0,-775.0,4211.91464775819,19,-70.60294244077613,6,9,3,-0.0816195182688811
1879,334601,415815.0,3388685.0,13,240,6,3,2585.0,9.2,499,0,5,419980,3387875,518,0,7,-108.88,512,4165.0,-810.0,4243.032524032782,19,-71.00538185745265,6,9,3,-0.08102093160748117
1880,334601,415815.0,3388685.0,13,240,6,3,2585.0,9.2,499,0,5,419940,3387915,518,0,5,-99.57,512,4125.0,-770.0,4196.251303246744,19,-70.57352341856091,6,9,3,-0.0819241789771856
1881,334601,415815.0,3388685.0,13,240,6,3,2585.0,9.2,499,0,5,419965,3387860,518,0,6,-94.2,512,4150.0,-825.0,4231.208456221461,19,-71.24354110221319,6,9,3,-0.08124734345103031
1882,334601,415815.0,3388685.0,13,240,6,3,2585.0,9.2,499,0,5,419945,3387920,518,0,15,-104.4,512,4130.0,-765.0,4200.25296857225,19,-70.49396089751292,6,9,3,-0.08184612827343112
1883,334601,415815.0,3388685.0,13,240,6,3,2585.0,9.2,499,0,5,419985,3387880,517,0,6,-101.0,512,4170.0,-805.0,4246.990110654839,18,-70.92629064208077,5,9,3,-0.06745454021406881
1884,334601,415815.0,3388685.0,13,240,6,3,2585.0,9.2,499,0,5,419970,3387845,517,0,6,-117.5,512,4155.0,-840.0,4239.05944756617,18,-71.42921567332994,5,9,3,-0.06758073772159373
1885,334601,415815.0,3388685.0,13,240,6,3,2585.0,9.2,499,0,5,415845,3388685,500,0,5,-88.0,512,30.0,0.0,30.0,1,-60.0,-12,9,3,21.80140948635181
1886,334601,415815.0,3388685.0,13,240,6,3,2585.0,9.2,499,0,5,419905,3388405,512,0,12,-121.5,512,4090.0,-280.0,4099.573148511928,13,-63.91633881374594,0,9,3,0.0
1887,334601,415815.0,3388685.0,13,240,6,3,2585.0,9.2,499,0,5,419990,3388340,516,0,6,-96.67,512,4175.0,-345.0,4189.230239554756,17,-64.72388845529807,4,9,3,-0.05470767546737783
1888,334601,415815.0,3388685.0,13,240,6,3,2585.0,9.2,499,0,5,419975,3388355,516,0,6,-93.7,512,4160.0,-330.0,4173.06841544684,17,-64.53559999133722,4,9,3,-0.05491955200514481
1889,334601,415815.0,3388685.0,13,240,6,3,2585.0,9.2,499,0,5,419980,3388330,516,0,6,-94.25,512,4165.0,-355.0,4180.101673404608,17,-64.87177902241959,4,9,3,-0.05482714680298451
1890,334601,415815.0,3388685.0,13,240,6,3,2585.0,9.2,499,0,5,419995,3388335,517,0,6,-95.0,512,4180.0,-350.0,4194.627516240268,18,-64.78632859491097,5,9,3,-0.06829659147889479
1891,334601,415815.0,3388685.0,13,240,6,3,2585.0,9.2,499,0,5,419965,3388345,516,0,6,-91.33,512,4150.0,-340.0,4163.904417731032,17,-64.68365162370975,4,9,3,-0.055040419894834644
1892,334601,415815.0,3388685.0,13,240,6,3,2585.0,9.2,499,0,5,419970,3388360,515,0,6,-93.5,512,4155.0,-325.0,4167.691207371295,16,-64.47251290647574,3,9,3,-0.041242812938663186
1893,334601,415815.0,3388685.0,13,240,6,3,2585.0,9.2,499,0,5,419960,3388350,515,0,5,-103.5,512,4145.0,-335.0,4158.51536007744,16,-64.62061707638614,3,9,3,-0.04133381599854617
1894,334601,415815.0,3388685.0,13,240,6,3,2585.0,9.2,499,0,5,419985,3388325,517,0,7,-99.86,512,4170.0,-360.0,4185.510721524914,18,-64.93416434056007,5,9,3,-0.06844535359037236
1895,334601,415815.0,3388685.0,13,240,6,3,2585.0,9.2,499,0,5,415815,3388815,495,0,6,-103.0,512,0.0,130.0,130.0,-4,30.0,-17,9,3,7.4502490686561815
1896,334601,415815.0,3388685.0,13,240,6,3,2585.0,9.2,499,0,5,415800,3388810,496,0,6,-100.33,512,-15.0,125.0,125.89678312014172,-3,36.84277341263095,-16,9,3,7.242792259629216
1897,334601,415815.0,3388685.0,13,240,6,3,2585.0,9.2,499,0,5,415820,3388670,500,0,5,-83.33,512,5.0,-15.0,15.811388300841896,1,-131.56505117707798,-12,9,3,37.19655824341982
1898,334601,415815.0,3388685.0,13,240,6,3,2585.0,9.2,499,0,5,415765,3388685,500,0,5,-76.88,512,-50.0,0.0,50.0,1,120.0,-12,9,3,13.495733280795811
1899,334601,415815.0,3388685.0,13,240,6,3,2585.0,9.2,499,0,5,415780,3388710,499,0,5,-87.33,512,-35.0,25.0,43.01162633521314,0,84.46232220802563,-13,9,3,16.817119664883684
1900,334601,415815.0,3388685.0,13,240,6,3,2585.0,9.2,499,0,5,415775,3388695,499,0,5,-77.11,512,-40.0,10.0,41.23105625617661,0,105.96375653207349,-13,9,3,17.499870946207984
1901,334601,415815.0,3388685.0,13,240,6,3,2585.0,9.2,499,0,5,415770,3388700,499,0,5,-78.45,512,-45.0,15.0,47.43416490252569,0,101.56505117707798,-13,9,3,15.326384417166548
1902,334601,415815.0,3388685.0,13,240,6,3,2585.0,9.2,499,0,5,415785,3388705,499,0,5,-84.0,512,-30.0,20.0,36.05551275463989,0,86.30993247402023,-13,9,3,19.82702865340817
1903,334601,415815.0,3388685.0,13,240,6,3,2585.0,9.2,499,0,5,415760,3388690,500,0,5,-76.35,512,-55.0,5.0,55.226805085936306,1,114.80557109226521,-12,9,3,12.259000914711846
1904,334601,415815.0,3388685.0,13,240,6,3,2585.0,9.2,499,0,5,415880,3388570,502,0,5,-100.83,512,65.0,-115.0,132.09844813622905,3,-120.52411099675425,-10,9,3,4.329097546933957
1905,334601,415815.0,3388685.0,13,240,6,3,2585.0,9.2,499,0,5,415825,3388665,501,0,5,-89.0,512,10.0,-20.0,22.360679774997898,2,-123.43494882292201,-11,9,3,26.194185490754055
1906,334601,415815.0,3388685.0,13,240,6,3,2585.0,9.2,499,0,5,415810,3388660,501,0,5,-92.75,512,-5.0,-25.0,25.495097567963924,2,-161.30993247402023,-11,9,3,23.33804811782931
1907,334601,415815.0,3388685.0,13,240,6,3,2585.0,9.2,499,0,5,415795,3388715,498,0,5,-86.5,512,-20.0,30.0,36.05551275463989,-1,63.69006752597977,-14,9,3,21.22070022359343
1908,334601,415815.0,3388685.0,13,240,6,3,2585.0,9.2,499,0,5,415790,3388720,498,0,5,-92.14,512,-25.0,35.0,43.01162633521314,-1,65.53767779197437,-14,9,3,18.029726310501502
1909,334601,415815.0,3388685.0,13,240,6,3,2585.0,9.2,499,0,5,415650,3388595,507,0,6,-86.5,512,-165.0,-90.0,187.94946129212502,8,-211.3895403340348,-5,9,3,1.5238742508873646
1910,334601,415815.0,3388685.0,13,240,6,3,2585.0,9.2,499,0,5,415655,3388600,507,0,6,-91.13,512,-160.0,-85.0,181.1767093199344,8,-212.02052561151984,-5,9,3,1.580811369287019
1911,334601,415815.0,3388685.0,13,240,6,3,2585.0,9.2,499,0,5,415640,3388585,507,0,6,-83.78,512,-175.0,-100.0,201.55644370746373,8,-210.25511870305778,-5,9,3,1.4210419130401521
1912,334601,415815.0,3388685.0,13,240,6,3,2585.0,9.2,499,0,5,415645,3388590,507,0,6,-82.5,512,-170.0,-95.0,194.74342094150447,8,-210.80251395393555,-5,9,3,1.4707350446347573
1913,334601,415815.0,3388685.0,13,240,6,3,2585.0,9.2,499,0,5,415595,3388500,505,0,5,-100.25,512,-220.0,-185.0,287.4456470360962,6,-199.9392155421262,-7,9,3,1.3950157367289906
1914,334601,415815.0,3388685.0,13,240,6,3,2585.0,9.2,499,0,5,415700,3388655,503,0,5,-88.5,512,-115.0,-30.0,118.84864324004712,4,-225.37912601136836,-9,9,3,4.33054756877446
1915,334601,415815.0,3388685.0,13,240,6,3,2585.0,9.2,499,0,5,415975,3388630,501,0,5,-97.5,512,160.0,-55.0,169.1892431568863,2,-78.97040780848656,-11,9,3,3.719904206283326
1916,334601,415815.0,3388685.0,13,240,6,3,2585.0,9.2,499,0,5,415705,3388660,502,0,5,-82.75,512,-110.0,-25.0,112.80514172678478,3,-227.19573393471325,-10,9,3,5.065938945162436
1917,334601,415815.0,3388685.0,13,240,6,3,2585.0,9.2,499,0,5,415785,3388740,497,0,5,-96.0,512,-30.0,55.0,62.64982043070834,-2,58.61045966596521,-15,9,3,13.464636160957978
1918,334601,415815.0,3388685.0,13,240,6,3,2585.0,9.2,499,0,5,415790,3388725,498,0,5,-96.2,512,-25.0,40.0,47.16990566028302,-1,62.005383208083515,-14,9,3,16.530857391326563
1919,334601,415815.0,3388685.0,13,240,6,3,2585.0,9.2,499,0,5,415710,3388645,502,0,10,-86.86,512,-105.0,-40.0,112.36102527122117,3,-219.14554196042167,-10,9,3,5.085857687964041
1920,334601,415815.0,3388685.0,13,240,6,3,2585.0,9.2,499,0,5,415750,3388685,500,0,5,-79.28,512,-65.0,0.0,65.0,1,120.0,-12,9,3,10.459909092929127
1921,334601,415815.0,3388685.0,13,240,6,3,2585.0,9.2,499,0,5,415805,3388800,496,0,6,-101.5,512,-10.0,115.0,115.43396380615195,-3,34.96974072811031,-16,9,3,7.8913384201205306
1922,334601,415815.0,3388685.0,13,240,6,3,2585.0,9.2,499,0,5,415715,3388650,502,0,10,-85.0,512,-100.0,-35.0,105.94810050208545,3,-220.70995378081125,-10,9,3,5.391936200678344
1923,334601,415815.0,3388685.0,13,240,6,3,2585.0,9.2,499,0,5,415795,3388730,497,0,5,-89.8,512,-20.0,45.0,49.24428900898052,-2,53.96248897457821,-15,9,3,16.94093759874622
1924,334601,415815.0,3388685.0,13,240,6,3,2585.0,9.2,499,0,5,415830,3388765,496,0,5,-91.0,512,15.0,80.0,81.39410298049853,-3,19.38034472384487,-16,9,3,11.12108733013461
1925,334601,415815.0,3388685.0,13,240,6,3,2585.0,9.2,499,0,5,415780,3388735,498,0,5,-91.1,512,-35.0,50.0,61.032778078668514,-1,64.99202019855869,-14,9,3,12.919290106732115
1926,334601,415815.0,3388685.0,13,240,6,3,2585.0,9.2,499,0,5,415745,3388700,500,0,5,-77.13,512,-70.0,15.0,71.58910531638176,1,107.9052429229879,-12,9,3,9.515641976620708
1927,334601,415815.0,3388685.0,13,240,6,3,2585.0,9.2,499,0,5,415755,3388690,500,0,5,-78.3,512,-60.0,5.0,60.207972893961475,1,115.23635830927378,-12,9,3,11.271867138973722
1928,334601,415815.0,3388685.0,13,240,6,3,2585.0,9.2,499,0,5,415985,3388620,501,0,5,-94.67,512,170.0,-65.0,182.00274723201295,2,-80.92450174492117,-11,9,3,3.458672237989563
1929,334601,415815.0,3388685.0,13,240,6,3,2585.0,9.2,499,0,5,415740,3388695,500,0,5,-75.64,512,-75.0,10.0,75.66372975210778,1,112.40535663140861,-12,9,3,9.011850395252566
1930,334601,415815.0,3388685.0,13,240,6,3,2585.0,9.2,499,0,5,415835,3388770,496,0,5,-92.0,512,20.0,85.0,87.32124598286491,-3,16.75948008481282,-16,9,3,10.383210993883749
1931,334601,415815.0,3388685.0,13,240,6,3,2585.0,9.2,499,0,5,415885,3388560,502,0,5,-98.25,512,70.0,-125.0,143.26548781894402,3,-120.75117366345302,-10,9,3,3.9927969435446817
1932,334601,415815.0,3388685.0,13,240,6,3,2585.0,9.2,499,0,5,415915,3388530,502,15,5,-114.0,512,100.0,-155.0,184.45866745696716,3,-117.17145820858747,-10,9,3,3.1031204994002417
1933,334601,415815.0,3388685.0,13,240,6,3,2585.0,9.2,499,0,5,419995,3387975,517,0,6,-102.91,512,4180.0,-710.0,4239.87028103455,18,-69.64005185747868,5,9,3,-0.06756781358252305
1934,334601,415815.0,3388685.0,13,240,6,3,2585.0,9.2,499,0,5,419920,3387950,518,0,15,-113.0,512,4105.0,-735.0,4170.281765060965,19,-70.15123884881666,6,9,3,-0.08243434358649253
1935,334601,415815.0,3388685.0,13,240,6,3,2585.0,9.2,499,0,5,419945,3387925,518,0,15,-96.33,512,4130.0,-760.0,4199.34518705,19,-70.42688202333679,6,9,3,-0.08186382110374113
1936,334601,415815.0,3388685.0,13,240,6,3,2585.0,9.2,499,0,5,419950,3387940,518,0,5,-100.75,512,4135.0,-745.0,4201.577084857542,19,-70.2133684525414,6,9,3,-0.08182033471025554
1937,334601,415815.0,3388685.0,13,240,6,3,2585.0,9.2,499,0,5,419980,3387970,517,0,6,-93.2,512,4165.0,-715.0,4225.925934040964,18,-69.7409417756484,5,9,3,-0.06779076783563431
1938,334601,415815.0,3388685.0,13,240,6,3,2585.0,9.2,499,0,5,419970,3388000,518,0,6,-94.05,512,4155.0,-685.0,4211.0865581225,19,-69.36166605242829,6,9,3,-0.0816355683273996
1939,334601,415815.0,3388685.0,13,240,6,3,2585.0,9.2,499,0,5,419960,3387990,517,0,6,-91.0,512,4145.0,-695.0,4202.862120032015,18,-69.51835170269544,5,9,3,-0.06816277913294262
1940,334601,415815.0,3388685.0,13,240,6,3,2585.0,9.2,499,0,5,419990,3387980,517,0,6,-97.2,512,4175.0,-705.0,4234.105572609167,18,-69.58467759854756,5,9,3,-0.06765980665536907
1941,334601,415815.0,3388685.0,13,240,6,3,2585.0,9.2,499,0,5,419975,3387995,518,0,6,-92.12,512,4160.0,-690.0,4216.835306245668,19,-69.41764714533429,6,9,3,-0.08152427593576621
1942,334601,415815.0,3388685.0,13,240,6,3,2585.0,9.2,499,0,5,419985,3387965,517,0,6,-100.0,512,4170.0,-720.0,4231.701785334122,18,-69.79620991747453,5,9,3,-0.06769824027833964
1943,334601,415815.0,3388685.0,13,240,6,3,2585.0,9.2,499,0,5,419965,3387985,517,0,6,-89.63,512,4150.0,-700.0,4208.622102303793,18,-69.57422788509183,5,9,3,-0.06806949063609731
1944,334601,415815.0,3388685.0,13,240,6,3,2585.0,9.2,499,0,5,415780,3388725,498,0,5,-86.62,512,-35.0,40.0,53.150729063673246,-1,71.18592516570965,-14,9,3,14.756634005810412
1945,334601,415815.0,3388685.0,13,240,6,3,2585.0,9.2,499,0,5,415785,3388730,498,0,5,-92.17,512,-30.0,45.0,54.08326913195984,-1,63.69006752597977,-14,9,3,14.513022817187688
1946,334601,415815.0,3388685.0,13,240,6,3,2585.0,9.2,499,0,5,415700,3388645,503,0,5,-83.88,512,-115.0,-40.0,121.75795661885921,4,-220.8209919741893,-9,9,3,4.227452138220514
1947,334601,415815.0,3388685.0,13,240,6,3,2585.0,9.2,499,0,5,415745,3388690,500,0,5,-78.05,512,-70.0,5.0,70.178344238091,1,115.91438322002512,-12,9,3,9.703328409197852
1948,334601,415815.0,3388685.0,13,240,6,3,2585.0,9.2,499,0,5,415715,3388660,502,0,5,-84.54,512,-100.0,-25.0,103.07764064044152,3,-225.96375653207352,-10,9,3,5.541166443639222
1949,334601,415815.0,3388685.0,13,240,6,3,2585.0,9.2,499,0,5,415795,3388740,497,0,5,-91.67,512,-20.0,55.0,58.52349955359813,-2,49.98310652189997,-15,9,3,14.37585925104065
1950,334601,415815.0,3388685.0,13,240,6,3,2585.0,9.2,499,0,5,415755,3388700,500,0,5,-75.7,512,-60.0,15.0,61.84658438426491,1,105.96375653207349,-12,9,3,10.98057542761216
1951,334601,415815.0,3388685.0,13,240,6,3,2585.0,9.2,499,0,5,415740,3388685,501,0,5,-82.64,512,-75.0,0.0,75.0,2,120.0,-11,9,3,8.343891584033095
1952,334601,415815.0,3388685.0,13,240,6,3,2585.0,9.2,499,0,5,415710,3388655,502,0,5,-84.69,512,-105.0,-30.0,109.20164833920778,3,-224.05460409907712,-10,9,3,5.23219433817877
1953,334601,415815.0,3388685.0,13,240,6,3,2585.0,9.2,499,0,5,415790,3388735,497,0,5,-90.6,512,-25.0,50.0,55.90169943749474,-2,56.565051177077976,-15,9,3,15.020256666513818
1954,334601,415815.0,3388685.0,13,240,6,3,2585.0,9.2,499,0,5,415995,3388620,501,0,5,-96.11,512,180.0,-65.0,191.3765920900464,2,-79.85521436932106,-11,9,3,3.2896441132222827
1955,334601,415815.0,3388685.0,13,240,6,3,2585.0,9.2,499,0,5,415890,3388555,502,0,5,-102.0,512,75.0,-130.0,150.08331019803634,3,-120.01836063115067,-10,9,3,3.8119639118057664
1956,334601,415815.0,3388685.0,13,240,6,3,2585.0,9.2,499,0,5,415880,3388545,502,15,14,-106.0,512,65.0,-140.0,154.35349040433132,3,-125.09523119190482,-10,9,3,3.7068043392406276
1957,334601,415815.0,3388685.0,13,240,6,3,2585.0,9.2,499,0,5,415895,3388560,502,6,5,-101.0,512,80.0,-125.0,148.4082207965583,3,-117.38075692880717,-10,9,3,3.8548606954196143
1958,334601,415815.0,3388685.0,13,240,6,3,2585.0,9.2,499,0,5,415705,3388650,502,0,5,-81.17,512,-110.0,-35.0,115.43396380615195,3,-222.34987578006988,-10,9,3,4.951150471114766
1959,334601,415815.0,3388685.0,13,240,6,3,2585.0,9.2,499,0,5,415750,3388695,500,0,5,-73.84,512,-65.0,10.0,65.76473218982953,1,111.25383773744477,-12,9,3,10.340917203037622
1960,334601,415815.0,3388685.0,13,240,6,3,2585.0,9.2,499,0,5,415975,3388640,501,0,5,-95.17,512,160.0,-45.0,166.20770138594662,2,-75.70863782901574,-11,9,3,3.786441849155542
1961,334601,415815.0,3388685.0,13,240,6,3,2585.0,9.2,499,0,5,416045,3388590,501,0,5,-99.67,512,230.0,-95.0,248.84734276258607,2,-82.44275336529435,-11,9,3,2.5310439243727285
1962,334601,415815.0,3388685.0,13,240,6,3,2585.0,9.2,499,0,5,416020,3388605,501,0,5,-98.0,512,205.0,-80.0,220.05681084665386,2,-81.31791227546154,-11,9,3,2.861667483307897
1963,334601,415815.0,3388685.0,13,240,6,3,2585.0,9.2,499,0,5,416000,3388625,500,0,5,-100.8,512,185.0,-60.0,194.48650338776724,1,-77.969139740157,-12,9,3,3.5307274709018532
1964,334601,415815.0,3388685.0,13,240,6,3,2585.0,9.2,499,0,5,416010,3388635,499,0,5,-107.5,512,195.0,-50.0,201.30822139197394,0,-74.38139459109061,-13,9,3,3.694892890983997
1965,334601,415815.0,3388685.0,13,240,6,3,2585.0,9.2,499,0,5,416065,3388570,502,0,6,-99.29,512,250.0,-115.0,275.1817581163403,3,-84.70243022777132,-10,9,3,2.0811909510965507
1966,334601,415815.0,3388685.0,13,240,6,3,2585.0,9.2,499,0,5,416070,3388575,502,0,6,-103.0,512,255.0,-110.0,277.71388153997634,3,-83.33404127670977,-10,9,3,2.0622316491553785
1967,334601,415815.0,3388685.0,13,240,6,3,2585.0,9.2,499,0,5,416025,3388610,500,0,12,-98.67,512,210.0,-75.0,222.9910312097776,1,-79.65382405805332,-12,9,3,3.0803337853781554
1968,334601,415815.0,3388685.0,13,240,6,3,2585.0,9.2,499,0,5,416040,3388585,501,0,5,-101.5,512,225.0,-100.0,246.22144504490262,2,-83.96248897457818,-11,9,3,2.558001287086515
1969,334601,415815.0,3388685.0,13,240,6,3,2585.0,9.2,499,0,5,416005,3388630,500,0,12,-94.33,512,190.0,-55.0,197.80040444852483,1,-76.14433878028348,-12,9,3,3.471720408716311
1970,334601,415815.0,3388685.0,13,240,6,3,2585.0,9.2,499,0,5,419970,3388390,514,0,6,-90.5,512,4155.0,-295.0,4165.459158364178,15,-64.06111674746785,2,9,3,-0.027509944489632784
1971,334601,415815.0,3388685.0,13,240,6,3,2585.0,9.2,499,0,5,419990,3388370,516,0,7,-91.75,512,4175.0,-315.0,4186.8663699717,17,-64.31474017676223,4,9,3,-0.05473856294261618
1972,334601,415815.0,3388685.0,13,240,6,3,2585.0,9.2,499,0,5,419980,3388380,515,0,6,-92.26,512,4165.0,-305.0,4176.152535528366,16,-64.18825348412636,3,9,3,-0.04115925065226496
1973,334601,415815.0,3388685.0,13,240,6,3,2585.0,9.2,499,0,5,419995,3388365,516,0,6,-89.77,512,4180.0,-320.0,4192.230909670888,17,-64.37774092874008,4,9,3,-0.05466851741745975
1974,334601,415815.0,3388685.0,13,240,6,3,2585.0,9.2,499,0,5,419985,3388375,515,0,6,-95.67,512,4170.0,-310.0,4181.5069054110145,16,-64.25157785130827,3,9,3,-0.04110654673920268
1975,334601,415815.0,3388685.0,13,240,6,3,2585.0,9.2,499,0,5,419975,3388385,515,0,7,-93.09,512,4160.0,-300.0,4170.803279945004,16,-64.12476660614237,3,9,3,-0.041212039350433875
1976,334601,415815.0,3388685.0,13,240,6,3,2585.0,9.2,499,0,5,419940,3388055,518,0,14,-102.67,512,4125.0,-630.0,4172.831772310022,19,-68.68352683572948,6,9,3,-0.08238396823101095
1977,334601,415815.0,3388685.0,13,240,6,3,2585.0,9.2,499,0,5,419890,3388105,517,0,5,-111.5,512,4075.0,-580.0,4116.06911992498,18,-68.10057352348758,5,9,3,-0.06960008403828173
1978,334601,415815.0,3388685.0,13,240,6,3,2585.0,9.2,499,0,5,419955,3388050,518,0,6,-90.0,512,4140.0,-635.0,4188.4155715497,19,-68.72016127527078,6,9,3,-0.08207744337934467
1979,334601,415815.0,3388685.0,13,240,6,3,2585.0,9.2,499,0,5,419880,3388115,517,0,12,-113.0,512,4065.0,-570.0,4104.768568384824,18,-67.98205157381165,5,9,3,-0.0697916949773243
1980,334601,415815.0,3388685.0,13,240,6,3,2585.0,9.2,499,0,5,419885,3388120,517,0,12,-113.0,512,4070.0,-565.0,4109.029690815096,18,-67.90332623173896,5,9,3,-0.06971932006509951
1981,334601,415815.0,3388685.0,13,240,6,3,2585.0,9.2,499,0,5,419895,3388110,517,0,5,-112.67,512,4080.0,-575.0,4120.31855564591,18,-68.02194158086314,5,9,3,-0.06952830298815324
1982,334601,415815.0,3388685.0,13,240,6,3,2585.0,9.2,499,0,5,419965,3388040,518,0,6,-94.1,512,4150.0,-645.0,4199.824401091074,19,-68.83432550323056,6,9,3,-0.08185448018007377
1983,334601,415815.0,3388685.0,13,240,6,3,2585.0,9.2,499,0,5,419980,3388015,518,0,6,-95.03,512,4165.0,-670.0,4218.54536540737,19,-69.1385576093262,6,9,3,-0.08149122872758416
1984,334601,415815.0,3388685.0,13,240,6,3,2585.0,9.2,499,0,5,419975,3388030,518,0,6,-95.18,512,4160.0,-655.0,4211.249814485006,19,-68.9478707089873,6,9,3,-0.0816324035880735
1985,334601,415815.0,3388685.0,13,240,6,3,2585.0,9.2,499,0,5,419970,3388025,518,0,6,-94.38,512,4155.0,-660.0,4207.092226229418,19,-69.02572741481183,6,9,3,-0.0817130753309795
1986,334601,415815.0,3388685.0,13,240,6,3,2585.0,9.2,499,0,5,419875,3388130,516,0,5,-111.5,512,4060.0,-555.0,4097.758533637628,17,-67.78405785029983,4,9,3,-0.05592887999090784
1987,334601,415815.0,3388685.0,13,240,6,3,2585.0,9.2,499,0,5,419995,3388010,518,0,6,-96.55,512,4180.0,-675.0,4234.149855638083,19,-69.17312057414068,6,9,3,-0.08119090223455337
1988,334601,415815.0,3388685.0,13,240,6,3,2585.0,9.2,499,0,5,419960,3388035,518,0,6,-94.91,512,4145.0,-650.0,4195.655491100288,19,-68.91228166157444,6,9,3,-0.08193581276229589
1989,334601,415815.0,3388685.0,13,240,6,3,2585.0,9.2,499,0,5,419990,3388005,518,0,6,-97.35,512,4175.0,-680.0,4230.014775387906,19,-69.25077637358939,6,9,3,-0.08127027085713615
1990,334601,415815.0,3388685.0,13,240,6,3,2585.0,9.2,499,0,5,419985,3388020,518,0,6,-97.36,512,4170.0,-665.0,4222.691677117808,19,-69.06080102899543,6,9,3,-0.08141121161840348
1991,334601,415815.0,3388685.0,13,240,6,3,2585.0,9.2,499,0,5,419870,3388125,516,21,5,-118.5,512,4055.0,-560.0,4093.485678489666,17,-67.86287574683675,4,9,3,-0.055987259540639885
1992,334601,415815.0,3388685.0,13,240,6,3,2585.0,9.2,499,0,5,415620,3388555,508,0,14,-86.0,512,-195.0,-130.0,234.3608329051593,9,-206.30993247402023,-4,9,3,0.9778121409468974
1993,334601,415815.0,3388685.0,13,240,6,3,2585.0,9.2,499,0,5,415710,3388595,504,0,5,-86.5,512,-105.0,-90.0,138.2931668593933,5,-199.39870535499554,-8,9,3,3.3107634859684723
1994,334601,415815.0,3388685.0,13,240,6,3,2585.0,9.2,499,0,5,415730,3388615,503,0,10,-88.0,512,-85.0,-70.0,110.11357772772621,4,-200.52754015165618,-9,9,3,4.672614664487052
1995,334601,415815.0,3388685.0,13,240,6,3,2585.0,9.2,499,0,5,415740,3388625,502,0,10,-89.0,512,-75.0,-60.0,96.04686356149273,3,-201.34019174590992,-10,9,3,5.943982216464175
1996,334601,415815.0,3388685.0,13,240,6,3,2585.0,9.2,499,0,5,415725,3388610,503,0,5,-83.0,512,-90.0,-75.0,117.15374513859982,4,-200.19442890773482,-9,9,3,4.392955384314265
1997,334601,415815.0,3388685.0,13,240,6,3,2585.0,9.2,499,0,5,415700,3388585,505,0,5,-90.5,512,-115.0,-100.0,152.3975065412817,6,-198.9909130984298,-7,9,3,2.629890497053833
1998,334601,415815.0,3388685.0,13,240,6,3,2585.0,9.2,499,0,5,415940,3388665,500,0,5,-91.75,512,125.0,-20.0,126.58988901172162,1,-69.09027692082233,-12,9,3,5.415131983330869
1999,334601,415815.0,3388685.0,13,240,6,3,2585.0,9.2,499,0,5,415950,3388675,500,0,5,-96.33,512,135.0,-10.0,135.36986370680884,1,-64.23639479905884,-12,9,3,5.065801437723781
2000,334601,415815.0,3388685.0,13,240,6,3,2585.0,9.2,499,0,5,415720,3388605,503,0,5,-88.75,512,-95.0,-80.0,124.19742348374221,4,-199.89909245378777,-9,9,3,4.1447094230434685
2001,334601,415815.0,3388685.0,13,240,6,3,2585.0,9.2,499,0,5,415945,3388670,500,0,5,-95.1,512,130.0,-15.0,130.86252328302402,1,-66.581944655178,-12,9,3,5.239329459986255
2002,334601,415815.0,3388685.0,13,240,6,3,2585.0,9.2,499,0,5,415955,3388680,499,0,5,-92.5,512,140.0,-5.0,140.089257261219,0,-62.04540848888723,-13,9,3,5.301748746317293
2003,334601,415815.0,3388685.0,13,240,6,3,2585.0,9.2,499,0,5,415685,3388655,504,0,6,-92.5,512,-130.0,-30.0,133.41664064126334,5,-227.0053832080835,-8,9,3,3.4314914781042494
2004,334601,415815.0,3388685.0,13,240,6,3,2585.0,9.2,499,0,5,415765,3388735,498,6,6,-93.0,512,-50.0,50.0,70.71067811865476,-1,75.0,-14,9,3,11.199149096448238
2005,334601,415815.0,3388685.0,13,240,6,3,2585.0,9.2,499,0,5,415740,3388720,499,0,6,-82.25,512,-75.0,35.0,82.76472678623425,0,94.98310652190003,-13,9,3,8.926613779061553
2006,334601,415815.0,3388685.0,13,240,6,3,2585.0,9.2,499,0,5,415990,3388630,501,0,5,-99.8,512,175.0,-55.0,183.43936327844142,2,-77.4471884232822,-11,9,3,3.4316504310984217
2007,334601,415815.0,3388685.0,13,240,6,3,2585.0,9.2,499,0,5,415985,3388635,501,0,5,-95.1,512,170.0,-50.0,177.2004514666935,2,-76.38954033403479,-11,9,3,3.5521686017162595
2008,334601,415815.0,3388685.0,13,240,6,3,2585.0,9.2,499,0,5,415730,3388690,501,0,5,-78.29,512,-85.0,5.0,85.14693182963201,2,116.63353933657015,-11,9,3,7.361181670807614
2009,334601,415815.0,3388685.0,13,240,6,3,2585.0,9.2,499,0,5,415835,3388785,495,0,5,-94.5,512,20.0,100.0,101.9803902718557,-4,18.69006752597977,-17,9,3,9.464108797639168
2010,334601,415815.0,3388685.0,13,240,6,3,2585.0,9.2,499,0,5,415825,3388795,495,0,5,-95.67,512,10.0,110.0,110.45361017187261,-4,24.80557109226521,-17,9,3,8.749778762871959
2011,334601,415815.0,3388685.0,13,240,6,3,2585.0,9.2,499,0,5,415710,3388670,502,0,5,-91.0,512,-105.0,-15.0,106.06601717798213,3,-231.86989764584402,-10,9,3,5.385977098599754
2012,334601,415815.0,3388685.0,13,240,6,3,2585.0,9.2,499,0,5,415690,3388650,504,0,5,-90.5,512,-125.0,-35.0,129.80754985747168,5,-224.35775354279127,-8,9,3,3.526661048193506
2013,334601,415815.0,3388685.0,13,240,6,3,2585.0,9.2,499,0,5,415775,3388725,498,0,5,-87.15,512,-40.0,40.0,56.568542494923804,-1,75.0,-14,9,3,13.900669075390693
2014,334601,415815.0,3388685.0,13,240,6,3,2585.0,9.2,499,0,5,415745,3388715,499,0,6,-73.67,512,-70.0,30.0,76.15773105863909,0,96.80140948635182,-13,9,3,9.686930157845396
2015,334601,415815.0,3388685.0,13,240,6,3,2585.0,9.2,499,0,5,415695,3388645,503,0,5,-85.87,512,-120.0,-40.0,126.49110640673517,4,-221.565051177078,-9,9,3,4.069807627117499
2016,334601,415815.0,3388685.0,13,240,6,3,2585.0,9.2,499,0,5,415830,3388790,495,0,5,-100.5,512,15.0,105.0,106.06601717798213,-4,21.86989764584405,-17,9,3,9.105781029487305
2017,334601,415815.0,3388685.0,13,240,6,3,2585.0,9.2,499,0,5,415795,3388745,497,0,5,-91.5,512,-20.0,60.0,63.245553203367585,-2,48.434948822922024,-15,9,3,13.342363797088238
2018,334601,415815.0,3388685.0,13,240,6,3,2585.0,9.2,499,0,5,415735,3388685,501,0,5,-78.79,512,-80.0,0.0,80.0,2,120.0,-11,9,3,7.829076510059608
2019,334601,415815.0,3388685.0,13,240,6,3,2585.0,9.2,499,0,5,415755,3388705,500,0,5,-74.56,512,-60.0,20.0,63.245553203367585,1,101.56505117707798,-12,9,3,10.743403801775964
2020,334601,415815.0,3388685.0,13,240,6,3,2585.0,9.2,499,0,5,415715,3388665,502,0,5,-81.75,512,-100.0,-20.0,101.9803902718557,3,-228.6900675259798,-10,9,3,5.600409184816616
2021,334601,415815.0,3388685.0,13,240,6,3,2585.0,9.2,499,0,5,415820,3388800,495,0,6,-99.0,512,5.0,115.0,115.10864433221339,-4,27.51044707800088,-17,9,3,8.401088371459283
2022,334601,415815.0,3388685.0,13,240,6,3,2585.0,9.2,499,0,5,415980,3388640,501,0,5,-93.4,512,165.0,-45.0,171.0263137648707,2,-75.25511870305778,-11,9,3,3.6800574361851672
2023,334601,415815.0,3388685.0,13,240,6,3,2585.0,9.2,499,0,5,415750,3388710,499,0,5,-76.53,512,-65.0,25.0,69.6419413859206,0,98.96248897457815,-13,9,3,10.573659319822264
2024,334601,415815.0,3388685.0,13,240,6,3,2585.0,9.2,499,0,5,415770,3388730,498,0,5,-82.5,512,-45.0,45.0,63.63961030678928,-1,75.0,-14,9,3,12.406805146827338
2025,334601,415815.0,3388685.0,13,240,6,3,2585.0,9.2,499,0,5,415995,3388625,501,0,5,-96.56,512,180.0,-60.0,189.73665961010275,2,-78.43494882292202,-11,9,3,3.3180139204537427
2026,334601,415815.0,3388685.0,13,240,6,3,2585.0,9.2,499,0,5,415880,3388540,502,0,5,-105.0,512,65.0,-145.0,158.90248582070703,3,-125.85445803957835,-10,9,3,3.6009707747336983
2027,334601,415815.0,3388685.0,13,240,6,3,2585.0,9.2,499,0,5,415890,3388530,502,0,5,-100.0,512,75.0,-155.0,172.19175357722565,3,-124.17900802581072,-10,9,3,3.3237071399116704
2028,334601,415815.0,3388685.0,13,240,6,3,2585.0,9.2,499,0,5,415790,3388750,497,0,5,-90.2,512,-25.0,65.0,69.6419413859206,-2,51.03751102542185,-15,9,3,12.155096776083843
2029,334601,415815.0,3388685.0,13,240,6,3,2585.0,9.2,499,0,5,415865,3388555,502,0,14,-87.5,512,50.0,-130.0,139.2838827718412,3,-128.9624889745782,-10,9,3,4.106550978833124
2030,334601,415815.0,3388685.0,13,240,6,3,2585.0,9.2,499,0,5,415935,3388605,502,0,5,-85.0,512,120.0,-80.0,144.22205101855957,3,-93.69006752597977,-10,9,3,3.966399237097971
2031,334601,415815.0,3388685.0,13,240,6,3,2585.0,9.2,499,0,5,415735,3388645,502,0,5,-81.5,512,-80.0,-40.0,89.44271909999159,3,-213.434948822922,-10,9,3,6.379370208442803
2032,334601,415815.0,3388685.0,13,240,6,3,2585.0,9.2,499,0,5,415810,3388730,497,0,14,-98.0,512,-5.0,45.0,45.27692569068709,-2,36.34019174590992,-15,9,3,18.329753744074015
2033,334601,415815.0,3388685.0,13,240,6,3,2585.0,9.2,499,0,5,415800,3388740,497,0,5,-91.33,512,-15.0,55.0,57.0087712549569,-2,45.2551187030578,-15,9,3,14.7413932182722
2034,334601,415815.0,3388685.0,13,240,6,3,2585.0,9.2,499,0,5,415730,3388650,502,0,5,-86.4,512,-85.0,-35.0,91.92388155425118,3,-217.61986494804043,-10,9,3,6.208544626185846
2035,334601,415815.0,3388685.0,13,240,6,3,2585.0,9.2,499,0,5,415750,3388670,501,0,5,-83.63,512,-65.0,-15.0,66.70832032063167,2,-227.0053832080835,-11,9,3,9.363638360026622
2036,334601,415815.0,3388685.0,13,240,6,3,2585.0,9.2,499,0,5,415725,3388655,502,0,5,-83.69,512,-90.0,-30.0,94.86832980505137,3,-221.565051177078,-10,9,3,6.0172848640320336
2037,334601,415815.0,3388685.0,13,240,6,3,2585.0,9.2,499,0,5,415740,3388680,501,0,5,-81.35,512,-75.0,-5.0,75.16648189186454,2,-236.18592516570965,-11,9,3,8.325670509719728
2038,334601,415815.0,3388685.0,13,240,6,3,2585.0,9.2,499,0,5,415720,3388660,502,0,5,-84.95,512,-95.0,-25.0,98.2344135219425,3,-225.25643716352928,-10,9,3,5.812534130773947
2039,334601,415815.0,3388685.0,13,240,6,3,2585.0,9.2,499,0,5,415805,3388735,497,0,5,-90.83,512,-10.0,50.0,50.99019513592785,-2,41.30993247402023,-15,9,3,16.39252269470944
2040,334601,415815.0,3388685.0,13,240,6,3,2585.0,9.2,499,0,5,415745,3388675,501,0,5,-81.44,512,-70.0,-10.0,70.71067811865476,2,-231.86989764584402,-11,9,3,8.842258533397425
2041,334601,415815.0,3388685.0,13,240,6,3,2585.0,9.2,499,0,5,415860,3388560,503,0,14,-100.5,512,45.0,-125.0,132.85330255586422,4,-130.2011236454751,-9,9,3,3.875517877879838
2042,334601,415815.0,3388685.0,13,240,6,3,2585.0,9.2,499,0,5,415875,3388545,502,15,5,-112.0,512,60.0,-140.0,152.31546211727817,3,-126.80140948635182,-10,9,3,3.7562614748814744
2043,334601,415815.0,3388685.0,13,240,6,3,2585.0,9.2,499,0,5,419935,3387985,518,0,5,-96.0,512,4120.0,-700.0,4179.042952638798,19,-69.64263877876925,6,9,3,-0.08226152369407576
2044,334601,415815.0,3388685.0,13,240,6,3,2585.0,9.2,499,0,5,419965,3387955,517,0,6,-86.67,512,4150.0,-730.0,4213.715699949393,18,-69.97647263963887,5,9,3,-0.0679872073744168
2045,334601,415815.0,3388685.0,13,240,6,3,2585.0,9.2,499,0,5,419960,3387960,517,0,5,-94.8,512,4145.0,-725.0,4207.927043093784,18,-69.9212158844689,5,9,3,-0.06808073424402421
2046,334601,415815.0,3388685.0,13,240,6,3,2585.0,9.2,499,0,5,419940,3387980,518,0,5,-89.5,512,4125.0,-705.0,4184.811823726367,19,-69.6986617377101,6,9,3,-0.08214812421642896
2047,334601,415815.0,3388685.0,13,240,6,3,2585.0,9.2,499,0,5,419970,3387950,517,0,6,-89.68,512,4155.0,-735.0,4219.5082651892035,18,-70.0315777323612,5,9,3,-0.06789387423213401
2048,334601,415815.0,3388685.0,13,240,6,3,2585.0,9.2,499,0,5,419980,3387940,517,0,6,-97.15,512,4165.0,-745.0,4231.105056601644,18,-70.14133501678731,5,9,3,-0.0677077880080616
2049,334601,415815.0,3388685.0,13,240,6,3,2585.0,9.2,499,0,5,419955,3387965,517,0,5,-95.5,512,4140.0,-720.0,4202.14231077435,18,-69.86580694308438,5,9,3,-0.06817445511855037
2050,334601,415815.0,3388685.0,13,240,6,3,2585.0,9.2,499,0,5,419950,3387970,518,0,5,-94.5,512,4135.0,-715.0,4196.3615192211455,19,-69.81024528996804,6,9,3,-0.08192202727007807
2051,334601,415815.0,3388685.0,13,240,6,3,2585.0,9.2,499,0,5,419975,3387945,517,0,6,-93.16,512,4160.0,-740.0,4225.304722738942,18,-70.08653168465378,5,9,3,-0.06780073453735289
2052,334601,415815.0,3388685.0,13,240,6,3,2585.0,9.2,499,0,5,419990,3387930,517,0,6,-95.67,512,4175.0,-755.0,4242.717289662369,18,-70.25049189293335,5,9,3,-0.06752247330719266
2053,334601,415815.0,3388685.0,13,240,6,3,2585.0,9.2,499,0,5,419985,3387935,517,0,6,-95.67,512,4170.0,-750.0,4236.90925085728,18,-70.1959882472868,5,9,3,-0.06761503436009877
2054,334601,415815.0,3388685.0,13,240,6,3,2585.0,9.2,499,0,5,415585,3388655,507,0,5,-98.0,512,-230.0,-30.0,231.94827009486403,8,-232.56859202882748,-5,9,3,1.234906971978456
2055,334601,415815.0,3388685.0,13,240,6,3,2585.0,9.2,499,0,5,415580,3388660,507,0,5,-101.5,512,-235.0,-25.0,236.32604596192948,8,-233.92754359279232,-5,9,3,1.212038066272389
2056,334601,415815.0,3388685.0,13,240,6,3,2585.0,9.2,499,0,5,415565,3388675,506,0,5,-115.0,512,-250.0,-10.0,250.19992006393608,7,-237.70938995736148,-6,9,3,1.3737366519566527
2057,334601,415815.0,3388685.0,13,240,6,3,2585.0,9.2,499,0,5,415555,3388685,506,0,5,-112.33,512,-260.0,0.0,260.0,7,120.0,-6,9,3,1.3219756595369827
2058,334601,415815.0,3388685.0,13,240,6,3,2585.0,9.2,499,0,5,415560,3388680,506,0,5,-134.5,512,-255.0,-5.0,255.04901489713697,7,-238.87669728592456,-6,9,3,1.3476283409876106
2059,334601,415815.0,3388685.0,13,240,6,3,2585.0,9.2,499,0,5,415610,3388595,508,0,5,-85.0,512,-205.0,-90.0,223.8861317723811,9,-216.29735404903377,-4,9,3,1.0235503899739768
2060,334601,415815.0,3388685.0,13,240,6,3,2585.0,9.2,499,0,5,415595,3388540,507,0,5,-107.0,512,-220.0,-145.0,263.48624252510797,8,-206.6114864238885,-5,9,3,1.087132729025895
2061,334601,415815.0,3388685.0,13,240,6,3,2585.0,9.2,499,0,5,415675,3388620,505,0,5,-86.0,512,-140.0,-65.0,154.35349040433132,6,-215.09523119190482,-7,9,3,2.596610149382541
2062,334601,415815.0,3388685.0,13,240,6,3,2585.0,9.2,499,0,5,415660,3388605,506,0,6,-87.1,512,-155.0,-80.0,174.42763542512407,7,-212.7004277886672,-6,9,3,1.97009598504156
2063,334601,415815.0,3388685.0,13,240,6,3,2585.0,9.2,499,0,5,415670,3388615,506,0,5,-87.71,512,-145.0,-70.0,161.01242188104618,7,-214.23067237566127,-6,9,3,2.134094259703338
2064,334601,415815.0,3388685.0,13,240,6,3,2585.0,9.2,499,0,5,415665,3388610,506,0,5,-88.95,512,-150.0,-75.0,167.70509831248424,7,-213.434948822922,-6,9,3,2.0490021823180093
2065,334601,415815.0,3388685.0,13,240,6,3,2585.0,9.2,499,0,5,415520,3388505,506,0,5,-104.0,512,-295.0,-180.0,345.5792239125495,7,-208.60973189581222,-6,9,3,0.9946782576999627
2066,334601,415815.0,3388685.0,13,240,6,3,2585.0,9.2,499,0,5,415635,3388580,508,0,5,-91.0,512,-180.0,-105.0,208.38665984174708,9,-209.74356283647072,-4,9,3,1.0996624104314638
2067,334601,415815.0,3388685.0,13,240,6,3,2585.0,9.2,499,0,5,419915,3388095,518,0,5,-109.33,512,4100.0,-590.0,4142.233696932128,19,-68.18878698318707,6,9,3,-0.08299252572468668
2068,334601,415815.0,3388685.0,13,240,6,3,2585.0,9.2,499,0,5,419910,3388100,518,0,5,-103.5,512,4095.0,-585.0,4136.574669941303,19,-68.13010235415598,6,9,3,-0.08310606320975675
2069,334601,415815.0,3388685.0,13,240,6,3,2585.0,9.2,499,0,5,419845,3388145,516,0,12,-108.0,512,4030.0,-540.0,4066.0177077823946,17,-67.63189074154235,4,9,3,-0.05636548106515848
2070,334601,415815.0,3388685.0,13,240,6,3,2585.0,9.2,499,0,5,419890,3388120,517,0,12,-116.0,512,4075.0,-565.0,4113.9822556739355,18,-67.89375121828144,5,9,3,-0.06963538943709698
2071,334601,415815.0,3388685.0,13,240,6,3,2585.0,9.2,499,0,5,419960,3388030,518,0,6,-93.9,512,4145.0,-655.0,4196.433009116195,19,-68.97972470449253,6,9,3,-0.0819206316588203
2072,334601,415815.0,3388685.0,13,240,6,3,2585.0,9.2,499,0,5,419965,3388025,518,0,6,-94.82,512,4150.0,-660.0,4202.154209450196,19,-69.03642245833544,6,9,3,-0.08180909750647797
2073,334601,415815.0,3388685.0,13,240,6,3,2585.0,9.2,499,0,5,419970,3388040,518,0,6,-94.81,512,4155.0,-645.0,4204.765153965201,19,-68.82386194304047,6,9,3,-0.08175829830211137
2074,334601,415815.0,3388685.0,13,240,6,3,2585.0,9.2,499,0,5,419975,3388035,518,0,6,-93.76,512,4160.0,-650.0,4210.475032582428,19,-68.88065915052024,6,9,3,-0.08164742498657591
2075,334601,415815.0,3388685.0,13,240,6,3,2585.0,9.2,499,0,5,419880,3388110,517,0,5,-114.2,512,4065.0,-575.0,4105.465868814403,18,-68.05115541202278,5,9,3,-0.06977984108977114
2076,334601,415815.0,3388685.0,13,240,6,3,2585.0,9.2,499,0,5,419980,3388010,518,0,6,-94.45,512,4165.0,-675.0,4219.342365819583,19,-69.20559239905626,6,9,3,-0.08147583569955007
2077,334601,415815.0,3388685.0,13,240,6,3,2585.0,9.2,499,0,5,419985,3388005,518,0,6,-93.45,512,4170.0,-680.0,4225.079880901661,19,-69.26167632955409,6,9,3,-0.08136519442875322
2078,334601,415815.0,3388685.0,13,240,6,3,2585.0,9.2,499,0,5,419955,3388055,518,0,6,-93.92,512,4140.0,-630.0,4187.660444687463,19,-68.65254179111471,6,9,3,-0.08209224371912466
2079,334601,415815.0,3388685.0,13,240,6,3,2585.0,9.2,499,0,5,419990,3388020,518,0,6,-97.41,512,4175.0,-665.0,4227.629359345495,19,-69.0501294666233,6,9,3,-0.08131612708793264
2080,334601,415815.0,3388685.0,13,240,6,3,2585.0,9.2,499,0,5,419895,3388115,517,24,12,-104.75,512,4080.0,-570.0,4119.623769229418,18,-67.95308197143842,5,9,3,-0.06954002912523463
2081,334601,415815.0,3388685.0,13,240,6,3,2585.0,9.2,499,0,5,419865,3388125,516,21,5,-112.33,512,4050.0,-560.0,4088.532744151623,17,-67.87246136025544,4,9,3,-0.056055083638130034
2082,334601,415815.0,3388685.0,13,240,6,3,2585.0,9.2,499,0,5,419950,3388060,518,0,5,-100.0,512,4135.0,-625.0,4181.9672404264475,19,-68.59512383359012,6,9,3,-0.08220400147425168
2083,334601,415815.0,3388685.0,13,240,6,3,2585.0,9.2,499,0,5,419995,3388015,518,0,6,-97.73,512,4180.0,-670.0,4233.355642985834,19,-69.10631417908417,6,9,3,-0.08120613430123848
2084,334601,415815.0,3388685.0,13,240,6,3,2585.0,9.2,499,0,5,415775,3388665,501,0,5,-91.5,512,-40.0,-20.0,44.721359549995796,2,-213.434948822922,-11,9,3,13.818582444029007
2085,334601,415815.0,3388685.0,13,240,6,3,2585.0,9.2,499,0,5,415835,3388685,500,0,5,-93.0,512,20.0,0.0,20.0,1,-60.0,-12,9,3,30.96375653207352
2086,334601,415815.0,3388685.0,13,240,6,3,2585.0,9.2,499,0,5,415865,3388575,502,0,5,-78.0,512,50.0,-110.0,120.83045973594572,3,-125.55604521958347,-10,9,3,4.731050624536694
2087,334601,415815.0,3388685.0,13,240,6,3,2585.0,9.2,499,0,5,415870,3388570,502,0,5,-82.33,512,55.0,-115.0,127.47548783981962,3,-124.4400348281762,-10,9,3,4.48546483215546
2088,334601,415815.0,3388685.0,13,240,6,3,2585.0,9.2,499,0,5,415820,3388700,499,0,5,-84.5,512,5.0,15.0,15.811388300841896,0,11.565051177077976,-13,9,3,39.42677558502606
2089,334601,415815.0,3388685.0,13,240,6,3,2585.0,9.2,499,0,5,415800,3388720,498,0,5,-96.17,512,-15.0,35.0,38.07886552931954,-1,53.198590513648185,-14,9,3,20.1863558536113
2090,334601,415815.0,3388685.0,13,240,6,3,2585.0,9.2,499,0,5,415805,3388715,498,0,5,-83.5,512,-10.0,30.0,31.622776601683793,-1,48.434948822922024,-14,9,3,23.879876253764905
2091,334601,415815.0,3388685.0,13,240,6,3,2585.0,9.2,499,0,5,415760,3388680,500,0,5,-75.14,512,-55.0,-5.0,55.226805085936306,1,-234.8055710922652,-12,9,3,12.259000914711846
2092,334601,415815.0,3388685.0,13,240,6,3,2585.0,9.2,499,0,5,415860,3388580,502,0,5,-94.0,512,45.0,-105.0,114.23659658795863,3,-126.80140948635182,-10,9,3,5.002783788791154
2093,334601,415815.0,3388685.0,13,240,6,3,2585.0,9.2,499,0,5,415875,3388565,502,0,5,-97.67,512,60.0,-120.0,134.16407864998737,3,-123.43494882292201,-10,9,3,4.262693045214654
2094,334601,415815.0,3388685.0,13,240,6,3,2585.0,9.2,499,0,5,415795,3388700,499,0,5,-90.0,512,-20.0,15.0,25.0,0,83.13010235415595,-13,9,3,27.474431626277134
2095,334601,415815.0,3388685.0,13,240,6,3,2585.0,9.2,499,0,5,415785,3388690,499,0,5,-87.5,512,-30.0,5.0,30.4138126514911,0,110.53767779197437,-13,9,3,23.14367366798228
2096,334601,415815.0,3388685.0,13,240,6,3,2585.0,9.2,499,0,5,415875,3388620,502,0,5,-90.0,512,60.0,-65.0,88.45903006477066,3,-107.29061004263855,-10,9,3,6.449716049614203
2097,334601,415815.0,3388685.0,13,240,6,3,2585.0,9.2,499,0,5,415890,3388595,502,0,14,-88.0,512,75.0,-90.0,117.15374513859982,3,-110.19442890773482,-10,9,3,4.878822503609098
2098,334601,415815.0,3388685.0,13,240,6,3,2585.0,9.2,499,0,5,415805,3388670,500,0,5,-89.25,512,-10.0,-15.0,18.027756377319946,1,-183.69006752597977,-12,9,3,33.64933349870999
2099,334601,415815.0,3388685.0,13,240,6,3,2585.0,9.2,499,0,5,415810,3388675,500,6,5,-88.8,512,-5.0,-10.0,11.180339887498949,1,-176.56505117707798,-12,9,3,47.02514314800429
2100,334601,415815.0,3388685.0,13,240,6,3,2585.0,9.2,499,0,5,415790,3388695,499,0,5,-88.67,512,-25.0,10.0,26.92582403567252,0,98.19859051364818,-13,9,3,25.771616453099305
2101,334601,415815.0,3388685.0,13,240,6,3,2585.0,9.2,499,0,5,415775,3388720,498,0,5,-80.71,512,-40.0,35.0,53.150729063673246,-1,78.81407483429035,-14,9,3,14.756634005810412
2102,334601,415815.0,3388685.0,13,240,6,3,2585.0,9.2,499,0,5,415765,3388710,499,0,5,-79.53,512,-50.0,25.0,55.90169943749474,0,93.43494882292202,-13,9,3,13.09150877343728
2103,334601,415815.0,3388685.0,13,240,6,3,2585.0,9.2,499,0,5,415760,3388705,499,0,5,-76.96,512,-55.0,20.0,58.52349955359813,0,100.01689347810003,-13,9,3,12.52393563665743
2104,334601,415815.0,3388685.0,13,240,6,3,2585.0,9.2,499,0,5,415770,3388715,499,0,5,-82.6,512,-45.0,30.0,54.08326913195984,0,86.30993247402023,-13,9,3,13.515781057664528
2105,334601,415815.0,3388685.0,13,240,6,3,2585.0,9.2,499,0,5,415815,3388680,500,0,5,-86.0,512,0.0,-5.0,5.0,1,-150.0,-12,9,3,67.38013505195957
2106,334601,415815.0,3388685.0,13,240,6,3,2585.0,9.2,499,0,5,415900,3388565,502,0,5,-111.0,512,85.0,-120.0,147.05441169852742,3,-114.68878656036681,-10,9,3,3.890240754690596
2107,334601,415815.0,3388685.0,13,240,6,3,2585.0,9.2,499,0,5,415845,3388810,494,0,6,-102.0,512,30.0,125.0,128.5496013218244,-5,16.504266719204168,-18,9,3,7.970946213592191
2108,334601,415815.0,3388685.0,13,240,6,3,2585.0,9.2,499,0,5,415840,3388805,495,0,5,-99.33,512,25.0,120.0,122.57650672131263,-4,18.231711067979347,-17,9,3,7.895920325637398
2109,334601,415815.0,3388685.0,13,240,6,3,2585.0,9.2,499,0,5,419965,3388285,517,0,6,-99.0,512,4150.0,-400.0,4169.232543286594,18,-65.50547785797835,5,9,3,-0.06871258852811137
2110,334601,415815.0,3388685.0,13,240,6,3,2585.0,9.2,499,0,5,419960,3388290,517,0,6,-90.5,512,4145.0,-395.0,4163.778332236239,18,-65.44359358843997,5,9,3,-0.06880259634545884
2111,334601,415815.0,3388685.0,13,240,6,3,2585.0,9.2,499,0,5,419900,3388230,518,0,5,-126.0,512,4085.0,-455.0,4110.261548855498,19,-66.35558556056182,6,9,3,-0.08363809183653713
2112,334601,415815.0,3388685.0,13,240,6,3,2585.0,9.2,499,0,5,419975,3388295,517,0,6,-91.56,512,4160.0,-390.0,4178.241256796931,18,-65.3558250428552,5,9,3,-0.0685644373336357
2113,334601,415815.0,3388685.0,13,240,6,3,2585.0,9.2,499,0,5,419980,3388310,517,0,6,-92.88,512,4165.0,-375.0,4181.84767776159,18,-65.14481144491569,5,9,3,-0.06850530749258897
2114,334601,415815.0,3388685.0,13,240,6,3,2585.0,9.2,499,0,5,419860,3388190,517,0,5,-117.0,512,4045.0,-495.0,4075.174842874843,18,-66.9767853218734,5,9,3,-0.07029851843357686
2115,334601,415815.0,3388685.0,13,240,6,3,2585.0,9.2,499,0,5,419985,3388305,517,0,7,-87.5,512,4170.0,-380.0,4187.278352342963,18,-65.20681718419323,5,9,3,-0.06841645988158397
2116,334601,415815.0,3388685.0,13,240,6,3,2585.0,9.2,499,0,5,419970,3388300,517,0,7,-95.14,512,4155.0,-385.0,4172.798820935416,18,-65.2938790652066,5,9,3,-0.0686538634506464
2117,334601,415815.0,3388685.0,13,240,6,3,2585.0,9.2,499,0,5,419980,3388520,511,0,6,-92.0,512,4165.0,-165.0,4168.267025995336,12,-62.26863448344645,-1,9,3,0.013745707282312693
2118,334601,415815.0,3388685.0,13,240,6,3,2585.0,9.2,499,0,5,419985,3388515,511,0,6,-88.64,512,4170.0,-170.0,4173.463789228319,12,-62.33450643666487,-1,9,3,0.013728591239838663
2119,334601,415815.0,3388685.0,13,240,6,3,2585.0,9.2,499,0,5,419990,3388510,511,0,6,-93.53,512,4175.0,-175.0,4178.666055094616,12,-62.40021446085663,-1,9,3,0.013711499713995434
2120,334601,415815.0,3388685.0,13,240,6,3,2585.0,9.2,499,0,5,419995,3388505,512,0,7,-95.0,512,4180.0,-180.0,4183.873803068157,13,-62.46575899499777,0,9,3,0.0
2121,334601,415815.0,3388685.0,13,240,6,3,2585.0,9.2,499,0,5,419975,3388485,511,0,6,-95.33,512,4160.0,-200.0,4164.8049174000935,12,-62.75248540026868,-1,9,3,0.013757133778978277
2122,334601,415815.0,3388685.0,13,240,6,3,2585.0,9.2,499,0,5,419980,3388320,517,0,6,-92.0,512,4165.0,-365.0,4180.962807775261,18,-65.00832373878538,5,9,3,-0.06851980612256997
2123,334601,415815.0,3388685.0,13,240,6,3,2585.0,9.2,499,0,5,419875,3388185,517,0,5,-115.0,512,4060.0,-500.0,4090.6723163802794,18,-67.0207791452012,5,9,3,-0.07003219342500071
2124,334601,415815.0,3388685.0,13,240,6,3,2585.0,9.2,499,0,5,419865,3388195,517,15,5,-115.0,512,4050.0,-490.0,4079.5342871460216,18,-66.89855199656063,5,9,3,-0.07022339658269457
2125,334601,415815.0,3388685.0,13,240,6,3,2585.0,9.2,499,0,5,419985,3388315,517,0,7,-92.5,512,4170.0,-370.0,4186.382686759537,18,-65.07051954313741,5,9,3,-0.06843109738961246
2126,334601,415815.0,3388685.0,13,240,6,3,2585.0,9.2,499,0,5,419975,3388285,517,0,6,-94.25,512,4160.0,-400.0,4179.186523714872,18,-65.49232455712743,5,9,3,-0.06854892914032175
2127,334601,415815.0,3388685.0,13,240,6,3,2585.0,9.2,499,0,5,419880,3388220,518,0,5,-119.5,512,4065.0,-465.0,4091.5095013943205,19,-66.5257644719511,6,9,3,-0.0840214181428207
2128,334601,415815.0,3388685.0,13,240,6,3,2585.0,9.2,499,0,5,419995,3388305,517,0,6,-102.5,512,4180.0,-380.0,4197.237186531159,18,-65.19442890773482,5,9,3,-0.06825412749385905
2129,334601,415815.0,3388685.0,13,240,6,3,2585.0,9.2,499,0,5,419965,3388295,517,0,6,-96.4,512,4150.0,-390.0,4168.285019045603,18,-65.3686553284166,5,9,3,-0.06872820808880534
2130,334601,415815.0,3388685.0,13,240,6,3,2585.0,9.2,499,0,5,419970,3388290,517,0,6,-91.86,512,4155.0,-395.0,4173.7333407873575,18,-65.43057069663806,5,9,3,-0.06863849152060726
2131,334601,415815.0,3388685.0,13,240,6,3,2585.0,9.2,499,0,5,419950,3388095,518,0,5,-107.67,512,4135.0,-590.0,4176.879816322227,19,-68.12040271322729,6,9,3,-0.08230412550510723
2132,334601,415815.0,3388685.0,13,240,6,3,2585.0,9.2,499,0,5,419945,3388090,518,0,5,-96.5,512,4130.0,-595.0,4172.640051574063,19,-68.1980688460163,6,9,3,-0.08238775353073811
2133,334601,415815.0,3388685.0,13,240,6,3,2585.0,9.2,499,0,5,419935,3388120,518,0,12,-106.71,512,4120.0,-565.0,4158.560448039682,19,-67.80860245961838,6,9,3,-0.08266669267643291
2134,334601,415815.0,3388685.0,13,240,6,3,2585.0,9.2,499,0,5,419930,3388115,518,0,12,-107.0,512,4115.0,-570.0,4154.28995136353,19,-67.88629199805189,6,9,3,-0.08275167166195181
2135,334601,415815.0,3388685.0,13,240,6,3,2585.0,9.2,499,0,5,419980,3388125,519,0,7,-97.14,512,4165.0,-560.0,4202.478435399758,20,-67.65770969371388,7,9,3,-0.09543656007610286
2136,334601,415815.0,3388685.0,13,240,6,3,2585.0,9.2,499,0,5,419960,3388145,519,0,6,-92.0,512,4145.0,-540.0,4180.026913788953,20,-67.4225436868567,7,9,3,-0.09594916251621782
2137,334601,415815.0,3388685.0,13,240,6,3,2585.0,9.2,499,0,5,419965,3388150,519,0,6,-88.16,512,4150.0,-535.0,4184.342839682236,20,-67.34580824062539,7,9,3,-0.09585019627043144
2138,334601,415815.0,3388685.0,13,240,6,3,2585.0,9.2,499,0,5,419970,3388155,519,0,6,-90.7,512,4155.0,-530.0,4188.66625550425,20,-67.26923106533195,7,9,3,-0.09575126275368467
2139,334601,415815.0,3388685.0,13,240,6,3,2585.0,9.2,499,0,5,419975,3388160,518,0,6,-93.63,512,4160.0,-525.0,4192.997138086312,19,-67.19281194455124,6,9,3,-0.08198775985655664
2140,334601,415815.0,3388685.0,13,240,6,3,2585.0,9.2,499,0,5,419955,3388100,519,0,6,-97.94,512,4140.0,-585.0,4181.127240350382,20,-68.04289423350531,7,9,3,-0.09592391209720638
2141,334601,415815.0,3388685.0,13,240,6,3,2585.0,9.2,499,0,5,419925,3388110,518,0,5,-104.14,512,4110.0,-575.0,4150.027108345197,19,-67.9641412828226,6,9,3,-0.08283667276803451
2142,334601,415815.0,3388685.0,13,240,6,3,2585.0,9.2,499,0,5,419995,3388140,518,0,7,-105.8,512,4180.0,-545.0,4215.37957958711,19,-67.42847799012097,6,9,3,-0.08155242924896072
2143,334601,415815.0,3388685.0,13,240,6,3,2585.0,9.2,499,0,5,419920,3388105,518,0,5,-105.4,512,4105.0,-580.0,4145.771942594045,19,-68.042150518818,6,9,3,-0.08292169511992416
2144,334601,415815.0,3388685.0,13,240,6,3,2585.0,9.2,499,0,5,419990,3388390,515,0,7,-94.67,512,4175.0,-295.0,4185.409179518772,16,-64.04172692426326,3,9,3,-0.0410682209862949
2145,334601,415815.0,3388685.0,13,240,6,3,2585.0,9.2,499,0,5,419975,3388365,515,0,6,-92.74,512,4160.0,-320.0,4172.289539329695,16,-64.39870535499554,3,9,3,-0.04119735873957163
2146,334601,415815.0,3388685.0,13,240,6,3,2585.0,9.2,499,0,5,419980,3388400,514,0,6,-93.35,512,4165.0,-285.0,4174.7395128319085,15,-63.91449754449877,2,9,3,-0.027448790495147552
2147,334601,415815.0,3388685.0,13,240,6,3,2585.0,9.2,499,0,5,419985,3388395,515,0,6,-94.32,512,4170.0,-290.0,4180.071769718793,16,-63.97819342286715,3,9,3,-0.041120659762950894
2148,334601,415815.0,3388685.0,13,240,6,3,2585.0,9.2,499,0,5,419970,3388370,515,0,6,-94.38,512,4155.0,-315.0,4166.923325428487,16,-64.33543008584022,3,9,3,-0.041250413174595116
2149,334601,415815.0,3388685.0,13,240,6,3,2585.0,9.2,499,0,5,419955,3388345,515,0,5,-111.0,512,4140.0,-340.0,4153.9378907248965,16,-64.69491427925101,3,9,3,-0.04137936415433959
2150,334601,415815.0,3388685.0,13,240,6,3,2585.0,9.2,499,0,5,419965,3388375,515,0,6,-95.8,512,4150.0,-310.0,4161.5622066719125,16,-64.27199171083555,3,9,3,-0.04130355386461413
2151,334601,415815.0,3388685.0,13,240,6,3,2585.0,9.2,499,0,5,419960,3388380,514,0,5,-93.5,512,4145.0,-305.0,4156.206202776758,15,-64.20838975464855,2,9,3,-0.027571189828026456
2152,334601,415815.0,3388685.0,13,240,6,3,2585.0,9.2,499,0,5,415815,3388810,495,0,6,-92.5,512,0.0,125.0,125.0,-4,30.0,-17,9,3,7.744710546422914
2153,334601,415815.0,3388685.0,13,240,6,3,2585.0,9.2,499,0,5,415645,3388585,507,0,6,-85.0,512,-170.0,-100.0,197.2308292331602,8,-209.53445508054014,-5,9,3,1.4521946266327093
2154,334601,415815.0,3388685.0,13,240,6,3,2585.0,9.2,499,0,5,415595,3388495,505,0,5,-99.5,512,-220.0,-190.0,290.68883707497264,6,-199.1849161251184,-7,9,3,1.3794577154094247
2155,334601,415815.0,3388685.0,13,240,6,3,2585.0,9.2,499,0,5,415655,3388595,507,0,6,-89.0,512,-160.0,-90.0,183.5755975068582,8,-210.64224645720873,-5,9,3,1.5601642728699976
2156,334601,415815.0,3388685.0,13,240,6,3,2585.0,9.2,499,0,5,415650,3388600,507,0,6,-85.93,512,-165.0,-85.0,185.60711193270586,8,-212.74467162505695,-5,9,3,1.5430962020111108
2157,334601,415815.0,3388685.0,13,240,6,3,2585.0,9.2,499,0,5,415640,3388590,507,0,6,-89.43,512,-175.0,-95.0,199.12307751739877,8,-211.50436138175502,-5,9,3,1.438400380124334
2158,334601,415815.0,3388685.0,13,240,6,3,2585.0,9.2,499,0,5,415670,3388580,506,0,6,-97.0,512,-145.0,-105.0,179.02513789968157,7,-204.09027692082233,-6,9,3,1.9195407605859123
2159,334601,415815.0,3388685.0,13,240,6,3,2585.0,9.2,499,0,5,419870,3388270,516,24,5,-111.0,512,4055.0,-415.0,4076.1808105136847,17,-65.84346484007747,4,9,3,-0.056224945639234886
2160,334601,415815.0,3388685.0,13,240,6,3,2585.0,9.2,499,0,5,419875,3388265,516,24,5,-111.11,512,4060.0,-420.0,4081.6663263917103,17,-65.9061411137705,4,9,3,-0.056149382717187925
2161,334601,415815.0,3388685.0,13,240,6,3,2585.0,9.2,499,0,5,419925,3388175,518,0,12,-106.0,512,4110.0,-510.0,4141.521459560484,19,-67.07353767496139,6,9,3,-0.08300679832867129
2162,334601,415815.0,3388685.0,13,240,6,3,2585.0,9.2,499,0,5,419955,3388185,518,0,6,-88.75,512,4140.0,-500.0,4170.083932009043,19,-66.88642733143197,6,9,3,-0.08243825435076822
2163,334601,415815.0,3388685.0,13,240,6,3,2585.0,9.2,499,0,5,419990,3388230,518,0,6,-95.5,512,4175.0,-455.0,4199.720228777151,19,-66.21966438330293,6,9,3,-0.08185651054365471
2164,334601,415815.0,3388685.0,13,240,6,3,2585.0,9.2,499,0,5,419970,3388210,518,0,6,-92.08,512,4155.0,-475.0,4182.062888097213,19,-66.52174628854792,6,9,3,-0.08220212139480537
2165,334601,415815.0,3388685.0,13,240,6,3,2585.0,9.2,499,0,5,419855,3388245,517,0,5,-118.25,512,4040.0,-440.0,4063.889762284405,18,-66.21563589970265,5,9,3,-0.07049373131897133
2166,334601,415815.0,3388685.0,13,240,6,3,2585.0,9.2,499,0,5,419975,3388205,518,0,6,-91.14,512,4160.0,-480.0,4187.600745056769,19,-66.581944655178,6,9,3,-0.08209341404796543
2167,334601,415815.0,3388685.0,13,240,6,3,2585.0,9.2,499,0,5,419950,3388190,518,0,5,-96.5,512,4135.0,-495.0,4164.522781784247,19,-66.82638133425505,6,9,3,-0.08254833920484271
2168,334601,415815.0,3388685.0,13,240,6,3,2585.0,9.2,499,0,5,419965,3388215,518,0,7,-92.33,512,4150.0,-470.0,4176.529659897078,19,-66.46138834888853,6,9,3,-0.0823110257981875
2169,334601,415815.0,3388685.0,13,240,6,3,2585.0,9.2,499,0,5,419930,3388170,518,0,5,-105.67,512,4115.0,-515.0,4147.101397361776,19,-67.13358458265176,6,9,3,-0.08289511257985575
2170,334601,415815.0,3388685.0,13,240,6,3,2585.0,9.2,499,0,5,415635,3388530,506,0,5,-104.93,512,-180.0,-155.0,237.53947040439405,7,-199.26789330029084,-6,9,3,1.4469241399222188
2171,334601,415815.0,3388685.0,13,240,6,3,2585.0,9.2,499,0,5,415630,3388525,506,0,5,-107.5,512,-185.0,-160.0,244.59149617270018,7,-199.1446237411043,-6,9,3,1.4052236127811337
2172,334601,415815.0,3388685.0,13,240,6,3,2585.0,9.2,499,0,5,415640,3388515,506,0,5,-102.6,512,-175.0,-170.0,243.97745797511703,7,-195.830315486258,-6,9,3,1.4087588315730601
2173,334601,415815.0,3388685.0,13,240,6,3,2585.0,9.2,499,0,5,419970,3387945,517,0,6,-89.06,512,4155.0,-740.0,4220.382091706863,18,-70.09841984222967,5,9,3,-0.0678798168764534
2174,334601,415815.0,3388685.0,13,240,6,3,2585.0,9.2,499,0,5,419940,3387975,518,0,5,-108.0,512,4125.0,-710.0,4185.657057141686,19,-69.76612651848083,6,9,3,-0.08213153560357342
2175,334601,415815.0,3388685.0,13,240,6,3,2585.0,9.2,499,0,5,419980,3387935,517,0,7,-96.57,512,4165.0,-750.0,4231.988303386483,18,-70.20797110169121,5,9,3,-0.06769365691267056
2176,334601,415815.0,3388685.0,13,240,6,3,2585.0,9.2,499,0,5,419960,3387955,517,0,5,-89.75,512,4145.0,-730.0,4208.7913942128325,18,-69.98826478621464,5,9,3,-0.06806675265217386
2177,334601,415815.0,3388685.0,13,240,6,3,2585.0,9.2,499,0,5,419950,3387965,517,0,5,-91.0,512,4135.0,-720.0,4197.216339432601,18,-69.87750174917048,5,9,3,-0.06825446650406523
2178,334601,415815.0,3388685.0,13,240,6,3,2585.0,9.2,499,0,5,419965,3387960,517,0,6,-91.83,512,4150.0,-725.0,4212.852359150508,18,-69.90949969987642,5,9,3,-0.06800113999531371
2179,334601,415815.0,3388685.0,13,240,6,3,2585.0,9.2,499,0,5,419975,3387950,517,0,6,-94.19,512,4160.0,-735.0,4224.431914470868,18,-70.01976501475056,5,9,3,-0.06781474280819798
2180,334601,415815.0,3388685.0,13,240,6,3,2585.0,9.2,499,0,5,419955,3387970,517,0,5,-94.5,512,4140.0,-715.0,4201.2884928316935,18,-69.79862697138256,5,9,3,-0.0681883100390475
2181,334601,415815.0,3388685.0,13,240,6,3,2585.0,9.2,499,0,5,419990,3387925,517,0,6,-120.0,512,4175.0,-760.0,4243.609901958473,18,-70.31692272098746,5,9,3,-0.0675082704620814
2182,334601,415815.0,3388685.0,13,240,6,3,2585.0,9.2,499,0,5,419985,3387940,517,0,6,-94.25,512,4170.0,-745.0,4236.027030130946,18,-70.12942708382306,5,9,3,-0.06762911626488845
2183,334601,415815.0,3388685.0,13,240,6,3,2585.0,9.2,499,0,5,419970,3387815,517,0,6,-92.5,512,4155.0,-870.0,4245.106005743555,18,-71.82609670378505,5,9,3,-0.06748447852722739
2184,334601,415815.0,3388685.0,13,240,6,3,2585.0,9.2,499,0,5,419975,3387820,517,0,7,-96.5,512,4160.0,-865.0,4248.979289194053,18,-71.74628700173818,5,9,3,-0.06742296110041927
2185,334601,415815.0,3388685.0,13,240,6,3,2585.0,9.2,499,0,5,419875,3388390,512,0,5,-115.5,512,4060.0,-295.0,4070.7032561954206,13,-64.15581372684068,0,9,3,0.0
2186,334601,415815.0,3388685.0,13,240,6,3,2585.0,9.2,499,0,5,419995,3388430,514,0,6,-93.75,512,4180.0,-255.0,4187.770886760641,15,-63.490990311336446,2,9,3,-0.02736337622392035
2187,334601,415815.0,3388685.0,13,240,6,3,2585.0,9.2,499,0,5,419960,3388415,513,0,5,-97.0,512,4145.0,-270.0,4153.784419056916,14,-63.72690861034209,1,9,3,-0.013793633136882429
2188,334601,415815.0,3388685.0,13,240,6,3,2585.0,9.2,499,0,5,419990,3388425,514,0,6,-93.1,512,4175.0,-260.0,4183.0879742123525,15,-63.56351843884519,2,9,3,-0.027394009162829424
2189,334601,415815.0,3388685.0,13,240,6,3,2585.0,9.2,499,0,5,419965,3388420,513,0,5,-97.75,512,4150.0,-265.0,4158.452236109007,14,-63.65368556412773,1,9,3,-0.013778149935482653
2190,334601,415815.0,3388685.0,13,240,6,3,2585.0,9.2,499,0,5,419870,3388385,512,0,5,-111.6,512,4055.0,-300.0,4066.0822667526045,13,-64.23119011364707,0,9,3,0.0
2191,334601,415815.0,3388685.0,13,240,6,3,2585.0,9.2,499,0,5,419980,3388435,513,0,6,-93.48,512,4165.0,-250.0,4172.49625524098,14,-63.43500107487881,1,9,3,-0.013731774676635656
2192,334601,415815.0,3388685.0,13,240,6,3,2585.0,9.2,499,0,5,419985,3388440,513,0,6,-94.55,512,4170.0,-245.0,4177.191041836607,14,-63.36243340684592,1,9,3,-0.013716341398967512
2193,334601,415815.0,3388685.0,13,240,6,3,2585.0,9.2,499,0,5,419970,3388405,514,0,6,-92.75,512,4155.0,-280.0,4164.423729641353,15,-63.85525859970926,2,9,3,-0.027516784471382415
2194,334601,415815.0,3388685.0,13,240,6,3,2585.0,9.2,499,0,5,419975,3388410,514,0,7,-92.56,512,4160.0,-275.0,4169.079634643598,15,-63.7820787900223,2,9,3,-0.02748605454391002
2195,334601,415815.0,3388685.0,13,240,6,3,2585.0,9.2,499,0,5,419855,3388110,516,0,12,-114.33,512,4040.0,-575.0,4080.71378560173,17,-68.10031768545801,4,9,3,-0.056162489380856245
2196,334601,415815.0,3388685.0,13,240,6,3,2585.0,9.2,499,0,5,419955,3388010,518,0,6,-95.33,512,4140.0,-675.0,4194.666256092372,19,-69.26022153117148,6,9,3,-0.08195513579275727
2197,334601,415815.0,3388685.0,13,240,6,3,2585.0,9.2,499,0,5,419875,3388090,517,0,5,-107.0,512,4060.0,-595.0,4103.367519489328,18,-68.33744443884672,5,9,3,-0.06981552454655647
2198,334601,415815.0,3388685.0,13,240,6,3,2585.0,9.2,499,0,5,419865,3388100,517,0,5,-117.0,512,4050.0,-585.0,4092.031891371327,18,-68.21920924889906,5,9,3,-0.07000892529647906
2199,334601,415815.0,3388685.0,13,240,6,3,2585.0,9.2,499,0,5,419860,3388095,517,0,5,-115.0,512,4045.0,-590.0,4087.8019766128596,18,-68.29858971691189,5,9,3,-0.07008136801577458
2200,334601,415815.0,3388685.0,13,240,6,3,2585.0,9.2,499,0,5,419950,3388005,518,0,5,-95.33,512,4135.0,-680.0,4190.539941344075,19,-69.33869478618283,6,9,3,-0.08203583475477731
2201,334601,415815.0,3388685.0,13,240,6,3,2585.0,9.2,499,0,5,419960,3388075,518,0,6,-96.94,512,4145.0,-610.0,4189.644973025757,19,-68.3718552634241,6,9,3,-0.08205335876293814
2202,334601,415815.0,3388685.0,13,240,6,3,2585.0,9.2,499,0,5,419980,3388055,518,0,7,-95.25,512,4165.0,-630.0,4212.377594660764,19,-68.60138485871491,6,9,3,-0.0816105481679789
2203,334601,415815.0,3388685.0,13,240,6,3,2585.0,9.2,499,0,5,419995,3388050,518,0,7,-93.57,512,4180.0,-635.0,4227.957544725349,19,-68.63797938718045,6,9,3,-0.08130981512099753
2204,334601,415815.0,3388685.0,13,240,6,3,2585.0,9.2,499,0,5,419965,3388080,518,0,7,-96.03,512,4150.0,-605.0,4193.867546787809,19,-68.2943285528257,6,9,3,-0.08197074387753181
2205,334601,415815.0,3388685.0,13,240,6,3,2585.0,9.2,499,0,5,419970,3388065,518,0,6,-93.88,512,4155.0,-620.0,4201.002856461776,19,-68.48693057061524,6,9,3,-0.08183151858640579
2206,334601,415815.0,3388685.0,13,240,6,3,2585.0,9.2,499,0,5,419975,3388070,518,0,6,-95.18,512,4160.0,-615.0,4205.214025468858,19,-68.40949775278574,6,9,3,-0.08174957129790571
2207,334601,415815.0,3388685.0,13,240,6,3,2585.0,9.2,499,0,5,419990,3388045,518,0,6,-93.93,512,4175.0,-640.0,4223.769051451559,19,-68.71522223522527,6,9,3,-0.08139044575009971
2208,334601,415815.0,3388685.0,13,240,6,3,2585.0,9.2,499,0,5,419985,3388060,518,0,6,-95.06,512,4170.0,-625.0,4216.577403534768,19,-68.52404666779034,6,9,3,-0.08152926227928023
2209,334601,415815.0,3388685.0,13,240,6,3,2585.0,9.2,499,0,5,419850,3388105,516,0,12,-115.0,512,4035.0,-580.0,4076.4721267291893,17,-68.17979512531545,4,9,3,-0.05622092764834537
2210,334601,415815.0,3388685.0,13,240,6,3,2585.0,9.2,499,0,5,415670,3388600,506,0,5,-90.43,512,-145.0,-85.0,168.0773631397161,7,-209.62087398863164,-6,9,3,2.0444678214240555
2211,334601,415815.0,3388685.0,13,240,6,3,2585.0,9.2,499,0,5,415660,3388590,506,0,6,-91.2,512,-155.0,-95.0,181.79658962697843,7,-208.49573328079583,-6,9,3,1.890299149419533
2212,334601,415815.0,3388685.0,13,240,6,3,2585.0,9.2,499,0,5,415665,3388585,506,0,6,-89.0,512,-150.0,-100.0,180.27756377319946,7,-206.30993247402023,-6,9,3,1.9062151828097713
2213,334601,415815.0,3388685.0,13,240,6,3,2585.0,9.2,499,0,5,415585,3388505,506,0,14,-113.33,512,-230.0,-180.0,292.0616373302047,7,-201.95295746817393,-6,9,3,1.1768965286159887
2214,334601,415815.0,3388685.0,13,240,6,3,2585.0,9.2,499,0,5,415655,3388575,507,0,7,-94.5,512,-160.0,-110.0,194.164878389476,8,-205.4914770123316,-5,9,3,1.4751153806836845
2215,334601,415815.0,3388685.0,13,240,6,3,2585.0,9.2,499,0,5,415675,3388595,506,0,5,-91.67,512,-140.0,-90.0,166.43316977093238,7,-207.2647737278924,-6,9,3,2.064647725673403
2216,334601,415815.0,3388685.0,13,240,6,3,2585.0,9.2,499,0,5,415805,3388660,501,0,5,-82.5,512,-10.0,-25.0,26.92582403567252,2,-171.80140948635182,-11,9,3,22.221475307820867
2217,334601,415815.0,3388685.0,13,240,6,3,2585.0,9.2,499,0,5,415800,3388655,501,0,5,-87.0,512,-15.0,-30.0,33.54101966249684,2,-176.56505117707798,-11,9,3,18.157247236492648
2218,334601,415815.0,3388685.0,13,240,6,3,2585.0,9.2,499,0,5,415775,3388690,500,0,5,-95.0,512,-40.0,5.0,40.311288741492746,1,112.8749836510982,-12,9,3,16.57739285099434
2219,334601,415815.0,3388685.0,13,240,6,3,2585.0,9.2,499,0,5,415820,3388675,500,0,5,-83.0,512,5.0,-10.0,11.180339887498949,1,-123.43494882292201,-12,9,3,47.02514314800429
2220,334601,415815.0,3388685.0,13,240,6,3,2585.0,9.2,499,0,5,415790,3388705,499,0,5,-96.0,512,-25.0,20.0,32.01562118716424,0,81.34019174590992,-13,9,3,22.099699398365313
2221,334601,415815.0,3388685.0,13,240,6,3,2585.0,9.2,499,0,5,415880,3388575,502,0,14,-89.5,512,65.0,-110.0,127.76932339180638,3,-119.42077312751098,-10,9,3,4.475191403524269
2222,334601,415815.0,3388685.0,13,240,6,3,2585.0,9.2,499,0,5,415785,3388720,498,0,5,-89.38,512,-30.0,35.0,46.09772228646444,-1,70.60129464500449,-14,9,3,16.89367442975787
2223,334601,415815.0,3388685.0,13,240,6,3,2585.0,9.2,499,0,5,415780,3388715,498,0,5,-86.89,512,-35.0,30.0,46.09772228646444,-1,79.39870535499551,-14,9,3,16.89367442975787
2224,334601,415815.0,3388685.0,13,240,6,3,2585.0,9.2,499,0,5,415765,3388700,499,0,5,-79.53,512,-50.0,15.0,52.20153254455275,0,103.30075576600643,-13,9,3,13.984184667520028
2225,334601,415815.0,3388685.0,13,240,6,3,2585.0,9.2,499,0,5,415770,3388685,500,0,5,-82.57,512,-45.0,0.0,45.0,1,120.0,-12,9,3,14.931417178137554
2226,334601,415815.0,3388685.0,13,240,6,3,2585.0,9.2,499,0,5,415795,3388710,498,0,5,-87.33,512,-20.0,25.0,32.01562118716424,-1,68.65980825409008,-14,9,3,23.619111123155417
2227,334601,415815.0,3388685.0,13,240,6,3,2585.0,9.2,499,0,5,415760,3388695,500,0,5,-77.0,512,-55.0,10.0,55.90169943749474,1,109.69515353123398,-12,9,3,12.115397353409604
2228,334601,415815.0,3388685.0,13,240,6,3,2585.0,9.2,499,0,5,415885,3388580,502,0,14,-103.5,512,70.0,-105.0,126.19429464123962,3,-116.30993247402021,-10,9,3,4.53081505282546
2229,334601,415815.0,3388685.0,13,240,6,3,2585.0,9.2,499,0,5,415865,3388645,502,0,5,-93.0,512,50.0,-40.0,64.03124237432849,3,-98.65980825409008,-10,9,3,8.876395080973342
2230,334601,415815.0,3388685.0,13,240,6,3,2585.0,9.2,499,0,5,415850,3388680,500,0,5,-91.0,512,35.0,-5.0,35.35533905932738,1,-68.13010235415598,-12,9,3,18.7477906121146
2231,334601,415815.0,3388685.0,13,240,6,3,2585.0,9.2,499,0,5,415890,3388720,498,0,5,-97.33,512,75.0,35.0,82.76472678623425,-1,-34.98310652189997,-14,9,3,9.600938379200581
2232,334601,415815.0,3388685.0,13,240,6,3,2585.0,9.2,499,0,5,415915,3388695,499,0,5,-89.83,512,100.0,10.0,100.4987562112089,0,-54.28940686250036,-13,9,3,7.3705582182679645
2233,334601,415815.0,3388685.0,13,240,6,3,2585.0,9.2,499,0,5,415910,3388700,499,0,5,-96.25,512,95.0,15.0,96.17692030835673,0,-51.0273733851036,-13,9,3,7.697876411015157
2234,334601,415815.0,3388685.0,13,240,6,3,2585.0,9.2,499,0,5,415910,3388710,498,0,5,-98.4,512,95.0,25.0,98.2344135219425,-1,-45.256437163529256,-14,9,3,8.110960218811913
2235,334601,415815.0,3388685.0,13,240,6,3,2585.0,9.2,499,0,5,415900,3388720,498,0,5,-95.67,512,85.0,35.0,91.92388155425118,-1,-37.61986494804043,-14,9,3,8.659598042093156
2236,334601,415815.0,3388685.0,13,240,6,3,2585.0,9.2,499,0,5,415915,3388705,498,0,5,-97.2,512,100.0,20.0,101.9803902718557,-1,-48.6900675259798,-14,9,3,7.816777766952081
2237,334601,415815.0,3388685.0,13,240,6,3,2585.0,9.2,499,0,5,419930,3388320,516,0,5,-115.5,512,4115.0,-365.0,4131.156012546609,17,-65.06886307870641,4,9,3,-0.05547673477730955
2238,334601,415815.0,3388685.0,13,240,6,3,2585.0,9.2,499,0,5,419990,3388260,517,0,6,-84.67,512,4175.0,-425.0,4196.575985252739,18,-65.81248238311272,5,9,3,-0.06826488142130112
2239,334601,415815.0,3388685.0,13,240,6,3,2585.0,9.2,499,0,5,419980,3388250,518,0,6,-93.0,512,4165.0,-435.0,4187.654474762692,19,-65.96245605625174,6,9,3,-0.08209236074975637
2240,334601,415815.0,3388685.0,13,240,6,3,2585.0,9.2,499,0,5,419965,3388265,517,0,6,-102.25,512,4150.0,-420.0,4171.198868430994,18,-65.77893253676316,5,9,3,-0.0686801970825424
2241,334601,415815.0,3388685.0,13,240,6,3,2585.0,9.2,499,0,5,419970,3388280,517,0,6,-95.62,512,4155.0,-405.0,4174.691605376378,18,-65.56720035264519,5,9,3,-0.06862273615969011
2242,334601,415815.0,3388685.0,13,240,6,3,2585.0,9.2,499,0,5,419975,3388275,517,0,6,-90.88,512,4160.0,-410.0,4180.155499499989,18,-65.62876156327212,5,9,3,-0.06853303925558449
2243,334601,415815.0,3388685.0,13,240,6,3,2585.0,9.2,499,0,5,419960,3388270,517,0,6,-97.0,512,4145.0,-415.0,4165.723226523817,18,-65.71743605870358,5,9,3,-0.06877047379655747
2244,334601,415815.0,3388685.0,13,240,6,3,2585.0,9.2,499,0,5,419785,3388275,515,0,6,-113.33,512,3970.0,-410.0,3991.115132390946,16,-65.89629309401306,3,9,3,-0.04306748877568882
2245,334601,415815.0,3388685.0,13,240,6,3,2585.0,9.2,499,0,5,419790,3388270,516,0,6,-115.33,512,3975.0,-415.0,3996.6048090848312,17,-65.96023083119348,4,9,3,-0.057344434207551885
2246,334601,415815.0,3388685.0,13,240,6,3,2585.0,9.2,499,0,5,415775,3388635,502,0,5,-96.0,512,-40.0,-50.0,64.03124237432849,3,-188.6598082540901,-10,9,3,8.876395080973342
2247,334601,415815.0,3388685.0,13,240,6,3,2585.0,9.2,499,0,5,415870,3388580,502,6,14,-86.67,512,55.0,-105.0,118.53269591129698,3,-122.35402463626133,-10,9,3,4.822333921303894
2248,334601,415815.0,3388685.0,13,240,6,3,2585.0,9.2,499,0,5,415865,3388565,502,0,5,-83.83,512,50.0,-120.0,130.0,3,-127.38013505195957,-10,9,3,4.398705354995532
2249,334601,415815.0,3388685.0,13,240,6,3,2585.0,9.2,499,0,5,415790,3388660,501,0,5,-94.0,512,-25.0,-25.0,35.35533905932738,2,-195.0,-11,9,3,17.28232754551572
2250,334601,415815.0,3388685.0,13,240,6,3,2585.0,9.2,499,0,5,415875,3388575,502,0,5,-94.2,512,60.0,-110.0,125.29964086141668,3,-121.38954033403479,-10,9,3,4.563029456305065
2251,334601,415815.0,3388685.0,13,240,6,3,2585.0,9.2,499,0,5,415535,3388540,506,0,5,-100.5,512,-280.0,-145.0,315.3173005085512,7,-212.6222972286683,-6,9,3,1.090118410877533
2252,334601,415815.0,3388685.0,13,240,6,3,2585.0,9.2,499,0,5,415540,3388545,506,0,14,-97.67,512,-275.0,-140.0,308.58548248418947,7,-213.01976928177714,-6,9,3,1.1138935071390066
2253,334601,415815.0,3388685.0,13,240,6,3,2585.0,9.2,499,0,5,415660,3388585,507,0,6,-87.67,512,-155.0,-100.0,184.45866745696716,8,-207.1714582085875,-5,9,3,1.552698870725967
2254,334601,415815.0,3388685.0,13,240,6,3,2585.0,9.2,499,0,5,415670,3388595,506,0,5,-89.67,512,-145.0,-90.0,170.66048165876012,7,-208.17255342332692,-6,9,3,2.013548406887003
2255,334601,415815.0,3388685.0,13,240,6,3,2585.0,9.2,499,0,5,415675,3388600,506,0,5,-88.0,512,-140.0,-85.0,163.783393541592,7,-208.73626830562256,-6,9,3,2.0980210988265084
2256,334601,415815.0,3388685.0,13,240,6,3,2585.0,9.2,499,0,5,415665,3388590,506,0,5,-94.3,512,-150.0,-95.0,177.55280904564702,7,-207.65255650055798,-6,9,3,1.9354461953391076
2257,334601,415815.0,3388685.0,13,240,6,3,2585.0,9.2,499,0,5,415745,3388655,501,0,5,-85.0,512,-70.0,-30.0,76.15773105863909,2,-216.80140948635182,-11,9,3,8.218795704314289
2258,334601,415815.0,3388685.0,13,240,6,3,2585.0,9.2,499,0,5,415805,3388755,497,0,5,-93.5,512,-10.0,70.0,70.71067811865476,-2,38.13010235415595,-15,9,3,11.976725812374069
2259,334601,415815.0,3388685.0,13,240,6,3,2585.0,9.2,499,0,5,415720,3388680,501,0,5,-83.0,512,-95.0,-5.0,95.13148795220224,2,-236.98721249581666,-11,9,3,6.595786981229663
2260,334601,415815.0,3388685.0,13,240,6,3,2585.0,9.2,499,0,5,415725,3388675,501,0,5,-81.5,512,-90.0,-10.0,90.55385138137417,2,-233.6598082540901,-11,9,3,6.926052265143598
2261,334601,415815.0,3388685.0,13,240,6,3,2585.0,9.2,499,0,5,415730,3388670,501,0,5,-84.0,512,-85.0,-15.0,86.31338250816034,2,-229.9920201985587,-11,9,3,7.262771024847368
2262,334601,415815.0,3388685.0,13,240,6,3,2585.0,9.2,499,0,5,415815,3388745,497,0,5,-84.5,512,0.0,60.0,60.0,-2,30.0,-15,9,3,14.036243467926479
2263,334601,415815.0,3388685.0,13,240,6,3,2585.0,9.2,499,0,5,415740,3388660,501,0,5,-81.29,512,-75.0,-25.0,79.05694150420949,2,-221.565051177078,-11,9,3,7.921289740005819
2264,334601,415815.0,3388685.0,13,240,6,3,2585.0,9.2,499,0,5,415735,3388665,501,0,5,-84.36,512,-80.0,-20.0,82.46211251235322,2,-225.96375653207352,-11,9,3,7.5980919959588045
2265,334601,415815.0,3388685.0,13,240,6,3,2585.0,9.2,499,0,5,416065,3388575,502,0,6,-96.0,512,250.0,-110.0,273.1300056749533,3,-83.74949449286675,-10,9,3,2.096810953136293
2266,334601,415815.0,3388685.0,13,240,6,3,2585.0,9.2,499,0,5,416060,3388580,502,0,6,-100.0,512,245.0,-105.0,266.5520587052368,3,-83.19859051364818,-10,9,3,2.1485079489282706
2267,334601,415815.0,3388685.0,13,240,6,3,2585.0,9.2,499,0,5,416070,3388570,502,0,6,-93.0,512,255.0,-115.0,279.7320146139873,3,-84.27444113443946,-10,9,3,2.0473663388858254
2268,334601,415815.0,3388685.0,13,240,6,3,2585.0,9.2,499,0,5,416020,3388620,500,0,12,-101.67,512,205.0,-65.0,215.05813167606567,1,-77.5924245621816,-12,9,3,3.193727733648796
2269,334601,415815.0,3388685.0,13,240,6,3,2585.0,9.2,499,0,5,416010,3388630,500,0,12,-98.5,512,195.0,-55.0,202.6079958935481,1,-75.75117366345302,-12,9,3,3.389535954044872
2270,334601,415815.0,3388685.0,13,240,6,3,2585.0,9.2,499,0,5,416050,3388590,501,0,5,-100.5,512,235.0,-95.0,253.4758371127315,2,-82.01128319791937,-11,9,3,2.4848852763153055
2271,334601,415815.0,3388685.0,13,240,6,3,2585.0,9.2,499,0,5,416045,3388595,501,0,5,-94.0,512,230.0,-90.0,246.9817807045694,2,-81.37062226934319,-11,9,3,2.5501368687013013
2272,334601,415815.0,3388685.0,13,240,6,3,2585.0,9.2,499,0,5,416055,3388585,501,0,5,-90.5,512,240.0,-100.0,260.0,2,-82.61986494804043,-11,9,3,2.4226074581237693
2273,334601,415815.0,3388685.0,13,240,6,3,2585.0,9.2,499,0,5,419990,3388530,511,0,6,-87.58,512,4175.0,-155.0,4177.876254749534,12,-62.126172209858055,-1,9,3,0.013714091783777254
2274,334601,415815.0,3388685.0,13,240,6,3,2585.0,9.2,499,0,5,419975,3388545,510,0,5,-94.67,512,4160.0,-140.0,4162.355102583152,11,-61.92749588667189,-2,9,3,0.02753045989184755
2275,334601,415815.0,3388685.0,13,240,6,3,2585.0,9.2,499,0,5,419980,3388540,511,0,6,-91.6,512,4165.0,-145.0,4167.523245286102,12,-61.99388572755228,-1,9,3,0.013748160487950004
2276,334601,415815.0,3388685.0,13,240,6,3,2585.0,9.2,499,0,5,419985,3388535,511,0,7,-90.55,512,4170.0,-150.0,4172.696969586936,12,-62.060111023723124,-1,9,3,0.013731114153216968
2277,334601,415815.0,3388685.0,13,240,6,3,2585.0,9.2,499,0,5,419995,3388525,511,0,6,-89.88,512,4180.0,-160.0,4183.061080118243,12,-62.192069720224424,-1,9,3,0.013697093426135164
2278,334601,415815.0,3388685.0,13,240,6,3,2585.0,9.2,499,0,5,415870,3388630,502,6,14,-91.0,512,55.0,-55.0,77.78174593052023,3,-105.0,-10,9,3,7.326036953152303
2279,334601,415815.0,3388685.0,13,240,6,3,2585.0,9.2,499,0,5,415875,3388625,502,0,5,-80.0,512,60.0,-60.0,84.8528137423857,3,-105.0,-10,9,3,6.721369339369456
2280,334601,415815.0,3388685.0,13,240,6,3,2585.0,9.2,499,0,5,415800,3388660,501,0,5,-86.14,512,-15.0,-25.0,29.154759474226502,2,-180.96375653207352,-11,9,3,20.671335055030994
2281,334601,415815.0,3388685.0,13,240,6,3,2585.0,9.2,499,0,5,415820,3388680,500,0,5,-84.0,512,5.0,-5.0,7.0710678118654755,1,-105.0,-12,9,3,59.491041133797204
2282,334601,415815.0,3388685.0,13,240,6,3,2585.0,9.2,499,0,5,415725,3388735,499,6,5,-84.5,512,-90.0,50.0,102.95630140987001,0,90.94539590092285,-13,9,3,7.1964912355119
2283,334601,415815.0,3388685.0,13,240,6,3,2585.0,9.2,499,0,5,415775,3388685,500,0,5,-86.25,512,-40.0,0.0,40.0,1,120.0,-12,9,3,16.69924423399362
2284,334601,415815.0,3388685.0,13,240,6,3,2585.0,9.2,499,0,5,415770,3388690,500,0,5,-83.3,512,-45.0,5.0,45.27692569068709,1,113.65980825409008,-12,9,3,14.844136280042358
2285,334601,415815.0,3388685.0,13,240,6,3,2585.0,9.2,499,0,5,415760,3388700,500,0,5,-79.5,512,-55.0,15.0,57.0087712549569,1,104.74488129694225,-12,9,3,11.886880915494428
2286,334601,415815.0,3388685.0,13,240,6,3,2585.0,9.2,499,0,5,415765,3388695,500,0,5,-77.14,512,-50.0,10.0,50.99019513592785,1,108.69006752597977,-12,9,3,13.242976219823511
2287,334601,415815.0,3388685.0,13,240,6,3,2585.0,9.2,499,0,5,415785,3388715,498,0,5,-91.4,512,-30.0,30.0,42.42640687119285,-1,75.0,-14,9,3,18.26202006677648
2288,334601,415815.0,3388685.0,13,240,6,3,2585.0,9.2,499,0,5,415790,3388710,498,0,5,-90.0,512,-25.0,25.0,35.35533905932738,-1,75.0,-14,9,3,21.60256511465476
2289,334601,415815.0,3388685.0,13,240,6,3,2585.0,9.2,499,0,5,415885,3388575,502,0,14,-105.33,512,70.0,-110.0,130.38404810405297,3,-117.52880770915151,-10,9,3,4.385799530775009
2290,334601,415815.0,3388685.0,13,240,6,3,2585.0,9.2,499,0,5,415890,3388570,502,0,14,-100.0,512,75.0,-115.0,137.2953021774598,3,-116.88865803962798,-10,9,3,4.165822216233385
2291,334601,415815.0,3388685.0,13,240,6,3,2585.0,9.2,499,0,5,415895,3388565,502,0,5,-105.0,512,80.0,-120.0,144.22205101855957,3,-116.30993247402021,-10,9,3,3.966399237097971
2292,334601,415815.0,3388685.0,13,240,6,3,2585.0,9.2,499,0,5,415880,3388580,502,0,14,-93.5,512,65.0,-105.0,123.4908903522847,3,-118.2405199151872,-10,9,3,4.629574951783187
2293,334601,415815.0,3388685.0,13,240,6,3,2585.0,9.2,499,0,5,415780,3388720,498,0,5,-90.4,512,-35.0,35.0,49.49747468305833,-1,75.0,-14,9,3,15.793169048263962
2294,334601,415815.0,3388685.0,13,240,6,3,2585.0,9.2,499,0,5,419975,3388520,511,0,6,-98.5,512,4160.0,-165.0,4163.270949626027,12,-62.2713583534196,-1,9,3,0.013762202629726713
2295,334601,415815.0,3388685.0,13,240,6,3,2585.0,9.2,499,0,5,419980,3388485,512,0,7,-94.27,512,4165.0,-200.0,4169.799155834727,13,-62.749186168450365,0,9,3,0.0
2296,334601,415815.0,3388685.0,13,240,6,3,2585.0,9.2,499,0,5,419985,3388490,512,0,6,-94.95,512,4170.0,-195.0,4174.556862710101,13,-62.67734862374212,0,9,3,0.0
2297,334601,415815.0,3388685.0,13,240,6,3,2585.0,9.2,499,0,5,419935,3388560,510,0,5,-104.0,512,4120.0,-125.0,4121.895801691256,11,-61.73780973569282,-2,9,3,0.027800690640044298
2298,334601,415815.0,3388685.0,13,240,6,3,2585.0,9.2,499,0,5,419995,3388500,512,0,7,-92.87,512,4180.0,-185.0,4184.091896696343,13,-62.53416421289049,0,9,3,0.0
2299,334601,415815.0,3388685.0,13,240,6,3,2585.0,9.2,499,0,5,419990,3388495,512,0,6,-94.59,512,4175.0,-190.0,4179.3211171193825,13,-62.6056747502756,0,9,3,0.0
2300,334601,415815.0,3388685.0,13,240,6,3,2585.0,9.2,499,0,5,419960,3388450,512,0,5,-100.5,512,4145.0,-235.0,4151.656295985977,13,-63.24489978603867,0,9,3,0.0
2301,334601,415815.0,3388685.0,13,240,6,3,2585.0,9.2,499,0,5,419965,3388445,512,0,5,-101.5,512,4150.0,-240.0,4156.933966278511,13,-63.30980431000859,0,9,3,0.0
2302,334601,415815.0,3388685.0,13,240,6,3,2585.0,9.2,499,0,5,419955,3388435,512,21,5,-104.0,512,4140.0,-250.0,4147.541440419855,13,-63.45569371809185,0,9,3,0.0
2303,334601,415815.0,3388685.0,13,240,6,3,2585.0,9.2,499,0,5,419950,3388440,512,21,6,-104.5,512,4135.0,-245.0,4142.251803065574,13,-63.39082801928123,0,9,3,0.0
2304,334601,415815.0,3388685.0,13,240,6,3,2585.0,9.2,499,0,5,419980,3388470,512,0,7,-95.5,512,4165.0,-215.0,4170.545527865629,13,-62.95502240263292,0,9,3,0.0
2305,334601,415815.0,3388685.0,13,240,6,3,2585.0,9.2,499,0,5,419985,3388465,512,0,6,-93.23,512,4170.0,-220.0,4175.799324680246,13,-63.01999905600343,0,9,3,0.0
2306,334601,415815.0,3388685.0,13,240,6,3,2585.0,9.2,499,0,5,419995,3388475,512,0,6,-94.14,512,4180.0,-210.0,4185.271795236243,13,-62.876078004640675,0,9,3,0.0
2307,334601,415815.0,3388685.0,13,240,6,3,2585.0,9.2,499,0,5,419975,3388455,512,0,6,-93.4,512,4160.0,-230.0,4166.353321551114,13,-63.16457362188555,0,9,3,0.0
2308,334601,415815.0,3388685.0,13,240,6,3,2585.0,9.2,499,0,5,419990,3388480,512,0,6,-94.13,512,4175.0,-205.0,4180.029904199251,13,-62.811068002367364,0,9,3,0.0
2309,334601,415815.0,3388685.0,13,240,6,3,2585.0,9.2,499,0,5,419970,3388460,512,0,6,-96.0,512,4155.0,-225.0,4161.087598212755,13,-63.09963212053131,0,9,3,0.0
2310,334601,415815.0,3388685.0,13,240,6,3,2585.0,9.2,499,0,5,419955,3388365,515,0,5,-98.5,512,4140.0,-320.0,4152.3487329462105,16,-64.41987113885472,3,9,3,-0.041395200568806065
2311,334601,415815.0,3388685.0,13,240,6,3,2585.0,9.2,499,0,5,419905,3388415,512,0,12,-117.5,512,4090.0,-270.0,4098.9022920777215,13,-63.77688186352418,0,9,3,0.0
2312,334601,415815.0,3388685.0,13,240,6,3,2585.0,9.2,499,0,5,419965,3388355,515,0,6,-92.5,512,4150.0,-330.0,4163.099806634475,16,-64.54648338271801,3,9,3,-0.041288298808565625
2313,334601,415815.0,3388685.0,13,240,6,3,2585.0,9.2,499,0,5,419970,3388350,516,0,6,-91.91,512,4155.0,-335.0,4168.482937472577,17,-64.60954443832611,4,9,3,-0.054979965408617375
2314,334601,415815.0,3388685.0,13,240,6,3,2585.0,9.2,499,0,5,419980,3388340,516,0,6,-94.42,512,4165.0,-345.0,4179.264289321746,17,-64.7351788120377,4,9,3,-0.054838132313549975
2315,334601,415815.0,3388685.0,13,240,6,3,2585.0,9.2,499,0,5,419975,3388345,516,0,6,-94.7,512,4160.0,-340.0,4173.871104861769,17,-64.67244275538945,4,9,3,-0.05490899027121348
2316,334601,415815.0,3388685.0,13,240,6,3,2585.0,9.2,499,0,5,419985,3388335,516,0,7,-94.0,512,4170.0,-350.0,4184.662471454538,17,-64.79775308549316,4,9,3,-0.05476739159129672
2317,334601,415815.0,3388685.0,13,240,6,3,2585.0,9.2,499,0,5,419980,3388530,511,0,6,-83.75,512,4165.0,-155.0,4167.88315575185,12,-62.13127236307841,-1,9,3,0.013746973288964433
2318,334601,415815.0,3388685.0,13,240,6,3,2585.0,9.2,499,0,5,419985,3388525,511,0,6,-91.25,512,4170.0,-160.0,4173.06841544684,12,-62.19732133552239,-1,9,3,0.013729891943370145
2319,334601,415815.0,3388685.0,13,240,6,3,2585.0,9.2,499,0,5,419995,3388535,511,0,6,-89.15,512,4180.0,-150.0,4182.690521661864,12,-62.055186759892734,-1,9,3,0.013698306897124033
2320,334601,415815.0,3388685.0,13,240,6,3,2585.0,9.2,499,0,5,419990,3388540,511,0,6,-87.54,512,4175.0,-145.0,4177.517205230877,12,-61.98911379433602,-1,9,3,0.013715270483378906
2321,334601,415815.0,3388685.0,13,240,6,3,2585.0,9.2,499,0,5,419970,3388560,510,0,5,-105.0,512,4155.0,-125.0,4156.879839495003,11,-61.72318000893702,-2,9,3,0.0275667218222903
2322,334601,415815.0,3388685.0,13,240,6,3,2585.0,9.2,499,0,5,415550,3388680,505,0,5,-122.5,512,-265.0,-5.0,265.04716561397146,6,-238.91907581333933,-7,9,3,1.5128524185436045
2323,334601,415815.0,3388685.0,13,240,6,3,2585.0,9.2,499,0,5,419945,3387885,518,0,5,-106.5,512,4130.0,-800.0,4206.76835587604,19,-70.96268957693445,6,9,3,-0.08171936624230512
2324,334601,415815.0,3388685.0,13,240,6,3,2585.0,9.2,499,0,5,419950,3387900,518,0,5,-103.0,512,4135.0,-785.0,4208.853763199667,19,-70.74927405560689,6,9,3,-0.08167887589897457
2325,334601,415815.0,3388685.0,13,240,6,3,2585.0,9.2,499,0,5,419960,3387870,518,0,5,-92.67,512,4145.0,-815.0,4224.363857434631,19,-71.12373514593293,6,9,3,-0.0813789856911138
2326,334601,415815.0,3388685.0,13,240,6,3,2585.0,9.2,499,0,5,419955,3387895,518,0,5,-107.33,512,4140.0,-790.0,4214.7004638526805,19,-70.80337526292189,6,9,3,-0.08156556979442489
2327,334601,415815.0,3388685.0,13,240,6,3,2585.0,9.2,499,0,5,419990,3387860,517,0,6,-103.0,512,4175.0,-825.0,4255.731429495992,18,-71.17791478250604,5,9,3,-0.06731598797930154
2328,334601,415815.0,3388685.0,13,240,6,3,2585.0,9.2,499,0,5,419970,3387880,518,0,6,-95.14,512,4155.0,-805.0,4232.2629880478835,19,-70.9647813508561,6,9,3,-0.08122709948346235
2329,334601,415815.0,3388685.0,13,240,6,3,2585.0,9.2,499,0,5,419975,3387875,518,0,6,-93.11,512,4160.0,-810.0,4238.124585238145,19,-71.01828595327385,6,9,3,-0.08111475736328418
2330,334601,415815.0,3388685.0,13,240,6,3,2585.0,9.2,499,0,5,419965,3387865,518,0,6,-99.33,512,4150.0,-820.0,4230.236400013598,19,-71.17711912934877,6,9,3,-0.08126601306454528
2331,334601,415815.0,3388685.0,13,240,6,3,2585.0,9.2,499,0,5,419935,3387915,518,0,5,-98.33,512,4120.0,-770.0,4191.336302421938,19,-70.58606549280526,6,9,3,-0.08202024782693039
2332,334601,415815.0,3388685.0,13,240,6,3,2585.0,9.2,499,0,5,419970,3388110,519,0,6,-96.59,512,4155.0,-575.0,4194.597716110568,20,-67.87897613566435,7,9,3,-0.09561586388440986
2333,334601,415815.0,3388685.0,13,240,6,3,2585.0,9.2,499,0,5,419995,3388085,518,0,7,-96.73,512,4180.0,-600.0,4222.842644475401,19,-68.16847862404549,6,9,3,-0.0814083011573729
2334,334601,415815.0,3388685.0,13,240,6,3,2585.0,9.2,499,0,5,419975,3388105,519,0,6,-100.22,512,4160.0,-580.0,4200.238088489747,20,-67.93718800062294,7,9,3,-0.09548746447775086
2335,334601,415815.0,3388685.0,13,240,6,3,2585.0,9.2,499,0,5,419960,3388120,519,0,6,-95.14,512,4145.0,-565.0,4183.330013278895,20,-67.76208178633954,7,9,3,-0.09587340252670327
2336,334601,415815.0,3388685.0,13,240,6,3,2585.0,9.2,499,0,5,419965,3388115,519,0,7,-94.97,512,4150.0,-570.0,4188.961685191212,20,-67.82060756822383,7,9,3,-0.0957445098361255
2337,334601,415815.0,3388685.0,13,240,6,3,2585.0,9.2,499,0,5,419985,3388095,519,0,6,-95.5,512,4170.0,-590.0,4211.531787841569,20,-68.05314366368378,7,9,3,-0.09523140450213834
2338,334601,415815.0,3388685.0,13,240,6,3,2585.0,9.2,499,0,5,419950,3388130,519,0,5,-103.0,512,4135.0,-555.0,4172.079817069659,20,-67.64455652414784,7,9,3,-0.09613192887698203
2339,334601,415815.0,3388685.0,13,240,6,3,2585.0,9.2,499,0,5,419980,3388100,519,0,7,-97.89,512,4165.0,-585.0,4205.882784862174,20,-67.99524367361022,7,9,3,-0.09535931141788204
2340,334601,415815.0,3388685.0,13,240,6,3,2585.0,9.2,499,0,5,419990,3388090,519,0,6,-91.78,512,4175.0,-595.0,4217.185080121573,20,-68.11088847844661,7,9,3,-0.09510374352351829
2341,334601,415815.0,3388685.0,13,240,6,3,2585.0,9.2,499,0,5,419955,3388125,519,0,6,-90.0,512,4140.0,-560.0,4177.702718001845,20,-67.70339827660038,7,9,3,-0.09600254214542439
2342,334601,415815.0,3388685.0,13,240,6,3,2585.0,9.2,499,0,5,419820,3388570,510,0,5,-113.0,512,4005.0,-115.0,4006.6507209887914,11,-61.64474523309508,-2,9,3,0.028600334166454508
2343,334601,415815.0,3388685.0,13,240,6,3,2585.0,9.2,499,0,5,415780,3388830,496,0,5,-102.5,512,-35.0,145.0,149.164338901763,-3,43.57043438516149,-16,9,3,6.122379481801948
2344,334601,415815.0,3388685.0,13,240,6,3,2585.0,9.2,499,0,5,419875,3388395,512,0,5,-114.0,512,4060.0,-290.0,4070.343965809278,13,-64.08561677997488,0,9,3,0.0
2345,334601,415815.0,3388685.0,13,240,6,3,2585.0,9.2,499,0,5,419995,3388435,514,0,6,-93.0,512,4180.0,-250.0,4187.469402873291,15,-63.42270387304532,2,9,3,-0.027365346295815034
2346,334601,415815.0,3388685.0,13,240,6,3,2585.0,9.2,499,0,5,419960,3388410,513,0,5,-102.33,512,4145.0,-275.0,4154.1124202409355,14,-63.79572550601037,1,9,3,-0.013792544016664115
2347,334601,415815.0,3388685.0,13,240,6,3,2585.0,9.2,499,0,5,419985,3388425,514,0,6,-94.68,512,4170.0,-260.0,4178.097653238851,15,-63.567780212697045,2,9,3,-0.02742672856982962
2348,334601,415815.0,3388685.0,13,240,6,3,2585.0,9.2,499,0,5,419980,3388430,513,0,6,-94.54,512,4165.0,-255.0,4172.798820935416,14,-63.50353164478446,1,9,3,-0.013730778998684216
2349,334601,415815.0,3388685.0,13,240,6,3,2585.0,9.2,499,0,5,419970,3388420,513,0,6,-100.0,512,4155.0,-265.0,4163.442085582553,14,-63.64930071893019,1,9,3,-0.013761636942112486
2350,334601,415815.0,3388685.0,13,240,6,3,2585.0,9.2,499,0,5,419975,3388415,514,0,7,-94.58,512,4160.0,-270.0,4168.7528110935045,15,-63.71350790794395,2,9,3,-0.02748820940627601
2351,334601,415815.0,3388685.0,13,240,6,3,2585.0,9.2,499,0,5,419990,3388440,513,0,6,-92.6,512,4175.0,-245.0,4182.1824446095125,14,-63.358415763242135,1,9,3,-0.01369997105100001
2352,334601,415815.0,3388685.0,13,240,6,3,2585.0,9.2,499,0,5,415910,3388705,498,0,5,-98.0,512,95.0,20.0,97.082439194738,-1,-48.111341960372016,-14,9,3,8.205901184395936
2353,334601,415815.0,3388685.0,13,240,6,3,2585.0,9.2,499,0,5,415905,3388720,498,0,5,-97.14,512,90.0,35.0,96.56603957913983,-1,-38.749494492866745,-14,9,3,8.249180982862105
2354,334601,415815.0,3388685.0,13,240,6,3,2585.0,9.2,499,0,5,415915,3388710,498,0,5,-98.0,512,100.0,25.0,103.07764064044152,-1,-45.96375653207352,-14,9,3,7.734581540658527
2355,334601,415815.0,3388685.0,13,240,6,3,2585.0,9.2,499,0,5,419960,3387975,517,0,5,-89.67,512,4145.0,-710.0,4205.368592644407,18,-69.71990509518966,5,9,3,-0.06812215297277131
2356,334601,415815.0,3388685.0,13,240,6,3,2585.0,9.2,499,0,5,419955,3387950,517,0,5,-97.0,512,4140.0,-735.0,4204.738398521364,18,-70.0671818670773,5,9,3,-0.06813236291591561
2357,334601,415815.0,3388685.0,13,240,6,3,2585.0,9.2,499,0,5,419930,3387925,518,0,15,-102.8,512,4115.0,-760.0,4184.593767619504,19,-70.46405202967154,6,9,3,-0.08215240488896185
2358,334601,415815.0,3388685.0,13,240,6,3,2585.0,9.2,499,0,5,419995,3387990,518,0,6,-95.71,512,4180.0,-695.0,4237.3842167072835,19,-69.44009300273433,6,9,3,-0.08112892995901876
2359,334601,415815.0,3388685.0,13,240,6,3,2585.0,9.2,499,0,5,419945,3387960,518,0,5,-94.75,512,4130.0,-725.0,4193.152155598458,19,-69.95652957463568,6,9,3,-0.0819847288381869
2360,334601,415815.0,3388685.0,13,240,6,3,2585.0,9.2,499,0,5,419970,3387965,517,0,6,-90.68,512,4155.0,-720.0,4216.9212703108415,18,-69.83088646621789,5,9,3,-0.06793552569515218
2361,334601,415815.0,3388685.0,13,240,6,3,2585.0,9.2,499,0,5,419990,3387985,517,0,6,-98.57,512,4175.0,-700.0,4233.275918245821,18,-69.51794916094877,5,9,3,-0.06767306688283775
2362,334601,415815.0,3388685.0,13,240,6,3,2585.0,9.2,499,0,5,419985,3388000,518,0,6,-97.06,512,4170.0,-685.0,4225.887480754782,19,-69.32858400427446,6,9,3,-0.08134964493032226
2363,334601,415815.0,3388685.0,13,240,6,3,2585.0,9.2,499,0,5,419965,3387980,517,0,6,-90.83,512,4150.0,-705.0,4209.456615764082,18,-69.64133597276629,5,9,3,-0.06805599605522358
2364,334601,415815.0,3388685.0,13,240,6,3,2585.0,9.2,499,0,5,419975,3387970,517,0,6,-91.23,512,4160.0,-715.0,4220.998104714097,18,-69.75242494165377,5,9,3,-0.06786991049650039
2365,334601,415815.0,3388685.0,13,240,6,3,2585.0,9.2,499,0,5,419940,3387955,518,0,5,-100.0,512,4125.0,-730.0,4189.095964525043,19,-70.0357105920985,6,9,3,-0.08206411237905231
2366,334601,415815.0,3388685.0,13,240,6,3,2585.0,9.2,499,0,5,419980,3387995,518,0,6,-92.38,512,4165.0,-690.0,4221.76799457289,19,-69.40654362409595,6,9,3,-0.0814290235905399
2367,334601,415815.0,3388685.0,13,240,6,3,2585.0,9.2,499,0,5,419930,3388130,518,0,5,-104.5,512,4115.0,-555.0,4152.25842163033,19,-67.68126857598247,6,9,3,-0.08279215860433979
2368,334601,415815.0,3388685.0,13,240,6,3,2585.0,9.2,499,0,5,419960,3388100,519,0,6,-95.29,512,4145.0,-585.0,4186.078116805753,20,-68.03331903486878,7,9,3,-0.095810463055211
2369,334601,415815.0,3388685.0,13,240,6,3,2585.0,9.2,499,0,5,419990,3388110,519,0,6,-103.0,512,4175.0,-575.0,4214.409804468474,20,-67.84170321510305,7,9,3,-0.09516637118216721
2370,334601,415815.0,3388685.0,13,240,6,3,2585.0,9.2,499,0,5,419965,3388095,519,0,7,-96.63,512,4150.0,-590.0,4191.729953133909,20,-68.09144124024411,7,9,3,-0.09568127914920034
2371,334601,415815.0,3388685.0,13,240,6,3,2585.0,9.2,499,0,5,419975,3388085,518,0,6,-100.07,512,4160.0,-600.0,4203.046514137097,19,-68.20721641191815,6,9,3,-0.08179172949931784
2372,334601,415815.0,3388685.0,13,240,6,3,2585.0,9.2,499,0,5,419970,3388090,519,0,6,-98.15,512,4155.0,-595.0,4197.386091366864,20,-68.1494068613477,7,9,3,-0.0955523452066768
2373,334601,415815.0,3388685.0,13,240,6,3,2585.0,9.2,499,0,5,419950,3388150,518,0,5,-94.5,512,4135.0,-535.0,4169.466392717418,19,-67.37216305431494,6,9,3,-0.08245046425633476
2374,334601,415815.0,3388685.0,13,240,6,3,2585.0,9.2,499,0,5,419980,3388120,519,0,7,-103.0,512,4165.0,-565.0,4203.147630050603,20,-67.72526004396892,7,9,3,-0.09542136538797448
2375,334601,415815.0,3388685.0,13,240,6,3,2585.0,9.2,499,0,5,419985,3388115,519,0,6,-99.0,512,4170.0,-570.0,4208.776544317838,20,-67.78355952646541,7,9,3,-0.09529374690117802
2376,334601,415815.0,3388685.0,13,240,6,3,2585.0,9.2,499,0,5,419995,3388105,519,0,7,-100.73,512,4180.0,-580.0,4220.047393098803,20,-67.89969161426524,7,9,3,-0.09503923804421478
2377,334601,415815.0,3388685.0,13,240,6,3,2585.0,9.2,499,0,5,415840,3388810,494,0,5,-99.0,512,25.0,125.0,127.47548783981962,-5,18.69006752597977,-18,9,3,8.037235702371657
2378,334601,415815.0,3388685.0,13,240,6,3,2585.0,9.2,499,0,5,415845,3388805,494,0,5,-96.0,512,30.0,120.0,123.69316876852982,-5,15.963756532073546,-18,9,3,8.279642510622892
2379,334601,415815.0,3388685.0,13,240,6,3,2585.0,9.2,499,0,5,419960,3388175,518,0,6,-89.5,512,4145.0,-510.0,4176.257295713472,19,-67.01440687334988,6,9,3,-0.08231639389284924
2380,334601,415815.0,3388685.0,13,240,6,3,2585.0,9.2,499,0,5,419965,3388180,518,0,7,-89.75,512,4150.0,-505.0,4180.612993330045,19,-66.93802589139835,6,9,3,-0.08223063019536071
2381,334601,415815.0,3388685.0,13,240,6,3,2585.0,9.2,499,0,5,419880,3388255,517,24,5,-111.67,512,4065.0,-430.0,4087.679659660233,18,-66.03835266317486,5,9,3,-0.07008346508098887
2382,334601,415815.0,3388685.0,13,240,6,3,2585.0,9.2,499,0,5,419970,3388165,518,0,6,-89.41,512,4155.0,-520.0,4187.41268565686,19,-67.13350209817523,6,9,3,-0.08209710091100249
2383,334601,415815.0,3388685.0,13,240,6,3,2585.0,9.2,499,0,5,419980,3388195,518,0,6,-98.33,512,4165.0,-490.0,4193.724478312804,19,-66.70983680775694,6,9,3,-0.08197354029712949
2384,334601,415815.0,3388685.0,13,240,6,3,2585.0,9.2,499,0,5,419975,3388170,518,0,6,-96.0,512,4160.0,-515.0,4191.756791608979,19,-67.05720069243498,6,9,3,-0.08201202011193309
2385,334601,415815.0,3388685.0,13,240,6,3,2585.0,9.2,499,0,5,419930,3388100,518,0,5,-105.0,512,4115.0,-585.0,4156.374622191796,19,-68.09111237751847,6,9,3,-0.08271016679969448
2386,334601,415815.0,3388685.0,13,240,6,3,2585.0,9.2,499,0,5,419925,3388085,518,0,12,-113.5,512,4110.0,-600.0,4153.564734056759,19,-68.30567620555601,6,9,3,-0.08276612018143262
2387,334601,415815.0,3388685.0,13,240,6,3,2585.0,9.2,499,0,5,419955,3388115,519,0,6,-85.67,512,4140.0,-570.0,4179.054917083527,20,-67.83926333180543,7,9,3,-0.09597147906799372
2388,334601,415815.0,3388685.0,13,240,6,3,2585.0,9.2,499,0,5,419950,3388120,519,0,5,-95.5,512,4135.0,-565.0,4173.421857421078,20,-67.78062379054074,7,9,3,-0.09610101594988854
2389,334601,415815.0,3388685.0,13,240,6,3,2585.0,9.2,499,0,5,419965,3388125,519,0,7,-94.8,512,4150.0,-560.0,4187.6126850509945,20,-67.68505796848731,7,9,3,-0.09577535297429186
2390,334601,415815.0,3388685.0,13,240,6,3,2585.0,9.2,499,0,5,419975,3388135,519,0,6,-98.79,512,4160.0,-550.0,4196.200662504119,20,-67.53148269235032,7,9,3,-0.09557933874366685
2391,334601,415815.0,3388685.0,13,240,6,3,2585.0,9.2,499,0,5,419960,3388130,519,0,6,-91.05,512,4145.0,-555.0,4181.991152549225,20,-67.6263310051325,7,9,3,-0.09590409625350997
2392,334601,415815.0,3388685.0,13,240,6,3,2585.0,9.2,499,0,5,419995,3388155,518,0,7,-91.33,512,4180.0,-530.0,4213.4665063341845,19,-67.22621573647584,6,9,3,-0.08158945708815425
2393,334601,415815.0,3388685.0,13,240,6,3,2585.0,9.2,499,0,5,419945,3388105,518,0,5,-101.33,512,4130.0,-580.0,4170.527544567953,19,-67.9941004201674,6,9,3,-0.08242948553336814
2394,334601,415815.0,3388685.0,13,240,6,3,2585.0,9.2,499,0,5,419970,3388140,519,0,6,-93.83,512,4155.0,-545.0,4190.590650493078,20,-67.47267035669256,7,9,3,-0.09570729212454311
2395,334601,415815.0,3388685.0,13,240,6,3,2585.0,9.2,499,0,5,419940,3388110,518,0,5,-99.09,512,4125.0,-575.0,4164.882951536573,19,-67.93555037008883,6,9,3,-0.08254120061917423
2396,334601,415815.0,3388685.0,13,240,6,3,2585.0,9.2,499,0,5,419920,3388090,518,0,12,-104.5,512,4105.0,-595.0,4147.897057546149,19,-68.24731142252725,6,9,3,-0.08287921145028813
2397,334601,415815.0,3388685.0,13,240,6,3,2585.0,9.2,499,0,5,419940,3388060,518,0,14,-102.67,512,4125.0,-625.0,4172.079817069659,19,-68.61564818416412,6,9,3,-0.08239881669363414
2398,334601,415815.0,3388685.0,13,240,6,3,2585.0,9.2,499,0,5,419935,3388065,518,24,14,-105.5,512,4120.0,-620.0,4166.3893241030655,19,-68.55796512345822,6,9,3,-0.08251135760196975
2399,334601,415815.0,3388685.0,13,240,6,3,2585.0,9.2,499,0,5,419880,3388120,516,0,12,-115.2,512,4065.0,-565.0,4104.077240988527,17,-67.9129243540817,4,9,3,-0.05584277098749455
2400,334601,415815.0,3388685.0,13,240,6,3,2585.0,9.2,499,0,5,419895,3388105,517,0,5,-112.33,512,4080.0,-580.0,4121.019291388964,18,-68.09077787198962,5,9,3,-0.06951648044722472
2401,334601,415815.0,3388685.0,13,240,6,3,2585.0,9.2,499,0,5,419870,3388130,516,21,5,-112.0,512,4055.0,-555.0,4092.8046618425365,17,-67.79353806648419,4,9,3,-0.055996575458365616
2402,334601,415815.0,3388685.0,13,240,6,3,2585.0,9.2,499,0,5,419960,3388040,518,0,6,-92.17,512,4145.0,-645.0,4194.883788616796,19,-68.84481371112659,6,9,3,-0.08195088588163664
2403,334601,415815.0,3388685.0,13,240,6,3,2585.0,9.2,499,0,5,419985,3388015,518,0,6,-94.25,512,4170.0,-670.0,4223.481975810954,19,-69.12778467349222,6,9,3,-0.08139597795860702
2404,334601,415815.0,3388685.0,13,240,6,3,2585.0,9.2,499,0,5,419990,3388010,518,0,6,-93.46,512,4175.0,-675.0,4229.213874941772,19,-69.18391925084435,6,9,3,-0.08128566126083345
2405,334601,415815.0,3388685.0,13,240,6,3,2585.0,9.2,499,0,5,419965,3388035,518,0,6,-93.84,512,4150.0,-650.0,4200.5951959216445,19,-68.90171603289198,6,9,3,-0.08183946018376018
2406,334601,415815.0,3388685.0,13,240,6,3,2585.0,9.2,499,0,5,419970,3388030,518,0,6,-93.02,512,4155.0,-655.0,4206.310735074146,19,-68.95846377264053,6,9,3,-0.0817282567959378
2407,334601,415815.0,3388685.0,13,240,6,3,2585.0,9.2,499,0,5,419980,3388020,518,0,6,-93.6,512,4165.0,-665.0,4217.754141720448,19,-69.07149757717715,6,9,3,-0.08150651593999614
2408,334601,415815.0,3388685.0,13,240,6,3,2585.0,9.2,499,0,5,419885,3388115,517,0,12,-109.83,512,4070.0,-570.0,4109.720185122096,18,-67.97237176978373,5,9,3,-0.06970760619069549
2409,334601,415815.0,3388685.0,13,240,6,3,2585.0,9.2,499,0,5,419975,3388025,518,0,6,-93.45,512,4160.0,-660.0,4212.030389254094,19,-69.01505744854654,6,9,3,-0.08161727546636384
2410,334601,415815.0,3388685.0,13,240,6,3,2585.0,9.2,499,0,5,419955,3388045,518,0,6,-94.43,512,4140.0,-640.0,4189.176530059339,19,-68.78775628756281,6,9,3,-0.08206253413808515
2411,334601,415815.0,3388685.0,13,240,6,3,2585.0,9.2,499,0,5,419875,3388125,516,0,5,-116.75,512,4060.0,-560.0,4098.438727125245,17,-67.85331330197823,4,9,3,-0.05591959781339771
2412,334601,415815.0,3388685.0,13,240,6,3,2585.0,9.2,499,0,5,419890,3388110,517,0,5,-111.14,512,4075.0,-575.0,4115.367541301749,18,-68.03165609448374,5,9,3,-0.0696119492927451
2413,334601,415815.0,3388685.0,13,240,6,3,2585.0,9.2,499,0,5,419995,3388005,518,0,6,-99.82,512,4180.0,-680.0,4234.949822607111,19,-69.23990182097913,6,9,3,-0.08117556558222667
2414,334601,415815.0,3388685.0,13,240,6,3,2585.0,9.2,499,0,5,415780,3388675,500,0,5,-91.0,512,-35.0,-10.0,36.40054944640259,1,-224.05460409907712,-12,9,3,18.245597361708544
2415,334601,415815.0,3388685.0,13,240,6,3,2585.0,9.2,499,0,5,415810,3388685,499,0,5,-86.5,512,-5.0,0.0,5.0,0,120.0,-13,9,3,68.96248897457819
2416,334601,415815.0,3388685.0,13,240,6,3,2585.0,9.2,499,0,5,415795,3388670,500,0,5,-94.33,512,-20.0,-15.0,25.0,1,-203.13010235415598,-12,9,3,25.641005824305285
2417,334601,415815.0,3388685.0,13,240,6,3,2585.0,9.2,499,0,5,415790,3388665,500,0,5,-89.63,512,-25.0,-20.0,32.01562118716424,1,-201.34019174590992,-12,9,3,20.546853659313655
2418,334601,415815.0,3388685.0,13,240,6,3,2585.0,9.2,499,0,5,415890,3388605,502,0,5,-100.0,512,75.0,-80.0,109.65856099730654,3,-106.8476102659946,-10,9,3,5.210513682296117
2419,334601,415815.0,3388685.0,13,240,6,3,2585.0,9.2,499,0,5,415785,3388680,500,0,5,-91.5,512,-30.0,-5.0,30.4138126514911,1,-230.53767779197437,-12,9,3,21.53208853492323
2420,334601,415815.0,3388685.0,13,240,6,3,2585.0,9.2,499,0,5,415835,3388710,498,0,5,-111.33,512,20.0,25.0,32.01562118716424,-1,-8.65980825409008,-14,9,3,23.619111123155417
2421,334601,415815.0,3388685.0,13,240,6,3,2585.0,9.2,499,0,5,419980,3387840,517,0,7,-96.5,512,4165.0,-845.0,4249.8529386321125,18,-71.46857289792032,5,9,3,-0.06740910086135525
2422,334601,415815.0,3388685.0,13,240,6,3,2585.0,9.2,499,0,5,419990,3388210,518,0,6,-86.5,512,4175.0,-475.0,4201.934078492903,19,-66.49077163447566,6,9,3,-0.08181338331632995
2423,334601,415815.0,3388685.0,13,240,6,3,2585.0,9.2,499,0,5,419980,3388220,518,0,6,-95.67,512,4165.0,-465.0,4190.876996524713,19,-66.3703871473374,6,9,3,-0.08202923695547666
2424,334601,415815.0,3388685.0,13,240,6,3,2585.0,9.2,499,0,5,419960,3388240,518,0,6,-112.0,512,4145.0,-445.0,4168.818777543586,19,-66.1277050609502,6,9,3,-0.08246327270420893
2425,334601,415815.0,3388685.0,13,240,6,3,2585.0,9.2,499,0,5,419860,3388260,516,24,14,-117.0,512,4045.0,-425.0,4067.2656662676955,17,-65.99794570806372,4,9,3,-0.056348186464613065
2426,334601,415815.0,3388685.0,13,240,6,3,2585.0,9.2,499,0,5,419870,3388250,517,0,14,-117.0,512,4055.0,-435.0,4078.265562711678,18,-66.12298701517574,5,9,3,-0.07024524264653532
2427,334601,415815.0,3388685.0,13,240,6,3,2585.0,9.2,499,0,5,419865,3388255,517,24,14,-113.92,512,4050.0,-430.0,4072.76318977669,18,-66.06055079085687,5,9,3,-0.07034014507907059
2428,334601,415815.0,3388685.0,13,240,6,3,2585.0,9.2,499,0,5,419940,3388180,518,0,12,-107.5,512,4125.0,-505.0,4155.797155781307,19,-66.97966100460948,6,9,3,-0.08272165972751908
2429,334601,415815.0,3388685.0,13,240,6,3,2585.0,9.2,499,0,5,419965,3388235,518,0,7,-93.0,512,4150.0,-450.0,4174.32629294836,19,-66.1886159632416,6,9,3,-0.08235447260404377
2430,334601,415815.0,3388685.0,13,240,6,3,2585.0,9.2,499,0,5,419955,3388165,518,0,6,-91.0,512,4140.0,-520.0,4172.529209005013,19,-67.1590804230768,6,9,3,-0.08238994214517642
2431,334601,415815.0,3388685.0,13,240,6,3,2585.0,9.2,499,0,5,419975,3388225,518,0,6,-95.33,512,4160.0,-460.0,4185.35542098876,19,-66.30995650886788,6,9,3,-0.08213745476789773
2432,334601,415815.0,3388685.0,13,240,6,3,2585.0,9.2,499,0,5,419970,3388230,518,0,6,-96.38,512,4155.0,-455.0,4179.838513627052,19,-66.24936627982675,6,9,3,-0.082245866637239
2433,334601,415815.0,3388685.0,13,240,6,3,2585.0,9.2,499,0,5,419930,3388190,518,24,5,-108.1,512,4115.0,-495.0,4144.665245831079,19,-66.85924402721551,6,9,3,-0.082943836604925
2434,334601,415815.0,3388685.0,13,240,6,3,2585.0,9.2,499,0,5,419925,3388195,518,24,5,-105.33,512,4110.0,-490.0,4139.1061837068155,19,-66.79879278069097,6,9,3,-0.08305523488140157
2435,334601,415815.0,3388685.0,13,240,6,3,2585.0,9.2,499,0,5,420030,3388070,519,0,14,-104.5,512,4215.0,-615.0,4259.63026564513,20,-68.30130437306101,7,9,3,-0.09415608175899673
2436,334601,415815.0,3388685.0,13,240,6,3,2585.0,9.2,499,0,5,420115,3388145,517,0,12,-100.22,512,4300.0,-540.0,4333.774336533917,18,-67.1578130136158,5,9,3,-0.06610375811235755
2437,334601,415815.0,3388685.0,13,240,6,3,2585.0,9.2,499,0,5,420110,3388150,517,0,5,-97.24,512,4295.0,-535.0,4328.192463373134,18,-67.10038712867654,5,9,3,-0.06618900904985411
2438,334601,415815.0,3388685.0,13,240,6,3,2585.0,9.2,499,0,5,420020,3388080,519,0,5,-97.67,512,4205.0,-605.0,4248.299659863932,20,-68.18732182199753,7,9,3,-0.09440720423182813
2439,334601,415815.0,3388685.0,13,240,6,3,2585.0,9.2,499,0,5,420105,3388155,517,0,5,-97.89,512,4290.0,-530.0,4322.6149493101975,18,-67.04281299136929,5,9,3,-0.06627441332574643
2440,334601,415815.0,3388685.0,13,240,6,3,2585.0,9.2,499,0,5,420025,3388075,519,0,5,-98.33,512,4210.0,-610.0,4253.962858323988,20,-68.24438899682494,7,9,3,-0.09428152241803187
2441,334601,415815.0,3388685.0,13,240,6,3,2585.0,9.2,499,0,5,420005,3388055,519,0,7,-93.81,512,4190.0,-630.0,4237.098063533578,20,-68.55082481539995,7,9,3,-0.09465678766250521
2442,334601,415815.0,3388685.0,13,240,6,3,2585.0,9.2,499,0,5,420010,3388050,519,0,7,-91.25,512,4195.0,-635.0,4242.787998474588,20,-68.60755613146557,7,9,3,-0.0945298451931456
2443,334601,415815.0,3388685.0,13,240,6,3,2585.0,9.2,499,0,5,420100,3388160,517,0,5,-92.56,512,4285.0,-525.0,4317.041811240656,18,-66.98509014357415,5,9,3,-0.06635997101594153
2444,334601,415815.0,3388685.0,13,240,6,3,2585.0,9.2,499,0,5,420035,3388065,519,15,14,-104.0,512,4220.0,-620.0,4265.301865050116,20,-68.3580684437,7,9,3,-0.09403088203464639
2445,334601,415815.0,3388685.0,13,240,6,3,2585.0,9.2,499,0,5,420015,3388045,519,0,7,-96.0,512,4200.0,-640.0,4248.482081873478,20,-68.66413543310807,7,9,3,-0.09440315056738745
2446,334601,415815.0,3388685.0,13,240,6,3,2585.0,9.2,499,0,5,420000,3388060,518,0,6,-96.43,512,4185.0,-625.0,4231.41229378561,19,-68.49394098313758,6,9,3,-0.08124342957140022
2447,334601,415815.0,3388685.0,13,240,6,3,2585.0,9.2,499,0,5,420095,3388125,518,0,5,-94.0,512,4280.0,-560.0,4316.480047446067,19,-67.45429881274848,6,9,3,-0.07964231315582161
2448,334601,415815.0,3388685.0,13,240,6,3,2585.0,9.2,499,0,5,420015,3388135,518,0,7,-103.0,512,4200.0,-550.0,4235.858826731599,19,-67.46056612616835,6,9,3,-0.08115814554340356
2449,334601,415815.0,3388685.0,13,240,6,3,2585.0,9.2,499,0,5,420040,3388090,518,15,14,-104.33,512,4225.0,-595.0,4266.690755140335,19,-68.01615663858942,6,9,3,-0.08057168194293714
2450,334601,415815.0,3388685.0,13,240,6,3,2585.0,9.2,499,0,5,420060,3388110,518,18,5,-95.0,512,4245.0,-575.0,4283.7658666178295,19,-67.7139633693989,6,9,3,-0.08025052324962023
2451,334601,415815.0,3388685.0,13,240,6,3,2585.0,9.2,499,0,5,420035,3388155,518,0,14,-90.0,512,4220.0,-530.0,4253.151772509417,19,-67.15843470586645,6,9,3,-0.08082816400981772
2452,334601,415815.0,3388685.0,13,240,6,3,2585.0,9.2,499,0,5,420030,3388160,518,0,5,-90.42,512,4215.0,-525.0,4247.569893480271,19,-67.09991964463163,6,9,3,-0.08093438296446508
2453,334601,415815.0,3388685.0,13,240,6,3,2585.0,9.2,499,0,5,420000,3388130,519,0,6,-102.33,512,4185.0,-555.0,4221.640676324786,20,-67.554284760911,7,9,3,-0.09500336949030504
2454,334601,415815.0,3388685.0,13,240,6,3,2585.0,9.2,499,0,5,420025,3388145,518,0,5,-97.89,512,4210.0,-540.0,4244.490546579177,19,-67.30919267966138,6,9,3,-0.08099310019018369
2455,334601,415815.0,3388685.0,13,240,6,3,2585.0,9.2,499,0,5,420005,3388125,518,0,5,-103.5,512,4190.0,-560.0,4227.256793713862,19,-67.6125566959781,6,9,3,-0.08132329380503596
2456,334601,415815.0,3388685.0,13,240,6,3,2585.0,9.2,499,0,5,420045,3388255,517,12,5,-88.0,512,4230.0,-430.0,4251.799618984884,18,-65.80445461604188,5,9,3,-0.06737823772974141
2457,334601,415815.0,3388685.0,13,240,6,3,2585.0,9.2,499,0,5,420040,3388260,518,0,5,-92.46,512,4225.0,-425.0,4246.321937865757,19,-65.74415832376715,6,9,3,-0.08095816881600648
2458,334601,415815.0,3388685.0,13,240,6,3,2585.0,9.2,499,0,5,420090,3388210,517,0,6,-100.0,512,4275.0,-475.0,4301.307940615273,18,-66.34019174590992,5,9,3,-0.06660271073005472
2459,334601,415815.0,3388685.0,13,240,6,3,2585.0,9.2,499,0,5,420025,3388315,518,0,5,-101.5,512,4210.0,-370.0,4226.2276322981,19,-65.0225911810536,6,9,3,-0.08134309744341539
2460,334601,415815.0,3388685.0,13,240,6,3,2585.0,9.2,499,0,5,420060,3388280,518,0,5,-80.25,512,4245.0,-405.0,4264.27602296099,19,-65.44988610453927,6,9,3,-0.08061730722032787
2461,334601,415815.0,3388685.0,13,240,6,3,2585.0,9.2,499,0,5,420010,3388290,518,0,5,-100.5,512,4195.0,-395.0,4213.555505745711,19,-65.37909451082612,6,9,3,-0.08158773374456908
2462,334601,415815.0,3388685.0,13,240,6,3,2585.0,9.2,499,0,5,420030,3388310,518,6,5,-95.0,512,4215.0,-375.0,4231.648614901762,19,-65.08410340959443,6,9,3,-0.08123889244793599
2463,334601,415815.0,3388685.0,13,240,6,3,2585.0,9.2,499,0,5,420125,3388175,517,0,12,-96.91,512,4310.0,-510.0,4340.06912387349,18,-66.7483990441695,5,9,3,-0.06600788205155339
2464,334601,415815.0,3388685.0,13,240,6,3,2585.0,9.2,499,0,5,420135,3388165,517,21,5,-96.5,512,4320.0,-520.0,4351.183746981964,18,-66.86369191462705,5,9,3,-0.06583927228299673
2465,334601,415815.0,3388685.0,13,240,6,3,2585.0,9.2,499,0,5,420035,3388305,518,6,14,-93.7,512,4220.0,-380.0,4237.074462409175,19,-65.14545816793881,6,9,3,-0.08113486093837378
2466,334601,415815.0,3388685.0,13,240,6,3,2585.0,9.2,499,0,5,420005,3388295,518,0,6,-88.2,512,4190.0,-390.0,4208.111215260357,19,-65.31769846692131,6,9,3,-0.08169328863563692
2467,334601,415815.0,3388685.0,13,240,6,3,2585.0,9.2,499,0,5,420015,3388285,518,0,5,-93.0,512,4200.0,-400.0,4219.004621945797,19,-65.44033203100551,6,9,3,-0.08148235807383822
2468,334601,415815.0,3388685.0,13,240,6,3,2585.0,9.2,499,0,5,420070,3388270,518,18,5,-87.33,512,4255.0,-415.0,4275.190054254898,19,-65.57057114582855,6,9,3,-0.0804115014793339
2469,334601,415815.0,3388685.0,13,240,6,3,2585.0,9.2,499,0,5,420120,3388180,517,21,12,-101.88,512,4305.0,-505.0,4334.5184276918235,18,-66.69053099963486,5,9,3,-0.06609241032849202
2470,334601,415815.0,3388685.0,13,240,6,3,2585.0,9.2,499,0,5,420130,3388170,517,0,12,-97.0,512,4315.0,-515.0,4345.624235941254,18,-66.80611919933565,5,9,3,-0.06592350272227444
2471,334601,415815.0,3388685.0,13,240,6,3,2585.0,9.2,499,0,5,420020,3388320,517,0,5,-95.0,512,4205.0,-365.0,4220.811533342848,18,-64.96092101764893,5,9,3,-0.0678729105286795
2472,334601,415815.0,3388685.0,13,240,6,3,2585.0,9.2,499,0,5,420145,3388195,516,0,6,-110.4,512,4330.0,-490.0,4357.636974324502,17,-66.45635130194381,4,9,3,-0.05259342506807116
2473,334601,415815.0,3388685.0,13,240,6,3,2585.0,9.2,499,0,5,420140,3388200,516,0,6,-102.75,512,4325.0,-485.0,4352.108684304656,17,-66.39834527023203,4,9,3,-0.05266023211825516
2474,334601,415815.0,3388685.0,13,240,6,3,2585.0,9.2,499,0,5,420065,3388275,518,0,5,-83.0,512,4250.0,-410.0,4269.730670662963,19,-65.51030574714872,6,9,3,-0.08051431748532689
2475,334601,415815.0,3388685.0,13,240,6,3,2585.0,9.2,499,0,5,420055,3388245,517,0,14,-98.0,512,4240.0,-440.0,4262.769053092133,18,-65.9245819819825,5,9,3,-0.06720485267156569
2476,334601,415815.0,3388685.0,13,240,6,3,2585.0,9.2,499,0,5,420050,3388250,517,12,14,-106.0,512,4235.0,-435.0,4257.281996767421,18,-65.86459567989655,5,9,3,-0.06729147048859177
2477,334601,415815.0,3388685.0,13,240,6,3,2585.0,9.2,499,0,5,420155,3388185,516,0,5,-104.0,512,4340.0,-500.0,4368.706902505592,17,-66.5719226543159,4,9,3,-0.052460157919348535
2478,334601,415815.0,3388685.0,13,240,6,3,2585.0,9.2,499,0,5,420000,3388300,517,0,7,-100.5,512,4185.0,-385.0,4202.6717692439415,18,-65.25614342448952,5,9,3,-0.06816586641341432
2479,334601,415815.0,3388685.0,13,240,6,3,2585.0,9.2,499,0,5,420000,3387980,517,0,6,-98.67,512,4185.0,-705.0,4243.966305238532,18,-69.56219853832062,5,9,3,-0.06750260120247176
2480,334601,415815.0,3388685.0,13,240,6,3,2585.0,9.2,499,0,5,420030,3387990,518,0,5,-115.0,512,4215.0,-695.0,4271.914090896492,19,-69.36309929093406,6,9,3,-0.08047316582476144
2481,334601,415815.0,3388685.0,13,240,6,3,2585.0,9.2,499,0,5,420005,3387975,517,0,5,-103.0,512,4190.0,-710.0,4249.729403150276,18,-69.61747481006086,5,9,3,-0.06741106037625146
2482,334601,415815.0,3388685.0,13,240,6,3,2585.0,9.2,499,0,5,420015,3387965,517,0,14,-101.5,512,4200.0,-720.0,4261.267417095529,18,-69.72757855140159,5,9,3,-0.06722853509358476
2483,334601,415815.0,3388685.0,13,240,6,3,2585.0,9.2,499,0,5,420015,3388460,514,0,6,-88.13,512,4200.0,-225.0,4206.022467842986,15,-63.0664855011259,2,9,3,-0.027244635820556102
2484,334601,415815.0,3388685.0,13,240,6,3,2585.0,9.2,499,0,5,420100,3388385,519,0,5,-103.5,512,4285.0,-300.0,4295.488912801428,20,-64.0048382423758,7,9,3,-0.09337007025267546
2485,334601,415815.0,3388685.0,13,240,6,3,2585.0,9.2,499,0,5,420085,3388370,518,0,5,-95.2,512,4270.0,-315.0,4281.603087629679,19,-64.21909534924845,6,9,3,-0.08029106038366832
2486,334601,415815.0,3388685.0,13,240,6,3,2585.0,9.2,499,0,5,420090,3388375,518,0,5,-101.75,512,4275.0,-310.0,4286.225029090283,19,-64.14752210276677,6,9,3,-0.08020448067930504
2487,334601,415815.0,3388685.0,13,240,6,3,2585.0,9.2,499,0,5,420000,3388445,514,0,6,-100.0,512,4185.0,-240.0,4191.876071641432,15,-63.28218451983909,2,9,3,-0.02733657874723296
2488,334601,415815.0,3388685.0,13,240,6,3,2585.0,9.2,499,0,5,420095,3388380,518,0,5,-104.0,512,4280.0,-305.0,4290.853644672584,19,-64.0761031595537,6,9,3,-0.08011796287757973
2489,334601,415815.0,3388685.0,13,240,6,3,2585.0,9.2,499,0,5,420020,3388465,514,0,5,-87.94,512,4205.0,-220.0,4210.751120643442,15,-62.99490827505855,2,9,3,-0.027214040233120018
2490,334601,415815.0,3388685.0,13,240,6,3,2585.0,9.2,499,0,5,420080,3388365,518,0,5,-92.67,512,4265.0,-320.0,4276.9878419280085,19,-64.29082317550521,6,9,3,-0.08037770137941029
2491,334601,415815.0,3388685.0,13,240,6,3,2585.0,9.2,499,0,5,420065,3388430,516,0,5,-93.0,512,4250.0,-255.0,4257.643127365186,17,-63.433630362450515,4,9,3,-0.05382861920740544
2492,334601,415815.0,3388685.0,13,240,6,3,2585.0,9.2,499,0,5,420070,3388435,516,0,5,-98.67,512,4255.0,-250.0,4262.337973460106,17,-63.3625138576557,4,9,3,-0.05376932852332657
2493,334601,415815.0,3388685.0,13,240,6,3,2585.0,9.2,499,0,5,420030,3388475,513,0,5,-89.2,512,4215.0,-210.0,4220.228074405458,14,-62.85223558129255,1,9,3,-0.013576464928100237
2494,334601,415815.0,3388685.0,13,240,6,3,2585.0,9.2,499,0,5,420025,3388470,513,0,5,-86.8,512,4210.0,-215.0,4215.486330187776,14,-62.92349174156914,1,9,3,-0.013591736267303645
2495,334601,415815.0,3388685.0,13,240,6,3,2585.0,9.2,499,0,5,420105,3388390,519,0,5,-102.5,512,4290.0,-295.0,4300.130811963748,20,-63.93372707328774,7,9,3,-0.09326927943868485
2496,334601,415815.0,3388685.0,13,240,6,3,2585.0,9.2,499,0,5,420125,3388385,519,0,5,-104.0,512,4310.0,-300.0,4320.4282195171345,20,-63.98168325699433,7,9,3,-0.09283110036015149
2497,334601,415815.0,3388685.0,13,240,6,3,2585.0,9.2,499,0,5,420015,3388435,515,0,6,-89.88,512,4200.0,-250.0,4207.433897282285,16,-63.40644375499471,3,9,3,-0.040853240622734543
2498,334601,415815.0,3388685.0,13,240,6,3,2585.0,9.2,499,0,5,420095,3388355,518,15,5,-103.5,512,4280.0,-330.0,4292.703111094454,19,-64.4089422281246,6,9,3,-0.080083444932763
2499,334601,415815.0,3388685.0,13,240,6,3,2585.0,9.2,499,0,5,420120,3388390,519,0,5,-100.6,512,4305.0,-295.0,4315.095595696577,20,-63.92006351471329,7,9,3,-0.09294582144990524
2500,334601,415815.0,3388685.0,13,240,6,3,2585.0,9.2,499,0,5,420010,3388440,514,0,6,-81.5,512,4195.0,-245.0,4202.148260116484,15,-63.3424406342977,2,9,3,-0.027269754249544153
2501,334601,415815.0,3388685.0,13,240,6,3,2585.0,9.2,499,0,5,420005,3388425,515,0,6,-86.33,512,4190.0,-260.0,4198.059075334696,16,-63.550793910338484,3,9,3,-0.040944471289026466
2502,334601,415815.0,3388685.0,13,240,6,3,2585.0,9.2,499,0,5,420085,3388345,518,15,14,-106.0,512,4270.0,-340.0,4283.514911845177,19,-64.55258800964847,6,9,3,-0.08025522481501461
2503,334601,415815.0,3388685.0,13,240,6,3,2585.0,9.2,499,0,5,420080,3388350,518,15,14,-104.33,512,4265.0,-335.0,4278.13627646432,19,-64.49115095702857,6,9,3,-0.08035612459896478
2504,334601,415815.0,3388685.0,13,240,6,3,2585.0,9.2,499,0,5,420110,3388340,518,15,5,-117.0,512,4295.0,-345.0,4308.833948993625,19,-64.5924781674365,6,9,3,-0.07978363960007408
2505,334601,415815.0,3388685.0,13,240,6,3,2585.0,9.2,499,0,5,420020,3388410,516,0,5,-89.5,512,4205.0,-275.0,4213.98267675604,17,-63.74172029720302,4,9,3,-0.054386329228084646
2506,334601,415815.0,3388685.0,13,240,6,3,2585.0,9.2,499,0,5,420065,3388280,518,0,14,-97.0,512,4250.0,-405.0,4269.253447618214,19,-65.44351300921193,6,9,3,-0.0805233174750479
2507,334601,415815.0,3388685.0,13,240,6,3,2585.0,9.2,499,0,5,420135,3388170,517,21,12,-102.55,512,4320.0,-515.0,4350.589040578298,18,-66.7983155160477,5,9,3,-0.06584827221427011
2508,334601,415815.0,3388685.0,13,240,6,3,2585.0,9.2,499,0,5,420080,3388215,517,0,6,-98.5,512,4265.0,-470.0,4290.81868645134,18,-66.2885805828532,5,9,3,-0.06676552630914531
2509,334601,415815.0,3388685.0,13,240,6,3,2585.0,9.2,499,0,5,420030,3388305,518,6,5,-95.83,512,4215.0,-380.0,4232.094635047756,19,-65.15152909153599,6,9,3,-0.08123033069843867
2510,334601,415815.0,3388685.0,13,240,6,3,2585.0,9.2,499,0,5,420140,3388195,516,0,6,-106.53,512,4325.0,-490.0,4352.668721600577,17,-66.46375215968231,4,9,3,-0.05265345657909077
2511,334601,415815.0,3388685.0,13,240,6,3,2585.0,9.2,499,0,5,420035,3388310,518,6,14,-91.0,512,4220.0,-375.0,4236.628966525154,19,-65.07811110506421,6,9,3,-0.08114339253237371
2512,334601,415815.0,3388685.0,13,240,6,3,2585.0,9.2,499,0,5,420120,3388175,517,21,12,-93.0,512,4305.0,-510.0,4335.103804985528,18,-66.7561644948616,5,9,3,-0.06608348575281417
2513,334601,415815.0,3388685.0,13,240,6,3,2585.0,9.2,499,0,5,420130,3388165,517,21,5,-95.58,512,4315.0,-520.0,4346.2196216942375,18,-66.87156920563953,5,9,3,-0.06591447191318268
2514,334601,415815.0,3388685.0,13,240,6,3,2585.0,9.2,499,0,5,420040,3388255,517,12,5,-92.38,512,4225.0,-430.0,4246.825284845139,18,-65.81127680760957,5,9,3,-0.06745715822592208
2515,334601,415815.0,3388685.0,13,240,6,3,2585.0,9.2,499,0,5,420010,3388285,518,0,5,-105.57,512,4195.0,-400.0,4214.027171246052,19,-65.44677736305695,6,9,3,-0.0815786018463437
2516,334601,415815.0,3388685.0,13,240,6,3,2585.0,9.2,499,0,5,420125,3388180,517,0,12,-103.71,512,4310.0,-505.0,4339.484416379439,18,-66.68283960616097,5,9,3,-0.06601677602729841
2517,334601,415815.0,3388685.0,13,240,6,3,2585.0,9.2,499,0,5,420145,3388200,516,21,5,-108.0,512,4330.0,-485.0,4357.077575623367,17,-66.39101804820211,4,9,3,-0.0526001774557969
2518,334601,415815.0,3388685.0,13,240,6,3,2585.0,9.2,499,0,5,420020,3388315,518,0,5,-97.0,512,4205.0,-370.0,4221.2468537151435,19,-65.02853274432698,6,9,3,-0.08143907652881081
2519,334601,415815.0,3388685.0,13,240,6,3,2585.0,9.2,499,0,5,420005,3388300,518,0,6,-96.0,512,4190.0,-385.0,4207.650769728875,19,-65.2499062454936,6,9,3,-0.08170222836490021
2520,334601,415815.0,3388685.0,13,240,6,3,2585.0,9.2,499,0,5,420045,3388260,518,0,5,-95.67,512,4230.0,-425.0,4251.296860959018,19,-65.73741386322374,6,9,3,-0.08086343063571436
2521,334601,415815.0,3388685.0,13,240,6,3,2585.0,9.2,499,0,5,420050,3388245,517,0,14,-98.33,512,4235.0,-440.0,4257.7957912516185,18,-65.93152692491975,5,9,3,-0.06728335033528281
2522,334601,415815.0,3388685.0,13,240,6,3,2585.0,9.2,499,0,5,420150,3388185,516,0,5,-105.6,512,4335.0,-500.0,4363.739795175693,17,-66.57943630304263,4,9,3,-0.052519871628524444
2523,334601,415815.0,3388685.0,13,240,6,3,2585.0,9.2,499,0,5,420070,3388265,517,18,5,-96.5,512,4255.0,-420.0,4275.67830875991,18,-65.63725671319642,5,9,3,-0.06700194595818085
2524,334601,415815.0,3388685.0,13,240,6,3,2585.0,9.2,499,0,5,420060,3388275,518,0,5,-81.5,512,4245.0,-410.0,4264.7538029762045,19,-65.51675607884675,6,9,3,-0.08060827568199724
2525,334601,415815.0,3388685.0,13,240,6,3,2585.0,9.2,499,0,5,420155,3388190,516,0,6,-105.5,512,4340.0,-495.0,4368.137474942839,17,-66.50676982906552,4,9,3,-0.05246699658762274
2526,334601,415815.0,3388685.0,13,240,6,3,2585.0,9.2,499,0,5,420260,3388200,515,21,5,-114.5,512,4445.0,-485.0,4471.381218370896,16,-66.2269870929947,3,9,3,-0.03844165915472398
2527,334601,415815.0,3388685.0,13,240,6,3,2585.0,9.2,499,0,5,420250,3388170,515,21,5,-109.0,512,4435.0,-515.0,4464.801227378437,16,-66.62362143751227,3,9,3,-0.03849831244834542
2528,334601,415815.0,3388685.0,13,240,6,3,2585.0,9.2,499,0,5,420070,3388210,517,0,5,-109.0,512,4255.0,-475.0,4281.430835596903,18,-66.36974850341863,5,9,3,-0.06691192228236371
2529,334601,415815.0,3388685.0,13,240,6,3,2585.0,9.2,499,0,5,420055,3388225,517,0,5,-89.83,512,4240.0,-460.0,4264.87983418056,18,-66.19183428484206,5,9,3,-0.0671715915698296
2530,334601,415815.0,3388685.0,13,240,6,3,2585.0,9.2,499,0,5,420075,3388205,517,0,5,-98.5,512,4260.0,-480.0,4286.956962695101,18,-66.42874774882986,5,9,3,-0.0668256691534924
2531,334601,415815.0,3388685.0,13,240,6,3,2585.0,9.2,499,0,5,420025,3388175,518,0,5,-87.5,512,4210.0,-510.0,4240.778230466668,19,-66.90716272380465,6,9,3,-0.08106400028762477
2532,334601,415815.0,3388685.0,13,240,6,3,2585.0,9.2,499,0,5,420040,3388240,517,12,5,-95.8,512,4225.0,-445.0,4248.370275764579,18,-66.01253554410457,5,9,3,-0.06743262632453702
2533,334601,415815.0,3388685.0,13,240,6,3,2585.0,9.2,499,0,5,420035,3388165,518,0,14,-88.09,512,4220.0,-520.0,4251.917214622129,19,-67.02473212310673,6,9,3,-0.08085163269697847
2534,334601,415815.0,3388685.0,13,240,6,3,2585.0,9.2,499,0,5,420005,3388195,518,0,6,-89.33,512,4190.0,-490.0,4218.5542547180785,19,-66.67016379130754,6,9,3,-0.08149105701001659
2535,334601,415815.0,3388685.0,13,240,6,3,2585.0,9.2,499,0,5,420060,3388220,517,0,6,-86.67,512,4245.0,-465.0,4270.392253646028,18,-66.25129223693463,5,9,3,-0.06708488345772276
2536,334601,415815.0,3388685.0,13,240,6,3,2585.0,9.2,499,0,5,420000,3388200,518,0,6,-92.6,512,4185.0,-485.0,4213.009613091335,19,-66.61052369305835,6,9,3,-0.08159830530466748
2537,334601,415815.0,3388685.0,13,240,6,3,2585.0,9.2,499,0,5,420030,3388170,518,0,5,-88.86,512,4215.0,-515.0,4246.345487592831,19,-66.96602452525121,6,9,3,-0.08095771983222784
2538,334601,415815.0,3388685.0,13,240,6,3,2585.0,9.2,499,0,5,420045,3388235,517,12,5,-93.6,512,4230.0,-450.0,4253.868827314731,18,-66.07245640720771,5,9,3,-0.06734546298092385
2539,334601,415815.0,3388685.0,13,240,6,3,2585.0,9.2,499,0,5,420050,3388230,517,0,5,-98.67,512,4235.0,-455.0,4259.372019441364,18,-66.1322224976793,5,9,3,-0.06725845140286535
2540,334601,415815.0,3388685.0,13,240,6,3,2585.0,9.2,499,0,5,420065,3388215,517,0,6,-89.0,512,4250.0,-470.0,4275.909260028795,18,-66.31059682110745,5,9,3,-0.06699832703893127
2541,334601,415815.0,3388685.0,13,240,6,3,2585.0,9.2,499,0,5,420010,3388475,513,0,6,-96.0,512,4195.0,-210.0,4200.25296857225,14,-62.86581122893219,1,9,3,-0.013641030399652823
2542,334601,415815.0,3388685.0,13,240,6,3,2585.0,9.2,499,0,5,420090,3388395,518,0,14,-104.0,512,4275.0,-290.0,4284.824967253621,19,-63.88078571718492,6,9,3,-0.08023068737073878
2543,334601,415815.0,3388685.0,13,240,6,3,2585.0,9.2,499,0,5,420080,3388385,518,0,5,-100.5,512,4265.0,-300.0,4275.537977845595,19,-64.02355671978648,6,9,3,-0.08040495797025023
2544,334601,415815.0,3388685.0,13,240,6,3,2585.0,9.2,499,0,5,420110,3388375,519,0,14,-103.8,512,4295.0,-310.0,4306.1728948104255,20,-64.12827577404616,7,9,3,-0.09313841155815089
2545,334601,415815.0,3388685.0,13,240,6,3,2585.0,9.2,499,0,5,420020,3388445,514,0,5,-87.92,512,4205.0,-240.0,4211.84342064137,15,-63.26660754125098,2,9,3,-0.027206982541593427
2546,334601,415815.0,3388685.0,13,240,6,3,2585.0,9.2,499,0,5,420115,3388380,519,0,5,-100.0,512,4300.0,-305.0,4310.803289411383,20,-64.05720799979912,7,9,3,-0.09303836829230326
2547,334601,415815.0,3388685.0,13,240,6,3,2585.0,9.2,499,0,5,420105,3388370,519,0,14,-98.0,512,4290.0,-315.0,4301.54913955426,20,-64.19949644022816,7,9,3,-0.09323852629499159
2548,334601,415815.0,3388685.0,13,240,6,3,2585.0,9.2,499,0,5,420065,3388410,517,0,5,-98.67,512,4250.0,-275.0,4258.887765602658,18,-63.7022128531994,5,9,3,-0.06726609897076186
2549,334601,415815.0,3388685.0,13,240,6,3,2585.0,9.2,499,0,5,420095,3388400,518,0,14,-93.0,512,4280.0,-285.0,4289.478406519842,19,-63.809632267848684,6,9,3,-0.08014364924900601
2550,334601,415815.0,3388685.0,13,240,6,3,2585.0,9.2,499,0,5,420070,3388415,517,0,5,-89.6,512,4255.0,-270.0,4263.557786637822,18,-63.630821932358714,5,9,3,-0.0671924201736887
2551,334601,415815.0,3388685.0,13,240,6,3,2585.0,9.2,499,0,5,420060,3388405,517,0,5,-93.5,512,4245.0,-280.0,4254.2243711398205,18,-63.77376039988181,5,9,3,-0.0673398346361609
2552,334601,415815.0,3388685.0,13,240,6,3,2585.0,9.2,499,0,5,420015,3388480,513,0,6,-94.0,512,4200.0,-205.0,4205.0,14,-62.79436205459274,1,9,3,-0.01362563101854195
2553,334601,415815.0,3388685.0,13,240,6,3,2585.0,9.2,499,0,5,420020,3388530,512,0,6,-92.0,512,4205.0,-155.0,4207.855748478078,13,-62.11101709700063,0,9,3,0.0
2554,334601,415815.0,3388685.0,13,240,6,3,2585.0,9.2,499,0,5,420015,3388555,511,0,6,-107.5,512,4200.0,-130.0,4202.011423116315,12,-61.77287477153317,-1,9,3,0.013635321911842873
2555,334601,415815.0,3388685.0,13,240,6,3,2585.0,9.2,499,0,5,420005,3388545,511,0,7,-98.05,512,4190.0,-140.0,4192.338249712206,12,-61.91370549874594,-1,9,3,0.013666783311286472
2556,334601,415815.0,3388685.0,13,240,6,3,2585.0,9.2,499,0,5,420030,3388540,511,0,5,-91.33,512,4215.0,-145.0,4217.493331352167,12,-61.97025221815559,-1,9,3,0.013585268295134217
2557,334601,415815.0,3388685.0,13,240,6,3,2585.0,9.2,499,0,5,420035,3388535,512,0,14,-90.67,512,4220.0,-150.0,4222.665035259131,13,-62.03572278540193,0,9,3,0.0
2558,334601,415815.0,3388685.0,13,240,6,3,2585.0,9.2,499,0,5,420000,3388550,511,0,6,-92.82,512,4185.0,-135.0,4187.176853203122,12,-61.847610265994604,-1,9,3,0.013683629909236762
2559,334601,415815.0,3388685.0,13,240,6,3,2585.0,9.2,499,0,5,420025,3388525,512,0,5,-91.33,512,4210.0,-160.0,4213.039282987995,13,-62.17646434697849,0,9,3,0.0
2560,334601,415815.0,3388685.0,13,240,6,3,2585.0,9.2,499,0,5,420010,3388560,511,0,6,-94.77,512,4195.0,-125.0,4196.861922913357,12,-61.70675897529742,-1,9,3,0.013652052290775072
2561,334601,415815.0,3388685.0,13,240,6,3,2585.0,9.2,499,0,5,420165,3388170,516,0,5,-97.5,512,4350.0,-515.0,4380.379549765065,17,-66.7518649126919,4,9,3,-0.05232036442183399
2562,334601,415815.0,3388685.0,13,240,6,3,2585.0,9.2,499,0,5,420160,3388165,516,21,12,-99.6,512,4345.0,-520.0,4376.005598716711,17,-66.82457354680972,4,9,3,-0.052372660192541234
2563,334601,415815.0,3388685.0,13,240,6,3,2585.0,9.2,499,0,5,420175,3388180,516,0,6,-113.0,512,4360.0,-505.0,4389.148550687251,17,-66.60688296895162,4,9,3,-0.05221583456501111
2564,334601,415815.0,3388685.0,13,240,6,3,2585.0,9.2,499,0,5,420010,3388605,510,0,6,-87.67,512,4195.0,-80.0,4195.762743530669,11,-61.09251652549983,-2,9,3,0.02731125598649608
2565,334601,415815.0,3388685.0,13,240,6,3,2585.0,9.2,499,0,5,420035,3388630,509,0,6,-100.0,512,4220.0,-55.0,4220.35839710326,10,-60.74670366416376,-3,9,3,0.040728130981966086
2566,334601,415815.0,3388685.0,13,240,6,3,2585.0,9.2,499,0,5,420260,3388395,519,21,5,-114.33,512,4445.0,-290.0,4454.450022168842,20,-63.73279214329949,7,9,3,-0.09003807977394626
2567,334601,415815.0,3388685.0,13,240,6,3,2585.0,9.2,499,0,5,420020,3388635,509,0,6,-88.5,512,4205.0,-50.0,4205.297254653944,10,-60.68124945848376,-3,9,3,0.04087399747784533
2568,334601,415815.0,3388685.0,13,240,6,3,2585.0,9.2,499,0,5,420040,3388575,511,0,5,-87.67,512,4225.0,-110.0,4226.431710083578,12,-61.49138752019246,-1,9,3,0.01355653713916564
2569,334601,415815.0,3388685.0,13,240,6,3,2585.0,9.2,499,0,5,420045,3388580,510,0,7,-91.5,512,4230.0,-105.0,4231.3029908055505,11,-61.421943658442416,-2,9,3,0.0270818588839787
2570,334601,415815.0,3388685.0,13,240,6,3,2585.0,9.2,499,0,5,420020,3388610,510,0,6,-90.67,512,4205.0,-75.0,4205.66879342632,11,-61.02181400180055,-2,9,3,0.027246926949435177
2571,334601,415815.0,3388685.0,13,240,6,3,2585.0,9.2,499,0,5,420025,3388605,510,0,6,-93.57,512,4210.0,-80.0,4210.760026408534,11,-61.08862488723432,-2,9,3,0.027213982675384232
2572,334601,415815.0,3388685.0,13,240,6,3,2585.0,9.2,499,0,5,420035,3388615,509,0,6,-90.5,512,4220.0,-70.0,4220.580528789849,10,-60.950316771746856,-3,9,3,0.0407259874367079
2573,334601,415815.0,3388685.0,13,240,6,3,2585.0,9.2,499,0,5,420255,3388395,519,21,5,-110.0,512,4440.0,-290.0,4449.460641471053,20,-63.73698383347681,7,9,3,-0.09013904336316711
2574,334601,415815.0,3388685.0,13,240,6,3,2585.0,9.2,499,0,5,420030,3388620,509,0,6,-93.0,512,4215.0,-65.0,4215.501156446289,10,-60.88349477820117,-3,9,3,0.04077505927342915
2575,334601,415815.0,3388685.0,13,240,6,3,2585.0,9.2,499,0,5,420045,3388585,510,0,7,-92.5,512,4230.0,-100.0,4231.181867989132,11,-61.35425790193892,-2,9,3,0.02708263413558348
2576,334601,415815.0,3388685.0,13,240,6,3,2585.0,9.2,499,0,5,420000,3387905,517,0,5,-101.0,512,4185.0,-780.0,4257.067652739383,18,-70.55764688097815,5,9,3,-0.06729485862163294
2577,334601,415815.0,3388685.0,13,240,6,3,2585.0,9.2,499,0,5,420065,3388110,518,18,5,-97.5,512,4250.0,-575.0,4288.720671715518,19,-67.70499719883898,6,9,3,-0.08015780907842776
2578,334601,415815.0,3388685.0,13,240,6,3,2585.0,9.2,499,0,5,420035,3388160,518,0,14,-89.72,512,4220.0,-525.0,4252.531598941976,19,-67.09159311832633,6,9,3,-0.08083995167632561
2579,334601,415815.0,3388685.0,13,240,6,3,2585.0,9.2,499,0,5,420025,3388150,518,0,5,-91.67,512,4210.0,-535.0,4243.857325594252,19,-67.2422368361187,6,9,3,-0.08100518505977336
2580,334601,415815.0,3388685.0,13,240,6,3,2585.0,9.2,499,0,5,420030,3388155,518,0,5,-89.94,512,4215.0,-530.0,4248.190791384021,19,-67.16683807834522,6,9,3,-0.08092255394727653
2581,334601,415815.0,3388685.0,13,240,6,3,2585.0,9.2,499,0,5,420000,3388125,519,0,6,-87.5,512,4185.0,-560.0,4222.300913009399,20,-67.62154489858727,7,9,3,-0.09498851394209808
2582,334601,415815.0,3388685.0,13,240,6,3,2585.0,9.2,499,0,5,420060,3388105,518,18,5,-103.0,512,4245.0,-580.0,4284.439870041357,19,-67.78022325015931,6,9,3,-0.08023789871564922
2583,334601,415815.0,3388685.0,13,240,6,3,2585.0,9.2,499,0,5,420010,3388540,511,0,6,-92.0,512,4195.0,-145.0,4197.505211432143,12,-61.97963809785935,-1,9,3,0.01364996004604354
2584,334601,415815.0,3388685.0,13,240,6,3,2585.0,9.2,499,0,5,420000,3388530,511,0,7,-88.33,512,4185.0,-155.0,4187.869386692952,12,-62.12109639666144,-1,9,3,0.013681367094726728
2585,334601,415815.0,3388685.0,13,240,6,3,2585.0,9.2,499,0,5,420035,3388555,511,0,5,-95.4,512,4220.0,-130.0,4222.001894836145,12,-61.764477845465876,-1,9,3,0.013570760949143109
2586,334601,415815.0,3388685.0,13,240,6,3,2585.0,9.2,499,0,5,420005,3388525,511,0,6,-99.8,512,4190.0,-160.0,4193.053779764815,12,-62.18684313571566,-1,9,3,0.013664451122308099
2587,334601,415815.0,3388685.0,13,240,6,3,2585.0,9.2,499,0,5,420020,3388550,511,0,6,-93.0,512,4205.0,-135.0,4207.166504905647,12,-61.83882863076363,-1,9,3,0.013618614420720671
2588,334601,415815.0,3388685.0,13,240,6,3,2585.0,9.2,499,0,5,420030,3388560,511,0,5,-91.14,512,4215.0,-125.0,4216.853092058105,12,-61.69866523080566,-1,9,3,0.013587330928587877
2589,334601,415815.0,3388685.0,13,240,6,3,2585.0,9.2,499,0,5,420025,3388545,511,0,6,-89.5,512,4210.0,-140.0,4212.327147788975,12,-61.90462097306332,-1,9,3,0.013601929865964342
2590,334601,415815.0,3388685.0,13,240,6,3,2585.0,9.2,499,0,5,420180,3388390,519,0,12,-108.0,512,4365.0,-295.0,4374.9571426472285,20,-63.866344042396065,7,9,3,-0.09167406702775716
2591,334601,415815.0,3388685.0,13,240,6,3,2585.0,9.2,499,0,5,420130,3388180,516,0,12,-104.5,512,4315.0,-505.0,4344.45048308759,17,-66.67516579634855,4,9,3,-0.05275305914610526
2592,334601,415815.0,3388685.0,13,240,6,3,2585.0,9.2,499,0,5,420035,3388315,518,6,5,-86.6,512,4220.0,-370.0,4236.189325325297,19,-65.01074997024764,6,9,3,-0.08115181376381687
2593,334601,415815.0,3388685.0,13,240,6,3,2585.0,9.2,499,0,5,420030,3388320,518,0,5,-91.33,512,4215.0,-365.0,4230.7741608362885,19,-64.9492098635377,6,9,3,-0.08125568360289567
2594,334601,415815.0,3388685.0,13,240,6,3,2585.0,9.2,499,0,5,420135,3388175,516,0,12,-104.0,512,4320.0,-510.0,4350.0,17,-66.73292132685961,4,9,3,-0.05268575941535098
2595,334601,415815.0,3388685.0,13,240,6,3,2585.0,9.2,499,0,5,420120,3388170,517,21,5,-93.56,512,4305.0,-515.0,4335.694869337555,18,-66.82178018117574,5,9,3,-0.06607447691819124
2596,334601,415815.0,3388685.0,13,240,6,3,2585.0,9.2,499,0,5,420125,3388165,517,0,5,-96.29,512,4310.0,-520.0,4341.255578746775,18,-66.87946451150268,5,9,3,-0.06598984226959442
2597,334601,415815.0,3388685.0,13,240,6,3,2585.0,9.2,499,0,5,420040,3388250,517,12,5,-89.6,512,4225.0,-435.0,4247.334458222003,18,-65.87837929109625,5,9,3,-0.06744907142285757
2598,334601,415815.0,3388685.0,13,240,6,3,2585.0,9.2,499,0,5,420005,3388285,518,0,6,-92.5,512,4190.0,-400.0,4209.049773998877,19,-65.45323793900056,6,9,3,-0.08167507220908872
2599,334601,415815.0,3388685.0,13,240,6,3,2585.0,9.2,499,0,5,420015,3388295,518,0,5,-97.8,512,4200.0,-390.0,4218.068278252499,19,-65.30510960621038,6,9,3,-0.08150044582969235
2600,334601,415815.0,3388685.0,13,240,6,3,2585.0,9.2,499,0,5,420045,3388245,517,12,5,-98.63,512,4230.0,-440.0,4252.8225921145595,18,-65.93848811062352,5,9,3,-0.06736203059631256
2601,334601,415815.0,3388685.0,13,240,6,3,2585.0,9.2,499,0,5,420025,3388305,518,0,5,-91.25,512,4210.0,-380.0,4227.114855312072,19,-65.1576143189825,6,9,3,-0.08132602448145299
2602,334601,415815.0,3388685.0,13,240,6,3,2585.0,9.2,499,0,5,420010,3388300,518,0,5,-96.5,512,4195.0,-385.0,4212.629819958074,19,-65.24368381029137,6,9,3,-0.0816056618575704
2603,334601,415815.0,3388685.0,13,240,6,3,2585.0,9.2,499,0,5,420145,3388185,516,0,5,-106.8,512,4330.0,-500.0,4358.772763060721,17,-66.58696707623045,4,9,3,-0.052579720525646745
2604,334601,415815.0,3388685.0,13,240,6,3,2585.0,9.2,499,0,5,420140,3388190,516,0,5,-105.6,512,4325.0,-495.0,4353.234429708558,17,-66.52914213491894,4,9,3,-0.05264661420222957
2605,334601,415815.0,3388685.0,13,240,6,3,2585.0,9.2,499,0,5,420085,3388205,517,0,5,-96.0,512,4270.0,-480.0,4296.894227229709,18,-66.41381773919727,5,9,3,-0.06667112409912898
2606,334601,415815.0,3388685.0,13,240,6,3,2585.0,9.2,499,0,5,420005,3387970,517,0,5,-102.67,512,4190.0,-715.0,4250.567609155276,18,-69.68392535563459,5,9,3,-0.06739776702141571
2607,334601,415815.0,3388685.0,13,240,6,3,2585.0,9.2,499,0,5,420010,3387975,517,0,5,-101.25,512,4195.0,-710.0,4254.659210794679,18,-69.60622552477437,5,9,3,-0.06733295229799013
2608,334601,415815.0,3388685.0,13,240,6,3,2585.0,9.2,499,0,5,420000,3387965,517,0,6,-94.25,512,4185.0,-720.0,4246.483839601889,18,-69.76177477504226,5,9,3,-0.06746258222030947
2609,334601,415815.0,3388685.0,13,240,6,3,2585.0,9.2,499,0,5,420070,3388150,517,0,14,-93.0,512,4255.0,-535.0,4288.502069487667,18,-67.16644496027408,5,9,3,-0.06680159251785917
2610,334601,415815.0,3388685.0,13,240,6,3,2585.0,9.2,499,0,5,420015,3388085,519,0,7,-89.4,512,4200.0,-600.0,4242.640687119285,20,-68.13010235415598,7,9,3,-0.09453312741649836
2611,334601,415815.0,3388685.0,13,240,6,3,2585.0,9.2,499,0,5,420035,3388105,518,15,5,-98.4,512,4220.0,-580.0,4259.67134882493,19,-67.8257451664089,6,9,3,-0.0807044538352514
2612,334601,415815.0,3388685.0,13,240,6,3,2585.0,9.2,499,0,5,420045,3388135,518,6,14,-89.0,512,4230.0,-550.0,4265.606639154623,19,-67.40824412383412,6,9,3,-0.08059215943666298
2613,334601,415815.0,3388685.0,13,240,6,3,2585.0,9.2,499,0,5,420020,3388120,518,0,5,-105.43,512,4205.0,-565.0,4242.787998474588,19,-67.65264857684639,6,9,3,-0.08102560109889127
2614,334601,415815.0,3388685.0,13,240,6,3,2585.0,9.2,499,0,5,420040,3388140,518,6,14,-90.68,512,4225.0,-545.0,4260.005868540558,19,-67.3502278905714,6,9,3,-0.08069811647420655
2615,334601,415815.0,3388685.0,13,240,6,3,2585.0,9.2,499,0,5,420060,3388160,517,0,14,-94.29,512,4245.0,-525.0,4277.341464040485,18,-67.05025025887315,5,9,3,-0.06697589366854405
2616,334601,415815.0,3388685.0,13,240,6,3,2585.0,9.2,499,0,5,420005,3388095,518,0,5,-96.55,512,4190.0,-590.0,4231.335486581039,19,-68.0152045546042,6,9,3,-0.08124490430021113
2617,334601,415815.0,3388685.0,13,240,6,3,2585.0,9.2,499,0,5,420025,3388115,518,0,5,-98.32,512,4210.0,-570.0,4248.411467831241,19,-67.71050028545082,6,9,3,-0.08091835056959196
2618,334601,415815.0,3388685.0,13,240,6,3,2585.0,9.2,499,0,5,420030,3388110,518,0,5,-99.68,512,4215.0,-575.0,4254.039256988586,19,-67.76819898541805,6,9,3,-0.08081130153122688
2619,334601,415815.0,3388685.0,13,240,6,3,2585.0,9.2,499,0,5,420010,3388090,518,0,7,-93.5,512,4195.0,-595.0,4236.985957021807,19,-68.07273009745023,6,9,3,-0.08113655574283367
2620,334601,415815.0,3388685.0,13,240,6,3,2585.0,9.2,499,0,5,420000,3388100,519,0,6,-93.45,512,4185.0,-585.0,4225.689292884653,20,-67.95752522691714,7,9,3,-0.09491234729621574
2621,334601,415815.0,3388685.0,13,240,6,3,2585.0,9.2,499,0,5,420065,3388155,517,0,14,-89.38,512,4250.0,-530.0,4282.919564969671,18,-67.1084233057766,5,9,3,-0.06688866392972478
2622,334601,415815.0,3388685.0,13,240,6,3,2585.0,9.2,499,0,5,420075,3388145,517,0,14,-94.67,512,4260.0,-540.0,4294.088960419894,18,-67.22431569404534,5,9,3,-0.0667146793501581
2623,334601,415815.0,3388685.0,13,240,6,3,2585.0,9.2,499,0,5,420010,3388610,510,0,6,-90.83,512,4195.0,-75.0,4195.670387435123,11,-61.0242492737442,-2,9,3,0.027311857168274518
2624,334601,415815.0,3388685.0,13,240,6,3,2585.0,9.2,499,0,5,420040,3388580,510,0,5,-96.0,512,4225.0,-105.0,4226.304532330816,11,-61.423625739899876,-2,9,3,0.027113888645633778
2625,334601,415815.0,3388685.0,13,240,6,3,2585.0,9.2,499,0,5,420015,3388605,510,0,6,-86.25,512,4200.0,-80.0,4200.76183566743,11,-61.0912162252626,-2,9,3,0.02727875439041809
2626,334601,415815.0,3388685.0,13,240,6,3,2585.0,9.2,499,0,5,420255,3388145,515,0,6,-109.5,512,4440.0,-540.0,4472.717294889092,16,-66.93434890126957,3,9,3,-0.03843017598256615
2627,334601,415815.0,3388685.0,13,240,6,3,2585.0,9.2,499,0,5,420595,3388065,516,0,12,-110.5,512,4780.0,-620.0,4820.041493597332,17,-67.3904092092877,4,9,3,-0.047547944503256265
2628,334601,415815.0,3388685.0,13,240,6,3,2585.0,9.2,499,0,5,420165,3388165,516,21,12,-103.33,512,4350.0,-520.0,4380.970212179032,17,-66.81680306742686,4,9,3,-0.052313310355251455
2629,334601,415815.0,3388685.0,13,240,6,3,2585.0,9.2,499,0,5,420195,3388125,516,0,5,-108.0,512,4380.0,-560.0,4415.653971950248,17,-67.28595912648021,4,9,3,-0.051902403770589335
2630,334601,415815.0,3388685.0,13,240,6,3,2585.0,9.2,499,0,5,420190,3388130,516,0,5,-107.5,512,4375.0,-555.0,4410.062357835771,17,-67.22976171578102,4,9,3,-0.05196821192269248
2631,334601,415815.0,3388685.0,13,240,6,3,2585.0,9.2,499,0,5,420180,3388140,516,0,5,-104.5,512,4365.0,-545.0,4398.891905923581,17,-67.11693855683447,4,9,3,-0.05210017881459728
2632,334601,415815.0,3388685.0,13,240,6,3,2585.0,9.2,499,0,5,420185,3388135,516,0,5,-105.0,512,4370.0,-550.0,4404.474997091027,17,-67.17342167068296,4,9,3,-0.05203413691668348
2633,334601,415815.0,3388685.0,13,240,6,3,2585.0,9.2,499,0,5,420170,3388150,516,0,5,-103.73,512,4355.0,-535.0,4387.738597500995,17,-67.00354138000043,4,9,3,-0.05223261355945176
2634,334601,415815.0,3388685.0,13,240,6,3,2585.0,9.2,499,0,5,420200,3388120,516,0,5,-113.5,512,4385.0,-565.0,4421.249823296575,17,-67.34201433603332,4,9,3,-0.05183671239619558
2635,334601,415815.0,3388685.0,13,240,6,3,2585.0,9.2,499,0,5,420175,3388145,516,0,5,-103.0,512,4360.0,-540.0,4393.3131006109725,17,-67.06031193878766,4,9,3,-0.052166337676298025
2636,334601,415815.0,3388685.0,13,240,6,3,2585.0,9.2,499,0,5,420165,3388155,516,21,12,-98.5,512,4350.0,-530.0,4382.1684130119875,17,-66.94662644283912,4,9,3,-0.05229900651949873
2637,334601,415815.0,3388685.0,13,240,6,3,2585.0,9.2,499,0,5,420160,3388160,516,21,12,-97.0,512,4345.0,-525.0,4376.602563633121,17,-66.88956668858103,4,9,3,-0.05236551660962551
2638,334601,415815.0,3388685.0,13,240,6,3,2585.0,9.2,499,0,5,420055,3388015,518,0,2,-112.0,512,4240.0,-670.0,4292.609928703049,19,-68.97956567015046,6,9,3,-0.08008518335235276
2639,334601,415815.0,3388685.0,13,240,6,3,2585.0,9.2,499,0,5,420010,3388060,519,0,7,-92.6,512,4195.0,-625.0,4241.302865865629,20,-68.47398753166851,7,9,3,-0.09456294565900711
2640,334601,415815.0,3388685.0,13,240,6,3,2585.0,9.2,499,0,5,420100,3388150,517,0,5,-101.54,512,4285.0,-535.0,4318.269329256803,18,-67.11678774354215,5,9,3,-0.0663411074433048
2641,334601,415815.0,3388685.0,13,240,6,3,2585.0,9.2,499,0,5,420030,3388080,519,0,14,-100.0,512,4215.0,-605.0,4258.19797566999,20,-68.16815999021492,7,9,3,-0.09418775209697892
2642,334601,415815.0,3388685.0,13,240,6,3,2585.0,9.2,499,0,5,420110,3388160,517,0,5,-86.6,512,4295.0,-525.0,4326.967760453041,18,-66.96898694949056,5,9,3,-0.06620774313917467
2643,334601,415815.0,3388685.0,13,240,6,3,2585.0,9.2,499,0,5,420020,3388070,519,0,5,-103.75,512,4205.0,-615.0,4249.735285873698,20,-68.32076980178823,7,9,3,-0.09437531208241201
2644,334601,415815.0,3388685.0,13,240,6,3,2585.0,9.2,499,0,5,420090,3388140,517,0,6,-98.68,512,4275.0,-545.0,4309.599749396689,18,-67.26518418723708,5,9,3,-0.06647456508364866
2645,334601,415815.0,3388685.0,13,240,6,3,2585.0,9.2,499,0,5,420105,3388145,517,0,12,-103.64,512,4290.0,-540.0,4323.852448916359,18,-67.1743242364823,5,9,3,-0.06625544540576439
2646,334601,415815.0,3388685.0,13,240,6,3,2585.0,9.2,499,0,5,420095,3388135,517,0,5,-100.76,512,4280.0,-550.0,4315.194086017453,18,-67.32264400842561,5,9,3,-0.06638838570137397
2647,334601,415815.0,3388685.0,13,240,6,3,2585.0,9.2,499,0,5,420035,3388075,519,15,14,-102.4,512,4220.0,-610.0,4263.859753791158,20,-68.22512014352262,7,9,3,-0.09406268485131786
2648,334601,415815.0,3388685.0,13,240,6,3,2585.0,9.2,499,0,5,420005,3388045,519,0,7,-97.82,512,4190.0,-640.0,4238.59646581271,20,-68.68449866715616,7,9,3,-0.09462332524409052
2649,334601,415815.0,3388685.0,13,240,6,3,2585.0,9.2,499,0,5,420025,3388065,519,0,5,-100.5,512,4210.0,-620.0,4255.408323533712,20,-68.37763990795818,7,9,3,-0.09424949719170096
2650,334601,415815.0,3388685.0,13,240,6,3,2585.0,9.2,499,0,5,420000,3388050,518,0,6,-94.67,512,4185.0,-635.0,4232.900896548371,19,-68.62781461507831,6,9,3,-0.08121485837763773
2651,334601,415815.0,3388685.0,13,240,6,3,2585.0,9.2,499,0,5,420015,3388055,519,0,7,-102.0,512,4200.0,-630.0,4246.987167392904,20,-68.53076560994813,7,9,3,-0.09443637986045736
2652,334601,415815.0,3388685.0,13,240,6,3,2585.0,9.2,499,0,5,420065,3388025,519,18,2,-107.0,512,4250.0,-660.0,4300.941757336409,20,-68.82718858932617,7,9,3,-0.0932516934862917
2653,334601,415815.0,3388685.0,13,240,6,3,2585.0,9.2,499,0,5,420115,3388155,517,0,5,-94.71,512,4300.0,-530.0,4332.539670908969,18,-67.02659827304461,5,9,3,-0.06612259601611936
2654,334601,415815.0,3388685.0,13,240,6,3,2585.0,9.2,499,0,5,420005,3388210,518,0,6,-93.71,512,4190.0,-475.0,4216.83827055295,19,-66.46773222553873,6,9,3,-0.08152421862679128
2655,334601,415815.0,3388685.0,13,240,6,3,2585.0,9.2,499,0,5,420045,3388170,518,0,14,-88.7,512,4230.0,-515.0,4261.235149578112,19,-66.94156374494716,6,9,3,-0.08067483671382451
2656,334601,415815.0,3388685.0,13,240,6,3,2585.0,9.2,499,0,5,420060,3388185,517,0,5,-88.5,512,4245.0,-500.0,4274.344979058194,18,-66.7176678443395,5,9,3,-0.06702284637767754
2657,334601,415815.0,3388685.0,13,240,6,3,2585.0,9.2,499,0,5,420050,3388175,517,0,5,-93.38,512,4235.0,-510.0,4265.597847898932,18,-66.86677890517993,5,9,3,-0.06716028481242536
2658,334601,415815.0,3388685.0,13,240,6,3,2585.0,9.2,499,0,5,420030,3388235,517,0,5,-95.0,512,4215.0,-450.0,4238.9532906131435,18,-66.09390425359419,5,9,3,-0.06758243015792263
2659,334601,415815.0,3388685.0,13,240,6,3,2585.0,9.2,499,0,5,420035,3388240,517,12,5,-90.86,512,4220.0,-445.0,4243.397813073858,18,-66.01960712540978,5,9,3,-0.06751164458375537
2660,334601,415815.0,3388685.0,13,240,6,3,2585.0,9.2,499,0,5,420040,3388165,518,0,14,-90.12,512,4225.0,-520.0,4256.879725808564,19,-67.01650174472292,6,9,3,-0.08075737901215811
2661,334601,415815.0,3388685.0,13,240,6,3,2585.0,9.2,499,0,5,420055,3388180,517,0,5,-90.22,512,4240.0,-505.0,4269.967798473426,18,-66.79214701038765,5,9,3,-0.0670915520091272
2662,334601,415815.0,3388685.0,13,240,6,3,2585.0,9.2,499,0,5,420065,3388190,517,12,5,-89.4,512,4250.0,-495.0,4278.7293674641305,18,-66.64334118962404,5,9,3,-0.06695416853019039
2663,334601,415815.0,3388685.0,13,240,6,3,2585.0,9.2,499,0,5,420075,3388200,517,12,5,-94.0,512,4260.0,-485.0,4287.519679255129,18,-66.49514453874357,5,9,3,-0.06681689861029139
2664,334601,415815.0,3388685.0,13,240,6,3,2585.0,9.2,499,0,5,420025,3388230,517,0,5,-94.5,512,4210.0,-455.0,4234.515910939525,18,-66.16835722018052,5,9,3,-0.0676532502066811
2665,334601,415815.0,3388685.0,13,240,6,3,2585.0,9.2,499,0,5,420080,3388285,518,18,14,-97.0,512,4265.0,-400.0,4283.716260444896,19,-65.35790580184297,6,9,3,-0.08025145256330156
2666,334601,415815.0,3388685.0,13,240,6,3,2585.0,9.2,499,0,5,420020,3388225,517,0,5,-98.33,512,4205.0,-460.0,4230.085696531454,18,-66.24296626376054,5,9,3,-0.06772410411988758
2667,334601,415815.0,3388685.0,13,240,6,3,2585.0,9.2,499,0,5,420080,3388380,518,0,5,-85.0,512,4265.0,-305.0,4275.891719863823,19,-64.09039023489285,6,9,3,-0.0803983061238907
2668,334601,415815.0,3388685.0,13,240,6,3,2585.0,9.2,499,0,5,420095,3388365,518,0,14,-104.0,512,4280.0,-320.0,4291.945945605559,19,-64.27584111262894,6,9,3,-0.08009757286971951
2669,334601,415815.0,3388685.0,13,240,6,3,2585.0,9.2,499,0,5,420110,3388390,519,0,5,-101.33,512,4295.0,-295.0,4305.1190459730615,20,-63.929161999298685,7,9,3,-0.09316121084260963
2670,334601,415815.0,3388685.0,13,240,6,3,2585.0,9.2,499,0,5,420000,3388460,513,0,6,-97.25,512,4185.0,-225.0,4191.044022675019,14,-63.077455399424366,1,9,3,-0.013671003720259966
2671,334601,415815.0,3388685.0,13,240,6,3,2585.0,9.2,499,0,5,420090,3388370,518,0,14,-97.67,512,4275.0,-315.0,4286.589553479549,19,-64.21417852273404,6,9,3,-0.08019766023363768
2672,334601,415815.0,3388685.0,13,240,6,3,2585.0,9.2,499,0,5,420115,3388385,519,0,5,-99.75,512,4300.0,-300.0,4310.452412450461,20,-63.990913098429786,7,9,3,-0.09304594173457777
2673,334601,415815.0,3388685.0,13,240,6,3,2585.0,9.2,499,0,5,420020,3388480,513,0,5,-87.2,512,4205.0,-205.0,4209.994061753532,14,-62.79104464562252,1,9,3,-0.013609467755796616
2674,334601,415815.0,3388685.0,13,240,6,3,2585.0,9.2,499,0,5,420015,3388445,514,0,6,-88.0,512,4200.0,-240.0,4206.851554309945,15,-63.270487923183566,2,9,3,-0.027239266447484454
2675,334601,415815.0,3388685.0,13,240,6,3,2585.0,9.2,499,0,5,420085,3388375,518,0,5,-104.67,512,4270.0,-310.0,4281.238138669701,19,-64.15236170844372,6,9,3,-0.08029790468890595
2676,334601,415815.0,3388685.0,13,240,6,3,2585.0,9.2,499,0,5,420105,3388395,518,0,14,-104.0,512,4290.0,-290.0,4299.79069258028,19,-63.86725778267336,6,9,3,-0.07995143915741541
2677,334601,415815.0,3388685.0,13,240,6,3,2585.0,9.2,499,0,5,420025,3388475,513,0,5,-90.0,512,4210.0,-210.0,4215.234275814335,14,-62.85561743091628,1,9,3,-0.01359254899945947
2678,334601,415815.0,3388685.0,13,240,6,3,2585.0,9.2,499,0,5,420120,3388340,518,15,5,-112.2,512,4305.0,-345.0,4318.801917198796,19,-64.58185586440811,6,9,3,-0.07959949599414201
2679,334601,415815.0,3388685.0,13,240,6,3,2585.0,9.2,499,0,5,420035,3388465,514,6,5,-92.0,512,4220.0,-220.0,4225.730706043631,15,-62.98428214359339,2,9,3,-0.027117570531871138
2680,334601,415815.0,3388685.0,13,240,6,3,2585.0,9.2,499,0,5,420060,3388125,518,18,14,-100.27,512,4245.0,-560.0,4281.778252081721,19,-67.51505980751512,6,9,3,-0.08028777573874822
2681,334601,415815.0,3388685.0,13,240,6,3,2585.0,9.2,499,0,5,420005,3388110,518,0,5,-93.33,512,4190.0,-575.0,4229.270031577554,19,-67.8139777031295,6,9,3,-0.08128458194380836
2682,334601,415815.0,3388685.0,13,240,6,3,2585.0,9.2,499,0,5,420025,3388090,518,0,5,-98.67,512,4210.0,-595.0,4251.837837923737,19,-68.04434455762475,6,9,3,-0.08085314209771005
2683,334601,415815.0,3388685.0,13,240,6,3,2585.0,9.2,499,0,5,420040,3388145,518,0,14,-89.73,512,4225.0,-540.0,4259.369084735437,19,-67.28352203230261,6,9,3,-0.08071018098063419
2684,334601,415815.0,3388685.0,13,240,6,3,2585.0,9.2,499,0,5,420030,3388095,518,0,14,-100.0,512,4215.0,-590.0,4256.092691659805,19,-67.968277190219,6,9,3,-0.0807723125992412
2685,334601,415815.0,3388685.0,13,240,6,3,2585.0,9.2,499,0,5,420045,3388150,518,0,14,-86.15,512,4230.0,-535.0,4263.69851185564,19,-67.20835560578354,6,9,3,-0.08062822669050454
2686,334601,415815.0,3388685.0,13,240,6,3,2585.0,9.2,499,0,5,420050,3388155,518,0,5,-97.89,512,4235.0,-530.0,4268.035262272326,19,-67.13334180358211,6,9,3,-0.08054630046138779
2687,334601,415815.0,3388685.0,13,240,6,3,2585.0,9.2,499,0,5,420055,3388160,518,0,5,-101.94,512,4240.0,-525.0,4272.379313684589,19,-67.05848041769823,6,9,3,-0.0804644030491285
2688,334601,415815.0,3388685.0,13,240,6,3,2585.0,9.2,499,0,5,420010,3388115,518,0,5,-99.13,512,4195.0,-570.0,4233.547566757695,19,-67.7377371899027,6,9,3,-0.08120245290484994
2689,334601,415815.0,3388685.0,13,240,6,3,2585.0,9.2,499,0,5,420095,3388040,519,0,5,-107.0,512,4280.0,-645.0,4328.328199201165,20,-68.57003842919073,7,9,3,-0.09266166715332683
2690,334601,415815.0,3388685.0,13,240,6,3,2585.0,9.2,499,0,5,420015,3388120,518,0,7,-97.88,512,4200.0,-565.0,4237.832582818722,19,-67.6616507209126,6,9,3,-0.08112034646414804
2691,334601,415815.0,3388685.0,13,240,6,3,2585.0,9.2,499,0,5,420000,3388105,519,0,6,-94.78,512,4185.0,-580.0,4225.0,20,-67.89037245807512,7,9,3,-0.0949278318609362
2692,334601,415815.0,3388685.0,13,240,6,3,2585.0,9.2,499,0,5,420020,3388085,519,0,5,-91.0,512,4205.0,-600.0,4247.590493444489,20,-68.12056418552208,7,9,3,-0.09442296617919309
2693,334601,415815.0,3388685.0,13,240,6,3,2585.0,9.2,499,0,5,420035,3388100,518,15,5,-99.6,512,4220.0,-585.0,4260.355032154011,19,-67.89236189486297,6,9,3,-0.08069150275106012
2694,334601,415815.0,3388685.0,13,240,6,3,2585.0,9.2,499,0,5,420000,3387935,517,0,5,-96.5,512,4185.0,-750.0,4251.6732000472475,18,-70.1602061208946,5,9,3,-0.06738024114745003
2695,334601,415815.0,3388685.0,13,240,6,3,2585.0,9.2,499,0,5,420030,3388570,511,0,6,-88.6,512,4215.0,-115.0,4216.568510056489,12,-61.562842334912744,-1,9,3,0.013588247956184626
2696,334601,415815.0,3388685.0,13,240,6,3,2585.0,9.2,499,0,5,420035,3388565,511,0,5,-89.6,512,4220.0,-120.0,4221.705816373282,12,-61.62882494052573,-1,9,3,0.013571712699470153
2697,334601,415815.0,3388685.0,13,240,6,3,2585.0,9.2,499,0,5,420025,3388575,510,0,6,-93.2,512,4210.0,-110.0,4211.43680945114,11,-61.49669883975898,-2,9,3,0.02720960935576425
2698,334601,415815.0,3388685.0,13,240,6,3,2585.0,9.2,499,0,5,420020,3388580,510,0,6,-97.73,512,4205.0,-105.0,4206.310735074146,11,-61.43039404282908,-2,9,3,0.02724276868922823
2699,334601,415815.0,3388685.0,13,240,6,3,2585.0,9.2,499,0,5,420015,3388585,510,0,6,-92.93,512,4200.0,-100.0,4201.190307520001,11,-61.36392753160291,-2,9,3,0.027275972279680916
2700,334601,415815.0,3388685.0,13,240,6,3,2585.0,9.2,499,0,5,420010,3388590,510,0,6,-91.0,512,4195.0,-95.0,4196.075547460984,11,-61.29729889328658,-2,9,3,0.027309220020550314
2701,334601,415815.0,3388685.0,13,240,6,3,2585.0,9.2,499,0,5,420005,3388595,510,0,6,-88.33,512,4190.0,-90.0,4190.966475647354,11,-61.23050771482389,-2,9,3,0.027342511803221364
2702,334601,415815.0,3388685.0,13,240,6,3,2585.0,9.2,499,0,5,420000,3388600,510,0,6,-95.5,512,4185.0,-85.0,4185.86311290754,11,-61.16355358290801,-2,9,3,0.027375847517018388
2703,334601,415815.0,3388685.0,13,240,6,3,2585.0,9.2,499,0,5,420065,3388545,512,0,5,-90.5,512,4250.0,-140.0,4252.305257151702,13,-61.886708145710884,0,9,3,0.0
2704,334601,415815.0,3388685.0,13,240,6,3,2585.0,9.2,499,0,5,420035,3388515,512,0,14,-90.75,512,4220.0,-170.0,4223.422782530775,13,-62.30687646962076,0,9,3,0.0
2705,334601,415815.0,3388685.0,13,240,6,3,2585.0,9.2,499,0,5,420025,3388505,512,0,5,-89.73,512,4210.0,-180.0,4213.846224057067,13,-62.4482097216092,0,9,3,0.0
2706,334601,415815.0,3388685.0,13,240,6,3,2585.0,9.2,499,0,5,420040,3388530,512,0,14,-89.0,512,4225.0,-155.0,4227.842239251602,13,-62.101033093791386,0,9,3,0.0
2707,334601,415815.0,3388685.0,13,240,6,3,2585.0,9.2,499,0,5,420030,3388520,512,0,5,-90.88,512,4215.0,-165.0,4218.228301076176,13,-62.241750663197365,0,9,3,0.0
2708,334601,415815.0,3388685.0,13,240,6,3,2585.0,9.2,499,0,5,420020,3388510,512,0,6,-89.33,512,4205.0,-175.0,4208.639922825425,13,-62.383110271079914,0,9,3,0.0
2709,334601,415815.0,3388685.0,13,240,6,3,2585.0,9.2,499,0,5,420075,3388315,518,0,14,-89.83,512,4260.0,-370.0,4276.0378857068135,19,-64.96393686067543,6,9,3,-0.0803955579090529
2710,334601,415815.0,3388685.0,13,240,6,3,2585.0,9.2,499,0,5,420105,3388185,517,0,12,-93.2,512,4290.0,-500.0,4319.039245017345,18,-66.64783680002034,5,9,3,-0.06632928142931058
2711,334601,415815.0,3388685.0,13,240,6,3,2585.0,9.2,499,0,5,420090,3388180,517,0,6,-87.08,512,4275.0,-505.0,4304.724149118036,18,-66.73705200938741,5,9,3,-0.06654985518482151
2712,334601,415815.0,3388685.0,13,240,6,3,2585.0,9.2,499,0,5,420070,3388320,518,0,14,-89.5,512,4255.0,-365.0,4270.626417751851,19,-64.9029116631884,6,9,3,-0.08049742994623259
2713,334601,415815.0,3388685.0,13,240,6,3,2585.0,9.2,499,0,5,420025,3388265,518,0,5,-94.25,512,4210.0,-420.0,4230.898249781008,19,-65.69711811904793,6,9,3,-0.08125330044028652
2714,334601,415815.0,3388685.0,13,240,6,3,2585.0,9.2,499,0,5,420030,3388280,518,6,5,-99.75,512,4215.0,-405.0,4234.412592084054,19,-65.48843930728509,6,9,3,-0.0811858645156064
2715,334601,415815.0,3388685.0,13,240,6,3,2585.0,9.2,499,0,5,420055,3388295,518,12,5,-90.0,512,4240.0,-390.0,4257.898542708598,19,-65.25534296038859,6,9,3,-0.08073805565985555
2716,334601,415815.0,3388685.0,13,240,6,3,2585.0,9.2,499,0,5,420020,3388270,518,0,5,-97.5,512,4205.0,-415.0,4225.428972305652,19,-65.63638458666637,6,9,3,-0.08135847230610893
2717,334601,415815.0,3388685.0,13,240,6,3,2585.0,9.2,499,0,5,420040,3388290,518,12,14,-91.06,512,4225.0,-395.0,4243.424324764141,19,-65.34112143000235,6,9,3,-0.08101345085243099
2718,334601,415815.0,3388685.0,13,240,6,3,2585.0,9.2,499,0,5,420085,3388165,517,0,5,-94.38,512,4270.0,-520.0,4301.54623362344,18,-66.94328294029043,5,9,3,-0.06659902113911836
2719,334601,415815.0,3388685.0,13,240,6,3,2585.0,9.2,499,0,5,420080,3388170,517,0,5,-90.59,512,4265.0,-515.0,4295.980679658604,18,-66.88514802227624,5,9,3,-0.06668530181384127
2720,334601,415815.0,3388685.0,13,240,6,3,2585.0,9.2,499,0,5,420035,3388275,518,6,14,-91.12,512,4220.0,-410.0,4239.87028103455,19,-65.54923487970422,6,9,3,-0.08108135976088553
2721,334601,415815.0,3388685.0,13,240,6,3,2585.0,9.2,499,0,5,420095,3388175,517,0,5,-89.8,512,4280.0,-510.0,4310.278413281444,18,-66.79526010779222,5,9,3,-0.06646409851008266
2722,334601,415815.0,3388685.0,13,240,6,3,2585.0,9.2,499,0,5,420045,3388285,518,12,14,-92.7,512,4230.0,-400.0,4248.870438128232,19,-65.40197716927088,6,9,3,-0.08090960964172476
2723,334601,415815.0,3388685.0,13,240,6,3,2585.0,9.2,499,0,5,420050,3388300,518,12,5,-89.25,512,4235.0,-385.0,4252.463991617095,19,-65.19442890773482,6,9,3,-0.0808412368995829
2724,334601,415815.0,3388685.0,13,240,6,3,2585.0,9.2,499,0,5,420005,3388245,517,0,6,-95.83,512,4190.0,-440.0,4213.039282987995,18,-65.99476921297125,5,9,3,-0.06799812292823888
2725,334601,415815.0,3388685.0,13,240,6,3,2585.0,9.2,499,0,5,420015,3388255,517,0,5,-101.67,512,4200.0,-430.0,4221.954523677393,18,-65.84562889858404,5,9,3,-0.0678545356248927
2726,334601,415815.0,3388685.0,13,240,6,3,2585.0,9.2,499,0,5,420100,3388350,518,15,5,-106.67,512,4285.0,-335.0,4298.075150576127,19,-64.4702739217334,6,9,3,-0.07998335108757125
2727,334601,415815.0,3388685.0,13,240,6,3,2585.0,9.2,499,0,5,420020,3388430,515,0,5,-88.67,512,4205.0,-255.0,4212.7247714513705,16,-63.470286188713885,3,9,3,-0.04080193195812003
2728,334601,415815.0,3388685.0,13,240,6,3,2585.0,9.2,499,0,5,420010,3388420,515,0,6,-88.67,512,4195.0,-265.0,4203.361749837861,16,-63.6145967434,3,9,3,-0.040892818554121815
2729,334601,415815.0,3388685.0,13,240,6,3,2585.0,9.2,499,0,5,420115,3388355,518,0,5,-104.5,512,4300.0,-330.0,4312.644200487677,19,-64.38851581579777,6,9,3,-0.07971315028414484
2730,334601,415815.0,3388685.0,13,240,6,3,2585.0,9.2,499,0,5,420150,3388400,519,0,5,-101.0,512,4335.0,-285.0,4344.358410628663,20,-63.761437477015335,7,9,3,-0.09231975624276348
2731,334601,415815.0,3388685.0,13,240,6,3,2585.0,9.2,499,0,5,420080,3388330,518,0,14,-87.0,512,4265.0,-355.0,4279.748824405469,19,-64.75808277160974,6,9,3,-0.08032584760403404
2732,334601,415815.0,3388685.0,13,240,6,3,2585.0,9.2,499,0,5,420090,3388340,518,15,5,-96.0,512,4275.0,-345.0,4288.898459977807,19,-64.61387089748843,6,9,3,-0.08015448629074143
2733,334601,415815.0,3388685.0,13,240,6,3,2585.0,9.2,499,0,5,420015,3388415,515,0,6,-83.6,512,4200.0,-270.0,4208.669623527131,16,-63.67823872199338,3,9,3,-0.04084124552474936
2734,334601,415815.0,3388685.0,13,240,6,3,2585.0,9.2,499,0,5,420105,3388345,518,15,5,-116.0,512,4290.0,-340.0,4303.452102672923,19,-64.53145242341785,6,9,3,-0.07988341594726994
2735,334601,415815.0,3388685.0,13,240,6,3,2585.0,9.2,499,0,5,420000,3388410,515,0,6,-95.0,512,4185.0,-275.0,4194.025512559503,16,-63.75955071481289,3,9,3,-0.040983849218044675
2736,334601,415815.0,3388685.0,13,240,6,3,2585.0,9.2,499,0,5,420025,3388615,509,0,6,-93.5,512,4210.0,-70.0,4210.581907527747,10,-60.952573640800466,-3,9,3,0.04082269701158416
2737,334601,415815.0,3388685.0,13,240,6,3,2585.0,9.2,499,0,5,420035,3388605,510,0,7,-95.8,512,4220.0,-80.0,4220.758225722009,11,-61.0860458260064,-2,9,3,0.027149517769418607
2738,334601,415815.0,3388685.0,13,240,6,3,2585.0,9.2,499,0,5,420040,3388535,512,0,5,-89.5,512,4225.0,-150.0,4227.661883358223,13,-62.03331566941438,0,9,3,0.0
2739,334601,415815.0,3388685.0,13,240,6,3,2585.0,9.2,499,0,5,420030,3388505,513,0,5,-91.92,512,4215.0,-180.0,4218.841665670803,14,-62.44530908560941,1,9,3,-0.01358092646762904
2740,334601,415815.0,3388685.0,13,240,6,3,2585.0,9.2,499,0,5,420060,3388555,512,0,5,-84.0,512,4245.0,-130.0,4246.990110654839,13,-61.75409284973904,0,9,3,0.0
2741,334601,415815.0,3388685.0,13,240,6,3,2585.0,9.2,499,0,5,420025,3388520,512,0,5,-94.0,512,4210.0,-165.0,4213.232132223431,13,-62.24441035376006,0,9,3,0.0
2742,334601,415815.0,3388685.0,13,240,6,3,2585.0,9.2,499,0,5,420000,3388495,512,0,6,-96.6,512,4185.0,-190.0,4189.3108025067795,13,-62.59945707679762,0,9,3,0.0
2743,334601,415815.0,3388685.0,13,240,6,3,2585.0,9.2,499,0,5,420020,3388515,512,0,6,-92.0,512,4205.0,-170.0,4208.434982270725,13,-62.31509657971168,0,9,3,0.0
2744,334601,415815.0,3388685.0,13,240,6,3,2585.0,9.2,499,0,5,420005,3388500,512,0,6,-97.0,512,4190.0,-185.0,4194.082140349662,13,-62.528123944791986,0,9,3,0.0
2745,334601,415815.0,3388685.0,13,240,6,3,2585.0,9.2,499,0,5,420015,3388490,513,0,6,-84.0,512,4200.0,-195.0,4204.524348841376,14,-62.65825223470779,1,9,3,-0.013627172464469916
2746,334601,415815.0,3388685.0,13,240,6,3,2585.0,9.2,499,0,5,420045,3388540,512,0,5,-94.33,512,4230.0,-145.0,4232.484494950927,13,-61.963270985453136,0,9,3,0.0
2747,334601,415815.0,3388685.0,13,240,6,3,2585.0,9.2,499,0,5,420035,3388510,512,0,14,-109.33,512,4220.0,-175.0,4223.62699584137,13,-62.374649214210024,0,9,3,0.0
2748,334601,415815.0,3388685.0,13,240,6,3,2585.0,9.2,499,0,5,420040,3388365,518,0,14,-91.0,512,4225.0,-320.0,4237.101013664886,19,-64.33129248596072,6,9,3,-0.08113435251774538
2749,334601,415815.0,3388685.0,13,240,6,3,2585.0,9.2,499,0,5,420005,3388330,517,0,6,-94.0,512,4190.0,-355.0,4205.011890589609,18,-64.84284978810746,5,9,3,-0.06812793162207649
2750,334601,415815.0,3388685.0,13,240,6,3,2585.0,9.2,499,0,5,420015,3388340,517,0,5,-85.75,512,4200.0,-345.0,4214.145820922669,18,-64.69589619523373,5,9,3,-0.06798026819917144
2751,334601,415815.0,3388685.0,13,240,6,3,2585.0,9.2,499,0,5,420060,3388385,518,0,5,-89.4,512,4245.0,-300.0,4255.587503506419,19,-64.04245070613803,6,9,3,-0.08078190120747449
2752,334601,415815.0,3388685.0,13,240,6,3,2585.0,9.2,499,0,5,420085,3388410,518,0,5,-95.5,512,4270.0,-275.0,4278.846222990492,19,-63.68492016724386,6,9,3,-0.08034279192147332
2753,334601,415815.0,3388685.0,13,240,6,3,2585.0,9.2,499,0,5,420055,3388380,518,0,14,-88.33,512,4240.0,-305.0,4250.9557748816915,19,-64.11442551609389,6,9,3,-0.08086991890686686
2754,334601,415815.0,3388685.0,13,240,6,3,2585.0,9.2,499,0,5,420065,3388390,518,0,5,-93.5,512,4250.0,-295.0,4260.225932975855,19,-63.97063251187049,6,9,3,-0.08069394797182498
2755,334601,415815.0,3388685.0,13,240,6,3,2585.0,9.2,499,0,5,420075,3388400,518,0,14,-95.67,512,4260.0,-285.0,4269.522807059356,19,-63.82746482692181,6,9,3,-0.08051823735527416
2756,334601,415815.0,3388685.0,13,240,6,3,2585.0,9.2,499,0,5,420010,3388335,517,0,6,-83.33,512,4195.0,-350.0,4209.575394264842,18,-64.76929327677149,5,9,3,-0.06805407577091481
2757,334601,415815.0,3388685.0,13,240,6,3,2585.0,9.2,499,0,5,420010,3387995,518,0,5,-99.6,512,4195.0,-690.0,4251.36742707567,19,-69.34046361863219,6,9,3,-0.08086208842975359
2758,334601,415815.0,3388685.0,13,240,6,3,2585.0,9.2,499,0,5,420005,3387990,518,0,5,-102.33,512,4190.0,-695.0,4247.24910971796,19,-69.41796705566074,6,9,3,-0.08094049572137121
2759,334601,415815.0,3388685.0,13,240,6,3,2585.0,9.2,499,0,5,420000,3387985,517,0,6,-100.0,512,4185.0,-700.0,4243.138578929517,18,-69.49562079756205,5,9,3,-0.06751576919738526
2760,334601,415815.0,3388685.0,13,240,6,3,2585.0,9.2,499,0,5,420030,3387975,517,0,14,-100.0,512,4215.0,-710.0,4274.380072010443,18,-69.56148788124091,5,9,3,-0.06702229611603439
2761,334601,415815.0,3388685.0,13,240,6,3,2585.0,9.2,499,0,5,420030,3388545,511,0,5,-91.5,512,4215.0,-140.0,4217.324388756454,12,-61.902363297293135,-1,9,3,0.013585812509947127
2762,334601,415815.0,3388685.0,13,240,6,3,2585.0,9.2,499,0,5,420005,3388540,511,0,6,-90.88,512,4190.0,-145.0,4192.508199157159,12,-61.981998551495536,-1,9,3,0.013666229308279293
2763,334601,415815.0,3388685.0,13,240,6,3,2585.0,9.2,499,0,5,420010,3388525,511,0,6,-107.0,512,4195.0,-160.0,4198.050142625741,12,-62.18423917417698,-1,9,3,0.013648188202333641
2764,334601,415815.0,3388685.0,13,240,6,3,2585.0,9.2,499,0,5,420000,3388535,511,0,7,-91.69,512,4185.0,-150.0,4187.687309243612,12,-62.05273344148259,-1,9,3,0.013681961950107619
2765,334601,415815.0,3388685.0,13,240,6,3,2585.0,9.2,499,0,5,420035,3388550,511,0,5,-90.4,512,4220.0,-135.0,4222.158808003318,12,-61.83229697337339,-1,9,3,0.01357025660264676
2766,334601,415815.0,3388685.0,13,240,6,3,2585.0,9.2,499,0,5,420025,3388560,511,0,6,-91.83,512,4210.0,-125.0,4211.855291911155,12,-61.70068146389127,-1,9,3,0.01360345369569517
2767,334601,415815.0,3388685.0,13,240,6,3,2585.0,9.2,499,0,5,420020,3388555,511,0,7,-86.0,512,4205.0,-130.0,4207.009032555076,12,-61.770768058820295,-1,9,3,0.013619124178395774
2768,334601,415815.0,3388685.0,13,240,6,3,2585.0,9.2,499,0,5,420095,3388200,517,0,5,-88.33,512,4280.0,-485.0,4307.391902300045,18,-66.46505095753116,5,9,3,-0.06650863803244093
2769,334601,415815.0,3388685.0,13,240,6,3,2585.0,9.2,499,0,5,420045,3388310,518,12,14,-90.64,512,4230.0,-375.0,4246.589808305012,19,-65.06616866256445,6,9,3,-0.08095306206627108
2770,334601,415815.0,3388685.0,13,240,6,3,2585.0,9.2,499,0,5,420070,3388295,518,18,14,-86.33,512,4255.0,-390.0,4272.835709455724,19,-65.23691967826824,6,9,3,-0.0804558083903356
2771,334601,415815.0,3388685.0,13,240,6,3,2585.0,9.2,499,0,5,420020,3388245,517,0,5,-92.0,512,4205.0,-440.0,4227.957544725349,18,-65.97353967944119,5,9,3,-0.06775819316610654
2772,334601,415815.0,3388685.0,13,240,6,3,2585.0,9.2,499,0,5,420085,3388190,517,0,5,-87.33,512,4270.0,-495.0,4298.595700923733,18,-66.6125010432929,5,9,3,-0.06664473430363331
2773,334601,415815.0,3388685.0,13,240,6,3,2585.0,9.2,499,0,5,420115,3388180,517,21,12,-92.78,512,4300.0,-505.0,4329.552517293213,18,-66.69824003699779,5,9,3,-0.06616821693777952
2774,334601,415815.0,3388685.0,13,240,6,3,2585.0,9.2,499,0,5,420080,3388185,517,0,5,-92.79,512,4265.0,-500.0,4294.208308873709,18,-66.68645236737939,5,9,3,-0.06671282515817253
2775,334601,415815.0,3388685.0,13,240,6,3,2585.0,9.2,499,0,5,420105,3388170,517,0,5,-87.61,512,4290.0,-515.0,4320.80143029045,18,-66.8454066117427,5,9,3,-0.06630222987870621
2776,334601,415815.0,3388685.0,13,240,6,3,2585.0,9.2,499,0,5,420150,3388215,516,0,12,-117.0,512,4335.0,-470.0,4360.404224381038,17,-66.18782900897196,4,9,3,-0.05256004764035389
2777,334601,415815.0,3388685.0,13,240,6,3,2585.0,9.2,499,0,5,420030,3388255,517,0,5,-90.0,512,4215.0,-430.0,4236.876797831157,18,-65.8249692481028,5,9,3,-0.06761555226763866
2778,334601,415815.0,3388685.0,13,240,6,3,2585.0,9.2,499,0,5,420100,3388165,517,0,5,-87.0,512,4285.0,-520.0,4316.4366090561325,18,-66.91921342827541,5,9,3,-0.06636927525625319
2779,334601,415815.0,3388685.0,13,240,6,3,2585.0,9.2,499,0,5,420110,3388175,517,21,5,-92.36,512,4295.0,-510.0,4325.173406928328,18,-66.77174888416727,5,9,3,-0.06623521024402061
2780,334601,415815.0,3388685.0,13,240,6,3,2585.0,9.2,499,0,5,420040,3388305,518,12,14,-88.76,512,4225.0,-380.0,4242.054337228603,19,-65.13940149795238,6,9,3,-0.08103961441872591
2781,334601,415815.0,3388685.0,13,240,6,3,2585.0,9.2,499,0,5,420035,3388260,518,0,14,-85.63,512,4220.0,-425.0,4241.347073749093,19,-65.75091860615834,6,9,3,-0.08105312811666511
2782,334601,415815.0,3388685.0,13,240,6,3,2585.0,9.2,499,0,5,420005,3388270,518,0,6,-101.0,512,4190.0,-415.0,4210.501751573083,19,-65.65643195357237,6,9,3,-0.08164690686926811
2783,334601,415815.0,3388685.0,13,240,6,3,2585.0,9.2,499,0,5,420090,3388195,517,0,6,-96.8,512,4275.0,-490.0,4302.990239356813,18,-66.53870064582037,5,9,3,-0.06657667173174522
2784,334601,415815.0,3388685.0,13,240,6,3,2585.0,9.2,499,0,5,420140,3388205,516,0,5,-105.0,512,4325.0,-480.0,4351.554320010265,17,-66.33292163054313,4,9,3,-0.05266694074092894
2785,334601,415815.0,3388685.0,13,240,6,3,2585.0,9.2,499,0,5,420010,3388275,518,0,5,-91.33,512,4195.0,-410.0,4214.988137587104,19,-65.5820971524148,6,9,3,-0.08156000293644126
2786,334601,415815.0,3388685.0,13,240,6,3,2585.0,9.2,499,0,5,420025,3388250,517,0,5,-98.0,512,4210.0,-435.0,4232.413614003244,18,-65.89917619064994,5,9,3,-0.06768685445742642
2787,334601,415815.0,3388685.0,13,240,6,3,2585.0,9.2,499,0,5,420000,3388265,517,0,6,-102.5,512,4185.0,-420.0,4206.022467842986,18,-65.73092520886516,5,9,3,-0.06811156260035298
2788,334601,415815.0,3388685.0,13,240,6,3,2585.0,9.2,499,0,5,420065,3388290,518,0,14,-81.0,512,4250.0,-395.0,4268.316412826022,19,-65.30988318043788,6,9,3,-0.08054099494863998
2789,334601,415815.0,3388685.0,13,240,6,3,2585.0,9.2,499,0,5,420075,3388300,518,0,14,-87.8,512,4260.0,-385.0,4277.361920623505,19,-65.16411047500893,6,9,3,-0.08037067191901076
2790,334601,415815.0,3388685.0,13,240,6,3,2585.0,9.2,499,0,5,420050,3388345,518,0,14,-92.33,512,4235.0,-340.0,4248.626248565529,19,-64.59005258494403,6,9,3,-0.08091425991095838
2791,334601,415815.0,3388685.0,13,240,6,3,2585.0,9.2,499,0,5,420045,3388360,518,0,14,-94.8,512,4230.0,-325.0,4242.466853140988,19,-64.39352630958678,6,9,3,-0.0810317345490512
2792,334601,415815.0,3388685.0,13,240,6,3,2585.0,9.2,499,0,5,420055,3388350,518,0,14,-87.5,512,4240.0,-335.0,4253.213490997131,19,-64.51752250761979,6,9,3,-0.08082699111185729
2793,334601,415815.0,3388685.0,13,240,6,3,2585.0,9.2,499,0,5,420015,3388390,516,0,5,-84.86,512,4200.0,-295.0,4210.347372842293,17,-64.01774804843947,4,9,3,-0.054433287518951025
2794,334601,415815.0,3388685.0,13,240,6,3,2585.0,9.2,499,0,5,420065,3388340,518,0,5,-95.4,512,4250.0,-345.0,4263.979948358106,19,-64.64089310558427,6,9,3,-0.08062290497313249
2795,334601,415815.0,3388685.0,13,240,6,3,2585.0,9.2,499,0,5,420010,3388385,516,0,6,-84.38,512,4195.0,-300.0,4205.713375873349,17,-64.09046988681683,4,9,3,-0.05449326391648424
2796,334601,415815.0,3388685.0,13,240,6,3,2585.0,9.2,499,0,5,420005,3388400,516,0,6,-91.5,512,4190.0,-285.0,4199.6815355452845,17,-63.89121332032988,4,9,3,-0.05457153043871282
2797,334601,415815.0,3388685.0,13,240,6,3,2585.0,9.2,499,0,5,420040,3388355,518,0,14,-86.0,512,4225.0,-330.0,4237.867978122962,19,-64.46610602372144,6,9,3,-0.08111966893584346
2798,334601,415815.0,3388685.0,13,240,6,3,2585.0,9.2,499,0,5,420020,3388375,517,0,5,-89.67,512,4205.0,-310.0,4216.411388847156,18,-64.21631831457086,5,9,3,-0.06794374098289613
2799,334601,415815.0,3388685.0,13,240,6,3,2585.0,9.2,499,0,5,420060,3388335,518,0,5,-90.5,512,4245.0,-350.0,4259.4043010730975,19,-64.71337244883648,6,9,3,-0.08070951367764412
2800,334601,415815.0,3388685.0,13,240,6,3,2585.0,9.2,499,0,5,420000,3388395,516,0,6,-89.5,512,4185.0,-290.0,4195.035756701008,17,-63.963980202536504,4,9,3,-0.0546319654678123
2801,334601,415815.0,3388685.0,13,240,6,3,2585.0,9.2,499,0,5,420140,3388415,518,0,5,-107.0,512,4325.0,-270.0,4333.419550424353,19,-63.57221059643004,6,9,3,-0.07933098870232815
2802,334601,415815.0,3388685.0,13,240,6,3,2585.0,9.2,499,0,5,420050,3388145,518,0,5,-86.0,512,4235.0,-540.0,4269.288582422135,19,-67.26650767251076,6,9,3,-0.08052265479619856
2803,334601,415815.0,3388685.0,13,240,6,3,2585.0,9.2,499,0,5,420060,3388135,518,6,14,-95.0,512,4245.0,-550.0,4280.481865397866,19,-67.38235584780276,6,9,3,-0.08031209166165176
2804,334601,415815.0,3388685.0,13,240,6,3,2585.0,9.2,499,0,5,420020,3388095,518,0,5,-96.38,512,4205.0,-590.0,4246.189468217357,19,-67.98698246986118,6,9,3,-0.08096069448895707
2805,334601,415815.0,3388685.0,13,240,6,3,2585.0,9.2,499,0,5,420055,3388150,518,0,5,-95.0,512,4240.0,-535.0,4273.619660194388,19,-67.19153296915732,6,9,3,-0.08044104963486787
2806,334601,415815.0,3388685.0,13,240,6,3,2585.0,9.2,499,0,5,420025,3388100,518,0,5,-101.14,512,4210.0,-585.0,4250.449976178993,19,-67.91087152772675,6,9,3,-0.08087954232226163
2807,334601,415815.0,3388685.0,13,240,6,3,2585.0,9.2,499,0,5,420045,3388160,518,0,14,-88.94,512,4230.0,-525.0,4262.455278357768,19,-67.0749982214831,6,9,3,-0.08065174355422647
2808,334601,415815.0,3388685.0,13,240,6,3,2585.0,9.2,499,0,5,420035,3388090,518,15,14,-102.71,512,4220.0,-595.0,4261.739668257554,19,-68.02553078043104,6,9,3,-0.08066528617543779
2809,334601,415815.0,3388685.0,13,240,6,3,2585.0,9.2,499,0,5,420040,3388155,518,0,14,-87.97,512,4225.0,-530.0,4258.112844911464,19,-67.15005091452963,6,9,3,-0.08073399228227252
2810,334601,415815.0,3388685.0,13,240,6,3,2585.0,9.2,499,0,5,420030,3388085,519,0,14,-97.0,512,4215.0,-600.0,4257.490458004574,20,-68.10155438466336,7,9,3,-0.09420340436421143
2811,334601,415815.0,3388685.0,13,240,6,3,2585.0,9.2,499,0,5,420000,3388115,519,0,6,-90.75,512,4185.0,-570.0,4223.638833991373,20,-67.75600162638688,7,9,3,-0.09495842451019139
2812,334601,415815.0,3388685.0,13,240,6,3,2585.0,9.2,499,0,5,420010,3388105,518,0,5,-95.63,512,4195.0,-580.0,4234.905547943189,19,-67.87179953792094,6,9,3,-0.08117641424721687
2813,334601,415815.0,3388685.0,13,240,6,3,2585.0,9.2,499,0,5,420015,3388110,518,0,5,-97.62,512,4200.0,-575.0,4239.177396618358,19,-67.79560202061592,6,9,3,-0.08109461231682807
2814,334601,415815.0,3388685.0,13,240,6,3,2585.0,9.2,499,0,5,420225,3388125,515,0,5,-101.6,512,4410.0,-560.0,4445.41336660608,16,-67.236922025968,3,9,3,-0.0386662157756711
2815,334601,415815.0,3388685.0,13,240,6,3,2585.0,9.2,499,0,5,420220,3388130,515,0,12,-109.0,512,4405.0,-555.0,4439.825447019286,16,-67.18103958242241,3,9,3,-0.03871488067057153
2816,334601,415815.0,3388685.0,13,240,6,3,2585.0,9.2,499,0,5,420205,3388145,515,0,12,-108.5,512,4390.0,-540.0,4423.087157178796,16,-67.0125458100785,3,9,3,-0.038861389358374604
2817,334601,415815.0,3388685.0,13,240,6,3,2585.0,9.2,499,0,5,420095,3388190,517,0,5,-82.5,512,4280.0,-495.0,4308.529331454063,18,-66.59718762369519,5,9,3,-0.06649108011646908
2818,334601,415815.0,3388685.0,13,240,6,3,2585.0,9.2,499,0,5,420080,3388195,517,12,5,-93.25,512,4265.0,-490.0,4293.055438728925,18,-66.55389848553108,5,9,3,-0.06673074040663714
2819,334601,415815.0,3388685.0,13,240,6,3,2585.0,9.2,499,0,5,420015,3388270,518,0,5,-93.5,512,4200.0,-415.0,4220.4531747195115,19,-65.64305128559229,6,9,3,-0.08145439156601336
2820,334601,415815.0,3388685.0,13,240,6,3,2585.0,9.2,499,0,5,420050,3388305,518,12,14,-100.0,512,4235.0,-380.0,4252.0142285745,19,-65.1273307190277,6,9,3,-0.08084978798865682
2821,334601,415815.0,3388685.0,13,240,6,3,2585.0,9.2,499,0,5,420055,3388310,518,12,5,-98.0,512,4240.0,-375.0,4256.550833715016,19,-65.05428211408926,6,9,3,-0.08076361890668984
2822,334601,415815.0,3388685.0,13,240,6,3,2585.0,9.2,499,0,5,420030,3388245,517,0,5,-95.43,512,4215.0,-440.0,4237.903373131578,18,-65.95946969408928,5,9,3,-0.06759917332141255
2823,334601,415815.0,3388685.0,13,240,6,3,2585.0,9.2,499,0,5,420115,3388170,517,21,5,-94.17,512,4300.0,-515.0,4330.73030792729,18,-66.82963760206897,5,9,3,-0.06615022176574653
2824,334601,415815.0,3388685.0,13,240,6,3,2585.0,9.2,499,0,5,420035,3388250,517,12,5,-91.94,512,4220.0,-435.0,4242.360781451762,18,-65.8852953364788,5,9,3,-0.06752814757562088
2825,334601,415815.0,3388685.0,13,240,6,3,2585.0,9.2,499,0,5,420090,3388185,517,0,6,-94.0,512,4275.0,-500.0,4304.140448451933,18,-66.67095267425387,5,9,3,-0.06655888025273478
2826,334601,415815.0,3388685.0,13,240,6,3,2585.0,9.2,499,0,5,420150,3388205,516,21,5,-110.0,512,4335.0,-480.0,4361.4934368860395,17,-66.31843110148978,4,9,3,-0.0525469216251767
2827,334601,415815.0,3388685.0,13,240,6,3,2585.0,9.2,499,0,5,420040,3388315,518,12,5,-90.09,512,4225.0,-370.0,4241.170239450428,19,-65.00485022451534,6,9,3,-0.0810565075975943
2828,334601,415815.0,3388685.0,13,240,6,3,2585.0,9.2,499,0,5,420045,3388320,518,12,5,-85.0,512,4230.0,-365.0,4245.718431549601,19,-64.93174618493083,6,9,3,-0.08096967657422614
2829,334601,415815.0,3388685.0,13,240,6,3,2585.0,9.2,499,0,5,420100,3388175,517,0,5,-85.5,512,4285.0,-510.0,4315.243330334919,18,-66.78740499906351,5,9,3,-0.06638762809686242
2830,334601,415815.0,3388685.0,13,240,6,3,2585.0,9.2,499,0,5,420005,3388280,518,0,6,-94.0,512,4190.0,-405.0,4209.527883266721,19,-65.52098482051741,6,9,3,-0.08166579573981081
2831,334601,415815.0,3388685.0,13,240,6,3,2585.0,9.2,499,0,5,420020,3388255,517,0,5,-100.33,512,4205.0,-430.0,4226.9285539265975,18,-65.83872614078774,5,9,3,-0.06777468800186912
2832,334601,415815.0,3388685.0,13,240,6,3,2585.0,9.2,499,0,5,420000,3388275,517,0,6,-92.5,512,4185.0,-410.0,4205.035671667959,18,-65.59535095361082,5,9,3,-0.06812754633303755
2833,334601,415815.0,3388685.0,13,240,6,3,2585.0,9.2,499,0,5,420110,3388165,517,21,5,-88.65,512,4295.0,-520.0,4326.363946780252,18,-66.90325913527559,5,9,3,-0.06621698348636901
2834,334601,415815.0,3388685.0,13,240,6,3,2585.0,9.2,499,0,5,420065,3388300,518,0,14,-79.8,512,4250.0,-385.0,4267.402605801332,19,-65.17619539413167,6,9,3,-0.08055824169959656
2835,334601,415815.0,3388685.0,13,240,6,3,2585.0,9.2,499,0,5,420105,3388180,517,0,5,-87.2,512,4290.0,-505.0,4319.620932443031,18,-66.71371128567321,5,9,3,-0.06632034942460452
2836,334601,415815.0,3388685.0,13,240,6,3,2585.0,9.2,499,0,5,420010,3388265,518,0,5,-102.67,512,4195.0,-420.0,4215.972604275317,19,-65.7173544992234,6,9,3,-0.08154095798404488
2837,334601,415815.0,3388685.0,13,240,6,3,2585.0,9.2,499,0,5,420085,3388200,517,0,5,-95.25,512,4270.0,-485.0,4297.455642586669,18,-66.48006295857809,5,9,3,-0.06666241425724422
2838,334601,415815.0,3388685.0,13,240,6,3,2585.0,9.2,499,0,5,420060,3388295,518,0,5,-95.5,512,4245.0,-390.0,4262.877549261766,19,-65.24918752073432,6,9,3,-0.08064375438745242
2839,334601,415815.0,3388685.0,13,240,6,3,2585.0,9.2,499,0,5,420005,3388605,510,0,6,-86.0,512,4190.0,-80.0,4190.763653560052,11,-61.09381992794937,-2,9,3,0.027343835109647694
2840,334601,415815.0,3388685.0,13,240,6,3,2585.0,9.2,499,0,5,420030,3388640,509,0,7,-91.5,512,4215.0,-45.0,4215.240206678618,10,-60.61167547471379,-3,9,3,0.04077758350410868
2841,334601,415815.0,3388685.0,13,240,6,3,2585.0,9.2,499,0,5,420025,3388595,510,0,6,-90.38,512,4210.0,-90.0,4210.961885365386,11,-61.22466385700625,-2,9,3,0.0272126781313209
2842,334601,415815.0,3388685.0,13,240,6,3,2585.0,9.2,499,0,5,420020,3388600,510,0,6,-90.11,512,4205.0,-85.0,4205.859008573635,11,-61.15802095041866,-2,9,3,0.02724569467383305
2843,334601,415815.0,3388685.0,13,240,6,3,2585.0,9.2,499,0,5,420005,3388575,510,0,6,-90.29,512,4190.0,-110.0,4191.443665373543,11,-61.50383971412313,-2,9,3,0.027339398898746974
2844,334601,415815.0,3388685.0,13,240,6,3,2585.0,9.2,499,0,5,420015,3388565,511,0,6,-94.9,512,4200.0,-120.0,4201.713936002783,12,-61.63657704161673,-1,9,3,0.01363628731131229
2845,334601,415815.0,3388685.0,13,240,6,3,2585.0,9.2,499,0,5,420010,3388570,510,0,6,-93.52,512,4195.0,-115.0,4196.575985252739,11,-61.57028958978981,-2,9,3,0.027305963421899376
2846,334601,415815.0,3388685.0,13,240,6,3,2585.0,9.2,499,0,5,420030,3388590,510,0,7,-95.2,512,4215.0,-95.0,4216.070445331767,11,-61.29114535259734,-2,9,3,0.02717970487363604
2847,334601,415815.0,3388685.0,13,240,6,3,2585.0,9.2,499,0,5,420000,3388580,510,0,6,-91.63,512,4185.0,-105.0,4186.316997075114,11,-61.4372269963219,-2,9,3,0.02737287940402556
2848,334601,415815.0,3388685.0,13,240,6,3,2585.0,9.2,499,0,5,420480,3389380,510,0,5,-100.0,512,4665.0,695.0,4716.487040160293,11,-51.526298889228826,-2,9,3,0.024295953997552962
2849,334601,415815.0,3388685.0,13,240,6,3,2585.0,9.2,499,0,5,420045,3388535,512,0,5,-92.0,512,4230.0,-150.0,4232.65873890159,13,-62.03091423685311,0,9,3,0.0
2850,334601,415815.0,3388685.0,13,240,6,3,2585.0,9.2,499,0,5,420025,3388515,512,0,5,-95.33,512,4210.0,-170.0,4213.430906043198,13,-62.31235004520482,0,9,3,0.0
2851,334601,415815.0,3388685.0,13,240,6,3,2585.0,9.2,499,0,5,420065,3388555,512,0,5,-89.0,512,4250.0,-130.0,4251.987770443372,13,-61.752030498021554,0,9,3,0.0
2852,334601,415815.0,3388685.0,13,240,6,3,2585.0,9.2,499,0,5,420000,3388500,512,0,6,-97.0,512,4185.0,-185.0,4189.087012703365,13,-62.53114047759411,0,9,3,0.0
2853,334601,415815.0,3388685.0,13,240,6,3,2585.0,9.2,499,0,5,420035,3388505,513,0,14,-93.0,512,4220.0,-180.0,4223.837118071671,14,-62.44241531065708,1,9,3,-0.013564864562944827
2854,334601,415815.0,3388685.0,13,240,6,3,2585.0,9.2,499,0,5,420015,3388485,513,0,6,-89.5,512,4200.0,-200.0,4204.759208325728,14,-62.72631099390625,1,9,3,-0.013626411310163825
2855,334601,415815.0,3388685.0,13,240,6,3,2585.0,9.2,499,0,5,420030,3388510,512,0,14,-92.55,512,4215.0,-175.0,4218.631294626256,13,-62.37746288679165,0,9,3,0.0
2856,334601,415815.0,3388685.0,13,240,6,3,2585.0,9.2,499,0,5,420005,3388495,512,0,6,-94.0,512,4190.0,-190.0,4194.305663634924,13,-62.596359346671164,0,9,3,0.0
2857,334601,415815.0,3388685.0,13,240,6,3,2585.0,9.2,499,0,5,420065,3388360,518,0,5,-91.38,512,4250.0,-325.0,4262.408356786103,19,-64.37293127688113,6,9,3,-0.08065263138599889
2858,334601,415815.0,3388685.0,13,240,6,3,2585.0,9.2,499,0,5,420060,3388355,518,0,5,-91.6,512,4245.0,-330.0,4257.807534400774,19,-64.44514882997325,6,9,3,-0.0807397813893621
2859,334601,415815.0,3388685.0,13,240,6,3,2585.0,9.2,499,0,5,420070,3388345,518,0,14,-97.6,512,4255.0,-340.0,4268.562404369884,19,-64.56856926519288,6,9,3,-0.08053635348490645
2860,334601,415815.0,3388685.0,13,240,6,3,2585.0,9.2,499,0,5,420005,3388380,516,0,6,-86.5,512,4190.0,-305.0,4201.086169075802,17,-64.16335203900334,4,9,3,-0.05455328445373509
2861,334601,415815.0,3388685.0,13,240,6,3,2585.0,9.2,499,0,5,420130,3388405,518,0,14,-94.5,512,4315.0,-280.0,4324.075045602239,19,-63.71271328102296,6,9,3,-0.07950242602664567
2862,334601,415815.0,3388685.0,13,240,6,3,2585.0,9.2,499,0,5,420020,3388395,516,0,5,-91.6,512,4205.0,-290.0,4214.988137587104,17,-63.945186229037574,4,9,3,-0.054373355694313306
2863,334601,415815.0,3388685.0,13,240,6,3,2585.0,9.2,499,0,5,420040,3388335,518,0,14,-88.33,512,4225.0,-350.0,4239.472254892111,19,-64.7355830350294,6,9,3,-0.08108897213710048
2864,334601,415815.0,3388685.0,13,240,6,3,2585.0,9.2,499,0,5,420045,3388340,518,0,14,-90.5,512,4230.0,-345.0,4244.045829158776,19,-64.66273933625465,6,9,3,-0.08100158713779118
2865,334601,415815.0,3388685.0,13,240,6,3,2585.0,9.2,499,0,5,420135,3388410,518,0,5,-100.0,512,4320.0,-275.0,4328.744044177249,19,-63.64238611259361,6,9,3,-0.07941667453975972
2866,334601,415815.0,3388685.0,13,240,6,3,2585.0,9.2,499,0,5,420015,3388370,517,0,5,-84.67,512,4200.0,-315.0,4211.795935227631,18,-64.28915332881903,5,9,3,-0.06801819636857888
2867,334601,415815.0,3388685.0,13,240,6,3,2585.0,9.2,499,0,5,420000,3388375,516,0,6,-90.83,512,4185.0,-310.0,4196.465774911074,17,-64.23639479905884,4,9,3,-0.05461334869304693
2868,334601,415815.0,3388685.0,13,240,6,3,2585.0,9.2,499,0,5,420010,3388365,517,0,6,-90.0,512,4195.0,-320.0,4207.187302699988,18,-64.3621480309443,5,9,3,-0.06809270471696006
2869,334601,415815.0,3388685.0,13,240,6,3,2585.0,9.2,499,0,5,420050,3388325,518,12,5,-89.33,512,4235.0,-360.0,4250.273520610173,19,-64.8587987204427,6,9,3,-0.08088290013596867
2870,334601,415815.0,3388685.0,13,240,6,3,2585.0,9.2,499,0,5,420075,3388320,518,0,14,-87.67,512,4260.0,-365.0,4275.608143878482,19,-64.89718507406502,6,9,3,-0.08040363846450306
2871,334601,415815.0,3388685.0,13,240,6,3,2585.0,9.2,499,0,5,420070,3388315,518,0,14,-82.8,512,4255.0,-370.0,4271.056660827622,19,-64.96974072811031,6,9,3,-0.08048932108254046
2872,334601,415815.0,3388685.0,13,240,6,3,2585.0,9.2,499,0,5,420030,3388275,518,6,5,-99.0,512,4215.0,-410.0,4234.893741287968,19,-65.55577644087754,6,9,3,-0.08117664056237639
2873,334601,415815.0,3388685.0,13,240,6,3,2585.0,9.2,499,0,5,420025,3388270,518,0,5,-90.5,512,4210.0,-415.0,4230.404826963963,19,-65.62973357055861,6,9,3,-0.08126277758970238
2874,334601,415815.0,3388685.0,13,240,6,3,2585.0,9.2,499,0,5,420045,3388290,518,12,14,-90.75,512,4230.0,-395.0,4248.402640993436,19,-65.33484449543411,6,9,3,-0.0809185186921233
2875,334601,415815.0,3388685.0,13,240,6,3,2585.0,9.2,499,0,5,420085,3388170,517,0,5,-89.41,512,4270.0,-515.0,4300.944663675644,18,-66.87716304484968,5,9,3,-0.06660833628653552
2876,334601,415815.0,3388685.0,13,240,6,3,2585.0,9.2,499,0,5,420035,3388280,518,6,14,-92.86,512,4220.0,-405.0,4239.389696642666,19,-65.48197605440419,6,9,3,-0.08109055126879827
2877,334601,415815.0,3388685.0,13,240,6,3,2585.0,9.2,499,0,5,420090,3388175,517,0,6,-89.8,512,4275.0,-510.0,4305.31357742964,18,-66.80313333350307,5,9,3,-0.06654074404046459
2878,334601,415815.0,3388685.0,13,240,6,3,2585.0,9.2,499,0,5,420095,3388180,517,0,5,-91.7,512,4280.0,-505.0,4309.689664001342,18,-66.7292538395177,5,9,3,-0.06647317820214639
2879,334601,415815.0,3388685.0,13,240,6,3,2585.0,9.2,499,0,5,420080,3388165,517,0,5,-87.67,512,4265.0,-520.0,4296.582944620061,18,-66.95134318424476,5,9,3,-0.06667595434284337
2880,334601,415815.0,3388685.0,13,240,6,3,2585.0,9.2,499,0,5,420040,3388285,518,12,14,-93.55,512,4225.0,-400.0,4243.892670650378,19,-65.40833215747534,6,9,3,-0.08100451041288208
2881,334601,415815.0,3388685.0,13,240,6,3,2585.0,9.2,499,0,5,420065,3388310,518,0,14,-81.5,512,4250.0,-375.0,4266.512041469003,19,-65.04245106917091,6,9,3,-0.08057505688761352
2882,334601,415815.0,3388685.0,13,240,6,3,2585.0,9.2,499,0,5,420105,3388190,517,0,12,-90.0,512,4290.0,-495.0,4318.463268339792,18,-66.581944655178,5,9,3,-0.06633812811449177
2883,334601,415815.0,3388685.0,13,240,6,3,2585.0,9.2,499,0,5,420100,3388185,517,0,12,-89.2,512,4285.0,-500.0,4314.072901562977,18,-66.65552435106235,5,9,3,-0.06640563936422499
2884,334601,415815.0,3388685.0,13,240,6,3,2585.0,9.2,499,0,5,420015,3388260,518,0,5,-100.0,512,4200.0,-425.0,4221.448211218515,19,-65.77811906912666,6,9,3,-0.08143519199766862
2885,334601,415815.0,3388685.0,13,240,6,3,2585.0,9.2,499,0,5,420010,3388255,517,0,5,-98.6,512,4195.0,-430.0,4216.980554852014,18,-65.85254794021841,5,9,3,-0.06793457062252543
2886,334601,415815.0,3388685.0,13,240,6,3,2585.0,9.2,499,0,5,420020,3388265,518,0,5,-103.0,512,4205.0,-420.0,4225.922976108296,19,-65.70384769610001,6,9,3,-0.08134896164041357
2887,334601,415815.0,3388685.0,13,240,6,3,2585.0,9.2,499,0,5,420000,3388245,518,0,6,-100.0,512,4185.0,-440.0,4208.066658217286,19,-66.00187917358787,6,9,3,-0.08169415364247798
2888,334601,415815.0,3388685.0,13,240,6,3,2585.0,9.2,499,0,5,420035,3388595,510,0,6,-96.67,512,4220.0,-90.0,4220.959606534988,11,-61.221762690630186,-2,9,3,0.027148222473644262
2889,334601,415815.0,3388685.0,13,240,6,3,2585.0,9.2,499,0,5,420025,3388585,510,0,6,-94.38,512,4210.0,-100.0,4211.187480984431,11,-61.36068901818149,-2,9,3,0.02721122033347326
2890,334601,415815.0,3388685.0,13,240,6,3,2585.0,9.2,499,0,5,420020,3388590,510,0,6,-92.93,512,4205.0,-95.0,4206.072990331956,11,-61.29421480974162,-2,9,3,0.0272443085636092
2891,334601,415815.0,3388685.0,13,240,6,3,2585.0,9.2,499,0,5,420000,3388570,510,0,6,-92.4,512,4185.0,-115.0,4186.579749628568,11,-61.57403988982148,-2,9,3,0.027371161464013753
2892,334601,415815.0,3388685.0,13,240,6,3,2585.0,9.2,499,0,5,420015,3388575,510,0,6,-94.77,512,4200.0,-110.0,4201.440229254726,11,-61.50026078172738,-2,9,3,0.027274349774800054
2893,334601,415815.0,3388685.0,13,240,6,3,2585.0,9.2,499,0,5,420010,3388580,510,0,6,-94.58,512,4195.0,-105.0,4196.313858614486,11,-61.433802380510684,-2,9,3,0.027307669113978972
2894,334601,415815.0,3388685.0,13,240,6,3,2585.0,9.2,499,0,5,420005,3388565,510,0,6,-92.64,512,4190.0,-120.0,4191.718024867608,11,-61.640480821641546,-2,9,3,0.027337609460033073
2895,334601,415815.0,3388685.0,13,240,6,3,2585.0,9.2,499,0,5,420030,3388600,510,0,6,-98.2,512,4215.0,-85.0,4215.856971008386,11,-61.15527431522841,-2,9,3,0.02718108114618916
2896,334601,415815.0,3388685.0,13,240,6,3,2585.0,9.2,499,0,5,420100,3388345,518,15,6,-120.5,512,4285.0,-340.0,4298.467750257061,19,-64.5367179390692,6,9,3,-0.0799760458338968
2897,334601,415815.0,3388685.0,13,240,6,3,2585.0,9.2,499,0,5,420115,3388360,519,0,14,-102.33,512,4300.0,-325.0,4312.264486322702,20,-64.32227705949106,7,9,3,-0.09300684259670704
2898,334601,415815.0,3388685.0,13,240,6,3,2585.0,9.2,499,0,5,420155,3388400,519,0,5,-101.5,512,4340.0,-285.0,4349.347652234758,20,-63.75711644258709,7,9,3,-0.09221385420643877
2899,334601,415815.0,3388685.0,13,240,6,3,2585.0,9.2,499,0,5,420125,3388370,519,0,14,-107.5,512,4310.0,-315.0,4321.495690151733,20,-64.18007845271597,7,9,3,-0.09280816980384392
2900,334601,415815.0,3388685.0,13,240,6,3,2585.0,9.2,499,0,5,420015,3388420,515,0,6,-81.63,512,4200.0,-265.0,4208.351815140934,16,-63.610305039963976,3,9,3,-0.04084432979301006
2901,334601,415815.0,3388685.0,13,240,6,3,2585.0,9.2,499,0,5,420080,3388325,518,0,14,-92.63,512,4265.0,-360.0,4280.166468725252,19,-64.8247838458878,6,9,3,-0.08031800968691626
2902,334601,415815.0,3388685.0,13,240,6,3,2585.0,9.2,499,0,5,420020,3388425,515,0,5,-87.5,512,4205.0,-260.0,4213.030382040936,16,-63.53815981626818,3,9,3,-0.04079897221248919
2903,334601,415815.0,3388685.0,13,240,6,3,2585.0,9.2,499,0,5,420010,3388415,515,0,6,-85.75,512,4195.0,-270.0,4203.679935485098,16,-63.68261073982032,3,9,3,-0.04088972328908723
2904,334601,415815.0,3388685.0,13,240,6,3,2585.0,9.2,499,0,5,420120,3388365,519,0,14,-103.5,512,4305.0,-320.0,4316.8767645139005,20,-64.25110173679266,7,9,3,-0.09290747152294722
2905,334601,415815.0,3388685.0,13,240,6,3,2585.0,9.2,499,0,5,420025,3388430,515,0,5,-85.0,512,4210.0,-255.0,4217.715613931314,16,-63.46617476309498,3,9,3,-0.04075365085877712
2906,334601,415815.0,3388685.0,13,240,6,3,2585.0,9.2,499,0,5,420060,3388465,515,0,5,-97.0,512,4245.0,-220.0,4250.697001669256,16,-62.96673835591176,3,9,3,-0.0404374411849056
2907,334601,415815.0,3388685.0,13,240,6,3,2585.0,9.2,499,0,5,420000,3388405,515,0,6,-105.67,512,4185.0,-280.0,4194.356327256901,16,-63.82770478713286,3,9,3,-0.040980616766150925
2908,334601,415815.0,3388685.0,13,240,6,3,2585.0,9.2,499,0,5,420075,3388310,518,0,14,-88.33,512,4260.0,-375.0,4276.473430292769,19,-65.0306751409608,6,9,3,-0.08038736989979746
2909,334601,415815.0,3388685.0,13,240,6,3,2585.0,9.2,499,0,5,420125,3388220,516,0,5,-102.67,512,4310.0,-465.0,4335.011534010031,17,-66.15774496888136,4,9,3,-0.05286792231376595
2910,334601,415815.0,3388685.0,13,240,6,3,2585.0,9.2,499,0,5,420045,3388300,518,12,14,-97.56,512,4230.0,-385.0,4247.484549707038,19,-65.20053524678374,6,9,3,-0.08093600915906497
2911,334601,415815.0,3388685.0,13,240,6,3,2585.0,9.2,499,0,5,420080,3388175,517,0,5,-88.21,512,4265.0,-510.0,4295.384150457326,18,-66.81893438596265,5,9,3,-0.06669456284673217
2912,334601,415815.0,3388685.0,13,240,6,3,2585.0,9.2,499,0,5,420095,3388170,517,0,5,-87.69,512,4280.0,-515.0,4310.872881447562,18,-66.861248259132,5,9,3,-0.06645493313768523
2913,334601,415815.0,3388685.0,13,240,6,3,2585.0,9.2,499,0,5,420040,3388295,518,12,14,-91.18,512,4225.0,-390.0,4242.961819295573,19,-65.27389595735175,6,9,3,-0.08102228173889522
2914,334601,415815.0,3388685.0,13,240,6,3,2585.0,9.2,499,0,5,420035,3388270,518,0,14,-90.43,512,4220.0,-415.0,4240.356706693436,19,-65.61647836667436,6,9,3,-0.08107205865630242
2915,334601,415815.0,3388685.0,13,240,6,3,2585.0,9.2,499,0,5,420090,3388165,517,0,6,-90.46,512,4275.0,-520.0,4306.5096075592355,18,-66.93524127549483,5,9,3,-0.06652226395556045
2916,334601,415815.0,3388685.0,13,240,6,3,2585.0,9.2,499,0,5,420030,3388265,518,0,5,-94.91,512,4215.0,-420.0,4235.873581683004,19,-65.69040435062797,6,9,3,-0.08115786284306589
2917,334601,415815.0,3388685.0,13,240,6,3,2585.0,9.2,499,0,5,420010,3388245,517,0,5,-96.67,512,4195.0,-440.0,4218.011972481823,18,-65.98767601636422,5,9,3,-0.0679179588042982
2918,334601,415815.0,3388685.0,13,240,6,3,2585.0,9.2,499,0,5,420015,3388250,517,0,5,-101.0,512,4200.0,-435.0,4222.466696138645,18,-65.91312244424807,5,9,3,-0.06784630508229048
2919,334601,415815.0,3388685.0,13,240,6,3,2585.0,9.2,499,0,5,420005,3388260,518,0,6,-97.14,512,4190.0,-425.0,4211.4991392614575,19,-65.79181568842608,6,9,3,-0.08162757087825641
2920,334601,415815.0,3388685.0,13,240,6,3,2585.0,9.2,499,0,5,420085,3388180,517,0,5,-91.18,512,4270.0,-505.0,4299.758714160598,18,-66.74486819032228,5,9,3,-0.06662670802740889
2921,334601,415815.0,3388685.0,13,240,6,3,2585.0,9.2,499,0,5,420110,3388185,517,21,12,-93.33,512,4295.0,-500.0,4324.0056660462415,18,-66.64016690821381,5,9,3,-0.06625309770760696
2922,334601,415815.0,3388685.0,13,240,6,3,2585.0,9.2,499,0,5,420055,3388290,518,12,5,-87.5,512,4240.0,-395.0,4258.359425882226,19,-65.32233465569246,6,9,3,-0.08072931737396838
2923,334601,415815.0,3388685.0,13,240,6,3,2585.0,9.2,499,0,5,420025,3388280,518,0,5,-94.5,512,4210.0,-405.0,4229.435541535064,19,-65.49491777170454,6,9,3,-0.08128140104897705
2924,334601,415815.0,3388685.0,13,240,6,3,2585.0,9.2,499,0,5,420130,3388205,516,0,6,-104.0,512,4315.0,-480.0,4341.615482743722,17,-66.34747850404347,4,9,3,-0.052787505968218115
2925,334601,415815.0,3388685.0,13,240,6,3,2585.0,9.2,499,0,5,420070,3388305,518,0,14,-90.5,512,4255.0,-380.0,4271.934573469027,19,-65.10335801985559,6,9,3,-0.08047277998194008
2926,334601,415815.0,3388685.0,13,240,6,3,2585.0,9.2,499,0,5,420030,3388525,512,0,5,-96.0,512,4215.0,-160.0,4218.035680266349,13,-62.173885017260886,0,9,3,0.0
2927,334601,415815.0,3388685.0,13,240,6,3,2585.0,9.2,499,0,5,420010,3388545,511,0,6,-93.46,512,4195.0,-140.0,4197.335464315427,12,-61.91142625550145,-1,9,3,0.013650512072750275
2928,334601,415815.0,3388685.0,13,240,6,3,2585.0,9.2,499,0,5,420000,3388555,511,0,6,-91.82,512,4185.0,-130.0,4187.018629048598,12,-61.77922508440258,-1,9,3,0.013684147002873712
2929,334601,415815.0,3388685.0,13,240,6,3,2585.0,9.2,499,0,5,420005,3388560,511,0,7,-92.76,512,4190.0,-125.0,4191.864143790922,12,-61.70879447371826,-1,9,3,0.013668329044264618
2930,334601,415815.0,3388685.0,13,240,6,3,2585.0,9.2,499,0,5,420025,3388540,511,0,5,-89.25,512,4210.0,-145.0,4212.496290799554,12,-61.97259033765087,-1,9,3,0.013601383712063672
2931,334601,415815.0,3388685.0,13,240,6,3,2585.0,9.2,499,0,5,420035,3388530,512,0,14,-97.33,512,4220.0,-155.0,4222.845604565718,13,-62.1035202345154,0,9,3,0.0
2932,334601,415815.0,3388685.0,13,240,6,3,2585.0,9.2,499,0,5,420020,3388535,511,0,6,-88.0,512,4205.0,-150.0,4207.674535892718,12,-62.042978436317924,-1,9,3,0.01361697012104703
2933,334601,415815.0,3388685.0,13,240,6,3,2585.0,9.2,499,0,5,420195,3388140,516,0,5,-107.0,512,4380.0,-545.0,4413.7767274750095,17,-67.09281414377034,4,9,3,-0.05192447861791612
2934,334601,415815.0,3388685.0,13,240,6,3,2585.0,9.2,499,0,5,420160,3388145,516,0,5,-98.67,512,4345.0,-540.0,4378.427229040127,17,-67.08443860815547,4,9,3,-0.05234369382064128
2935,334601,415815.0,3388685.0,13,240,6,3,2585.0,9.2,499,0,5,420190,3388135,516,0,5,-105.13,512,4375.0,-550.0,4409.435904965622,17,-67.16530873291592,4,9,3,-0.05197559509331976
2936,334601,415815.0,3388685.0,13,240,6,3,2585.0,9.2,499,0,5,420170,3388155,516,21,12,-100.5,512,4355.0,-530.0,4387.131750927934,17,-66.93872877677418,4,9,3,-0.052239838590924424
2937,334601,415815.0,3388685.0,13,240,6,3,2585.0,9.2,499,0,5,420165,3388150,516,0,5,-99.64,512,4350.0,-535.0,4382.775946817268,17,-67.01151134481975,4,9,3,-0.05229175691395566
2938,334601,415815.0,3388685.0,13,240,6,3,2585.0,9.2,499,0,5,420035,3388580,510,0,5,-96.2,512,4220.0,-105.0,4221.306077507292,11,-61.42531180486915,-2,9,3,0.02714599423682457
2939,334601,415815.0,3388685.0,13,240,6,3,2585.0,9.2,499,0,5,420025,3388570,511,0,6,-90.67,512,4210.0,-115.0,4211.570372200849,12,-61.56469752004136,-1,9,3,0.013604373991831273
2940,334601,415815.0,3388685.0,13,240,6,3,2585.0,9.2,499,0,5,420020,3388565,511,0,6,-93.6,512,4205.0,-120.0,4206.711898858775,12,-61.63463210867633,-1,9,3,0.013620086141242854
2941,334601,415815.0,3388685.0,13,240,6,3,2585.0,9.2,499,0,5,420010,3388595,510,0,6,-96.43,512,4195.0,-90.0,4195.965323974925,11,-61.22904152882177,-2,9,3,0.02730993740421388
2942,334601,415815.0,3388685.0,13,240,6,3,2585.0,9.2,499,0,5,420030,3388575,510,0,6,-92.89,512,4215.0,-110.0,4216.435105631296,11,-61.4949242024293,-2,9,3,0.027177354224904277
2943,334601,415815.0,3388685.0,13,240,6,3,2585.0,9.2,499,0,5,420005,3388590,510,0,6,-92.0,512,4190.0,-95.0,4191.076830600938,11,-61.29884645266307,-2,9,3,0.027341791849547218
2944,334601,415815.0,3388685.0,13,240,6,3,2585.0,9.2,499,0,5,420000,3388585,510,0,6,-86.67,512,4185.0,-100.0,4186.194572639929,11,-61.36881430416568,-2,9,3,0.02737367991836677
2945,334601,415815.0,3388685.0,13,240,6,3,2585.0,9.2,499,0,5,420015,3388600,510,0,6,-89.31,512,4200.0,-85.0,4200.860030993654,11,-61.15939917071461,-2,9,3,0.0272781167481825
2946,334601,415815.0,3388685.0,13,240,6,3,2585.0,9.2,499,0,5,420040,3388560,511,0,5,-92.33,512,4225.0,-125.0,4226.848707961996,12,-61.694647068537165,-1,9,3,0.013555199725076478
2947,334601,415815.0,3388685.0,13,240,6,3,2585.0,9.2,499,0,5,420000,3388520,511,0,7,-90.5,512,4185.0,-165.0,4188.251425117647,12,-62.257803988672435,-1,9,3,0.013680119125776595
2948,334601,415815.0,3388685.0,13,240,6,3,2585.0,9.2,499,0,5,420005,3388515,512,0,6,-92.4,512,4190.0,-170.0,4193.447269252351,13,-62.323375448624404,0,9,3,0.0
2949,334601,415815.0,3388685.0,13,240,6,3,2585.0,9.2,499,0,5,420025,3388495,513,0,5,-92.4,512,4210.0,-190.0,4214.285230024186,14,-62.58404185635686,1,9,3,-0.013595610005114535
2950,334601,415815.0,3388685.0,13,240,6,3,2585.0,9.2,499,0,5,420030,3388490,513,0,5,-93.25,512,4215.0,-195.0,4219.5082651892035,14,-62.64880575945864,1,9,3,-0.013578780947787682
2951,334601,415815.0,3388685.0,13,240,6,3,2585.0,9.2,499,0,5,420020,3388500,512,0,5,-90.5,512,4205.0,-185.0,4209.0675927098155,13,-62.51911730508897,0,9,3,0.0
2952,334601,415815.0,3388685.0,13,240,6,3,2585.0,9.2,499,0,5,420015,3388505,512,0,6,-87.5,512,4200.0,-180.0,4203.855373344806,13,-62.45403167452707,0,9,3,0.0
2953,334601,415815.0,3388685.0,13,240,6,3,2585.0,9.2,499,0,5,420030,3388180,518,0,5,-85.86,512,4215.0,-505.0,4245.1442849448595,19,-66.83205290017057,6,9,3,-0.08098062753369052
2954,334601,415815.0,3388685.0,13,240,6,3,2585.0,9.2,499,0,5,420035,3388175,518,0,14,-85.5,512,4220.0,-510.0,4250.705823742687,19,-66.89095260482736,6,9,3,-0.08087467423511863
2955,334601,415815.0,3388685.0,13,240,6,3,2585.0,9.2,499,0,5,420000,3388190,518,0,6,-85.33,512,4185.0,-495.0,4214.172516639536,19,-66.74557964748283,6,9,3,-0.08157578823159146
2956,334601,415815.0,3388685.0,13,240,6,3,2585.0,9.2,499,0,5,420005,3388185,518,0,5,-86.67,512,4190.0,-500.0,4219.727479352192,19,-66.8050256104132,6,9,3,-0.08146839981541583
2957,334601,415815.0,3388685.0,13,240,6,3,2585.0,9.2,499,0,5,420055,3388235,517,0,5,-87.33,512,4240.0,-450.0,4263.812847675188,18,-66.05824120889045,5,9,3,-0.06718840073069414
2958,334601,415815.0,3388685.0,13,240,6,3,2585.0,9.2,499,0,5,420200,3388140,515,0,12,-106.4,512,4385.0,-545.0,4418.738507764405,16,-67.08480879093142,3,9,3,-0.03889963432486747
2959,334601,415815.0,3388685.0,13,240,6,3,2585.0,9.2,499,0,5,420215,3388125,515,0,5,-110.8,512,4400.0,-560.0,4435.493208201316,16,-67.25319461272534,3,9,3,-0.03875269429126146
2960,334601,415815.0,3388685.0,13,240,6,3,2585.0,9.2,499,0,5,420210,3388130,515,0,5,-109.5,512,4395.0,-555.0,4429.904062166584,16,-67.19720754906149,3,9,3,-0.03880158799153403
2961,334601,415815.0,3388685.0,13,240,6,3,2585.0,9.2,499,0,5,420205,3388135,515,0,5,-108.0,512,4390.0,-550.0,4424.319156661282,16,-67.14107908453735,3,9,3,-0.03885056798785282
2962,334601,415815.0,3388685.0,13,240,6,3,2585.0,9.2,499,0,5,420075,3388155,517,0,14,-87.5,512,4260.0,-530.0,4292.842880889073,18,-67.09190697407632,5,9,3,-0.06673404454088996
2963,334601,415815.0,3388685.0,13,240,6,3,2585.0,9.2,499,0,5,420060,3388150,518,0,14,-92.33,512,4245.0,-535.0,4278.580372039305,19,-67.18315090738253,6,9,3,-0.0803477840398384
2964,334601,415815.0,3388685.0,13,240,6,3,2585.0,9.2,499,0,5,420040,3388130,518,0,14,-93.86,512,4225.0,-555.0,4261.296750990243,19,-67.48357934643576,6,9,3,-0.08067367047791395
2965,334601,415815.0,3388685.0,13,240,6,3,2585.0,9.2,499,0,5,420000,3388090,519,0,6,-94.52,512,4185.0,-595.0,4227.085284211806,20,-68.0917646017557,7,9,3,-0.09488100263139658
2966,334601,415815.0,3388685.0,13,240,6,3,2585.0,9.2,499,0,5,420020,3388110,518,0,5,-96.63,512,4205.0,-575.0,4244.131242080056,19,-67.78644635153668,6,9,3,-0.08099995698722025
2967,334601,415815.0,3388685.0,13,240,6,3,2585.0,9.2,499,0,5,420055,3388135,518,6,5,-89.5,512,4240.0,-550.0,4275.523359777139,19,-67.39096525765206,6,9,3,-0.08040523287545778
2968,334601,415815.0,3388685.0,13,240,6,3,2585.0,9.2,499,0,5,420070,3388160,517,0,14,-90.95,512,4255.0,-525.0,4287.266028601444,18,-67.03384709637399,5,9,3,-0.06682085174371706
2969,334601,415815.0,3388685.0,13,240,6,3,2585.0,9.2,499,0,5,420005,3388085,519,0,5,-96.48,512,4190.0,-600.0,4232.741428436186,20,-68.14924561422316,7,9,3,-0.09475421490647705
2970,334601,415815.0,3388685.0,13,240,6,3,2585.0,9.2,499,0,5,420030,3388120,518,0,5,-100.68,512,4215.0,-565.0,4252.699142897367,19,-67.63470722777677,6,9,3,-0.08083676682199466
2971,334601,415815.0,3388685.0,13,240,6,3,2585.0,9.2,499,0,5,420010,3388100,518,0,5,-95.02,512,4195.0,-585.0,4235.593228816951,19,-67.93879829205653,6,9,3,-0.08116323465470703
2972,334601,415815.0,3388685.0,13,240,6,3,2585.0,9.2,499,0,5,420015,3388095,518,0,7,-95.86,512,4200.0,-590.0,4241.238026803023,19,-67.99636786658016,6,9,3,-0.08105521207994242
2973,334601,415815.0,3388685.0,13,240,6,3,2585.0,9.2,499,0,5,420035,3388115,518,15,5,-101.55,512,4220.0,-570.0,4258.321265475399,19,-67.69244798722585,6,9,3,-0.0807300408185665
2974,334601,415815.0,3388685.0,13,240,6,3,2585.0,9.2,499,0,5,420025,3388105,518,0,5,-96.1,512,4210.0,-580.0,4249.76469936866,19,-67.8441025023609,6,9,3,-0.08089258417400128
2975,334601,415815.0,3388685.0,13,240,6,3,2585.0,9.2,499,0,5,420065,3388145,518,0,14,-98.0,512,4250.0,-540.0,4284.168530765334,19,-67.24113386699494,6,9,3,-0.08024298060370352
2976,334601,415815.0,3388685.0,13,240,6,3,2585.0,9.2,499,0,5,420000,3387970,517,0,6,-103.75,512,4185.0,-715.0,4245.638938958423,18,-69.69527569103877,5,9,3,-0.06747600755563593
2977,334601,415815.0,3388685.0,13,240,6,3,2585.0,9.2,499,0,5,420010,3387980,517,0,5,-96.75,512,4195.0,-705.0,4253.8276880945705,18,-69.5398236982636,5,9,3,-0.06734611428546171
2978,334601,415815.0,3388685.0,13,240,6,3,2585.0,9.2,499,0,5,420020,3387990,518,0,5,-103.0,512,4205.0,-695.0,4262.04762995441,19,-69.3849701901039,6,9,3,-0.08065945757197246
2979,334601,415815.0,3388685.0,13,240,6,3,2585.0,9.2,499,0,5,420020,3388390,517,0,5,-81.0,512,4205.0,-295.0,4215.335099372291,18,-64.01298632004506,5,9,3,-0.0679610888480118
2980,334601,415815.0,3388685.0,13,240,6,3,2585.0,9.2,499,0,5,420000,3388370,516,0,6,-87.29,512,4185.0,-315.0,4196.838095519054,17,-64.30446896050799,4,9,3,-0.054608503697263944
2981,334601,415815.0,3388685.0,13,240,6,3,2585.0,9.2,499,0,5,420125,3388405,518,0,14,-100.5,512,4310.0,-280.0,4319.0855513638535,19,-63.71700830546166,6,9,3,-0.07959426870533998
2982,334601,415815.0,3388685.0,13,240,6,3,2585.0,9.2,499,0,5,420050,3388340,518,0,14,-90.2,512,4235.0,-345.0,4249.029300910974,19,-64.65725856165804,6,9,3,-0.08090658459582814
2983,334601,415815.0,3388685.0,13,240,6,3,2585.0,9.2,499,0,5,420010,3388380,516,0,6,-84.31,512,4195.0,-305.0,4206.072990331956,17,-64.15840717807092,4,9,3,-0.05448860480718442
2984,334601,415815.0,3388685.0,13,240,6,3,2585.0,9.2,499,0,5,420015,3388375,517,0,5,-86.17,512,4200.0,-310.0,4211.424937001727,18,-64.22131960746327,5,9,3,-0.0680241883088004
2985,334601,415815.0,3388685.0,13,240,6,3,2585.0,9.2,499,0,5,420045,3388325,518,12,5,-93.0,512,4230.0,-360.0,4245.291509425471,19,-64.86451443776053,6,9,3,-0.08097781917178534
2986,334601,415815.0,3388685.0,13,240,6,3,2585.0,9.2,499,0,5,420070,3388360,518,0,5,-92.4,512,4255.0,-325.0,4267.393818245511,19,-64.3678125940533,6,9,3,-0.08055840758752324
2987,334601,415815.0,3388685.0,13,240,6,3,2585.0,9.2,499,0,5,420040,3388330,518,12,5,-90.0,512,4225.0,-355.0,4239.887970218081,19,-64.80291995864928,6,9,3,-0.08108102148281096
2988,334601,415815.0,3388685.0,13,240,6,3,2585.0,9.2,499,0,5,420075,3388355,518,0,5,-96.5,512,4260.0,-330.0,4272.762572388033,19,-64.42955929897764,6,9,3,-0.08045718555418904
2989,334601,415815.0,3388685.0,13,240,6,3,2585.0,9.2,499,0,5,420060,3388350,518,0,5,-92.33,512,4245.0,-335.0,4258.19797566999,19,-64.5122235016049,6,9,3,-0.08073237823404274
2990,334601,415815.0,3388685.0,13,240,6,3,2585.0,9.2,499,0,5,420065,3388345,518,0,5,-92.67,512,4250.0,-340.0,4263.578309354714,19,-64.57392125990086,6,9,3,-0.08063049982846396
2991,334601,415815.0,3388685.0,13,240,6,3,2585.0,9.2,499,0,5,420055,3388200,517,12,5,-94.38,512,4240.0,-485.0,4267.648650017946,18,-66.52551837191669,5,9,3,-0.06712801122581312
2992,334601,415815.0,3388685.0,13,240,6,3,2585.0,9.2,499,0,5,420030,3388215,517,0,6,-96.67,512,4215.0,-470.0,4241.12308239221,18,-66.36256999480963,5,9,3,-0.06754785448949524
2993,334601,415815.0,3388685.0,13,240,6,3,2585.0,9.2,499,0,5,420065,3388170,517,0,14,-97.15,512,4250.0,-515.0,4281.089230558036,18,-66.90921405671389,5,9,3,-0.0669172614443844
2994,334601,415815.0,3388685.0,13,240,6,3,2585.0,9.2,499,0,5,420070,3388175,517,0,14,-91.92,512,4255.0,-510.0,4285.455051683543,18,-66.83480865949474,5,9,3,-0.06684908933083131
2995,334601,415815.0,3388685.0,13,240,6,3,2585.0,9.2,499,0,5,420060,3388165,517,0,14,-100.97,512,4245.0,-520.0,4276.730643844665,18,-66.98377123889469,5,9,3,-0.06698545943141694
2996,334601,415815.0,3388685.0,13,240,6,3,2585.0,9.2,499,0,5,420005,3388230,517,0,6,-90.5,512,4190.0,-455.0,4214.632249674934,18,-66.1975718635089,5,9,3,-0.06797242231273304
2997,334601,415815.0,3388685.0,13,240,6,3,2585.0,9.2,499,0,5,420045,3388190,517,0,5,-87.56,512,4230.0,-495.0,4258.864285229103,18,-66.67446904711758,5,9,3,-0.06726646982824269
2998,334601,415815.0,3388685.0,13,240,6,3,2585.0,9.2,499,0,5,420040,3388185,517,0,5,-85.83,512,4225.0,-500.0,4254.482929804749,18,-66.74917478956965,5,9,3,-0.06733574218074508
2999,334601,415815.0,3388685.0,13,240,6,3,2585.0,9.2,499,0,5,420020,3388205,517,0,5,-87.25,512,4205.0,-480.0,4232.307290355935,18,-66.5121159433912,5,9,3,-0.06768855487898161
3000,334601,415815.0,3388685.0,13,240,6,3,2585.0,9.2,499,0,5,420035,3388220,517,12,6,-95.2,512,4220.0,-465.0,4245.541779325697,18,-66.28803017148053,5,9,3,-0.06747755174914309
3001,334601,415815.0,3388685.0,13,240,6,3,2585.0,9.2,499,0,5,420050,3388195,517,12,14,-90.06,512,4235.0,-490.0,4263.252866063659,18,-66.59991698191388,5,9,3,-0.06719722597179531
3002,334601,415815.0,3388685.0,13,240,6,3,2585.0,9.2,499,0,5,420075,3388180,517,0,14,-93.33,512,4260.0,-505.0,4289.828085133482,18,-66.76055483438932,5,9,3,-0.06678094370050568
3003,334601,415815.0,3388685.0,13,240,6,3,2585.0,9.2,499,0,5,420000,3388225,518,0,6,-86.0,512,4185.0,-460.0,4210.204864374179,19,-66.27256397198872,6,9,3,-0.08165266428237315
3004,334601,415815.0,3388685.0,13,240,6,3,2585.0,9.2,499,0,5,420010,3388235,517,0,5,-102.0,512,4195.0,-450.0,4219.066839954067,18,-66.12273727294419,5,9,3,-0.06790097770844158
3005,334601,415815.0,3388685.0,13,240,6,3,2585.0,9.2,499,0,5,420080,3388305,518,0,14,-106.0,512,4265.0,-380.0,4281.895024402163,19,-65.09145531612799,6,9,3,-0.08028558619940869
3006,334601,415815.0,3388685.0,13,240,6,3,2585.0,9.2,499,0,5,420090,3388315,518,0,5,-98.0,512,4275.0,-370.0,4290.981822380514,19,-64.94660610886058,6,9,3,-0.08011556964361022
3007,334601,415815.0,3388685.0,13,240,6,3,2585.0,9.2,499,0,5,420095,3388320,518,18,5,-98.5,512,4280.0,-365.0,4295.535473023125,19,-64.87441154694528,6,9,3,-0.08003064010625399
3008,334601,415815.0,3388685.0,13,240,6,3,2585.0,9.2,499,0,5,420010,3388315,517,0,6,-90.92,512,4195.0,-370.0,4211.28543321395,18,-65.04045803384707,5,9,3,-0.06802644168800308
3009,334601,415815.0,3388685.0,13,240,6,3,2585.0,9.2,499,0,5,420030,3388295,518,6,5,-92.67,512,4215.0,-390.0,4233.004252301195,19,-65.2863373619688,6,9,3,-0.08121287538610626
3010,334601,415815.0,3388685.0,13,240,6,3,2585.0,9.2,499,0,5,420145,3388170,516,21,12,-96.71,512,4330.0,-515.0,4360.518891141282,17,-66.78276146095291,4,9,3,-0.05255866549131369
3011,334601,415815.0,3388685.0,13,240,6,3,2585.0,9.2,499,0,5,420045,3388270,518,0,14,-90.83,512,4230.0,-415.0,4250.308812309995,19,-65.60328523625353,6,9,3,-0.08088222853977035
3012,334601,415815.0,3388685.0,13,240,6,3,2585.0,9.2,499,0,5,420035,3388300,518,6,14,-92.18,512,4220.0,-385.0,4237.52581113083,19,-65.21279097724175,6,9,3,-0.08112621908733827
3013,334601,415815.0,3388685.0,13,240,6,3,2585.0,9.2,499,0,5,420060,3388245,517,0,14,-92.83,512,4245.0,-440.0,4267.742377416894,18,-65.91765322523165,5,9,3,-0.06712653697372034
3014,334601,415815.0,3388685.0,13,240,6,3,2585.0,9.2,499,0,5,420040,3388265,518,0,14,-91.2,512,4225.0,-420.0,4245.824419356034,19,-65.67702401812002,6,9,3,-0.08096765534439308
3015,334601,415815.0,3388685.0,13,240,6,3,2585.0,9.2,499,0,5,420140,3388165,516,21,5,-97.58,512,4325.0,-520.0,4356.147954328457,17,-66.85583257717508,4,9,3,-0.052611402560662074
3016,334601,415815.0,3388685.0,13,240,6,3,2585.0,9.2,499,0,5,420125,3388190,516,0,5,-108.78,512,4310.0,-495.0,4338.332052759447,17,-66.551668144096,4,9,3,-0.052827457723775555
3017,334601,415815.0,3388685.0,13,240,6,3,2585.0,9.2,499,0,5,420050,3388275,518,12,5,-90.5,512,4235.0,-410.0,4254.800230328094,19,-65.52970201180355,6,9,3,-0.08079684840507892
3018,334601,415815.0,3388685.0,13,240,6,3,2585.0,9.2,499,0,5,420120,3388185,517,21,12,-101.8,512,4305.0,-500.0,4333.938739760865,18,-66.62487986056473,5,9,3,-0.06610125054080283
3019,334601,415815.0,3388685.0,13,240,6,3,2585.0,9.2,499,0,5,420135,3388200,516,0,6,-111.25,512,4320.0,-485.0,4347.139864324588,17,-66.4056892425437,4,9,3,-0.052720423203442855
3020,334601,415815.0,3388685.0,13,240,6,3,2585.0,9.2,499,0,5,420130,3388195,516,0,5,-108.25,512,4315.0,-490.0,4342.732434769612,17,-66.4786046757325,4,9,3,-0.05277392901424586
3021,334601,415815.0,3388685.0,13,240,6,3,2585.0,9.2,499,0,5,420150,3388175,516,0,5,-109.0,512,4335.0,-510.0,4364.896905999041,17,-66.70983680775694,4,9,3,-0.05250594889926349
3022,334601,415815.0,3388685.0,13,240,6,3,2585.0,9.2,499,0,5,420070,3388255,517,18,14,-96.0,512,4255.0,-430.0,4276.672187577627,18,-65.77058171674508,5,9,3,-0.06698637503031353
3023,334601,415815.0,3388685.0,13,240,6,3,2585.0,9.2,499,0,5,420065,3388250,517,18,14,-82.0,512,4250.0,-435.0,4272.2037638670745,18,-65.84404061836366,5,9,3,-0.06705643798840909
3024,334601,415815.0,3388685.0,13,240,6,3,2585.0,9.2,499,0,5,420080,3388225,517,18,5,-102.0,512,4265.0,-460.0,4289.734840290248,18,-66.1558192985276,5,9,3,-0.06678239529908192
3025,334601,415815.0,3388685.0,13,240,6,3,2585.0,9.2,499,0,5,420005,3388310,517,0,6,-102.0,512,4190.0,-375.0,4206.747556010462,18,-65.11427775656713,5,9,3,-0.06809982268942748
3026,334601,415815.0,3388685.0,13,240,6,3,2585.0,9.2,499,0,5,420020,3388455,514,0,5,-88.13,512,4205.0,-230.0,4211.28543321395,15,-63.130775526102695,2,9,3,-0.02721058741524887
3027,334601,415815.0,3388685.0,13,240,6,3,2585.0,9.2,499,0,5,420115,3388370,519,0,14,-101.67,512,4300.0,-315.0,4311.522352951449,20,-64.18976498793904,7,9,3,-0.09302285164286567
3028,334601,415815.0,3388685.0,13,240,6,3,2585.0,9.2,499,0,5,420105,3388380,519,0,5,-103.75,512,4290.0,-305.0,4300.82840857433,20,-64.06663366809991,7,9,3,-0.09325415113964301
3029,334601,415815.0,3388685.0,13,240,6,3,2585.0,9.2,499,0,5,420100,3388375,519,0,14,-103.45,512,4285.0,-310.0,4296.198901354545,20,-64.1378765975426,7,9,3,-0.09335463996993726
3030,334601,415815.0,3388685.0,13,240,6,3,2585.0,9.2,499,0,5,420090,3388385,518,0,5,-101.29,512,4275.0,-300.0,4285.513388148496,19,-64.01417569541104,6,9,3,-0.08021779920439538
3031,334601,415815.0,3388685.0,13,240,6,3,2585.0,9.2,499,0,5,420070,3388405,518,0,5,-91.25,512,4255.0,-280.0,4264.202739082653,19,-63.76491693553058,6,9,3,-0.08061869269411932
3032,334601,415815.0,3388685.0,13,240,6,3,2585.0,9.2,499,0,5,420075,3388410,517,0,5,-94.0,512,4260.0,-275.0,4268.866945689453,18,-63.69354629787145,5,9,3,-0.06710885352149792
3033,334601,415815.0,3388685.0,13,240,6,3,2585.0,9.2,499,0,5,420025,3388460,514,0,5,-90.6,512,4210.0,-225.0,4216.0081831040125,15,-63.05921553950358,2,9,3,-0.02718010626486864
3034,334601,415815.0,3388685.0,13,240,6,3,2585.0,9.2,499,0,5,420110,3388365,519,0,14,-105.0,512,4295.0,-320.0,4306.9043407069075,20,-64.2609631177422,7,9,3,-0.09312259379588678
3035,334601,415815.0,3388685.0,13,240,6,3,2585.0,9.2,499,0,5,420065,3388420,517,0,5,-90.0,512,4250.0,-265.0,4258.253750071735,18,-63.5679412336946,5,9,3,-0.06727611427627403
3036,334601,415815.0,3388685.0,13,240,6,3,2585.0,9.2,499,0,5,420080,3388395,518,0,14,-94.67,512,4265.0,-290.0,4274.847950512392,19,-63.88985696171079,6,9,3,-0.08041793657124557
3037,334601,415815.0,3388685.0,13,240,6,3,2585.0,9.2,499,0,5,420145,3388340,518,15,5,-119.0,512,4330.0,-345.0,4343.722481927223,19,-64.55551340040057,6,9,3,-0.07914282274440544
3038,334601,415815.0,3388685.0,13,240,6,3,2585.0,9.2,499,0,5,420095,3388390,519,0,5,-100.5,512,4280.0,-295.0,4290.154426125008,20,-63.94288906844571,7,9,3,-0.09348616875701901
3039,334601,415815.0,3388685.0,13,240,6,3,2585.0,9.2,499,0,5,420000,3388475,512,0,6,-93.5,512,4185.0,-210.0,4190.265504714469,13,-62.87264758916194,0,9,3,0.0
3040,334601,415815.0,3388685.0,13,240,6,3,2585.0,9.2,499,0,5,420065,3388195,517,12,14,-95.67,512,4250.0,-490.0,4278.15380742675,18,-66.57682758994977,5,9,3,-0.06696317617937445
3041,334601,415815.0,3388685.0,13,240,6,3,2585.0,9.2,499,0,5,420060,3388200,517,12,5,-91.33,512,4245.0,-485.0,4272.616294496851,18,-66.51789842708828,5,9,3,-0.06704996354571861
3042,334601,415815.0,3388685.0,13,240,6,3,2585.0,9.2,499,0,5,420045,3388175,517,0,14,-90.67,512,4230.0,-510.0,4260.633755675322,18,-66.87481802870425,5,9,3,-0.06723853362722072
3043,334601,415815.0,3388685.0,13,240,6,3,2585.0,9.2,499,0,5,420055,3388165,517,0,5,-100.46,512,4240.0,-520.0,4271.767783950809,18,-66.99192534666778,5,9,3,-0.06706328181396269
3044,334601,415815.0,3388685.0,13,240,6,3,2585.0,9.2,499,0,5,420050,3388170,517,0,5,-93.31,512,4235.0,-515.0,4266.198542027785,18,-66.93344809505138,5,9,3,-0.06715082844244259
3045,334601,415815.0,3388685.0,13,240,6,3,2585.0,9.2,499,0,5,420015,3388205,517,0,5,-90.0,512,4200.0,-480.0,4227.339588914049,18,-66.51980175165698,5,9,3,-0.06776809810260413
3046,334601,415815.0,3388685.0,13,240,6,3,2585.0,9.2,499,0,5,420040,3388180,517,0,5,-88.0,512,4225.0,-505.0,4255.073442374409,18,-66.81603467109949,5,9,3,-0.06732639743826795
3047,334601,415815.0,3388685.0,13,240,6,3,2585.0,9.2,499,0,5,420075,3388185,517,0,5,-90.47,512,4260.0,-500.0,4289.2423573400465,18,-66.69422913189317,5,9,3,-0.06679006312442853
3048,334601,415815.0,3388685.0,13,240,6,3,2585.0,9.2,499,0,5,420005,3388215,517,0,6,-89.29,512,4190.0,-470.0,4216.277979450596,18,-66.40021873234289,5,9,3,-0.06794589082335509
3049,334601,415815.0,3388685.0,13,240,6,3,2585.0,9.2,499,0,5,420035,3388225,517,12,5,-95.86,512,4220.0,-460.0,4244.997055358225,18,-66.22094992115962,5,9,3,-0.06748621055508118
3050,334601,415815.0,3388685.0,13,240,6,3,2585.0,9.2,499,0,5,420070,3388190,517,0,5,-92.17,512,4255.0,-495.0,4283.695834206719,18,-66.63560433577356,5,9,3,-0.06687654272248669
3051,334601,415815.0,3388685.0,13,240,6,3,2585.0,9.2,499,0,5,420025,3388235,517,0,5,-102.5,512,4210.0,-450.0,4233.98157766422,18,-66.10108711615442,5,9,3,-0.06766178811562056
3052,334601,415815.0,3388685.0,13,240,6,3,2585.0,9.2,499,0,5,420020,3388240,517,0,5,-99.0,512,4205.0,-445.0,4228.480814666184,18,-66.04092165733258,5,9,3,-0.0677498081705889
3053,334601,415815.0,3388685.0,13,240,6,3,2585.0,9.2,499,0,5,420085,3388295,518,0,5,-94.0,512,4270.0,-390.0,4287.773314903669,19,-65.21862475913139,6,9,3,-0.08017551942404469
3054,334601,415815.0,3388685.0,13,240,6,3,2585.0,9.2,499,0,5,420030,3388190,517,0,5,-82.0,512,4215.0,-495.0,4243.966305238532,18,-66.69800616999134,5,9,3,-0.06750260120247176
3055,334601,415815.0,3388685.0,13,240,6,3,2585.0,9.2,499,0,5,420050,3388210,517,0,5,-86.88,512,4235.0,-475.0,4261.554880557095,18,-66.39958097523706,5,9,3,-0.06722400019254056
3056,334601,415815.0,3388685.0,13,240,6,3,2585.0,9.2,499,0,5,420070,3388230,517,18,5,-97.33,512,4255.0,-455.0,4279.258113271505,18,-66.10361696849048,5,9,3,-0.06694589567009718
3057,334601,415815.0,3388685.0,13,240,6,3,2585.0,9.2,499,0,5,420060,3388240,517,0,5,-90.83,512,4245.0,-445.0,4268.260769915541,18,-65.98441398790945,5,9,3,-0.06711838427095296
3058,334601,415815.0,3388685.0,13,240,6,3,2585.0,9.2,499,0,5,420000,3388180,518,0,6,-93.2,512,4185.0,-505.0,4215.358822211936,19,-66.88056033541625,6,9,3,-0.08155283083092689
3059,334601,415815.0,3388685.0,13,240,6,3,2585.0,9.2,499,0,5,420045,3388215,517,12,6,-96.86,512,4230.0,-470.0,4256.031014924586,18,-66.34019174590992,5,9,3,-0.06731124955740496
3060,334601,415815.0,3388685.0,13,240,6,3,2585.0,9.2,499,0,5,420055,3388205,517,0,5,-97.35,512,4240.0,-480.0,4267.083312990268,18,-66.45881637871867,5,9,3,-0.06713690486880568
3061,334601,415815.0,3388685.0,13,240,6,3,2585.0,9.2,499,0,5,420040,3388220,517,12,6,-92.75,512,4225.0,-465.0,4250.5117338974605,18,-66.28064821887784,5,9,3,-0.06739865300041549
3062,334601,415815.0,3388685.0,13,240,6,3,2585.0,9.2,499,0,5,420035,3388185,517,0,5,-84.63,512,4220.0,-500.0,4249.517619683439,18,-66.75709754450588,5,9,3,-0.06741441994224727
3063,334601,415815.0,3388685.0,13,240,6,3,2585.0,9.2,499,0,5,420065,3388235,517,18,5,-86.0,512,4250.0,-450.0,4273.75712927162,18,-66.0440921622411,5,9,3,-0.06703206527542907
3064,334601,415815.0,3388685.0,13,240,6,3,2585.0,9.2,499,0,5,420025,3388195,517,0,5,-86.5,512,4210.0,-490.0,4238.419516753857,18,-66.63876006742603,5,9,3,-0.0675909412788621
3065,334601,415815.0,3388685.0,13,240,6,3,2585.0,9.2,499,0,5,420005,3388175,518,0,5,-92.0,512,4190.0,-510.0,4220.924069442614,19,-66.93981171194866,6,9,3,-0.0814453043635765
3066,334601,415815.0,3388685.0,13,240,6,3,2585.0,9.2,499,0,5,420095,3388245,517,0,6,-87.0,512,4280.0,-440.0,4302.557379047954,18,-65.86960044301472,5,9,3,-0.06658336969535276
3067,334601,415815.0,3388685.0,13,240,6,3,2585.0,9.2,499,0,5,420060,3388380,518,0,14,-92.0,512,4245.0,-305.0,4255.942903752351,19,-64.10959592794836,6,9,3,-0.0807751553769587
3068,334601,415815.0,3388685.0,13,240,6,3,2585.0,9.2,499,0,5,420055,3388385,518,0,14,-88.0,512,4240.0,-300.0,4250.599957653037,19,-64.04720191512217,6,9,3,-0.08087668850939175
3069,334601,415815.0,3388685.0,13,240,6,3,2585.0,9.2,499,0,5,420075,3388365,518,0,5,-90.29,512,4260.0,-320.0,4272.001872658766,19,-64.2958405112715,6,9,3,-0.08047151225174516
3070,334601,415815.0,3388685.0,13,240,6,3,2585.0,9.2,499,0,5,420065,3388375,518,0,5,-90.0,512,4250.0,-310.0,4261.290884227455,19,-64.17183340368507,6,9,3,-0.08067378154582161
3071,334601,415815.0,3388685.0,13,240,6,3,2585.0,9.2,499,0,5,420035,3388325,518,0,5,-92.67,512,4220.0,-360.0,4235.327614246624,19,-64.87598621246218,6,9,3,-0.08116832472348567
3072,334601,415815.0,3388685.0,13,240,6,3,2585.0,9.2,499,0,5,420070,3388370,518,0,5,-88.29,512,4255.0,-315.0,4266.643880147487,19,-64.23391478436477,6,9,3,-0.08057256713329793
3073,334601,415815.0,3388685.0,13,240,6,3,2585.0,9.2,499,0,5,420010,3388350,517,0,6,-85.4,512,4195.0,-335.0,4208.354785423871,18,-64.56577841384552,5,9,3,-0.06807381444139872
3074,334601,415815.0,3388685.0,13,240,6,3,2585.0,9.2,499,0,5,420015,3388345,517,0,5,-91.0,512,4200.0,-340.0,4213.7394319060595,18,-64.62813753773236,5,9,3,-0.06798682446798159
3075,334601,415815.0,3388685.0,13,240,6,3,2585.0,9.2,499,0,5,420000,3388360,516,0,6,-91.67,512,4185.0,-325.0,4197.600505050475,17,-64.44058057466404,4,9,3,-0.054598585169176594
3076,334601,415815.0,3388685.0,13,240,6,3,2585.0,9.2,499,0,5,420085,3388185,517,0,5,-91.82,512,4270.0,-500.0,4299.174339335403,18,-66.67869356880033,5,9,3,-0.06663576440258168
3077,334601,415815.0,3388685.0,13,240,6,3,2585.0,9.2,499,0,5,420015,3388275,518,0,5,-99.13,512,4200.0,-410.0,4219.964454826604,19,-65.57549369555664,6,9,3,-0.08146382489852184
3078,334601,415815.0,3388685.0,13,240,6,3,2585.0,9.2,499,0,5,420105,3388165,517,0,5,-88.29,512,4290.0,-520.0,4321.400236034612,18,-66.91122711902469,5,9,3,-0.06629304255087318
3079,334601,415815.0,3388685.0,13,240,6,3,2585.0,9.2,499,0,5,420035,3388255,517,12,5,-90.44,512,4220.0,-430.0,4241.851011056376,18,-65.81811499957647,5,9,3,-0.06753626285796244
3080,334601,415815.0,3388685.0,13,240,6,3,2585.0,9.2,499,0,5,420115,3388175,517,21,5,-97.33,512,4300.0,-510.0,4330.138565912181,18,-66.76394775451232,5,9,3,-0.06615926162212521
3081,334601,415815.0,3388685.0,13,240,6,3,2585.0,9.2,499,0,5,420070,3388300,518,0,14,-91.33,512,4255.0,-385.0,4272.382239453768,19,-65.17014589180661,6,9,3,-0.08046434794639007
3082,334601,415815.0,3388685.0,13,240,6,3,2585.0,9.2,499,0,5,420080,3388190,517,12,5,-93.5,512,4265.0,-495.0,4293.629001206322,18,-66.62018432436994,5,9,3,-0.0667218262190884
3083,334601,415815.0,3388685.0,13,240,6,3,2585.0,9.2,499,0,5,420040,3388310,518,12,14,-91.42,512,4225.0,-375.0,4241.609364380459,19,-65.07213287251452,6,9,3,-0.08104811599839562
3084,334601,415815.0,3388685.0,13,240,6,3,2585.0,9.2,499,0,5,420100,3388170,517,0,5,-89.52,512,4285.0,-515.0,4315.837114627938,18,-66.85331832454153,5,9,3,-0.0663784943194531
3085,334601,415815.0,3388685.0,13,240,6,3,2585.0,9.2,499,0,5,420045,3388305,518,12,14,-92.33,512,4230.0,-380.0,4247.034259339098,19,-65.13335903157241,6,9,3,-0.08094459036058788
3086,334601,415815.0,3388685.0,13,240,6,3,2585.0,9.2,499,0,5,420145,3388205,516,21,5,-107.33,512,4330.0,-480.0,4356.5238436166055,17,-66.32566810122401,4,9,3,-0.05260686314982629
3087,334601,415815.0,3388685.0,13,240,6,3,2585.0,9.2,499,0,5,420000,3388270,517,0,6,-87.5,512,4185.0,-415.0,4205.526126419856,18,-65.66314603411485,5,9,3,-0.06811960120409505
3088,334601,415815.0,3388685.0,13,240,6,3,2585.0,9.2,499,0,5,420110,3388180,517,21,12,-98.11,512,4295.0,-505.0,4324.586685453305,18,-66.70596677875147,5,9,3,-0.0662441964404943
3089,334601,415815.0,3388685.0,13,240,6,3,2585.0,9.2,499,0,5,420005,3388265,518,0,6,-99.0,512,4190.0,-420.0,4210.997506529777,19,-65.72413183751067,6,9,3,-0.08163729470399612
3090,334601,415815.0,3388685.0,13,240,6,3,2585.0,9.2,499,0,5,420030,3388260,518,0,5,-96.8,512,4215.0,-425.0,4236.3722688168,19,-65.75769476594849,6,9,3,-0.08114830930874171
3091,334601,415815.0,3388685.0,13,240,6,3,2585.0,9.2,499,0,5,420075,3388295,518,18,14,-91.0,512,4260.0,-390.0,4277.814862754114,19,-65.2308071755532,6,9,3,-0.08036216215016845
3092,334601,415815.0,3388685.0,13,240,6,3,2585.0,9.2,499,0,5,420065,3388285,518,0,14,-89.67,512,4250.0,-400.0,4268.782027698299,19,-65.37670542805074,6,9,3,-0.08053220999887228
3093,334601,415815.0,3388685.0,13,240,6,3,2585.0,9.2,499,0,5,420060,3388290,518,0,5,-90.67,512,4245.0,-395.0,4263.337894185728,19,-65.31610164798835,6,9,3,-0.0806350466812182
3094,334601,415815.0,3388685.0,13,240,6,3,2585.0,9.2,499,0,5,420050,3388320,518,12,5,-98.5,512,4235.0,-365.0,4250.699942362434,19,-64.92595224666286,6,9,3,-0.08087478613529665
3095,334601,415815.0,3388685.0,13,240,6,3,2585.0,9.2,499,0,5,420095,3388195,517,0,5,-94.33,512,4280.0,-490.0,4307.957752810489,18,-66.53112801261508,5,9,3,-0.06649990212667321
3096,334601,415815.0,3388685.0,13,240,6,3,2585.0,9.2,499,0,5,420090,3388200,517,0,6,-92.5,512,4275.0,-485.0,4302.423735523967,18,-66.47254829066446,5,9,3,-0.0665854379314681
3097,334601,415815.0,3388685.0,13,240,6,3,2585.0,9.2,499,0,5,420045,3388550,511,0,5,-96.67,512,4230.0,-135.0,4232.153707038533,12,-61.827968244305,-1,9,3,0.013538208300774953
3098,334601,415815.0,3388685.0,13,240,6,3,2585.0,9.2,499,0,5,420040,3388545,511,0,5,-87.67,512,4225.0,-140.0,4227.318890266028,12,-61.89786395896931,-1,9,3,0.013553692052017972
3099,334601,415815.0,3388685.0,13,240,6,3,2585.0,9.2,499,0,5,420000,3388505,512,0,6,-92.88,512,4185.0,-180.0,4188.869179146085,13,-62.462816675916855,0,9,3,0.0
3100,334601,415815.0,3388685.0,13,240,6,3,2585.0,9.2,499,0,5,420030,3388495,513,0,5,-90.38,512,4215.0,-190.0,4219.280151874251,14,-62.580980711021994,1,9,3,-0.013579515077901711
3101,334601,415815.0,3388685.0,13,240,6,3,2585.0,9.2,499,0,5,420025,3388490,513,0,5,-89.58,512,4210.0,-195.0,4214.513613692569,14,-62.651947121165364,1,9,3,-0.01359487326169526
3102,334601,415815.0,3388685.0,13,240,6,3,2585.0,9.2,499,0,5,420020,3388485,513,0,5,-91.5,512,4205.0,-200.0,4209.753555732212,14,-62.723074127093525,1,9,3,-0.01361024527371442
3103,334601,415815.0,3388685.0,13,240,6,3,2585.0,9.2,499,0,5,420065,3388075,519,18,14,-100.0,512,4250.0,-610.0,4293.553306994103,20,-68.16784660397477,7,9,3,-0.09341216297101557
3104,334601,415815.0,3388685.0,13,240,6,3,2585.0,9.2,499,0,5,420140,3388160,517,21,5,-96.69,512,4325.0,-525.0,4356.74764015544,18,-66.92111763843499,5,9,3,-0.06575519067304363
3105,334601,415815.0,3388685.0,13,240,6,3,2585.0,9.2,499,0,5,420120,3388140,517,0,12,-97.15,512,4305.0,-545.0,4339.360551970763,18,-67.21509110314213,5,9,3,-0.06601866043436481
3106,334601,415815.0,3388685.0,13,240,6,3,2585.0,9.2,499,0,5,420150,3388150,516,0,5,-99.45,512,4335.0,-535.0,4367.888505903053,17,-67.03552989963589,4,9,3,-0.05246998719748839
3107,334601,415815.0,3388685.0,13,240,6,3,2585.0,9.2,499,0,5,420145,3388155,516,0,5,-97.4,512,4330.0,-530.0,4362.315898694179,17,-66.97839681804541,4,9,3,-0.052537014545325375
3108,334601,415815.0,3388685.0,13,240,6,3,2585.0,9.2,499,0,5,420155,3388145,516,0,5,-101.6,512,4340.0,-540.0,4373.465445159021,17,-67.09251732827306,4,9,3,-0.0524030787534317
3109,334601,415815.0,3388685.0,13,240,6,3,2585.0,9.2,499,0,5,420005,3388015,518,0,6,-100.0,512,4190.0,-670.0,4243.229901855425,19,-69.08494360802817,6,9,3,-0.08101716284780464
3110,334601,415815.0,3388685.0,13,240,6,3,2585.0,9.2,499,0,5,420025,3388035,519,0,5,-104.33,512,4210.0,-650.0,4259.882627491044,20,-68.77683999272003,7,9,3,-0.09415050382131647
3111,334601,415815.0,3388685.0,13,240,6,3,2585.0,9.2,499,0,5,420010,3388010,518,0,6,-97.67,512,4195.0,-675.0,4248.958695963047,19,-69.14087508618385,6,9,3,-0.08090792901878144
3112,334601,415815.0,3388685.0,13,240,6,3,2585.0,9.2,499,0,5,420000,3388020,518,0,6,-101.5,512,4185.0,-665.0,4237.505162238744,19,-69.02886095288247,6,9,3,-0.08112661440586656
3113,334601,415815.0,3388685.0,13,240,6,3,2585.0,9.2,499,0,5,420070,3388070,519,18,14,-108.5,512,4255.0,-615.0,4299.215044633148,20,-68.22433874864353,7,9,3,-0.09328914650912266
3114,334601,415815.0,3388685.0,13,240,6,3,2585.0,9.2,499,0,5,420040,3388060,519,0,14,-111.5,512,4225.0,-625.0,4270.977639838448,20,-68.4146817003066,7,9,3,-0.09390592302099773
3115,334601,415815.0,3388685.0,13,240,6,3,2585.0,9.2,499,0,5,420125,3388135,517,0,12,-97.7,512,4310.0,-550.0,4344.951092935339,18,-67.27222185304308,5,9,3,-0.06593371593403682
3116,334601,415815.0,3388685.0,13,240,6,3,2585.0,9.2,499,0,5,420140,3388175,516,0,12,-104.0,512,4325.0,-510.0,4354.965556695024,17,-66.72520893952657,4,9,3,-0.05262568684422013
3117,334601,415815.0,3388685.0,13,240,6,3,2585.0,9.2,499,0,5,420015,3388310,518,0,5,-101.0,512,4200.0,-375.0,4216.70783906118,19,-65.10216525235819,6,9,3,-0.08152674033602615
3118,334601,415815.0,3388685.0,13,240,6,3,2585.0,9.2,499,0,5,420020,3388295,518,0,5,-96.67,512,4205.0,-390.0,4223.046885839654,19,-65.29883743743548,6,9,3,-0.08140436397160078
3119,334601,415815.0,3388685.0,13,240,6,3,2585.0,9.2,499,0,5,420030,3388285,518,6,5,-97.8,512,4215.0,-400.0,4233.937292875274,19,-65.42108696219566,6,9,3,-0.08119497837885953
3120,334601,415815.0,3388685.0,13,240,6,3,2585.0,9.2,499,0,5,420010,3388305,518,0,5,-92.0,512,4195.0,-380.0,4212.175803548565,19,-65.17595633034807,6,9,3,-0.0816144578483375
3121,334601,415815.0,3388685.0,13,240,6,3,2585.0,9.2,499,0,5,420025,3388300,518,0,5,-94.0,512,4210.0,-385.0,4227.567267353649,19,-65.22510444796322,6,9,3,-0.08131732140920551
3122,334601,415815.0,3388685.0,13,240,6,3,2585.0,9.2,499,0,5,420150,3388165,516,21,12,-102.0,512,4335.0,-520.0,4366.076614078136,17,-66.84016751917238,4,9,3,-0.05249176186982553
3123,334601,415815.0,3388685.0,13,240,6,3,2585.0,9.2,499,0,5,420065,3388260,517,0,14,-86.33,512,4250.0,-425.0,4271.1971389763785,18,-65.71059313749964,5,9,3,-0.06707224166492035
3124,334601,415815.0,3388685.0,13,240,6,3,2585.0,9.2,499,0,5,420080,3388235,517,18,5,-101.17,512,4265.0,-450.0,4288.674037508563,18,-66.02299162378492,5,9,3,-0.06679891389804621
3125,334601,415815.0,3388685.0,13,240,6,3,2585.0,9.2,499,0,5,420035,3388290,518,6,14,-93.67,512,4220.0,-395.0,4238.44605958363,19,-65.34741310978836,6,9,3,-0.0811086050427574
3126,334601,415815.0,3388685.0,13,240,6,3,2585.0,9.2,499,0,5,420130,3388185,516,0,5,-109.25,512,4315.0,-500.0,4343.872120585504,17,-66.60966272736891,4,9,3,-0.05276008291963895
3127,334601,415815.0,3388685.0,13,240,6,3,2585.0,9.2,499,0,5,420045,3388280,518,12,14,-91.0,512,4230.0,-405.0,4249.3440670296395,19,-65.46909497011194,6,9,3,-0.08090059152551979
3128,334601,415815.0,3388685.0,13,240,6,3,2585.0,9.2,499,0,5,420040,3388275,518,12,14,-89.81,512,4225.0,-410.0,4244.846875919083,19,-65.54270865690262,6,9,3,-0.08098630131608306
3129,334601,415815.0,3388685.0,13,240,6,3,2585.0,9.2,499,0,5,420145,3388180,516,0,5,-103.4,512,4330.0,-505.0,4359.34914866887,17,-66.65224927068294,4,9,3,-0.05257276852979913
3130,334601,415815.0,3388685.0,13,240,6,3,2585.0,9.2,499,0,5,420135,3388190,516,0,5,-107.58,512,4320.0,-495.0,4348.266896132297,17,-66.53663364879708,4,9,3,-0.05270675854997044
3131,334601,415815.0,3388685.0,13,240,6,3,2585.0,9.2,499,0,5,420155,3388170,516,0,12,-100.0,512,4340.0,-515.0,4370.449061595387,17,-66.76727808597911,4,9,3,-0.05243924613462458
3132,334601,415815.0,3388685.0,13,240,6,3,2585.0,9.2,499,0,5,420005,3388320,517,0,6,-95.0,512,4190.0,-365.0,4205.867924697589,18,-64.97859177533851,5,9,3,-0.0681140653335327
3133,334601,415815.0,3388685.0,13,240,6,3,2585.0,9.2,499,0,5,420070,3388245,517,18,5,-86.0,512,4255.0,-440.0,4277.689212647408,18,-65.90384404527504,5,9,3,-0.06697044896432447
3134,334601,415815.0,3388685.0,13,240,6,3,2585.0,9.2,499,0,5,420060,3388255,517,0,14,-82.5,512,4245.0,-430.0,4266.722981399191,18,-65.78408348603222,5,9,3,-0.06714257468278477
3135,334601,415815.0,3388685.0,13,240,6,3,2585.0,9.2,499,0,5,420125,3388200,516,0,5,-112.33,512,4310.0,-485.0,4337.202439361115,17,-66.42042766731717,4,9,3,-0.05284121649363835
3136,334601,415815.0,3388685.0,13,240,6,3,2585.0,9.2,499,0,5,420090,3388320,518,0,5,-98.64,512,4275.0,-365.0,4290.553577337078,19,-64.88008509663169,6,9,3,-0.08012356605951701
3137,334601,415815.0,3388685.0,13,240,6,3,2585.0,9.2,499,0,5,420005,3388225,517,0,6,-89.0,512,4190.0,-460.0,4215.174966712532,18,-66.26513837056075,5,9,3,-0.06796367065773383
3138,334601,415815.0,3388685.0,13,240,6,3,2585.0,9.2,499,0,5,420085,3388305,518,0,5,-101.67,512,4270.0,-380.0,4286.87531892403,19,-65.08552470612491,6,9,3,-0.0801923142208924
3139,334601,415815.0,3388685.0,13,240,6,3,2585.0,9.2,499,0,5,420040,3388190,517,0,5,-86.09,512,4225.0,-495.0,4253.898212228402,18,-66.68229643656258,5,9,3,-0.06734499777496582
3140,334601,415815.0,3388685.0,13,240,6,3,2585.0,9.2,499,0,5,420030,3388220,517,0,6,-94.33,512,4215.0,-465.0,4240.571895393356,18,-66.29542942727224,5,9,3,-0.06755663431108737
3141,334601,415815.0,3388685.0,13,240,6,3,2585.0,9.2,499,0,5,420075,3388175,517,0,14,-92.13,512,4260.0,-510.0,4290.419559903204,18,-66.82686233847369,5,9,3,-0.06677173732640175
3142,334601,415815.0,3388685.0,13,240,6,3,2585.0,9.2,499,0,5,420035,3388215,517,12,6,-91.25,512,4220.0,-470.0,4246.092321181913,18,-66.35509311865925,5,9,3,-0.06746880272075671
3143,334601,415815.0,3388685.0,13,240,6,3,2585.0,9.2,499,0,5,420060,3388170,517,0,14,-95.63,512,4245.0,-515.0,4276.125582814424,18,-66.91727331614385,5,9,3,-0.06699493769705012
3144,334601,415815.0,3388685.0,13,240,6,3,2585.0,9.2,499,0,5,420065,3388165,517,0,14,-96.07,512,4250.0,-520.0,4281.693590157988,18,-66.97563603394414,5,9,3,-0.06690781610418527
3145,334601,415815.0,3388685.0,13,240,6,3,2585.0,9.2,499,0,5,420045,3388185,517,0,5,-85.95,512,4230.0,-500.0,4259.448321085725,18,-66.74127050616028,5,9,3,-0.06725724656943669
3146,334601,415815.0,3388685.0,13,240,6,3,2585.0,9.2,499,0,5,420050,3388200,517,0,5,-86.73,512,4235.0,-485.0,4262.681081197607,18,-66.53315607687688,5,9,3,-0.06720623962326942
3147,334601,415815.0,3388685.0,13,240,6,3,2585.0,9.2,499,0,5,420055,3388195,517,12,14,-88.8,512,4240.0,-490.0,4268.219769412067,18,-66.59220260503048,5,9,3,-0.06711902900931663
3148,334601,415815.0,3388685.0,13,240,6,3,2585.0,9.2,499,0,5,420070,3388180,517,0,14,-91.25,512,4255.0,-505.0,4284.862891622088,18,-66.76842542273704,5,9,3,-0.06685832774193473
3149,334601,415815.0,3388685.0,13,240,6,3,2585.0,9.2,499,0,5,420010,3388240,517,0,5,-95.75,512,4195.0,-445.0,4218.53647607793,18,-66.05521508784855,5,9,3,-0.06790951436379838
3150,334601,415815.0,3388685.0,13,240,6,3,2585.0,9.2,499,0,5,420015,3388235,517,0,5,-96.0,512,4200.0,-450.0,4224.038352098617,18,-66.11550356628541,5,9,3,-0.06782106124186243
3151,334601,415815.0,3388685.0,13,240,6,3,2585.0,9.2,499,0,5,420080,3388310,518,0,14,-98.0,512,4265.0,-375.0,4281.4541922108665,19,-65.02480772571045,6,9,3,-0.08029385264883665
3152,334601,415815.0,3388685.0,13,240,6,3,2585.0,9.2,499,0,5,420025,3388650,509,0,6,-88.0,512,4210.0,-35.0,4210.145484422123,10,-60.476319735140976,-3,9,3,0.04082692868534586
3153,334601,415815.0,3388685.0,13,240,6,3,2585.0,9.2,499,0,5,420035,3388660,508,0,6,-87.0,512,4220.0,-25.0,4220.074051482983,9,-60.339426002647144,-4,9,3,0.05430782650307493
3154,334601,415815.0,3388685.0,13,240,6,3,2585.0,9.2,499,0,5,420125,3388130,517,0,12,-98.0,512,4310.0,-555.0,4345.586841843113,18,-67.33761566822943,5,9,3,-0.06592406999842025
3155,334601,415815.0,3388685.0,13,240,6,3,2585.0,9.2,499,0,5,420130,3388135,517,0,12,-97.8,512,4315.0,-550.0,4349.910918628105,18,-67.2638852317703,5,9,3,-0.06585853750941702
3156,334601,415815.0,3388685.0,13,240,6,3,2585.0,9.2,499,0,5,420155,3388160,516,21,12,-103.11,512,4340.0,-525.0,4371.638708768143,17,-66.89742755775174,4,9,3,-0.052424975932936414
3157,334601,415815.0,3388685.0,13,240,6,3,2585.0,9.2,499,0,5,420150,3388155,516,0,5,-101.0,512,4335.0,-530.0,4367.278901100776,17,-66.9704271456724,4,9,3,-0.052477311194651925
3158,334601,415815.0,3388685.0,13,240,6,3,2585.0,9.2,499,0,5,420025,3388030,518,0,5,-106.5,512,4210.0,-655.0,4260.648424829254,19,-68.84329098917357,6,9,3,-0.08068594625772849
3159,334601,415815.0,3388685.0,13,240,6,3,2585.0,9.2,499,0,5,420140,3388145,517,0,5,-99.2,512,4325.0,-540.0,4358.580617586418,18,-67.11686384760321,5,9,3,-0.06572753770863056
3160,334601,415815.0,3388685.0,13,240,6,3,2585.0,9.2,499,0,5,420120,3388125,517,21,5,-102.25,512,4305.0,-560.0,4341.269975479526,18,-67.41149285917888,5,9,3,-0.06598962343103137
3161,334601,415815.0,3388685.0,13,240,6,3,2585.0,9.2,499,0,5,420115,3388120,517,0,5,-102.13,512,4300.0,-565.0,4336.960341068385,18,-67.4855169968258,5,9,3,-0.06605519721489858
3162,334601,415815.0,3388685.0,13,240,6,3,2585.0,9.2,499,0,5,420145,3388150,517,0,5,-97.94,512,4330.0,-535.0,4362.926196946265,18,-67.0435725096363,5,9,3,-0.06566207155858876
3163,334601,415815.0,3388685.0,13,240,6,3,2585.0,9.2,499,0,5,420040,3388045,519,0,14,-110.5,512,4225.0,-640.0,4273.1984508094165,20,-68.61363956788051,7,9,3,-0.09385711954666642
3164,334601,415815.0,3388685.0,13,240,6,3,2585.0,9.2,499,0,5,420110,3388115,518,0,5,-99.55,512,4295.0,-570.0,4332.657960190257,19,-67.5596882721805,6,9,3,-0.07934493340545831
3165,334601,415815.0,3388685.0,13,240,6,3,2585.0,9.2,499,0,5,420055,3388060,519,0,5,-109.5,512,4240.0,-625.0,4285.816724966199,20,-68.38533677322025,7,9,3,-0.09358078650849037
3166,334601,415815.0,3388685.0,13,240,6,3,2585.0,9.2,499,0,5,420005,3388010,518,0,6,-99.45,512,4190.0,-675.0,4244.022266671088,19,-69.15159857859962,6,9,3,-0.08100203685182109
3167,334601,415815.0,3388685.0,13,240,6,3,2585.0,9.2,499,0,5,420060,3388065,519,0,14,-92.0,512,4245.0,-620.0,4290.037878620654,20,-68.30953473455529,7,9,3,-0.09348870849224511
3168,334601,415815.0,3388685.0,13,240,6,3,2585.0,9.2,499,0,5,420030,3388035,519,0,5,-105.0,512,4215.0,-650.0,4264.824146433239,20,-68.76659038523468,7,9,3,-0.09404141476019277
3169,334601,415815.0,3388685.0,13,240,6,3,2585.0,9.2,499,0,5,420010,3388015,518,0,6,-96.38,512,4195.0,-670.0,4248.167251886394,19,-69.07429557787393,6,9,3,-0.08092300234622611
3170,334601,415815.0,3388685.0,13,240,6,3,2585.0,9.2,499,0,5,420035,3388040,519,15,14,-101.0,512,4220.0,-645.0,4269.007495894099,20,-68.69003996753503,7,9,3,-0.09394926046048752
3171,334601,415815.0,3388685.0,13,240,6,3,2585.0,9.2,499,0,5,420000,3388005,518,0,6,-96.13,512,4185.0,-680.0,4239.885022025951,19,-69.22905258380004,6,9,3,-0.08108107786219604
3172,334601,415815.0,3388685.0,13,240,6,3,2585.0,9.2,499,0,5,420065,3388070,519,18,14,-92.0,512,4250.0,-615.0,4294.266526427999,20,-68.23388185117582,7,9,3,-0.09339664850502835
3173,334601,415815.0,3388685.0,13,240,6,3,2585.0,9.2,499,0,5,420080,3388085,518,0,5,-101.0,512,4265.0,-600.0,4306.997213837037,19,-68.00781635798214,6,9,3,-0.07981766358916581
3174,334601,415815.0,3388685.0,13,240,6,3,2585.0,9.2,499,0,5,420135,3388140,517,0,12,-101.67,512,4320.0,-545.0,4354.242184353094,18,-67.19030135641299,5,9,3,-0.06579302655176808
3175,334601,415815.0,3388685.0,13,240,6,3,2585.0,9.2,499,0,5,420070,3388075,519,18,14,-103.5,512,4255.0,-610.0,4298.502646271141,20,-68.15837794629041,7,9,3,-0.0933046074552122
3176,334601,415815.0,3388685.0,13,240,6,3,2585.0,9.2,499,0,5,420015,3388020,518,0,5,-100.67,512,4200.0,-665.0,4252.31995503631,19,-68.99714342106506,6,9,3,-0.08084397518833306
3177,334601,415815.0,3388685.0,13,240,6,3,2585.0,9.2,499,0,5,420035,3388180,518,0,5,-84.89,512,4220.0,-505.0,4250.108822136205,19,-66.82403443013825,6,9,3,-0.08088603447277769
3178,334601,415815.0,3388685.0,13,240,6,3,2585.0,9.2,499,0,5,420030,3388175,518,0,5,-87.33,512,4215.0,-510.0,4245.741984624125,19,-66.89904818850067,6,9,3,-0.08096922739895963
3179,334601,415815.0,3388685.0,13,240,6,3,2585.0,9.2,499,0,5,420070,3388215,517,0,6,-97.0,512,4255.0,-470.0,4280.878998523551,18,-66.30324103549475,5,9,3,-0.0669205477178872
3180,334601,415815.0,3388685.0,13,240,6,3,2585.0,9.2,499,0,5,420060,3388205,517,12,5,-90.5,512,4245.0,-480.0,4272.05161485673,18,-66.4512729939274,5,9,3,-0.06705882619957317
3181,334601,415815.0,3388685.0,13,240,6,3,2585.0,9.2,499,0,5,420040,3388225,517,12,5,-93.0,512,4225.0,-460.0,4249.96764693568,18,-66.21364547230857,5,9,3,-0.06740728146480635
3182,334601,415815.0,3388685.0,13,240,6,3,2585.0,9.2,499,0,5,420005,3388190,518,0,6,-83.75,512,4190.0,-495.0,4219.137945125757,19,-66.73760407618619,6,9,3,-0.08147978326529116
3183,334601,415815.0,3388685.0,13,240,6,3,2585.0,9.2,499,0,5,420055,3388240,517,0,5,-96.4,512,4240.0,-445.0,4263.288050319847,18,-65.99141977648966,5,9,3,-0.06719667140400215
3184,334601,415815.0,3388685.0,13,240,6,3,2585.0,9.2,499,0,5,420000,3388185,518,0,6,-98.67,512,4185.0,-500.0,4214.762745398607,19,-66.81307948951115,6,9,3,-0.08156436450168963
3185,334601,415815.0,3388685.0,13,240,6,3,2585.0,9.2,499,0,5,420045,3388230,517,12,5,-94.67,512,4230.0,-455.0,4254.4006628431225,18,-66.13941566352113,5,9,3,-0.06733704424471512
3186,334601,415815.0,3388685.0,13,240,6,3,2585.0,9.2,499,0,5,420100,3388245,517,0,5,-104.5,512,4285.0,-440.0,4307.531195476128,18,-65.86279916994357,5,9,3,-0.06650648733620995
3187,334601,415815.0,3388685.0,13,240,6,3,2585.0,9.2,499,0,5,420050,3388235,517,0,5,-94.0,512,4235.0,-450.0,4258.840804726094,18,-66.06534051023826,5,9,3,-0.06726684069185755
3188,334601,415815.0,3388685.0,13,240,6,3,2585.0,9.2,499,0,5,420110,3388370,519,0,14,-104.2,512,4295.0,-315.0,4306.53573072371,20,-64.19462507998139,7,9,3,-0.09313056443851535
3189,334601,415815.0,3388685.0,13,240,6,3,2585.0,9.2,499,0,5,420100,3388380,519,0,5,-100.14,512,4285.0,-305.0,4295.841011955634,20,-64.07136291688562,7,9,3,-0.0933624173939044
3190,334601,415815.0,3388685.0,13,240,6,3,2585.0,9.2,499,0,5,420090,3388390,518,0,5,-100.4,512,4275.0,-295.0,4285.166274486907,19,-63.947486063641264,6,9,3,-0.08022429712205631
3191,334601,415815.0,3388685.0,13,240,6,3,2585.0,9.2,499,0,5,420095,3388385,519,0,5,-103.6,512,4280.0,-300.0,4290.501136231058,20,-64.00950154143925,7,9,3,-0.09347861426840924
3192,334601,415815.0,3388685.0,13,240,6,3,2585.0,9.2,499,0,5,420105,3388375,519,0,14,-105.4,512,4290.0,-310.0,4301.185882986226,20,-64.13307061997176,7,9,3,-0.09324640073896812
3193,334601,415815.0,3388685.0,13,240,6,3,2585.0,9.2,499,0,5,420080,3388400,518,0,14,-97.2,512,4265.0,-285.0,4274.511668015423,19,-63.822991077528854,6,9,3,-0.08042426316737895
3194,334601,415815.0,3388685.0,13,240,6,3,2585.0,9.2,499,0,5,420025,3388455,514,0,5,-88.0,512,4210.0,-230.0,4216.277979450596,15,-63.12706464910946,2,9,3,-0.027178367031282593
3195,334601,415815.0,3388685.0,13,240,6,3,2585.0,9.2,499,0,5,420020,3388460,514,0,5,-87.43,512,4205.0,-225.0,4211.015316998978,15,-63.06284621044165,2,9,3,-0.02721233284223528
3196,334601,415815.0,3388685.0,13,240,6,3,2585.0,9.2,499,0,5,420000,3388480,512,0,6,-101.5,512,4185.0,-205.0,4190.017899723102,13,-62.80436172938826,0,9,3,0.0
3197,334601,415815.0,3388685.0,13,240,6,3,2585.0,9.2,499,0,5,420015,3388465,513,0,6,-92.0,512,4200.0,-220.0,4205.757957847788,14,-62.99846713969447,1,9,3,-0.013623175419889864
3198,334601,415815.0,3388685.0,13,240,6,3,2585.0,9.2,499,0,5,420250,3388140,515,0,6,-114.5,512,4435.0,-545.0,4468.360997054737,16,-67.00573314959206,3,9,3,-0.038467642347130855
3199,334601,415815.0,3388685.0,13,240,6,3,2585.0,9.2,499,0,5,420000,3388595,510,0,6,-86.4,512,4185.0,-90.0,4185.967630070734,11,-61.23197740263973,-2,9,3,0.027375163984382705
3200,334601,415815.0,3388685.0,13,240,6,3,2585.0,9.2,499,0,5,420025,3388580,510,0,6,-91.33,512,4210.0,-105.0,4211.3091788658785,11,-61.42869594206823,-2,9,3,0.027210433987178654
3201,334601,415815.0,3388685.0,13,240,6,3,2585.0,9.2,499,0,5,420005,3388600,510,0,6,-87.17,512,4190.0,-85.0,4190.8620831518665,11,-61.162165475180956,-2,9,3,0.02734319289282776
3202,334601,415815.0,3388685.0,13,240,6,3,2585.0,9.2,499,0,5,420015,3388590,510,0,6,-91.53,512,4200.0,-95.0,4201.074267374953,11,-61.295755016688815,-2,9,3,0.02727672568395325
3203,334601,415815.0,3388685.0,13,240,6,3,2585.0,9.2,499,0,5,420020,3388575,510,0,6,-104.4,512,4205.0,-110.0,4206.438517320798,11,-61.498477694508836,-2,9,3,0.027241941114630585
3204,334601,415815.0,3388685.0,13,240,6,3,2585.0,9.2,499,0,5,420010,3388585,510,0,6,-99.0,512,4195.0,-100.0,4196.191725839038,11,-61.36555257498307,-2,9,3,0.027308463920587615
3205,334601,415815.0,3388685.0,13,240,6,3,2585.0,9.2,499,0,5,420035,3388570,511,0,5,-91.86,512,4220.0,-115.0,4221.566652322334,12,-61.560991542691255,-1,9,3,0.013572160091304143
3206,334601,415815.0,3388685.0,13,240,6,3,2585.0,9.2,499,0,5,420030,3388565,511,0,5,-95.23,512,4215.0,-120.0,4216.70783906118,12,-61.63075607450142,-1,9,3,0.013587798971558585
3207,334601,415815.0,3388685.0,13,240,6,3,2585.0,9.2,499,0,5,420050,3388135,518,6,5,-99.4,512,4235.0,-550.0,4270.564950916916,19,-67.3995946598871,6,9,3,-0.08049858855540605
3208,334601,415815.0,3388685.0,13,240,6,3,2585.0,9.2,499,0,5,420005,3388090,518,0,5,-96.54,512,4190.0,-595.0,4232.035562232435,19,-68.08223621699341,6,9,3,-0.08123146454947162
3209,334601,415815.0,3388685.0,13,240,6,3,2585.0,9.2,499,0,5,420065,3388150,518,0,14,-94.0,512,4250.0,-535.0,4283.541175242745,19,-67.17478826009426,6,9,3,-0.08025473275201508
3210,334601,415815.0,3388685.0,13,240,6,3,2585.0,9.2,499,0,5,420025,3388110,518,0,5,-97.0,512,4210.0,-575.0,4249.085195662708,19,-67.77731203117742,6,9,3,-0.08090552030851922
3211,334601,415815.0,3388685.0,13,240,6,3,2585.0,9.2,499,0,5,420020,3388105,518,0,5,-97.7,512,4205.0,-580.0,4244.81153880829,19,-67.85331330197823,6,9,3,-0.08098697550810886
3212,334601,415815.0,3388685.0,13,240,6,3,2585.0,9.2,499,0,5,420015,3388100,518,0,5,-95.17,512,4200.0,-585.0,4240.54536586982,19,-67.92946762816283,6,9,3,-0.08106845181659658
3213,334601,415815.0,3388685.0,13,240,6,3,2585.0,9.2,499,0,5,420010,3388095,518,0,7,-95.66,512,4195.0,-590.0,4236.286699457439,19,-68.00577520265804,6,9,3,-0.08114994843282546
3214,334601,415815.0,3388685.0,13,240,6,3,2585.0,9.2,499,0,5,420035,3388120,518,15,5,-103.85,512,4220.0,-565.0,4257.654870935407,19,-67.62576787713874,6,9,3,-0.08074267640994849
3215,334601,415815.0,3388685.0,13,240,6,3,2585.0,9.2,499,0,5,420030,3388115,518,0,5,-99.11,512,4215.0,-570.0,4253.366313874223,19,-67.70146362145388,6,9,3,-0.08082408701283784
3216,334601,415815.0,3388685.0,13,240,6,3,2585.0,9.2,499,0,5,420075,3388160,517,0,14,-90.08,512,4260.0,-525.0,4292.2284421964305,18,-67.02567396121549,5,9,3,-0.06674359760698208
3217,334601,415815.0,3388685.0,13,240,6,3,2585.0,9.2,499,0,5,420000,3388085,518,0,6,-96.2,512,4185.0,-600.0,4227.791976907095,19,-68.15885086128336,6,9,3,-0.08131299935302458
3218,334601,415815.0,3388685.0,13,240,6,3,2585.0,9.2,499,0,5,420040,3388125,518,0,14,-99.33,512,4225.0,-560.0,4261.950844390395,19,-67.55022460121842,6,9,3,-0.08066128928262906
3219,334601,415815.0,3388685.0,13,240,6,3,2585.0,9.2,499,0,5,420070,3388155,517,0,14,-91.13,512,4255.0,-530.0,4287.881178391024,18,-67.10015558411266,5,9,3,-0.06681126547163632
3220,334601,415815.0,3388685.0,13,240,6,3,2585.0,9.2,499,0,5,420045,3388130,518,0,14,-99.5,512,4230.0,-555.0,4266.254211835015,19,-67.4748335953517,6,9,3,-0.08057992640757212
3221,334601,415815.0,3388685.0,13,240,6,3,2585.0,9.2,499,0,5,420060,3388145,518,0,14,-99.5,512,4245.0,-540.0,4279.208454843021,19,-67.24957219510904,6,9,3,-0.08033599097206473
3222,334601,415815.0,3388685.0,13,240,6,3,2585.0,9.2,499,0,5,420080,3388345,518,15,14,-101.5,512,4265.0,-340.0,4278.530705744672,19,-64.5579026835008,6,9,3,-0.08034871673654152
3223,334601,415815.0,3388685.0,13,240,6,3,2585.0,9.2,499,0,5,420090,3388355,518,0,5,-99.33,512,4275.0,-330.0,4287.717924490836,19,-64.41407851789816,6,9,3,-0.08017655516132985
3224,334601,415815.0,3388685.0,13,240,6,3,2585.0,9.2,499,0,5,420095,3388360,518,0,5,-102.0,512,4280.0,-325.0,4292.321632869559,19,-64.34239754013427,6,9,3,-0.08009056230495344
3225,334601,415815.0,3388685.0,13,240,6,3,2585.0,9.2,499,0,5,420010,3388435,514,0,6,-94.5,512,4195.0,-250.0,4202.442742025167,15,-63.41049430072172,2,9,3,-0.02726784334948886
3226,334601,415815.0,3388685.0,13,240,6,3,2585.0,9.2,499,0,5,420125,3388390,519,0,5,-100.75,512,4310.0,-295.0,4320.083911222096,20,-63.915530031109824,7,9,3,-0.0928384989344861
3227,334601,415815.0,3388685.0,13,240,6,3,2585.0,9.2,499,0,5,420020,3388405,516,0,5,-89.5,512,4205.0,-280.0,4214.31192485796,17,-63.809553030218524,4,9,3,-0.05438208023436203
3228,334601,415815.0,3388685.0,13,240,6,3,2585.0,9.2,499,0,5,420120,3388385,519,0,5,-103.25,512,4305.0,-300.0,4315.440301985418,20,-63.98629284366089,7,9,3,-0.09293839718940539
3229,334601,415815.0,3388685.0,13,240,6,3,2585.0,9.2,499,0,5,420015,3388440,514,0,6,-87.43,512,4200.0,-245.0,4207.139764733281,15,-63.338470543764345,2,9,3,-0.027237400419786208
3230,334601,415815.0,3388685.0,13,240,6,3,2585.0,9.2,499,0,5,420130,3388395,519,0,14,-99.67,512,4315.0,-290.0,4324.734095872253,20,-63.844919286943366,7,9,3,-0.09273867420568387
3231,334601,415815.0,3388685.0,13,240,6,3,2585.0,9.2,499,0,5,420115,3388340,518,15,5,-113.6,512,4300.0,-345.0,4313.817914562459,19,-64.58716087966548,6,9,3,-0.0796914617642291
3232,334601,415815.0,3388685.0,13,240,6,3,2585.0,9.2,499,0,5,420005,3388430,514,0,6,-88.0,512,4190.0,-255.0,4197.752374783438,15,-63.482679123742344,2,9,3,-0.0272983111256786
3233,334601,415815.0,3388685.0,13,240,6,3,2585.0,9.2,499,0,5,420175,3388150,516,0,12,-102.46,512,4360.0,-535.0,4392.701332893007,17,-66.99558942345718,4,9,3,-0.05217360283304231
3234,334601,415815.0,3388685.0,13,240,6,3,2585.0,9.2,499,0,5,420180,3388135,516,0,5,-104.67,512,4365.0,-550.0,4399.514177724627,17,-67.18155290464199,4,9,3,-0.05209280971589038
3235,334601,415815.0,3388685.0,13,240,6,3,2585.0,9.2,499,0,5,420160,3388155,516,21,5,-103.3,512,4345.0,-530.0,4377.205158545804,17,-66.95454201917087,4,9,3,-0.05235830763147678
3236,334601,415815.0,3388685.0,13,240,6,3,2585.0,9.2,499,0,5,420205,3388120,515,0,5,-109.0,512,4390.0,-565.0,4426.208874420637,16,-67.33374321976106,3,9,3,-0.03883398120040528
3237,334601,415815.0,3388685.0,13,240,6,3,2585.0,9.2,499,0,5,420190,3388125,516,0,5,-106.5,512,4375.0,-560.0,4410.694389775832,17,-67.29419630854085,4,9,3,-0.05196076512432241
3238,334601,415815.0,3388685.0,13,240,6,3,2585.0,9.2,499,0,5,420195,3388130,516,0,5,-107.0,512,4380.0,-555.0,4415.022649998526,17,-67.22159574249204,4,9,3,-0.05190982550123843
3239,334601,415815.0,3388685.0,13,240,6,3,2585.0,9.2,499,0,5,420185,3388140,516,0,5,-103.6,512,4370.0,-545.0,4403.853426262051,17,-67.10887896599854,4,9,3,-0.05204148114018515
3240,334601,415815.0,3388685.0,13,240,6,3,2585.0,9.2,499,0,5,420170,3388145,516,0,5,-104.0,512,4355.0,-540.0,4388.351057060044,17,-67.06833597499593,4,9,3,-0.052225323726589216
3241,334601,415815.0,3388685.0,13,240,6,3,2585.0,9.2,499,0,5,420165,3388160,516,21,12,-103.33,512,4350.0,-525.0,4381.566500693559,17,-66.88172363063694,4,9,3,-0.052306191027316117
3242,334601,415815.0,3388685.0,13,240,6,3,2585.0,9.2,499,0,5,420110,3388415,518,0,5,-95.0,512,4295.0,-270.0,4303.478244397199,19,-63.59709672352801,6,9,3,-0.07988293069152817
3243,334601,415815.0,3388685.0,13,240,6,3,2585.0,9.2,499,0,5,420065,3388370,518,0,5,-88.63,512,4250.0,-315.0,4261.657541379879,19,-64.23887771548618,6,9,3,-0.08066684068310802
3244,334601,415815.0,3388685.0,13,240,6,3,2585.0,9.2,499,0,5,420060,3388365,518,0,5,-92.25,512,4245.0,-320.0,4257.04416232672,19,-64.3109630353573,6,9,3,-0.08075425960720785
3245,334601,415815.0,3388685.0,13,240,6,3,2585.0,9.2,499,0,5,420075,3388380,518,0,5,-88.8,512,4260.0,-305.0,4270.9044709522595,19,-64.09517483802503,6,9,3,-0.08049218924400597
3246,334601,415815.0,3388685.0,13,240,6,3,2585.0,9.2,499,0,5,420010,3388355,517,0,6,-86.6,512,4195.0,-330.0,4207.959719388959,18,-64.49791420606581,5,9,3,-0.06808020557354677
3247,334601,415815.0,3388685.0,13,240,6,3,2585.0,9.2,499,0,5,420005,3388350,517,0,6,-90.5,512,4190.0,-335.0,4203.37067125896,18,-64.57120375945169,5,9,3,-0.06815453236267892
3248,334601,415815.0,3388685.0,13,240,6,3,2585.0,9.2,499,0,5,420015,3388360,517,0,5,-83.0,512,4200.0,-325.0,4212.555637614772,18,-64.42478445174396,5,9,3,-0.06800592981543173
3249,334601,415815.0,3388685.0,13,240,6,3,2585.0,9.2,499,0,5,420050,3388395,518,0,5,-91.75,512,4235.0,-290.0,4244.917549258172,19,-63.91732653861371,6,9,3,-0.08098495298254188
3250,334601,415815.0,3388685.0,13,240,6,3,2585.0,9.2,499,0,5,420055,3388400,518,0,5,-91.0,512,4240.0,-285.0,4249.567625064931,19,-63.845464864537234,6,9,3,-0.08089633557412558
3251,334601,415815.0,3388685.0,13,240,6,3,2585.0,9.2,499,0,5,420035,3388205,517,12,5,-90.14,512,4220.0,-480.0,4247.21084948699,18,-66.48916639592755,5,9,3,-0.06745103442563488
3252,334601,415815.0,3388685.0,13,240,6,3,2585.0,9.2,499,0,5,420045,3388195,517,0,14,-86.0,512,4230.0,-490.0,4258.286040180955,18,-66.60764935489496,5,9,3,-0.06727560412945426
3253,334601,415815.0,3388685.0,13,240,6,3,2585.0,9.2,499,0,5,420095,3388305,518,18,5,-102.0,512,4280.0,-380.0,4296.836045277967,19,-65.07370473006296,6,9,3,-0.080006416353325
3254,334601,415815.0,3388685.0,13,240,6,3,2585.0,9.2,499,0,5,420040,3388200,517,0,5,-85.91,512,4225.0,-485.0,4252.746171593127,18,-66.54848501504515,5,9,3,-0.06736324106986338
3255,334601,415815.0,3388685.0,13,240,6,3,2585.0,9.2,499,0,5,420070,3388170,517,0,14,-90.31,512,4255.0,-515.0,4286.052962808556,18,-66.90117346418612,5,9,3,-0.0668397637862594
3256,334601,415815.0,3388685.0,13,240,6,3,2585.0,9.2,499,0,5,420065,3388175,517,0,14,-90.75,512,4250.0,-510.0,4280.490626084818,18,-66.84277341263095,5,9,3,-0.06692661946875615
3257,334601,415815.0,3388685.0,13,240,6,3,2585.0,9.2,499,0,5,420050,3388190,517,12,5,-91.19,512,4235.0,-495.0,4263.830437529147,18,-66.66665989090137,5,9,3,-0.06718812355431704
3258,334601,415815.0,3388685.0,13,240,6,3,2585.0,9.2,499,0,5,420075,3388165,517,0,14,-96.0,512,4260.0,-520.0,4291.6197408437765,18,-66.95942207149898,5,9,3,-0.06675306416828912
3259,334601,415815.0,3388685.0,13,240,6,3,2585.0,9.2,499,0,5,420030,3388210,517,0,5,-88.6,512,4215.0,-475.0,4241.680091661793,18,-66.42969302095807,5,9,3,-0.06753898424340823
3260,334601,415815.0,3388685.0,13,240,6,3,2585.0,9.2,499,0,5,420060,3388180,517,0,14,-90.61,512,4245.0,-505.0,4274.932748009026,18,-66.78422144726059,5,9,3,-0.06701363128249595
3261,334601,415815.0,3388685.0,13,240,6,3,2585.0,9.2,499,0,5,420055,3388185,517,0,5,-91.65,512,4240.0,-500.0,4269.379345993982,18,-66.72551709732525,5,9,3,-0.06710079929095279
3262,334601,415815.0,3388685.0,13,240,6,3,2585.0,9.2,499,0,5,420005,3388235,517,0,6,-94.0,512,4190.0,-450.0,4214.095395218291,18,-66.12998804718853,5,9,3,-0.06798108164769814
3263,334601,415815.0,3388685.0,13,240,6,3,2585.0,9.2,499,0,5,420020,3388220,517,0,6,-96.5,512,4205.0,-465.0,4230.6323404427385,18,-66.31028009135085,5,9,3,-0.06771535343400673
3264,334601,415815.0,3388685.0,13,240,6,3,2585.0,9.2,499,0,5,420080,3388320,518,0,14,-93.8,512,4265.0,-365.0,4280.589912617185,19,-64.8914718141422,6,9,3,-0.08031006449086621
3265,334601,415815.0,3388685.0,13,240,6,3,2585.0,9.2,499,0,5,420010,3388230,517,0,5,-92.25,512,4195.0,-455.0,4219.603061900491,18,-66.19024239050111,5,9,3,-0.0678923489441212
3266,334601,415815.0,3388685.0,13,240,6,3,2585.0,9.2,499,0,5,420000,3388240,518,0,6,-91.0,512,4185.0,-445.0,4208.592401266723,19,-66.0695760643832,6,9,3,-0.08168394831224846
3267,334601,415815.0,3388685.0,13,240,6,3,2585.0,9.2,499,0,5,420085,3388315,518,0,5,-100.67,512,4270.0,-370.0,4286.000466635533,19,-64.952369597916,6,9,3,-0.08020868294005444
3268,334601,415815.0,3388685.0,13,240,6,3,2585.0,9.2,499,0,5,420000,3388380,516,0,6,-97.67,512,4185.0,-305.0,4196.099379185388,17,-64.16830865326088,4,9,3,-0.054618117427911506
3269,334601,415815.0,3388685.0,13,240,6,3,2585.0,9.2,499,0,5,420015,3388365,517,0,5,-86.25,512,4200.0,-320.0,4212.172835960082,18,-64.3569750058463,5,9,3,-0.06801211017863681
3270,334601,415815.0,3388685.0,13,240,6,3,2585.0,9.2,499,0,5,420005,3388375,516,0,6,-83.75,512,4190.0,-310.0,4201.452129918893,17,-64.23135780746628,4,9,3,-0.054548532679041396
3271,334601,415815.0,3388685.0,13,240,6,3,2585.0,9.2,499,0,5,420060,3388360,518,0,5,-91.8,512,4245.0,-325.0,4257.422929425734,19,-64.37806194766935,6,9,3,-0.08074707521029692
3272,334601,415815.0,3388685.0,13,240,6,3,2585.0,9.2,499,0,5,420040,3388340,518,0,14,-90.25,512,4225.0,-345.0,4239.062396332472,19,-64.66823299727577,6,9,3,-0.08109681230594665
3273,334601,415815.0,3388685.0,13,240,6,3,2585.0,9.2,499,0,5,420010,3388370,517,0,6,-84.63,512,4195.0,-315.0,4206.8099552986705,18,-64.29424643789147,5,9,3,-0.06809881257095145
3274,334601,415815.0,3388685.0,13,240,6,3,2585.0,9.2,499,0,5,420045,3388335,518,12,14,-90.57,512,4230.0,-350.0,4244.455206501772,19,-64.73001083202945,6,9,3,-0.08099377455202228
3275,334601,415815.0,3388685.0,13,240,6,3,2585.0,9.2,499,0,5,420075,3388345,518,15,14,-100.0,512,4260.0,-340.0,4273.5465365431555,19,-64.56322975423785,6,9,3,-0.08044242604096952
3276,334601,415815.0,3388685.0,13,240,6,3,2585.0,9.2,499,0,5,420020,3388400,516,0,5,-81.67,512,4205.0,-285.0,4214.647078937927,17,-63.877375069993064,4,9,3,-0.054377755704981254
3277,334601,415815.0,3388685.0,13,240,6,3,2585.0,9.2,499,0,5,420065,3388355,518,0,5,-94.17,512,4250.0,-330.0,4262.79251195739,19,-64.43994016580595,6,9,3,-0.0806453631259522
3278,334601,415815.0,3388685.0,13,240,6,3,2585.0,9.2,499,0,5,420270,3388125,514,0,5,-112.0,512,4455.0,-560.0,4490.058462871057,15,-67.16458525111466,2,9,3,-0.025521171360054176
3279,334601,415815.0,3388685.0,13,240,6,3,2585.0,9.2,499,0,5,420010,3388425,515,0,6,-91.13,512,4195.0,-260.0,4203.049488169275,16,-63.54657254503897,3,9,3,-0.04089585664716688
3280,334601,415815.0,3388685.0,13,240,6,3,2585.0,9.2,499,0,5,420015,3388430,515,0,6,-87.0,512,4200.0,-255.0,4207.73395071504,16,-63.474407367531654,3,9,3,-0.04085032737986384
3281,334601,415815.0,3388685.0,13,240,6,3,2585.0,9.2,499,0,5,420090,3388345,518,15,5,-102.0,512,4275.0,-340.0,4288.499154716018,19,-64.54728568954818,6,9,3,-0.08016194952326455
3282,334601,415815.0,3388685.0,13,240,6,3,2585.0,9.2,499,0,5,420120,3388395,519,0,14,-98.75,512,4305.0,-290.0,4314.756655942488,20,-63.853823692140566,7,9,3,-0.09295312266781929
3283,334601,415815.0,3388685.0,13,240,6,3,2585.0,9.2,499,0,5,420105,3388340,518,15,5,-114.5,512,4290.0,-345.0,4303.850020621072,19,-64.59780777026509,6,9,3,-0.07987603023363565
3284,334601,415815.0,3388685.0,13,240,6,3,2585.0,9.2,499,0,5,420125,3388400,519,0,14,-102.33,512,4310.0,-285.0,4319.412575802408,20,-63.78319238124101,7,9,3,-0.09285292813346525
3285,334601,415815.0,3388685.0,13,240,6,3,2585.0,9.2,499,0,5,420020,3388415,516,0,5,-86.4,512,4205.0,-270.0,4213.659336016617,17,-63.67387705861458,4,9,3,-0.054390502632705284
3286,334601,415815.0,3388685.0,13,240,6,3,2585.0,9.2,499,0,5,420005,3388440,514,0,6,-88.5,512,4190.0,-245.0,4197.156775723299,15,-63.346420167740206,2,9,3,-0.02730218490186987
3287,334601,415815.0,3388685.0,13,240,6,3,2585.0,9.2,499,0,5,420000,3388435,514,0,6,-97.5,512,4185.0,-250.0,4192.460494745299,15,-63.41862432530212,2,9,3,-0.027332768067133147
3288,334601,415815.0,3388685.0,13,240,6,3,2585.0,9.2,499,0,5,420030,3388405,516,0,5,-90.5,512,4215.0,-280.0,4224.289881151623,17,-63.800541464056295,4,9,3,-0.05425362747419025
3289,334601,415815.0,3388685.0,13,240,6,3,2585.0,9.2,499,0,5,420040,3388520,512,0,14,-92.5,512,4225.0,-165.0,4228.220665953942,13,-62.23645013863262,0,9,3,0.0
3290,334601,415815.0,3388685.0,13,240,6,3,2585.0,9.2,499,0,5,420030,3388530,512,0,5,-90.7,512,4215.0,-155.0,4217.848977855893,13,-62.10601326796993,0,9,3,0.0
3291,334601,415815.0,3388685.0,13,240,6,3,2585.0,9.2,499,0,5,420010,3388550,511,0,6,-104.0,512,4195.0,-135.0,4197.171666729871,12,-61.843208992419505,-1,9,3,0.013651044793594705
3292,334601,415815.0,3388685.0,13,240,6,3,2585.0,9.2,499,0,5,420035,3388525,512,0,14,-91.5,512,4220.0,-160.0,4223.032086072754,13,-62.171311790914814,0,9,3,0.0
3293,334601,415815.0,3388685.0,13,240,6,3,2585.0,9.2,499,0,5,420015,3388545,511,0,6,-85.5,512,4200.0,-140.0,4202.332685545018,12,-61.909152432996365,-1,9,3,0.013634279510682386
3294,334601,415815.0,3388685.0,13,240,6,3,2585.0,9.2,499,0,5,420000,3388560,511,0,6,-93.55,512,4185.0,-125.0,4186.8663699717,12,-61.71083483160447,-1,9,3,0.013684644638892502
3295,334601,415815.0,3388685.0,13,240,6,3,2585.0,9.2,499,0,5,420005,3388555,511,0,7,-97.92,512,4190.0,-130.0,4192.016221342661,12,-61.777103266343346,-1,9,3,0.013667833185988121
3296,334601,415815.0,3388685.0,13,240,6,3,2585.0,9.2,499,0,5,420025,3388535,512,0,5,-92.14,512,4210.0,-150.0,4212.671361499732,13,-62.04055414851817,0,9,3,0.0
3297,334601,415815.0,3388685.0,13,240,6,3,2585.0,9.2,499,0,5,420130,3388140,517,0,12,-98.1,512,4315.0,-545.0,4349.281549865449,18,-67.19854575607849,5,9,3,-0.06586806765118182
3298,334601,415815.0,3388685.0,13,240,6,3,2585.0,9.2,499,0,5,420115,3388115,518,0,5,-100.0,512,4300.0,-570.0,4337.6145518014855,19,-67.55099942554494,6,9,3,-0.07925426607560095
3299,334601,415815.0,3388685.0,13,240,6,3,2585.0,9.2,499,0,5,420110,3388120,517,0,5,-100.2,512,4295.0,-565.0,4332.003000922322,18,-67.49413222703086,5,9,3,-0.06613078760352123
3300,334601,415815.0,3388685.0,13,240,6,3,2585.0,9.2,499,0,5,420145,3388145,517,0,5,-106.5,512,4330.0,-540.0,4363.542139134215,18,-67.1087298855789,5,9,3,-0.06565280294072572
3301,334601,415815.0,3388685.0,13,240,6,3,2585.0,9.2,499,0,5,420150,3388160,516,21,5,-98.75,512,4335.0,-525.0,4366.674936378938,17,-66.90530629859384,4,9,3,-0.05248456944661514
3302,334601,415815.0,3388685.0,13,240,6,3,2585.0,9.2,499,0,5,420120,3388130,517,21,12,-99.65,512,4305.0,-555.0,4340.627834772293,18,-67.34604483481999,5,9,3,-0.06599938574827939
3303,334601,415815.0,3388685.0,13,240,6,3,2585.0,9.2,499,0,5,420125,3388125,517,21,5,-100.33,512,4310.0,-560.0,4346.228249873677,18,-67.40299026716752,5,9,3,-0.06591434105917392
3304,334601,415815.0,3388685.0,13,240,6,3,2585.0,9.2,499,0,5,420155,3388155,516,21,5,-101.33,512,4340.0,-530.0,4372.241987813575,17,-66.96247556646054,4,9,3,-0.052417742373614365
3305,334601,415815.0,3388685.0,13,240,6,3,2585.0,9.2,499,0,5,420000,3388010,518,0,6,-98.43,512,4185.0,-675.0,4239.085986389047,19,-69.1623470457217,6,9,3,-0.08109636101153049
3306,334601,415815.0,3388685.0,13,240,6,3,2585.0,9.2,499,0,5,420005,3388005,518,0,5,-101.38,512,4190.0,-680.0,4244.820373113566,19,-69.21822857453063,6,9,3,-0.0809868069585239
3307,334601,415815.0,3388685.0,13,240,6,3,2585.0,9.2,499,0,5,420030,3388040,519,0,5,-104.0,512,4215.0,-645.0,4264.0649619817,20,-68.70019079915485,7,9,3,-0.09405815809132523
3308,334601,415815.0,3388685.0,13,240,6,3,2585.0,9.2,499,0,5,420020,3388030,518,0,7,-99.5,512,4205.0,-655.0,4255.70793170772,19,-68.8536397041367,6,9,3,-0.0807796152408799
3309,334601,415815.0,3388685.0,13,240,6,3,2585.0,9.2,499,0,5,420035,3388035,519,15,14,-108.5,512,4220.0,-650.0,4269.765801539939,20,-68.75636450238918,7,9,3,-0.09393257520647685
3310,334601,415815.0,3388685.0,13,240,6,3,2585.0,9.2,499,0,5,420140,3388150,517,0,5,-96.11,512,4325.0,-535.0,4357.963974151232,18,-67.0516334353317,5,9,3,-0.06573683801935218
3311,334601,415815.0,3388685.0,13,240,6,3,2585.0,9.2,499,0,5,420065,3388065,519,0,14,-101.0,512,4250.0,-620.0,4294.985448170924,20,-68.2998950792479,7,9,3,-0.09338101521284989
3312,334601,415815.0,3388685.0,13,240,6,3,2585.0,9.2,499,0,5,420050,3388060,519,0,5,-100.67,512,4235.0,-625.0,4280.8702386313935,20,-68.39509581095234,7,9,3,-0.09368891761997138
3313,334601,415815.0,3388685.0,13,240,6,3,2585.0,9.2,499,0,5,420015,3388015,518,0,5,-99.75,512,4200.0,-670.0,4253.104748298589,19,-69.0636722702859,6,9,3,-0.08082905768063173
3314,334601,415815.0,3388685.0,13,240,6,3,2585.0,9.2,499,0,5,420105,3388150,517,0,5,-94.6,512,4290.0,-535.0,4323.230852036472,18,-67.10857802500536,5,9,3,-0.06626497164732467
3315,334601,415815.0,3388685.0,13,240,6,3,2585.0,9.2,499,0,5,420095,3388140,517,0,5,-101.48,512,4280.0,-545.0,4314.559653081645,18,-67.25678735018565,5,9,3,-0.06639814774990817
3316,334601,415815.0,3388685.0,13,240,6,3,2585.0,9.2,499,0,5,420015,3388060,519,0,7,-98.0,512,4200.0,-625.0,4246.248344126848,20,-68.46404566396268,7,9,3,-0.09445281122823239
3317,334601,415815.0,3388685.0,13,240,6,3,2585.0,9.2,499,0,5,420000,3388045,518,0,6,-97.67,512,4185.0,-640.0,4233.6538592568,19,-68.69471594477207,6,9,3,-0.08120041419304629
3318,334601,415815.0,3388685.0,13,240,6,3,2585.0,9.2,499,0,5,420005,3388050,519,0,7,-97.06,512,4190.0,-635.0,4237.844381286316,20,-68.61767355725928,7,9,3,-0.09464011788745297
3319,334601,415815.0,3388685.0,13,240,6,3,2585.0,9.2,499,0,5,420115,3388160,517,0,5,-91.69,512,4300.0,-525.0,4331.930862790864,18,-66.96096302624855,5,9,3,-0.06613188885544878
3320,334601,415815.0,3388685.0,13,240,6,3,2585.0,9.2,499,0,5,420100,3388145,517,0,12,-100.0,512,4285.0,-540.0,4318.891640224376,18,-67.18260829627624,5,9,3,-0.0663315483329333
3321,334601,415815.0,3388685.0,13,240,6,3,2585.0,9.2,499,0,5,420010,3388055,519,0,7,-93.0,512,4195.0,-630.0,4242.042550470233,20,-68.54078352210502,7,9,3,-0.09454645675601973
3322,334601,415815.0,3388685.0,13,240,6,3,2585.0,9.2,499,0,5,420020,3388065,519,0,5,-95.8,512,4205.0,-620.0,4250.46173962312,20,-68.38745980599532,7,9,3,-0.09435918226416173
3323,334601,415815.0,3388685.0,13,240,6,3,2585.0,9.2,499,0,5,420030,3388075,519,0,14,-104.8,512,4215.0,-610.0,4258.91124584676,20,-68.23474337589107,7,9,3,-0.09417197783221783
3324,334601,415815.0,3388685.0,13,240,6,3,2585.0,9.2,499,0,5,420045,3388010,518,15,5,-106.5,512,4230.0,-675.0,4283.517830008415,19,-69.06650273981617,6,9,3,-0.08025517014090101
3325,334601,415815.0,3388685.0,13,240,6,3,2585.0,9.2,499,0,5,420035,3388080,519,15,14,-107.25,512,4220.0,-605.0,4263.147311552816,20,-68.15861244278639,7,9,3,-0.09407840424931227
3326,334601,415815.0,3388685.0,13,240,6,3,2585.0,9.2,499,0,5,420110,3388155,517,0,5,-96.67,512,4295.0,-530.0,4327.577266785655,18,-67.03469633563321,5,9,3,-0.06619841829057956
3327,334601,415815.0,3388685.0,13,240,6,3,2585.0,9.2,499,0,5,420090,3388135,517,0,6,-102.0,512,4275.0,-550.0,4310.2349123916665,18,-67.33111538628592,5,9,3,-0.06646476929598841
3328,334601,415815.0,3388685.0,13,240,6,3,2585.0,9.2,499,0,5,420030,3388090,518,0,14,-102.5,512,4215.0,-595.0,4256.788695718875,19,-68.03492672822003,6,9,3,-0.08075910598106435
3329,334601,415815.0,3388685.0,13,240,6,3,2585.0,9.2,499,0,5,420010,3388110,518,0,5,-95.5,512,4195.0,-575.0,4234.223659657104,19,-67.80477911287784,6,9,3,-0.08118948705024734
3330,334601,415815.0,3388685.0,13,240,6,3,2585.0,9.2,499,0,5,420050,3388150,518,0,5,-89.76,512,4235.0,-535.0,4268.659040026505,19,-67.19993451274544,6,9,3,-0.08053453027225886
3331,334601,415815.0,3388685.0,13,240,6,3,2585.0,9.2,499,0,5,420055,3388145,518,0,5,-96.5,512,4240.0,-540.0,4274.248471953871,19,-67.25803010765125,6,9,3,-0.08042921545820889
3332,334601,415815.0,3388685.0,13,240,6,3,2585.0,9.2,499,0,5,420040,3388160,518,0,14,-91.9,512,4225.0,-525.0,4257.493394005444,19,-67.08328599975258,6,9,3,-0.0807457387898595
3333,334601,415815.0,3388685.0,13,240,6,3,2585.0,9.2,499,0,5,420015,3388105,518,0,5,-94.33,512,4200.0,-580.0,4239.85848820453,19,-67.86254562215501,6,9,3,-0.08108158528195411
3334,334601,415815.0,3388685.0,13,240,6,3,2585.0,9.2,499,0,5,420045,3388155,518,0,14,-88.65,512,4230.0,-530.0,4263.0740082714965,19,-67.14168663633163,6,9,3,-0.08064003801490659
3335,334601,415815.0,3388685.0,13,240,6,3,2585.0,9.2,499,0,5,420020,3388100,518,0,5,-96.87,512,4205.0,-585.0,4245.497615121224,19,-67.92015873191778,6,9,3,-0.08097388795593032
3336,334601,415815.0,3388685.0,13,240,6,3,2585.0,9.2,499,0,5,420005,3388115,518,0,5,-97.2,512,4190.0,-570.0,4228.593146662374,19,-67.74685870852122,6,9,3,-0.08129759341868985
3337,334601,415815.0,3388685.0,13,240,6,3,2585.0,9.2,499,0,5,420035,3388085,519,15,14,-104.33,512,4220.0,-600.0,4262.440615422108,20,-68.09208259894464,7,9,3,-0.09409400205599995
3338,334601,415815.0,3388685.0,13,240,6,3,2585.0,9.2,499,0,5,420025,3388095,518,0,5,-103.33,512,4210.0,-590.0,4251.141023301861,19,-67.97761893634345,6,9,3,-0.08086639491066458
3339,334601,415815.0,3388685.0,13,240,6,3,2585.0,9.2,499,0,5,420065,3388135,518,6,14,-100.33,512,4250.0,-550.0,4285.440467443224,19,-67.37376636133021,6,9,3,-0.08021916418213654
3340,334601,415815.0,3388685.0,13,240,6,3,2585.0,9.2,499,0,5,420000,3388120,519,0,6,-99.5,512,4185.0,-565.0,4222.966966482215,20,-67.68878391213443,7,9,3,-0.09497353222090749
3341,334601,415815.0,3388685.0,13,240,6,3,2585.0,9.2,499,0,5,420230,3388125,515,0,5,-108.0,512,4415.0,-560.0,4450.373579824507,16,-67.22881293736927,3,9,3,-0.03862311992921627
3342,334601,415815.0,3388685.0,13,240,6,3,2585.0,9.2,499,0,5,420220,3388135,515,0,12,-102.0,512,4405.0,-550.0,4439.203194268089,16,-67.11701190923424,3,9,3,-0.038720307417809956
3343,334601,415815.0,3388685.0,13,240,6,3,2585.0,9.2,499,0,5,420010,3388120,518,0,7,-100.0,512,4195.0,-565.0,4232.877272021951,19,-67.6706739423175,6,9,3,-0.08121531165324061
3344,334601,415815.0,3388685.0,13,240,6,3,2585.0,9.2,499,0,5,420005,3388105,518,0,5,-96.13,512,4190.0,-580.0,4229.952718411873,19,-67.88107512465248,6,9,3,-0.08127146315899426
3345,334601,415815.0,3388685.0,13,240,6,3,2585.0,9.2,499,0,5,420015,3388115,518,0,5,-99.83,512,4200.0,-570.0,4238.502093900627,19,-67.7286369959516,6,9,3,-0.08110753276318462
3346,334601,415815.0,3388685.0,13,240,6,3,2585.0,9.2,499,0,5,420045,3388145,518,0,14,-94.58,512,4230.0,-540.0,4264.328786573568,19,-67.27500495788925,6,9,3,-0.08061630972342644
3347,334601,415815.0,3388685.0,13,240,6,3,2585.0,9.2,499,0,5,420025,3388085,519,0,5,-95.5,512,4210.0,-600.0,4252.540417209459,20,-68.11104822133228,7,9,3,-0.09431305878417043
3348,334601,415815.0,3388685.0,13,240,6,3,2585.0,9.2,499,0,5,420040,3388150,518,0,14,-91.27,512,4225.0,-535.0,4258.738076003266,19,-67.21679631622007,6,9,3,-0.08072213963145457
3349,334601,415815.0,3388685.0,13,240,6,3,2585.0,9.2,499,0,5,420055,3388155,518,0,5,-95.05,512,4240.0,-530.0,4272.996606598232,19,-67.1250163489018,6,9,3,-0.08045277887876705
3350,334601,415815.0,3388685.0,13,240,6,3,2585.0,9.2,499,0,5,420020,3388090,518,0,5,-94.5,512,4205.0,-595.0,4246.8870952734305,19,-68.05378434466164,6,9,3,-0.08094739526660333
3351,334601,415815.0,3388685.0,13,240,6,3,2585.0,9.2,499,0,5,420000,3388110,519,0,6,-103.55,512,4185.0,-575.0,4224.316512762745,20,-67.82319786652448,7,9,3,-0.09494319099479338
3352,334601,415815.0,3388685.0,13,240,6,3,2585.0,9.2,499,0,5,420050,3388160,518,0,5,-93.61,512,4235.0,-525.0,4267.417251687489,19,-67.06672971640108,6,9,3,-0.08055796522199608
3353,334601,415815.0,3388685.0,13,240,6,3,2585.0,9.2,499,0,5,420035,3388095,518,15,14,-105.0,512,4220.0,-590.0,4261.0444728962875,19,-67.95895715602771,6,9,3,-0.08067844681222552
3354,334601,415815.0,3388685.0,13,240,6,3,2585.0,9.2,499,0,5,420035,3388610,509,0,7,-92.5,512,4220.0,-75.0,4220.66641657452,10,-61.01818272747988,-3,9,3,0.040725158689937584
3355,334601,415815.0,3388685.0,13,240,6,3,2585.0,9.2,499,0,5,420020,3388615,509,0,6,-94.5,512,4205.0,-70.0,4205.58259935529,10,-60.95370609954509,-3,9,3,0.040871224217691494
3356,334601,415815.0,3388685.0,13,240,6,3,2585.0,9.2,499,0,5,420025,3388620,509,0,6,-87.5,512,4210.0,-65.0,4210.501751573083,10,-60.88454389279474,-3,9,3,0.04082347415913962
3357,334601,415815.0,3388685.0,13,240,6,3,2585.0,9.2,499,0,5,420030,3388605,510,0,6,-94.4,512,4215.0,-80.0,4215.759124997538,11,-61.087333827478915,-2,9,3,0.02718171200765036
3358,334601,415815.0,3388685.0,13,240,6,3,2585.0,9.2,499,0,5,420055,3388590,510,0,7,-108.0,512,4240.0,-95.0,4241.064135332075,11,-61.28353502155224,-2,9,3,0.027019527853147565
3359,334601,415815.0,3388685.0,13,240,6,3,2585.0,9.2,499,0,5,420110,3388145,517,0,12,-98.46,512,4295.0,-540.0,4328.813347789438,18,-67.16605916388244,5,9,3,-0.06617951552717397
3360,334601,415815.0,3388685.0,13,240,6,3,2585.0,9.2,499,0,5,420115,3388150,517,0,5,-99.36,512,4300.0,-535.0,4333.154162962587,18,-67.09221499023366,5,9,3,-0.06611321906523805
3361,334601,415815.0,3388685.0,13,240,6,3,2585.0,9.2,499,0,5,420030,3388065,519,0,14,-108.67,512,4215.0,-620.0,4260.355032154011,20,-68.36784281344899,7,9,3,-0.09414006406767199
3362,334601,415815.0,3388685.0,13,240,6,3,2585.0,9.2,499,0,5,420005,3388060,519,0,5,-94.45,512,4190.0,-625.0,4236.357515602289,20,-68.4839526111333,7,9,3,-0.09467333436812364
3363,334601,415815.0,3388685.0,13,240,6,3,2585.0,9.2,499,0,5,420105,3388160,517,0,5,-89.33,512,4290.0,-525.0,4322.004743171854,18,-66.97702930085268,5,9,3,-0.06628377033022685
3364,334601,415815.0,3388685.0,13,240,6,3,2585.0,9.2,499,0,5,420015,3388050,519,0,7,-100.4,512,4200.0,-635.0,4247.731747650739,20,-68.59746225581634,7,9,3,-0.09441982624056607
3365,334601,415815.0,3388685.0,13,240,6,3,2585.0,9.2,499,0,5,420100,3388155,517,0,5,-97.29,512,4285.0,-530.0,4317.652718781352,18,-67.0509483040343,5,9,3,-0.06635058170811897
3366,334601,415815.0,3388685.0,13,240,6,3,2585.0,9.2,499,0,5,420035,3388070,519,15,14,-101.5,512,4220.0,-615.0,4264.577939257295,20,-68.29160553307042,7,9,3,-0.09404684405000587
3367,334601,415815.0,3388685.0,13,240,6,3,2585.0,9.2,499,0,5,420010,3388045,519,0,7,-97.0,512,4195.0,-640.0,4243.539206841384,20,-68.67430519074406,7,9,3,-0.094513111170357
3368,334601,415815.0,3388685.0,13,240,6,3,2585.0,9.2,499,0,5,420000,3388055,518,0,6,-94.38,512,4185.0,-630.0,4232.153707038533,19,-68.56088957116461,6,9,3,-0.0812291968948842
3369,334601,415815.0,3388685.0,13,240,6,3,2585.0,9.2,499,0,5,420095,3388130,517,0,5,-94.67,512,4280.0,-555.0,4315.834218317474,18,-67.38848121766921,5,9,3,-0.06637853886531513
3370,334601,415815.0,3388685.0,13,240,6,3,2585.0,9.2,499,0,5,420025,3388080,519,0,5,-106.0,512,4210.0,-605.0,4253.248758302293,20,-68.17772975757762,7,9,3,-0.09429735180386475
3371,334601,415815.0,3388685.0,13,240,6,3,2585.0,9.2,499,0,5,420045,3388140,518,6,14,-87.4,512,4230.0,-545.0,4264.9648298667125,19,-67.3416345210128,6,9,3,-0.08060428725723864
3372,334601,415815.0,3388685.0,13,240,6,3,2585.0,9.2,499,0,5,420015,3388090,518,0,7,-91.56,512,4200.0,-595.0,4241.936468171111,19,-68.06324616569725,6,9,3,-0.08104186623232627
3373,334601,415815.0,3388685.0,13,240,6,3,2585.0,9.2,499,0,5,420035,3388110,518,15,5,-102.4,512,4220.0,-575.0,4258.993425681707,19,-67.75910714047899,6,9,3,-0.08071729990923278
3374,334601,415815.0,3388685.0,13,240,6,3,2585.0,9.2,499,0,5,420030,3388105,518,0,5,-102.31,512,4215.0,-580.0,4254.717969501621,19,-67.83491314861837,6,9,3,-0.08079841053134963
3375,334601,415815.0,3388685.0,13,240,6,3,2585.0,9.2,499,0,5,420025,3388120,518,0,5,-97.94,512,4210.0,-565.0,4247.743518622564,19,-67.64366743679616,6,9,3,-0.08093107480214187
3376,334601,415815.0,3388685.0,13,240,6,3,2585.0,9.2,499,0,5,420020,3388115,518,0,5,-103.0,512,4205.0,-570.0,4243.456727716214,19,-67.7195580524322,6,9,3,-0.0810128322361389
3377,334601,415815.0,3388685.0,13,240,6,3,2585.0,9.2,499,0,5,420060,3388155,518,0,14,-92.54,512,4245.0,-530.0,4277.958040934951,19,-67.11671020522078,6,9,3,-0.08035947252745938
3378,334601,415815.0,3388685.0,13,240,6,3,2585.0,9.2,499,0,5,420065,3388160,517,0,14,-95.5,512,4250.0,-525.0,4282.303702448017,18,-67.04203917372939,5,9,3,-0.06689828356127439
3379,334601,415815.0,3388685.0,13,240,6,3,2585.0,9.2,499,0,5,420000,3388095,519,0,6,-93.41,512,4185.0,-590.0,4226.384388576127,20,-68.02465599928178,7,9,3,-0.09489673748959472
3380,334601,415815.0,3388685.0,13,240,6,3,2585.0,9.2,499,0,5,420005,3388100,518,0,5,-94.94,512,4190.0,-585.0,4230.641204356616,19,-67.94815079954287,6,9,3,-0.08125823722411694
3381,334601,415815.0,3388685.0,13,240,6,3,2585.0,9.2,499,0,5,420010,3388085,519,0,7,-97.65,512,4195.0,-600.0,4237.690998645371,20,-68.1396628045116,7,9,3,-0.09464354336722967
3382,334601,415815.0,3388685.0,13,240,6,3,2585.0,9.2,499,0,5,420075,3388150,517,0,14,-88.6,512,4260.0,-535.0,4293.463054458487,18,-67.15812094120994,5,9,3,-0.06672440508372972
3383,334601,415815.0,3388685.0,13,240,6,3,2585.0,9.2,499,0,5,420040,3388135,518,6,14,-94.2,512,4225.0,-550.0,4260.648424829254,19,-67.41691371913839,6,9,3,-0.08068594625772849
3384,334601,415815.0,3388685.0,13,240,6,3,2585.0,9.2,499,0,5,420050,3388125,518,0,5,-98.0,512,4235.0,-560.0,4271.864347097178,19,-67.53260140094736,6,9,3,-0.08047410289471991
3385,334601,415815.0,3388685.0,13,240,6,3,2585.0,9.2,499,0,5,420045,3388240,517,12,5,-99.8,512,4230.0,-445.0,4253.342803019761,18,-66.00548049727789,5,9,3,-0.06735379179867737
3386,334601,415815.0,3388685.0,13,240,6,3,2585.0,9.2,499,0,5,420065,3388220,517,0,6,-88.33,512,4250.0,-465.0,4275.362557725368,18,-66.24399590013846,5,9,3,-0.06700689429043984
3387,334601,415815.0,3388685.0,13,240,6,3,2585.0,9.2,499,0,5,420040,3388235,517,12,5,-95.71,512,4225.0,-450.0,4248.896915671172,18,-66.0795889578385,5,9,3,-0.06742426823067257
3388,334601,415815.0,3388685.0,13,240,6,3,2585.0,9.2,499,0,5,420035,3388170,518,0,14,-85.55,512,4220.0,-515.0,4251.308622059801,19,-66.95785189392981,6,9,3,-0.08086320693007945
3389,334601,415815.0,3388685.0,13,240,6,3,2585.0,9.2,499,0,5,420030,3388165,518,0,5,-87.3,512,4215.0,-520.0,4246.954791376993,19,-67.03298173549948,6,9,3,-0.0809461049736215
3390,334601,415815.0,3388685.0,13,240,6,3,2585.0,9.2,499,0,5,420000,3388195,518,0,6,-88.67,512,4185.0,-490.0,4213.588138392266,19,-66.67806098875445,6,9,3,-0.08158710187928184
3391,334601,415815.0,3388685.0,13,240,6,3,2585.0,9.2,499,0,5,420050,3388225,517,0,5,-90.0,512,4235.0,-460.0,4259.909036587518,18,-66.19908771351754,5,9,3,-0.06724997260481073
3392,334601,415815.0,3388685.0,13,240,6,3,2585.0,9.2,499,0,5,420005,3388200,518,0,6,-90.5,512,4190.0,-485.0,4217.976410555185,19,-66.60270493490287,6,9,3,-0.0815022209103139
3393,334601,415815.0,3388685.0,13,240,6,3,2585.0,9.2,499,0,5,420055,3388230,517,0,5,-90.75,512,4240.0,-455.0,4264.343443016756,18,-66.12504610348543,5,9,3,-0.06718004075213341
3394,334601,415815.0,3388685.0,13,240,6,3,2585.0,9.2,499,0,5,420070,3388205,517,0,5,-100.33,512,4255.0,-480.0,4281.988439965713,18,-66.43623873958788,5,9,3,-0.06690320895985097
3395,334601,415815.0,3388685.0,13,240,6,3,2585.0,9.2,499,0,5,420060,3388215,517,0,6,-82.5,512,4245.0,-470.0,4270.939592174069,18,-66.317969725235,5,9,3,-0.06707628626101186
3396,334601,415815.0,3388685.0,13,240,6,3,2585.0,9.2,499,0,5,420080,3388275,518,18,5,-96.0,512,4265.0,-410.0,4284.661596905875,19,-65.49104466212893,6,9,3,-0.08023374649171353
3397,334601,415815.0,3388685.0,13,240,6,3,2585.0,9.2,499,0,5,420000,3387940,517,0,5,-98.0,512,4185.0,-745.0,4250.794043469996,18,-70.0938687497318,5,9,3,-0.06739417683262836
3398,334601,415815.0,3388685.0,13,240,6,3,2585.0,9.2,499,0,5,420060,3388000,518,18,14,-96.0,512,4245.0,-685.0,4299.9127898133,19,-69.16659054886259,6,9,3,-0.07994916891676106
3399,334601,415815.0,3388685.0,13,240,6,3,2585.0,9.2,499,0,5,420025,3388510,512,0,5,-93.33,512,4210.0,-175.0,4213.635603608836,13,-62.380283231166686,0,9,3,0.0
3400,334601,415815.0,3388685.0,13,240,6,3,2585.0,9.2,499,0,5,420000,3388485,512,0,6,-95.25,512,4185.0,-200.0,4189.776247008902,13,-62.736067895585194,0,9,3,0.0
3401,334601,415815.0,3388685.0,13,240,6,3,2585.0,9.2,499,0,5,420035,3388520,512,0,14,-91.2,512,4220.0,-165.0,4223.224478997061,13,-62.23909726558699,0,9,3,0.0
3402,334601,415815.0,3388685.0,13,240,6,3,2585.0,9.2,499,0,5,420020,3388505,512,0,5,-84.0,512,4205.0,-180.0,4208.850793268871,13,-62.45111724307142,0,9,3,0.0
3403,334601,415815.0,3388685.0,13,240,6,3,2585.0,9.2,499,0,5,420045,3388530,512,0,5,-87.0,512,4230.0,-155.0,4232.8388818853,13,-62.09855182493911,0,9,3,0.0
3404,334601,415815.0,3388685.0,13,240,6,3,2585.0,9.2,499,0,5,420030,3388515,512,0,14,-94.14,512,4215.0,-170.0,4218.42683947464,13,-62.309610016199116,0,9,3,0.0
3405,334601,415815.0,3388685.0,13,240,6,3,2585.0,9.2,499,0,5,420015,3388500,512,0,6,-96.0,512,4200.0,-185.0,4204.072430394129,13,-62.522112384043965,0,9,3,0.0
3406,334601,415815.0,3388685.0,13,240,6,3,2585.0,9.2,499,0,5,420040,3388525,512,0,14,-93.0,512,4225.0,-160.0,4228.028500376979,13,-62.168744646313,0,9,3,0.0
3407,334601,415815.0,3388685.0,13,240,6,3,2585.0,9.2,499,0,5,420595,3388070,516,0,5,-108.13,512,4780.0,-615.0,4819.400896377059,17,-67.33146016357534,4,9,3,-0.04755426459733979
3408,334601,415815.0,3388685.0,13,240,6,3,2585.0,9.2,499,0,5,420590,3388065,516,0,5,-111.6,512,4775.0,-620.0,4815.083073011306,17,-67.39806217497906,4,9,3,-0.047596907853392184
3409,334601,415815.0,3388685.0,13,240,6,3,2585.0,9.2,499,0,5,420040,3388585,510,0,7,-82.0,512,4225.0,-100.0,4226.183266258102,11,-61.35585997610667,-2,9,3,0.02711466665124641
3410,334601,415815.0,3388685.0,13,240,6,3,2585.0,9.2,499,0,5,420030,3388615,509,0,6,-86.33,512,4215.0,-70.0,4215.5812173412105,10,-60.95144386804901,-3,9,3,0.04077428488753421
3411,334601,415815.0,3388685.0,13,240,6,3,2585.0,9.2,499,0,5,420025,3388610,510,0,6,-97.27,512,4210.0,-75.0,4210.667999260925,11,-61.02060070282059,-2,9,3,0.02721457745626566
3412,334601,415815.0,3388685.0,13,240,6,3,2585.0,9.2,499,0,5,420035,3388620,509,0,6,-92.71,512,4220.0,-65.0,4220.500562729497,10,-60.88244814907074,-3,9,3,0.04072675907401108
3413,334601,415815.0,3388685.0,13,240,6,3,2585.0,9.2,499,0,5,420020,3388605,510,0,6,-95.0,512,4205.0,-80.0,4205.760929962615,11,-61.08991901617685,-2,9,3,0.02724633004506112
3414,334601,415815.0,3388685.0,13,240,6,3,2585.0,9.2,499,0,5,420035,3388590,510,0,6,-92.5,512,4220.0,-95.0,4221.069177353055,11,-61.28961607645397,-2,9,3,0.02714751775823323
3415,334601,415815.0,3388685.0,13,240,6,3,2585.0,9.2,499,0,5,420025,3388600,510,0,6,-91.86,512,4210.0,-85.0,4210.857988581424,11,-61.156646002469614,-2,9,3,0.027213349564393037
3416,334601,415815.0,3388685.0,13,240,6,3,2585.0,9.2,499,0,5,420000,3388575,510,0,6,-90.43,512,4185.0,-110.0,4186.445389587687,11,-61.505635589757304,-2,9,3,0.02737203991565267
3417,334601,415815.0,3388685.0,13,240,6,3,2585.0,9.2,499,0,5,420005,3388580,510,0,6,-94.69,512,4190.0,-105.0,4191.315425973092,11,-61.43551264637182,-2,9,3,0.02734023538735137
3418,334601,415815.0,3388685.0,13,240,6,3,2585.0,9.2,499,0,5,420020,3388595,510,0,6,-91.22,512,4205.0,-90.0,4205.963028843692,11,-61.22611961232283,-2,9,3,0.027245020843827603
3419,334601,415815.0,3388685.0,13,240,6,3,2585.0,9.2,499,0,5,420015,3388570,510,0,6,-93.9,512,4200.0,-115.0,4201.5741097831415,11,-61.56842113171331,-2,9,3,0.02727348069485215
3420,334601,415815.0,3388685.0,13,240,6,3,2585.0,9.2,499,0,5,420010,3388565,511,0,6,-94.13,512,4195.0,-120.0,4196.715977999941,12,-61.638526607083094,-1,9,3,0.013652527054262656
3421,334601,415815.0,3388685.0,13,240,6,3,2585.0,9.2,499,0,5,420030,3388585,510,0,6,-101.75,512,4215.0,-100.0,4216.186072743943,11,-61.35907552070336,-2,9,3,0.027178959479952604
3422,334601,415815.0,3388685.0,13,240,6,3,2585.0,9.2,499,0,5,420235,3388110,515,0,6,-114.0,512,4420.0,-575.0,4457.244103703543,16,-67.41201103538543,3,9,3,-0.038563585162580294
3423,334601,415815.0,3388685.0,13,240,6,3,2585.0,9.2,499,0,5,420225,3388120,515,0,5,-113.0,512,4410.0,-565.0,4446.045996163332,16,-67.3008432693141,3,9,3,-0.0386607139469535
3424,334601,415815.0,3388685.0,13,240,6,3,2585.0,9.2,499,0,5,420220,3388115,515,0,5,-108.33,512,4405.0,-570.0,4441.725453019356,16,-67.37301384580584,3,9,3,-0.038698319880408207
3425,334601,415815.0,3388685.0,13,240,6,3,2585.0,9.2,499,0,5,420175,3388130,516,0,5,-106.0,512,4360.0,-555.0,4395.182021259187,17,-67.25437022426289,4,9,3,-0.05214415550242944
3426,334601,415815.0,3388685.0,13,240,6,3,2585.0,9.2,499,0,5,420165,3388140,516,0,5,-103.88,512,4350.0,-545.0,4384.007869518485,17,-67.14122678262208,4,9,3,-0.0522770627417304
3427,334601,415815.0,3388685.0,13,240,6,3,2585.0,9.2,499,0,5,420190,3388145,516,0,12,-104.5,512,4375.0,-540.0,4408.199745928036,17,-67.03634821841368,4,9,3,-0.051990170219232544
3428,334601,415815.0,3388685.0,13,240,6,3,2585.0,9.2,499,0,5,420180,3388155,516,21,12,-101.25,512,4365.0,-530.0,4397.05867597875,17,-66.92298693403686,4,9,3,-0.05212190050682142
3429,334601,415815.0,3388685.0,13,240,6,3,2585.0,9.2,499,0,5,420160,3388135,516,0,12,-108.5,512,4345.0,-550.0,4379.67179135606,17,-67.21426203920677,4,9,3,-0.052328819429207925
3430,334601,415815.0,3388685.0,13,240,6,3,2585.0,9.2,499,0,5,420020,3388435,515,0,5,-89.2,512,4205.0,-250.0,4212.425073517628,16,-63.40240280798807,3,9,3,-0.04080483485855209
3431,334601,415815.0,3388685.0,13,240,6,3,2585.0,9.2,499,0,5,420115,3388350,518,15,5,-112.5,512,4300.0,-335.0,4313.02967761642,19,-64.45474282042505,6,9,3,-0.0797060259286579
3432,334601,415815.0,3388685.0,13,240,6,3,2585.0,9.2,499,0,5,420125,3388380,519,0,5,-109.67,512,4310.0,-305.0,4320.778286373879,20,-64.0478258516514,7,9,3,-0.09282357925342191
3433,334601,415815.0,3388685.0,13,240,6,3,2585.0,9.2,499,0,5,420080,3388335,518,15,14,-95.0,512,4265.0,-350.0,4279.336981355874,19,-64.69136876829057,6,9,3,-0.08033357814706658
3434,334601,415815.0,3388685.0,13,240,6,3,2585.0,9.2,499,0,5,420120,3388375,519,0,14,-101.75,512,4305.0,-310.0,4316.147008617756,20,-64.11871932305564,7,9,3,-0.09292317989806188
3435,334601,415815.0,3388685.0,13,240,6,3,2585.0,9.2,499,0,5,420015,3388410,516,0,6,-84.62,512,4200.0,-275.0,4208.993347583244,17,-63.74616204960364,4,9,3,-0.054450798594825184
3436,334601,415815.0,3388685.0,13,240,6,3,2585.0,9.2,499,0,5,420070,3388465,515,0,5,-97.0,512,4255.0,-220.0,4260.683630592631,16,-62.959778409784974,3,9,3,-0.040342659778655546
3437,334601,415815.0,3388685.0,13,240,6,3,2585.0,9.2,499,0,5,420010,3388405,516,0,6,-85.17,512,4195.0,-280.0,4204.334073310541,17,-63.818607369643075,4,9,3,-0.05451114133819158
3438,334601,415815.0,3388685.0,13,240,6,3,2585.0,9.2,499,0,5,420155,3388390,519,0,5,-107.0,512,4340.0,-295.0,4350.014367792364,20,-63.88854747770304,7,9,3,-0.09219972084965307
3439,334601,415815.0,3388685.0,13,240,6,3,2585.0,9.2,499,0,5,420090,3388325,518,0,5,-98.5,512,4275.0,-360.0,4290.131116877432,19,-64.81355089370652,6,9,3,-0.08013145602686013
3440,334601,415815.0,3388685.0,13,240,6,3,2585.0,9.2,499,0,5,420025,3388440,515,0,5,-89.67,512,4210.0,-245.0,4217.122834350454,16,-63.33055855745417,3,9,3,-0.04075937939097163
3441,334601,415815.0,3388685.0,13,240,6,3,2585.0,9.2,499,0,5,420105,3388360,518,0,5,-106.5,512,4290.0,-325.0,4302.2929932769575,19,-64.33231398318853,6,9,3,-0.07990493784224759
3442,334601,415815.0,3388685.0,13,240,6,3,2585.0,9.2,499,0,5,420005,3388420,515,0,6,-84.5,512,4190.0,-265.0,4198.371708174492,16,-63.618898648805356,3,9,3,-0.04094142234937431
3443,334601,415815.0,3388685.0,13,240,6,3,2585.0,9.2,499,0,5,420240,3388125,515,0,6,-111.0,512,4425.0,-560.0,4460.294272803085,16,-67.21264886881195,3,9,3,-0.03853721348996212
3444,334601,415815.0,3388685.0,13,240,6,3,2585.0,9.2,499,0,5,420015,3387970,517,0,14,-98.5,512,4200.0,-715.0,4260.425448238709,18,-69.66130347080895,5,9,3,-0.06724182115657461
3445,334601,415815.0,3388685.0,13,240,6,3,2585.0,9.2,499,0,5,420000,3387975,517,0,6,-97.33,512,4185.0,-710.0,4244.799759705987,18,-69.62875022420755,5,9,3,-0.06748934726926481
3446,334601,415815.0,3388685.0,13,240,6,3,2585.0,9.2,499,0,5,420010,3387965,517,0,5,-100.0,512,4195.0,-720.0,4256.339389663376,18,-69.73895089823955,5,9,3,-0.0673063728152087
3447,334601,415815.0,3388685.0,13,240,6,3,2585.0,9.2,499,0,5,420005,3387980,517,0,5,-99.25,512,4190.0,-705.0,4248.896915671172,18,-69.55099813569527,5,9,3,-0.06742426823067257
3448,334601,415815.0,3388685.0,13,240,6,3,2585.0,9.2,499,0,5,420065,3388330,518,0,5,-101.5,512,4250.0,-355.0,4264.800698743143,19,-64.77479849703303,6,9,3,-0.08060738931421861
3449,334601,415815.0,3388685.0,13,240,6,3,2585.0,9.2,499,0,5,420155,3388420,518,0,5,-104.67,512,4340.0,-265.0,4348.082910893029,19,-63.49413691397476,6,9,3,-0.07906345530236249
3450,334601,415815.0,3388685.0,13,240,6,3,2585.0,9.2,499,0,5,420055,3388360,518,0,14,-93.5,512,4240.0,-325.0,4252.437536284337,19,-64.38320464849849,6,9,3,-0.08084173982971794
3451,334601,415815.0,3388685.0,13,240,6,3,2585.0,9.2,499,0,5,420045,3388350,518,0,14,-90.56,512,4230.0,-335.0,4243.244631175535,19,-64.52815786746555,6,9,3,-0.08101688161817047
3452,334601,415815.0,3388685.0,13,240,6,3,2585.0,9.2,499,0,5,420010,3388395,516,0,6,-86.71,512,4195.0,-290.0,4205.011890589609,17,-63.9545609218836,4,9,3,-0.05450235454467678
3453,334601,415815.0,3388685.0,13,240,6,3,2585.0,9.2,499,0,5,420015,3388400,516,0,6,-83.71,512,4200.0,-285.0,4209.658537221279,17,-63.88197688772621,4,9,3,-0.054442194551317935
3454,334601,415815.0,3388685.0,13,240,6,3,2585.0,9.2,499,0,5,420040,3388345,518,0,14,-90.67,512,4225.0,-340.0,4238.65839623813,19,-64.60087002773304,6,9,3,-0.0811045418922911
3455,334601,415815.0,3388685.0,13,240,6,3,2585.0,9.2,499,0,5,420050,3388355,518,0,14,-90.89,512,4235.0,-330.0,4247.8376852229185,19,-64.45560283332631,6,9,3,-0.08092928071427759
3456,334601,415815.0,3388685.0,13,240,6,3,2585.0,9.2,499,0,5,420060,3388325,518,12,5,-100.5,512,4245.0,-360.0,4260.237669426437,19,-64.84740739056772,6,9,3,-0.08069372566984238
3457,334601,415815.0,3388685.0,13,240,6,3,2585.0,9.2,499,0,5,420005,3388390,516,0,7,-92.6,512,4190.0,-295.0,4200.3720073345885,17,-64.02730543091397,4,9,3,-0.0545625597857757
3458,334601,415815.0,3388685.0,13,240,6,3,2585.0,9.2,499,0,5,420035,3387955,517,0,5,-103.0,512,4220.0,-730.0,4282.674398083515,18,-69.81423044015045,5,9,3,-0.06689249304887543
3459,334601,415815.0,3388685.0,13,240,6,3,2585.0,9.2,499,0,5,420245,3388115,515,0,5,-112.5,512,4430.0,-570.0,4466.519898086205,16,-67.33185941967912,3,9,3,-0.03848349869994406
3460,334601,415815.0,3388685.0,13,240,6,3,2585.0,9.2,499,0,5,420225,3388130,515,0,5,-107.33,512,4410.0,-555.0,4444.786271577071,16,-67.17298266629632,3,9,3,-0.03867167101757892
3461,334601,415815.0,3388685.0,13,240,6,3,2585.0,9.2,499,0,5,420080,3388315,518,0,14,-94.5,512,4265.0,-370.0,4281.019154360326,19,-64.95814649960198,6,9,3,-0.08030201211228863
3462,334601,415815.0,3388685.0,13,240,6,3,2585.0,9.2,499,0,5,420035,3388210,517,12,5,-87.17,512,4220.0,-475.0,4246.6486786641535,18,-66.4221385857092,5,9,3,-0.06745996357691436
3463,334601,415815.0,3388685.0,13,240,6,3,2585.0,9.2,499,0,5,420090,3388305,518,0,5,-99.75,512,4275.0,-380.0,4291.855659269077,19,-65.07960786001456,6,9,3,-0.08009925785345787
3464,334601,415815.0,3388685.0,13,240,6,3,2585.0,9.2,499,0,5,420075,3388170,517,0,14,-87.33,512,4260.0,-515.0,4291.016779272717,18,-66.89315147409653,5,9,3,-0.06676244411203776
3465,334601,415815.0,3388685.0,13,240,6,3,2585.0,9.2,499,0,5,420060,3388175,517,0,14,-89.2,512,4245.0,-510.0,4275.526283394829,18,-66.85075666177994,5,9,3,-0.06700432835167665
3466,334601,415815.0,3388685.0,13,240,6,3,2585.0,9.2,499,0,5,420045,3388200,517,0,5,-88.13,512,4230.0,-485.0,4257.71358830065,18,-66.5408116038603,5,9,3,-0.06728464936227205
3467,334601,415815.0,3388685.0,13,240,6,3,2585.0,9.2,499,0,5,420050,3388185,517,0,5,-88.72,512,4235.0,-500.0,4264.413793242865,18,-66.73338463005453,5,9,3,-0.0671789324809959
3468,334601,415815.0,3388685.0,13,240,6,3,2585.0,9.2,499,0,5,420030,3388205,517,0,5,-89.6,512,4215.0,-480.0,4242.242920908702,18,-66.49679832841719,5,9,3,-0.06753002368147405
3469,334601,415815.0,3388685.0,13,240,6,3,2585.0,9.2,499,0,5,420070,3388165,517,0,14,-91.5,512,4255.0,-520.0,4286.656622590617,18,-66.96751966648841,5,9,3,-0.06683035121973177
3470,334601,415815.0,3388685.0,13,240,6,3,2585.0,9.2,499,0,5,420055,3388190,517,12,5,-90.87,512,4240.0,-495.0,4268.796668851774,18,-66.6588689045681,5,9,3,-0.06710995832785395
3471,334601,415815.0,3388685.0,13,240,6,3,2585.0,9.2,499,0,5,420040,3388195,517,0,14,-83.1,512,4225.0,-490.0,4253.3192920353395,18,-66.61539978673659,5,9,3,-0.0673541641084858
3472,334601,415815.0,3388685.0,13,240,6,3,2585.0,9.2,499,0,5,420065,3388180,517,0,14,-93.73,512,4250.0,-505.0,4279.897779153142,18,-66.77631427258422,5,9,3,-0.06693589006514608
3473,334601,415815.0,3388685.0,13,240,6,3,2585.0,9.2,499,0,5,420005,3388240,517,0,6,-93.5,512,4190.0,-445.0,4213.564405583472,18,-66.06238710308622,5,9,3,-0.06798964855503835
3474,334601,415815.0,3388685.0,13,240,6,3,2585.0,9.2,499,0,5,420085,3388320,518,0,5,-97.67,512,4270.0,-365.0,4285.571723819356,19,-64.88577183704973,6,9,3,-0.08021670727236906
3475,334601,415815.0,3388685.0,13,240,6,3,2585.0,9.2,499,0,5,420010,3388225,517,0,5,-101.0,512,4195.0,-460.0,4220.145139684179,18,-66.25773025965037,5,9,3,-0.06788362817780069
3476,334601,415815.0,3388685.0,13,240,6,3,2585.0,9.2,499,0,5,420025,3388220,517,0,6,-94.5,512,4210.0,-465.0,4235.602082349096,18,-66.30284604691431,5,9,3,-0.06763590132535666
3477,334601,415815.0,3388685.0,13,240,6,3,2585.0,9.2,499,0,5,420015,3388230,517,0,5,-99.33,512,4200.0,-455.0,4224.573943014846,18,-66.18293016594825,5,9,3,-0.06781246290487128
3478,334601,415815.0,3388685.0,13,240,6,3,2585.0,9.2,499,0,5,420260,3388130,515,0,5,-108.0,512,4445.0,-555.0,4479.51448261974,16,-67.11708394143301,3,9,3,-0.038371862287293515
3479,334601,415815.0,3388685.0,13,240,6,3,2585.0,9.2,499,0,5,420015,3388580,510,0,6,-94.79,512,4200.0,-105.0,4201.312294985937,11,-61.432096184164635,-2,9,3,0.027275180306601306
3480,334601,415815.0,3388685.0,13,240,6,3,2585.0,9.2,499,0,5,420030,3388595,510,0,7,-93.25,512,4215.0,-90.0,4215.96074459903,11,-61.22321155386314,-2,9,3,0.027180412098696594
3481,334601,415815.0,3388685.0,13,240,6,3,2585.0,9.2,499,0,5,420010,3388575,510,0,6,-94.07,512,4195.0,-110.0,4196.441945267443,11,-61.50204811653472,-2,9,3,0.027306835610870193
3482,334601,415815.0,3388685.0,13,240,6,3,2585.0,9.2,499,0,5,420005,3388570,510,0,6,-92.92,512,4190.0,-115.0,4191.5778651958735,11,-61.572162503840815,-2,9,3,0.027338523585908717
3483,334601,415815.0,3388685.0,13,240,6,3,2585.0,9.2,499,0,5,420020,3388585,510,0,6,-91.73,512,4205.0,-100.0,4206.188892572467,11,-61.36230635058607,-2,9,3,0.02724355784222973
3484,334601,415815.0,3388685.0,13,240,6,3,2585.0,9.2,499,0,5,420025,3388590,510,0,6,-100.75,512,4210.0,-95.0,4211.071716321155,11,-61.2926782593791,-2,9,3,0.02721196838468154
3485,334601,415815.0,3388685.0,13,240,6,3,2585.0,9.2,499,0,5,420000,3388565,510,0,6,-94.03,512,4185.0,-120.0,4186.720076623227,11,-61.64243970193732,-2,9,3,0.02737024406037225
3486,334601,415815.0,3388685.0,13,240,6,3,2585.0,9.2,499,0,5,420035,3388600,510,0,6,-94.4,512,4220.0,-85.0,4220.855955845923,11,-61.15390587711116,-2,9,3,0.027148889146843852
3487,334601,415815.0,3388685.0,13,240,6,3,2585.0,9.2,499,0,5,420020,3388470,513,0,5,-88.17,512,4205.0,-215.0,4210.492845261704,14,-62.92696190938733,1,9,3,-0.013607855550749424
3488,334601,415815.0,3388685.0,13,240,6,3,2585.0,9.2,499,0,5,420025,3388465,514,0,5,-87.0,512,4210.0,-220.0,4215.744299646268,15,-62.991357840734366,2,9,3,-0.027181807596552227
3489,334601,415815.0,3388685.0,13,240,6,3,2585.0,9.2,499,0,5,420095,3388375,518,0,14,-99.4,512,4280.0,-310.0,4291.211950020646,19,-64.14269374550045,6,9,3,-0.08011127323896627
3490,334601,415815.0,3388685.0,13,240,6,3,2585.0,9.2,499,0,5,420105,3388385,519,0,5,-104.25,512,4290.0,-300.0,4300.476717760485,20,-64.00018576051309,7,9,3,-0.0932617774035514
3491,334601,415815.0,3388685.0,13,240,6,3,2585.0,9.2,499,0,5,420065,3388425,517,0,5,-94.5,512,4250.0,-260.0,4257.945513977369,18,-63.50079061337894,5,9,3,-0.0672809844437241
3492,334601,415815.0,3388685.0,13,240,6,3,2585.0,9.2,499,0,5,420015,3388455,514,0,6,-87.44,512,4200.0,-230.0,4206.292904684599,15,-63.13449521213158,2,9,3,-0.02724288417074981
3493,334601,415815.0,3388685.0,13,240,6,3,2585.0,9.2,499,0,5,420090,3388380,518,0,5,-100.38,512,4275.0,-305.0,4285.866306827594,19,-64.08085443441914,6,9,3,-0.0802111936967296
3494,334601,415815.0,3388685.0,13,240,6,3,2585.0,9.2,499,0,5,420080,3388370,518,0,5,-91.6,512,4265.0,-315.0,4276.6166533838405,19,-64.22402364160695,6,9,3,-0.0803846777453621
3495,334601,415815.0,3388685.0,13,240,6,3,2585.0,9.2,499,0,5,420010,3388460,513,0,6,-94.0,512,4195.0,-225.0,4201.029635696468,14,-63.070133442260186,1,9,3,-0.013638508508504614
3496,334601,415815.0,3388685.0,13,240,6,3,2585.0,9.2,499,0,5,420115,3388395,519,0,14,-98.0,512,4300.0,-290.0,4309.767975193096,20,-63.8582913554655,7,9,3,-0.09306071839948012
3497,334601,415815.0,3388685.0,13,240,6,3,2585.0,9.2,499,0,5,420030,3388480,513,0,5,-84.5,512,4215.0,-205.0,4219.982227450727,14,-62.78443338330379,1,9,3,-0.013577255863287577
3498,334601,415815.0,3388685.0,13,240,6,3,2585.0,9.2,499,0,5,420100,3388390,519,0,5,-104.0,512,4285.0,-295.0,4295.142605315917,20,-63.93830275069419,7,9,3,-0.0933775984537084
3499,334601,415815.0,3388685.0,13,240,6,3,2585.0,9.2,499,0,5,420130,3388340,518,15,5,-117.0,512,4315.0,-345.0,4328.770033161845,19,-64.57128248223438,6,9,3,-0.07941619774009792
3500,334601,415815.0,3388685.0,13,240,6,3,2585.0,9.2,499,0,5,420005,3388445,514,0,6,-94.0,512,4190.0,-240.0,4196.867879740796,15,-63.278276379536464,2,9,3,-0.027304064277290686
3501,334601,415815.0,3388685.0,13,240,6,3,2585.0,9.2,499,0,5,420245,3388120,515,0,5,-113.75,512,4430.0,-565.0,4465.884570832524,16,-67.26823560778925,3,9,3,-0.0384889734514291
3502,334601,415815.0,3388685.0,13,240,6,3,2585.0,9.2,499,0,5,420075,3388375,518,0,5,-85.33,512,4260.0,-310.0,4271.2644497853325,19,-64.16207482234807,6,9,3,-0.08048540543406474
3503,334601,415815.0,3388685.0,13,240,6,3,2585.0,9.2,499,0,5,420065,3388365,518,0,5,-93.88,512,4250.0,-320.0,4262.030032742613,19,-64.3059104000285,6,9,3,-0.08065979060099197
3504,334601,415815.0,3388685.0,13,240,6,3,2585.0,9.2,499,0,5,420035,3388335,518,0,14,-87.0,512,4220.0,-350.0,4234.489343474606,19,-64.74116835219908,6,9,3,-0.08118439299940951
3505,334601,415815.0,3388685.0,13,240,6,3,2585.0,9.2,499,0,5,420015,3388355,517,0,5,-87.0,512,4200.0,-330.0,4212.944338583172,18,-64.49258147991532,5,9,3,-0.06799965535656674
3506,334601,415815.0,3388685.0,13,240,6,3,2585.0,9.2,499,0,5,420010,3388360,517,0,6,-85.33,512,4195.0,-325.0,4207.570557934828,18,-64.43003734941868,5,9,3,-0.06808650235847113
3507,334601,415815.0,3388685.0,13,240,6,3,2585.0,9.2,499,0,5,420060,3388370,518,0,5,-93.0,512,4245.0,-315.0,4256.671234662127,19,-64.24385227389803,6,9,3,-0.08076133449175801
3508,334601,415815.0,3388685.0,13,240,6,3,2585.0,9.2,499,0,5,420055,3388395,518,0,5,-94.67,512,4240.0,-290.0,4249.905881310785,19,-63.91272140682051,6,9,3,-0.08088989692461729
3509,334601,415815.0,3388685.0,13,240,6,3,2585.0,9.2,499,0,5,420175,3388135,516,0,5,-104.38,512,4360.0,-550.0,4394.553447166162,17,-67.18970249642629,4,9,3,-0.052151613927396485
3510,334601,415815.0,3388685.0,13,240,6,3,2585.0,9.2,499,0,5,420165,3388125,516,0,5,-110.0,512,4350.0,-560.0,4385.897855627739,17,-67.33566164805717,4,9,3,-0.05225453534349461
3511,334601,415815.0,3388685.0,13,240,6,3,2585.0,9.2,499,0,5,420180,3388150,516,0,12,-99.4,512,4365.0,-535.0,4397.664152706525,17,-66.98765541452917,4,9,3,-0.05211472429252648
3512,334601,415815.0,3388685.0,13,240,6,3,2585.0,9.2,499,0,5,420230,3388120,515,0,6,-115.5,512,4415.0,-565.0,4451.005504377635,16,-67.29266410367472,3,9,3,-0.038617636473762124
3513,334601,415815.0,3388685.0,13,240,6,3,2585.0,9.2,499,0,5,420170,3388140,516,0,5,-103.17,512,4355.0,-545.0,4388.969127255283,17,-67.1331124036046,4,9,3,-0.05221796917539031
3514,334601,415815.0,3388685.0,13,240,6,3,2585.0,9.2,499,0,5,420235,3388115,515,0,6,-110.33,512,4420.0,-570.0,4456.601844455033,16,-67.34826623861349,3,9,3,-0.038569142718002374
3515,334601,415815.0,3388685.0,13,240,6,3,2585.0,9.2,499,0,5,420185,3388145,516,0,5,-102.6,512,4370.0,-540.0,4403.237445334967,17,-67.0443181212587,4,9,3,-0.052048761361286715
3516,334601,415815.0,3388685.0,13,240,6,3,2585.0,9.2,499,0,5,420025,3388130,518,0,5,-90.67,512,4210.0,-555.0,4246.424966957499,19,-67.50993911885112,6,9,3,-0.08095620456712291
3517,334601,415815.0,3388685.0,13,240,6,3,2585.0,9.2,499,0,5,420020,3388125,518,0,5,-105.4,512,4205.0,-560.0,4242.12505709108,19,-67.58571809730091,6,9,3,-0.08103826342066094
3518,334601,415815.0,3388685.0,13,240,6,3,2585.0,9.2,499,0,5,420035,3388140,518,0,14,-94.62,512,4220.0,-545.0,4255.047003265651,19,-67.35884128988522,6,9,3,-0.08079216256983893
3519,334601,415815.0,3388685.0,13,240,6,3,2585.0,9.2,499,0,5,420080,3388065,519,0,5,-107.0,512,4265.0,-620.0,4309.82888291403,20,-68.27110890995411,7,9,3,-0.09305940324139571
3520,334601,415815.0,3388685.0,13,240,6,3,2585.0,9.2,499,0,5,420030,3388135,518,0,5,-93.22,512,4215.0,-550.0,4250.732289853126,19,-67.43431358400602,6,9,3,-0.08087417069006546
3521,334601,415815.0,3388685.0,13,240,6,3,2585.0,9.2,499,0,5,420000,3388145,518,0,6,-101.0,512,4185.0,-540.0,4219.694894183702,19,-67.35237935989235,6,9,3,-0.08146902892676702
3522,334601,415815.0,3388685.0,13,240,6,3,2585.0,9.2,499,0,5,420055,3388120,518,0,5,-91.25,512,4240.0,-565.0,4277.478813506854,19,-67.59021761705435,6,9,3,-0.08036847559083157
3523,334601,415815.0,3388685.0,13,240,6,3,2585.0,9.2,499,0,5,420040,3388105,518,15,5,-102.5,512,4225.0,-580.0,4264.624836958112,19,-67.81659848173177,6,9,3,-0.08061071334416432
3524,334601,415815.0,3388685.0,13,240,6,3,2585.0,9.2,499,0,5,420065,3388090,518,18,14,-98.5,512,4250.0,-595.0,4291.447890863875,19,-67.96961039432136,6,9,3,-0.08010686878219361
3525,334601,415815.0,3388685.0,13,240,6,3,2585.0,9.2,499,0,5,420050,3388115,518,0,5,-103.5,512,4235.0,-570.0,4273.186749956056,19,-67.66552653603247,6,9,3,-0.08044919898808808
3526,334601,415815.0,3388685.0,13,240,6,3,2585.0,9.2,499,0,5,420105,3388365,518,0,14,-104.75,512,4290.0,-320.0,4301.918176813688,19,-64.26591095314726,6,9,3,-0.07991189977088746
3527,334601,415815.0,3388685.0,13,240,6,3,2585.0,9.2,499,0,5,420110,3388380,519,0,5,-102.67,512,4295.0,-305.0,4305.815834426735,20,-64.06191537505848,7,9,3,-0.09314613506042158
3528,334601,415815.0,3388685.0,13,240,6,3,2585.0,9.2,499,0,5,420100,3388370,518,0,14,-104.5,512,4285.0,-315.0,4296.56257955124,19,-64.2043791078425,6,9,3,-0.08001150855993026
3529,334601,415815.0,3388685.0,13,240,6,3,2585.0,9.2,499,0,5,420115,3388375,519,0,14,-103.63,512,4300.0,-310.0,4311.159936722366,20,-64.12349202120265,7,9,3,-0.09303067156426846
3530,334601,415815.0,3388685.0,13,240,6,3,2585.0,9.2,499,0,5,420095,3388395,518,0,14,-98.5,512,4280.0,-290.0,4289.813515760329,19,-63.87626591803678,6,9,3,-0.08013738864063602
3531,334601,415815.0,3388685.0,13,240,6,3,2585.0,9.2,499,0,5,420015,3388475,513,0,6,-89.5,512,4200.0,-210.0,4205.246722845165,14,-62.86240522611175,1,9,3,-0.013624831599495487
3532,334601,415815.0,3388685.0,13,240,6,3,2585.0,9.2,499,0,5,420070,3388420,517,0,5,-95.0,512,4255.0,-265.0,4263.244069954241,18,-63.56375939981413,5,9,3,-0.06719736461588899
3533,334601,415815.0,3388685.0,13,240,6,3,2585.0,9.2,499,0,5,420010,3388480,513,0,6,-88.0,512,4195.0,-205.0,4200.005952376734,14,-62.79768735275269,1,9,3,-0.01364183267358841
3534,334601,415815.0,3388685.0,13,240,6,3,2585.0,9.2,499,0,5,420020,3388450,514,0,6,-87.3,512,4205.0,-235.0,4211.561468149313,15,-63.198696032752736,2,9,3,-0.027208803974198344
3535,334601,415815.0,3388685.0,13,240,6,3,2585.0,9.2,499,0,5,420025,3388445,515,0,5,-87.0,512,4210.0,-240.0,4216.835306245668,16,-63.262736346485525,3,9,3,-0.04076215859914627
3536,334601,415815.0,3388685.0,13,240,6,3,2585.0,9.2,499,0,5,420065,3388405,518,0,5,-90.0,512,4250.0,-280.0,4259.213542427757,19,-63.76933348815015,6,9,3,-0.08071312843350781
3537,334601,415815.0,3388685.0,13,240,6,3,2585.0,9.2,499,0,5,420085,3388385,518,0,5,-105.83,512,4270.0,-300.0,4280.525668653326,19,-64.01886074217381,6,9,3,-0.08031126981715604
3538,334601,415815.0,3388685.0,13,240,6,3,2585.0,9.2,499,0,5,420035,3388455,514,0,6,-91.5,512,4220.0,-230.0,4226.263124794764,15,-63.119669197479,2,9,3,-0.02711415429855714
3539,334601,415815.0,3388685.0,13,240,6,3,2585.0,9.2,499,0,5,420130,3388175,517,0,12,-96.83,512,4315.0,-510.0,4345.034522302441,18,-66.74065134166693,5,9,3,-0.06593244993642354
3540,334601,415815.0,3388685.0,13,240,6,3,2585.0,9.2,499,0,5,420080,3388205,517,0,5,-93.5,512,4265.0,-480.0,4291.925558534304,18,-66.42127410200354,5,9,3,-0.0667483077368995
3541,334601,415815.0,3388685.0,13,240,6,3,2585.0,9.2,499,0,5,420085,3388210,517,0,5,-94.0,512,4270.0,-475.0,4296.338557423053,18,-66.34755529547908,5,9,3,-0.06667974704555044
3542,334601,415815.0,3388685.0,13,240,6,3,2585.0,9.2,499,0,5,420015,3388300,518,0,5,-100.25,512,4200.0,-385.0,4217.608919755363,19,-65.23747606681252,6,9,3,-0.08150932239281518
3543,334601,415815.0,3388685.0,13,240,6,3,2585.0,9.2,499,0,5,420010,3388295,518,0,5,-93.2,512,4195.0,-390.0,4213.089721332789,19,-65.311396598552,6,9,3,-0.08159675378586832
3544,334601,415815.0,3388685.0,13,240,6,3,2585.0,9.2,499,0,5,420040,3388245,517,12,5,-91.83,512,4225.0,-440.0,4247.849455901186,18,-65.94546559593687,5,9,3,-0.06744089408900421
3545,334601,415815.0,3388685.0,13,240,6,3,2585.0,9.2,499,0,5,420135,3388180,516,0,12,-110.0,512,4320.0,-505.0,4349.4166275490325,17,-66.66750951024252,4,9,3,-0.05269282597298481
3546,334601,415815.0,3388685.0,13,240,6,3,2585.0,9.2,499,0,5,420035,3388320,518,0,5,-87.5,512,4220.0,-365.0,4235.755540632627,19,-64.94337494535034,6,9,3,-0.08116012452848889
3547,334601,415815.0,3388685.0,13,240,6,3,2585.0,9.2,499,0,5,420120,3388165,517,21,5,-95.58,512,4305.0,-520.0,4336.291618422359,18,-66.88737789378453,5,9,3,-0.06606538392995431
3548,334601,415815.0,3388685.0,13,240,6,3,2585.0,9.2,499,0,5,420140,3388185,516,0,5,-109.67,512,4325.0,-500.0,4353.805806418104,17,-66.59451503222797,4,9,3,-0.052639705067187535
3549,334601,415815.0,3388685.0,13,240,6,3,2585.0,9.2,499,0,5,420125,3388170,517,0,5,-92.36,512,4310.0,-515.0,4340.659512101819,18,-66.81394073403433,5,9,3,-0.06599890409740683
3550,334601,415815.0,3388685.0,13,240,6,3,2585.0,9.2,499,0,5,420045,3388250,517,12,5,-94.75,512,4230.0,-435.0,4252.308196732687,18,-65.87147942440365,5,9,3,-0.06737017927319883
3551,334601,415815.0,3388685.0,13,240,6,3,2585.0,9.2,499,0,5,420005,3388290,518,0,6,-105.67,512,4190.0,-395.0,4208.5775506695845,19,-65.38547575965467,6,9,3,-0.0816842365459214
3552,334601,415815.0,3388685.0,13,240,6,3,2585.0,9.2,499,0,5,420055,3388260,517,0,14,-94.0,512,4240.0,-425.0,4261.24688324908,18,-65.72397218676332,5,9,3,-0.06722885905020763
3553,334601,415815.0,3388685.0,13,240,6,3,2585.0,9.2,499,0,5,420095,3388220,517,0,5,-96.0,512,4280.0,-465.0,4305.1858264191105,18,-66.20057167973633,5,9,3,-0.06654271855213295
3554,334601,415815.0,3388685.0,13,240,6,3,2585.0,9.2,499,0,5,420150,3388195,516,0,6,-107.5,512,4335.0,-490.0,4362.605299588768,17,-66.44896730092177,4,9,3,-0.05253352941443618
3555,334601,415815.0,3388685.0,13,240,6,3,2585.0,9.2,499,0,5,420145,3388190,516,0,5,-111.25,512,4330.0,-495.0,4358.202037537957,17,-66.52166769901231,4,9,3,-0.05258660606499855
3556,334601,415815.0,3388685.0,13,240,6,3,2585.0,9.2,499,0,5,420060,3388235,517,0,5,-95.75,512,4245.0,-450.0,4268.784955933012,18,-66.05115844539293,5,9,3,-0.06711014246755159
3557,334601,415815.0,3388685.0,13,240,6,3,2585.0,9.2,499,0,5,420040,3388215,517,12,6,-89.0,512,4225.0,-470.0,4251.061632110266,18,-66.34763372268492,5,9,3,-0.06738993462184222
3558,334601,415815.0,3388685.0,13,240,6,3,2585.0,9.2,499,0,5,420030,3388185,518,0,5,-89.8,512,4215.0,-500.0,4244.552391006619,19,-66.76503883548989,6,9,3,-0.08099192009749691
3559,334601,415815.0,3388685.0,13,240,6,3,2585.0,9.2,499,0,5,420035,3388190,517,0,5,-82.27,512,4220.0,-495.0,4248.932218805096,18,-66.6901421228757,5,9,3,-0.06742370802268358
3560,334601,415815.0,3388685.0,13,240,6,3,2585.0,9.2,499,0,5,420055,3388210,517,0,5,-87.5,512,4240.0,-475.0,4266.523760627614,18,-66.39209679921322,5,9,3,-0.0671457098307501
3561,334601,415815.0,3388685.0,13,240,6,3,2585.0,9.2,499,0,5,420070,3388225,517,18,5,-98.5,512,4255.0,-460.0,4279.792635163531,18,-66.1701750950296,5,9,3,-0.06693753451400745
3562,334601,415815.0,3388685.0,13,240,6,3,2585.0,9.2,499,0,5,420005,3388180,518,0,5,-88.0,512,4190.0,-505.0,4220.322854948422,19,-66.87242821517015,6,9,3,-0.08145690680091947
3563,334601,415815.0,3388685.0,13,240,6,3,2585.0,9.2,499,0,5,420050,3388205,517,0,5,-92.36,512,4235.0,-480.0,4262.115085259899,18,-66.46637734986439,5,9,3,-0.06721516439957348
3564,334601,415815.0,3388685.0,13,240,6,3,2585.0,9.2,499,0,5,420045,3388220,517,12,6,-97.4,512,4230.0,-465.0,4255.481758861151,18,-66.27328350908397,5,9,3,-0.06731993742872665
3565,334601,415815.0,3388685.0,13,240,6,3,2585.0,9.2,499,0,5,420000,3388175,518,0,6,-113.0,512,4185.0,-510.0,4215.96074459903,19,-66.94802200608663,6,9,3,-0.08154118736190646
3566,334601,415815.0,3388685.0,13,240,6,3,2585.0,9.2,499,0,5,420075,3388230,517,18,5,-102.0,512,4260.0,-455.0,4284.229802426569,18,-66.09650707992836,5,9,3,-0.06686820752160202
3567,334601,415815.0,3388685.0,13,240,6,3,2585.0,9.2,499,0,5,420065,3388240,517,18,5,-88.6,512,4250.0,-445.0,4273.233553177266,18,-65.97742450456738,5,9,3,-0.06704027834276219
3568,334601,415815.0,3388685.0,13,240,6,3,2585.0,9.2,499,0,5,420200,3388130,515,0,5,-109.25,512,4385.0,-555.0,4419.983031641637,16,-67.21344809777068,3,9,3,-0.03888868145276003
3569,334601,415815.0,3388685.0,13,240,6,3,2585.0,9.2,499,0,5,420205,3388125,515,0,5,-108.75,512,4390.0,-560.0,4425.5734091753575,16,-67.2695401499023,3,9,3,-0.03883955734513223
3570,334601,415815.0,3388685.0,13,240,6,3,2585.0,9.2,499,0,5,420225,3388200,515,21,2,-110.0,512,4410.0,-485.0,4436.589343177932,16,-66.2760147950743,3,9,3,-0.03874311978088537
3571,334601,415815.0,3388685.0,13,240,6,3,2585.0,9.2,499,0,5,420065,3388680,508,0,6,-97.0,512,4250.0,-5.0,4250.002941175453,9,-60.06740676832831,-4,9,3,0.05392538630054038
3572,334601,415815.0,3388685.0,13,240,6,3,2585.0,9.2,499,0,5,420110,3388140,517,0,12,-100.18,512,4295.0,-545.0,4329.439917587493,18,-67.23171227680407,5,9,3,-0.06616993783361648
3573,334601,415815.0,3388685.0,13,240,6,3,2585.0,9.2,499,0,5,420115,3388135,517,0,12,-98.92,512,4300.0,-550.0,4335.031718453742,18,-67.28895232361015,5,9,3,-0.06608458464329084
3574,334601,415815.0,3388685.0,13,240,6,3,2585.0,9.2,499,0,5,420080,3388150,517,0,5,-91.14,512,4265.0,-535.0,4298.424129841074,18,-67.14981613649448,5,9,3,-0.06664739441779573
3575,334601,415815.0,3388685.0,13,240,6,3,2585.0,9.2,499,0,5,420085,3388145,517,0,5,-102.33,512,4270.0,-540.0,4304.00975835325,18,-67.20757505186944,5,9,3,-0.0665609012934133
3576,334601,415815.0,3388685.0,13,240,6,3,2585.0,9.2,499,0,5,420030,3388060,519,0,14,-102.33,512,4215.0,-625.0,4261.085542441034,20,-68.43435852913666,7,9,3,-0.09412392494988148
3577,334601,415815.0,3388685.0,13,240,6,3,2585.0,9.2,499,0,5,420015,3388075,519,0,7,-99.8,512,4200.0,-610.0,4244.066446228193,20,-68.263747715439,7,9,3,-0.09450136984984954
3578,334601,415815.0,3388685.0,13,240,6,3,2585.0,9.2,499,0,5,420105,3388125,517,21,5,-99.39,512,4290.0,-560.0,4326.395728548187,18,-67.43711756552463,5,9,3,-0.06621649705584794
3579,334601,415815.0,3388685.0,13,240,6,3,2585.0,9.2,499,0,5,420005,3388065,519,0,5,-94.08,512,4190.0,-620.0,4235.622740518801,20,-68.41705711438934,7,9,3,-0.09468975780448081
3580,334601,415815.0,3388685.0,13,240,6,3,2585.0,9.2,499,0,5,420000,3388070,518,0,6,-97.0,512,4185.0,-615.0,4229.946808176197,19,-68.35997385705193,6,9,3,-0.08127157671428906
3581,334601,415815.0,3388685.0,13,240,6,3,2585.0,9.2,499,0,5,420090,3388160,517,0,6,-88.47,512,4275.0,-525.0,4307.116204608369,18,-67.00126755749534,5,9,3,-0.06651289523392749
3582,334601,415815.0,3388685.0,13,240,6,3,2585.0,9.2,499,0,5,420035,3388055,519,0,14,-105.33,512,4220.0,-630.0,4266.766925905375,20,-68.49092615906443,7,9,3,-0.09399859512523384
3583,334601,415815.0,3388685.0,13,240,6,3,2585.0,9.2,499,0,5,420010,3388080,519,0,7,-96.1,512,4195.0,-605.0,4238.401821441662,20,-68.20657315227683,7,9,3,-0.0946276707179067
3584,334601,415815.0,3388685.0,13,240,6,3,2585.0,9.2,499,0,5,420100,3388130,517,21,5,-101.39,512,4285.0,-555.0,4320.792751336264,18,-67.37995498005301,5,9,3,-0.06630236305646664
3585,334601,415815.0,3388685.0,13,240,6,3,2585.0,9.2,499,0,5,420095,3388155,517,0,5,-88.5,512,4280.0,-530.0,4312.690575499244,18,-67.05910233770032,5,9,3,-0.0664269240268323
3586,334601,415815.0,3388685.0,13,240,6,3,2585.0,9.2,499,0,5,420130,3388145,517,0,5,-98.0,512,4315.0,-540.0,4348.6578389199585,18,-67.13318745259897,5,9,3,-0.06587751484157238
3587,334601,415815.0,3388685.0,13,240,6,3,2585.0,9.2,499,0,5,420140,3388135,517,0,12,-93.5,512,4325.0,-550.0,4359.830845342512,18,-67.2472688934877,5,9,3,-0.06570868965630106
3588,334601,415815.0,3388685.0,13,240,6,3,2585.0,9.2,499,0,5,420125,3388160,517,0,5,-95.0,512,4310.0,-525.0,4341.857321469695,18,-66.94497021259889,5,9,3,-0.06598069667375293
3589,334601,415815.0,3388685.0,13,240,6,3,2585.0,9.2,499,0,5,420005,3388040,518,0,7,-100.9,512,4190.0,-645.0,4239.35431404359,19,-68.75129997591242,6,9,3,-0.0810912280677682
3590,334601,415815.0,3388685.0,13,240,6,3,2585.0,9.2,499,0,5,420010,3388025,518,0,5,-95.33,512,4195.0,-660.0,4246.601582442129,19,-68.9410625600851,6,9,3,-0.08095283761592749
3591,334601,415815.0,3388685.0,13,240,6,3,2585.0,9.2,499,0,5,420000,3388035,518,0,6,-95.5,512,4185.0,-650.0,4235.177091928978,19,-68.8284467829717,6,9,3,-0.08117120952092018
3592,334601,415815.0,3388685.0,13,240,6,3,2585.0,9.2,499,0,5,420055,3388070,519,0,5,-97.33,512,4240.0,-615.0,4284.369848647523,20,-68.25303418956071,7,9,3,-0.09361238965848544
3593,334601,415815.0,3388685.0,13,240,6,3,2585.0,9.2,499,0,5,420020,3388015,518,0,5,-102.5,512,4205.0,-670.0,4258.04239058279,19,-69.05307359999068,6,9,3,-0.08073532811953678
3594,334601,415815.0,3388685.0,13,240,6,3,2585.0,9.2,499,0,5,420135,3388150,517,0,5,-111.33,512,4320.0,-535.0,4353.001837812614,18,-67.05971273903958,5,9,3,-0.06581177363347022
3595,334601,415815.0,3388685.0,13,240,6,3,2585.0,9.2,499,0,5,420050,3388065,519,0,5,-96.5,512,4235.0,-620.0,4280.143105084221,20,-68.328880900721,7,9,3,-0.09370483396479018
3596,334601,415815.0,3388685.0,13,240,6,3,2585.0,9.2,499,0,5,420120,3388155,517,0,5,-95.3,512,4305.0,-530.0,4337.502161382747,18,-67.01851874011092,5,9,3,-0.06604694591848849
3597,334601,415815.0,3388685.0,13,240,6,3,2585.0,9.2,499,0,5,420040,3388550,511,0,5,-95.67,512,4225.0,-135.0,4227.156254504913,12,-61.83013005007348,-1,9,3,0.0135542135172319
3598,334601,415815.0,3388685.0,13,240,6,3,2585.0,9.2,499,0,5,420005,3388505,512,0,6,-97.5,512,4190.0,-180.0,4193.8645662443605,13,-62.459881366125984,0,9,3,0.0
3599,334601,415815.0,3388685.0,13,240,6,3,2585.0,9.2,499,0,5,420070,3388540,512,6,7,-98.5,512,4255.0,-145.0,4257.469905941791,13,-61.95174485094,0,9,3,0.0
3600,334601,415815.0,3388685.0,13,240,6,3,2585.0,9.2,499,0,5,420200,3388390,520,0,12,-108.0,512,4385.0,-295.0,4394.911830742455,21,-63.848762754685595,8,9,3,-0.10429463604762992
3601,334601,415815.0,3388685.0,13,240,6,3,2585.0,9.2,499,0,5,420000,3388510,512,0,6,-95.5,512,4185.0,-175.0,4188.657302764216,13,-62.394485864969425,0,9,3,0.0
3602,334601,415815.0,3388685.0,13,240,6,3,2585.0,9.2,499,0,5,420015,3388515,512,0,6,-87.0,512,4200.0,-170.0,4203.439068191664,13,-62.31784964290301,0,9,3,0.0
3603,334601,415815.0,3388685.0,13,240,6,3,2585.0,9.2,499,0,5,420020,3388490,513,0,5,-90.45,512,4205.0,-195.0,4209.518974894875,14,-62.65509593739941,1,9,3,-0.013611003722038703
3604,334601,415815.0,3388685.0,13,240,6,3,2585.0,9.2,499,0,5,420030,3388500,513,0,5,-95.43,512,4215.0,-185.0,4219.057951723346,14,-62.513148423398945,1,9,3,-0.013580230254185385
3605,334601,415815.0,3388685.0,13,240,6,3,2585.0,9.2,499,0,5,420025,3388485,513,0,5,-90.08,512,4210.0,-200.0,4214.7479165425775,14,-62.71984493146752,1,9,3,-0.013594117506548275
3606,334601,415815.0,3388685.0,13,240,6,3,2585.0,9.2,499,0,5,420035,3388495,513,0,14,-89.0,512,4220.0,-190.0,4224.275085739564,14,-62.577926804893764,1,9,3,-0.013563458174450857
3607,334601,415815.0,3388685.0,13,240,6,3,2585.0,9.2,499,0,5,420595,3388060,516,0,12,-119.0,512,4780.0,-625.0,4820.687191677137,17,-67.44934252572656,4,9,3,-0.047541575784202164
3608,334601,415815.0,3388685.0,13,240,6,3,2585.0,9.2,499,0,5,420015,3388040,519,0,7,-96.67,512,4200.0,-645.0,4249.238167013,20,-68.7307849737368,7,9,3,-0.09438635304102679
3609,334601,415815.0,3388685.0,13,240,6,3,2585.0,9.2,499,0,5,420040,3388065,519,15,14,-105.5,512,4225.0,-620.0,4270.248821790131,20,-68.34831672030327,7,9,3,-0.09392195023903652
3610,334601,415815.0,3388685.0,13,240,6,3,2585.0,9.2,499,0,5,420010,3388035,518,0,7,-99.38,512,4195.0,-650.0,4245.058892406559,19,-68.8077319849074,6,9,3,-0.0809822565174818
3611,334601,415815.0,3388685.0,13,240,6,3,2585.0,9.2,499,0,5,420130,3388155,517,0,5,-96.8,512,4315.0,-530.0,4347.427400198881,18,-67.0024150106727,5,9,3,-0.06589615993122619
3612,334601,415815.0,3388685.0,13,240,6,3,2585.0,9.2,499,0,5,420120,3388145,517,0,5,-101.2,512,4305.0,-540.0,4338.735414841518,18,-67.14958572111499,5,9,3,-0.06602817257912072
3613,334601,415815.0,3388685.0,13,240,6,3,2585.0,9.2,499,0,5,420000,3388025,518,0,6,-97.4,512,4185.0,-660.0,4236.7233801606635,19,-68.96208073253564,6,9,3,-0.08114158428771015
3614,334601,415815.0,3388685.0,13,240,6,3,2585.0,9.2,499,0,5,420030,3388015,518,15,5,-106.0,512,4215.0,-670.0,4267.918110742051,19,-69.03194983212413,6,9,3,-0.08054851140116674
3615,334601,415815.0,3388685.0,13,240,6,3,2585.0,9.2,499,0,5,420005,3388030,518,0,7,-96.18,512,4190.0,-655.0,4240.887289235591,19,-68.8848305151893,6,9,3,-0.08106191564644595
3616,334601,415815.0,3388685.0,13,240,6,3,2585.0,9.2,499,0,5,420135,3388160,517,0,5,-97.96,512,4320.0,-525.0,4351.784116888153,18,-66.92905035969193,5,9,3,-0.06583018913873384
3617,334601,415815.0,3388685.0,13,240,6,3,2585.0,9.2,499,0,5,420060,3388045,519,0,14,-105.67,512,4245.0,-640.0,4292.973910938663,20,-68.57366154374822,7,9,3,-0.09342477020878412
3618,334601,415815.0,3388685.0,13,240,6,3,2585.0,9.2,499,0,5,420020,3388005,518,0,6,-101.33,512,4205.0,-680.0,4259.627331117124,19,-69.18590704494125,6,9,3,-0.08070528780970328
3619,334601,415815.0,3388685.0,13,240,6,3,2585.0,9.2,499,0,5,420045,3388070,519,15,14,-101.4,512,4230.0,-615.0,4274.473651807904,20,-68.27227521251294,7,9,3,-0.09382911926211841
3620,334601,415815.0,3388685.0,13,240,6,3,2585.0,9.2,499,0,5,420155,3388140,516,0,5,-106.0,512,4340.0,-545.0,4374.085618732217,17,-67.15751076170213,4,9,3,-0.052395648860807296
3621,334601,415815.0,3388685.0,13,240,6,3,2585.0,9.2,499,0,5,420125,3388150,517,0,5,-99.17,512,4310.0,-535.0,4343.077825689979,18,-67.07592673117213,5,9,3,-0.0659621546050141
3622,334601,415815.0,3388685.0,13,240,6,3,2585.0,9.2,499,0,5,420025,3388050,519,0,5,-100.75,512,4210.0,-635.0,4257.619640127567,20,-68.57734482930067,7,9,3,-0.09420054610657755
3623,334601,415815.0,3388685.0,13,240,6,3,2585.0,9.2,499,0,5,420105,3388130,517,21,5,-98.16,512,4290.0,-555.0,4325.751379818308,18,-67.37144828957872,5,9,3,-0.0662263604238571
3624,334601,415815.0,3388685.0,13,240,6,3,2585.0,9.2,499,0,5,420010,3388075,519,0,7,-91.85,512,4195.0,-610.0,4239.11842250249,20,-68.27346096953912,7,9,3,-0.09461167442830498
3625,334601,415815.0,3388685.0,13,240,6,3,2585.0,9.2,499,0,5,420015,3388080,519,0,7,-98.67,512,4200.0,-605.0,4243.350680771035,20,-68.19693626095238,7,9,3,-0.09451731024662027
3626,334601,415815.0,3388685.0,13,240,6,3,2585.0,9.2,499,0,5,420005,3388070,519,0,5,-95.69,512,4190.0,-615.0,4234.893741287968,20,-68.3501384954703,7,9,3,-0.09470605777305198
3627,334601,415815.0,3388685.0,13,240,6,3,2585.0,9.2,499,0,5,420030,3388055,519,0,14,-102.67,512,4215.0,-630.0,4261.821793552612,20,-68.50085135256543,7,9,3,-0.09410766459853835
3628,334601,415815.0,3388685.0,13,240,6,3,2585.0,9.2,499,0,5,420110,3388135,517,21,12,-98.4,512,4295.0,-550.0,4330.072170299243,18,-67.29734630328801,5,9,3,-0.06616027608115718
3629,334601,415815.0,3388685.0,13,240,6,3,2585.0,9.2,499,0,5,420115,3388140,517,0,12,-100.86,512,4300.0,-545.0,4334.400189184196,18,-67.22339217928078,5,9,3,-0.06609421326792747
3630,334601,415815.0,3388685.0,13,240,6,3,2585.0,9.2,499,0,5,420095,3388160,517,0,5,-91.43,512,4280.0,-525.0,4312.078964954144,18,-66.9931695411826,5,9,3,-0.06643634578629683
3631,334601,415815.0,3388685.0,13,240,6,3,2585.0,9.2,499,0,5,420090,3388155,517,0,6,-92.77,512,4275.0,-530.0,4307.728519765376,18,-67.06727515673151,5,9,3,-0.06650344087367252
3632,334601,415815.0,3388685.0,13,240,6,3,2585.0,9.2,499,0,5,420035,3388060,519,0,14,-105.33,512,4220.0,-625.0,4266.031528247301,20,-68.42450870803694,7,9,3,-0.09401479899578448
3633,334601,415815.0,3388685.0,13,240,6,3,2585.0,9.2,499,0,5,420000,3388065,518,0,6,-94.67,512,4185.0,-620.0,4230.676659826416,19,-68.42696902148066,6,9,3,-0.08125755623491725
3634,334601,415815.0,3388685.0,13,240,6,3,2585.0,9.2,499,0,5,420020,3388045,519,0,5,-98.33,512,4205.0,-640.0,4253.4250904418195,20,-68.65398931219755,7,9,3,-0.09429344257226482
3635,334601,415815.0,3388685.0,13,240,6,3,2585.0,9.2,499,0,5,420100,3388125,517,0,5,-98.14,512,4285.0,-560.0,4321.437839423355,18,-67.44569833340253,5,9,3,-0.06629246569638218
3636,334601,415815.0,3388685.0,13,240,6,3,2585.0,9.2,499,0,5,420085,3388150,517,0,5,-87.71,512,4270.0,-535.0,4303.3852953227415,18,-67.14153048002342,5,9,3,-0.06657055991839765
3637,334601,415815.0,3388685.0,13,240,6,3,2585.0,9.2,499,0,5,420060,3388375,518,0,5,-90.67,512,4245.0,-310.0,4256.304147966872,19,-64.17672984434643,6,9,3,-0.08076829977691598
3638,334601,415815.0,3388685.0,13,240,6,3,2585.0,9.2,499,0,5,420075,3388370,518,0,5,-88.5,512,4260.0,-315.0,4271.6302508527115,19,-64.22896343989001,6,9,3,-0.08047851307523189
3639,334601,415815.0,3388685.0,13,240,6,3,2585.0,9.2,499,0,5,420035,3388330,518,0,5,-90.75,512,4220.0,-355.0,4234.905547943189,19,-64.8085839538989,6,9,3,-0.08117641424721687
3640,334601,415815.0,3388685.0,13,240,6,3,2585.0,9.2,499,0,5,420015,3388350,517,0,5,-86.33,512,4200.0,-335.0,4213.33893723256,18,-64.56036590397105,5,9,3,-0.06799328688078793
3641,334601,415815.0,3388685.0,13,240,6,3,2585.0,9.2,499,0,5,420065,3388380,518,0,5,-100.0,512,4250.0,-305.0,4260.930062791456,19,-64.10477764524606,6,9,3,-0.08068061310390827
3642,334601,415815.0,3388685.0,13,240,6,3,2585.0,9.2,499,0,5,420005,3388360,517,0,6,-83.5,512,4190.0,-325.0,4202.585513704629,18,-64.43530270895545,5,9,3,-0.06816726547549234
3643,334601,415815.0,3388685.0,13,240,6,3,2585.0,9.2,499,0,5,420055,3388390,518,0,5,-92.67,512,4240.0,-295.0,4250.249992647491,19,-63.97996715122002,6,9,3,-0.08088334787606186
3644,334601,415815.0,3388685.0,13,240,6,3,2585.0,9.2,499,0,5,420040,3388395,517,0,5,-89.0,512,4225.0,-290.0,4234.940967711356,18,-63.926569348327035,5,9,3,-0.06764645992421167
3645,334601,415815.0,3388685.0,13,240,6,3,2585.0,9.2,499,0,5,420040,3388115,518,15,5,-97.5,512,4225.0,-570.0,4263.2763222667145,19,-67.68345330988754,6,9,3,-0.0806362112428447
3646,334601,415815.0,3388685.0,13,240,6,3,2585.0,9.2,499,0,5,420020,3388135,518,0,5,-96.0,512,4205.0,-550.0,4240.816548732096,19,-67.45179481810311,6,9,3,-0.08106326782780275
3647,334601,415815.0,3388685.0,13,240,6,3,2585.0,9.2,499,0,5,420025,3388140,518,0,5,-94.13,512,4210.0,-545.0,4245.129562215976,19,-67.3761284569814,6,9,3,-0.08098090838595161
3648,334601,415815.0,3388685.0,13,240,6,3,2585.0,9.2,499,0,5,420015,3388150,518,0,7,-107.5,512,4200.0,-535.0,4233.937292875274,19,-67.25929652962415,6,9,3,-0.08119497837885953
3649,334601,415815.0,3388685.0,13,240,6,3,2585.0,9.2,499,0,5,420035,3388130,518,0,14,-95.16,512,4220.0,-555.0,4256.339389663376,19,-67.49234547008868,6,9,3,-0.08076763103133992
3650,334601,415815.0,3388685.0,13,240,6,3,2585.0,9.2,499,0,5,420030,3388125,518,0,5,-94.88,512,4215.0,-560.0,4252.037746775069,19,-67.5679299757739,6,9,3,-0.08084934080565445
3651,334601,415815.0,3388685.0,13,240,6,3,2585.0,9.2,499,0,5,420070,3388085,518,18,14,-96.0,512,4255.0,-600.0,4297.094948916069,19,-68.0263911666772,6,9,3,-0.08000159590472244
3652,334601,415815.0,3388685.0,13,240,6,3,2585.0,9.2,499,0,5,420060,3388095,518,18,5,-100.5,512,4245.0,-590.0,4285.80505856251,19,-67.91268004705577,6,9,3,-0.0802123399901256
3653,334601,415815.0,3388685.0,13,240,6,3,2585.0,9.2,499,0,5,420000,3388155,518,0,6,-105.0,512,4185.0,-530.0,4218.42683947464,19,-67.21767336525326,6,9,3,-0.0814935183988847
3654,334601,415815.0,3388685.0,13,240,6,3,2585.0,9.2,499,0,5,420055,3388110,518,0,5,-100.67,512,4240.0,-575.0,4278.811166667676,19,-67.72295030514562,6,9,3,-0.08034345016953516
3655,334601,415815.0,3388685.0,13,240,6,3,2585.0,9.2,499,0,5,420135,3388145,517,0,5,-101.0,512,4320.0,-540.0,4353.619184081217,18,-67.1250163489018,5,9,3,-0.06580244148579337
3656,334601,415815.0,3388685.0,13,240,6,3,2585.0,9.2,499,0,5,420125,3388155,517,0,5,-96.86,512,4310.0,-530.0,4342.464737910948,18,-67.01045767362683,5,9,3,-0.06597146741641663
3657,334601,415815.0,3388685.0,13,240,6,3,2585.0,9.2,499,0,5,420120,3388160,517,0,5,-94.53,512,4305.0,-525.0,4336.894049893311,18,-66.9529574681739,5,9,3,-0.06605620689434026
3658,334601,415815.0,3388685.0,13,240,6,3,2585.0,9.2,499,0,5,420015,3388025,518,0,5,-98.0,512,4200.0,-660.0,4251.54089713365,19,-68.93059010041901,6,9,3,-0.08085878912418822
3659,334601,415815.0,3388685.0,13,240,6,3,2585.0,9.2,499,0,5,420000,3388040,518,0,6,-97.5,512,4185.0,-645.0,4234.412592084054,19,-68.76159339051853,6,9,3,-0.0811858645156064
3660,334601,415815.0,3388685.0,13,240,6,3,2585.0,9.2,499,0,5,420035,3388005,518,15,6,-116.5,512,4220.0,-680.0,4274.435635262274,19,-69.15380945384433,6,9,3,-0.08042569373521014
3661,334601,415815.0,3388685.0,13,240,6,3,2585.0,9.2,499,0,5,420005,3388035,518,0,7,-98.06,512,4190.0,-650.0,4240.117922888466,19,-68.81807731472921,6,9,3,-0.08107662425309788
3662,334601,415815.0,3388685.0,13,240,6,3,2585.0,9.2,499,0,5,420030,3388010,518,15,5,-110.83,512,4215.0,-675.0,4268.7058928907245,19,-69.09822914554755,6,9,3,-0.08053364633493999
3663,334601,415815.0,3388685.0,13,240,6,3,2585.0,9.2,499,0,5,420025,3388015,518,0,5,-105.5,512,4210.0,-670.0,4262.980178232125,19,-69.0424994821031,6,9,3,-0.08064181293471223
3664,334601,415815.0,3388685.0,13,240,6,3,2585.0,9.2,499,0,5,420010,3388030,518,0,7,-100.86,512,4195.0,-655.0,4245.827363424,19,-68.87440938366362,6,9,3,-0.08096759920128065
3665,334601,415815.0,3388685.0,13,240,6,3,2585.0,9.2,499,0,5,420055,3388065,519,0,5,-94.67,512,4240.0,-620.0,4285.090430784396,20,-68.31919664949973,7,9,3,-0.09359664779799218
3666,334601,415815.0,3388685.0,13,240,6,3,2585.0,9.2,499,0,5,420020,3388020,518,0,5,-105.33,512,4205.0,-665.0,4257.258507537451,19,-68.98661996655687,6,9,3,-0.08075019378272456
3667,334601,415815.0,3388685.0,13,240,6,3,2585.0,9.2,499,0,5,420060,3388060,519,0,14,-102.33,512,4245.0,-625.0,4290.763335351881,20,-68.37560023663713,7,9,3,-0.09347290200579507
3668,334601,415815.0,3388685.0,13,240,6,3,2585.0,9.2,499,0,5,420140,3388140,517,0,12,-98.67,512,4325.0,-545.0,4359.2029087896335,18,-67.18207572064776,5,9,3,-0.06571815488486558
3669,334601,415815.0,3388685.0,13,240,6,3,2585.0,9.2,499,0,5,420050,3388070,519,0,5,-102.33,512,4235.0,-615.0,4279.421689901569,20,-68.26264357728206,7,9,3,-0.0937206304845625
3670,334601,415815.0,3388685.0,13,240,6,3,2585.0,9.2,499,0,5,420025,3388155,518,0,5,-95.25,512,4210.0,-530.0,4243.229901855425,19,-67.17526110028379,6,9,3,-0.08101716284780464
3671,334601,415815.0,3388685.0,13,240,6,3,2585.0,9.2,499,0,5,420060,3388120,518,18,5,-100.0,512,4245.0,-565.0,4282.4350549658075,19,-67.58138148019782,6,9,3,-0.08027546190959033
3672,334601,415815.0,3388685.0,13,240,6,3,2585.0,9.2,499,0,5,420035,3388145,518,0,14,-92.22,512,4220.0,-540.0,4254.40947723653,19,-67.29205896458268,6,9,3,-0.0808042693119312
3673,334601,415815.0,3388685.0,13,240,6,3,2585.0,9.2,499,0,5,420000,3388140,518,0,6,-93.33,512,4185.0,-545.0,4220.337664215981,19,-67.41970181554561,6,9,3,-0.08145662096703651
3674,334601,415815.0,3388685.0,13,240,6,3,2585.0,9.2,499,0,5,420030,3388150,518,0,5,-91.71,512,4215.0,-535.0,4248.81748254735,19,-67.23373686265174,6,9,3,-0.08091061806576251
3675,334601,415815.0,3388685.0,13,240,6,3,2585.0,9.2,499,0,5,420015,3388125,518,0,7,-99.6,512,4200.0,-560.0,4237.168866118036,19,-67.59464336859145,6,9,3,-0.08113305326400595
3676,334601,415815.0,3388685.0,13,240,6,3,2585.0,9.2,499,0,5,420095,3388045,519,0,5,-114.0,512,4280.0,-640.0,4327.5859321335265,20,-68.5045792408788,7,9,3,-0.09267756044466276
3677,334601,415815.0,3388685.0,13,240,6,3,2585.0,9.2,499,0,5,420055,3388085,518,0,5,-95.33,512,4240.0,-600.0,4282.242403227543,19,-68.05441444638174,6,9,3,-0.08027907337890487
3678,334601,415815.0,3388685.0,13,240,6,3,2585.0,9.2,499,0,5,420050,3388545,512,0,5,-86.0,512,4235.0,-140.0,4237.313417721186,13,-61.89338584574628,0,9,3,0.0
3679,334601,415815.0,3388685.0,13,240,6,3,2585.0,9.2,499,0,5,420040,3388555,511,0,5,-92.5,512,4225.0,-130.0,4226.999526851168,12,-61.76239102366051,-1,9,3,0.013554716077024053
3680,334601,415815.0,3388685.0,13,240,6,3,2585.0,9.2,499,0,5,420020,3388495,513,0,5,-97.75,512,4205.0,-190.0,4209.290320232141,14,-62.587110266651905,1,9,3,-0.013611743091174985
3681,334601,415815.0,3388685.0,13,240,6,3,2585.0,9.2,499,0,5,420025,3388500,513,0,5,-92.18,512,4210.0,-185.0,4214.0627664998065,14,-62.516129326608535,1,9,3,-0.013596327727505462
3682,334601,415815.0,3388685.0,13,240,6,3,2585.0,9.2,499,0,5,420000,3388515,511,0,7,-90.62,512,4185.0,-170.0,4188.451384461804,12,-62.32614823807489,-1,9,3,0.013679466028177188
3683,334601,415815.0,3388685.0,13,240,6,3,2585.0,9.2,499,0,5,420030,3388485,513,0,5,-88.67,512,4215.0,-200.0,4219.742290709232,14,-62.7166233798105,1,9,3,-0.013578027873089097
3684,334601,415815.0,3388685.0,13,240,6,3,2585.0,9.2,499,0,5,420015,3388510,512,0,6,-95.0,512,4200.0,-175.0,4203.64425231251,13,-62.3859440303888,0,9,3,0.0
3685,334601,415815.0,3388685.0,13,240,6,3,2585.0,9.2,499,0,5,420005,3388520,511,0,6,-94.33,512,4190.0,-165.0,4193.247548142132,12,-62.25511249517777,-1,9,3,0.013663819693233116
3686,334601,415815.0,3388685.0,13,240,6,3,2585.0,9.2,499,0,5,420035,3388200,517,0,5,-82.4,512,4220.0,-485.0,4247.778831342329,18,-66.5561763728978,5,9,3,-0.06744201537595997
3687,334601,415815.0,3388685.0,13,240,6,3,2585.0,9.2,499,0,5,420055,3388220,517,0,6,-85.5,512,4240.0,-465.0,4265.422018980068,18,-66.25860557779714,5,9,3,-0.06716305328630656
3688,334601,415815.0,3388685.0,13,240,6,3,2585.0,9.2,499,0,5,420060,3388225,517,0,5,-89.0,512,4245.0,-460.0,4269.850699965984,18,-66.18459774461343,5,9,3,-0.06709339195950777
3689,334601,415815.0,3388685.0,13,240,6,3,2585.0,9.2,499,0,5,420030,3388195,517,0,5,-79.0,512,4215.0,-490.0,4243.386030047231,18,-66.6309550795088,5,9,3,-0.06751183204979402
3690,334601,415815.0,3388685.0,13,240,6,3,2585.0,9.2,499,0,5,420040,3388205,517,12,5,-81.86,512,4225.0,-480.0,4252.178853246885,18,-66.48155229673421,5,9,3,-0.06737222854866322
3691,334601,415815.0,3388685.0,13,240,6,3,2585.0,9.2,499,0,5,420045,3388210,517,12,5,-86.71,512,4230.0,-475.0,4256.586073369127,18,-66.40708262427796,5,9,3,-0.06730247218453726
3692,334601,415815.0,3388685.0,13,240,6,3,2585.0,9.2,499,0,5,420050,3388215,517,0,6,-89.75,512,4235.0,-470.0,4261.000469373361,18,-66.33276712763956,5,9,3,-0.06723274689500633
3693,334601,415815.0,3388685.0,13,240,6,3,2585.0,9.2,499,0,5,420065,3388230,517,18,5,-100.14,512,4250.0,-455.0,4274.286490164177,18,-66.11074339685234,5,9,3,-0.06702376351053502
3694,334601,415815.0,3388685.0,13,240,6,3,2585.0,9.2,499,0,5,420070,3388235,517,18,5,-88.5,512,4255.0,-450.0,4278.7293674641305,18,-66.03704230219577,5,9,3,-0.06695416853019039
3695,334601,415815.0,3388685.0,13,240,6,3,2585.0,9.2,499,0,5,420005,3388170,518,0,5,-90.67,512,4190.0,-515.0,4221.531120340107,19,-67.00717592255299,6,9,3,-0.08143359264640242
3696,334601,415815.0,3388685.0,13,240,6,3,2585.0,9.2,499,0,5,420000,3388165,518,0,6,-91.67,512,4185.0,-520.0,4217.182116058068,19,-67.08288710685233,6,9,3,-0.08151757160573983
3697,334601,415815.0,3388685.0,13,240,6,3,2585.0,9.2,499,0,5,420075,3388240,517,18,5,-94.0,512,4260.0,-445.0,4283.179309811813,18,-65.96349422726024,5,9,3,-0.06688460760417492
3698,334601,415815.0,3388685.0,13,240,6,3,2585.0,9.2,499,0,5,420025,3388190,518,0,5,-80.5,512,4210.0,-495.0,4239.000471809362,19,-66.70588864214074,6,9,3,-0.08109799698963657
3699,334601,415815.0,3388685.0,13,240,6,3,2585.0,9.2,499,0,5,420015,3388385,517,0,5,-84.5,512,4200.0,-300.0,4210.70065428546,18,-64.08561677997488,5,9,3,-0.06803588913999585
3700,334601,415815.0,3388685.0,13,240,6,3,2585.0,9.2,499,0,5,420075,3388325,518,0,14,-85.75,512,4260.0,-360.0,4275.184206557654,19,-64.83041995828995,6,9,3,-0.0804116114679275
3701,334601,415815.0,3388685.0,13,240,6,3,2585.0,9.2,499,0,5,420040,3388360,518,0,14,-92.0,512,4225.0,-325.0,4237.481563381722,19,-64.39870535499554,6,9,3,-0.08112706620554676
3702,334601,415815.0,3388685.0,13,240,6,3,2585.0,9.2,499,0,5,420050,3388350,518,0,14,-93.29,512,4235.0,-335.0,4248.229042789478,19,-64.5228339483304,6,9,3,-0.08092182531488076
3703,334601,415815.0,3388685.0,13,240,6,3,2585.0,9.2,499,0,5,420045,3388355,518,0,14,-95.33,512,4230.0,-330.0,4242.852813850605,19,-64.46084825851656,6,9,3,-0.08102436332373596
3704,334601,415815.0,3388685.0,13,240,6,3,2585.0,9.2,499,0,5,420010,3388390,516,0,6,-83.18,512,4195.0,-295.0,4205.359675461779,17,-64.02252107200553,4,9,3,-0.054497847181588246
3705,334601,415815.0,3388685.0,13,240,6,3,2585.0,9.2,499,0,5,420055,3388345,518,0,14,-91.5,512,4240.0,-340.0,4253.610231321154,19,-64.58466287573174,6,9,3,-0.08081945227252751
3706,334601,415815.0,3388685.0,13,240,6,3,2585.0,9.2,499,0,5,420000,3388400,515,0,6,-93.4,512,4185.0,-285.0,4194.693075780396,16,-63.895848013087516,3,9,3,-0.04097732685739418
3707,334601,415815.0,3388685.0,13,240,6,3,2585.0,9.2,499,0,5,420060,3388340,518,0,5,-97.5,512,4245.0,-345.0,4258.996360646484,19,-64.64633549119588,6,9,3,-0.080717244285302
3708,334601,415815.0,3388685.0,13,240,6,3,2585.0,9.2,499,0,5,420015,3388380,517,0,5,-82.64,512,4200.0,-305.0,4211.059842842416,18,-64.15347402878157,5,9,3,-0.06803008592399219
3709,334601,415815.0,3388685.0,13,240,6,3,2585.0,9.2,499,0,5,420060,3388345,518,0,5,-105.0,512,4245.0,-340.0,4258.594251628112,19,-64.57928578209979,6,9,3,-0.08072486583527767
3710,334601,415815.0,3388685.0,13,240,6,3,2585.0,9.2,499,0,5,420000,3388365,516,0,6,-94.29,512,4185.0,-320.0,4197.216339432601,17,-64.37253094863311,4,9,3,-0.054603582501887335
3711,334601,415815.0,3388685.0,13,240,6,3,2585.0,9.2,499,0,5,420045,3388330,518,12,5,-87.6,512,4230.0,-355.0,4244.870433829518,19,-64.79726925969865,6,9,3,-0.08098585186408647
3712,334601,415815.0,3388685.0,13,240,6,3,2585.0,9.2,499,0,5,420005,3388370,516,0,6,-83.0,512,4190.0,-315.0,4201.824008689559,17,-64.2993516341217,4,9,3,-0.05454370491162987
3713,334601,415815.0,3388685.0,13,240,6,3,2585.0,9.2,499,0,5,420010,3388375,516,0,6,-83.0,512,4195.0,-310.0,4206.438517320798,17,-64.22633275771466,4,9,3,-0.054483869912438636
3714,334601,415815.0,3388685.0,13,240,6,3,2585.0,9.2,499,0,5,420040,3388325,518,12,5,-86.2,512,4225.0,-360.0,4240.309540587809,19,-64.87024358600661,6,9,3,-0.08107296044145305
3715,334601,415815.0,3388685.0,13,240,6,3,2585.0,9.2,499,0,5,420075,3388360,518,0,5,-87.33,512,4260.0,-325.0,4272.379313684589,19,-64.36270585730105,6,9,3,-0.0804644030491285
3716,334601,415815.0,3388685.0,13,240,6,3,2585.0,9.2,499,0,5,420065,3388350,518,0,5,-99.0,512,4250.0,-335.0,4263.1824966801505,19,-64.50693688676051,6,9,3,-0.08063798590997037
3717,334601,415815.0,3388685.0,13,240,6,3,2585.0,9.2,499,0,5,420020,3388385,517,0,5,-85.33,512,4205.0,-300.0,4215.687962835959,18,-64.08077515589369,5,9,3,-0.0679554003428552
3718,334601,415815.0,3388685.0,13,240,6,3,2585.0,9.2,499,0,5,420050,3388365,518,0,14,-97.0,512,4235.0,-320.0,4247.0725211609,19,-64.32110389520514,6,9,3,-0.0809438611327831
3719,334601,415815.0,3388685.0,13,240,6,3,2585.0,9.2,499,0,5,420065,3388400,518,0,5,-96.0,512,4250.0,-285.0,4259.54516351218,19,-63.836443764017076,6,9,3,-0.08070684463118995
3720,334601,415815.0,3388685.0,13,240,6,3,2585.0,9.2,499,0,5,420055,3388370,518,0,14,-92.75,512,4240.0,-315.0,4251.684960106993,19,-64.24883850043409,6,9,3,-0.08085604932991242
3721,334601,415815.0,3388685.0,13,240,6,3,2585.0,9.2,499,0,5,420015,3388330,517,0,5,-85.0,512,4200.0,-355.0,4214.9762751408225,18,-64.83137383867998,5,9,3,-0.06796687442330515
3722,334601,415815.0,3388685.0,13,240,6,3,2585.0,9.2,499,0,5,420005,3388340,517,0,6,-92.5,512,4190.0,-345.0,4204.179468100761,18,-64.70705328491565,5,9,3,-0.0681414208580525
3723,334601,415815.0,3388685.0,13,240,6,3,2585.0,9.2,499,0,5,420010,3388325,517,0,6,-88.8,512,4195.0,-360.0,4210.418625267564,18,-64.90490318831161,5,9,3,-0.06804044642483245
3724,334601,415815.0,3388685.0,13,240,6,3,2585.0,9.2,499,0,5,420035,3388350,518,0,14,-89.0,512,4220.0,-335.0,4233.275918245821,19,-64.53884331695045,6,9,3,-0.08120766364385619
3725,334601,415815.0,3388685.0,13,240,6,3,2585.0,9.2,499,0,5,420185,3388150,516,0,12,-103.0,512,4370.0,-535.0,4402.62705665606,17,-66.97973929282631,4,9,3,-0.05205597749765148
3726,334601,415815.0,3388685.0,13,240,6,3,2585.0,9.2,499,0,5,420170,3388135,516,0,5,-103.8,512,4355.0,-550.0,4389.592805716721,17,-67.19787050794471,4,9,3,-0.0522105499895828
3727,334601,415815.0,3388685.0,13,240,6,3,2585.0,9.2,499,0,5,420175,3388140,516,0,5,-107.4,512,4360.0,-545.0,4393.93047282271,17,-67.1250163489018,4,9,3,-0.052159008013329074
3728,334601,415815.0,3388685.0,13,240,6,3,2585.0,9.2,499,0,5,420235,3388120,515,0,6,-112.0,512,4420.0,-565.0,4455.965103094952,16,-67.28450314509425,3,9,3,-0.038574654107881474
3729,334601,415815.0,3388685.0,13,240,6,3,2585.0,9.2,499,0,5,420180,3388145,516,0,5,-108.67,512,4365.0,-540.0,4398.27523013283,17,-67.0523060078412,4,9,3,-0.05210748370107508
3730,334601,415815.0,3388685.0,13,240,6,3,2585.0,9.2,499,0,5,420230,3388115,515,0,6,-112.33,512,4415.0,-570.0,4451.642955134655,16,-67.35649706296573,3,9,3,-0.03861210664255175
3731,334601,415815.0,3388685.0,13,240,6,3,2585.0,9.2,499,0,5,420230,3388130,515,0,5,-108.5,512,4415.0,-555.0,4449.7471838296615,16,-67.1649437149216,3,9,3,-0.038628556948287665
3732,334601,415815.0,3388685.0,13,240,6,3,2585.0,9.2,499,0,5,420235,3388125,515,0,6,-113.0,512,4420.0,-560.0,4455.333881989093,16,-67.22072190495683,3,9,3,-0.03858011927146059
3733,334601,415815.0,3388685.0,13,240,6,3,2585.0,9.2,499,0,5,420050,3388110,518,0,5,-97.5,512,4235.0,-575.0,4273.856572230753,19,-67.73195807785567,6,9,3,-0.08043659056435076
3734,334601,415815.0,3388685.0,13,240,6,3,2585.0,9.2,499,0,5,420040,3388120,518,15,5,-106.0,512,4225.0,-565.0,4262.610702374778,19,-67.61684931256644,6,9,3,-0.0806488028208873
3735,334601,415815.0,3388685.0,13,240,6,3,2585.0,9.2,499,0,5,420030,3388130,518,0,5,-93.23,512,4215.0,-555.0,4251.382128202545,19,-67.50113203716623,6,9,3,-0.08086180881192415
3736,334601,415815.0,3388685.0,13,240,6,3,2585.0,9.2,499,0,5,420035,3388125,518,0,14,-97.67,512,4220.0,-560.0,4256.994244769424,19,-67.55906698104121,6,9,3,-0.0807552065312135
3737,334601,415815.0,3388685.0,13,240,6,3,2585.0,9.2,499,0,5,420000,3388160,518,0,6,-93.75,512,4185.0,-525.0,4217.801560054717,19,-67.15029018030756,6,9,3,-0.08150559961001978
3738,334601,415815.0,3388685.0,13,240,6,3,2585.0,9.2,499,0,5,420025,3388135,518,0,5,-96.42,512,4210.0,-550.0,4245.774369888254,19,-67.44304399447174,6,9,3,-0.08096860979517381
3739,334601,415815.0,3388685.0,13,240,6,3,2585.0,9.2,499,0,5,420085,3388075,518,0,5,-102.0,512,4270.0,-610.0,4313.35136523794,19,-68.13010235415598,6,9,3,-0.07970008150014884
3740,334601,415815.0,3388685.0,13,240,6,3,2585.0,9.2,499,0,5,420185,3388125,516,0,5,-104.5,512,4370.0,-560.0,4405.734898969751,17,-67.302452035796,4,9,3,-0.052019256795130274
3741,334601,415815.0,3388685.0,13,240,6,3,2585.0,9.2,499,0,5,420165,3388145,516,0,5,-102.2,512,4350.0,-540.0,4383.389099772002,17,-67.0763781776368,4,9,3,-0.052284442293526266
3742,334601,415815.0,3388685.0,13,240,6,3,2585.0,9.2,499,0,5,420195,3388135,516,0,5,-105.89,512,4380.0,-550.0,4414.396901050018,17,-67.15721402998179,4,9,3,-0.051917183811257636
3743,334601,415815.0,3388685.0,13,240,6,3,2585.0,9.2,499,0,5,420210,3388120,515,0,5,-108.0,512,4395.0,-565.0,4431.168017577307,16,-67.3254906165622,3,9,3,-0.038790520150751746
3744,334601,415815.0,3388685.0,13,240,6,3,2585.0,9.2,499,0,5,420190,3388140,516,0,5,-107.67,512,4375.0,-545.0,4408.815033543594,17,-67.10083751526335,4,9,3,-0.05198291455301209
3745,334601,415815.0,3388685.0,13,240,6,3,2585.0,9.2,499,0,5,420160,3388150,516,0,5,-102.11,512,4345.0,-535.0,4377.813381129899,17,-67.01949937884828,4,9,3,-0.05235103334071361
3746,334601,415815.0,3388685.0,13,240,6,3,2585.0,9.2,499,0,5,420180,3388130,516,0,5,-103.6,512,4365.0,-555.0,4400.142043161789,17,-67.2461488946702,4,9,3,-0.05208537648841641
3747,334601,415815.0,3388685.0,13,240,6,3,2585.0,9.2,499,0,5,420170,3388160,516,21,12,-100.5,512,4355.0,-525.0,4386.530519670415,17,-66.87389832374569,4,9,3,-0.05224699873863062
3748,334601,415815.0,3388685.0,13,240,6,3,2585.0,9.2,499,0,5,420000,3388135,518,0,6,-97.6,512,4185.0,-550.0,4220.986259157923,19,-67.4870036746141,6,9,3,-0.081444104394385
3749,334601,415815.0,3388685.0,13,240,6,3,2585.0,9.2,499,0,5,420025,3388160,518,0,5,-93.67,512,4210.0,-525.0,4242.608277934695,19,-67.1082656464078,6,9,3,-0.08102903340854724
3750,334601,415815.0,3388685.0,13,240,6,3,2585.0,9.2,499,0,5,420030,3388145,518,0,5,-93.06,512,4215.0,-540.0,4249.449964407158,19,-67.30061582387918,6,9,3,-0.08089857546481367
3751,334601,415815.0,3388685.0,13,240,6,3,2585.0,9.2,499,0,5,420060,3388115,518,18,5,-99.5,512,4245.0,-570.0,4283.097594031684,19,-67.64768272350625,6,9,3,-0.08026304436392562
3752,334601,415815.0,3388685.0,13,240,6,3,2585.0,9.2,499,0,5,420035,3388150,518,0,14,-90.91,512,4220.0,-535.0,4253.777732792347,19,-67.22525671231702,6,9,3,-0.080816269840334
3753,334601,415815.0,3388685.0,13,240,6,3,2585.0,9.2,499,0,5,420095,3388050,519,0,5,-114.0,512,4280.0,-635.0,4326.84931561061,20,-68.43909767911344,7,9,3,-0.09269333813837011
3754,334601,415815.0,3388685.0,13,240,6,3,2585.0,9.2,499,0,5,420065,3388120,518,18,5,-100.5,512,4250.0,-565.0,4287.391398041471,19,-67.5725657727694,6,9,3,-0.08018266137587117
3755,334601,415815.0,3388685.0,13,240,6,3,2585.0,9.2,499,0,5,420020,3388155,518,0,5,-95.0,512,4205.0,-530.0,4238.26910424527,19,-67.18370384031647,6,9,3,-0.08111199146799854
3756,334601,415815.0,3388685.0,13,240,6,3,2585.0,9.2,499,0,5,420010,3388125,518,0,7,-112.25,512,4195.0,-560.0,4232.212778204801,19,-67.60358954378819,6,9,3,-0.08122806313880487
3757,334601,415815.0,3388685.0,13,240,6,3,2585.0,9.2,499,0,5,420140,3388170,516,21,12,-99.75,512,4325.0,-515.0,4355.553925736656,17,-66.79052962341422,4,9,3,-0.05261857791891444
3758,334601,415815.0,3388685.0,13,240,6,3,2585.0,9.2,499,0,5,420000,3388310,517,0,7,-103.5,512,4185.0,-375.0,4201.767485237611,18,-65.12035554303952,5,9,3,-0.0681805367265164
3759,334601,415815.0,3388685.0,13,240,6,3,2585.0,9.2,499,0,5,420050,3388280,518,12,5,-95.33,512,4235.0,-405.0,4254.3213324806575,19,-65.462677032747,6,9,3,-0.08080594348334207
3760,334601,415815.0,3388685.0,13,240,6,3,2585.0,9.2,499,0,5,420020,3388290,518,0,5,-105.5,512,4205.0,-395.0,4223.511572139942,19,-65.36637714032938,6,9,3,-0.08139540757567813
3761,334601,415815.0,3388685.0,13,240,6,3,2585.0,9.2,499,0,5,420045,3388265,518,0,5,-92.6,512,4230.0,-420.0,4250.799924720052,19,-65.6703573438939,6,9,3,-0.08087288389543762
3762,334601,415815.0,3388685.0,13,240,6,3,2585.0,9.2,499,0,5,420070,3388260,517,18,14,-94.33,512,4255.0,-425.0,4276.172353869755,18,-65.70392696190282,5,9,3,-0.06699420493400349
3763,334601,415815.0,3388685.0,13,240,6,3,2585.0,9.2,499,0,5,420080,3388230,517,18,5,-99.0,512,4265.0,-455.0,4289.201557399699,18,-66.08941367386981,5,9,3,-0.06679069844736361
3764,334601,415815.0,3388685.0,13,240,6,3,2585.0,9.2,499,0,5,420040,3388270,518,0,14,-92.21,512,4225.0,-415.0,4245.332731365116,19,-65.60987406947712,6,9,3,-0.08097703288280858
3765,334601,415815.0,3388685.0,13,240,6,3,2585.0,9.2,499,0,5,420035,3388295,518,6,14,-95.9,512,4220.0,-390.0,4237.983010820124,19,-65.28010935157766,6,9,3,-0.08111746708609151
3766,334601,415815.0,3388685.0,13,240,6,3,2585.0,9.2,499,0,5,420125,3388185,516,0,12,-108.0,512,4310.0,-500.0,4338.905391916261,17,-66.6172625845364,4,9,3,-0.05282047715375383
3767,334601,415815.0,3388685.0,13,240,6,3,2585.0,9.2,499,0,5,420135,3388195,516,0,5,-106.82,512,4320.0,-490.0,4347.700541665675,17,-66.47116993167796,4,9,3,-0.05271362440721987
3768,334601,415815.0,3388685.0,13,240,6,3,2585.0,9.2,499,0,5,420010,3388320,517,0,6,-89.2,512,4195.0,-365.0,4210.849083023518,18,-64.97268758710646,5,9,3,-0.06803349093681252
3769,334601,415815.0,3388685.0,13,240,6,3,2585.0,9.2,499,0,5,420145,3388165,516,21,12,-94.57,512,4330.0,-520.0,4361.112243453497,17,-66.84799113226984,4,9,3,-0.05255151461179854
3770,334601,415815.0,3388685.0,13,240,6,3,2585.0,9.2,499,0,5,420005,3388305,517,0,6,-93.33,512,4190.0,-380.0,4207.196216008947,18,-65.18209928031311,5,9,3,-0.06809256045681332
3771,334601,415815.0,3388685.0,13,240,6,3,2585.0,9.2,499,0,5,420150,3388180,516,0,5,-102.75,512,4335.0,-505.0,4364.31552479882,17,-66.64464519866823,4,9,3,-0.05251294334187944
3772,334601,415815.0,3388685.0,13,240,6,3,2585.0,9.2,499,0,5,420065,3388245,517,18,14,-89.75,512,4250.0,-440.0,4272.715764007711,18,-65.91074059834864,5,9,3,-0.06704840261319779
3773,334601,415815.0,3388685.0,13,240,6,3,2585.0,9.2,499,0,5,420035,3388560,511,0,5,-95.2,512,4220.0,-125.0,4221.850897414545,12,-61.69665377133029,-1,9,3,0.013571246316790053
3774,334601,415815.0,3388685.0,13,240,6,3,2585.0,9.2,499,0,5,420025,3388550,511,0,6,-94.0,512,4210.0,-135.0,4212.163933182088,12,-61.83664624540182,-1,9,3,0.013602456918944182
3775,334601,415815.0,3388685.0,13,240,6,3,2585.0,9.2,499,0,5,420010,3388535,511,0,6,-99.2,512,4195.0,-150.0,4197.680907358253,12,-62.04784432680401,-1,9,3,0.013649388720510743
3776,334601,415815.0,3388685.0,13,240,6,3,2585.0,9.2,499,0,5,420030,3388555,511,0,5,-93.75,512,4215.0,-130.0,4217.004268435117,12,-61.76656961351313,-1,9,3,0.013586843833186667
3777,334601,415815.0,3388685.0,13,240,6,3,2585.0,9.2,499,0,5,420000,3388525,511,0,7,-92.24,512,4185.0,-160.0,4188.05742558528,12,-62.189453310314065,-1,9,3,0.013680752817329164
3778,334601,415815.0,3388685.0,13,240,6,3,2585.0,9.2,499,0,5,420005,3388530,511,0,6,-96.14,512,4190.0,-155.0,4192.865964945696,12,-62.118567563211485,-1,9,3,0.013665063206343227
3779,334601,415815.0,3388685.0,13,240,6,3,2585.0,9.2,499,0,5,420020,3388545,511,0,6,-104.5,512,4205.0,-140.0,4207.329913377367,12,-61.90688401192253,-1,9,3,0.013618085487422967
3780,334601,415815.0,3388685.0,13,240,6,3,2585.0,9.2,499,0,5,420125,3388145,517,0,5,-101.89,512,4310.0,-540.0,4343.69658240536,18,-67.14137722210447,5,9,3,-0.06595275834786476
3781,334601,415815.0,3388685.0,13,240,6,3,2585.0,9.2,499,0,5,420120,3388150,517,0,5,-106.13,512,4305.0,-535.0,4338.115950502015,18,-67.08406154564591,5,9,3,-0.06603760111043731
3782,334601,415815.0,3388685.0,13,240,6,3,2585.0,9.2,499,0,5,420055,3388075,519,0,5,-94.0,512,4240.0,-610.0,4283.654981438164,20,-68.18684955862457,7,9,3,-0.093628011903723
3783,334601,415815.0,3388685.0,13,240,6,3,2585.0,9.2,499,0,5,420025,3388005,518,0,6,-104.0,512,4210.0,-680.0,4264.563283620024,19,-69.17518308004801,6,9,3,-0.08061187685180017
3784,334601,415815.0,3388685.0,13,240,6,3,2585.0,9.2,499,0,5,420135,3388155,517,0,5,-97.9,512,4320.0,-530.0,4352.390147953191,18,-66.99439068861301,5,9,3,-0.06582102288681792
3785,334601,415815.0,3388685.0,13,240,6,3,2585.0,9.2,499,0,5,420130,3388160,517,0,5,-97.46,512,4315.0,-525.0,4346.8206772306585,18,-66.9370011971391,5,9,3,-0.0659053576141888
3786,334601,415815.0,3388685.0,13,240,6,3,2585.0,9.2,499,0,5,420035,3388015,518,15,5,-113.5,512,4220.0,-670.0,4272.856187610344,19,-69.02142456593876,6,9,3,-0.08045542279712907
3787,334601,415815.0,3388685.0,13,240,6,3,2585.0,9.2,499,0,5,420005,3388025,518,0,5,-99.8,512,4190.0,-660.0,4241.662409952022,19,-68.95155940925932,6,9,3,-0.08104710242459205
3788,334601,415815.0,3388685.0,13,240,6,3,2585.0,9.2,499,0,5,420000,3388030,518,0,6,-95.43,512,4185.0,-655.0,4235.9473556690955,19,-68.89527595316943,6,9,3,-0.08115644938568943
3789,334601,415815.0,3388685.0,13,240,6,3,2585.0,9.2,499,0,5,420010,3388040,519,0,7,-99.29,512,4195.0,-645.0,4244.2961725119985,20,-68.74103053130938,7,9,3,-0.0944962548889093
3790,334601,415815.0,3388685.0,13,240,6,3,2585.0,9.2,499,0,5,420040,3388070,519,15,14,-103.86,512,4225.0,-615.0,4269.525734786008,20,-68.28192917205729,7,9,3,-0.09393785683479104
3791,334601,415815.0,3388685.0,13,240,6,3,2585.0,9.2,499,0,5,420030,3388020,518,0,5,-109.88,512,4215.0,-665.0,4267.136041890391,19,-68.96564613497077,6,9,3,-0.08056327408934275
3792,334601,415815.0,3388685.0,13,240,6,3,2585.0,9.2,499,0,5,420095,3388115,518,0,5,-107.0,512,4280.0,-570.0,4317.7887859412485,19,-67.58587450127192,6,9,3,-0.0796181732934892
3793,334601,415815.0,3388685.0,13,240,6,3,2585.0,9.2,499,0,5,420075,3388055,519,0,14,-102.0,512,4260.0,-630.0,4306.332546378647,20,-68.41234529042683,7,9,3,-0.09313495858114251
3794,334601,415815.0,3388685.0,13,240,6,3,2585.0,9.2,499,0,5,420015,3388035,518,0,7,-95.67,512,4200.0,-650.0,4250.0,19,-68.79741070999106,6,9,3,-0.08088810557380476
3795,334601,415815.0,3388685.0,13,240,6,3,2585.0,9.2,499,0,5,420150,3388140,517,0,5,-102.0,512,4335.0,-545.0,4369.124626283851,18,-67.16568048651214,5,9,3,-0.06556891757697306
3796,334601,415815.0,3388685.0,13,240,6,3,2585.0,9.2,499,0,5,420030,3388580,510,0,6,-95.75,512,4215.0,-105.0,4216.307626347963,11,-61.42700186751469,-2,9,3,0.027178175927072813
3797,334601,415815.0,3388685.0,13,240,6,3,2585.0,9.2,499,0,5,420000,3388590,510,0,6,-91.67,512,4185.0,-95.0,4186.078116805753,11,-61.3003977080092,-2,9,3,0.027374441448408806
3798,334601,415815.0,3388685.0,13,240,6,3,2585.0,9.2,499,0,5,420025,3388565,511,0,6,-89.33,512,4210.0,-120.0,4211.709866550639,12,-61.63269179177436,-1,9,3,0.013603923406844867
3799,334601,415815.0,3388685.0,13,240,6,3,2585.0,9.2,499,0,5,420020,3388570,511,0,6,-95.25,512,4205.0,-115.0,4206.572238771135,12,-61.56655711373185,-1,9,3,0.013620538334202946
3800,334601,415815.0,3388685.0,13,240,6,3,2585.0,9.2,499,0,5,420035,3388575,510,0,5,-96.1,512,4220.0,-110.0,4221.433405846881,11,-61.49315376754262,-2,9,3,0.027145175450046913
3801,334601,415815.0,3388685.0,13,240,6,3,2585.0,9.2,499,0,5,420005,3388585,510,0,6,-93.14,512,4190.0,-100.0,4191.19314754164,11,-61.36718149454313,-2,9,3,0.027341033041020264
3802,334601,415815.0,3388685.0,13,240,6,3,2585.0,9.2,499,0,5,420015,3388595,510,0,6,-92.11,512,4200.0,-90.0,4200.964175043629,11,-61.227578832134554,-2,9,3,0.027277440509822393
3803,334601,415815.0,3388685.0,13,240,6,3,2585.0,9.2,499,0,5,420010,3388600,510,0,6,-88.0,512,4195.0,-85.0,4195.861055850158,11,-61.16078067505194,-2,9,3,0.0273106160624181
3804,334601,415815.0,3388685.0,13,240,6,3,2585.0,9.2,499,0,5,420160,3388140,516,0,5,-100.4,512,4345.0,-545.0,4379.046699910838,17,-67.14935954790994,4,9,3,-0.052336289155249134
3805,334601,415815.0,3388685.0,13,240,6,3,2585.0,9.2,499,0,5,420195,3388145,516,0,12,-107.0,512,4380.0,-540.0,4413.16213162399,17,-67.0283962389496,4,9,3,-0.05193170983913492
3806,334601,415815.0,3388685.0,13,240,6,3,2585.0,9.2,499,0,5,420190,3388150,516,0,12,-105.2,512,4375.0,-535.0,4407.590044457402,17,-66.9718409982278,4,9,3,-0.05199736201010194
3807,334601,415815.0,3388685.0,13,240,6,3,2585.0,9.2,499,0,5,420220,3388120,515,0,5,-110.0,512,4405.0,-565.0,4441.086578755248,16,-67.30904070267576,3,9,3,-0.03870388684080784
3808,334601,415815.0,3388685.0,13,240,6,3,2585.0,9.2,499,0,5,420170,3388130,516,0,5,-108.33,512,4355.0,-555.0,4390.222090054215,17,-67.2626101304111,4,9,3,-0.05220306625356618
3809,334601,415815.0,3388685.0,13,240,6,3,2585.0,9.2,499,0,5,420045,3388315,518,12,5,-90.25,512,4230.0,-370.0,4246.151198438416,19,-64.99896432014572,6,9,3,-0.08096142417181854
3810,334601,415815.0,3388685.0,13,240,6,3,2585.0,9.2,499,0,5,420085,3388195,517,0,5,-99.8,512,4270.0,-490.0,4298.02280124245,18,-66.54629078329404,5,9,3,-0.0666536176237929
3811,334601,415815.0,3388685.0,13,240,6,3,2585.0,9.2,499,0,5,420050,3388310,518,12,14,-83.67,512,4235.0,-375.0,4251.570298136913,19,-65.06021842606333,6,9,3,-0.08085822995987958
3812,334601,415815.0,3388685.0,13,240,6,3,2585.0,9.2,499,0,5,420090,3388190,517,0,6,-89.8,512,4275.0,-495.0,4303.562477761883,18,-66.60483549675396,5,9,3,-0.06656781913709664
3813,334601,415815.0,3388685.0,13,240,6,3,2585.0,9.2,499,0,5,420070,3388290,518,18,14,-91.25,512,4255.0,-395.0,4273.294981627175,19,-65.30367920236822,6,9,3,-0.0804471614175856
3814,334601,415815.0,3388685.0,13,240,6,3,2585.0,9.2,499,0,5,420095,3388185,517,0,5,-87.25,512,4280.0,-500.0,4309.106635951354,18,-66.66322962212064,5,9,3,-0.06648217210644114
3815,334601,415815.0,3388685.0,13,240,6,3,2585.0,9.2,499,0,5,420110,3388170,517,21,5,-89.89,512,4295.0,-515.0,4325.765828151127,18,-66.83751305830188,5,9,3,-0.06622613922380084
3816,334601,415815.0,3388685.0,13,240,6,3,2585.0,9.2,499,0,5,420030,3388250,517,0,5,-87.33,512,4215.0,-435.0,4237.387166639367,18,-65.8922276173191,5,9,3,-0.06760740837248903
3817,334601,415815.0,3388685.0,13,240,6,3,2585.0,9.2,499,0,5,420040,3388320,518,12,5,-88.45,512,4225.0,-365.0,4240.736964255152,19,-64.93755373519141,6,9,3,-0.08106478911271488
3818,334601,415815.0,3388685.0,13,240,6,3,2585.0,9.2,499,0,5,420115,3388165,517,21,5,-92.86,512,4300.0,-520.0,4331.3277410050605,18,-66.89530941433264,5,9,3,-0.06614109747457399
3819,334601,415815.0,3388685.0,13,240,6,3,2585.0,9.2,499,0,5,420035,3388245,517,12,5,-93.55,512,4220.0,-440.0,4242.876382832759,18,-65.95245943796752,5,9,3,-0.06751994145063214
3820,334601,415815.0,3388685.0,13,240,6,3,2585.0,9.2,499,0,5,420105,3388175,517,0,5,-88.93,512,4290.0,-510.0,4320.208328310106,18,-66.77956794514995,5,9,3,-0.06631133220566386
3821,334601,415815.0,3388685.0,13,240,6,3,2585.0,9.2,499,0,5,420100,3388180,517,0,5,-85.75,512,4285.0,-505.0,4314.655258534568,18,-66.7214736188175,5,9,3,-0.06639667648072785
3822,334601,415815.0,3388685.0,13,240,6,3,2585.0,9.2,499,0,5,420010,3388270,518,0,5,-101.2,512,4195.0,-415.0,4215.477434407638,19,-65.64973372268983,6,9,3,-0.08155053615673717
3823,334601,415815.0,3388685.0,13,240,6,3,2585.0,9.2,499,0,5,420005,3388275,518,0,6,-96.0,512,4190.0,-410.0,4210.011876467809,19,-65.588716220018,6,9,3,-0.08165640725409265
3824,334601,415815.0,3388685.0,13,240,6,3,2585.0,9.2,499,0,5,420025,3388255,517,0,5,-100.75,512,4210.0,-430.0,4231.902645383043,18,-65.83183960961117,5,9,3,-0.06769502709969666
3825,334601,415815.0,3388685.0,13,240,6,3,2585.0,9.2,499,0,5,420055,3388305,518,12,5,-84.5,512,4240.0,-380.0,4256.994244769424,19,-65.1213165107786,6,9,3,-0.0807552065312135
3826,334601,415815.0,3388685.0,13,240,6,3,2585.0,9.2,499,0,5,420020,3388260,518,0,5,-95.2,512,4205.0,-425.0,4226.42283734129,19,-65.77129494122968,6,9,3,-0.08133934046922563
3827,334601,415815.0,3388685.0,13,240,6,3,2585.0,9.2,499,0,5,420065,3388295,518,0,14,-84.0,512,4250.0,-390.0,4267.856604901341,19,-65.24304644338338,6,9,3,-0.08054967221743649
3828,334601,415815.0,3388685.0,13,240,6,3,2585.0,9.2,499,0,5,420020,3387975,517,0,14,-99.5,512,4205.0,-710.0,4264.519316406012,18,-69.58380498177183,5,9,3,-0.06717727017712775
3829,334601,415815.0,3388685.0,13,240,6,3,2585.0,9.2,499,0,5,420000,3387995,518,0,6,-100.0,512,4185.0,-690.0,4241.500324177755,19,-69.36238781021444,6,9,3,-0.081050199575086
3830,334601,415815.0,3388685.0,13,240,6,3,2585.0,9.2,499,0,5,420005,3388000,518,0,5,-102.86,512,4190.0,-685.0,4245.624217944871,19,-69.28483342974036,6,9,3,-0.08097147335004883
3831,334601,415815.0,3388685.0,13,240,6,3,2585.0,9.2,499,0,5,420210,3388125,515,0,5,-104.0,512,4395.0,-560.0,4430.533263615115,16,-67.26135823205155,3,9,3,-0.03879607759211841
3832,334601,415815.0,3388685.0,13,240,6,3,2585.0,9.2,499,0,5,420200,3388135,515,0,5,-107.43,512,4385.0,-550.0,4419.35798504715,16,-67.14913750079407,3,9,3,-0.03889418162507501
3833,334601,415815.0,3388685.0,13,240,6,3,2585.0,9.2,499,0,5,420205,3388140,515,0,12,-108.5,512,4390.0,-545.0,4423.700374121195,16,-67.0768213964275,3,9,3,-0.03885600236263862
3834,334601,415815.0,3388685.0,13,240,6,3,2585.0,9.2,499,0,5,420030,3388535,512,0,5,-90.17,512,4215.0,-150.0,4217.668194630773,13,-62.0381356050074,0,9,3,0.0
3835,334601,415815.0,3388685.0,13,240,6,3,2585.0,9.2,499,0,5,420015,3388560,511,0,6,-100.67,512,4200.0,-125.0,4201.859707320082,12,-61.70472831900727,-1,9,3,0.013635814239951553
3836,334601,415815.0,3388685.0,13,240,6,3,2585.0,9.2,499,0,5,420005,3388550,511,0,7,-97.38,512,4190.0,-135.0,4192.174256874349,12,-61.84540700587212,-1,9,3,0.013667317939466798
3837,334601,415815.0,3388685.0,13,240,6,3,2585.0,9.2,499,0,5,420000,3388545,511,0,7,-92.51,512,4185.0,-140.0,4187.341041759078,12,-61.91599018213009,-1,9,3,0.01368309336460684
3838,334601,415815.0,3388685.0,13,240,6,3,2585.0,9.2,499,0,5,420035,3388540,512,0,5,-90.5,512,4220.0,-145.0,4222.490378911479,13,-61.96791963268649,0,9,3,0.0
3839,334601,415815.0,3388685.0,13,240,6,3,2585.0,9.2,499,0,5,420025,3388530,512,0,5,-91.83,512,4210.0,-155.0,4212.852359150508,13,-62.108512215112626,0,9,3,0.0
3840,334601,415815.0,3388685.0,13,240,6,3,2585.0,9.2,499,0,5,420010,3388555,511,0,6,-98.82,512,4195.0,-130.0,4197.013819372054,12,-61.77498650139481,-1,9,3,0.013651558201785215
3841,334601,415815.0,3388685.0,13,240,6,3,2585.0,9.2,499,0,5,420005,3388535,511,0,6,-92.38,512,4190.0,-150.0,4192.684104484859,12,-62.050285970744284,-1,9,3,0.013665655937523516
3842,334601,415815.0,3388685.0,13,240,6,3,2585.0,9.2,499,0,5,420010,3388530,511,0,6,-90.0,512,4195.0,-155.0,4197.862551346816,12,-62.11604474974163,-1,9,3,0.013648798103432523
3843,334601,415815.0,3388685.0,13,240,6,3,2585.0,9.2,499,0,5,420000,3388540,511,0,7,-89.13,512,4185.0,-145.0,4187.511194014889,12,-61.984364638648515,-1,9,3,0.013682537375856941
3844,334601,415815.0,3388685.0,13,240,6,3,2585.0,9.2,499,0,5,420030,3388550,511,0,5,-93.0,512,4215.0,-135.0,4217.161367555194,12,-61.83446903239175,-1,9,3,0.013586337691508707
3845,334601,415815.0,3388685.0,13,240,6,3,2585.0,9.2,499,0,5,420015,3388525,512,0,7,-93.5,512,4200.0,-160.0,4203.046514137097,13,-62.18164140355145,0,9,3,0.0
3846,334601,415815.0,3388685.0,13,240,6,3,2585.0,9.2,499,0,5,420025,3388555,511,0,6,-90.33,512,4210.0,-130.0,4212.006647668069,12,-61.76866634540312,-1,9,3,0.013602964864331497
3847,334601,415815.0,3388685.0,13,240,6,3,2585.0,9.2,499,0,5,420035,3388545,511,0,5,-92.29,512,4220.0,-140.0,4222.321636256527,12,-61.90011096557686,-1,9,3,0.01356973328365642
3848,334601,415815.0,3388685.0,13,240,6,3,2585.0,9.2,499,0,5,420595,3388075,516,0,5,-110.4,512,4780.0,-610.0,4818.7654020506125,17,-67.27249550714134,4,9,3,-0.047560536006912
3849,334601,415815.0,3388685.0,13,240,6,3,2585.0,9.2,499,0,5,420020,3388060,519,0,5,-101.0,512,4205.0,-625.0,4251.19394993924,20,-68.45412692760573,7,9,3,-0.09434293020824644
3850,334601,415815.0,3388685.0,13,240,6,3,2585.0,9.2,499,0,5,420120,3388120,517,21,5,-104.75,512,4305.0,-565.0,4341.917779046489,18,-67.47692143951664,5,9,3,-0.06597977794850007
3851,334601,415815.0,3388685.0,13,240,6,3,2585.0,9.2,499,0,5,420115,3388125,517,21,5,-99.26,512,4300.0,-560.0,4336.311796907597,18,-67.4200148952612,5,9,3,-0.06606507650321582
3852,334601,415815.0,3388685.0,13,240,6,3,2585.0,9.2,499,0,5,420005,3388075,519,0,5,-100.17,512,4190.0,-610.0,4234.1705208930825,20,-68.2831969250486,7,9,3,-0.0947222340766215
3853,334601,415815.0,3388685.0,13,240,6,3,2585.0,9.2,499,0,5,420080,3388160,517,0,5,-90.76,512,4265.0,-525.0,4297.190942930044,18,-67.01751970296235,5,9,3,-0.06666652054492662
3854,334601,415815.0,3388685.0,13,240,6,3,2585.0,9.2,499,0,5,420030,3388050,519,0,5,-102.4,512,4215.0,-635.0,4262.563782513993,20,-68.56732111653861,7,9,3,-0.09409128320782503
3855,334601,415815.0,3388685.0,13,240,6,3,2585.0,9.2,499,0,5,420090,3388150,517,0,6,-95.09,512,4275.0,-535.0,4308.346550592234,18,-67.13326390599369,5,9,3,-0.06649390098658078
3856,334601,415815.0,3388685.0,13,240,6,3,2585.0,9.2,499,0,5,420095,3388145,517,0,5,-98.02,512,4280.0,-540.0,4313.930922024599,18,-67.19091140842039,5,9,3,-0.06640782489610983
3857,334601,415815.0,3388685.0,13,240,6,3,2585.0,9.2,499,0,5,420105,3388135,517,21,12,-99.13,512,4290.0,-550.0,4325.11271529425,18,-67.30575953331083,5,9,3,-0.06623613968096857
3858,334601,415815.0,3388685.0,13,240,6,3,2585.0,9.2,499,0,5,420110,3388130,517,21,5,-98.65,512,4295.0,-555.0,4330.710103435694,18,-67.36296107947675,5,9,3,-0.06615053038266619
3859,334601,415815.0,3388685.0,13,240,6,3,2585.0,9.2,499,0,5,420100,3388140,517,0,12,-100.07,512,4285.0,-545.0,4319.5196492202695,18,-67.24840979670964,5,9,3,-0.06632190448935009
3860,334601,415815.0,3388685.0,13,240,6,3,2585.0,9.2,499,0,5,420085,3388155,517,0,5,-91.21,512,4270.0,-530.0,4302.766551882637,18,-67.07546682578601,5,9,3,-0.06658013284309136
3861,334601,415815.0,3388685.0,13,240,6,3,2585.0,9.2,499,0,5,420010,3388070,519,0,7,-91.58,512,4195.0,-615.0,4239.840798897996,20,-68.3403260854526,7,9,3,-0.09459555469188564
3862,334601,415815.0,3388685.0,13,240,6,3,2585.0,9.2,499,0,5,420000,3388080,518,0,6,-95.84,512,4185.0,-605.0,4228.504463755477,19,-68.22591460516946,6,9,3,-0.08129929844165781
3863,334601,415815.0,3388685.0,13,240,6,3,2585.0,9.2,499,0,5,420015,3388065,519,0,7,-92.0,512,4200.0,-620.0,4245.515280858143,20,-68.39730258668973,7,9,3,-0.09446912014634491
3864,334601,415815.0,3388685.0,13,240,6,3,2585.0,9.2,499,0,5,420025,3388055,519,0,5,-103.5,512,4210.0,-630.0,4256.876789384442,20,-68.51079960558275,7,9,3,-0.09421698464191797
3865,334601,415815.0,3388685.0,13,240,6,3,2585.0,9.2,499,0,5,420005,3387985,518,0,5,-101.29,512,4190.0,-700.0,4248.070150079916,19,-69.48449549620392,6,9,3,-0.08092485207068587
3866,334601,415815.0,3388685.0,13,240,6,3,2585.0,9.2,499,0,5,420055,3387955,517,0,5,-122.5,512,4240.0,-730.0,4302.383060583983,18,-69.76883090548847,5,9,3,-0.06658606743288974
3867,334601,415815.0,3388685.0,13,240,6,3,2585.0,9.2,499,0,5,420025,3387965,517,0,5,-103.75,512,4210.0,-720.0,4271.123973850443,18,-69.70491258851209,5,9,3,-0.06707339062349774
3868,334601,415815.0,3388685.0,13,240,6,3,2585.0,9.2,499,0,5,420000,3387990,518,0,6,-95.0,512,4185.0,-695.0,4242.316584131835,19,-69.429017166526,6,9,3,-0.08103460480684115
3869,334601,415815.0,3388685.0,13,240,6,3,2585.0,9.2,499,0,5,420010,3388000,518,0,5,-105.0,512,4195.0,-685.0,4250.558786794979,19,-69.27395927191688,6,9,3,-0.0808774718789219
3870,334601,415815.0,3388685.0,13,240,6,3,2585.0,9.2,499,0,5,420015,3387995,518,0,5,-101.5,512,4200.0,-690.0,4256.301211145658,19,-69.32953964269811,6,9,3,-0.08076835550646382
3871,334601,415815.0,3388685.0,13,240,6,3,2585.0,9.2,499,0,5,420470,3389380,510,0,6,-100.0,512,4655.0,695.0,4706.596434792344,11,-51.508360566334375,-2,9,3,0.02434701035376699
3872,334601,415815.0,3388685.0,13,240,6,3,2585.0,9.2,499,0,5,420050,3388380,518,0,14,-91.33,512,4235.0,-305.0,4245.968676285778,19,-64.11926644945046,6,9,3,-0.08096490446921954
3873,334601,415815.0,3388685.0,13,240,6,3,2585.0,9.2,499,0,5,420065,3388385,518,0,5,-90.0,512,4250.0,-300.0,4260.575078554537,19,-64.03771062097712,6,9,3,-0.08068733527344739
3874,334601,415815.0,3388685.0,13,240,6,3,2585.0,9.2,499,0,5,420015,3388335,517,0,5,-92.0,512,4200.0,-350.0,4214.5581025773035,18,-64.76364169072619,5,9,3,-0.06797361815651588
3875,334601,415815.0,3388685.0,13,240,6,3,2585.0,9.2,499,0,5,420055,3388375,518,0,14,-92.67,512,4240.0,-310.0,4251.317442864035,19,-64.18163777188556,6,9,3,-0.08086303915207169
3876,334601,415815.0,3388685.0,13,240,6,3,2585.0,9.2,499,0,5,420005,3388325,517,0,6,-85.6,512,4190.0,-360.0,4205.436957083057,18,-64.91072768943229,5,9,3,-0.0681210455662387
3877,334601,415815.0,3388685.0,13,240,6,3,2585.0,9.2,499,0,5,420075,3388395,518,0,14,-96.4,512,4260.0,-290.0,4269.859482465436,19,-63.89440848091965,6,9,3,-0.08051188855745468
3878,334601,415815.0,3388685.0,13,240,6,3,2585.0,9.2,499,0,5,420010,3388340,517,0,6,-87.75,512,4195.0,-345.0,4209.162624560852,18,-64.70146813570335,5,9,3,-0.06806074945800958
3879,334601,415815.0,3388685.0,13,240,6,3,2585.0,9.2,499,0,5,420055,3388365,518,0,14,-89.13,512,4240.0,-320.0,4252.05832509386,19,-64.31602751986563,6,9,3,-0.08084894952661417
3880,334601,415815.0,3388685.0,13,240,6,3,2585.0,9.2,499,0,5,420050,3388370,518,0,14,-91.0,512,4235.0,-315.0,4246.698717827767,19,-64.2538364361192,6,9,3,-0.08095098597182505
3881,334601,415815.0,3388685.0,13,240,6,3,2585.0,9.2,499,0,5,420035,3388345,518,0,14,-89.6,512,4220.0,-340.0,4233.674526932839,19,-64.60629785064185,6,9,3,-0.08120001779469374
3882,334601,415815.0,3388685.0,13,240,6,3,2585.0,9.2,499,0,5,420010,3388330,517,0,6,-90.0,512,4195.0,-355.0,4209.994061753532,18,-64.83710502295818,5,9,3,-0.06804730806488325
3883,334601,415815.0,3388685.0,13,240,6,3,2585.0,9.2,499,0,5,420060,3388400,518,0,5,-96.5,512,4245.0,-285.0,4254.5563811048505,19,-63.840949025336954,6,9,3,-0.08080147925747276
3884,334601,415815.0,3388685.0,13,240,6,3,2585.0,9.2,499,0,5,420065,3388395,518,0,5,-93.5,512,4250.0,-290.0,4259.882627491044,19,-63.90354349909978,6,9,3,-0.08070045111773658
3885,334601,415815.0,3388685.0,13,240,6,3,2585.0,9.2,499,0,5,420020,3388360,517,0,5,-85.5,512,4205.0,-325.0,4217.540752618758,18,-64.41954397183014,5,9,3,-0.06792554717466354
3886,334601,415815.0,3388685.0,13,240,6,3,2585.0,9.2,499,0,5,420070,3388310,518,0,14,-87.33,512,4255.0,-375.0,4271.492713326338,19,-65.03655623951514,6,9,3,-0.0804811043944259
3887,334601,415815.0,3388685.0,13,240,6,3,2585.0,9.2,499,0,5,420050,3388290,518,12,5,-89.25,512,4235.0,-395.0,4253.3810080922685,19,-65.32858225445904,6,9,3,-0.08082380778904386
3888,334601,415815.0,3388685.0,13,240,6,3,2585.0,9.2,499,0,5,420045,3388295,518,12,14,-93.18,512,4230.0,-390.0,4247.940677551889,19,-65.26769712804423,6,9,3,-0.08092731856728695
3889,334601,415815.0,3388685.0,13,240,6,3,2585.0,9.2,499,0,5,420025,3388275,518,0,5,-92.67,512,4210.0,-410.0,4229.917256873945,19,-65.56233339438899,6,9,3,-0.08127214449790293
3890,334601,415815.0,3388685.0,13,240,6,3,2585.0,9.2,499,0,5,420010,3388250,517,0,5,-97.2,512,4195.0,-435.0,4217.493331352167,18,-65.92012023991953,5,9,3,-0.06792631092512137
3891,334601,415815.0,3388685.0,13,240,6,3,2585.0,9.2,499,0,5,420090,3388170,517,0,6,-88.94,512,4275.0,-515.0,4305.9087310346,18,-66.86919647823288,5,9,3,-0.06653154692771443
3892,334601,415815.0,3388685.0,13,240,6,3,2585.0,9.2,499,0,5,420080,3388180,517,0,5,-88.86,512,4265.0,-505.0,4294.793359406247,18,-66.75270244450147,5,9,3,-0.06670373733127367
3893,334601,415815.0,3388685.0,13,240,6,3,2585.0,9.2,499,0,5,420115,3388185,517,21,12,-98.33,512,4300.0,-500.0,4328.972164382672,18,-66.63251461513846,5,9,3,-0.06617708760769306
3894,334601,415815.0,3388685.0,13,240,6,3,2585.0,9.2,499,0,5,420095,3388165,517,0,5,-87.7,512,4280.0,-520.0,4311.4730661341255,18,-66.92721812600917,5,9,3,-0.06644568219332339
3895,334601,415815.0,3388685.0,13,240,6,3,2585.0,9.2,499,0,5,420030,3388270,518,0,5,-88.33,512,4215.0,-415.0,4235.380738493294,19,-65.62309818217398,6,9,3,-0.08116730663311751
3896,334601,415815.0,3388685.0,13,240,6,3,2585.0,9.2,499,0,5,420035,3388265,518,0,14,-85.44,512,4220.0,-420.0,4240.84897160934,19,-65.68370633538447,6,9,3,-0.0810626480696147
3897,334601,415815.0,3388685.0,13,240,6,3,2585.0,9.2,499,0,5,420040,3388300,518,12,14,-91.4,512,4225.0,-385.0,4242.5051561547925,19,-65.2066559198226,6,9,3,-0.08103100296349168
3898,334601,415815.0,3388685.0,13,240,6,3,2585.0,9.2,499,0,5,420085,3388175,517,0,5,-90.38,512,4270.0,-510.0,4300.348823060753,18,-66.81102473864743,5,9,3,-0.06661756528583693
3899,334601,415815.0,3388685.0,13,240,6,3,2585.0,9.2,499,0,5,420005,3388255,517,0,6,-97.2,512,4190.0,-430.0,4212.006647668069,18,-65.85948332317759,5,9,3,-0.06801479365156413
3900,334601,415815.0,3388685.0,13,240,6,3,2585.0,9.2,499,0,5,420000,3388260,517,0,6,-99.0,512,4185.0,-425.0,4206.524693853586,18,-65.79868829382332,5,9,3,-0.0681034306223834
3901,334601,415815.0,3388685.0,13,240,6,3,2585.0,9.2,499,0,5,420075,3388305,518,0,14,-89.25,512,4260.0,-380.0,4276.9147758635545,19,-65.097399737979,6,9,3,-0.08037907453620953
3902,334601,415815.0,3388685.0,13,240,6,3,2585.0,9.2,499,0,5,420100,3388360,518,0,5,-107.33,512,4285.0,-325.0,4297.307296435758,19,-64.3373499122554,6,9,3,-0.07999764270398281
3903,334601,415815.0,3388685.0,13,240,6,3,2585.0,9.2,499,0,5,420090,3388330,518,0,5,-103.5,512,4275.0,-355.0,4289.7144427106105,19,-64.74700367565427,6,9,3,-0.08013923945034383
3904,334601,415815.0,3388685.0,13,240,6,3,2585.0,9.2,499,0,5,420025,3388435,515,0,5,-81.5,512,4210.0,-250.0,4217.416270656716,16,-63.39837142566253,3,9,3,-0.04075654346562499
3905,334601,415815.0,3388685.0,13,240,6,3,2585.0,9.2,499,0,5,420120,3388380,519,0,5,-102.25,512,4305.0,-305.0,4315.790773427276,20,-64.05251150453458,7,9,3,-0.09293084997531438
3906,334601,415815.0,3388685.0,13,240,6,3,2585.0,9.2,499,0,5,420015,3388405,516,0,6,-85.11,512,4200.0,-280.0,4209.3229859444145,17,-63.81407483429035,4,9,3,-0.05444653447414183
3907,334601,415815.0,3388685.0,13,240,6,3,2585.0,9.2,499,0,5,420125,3388375,519,0,14,-113.0,512,4310.0,-310.0,4321.13411039278,20,-64.11395764139627,7,9,3,-0.09281593570420793
3908,334601,415815.0,3388685.0,13,240,6,3,2585.0,9.2,499,0,5,420140,3388400,519,0,14,-97.83,512,4325.0,-285.0,4334.380001799565,20,-63.770109389026715,7,9,3,-0.09253229013929748
3909,334601,415815.0,3388685.0,13,240,6,3,2585.0,9.2,499,0,5,420145,3388395,519,0,14,-105.33,512,4330.0,-290.0,4339.700450491946,20,-63.831639450390355,7,9,3,-0.09241884626149308
3910,334601,415815.0,3388685.0,13,240,6,3,2585.0,9.2,499,0,5,420080,3388340,518,15,14,-94.4,512,4265.0,-345.0,4278.930941251565,19,-64.62464201312176,6,9,3,-0.08034120122211577
3911,334601,415815.0,3388685.0,13,240,6,3,2585.0,9.2,499,0,5,420115,3388345,518,15,5,-116.0,512,4300.0,-340.0,4313.420916163875,19,-64.52095789958142,6,9,3,-0.07969879639317164
3912,334601,415815.0,3388685.0,13,240,6,3,2585.0,9.2,499,0,5,420010,3388410,515,0,6,-89.5,512,4195.0,-275.0,4204.004043765895,16,-63.750614344957285,3,9,3,-0.04088657089121125
3913,334601,415815.0,3388685.0,13,240,6,3,2585.0,9.2,499,0,5,420005,3388415,515,0,6,-95.67,512,4190.0,-270.0,4198.69027197768,16,-63.68699314895983,3,9,3,-0.04093831603527931
3914,334601,415815.0,3388685.0,13,240,6,3,2585.0,9.2,499,0,5,420095,3388325,518,0,5,-98.0,512,4280.0,-360.0,4295.113502574757,19,-64.80795396303046,6,9,3,-0.08003850265077972
3915,334601,415815.0,3388685.0,13,240,6,3,2585.0,9.2,499,0,5,420020,3388440,515,0,5,-90.33,512,4205.0,-245.0,4212.131289501788,16,-63.33450986260783,3,9,3,-0.040807680877199805
3916,334601,415815.0,3388685.0,13,240,6,3,2585.0,9.2,499,0,5,420105,3388355,518,0,5,-105.5,512,4290.0,-330.0,4302.673587433748,19,-64.39870535499554,6,9,3,-0.07989786983850596
3917,334601,415815.0,3388685.0,13,240,6,3,2585.0,9.2,499,0,5,420005,3388610,510,0,6,-89.5,512,4190.0,-75.0,4190.671187292079,11,-61.02547126740069,-2,9,3,0.027344438445459012
3918,334601,415815.0,3388685.0,13,240,6,3,2585.0,9.2,499,0,5,420010,3388615,510,0,6,-113.5,512,4195.0,-70.0,4195.583987956861,11,-60.95597911341673,-2,9,3,0.027312419600074002
3919,334601,415815.0,3388685.0,13,240,6,3,2585.0,9.2,499,0,5,420000,3388605,510,9,6,-87.75,512,4185.0,-80.0,4185.764565763345,11,-61.09512644372484,-2,9,3,0.02737649203754498
3920,334601,415815.0,3388685.0,13,240,6,3,2585.0,9.2,499,0,5,420040,3388565,511,0,5,-92.25,512,4225.0,-120.0,4226.703798469914,12,-61.62689837359278,-1,9,3,0.013555664455307788
3921,334601,415815.0,3388685.0,13,240,6,3,2585.0,9.2,499,0,5,420090,3388145,517,0,6,-97.83,512,4275.0,-540.0,4308.970294629565,18,-67.19923363836764,5,9,3,-0.0664842756853624
3922,334601,415815.0,3388685.0,13,240,6,3,2585.0,9.2,499,0,5,420025,3388060,519,0,5,-101.67,512,4210.0,-625.0,4256.139682858165,20,-68.44423124255567,7,9,3,-0.09423330173539111
3923,334601,415815.0,3388685.0,13,240,6,3,2585.0,9.2,499,0,5,420095,3388150,517,0,5,-102.88,512,4280.0,-535.0,4313.307895339724,18,-67.1250163489018,5,9,3,-0.06641741702607996
3924,334601,415815.0,3388685.0,13,240,6,3,2585.0,9.2,499,0,5,420120,3388115,517,0,5,-99.0,512,4305.0,-570.0,4342.571242938911,18,-67.54233041393093,5,9,3,-0.06596984941491961
3925,334601,415815.0,3388685.0,13,240,6,3,2585.0,9.2,499,0,5,420110,3388125,517,21,5,-99.79,512,4295.0,-560.0,4331.3537144869615,18,-67.42855644181074,5,9,3,-0.06614070085190468
3926,334601,415815.0,3388685.0,13,240,6,3,2585.0,9.2,499,0,5,420005,3388080,519,0,5,-97.63,512,4190.0,-605.0,4233.453082295822,20,-68.2162325741644,7,9,3,-0.09473828651928923
3927,334601,415815.0,3388685.0,13,240,6,3,2585.0,9.2,499,0,5,420000,3388075,518,0,6,-96.89,512,4185.0,-610.0,4229.222741828574,19,-68.29295566108149,6,9,3,-0.08128549083949745
3928,334601,415815.0,3388685.0,13,240,6,3,2585.0,9.2,499,0,5,420080,3388155,517,0,5,-88.58,512,4265.0,-530.0,4297.804672155308,18,-67.08367740981734,5,9,3,-0.06665700053222119
3929,334601,415815.0,3388685.0,13,240,6,3,2585.0,9.2,499,0,5,420100,3388135,517,0,12,-99.63,512,4285.0,-550.0,4320.153353759563,18,-67.31419207961221,5,9,3,-0.06631217602580866
3930,334601,415815.0,3388685.0,13,240,6,3,2585.0,9.2,499,0,5,420115,3388130,517,21,5,-99.0,512,4300.0,-555.0,4335.668921862,18,-67.35449328327957,5,9,3,-0.06607487235068055
3931,334601,415815.0,3388685.0,13,240,6,3,2585.0,9.2,499,0,5,420085,3388160,517,0,5,-90.33,512,4270.0,-525.0,4302.153530500742,18,-67.00938425662125,5,9,3,-0.06658961995413985
3932,334601,415815.0,3388685.0,13,240,6,3,2585.0,9.2,499,0,5,420015,3388070,519,0,7,-93.25,512,4200.0,-615.0,4244.787980570996,20,-68.33053654732726,7,9,3,-0.09448530641853783
3933,334601,415815.0,3388685.0,13,240,6,3,2585.0,9.2,499,0,5,420010,3388065,519,0,7,-94.09,512,4195.0,-620.0,4240.568947676715,20,-68.40716832953473,7,9,3,-0.09457931170342476
3934,334601,415815.0,3388685.0,13,240,6,3,2585.0,9.2,499,0,5,420065,3388020,518,18,2,-104.5,512,4250.0,-665.0,4301.711868547218,19,-68.89299630005428,6,9,3,-0.07991573230654629
3935,334601,415815.0,3388685.0,13,240,6,3,2585.0,9.2,499,0,5,420035,3388050,519,0,14,-106.0,512,4220.0,-635.0,4267.508055059768,20,-68.55732063012567,7,9,3,-0.09398227061607069
3936,334601,415815.0,3388685.0,13,240,6,3,2585.0,9.2,499,0,5,420105,3388140,517,0,12,-100.9,512,4290.0,-545.0,4324.479737494442,18,-67.2400514608143,5,9,3,-0.06624583471277491
3937,334601,415815.0,3388685.0,13,240,6,3,2585.0,9.2,499,0,5,420210,3388135,515,0,12,-109.0,512,4395.0,-550.0,4429.280415598001,16,-67.13303872066581,3,9,3,-0.038807051287495384
3938,334601,415815.0,3388685.0,13,240,6,3,2585.0,9.2,499,0,5,420200,3388125,516,0,5,-109.2,512,4385.0,-560.0,4420.613645185474,17,-67.2777404275352,4,9,3,-0.05184417230254022
3939,334601,415815.0,3388685.0,13,240,6,3,2585.0,9.2,499,0,5,420205,3388130,515,0,5,-104.5,512,4390.0,-555.0,4424.943502464184,16,-67.2053187203067,3,9,3,-0.03884508629489637
3940,334601,415815.0,3388685.0,13,240,6,3,2585.0,9.2,499,0,5,420170,3388095,517,0,5,-106.5,512,4355.0,-590.0,4394.783839963008,18,-67.71525681544497,5,9,3,-0.06518608978111415
3941,334601,415815.0,3388685.0,13,240,6,3,2585.0,9.2,499,0,5,420075,3388190,517,12,5,-93.67,512,4260.0,-495.0,4288.662378877591,18,-66.62788540132345,5,9,3,-0.06679909548920726
3942,334601,415815.0,3388685.0,13,240,6,3,2585.0,9.2,499,0,5,420030,3388225,517,0,5,-94.33,512,4215.0,-460.0,4240.02653293585,18,-66.22827149593155,5,9,3,-0.06756532360056913
3943,334601,415815.0,3388685.0,13,240,6,3,2585.0,9.2,499,0,5,420035,3388230,517,12,5,-98.71,512,4220.0,-455.0,4244.458151519461,18,-66.15385254496417,5,9,3,-0.06749477903260878
3944,334601,415815.0,3388685.0,13,240,6,3,2585.0,9.2,499,0,5,420055,3388170,517,0,5,-100.0,512,4240.0,-515.0,4271.162019872344,18,-66.92535130723667,5,9,3,-0.06707279315766868
3945,334601,415815.0,3388685.0,13,240,6,3,2585.0,9.2,499,0,5,420005,3388220,517,0,6,-90.67,512,4190.0,-465.0,4215.723544066902,18,-66.33268738714298,5,9,3,-0.06795482679136383
3946,334601,415815.0,3388685.0,13,240,6,3,2585.0,9.2,499,0,5,420045,3388180,517,0,5,-89.11,512,4230.0,-505.0,4260.038145369123,18,-66.80805355794865,5,9,3,-0.06724793446483271
3947,334601,415815.0,3388685.0,13,240,6,3,2585.0,9.2,499,0,5,420040,3388175,518,0,14,-89.0,512,4225.0,-510.0,4255.669747525059,19,-66.88287590679144,6,9,3,-0.08078034003854491
3948,334601,415815.0,3388685.0,13,240,6,3,2585.0,9.2,499,0,5,420050,3388165,518,0,5,-93.89,512,4235.0,-520.0,4266.805010777971,19,-67.00009842289202,6,9,3,-0.08056952441365313
3949,334601,415815.0,3388685.0,13,240,6,3,2585.0,9.2,499,0,5,420070,3388185,517,0,5,-92.67,512,4255.0,-500.0,4284.276485008875,18,-66.70202392452819,5,9,3,-0.0668674789090165
3950,334601,415815.0,3388685.0,13,240,6,3,2585.0,9.2,499,0,5,420060,3388195,517,12,14,-92.13,512,4245.0,-490.0,4273.186749956056,18,-66.58450616177112,5,9,3,-0.0670410126186778
3951,334601,415815.0,3388685.0,13,240,6,3,2585.0,9.2,499,0,5,420025,3388240,517,0,5,-83.5,512,4210.0,-445.0,4233.453082295822,18,-66.0338001236392,5,9,3,-0.0676702348629187
3952,334601,415815.0,3388685.0,13,240,6,3,2585.0,9.2,499,0,5,420065,3388200,517,12,5,-89.0,512,4250.0,-485.0,4277.584014370729,18,-66.5102961807851,5,9,3,-0.06697209596164319
3953,334601,415815.0,3388685.0,13,240,6,3,2585.0,9.2,499,0,5,420080,3388295,518,0,14,-90.67,512,4265.0,-390.0,4282.794064626502,19,-65.22470888563296,6,9,3,-0.08026873274442459
3954,334601,415815.0,3388685.0,13,240,6,3,2585.0,9.2,499,0,5,420085,3388300,518,0,5,-96.67,512,4270.0,-385.0,4287.321424852585,19,-65.15208170220623,6,9,3,-0.08018397003193592
3955,334601,415815.0,3388685.0,13,240,6,3,2585.0,9.2,499,0,5,420045,3388000,518,15,6,-106.0,512,4230.0,-685.0,4285.105016216055,19,-69.19854146890023,6,9,3,-0.08022544397733293
3956,334601,415815.0,3388685.0,13,240,6,3,2585.0,9.2,499,0,5,420005,3388385,516,0,6,-92.5,512,4190.0,-300.0,4200.726127706971,17,-64.09533451724823,4,9,3,-0.05455796017567924
3957,334601,415815.0,3388685.0,13,240,6,3,2585.0,9.2,499,0,5,420145,3388405,519,0,14,-96.5,512,4330.0,-280.0,4339.043673437731,20,-63.69988747455761,7,9,3,-0.09243283516708191
3958,334601,415815.0,3388685.0,13,240,6,3,2585.0,9.2,499,0,5,420055,3388355,518,0,14,-94.0,512,4240.0,-330.0,4252.8225921145595,19,-64.45036970484608,6,9,3,-0.0808344203280777
3959,334601,415815.0,3388685.0,13,240,6,3,2585.0,9.2,499,0,5,420070,3388340,518,0,14,-92.5,512,4255.0,-345.0,4268.963574452235,19,-64.63546342690265,6,9,3,-0.08052878519990106
3960,334601,415815.0,3388685.0,13,240,6,3,2585.0,9.2,499,0,5,420045,3388345,518,0,14,-90.4,512,4230.0,-340.0,4243.642303493545,19,-64.59545495409063,6,9,3,-0.08100928952490065
3961,334601,415815.0,3388685.0,13,240,6,3,2585.0,9.2,499,0,5,420050,3388360,518,0,14,-94.5,512,4235.0,-325.0,4247.4521774824025,19,-64.38835942164587,6,9,3,-0.08093662601714238
3962,334601,415815.0,3388685.0,13,240,6,3,2585.0,9.2,499,0,5,420010,3388400,516,0,6,-85.71,512,4195.0,-285.0,4204.670022724732,17,-63.88658962488802,4,9,3,-0.054506785948862324
3963,334601,415815.0,3388685.0,13,240,6,3,2585.0,9.2,499,0,5,420040,3388350,518,0,14,-91.0,512,4225.0,-335.0,4238.260256284411,19,-64.53349430895898,6,9,3,-0.0811121608003952
3964,334601,415815.0,3388685.0,13,240,6,3,2585.0,9.2,499,0,5,420020,3388370,517,0,5,-99.33,512,4205.0,-315.0,4216.78194835825,18,-64.2840722641086,5,9,3,-0.06793777027439166
3965,334601,415815.0,3388685.0,13,240,6,3,2585.0,9.2,499,0,5,420015,3388395,516,0,5,-80.5,512,4200.0,-290.0,4210.0,17,-63.94986802176396,4,9,3,-0.05443777888104646
3966,334601,415815.0,3388685.0,13,240,6,3,2585.0,9.2,499,0,5,420155,3388415,518,0,5,-104.0,512,4340.0,-270.0,4348.390506842733,19,-63.55989605110091,6,9,3,-0.0790578625278145
3967,334601,415815.0,3388685.0,13,240,6,3,2585.0,9.2,499,0,5,420030,3388200,517,0,5,-85.57,512,4215.0,-485.0,4242.811567816794,18,-66.56388574017461,5,9,3,-0.0675209729133689
3968,334601,415815.0,3388685.0,13,240,6,3,2585.0,9.2,499,0,5,420075,3388235,517,18,5,-106.0,512,4260.0,-450.0,4283.701670284709,18,-66.03000880828145,5,9,3,-0.06687645161054788
3969,334601,415815.0,3388685.0,13,240,6,3,2585.0,9.2,499,0,5,420045,3388205,517,0,5,-84.0,512,4230.0,-480.0,4257.146931925183,18,-66.4739559686723,5,9,3,-0.0672936054168977
3970,334601,415815.0,3388685.0,13,240,6,3,2585.0,9.2,499,0,5,420050,3388220,517,0,6,-90.0,512,4235.0,-465.0,4260.451853970421,18,-66.26593598199804,5,9,3,-0.06724140440081258
3971,334601,415815.0,3388685.0,13,240,6,3,2585.0,9.2,499,0,5,420035,3388195,517,0,5,-81.0,512,4220.0,-490.0,4248.352621899458,18,-66.62316834049247,5,9,3,-0.06743290653795066
3972,334601,415815.0,3388685.0,13,240,6,3,2585.0,9.2,499,0,5,420000,3388170,518,0,6,-87.0,512,4185.0,-515.0,4216.568510056489,19,-67.01546432272528,6,9,3,-0.08152943423847944
3973,334601,415815.0,3388685.0,13,240,6,3,2585.0,9.2,499,0,5,420040,3388210,517,12,5,-89.83,512,4225.0,-475.0,4251.617339319238,18,-66.41460180733972,5,9,3,-0.06738112643546001
3974,334601,415815.0,3388685.0,13,240,6,3,2585.0,9.2,499,0,5,420015,3388175,518,0,7,-91.0,512,4200.0,-510.0,4230.850978231211,19,-66.92344891481054,6,9,3,-0.08125420828703128
3975,334601,415815.0,3388685.0,13,240,6,3,2585.0,9.2,499,0,5,420060,3388230,517,0,5,-91.67,512,4245.0,-455.0,4269.314933335324,18,-66.11788642257486,5,9,3,-0.06710181166342842
3976,334601,415815.0,3388685.0,13,240,6,3,2585.0,9.2,499,0,5,420055,3388215,517,0,6,-78.6,512,4240.0,-470.0,4265.969995206248,18,-66.32535980745968,5,9,3,-0.06715442600509924
3977,334601,415815.0,3388685.0,13,240,6,3,2585.0,9.2,499,0,5,420065,3388225,517,18,5,-86.33,512,4250.0,-460.0,4274.821633705902,18,-66.17737803414724,5,9,3,-0.06701537314842317
3978,334601,415815.0,3388685.0,13,240,6,3,2585.0,9.2,499,0,5,420070,3388240,517,18,5,-90.0,512,4255.0,-445.0,4278.206399883016,18,-65.9704512698138,5,9,3,-0.06696235299452113
3979,334601,415815.0,3388685.0,13,240,6,3,2585.0,9.2,499,0,5,420155,3388165,516,21,12,-99.89,512,4340.0,-520.0,4371.0410659246845,17,-66.83236167741697,4,9,3,-0.052432143880736824
3980,334601,415815.0,3388685.0,13,240,6,3,2585.0,9.2,499,0,5,420145,3388175,516,0,12,-97.33,512,4330.0,-510.0,4359.9311921176,17,-66.71751411971863,4,9,3,-0.052565750157952354
3981,334601,415815.0,3388685.0,13,240,6,3,2585.0,9.2,499,0,5,420020,3388300,518,0,5,-94.33,512,4205.0,-385.0,4222.588068945395,19,-65.23128296323091,6,9,3,-0.08141320917425277
3982,334601,415815.0,3388685.0,13,240,6,3,2585.0,9.2,499,0,5,420025,3388295,518,0,5,-91.5,512,4210.0,-390.0,4228.025543915268,19,-65.29258004001198,6,9,3,-0.0813085074197833
3983,334601,415815.0,3388685.0,13,240,6,3,2585.0,9.2,499,0,5,420150,3388170,516,0,12,-99.4,512,4335.0,-515.0,4365.483936518379,17,-66.7750109684541,4,9,3,-0.05249888838142721
3984,334601,415815.0,3388685.0,13,240,6,3,2585.0,9.2,499,0,5,420140,3388180,516,0,5,-105.0,512,4325.0,-505.0,4354.382849497733,17,-66.65987068815883,4,9,3,-0.05263272925420019
3985,334601,415815.0,3388685.0,13,240,6,3,2585.0,9.2,499,0,5,420035,3388285,518,6,14,-89.6,512,4220.0,-400.0,4238.914955504533,19,-65.41470207095566,6,9,3,-0.08109963306675567
3986,334601,415815.0,3388685.0,13,240,6,3,2585.0,9.2,499,0,5,420045,3388275,518,12,14,-88.33,512,4230.0,-410.0,4249.823525747864,19,-65.53619771875756,6,9,3,-0.08089146445421076
3987,334601,415815.0,3388685.0,13,240,6,3,2585.0,9.2,499,0,5,420010,3388310,517,0,6,-89.5,512,4195.0,-375.0,4211.727674007426,18,-65.10821434327019,5,9,3,-0.06801929876671031
3988,334601,415815.0,3388685.0,13,240,6,3,2585.0,9.2,499,0,5,420125,3388195,516,0,5,-96.0,512,4310.0,-490.0,4337.764401163346,17,-66.48605644991017,4,9,3,-0.0528343708640301
3989,334601,415815.0,3388685.0,13,240,6,3,2585.0,9.2,499,0,5,420040,3388280,518,12,14,-88.86,512,4225.0,-405.0,4244.3668550208995,19,-65.47552795971325,6,9,3,-0.08099546053031638
3990,334601,415815.0,3388685.0,13,240,6,3,2585.0,9.2,499,0,5,420065,3388255,517,0,14,-97.0,512,4250.0,-430.0,4271.697554836953,18,-65.7773247396496,5,9,3,-0.0670643843710824
3991,334601,415815.0,3388685.0,13,240,6,3,2585.0,9.2,499,0,5,420135,3388185,516,0,5,-109.0,512,4320.0,-500.0,4348.838925506439,17,-66.60208022964798,4,9,3,-0.05269982571166183
3992,334601,415815.0,3388685.0,13,240,6,3,2585.0,9.2,499,0,5,420030,3388290,518,6,5,-98.6,512,4215.0,-395.0,4233.467845631994,19,-65.35371958665826,6,9,3,-0.08120398203947964
3993,334601,415815.0,3388685.0,13,240,6,3,2585.0,9.2,499,0,5,420130,3388190,516,0,5,-107.88,512,4315.0,-495.0,4343.299437063947,17,-66.54414229898751,4,9,3,-0.05276703956940215
3994,334601,415815.0,3388685.0,13,240,6,3,2585.0,9.2,499,0,5,420015,3388305,518,0,5,-92.75,512,4200.0,-380.0,4217.155439392767,19,-65.16982788755786,6,9,3,-0.08151808726471196
3995,334601,415815.0,3388685.0,13,240,6,3,2585.0,9.2,499,0,5,420055,3388265,518,0,5,-90.0,512,4240.0,-420.0,4260.751107492669,19,-65.65707070606834,6,9,3,-0.08068400175623104
3996,334601,415815.0,3388685.0,13,240,6,3,2585.0,9.2,499,0,5,420070,3388250,517,18,5,-92.25,512,4255.0,-435.0,4277.1778078541465,18,-65.83722080276974,5,9,3,-0.06697845634183966
3997,334601,415815.0,3388685.0,13,240,6,3,2585.0,9.2,499,0,5,420040,3388110,518,15,5,-93.0,512,4225.0,-575.0,4263.94770136783,19,-67.7500364229193,6,9,3,-0.08062351469979494
3998,334601,415815.0,3388685.0,13,240,6,3,2585.0,9.2,499,0,5,420055,3388115,518,0,5,-100.33,512,4240.0,-570.0,4278.142120126446,19,-67.65659429542106,6,9,3,-0.08035601483790193
3999,334601,415815.0,3388685.0,13,240,6,3,2585.0,9.2,499,0,5,420025,3388125,518,0,5,-100.42,512,4210.0,-560.0,4247.081350763133,19,-67.57681365716664,6,9,3,-0.0809436928522424
4000,334601,415815.0,3388685.0,13,240,6,3,2585.0,9.2,499,0,5,420035,3388135,518,0,14,-92.38,512,4220.0,-550.0,4255.690308281372,19,-67.42560351576606,6,9,3,-0.08077994976045484
4001,334601,415815.0,3388685.0,13,240,6,3,2585.0,9.2,499,0,5,420020,3388130,518,0,5,-96.75,512,4205.0,-555.0,4241.467906279618,19,-67.518766786655,6,9,3,-0.08105081904779372
4002,334601,415815.0,3388685.0,13,240,6,3,2585.0,9.2,499,0,5,420030,3388140,518,0,5,-93.27,512,4215.0,-545.0,4250.0882343782,19,-67.36747478867446,6,9,3,-0.0808864262904999
4003,334601,415815.0,3388685.0,13,240,6,3,2585.0,9.2,499,0,5,420100,3388050,519,21,5,-113.0,512,4285.0,-635.0,4331.795239851487,20,-68.42939198335654,7,9,3,-0.09258750362770804
4004,334601,415815.0,3388685.0,13,240,6,3,2585.0,9.2,499,0,5,420000,3388150,518,0,6,-96.33,512,4185.0,-535.0,4219.057951723346,19,-67.28503648417657,6,9,3,-0.08148132812112814
4005,334601,415815.0,3388685.0,13,240,6,3,2585.0,9.2,499,0,5,420080,3388070,519,0,5,-102.5,512,4265.0,-615.0,4309.112437614039,20,-68.20531829980669,7,9,3,-0.09307487553545962
4006,334601,415815.0,3388685.0,13,240,6,3,2585.0,9.2,499,0,5,420065,3388085,518,18,14,-105.0,512,4250.0,-600.0,4292.143986401202,19,-68.0357107105348,6,9,3,-0.08009387714878262
4007,334601,415815.0,3388685.0,13,240,6,3,2585.0,9.2,499,0,5,420015,3388215,517,0,6,-96.33,512,4200.0,-470.0,4226.2158013996395,18,-66.38510611835065,5,9,3,-0.06778611821209368
4008,334601,415815.0,3388685.0,13,240,6,3,2585.0,9.2,499,0,5,420060,3388190,517,12,5,-93.14,512,4245.0,-495.0,4273.762978921503,18,-66.65109602506368,5,9,3,-0.06703197352636463
4009,334601,415815.0,3388685.0,13,240,6,3,2585.0,9.2,499,0,5,420035,3388235,517,12,5,-97.44,512,4220.0,-450.0,4243.925070026567,18,-66.08673822044028,5,9,3,-0.06750325707679733
4010,334601,415815.0,3388685.0,13,240,6,3,2585.0,9.2,499,0,5,420045,3388165,518,0,14,-91.17,512,4230.0,-520.0,4261.842324629103,19,-67.00829053349855,6,9,3,-0.08066334316722301
4011,334601,415815.0,3388685.0,13,240,6,3,2585.0,9.2,499,0,5,420040,3388170,518,0,14,-87.64,512,4225.0,-515.0,4256.271842822072,19,-66.9496983225851,6,9,3,-0.0807689128082869
4012,334601,415815.0,3388685.0,13,240,6,3,2585.0,9.2,499,0,5,420050,3388180,517,0,5,-88.25,512,4235.0,-505.0,4265.00293083135,18,-66.80009102588033,5,9,3,-0.06716965286298496
4013,334601,415815.0,3388685.0,13,240,6,3,2585.0,9.2,499,0,5,420065,3388185,517,0,5,-93.0,512,4250.0,-500.0,4279.310692155923,18,-66.70983680775694,5,9,3,-0.06694507312236456
4014,334601,415815.0,3388685.0,13,240,6,3,2585.0,9.2,499,0,5,420055,3388175,517,0,5,-92.42,512,4240.0,-510.0,4270.5620239027085,18,-66.85875847113365,5,9,3,-0.06708221659387388
4015,334601,415815.0,3388685.0,13,240,6,3,2585.0,9.2,499,0,5,420030,3388240,517,0,5,-93.71,512,4215.0,-445.0,4238.425415174838,18,-66.02669529917179,5,9,3,-0.06759084721575678
4016,334601,415815.0,3388685.0,13,240,6,3,2585.0,9.2,499,0,5,420005,3388205,518,0,6,-93.0,512,4190.0,-480.0,4217.404415040132,19,-66.53522768640255,6,9,3,-0.0815132748281599
4017,334601,415815.0,3388685.0,13,240,6,3,2585.0,9.2,499,0,5,420020,3388230,517,0,5,-95.5,512,4205.0,-455.0,4229.544892775108,18,-66.17563512927308,5,9,3,-0.06773276354228672
4018,334601,415815.0,3388685.0,13,240,6,3,2585.0,9.2,499,0,5,420080,3388290,518,18,14,-91.33,512,4265.0,-395.0,4283.252269012415,19,-65.29131451315061,6,9,3,-0.08026014594286145
4019,334601,415815.0,3388685.0,13,240,6,3,2585.0,9.2,499,0,5,420075,3388195,517,12,5,-93.0,512,4260.0,-490.0,4288.088152078966,18,-66.56152381330435,5,9,3,-0.06680804068684036
4020,334601,415815.0,3388685.0,13,240,6,3,2585.0,9.2,499,0,5,420090,3388300,518,0,5,-100.5,512,4275.0,-385.0,4292.3012475827,19,-65.14608824887125,6,9,3,-0.08009094267596337
4021,334601,415815.0,3388685.0,13,240,6,3,2585.0,9.2,499,0,5,420125,3388140,517,0,12,-98.54,512,4310.0,-545.0,4344.321005634828,18,-67.20680898357992,5,9,3,-0.06594327875417541
4022,334601,415815.0,3388685.0,13,240,6,3,2585.0,9.2,499,0,5,420120,3388135,517,0,12,-97.55,512,4305.0,-550.0,4339.991359438403,18,-67.28057752864154,5,9,3,-0.06600906478688438
4023,334601,415815.0,3388685.0,13,240,6,3,2585.0,9.2,499,0,5,420150,3388145,516,0,5,-97.5,512,4335.0,-540.0,4368.503748424625,17,-67.1006143999883,4,9,3,-0.05246259753937097
4024,334601,415815.0,3388685.0,13,240,6,3,2585.0,9.2,499,0,5,420025,3388040,519,0,5,-111.0,512,4210.0,-645.0,4259.122562218655,20,-68.71036518968782,7,9,3,-0.09416730549781979
4025,334601,415815.0,3388685.0,13,240,6,3,2585.0,9.2,499,0,5,420115,3388110,518,0,12,-101.25,512,4300.0,-575.0,4338.274426543347,19,-67.61646201929346,6,9,3,-0.07924221109324367
4026,334601,415815.0,3388685.0,13,240,6,3,2585.0,9.2,499,0,5,420015,3388010,518,0,6,-106.67,512,4200.0,-675.0,4253.89527374617,19,-69.1301764822787,6,9,3,-0.08081403677904986
4027,334601,415815.0,3388685.0,13,240,6,3,2585.0,9.2,499,0,5,420155,3388150,516,0,5,-102.1,512,4340.0,-535.0,4372.8509007282655,17,-67.0275055432929,4,9,3,-0.0524104432858547
4028,334601,415815.0,3388685.0,13,240,6,3,2585.0,9.2,499,0,5,420040,3388055,519,0,14,-100.5,512,4225.0,-630.0,4271.712185997554,20,-68.48102394559007,7,9,3,-0.09388977537139637
4029,334601,415815.0,3388685.0,13,240,6,3,2585.0,9.2,499,0,5,420105,3388120,518,0,5,-98.25,512,4290.0,-565.0,4327.045758944548,19,-67.5027671973572,6,9,3,-0.07944784407210732
4030,334601,415815.0,3388685.0,13,240,6,3,2585.0,9.2,499,0,5,420035,3388030,519,15,5,-111.67,512,4220.0,-655.0,4270.5298266140235,20,-68.82266539429361,7,9,3,-0.09391577009865987
4031,334601,415815.0,3388685.0,13,240,6,3,2585.0,9.2,499,0,5,420140,3388155,517,0,5,-98.56,512,4325.0,-530.0,4357.352980881857,18,-66.98638464509463,5,9,3,-0.06574605570965666
4032,334601,415815.0,3388685.0,13,240,6,3,2585.0,9.2,499,0,5,420000,3388015,518,0,6,-98.73,512,4185.0,-670.0,4238.292698717256,19,-69.09561644641266,6,9,3,-0.0811115399201255
4033,334601,415815.0,3388685.0,13,240,6,3,2585.0,9.2,499,0,5,420010,3388005,518,0,5,-97.2,512,4195.0,-680.0,4249.755875341547,19,-69.2074297060486,6,9,3,-0.08089275213598036
4034,334601,415815.0,3388685.0,13,240,6,3,2585.0,9.2,499,0,5,420005,3388020,518,0,5,-101.25,512,4190.0,-665.0,4242.443281883684,19,-69.01826382929193,6,9,3,-0.08103218476539849
4035,334601,415815.0,3388685.0,13,240,6,3,2585.0,9.2,499,0,5,420145,3388160,516,21,5,-98.5,512,4330.0,-525.0,4361.711246747083,17,-66.91320297182455,4,9,3,-0.05254429760202782
4036,334601,415815.0,3388685.0,13,240,6,3,2585.0,9.2,499,0,5,420045,3388060,519,0,14,-98.5,512,4230.0,-625.0,4275.923876777976,20,-68.40487742735576,7,9,3,-0.09379729617722822
4037,334601,415815.0,3388685.0,13,240,6,3,2585.0,9.2,499,0,5,420070,3388065,519,0,14,-103.0,512,4255.0,-620.0,4299.933139015071,20,-68.29027760728547,7,9,3,-0.09327356712882297
4038,334601,415815.0,3388685.0,13,240,6,3,2585.0,9.2,499,0,5,420060,3388075,519,18,14,-92.0,512,4245.0,-610.0,4288.60408524732,20,-68.17733711634307,7,9,3,-0.09351996417591653
4039,334601,415815.0,3388685.0,13,240,6,3,2585.0,9.2,499,0,5,420000,3387900,517,0,5,-95.0,512,4185.0,-785.0,4257.986613412494,18,-70.62378827618497,5,9,3,-0.06728033502695407
4040,334601,415815.0,3388685.0,13,240,6,3,2585.0,9.2,499,0,5,420020,3388475,513,0,5,-90.75,512,4205.0,-210.0,4210.240491943423,14,-62.85900730300381,1,9,3,-0.013608671178118061
4041,334601,415815.0,3388685.0,13,240,6,3,2585.0,9.2,499,0,5,420110,3388385,519,0,5,-106.0,512,4295.0,-300.0,4305.464551009565,20,-63.99554405831785,7,9,3,-0.09315373485240067
4042,334601,415815.0,3388685.0,13,240,6,3,2585.0,9.2,499,0,5,420085,3388380,518,0,5,-102.67,512,4270.0,-305.0,4280.878998523551,19,-64.08561677997488,6,9,3,-0.08030464119406527
4043,334601,415815.0,3388685.0,13,240,6,3,2585.0,9.2,499,0,5,420000,3388455,513,0,6,-92.0,512,4185.0,-230.0,4191.315425973092,14,-63.14570743890525,1,9,3,-0.013670118471840378
4044,334601,415815.0,3388685.0,13,240,6,3,2585.0,9.2,499,0,5,420090,3388365,518,0,14,-99.0,512,4275.0,-320.0,4286.95987851531,19,-64.28082351678287,6,9,3,-0.08019073244251074
4045,334601,415815.0,3388685.0,13,240,6,3,2585.0,9.2,499,0,5,420080,3388375,518,0,5,-91.5,512,4265.0,-310.0,4276.251278865638,19,-64.15721260181525,6,9,3,-0.08039154602143872
4046,334601,415815.0,3388685.0,13,240,6,3,2585.0,9.2,499,0,5,420025,3388480,513,0,5,-86.8,512,4210.0,-205.0,4214.988137587104,14,-62.787735097822036,1,9,3,-0.013593342749211436
4047,334601,415815.0,3388685.0,13,240,6,3,2585.0,9.2,499,0,5,420070,3388425,517,0,5,-94.5,512,4255.0,-260.0,4262.936194690228,18,-63.49668708866923,5,9,3,-0.06720221769987945
4048,334601,415815.0,3388685.0,13,240,6,3,2585.0,9.2,499,0,5,420015,3388450,514,0,6,-83.0,512,4200.0,-235.0,4206.569267229532,15,-63.202496082753754,2,9,3,-0.027241094372178146
4049,334601,415815.0,3388685.0,13,240,6,3,2585.0,9.2,499,0,5,420115,3388390,519,0,5,-102.2,512,4300.0,-295.0,4310.107307248858,20,-63.924607491969795,7,9,3,-0.09305339180013977
4050,334601,415815.0,3388685.0,13,240,6,3,2585.0,9.2,499,0,5,420095,3388370,518,0,14,-100.75,512,4280.0,-315.0,4291.576050823287,19,-64.20927312216884,6,9,3,-0.08010447654224452
4051,334601,415815.0,3388685.0,13,240,6,3,2585.0,9.2,499,0,5,420125,3388340,518,15,5,-113.86,512,4310.0,-345.0,4323.785956774456,19,-64.57656307931586,6,9,3,-0.07950774156119614
4052,334601,415815.0,3388685.0,13,240,6,3,2585.0,9.2,499,0,5,420010,3388445,514,0,6,-90.5,512,4195.0,-240.0,4201.859707320082,15,-63.27437752499105,2,9,3,-0.027271626935260855
4053,334601,415815.0,3388685.0,13,240,6,3,2585.0,9.2,499,0,5,420100,3388395,518,0,14,-99.75,512,4285.0,-290.0,4294.802090900115,19,-63.87175661869611,6,9,3,-0.08004430615259171
4054,334601,415815.0,3388685.0,13,240,6,3,2585.0,9.2,499,0,5,420065,3388440,516,0,5,-100.0,512,4250.0,-245.0,4257.055907549254,17,-63.2992816989925,4,9,3,-0.053836044342039764
4055,334601,415815.0,3388685.0,13,240,6,3,2585.0,9.2,499,0,5,420020,3387980,517,0,14,-102.5,512,4205.0,-705.0,4263.689716665602,18,-69.51755236203252,5,9,3,-0.06719034106138881
4056,334601,415815.0,3388685.0,13,240,6,3,2585.0,9.2,499,0,5,420000,3388000,518,0,6,-97.75,512,4185.0,-685.0,4240.6898023788535,19,-69.2957328940353,6,9,3,-0.08106569065530163
4057,334601,415815.0,3388685.0,13,240,6,3,2585.0,9.2,499,0,5,420005,3387995,518,0,5,-100.3,512,4190.0,-690.0,4246.433797906191,19,-69.3514129785452,6,9,3,-0.08095603620958543
4058,334601,415815.0,3388685.0,13,240,6,3,2585.0,9.2,499,0,5,420010,3387990,518,0,5,-102.67,512,4195.0,-695.0,4252.181792915256,19,-69.40694258143509,6,9,3,-0.08084660197166564
4059,334601,415815.0,3388685.0,13,240,6,3,2585.0,9.2,499,0,5,420025,3387975,517,0,14,-106.0,512,4210.0,-710.0,4269.449613240564,18,-69.57263354556716,5,9,3,-0.06709969493687307
4060,334601,415815.0,3388685.0,13,240,6,3,2585.0,9.2,499,0,5,420050,3387950,517,0,5,-99.5,512,4235.0,-735.0,4298.307806567604,18,-69.84582236785258,5,9,3,-0.06664919806621791
4061,334601,415815.0,3388685.0,13,240,6,3,2585.0,9.2,499,0,5,420010,3388430,515,0,6,-89.0,512,4195.0,-255.0,4202.743151799786,16,-63.478538334251766,3,9,3,-0.04089883752978199
4062,334601,415815.0,3388685.0,13,240,6,3,2585.0,9.2,499,0,5,420020,3388420,515,0,5,-93.0,512,4205.0,-265.0,4213.341903999722,16,-63.60602350229732,3,9,3,-0.04079595565894718
4063,334601,415815.0,3388685.0,13,240,6,3,2585.0,9.2,499,0,5,420125,3388395,519,0,14,-97.6,512,4310.0,-290.0,4319.745362865732,20,-63.849366347851856,7,9,3,-0.09284577488794203
4064,334601,415815.0,3388685.0,13,240,6,3,2585.0,9.2,499,0,5,420015,3388425,515,0,6,-88.2,512,4200.0,-260.0,4208.039923764983,16,-63.54236119219371,3,9,3,-0.040847357090786095
4065,334601,415815.0,3388685.0,13,240,6,3,2585.0,9.2,499,0,5,420070,3388450,516,0,5,-95.5,512,4255.0,-235.0,4261.484483134956,17,-63.16118521993235,4,9,3,-0.053780097440804454
4066,334601,415815.0,3388685.0,13,240,6,3,2585.0,9.2,499,0,5,420035,3388405,517,0,5,-91.5,512,4220.0,-280.0,4229.27889834662,18,-63.79605162648184,5,9,3,-0.06773702349330304
