,Cell Index,Cell X,Cell Y,Height,Azimuth,Electrical Downtilt,Mechanical Downtilt,Frequency Band,RS Power,Cell Altitude,Cell Building Height,Cell Clutter Index,X,Y,Altitude,Building Height,Clutter Index,RSRP,Station Absolute Height,X Distance,Y Distance,Distance To Station,Altitude Delta,Azimuth To Station,Height Delta,Station Total Downtilt,Station Downtilt Delta,Vertical Degree
0,234901,411045.0,3397035.0,22,270,6,5,2585.0,9.2,502,0,5,410940,3396970,503,0,5,-88.5,524,-105.0,-65.0,123.4908903522847,1,-238.2405199151872,-21,11,1,9.65099830531909
1,234901,411045.0,3397035.0,22,270,6,5,2585.0,9.2,502,0,5,410935,3396995,503,0,5,-83.33,524,-110.0,-40.0,117.04699910719626,1,-250.01689347810003,-21,11,1,10.17151028667984
2,234901,411045.0,3397035.0,22,270,6,5,2585.0,9.2,502,0,5,410955,3396975,502,0,5,-82.0,524,-90.0,-60.0,108.16653826391968,0,-236.30993247402023,-22,11,1,11.496576301597276
3,234901,411045.0,3397035.0,22,270,6,5,2585.0,9.2,502,0,5,411205,3396705,503,0,14,-114.0,524,160.0,-330.0,366.742416417845,1,-154.13364320590549,-21,11,1,3.277229093191041
4,234901,411045.0,3397035.0,22,270,6,5,2585.0,9.2,502,0,5,410920,3396990,503,0,5,-85.27,524,-125.0,-45.0,132.85330255586422,1,-250.20112364547506,-21,11,1,8.982372791747844
5,234901,411045.0,3397035.0,22,270,6,5,2585.0,9.2,502,0,5,410880,3397030,504,0,14,-86.0,524,-165.0,-5.0,165.07574019219177,2,-268.26429541107166,-20,11,1,6.908086752639787
6,234901,411045.0,3397035.0,22,270,6,5,2585.0,9.2,502,0,5,410885,3397025,504,0,14,-84.23,524,-160.0,-10.0,160.31219541881399,2,-266.4236656250026,-20,11,1,7.111283133545299
7,234901,411045.0,3397035.0,22,270,6,5,2585.0,9.2,502,0,5,410910,3397020,504,0,5,-83.38,524,-135.0,-15.0,135.83077707206124,2,-263.6598082540901,-20,11,1,8.376160872953903
8,234901,411045.0,3397035.0,22,270,6,5,2585.0,9.2,502,0,5,410890,3397040,505,0,5,-83.25,524,-155.0,5.0,155.08062419270823,3,88.1523897340054,-19,11,1,6.9848924143704565
9,234901,411045.0,3397035.0,22,270,6,5,2585.0,9.2,502,0,5,410895,3397035,504,0,14,-86.78,524,-150.0,0.0,150.0,2,90.0,-20,11,1,7.594643368591445
10,234901,411045.0,3397035.0,22,270,6,5,2585.0,9.2,502,0,5,410925,3396985,503,0,5,-80.71,524,-120.0,-50.0,130.0,1,-247.38013505195957,-21,11,1,9.176203340376144
11,234901,411045.0,3397035.0,22,270,6,5,2585.0,9.2,502,0,5,410900,3397010,504,12,5,-84.19,524,-145.0,-25.0,147.13938969562162,2,-260.2175929681927,-20,11,1,7.740521354298703
12,234901,411045.0,3397035.0,22,270,6,5,2585.0,9.2,502,0,5,410905,3397005,504,12,5,-84.13,524,-140.0,-30.0,143.17821063276352,2,-257.9052429229879,-20,11,1,7.951967926347943
13,234901,411045.0,3397035.0,22,270,6,5,2585.0,9.2,502,0,5,411230,3396700,503,0,14,-113.0,524,185.0,-335.0,382.6878623630491,1,-151.09081634885217,-21,11,1,3.1409562081760956
14,234901,411045.0,3397035.0,22,270,6,5,2585.0,9.2,502,0,5,410930,3397000,504,12,14,-84.93,524,-115.0,-35.0,120.20815280171308,2,-253.07248693585296,-20,11,1,9.44623277241495
15,234901,411045.0,3397035.0,22,270,6,5,2585.0,9.2,502,0,5,410915,3397015,504,0,5,-85.19,524,-130.0,-20.0,131.52946437965906,2,-261.25383773744477,-20,11,1,8.646004980314505
16,234901,411045.0,3397035.0,22,270,6,5,2585.0,9.2,502,0,5,410890,3396920,502,0,5,-92.0,524,-155.0,-115.0,193.00259065618783,0,-233.4269690214807,-22,11,1,6.502969402667314
17,234901,411045.0,3397035.0,22,270,6,5,2585.0,9.2,502,0,5,410930,3396960,503,6,5,-75.5,524,-115.0,-75.0,137.2953021774598,1,-236.88865803962798,-21,11,1,8.696275602067391
18,234901,411045.0,3397035.0,22,270,6,5,2585.0,9.2,502,0,5,410920,3396950,503,0,5,-82.0,524,-125.0,-85.0,151.16216457830973,1,-235.7842978675626,-21,11,1,7.909116798253373
19,234901,411045.0,3397035.0,22,270,6,5,2585.0,9.2,502,0,5,410995,3396815,502,0,5,-89.0,524,-50.0,-220.0,225.61028345356956,0,-192.80426606528675,-22,11,1,5.569491116534267
20,234901,411045.0,3397035.0,22,270,6,5,2585.0,9.2,502,0,5,410895,3396915,502,12,5,-94.5,524,-150.0,-120.0,192.09372712298546,0,-231.34019174590992,-22,11,1,6.533471851377668
21,234901,411045.0,3397035.0,22,270,6,5,2585.0,9.2,502,0,5,411050,3397080,503,9,6,-93.0,524,5.0,45.0,45.27692569068709,1,-6.3401917459099195,-21,11,1,24.882455437745982
22,234901,411045.0,3397035.0,22,270,6,5,2585.0,9.2,502,0,5,410925,3396945,503,0,5,-80.75,524,-120.0,-90.0,150.0,1,-233.13010235415598,-21,11,1,7.96961039432136
23,234901,411045.0,3397035.0,22,270,6,5,2585.0,9.2,502,0,5,410895,3396950,503,0,5,-85.0,524,-150.0,-85.0,172.40939649566667,1,-240.46121774044192,-21,11,1,6.944595400637274
24,234901,411045.0,3397035.0,22,270,6,5,2585.0,9.2,502,0,5,410930,3396905,502,0,5,-83.5,524,-115.0,-130.0,173.5655495770978,0,-221.49646835521557,-22,11,1,7.223904107598569
25,234901,411045.0,3397035.0,22,270,6,5,2585.0,9.2,502,0,5,411035,3396810,502,6,5,-103.5,524,-10.0,-225.0,225.22211259110415,0,-182.54480437981312,-22,11,1,5.579029639852209
26,234901,411045.0,3397035.0,22,270,6,5,2585.0,9.2,502,0,5,410900,3396935,503,0,14,-92.0,524,-145.0,-100.0,176.13914953808538,1,-235.40771131249005,-21,11,1,6.798934550843904
27,234901,411045.0,3397035.0,22,270,6,5,2585.0,9.2,502,0,5,410890,3396945,503,12,5,-88.5,524,-155.0,-90.0,179.2344832893492,1,-239.85861444792468,-21,11,1,6.682589817004163
28,234901,411045.0,3397035.0,22,270,6,5,2585.0,9.2,502,0,5,410925,3396920,502,0,5,-86.67,524,-120.0,-115.0,166.20770138594662,0,-226.21887523513132,-22,11,1,7.540096249349609
29,234901,411045.0,3397035.0,22,270,6,5,2585.0,9.2,502,0,5,411070,3397085,502,9,6,-95.5,524,25.0,50.0,55.90169943749474,0,-26.565051177077976,-22,11,1,21.4820173376628
30,234901,411045.0,3397035.0,22,270,6,5,2585.0,9.2,502,0,5,410920,3396915,502,0,5,-84.33,524,-125.0,-120.0,173.27723451163456,0,-226.16913932790743,-22,11,1,7.235796633215612
31,234901,411045.0,3397035.0,22,270,6,5,2585.0,9.2,502,0,5,410880,3396955,503,0,5,-84.2,524,-165.0,-80.0,183.3712082089225,1,-244.13364320590549,-21,11,1,6.533153456544388
32,234901,411045.0,3397035.0,22,270,6,5,2585.0,9.2,502,0,5,411125,3397040,502,0,6,-89.5,524,80.0,5.0,80.15609770940699,0,-86.42366562500266,-22,11,1,15.347720456390956
33,234901,411045.0,3397035.0,22,270,6,5,2585.0,9.2,502,0,5,411080,3397075,502,9,5,-105.5,524,35.0,40.0,53.150729063673246,0,-41.18592516570965,-22,11,1,22.485504001487435
34,234901,411045.0,3397035.0,22,270,6,5,2585.0,9.2,502,0,5,410885,3396960,503,0,5,-85.6,524,-160.0,-75.0,176.70597047072292,1,-244.88516511385544,-21,11,1,6.777328746203786
35,234901,411045.0,3397035.0,22,270,6,5,2585.0,9.2,502,0,5,411030,3396805,502,6,14,-107.0,524,-15.0,-230.0,230.4886114323222,0,-183.73139699916044,-22,11,1,5.452329918567317
36,234901,411045.0,3397035.0,22,270,6,5,2585.0,9.2,502,0,5,410850,3397220,507,9,7,-90.0,524,-195.0,185.0,268.79360111431225,5,46.50743575877493,-17,11,1,3.6188832299832416
37,234901,411045.0,3397035.0,22,270,6,5,2585.0,9.2,502,0,5,410870,3397240,508,0,14,-93.67,524,-175.0,205.0,269.5366394388711,6,40.48601154199872,-16,11,1,3.3971558305762835
38,234901,411045.0,3397035.0,22,270,6,5,2585.0,9.2,502,0,5,410865,3397225,507,0,7,-94.4,524,-180.0,190.0,261.72504656604804,5,43.451842301022054,-17,11,1,3.7163501173369404
39,234901,411045.0,3397035.0,22,270,6,5,2585.0,9.2,502,0,5,410840,3397210,506,0,5,-92.0,524,-205.0,175.0,269.5366394388711,4,49.51398845800128,-18,11,1,3.820612209378144
40,234901,411045.0,3397035.0,22,270,6,5,2585.0,9.2,502,0,5,410835,3397275,507,0,14,-96.0,524,-210.0,240.0,318.90437438203946,5,41.18592516570965,-17,11,1,3.051407477028488
41,234901,411045.0,3397035.0,22,270,6,5,2585.0,9.2,502,0,5,410830,3397280,507,0,14,-97.8,524,-215.0,245.0,325.96012026013244,5,41.26860300083956,-17,11,1,2.985477396601286
42,234901,411045.0,3397035.0,22,270,6,5,2585.0,9.2,502,0,5,410845,3397205,506,0,5,-89.0,524,-200.0,170.0,262.48809496813374,4,49.635463426902675,-18,11,1,3.9228902479475884
43,234901,411045.0,3397035.0,22,270,6,5,2585.0,9.2,502,0,5,410860,3397230,507,0,7,-98.25,524,-185.0,195.0,268.79360111431225,5,43.49256424122501,-17,11,1,3.6188832299832416
44,234901,411045.0,3397035.0,22,270,6,5,2585.0,9.2,502,0,5,410855,3397215,506,9,7,-86.75,524,-190.0,180.0,261.72504656604804,4,46.548157698978,-18,11,1,3.934291404977045
45,234901,411045.0,3397035.0,22,270,6,5,2585.0,9.2,502,0,5,410790,3397310,506,0,14,-101.33,524,-255.0,275.0,375.0333318519835,4,42.83892051177361,-18,11,1,2.747844312472237
46,234901,411045.0,3397035.0,22,270,6,5,2585.0,9.2,502,0,5,410775,3397285,506,0,14,-98.67,524,-270.0,250.0,367.96738985948195,4,47.20259816176582,-18,11,1,2.8005269403438167
47,234901,411045.0,3397035.0,22,270,6,5,2585.0,9.2,502,0,5,410865,3397075,505,0,6,-85.67,524,-180.0,40.0,184.39088914585776,3,77.47119229084848,-19,11,1,5.883106892230795
48,234901,411045.0,3397035.0,22,270,6,5,2585.0,9.2,502,0,5,410860,3397080,505,0,6,-92.0,524,-185.0,45.0,190.3943276465977,3,76.3286928678042,-19,11,1,5.698843799983976
49,234901,411045.0,3397035.0,22,270,6,5,2585.0,9.2,502,0,5,410840,3397060,505,0,5,-90.0,524,-205.0,25.0,206.51876428063383,3,83.0470425318261,-19,11,1,5.256490234606749
50,234901,411045.0,3397035.0,22,270,6,5,2585.0,9.2,502,0,5,410745,3397035,506,12,14,-94.5,524,-300.0,0.0,300.0,4,90.0,-18,11,1,3.4336303624505224
51,234901,411045.0,3397035.0,22,270,6,5,2585.0,9.2,502,0,5,410730,3397010,506,12,14,-99.0,524,-315.0,-25.0,315.9905061864992,4,-265.46222749209335,-18,11,1,3.260258376857037
52,234901,411045.0,3397035.0,22,270,6,5,2585.0,9.2,502,0,5,410735,3397005,506,12,14,-105.67,524,-310.0,-30.0,311.44823004794875,4,-264.4724598483439,-18,11,1,3.3077023702767496
53,234901,411045.0,3397035.0,22,270,6,5,2585.0,9.2,502,0,5,410785,3396995,505,69,5,-97.33,524,-260.0,-40.0,263.0589287593181,3,-261.25383773744477,-19,11,1,4.131137822639761
54,234901,411045.0,3397035.0,22,270,6,5,2585.0,9.2,502,0,5,410780,3397000,505,0,10,-100.25,524,-265.0,-35.0,267.30132809247317,3,-262.4761795613614,-19,11,1,4.065793256657639
55,234901,411045.0,3397035.0,22,270,6,5,2585.0,9.2,502,0,5,410760,3396980,505,0,6,-92.39,524,-285.0,-55.0,290.25850547399983,3,-259.0771952801307,-19,11,1,3.7451751179547665
56,234901,411045.0,3397035.0,22,270,6,5,2585.0,9.2,502,0,5,410845,3397055,505,0,5,-91.0,524,-200.0,20.0,200.9975124224178,3,84.28940686250036,-19,11,1,5.4000398592078644
57,234901,411045.0,3397035.0,22,270,6,5,2585.0,9.2,502,0,5,410720,3397020,506,0,5,-89.42,524,-325.0,-15.0,325.3459696999488,4,-267.3574547059353,-18,11,1,3.166701860462298
58,234901,411045.0,3397035.0,22,270,6,5,2585.0,9.2,502,0,5,410750,3397030,506,0,14,-96.0,524,-295.0,-5.0,295.0423698386386,4,-269.0289780689209,-18,11,1,3.4911845126313255
59,234901,411045.0,3397035.0,22,270,6,5,2585.0,9.2,502,0,5,410755,3397025,506,0,6,-93.7,524,-290.0,-10.0,290.17236257093816,4,-268.02506598911805,-18,11,1,3.5496290186616695
60,234901,411045.0,3397035.0,22,270,6,5,2585.0,9.2,502,0,5,410725,3397015,506,0,5,-92.6,524,-320.0,-20.0,320.62439083762797,4,-266.4236656250026,-18,11,1,3.2132383338279418
61,234901,411045.0,3397035.0,22,270,6,5,2585.0,9.2,502,0,5,410850,3397050,505,0,5,-89.14,524,-195.0,15.0,195.57607215607945,3,85.60129464500449,-19,11,1,5.548809206807626
62,234901,411045.0,3397035.0,22,270,6,5,2585.0,9.2,502,0,5,410855,3397045,505,5,5,-88.71,524,-190.0,10.0,190.26297590440447,3,86.98721249581666,-19,11,1,5.702752184126061
63,234901,411045.0,3397035.0,22,270,6,5,2585.0,9.2,502,0,5,410875,3397065,505,5,14,-87.84,524,-170.0,30.0,172.6267650163207,3,79.99202019855869,-19,11,1,6.2809240915262725
64,234901,411045.0,3397035.0,22,270,6,5,2585.0,9.2,502,0,5,410870,3397070,505,5,5,-90.44,524,-175.0,35.0,178.46568297574746,3,78.69006752597977,-19,11,1,6.076992479950243
65,234901,411045.0,3397035.0,22,270,6,5,2585.0,9.2,502,0,5,410855,3397295,507,0,14,-99.21,524,-190.0,260.0,322.02484376209236,5,36.158185439808335,-17,11,1,3.0218939488123477
66,234901,411045.0,3397035.0,22,270,6,5,2585.0,9.2,502,0,5,410875,3397315,507,0,5,-96.5,524,-170.0,280.0,327.566787083184,5,31.26373169437744,-17,11,1,2.970860366517891
67,234901,411045.0,3397035.0,22,270,6,5,2585.0,9.2,502,0,5,410850,3397300,507,0,14,-100.38,524,-195.0,265.0,329.013677527242,5,36.34745820888526,-17,11,1,2.9578187819333217
68,234901,411045.0,3397035.0,22,270,6,5,2585.0,9.2,502,0,5,410865,3397305,507,0,5,-100.0,524,-180.0,270.0,324.49961479175903,5,33.69006752597977,-17,11,1,2.9988899387172974
69,234901,411045.0,3397035.0,22,270,6,5,2585.0,9.2,502,0,5,410845,3397285,507,0,5,-97.0,524,-200.0,250.0,320.1562118716424,5,38.65980825409008,-17,11,1,3.0394986353068627
70,234901,411045.0,3397035.0,22,270,6,5,2585.0,9.2,502,0,5,410840,3397290,507,0,5,-95.4,524,-205.0,255.0,327.1849629796577,5,38.79655209830821,-17,11,1,2.97432113213096
71,234901,411045.0,3397035.0,22,270,6,5,2585.0,9.2,502,0,5,410870,3397320,507,0,5,-105.5,524,-175.0,285.0,334.43983016381287,5,31.551384948313512,-17,11,1,2.9099125113501345
72,234901,411045.0,3397035.0,22,270,6,5,2585.0,9.2,502,0,5,410860,3397310,507,0,5,-102.25,524,-185.0,275.0,331.436268383531,5,33.92979742206063,-17,11,1,2.9362369570028024
73,234901,411045.0,3397035.0,22,270,6,5,2585.0,9.2,502,0,5,410970,3397330,505,15,5,-100.67,524,-75.0,295.0,304.38462510448846,3,14.264512298079921,-19,11,1,3.571826970417956
74,234901,411045.0,3397035.0,22,270,6,5,2585.0,9.2,502,0,5,411130,3397170,503,0,5,-107.71,524,85.0,135.0,159.53056133543816,1,-32.195733934713246,-21,11,1,7.499083226184342
75,234901,411045.0,3397035.0,22,270,6,5,2585.0,9.2,502,0,5,411125,3397175,503,0,6,-106.75,524,80.0,140.0,161.24515496597098,1,-29.744881296942225,-21,11,1,7.420235364524535
76,234901,411045.0,3397035.0,22,270,6,5,2585.0,9.2,502,0,5,411035,3397305,504,0,7,-103.0,524,-10.0,270.0,270.1851217221259,2,2.1210963966614713,-20,11,1,4.233502721119429
77,234901,411045.0,3397035.0,22,270,6,5,2585.0,9.2,502,0,5,411010,3397290,504,0,14,-104.14,524,-35.0,255.0,257.390753524675,2,7.815293546766895,-20,11,1,4.44311867549612
78,234901,411045.0,3397035.0,22,270,6,5,2585.0,9.2,502,0,5,411030,3397310,504,0,7,-104.67,524,-15.0,275.0,275.40878707840824,2,3.122130462115706,-20,11,1,4.153489793321802
79,234901,411045.0,3397035.0,22,270,6,5,2585.0,9.2,502,0,5,411060,3397280,504,0,5,-104.8,524,15.0,245.0,245.45875417267155,2,-3.5035316447844593,-20,11,1,4.658174589183186
80,234901,411045.0,3397035.0,22,270,6,5,2585.0,9.2,502,0,5,411005,3397295,504,0,5,-104.0,524,-40.0,260.0,263.0589287593181,2,8.74616226255523,-20,11,1,4.347753151335396
81,234901,411045.0,3397035.0,22,270,6,5,2585.0,9.2,502,0,5,411070,3397270,505,0,5,-104.0,524,25.0,235.0,236.32604596192948,3,-6.07245640720771,-19,11,1,4.5965451746120705
82,234901,411045.0,3397035.0,22,270,6,5,2585.0,9.2,502,0,5,411135,3397165,503,0,5,-104.5,524,90.0,130.0,158.11388300841898,1,-34.695153531233956,-21,11,1,7.565499081965512
83,234901,411045.0,3397035.0,22,270,6,5,2585.0,9.2,502,0,5,411000,3397300,505,0,5,-103.29,524,-45.0,265.0,268.79360111431225,3,9.63753811293094,-19,11,1,4.043296089461982
84,234901,411045.0,3397035.0,22,270,6,5,2585.0,9.2,502,0,5,411065,3397275,505,0,5,-103.71,524,20.0,240.0,240.8318915758459,3,-4.7636416907261605,-19,11,1,4.51090438080893
85,234901,411045.0,3397035.0,22,270,6,5,2585.0,9.2,502,0,5,411015,3397285,504,0,14,-108.33,524,-30.0,250.0,251.79356624028344,2,6.842773412630947,-20,11,1,4.541477258614925
86,234901,411045.0,3397035.0,22,270,6,5,2585.0,9.2,502,0,5,411045,3397255,504,0,7,-99.67,524,0.0,220.0,220.0,2,0.0,-20,11,1,5.194428907734806
87,234901,411045.0,3397035.0,22,270,6,5,2585.0,9.2,502,0,5,411115,3397225,505,0,7,-104.5,524,70.0,190.0,202.48456731316588,3,-20.224859431168085,-19,11,1,5.360613621403507
88,234901,411045.0,3397035.0,22,270,6,5,2585.0,9.2,502,0,5,410975,3397325,505,15,7,-100.33,524,-70.0,290.0,298.328677803526,3,13.57043438516149,-19,11,1,3.6441401185810536
89,234901,411045.0,3397035.0,22,270,6,5,2585.0,9.2,502,0,5,411100,3396770,504,6,5,-102.83,524,55.0,-265.0,270.64737205448716,2,-168.27488798483495,-20,11,1,4.226298360298457
90,234901,411045.0,3397035.0,22,270,6,5,2585.0,9.2,502,0,5,411085,3396785,504,6,14,-103.5,524,40.0,-250.0,253.17977802344325,2,-170.9097230791777,-20,11,1,4.51671489873507
91,234901,411045.0,3397035.0,22,270,6,5,2585.0,9.2,502,0,5,411185,3396685,504,6,14,-110.5,524,140.0,-350.0,376.9615364994153,2,-158.19859051364818,-20,11,1,3.0370265183044025
92,234901,411045.0,3397035.0,22,270,6,5,2585.0,9.2,502,0,5,411095,3396795,503,0,14,-119.0,524,50.0,-240.0,245.15301344262525,1,-168.23171106797935,-21,11,1,4.896049529835529
93,234901,411045.0,3397035.0,22,270,6,5,2585.0,9.2,502,0,5,411170,3396720,504,6,5,-113.5,524,125.0,-315.0,338.89526405661087,2,-158.355564859286,-20,11,1,3.377409340673938
94,234901,411045.0,3397035.0,22,270,6,5,2585.0,9.2,502,0,5,411175,3396715,504,0,5,-106.5,524,130.0,-320.0,345.3983207834109,2,-157.89055165624833,-20,11,1,3.313963564171249
95,234901,411045.0,3397035.0,22,270,6,5,2585.0,9.2,502,0,5,411180,3396690,504,6,5,-110.0,524,135.0,-345.0,370.4726710568541,2,-158.6293777306568,-20,11,1,3.0901181311310695
96,234901,411045.0,3397035.0,22,270,6,5,2585.0,9.2,502,0,5,411165,3396705,504,0,5,-113.0,524,120.0,-330.0,351.14099732158877,2,-160.01689347810003,-20,11,1,3.259883758487909
97,234901,411045.0,3397035.0,22,270,6,5,2585.0,9.2,502,0,5,411105,3396765,504,6,6,-112.0,524,60.0,-270.0,276.5863337187866,2,-167.47119229084848,-20,11,1,4.135868099189435
98,234901,411045.0,3397035.0,22,270,6,5,2585.0,9.2,502,0,5,411040,3396750,507,6,14,-99.0,524,-5.0,-285.0,285.0438562747845,5,-181.00508600525419,-17,11,1,3.4130743070907017
99,234901,411045.0,3397035.0,22,270,6,5,2585.0,9.2,502,0,5,411080,3396790,503,6,6,-105.67,524,35.0,-245.0,247.48737341529164,1,-171.86989764584405,-21,11,1,4.850090156191999
100,234901,411045.0,3397035.0,22,270,6,5,2585.0,9.2,502,0,5,410865,3397155,502,0,7,-85.0,524,-180.0,120.0,216.33307652783935,0,56.30993247402023,-22,11,1,5.80673375150021
101,234901,411045.0,3397035.0,22,270,6,5,2585.0,9.2,502,0,5,410850,3397130,503,0,5,-74.5,524,-195.0,95.0,216.91011963483862,1,64.02560603756865,-21,11,1,5.52981638714978
102,234901,411045.0,3397035.0,22,270,6,5,2585.0,9.2,502,0,5,410855,3397125,503,0,14,-85.0,524,-190.0,90.0,210.23796041628637,1,64.65382405805332,-21,11,1,5.7041721812746795
103,234901,411045.0,3397035.0,22,270,6,5,2585.0,9.2,502,0,5,410860,3397160,503,0,7,-84.0,524,-185.0,125.0,223.27113561766106,1,55.954062643398345,-21,11,1,5.373206865940351
104,234901,411045.0,3397035.0,22,270,6,5,2585.0,9.2,502,0,5,410825,3397195,505,12,14,-89.25,524,-220.0,160.0,272.02941017470886,3,53.9726266148964,-19,11,1,3.9953574889861154
105,234901,411045.0,3397035.0,22,270,6,5,2585.0,9.2,502,0,5,410820,3397200,505,0,5,-95.0,524,-225.0,165.0,279.0161285660741,3,53.74616226255523,-19,11,1,3.8956235064726394
106,234901,411045.0,3397035.0,22,270,6,5,2585.0,9.2,502,0,5,410845,3397135,503,0,5,-85.5,524,-200.0,100.0,223.60679774997897,1,63.434948822922024,-21,11,1,5.3651881044126535
107,234901,411045.0,3397035.0,22,270,6,5,2585.0,9.2,502,0,5,411145,3396710,504,0,14,-113.0,524,100.0,-325.0,340.03676271838606,2,-162.89727103094765,-20,11,1,3.3660975390045555
108,234901,411045.0,3397035.0,22,270,6,5,2585.0,9.2,502,0,5,411075,3396800,503,0,14,-101.5,524,30.0,-235.0,236.90715480964266,1,-172.72499504211075,-21,11,1,5.0655909888385855
109,234901,411045.0,3397035.0,22,270,6,5,2585.0,9.2,502,0,5,411070,3396795,503,0,14,-105.75,524,25.0,-240.0,241.29857024027308,1,-174.0531369460265,-21,11,1,4.973868535457039
110,234901,411045.0,3397035.0,22,270,6,5,2585.0,9.2,502,0,5,411045,3396770,505,6,5,-99.0,524,0.0,-265.0,265.0,3,-180.0,-19,11,1,4.100981697684617
111,234901,411045.0,3397035.0,22,270,6,5,2585.0,9.2,502,0,5,411080,3396725,506,6,14,-115.67,524,35.0,-310.0,311.96954979612997,4,-173.55839990066497,-18,11,1,3.3021872442641107
112,234901,411045.0,3397035.0,22,270,6,5,2585.0,9.2,502,0,5,411460,3397025,504,0,5,-94.0,524,415.0,-10.0,415.12046444375636,2,-91.38035407344447,-20,11,1,2.758308225639447
113,234901,411045.0,3397035.0,22,270,6,5,2585.0,9.2,502,0,5,411400,3397045,502,0,5,-110.0,524,355.0,10.0,355.1408171415953,0,-88.38646106711883,-22,11,1,3.544786765536992
114,234901,411045.0,3397035.0,22,270,6,5,2585.0,9.2,502,0,5,411150,3396715,504,0,5,-107.0,524,105.0,-320.0,336.7862823809782,2,-161.83404347077447,-20,11,1,3.398509520066357
115,234901,411045.0,3397035.0,22,270,6,5,2585.0,9.2,502,0,5,411455,3397020,504,0,5,-104.33,524,410.0,-15.0,410.27429848821873,2,-92.09525256462385,-20,11,1,2.7908381920366336
116,234901,411045.0,3397035.0,22,270,6,5,2585.0,9.2,502,0,5,411110,3396755,504,0,14,-112.67,524,65.0,-280.0,287.4456470360962,2,-166.93068210371783,-20,11,1,3.9801324941165808
117,234901,411045.0,3397035.0,22,270,6,5,2585.0,9.2,502,0,5,411100,3396745,505,6,14,-119.67,524,55.0,-290.0,295.16944286290885,3,-169.26110289909457,-19,11,1,3.6830370105293713
118,234901,411045.0,3397035.0,22,270,6,5,2585.0,9.2,502,0,5,410985,3397190,504,0,7,-92.25,524,-60.0,155.0,166.20770138594662,2,21.161259816828306,-20,11,1,6.861489121849566
119,234901,411045.0,3397035.0,22,270,6,5,2585.0,9.2,502,0,5,410895,3397260,507,6,5,-101.5,524,-150.0,225.0,270.4163456597992,5,33.69006752597977,-17,11,1,3.597223826268439
120,234901,411045.0,3397035.0,22,270,6,5,2585.0,9.2,502,0,5,411170,3397295,507,0,5,-107.0,524,125.0,260.0,288.4874347350331,5,-25.676815681838207,-17,11,1,3.372428173542225
121,234901,411045.0,3397035.0,22,270,6,5,2585.0,9.2,502,0,5,410980,3397185,504,0,7,-92.71,524,-65.0,150.0,163.47782724271815,2,23.42869280874538,-20,11,1,6.974947834833595
122,234901,411045.0,3397035.0,22,270,6,5,2585.0,9.2,502,0,5,410995,3397200,504,0,7,-91.56,524,-50.0,165.0,172.40939649566667,2,16.858398767738265,-20,11,1,6.61690513491109
123,234901,411045.0,3397035.0,22,270,6,5,2585.0,9.2,502,0,5,410955,3397240,506,0,7,-97.0,524,-90.0,205.0,223.8861317723811,4,23.702645950966257,-18,11,1,4.596579952719925
124,234901,411045.0,3397035.0,22,270,6,5,2585.0,9.2,502,0,5,410950,3397235,506,0,7,-100.8,524,-95.0,200.0,221.41589825484527,4,25.407718108948472,-18,11,1,4.647638416732527
125,234901,411045.0,3397035.0,22,270,6,5,2585.0,9.2,502,0,5,411060,3397425,504,0,5,-112.5,524,15.0,390.0,390.2883549377306,2,-2.2025981617658204,-20,11,1,2.933508286237491
126,234901,411045.0,3397035.0,22,270,6,5,2585.0,9.2,502,0,5,410990,3397195,504,0,7,-94.6,524,-55.0,160.0,169.1892431568863,2,18.970407808486584,-20,11,1,6.741695162882925
127,234901,411045.0,3397035.0,22,270,6,5,2585.0,9.2,502,0,5,410920,3397205,505,0,7,-91.17,524,-125.0,170.0,211.00947846009194,3,36.3268259521202,-19,11,1,5.145228276675967
128,234901,411045.0,3397035.0,22,270,6,5,2585.0,9.2,502,0,5,410885,3397250,507,0,14,-102.5,524,-160.0,215.0,268.00186566514793,5,36.65610841596691,-17,11,1,3.6295456570095546
129,234901,411045.0,3397035.0,22,270,6,5,2585.0,9.2,502,0,5,410915,3397280,506,0,5,-92.72,524,-130.0,245.0,277.35356496717327,4,27.95096902789021,-18,11,1,3.713237782946501
130,234901,411045.0,3397035.0,22,270,6,5,2585.0,9.2,502,0,5,410970,3397175,504,0,7,-90.0,524,-75.0,140.0,158.8238017426859,2,28.178590109959146,-20,11,1,7.177233672561356
131,234901,411045.0,3397035.0,22,270,6,5,2585.0,9.2,502,0,5,410975,3397180,504,0,7,-96.33,524,-70.0,145.0,161.01242188104618,2,25.7693276243387,-20,11,1,7.080671484593654
132,234901,411045.0,3397035.0,22,270,6,5,2585.0,9.2,502,0,5,411160,3397285,506,0,5,-103.0,524,115.0,250.0,275.1817581163403,4,-24.702430227771288,-18,11,1,3.742460673273913
133,234901,411045.0,3397035.0,22,270,6,5,2585.0,9.2,502,0,5,411065,3397430,504,0,6,-113.5,524,20.0,395.0,395.50600501130197,2,-2.8985767992817273,-20,11,1,2.894874711464709
134,234901,411045.0,3397035.0,22,270,6,5,2585.0,9.2,502,0,5,410925,3397210,505,0,7,-87.0,524,-120.0,175.0,212.19095173922943,3,34.43898930880363,-19,11,1,5.116732286779433
135,234901,411045.0,3397035.0,22,270,6,5,2585.0,9.2,502,0,5,411075,3397440,504,0,14,-111.0,524,30.0,405.0,406.1095911204265,2,-4.236394799058871,-20,11,1,2.8194126600204883
136,234901,411045.0,3397035.0,22,270,6,5,2585.0,9.2,502,0,5,410910,3397275,506,0,5,-95.07,524,-135.0,240.0,275.3633962602873,4,29.357753542791272,-18,11,1,3.739999040094319
137,234901,411045.0,3397035.0,22,270,6,5,2585.0,9.2,502,0,5,410905,3397270,507,6,14,-92.33,524,-140.0,235.0,273.5415873317986,5,30.78414652632648,-17,11,1,3.55623124099619
138,234901,411045.0,3397035.0,22,270,6,5,2585.0,9.2,502,0,5,410920,3396815,502,6,5,-99.0,524,-125.0,-220.0,253.03161857759991,0,-209.6044507460049,-22,11,1,4.969122823838706
139,234901,411045.0,3397035.0,22,270,6,5,2585.0,9.2,502,0,5,410925,3396820,502,0,14,-102.67,524,-120.0,-215.0,246.22144504490262,0,-209.1676133795778,-22,11,1,5.105845692065317
140,234901,411045.0,3397035.0,22,270,6,5,2585.0,9.2,502,0,5,410905,3396880,502,18,5,-84.0,524,-140.0,-155.0,208.86598574205422,0,-222.08916217383225,-22,11,1,6.012833267106977
141,234901,411045.0,3397035.0,22,270,6,5,2585.0,9.2,502,0,5,411045,3397020,501,0,5,-79.33,524,0.0,-15.0,15.0,-1,-180.0,-23,11,1,56.88865803962798
142,234901,411045.0,3397035.0,22,270,6,5,2585.0,9.2,502,0,5,410895,3396850,502,18,6,-92.5,524,-150.0,-185.0,238.17010727629108,0,-219.0355128987469,-22,11,1,5.277489935460862
143,234901,411045.0,3397035.0,22,270,6,5,2585.0,9.2,502,0,5,411070,3397025,501,0,5,-90.67,524,25.0,-10.0,26.92582403567252,-1,-111.80140948635182,-23,11,1,40.50390474091337
144,234901,411045.0,3397035.0,22,270,6,5,2585.0,9.2,502,0,5,411060,3397035,501,0,5,-80.33,524,15.0,0.0,15.0,-1,-90.0,-23,11,1,56.88865803962798
145,234901,411045.0,3397035.0,22,270,6,5,2585.0,9.2,502,0,5,411040,3397015,501,0,5,-75.5,524,-5.0,-20.0,20.615528128088304,-1,-194.03624346792648,-23,11,1,48.12925951545734
146,234901,411045.0,3397035.0,22,270,6,5,2585.0,9.2,502,0,5,411250,3396740,503,6,14,-97.0,524,205.0,-295.0,359.23529893372114,1,-145.2039737217317,-21,11,1,3.3455609918467566
147,234901,411045.0,3397035.0,22,270,6,5,2585.0,9.2,502,0,5,410995,3397035,502,0,5,-76.5,524,-50.0,0.0,50.0,0,90.0,-22,11,1,23.74949449286676
148,234901,411045.0,3397035.0,22,270,6,5,2585.0,9.2,502,0,5,410925,3397045,505,0,14,-78.0,524,-120.0,10.0,120.41594578792295,3,85.23635830927378,-19,11,1,8.966570912345551
149,234901,411045.0,3397035.0,22,270,6,5,2585.0,9.2,502,0,5,410960,3397010,503,12,14,-81.67,524,-85.0,-25.0,88.60022573334675,1,-253.61045966596524,-21,11,1,13.334166500830689
150,234901,411045.0,3397035.0,22,270,6,5,2585.0,9.2,502,0,5,410935,3397055,505,0,14,-82.5,524,-110.0,20.0,111.80339887498948,3,79.69515353123398,-19,11,1,9.644769044311076
151,234901,411045.0,3397035.0,22,270,6,5,2585.0,9.2,502,0,5,410910,3397120,504,0,14,-83.5,524,-135.0,85.0,159.53056133543816,2,57.804266065286754,-20,11,1,7.145766179074334
152,234901,411045.0,3397035.0,22,270,6,5,2585.0,9.2,502,0,5,410985,3397025,502,0,5,-77.67,524,-60.0,-10.0,60.8276253029822,0,-260.5376777919744,-22,11,1,19.883931077618954
153,234901,411045.0,3397035.0,22,270,6,5,2585.0,9.2,502,0,5,410905,3397105,504,0,14,-83.5,524,-140.0,70.0,156.52475842498527,2,63.434948822922024,-20,11,1,7.281529854829641
154,234901,411045.0,3397035.0,22,270,6,5,2585.0,9.2,502,0,5,410900,3397110,504,0,14,-83.1,524,-145.0,75.0,163.24827717314508,2,62.65012421993015,-20,11,1,6.984658781092986
155,234901,411045.0,3397035.0,22,270,6,5,2585.0,9.2,502,0,5,410980,3397030,503,0,5,-80.14,524,-65.0,-5.0,65.19202405202648,1,-265.6012946450045,-21,11,1,17.855062794067003
156,234901,411045.0,3397035.0,22,270,6,5,2585.0,9.2,502,0,5,411210,3396780,503,0,14,-101.25,524,165.0,-255.0,303.7268509697488,1,-147.0947570770121,-21,11,1,3.9551970272526704
157,234901,411045.0,3397035.0,22,270,6,5,2585.0,9.2,502,0,5,410970,3397020,503,0,5,-76.7,524,-75.0,-15.0,76.48529270389177,1,-258.69006752597977,-21,11,1,15.35294889462336
158,234901,411045.0,3397035.0,22,270,6,5,2585.0,9.2,502,0,5,410975,3397015,502,0,5,-78.38,524,-70.0,-20.0,72.80109889280519,0,-254.05460409907712,-22,11,1,16.814462082890977
159,234901,411045.0,3397035.0,22,270,6,5,2585.0,9.2,502,0,5,411215,3396775,503,0,14,-98.0,524,170.0,-260.0,310.64449134018133,1,-146.82148834060726,-21,11,1,3.8673903493825255
160,234901,411045.0,3397035.0,22,270,6,5,2585.0,9.2,502,0,5,410915,3397115,504,0,14,-88.8,524,-130.0,80.0,152.64337522473747,2,58.392497753751115,-20,11,1,7.464620452525394
161,234901,411045.0,3397035.0,22,270,6,5,2585.0,9.2,502,0,5,410890,3397100,504,0,5,-87.5,524,-155.0,65.0,168.0773631397161,2,67.24902365721232,-20,11,1,6.785878871778247
162,234901,411045.0,3397035.0,22,270,6,5,2585.0,9.2,502,0,5,410920,3397050,505,0,5,-86.0,524,-125.0,15.0,125.89678312014172,3,83.15722658736905,-19,11,1,8.582158427345261
163,234901,411045.0,3397035.0,22,270,6,5,2585.0,9.2,502,0,5,410980,3397130,503,0,5,-95.5,524,-65.0,95.0,115.10864433221339,1,34.38034472384487,-21,11,1,10.339127327314799
164,234901,411045.0,3397035.0,22,270,6,5,2585.0,9.2,502,0,5,410995,3397135,503,0,5,-81.0,524,-50.0,100.0,111.80339887498948,1,26.565051177077976,-21,11,1,10.637903602437003
165,234901,411045.0,3397035.0,22,270,6,5,2585.0,9.2,502,0,5,411070,3397380,504,0,6,-111.0,524,25.0,345.0,345.90461112855957,2,-4.144623741104283,-20,11,1,3.3091238009294304
166,234901,411045.0,3397035.0,22,270,6,5,2585.0,9.2,502,0,5,411085,3397425,505,0,14,-124.0,524,40.0,390.0,392.04591567825315,3,-5.856013585428968,-19,11,1,2.774595205595119
167,234901,411045.0,3397035.0,22,270,6,5,2585.0,9.2,502,0,5,410950,3397260,506,0,7,-89.0,524,-95.0,225.0,244.23349483639626,4,22.890551656248363,-18,11,1,4.2150763071550825
168,234901,411045.0,3397035.0,22,270,6,5,2585.0,9.2,502,0,5,411125,3397305,505,0,6,-102.5,524,80.0,270.0,281.60255680657446,3,-16.504361381755018,-19,11,1,3.8599521274855575
169,234901,411045.0,3397035.0,22,270,6,5,2585.0,9.2,502,0,5,410920,3397270,506,0,5,-94.25,524,-125.0,235.0,266.1766330841233,4,28.009176708013854,-18,11,1,3.8686950950868573
170,234901,411045.0,3397035.0,22,270,6,5,2585.0,9.2,502,0,5,411015,3397195,503,0,7,-92.67,524,-30.0,160.0,162.78820596099706,1,10.619655276155129,-21,11,1,7.350672650360539
171,234901,411045.0,3397035.0,22,270,6,5,2585.0,9.2,502,0,5,411005,3397185,503,0,7,-92.43,524,-40.0,150.0,155.24174696260025,1,14.931417178137565,-21,11,1,7.703802890513278
172,234901,411045.0,3397035.0,22,270,6,5,2585.0,9.2,502,0,5,410935,3397275,506,0,7,-94.67,524,-110.0,240.0,264.0075756488817,4,24.623564786163627,-18,11,1,3.9003821638958844
173,234901,411045.0,3397035.0,22,270,6,5,2585.0,9.2,502,0,5,410940,3397250,506,0,7,-88.33,524,-105.0,215.0,239.26972228010797,4,26.029592191513473,-18,11,1,4.3021952243782575
174,234901,411045.0,3397035.0,22,270,6,5,2585.0,9.2,502,0,5,410930,3397280,506,0,7,-96.27,524,-115.0,245.0,270.64737205448716,4,25.14478563067894,-18,11,1,3.804978630562779
175,234901,411045.0,3397035.0,22,270,6,5,2585.0,9.2,502,0,5,411060,3397370,504,0,6,-110.5,524,15.0,335.0,335.3356527421443,2,-2.5637702114649983,-20,11,1,3.413176461851219
176,234901,411045.0,3397035.0,22,270,6,5,2585.0,9.2,502,0,5,411010,3397200,503,0,7,-93.25,524,-35.0,165.0,168.67127793433,1,11.976132444203358,-21,11,1,7.0969499265714
177,234901,411045.0,3397035.0,22,270,6,5,2585.0,9.2,502,0,5,411020,3397170,502,0,7,-91.5,524,-25.0,135.0,137.2953021774598,0,10.491477012331586,-22,11,1,9.10360311013752
178,234901,411045.0,3397035.0,22,270,6,5,2585.0,9.2,502,0,5,411065,3397365,504,0,6,-112.0,524,20.0,330.0,330.6055050963308,2,-3.4682292589171766,-20,11,1,3.4618926480618457
179,234901,411045.0,3397035.0,22,270,6,5,2585.0,9.2,502,0,5,411120,3397310,505,0,5,-103.5,524,75.0,275.0,285.0438562747845,3,-15.255118703057775,-19,11,1,3.8134897400776286
180,234901,411045.0,3397035.0,22,270,6,5,2585.0,9.2,502,0,5,411140,3397290,506,0,5,-106.8,524,95.0,255.0,272.12129648375554,4,-20.432828679398682,-18,11,1,3.7844293032291483
181,234901,411045.0,3397035.0,22,270,6,5,2585.0,9.2,502,0,5,411150,3397300,506,0,14,-103.0,524,105.0,265.0,285.0438562747845,4,-21.614778942786245,-18,11,1,3.613326200767612
182,234901,411045.0,3397035.0,22,270,6,5,2585.0,9.2,502,0,5,410915,3397215,506,0,7,-92.0,524,-130.0,180.0,222.03603311174518,4,35.83765295427827,-18,11,1,4.634714438379844
183,234901,411045.0,3397035.0,22,270,6,5,2585.0,9.2,502,0,5,410945,3397245,506,0,7,-91.0,524,-100.0,210.0,232.59406699226014,4,25.46334506187162,-18,11,1,4.425188379683837
184,234901,411045.0,3397035.0,22,270,6,5,2585.0,9.2,502,0,5,411145,3397285,506,0,14,-103.11,524,100.0,250.0,269.2582403567252,4,-21.801409486351815,-18,11,1,3.8245508068331335
185,234901,411045.0,3397035.0,22,270,6,5,2585.0,9.2,502,0,5,411030,3397180,503,0,7,-96.5,524,-15.0,145.0,145.7737973711325,1,5.906141113770502,-21,11,1,8.197564505457054
186,234901,411045.0,3397035.0,22,270,6,5,2585.0,9.2,502,0,5,411045,3397385,504,15,5,-115.67,524,0.0,350.0,350.0,2,0.0,-20,11,1,3.2704879231835653
187,234901,411045.0,3397035.0,22,270,6,5,2585.0,9.2,502,0,5,411075,3397375,504,0,5,-110.5,524,30.0,340.0,341.32096331752024,2,-5.042451069170909,-20,11,1,3.3534617473720094
188,234901,411045.0,3397035.0,22,270,6,5,2585.0,9.2,502,0,5,411155,3397295,506,0,14,-104.67,524,110.0,260.0,282.3118842698621,4,-22.93210043758978,-18,11,1,3.648198886971043
189,234901,411045.0,3397035.0,22,270,6,5,2585.0,9.2,502,0,5,410910,3397220,506,0,7,-93.33,524,-135.0,185.0,229.01964981197574,4,36.11934084947973,-18,11,1,4.49397361785104
190,234901,411045.0,3397035.0,22,270,6,5,2585.0,9.2,502,0,5,411000,3397190,503,0,7,-91.79,524,-45.0,155.0,161.40012391568973,1,16.189206257026967,-21,11,1,7.413190080540501
191,234901,411045.0,3397035.0,22,270,6,5,2585.0,9.2,502,0,5,410955,3397255,506,0,7,-92.67,524,-90.0,220.0,237.69728648009425,4,22.249023657212376,-18,11,1,4.33054756877446
192,234901,411045.0,3397035.0,22,270,6,5,2585.0,9.2,502,0,5,410925,3397265,506,0,7,-88.25,524,-120.0,230.0,259.42243542145695,4,27.552811576717772,-18,11,1,3.9691007124879425
193,234901,411045.0,3397035.0,22,270,6,5,2585.0,9.2,502,0,5,410975,3396700,507,6,14,-96.5,524,-70.0,-335.0,342.23529917295207,5,-191.80243420778356,-17,11,1,2.843740304540131
194,234901,411045.0,3397035.0,22,270,6,5,2585.0,9.2,502,0,5,410895,3396780,503,0,14,-94.75,524,-150.0,-255.0,295.8462438497403,1,-210.4655449194599,-21,11,1,4.060205814092888
195,234901,411045.0,3397035.0,22,270,6,5,2585.0,9.2,502,0,5,411015,3396660,504,6,5,-97.5,524,-30.0,-375.0,376.19808611953357,2,-184.57392125990086,-20,11,1,3.0431782383158
196,234901,411045.0,3397035.0,22,270,6,5,2585.0,9.2,502,0,5,410885,3396770,504,6,6,-89.25,524,-160.0,-265.0,309.5561338432821,2,-211.122470196792,-20,11,1,3.696664322603773
197,234901,411045.0,3397035.0,22,270,6,5,2585.0,9.2,502,0,5,410840,3397095,504,12,5,-88.5,524,-205.0,60.0,213.60009363293827,2,73.68614757373945,-20,11,1,5.3491750982856034
198,234901,411045.0,3397035.0,22,270,6,5,2585.0,9.2,502,0,5,410770,3397005,505,0,5,-92.91,524,-275.0,-30.0,276.63152387246106,3,-263.77417093557426,-19,11,1,3.9290996252005277
199,234901,411045.0,3397035.0,22,270,6,5,2585.0,9.2,502,0,5,410765,3397020,506,0,5,-94.5,524,-280.0,-15.0,280.40149785619906,4,-266.9335144988741,-18,11,1,3.6729863983898987
200,234901,411045.0,3397035.0,22,270,6,5,2585.0,9.2,502,0,5,410750,3396985,505,12,5,-96.4,524,-295.0,-50.0,299.2072860075436,3,-260.3802722003012,-19,11,1,3.63346798008044
201,234901,411045.0,3397035.0,22,270,6,5,2585.0,9.2,502,0,5,410760,3397015,506,0,6,-92.75,524,-285.0,-20.0,285.70089254323307,4,-265.98582430458896,-18,11,1,3.605038448253093
202,234901,411045.0,3397035.0,22,270,6,5,2585.0,9.2,502,0,5,410790,3397025,506,0,10,-91.21,524,-255.0,-10.0,255.1960031034969,4,-267.75425743410494,-18,11,1,4.034619705672468
203,234901,411045.0,3397035.0,22,270,6,5,2585.0,9.2,502,0,5,410810,3397045,506,12,10,-95.75,524,-235.0,10.0,235.2126697267815,4,87.56335175318986,-18,11,1,4.37611557316273
204,234901,411045.0,3397035.0,22,270,6,5,2585.0,9.2,502,0,5,410835,3397070,505,6,6,-93.0,524,-210.0,35.0,212.8966885604377,3,80.53767779197437,-19,11,1,5.099860289585864
205,234901,411045.0,3397035.0,22,270,6,5,2585.0,9.2,502,0,5,410865,3397120,503,0,14,-80.0,524,-180.0,85.0,199.06029237394384,1,64.72227776444709,-21,11,1,6.0221819155670415
206,234901,411045.0,3397035.0,22,270,6,5,2585.0,9.2,502,0,5,410775,3397010,506,0,5,-89.87,524,-270.0,-25.0,271.15493725912495,4,-264.7099187946287,-18,11,1,3.7978770913858626
207,234901,411045.0,3397035.0,22,270,6,5,2585.0,9.2,502,0,5,410875,3397110,504,0,5,-84.2,524,-170.0,75.0,185.80904176062046,2,66.1940564815423,-20,11,1,6.1435150741842035
208,234901,411045.0,3397035.0,22,270,6,5,2585.0,9.2,502,0,5,410755,3396990,505,0,6,-95.25,524,-290.0,-45.0,293.47061181658376,3,-261.17962044797895,-19,11,1,3.704298037903988
209,234901,411045.0,3397035.0,22,270,6,5,2585.0,9.2,502,0,5,410745,3397000,506,12,14,-90.25,524,-300.0,-35.0,302.03476621077914,4,-263.3455749539934,-18,11,1,3.4105532597425356
210,234901,411045.0,3397035.0,22,270,6,5,2585.0,9.2,502,0,5,410785,3397040,506,12,10,-91.0,524,-260.0,5.0,260.0480724789169,4,88.89829388479365,-18,11,1,3.959582056278252
211,234901,411045.0,3397035.0,22,270,6,5,2585.0,9.2,502,0,5,410870,3397105,504,0,5,-79.75,524,-175.0,70.0,188.48076824970764,2,68.19859051364818,-20,11,1,6.057082351585721
212,234901,411045.0,3397035.0,22,270,6,5,2585.0,9.2,502,0,5,410795,3397030,506,0,10,-90.14,524,-250.0,-5.0,250.04999500099976,4,-268.8542371618249,-18,11,1,4.117369145125787
213,234901,411045.0,3397035.0,22,270,6,5,2585.0,9.2,502,0,5,410860,3397115,503,0,14,-83.43,524,-185.0,80.0,201.55644370746373,1,66.61477894278624,-21,11,1,5.9481389567928575
214,234901,411045.0,3397035.0,22,270,6,5,2585.0,9.2,502,0,5,410780,3397035,506,0,10,-93.0,524,-265.0,0.0,265.0,4,90.0,-18,11,1,3.885820075420881
215,234901,411045.0,3397035.0,22,270,6,5,2585.0,9.2,502,0,5,410555,3397010,505,0,5,-92.0,524,-490.0,-25.0,490.63734060913055,3,-267.07927847899964,-19,11,1,2.217678989758673
216,234901,411045.0,3397035.0,22,270,6,5,2585.0,9.2,502,0,5,410850,3396705,507,0,14,-101.5,524,-195.0,-330.0,383.30797017541914,5,-210.57922687248902,-17,11,1,2.5394472474306102
217,234901,411045.0,3397035.0,22,270,6,5,2585.0,9.2,502,0,5,411020,3397315,504,0,7,-106.33,524,-25.0,280.0,281.1138559374119,2,5.102165252358191,-20,11,1,4.0694828585499865
218,234901,411045.0,3397035.0,22,270,6,5,2585.0,9.2,502,0,5,411035,3397310,504,0,7,-103.33,524,-10.0,275.0,275.1817581163403,2,2.0825652797308862,-20,11,1,4.1569044757141445
219,234901,411045.0,3397035.0,22,270,6,5,2585.0,9.2,502,0,5,411015,3397290,504,0,14,-104.83,524,-30.0,255.0,256.7586415293554,2,6.709836807756915,-20,11,1,4.454013191879431
220,234901,411045.0,3397035.0,22,270,6,5,2585.0,9.2,502,0,5,411125,3397180,503,0,6,-103.0,524,80.0,145.0,165.60495161679194,1,-28.886581766910695,-21,11,1,7.226979478762034
221,234901,411045.0,3397035.0,22,270,6,5,2585.0,9.2,502,0,5,411130,3397165,503,0,5,-104.2,524,85.0,130.0,155.32224567009067,1,-33.17851165939274,-21,11,1,7.699858158693675
222,234901,411045.0,3397035.0,22,270,6,5,2585.0,9.2,502,0,5,411120,3397175,503,0,6,-104.6,524,75.0,140.0,158.8238017426859,1,-28.178590109959174,-21,11,1,7.53207154291007
223,234901,411045.0,3397035.0,22,270,6,5,2585.0,9.2,502,0,5,411060,3397275,504,0,5,-108.0,524,15.0,240.0,240.46829312822095,2,-3.576334374997373,-20,11,1,4.7544074398451635
224,234901,411045.0,3397035.0,22,270,6,5,2585.0,9.2,502,0,5,411065,3397280,505,0,5,-105.31,524,20.0,245.0,245.81497106563708,3,-4.666858371438991,-19,11,1,4.419826883962332
225,234901,411045.0,3397035.0,22,270,6,5,2585.0,9.2,502,0,5,411030,3397305,504,0,7,-109.33,524,-15.0,270.0,270.4163456597992,2,3.1798301198642207,-20,11,1,4.229895939277142
226,234901,411045.0,3397035.0,22,270,6,5,2585.0,9.2,502,0,5,411010,3397285,504,0,14,-110.0,524,-35.0,250.0,252.43811122728675,2,7.969610394321364,-20,11,1,4.5299299216935305
227,234901,411045.0,3397035.0,22,270,6,5,2585.0,9.2,502,0,5,411000,3397295,505,0,5,-103.77,524,-45.0,260.0,263.86549603917524,3,9.819300638757909,-19,11,1,4.118553543525323
228,234901,411045.0,3397035.0,22,270,6,5,2585.0,9.2,502,0,5,411005,3397300,504,0,7,-107.0,524,-40.0,265.0,268.00186566514793,2,8.583621480113948,-20,11,1,4.2678636996043515
229,234901,411045.0,3397035.0,22,270,6,5,2585.0,9.2,502,0,5,411070,3397265,505,0,5,-107.5,524,25.0,230.0,231.3547060251855,3,-6.203447901691845,-19,11,1,4.694878625021134
230,234901,411045.0,3397035.0,22,270,6,5,2585.0,9.2,502,0,5,411135,3397170,503,0,5,-105.67,524,90.0,135.0,162.24980739587951,1,-33.69006752597977,-21,11,1,7.374796534888486
231,234901,411045.0,3397035.0,22,270,6,5,2585.0,9.2,502,0,5,410925,3396930,502,0,5,-84.0,524,-120.0,-105.0,159.45218719101973,0,-228.81407483429035,-22,11,1,7.855638774148001
232,234901,411045.0,3397035.0,22,270,6,5,2585.0,9.2,502,0,5,411050,3397055,502,9,5,-88.5,524,5.0,20.0,20.615528128088304,0,-14.036243467926454,-22,11,1,46.860742056796525
233,234901,411045.0,3397035.0,22,270,6,5,2585.0,9.2,502,0,5,410930,3396935,503,6,5,-83.5,524,-115.0,-100.0,152.3975065412817,1,-228.9909130984298,-21,11,1,7.845806740189342
234,234901,411045.0,3397035.0,22,270,6,5,2585.0,9.2,502,0,5,411040,3397045,502,0,5,-86.5,524,-5.0,10.0,11.180339887498949,0,26.565051177077976,-22,11,1,63.060447060019925
235,234901,411045.0,3397035.0,22,270,6,5,2585.0,9.2,502,0,5,411080,3397085,502,9,6,-102.67,524,35.0,50.0,61.032778078668514,0,-34.99202019855866,-22,11,1,19.822308835867833
236,234901,411045.0,3397035.0,22,270,6,5,2585.0,9.2,502,0,5,410900,3396905,502,12,14,-99.67,524,-145.0,-130.0,194.74342094150447,0,-228.12213046211573,-22,11,1,6.445330076194726
237,234901,411045.0,3397035.0,22,270,6,5,2585.0,9.2,502,0,5,411110,3397170,502,0,5,-112.5,524,65.0,135.0,149.83324063771698,0,-25.709953780811247,-22,11,1,8.353047100121808
238,234901,411045.0,3397035.0,22,270,6,5,2585.0,9.2,502,0,5,410950,3397330,506,15,5,-101.5,524,-95.0,295.0,309.9193443462347,4,17.850318302216806,-18,11,1,3.3239833391155003
239,234901,411045.0,3397035.0,22,270,6,5,2585.0,9.2,502,0,5,411040,3397160,502,0,5,-92.67,524,-5.0,125.0,125.09996003196804,0,2.290610042638548,-22,11,1,9.974013614675176
240,234901,411045.0,3397035.0,22,270,6,5,2585.0,9.2,502,0,5,410885,3397315,507,0,14,-95.63,524,-160.0,280.0,322.49030993194197,5,29.744881296942253,-17,11,1,3.017540366865116
241,234901,411045.0,3397035.0,22,270,6,5,2585.0,9.2,502,0,5,410890,3397310,507,0,14,-95.61,524,-155.0,275.0,315.67388235329196,5,29.407189060733685,-17,11,1,3.082574554636765
242,234901,411045.0,3397035.0,22,270,6,5,2585.0,9.2,502,0,5,411130,3397230,506,0,6,-103.5,524,85.0,195.0,212.72047386182646,4,-23.55226367289464,-18,11,1,4.8367372968524185
243,234901,411045.0,3397035.0,22,270,6,5,2585.0,9.2,502,0,5,410900,3397300,507,0,14,-92.87,524,-145.0,265.0,302.0761493398643,5,28.686147573739447,-17,11,1,3.2210484484922213
244,234901,411045.0,3397035.0,22,270,6,5,2585.0,9.2,502,0,5,410895,3397305,507,0,14,-94.0,524,-150.0,270.0,308.86890422961,5,29.054604099077153,-17,11,1,3.150354291848901
245,234901,411045.0,3397035.0,22,270,6,5,2585.0,9.2,502,0,5,410905,3397295,507,0,14,-92.23,524,-140.0,260.0,295.296461204668,5,28.300755766006375,-17,11,1,3.2948391403895205
246,234901,411045.0,3397035.0,22,270,6,5,2585.0,9.2,502,0,5,410910,3397290,506,0,5,-96.12,524,-135.0,255.0,288.5307609250702,4,27.89727103094765,-18,11,1,3.569772628929599
247,234901,411045.0,3397035.0,22,270,6,5,2585.0,9.2,502,0,5,411135,3397225,506,0,5,-104.8,524,90.0,190.0,210.23796041628637,4,-25.346175941946683,-18,11,1,4.893574298207575
248,234901,411045.0,3397035.0,22,270,6,5,2585.0,9.2,502,0,5,410915,3397285,506,0,5,-94.54,524,-130.0,250.0,281.7800560721074,4,27.474431626277124,-18,11,1,3.6550658044827564
249,234901,411045.0,3397035.0,22,270,6,5,2585.0,9.2,502,0,5,410880,3397320,507,0,14,-87.33,524,-165.0,285.0,329.31747600150226,5,30.068582821862492,-17,11,1,2.95509500481617
250,234901,411045.0,3397035.0,22,270,6,5,2585.0,9.2,502,0,5,411160,3397280,506,0,5,-107.5,524,115.0,245.0,270.64737205448716,4,-25.14478563067894,-18,11,1,3.804978630562779
251,234901,411045.0,3397035.0,22,270,6,5,2585.0,9.2,502,0,5,410985,3397170,503,0,7,-95.0,524,-60.0,135.0,147.73286702694156,1,23.962488974578207,-21,11,1,8.090306141289219
252,234901,411045.0,3397035.0,22,270,6,5,2585.0,9.2,502,0,5,410915,3397260,506,0,5,-82.75,524,-130.0,225.0,259.8557292037257,4,30.018367427609064,-18,11,1,3.9625035764158314
253,234901,411045.0,3397035.0,22,270,6,5,2585.0,9.2,502,0,5,410910,3397255,507,6,14,-89.4,524,-135.0,220.0,258.11818998280614,5,31.534791905188285,-17,11,1,3.7681325552352147
254,234901,411045.0,3397035.0,22,270,6,5,2585.0,9.2,502,0,5,411065,3397410,504,0,6,-116.5,524,20.0,375.0,375.53295461250804,2,-3.0528825147924294,-20,11,1,3.0485580565706116
255,234901,411045.0,3397035.0,22,270,6,5,2585.0,9.2,502,0,5,411075,3397420,505,0,14,-113.0,524,30.0,385.0,386.16706229299257,3,-4.455602833326338,-19,11,1,2.8167670198595656
256,234901,411045.0,3397035.0,22,270,6,5,2585.0,9.2,502,0,5,410995,3397180,503,0,7,-97.5,524,-50.0,145.0,153.37861650177967,1,19.025606037568707,-21,11,1,7.796238961328001
257,234901,411045.0,3397035.0,22,270,6,5,2585.0,9.2,502,0,5,410895,3397280,507,0,5,-96.04,524,-150.0,245.0,287.2716484444645,5,31.476839349583997,-17,11,1,3.386667756711766
258,234901,411045.0,3397035.0,22,270,6,5,2585.0,9.2,502,0,5,411070,3397415,505,0,5,-113.0,524,25.0,380.0,380.8214804865923,3,-3.7640348649057387,-19,11,1,2.856240888666675
259,234901,411045.0,3397035.0,22,270,6,5,2585.0,9.2,502,0,5,410925,3397230,506,0,7,-87.0,524,-120.0,195.0,228.96506283710622,4,31.60750224624894,-18,11,1,4.495040624296242
260,234901,411045.0,3397035.0,22,270,6,5,2585.0,9.2,502,0,5,410880,3397265,507,6,5,-99.67,524,-165.0,230.0,283.0635970943632,5,35.65532809790034,-17,11,1,3.436894489253211
261,234901,411045.0,3397035.0,22,270,6,5,2585.0,9.2,502,0,5,411060,3397405,504,0,5,-110.0,524,15.0,370.0,370.3039292257105,2,-2.3215305898327188,-20,11,1,3.091523519811047
262,234901,411045.0,3397035.0,22,270,6,5,2585.0,9.2,502,0,5,411055,3397440,504,15,5,-118.0,524,10.0,405.0,405.123437979093,2,-1.414423211402152,-20,11,1,2.8262645720131387
263,234901,411045.0,3397035.0,22,270,6,5,2585.0,9.2,502,0,5,410930,3397235,506,0,7,-92.0,524,-115.0,200.0,230.70543990118657,4,29.898901838614563,-18,11,1,4.461268707085773
264,234901,411045.0,3397035.0,22,270,6,5,2585.0,9.2,502,0,5,410920,3397225,506,0,7,-89.33,524,-125.0,190.0,227.43130831088317,4,33.34070734647702,-18,11,1,4.525228858078995
265,234901,411045.0,3397035.0,22,270,6,5,2585.0,9.2,502,0,5,410965,3397190,504,0,7,-87.5,524,-80.0,155.0,174.42763542512407,2,27.299572211332816,-20,11,1,6.541010641996068
266,234901,411045.0,3397035.0,22,270,6,5,2585.0,9.2,502,0,5,410975,3397200,504,0,7,-89.5,524,-70.0,165.0,179.2344832893492,2,22.98871680208066,-20,11,1,6.367049008473474
267,234901,411045.0,3397035.0,22,270,6,5,2585.0,9.2,502,0,5,410970,3397195,504,0,7,-89.67,524,-75.0,160.0,176.70597047072292,2,25.114834886144536,-20,11,1,6.457391912788534
268,234901,411045.0,3397035.0,22,270,6,5,2585.0,9.2,502,0,5,410885,3397270,507,6,5,-99.33,524,-160.0,235.0,284.29737951659,5,34.24903300681194,-17,11,1,3.4220147131914778
269,234901,411045.0,3397035.0,22,270,6,5,2585.0,9.2,502,0,5,411015,3397160,502,0,7,-96.5,524,-30.0,125.0,128.5496013218244,0,13.495733280795832,-22,11,1,9.711525071246909
270,234901,411045.0,3397035.0,22,270,6,5,2585.0,9.2,502,0,5,410890,3397275,507,0,5,-99.14,524,-155.0,240.0,285.70089254323307,5,32.85572195043301,-17,11,1,3.4052436331461626
271,234901,411045.0,3397035.0,22,270,6,5,2585.0,9.2,502,0,5,410960,3397185,504,0,7,-87.0,524,-85.0,150.0,172.40939649566667,2,29.538782259558104,-20,11,1,6.61690513491109
272,234901,411045.0,3397035.0,22,270,6,5,2585.0,9.2,502,0,5,411010,3397155,502,0,5,-89.5,524,-35.0,120.0,125.0,0,16.26020470831196,-22,11,1,9.981829287733165
273,234901,411045.0,3397035.0,22,270,6,5,2585.0,9.2,502,0,5,411065,3397485,504,6,6,-116.5,524,20.0,450.0,450.4442251822083,2,-2.5448043798131152,-20,11,1,2.5422980045848647
274,234901,411045.0,3397035.0,22,270,6,5,2585.0,9.2,502,0,5,410745,3396955,505,12,5,-101.5,524,-300.0,-80.0,310.4834939252005,3,-255.06858282186246,-19,11,1,3.5018414328523297
275,234901,411045.0,3397035.0,22,270,6,5,2585.0,9.2,502,0,5,410650,3397010,506,0,5,-92.83,524,-395.0,-25.0,395.790348543266,4,-266.37851529588266,-18,11,1,2.6039388913180503
276,234901,411045.0,3397035.0,22,270,6,5,2585.0,9.2,502,0,5,410785,3396915,504,69,5,-115.5,524,-260.0,-120.0,286.35642126552705,2,-245.22485943116808,-20,11,1,3.99522295462384
277,234901,411045.0,3397035.0,22,270,6,5,2585.0,9.2,502,0,5,410790,3396910,504,69,5,-108.33,524,-255.0,-125.0,283.98943642325855,2,-243.8860873697093,-20,11,1,4.0284130128052675
278,234901,411045.0,3397035.0,22,270,6,5,2585.0,9.2,502,0,5,410670,3397030,506,0,14,-91.5,524,-375.0,-5.0,375.0333318519835,4,-269.23610153907003,-18,11,1,2.747844312472237
279,234901,411045.0,3397035.0,22,270,6,5,2585.0,9.2,502,0,5,410675,3397025,507,0,5,-92.88,524,-370.0,-10.0,370.1351104664349,5,-268.45184230102205,-17,11,1,2.629699774825087
280,234901,411045.0,3397035.0,22,270,6,5,2585.0,9.2,502,0,5,410640,3397020,506,0,14,-91.33,524,-405.0,-15.0,405.2776825831889,4,-267.8789036033386,-18,11,1,2.5430630556238794
281,234901,411045.0,3397035.0,22,270,6,5,2585.0,9.2,502,0,5,410655,3397005,506,0,5,-96.0,524,-390.0,-30.0,391.1521443121589,4,-265.6012946450045,-18,11,1,2.63477262331525
282,234901,411045.0,3397035.0,22,270,6,5,2585.0,9.2,502,0,5,410700,3397000,506,6,14,-96.5,524,-345.0,-35.0,346.77081768799405,4,-264.2072035049679,-18,11,1,2.9714128505346182
283,234901,411045.0,3397035.0,22,270,6,5,2585.0,9.2,502,0,5,410725,3397005,506,12,5,-93.0,524,-320.0,-30.0,321.40317359976393,4,-264.64417495714486,-18,11,1,3.205468684506683
284,234901,411045.0,3397035.0,22,270,6,5,2585.0,9.2,502,0,5,410865,3397065,505,5,14,-90.33,524,-180.0,30.0,182.4828759089466,3,80.53767779197437,-19,11,1,5.944181585530532
285,234901,411045.0,3397035.0,22,270,6,5,2585.0,9.2,502,0,5,410740,3397030,506,0,5,-91.33,524,-305.0,-5.0,305.04098085339285,4,-269.06080905426444,-18,11,1,3.37702003158435
286,234901,411045.0,3397035.0,22,270,6,5,2585.0,9.2,502,0,5,410845,3397045,505,0,5,-83.14,524,-200.0,10.0,200.24984394500785,3,87.13759477388828,-19,11,1,5.420082022292971
287,234901,411045.0,3397035.0,22,270,6,5,2585.0,9.2,502,0,5,410840,3397050,505,0,10,-93.17,524,-205.0,15.0,205.54804791094466,3,85.81508387488157,-19,11,1,5.281174372680939
288,234901,411045.0,3397035.0,22,270,6,5,2585.0,9.2,502,0,5,410790,3397000,505,69,10,-94.89,524,-255.0,-35.0,257.390753524675,3,-262.18470645323316,-19,11,1,4.221786985469414
289,234901,411045.0,3397035.0,22,270,6,5,2585.0,9.2,502,0,5,410780,3396990,505,69,5,-95.75,524,-265.0,-45.0,268.79360111431225,3,-260.36246188706906,-19,11,1,4.043296089461982
290,234901,411045.0,3397035.0,22,270,6,5,2585.0,9.2,502,0,5,410850,3397060,505,0,5,-84.88,524,-195.0,25.0,196.596032513375,3,82.69424046668917,-19,11,1,5.52019969300069
291,234901,411045.0,3397035.0,22,270,6,5,2585.0,9.2,502,0,5,410860,3397070,505,5,5,-87.33,524,-185.0,35.0,188.2817038376273,3,79.28687697720898,-19,11,1,5.7623599948165065
292,234901,411045.0,3397035.0,22,270,6,5,2585.0,9.2,502,0,5,410765,3396965,505,0,5,-101.33,524,-280.0,-70.0,288.61739379323626,3,-255.96375653207352,-19,11,1,3.766409490877731
293,234901,411045.0,3397035.0,22,270,6,5,2585.0,9.2,502,0,5,410735,3397015,506,0,14,-87.0,524,-310.0,-20.0,310.64449134018133,4,-266.3086140135487,-18,11,1,3.316241400254981
294,234901,411045.0,3397035.0,22,270,6,5,2585.0,9.2,502,0,5,410745,3397025,506,0,14,-87.5,524,-300.0,-10.0,300.1666203960727,4,-268.0908475670036,-18,11,1,3.43172893455207
295,234901,411045.0,3397035.0,22,270,6,5,2585.0,9.2,502,0,5,410755,3397035,506,0,6,-99.4,524,-290.0,0.0,290.0,4,90.0,-18,11,1,3.551733354820403
296,234901,411045.0,3397035.0,22,270,6,5,2585.0,9.2,502,0,5,410730,3397020,506,0,14,-89.08,524,-315.0,-15.0,315.35694062442957,4,-267.2736890060937,-18,11,1,3.2667942031563673
297,234901,411045.0,3397035.0,22,270,6,5,2585.0,9.2,502,0,5,410815,3397095,505,0,5,-71.5,524,-230.0,60.0,237.69728648009425,3,75.37912601136838,-19,11,1,4.570141037220698
298,234901,411045.0,3397035.0,22,270,6,5,2585.0,9.2,502,0,5,410720,3397010,506,0,5,-96.0,524,-325.0,-25.0,325.96012026013244,4,-265.6012946450045,-18,11,1,3.16074749800371
299,234901,411045.0,3397035.0,22,270,6,5,2585.0,9.2,502,0,5,410750,3397040,506,12,14,-91.0,524,-295.0,5.0,295.0423698386386,4,89.02897806892088,-18,11,1,3.4911845126313255
300,234901,411045.0,3397035.0,22,270,6,5,2585.0,9.2,502,0,5,410855,3397055,505,5,5,-86.44,524,-190.0,20.0,191.049731745428,3,83.99099404250546,-19,11,1,5.679421706393807
301,234901,411045.0,3397035.0,22,270,6,5,2585.0,9.2,502,0,5,410870,3397080,505,0,6,-84.67,524,-175.0,45.0,180.6931099959265,3,75.57922687248902,-19,11,1,6.002630936620526
302,234901,411045.0,3397035.0,22,270,6,5,2585.0,9.2,502,0,5,410875,3397075,505,0,6,-86.89,524,-170.0,40.0,174.64249196572982,3,76.75948008481282,-19,11,1,6.208999039615587
303,234901,411045.0,3397035.0,22,270,6,5,2585.0,9.2,502,0,5,410995,3396685,506,0,14,-108.5,524,-50.0,-350.0,353.5533905932738,4,-188.13010235415598,-18,11,1,2.9145084672093007
304,234901,411045.0,3397035.0,22,270,6,5,2585.0,9.2,502,0,5,411005,3396675,505,6,14,-106.5,524,-40.0,-360.0,362.2154055254967,3,-186.34019174590992,-19,11,1,3.0026966954861103
305,234901,411045.0,3397035.0,22,270,6,5,2585.0,9.2,502,0,5,410990,3396690,506,6,14,-110.0,524,-55.0,-345.0,349.35655139126845,4,-189.05788812861766,-18,11,1,2.949459160300906
306,234901,411045.0,3397035.0,22,270,6,5,2585.0,9.2,502,0,5,410890,3396790,502,6,14,-95.0,524,-155.0,-245.0,289.9137802864845,0,-212.31961650818016,-22,11,1,4.33955205461786
307,234901,411045.0,3397035.0,22,270,6,5,2585.0,9.2,502,0,5,410900,3396780,503,0,14,-94.0,524,-145.0,-255.0,293.3428028774526,1,-209.62374875117382,-21,11,1,4.094738982611202
308,234901,411045.0,3397035.0,22,270,6,5,2585.0,9.2,502,0,5,411165,3396790,503,6,6,-109.5,524,120.0,-245.0,272.8094573140748,1,-153.90457584261168,-21,11,1,4.401765543220885
309,234901,411045.0,3397035.0,22,270,6,5,2585.0,9.2,502,0,5,411430,3397015,503,0,5,-111.5,524,385.0,-20.0,385.5191305240247,1,-92.9737310824801,-21,11,1,3.1179345791526747
310,234901,411045.0,3397035.0,22,270,6,5,2585.0,9.2,502,0,5,411170,3396795,503,0,14,-106.0,524,125.0,-240.0,270.60118255469615,1,-152.48799737614854,-21,11,1,4.437543802298405
311,234901,411045.0,3397035.0,22,270,6,5,2585.0,9.2,502,0,5,411405,3397030,503,0,5,-116.0,524,360.0,-5.0,360.0347205478938,1,-90.79572355273928,-21,11,1,3.3381493208969646
312,234901,411045.0,3397035.0,22,270,6,5,2585.0,9.2,502,0,5,411190,3396775,503,0,14,-109.0,524,145.0,-260.0,297.6995129320839,1,-150.85192815428695,-21,11,1,4.035013560148203
313,234901,411045.0,3397035.0,22,270,6,5,2585.0,9.2,502,0,5,411410,3397035,503,0,5,-109.0,524,365.0,0.0,365.0,1,-90.0,-21,11,1,3.2928394003648846
314,234901,411045.0,3397035.0,22,270,6,5,2585.0,9.2,502,0,5,411055,3396680,505,6,14,-107.5,524,10.0,-355.0,355.1408171415953,3,-178.38646106711883,-19,11,1,3.062399217351426
315,234901,411045.0,3397035.0,22,270,6,5,2585.0,9.2,502,0,5,411130,3396755,504,0,14,-104.33,524,85.0,-280.0,292.61749776799064,2,-163.11320887605598,-20,11,1,3.9100060309689137
316,234901,411045.0,3397035.0,22,270,6,5,2585.0,9.2,502,0,5,411180,3396765,503,6,6,-105.67,524,135.0,-270.0,301.8691769624716,1,-153.43494882292202,-21,11,1,3.979458968092904
317,234901,411045.0,3397035.0,22,270,6,5,2585.0,9.2,502,0,5,411195,3396780,503,0,14,-101.67,524,150.0,-255.0,295.8462438497403,1,-149.5344550805401,-21,11,1,4.060205814092888
318,234901,411045.0,3397035.0,22,270,6,5,2585.0,9.2,502,0,5,411135,3396760,504,6,6,-108.0,524,90.0,-275.0,289.35272592460575,2,-161.87813975209866,-20,11,1,3.9539835401268424
319,234901,411045.0,3397035.0,22,270,6,5,2585.0,9.2,502,0,5,410875,3396775,503,0,5,-96.33,524,-170.0,-260.0,310.64449134018133,1,-213.17851165939277,-21,11,1,3.8673903493825255
320,234901,411045.0,3397035.0,22,270,6,5,2585.0,9.2,502,0,5,410945,3397030,504,0,5,-82.33,524,-100.0,-5.0,100.12492197250393,2,-267.1375947738883,-20,11,1,11.296184561378412
321,234901,411045.0,3397035.0,22,270,6,5,2585.0,9.2,502,0,5,410920,3397005,504,0,5,-84.28,524,-125.0,-30.0,128.5496013218244,2,-256.5042667192042,-20,11,1,8.843292140084747
322,234901,411045.0,3397035.0,22,270,6,5,2585.0,9.2,502,0,5,410925,3397010,504,0,5,-83.21,524,-120.0,-25.0,122.57650672131263,2,-258.23171106797935,-20,11,1,9.266914673299674
323,234901,411045.0,3397035.0,22,270,6,5,2585.0,9.2,502,0,5,410950,3397035,504,0,14,-82.75,524,-95.0,0.0,95.0,2,90.0,-20,11,1,11.888658039627975
324,234901,411045.0,3397035.0,22,270,6,5,2585.0,9.2,502,0,5,410940,3397025,504,0,5,-82.48,524,-105.0,-10.0,105.47511554864494,2,-264.5596679689945,-20,11,1,10.736851458406067
325,234901,411045.0,3397035.0,22,270,6,5,2585.0,9.2,502,0,5,410895,3396980,503,12,5,-91.38,524,-150.0,-55.0,159.76545308670458,1,-249.86369657175186,-21,11,1,7.48818306909528
326,234901,411045.0,3397035.0,22,270,6,5,2585.0,9.2,502,0,5,410930,3397015,504,0,14,-80.79,524,-115.0,-20.0,116.72617529928752,2,-260.13419305691565,-20,11,1,9.722713976706869
327,234901,411045.0,3397035.0,22,270,6,5,2585.0,9.2,502,0,5,410915,3397000,504,12,14,-84.4,524,-130.0,-35.0,134.6291201783626,2,-254.9315118405078,-20,11,1,8.449849157186682
328,234901,411045.0,3397035.0,22,270,6,5,2585.0,9.2,502,0,5,410935,3397020,504,0,5,-80.25,524,-110.0,-15.0,111.01801655587259,2,-262.23483398157464,-20,11,1,10.212350297613524
329,234901,411045.0,3397035.0,22,270,6,5,2585.0,9.2,502,0,5,410885,3396970,503,12,14,-80.5,524,-160.0,-65.0,172.69916039170545,1,-247.89055165624833,-21,11,1,6.933056888128816
330,234901,411045.0,3397035.0,22,270,6,5,2585.0,9.2,502,0,5,410910,3396995,504,0,14,-90.13,524,-135.0,-40.0,140.80127840328723,2,-253.49563861824498,-20,11,1,8.084448562927347
331,234901,411045.0,3397035.0,22,270,6,5,2585.0,9.2,502,0,5,410905,3396990,504,6,5,-91.83,524,-140.0,-45.0,147.05441169852742,2,-252.18111108547723,-20,11,1,7.744940078176673
332,234901,411045.0,3397035.0,22,270,6,5,2585.0,9.2,502,0,5,410900,3396985,504,0,5,-87.0,524,-145.0,-50.0,153.37861650177967,2,-250.97439396243132,-20,11,1,7.4292384515483825
333,234901,411045.0,3397035.0,22,270,6,5,2585.0,9.2,502,0,5,410810,3397280,507,0,14,-97.0,524,-235.0,245.0,339.4849039353591,5,43.806510576017956,-17,11,1,2.8667410773791495
334,234901,411045.0,3397035.0,22,270,6,5,2585.0,9.2,502,0,5,410860,3397210,506,0,7,-91.0,524,-185.0,175.0,254.65663156493687,4,46.591140271194604,-18,11,1,4.0431368590726535
335,234901,411045.0,3397035.0,22,270,6,5,2585.0,9.2,502,0,5,410855,3397235,508,9,7,-93.33,524,-190.0,200.0,275.86228448267445,6,43.53119928561421,-16,11,1,3.319433762809483
336,234901,411045.0,3397035.0,22,270,6,5,2585.0,9.2,502,0,5,410865,3397205,506,0,7,-93.0,524,-180.0,170.0,247.58836806279893,4,46.63657704161676,-18,11,1,4.1581628624022064
337,234901,411045.0,3397035.0,22,270,6,5,2585.0,9.2,502,0,5,410850,3397240,508,9,5,-100.33,524,-195.0,205.0,282.93108701590216,6,43.56790381583539,-16,11,1,3.2366789931836357
338,234901,411045.0,3397035.0,22,270,6,5,2585.0,9.2,502,0,5,411020,3393555,505,0,5,-99.67,524,-25.0,-3480.0,3480.089797692008,3,-180.4116005308419,-19,11,1,0.3128106048586221
339,234901,411045.0,3397035.0,22,270,6,5,2585.0,9.2,502,0,5,410875,3396990,504,6,5,-86.5,524,-170.0,-45.0,175.85505395068975,2,-255.17352002964432,-20,11,1,6.488371726192789
340,234901,411045.0,3397035.0,22,270,6,5,2585.0,9.2,502,0,5,410850,3396965,504,6,5,-89.67,524,-195.0,-70.0,207.18349355100662,2,-250.25316339457387,-20,11,1,5.513836578103253
341,234901,411045.0,3397035.0,22,270,6,5,2585.0,9.2,502,0,5,410855,3396970,504,0,5,-86.0,524,-190.0,-65.0,200.81085628023203,2,-251.1139126302907,-20,11,1,5.687685764085002
342,234901,411045.0,3397035.0,22,270,6,5,2585.0,9.2,502,0,5,410820,3397035,505,0,5,-86.75,524,-225.0,0.0,225.0,3,90.0,-19,11,1,4.826858781122976
343,234901,411045.0,3397035.0,22,270,6,5,2585.0,9.2,502,0,5,410840,3396975,504,0,5,-96.5,524,-205.0,-60.0,213.60009363293827,2,-253.68614757373945,-20,11,1,5.3491750982856034
344,234901,411045.0,3397035.0,22,270,6,5,2585.0,9.2,502,0,5,410845,3396980,504,0,5,-91.25,524,-200.0,-55.0,207.4246851269154,2,-254.62374875117382,-20,11,1,5.507464581070988
345,234901,411045.0,3397035.0,22,270,6,5,2585.0,9.2,502,0,5,410830,3397025,505,0,5,-88.56,524,-215.0,-10.0,215.23243250030885,3,-267.33699923393283,-19,11,1,5.044802771468416
346,234901,411045.0,3397035.0,22,270,6,5,2585.0,9.2,502,0,5,410870,3396985,504,0,5,-89.5,524,-175.0,-50.0,182.00274723201295,2,-254.05460409907712,-20,11,1,6.2709835451627045
347,234901,411045.0,3397035.0,22,270,6,5,2585.0,9.2,502,0,5,410800,3397015,505,0,10,-90.35,524,-245.0,-20.0,245.81497106563708,3,-265.333141628561,-19,11,1,4.419826883962332
348,234901,411045.0,3397035.0,22,270,6,5,2585.0,9.2,502,0,5,410760,3397055,507,0,6,-100.0,524,-285.0,20.0,285.70089254323307,5,85.98582430458896,-17,11,1,3.4052436331461626
349,234901,411045.0,3397035.0,22,270,6,5,2585.0,9.2,502,0,5,410810,3397005,505,0,5,-95.0,524,-235.0,-30.0,236.90715480964266,3,-262.7249950421108,-19,11,1,4.585318460657195
350,234901,411045.0,3397035.0,22,270,6,5,2585.0,9.2,502,0,5,410815,3397010,505,0,5,-88.83,524,-230.0,-25.0,231.3547060251855,3,-263.7965520983082,-19,11,1,4.694878625021134
351,234901,411045.0,3397035.0,22,270,6,5,2585.0,9.2,502,0,5,410805,3397020,505,0,5,-88.91,524,-240.0,-15.0,240.46829312822095,3,-266.4236656250026,-19,11,1,4.51769684943331
352,234901,411045.0,3397035.0,22,270,6,5,2585.0,9.2,502,0,5,410765,3397060,507,0,5,-97.0,524,-280.0,25.0,281.1138559374119,5,84.89783474764181,-17,11,1,3.4606742656314475
353,234901,411045.0,3397035.0,22,270,6,5,2585.0,9.2,502,0,5,410835,3397030,505,0,5,-91.0,524,-210.0,-5.0,210.05951537600004,3,-268.63607246839706,-19,11,1,5.168371073501759
354,234901,411045.0,3397035.0,22,270,6,5,2585.0,9.2,502,0,5,410865,3397000,504,12,14,-80.25,524,-180.0,-35.0,183.3712082089225,2,-258.9964591482505,-20,11,1,6.22455322985451
355,234901,411045.0,3397035.0,22,270,6,5,2585.0,9.2,502,0,5,410860,3396995,504,0,14,-90.33,524,-185.0,-40.0,189.274932307477,2,-257.7995312726192,-20,11,1,6.031855660763505
356,234901,411045.0,3397035.0,22,270,6,5,2585.0,9.2,502,0,5,410845,3396950,503,6,5,-95.5,524,-200.0,-85.0,217.3131381210073,1,-246.97450799147197,-21,11,1,5.519624446517345
357,234901,411045.0,3397035.0,22,270,6,5,2585.0,9.2,502,0,5,410600,3397025,506,0,5,-92.0,524,-445.0,-10.0,445.1123453691214,4,-268.71267105847494,-18,11,1,2.31573535864802
358,234901,411045.0,3397035.0,22,270,6,5,2585.0,9.2,502,0,5,410630,3397015,506,0,14,-83.67,524,-415.0,-20.0,415.4816482108446,4,-267.2408923413797,-18,11,1,2.480686043190041
359,234901,411045.0,3397035.0,22,270,6,5,2585.0,9.2,502,0,5,410840,3396945,503,0,10,-108.0,524,-205.0,-90.0,223.8861317723811,1,-246.29735404903377,-21,11,1,5.358533157134897
360,234901,411045.0,3397035.0,22,270,6,5,2585.0,9.2,502,0,5,410635,3397020,506,0,14,-92.29,524,-410.0,-15.0,410.27429848821873,4,-267.9047474353762,-18,11,1,2.5121317232995417
361,234901,411045.0,3397035.0,22,270,6,5,2585.0,9.2,502,0,5,410875,3396940,503,12,5,-84.86,524,-170.0,-95.0,194.74342094150447,1,-240.80251395393555,-21,11,1,6.1546618711972405
362,234901,411045.0,3397035.0,22,270,6,5,2585.0,9.2,502,0,5,410860,3396925,503,0,14,-89.0,524,-185.0,-110.0,215.23243250030885,1,-239.26451229807992,-21,11,1,5.572649749961217
363,234901,411045.0,3397035.0,22,270,6,5,2585.0,9.2,502,0,5,410860,3397205,506,0,7,-89.0,524,-185.0,170.0,251.24689052802225,4,47.419509216656365,-18,11,1,4.097821708532467
364,234901,411045.0,3397035.0,22,270,6,5,2585.0,9.2,502,0,5,410855,3397240,508,9,5,-94.5,524,-190.0,205.0,279.5084971874737,6,42.82525588538999,-16,11,1,3.2762264087641078
365,234901,411045.0,3397035.0,22,270,6,5,2585.0,9.2,502,0,5,410740,3396985,505,0,14,-93.5,524,-305.0,-50.0,309.0711892105118,3,-260.690059825014,-19,11,1,3.517803049384196
366,234901,411045.0,3397035.0,22,270,6,5,2585.0,9.2,502,0,5,410860,3397105,504,0,14,-83.25,524,-185.0,70.0,197.80040444852483,2,69.27444113443948,-20,11,1,5.773669832048473
367,234901,411045.0,3397035.0,22,270,6,5,2585.0,9.2,502,0,5,410835,3397080,505,12,6,-81.0,524,-210.0,45.0,214.76731594914529,3,77.9052429229879,-19,11,1,5.0556716217985125
368,234901,411045.0,3397035.0,22,270,6,5,2585.0,9.2,502,0,5,410745,3396990,505,12,5,-95.0,524,-300.0,-45.0,303.35622624235026,3,-261.46923439005184,-19,11,1,3.5839042073156664
369,234901,411045.0,3397035.0,22,270,6,5,2585.0,9.2,502,0,5,410790,3397035,506,0,10,-89.67,524,-255.0,0.0,255.0,4,90.0,-18,11,1,4.037710620977124
370,234901,411045.0,3397035.0,22,270,6,5,2585.0,9.2,502,0,5,410750,3396995,505,0,5,-96.67,524,-295.0,-40.0,297.6995129320839,3,-262.278174199869,-19,11,1,3.651820907822143
371,234901,411045.0,3397035.0,22,270,6,5,2585.0,9.2,502,0,5,410770,3397015,506,0,5,-94.92,524,-275.0,-20.0,275.72631357924473,4,-265.84035770628736,-18,11,1,3.735090311130812
372,234901,411045.0,3397035.0,22,270,6,5,2585.0,9.2,502,0,5,410870,3397115,504,0,5,-83.17,524,-175.0,80.0,192.41881404893857,2,65.43282867939865,-20,11,1,5.934011719315209
373,234901,411045.0,3397035.0,22,270,6,5,2585.0,9.2,502,0,5,410795,3397040,506,0,10,-80.33,524,-250.0,5.0,250.04999500099976,4,88.85423716182493,-18,11,1,4.117369145125787
374,234901,411045.0,3397035.0,22,270,6,5,2585.0,9.2,502,0,5,410875,3397120,503,0,14,-82.8,524,-170.0,85.0,190.06577808748213,1,63.434948822922024,-21,11,1,6.304926753636349
375,234901,411045.0,3397035.0,22,270,6,5,2585.0,9.2,502,0,5,410780,3397025,506,0,10,-90.56,524,-265.0,-10.0,265.1886121235224,4,-267.8389205117736,-18,11,1,3.883064791855533
376,234901,411045.0,3397035.0,22,270,6,5,2585.0,9.2,502,0,5,410755,3397000,506,0,6,-84.25,524,-290.0,-35.0,292.1044333795706,4,-263.11827636936306,-18,11,1,3.526210090226991
377,234901,411045.0,3397035.0,22,270,6,5,2585.0,9.2,502,0,5,410775,3397020,506,0,5,-87.75,524,-270.0,-15.0,270.4163456597992,4,-266.8201698801357,-18,11,1,3.808219799072917
378,234901,411045.0,3397035.0,22,270,6,5,2585.0,9.2,502,0,5,410760,3397005,506,0,6,-90.08,524,-285.0,-30.0,286.574597618142,4,-263.99099404250546,-18,11,1,3.594076305003113
379,234901,411045.0,3397035.0,22,270,6,5,2585.0,9.2,502,0,5,410765,3397010,506,0,5,-93.53,524,-280.0,-25.0,281.1138559374119,4,-264.8978347476418,-18,11,1,3.663704229863331
380,234901,411045.0,3397035.0,22,270,6,5,2585.0,9.2,502,0,5,410785,3397030,506,0,10,-95.8,524,-260.0,-5.0,260.0480724789169,4,-268.89829388479365,-18,11,1,3.959582056278252
381,234901,411045.0,3397035.0,22,270,6,5,2585.0,9.2,502,0,5,410865,3397110,504,0,14,-79.2,524,-180.0,75.0,195.0,2,67.38013505195954,-20,11,1,5.856013585428958
382,234901,411045.0,3397035.0,22,270,6,5,2585.0,9.2,502,0,5,410845,3397090,504,0,5,-85.67,524,-200.0,55.0,207.4246851269154,2,74.62374875117382,-20,11,1,5.507464581070988
383,234901,411045.0,3397035.0,22,270,6,5,2585.0,9.2,502,0,5,410855,3397100,504,0,14,-84.5,524,-190.0,65.0,200.81085628023203,2,71.11391263029071,-20,11,1,5.687685764085002
384,234901,411045.0,3397035.0,22,270,6,5,2585.0,9.2,502,0,5,410850,3397215,506,9,7,-91.5,524,-195.0,180.0,265.37709019431196,4,47.29061004263855,-18,11,1,3.8803153609943837
385,234901,411045.0,3397035.0,22,270,6,5,2585.0,9.2,502,0,5,410840,3397205,506,0,5,-90.0,524,-205.0,170.0,266.3174797117155,4,50.33215888165955,-18,11,1,3.866655276631612
386,234901,411045.0,3397035.0,22,270,6,5,2585.0,9.2,502,0,5,410855,3397220,507,9,7,-93.0,524,-190.0,185.0,265.1886121235224,5,45.76389846093002,-17,11,1,3.667945129752721
387,234901,411045.0,3397035.0,22,270,6,5,2585.0,9.2,502,0,5,410835,3397280,507,0,14,-96.0,524,-210.0,245.0,322.6840560052511,5,40.60129464500449,-17,11,1,3.0157319196176586
388,234901,411045.0,3397035.0,22,270,6,5,2585.0,9.2,502,0,5,410860,3397225,507,0,7,-90.0,524,-185.0,190.0,265.1886121235224,5,44.23610153906998,-17,11,1,3.667945129752721
389,234901,411045.0,3397035.0,22,270,6,5,2585.0,9.2,502,0,5,410825,3397270,507,6,5,-93.5,524,-220.0,235.0,321.90837205639747,5,43.111811993259096,-17,11,1,3.02298529178731
390,234901,411045.0,3397035.0,22,270,6,5,2585.0,9.2,502,0,5,410870,3397235,507,0,7,-95.6,524,-175.0,200.0,265.75364531836624,5,41.18592516570965,-17,11,1,3.6601677354127475
391,234901,411045.0,3397035.0,22,270,6,5,2585.0,9.2,502,0,5,410800,3396975,505,69,5,-97.0,524,-245.0,-60.0,252.23996511258878,3,-256.2392148882087,-19,11,1,4.307675412355175
392,234901,411045.0,3397035.0,22,270,6,5,2585.0,9.2,502,0,5,410810,3396965,504,0,5,-101.67,524,-235.0,-70.0,245.20399670478457,2,-253.41266144307258,-20,11,1,4.662992921510106
393,234901,411045.0,3397035.0,22,270,6,5,2585.0,9.2,502,0,5,410865,3397040,505,5,5,-89.14,524,-180.0,5.0,180.06943105369106,3,88.4088597288054,-19,11,1,6.023268754043912
394,234901,411045.0,3397035.0,22,270,6,5,2585.0,9.2,502,0,5,410860,3397035,505,0,14,-87.33,524,-185.0,0.0,185.0,3,90.0,-19,11,1,5.863872010768939
395,234901,411045.0,3397035.0,22,270,6,5,2585.0,9.2,502,0,5,410820,3396995,505,69,5,-91.57,524,-225.0,-40.0,228.52789764052878,3,-259.9194020124577,-19,11,1,4.7526881813006385
396,234901,411045.0,3397035.0,22,270,6,5,2585.0,9.2,502,0,5,410835,3396990,504,69,5,-100.5,524,-210.0,-45.0,214.76731594914529,2,-257.9052429229879,-20,11,1,5.320270553156136
397,234901,411045.0,3397035.0,22,270,6,5,2585.0,9.2,502,0,5,410875,3397030,504,0,14,-85.71,524,-170.0,-5.0,170.07351351694948,2,-268.3153156821037,-20,11,1,6.706962938490843
398,234901,411045.0,3397035.0,22,270,6,5,2585.0,9.2,502,0,5,410845,3397020,505,0,14,-87.05,524,-200.0,-15.0,200.5617112013158,3,-265.710846671181,-19,11,1,5.4117040372090734
399,234901,411045.0,3397035.0,22,270,6,5,2585.0,9.2,502,0,5,410855,3397010,504,0,5,-83.77,524,-190.0,-25.0,191.637678967368,2,-262.5041423602702,-20,11,1,5.958025727148784
400,234901,411045.0,3397035.0,22,270,6,5,2585.0,9.2,502,0,5,410850,3397005,504,0,14,-82.3,524,-195.0,-30.0,197.29419656948858,2,-261.25383773744477,-20,11,1,5.788383170612081
401,234901,411045.0,3397035.0,22,270,6,5,2585.0,9.2,502,0,5,410840,3397015,505,0,14,-82.66,524,-205.0,-20.0,205.9732992404598,3,-264.42780219603617,-19,11,1,5.270332352547675
402,234901,411045.0,3397035.0,22,270,6,5,2585.0,9.2,502,0,5,410870,3397025,504,0,14,-85.82,524,-175.0,-10.0,175.28548142958104,2,-266.72951207681643,-20,11,1,6.509274380902545
403,234901,411045.0,3397035.0,22,270,6,5,2585.0,9.2,502,0,5,410825,3397000,505,69,5,-93.0,524,-220.0,-35.0,222.76669409945464,3,-260.9605171966449,-19,11,1,4.875017489948617
404,234901,411045.0,3397035.0,22,270,6,5,2585.0,9.2,502,0,5,410925,3396855,502,0,5,-90.0,524,-120.0,-180.0,216.33307652783935,0,-213.69006752597977,-22,11,1,5.80673375150021
405,234901,411045.0,3397035.0,22,270,6,5,2585.0,9.2,502,0,5,410915,3396825,502,0,14,-82.33,524,-130.0,-210.0,246.9817807045694,0,-211.75948008481282,-22,11,1,5.090210002741232
406,234901,411045.0,3397035.0,22,270,6,5,2585.0,9.2,502,0,5,410855,3397300,507,0,14,-98.81,524,-190.0,265.0,326.0751447136074,5,35.63980919808671,-17,11,1,2.984426160406954
407,234901,411045.0,3397035.0,22,270,6,5,2585.0,9.2,502,0,5,410860,3397305,507,0,5,-101.0,524,-185.0,270.0,327.29955698106284,5,34.41836447905621,-17,11,1,2.9732816327837144
408,234901,411045.0,3397035.0,22,270,6,5,2585.0,9.2,502,0,5,410865,3397310,507,0,5,-103.5,524,-180.0,275.0,328.6715685908959,5,33.20657031508955,-17,11,1,2.96089205229337
409,234901,411045.0,3397035.0,22,270,6,5,2585.0,9.2,502,0,5,410850,3397295,507,0,14,-95.5,524,-195.0,260.0,325.0,5,36.86989764584405,-17,11,1,2.9942811160952982
410,234901,411045.0,3397035.0,22,270,6,5,2585.0,9.2,502,0,5,410845,3397290,507,0,5,-95.09,524,-200.0,255.0,324.07560846197606,5,38.10757687751487,-17,11,1,3.002806378934136
411,234901,411045.0,3397035.0,22,270,6,5,2585.0,9.2,502,0,5,410840,3397285,507,0,14,-96.63,524,-205.0,250.0,323.3032632065442,5,39.35175262626473,-17,11,1,3.009966664384669
412,234901,411045.0,3397035.0,22,270,6,5,2585.0,9.2,502,0,5,410875,3397320,507,0,5,-97.5,524,-170.0,285.0,331.85087012090236,5,30.815705751729183,-17,11,1,2.9325749427059824
413,234901,411045.0,3397035.0,22,270,6,5,2585.0,9.2,502,0,5,410870,3397315,507,0,5,-100.75,524,-175.0,280.0,330.1893396219811,5,32.005383208083515,-17,11,1,2.9473058640732632
414,234901,411045.0,3397035.0,22,270,6,5,2585.0,9.2,502,0,5,410855,3397070,505,5,5,-88.0,524,-190.0,35.0,193.19679086361657,3,79.56252464888183,-19,11,1,5.61671027057179
415,234901,411045.0,3397035.0,22,270,6,5,2585.0,9.2,502,0,5,410850,3397065,505,0,5,-97.0,524,-195.0,30.0,197.29419656948858,3,81.25383773744477,-19,11,1,5.500785413395319
416,234901,411045.0,3397035.0,22,270,6,5,2585.0,9.2,502,0,5,410875,3397050,505,0,5,-89.14,524,-170.0,15.0,170.66048165876012,3,84.95754893082909,-19,11,1,6.352702140831586
417,234901,411045.0,3397035.0,22,270,6,5,2585.0,9.2,502,0,5,410865,3397060,505,5,14,-88.45,524,-180.0,25.0,181.72781845386248,3,82.09283729704157,-19,11,1,5.968701025418693
418,234901,411045.0,3397035.0,22,270,6,5,2585.0,9.2,502,0,5,410755,3397010,506,0,6,-92.07,524,-290.0,-25.0,291.0755915565577,4,-265.072890052351,-18,11,1,3.538642290482406
419,234901,411045.0,3397035.0,22,270,6,5,2585.0,9.2,502,0,5,410735,3397030,506,0,14,-103.75,524,-310.0,-5.0,310.0403199585499,4,-269.07595464722726,-18,11,1,3.322689250074023
420,234901,411045.0,3397035.0,22,270,6,5,2585.0,9.2,502,0,5,410745,3397020,506,0,14,-94.11,524,-300.0,-15.0,300.3747659175118,4,-267.1375947738883,-18,11,1,3.4293565858644537
421,234901,411045.0,3397035.0,22,270,6,5,2585.0,9.2,502,0,5,410740,3397015,506,0,5,-93.43,524,-305.0,-20.0,305.6550343115585,4,-266.2482709294741,-18,11,1,3.37025133547504
422,234901,411045.0,3397035.0,22,270,6,5,2585.0,9.2,502,0,5,410730,3397025,506,0,14,-95.0,524,-315.0,-10.0,315.15869018638847,4,-268.18169703554815,-18,11,1,3.268844723719828
423,234901,411045.0,3397035.0,22,270,6,5,2585.0,9.2,502,0,5,410765,3397000,505,0,5,-88.0,524,-280.0,-35.0,282.17902119044925,3,-262.8749836510982,-19,11,1,3.8520903843796894
424,234901,411045.0,3397035.0,22,270,6,5,2585.0,9.2,502,0,5,410760,3396995,505,0,6,-85.88,524,-285.0,-40.0,287.7933286231632,3,-262.01067323360314,-19,11,1,3.777163023278417
425,234901,411045.0,3397035.0,22,270,6,5,2585.0,9.2,502,0,5,410750,3397005,506,12,14,-88.63,524,-295.0,-30.0,296.52150006365474,4,-264.1932730944684,-18,11,1,3.4738122834432463
426,234901,411045.0,3397035.0,22,270,6,5,2585.0,9.2,502,0,5,410815,3397110,504,12,14,-92.5,524,-230.0,75.0,241.91940806805889,2,71.93952806380082,-20,11,1,4.726018451597944
427,234901,411045.0,3397035.0,22,270,6,5,2585.0,9.2,502,0,5,410775,3396990,505,0,5,-110.5,524,-270.0,-45.0,273.72431386341987,3,-260.5376777919744,-19,11,1,3.9706975754674994
428,234901,411045.0,3397035.0,22,270,6,5,2585.0,9.2,502,0,5,410870,3397045,505,0,14,-86.18,524,-175.0,10.0,175.28548142958104,3,86.72951207681643,-19,11,1,6.186399859548666
429,234901,411045.0,3397035.0,22,270,6,5,2585.0,9.2,502,0,5,410720,3397035,506,12,5,-97.17,524,-325.0,0.0,325.0,4,90.0,-18,11,1,3.170066013020603
430,234901,411045.0,3397035.0,22,270,6,5,2585.0,9.2,502,0,5,410795,3396970,504,69,10,-118.5,524,-250.0,-65.0,258.3118270617898,2,-255.42578380196127,-20,11,1,4.427338758577026
431,234901,411045.0,3397035.0,22,270,6,5,2585.0,9.2,502,0,5,410845,3397080,505,0,6,-81.5,524,-200.0,45.0,205.0,3,77.31961650818016,-19,11,1,5.295212936617116
432,234901,411045.0,3397035.0,22,270,6,5,2585.0,9.2,502,0,5,410860,3397055,505,5,5,-90.33,524,-185.0,20.0,186.07794065928394,3,83.8298249049704,-19,11,1,5.8301375480571584
433,234901,411045.0,3397035.0,22,270,6,5,2585.0,9.2,502,0,5,410875,3396935,503,0,5,-86.0,524,-170.0,-100.0,197.2308292331602,1,-239.53445508054014,-21,11,1,6.0776259683161165
434,234901,411045.0,3397035.0,22,270,6,5,2585.0,9.2,502,0,5,410870,3396940,503,12,5,-83.0,524,-175.0,-95.0,199.12307751739877,1,-241.50436138175502,-21,11,1,6.02029701962169
435,234901,411045.0,3397035.0,22,270,6,5,2585.0,9.2,502,0,5,410845,3396945,503,6,5,-96.25,524,-200.0,-90.0,219.31712199461307,1,-245.77225468204585,-21,11,1,5.469496779684539
436,234901,411045.0,3397035.0,22,270,6,5,2585.0,9.2,502,0,5,410635,3397015,506,0,14,-91.75,524,-410.0,-20.0,410.48751503547584,4,-267.2072976342867,-18,11,1,2.5108285353193023
437,234901,411045.0,3397035.0,22,270,6,5,2585.0,9.2,502,0,5,410840,3396950,503,6,10,-97.0,524,-205.0,-85.0,221.92341021172146,1,-247.47943439710312,-21,11,1,5.405645261220799
438,234901,411045.0,3397035.0,22,270,6,5,2585.0,9.2,502,0,5,410630,3397020,506,0,14,-89.0,524,-415.0,-15.0,415.27099585692235,4,-267.9299693469589,-18,11,1,2.4819428346831502
439,234901,411045.0,3397035.0,22,270,6,5,2585.0,9.2,502,0,5,410855,3396955,503,0,5,-88.33,524,-190.0,-80.0,206.15528128088303,1,-247.16634582208246,-21,11,1,5.81637000154808
440,234901,411045.0,3397035.0,22,270,6,5,2585.0,9.2,502,0,5,411140,3397190,504,15,14,-104.5,524,95.0,155.0,181.79658962697843,2,-31.504266719204168,-20,11,1,6.278038098723852
441,234901,411045.0,3397035.0,22,270,6,5,2585.0,9.2,502,0,5,411075,3397275,505,0,5,-100.33,524,30.0,240.0,241.8677324489565,3,-7.125016348901795,-19,11,1,4.491664866476404
442,234901,411045.0,3397035.0,22,270,6,5,2585.0,9.2,502,0,5,411035,3397315,504,0,7,-110.0,524,-10.0,280.0,280.178514522438,2,2.045408488887233,-20,11,1,4.083022453842381
443,234901,411045.0,3397035.0,22,270,6,5,2585.0,9.2,502,0,5,411125,3397165,503,0,6,-104.5,524,80.0,130.0,152.64337522473747,1,-31.607502246248885,-21,11,1,7.833326204911447
444,234901,411045.0,3397035.0,22,270,6,5,2585.0,9.2,502,0,5,411070,3397280,505,0,5,-106.22,524,25.0,245.0,246.272207120495,3,-5.8263420295558035,-19,11,1,4.4116533316001005
445,234901,411045.0,3397035.0,22,270,6,5,2585.0,9.2,502,0,5,411065,3397265,505,0,5,-104.5,524,20.0,230.0,230.8679276123039,3,-4.96974072811031,-19,11,1,4.704733252040484
446,234901,411045.0,3397035.0,22,270,6,5,2585.0,9.2,502,0,5,411010,3397300,504,0,7,-104.33,524,-35.0,265.0,267.30132809247317,2,7.523820438638609,-20,11,1,4.279007335215742
447,234901,411045.0,3397035.0,22,270,6,5,2585.0,9.2,502,0,5,411000,3397290,505,0,14,-104.78,524,-45.0,255.0,258.940147524481,3,10.007979801441365,-19,11,1,4.196616026860992
448,234901,411045.0,3397035.0,22,270,6,5,2585.0,9.2,502,0,5,411015,3397295,504,0,5,-107.08,524,-30.0,260.0,261.72504656604804,2,6.581944655178006,-20,11,1,4.36982587280222
449,234901,411045.0,3397035.0,22,270,6,5,2585.0,9.2,502,0,5,411160,3397130,504,0,5,-107.6,524,115.0,95.0,149.164338901763,2,-50.44033203100551,-20,11,1,7.636689980663375
450,234901,411045.0,3397035.0,22,270,6,5,2585.0,9.2,502,0,5,411135,3397175,504,0,5,-100.33,524,90.0,140.0,166.43316977093238,2,-32.73522627210758,-20,11,1,6.852282245439308
451,234901,411045.0,3397035.0,22,270,6,5,2585.0,9.2,502,0,5,411005,3397285,504,0,14,-102.75,524,-40.0,250.0,253.17977802344325,2,9.090276920822305,-20,11,1,4.51671489873507
452,234901,411045.0,3397035.0,22,270,6,5,2585.0,9.2,502,0,5,411020,3397310,504,0,7,-108.5,524,-25.0,275.0,276.1340254296815,2,5.194428907734789,-20,11,1,4.142619096366386
453,234901,411045.0,3397035.0,22,270,6,5,2585.0,9.2,502,0,5,410870,3397155,503,0,7,-85.25,524,-175.0,120.0,212.19095173922943,1,55.56101069119643,-21,11,1,5.652012855404422
454,234901,411045.0,3397035.0,22,270,6,5,2585.0,9.2,502,0,5,410850,3397135,503,0,5,-81.0,524,-195.0,100.0,219.14607000811125,1,62.850318302216806,-21,11,1,5.4737400148465625
455,234901,411045.0,3397035.0,22,270,6,5,2585.0,9.2,502,0,5,410865,3397150,502,0,5,-87.0,524,-180.0,115.0,213.60009363293827,0,57.42594286542749,-22,11,1,5.880512688004979
456,234901,411045.0,3397035.0,22,270,6,5,2585.0,9.2,502,0,5,410840,3397125,503,0,5,-87.0,524,-205.0,90.0,223.8861317723811,1,66.29735404903374,-21,11,1,5.358533157134897
457,234901,411045.0,3397035.0,22,270,6,5,2585.0,9.2,502,0,5,410845,3397130,503,0,5,-86.0,524,-200.0,95.0,221.41589825484527,1,64.59228189105158,-21,11,1,5.417962006051842
458,234901,411045.0,3397035.0,22,270,6,5,2585.0,9.2,502,0,5,410855,3397140,503,0,5,-84.0,524,-190.0,105.0,217.0829334609241,1,61.07357416474639,-21,11,1,5.52544150417802
459,234901,411045.0,3397035.0,22,270,6,5,2585.0,9.2,502,0,5,410820,3397185,505,0,5,-90.5,524,-225.0,150.0,270.4163456597992,3,56.30993247402023,-19,11,1,4.019112381424561
460,234901,411045.0,3397035.0,22,270,6,5,2585.0,9.2,502,0,5,410860,3397145,502,0,5,-79.67,524,-185.0,110.0,215.23243250030885,0,59.26451229807992,-22,11,1,5.836223456476851
461,234901,411045.0,3397035.0,22,270,6,5,2585.0,9.2,502,0,5,410935,3396825,502,6,14,-110.5,524,-110.0,-210.0,237.06539182259397,0,-207.64597536373867,-22,11,1,5.301943002181076
462,234901,411045.0,3397035.0,22,270,6,5,2585.0,9.2,502,0,5,410925,3396835,502,0,5,-102.67,524,-120.0,-200.0,233.23807579381202,0,-210.96375653207352,-22,11,1,5.38843714118542
463,234901,411045.0,3397035.0,22,270,6,5,2585.0,9.2,502,0,5,411040,3397040,502,0,5,-79.5,524,-5.0,5.0,7.0710678118654755,0,45.0,-22,11,1,72.1819626544587
464,234901,411045.0,3397035.0,22,270,6,5,2585.0,9.2,502,0,5,410920,3396840,502,0,14,-100.0,524,-125.0,-195.0,231.62469643800938,0,-212.6609127216738,-22,11,1,5.425747025493239
465,234901,411045.0,3397035.0,22,270,6,5,2585.0,9.2,502,0,5,410930,3396830,502,6,6,-88.0,524,-115.0,-205.0,235.05318547086316,0,-209.29136217098426,-22,11,1,5.347069073182151
466,234901,411045.0,3397035.0,22,270,6,5,2585.0,9.2,502,0,5,411000,3396920,499,0,5,-92.0,524,-45.0,-115.0,123.4908903522847,-3,-201.3706222693432,-25,11,1,11.4445185981727
467,234901,411045.0,3397035.0,22,270,6,5,2585.0,9.2,502,0,5,410910,3396850,502,0,6,-95.67,524,-135.0,-185.0,229.01964981197574,0,-216.11934084947973,-22,11,1,5.487089103118916
468,234901,411045.0,3397035.0,22,270,6,5,2585.0,9.2,502,0,5,410915,3396845,502,0,14,-93.0,524,-130.0,-190.0,230.21728866442677,0,-214.38034472384487,-22,11,1,5.458716975095287
469,234901,411045.0,3397035.0,22,270,6,5,2585.0,9.2,502,0,5,411050,3397030,501,0,5,-78.08,524,5.0,-5.0,7.0710678118654755,-1,-135.0,-23,11,1,72.9105966502609
470,234901,411045.0,3397035.0,22,270,6,5,2585.0,9.2,502,0,5,411045,3397035,502,0,5,-78.25,524,0.0,0.0,0.0,0,-90.0,-22,11,1,90.0
471,234901,411045.0,3397035.0,22,270,6,5,2585.0,9.2,502,0,5,411055,3397025,501,0,5,-78.82,524,10.0,-10.0,14.142135623730951,-1,-135.0,-23,11,1,58.41366190347208
472,234901,411045.0,3397035.0,22,270,6,5,2585.0,9.2,502,0,5,410955,3396805,502,6,14,-93.5,524,-90.0,-230.0,246.9817807045694,0,-201.3706222693432,-22,11,1,5.090210002741232
473,234901,411045.0,3397035.0,22,270,6,5,2585.0,9.2,502,0,5,411060,3397020,501,0,5,-78.75,524,15.0,-15.0,21.213203435596427,-1,-135.0,-23,11,1,47.31424584210774
474,234901,411045.0,3397035.0,22,270,6,5,2585.0,9.2,502,0,5,410950,3396810,502,6,5,-107.33,524,-95.0,-225.0,244.23349483639626,0,-202.89055165624833,-22,11,1,5.14718262196869
475,234901,411045.0,3397035.0,22,270,6,5,2585.0,9.2,502,0,5,411065,3397015,501,0,5,-78.25,524,20.0,-20.0,28.284271247461902,-1,-135.0,-23,11,1,39.11707104818377
476,234901,411045.0,3397035.0,22,270,6,5,2585.0,9.2,502,0,5,410835,3397305,507,0,5,-96.5,524,-210.0,270.0,342.0526275297414,5,37.874983651098205,-17,11,1,2.8452564962081626
477,234901,411045.0,3397035.0,22,270,6,5,2585.0,9.2,502,0,5,410800,3397300,506,0,14,-98.5,524,-245.0,265.0,360.90164865237176,4,42.75425743410494,-18,11,1,2.8552658636586448
478,234901,411045.0,3397035.0,22,270,6,5,2585.0,9.2,502,0,5,410815,3397285,507,0,14,-107.0,524,-230.0,250.0,339.70575502926056,5,42.61405596961117,-17,11,1,2.8648804441497435
479,234901,411045.0,3397035.0,22,270,6,5,2585.0,9.2,502,0,5,410810,3397290,506,0,5,-97.33,524,-235.0,255.0,346.77081768799405,4,42.66269414087617,-18,11,1,2.9714128505346182
480,234901,411045.0,3397035.0,22,270,6,5,2585.0,9.2,502,0,5,410805,3397295,506,0,5,-92.5,524,-240.0,260.0,353.83612025908263,4,42.70938995736151,-18,11,1,2.9121836650067743
481,234901,411045.0,3397035.0,22,270,6,5,2585.0,9.2,502,0,5,410830,3397310,507,0,5,-97.0,524,-215.0,275.0,349.07019351414124,5,38.01894259317021,-17,11,1,2.7881477916471535
482,234901,411045.0,3397035.0,22,270,6,5,2585.0,9.2,502,0,5,410900,3396720,506,0,14,-105.5,524,-145.0,-315.0,346.77081768799405,4,-204.71744091108337,-18,11,1,2.9714128505346182
483,234901,411045.0,3397035.0,22,270,6,5,2585.0,9.2,502,0,5,410995,3396785,504,6,14,-102.5,524,-50.0,-250.0,254.95097567963924,2,-191.30993247402023,-20,11,1,4.48546483215546
484,234901,411045.0,3397035.0,22,270,6,5,2585.0,9.2,502,0,5,411020,3396760,506,6,6,-103.0,524,-25.0,-275.0,276.1340254296815,4,-185.1944289077348,-18,11,1,3.7295910273742305
485,234901,411045.0,3397035.0,22,270,6,5,2585.0,9.2,502,0,5,411025,3396755,507,0,14,-109.0,524,-20.0,-280.0,280.713376952364,5,-184.08561677997488,-17,11,1,3.4655994026509758
486,234901,411045.0,3397035.0,22,270,6,5,2585.0,9.2,502,0,5,410855,3397265,508,6,5,-96.33,524,-190.0,230.0,298.328677803526,6,39.55966796899452,-16,11,1,3.0699530072982606
487,234901,411045.0,3397035.0,22,270,6,5,2585.0,9.2,502,0,5,410845,3397275,507,0,5,-94.0,524,-200.0,240.0,312.40998703626616,5,39.80557109226521,-17,11,1,3.1147165883296624
488,234901,411045.0,3397035.0,22,270,6,5,2585.0,9.2,502,0,5,410840,3397280,507,0,14,-93.75,524,-205.0,245.0,319.4526568992658,5,39.92039213998544,-17,11,1,3.046180161673534
489,234901,411045.0,3397035.0,22,270,6,5,2585.0,9.2,502,0,5,410865,3397255,508,0,14,-95.0,524,-180.0,220.0,284.2534080710379,6,39.28940686250036,-16,11,1,3.2216540460715537
490,234901,411045.0,3397035.0,22,270,6,5,2585.0,9.2,502,0,5,410860,3397260,508,0,5,-91.0,524,-185.0,225.0,291.29023327259017,6,39.427802196036225,-16,11,1,3.1439852027417383
491,234901,411045.0,3397035.0,22,270,6,5,2585.0,9.2,502,0,5,410835,3397205,506,0,5,-91.83,524,-210.0,170.0,270.1851217221259,4,51.00900595749454,-18,11,1,3.811469264439561
492,234901,411045.0,3397035.0,22,270,6,5,2585.0,9.2,502,0,5,410860,3397215,506,0,7,-90.0,524,-185.0,180.0,258.11818998280614,4,45.784824602991876,-18,11,1,3.9890915964206135
493,234901,411045.0,3397035.0,22,270,6,5,2585.0,9.2,502,0,5,410855,3397230,507,9,7,-92.5,524,-190.0,195.0,272.2590678012396,5,44.25594079711129,-17,11,1,3.572940137826276
494,234901,411045.0,3397035.0,22,270,6,5,2585.0,9.2,502,0,5,411275,3396695,504,6,14,-103.0,524,230.0,-340.0,410.48751503547584,2,-145.92280471986925,-20,11,1,2.7893908572809107
495,234901,411045.0,3397035.0,22,270,6,5,2585.0,9.2,502,0,5,410910,3396980,503,12,5,-82.0,524,-135.0,-55.0,145.7737973711325,1,-247.83365417791757,-21,11,1,8.197564505457054
496,234901,411045.0,3397035.0,22,270,6,5,2585.0,9.2,502,0,5,410915,3396975,503,12,5,-88.5,524,-130.0,-60.0,143.17821063276352,1,-245.22485943116808,-21,11,1,8.344098858612991
497,234901,411045.0,3397035.0,22,270,6,5,2585.0,9.2,502,0,5,411245,3396705,503,0,14,-110.0,524,200.0,-330.0,385.87562763149475,1,-148.78159723565363,-21,11,1,3.115059703192499
498,234901,411045.0,3397035.0,22,270,6,5,2585.0,9.2,502,0,5,410905,3396965,503,0,14,-84.5,524,-140.0,-70.0,156.52475842498527,1,-243.434948822922,-21,11,1,7.641405059952685
499,234901,411045.0,3397035.0,22,270,6,5,2585.0,9.2,502,0,5,411210,3396680,504,6,14,-108.33,524,165.0,-355.0,391.47158262126766,2,-155.07152586453873,-20,11,1,2.9246571382356317
500,234901,411045.0,3397035.0,22,270,6,5,2585.0,9.2,502,0,5,410920,3397030,504,0,5,-83.93,524,-125.0,-5.0,125.09996003196804,2,-267.7093899573615,-20,11,1,9.083134548624335
501,234901,411045.0,3397035.0,22,270,6,5,2585.0,9.2,502,0,5,410895,3396995,504,0,14,-87.75,524,-150.0,-40.0,155.24174696260025,2,-255.06858282186246,-20,11,1,7.341055008716423
502,234901,411045.0,3397035.0,22,270,6,5,2585.0,9.2,502,0,5,410900,3396970,503,12,14,-89.73,524,-145.0,-65.0,158.90248582070703,1,-245.85445803957836,-21,11,1,7.528384661332966
503,234901,411045.0,3397035.0,22,270,6,5,2585.0,9.2,502,0,5,410945,3397005,503,12,5,-78.0,524,-100.0,-30.0,104.4030650891055,1,-253.3007557660064,-21,11,1,11.372917505304756
504,234901,411045.0,3397035.0,22,270,6,5,2585.0,9.2,502,0,5,410950,3397020,503,0,5,-78.23,524,-95.0,-15.0,96.17692030835673,1,-261.0273733851036,-21,11,1,12.31708264110538
505,234901,411045.0,3397035.0,22,270,6,5,2585.0,9.2,502,0,5,410925,3397025,504,0,5,-82.25,524,-120.0,-10.0,120.41594578792295,2,-265.2363583092738,-20,11,1,9.430225138005694
506,234901,411045.0,3397035.0,22,270,6,5,2585.0,9.2,502,0,5,410940,3397010,504,12,5,-81.38,524,-105.0,-25.0,107.93516572461452,2,-256.60750224624894,-20,11,1,10.497638961374637
507,234901,411045.0,3397035.0,22,270,6,5,2585.0,9.2,502,0,5,410955,3397015,503,0,5,-78.06,524,-90.0,-20.0,92.19544457292888,1,-257.4711922908485,-21,11,1,12.831735626424479
508,234901,411045.0,3397035.0,22,270,6,5,2585.0,9.2,502,0,5,410935,3397035,504,0,5,-79.33,524,-110.0,0.0,110.0,2,90.0,-20,11,1,10.304846468766033
509,234901,411045.0,3397035.0,22,270,6,5,2585.0,9.2,502,0,5,410930,3397040,504,0,5,-84.5,524,-115.0,5.0,115.10864433221339,2,87.51044707800088,-20,11,1,9.85667790279831
510,234901,411045.0,3397035.0,22,270,6,5,2585.0,9.2,502,0,5,410860,3396965,504,0,14,-92.0,524,-185.0,-70.0,197.80040444852483,2,-249.27444113443946,-20,11,1,5.773669832048473
511,234901,411045.0,3397035.0,22,270,6,5,2585.0,9.2,502,0,5,410875,3396980,504,12,5,-88.0,524,-170.0,-55.0,178.67568385205638,2,-252.07208023799276,-20,11,1,6.386797352187997
512,234901,411045.0,3397035.0,22,270,6,5,2585.0,9.2,502,0,5,410805,3397030,505,0,5,-82.2,524,-240.0,-5.0,240.05207768315609,3,-268.806510576018,-19,11,1,4.525497370245563
513,234901,411045.0,3397035.0,22,270,6,5,2585.0,9.2,502,0,5,410845,3396990,504,0,14,-90.33,524,-200.0,-45.0,205.0,2,-257.31961650818016,-20,11,1,5.572197803963795
514,234901,411045.0,3397035.0,22,270,6,5,2585.0,9.2,502,0,5,410820,3397005,505,0,5,-85.0,524,-225.0,-30.0,226.99118925632334,3,-262.4053566314086,-19,11,1,4.7847145391926365
515,234901,411045.0,3397035.0,22,270,6,5,2585.0,9.2,502,0,5,410835,3397020,505,0,14,-87.46,524,-210.0,-15.0,210.535032714273,3,-265.9143832200251,-19,11,1,5.156760727196646
516,234901,411045.0,3397035.0,22,270,6,5,2585.0,9.2,502,0,5,410830,3397015,505,0,5,-88.15,524,-215.0,-20.0,215.92822881689185,3,-264.6854543300552,-19,11,1,5.028630136119307
517,234901,411045.0,3397035.0,22,270,6,5,2585.0,9.2,502,0,5,410825,3397010,505,0,5,-89.55,524,-220.0,-25.0,221.41589825484527,3,-263.5169263071027,-19,11,1,4.904613955502575
518,234901,411045.0,3397035.0,22,270,6,5,2585.0,9.2,502,0,5,410815,3397040,505,0,10,-90.67,524,-230.0,5.0,230.05434140654683,3,88.75463573323168,-19,11,1,4.721296437888426
519,234901,411045.0,3397035.0,22,270,6,5,2585.0,9.2,502,0,5,410800,3397025,505,0,10,-89.27,524,-245.0,-10.0,245.20399670478457,3,-267.66269414087617,-19,11,1,4.430795958971878
520,234901,411045.0,3397035.0,22,270,6,5,2585.0,9.2,502,0,5,410850,3396995,504,0,14,-81.0,524,-195.0,-40.0,199.06029237394384,2,-258.407824589709,-20,11,1,5.737371809903426
521,234901,411045.0,3397035.0,22,270,6,5,2585.0,9.2,502,0,5,410865,3396970,504,12,14,-85.75,524,-180.0,-65.0,191.3765920900464,2,-250.14478563067897,-20,11,1,5.96609541821279
522,234901,411045.0,3397035.0,22,270,6,5,2585.0,9.2,502,0,5,410865,3397280,507,0,5,-99.29,524,-180.0,245.0,304.0148022712052,5,36.30449712257524,-17,11,1,3.2005511848052435
523,234901,411045.0,3397035.0,22,270,6,5,2585.0,9.2,502,0,5,410860,3397275,507,0,5,-96.53,524,-185.0,240.0,303.0264014900352,5,37.62623363866982,-17,11,1,3.210968820260447
524,234901,411045.0,3397035.0,22,270,6,5,2585.0,9.2,502,0,5,410875,3397270,507,0,5,-101.83,524,-170.0,235.0,290.0431002454635,5,35.88213724620425,-17,11,1,3.354381344605998
525,234901,411045.0,3397035.0,22,270,6,5,2585.0,9.2,502,0,5,410850,3397245,508,9,5,-91.25,524,-195.0,210.0,286.574597618142,6,42.878903603338586,-16,11,1,3.1956136777682804
526,234901,411045.0,3397035.0,22,270,6,5,2585.0,9.2,502,0,5,410855,3397250,508,9,5,-97.67,524,-190.0,215.0,286.9233347080715,6,41.467705416109084,-16,11,1,3.1917376475333037
527,234901,411045.0,3397035.0,22,270,6,5,2585.0,9.2,502,0,5,410905,3397095,504,0,14,-92.75,524,-140.0,60.0,152.31546211727817,2,66.80140948635182,-20,11,1,7.480508891708272
528,234901,411045.0,3397035.0,22,270,6,5,2585.0,9.2,502,0,5,411205,3396795,503,0,14,-107.0,524,160.0,-240.0,288.44410203711914,1,-146.30993247402023,-21,11,1,4.1640381287942185
529,234901,411045.0,3397035.0,22,270,6,5,2585.0,9.2,502,0,5,411240,3396760,502,6,6,-110.33,524,195.0,-275.0,337.12015662075146,0,-144.65989307844234,-22,11,1,3.73374986227632
530,234901,411045.0,3397035.0,22,270,6,5,2585.0,9.2,502,0,5,410915,3397085,505,0,5,-85.5,524,-130.0,50.0,139.2838827718412,3,68.96248897457815,-19,11,1,7.76788926644057
531,234901,411045.0,3397035.0,22,270,6,5,2585.0,9.2,502,0,5,410925,3397075,505,0,6,-90.0,524,-120.0,40.0,126.49110640673517,3,71.56505117707798,-19,11,1,8.5424311145407
532,234901,411045.0,3397035.0,22,270,6,5,2585.0,9.2,502,0,5,410990,3397010,502,12,14,-83.75,524,-55.0,-25.0,60.41522986797286,0,-245.55604521958347,-22,11,1,20.008921988451537
533,234901,411045.0,3397035.0,22,270,6,5,2585.0,9.2,502,0,5,410965,3397035,503,0,14,-76.5,524,-80.0,0.0,80.0,1,90.0,-21,11,1,14.708303899682749
534,234901,411045.0,3397035.0,22,270,6,5,2585.0,9.2,502,0,5,410885,3397115,504,0,5,-83.5,524,-160.0,80.0,178.88543819998318,2,63.434948822922024,-20,11,1,6.379370208442803
535,234901,411045.0,3397035.0,22,270,6,5,2585.0,9.2,502,0,5,410975,3397025,503,0,5,-78.81,524,-70.0,-10.0,70.71067811865476,1,-261.86989764584405,-21,11,1,16.540621739986666
536,234901,411045.0,3397035.0,22,270,6,5,2585.0,9.2,502,0,5,410980,3397020,502,0,5,-78.85,524,-65.0,-15.0,66.70832032063167,0,-257.00538320808346,-22,11,1,18.25224253372557
537,234901,411045.0,3397035.0,22,270,6,5,2585.0,9.2,502,0,5,411230,3396770,502,0,5,-109.5,524,185.0,-265.0,323.18725222384626,0,-145.08059798754232,-22,11,1,3.8942302278952408
538,234901,411045.0,3397035.0,22,270,6,5,2585.0,9.2,502,0,5,411220,3396780,502,0,14,-100.0,524,175.0,-255.0,309.2733418838423,0,-145.53918372862825,-22,11,1,4.0688520700448345
539,234901,411045.0,3397035.0,22,270,6,5,2585.0,9.2,502,0,5,411250,3396750,502,0,14,-105.0,524,205.0,-285.0,351.0697936308392,0,-144.2726017772003,-22,11,1,3.585785659905804
540,234901,411045.0,3397035.0,22,270,6,5,2585.0,9.2,502,0,5,411245,3396755,502,6,6,-106.5,524,200.0,-280.0,344.0930106817051,0,-144.46232220802563,-22,11,1,3.658295076417469
541,234901,411045.0,3397035.0,22,270,6,5,2585.0,9.2,502,0,5,411260,3396740,502,6,14,-101.0,524,215.0,-295.0,365.0342449688796,0,-143.91492695714788,-22,11,1,3.4489484660715077
542,234901,411045.0,3397035.0,22,270,6,5,2585.0,9.2,502,0,5,410900,3397100,504,0,14,-84.5,524,-145.0,65.0,158.90248582070703,2,65.85445803957839,-20,11,1,7.173716741406465
543,234901,411045.0,3397035.0,22,270,6,5,2585.0,9.2,502,0,5,410920,3397080,505,0,6,-87.33,524,-125.0,45.0,132.85330255586422,3,70.20112364547504,-19,11,1,8.138959448407569
544,234901,411045.0,3397035.0,22,270,6,5,2585.0,9.2,502,0,5,410970,3397030,503,0,5,-77.67,524,-75.0,-5.0,75.16648189186454,1,-266.18592516570965,-21,11,1,15.609292054025358
545,234901,411045.0,3397035.0,22,270,6,5,2585.0,9.2,502,0,5,410895,3397105,504,0,5,-83.5,524,-150.0,70.0,165.5294535724685,2,64.98310652190003,-20,11,1,6.889334033159797
546,234901,411045.0,3397035.0,22,270,6,5,2585.0,9.2,502,0,5,410890,3397110,504,0,5,-86.0,524,-155.0,75.0,172.19175357722565,2,64.17900802581073,-20,11,1,6.62519431174314
547,234901,411045.0,3397035.0,22,270,6,5,2585.0,9.2,502,0,5,410985,3397015,502,0,5,-77.71,524,-60.0,-20.0,63.245553203367585,0,-251.565051177078,-22,11,1,19.180257996239774
548,234901,411045.0,3397035.0,22,270,6,5,2585.0,9.2,502,0,5,410880,3397120,504,0,14,-90.25,524,-165.0,85.0,185.60711193270586,2,62.74467162505698,-20,11,1,6.150147669587623
549,234901,411045.0,3397035.0,22,270,6,5,2585.0,9.2,502,0,5,411225,3396775,502,0,14,-101.5,524,180.0,-260.0,316.22776601683796,0,-145.30484646876604,-22,11,1,3.9796613441817845
550,234901,411045.0,3397035.0,22,270,6,5,2585.0,9.2,502,0,5,410875,3396765,504,6,6,-98.5,524,-170.0,-270.0,319.06112267087633,2,-212.19573393471325,-20,11,1,3.5868307533678863
551,234901,411045.0,3397035.0,22,270,6,5,2585.0,9.2,502,0,5,411075,3397200,503,0,7,-100.5,524,30.0,165.0,167.70509831248424,1,-10.304846468766016,-21,11,1,7.137416257938384
552,234901,411045.0,3397035.0,22,270,6,5,2585.0,9.2,502,0,5,411060,3397185,503,0,7,-95.5,524,15.0,150.0,150.74813431681335,1,-5.710593137499643,-21,11,1,7.930563199569855
553,234901,411045.0,3397035.0,22,270,6,5,2585.0,9.2,502,0,5,410895,3397340,506,0,5,-98.17,524,-150.0,305.0,339.8896879871468,4,26.18811069748085,-18,11,1,3.0314585601737507
554,234901,411045.0,3397035.0,22,270,6,5,2585.0,9.2,502,0,5,410935,3397300,506,0,5,-94.82,524,-110.0,265.0,286.9233347080715,4,22.54306100005789,-18,11,1,3.589719362996856
555,234901,411045.0,3397035.0,22,270,6,5,2585.0,9.2,502,0,5,411070,3397195,503,0,7,-106.0,524,25.0,160.0,161.94134740701648,1,-8.880659150520273,-21,11,1,7.388688705099248
556,234901,411045.0,3397035.0,22,270,6,5,2585.0,9.2,502,0,5,410880,3397325,507,9,14,-102.25,524,-165.0,290.0,333.65401241405743,5,29.63838368815135,-17,11,1,2.916754080381128
557,234901,411045.0,3397035.0,22,270,6,5,2585.0,9.2,502,0,5,410920,3397285,506,0,5,-96.25,524,-125.0,250.0,279.5084971874737,4,26.565051177077976,-18,11,1,3.6846889321305167
558,234901,411045.0,3397035.0,22,270,6,5,2585.0,9.2,502,0,5,410900,3397345,506,0,6,-101.6,524,-145.0,310.0,342.23529917295207,4,25.067463438060486,-18,11,1,3.010719915786737
559,234901,411045.0,3397035.0,22,270,6,5,2585.0,9.2,502,0,5,411120,3397245,506,0,5,-106.67,524,75.0,210.0,222.9910312097776,4,-19.653824058053317,-18,11,1,4.614951383964138
560,234901,411045.0,3397035.0,22,270,6,5,2585.0,9.2,502,0,5,411135,3397260,506,0,5,-105.75,524,90.0,225.0,242.33241632105268,4,-21.801409486351815,-18,11,1,4.248022666728544
561,234901,411045.0,3397035.0,22,270,6,5,2585.0,9.2,502,0,5,410885,3397330,507,9,5,-96.67,524,-160.0,295.0,335.5964838909967,5,28.47420361007437,-17,11,1,2.8999004689106673
562,234901,411045.0,3397035.0,22,270,6,5,2585.0,9.2,502,0,5,410930,3397295,506,0,14,-95.14,524,-115.0,260.0,284.29737951659,4,23.860175191342364,-18,11,1,3.6227884408786744
563,234901,411045.0,3397035.0,22,270,6,5,2585.0,9.2,502,0,5,410925,3397290,506,0,7,-96.74,524,-120.0,255.0,281.82441342083905,4,25.201123645475093,-18,11,1,3.654492079773599
564,234901,411045.0,3397035.0,22,270,6,5,2585.0,9.2,502,0,5,411155,3397280,506,0,14,-100.0,524,110.0,245.0,268.5609800399157,4,-24.179107146689176,-18,11,1,3.834450839463493
565,234901,411045.0,3397035.0,22,270,6,5,2585.0,9.2,502,0,5,410890,3397335,506,0,5,-97.63,524,-155.0,300.0,337.6758800980609,4,27.32389130134652,-18,11,1,3.051295411883941
566,234901,411045.0,3397035.0,22,270,6,5,2585.0,9.2,502,0,5,410905,3397350,506,0,6,-100.0,524,-140.0,315.0,344.7100230628637,4,23.962488974578207,-18,11,1,2.989144854599987
567,234901,411045.0,3397035.0,22,270,6,5,2585.0,9.2,502,0,5,411145,3397270,506,0,5,-102.75,524,100.0,235.0,255.3918557824427,4,-23.051300916473025,-18,11,1,4.031535877929621
568,234901,411045.0,3397035.0,22,270,6,5,2585.0,9.2,502,0,5,410940,3397305,506,0,5,-95.2,524,-105.0,270.0,289.69811873741946,4,21.250505507133255,-18,11,1,3.5554249660262354
569,234901,411045.0,3397035.0,22,270,6,5,2585.0,9.2,502,0,5,411065,3397190,503,0,7,-103.8,524,20.0,155.0,156.28499608087785,1,-7.352379359892325,-21,11,1,7.652989178952235
570,234901,411045.0,3397035.0,22,270,6,5,2585.0,9.2,502,0,5,410945,3397310,506,0,5,-98.5,524,-100.0,275.0,292.61749776799064,4,19.98310652189997,-18,11,1,3.5200429269382343
571,234901,411045.0,3397035.0,22,270,6,5,2585.0,9.2,502,0,5,411055,3397180,503,0,7,-95.5,524,10.0,145.0,145.34441853748632,1,-3.9451862290375743,-21,11,1,8.221451306049378
572,234901,411045.0,3397035.0,22,270,6,5,2585.0,9.2,502,0,5,411040,3397165,502,0,5,-93.67,524,-5.0,130.0,130.09611831257686,0,2.2025981617658204,-22,11,1,9.598239659180138
573,234901,411045.0,3397035.0,22,270,6,5,2585.0,9.2,502,0,5,411050,3397410,504,15,14,-114.0,524,5.0,375.0,375.0333318519835,2,-0.7638984609300223,-20,11,1,3.0526116968256436
574,234901,411045.0,3397035.0,22,270,6,5,2585.0,9.2,502,0,5,411075,3397425,505,0,14,-113.5,524,30.0,390.0,391.1521443121589,3,-4.3987053549955135,-19,11,1,2.7809251347460022
575,234901,411045.0,3397035.0,22,270,6,5,2585.0,9.2,502,0,5,411065,3397435,504,0,6,-100.0,524,20.0,400.0,400.4996878900157,2,-2.8624052261117185,-20,11,1,2.8588398426259967
576,234901,411045.0,3397035.0,22,270,6,5,2585.0,9.2,502,0,5,410985,3397195,504,0,7,-93.0,524,-60.0,160.0,170.88007490635061,2,20.55604521958344,-20,11,1,6.67559216607672
577,234901,411045.0,3397035.0,22,270,6,5,2585.0,9.2,502,0,5,411165,3397295,507,0,5,-117.4,524,120.0,260.0,286.35642126552705,5,-24.775140568831915,-17,11,1,3.397466611260188
578,234901,411045.0,3397035.0,22,270,6,5,2585.0,9.2,502,0,5,410925,3397215,506,0,7,-90.83,524,-120.0,180.0,216.33307652783935,4,33.69006752597977,-18,11,1,4.7563410397334644
579,234901,411045.0,3397035.0,22,270,6,5,2585.0,9.2,502,0,5,411160,3397300,506,0,5,-109.17,524,115.0,265.0,288.87713651308576,4,-23.459024081461564,-18,11,1,3.565503372969601
580,234901,411045.0,3397035.0,22,270,6,5,2585.0,9.2,502,0,5,410920,3397220,506,0,7,-91.0,524,-125.0,185.0,223.27113561766106,4,34.045937356601655,-18,11,1,4.609186666638257
581,234901,411045.0,3397035.0,22,270,6,5,2585.0,9.2,502,0,5,411070,3397430,504,0,5,-112.5,524,25.0,395.0,395.790348543266,2,-3.6214847041173357,-20,11,1,2.8927985106200618
582,234901,411045.0,3397035.0,22,270,6,5,2585.0,9.2,502,0,5,410915,3397265,506,0,5,-95.29,524,-130.0,230.0,264.1968962724581,4,29.475889003245754,-18,11,1,3.8975958100630286
583,234901,411045.0,3397035.0,22,270,6,5,2585.0,9.2,502,0,5,410900,3397280,507,0,14,-96.83,524,-145.0,245.0,284.6928169097352,5,30.61860540890939,-17,11,1,3.4172728178423206
584,234901,411045.0,3397035.0,22,270,6,5,2585.0,9.2,502,0,5,410980,3397200,504,0,7,-90.57,524,-65.0,165.0,177.341478509682,2,21.50143432404792,-20,11,1,6.434446086424834
585,234901,411045.0,3397035.0,22,270,6,5,2585.0,9.2,502,0,5,411170,3397290,507,0,5,-103.0,524,125.0,255.0,283.98943642325855,5,-26.113912630290713,-17,11,1,3.425716532323861
586,234901,411045.0,3397035.0,22,270,6,5,2585.0,9.2,502,0,5,410995,3397185,503,0,7,-89.0,524,-50.0,150.0,158.11388300841898,1,18.434948822922024,-21,11,1,7.565499081965512
587,234901,411045.0,3397035.0,22,270,6,5,2585.0,9.2,502,0,5,410905,3397275,507,0,14,-96.24,524,-140.0,240.0,277.8488797889961,5,30.256437163529256,-17,11,1,3.5012397483557915
588,234901,411045.0,3397035.0,22,270,6,5,2585.0,9.2,502,0,5,410910,3397270,507,6,5,-95.8,524,-135.0,235.0,271.01660465735307,5,29.87599269168942,-17,11,1,3.5892773943260106
589,234901,411045.0,3397035.0,22,270,6,5,2585.0,9.2,502,0,5,410990,3397190,504,0,7,-89.0,524,-55.0,155.0,164.46884203398528,2,19.53665493812838,-20,11,1,6.933330261354975
590,234901,411045.0,3397035.0,22,270,6,5,2585.0,9.2,502,0,5,411030,3396730,509,6,14,-102.5,524,-15.0,-305.0,305.3686296920494,7,-182.81555668421123,-15,11,1,2.812163307710455
591,234901,411045.0,3397035.0,22,270,6,5,2585.0,9.2,502,0,5,410975,3396785,503,6,14,-97.5,524,-70.0,-250.0,259.61509971494337,1,-195.64224645720873,-21,11,1,4.624528429448469
592,234901,411045.0,3397035.0,22,270,6,5,2585.0,9.2,502,0,5,411015,3396745,507,6,14,-101.0,524,-30.0,-290.0,291.547594742265,5,-185.9061411137705,-17,11,1,3.3371107053581257
593,234901,411045.0,3397035.0,22,270,6,5,2585.0,9.2,502,0,5,410835,3397300,507,0,5,-98.57,524,-210.0,265.0,338.11980125393427,5,38.395164503246065,-17,11,1,2.8782956460893976
594,234901,411045.0,3397035.0,22,270,6,5,2585.0,9.2,502,0,5,410825,3397290,507,0,5,-102.0,524,-220.0,255.0,336.7862823809782,5,40.78582147726593,-17,11,1,2.8896730956837984
595,234901,411045.0,3397035.0,22,270,6,5,2585.0,9.2,502,0,5,410830,3397295,507,0,5,-102.0,524,-215.0,260.0,337.37960815674677,5,39.588130847682976,-17,11,1,2.8845998214633375
596,234901,411045.0,3397035.0,22,270,6,5,2585.0,9.2,502,0,5,410800,3397305,506,0,14,-102.0,524,-245.0,270.0,364.58880948268285,4,42.22083313592793,-18,11,1,2.8264370411785626
597,234901,411045.0,3397035.0,22,270,6,5,2585.0,9.2,502,0,5,410725,3396950,505,0,5,-98.0,524,-320.0,-85.0,331.09666262286606,3,-255.12431799836122,-19,11,1,3.284319448612303
598,234901,411045.0,3397035.0,22,270,6,5,2585.0,9.2,502,0,5,410670,3397015,506,0,5,-94.67,524,-375.0,-20.0,375.53295461250804,4,-266.94711748520757,-18,11,1,2.7441940720428293
599,234901,411045.0,3397035.0,22,270,6,5,2585.0,9.2,502,0,5,410640,3397025,506,0,5,-93.5,524,-405.0,-10.0,405.123437979093,4,-268.58557678859785,-18,11,1,2.5440300164647938
600,234901,411045.0,3397035.0,22,270,6,5,2585.0,9.2,502,0,5,410665,3397010,506,0,5,-93.57,524,-380.0,-25.0,380.8214804865923,4,-266.23596513509426,-18,11,1,2.7061420790009945
601,234901,411045.0,3397035.0,22,270,6,5,2585.0,9.2,502,0,5,410660,3397005,506,0,5,-85.5,524,-385.0,-30.0,386.16706229299257,4,-265.54439716667366,-18,11,1,2.668736393528643
602,234901,411045.0,3397035.0,22,270,6,5,2585.0,9.2,502,0,5,410675,3397020,506,0,5,-92.6,524,-370.0,-15.0,370.3039292257105,4,-267.6784694101673,-18,11,1,2.7828840745991754
603,234901,411045.0,3397035.0,22,270,6,5,2585.0,9.2,502,0,5,410645,3397030,506,0,5,-92.33,524,-400.0,-5.0,400.03124877939223,4,-269.2838400545296,-18,11,1,2.576370830389003
604,234901,411045.0,3397035.0,22,270,6,5,2585.0,9.2,502,0,5,410720,3396945,505,0,5,-89.5,524,-325.0,-90.0,337.23137457834497,3,-254.52136183458165,-19,11,1,3.224700322337365
605,234901,411045.0,3397035.0,22,270,6,5,2585.0,9.2,502,0,5,410850,3397165,503,0,7,-86.25,524,-195.0,130.0,234.3608329051593,1,56.30993247402023,-21,11,1,5.120337442319029
606,234901,411045.0,3397035.0,22,270,6,5,2585.0,9.2,502,0,5,410840,3397175,504,0,5,-80.0,524,-205.0,140.0,248.2438317461282,2,55.66978280449666,-20,11,1,4.606140112054293
607,234901,411045.0,3397035.0,22,270,6,5,2585.0,9.2,502,0,5,410855,3397170,503,0,7,-83.17,524,-190.0,135.0,233.0772404161333,1,54.605204155012984,-21,11,1,5.148384804741266
608,234901,411045.0,3397035.0,22,270,6,5,2585.0,9.2,502,0,5,410860,3397195,505,0,7,-91.57,524,-185.0,160.0,244.59149617270018,3,49.14462374110428,-19,11,1,4.441847110490214
609,234901,411045.0,3397035.0,22,270,6,5,2585.0,9.2,502,0,5,410845,3397180,504,0,5,-92.0,524,-200.0,145.0,247.0323865407125,2,54.05788812861766,-20,11,1,4.628630681190091
610,234901,411045.0,3397035.0,22,270,6,5,2585.0,9.2,502,0,5,410865,3397200,505,9,7,-92.0,524,-180.0,165.0,244.1823089414956,3,47.48955292199918,-19,11,1,4.44926065015584
611,234901,411045.0,3397035.0,22,270,6,5,2585.0,9.2,502,0,5,410870,3397185,504,9,7,-82.5,524,-175.0,150.0,230.4886114323222,2,49.39870535499551,-20,11,1,4.959258000229005
612,234901,411045.0,3397035.0,22,270,6,5,2585.0,9.2,502,0,5,410785,3397280,506,0,5,-105.5,524,-260.0,245.0,357.24641355792505,4,46.70135460532612,-18,11,1,2.884430977021315
613,234901,411045.0,3397035.0,22,270,6,5,2585.0,9.2,502,0,5,410515,3397015,505,0,5,-90.33,524,-530.0,-20.0,530.3772242470448,3,-267.8389205117736,-19,11,1,2.051661410098177
614,234901,411045.0,3397035.0,22,270,6,5,2585.0,9.2,502,0,5,410500,3397010,505,0,5,-92.5,524,-545.0,-25.0,545.5730931781735,3,-267.37359436170925,-19,11,1,1.9945632204951473
615,234901,411045.0,3397035.0,22,270,6,5,2585.0,9.2,502,0,5,410950,3396875,501,0,6,-85.0,524,-95.0,-160.0,186.07794065928394,-1,-210.6997225508144,-23,11,1,7.0462552335359
616,234901,411045.0,3397035.0,22,270,6,5,2585.0,9.2,502,0,5,410920,3396845,502,0,14,-84.5,524,-125.0,-190.0,227.43130831088317,0,-213.34070734647702,-22,11,1,5.525173684369442
617,234901,411045.0,3397035.0,22,270,6,5,2585.0,9.2,502,0,5,411090,3397015,501,0,5,-111.0,524,45.0,-20.0,49.24428900898052,-1,-113.96248897457818,-23,11,1,25.035360870248237
618,234901,411045.0,3397035.0,22,270,6,5,2585.0,9.2,502,0,5,410870,3397090,504,0,5,-89.0,524,-175.0,55.0,183.43936327844142,2,72.55281157671777,-20,11,1,6.222258702876779
619,234901,411045.0,3397035.0,22,270,6,5,2585.0,9.2,502,0,5,410855,3397105,504,0,14,-80.75,524,-190.0,70.0,202.48456731316588,2,69.77514056883194,-20,11,1,5.640976563115981
620,234901,411045.0,3397035.0,22,270,6,5,2585.0,9.2,502,0,5,410750,3396970,505,12,5,-88.0,524,-295.0,-65.0,302.0761493398643,3,-257.5740571345725,-19,11,1,3.59905151355465
621,234901,411045.0,3397035.0,22,270,6,5,2585.0,9.2,502,0,5,410875,3397085,504,0,5,-89.5,524,-170.0,50.0,177.2004514666935,2,73.61045966596521,-20,11,1,6.43952401689718
622,234901,411045.0,3397035.0,22,270,6,5,2585.0,9.2,502,0,5,410790,3397010,505,0,10,-90.81,524,-255.0,-25.0,256.2225595063791,3,-264.40066066347947,-19,11,1,4.240965284540677
623,234901,411045.0,3397035.0,22,270,6,5,2585.0,9.2,502,0,5,410795,3397005,505,0,10,-94.71,524,-250.0,-30.0,251.79356624028344,3,-263.15722658736905,-19,11,1,4.3152835661447275
624,234901,411045.0,3397035.0,22,270,6,5,2585.0,9.2,502,0,5,410785,3397015,505,0,10,-84.4,524,-260.0,-20.0,260.76809620810593,3,-265.6012946450045,-19,11,1,4.167302325203091
625,234901,411045.0,3397035.0,22,270,6,5,2585.0,9.2,502,0,5,410775,3397025,506,0,5,-94.0,524,-270.0,-10.0,270.1851217221259,4,-267.8789036033386,-18,11,1,3.811469264439561
626,234901,411045.0,3397035.0,22,270,6,5,2585.0,9.2,502,0,5,410780,3397020,506,0,10,-92.18,524,-265.0,-15.0,265.42418879973997,4,-266.7602997038979,-18,11,1,3.8796289153371464
627,234901,411045.0,3397035.0,22,270,6,5,2585.0,9.2,502,0,5,410770,3397030,506,0,5,-96.29,524,-275.0,-5.0,275.04545078950133,4,-268.95837332399003,-18,11,1,3.74431009130848
628,234901,411045.0,3397035.0,22,270,6,5,2585.0,9.2,502,0,5,410765,3397035,506,0,5,-94.2,524,-280.0,0.0,280.0,4,90.0,-18,11,1,3.678238721993387
629,234901,411045.0,3397035.0,22,270,6,5,2585.0,9.2,502,0,5,410835,3397045,505,12,10,-96.67,524,-210.0,10.0,210.23796041628637,3,87.27368900609372,-19,11,1,5.164008009612448
630,234901,411045.0,3397035.0,22,270,6,5,2585.0,9.2,502,0,5,410760,3397040,506,0,6,-93.33,524,-285.0,5.0,285.0438562747845,4,88.99491399474584,-18,11,1,3.613326200767612
631,234901,411045.0,3397035.0,22,270,6,5,2585.0,9.2,502,0,5,410720,3397000,506,0,5,-97.8,524,-325.0,-35.0,326.87918257362304,4,-263.8533743403533,-18,11,1,3.151878598288094
632,234901,411045.0,3397035.0,22,270,6,5,2585.0,9.2,502,0,5,410725,3396995,506,12,5,-96.67,524,-320.0,-40.0,322.49030993194197,4,-262.8749836510982,-18,11,1,3.19468525611452
633,234901,411045.0,3397035.0,22,270,6,5,2585.0,9.2,502,0,5,410840,3397120,503,0,5,-83.0,524,-205.0,85.0,221.92341021172146,1,67.47943439710309,-21,11,1,5.405645261220799
634,234901,411045.0,3397035.0,22,270,6,5,2585.0,9.2,502,0,5,411090,3396810,503,6,5,-101.0,524,45.0,-225.0,229.4558781116753,1,-168.69006752597977,-21,11,1,5.229191637323841
635,234901,411045.0,3397035.0,22,270,6,5,2585.0,9.2,502,0,5,410905,3397035,504,0,14,-79.67,524,-140.0,0.0,140.0,2,90.0,-20,11,1,8.13010235415598
636,234901,411045.0,3397035.0,22,270,6,5,2585.0,9.2,502,0,5,410925,3396975,503,0,5,-81.25,524,-120.0,-60.0,134.16407864998737,1,-243.434948822922,-21,11,1,8.896025825607326
637,234901,411045.0,3397035.0,22,270,6,5,2585.0,9.2,502,0,5,411205,3396695,504,6,5,-105.0,524,160.0,-340.0,375.7658845611187,2,-154.7988763545249,-20,11,1,3.0466718761227782
638,234901,411045.0,3397035.0,22,270,6,5,2585.0,9.2,502,0,5,410880,3397020,504,0,5,-83.95,524,-165.0,-15.0,165.6804152578089,2,-264.8055710922652,-20,11,1,6.883116983063613
639,234901,411045.0,3397035.0,22,270,6,5,2585.0,9.2,502,0,5,410945,3396995,503,0,5,-78.25,524,-100.0,-40.0,107.70329614269008,1,-248.19859051364818,-21,11,1,11.033110861229044
640,234901,411045.0,3397035.0,22,270,6,5,2585.0,9.2,502,0,5,410920,3396980,503,0,5,-82.7,524,-125.0,-55.0,136.56500283747664,1,-246.25050550713325,-21,11,1,8.74206354914434
641,234901,411045.0,3397035.0,22,270,6,5,2585.0,9.2,502,0,5,410900,3397040,505,0,5,-83.67,524,-145.0,5.0,145.08618128546908,3,88.02506598911805,-19,11,1,7.460806498770392
642,234901,411045.0,3397035.0,22,270,6,5,2585.0,9.2,502,0,5,410915,3397025,504,0,5,-83.79,524,-130.0,-10.0,130.38404810405297,2,-265.6012946450045,-20,11,1,8.720796928163413
643,234901,411045.0,3397035.0,22,270,6,5,2585.0,9.2,502,0,5,410910,3397030,504,0,14,-80.0,524,-135.0,-5.0,135.09256086106296,2,-267.8789036033386,-20,11,1,8.421277970761942
644,234901,411045.0,3397035.0,22,270,6,5,2585.0,9.2,502,0,5,411220,3396720,503,6,5,-110.4,524,175.0,-315.0,360.347054934545,1,-150.94539590092285,-21,11,1,3.3352624814750795
645,234901,411045.0,3397035.0,22,270,6,5,2585.0,9.2,502,0,5,410940,3397000,503,12,5,-85.0,524,-105.0,-35.0,110.67971810589327,1,-251.565051177078,-21,11,1,10.743403801775964
646,234901,411045.0,3397035.0,22,270,6,5,2585.0,9.2,502,0,5,410885,3397015,504,0,5,-85.78,524,-160.0,-20.0,161.24515496597098,2,-262.8749836510982,-20,11,1,7.070555116965825
647,234901,411045.0,3397035.0,22,270,6,5,2585.0,9.2,502,0,5,410890,3397010,504,12,5,-83.86,524,-155.0,-25.0,157.00318468107582,2,-260.83765295427827,-20,11,1,7.259578359691397
648,234901,411045.0,3397035.0,22,270,6,5,2585.0,9.2,502,0,5,410895,3397005,504,12,5,-85.0,524,-150.0,-30.0,152.97058540778355,2,-258.69006752597977,-20,11,1,7.4488328278635745
649,234901,411045.0,3397035.0,22,270,6,5,2585.0,9.2,502,0,5,410955,3397110,504,0,5,-81.5,524,-90.0,75.0,117.15374513859982,2,50.194428907734846,-20,11,1,9.687903172693202
650,234901,411045.0,3397035.0,22,270,6,5,2585.0,9.2,502,0,5,411205,3396740,503,6,14,-100.67,524,160.0,-295.0,335.5964838909967,1,-151.52579638992563,-21,11,1,3.5806233245122234
651,234901,411045.0,3397035.0,22,270,6,5,2585.0,9.2,502,0,5,411015,3397010,501,0,5,-71.0,524,-30.0,-25.0,39.05124837953327,-1,-230.19442890773482,-23,11,1,30.49679396014992
652,234901,411045.0,3397035.0,22,270,6,5,2585.0,9.2,502,0,5,410880,3397055,505,0,5,-89.46,524,-165.0,20.0,166.20770138594662,3,83.08877288097534,-19,11,1,6.52144670072568
653,234901,411045.0,3397035.0,22,270,6,5,2585.0,9.2,502,0,5,411020,3397035,502,0,5,-76.75,524,-25.0,0.0,25.0,0,90.0,-22,11,1,41.34777721969367
654,234901,411045.0,3397035.0,22,270,6,5,2585.0,9.2,502,0,5,410885,3397060,505,0,14,-85.21,524,-160.0,25.0,161.94134740701648,3,81.11934084947978,-19,11,1,6.691716193962981
655,234901,411045.0,3397035.0,22,270,6,5,2585.0,9.2,502,0,5,411030,3397025,501,0,5,-76.76,524,-15.0,-10.0,18.027756377319946,-1,-236.30993247402023,-23,11,1,51.91010164507813
656,234901,411045.0,3397035.0,22,270,6,5,2585.0,9.2,502,0,5,410905,3397080,505,0,6,-88.79,524,-140.0,45.0,147.05441169852742,3,72.18111108547726,-19,11,1,7.362051110898594
657,234901,411045.0,3397035.0,22,270,6,5,2585.0,9.2,502,0,5,410900,3397075,505,0,6,-85.22,524,-145.0,40.0,150.41608956491322,3,74.57783868126137,-19,11,1,7.199260969875046
658,234901,411045.0,3397035.0,22,270,6,5,2585.0,9.2,502,0,5,411035,3397030,501,0,5,-80.91,524,-10.0,-5.0,11.180339887498949,-1,-243.434948822922,-23,11,1,64.07553305964554
659,234901,411045.0,3397035.0,22,270,6,5,2585.0,9.2,502,0,5,411330,3396685,504,0,5,-112.5,524,285.0,-350.0,451.3590588434002,2,-140.84456587738686,-20,11,1,2.5371519074849105
660,234901,411045.0,3397035.0,22,270,6,5,2585.0,9.2,502,0,5,411200,3396735,503,0,14,-103.0,524,155.0,-300.0,337.6758800980609,1,-152.67610869865348,-21,11,1,3.558630808450079
661,234901,411045.0,3397035.0,22,270,6,5,2585.0,9.2,502,0,5,410890,3397045,505,0,14,-87.33,524,-155.0,10.0,155.32224567009067,3,86.30861401354872,-19,11,1,6.97413370778555
662,234901,411045.0,3397035.0,22,270,6,5,2585.0,9.2,502,0,5,411005,3397020,502,0,6,-78.07,524,-40.0,-15.0,42.720018726587654,0,-249.44395478041653,-22,11,1,27.24760916246215
663,234901,411045.0,3397035.0,22,270,6,5,2585.0,9.2,502,0,5,410915,3397070,505,0,5,-88.64,524,-130.0,35.0,134.6291201783626,3,74.93151184050782,-19,11,1,8.033013475170353
664,234901,411045.0,3397035.0,22,270,6,5,2585.0,9.2,502,0,5,410910,3397065,505,5,14,-86.71,524,-135.0,30.0,138.2931668593933,3,77.47119229084848,-19,11,1,7.8228508997486825
665,234901,411045.0,3397035.0,22,270,6,5,2585.0,9.2,502,0,5,411000,3397015,502,0,5,-81.33,524,-45.0,-20.0,49.24428900898052,0,-246.03751102542182,-22,11,1,24.07281413299065
666,234901,411045.0,3397035.0,22,270,6,5,2585.0,9.2,502,0,5,411230,3396745,503,6,14,-104.33,524,185.0,-290.0,343.98401125633734,1,-147.464932842065,-21,11,1,3.493534191819338
667,234901,411045.0,3397035.0,22,270,6,5,2585.0,9.2,502,0,5,410920,3397095,505,0,5,-84.0,524,-125.0,60.0,138.6542462386205,3,64.3589941756947,-19,11,1,7.802730124719127
668,234901,411045.0,3397035.0,22,270,6,5,2585.0,9.2,502,0,5,410895,3397050,505,0,14,-85.67,524,-150.0,15.0,150.74813431681335,3,84.28940686250036,-19,11,1,7.183569384922623
669,234901,411045.0,3397035.0,22,270,6,5,2585.0,9.2,502,0,5,411255,3396770,502,0,5,-103.33,524,210.0,-265.0,338.11980125393427,0,-141.60483549675396,-22,11,1,3.7227421905737925
670,234901,411045.0,3397035.0,22,270,6,5,2585.0,9.2,502,0,5,410900,3396995,504,0,14,-83.0,524,-145.0,-40.0,150.41608956491322,2,-254.57783868126134,-20,11,1,7.573878848352322
671,234901,411045.0,3397035.0,22,270,6,5,2585.0,9.2,502,0,5,411200,3396655,504,0,5,-108.67,524,155.0,-380.0,410.396150079408,2,-157.80971110387748,-20,11,1,2.7900108678228923
672,234901,411045.0,3397035.0,22,270,6,5,2585.0,9.2,502,0,5,410935,3397010,504,12,5,-79.2,524,-110.0,-25.0,112.80514172678478,2,-257.19573393471325,-20,11,1,10.05388666702136
673,234901,411045.0,3397035.0,22,270,6,5,2585.0,9.2,502,0,5,410905,3397000,504,12,14,-86.2,524,-140.0,-35.0,144.30869689661813,2,-255.96375653207352,-20,11,1,7.890461427150754
674,234901,411045.0,3397035.0,22,270,6,5,2585.0,9.2,502,0,5,410940,3397035,504,0,5,-78.33,524,-105.0,0.0,105.0,2,90.0,-20,11,1,10.7842978675626
675,234901,411045.0,3397035.0,22,270,6,5,2585.0,9.2,502,0,5,410950,3397025,504,0,5,-81.08,524,-95.0,-10.0,95.524865872714,2,-263.99099404250546,-20,11,1,11.825179360584446
676,234901,411045.0,3397035.0,22,270,6,5,2585.0,9.2,502,0,5,410920,3397015,504,0,5,-84.23,524,-125.0,-20.0,126.58988901172162,2,-260.90972307917764,-20,11,1,8.977979959243688
677,234901,411045.0,3397035.0,22,270,6,5,2585.0,9.2,502,0,5,410925,3397020,504,0,5,-82.05,524,-120.0,-15.0,120.93386622447825,2,-262.8749836510982,-20,11,1,9.390559418510566
678,234901,411045.0,3397035.0,22,270,6,5,2585.0,9.2,502,0,5,410910,3396985,503,0,5,-87.75,524,-135.0,-50.0,143.96180048887967,1,-249.67686317033704,-21,11,1,8.299315911322442
679,234901,411045.0,3397035.0,22,270,6,5,2585.0,9.2,502,0,5,410895,3396970,503,12,14,-88.25,524,-150.0,-65.0,163.47782724271815,1,-246.5713071912546,-21,11,1,7.320001299849584
680,234901,411045.0,3397035.0,22,270,6,5,2585.0,9.2,502,0,5,410955,3397030,504,0,5,-80.89,524,-90.0,-5.0,90.13878188659973,2,-266.8201698801357,-20,11,1,12.510125476930867
681,234901,411045.0,3397035.0,22,270,6,5,2585.0,9.2,502,0,5,410890,3396965,503,0,14,-92.75,524,-155.0,-70.0,170.07351351694948,1,-245.6954507340633,-21,11,1,7.039025825832674
682,234901,411045.0,3397035.0,22,270,6,5,2585.0,9.2,502,0,5,410915,3396990,503,6,5,-83.14,524,-130.0,-45.0,137.56816492197603,1,-250.9065079995144,-21,11,1,8.679289691142758
683,234901,411045.0,3397035.0,22,270,6,5,2585.0,9.2,502,0,5,410930,3397005,504,12,14,-80.64,524,-115.0,-30.0,118.84864324004712,2,-255.37912601136836,-20,11,1,9.552307968978239
684,234901,411045.0,3397035.0,22,270,6,5,2585.0,9.2,502,0,5,410880,3396975,504,12,5,-89.33,524,-165.0,-60.0,175.57049866079439,2,-250.01689347810003,-20,11,1,6.498797841668204
685,234901,411045.0,3397035.0,22,270,6,5,2585.0,9.2,502,0,5,411065,3397465,504,0,6,-116.5,524,20.0,430.0,430.4648650006177,2,-2.663000766067171,-20,11,1,2.660129087568961
686,234901,411045.0,3397035.0,22,270,6,5,2585.0,9.2,502,0,5,411070,3397480,504,0,6,-113.5,524,25.0,445.0,445.70169396133105,2,-3.215483991748215,-20,11,1,2.5693135078608527
687,234901,411045.0,3397035.0,22,270,6,5,2585.0,9.2,502,0,5,411075,3397475,504,0,5,-115.33,524,30.0,440.0,441.02154142399894,2,-3.9004937423818546,-20,11,1,2.596542128544211
688,234901,411045.0,3397035.0,22,270,6,5,2585.0,9.2,502,0,5,411030,3396790,503,6,5,-105.0,524,-15.0,-245.0,245.45875417267155,1,-183.50353164478446,-21,11,1,4.889980653550876
689,234901,411045.0,3397035.0,22,270,6,5,2585.0,9.2,502,0,5,411000,3396780,504,0,14,-96.5,524,-45.0,-255.0,258.940147524481,2,-190.00797980144137,-20,11,1,4.416638341446086
690,234901,411045.0,3397035.0,22,270,6,5,2585.0,9.2,502,0,5,411025,3396795,503,0,6,-104.33,524,-20.0,-240.0,240.8318915758459,1,-184.76364169072616,-21,11,1,4.983458297197992
691,234901,411045.0,3397035.0,22,270,6,5,2585.0,9.2,502,0,5,410910,3396670,505,6,5,-101.0,524,-135.0,-365.0,389.16577444580093,3,-200.2975697722287,-19,11,1,2.7950970083296025
692,234901,411045.0,3397035.0,22,270,6,5,2585.0,9.2,502,0,5,411015,3396765,506,6,6,-115.0,524,-30.0,-270.0,271.6615541441225,4,-186.34019174590992,-18,11,1,3.790815166957204
693,234901,411045.0,3397035.0,22,270,6,5,2585.0,9.2,502,0,5,411010,3396770,505,6,5,-103.67,524,-35.0,-265.0,267.30132809247317,3,-187.52382043863864,-19,11,1,4.065793256657639
694,234901,411045.0,3397035.0,22,270,6,5,2585.0,9.2,502,0,5,411035,3396785,504,6,14,-103.8,524,-10.0,-250.0,250.19992006393608,2,-182.29061004263855,-20,11,1,4.570281997144873
695,234901,411045.0,3397035.0,22,270,6,5,2585.0,9.2,502,0,5,410980,3396760,505,0,6,-89.5,524,-65.0,-275.0,282.57742301889584,3,-193.29857033049427,-19,11,1,3.8466756943228853
696,234901,411045.0,3397035.0,22,270,6,5,2585.0,9.2,502,0,5,411065,3397010,501,0,5,-86.5,524,20.0,-25.0,32.01562118716424,-1,-141.34019174590992,-23,11,1,35.693440259665564
697,234901,411045.0,3397035.0,22,270,6,5,2585.0,9.2,502,0,5,410935,3396840,502,0,14,-91.5,524,-110.0,-195.0,223.8861317723811,0,-209.42745640318975,-22,11,1,5.612109109239955
698,234901,411045.0,3397035.0,22,270,6,5,2585.0,9.2,502,0,5,411070,3397015,501,0,5,-75.0,524,25.0,-20.0,32.01562118716424,-1,-128.65980825409008,-23,11,1,35.693440259665564
699,234901,411045.0,3397035.0,22,270,6,5,2585.0,9.2,502,0,5,410945,3396810,502,6,5,-106.0,524,-100.0,-225.0,246.22144504490262,0,-203.9624889745782,-22,11,1,5.105845692065317
700,234901,411045.0,3397035.0,22,270,6,5,2585.0,9.2,502,0,5,411075,3397020,501,0,5,-92.0,524,30.0,-15.0,33.54101966249684,-1,-116.56505117707798,-23,11,1,34.439504794174404
701,234901,411045.0,3397035.0,22,270,6,5,2585.0,9.2,502,0,5,410925,3396830,502,0,6,-88.0,524,-120.0,-205.0,237.53947040439405,0,-210.34324888423959,-22,11,1,5.291421568337178
702,234901,411045.0,3397035.0,22,270,6,5,2585.0,9.2,502,0,5,411045,3397030,501,0,5,-77.69,524,0.0,-5.0,5.0,-1,-180.0,-23,11,1,77.7352262721076
703,234901,411045.0,3397035.0,22,270,6,5,2585.0,9.2,502,0,5,410920,3396825,502,0,14,-87.0,524,-125.0,-210.0,244.38698819699874,0,-210.76271953423893,-22,11,1,5.14396715424588
704,234901,411045.0,3397035.0,22,270,6,5,2585.0,9.2,502,0,5,411055,3397040,502,0,5,-83.75,524,10.0,5.0,11.180339887498949,0,-63.434948822922024,-22,11,1,63.060447060019925
705,234901,411045.0,3397035.0,22,270,6,5,2585.0,9.2,502,0,5,411050,3397035,501,0,5,-76.33,524,5.0,0.0,5.0,-1,-90.0,-23,11,1,77.7352262721076
706,234901,411045.0,3397035.0,22,270,6,5,2585.0,9.2,502,0,5,411040,3397025,501,0,5,-76.82,524,-5.0,-10.0,11.180339887498949,-1,-206.56505117707798,-23,11,1,64.07553305964554
707,234901,411045.0,3397035.0,22,270,6,5,2585.0,9.2,502,0,5,411115,3397275,505,0,7,-100.0,524,70.0,240.0,250.0,3,-16.26020470831196,-19,11,1,4.34612435460243
708,234901,411045.0,3397035.0,22,270,6,5,2585.0,9.2,502,0,5,410985,3397305,505,0,7,-107.5,524,-60.0,270.0,276.5863337187866,3,12.528807709151522,-19,11,1,3.9297395713092933
709,234901,411045.0,3397035.0,22,270,6,5,2585.0,9.2,502,0,5,410970,3397300,505,0,5,-99.82,524,-75.0,265.0,275.40878707840824,3,15.802513953935545,-19,11,1,3.9464887112773437
710,234901,411045.0,3397035.0,22,270,6,5,2585.0,9.2,502,0,5,410960,3397290,505,0,5,-95.0,524,-85.0,255.0,268.79360111431225,3,18.434948822922024,-19,11,1,4.043296089461982
711,234901,411045.0,3397035.0,22,270,6,5,2585.0,9.2,502,0,5,410965,3397285,505,0,14,-99.11,524,-80.0,250.0,262.48809496813374,3,17.744671625056924,-19,11,1,4.140090617258914
712,234901,411045.0,3397035.0,22,270,6,5,2585.0,9.2,502,0,5,411110,3397280,505,0,7,-102.14,524,65.0,245.0,253.4758371127315,3,-14.858614447924651,-19,11,1,4.286750963684048
713,234901,411045.0,3397035.0,22,270,6,5,2585.0,9.2,502,0,5,410975,3397295,505,0,5,-100.63,524,-70.0,260.0,269.2582403567252,3,15.068488159492233,-19,11,1,4.036341950764206
714,234901,411045.0,3397035.0,22,270,6,5,2585.0,9.2,502,0,5,411105,3397265,505,0,7,-102.5,524,60.0,230.0,237.69728648009425,3,-14.620873988631672,-19,11,1,4.570141037220698
715,234901,411045.0,3397035.0,22,270,6,5,2585.0,9.2,502,0,5,411070,3397240,505,0,7,-104.0,524,25.0,205.0,206.51876428063383,3,-6.952957468173906,-19,11,1,5.256490234606749
716,234901,411045.0,3397035.0,22,270,6,5,2585.0,9.2,502,0,5,411150,3397160,504,0,14,-107.0,524,105.0,125.0,163.24827717314508,2,-40.03025927188969,-20,11,1,6.984658781092986
717,234901,411045.0,3397035.0,22,270,6,5,2585.0,9.2,502,0,5,410895,3397375,506,0,6,-99.67,524,-150.0,340.0,371.6180835212409,4,23.805943518457752,-18,11,1,2.773058340460826
718,234901,411045.0,3397035.0,22,270,6,5,2585.0,9.2,502,0,5,411040,3397210,504,12,7,-96.0,524,-5.0,175.0,175.07141400011596,2,1.6365770416167038,-20,11,1,6.517165121040428
719,234901,411045.0,3397035.0,22,270,6,5,2585.0,9.2,502,0,5,411070,3396800,503,0,14,-103.5,524,25.0,-235.0,236.32604596192948,1,-173.9275435927923,-21,11,1,5.07798187028799
720,234901,411045.0,3397035.0,22,270,6,5,2585.0,9.2,502,0,5,411450,3397020,504,0,5,-103.67,524,405.0,-15.0,405.2776825831889,2,-92.12109639666144,-20,11,1,2.825190667194721
721,234901,411045.0,3397035.0,22,270,6,5,2585.0,9.2,502,0,5,411080,3396730,506,6,5,-115.0,524,35.0,-305.0,307.001628660175,4,-173.453709216706,-18,11,1,3.3555023302692524
722,234901,411045.0,3397035.0,22,270,6,5,2585.0,9.2,502,0,5,411050,3396780,504,0,14,-100.8,524,5.0,-255.0,255.04901489713697,2,-178.8766972859246,-20,11,1,4.48374768005754
723,234901,411045.0,3397035.0,22,270,6,5,2585.0,9.2,502,0,5,411145,3396705,504,0,14,-105.33,524,100.0,-330.0,344.81879299133334,2,-163.14160123226173,-20,11,1,3.319520809887202
724,234901,411045.0,3397035.0,22,270,6,5,2585.0,9.2,502,0,5,411175,3396655,504,0,5,-105.5,524,130.0,-380.0,401.62171256046406,2,-161.1139126302907,-20,11,1,2.8508661956592154
725,234901,411045.0,3397035.0,22,270,6,5,2585.0,9.2,502,0,5,411040,3396770,505,6,5,-104.33,524,-5.0,-265.0,265.04716561397146,3,-181.0809241866607,-19,11,1,4.100254409958083
726,234901,411045.0,3397035.0,22,270,6,5,2585.0,9.2,502,0,5,411460,3397030,504,0,5,-111.5,524,415.0,-5.0,415.03011938894264,2,-90.69027719786507,-20,11,1,2.7589077352116913
727,234901,411045.0,3397035.0,22,270,6,5,2585.0,9.2,502,0,5,411045,3396765,505,6,6,-101.25,524,0.0,-270.0,270.0,3,-180.0,-19,11,1,4.025289579827388
728,234901,411045.0,3397035.0,22,270,6,5,2585.0,9.2,502,0,5,411115,3396755,504,0,14,-122.5,524,70.0,-280.0,288.61739379323626,2,-165.96375653207355,-20,11,1,3.9640253248382082
729,234901,411045.0,3397035.0,22,270,6,5,2585.0,9.2,502,0,5,411105,3396745,505,6,14,-109.0,524,60.0,-290.0,296.1418578992169,3,-168.3106308245608,-19,11,1,3.670976468801746
730,234901,411045.0,3397035.0,22,270,6,5,2585.0,9.2,502,0,5,410980,3397150,503,0,5,-89.0,524,-65.0,115.0,132.09844813622905,1,29.475889003245754,-21,11,1,9.032857121040315
731,234901,411045.0,3397035.0,22,270,6,5,2585.0,9.2,502,0,5,410970,3397140,503,0,5,-90.0,524,-75.0,105.0,129.0348790056394,1,35.537677791974374,-21,11,1,9.24365660664539
732,234901,411045.0,3397035.0,22,270,6,5,2585.0,9.2,502,0,5,411060,3397390,504,0,5,-115.0,524,15.0,355.0,355.31676008879737,2,-2.4195092166563654,-20,11,1,3.2216540460715537
733,234901,411045.0,3397035.0,22,270,6,5,2585.0,9.2,502,0,5,411135,3397295,506,0,5,-99.0,524,90.0,260.0,275.13632984395207,4,-19.09349200048561,-18,11,1,3.7430768414253333
734,234901,411045.0,3397035.0,22,270,6,5,2585.0,9.2,502,0,5,411120,3397290,505,0,5,-96.5,524,75.0,255.0,265.80067720004024,3,-16.38954033403479,-19,11,1,4.088670179856952
735,234901,411045.0,3397035.0,22,270,6,5,2585.0,9.2,502,0,5,411020,3397190,503,0,7,-98.0,524,-25.0,155.0,157.00318468107582,1,9.16234704572173,-21,11,1,7.618393766639491
736,234901,411045.0,3397035.0,22,270,6,5,2585.0,9.2,502,0,5,410930,3397260,506,6,7,-89.0,524,-115.0,225.0,252.68557536986555,4,27.072080237992736,-18,11,1,4.074569250379279
737,234901,411045.0,3397035.0,22,270,6,5,2585.0,9.2,502,0,5,410915,3397235,506,0,5,-90.0,524,-130.0,200.0,238.53720883753127,4,33.02386755579664,-18,11,1,4.315356816641907
738,234901,411045.0,3397035.0,22,270,6,5,2585.0,9.2,502,0,5,410935,3397255,506,0,7,-89.5,524,-110.0,220.0,245.96747752497686,4,26.565051177077976,-18,11,1,4.185467499565042
739,234901,411045.0,3397035.0,22,270,6,5,2585.0,9.2,502,0,5,410940,3397270,506,0,7,-95.9,524,-105.0,235.0,257.390753524675,4,24.075498255078855,-18,11,1,4.000328996180363
740,234901,411045.0,3397035.0,22,270,6,5,2585.0,9.2,502,0,5,411130,3397300,505,0,6,-102.0,524,85.0,265.0,278.29840100151495,3,-17.7838884426925,-19,11,1,3.9056392096074513
741,234901,411045.0,3397035.0,22,270,6,5,2585.0,9.2,502,0,5,410955,3397275,506,0,7,-91.67,524,-90.0,240.0,256.3201123595259,4,20.55604521958344,-18,11,1,4.016983658795792
742,234901,411045.0,3397035.0,22,270,6,5,2585.0,9.2,502,0,5,410920,3397250,506,0,5,-89.5,524,-125.0,215.0,248.69660230891776,4,30.17352002964435,-18,11,1,4.139697945200934
743,234901,411045.0,3397035.0,22,270,6,5,2585.0,9.2,502,0,5,410950,3397280,506,0,7,-93.45,524,-95.0,245.0,262.77366686941826,4,21.194056481542304,-18,11,1,3.918640297195129
744,234901,411045.0,3397035.0,22,270,6,5,2585.0,9.2,502,0,5,410925,3397245,506,0,7,-89.25,524,-120.0,210.0,241.8677324489565,4,29.744881296942253,-18,11,1,4.256154139057605
745,234901,411045.0,3397035.0,22,270,6,5,2585.0,9.2,502,0,5,411025,3397185,503,0,7,-93.33,524,-20.0,150.0,151.32745950421557,1,7.5946433685914485,-21,11,1,7.900586825304482
746,234901,411045.0,3397035.0,22,270,6,5,2585.0,9.2,502,0,5,411070,3397400,504,0,5,-112.5,524,25.0,365.0,365.8551625985343,2,-3.9182488640673796,-20,11,1,3.1290419198113493
747,234901,411045.0,3397035.0,22,270,6,5,2585.0,9.2,502,0,5,411050,3397380,504,15,5,-118.5,524,5.0,345.0,345.03622998172233,2,-0.8303154862579731,-20,11,1,3.3174335681161673
748,234901,411045.0,3397035.0,22,270,6,5,2585.0,9.2,502,0,5,411030,3397200,503,0,7,-96.5,524,-15.0,165.0,165.6804152578089,1,5.194428907734789,-21,11,1,7.223722534519979
749,234901,411045.0,3397035.0,22,270,6,5,2585.0,9.2,502,0,5,411035,3397195,503,0,7,-95.75,524,-10.0,160.0,160.31219541881399,1,3.576334374997373,-21,11,1,7.4629330903324895
750,234901,411045.0,3397035.0,22,270,6,5,2585.0,9.2,502,0,5,411145,3397305,506,0,14,-100.0,524,100.0,270.0,287.92360097775935,4,-20.32313682966293,-18,11,1,3.5772808727312335
751,234901,411045.0,3397035.0,22,270,6,5,2585.0,9.2,502,0,5,411125,3397285,505,0,6,-98.25,524,80.0,250.0,262.48809496813374,3,-17.744671625056924,-19,11,1,4.140090617258914
752,234901,411045.0,3397035.0,22,270,6,5,2585.0,9.2,502,0,5,411010,3397180,503,0,7,-95.83,524,-35.0,145.0,149.164338901763,1,13.57043438516149,-21,11,1,8.01368000003433
753,234901,411045.0,3397035.0,22,270,6,5,2585.0,9.2,502,0,5,411005,3397165,503,0,7,-98.4,524,-40.0,130.0,136.01470508735443,1,17.10272896905235,-21,11,1,8.776883158965873
754,234901,411045.0,3397035.0,22,270,6,5,2585.0,9.2,502,0,5,410780,3397040,506,12,10,-94.5,524,-265.0,5.0,265.04716561397146,4,88.9190758133393,-18,11,1,3.885130704703122
755,234901,411045.0,3397035.0,22,270,6,5,2585.0,9.2,502,0,5,410775,3397005,505,0,5,-92.38,524,-270.0,-30.0,271.6615541441225,3,-263.6598082540901,-19,11,1,4.000750033202751
756,234901,411045.0,3397035.0,22,270,6,5,2585.0,9.2,502,0,5,410790,3397030,506,0,10,-92.0,524,-255.0,-5.0,255.04901489713697,4,-268.8766972859246,-18,11,1,4.036937226207545
757,234901,411045.0,3397035.0,22,270,6,5,2585.0,9.2,502,0,5,410785,3397035,506,0,10,-102.0,524,-260.0,0.0,260.0,4,90.0,-18,11,1,3.9603118304583846
758,234901,411045.0,3397035.0,22,270,6,5,2585.0,9.2,502,0,5,410765,3397015,506,0,5,-92.75,524,-280.0,-20.0,280.713376952364,4,-265.9143832200251,-18,11,1,3.6689167773401676
759,234901,411045.0,3397035.0,22,270,6,5,2585.0,9.2,502,0,5,410865,3397115,503,0,14,-81.57,524,-180.0,80.0,196.9771560359221,1,66.03751102542185,-21,11,1,6.085394228813378
760,234901,411045.0,3397035.0,22,270,6,5,2585.0,9.2,502,0,5,410870,3397110,504,0,5,-84.11,524,-175.0,75.0,190.3943276465977,2,66.80140948635182,-20,11,1,5.996651421570145
761,234901,411045.0,3397035.0,22,270,6,5,2585.0,9.2,502,0,5,410875,3397105,504,0,5,-85.57,524,-170.0,70.0,183.84776310850236,2,67.61986494804046,-20,11,1,6.208544626185846
762,234901,411045.0,3397035.0,22,270,6,5,2585.0,9.2,502,0,5,410750,3396990,505,12,5,-95.0,524,-295.0,-45.0,298.41246622753545,3,-261.3268259521202,-19,11,1,3.6431196708391202
763,234901,411045.0,3397035.0,22,270,6,5,2585.0,9.2,502,0,5,410760,3397020,506,0,6,-92.42,524,-285.0,-15.0,285.3944638566067,4,-266.98721249581666,-18,11,1,3.6088989620373226
764,234901,411045.0,3397035.0,22,270,6,5,2585.0,9.2,502,0,5,410845,3397095,504,0,5,-86.5,524,-200.0,60.0,208.806130178211,2,73.30075576600643,-20,11,1,5.47124945343343
765,234901,411045.0,3397035.0,22,270,6,5,2585.0,9.2,502,0,5,410815,3397045,505,12,10,-81.5,524,-230.0,10.0,230.21728866442677,3,87.51044707800088,-19,11,1,4.717969805971917
766,234901,411045.0,3397035.0,22,270,6,5,2585.0,9.2,502,0,5,410855,3397085,504,0,5,-89.0,524,-190.0,50.0,196.468827043885,2,75.25643716352931,-20,11,1,5.812534130773947
767,234901,411045.0,3397035.0,22,270,6,5,2585.0,9.2,502,0,5,410795,3397025,506,0,10,-92.14,524,-250.0,-10.0,250.19992006393608,4,-267.7093899573615,-18,11,1,4.114910408388507
768,234901,411045.0,3397035.0,22,270,6,5,2585.0,9.2,502,0,5,410770,3397010,506,0,5,-95.38,524,-275.0,-25.0,276.1340254296815,4,-264.8055710922652,-18,11,1,3.7295910273742305
769,234901,411045.0,3397035.0,22,270,6,5,2585.0,9.2,502,0,5,410740,3397000,506,0,5,-88.25,524,-305.0,-35.0,307.001628660175,4,-263.453709216706,-18,11,1,3.3555023302692524
770,234901,411045.0,3397035.0,22,270,6,5,2585.0,9.2,502,0,5,410745,3396995,506,0,5,-84.0,524,-300.0,-40.0,302.65491900843114,4,-262.4053566314086,-18,11,1,3.4035813366719596
771,234901,411045.0,3397035.0,22,270,6,5,2585.0,9.2,502,0,5,410860,3397120,503,0,14,-77.6,524,-185.0,85.0,203.59273071502332,1,65.32313682966299,-21,11,1,5.8890672622797124
772,234901,411045.0,3397035.0,22,270,6,5,2585.0,9.2,502,0,5,410860,3396920,503,0,14,-87.33,524,-185.0,-115.0,217.83020910791964,1,-238.1340223063963,-21,11,1,5.506602953158386
773,234901,411045.0,3397035.0,22,270,6,5,2585.0,9.2,502,0,5,410825,3396955,504,0,10,-97.0,524,-220.0,-80.0,234.0939982143925,2,-250.01689347810003,-20,11,1,4.883250449013462
774,234901,411045.0,3397035.0,22,270,6,5,2585.0,9.2,502,0,5,410830,3396950,504,0,10,-94.5,524,-215.0,-85.0,231.19256043393784,2,-248.4286928087454,-20,11,1,4.94423271799283
775,234901,411045.0,3397035.0,22,270,6,5,2585.0,9.2,502,0,5,410835,3396945,503,0,10,-102.0,524,-210.0,-90.0,228.47319317591726,1,-246.80140948635182,-21,11,1,5.251557400319413
776,234901,411045.0,3397035.0,22,270,6,5,2585.0,9.2,502,0,5,410565,3397015,505,0,5,-93.6,524,-480.0,-20.0,480.41648597857255,3,-267.6140559696112,-19,11,1,2.264811461499668
777,234901,411045.0,3397035.0,22,270,6,5,2585.0,9.2,502,0,5,410560,3397020,505,0,5,-93.5,524,-485.0,-15.0,485.23190332046386,3,-268.22853025996596,-19,11,1,2.242358643053237
778,234901,411045.0,3397035.0,22,270,6,5,2585.0,9.2,502,0,5,410840,3396900,502,69,5,-103.0,524,-205.0,-135.0,245.45875417267155,0,-236.63363399894044,-22,11,1,5.121626358375572
779,234901,411045.0,3397035.0,22,270,6,5,2585.0,9.2,502,0,5,410805,3396935,504,0,5,-117.5,524,-240.0,-100.0,260.0,2,-247.38013505195957,-20,11,1,4.398705354995532
780,234901,411045.0,3397035.0,22,270,6,5,2585.0,9.2,502,0,5,410570,3397010,505,0,5,-93.1,524,-475.0,-25.0,475.6574397610112,3,-266.98721249581666,-19,11,1,2.287447394052813
781,234901,411045.0,3397035.0,22,270,6,5,2585.0,9.2,502,0,5,410870,3396910,502,12,14,-84.0,524,-175.0,-125.0,215.05813167606567,0,-234.46232220802563,-22,11,1,5.840920921940849
782,234901,411045.0,3397035.0,22,270,6,5,2585.0,9.2,502,0,5,411015,3396675,505,6,14,-95.33,524,-30.0,-360.0,361.24783736376884,3,-184.76364169072616,-19,11,1,3.010724357952789
783,234901,411045.0,3397035.0,22,270,6,5,2585.0,9.2,502,0,5,410890,3396800,502,0,14,-88.67,524,-155.0,-235.0,281.51376520518494,0,-213.40782458970892,-22,11,1,4.468521924034113
784,234901,411045.0,3397035.0,22,270,6,5,2585.0,9.2,502,0,5,410880,3396790,502,6,14,-90.5,524,-165.0,-245.0,295.3811097548386,0,-213.95905981967627,-22,11,1,4.259527912819804
785,234901,411045.0,3397035.0,22,270,6,5,2585.0,9.2,502,0,5,410660,3397030,506,0,5,-100.0,524,-385.0,-5.0,385.0324661635691,4,-269.2559407971113,-18,11,1,2.6765890847713467
786,234901,411045.0,3397035.0,22,270,6,5,2585.0,9.2,502,0,5,410655,3397015,506,0,5,-93.0,524,-390.0,-20.0,390.51248379533274,4,-267.06432655357884,-18,11,1,2.6390822914710124
787,234901,411045.0,3397035.0,22,270,6,5,2585.0,9.2,502,0,5,410790,3396920,504,69,14,-118.0,524,-255.0,-115.0,279.7320146139873,2,-245.72555886556054,-20,11,1,4.089517558271342
788,234901,411045.0,3397035.0,22,270,6,5,2585.0,9.2,502,0,5,410665,3397025,506,0,5,-97.8,524,-380.0,-10.0,380.13155617496426,4,-268.49256424122507,-18,11,1,2.7110463029485863
789,234901,411045.0,3397035.0,22,270,6,5,2585.0,9.2,502,0,5,410650,3397020,506,0,14,-97.17,524,-395.0,-15.0,395.28470752104744,4,-267.82525588539,-18,11,1,2.60726520921535
790,234901,411045.0,3397035.0,22,270,6,5,2585.0,9.2,502,0,5,410755,3396955,505,0,6,-103.0,524,-290.0,-80.0,300.83217912982644,3,-254.57783868126134,-19,11,1,3.6138945806430125
791,234901,411045.0,3397035.0,22,270,6,5,2585.0,9.2,502,0,5,410780,3396910,504,69,5,-118.0,524,-265.0,-125.0,293.00170647967224,2,-244.74683660542613,-20,11,1,3.904894771311795
792,234901,411045.0,3397035.0,22,270,6,5,2585.0,9.2,502,0,5,410640,3397010,506,0,5,-95.0,524,-405.0,-25.0,405.77087130546965,4,-266.4677054161091,-18,11,1,2.539976174464538
793,234901,411045.0,3397035.0,22,270,6,5,2585.0,9.2,502,0,5,410645,3397005,506,12,5,-91.33,524,-400.0,-30.0,401.1234224026316,4,-265.710846671181,-18,11,1,2.569365335048635
794,234901,411045.0,3397035.0,22,270,6,5,2585.0,9.2,502,0,5,411190,3396765,503,6,6,-105.5,524,145.0,-270.0,306.4718584144391,1,-151.76255446183274,-21,11,1,3.9198820505380354
795,234901,411045.0,3397035.0,22,270,6,5,2585.0,9.2,502,0,5,411100,3396695,505,6,14,-106.5,524,55.0,-340.0,344.41980198589044,3,-170.81116392264124,-19,11,1,3.157534843543491
796,234901,411045.0,3397035.0,22,270,6,5,2585.0,9.2,502,0,5,411240,3396875,500,0,6,-98.0,524,195.0,-160.0,252.23996511258878,-2,-129.36931724236473,-24,11,1,5.43518745209522
797,234901,411045.0,3397035.0,22,270,6,5,2585.0,9.2,502,0,5,411020,3396615,502,6,5,-109.5,524,-25.0,-420.0,420.7433897282285,0,-183.4064437549947,-22,11,1,2.9931789453696194
798,234901,411045.0,3397035.0,22,270,6,5,2585.0,9.2,502,0,5,411155,3396730,504,6,14,-112.67,524,110.0,-305.0,324.2298567374695,2,-160.1678701497816,-20,11,1,3.529796762782299
799,234901,411045.0,3397035.0,22,270,6,5,2585.0,9.2,502,0,5,411185,3396780,503,0,14,-95.5,524,140.0,-255.0,290.90376415577714,1,-151.2323506611562,-21,11,1,4.128952457303229
800,234901,411045.0,3397035.0,22,270,6,5,2585.0,9.2,502,0,5,411410,3397025,503,0,5,-100.4,524,365.0,-10.0,365.1369606051954,1,-91.569354804749,-21,11,1,3.291606993106847
801,234901,411045.0,3397035.0,22,270,6,5,2585.0,9.2,502,0,5,411180,3396775,503,0,14,-103.0,524,135.0,-260.0,292.95904150580503,1,-152.5602720518007,-21,11,1,4.1000846003047124
802,234901,411045.0,3397035.0,22,270,6,5,2585.0,9.2,502,0,5,411140,3396735,504,0,5,-109.0,524,95.0,-300.0,314.6823795511913,2,-162.42874122167757,-20,11,1,3.6366077744849155
803,234901,411045.0,3397035.0,22,270,6,5,2585.0,9.2,502,0,5,411135,3396735,504,0,5,-108.5,524,90.0,-300.0,313.2091952673165,2,-163.30075576600638,-20,11,1,3.653666390619896
804,234901,411045.0,3397035.0,22,270,6,5,2585.0,9.2,502,0,5,411145,3396745,504,6,14,-107.5,524,100.0,-290.0,306.75723300355935,2,-160.97439396243132,-20,11,1,3.7302984605694243
805,234901,411045.0,3397035.0,22,270,6,5,2585.0,9.2,502,0,5,411015,3396615,502,6,5,-112.88,524,-30.0,-420.0,421.070065428546,0,-184.08561677997488,-22,11,1,2.9908609870692477
806,234901,411045.0,3397035.0,22,270,6,5,2585.0,9.2,502,0,5,411435,3397035,503,0,5,-121.5,524,390.0,0.0,390.0,1,-90.0,-21,11,1,3.082180824528144
807,234901,411045.0,3397035.0,22,270,6,5,2585.0,9.2,502,0,5,411415,3397015,503,0,5,-104.0,524,370.0,-20.0,370.5401462729781,1,-93.09405805891711,-21,11,1,3.2437123013089613
808,234901,411045.0,3397035.0,22,270,6,5,2585.0,9.2,502,0,5,411430,3397040,503,0,5,-108.0,524,385.0,5.0,385.0324661635691,1,-89.2559407971113,-21,11,1,3.1218677230022687
809,234901,411045.0,3397035.0,22,270,6,5,2585.0,9.2,502,0,5,411425,3397025,503,0,5,-104.0,524,380.0,-10.0,380.13155617496426,1,-91.50743575877496,-21,11,1,3.1620357704288695
810,234901,411045.0,3397035.0,22,270,6,5,2585.0,9.2,502,0,5,411150,3396760,504,6,6,-102.0,524,105.0,-275.0,294.3637205907005,2,-159.10223450116115,-20,11,1,3.8868824244016884
811,234901,411045.0,3397035.0,22,270,6,5,2585.0,9.2,502,0,5,411130,3396740,504,6,5,-114.5,524,85.0,-295.0,307.001628660175,2,-163.9264258352536,-20,11,1,3.727337245858409
812,234901,411045.0,3397035.0,22,270,6,5,2585.0,9.2,502,0,5,411185,3396785,503,0,14,-103.5,524,140.0,-250.0,286.53097563788805,1,-150.75117366345302,-21,11,1,4.19174204323588
813,234901,411045.0,3397035.0,22,270,6,5,2585.0,9.2,502,0,5,411175,3396775,503,0,14,-105.25,524,130.0,-260.0,290.68883707497264,1,-153.43494882292202,-21,11,1,4.131994717649214
814,234901,411045.0,3397035.0,22,270,6,5,2585.0,9.2,502,0,5,410840,3397275,507,0,14,-93.5,524,-205.0,240.0,315.6342820417326,5,40.50284838533224,-17,11,1,3.082960556573568
815,234901,411045.0,3397035.0,22,270,6,5,2585.0,9.2,502,0,5,410855,3397270,508,6,14,-96.17,524,-190.0,235.0,302.2002647252315,6,38.9559078377589,-16,11,1,3.030696626078486
816,234901,411045.0,3397035.0,22,270,6,5,2585.0,9.2,502,0,5,410845,3397280,507,0,5,-94.33,524,-200.0,245.0,316.26729201736936,5,39.225674097336764,-17,11,1,3.0768018691630585
817,234901,411045.0,3397035.0,22,270,6,5,2585.0,9.2,502,0,5,410860,3397255,508,0,5,-93.2,524,-185.0,220.0,287.4456470360962,6,40.06078445787381,-16,11,1,3.185949956588224
818,234901,411045.0,3397035.0,22,270,6,5,2585.0,9.2,502,0,5,410830,3397205,506,0,14,-87.2,524,-215.0,170.0,274.0894014733149,4,51.66665989090137,-18,11,1,3.7573332459101993
819,234901,411045.0,3397035.0,22,270,6,5,2585.0,9.2,502,0,5,410835,3397210,506,0,5,-92.8,524,-210.0,175.0,273.3587386567329,4,50.194428907734846,-18,11,1,3.767347369511961
820,234901,411045.0,3397035.0,22,270,6,5,2585.0,9.2,502,0,5,410865,3397260,507,0,5,-97.5,524,-180.0,225.0,288.1405906844782,5,38.65980825409008,-17,11,1,3.3764782867994185
821,234901,411045.0,3397035.0,22,270,6,5,2585.0,9.2,502,0,5,410970,3397115,504,0,5,-78.0,524,-75.0,80.0,109.65856099730654,2,43.152389734005396,-20,11,1,10.336241619593244
822,234901,411045.0,3397035.0,22,270,6,5,2585.0,9.2,502,0,5,410955,3396980,502,12,5,-83.5,524,-90.0,-55.0,105.47511554864494,0,-238.5704343851615,-22,11,1,11.78183353780521
823,234901,411045.0,3397035.0,22,270,6,5,2585.0,9.2,502,0,5,410905,3397010,504,12,5,-81.29,524,-140.0,-25.0,142.21462653327893,2,-259.87532834460217,-20,11,1,8.00515084820372
824,234901,411045.0,3397035.0,22,270,6,5,2585.0,9.2,502,0,5,410930,3396995,503,12,14,-83.75,524,-115.0,-40.0,121.75795661885921,1,-250.8209919741893,-21,11,1,9.78571962951353
825,234901,411045.0,3397035.0,22,270,6,5,2585.0,9.2,502,0,5,410880,3397025,504,0,14,-86.0,524,-165.0,-10.0,165.3027525481654,2,-266.5317707410829,-20,11,1,6.8986912767876305
826,234901,411045.0,3397035.0,22,270,6,5,2585.0,9.2,502,0,5,411200,3396705,503,0,14,-108.0,524,155.0,-330.0,364.58880948268285,1,-154.84069808396833,-21,11,1,3.296544944405689
827,234901,411045.0,3397035.0,22,270,6,5,2585.0,9.2,502,0,5,410915,3397020,504,0,5,-83.71,524,-130.0,-15.0,130.86252328302402,2,-263.418055344822,-20,11,1,8.689398462513658
828,234901,411045.0,3397035.0,22,270,6,5,2585.0,9.2,502,0,5,410920,3396985,503,0,5,-84.63,524,-125.0,-50.0,134.6291201783626,1,-248.19859051364818,-21,11,1,8.86578579143473
829,234901,411045.0,3397035.0,22,270,6,5,2585.0,9.2,502,0,5,410925,3396990,503,0,5,-83.09,524,-120.0,-45.0,128.16005617976296,1,-249.44395478041653,-21,11,1,9.305653843358328
830,234901,411045.0,3397035.0,22,270,6,5,2585.0,9.2,502,0,5,411215,3396720,503,6,5,-102.0,524,170.0,-315.0,357.94552658190884,1,-151.64503821467594,-21,11,1,3.357588402373905
831,234901,411045.0,3397035.0,22,270,6,5,2585.0,9.2,502,0,5,410910,3397015,504,0,5,-85.39,524,-135.0,-20.0,136.4734406395618,2,-261.57303097851934,-20,11,1,8.337272629049002
832,234901,411045.0,3397035.0,22,270,6,5,2585.0,9.2,502,0,5,410900,3397005,504,12,5,-83.75,524,-145.0,-30.0,148.07092894960846,2,-258.3106308245608,-20,11,1,7.692409310212134
833,234901,411045.0,3397035.0,22,270,6,5,2585.0,9.2,502,0,5,410895,3397040,505,0,5,-87.29,524,-150.0,5.0,150.08331019803634,3,88.0908475670036,-19,11,1,7.215055837192452
834,234901,411045.0,3397035.0,22,270,6,5,2585.0,9.2,502,0,5,410935,3397000,503,12,5,-83.17,524,-110.0,-35.0,115.43396380615195,1,-252.34987578006988,-21,11,1,10.310615139799554
835,234901,411045.0,3397035.0,22,270,6,5,2585.0,9.2,502,0,5,410890,3397035,504,0,14,-85.09,524,-155.0,0.0,155.0,2,90.0,-20,11,1,7.3523793598923595
836,234901,411045.0,3397035.0,22,270,6,5,2585.0,9.2,502,0,5,410885,3397030,504,0,14,-83.5,524,-160.0,-5.0,160.0781059358212,2,-268.21008939175397,-20,11,1,7.121575586962839
837,234901,411045.0,3397035.0,22,270,6,5,2585.0,9.2,502,0,5,411060,3397475,504,0,5,-114.0,524,15.0,440.0,440.25560757360034,2,-1.952509049399623,-20,11,1,2.6010532592179287
838,234901,411045.0,3397035.0,22,270,6,5,2585.0,9.2,502,0,5,411070,3397465,504,0,6,-117.33,524,25.0,430.0,430.7261310856354,2,-3.3274042417265832,-20,11,1,2.6585178454031153
839,234901,411045.0,3397035.0,22,270,6,5,2585.0,9.2,502,0,5,410880,3397125,503,0,14,-72.5,524,-165.0,90.0,187.94946129212502,1,61.38954033403479,-21,11,1,6.3753390975397295
840,234901,411045.0,3397035.0,22,270,6,5,2585.0,9.2,502,0,5,411025,3397270,504,0,14,-104.33,524,-20.0,235.0,235.8495283014151,2,4.864514437760533,-20,11,1,4.847076121817795
841,234901,411045.0,3397035.0,22,270,6,5,2585.0,9.2,502,0,5,410970,3397215,505,12,7,-95.5,524,-75.0,180.0,195.0,3,22.61986494804046,-19,11,1,5.565098834911646
842,234901,411045.0,3397035.0,22,270,6,5,2585.0,9.2,502,0,5,410975,3397220,505,12,7,-98.0,524,-70.0,185.0,197.80040444852483,3,20.725558865560515,-19,11,1,5.486793901001081
843,234901,411045.0,3397035.0,22,270,6,5,2585.0,9.2,502,0,5,410955,3397200,505,0,7,-93.0,524,-90.0,165.0,187.94946129212502,3,28.61045966596521,-19,11,1,5.772477520633255
844,234901,411045.0,3397035.0,22,270,6,5,2585.0,9.2,502,0,5,410965,3397210,505,12,7,-90.67,524,-80.0,175.0,192.41881404893857,3,24.567171320601346,-19,11,1,5.6392733502049515
845,234901,411045.0,3397035.0,22,270,6,5,2585.0,9.2,502,0,5,411005,3397250,504,0,7,-96.29,524,-40.0,215.0,218.68927728629038,2,10.539183728628245,-20,11,1,5.2253900835454274
846,234901,411045.0,3397035.0,22,270,6,5,2585.0,9.2,502,0,5,410990,3397235,505,12,7,-95.91,524,-55.0,200.0,207.4246851269154,3,15.376251248826179,-19,11,1,5.2336604443094
847,234901,411045.0,3397035.0,22,270,6,5,2585.0,9.2,502,0,5,410995,3397240,505,0,7,-102.13,524,-50.0,205.0,211.00947846009194,3,13.706961004079801,-19,11,1,5.145228276675967
848,234901,411045.0,3397035.0,22,270,6,5,2585.0,9.2,502,0,5,411045,3397290,504,0,14,-107.75,524,0.0,255.0,255.0,2,0.0,-20,11,1,4.484606009544626
849,234901,411045.0,3397035.0,22,270,6,5,2585.0,9.2,502,0,5,411070,3397315,504,0,5,-103.79,524,25.0,280.0,281.1138559374119,2,-5.102165252358191,-20,11,1,4.0694828585499865
850,234901,411045.0,3397035.0,22,270,6,5,2585.0,9.2,502,0,5,411000,3397245,505,0,7,-97.0,524,-45.0,210.0,214.76731594914529,3,12.094757077012105,-19,11,1,5.0556716217985125
851,234901,411045.0,3397035.0,22,270,6,5,2585.0,9.2,502,0,5,410985,3397230,505,12,7,-95.42,524,-60.0,195.0,204.02205763103166,3,17.10272896905235,-19,11,1,5.320449257563168
852,234901,411045.0,3397035.0,22,270,6,5,2585.0,9.2,502,0,5,411055,3397300,504,0,5,-107.29,524,10.0,265.0,265.1886121235224,2,-2.1610794882263917,-20,11,1,4.312969385772279
853,234901,411045.0,3397035.0,22,270,6,5,2585.0,9.2,502,0,5,411030,3397275,504,0,14,-102.0,524,-15.0,240.0,240.46829312822095,2,3.576334374997373,-20,11,1,4.7544074398451635
854,234901,411045.0,3397035.0,22,270,6,5,2585.0,9.2,502,0,5,411065,3397310,504,0,5,-108.58,524,20.0,275.0,275.72631357924473,2,-4.159642293712636,-20,11,1,4.14872334423617
855,234901,411045.0,3397035.0,22,270,6,5,2585.0,9.2,502,0,5,411060,3397305,504,0,5,-102.25,524,15.0,270.0,270.4163456597992,2,-3.1798301198642207,-20,11,1,4.229895939277142
856,234901,411045.0,3397035.0,22,270,6,5,2585.0,9.2,502,0,5,411040,3397285,504,0,14,-107.33,524,-5.0,250.0,250.04999500099976,2,1.1457628381750737,-20,11,1,4.573010629227879
857,234901,411045.0,3397035.0,22,270,6,5,2585.0,9.2,502,0,5,410980,3397225,505,0,7,-94.77,524,-65.0,190.0,200.81085628023203,3,18.886087369709287,-19,11,1,5.405029549695896
858,234901,411045.0,3397035.0,22,270,6,5,2585.0,9.2,502,0,5,410925,3397170,504,0,7,-87.0,524,-120.0,135.0,180.62391868188442,2,41.63353933657015,-20,11,1,6.318468621306838
859,234901,411045.0,3397035.0,22,270,6,5,2585.0,9.2,502,0,5,411050,3397295,504,0,14,-107.71,524,5.0,260.0,260.0480724789169,2,-1.1017061152063548,-20,11,1,4.397895400884367
860,234901,411045.0,3397035.0,22,270,6,5,2585.0,9.2,502,0,5,411035,3397280,504,0,5,-104.5,524,-10.0,245.0,245.20399670478457,2,2.3373058591238305,-20,11,1,4.662992921510106
861,234901,411045.0,3397035.0,22,270,6,5,2585.0,9.2,502,0,5,410960,3397205,505,0,7,-88.33,524,-85.0,170.0,190.06577808748213,3,26.565051177077976,-19,11,1,5.708629867361996
862,234901,411045.0,3397035.0,22,270,6,5,2585.0,9.2,502,0,5,410920,3397165,504,0,7,-89.0,524,-125.0,130.0,180.34688796871433,2,43.87669728592459,-20,11,1,6.328095738202573
863,234901,411045.0,3397035.0,22,270,6,5,2585.0,9.2,502,0,5,410895,3397140,503,0,5,-76.5,524,-150.0,105.0,183.09833423600554,1,55.007979801441365,-21,11,1,6.542805544472764
864,234901,411045.0,3397035.0,22,270,6,5,2585.0,9.2,502,0,5,410890,3397135,503,0,5,-78.4,524,-155.0,100.0,184.45866745696716,1,57.171458208587524,-21,11,1,6.494967916470253
865,234901,411045.0,3397035.0,22,270,6,5,2585.0,9.2,502,0,5,410975,3396780,504,0,14,-87.5,524,-70.0,-255.0,264.43335644354704,2,-195.35013649242444,-20,11,1,4.3252411014056715
866,234901,411045.0,3397035.0,22,270,6,5,2585.0,9.2,502,0,5,411030,3396755,506,0,14,-100.2,524,-15.0,-280.0,280.40149785619906,4,-183.0664855011259,-18,11,1,3.6729863983898987
867,234901,411045.0,3397035.0,22,270,6,5,2585.0,9.2,502,0,5,411010,3396735,508,0,14,-93.0,524,-35.0,-300.0,302.03476621077914,6,-186.6544250460066,-16,11,1,3.032354183462963
868,234901,411045.0,3397035.0,22,270,6,5,2585.0,9.2,502,0,5,410845,3396965,504,6,5,-97.0,524,-200.0,-70.0,211.8962010041709,2,-250.70995378081125,-20,11,1,5.391936200678344
869,234901,411045.0,3397035.0,22,270,6,5,2585.0,9.2,502,0,5,410870,3397000,504,12,14,-87.0,524,-175.0,-35.0,178.46568297574746,2,-258.69006752597977,-20,11,1,6.394250497867188
870,234901,411045.0,3397035.0,22,270,6,5,2585.0,9.2,502,0,5,410805,3397005,505,0,5,-93.42,524,-240.0,-30.0,241.8677324489565,3,-262.8749836510982,-19,11,1,4.491664866476404
871,234901,411045.0,3397035.0,22,270,6,5,2585.0,9.2,502,0,5,410865,3396985,504,0,5,-80.25,524,-180.0,-50.0,186.81541692269406,2,-254.47588900324575,-20,11,1,6.110671001741464
872,234901,411045.0,3397035.0,22,270,6,5,2585.0,9.2,502,0,5,410810,3397020,505,0,5,-88.53,524,-235.0,-15.0,235.47823678633233,3,-266.3477772196937,-19,11,1,4.613023147882782
873,234901,411045.0,3397035.0,22,270,6,5,2585.0,9.2,502,0,5,410820,3397030,505,0,5,-90.0,524,-225.0,-5.0,225.055548698538,3,-268.7269699799433,-19,11,1,4.82567303221839
874,234901,411045.0,3397035.0,22,270,6,5,2585.0,9.2,502,0,5,410765,3397045,506,0,5,-98.5,524,-280.0,10.0,280.178514522438,4,87.95459151111277,-18,11,1,3.675901575802358
875,234901,411045.0,3397035.0,22,270,6,5,2585.0,9.2,502,0,5,410815,3397015,505,0,5,-85.5,524,-230.0,-20.0,230.8679276123039,3,-265.0302592718897,-19,11,1,4.704733252040484
876,234901,411045.0,3397035.0,22,270,6,5,2585.0,9.2,502,0,5,410825,3397025,505,0,5,-88.69,524,-220.0,-10.0,220.22715545545242,3,-267.3974377975002,-19,11,1,4.930957914779906
877,234901,411045.0,3397035.0,22,270,6,5,2585.0,9.2,502,0,5,410800,3397010,505,0,10,-97.82,524,-245.0,-25.0,246.272207120495,3,-264.17365797044425,-19,11,1,4.4116533316001005
878,234901,411045.0,3397035.0,22,270,6,5,2585.0,9.2,502,0,5,410835,3397035,505,0,5,-83.17,524,-210.0,0.0,210.0,3,90.0,-19,11,1,5.169827887557858
879,234901,411045.0,3397035.0,22,270,6,5,2585.0,9.2,502,0,5,410850,3396980,504,0,5,-91.5,524,-195.0,-55.0,202.6079958935481,2,-254.24882633654698,-20,11,1,5.637562229733134
880,234901,411045.0,3397035.0,22,270,6,5,2585.0,9.2,502,0,5,410840,3396970,504,0,5,-98.0,524,-205.0,-65.0,215.05813167606567,2,-252.40757543781842,-20,11,1,5.3131173344574005
881,234901,411045.0,3397035.0,22,270,6,5,2585.0,9.2,502,0,5,410855,3396975,504,0,5,-107.33,524,-190.0,-60.0,199.24858845171275,2,-252.47443162627712,-20,11,1,5.731985937680171
882,234901,411045.0,3397035.0,22,270,6,5,2585.0,9.2,502,0,5,411045,3397060,503,0,5,-86.67,524,0.0,25.0,25.0,1,0.0,-21,11,1,40.0302592718897
883,234901,411045.0,3397035.0,22,270,6,5,2585.0,9.2,502,0,5,410920,3396935,503,0,5,-85.0,524,-125.0,-100.0,160.0781059358212,1,-231.34019174590992,-21,11,1,7.473723192034916
884,234901,411045.0,3397035.0,22,270,6,5,2585.0,9.2,502,0,5,410910,3396905,502,12,5,-87.67,524,-135.0,-130.0,187.41664813991312,0,-226.0809241866607,-22,11,1,6.695055652415986
885,234901,411045.0,3397035.0,22,270,6,5,2585.0,9.2,502,0,5,411050,3397045,502,9,5,-79.4,524,5.0,10.0,11.180339887498949,0,-26.565051177077976,-22,11,1,63.060447060019925
886,234901,411045.0,3397035.0,22,270,6,5,2585.0,9.2,502,0,5,410970,3396805,502,6,14,-105.5,524,-75.0,-230.0,241.91940806805889,0,-198.06047193619918,-22,11,1,5.19614988509227
887,234901,411045.0,3397035.0,22,270,6,5,2585.0,9.2,502,0,5,411080,3397095,502,9,5,-100.0,524,35.0,60.0,69.46221994724903,0,-30.256437163529256,-22,11,1,17.57398031129746
888,234901,411045.0,3397035.0,22,270,6,5,2585.0,9.2,502,0,5,410925,3396940,503,0,5,-81.67,524,-120.0,-95.0,153.05227865013967,1,-231.63251461513846,-21,11,1,7.812657019404858
889,234901,411045.0,3397035.0,22,270,6,5,2585.0,9.2,502,0,5,410870,3397135,503,0,5,-87.0,524,-175.0,100.0,201.55644370746373,1,60.25511870305775,-21,11,1,5.9481389567928575
890,234901,411045.0,3397035.0,22,270,6,5,2585.0,9.2,502,0,5,410845,3397150,502,0,5,-84.18,524,-200.0,115.0,230.70543990118657,0,60.10109816138544,-22,11,1,5.447236384319793
891,234901,411045.0,3397035.0,22,270,6,5,2585.0,9.2,502,0,5,410855,3397160,503,0,7,-83.43,524,-190.0,125.0,227.43130831088317,1,56.65929265352304,-21,11,1,5.275479860211635
892,234901,411045.0,3397035.0,22,270,6,5,2585.0,9.2,502,0,5,410850,3397155,502,0,5,-82.65,524,-195.0,120.0,228.96506283710622,0,58.392497753751115,-22,11,1,5.488389279304518
893,234901,411045.0,3397035.0,22,270,6,5,2585.0,9.2,502,0,5,410865,3397130,503,0,5,-81.0,524,-180.0,95.0,203.5313243704762,1,62.17590361574673,-21,11,1,5.890831528316899
894,234901,411045.0,3397035.0,22,270,6,5,2585.0,9.2,502,0,5,410810,3397195,505,0,5,-93.5,524,-235.0,160.0,284.29737951659,3,55.75096699318806,-19,11,1,3.823473120121698
895,234901,411045.0,3397035.0,22,270,6,5,2585.0,9.2,502,0,5,410875,3397140,503,0,5,-80.6,524,-170.0,105.0,199.81241202688085,1,58.29857033049427,-21,11,1,5.999679298797592
896,234901,411045.0,3397035.0,22,270,6,5,2585.0,9.2,502,0,5,410860,3397125,503,0,14,-83.33,524,-185.0,90.0,205.73040611440985,1,64.05770451012836,-21,11,1,5.828299381887789
897,234901,411045.0,3397035.0,22,270,6,5,2585.0,9.2,502,0,5,411080,3397455,504,15,14,-111.5,524,35.0,420.0,421.4558102577303,2,-4.7636416907261605,-20,11,1,2.7169077916498616
898,234901,411045.0,3397035.0,22,270,6,5,2585.0,9.2,502,0,5,411065,3397520,503,0,5,-114.0,524,20.0,485.0,485.41219597368996,1,-2.3613746581756345,-21,11,1,2.477196846065094
899,234901,411045.0,3397035.0,22,270,6,5,2585.0,9.2,502,0,5,410665,3397005,506,6,14,-98.0,524,-380.0,-30.0,381.18237105091833,4,-265.4860115419987,-18,11,1,2.703583798487091
900,234901,411045.0,3397035.0,22,270,6,5,2585.0,9.2,502,0,5,410745,3396925,504,0,5,-110.5,524,-300.0,-110.0,319.53090617340916,2,-249.86369657175186,-20,11,1,3.581571028712397
901,234901,411045.0,3397035.0,22,270,6,5,2585.0,9.2,502,0,5,410755,3396935,505,0,6,-109.5,524,-290.0,-100.0,306.75723300355935,3,-250.97439396243132,-19,11,1,3.544271438694079
902,234901,411045.0,3397035.0,22,270,6,5,2585.0,9.2,502,0,5,410670,3397020,506,0,5,-94.17,524,-375.0,-15.0,375.2998800959041,4,-267.7093899573615,-18,11,1,2.745895706219099
903,234901,411045.0,3397035.0,22,270,6,5,2585.0,9.2,502,0,5,410660,3397010,506,0,5,-89.0,524,-385.0,-25.0,385.8108344772085,4,-266.2847108945712,-18,11,1,2.6711969304792844
904,234901,411045.0,3397035.0,22,270,6,5,2585.0,9.2,502,0,5,410640,3397030,506,0,5,-92.5,524,-405.0,-5.0,405.0308630215727,4,-269.29268063145577,-18,11,1,2.5446107226858694
905,234901,411045.0,3397035.0,22,270,6,5,2585.0,9.2,502,0,5,410675,3397015,506,0,5,-95.3,524,-370.0,-20.0,370.5401462729781,4,-266.9059419410829,-18,11,1,2.781112789400159
906,234901,411045.0,3397035.0,22,270,6,5,2585.0,9.2,502,0,5,411115,3397260,506,0,7,-102.0,524,70.0,225.0,235.63743335896356,4,-17.28149837181664,-18,11,1,4.368257680687629
907,234901,411045.0,3397035.0,22,270,6,5,2585.0,9.2,502,0,5,410895,3397400,506,0,6,-106.0,524,-150.0,365.0,394.62007044751283,4,22.340647959994158,-18,11,1,2.6116504089812804
908,234901,411045.0,3397035.0,22,270,6,5,2585.0,9.2,502,0,5,410995,3397300,505,0,5,-106.0,524,-50.0,265.0,269.675731203236,3,10.684912400002702,-19,11,1,4.030113808393263
909,234901,411045.0,3397035.0,22,270,6,5,2585.0,9.2,502,0,5,410985,3397290,505,0,14,-103.56,524,-60.0,255.0,261.9637379485947,3,13.240519915187178,-19,11,1,4.148348685364574
910,234901,411045.0,3397035.0,22,270,6,5,2585.0,9.2,502,0,5,411095,3397280,505,0,7,-102.8,524,50.0,245.0,250.04999500099976,3,-11.534620653644708,-19,11,1,4.345258718848028
911,234901,411045.0,3397035.0,22,270,6,5,2585.0,9.2,502,0,5,411135,3397160,503,0,5,-102.33,524,90.0,125.0,154.02921800749363,1,-35.753887254436734,-21,11,1,7.7637109995137585
912,234901,411045.0,3397035.0,22,270,6,5,2585.0,9.2,502,0,5,411130,3397155,502,0,6,-109.67,524,85.0,120.0,147.05441169852742,0,-35.31121343963321,-22,11,1,8.508601824568954
913,234901,411045.0,3397035.0,22,270,6,5,2585.0,9.2,502,0,5,410980,3397285,505,0,5,-100.5,524,-65.0,250.0,258.3118270617898,3,14.574216198038755,-19,11,1,4.206787318469636
914,234901,411045.0,3397035.0,22,270,6,5,2585.0,9.2,502,0,5,410990,3397295,505,0,5,-104.76,524,-55.0,260.0,265.75364531836624,3,11.94417718844636,-19,11,1,4.089391319584157
915,234901,411045.0,3397035.0,22,270,6,5,2585.0,9.2,502,0,5,411090,3397275,505,0,7,-102.0,524,45.0,240.0,244.1823089414956,3,-10.619655276155129,-19,11,1,4.44926065015584
916,234901,411045.0,3397035.0,22,270,6,5,2585.0,9.2,502,0,5,411070,3397215,504,0,7,-109.0,524,25.0,180.0,181.72781845386248,2,-7.907162702958431,-20,11,1,6.280394912629286
917,234901,411045.0,3397035.0,22,270,6,5,2585.0,9.2,502,0,5,410930,3397145,504,0,5,-91.0,524,-115.0,110.0,159.13830462839547,2,46.273030020056694,-20,11,1,7.163196887871566
918,234901,411045.0,3397035.0,22,270,6,5,2585.0,9.2,502,0,5,411070,3397325,504,0,5,-106.5,524,25.0,290.0,291.0755915565577,2,-4.927109947649001,-20,11,1,3.930653636396859
919,234901,411045.0,3397035.0,22,270,6,5,2585.0,9.2,502,0,5,411005,3397240,504,0,7,-93.5,524,-40.0,205.0,208.86598574205422,2,11.04094018032373,-20,11,1,5.469691045559608
920,234901,411045.0,3397035.0,22,270,6,5,2585.0,9.2,502,0,5,410900,3397175,504,0,7,-85.0,524,-145.0,140.0,201.55644370746373,2,46.00508600525416,-20,11,1,5.666783353597029
921,234901,411045.0,3397035.0,22,270,6,5,2585.0,9.2,502,0,5,411105,3397300,505,0,7,-104.0,524,60.0,265.0,271.7075633838705,3,-12.757532160876679,-19,11,1,4.000074770870792
922,234901,411045.0,3397035.0,22,270,6,5,2585.0,9.2,502,0,5,411035,3397210,503,12,7,-97.5,524,-10.0,175.0,175.28548142958104,1,3.270487923183566,-21,11,1,6.831734238330726
923,234901,411045.0,3397035.0,22,270,6,5,2585.0,9.2,502,0,5,411115,3397290,505,0,7,-103.22,524,70.0,255.0,264.43335644354704,3,-15.35013649242444,-19,11,1,4.109739446596739
924,234901,411045.0,3397035.0,22,270,6,5,2585.0,9.2,502,0,5,411000,3397235,504,12,7,-92.63,524,-45.0,200.0,205.0,2,12.680383491819839,-20,11,1,5.572197803963795
925,234901,411045.0,3397035.0,22,270,6,5,2585.0,9.2,502,0,5,410980,3397255,505,0,7,-97.4,524,-65.0,220.0,229.40139493908924,3,16.460014812040015,-19,11,1,4.734673683043087
926,234901,411045.0,3397035.0,22,270,6,5,2585.0,9.2,502,0,5,410960,3397275,505,0,5,-92.5,524,-85.0,240.0,254.6075411294803,3,19.502448506662233,-19,11,1,4.2677673581443365
927,234901,411045.0,3397035.0,22,270,6,5,2585.0,9.2,502,0,5,411060,3397335,504,0,5,-108.5,524,15.0,300.0,300.3747659175118,2,-2.8624052261117185,-20,11,1,3.8093301809023035
928,234901,411045.0,3397035.0,22,270,6,5,2585.0,9.2,502,0,5,410975,3397270,505,0,14,-98.29,524,-70.0,235.0,245.20399670478457,3,16.58733855692742,-19,11,1,4.430795958971878
929,234901,411045.0,3397035.0,22,270,6,5,2585.0,9.2,502,0,5,411015,3397230,504,12,7,-94.0,524,-30.0,195.0,197.29419656948858,2,8.74616226255523,-20,11,1,5.788383170612081
930,234901,411045.0,3397035.0,22,270,6,5,2585.0,9.2,502,0,5,411020,3397215,504,12,7,-96.75,524,-25.0,180.0,181.72781845386248,2,7.907162702958431,-20,11,1,6.280394912629286
931,234901,411045.0,3397035.0,22,270,6,5,2585.0,9.2,502,0,5,411065,3397340,504,0,5,-108.83,524,20.0,305.0,305.6550343115585,2,-3.7517290705259825,-20,11,1,3.7437118129040323
932,234901,411045.0,3397035.0,22,270,6,5,2585.0,9.2,502,0,5,410920,3397155,504,0,7,-84.8,524,-125.0,120.0,173.27723451163456,2,46.16913932790743,-20,11,1,6.584056864949636
933,234901,411045.0,3397035.0,22,270,6,5,2585.0,9.2,502,0,5,410990,3397245,505,0,7,-96.25,524,-55.0,210.0,217.0829334609241,3,14.67639313745002,-19,11,1,5.002017975855335
934,234901,411045.0,3397035.0,22,270,6,5,2585.0,9.2,502,0,5,411110,3397285,505,0,7,-101.23,524,65.0,250.0,258.3118270617898,3,-14.574216198038755,-19,11,1,4.206787318469636
935,234901,411045.0,3397035.0,22,270,6,5,2585.0,9.2,502,0,5,411100,3397295,505,0,7,-98.15,524,55.0,260.0,265.75364531836624,3,-11.94417718844636,-19,11,1,4.089391319584157
936,234901,411045.0,3397035.0,22,270,6,5,2585.0,9.2,502,0,5,410965,3397280,505,0,14,-98.0,524,-80.0,245.0,257.73047937719747,3,18.083445383048684,-19,11,1,4.2162421439497395
937,234901,411045.0,3397035.0,22,270,6,5,2585.0,9.2,502,0,5,410985,3397260,505,0,7,-98.33,524,-60.0,225.0,232.86262044390037,3,14.931417178137565,-19,11,1,4.6646112792090815
938,234901,411045.0,3397035.0,22,270,6,5,2585.0,9.2,502,0,5,410995,3397250,505,0,7,-95.43,524,-50.0,215.0,220.73740054644117,3,13.091893064346834,-19,11,1,4.9196157729359395
939,234901,411045.0,3397035.0,22,270,6,5,2585.0,9.2,502,0,5,410910,3397165,504,0,7,-90.25,524,-135.0,130.0,187.41664813991312,2,46.080924186660695,-20,11,1,6.091215619742459
940,234901,411045.0,3397035.0,22,270,6,5,2585.0,9.2,502,0,5,410915,3397170,504,0,7,-90.14,524,-130.0,135.0,187.41664813991312,2,43.919075813339305,-20,11,1,6.091215619742459
941,234901,411045.0,3397035.0,22,270,6,5,2585.0,9.2,502,0,5,410970,3397265,505,0,5,-96.5,524,-75.0,230.0,241.91940806805889,3,18.06047193619918,-19,11,1,4.490709341427644
942,234901,411045.0,3397035.0,22,270,6,5,2585.0,9.2,502,0,5,411095,3397310,504,0,7,-100.0,524,50.0,275.0,279.5084971874737,2,-10.304846468766016,-20,11,1,4.092776755788449
943,234901,411045.0,3397035.0,22,270,6,5,2585.0,9.2,502,0,5,410925,3397160,504,0,5,-88.75,524,-120.0,125.0,173.27723451163456,2,43.830860672092626,-20,11,1,6.584056864949636
944,234901,411045.0,3397035.0,22,270,6,5,2585.0,9.2,502,0,5,411085,3397320,504,15,7,-97.5,524,40.0,285.0,287.7933286231632,2,-7.989326766396914,-20,11,1,3.975339543261489
945,234901,411045.0,3397035.0,22,270,6,5,2585.0,9.2,502,0,5,411030,3397205,503,0,7,-94.0,524,-15.0,170.0,170.66048165876012,1,5.042451069170909,-21,11,1,7.015057495226254
946,234901,411045.0,3397035.0,22,270,6,5,2585.0,9.2,502,0,5,411055,3397350,504,0,6,-110.5,524,10.0,315.0,315.15869018638847,2,-1.8183029644518456,-20,11,1,3.6311263544216006
947,234901,411045.0,3397035.0,22,270,6,5,2585.0,9.2,502,0,5,411090,3397305,504,0,7,-101.83,524,45.0,270.0,273.72431386341987,2,-9.462322208025626,-20,11,1,4.17895969437504
948,234901,411045.0,3397035.0,22,270,6,5,2585.0,9.2,502,0,5,410875,3397330,507,9,5,-86.5,524,-170.0,295.0,340.4776057246644,5,29.953608167801463,-17,11,1,2.8583966443575983
949,234901,411045.0,3397035.0,22,270,6,5,2585.0,9.2,502,0,5,410825,3397300,507,0,5,-111.5,524,-220.0,265.0,344.41980198589044,5,39.69907348347431,-17,11,1,2.8257330404705585
950,234901,411045.0,3397035.0,22,270,6,5,2585.0,9.2,502,0,5,410835,3397290,507,0,5,-98.0,524,-210.0,255.0,330.3407331831786,5,39.472459848343874,-17,11,1,2.9459575079308378
951,234901,411045.0,3397035.0,22,270,6,5,2585.0,9.2,502,0,5,410820,3397295,507,0,5,-100.17,524,-225.0,260.0,343.8386249390839,5,40.87240829748828,-17,11,1,2.830501506421077
952,234901,411045.0,3397035.0,22,270,6,5,2585.0,9.2,502,0,5,410815,3397310,506,0,14,-100.0,524,-230.0,275.0,358.50383540486706,4,39.907884875501054,-18,11,1,2.874331074847261
953,234901,411045.0,3397035.0,22,270,6,5,2585.0,9.2,502,0,5,410865,3397165,503,0,7,-88.0,524,-180.0,130.0,222.03603311174518,1,54.16234704572173,-21,11,1,5.402919596022686
954,234901,411045.0,3397035.0,22,270,6,5,2585.0,9.2,502,0,5,410855,3397195,505,0,7,-92.8,524,-190.0,160.0,248.39484696748443,3,49.89909245378777,-19,11,1,4.374100808589764
955,234901,411045.0,3397035.0,22,270,6,5,2585.0,9.2,502,0,5,410840,3397190,505,0,5,-90.6,524,-205.0,155.0,257.00194551792794,3,52.90716270295843,-19,11,1,4.22815081367824
956,234901,411045.0,3397035.0,22,270,6,5,2585.0,9.2,502,0,5,410860,3397170,503,0,7,-83.6,524,-185.0,135.0,229.01964981197574,1,53.88065915052027,-21,11,1,5.239096636044827
957,234901,411045.0,3397035.0,22,270,6,5,2585.0,9.2,502,0,5,410845,3397185,504,0,5,-91.0,524,-200.0,150.0,250.0,2,53.13010235415595,-20,11,1,4.573921259900861
958,234901,411045.0,3397035.0,22,270,6,5,2585.0,9.2,502,0,5,410850,3397200,505,0,7,-87.11,524,-195.0,165.0,255.44079548889601,3,49.76364169072622,-19,11,1,4.253896978846283
959,234901,411045.0,3397035.0,22,270,6,5,2585.0,9.2,502,0,5,410820,3397130,504,0,5,-82.5,524,-225.0,95.0,244.23349483639626,2,67.1094483437517,-20,11,1,4.681439894270602
960,234901,411045.0,3397035.0,22,270,6,5,2585.0,9.2,502,0,5,411170,3396740,503,6,14,-109.5,524,125.0,-295.0,320.3903868720159,1,-157.03622694014547,-21,11,1,3.7500898507070772
961,234901,411045.0,3397035.0,22,270,6,5,2585.0,9.2,502,0,5,411130,3396780,503,6,14,-105.0,524,85.0,-255.0,268.79360111431225,1,-161.56505117707798,-21,11,1,4.467264975874458
962,234901,411045.0,3397035.0,22,270,6,5,2585.0,9.2,502,0,5,411090,3396660,504,6,5,-112.0,524,45.0,-375.0,377.69034936042516,2,-173.15722658736905,-20,11,1,3.0311770378600547
963,234901,411045.0,3397035.0,22,270,6,5,2585.0,9.2,502,0,5,411195,3396755,503,0,6,-107.78,524,150.0,-280.0,317.6476034853718,1,-151.82140989004083,-21,11,1,3.782377058701911
964,234901,411045.0,3397035.0,22,270,6,5,2585.0,9.2,502,0,5,411160,3396730,504,6,14,-108.67,524,115.0,-305.0,325.96012026013244,2,-159.34108993669253,-20,11,1,3.511106871394865
965,234901,411045.0,3397035.0,22,270,6,5,2585.0,9.2,502,0,5,411180,3396750,503,0,14,-104.0,524,135.0,-285.0,315.35694062442957,1,-154.65382405805332,-21,11,1,3.809770547384482
966,234901,411045.0,3397035.0,22,270,6,5,2585.0,9.2,502,0,5,411190,3396760,503,6,6,-95.5,524,145.0,-275.0,310.8858311341963,1,-152.19854122006586,-21,11,1,3.864397205251234
967,234901,411045.0,3397035.0,22,270,6,5,2585.0,9.2,502,0,5,411260,3396830,501,15,5,-105.5,524,215.0,-205.0,297.06901555025894,-1,-133.6360724683971,-23,11,1,4.42718416522067
968,234901,411045.0,3397035.0,22,270,6,5,2585.0,9.2,502,0,5,411185,3396745,503,6,14,-108.75,524,140.0,-290.0,322.02484376209236,1,-154.2306723756613,-21,11,1,3.7311099403308168
969,234901,411045.0,3397035.0,22,270,6,5,2585.0,9.2,502,0,5,411165,3396725,504,6,14,-106.67,524,120.0,-310.0,332.41540277189324,2,-158.83874018317172,-20,11,1,3.443089196690515
970,234901,411045.0,3397035.0,22,270,6,5,2585.0,9.2,502,0,5,411175,3396735,503,0,14,-108.67,524,130.0,-300.0,326.9556544854363,1,-156.57130719125462,-21,11,1,3.674996533351694
971,234901,411045.0,3397035.0,22,270,6,5,2585.0,9.2,502,0,5,411120,3396770,504,6,5,-102.0,524,75.0,-265.0,275.40878707840824,2,-164.19748604606448,-20,11,1,4.153489793321802
972,234901,411045.0,3397035.0,22,270,6,5,2585.0,9.2,502,0,5,411105,3397260,505,0,7,-99.0,524,60.0,225.0,232.86262044390037,3,-14.931417178137565,-19,11,1,4.6646112792090815
973,234901,411045.0,3397035.0,22,270,6,5,2585.0,9.2,502,0,5,410880,3397395,506,9,14,-106.0,524,-165.0,360.0,396.01136347332255,4,24.623564786163627,-18,11,1,2.602487625132347
974,234901,411045.0,3397035.0,22,270,6,5,2585.0,9.2,502,0,5,410960,3397315,505,0,7,-101.0,524,-85.0,280.0,292.61749776799064,3,16.886791123944022,-19,11,1,3.715067562954298
975,234901,411045.0,3397035.0,22,270,6,5,2585.0,9.2,502,0,5,410970,3397305,505,0,7,-97.0,524,-75.0,270.0,280.22312538404105,3,15.524110996754246,-19,11,1,3.8788953347652173
976,234901,411045.0,3397035.0,22,270,6,5,2585.0,9.2,502,0,5,411030,3397325,504,0,7,-109.67,524,-15.0,290.0,290.38767191463205,2,2.9609361341637737,-20,11,1,3.939935944692208
977,234901,411045.0,3397035.0,22,270,6,5,2585.0,9.2,502,0,5,411070,3397205,504,0,7,-103.6,524,25.0,170.0,171.82840277439584,2,-8.365886124032613,-20,11,1,6.639079105677539
978,234901,411045.0,3397035.0,22,270,6,5,2585.0,9.2,502,0,5,410985,3397300,505,0,5,-102.44,524,-60.0,265.0,271.7075633838705,3,12.757532160876679,-19,11,1,4.000074770870792
979,234901,411045.0,3397035.0,22,270,6,5,2585.0,9.2,502,0,5,410980,3397295,505,0,5,-100.87,524,-65.0,260.0,268.00186566514793,3,14.03624346792651,-19,11,1,4.055201068345757
980,234901,411045.0,3397035.0,22,270,6,5,2585.0,9.2,502,0,5,411135,3397150,503,0,5,-105.0,524,90.0,115.0,146.03081866510234,1,-38.047042531826094,-21,11,1,8.18333198103439
981,234901,411045.0,3397035.0,22,270,6,5,2585.0,9.2,502,0,5,411075,3397210,504,0,7,-112.0,524,30.0,175.0,177.55280904564702,2,-9.72757855140162,-20,11,1,6.426851664659936
982,234901,411045.0,3397035.0,22,270,6,5,2585.0,9.2,502,0,5,410995,3397290,505,0,14,-101.44,524,-50.0,255.0,259.8557292037257,3,11.09372301155787,-19,11,1,4.181882122812057
983,234901,411045.0,3397035.0,22,270,6,5,2585.0,9.2,502,0,5,410990,3397285,505,0,14,-102.22,524,-55.0,250.0,255.9785147234041,3,12.40741852740075,-19,11,1,4.244993762898524
984,234901,411045.0,3397035.0,22,270,6,5,2585.0,9.2,502,0,5,411045,3397240,504,0,7,-105.5,524,0.0,205.0,205.0,2,0.0,-20,11,1,5.572197803963795
985,234901,411045.0,3397035.0,22,270,6,5,2585.0,9.2,502,0,5,411085,3397280,505,0,7,-107.18,524,40.0,245.0,248.2438317461282,3,-9.272601777200293,-19,11,1,4.376751387673494
986,234901,411045.0,3397035.0,22,270,6,5,2585.0,9.2,502,0,5,411115,3397250,506,0,7,-105.0,524,70.0,215.0,226.10838109190027,4,-18.03428556712987,-18,11,1,4.551594384134453
987,234901,411045.0,3397035.0,22,270,6,5,2585.0,9.2,502,0,5,411040,3397235,504,12,7,-99.5,524,-5.0,200.0,200.06249023742558,2,1.4320961841646636,-20,11,1,5.708821197116295
988,234901,411045.0,3397035.0,22,270,6,5,2585.0,9.2,502,0,5,411080,3397275,505,0,7,-106.0,524,35.0,240.0,242.53865671269807,3,-8.297144969836836,-19,11,1,4.479290401749955
989,234901,411045.0,3397035.0,22,270,6,5,2585.0,9.2,502,0,5,410990,3396780,504,0,14,-101.0,524,-55.0,-255.0,260.86394921491166,2,-192.17145820858747,-20,11,1,4.384194277399521
990,234901,411045.0,3397035.0,22,270,6,5,2585.0,9.2,502,0,5,411010,3396760,506,6,6,-101.5,524,-35.0,-275.0,277.2183255125822,4,-187.25319461272534,-18,11,1,3.7150441941153565
991,234901,411045.0,3397035.0,22,270,6,5,2585.0,9.2,502,0,5,410905,3396985,503,0,5,-91.5,524,-140.0,-50.0,148.66068747318505,1,-250.3461759419467,-21,11,1,8.04047529892008
992,234901,411045.0,3397035.0,22,270,6,5,2585.0,9.2,502,0,5,410885,3396965,503,0,14,-83.67,524,-160.0,-70.0,174.64249196572982,1,-246.3706222693432,-21,11,1,6.856647930342699
993,234901,411045.0,3397035.0,22,270,6,5,2585.0,9.2,502,0,5,410940,3397030,504,0,5,-79.75,524,-105.0,-5.0,105.11898020814318,2,-267.2736890060937,-20,11,1,10.772377311684824
994,234901,411045.0,3397035.0,22,270,6,5,2585.0,9.2,502,0,5,410925,3397005,504,0,5,-82.05,524,-120.0,-30.0,123.69316876852982,2,-255.96375653207352,-20,11,1,9.184688113554719
995,234901,411045.0,3397035.0,22,270,6,5,2585.0,9.2,502,0,5,410920,3397010,504,0,5,-83.2,524,-125.0,-25.0,127.47548783981962,2,-258.69006752597977,-20,11,1,8.916613659613638
996,234901,411045.0,3397035.0,22,270,6,5,2585.0,9.2,502,0,5,410945,3397025,504,0,5,-80.56,524,-100.0,-10.0,100.4987562112089,2,-264.28940686250036,-20,11,1,11.255239732662096
997,234901,411045.0,3397035.0,22,270,6,5,2585.0,9.2,502,0,5,410930,3397020,504,0,14,-81.77,524,-115.0,-15.0,115.97413504743201,2,-262.5685920288275,-20,11,1,9.784546572202213
998,234901,411045.0,3397035.0,22,270,6,5,2585.0,9.2,502,0,5,410935,3397015,504,0,5,-79.43,524,-110.0,-20.0,111.80339887498948,2,-259.695153531234,-20,11,1,10.142106156573984
999,234901,411045.0,3397035.0,22,270,6,5,2585.0,9.2,502,0,5,410890,3396980,504,12,5,-90.5,524,-155.0,-55.0,164.46884203398528,2,-250.46334506187162,-20,11,1,6.933330261354975
1000,234901,411045.0,3397035.0,22,270,6,5,2585.0,9.2,502,0,5,410915,3396995,504,0,14,-86.64,524,-130.0,-40.0,136.01470508735443,2,-252.89727103094762,-20,11,1,8.364994453540968
1001,234901,411045.0,3397035.0,22,270,6,5,2585.0,9.2,502,0,5,410895,3396975,503,12,5,-92.5,524,-150.0,-60.0,161.55494421403512,1,-248.19859051364818,-21,11,1,7.406164826863367
1002,234901,411045.0,3397035.0,22,270,6,5,2585.0,9.2,502,0,5,410900,3396990,504,6,5,-93.67,524,-145.0,-45.0,151.82226450688975,2,-252.75854060106005,-20,11,1,7.504532939298262
1003,234901,411045.0,3397035.0,22,270,6,5,2585.0,9.2,502,0,5,411015,3396770,505,6,5,-98.25,524,-30.0,-265.0,266.6927070618917,3,-186.45881637871867,-19,11,1,4.075040604725994
1004,234901,411045.0,3397035.0,22,270,6,5,2585.0,9.2,502,0,5,411005,3396780,504,0,14,-103.75,524,-40.0,-255.0,258.11818998280614,2,-188.91492695714788,-20,11,1,4.430646873514528
1005,234901,411045.0,3397035.0,22,270,6,5,2585.0,9.2,502,0,5,411030,3396785,504,6,14,-102.0,524,-15.0,-250.0,250.44959572736389,2,-183.43363036245051,-20,11,1,4.565745111102567
1006,234901,411045.0,3397035.0,22,270,6,5,2585.0,9.2,502,0,5,410970,3396725,507,6,14,-97.0,524,-75.0,-310.0,318.9435686763412,5,-193.60054251665872,-17,11,1,3.051033204588934
1007,234901,411045.0,3397035.0,22,270,6,5,2585.0,9.2,502,0,5,411020,3396795,503,0,6,-102.33,524,-25.0,-240.0,241.29857024027308,1,-185.94686305397352,-21,11,1,4.973868535457039
1008,234901,411045.0,3397035.0,22,270,6,5,2585.0,9.2,502,0,5,411035,3396790,503,6,5,-100.8,524,-10.0,-245.0,245.20399670478457,1,-182.33730585912383,-21,11,1,4.8950364811759375
1009,234901,411045.0,3397035.0,22,270,6,5,2585.0,9.2,502,0,5,411025,3396800,503,0,14,-104.0,524,-20.0,-235.0,235.8495283014151,1,-184.86451443776053,-21,11,1,5.088187778592565
1010,234901,411045.0,3397035.0,22,270,6,5,2585.0,9.2,502,0,5,410850,3396915,503,0,5,-89.0,524,-195.0,-120.0,228.96506283710622,1,-238.39249775375112,-21,11,1,5.2403387225382945
1011,234901,411045.0,3397035.0,22,270,6,5,2585.0,9.2,502,0,5,410845,3396910,503,0,5,-105.0,524,-200.0,-125.0,235.8495283014151,1,-237.9946167919165,-21,11,1,5.088187778592565
1012,234901,411045.0,3397035.0,22,270,6,5,2585.0,9.2,502,0,5,410835,3396940,503,0,5,-102.0,524,-210.0,-95.0,230.4886114323222,1,-245.6589100633075,-21,11,1,5.205890610095235
1013,234901,411045.0,3397035.0,22,270,6,5,2585.0,9.2,502,0,5,410830,3396935,503,0,5,-100.33,524,-215.0,-100.0,237.11811402758752,1,-245.05609473657543,-21,11,1,5.061107651463378
1014,234901,411045.0,3397035.0,22,270,6,5,2585.0,9.2,502,0,5,410590,3397015,506,0,5,-90.0,524,-455.0,-20.0,455.4393483220351,4,-267.48312434306047,-18,11,1,2.263281725929289
1015,234901,411045.0,3397035.0,22,270,6,5,2585.0,9.2,502,0,5,410585,3397010,506,0,14,-87.0,524,-460.0,-25.0,460.6788469204984,4,-266.88915934650925,-18,11,1,2.237566764538067
1016,234901,411045.0,3397035.0,22,270,6,5,2585.0,9.2,502,0,5,411045,3397010,500,0,5,-77.0,524,0.0,-25.0,25.0,-2,-180.0,-24,11,1,43.830860672092584
1017,234901,411045.0,3397035.0,22,270,6,5,2585.0,9.2,502,0,5,411065,3397030,501,0,5,-82.2,524,20.0,-5.0,20.615528128088304,-1,-104.03624346792648,-23,11,1,48.12925951545734
1018,234901,411045.0,3397035.0,22,270,6,5,2585.0,9.2,502,0,5,411055,3397020,501,0,5,-79.77,524,10.0,-15.0,18.027756377319946,-1,-146.30993247402023,-23,11,1,51.91010164507813
1019,234901,411045.0,3397035.0,22,270,6,5,2585.0,9.2,502,0,5,411060,3397025,501,0,5,-82.08,524,15.0,-10.0,18.027756377319946,-1,-123.69006752597977,-23,11,1,51.91010164507813
1020,234901,411045.0,3397035.0,22,270,6,5,2585.0,9.2,502,0,5,410945,3396830,502,0,6,-84.0,524,-100.0,-205.0,228.08989455914087,0,-206.00334584451144,-22,11,1,5.509318605173511
1021,234901,411045.0,3397035.0,22,270,6,5,2585.0,9.2,502,0,5,410815,3396615,505,0,5,-88.0,524,-230.0,-420.0,478.85279575251514,3,-208.7059525434011,-19,11,1,2.272199447233022
1022,234901,411045.0,3397035.0,22,270,6,5,2585.0,9.2,502,0,5,411070,3397470,504,0,6,-113.8,524,25.0,435.0,435.71779858068686,2,-3.289242678491803,-20,11,1,2.628104298676036
1023,234901,411045.0,3397035.0,22,270,6,5,2585.0,9.2,502,0,5,411065,3397475,504,0,6,-116.75,524,20.0,440.0,440.45431091090484,2,-2.6025622024998256,-20,11,1,2.5998814495033926
1024,234901,411045.0,3397035.0,22,270,6,5,2585.0,9.2,502,0,5,411205,3397295,507,0,5,-104.0,524,160.0,260.0,305.28675044947494,5,-31.607502246248885,-17,11,1,3.1872439426806793
1025,234901,411045.0,3397035.0,22,270,6,5,2585.0,9.2,502,0,5,411075,3397465,504,0,14,-116.75,524,30.0,430.0,431.0452412450461,2,-3.9909130984297576,-20,11,1,2.656552519737804
1026,234901,411045.0,3397035.0,22,270,6,5,2585.0,9.2,502,0,5,410920,3397135,504,0,5,-86.0,524,-125.0,100.0,160.0781059358212,2,51.34019174590992,-20,11,1,7.121575586962839
1027,234901,411045.0,3397035.0,22,270,6,5,2585.0,9.2,502,0,5,410895,3397170,504,0,7,-84.5,524,-150.0,135.0,201.80436070610565,2,48.01278750418339,-20,11,1,5.659866928399067
1028,234901,411045.0,3397035.0,22,270,6,5,2585.0,9.2,502,0,5,411070,3397345,504,0,6,-108.4,524,25.0,310.0,311.0064308016797,2,-4.610649318660592,-20,11,1,3.6794733639829857
1029,234901,411045.0,3397035.0,22,270,6,5,2585.0,9.2,502,0,5,411055,3397330,504,0,5,-104.33,524,10.0,295.0,295.16944286290885,2,-1.941486390914406,-20,11,1,3.876304814364902
1030,234901,411045.0,3397035.0,22,270,6,5,2585.0,9.2,502,0,5,411035,3397230,504,12,7,-87.0,524,-10.0,195.0,195.25624189766637,2,2.9356734464211627,-20,11,1,5.848381828853835
1031,234901,411045.0,3397035.0,22,270,6,5,2585.0,9.2,502,0,5,411025,3397240,504,0,7,-90.0,524,-20.0,205.0,205.9732992404598,2,5.572197803963832,-20,11,1,5.546031678689196
1032,234901,411045.0,3397035.0,22,270,6,5,2585.0,9.2,502,0,5,410975,3397250,505,0,7,-94.6,524,-70.0,215.0,226.10838109190027,3,18.03428556712987,-19,11,1,4.803308542767377
1033,234901,411045.0,3397035.0,22,270,6,5,2585.0,9.2,502,0,5,411095,3397290,505,0,7,-103.55,524,50.0,255.0,259.8557292037257,3,-11.093723011557813,-19,11,1,4.181882122812057
1034,234901,411045.0,3397035.0,22,270,6,5,2585.0,9.2,502,0,5,411010,3397205,504,0,7,-95.86,524,-35.0,170.0,173.5655495770978,2,11.633633998940468,-20,11,1,6.573215677908823
1035,234901,411045.0,3397035.0,22,270,6,5,2585.0,9.2,502,0,5,411015,3397210,504,12,7,-90.75,524,-30.0,175.0,177.55280904564702,2,9.72757855140162,-20,11,1,6.426851664659936
1036,234901,411045.0,3397035.0,22,270,6,5,2585.0,9.2,502,0,5,411110,3397305,504,0,7,-99.88,524,65.0,270.0,277.71388153997634,2,-13.535856369134251,-20,11,1,4.119133953449771
1037,234901,411045.0,3397035.0,22,270,6,5,2585.0,9.2,502,0,5,411080,3397295,504,0,7,-104.0,524,35.0,260.0,262.3451924468981,2,-7.66680426181415,-20,11,1,4.3595361091231455
1038,234901,411045.0,3397035.0,22,270,6,5,2585.0,9.2,502,0,5,410960,3397255,505,0,7,-102.0,524,-85.0,220.0,235.8495283014151,3,21.124719146072493,-19,11,1,4.605792259841926
1039,234901,411045.0,3397035.0,22,270,6,5,2585.0,9.2,502,0,5,411085,3397300,504,0,7,-103.79,524,40.0,265.0,268.00186566514793,2,-8.583621480113948,-20,11,1,4.2678636996043515
1040,234901,411045.0,3397035.0,22,270,6,5,2585.0,9.2,502,0,5,410970,3397245,505,0,7,-99.0,524,-75.0,210.0,222.9910312097776,3,19.653824058053317,-19,11,1,4.870136645260546
1041,234901,411045.0,3397035.0,22,270,6,5,2585.0,9.2,502,0,5,411060,3397355,504,0,6,-110.0,524,15.0,320.0,320.3513695928269,2,-2.6837751594689507,-20,11,1,3.57242192378632
1042,234901,411045.0,3397035.0,22,270,6,5,2585.0,9.2,502,0,5,410980,3397275,505,0,14,-100.46,524,-65.0,240.0,248.64633518312712,3,15.154068050312617,-19,11,1,4.3696938580390015
1043,234901,411045.0,3397035.0,22,270,6,5,2585.0,9.2,502,0,5,410985,3397280,505,0,5,-100.09,524,-60.0,245.0,252.23996511258878,3,13.760785111791222,-19,11,1,4.307675412355175
1044,234901,411045.0,3397035.0,22,270,6,5,2585.0,9.2,502,0,5,411090,3397285,505,0,7,-102.54,524,45.0,250.0,254.01771591761076,3,-10.2039737217317,-19,11,1,4.277640307303783
1045,234901,411045.0,3397035.0,22,270,6,5,2585.0,9.2,502,0,5,411000,3397215,504,12,7,-92.5,524,-45.0,180.0,185.53975315279473,2,14.03624346792651,-20,11,1,6.152363313104784
1046,234901,411045.0,3397035.0,22,270,6,5,2585.0,9.2,502,0,5,411005,3397220,504,12,7,-94.14,524,-40.0,185.0,189.274932307477,2,12.20046872738078,-20,11,1,6.031855660763505
1047,234901,411045.0,3397035.0,22,270,6,5,2585.0,9.2,502,0,5,410990,3397265,505,0,14,-97.0,524,-55.0,230.0,236.48467180770933,3,13.448615051686488,-19,11,1,4.593475167826619
1048,234901,411045.0,3397035.0,22,270,6,5,2585.0,9.2,502,0,5,411050,3397325,504,0,7,-104.5,524,5.0,290.0,290.0431002454635,2,-0.9877603996397966,-20,11,1,3.9446018273956542
1049,234901,411045.0,3397035.0,22,270,6,5,2585.0,9.2,502,0,5,410995,3397270,505,0,14,-101.5,524,-50.0,235.0,240.26027553467927,3,12.011478386365411,-19,11,1,4.521592063366852
1050,234901,411045.0,3397035.0,22,270,6,5,2585.0,9.2,502,0,5,410915,3397190,505,0,7,-89.0,524,-130.0,155.0,202.2992832414391,3,39.98688624496418,-19,11,1,5.365494717980381
1051,234901,411045.0,3397035.0,22,270,6,5,2585.0,9.2,502,0,5,411075,3397350,504,15,6,-112.5,524,30.0,315.0,316.4253466459348,2,-5.440332031005482,-20,11,1,3.6166295456026134
1052,234901,411045.0,3397035.0,22,270,6,5,2585.0,9.2,502,0,5,410885,3397180,504,0,7,-87.0,524,-160.0,145.0,215.92822881689185,2,47.81555668421123,-20,11,1,5.29182956523421
1053,234901,411045.0,3397035.0,22,270,6,5,2585.0,9.2,502,0,5,410925,3397140,504,0,5,-86.0,524,-120.0,105.0,159.45218719101973,2,48.81407483429035,-20,11,1,7.149242140933177
1054,234901,411045.0,3397035.0,22,270,6,5,2585.0,9.2,502,0,5,410735,3396990,506,12,5,-99.33,524,-310.0,-45.0,313.2491021535417,4,-261.74056202012116,-18,11,1,3.2887282177663977
1055,234901,411045.0,3397035.0,22,270,6,5,2585.0,9.2,502,0,5,410855,3397110,504,0,14,-75.5,524,-190.0,75.0,204.26698215815497,2,68.45902408146156,-20,11,1,5.592067274746095
1056,234901,411045.0,3397035.0,22,270,6,5,2585.0,9.2,502,0,5,410850,3397105,504,0,5,-77.0,524,-195.0,70.0,207.18349355100662,2,70.2531633945739,-20,11,1,5.513836578103253
1057,234901,411045.0,3397035.0,22,270,6,5,2585.0,9.2,502,0,5,410790,3397005,505,0,10,-95.43,524,-255.0,-30.0,256.7586415293554,3,-263.2901631922431,-19,11,1,4.2321428505701615
1058,234901,411045.0,3397035.0,22,270,6,5,2585.0,9.2,502,0,5,410775,3397030,506,0,5,-94.8,524,-270.0,-5.0,270.04629232781554,4,-268.9390883097358,-18,11,1,3.8134229408924667
1059,234901,411045.0,3397035.0,22,270,6,5,2585.0,9.2,502,0,5,410785,3397020,506,0,10,-90.33,524,-260.0,-15.0,260.43233286210835,4,-266.698134325565,-18,11,1,3.953758349889839
1060,234901,411045.0,3397035.0,22,270,6,5,2585.0,9.2,502,0,5,410760,3397035,506,0,6,-95.75,524,-285.0,0.0,285.0,4,90.0,-18,11,1,3.6138807520036442
1061,234901,411045.0,3397035.0,22,270,6,5,2585.0,9.2,502,0,5,410730,3396985,505,12,14,-98.5,524,-315.0,-50.0,318.9435686763412,3,-260.9806775686183,-19,11,1,3.409176086061926
1062,234901,411045.0,3397035.0,22,270,6,5,2585.0,9.2,502,0,5,410795,3397010,505,0,10,-93.59,524,-250.0,-25.0,251.24689052802225,3,-264.28940686250036,-19,11,1,4.32463739614232
1063,234901,411045.0,3397035.0,22,270,6,5,2585.0,9.2,502,0,5,410770,3397025,506,0,5,-95.33,524,-275.0,-10.0,275.1817581163403,4,-267.91743472026917,-18,11,1,3.742460673273913
1064,234901,411045.0,3397035.0,22,270,6,5,2585.0,9.2,502,0,5,410765,3397040,506,0,5,-92.0,524,-280.0,5.0,280.04463929880893,4,88.9769698113322,-18,11,1,3.6776540175401777
1065,234901,411045.0,3397035.0,22,270,6,5,2585.0,9.2,502,0,5,410780,3397015,506,0,10,-89.0,524,-265.0,-20.0,265.75364531836624,4,-265.6839724801344,-18,11,1,3.87483397472287
1066,234901,411045.0,3397035.0,22,270,6,5,2585.0,9.2,502,0,5,410745,3396980,505,12,5,-107.5,524,-300.0,-55.0,305.0,3,-259.6111421845304,-19,11,1,3.564638972115678
1067,234901,411045.0,3397035.0,22,270,6,5,2585.0,9.2,502,0,5,410830,3397045,505,12,10,-85.67,524,-215.0,10.0,215.23243250030885,3,87.33699923393283,-19,11,1,5.044802771468416
1068,234901,411045.0,3397035.0,22,270,6,5,2585.0,9.2,502,0,5,410840,3397115,504,0,5,-79.0,524,-205.0,80.0,220.05681084665386,2,68.68208772453846,-20,11,1,5.193095224005903
1069,234901,411045.0,3397035.0,22,270,6,5,2585.0,9.2,502,0,5,410720,3396995,506,0,5,-100.5,524,-325.0,-40.0,327.4522866006588,4,-262.9834982552771,-18,11,1,3.1463733020900784
1070,234901,411045.0,3397035.0,22,270,6,5,2585.0,9.2,502,0,5,410835,3397050,505,12,10,-92.0,524,-210.0,15.0,210.535032714273,3,85.91438322002512,-19,11,1,5.156760727196646
1071,234901,411045.0,3397035.0,22,270,6,5,2585.0,9.2,502,0,5,410870,3397085,504,0,5,-87.33,524,-175.0,50.0,182.00274723201295,2,74.0546040990771,-20,11,1,6.2709835451627045
1072,234901,411045.0,3397035.0,22,270,6,5,2585.0,9.2,502,0,5,410860,3397095,504,0,14,-90.0,524,-185.0,60.0,194.48650338776724,2,72.030860259843,-20,11,1,5.871367160996484
1073,234901,411045.0,3397035.0,22,270,6,5,2585.0,9.2,502,0,5,410990,3397315,505,0,7,-95.5,524,-55.0,280.0,285.3506614676055,3,11.1130405359483,-19,11,1,3.8094016062344678
1074,234901,411045.0,3397035.0,22,270,6,5,2585.0,9.2,502,0,5,411040,3397205,503,0,7,-97.0,524,-5.0,170.0,170.07351351694948,1,1.6846843178963127,-21,11,1,7.039025825832674
1075,234901,411045.0,3397035.0,22,270,6,5,2585.0,9.2,502,0,5,410980,3397305,505,0,7,-102.25,524,-65.0,270.0,277.71388153997634,3,13.535856369134251,-19,11,1,3.913834098899648
1076,234901,411045.0,3397035.0,22,270,6,5,2585.0,9.2,502,0,5,411110,3397275,505,0,7,-100.88,524,65.0,240.0,248.64633518312712,3,-15.154068050312617,-19,11,1,4.3696938580390015
1077,234901,411045.0,3397035.0,22,270,6,5,2585.0,9.2,502,0,5,410960,3397285,505,0,5,-94.02,524,-85.0,250.0,264.0549185302179,3,18.778033222445515,-19,11,1,4.1156092130525455
1078,234901,411045.0,3397035.0,22,270,6,5,2585.0,9.2,502,0,5,410965,3397290,505,0,14,-99.73,524,-80.0,255.0,267.25456029785533,3,17.417970792202823,-19,11,1,4.066502357105405
1079,234901,411045.0,3397035.0,22,270,6,5,2585.0,9.2,502,0,5,411115,3397280,505,0,7,-102.5,524,70.0,245.0,254.80384612481814,3,-15.945395900922847,-19,11,1,4.264491535442778
1080,234901,411045.0,3397035.0,22,270,6,5,2585.0,9.2,502,0,5,410970,3397295,505,0,5,-97.4,524,-75.0,260.0,270.60118255469615,3,16.090816348852172,-19,11,1,4.016376073328776
1081,234901,411045.0,3397035.0,22,270,6,5,2585.0,9.2,502,0,5,410975,3397300,505,0,5,-101.29,524,-70.0,265.0,274.0894014733149,3,14.79676224505738,-19,11,1,3.9654254831025413
1082,234901,411045.0,3397035.0,22,270,6,5,2585.0,9.2,502,0,5,411105,3397270,505,0,7,-98.5,524,60.0,235.0,242.53865671269807,3,-14.322719978203565,-19,11,1,4.479290401749955
1083,234901,411045.0,3397035.0,22,270,6,5,2585.0,9.2,502,0,5,411065,3397230,505,0,7,-105.5,524,20.0,195.0,196.02295783912658,3,-5.856013585428968,-19,11,1,5.53623792225696
1084,234901,411045.0,3397035.0,22,270,6,5,2585.0,9.2,502,0,5,411045,3397210,504,12,7,-97.0,524,0.0,175.0,175.0,2,0.0,-20,11,1,6.519801751656986
1085,234901,411045.0,3397035.0,22,270,6,5,2585.0,9.2,502,0,5,410845,3396920,503,0,5,-100.0,524,-200.0,-115.0,230.70543990118657,1,-240.10109816138544,-21,11,1,5.201024700799771
1086,234901,411045.0,3397035.0,22,270,6,5,2585.0,9.2,502,0,5,410580,3397015,505,0,14,-92.67,524,-465.0,-20.0,465.4299087940095,3,-267.5371833240832,-19,11,1,2.33765745418283
1087,234901,411045.0,3397035.0,22,270,6,5,2585.0,9.2,502,0,5,410815,3396950,504,0,10,-90.5,524,-230.0,-85.0,245.20399670478457,2,-249.7174409110834,-20,11,1,4.662992921510106
1088,234901,411045.0,3397035.0,22,270,6,5,2585.0,9.2,502,0,5,410840,3396915,503,0,5,-102.33,524,-205.0,-120.0,237.53947040439405,1,-239.65675111576041,-21,11,1,5.052176573493965
1089,234901,411045.0,3397035.0,22,270,6,5,2585.0,9.2,502,0,5,410830,3396925,503,0,5,-103.25,524,-215.0,-110.0,241.50569351466643,1,-242.9044475062482,-21,11,1,4.969624152847848
1090,234901,411045.0,3397035.0,22,270,6,5,2585.0,9.2,502,0,5,410880,3396950,503,0,5,-87.4,524,-165.0,-85.0,185.60711193270586,1,-242.74467162505695,-21,11,1,6.455120532476453
1091,234901,411045.0,3397035.0,22,270,6,5,2585.0,9.2,502,0,5,410920,3396910,502,0,5,-84.5,524,-125.0,-125.0,176.7766952966369,0,-225.0,-22,11,1,7.094031153320461
1092,234901,411045.0,3397035.0,22,270,6,5,2585.0,9.2,502,0,5,410925,3396905,502,0,5,-83.75,524,-120.0,-130.0,176.91806012954132,0,-222.70938995736148,-22,11,1,7.088420415009216
1093,234901,411045.0,3397035.0,22,270,6,5,2585.0,9.2,502,0,5,411075,3397095,502,9,5,-88.25,524,30.0,60.0,67.08203932499369,0,-26.565051177077976,-22,11,1,18.157247236492648
1094,234901,411045.0,3397035.0,22,270,6,5,2585.0,9.2,502,0,5,410915,3396935,503,0,5,-84.0,524,-130.0,-100.0,164.01219466856725,1,-232.43140797117252,-21,11,1,7.296409456805903
1095,234901,411045.0,3397035.0,22,270,6,5,2585.0,9.2,502,0,5,410885,3396945,503,12,5,-87.86,524,-160.0,-90.0,183.5755975068582,1,-240.64224645720873,-21,11,1,6.52594235866705
1096,234901,411045.0,3397035.0,22,270,6,5,2585.0,9.2,502,0,5,411060,3397090,502,9,5,-94.4,524,15.0,55.0,57.0087712549569,0,-15.255118703057775,-22,11,1,21.10187722703879
1097,234901,411045.0,3397035.0,22,270,6,5,2585.0,9.2,502,0,5,411065,3397085,502,9,6,-103.0,524,20.0,50.0,53.85164807134504,0,-21.801409486351815,-22,11,1,22.221475307820867
1098,234901,411045.0,3397035.0,22,270,6,5,2585.0,9.2,502,0,5,411070,3397100,502,9,5,-93.67,524,25.0,65.0,69.6419413859206,0,-21.037511025421793,-22,11,1,17.531409456434453
1099,234901,411045.0,3397035.0,22,270,6,5,2585.0,9.2,502,0,5,411005,3396825,501,0,14,-101.0,524,-40.0,-210.0,213.7755832643195,-1,-190.7842978675626,-23,11,1,6.140800530851541
1100,234901,411045.0,3397035.0,22,270,6,5,2585.0,9.2,502,0,5,410900,3396930,503,0,14,-88.5,524,-145.0,-105.0,179.02513789968157,1,-234.09027692082233,-21,11,1,6.690333393289802
1101,234901,411045.0,3397035.0,22,270,6,5,2585.0,9.2,502,0,5,410895,3396955,503,0,5,-86.2,524,-150.0,-80.0,170.0,1,-241.92751306414706,-21,11,1,7.0420391737294015
1102,234901,411045.0,3397035.0,22,270,6,5,2585.0,9.2,502,0,5,411110,3396785,503,6,14,-108.0,524,65.0,-250.0,258.3118270617898,1,-165.42578380196124,-21,11,1,4.647758811827088
1103,234901,411045.0,3397035.0,22,270,6,5,2585.0,9.2,502,0,5,411175,3396690,504,6,5,-116.5,524,130.0,-345.0,368.6800781165155,2,-159.35300917502963,-20,11,1,3.105113544898588
1104,234901,411045.0,3397035.0,22,270,6,5,2585.0,9.2,502,0,5,411070,3396745,506,6,14,-108.0,524,25.0,-290.0,291.0755915565577,4,-175.072890052351,-18,11,1,3.538642290482406
1105,234901,411045.0,3397035.0,22,270,6,5,2585.0,9.2,502,0,5,411075,3396750,505,6,14,-111.0,524,30.0,-285.0,286.574597618142,3,-173.99099404250546,-19,11,1,3.79317956893744
1106,234901,411045.0,3397035.0,22,270,6,5,2585.0,9.2,502,0,5,411095,3396770,504,6,5,-109.0,524,50.0,-265.0,269.675731203236,2,-169.3150875999973,-20,11,1,4.241470229286147
1107,234901,411045.0,3397035.0,22,270,6,5,2585.0,9.2,502,0,5,411065,3396760,505,6,6,-104.67,524,20.0,-275.0,275.72631357924473,3,-175.84035770628736,-19,11,1,3.9419582700902374
1108,234901,411045.0,3397035.0,22,270,6,5,2585.0,9.2,502,0,5,411185,3396720,503,6,5,-107.0,524,140.0,-315.0,344.7100230628637,1,-156.03751102542182,-21,11,1,3.4861944426277125
1109,234901,411045.0,3397035.0,22,270,6,5,2585.0,9.2,502,0,5,411080,3396775,504,0,5,-100.0,524,35.0,-260.0,262.3451924468981,2,-172.33319573818582,-20,11,1,4.3595361091231455
1110,234901,411045.0,3397035.0,22,270,6,5,2585.0,9.2,502,0,5,411040,3396735,508,0,14,-100.0,524,-5.0,-300.0,300.04166377354994,6,-180.9548412538722,-16,11,1,3.0524593933880118
1111,234901,411045.0,3397035.0,22,270,6,5,2585.0,9.2,502,0,5,411195,3396710,503,0,14,-108.0,524,150.0,-325.0,357.94552658190884,1,-155.22485943116808,-21,11,1,3.357588402373905
1112,234901,411045.0,3397035.0,22,270,6,5,2585.0,9.2,502,0,5,411060,3396755,506,0,14,-106.33,524,15.0,-280.0,280.40149785619906,4,-176.9335144988741,-18,11,1,3.6729863983898987
1113,234901,411045.0,3397035.0,22,270,6,5,2585.0,9.2,502,0,5,411090,3396765,504,6,6,-111.0,524,45.0,-270.0,273.72431386341987,2,-170.53767779197437,-20,11,1,4.17895969437504
1114,234901,411045.0,3397035.0,22,270,6,5,2585.0,9.2,502,0,5,411190,3396705,503,0,14,-108.0,524,145.0,-330.0,360.4511062543712,1,-156.2796044276954,-21,11,1,3.334301864754689
1115,234901,411045.0,3397035.0,22,270,6,5,2585.0,9.2,502,0,5,410985,3397150,503,0,5,-91.0,524,-60.0,115.0,129.71121771072848,1,27.552811576717772,-21,11,1,9.196284072998608
1116,234901,411045.0,3397035.0,22,270,6,5,2585.0,9.2,502,0,5,410980,3397145,503,0,5,-85.0,524,-65.0,110.0,127.76932339180638,1,30.579226872489016,-21,11,1,9.333611516400602
1117,234901,411045.0,3397035.0,22,270,6,5,2585.0,9.2,502,0,5,411060,3397385,504,0,5,-111.0,524,15.0,350.0,350.3212811120672,2,-2.454031674527073,-20,11,1,3.2674950469368085
1118,234901,411045.0,3397035.0,22,270,6,5,2585.0,9.2,502,0,5,411130,3397295,505,0,6,-98.0,524,85.0,260.0,273.5415873317986,3,-18.103763034506642,-19,11,1,3.973341519407507
1119,234901,411045.0,3397035.0,22,270,6,5,2585.0,9.2,502,0,5,411140,3397305,506,0,5,-102.0,524,95.0,270.0,286.2254356272342,4,-19.384515679357833,-18,11,1,3.598449150063451
1120,234901,411045.0,3397035.0,22,270,6,5,2585.0,9.2,502,0,5,411015,3397180,503,0,7,-95.4,524,-30.0,145.0,148.07092894960846,1,11.689369175439197,-21,11,1,8.072078816639573
1121,234901,411045.0,3397035.0,22,270,6,5,2585.0,9.2,502,0,5,410950,3397275,506,0,7,-92.8,524,-95.0,240.0,258.11818998280614,4,21.595310448967666,-18,11,1,3.9890915964206135
1122,234901,411045.0,3397035.0,22,270,6,5,2585.0,9.2,502,0,5,411030,3397195,503,0,7,-97.25,524,-15.0,160.0,160.70158679988197,1,5.3558250428552014,-21,11,1,7.445052979762303
1123,234901,411045.0,3397035.0,22,270,6,5,2585.0,9.2,502,0,5,411035,3397200,503,0,7,-95.38,524,-10.0,165.0,165.3027525481654,1,3.4682292589171766,-21,11,1,7.240051449782026
1124,234901,411045.0,3397035.0,22,270,6,5,2585.0,9.2,502,0,5,410945,3397270,506,0,7,-95.57,524,-100.0,235.0,255.3918557824427,4,23.051300916472997,-18,11,1,4.031535877929621
1125,234901,411045.0,3397035.0,22,270,6,5,2585.0,9.2,502,0,5,410915,3397240,507,0,5,-94.0,524,-130.0,205.0,242.7447218787671,5,32.38067770656926,-17,11,1,4.006021334114177
1126,234901,411045.0,3397035.0,22,270,6,5,2585.0,9.2,502,0,5,410940,3397265,506,0,7,-93.6,524,-105.0,230.0,252.83393759541065,4,24.537728476577797,-18,11,1,4.072186350825938
1127,234901,411045.0,3397035.0,22,270,6,5,2585.0,9.2,502,0,5,410955,3397280,506,0,7,-93.26,524,-90.0,245.0,261.00766272276377,4,20.170653411850367,-18,11,1,3.9450707710900366
1128,234901,411045.0,3397035.0,22,270,6,5,2585.0,9.2,502,0,5,411125,3397290,505,0,6,-105.5,524,80.0,255.0,267.25456029785533,3,-17.417970792202823,-19,11,1,4.066502357105405
1129,234901,411045.0,3397035.0,22,270,6,5,2585.0,9.2,502,0,5,410910,3397235,506,0,5,-97.67,524,-135.0,200.0,241.29857024027308,4,34.01934998982648,-18,11,1,4.2661563078290055
1130,234901,411045.0,3397035.0,22,270,6,5,2585.0,9.2,502,0,5,410925,3397250,506,0,7,-87.86,524,-120.0,215.0,246.22144504490262,4,29.1676133795778,-18,11,1,4.181165676587974
1131,234901,411045.0,3397035.0,22,270,6,5,2585.0,9.2,502,0,5,411070,3397395,504,0,5,-113.25,524,25.0,360.0,360.86701151532264,2,-3.9724959407506617,-20,11,1,3.1722059481841605
1132,234901,411045.0,3397035.0,22,270,6,5,2585.0,9.2,502,0,5,411065,3397390,504,0,6,-115.63,524,20.0,355.0,355.5629339512205,2,-3.2245226065198835,-20,11,1,3.219428228660229
1133,234901,411045.0,3397035.0,22,270,6,5,2585.0,9.2,502,0,5,411020,3397185,503,0,7,-93.0,524,-25.0,150.0,152.0690632574555,1,9.462322208025626,-21,11,1,7.862540631821013
1134,234901,411045.0,3397035.0,22,270,6,5,2585.0,9.2,502,0,5,411025,3397190,503,0,7,-94.75,524,-20.0,155.0,156.28499608087785,1,7.352379359892382,-21,11,1,7.652989178952235
1135,234901,411045.0,3397035.0,22,270,6,5,2585.0,9.2,502,0,5,411120,3397285,505,0,5,-101.2,524,75.0,250.0,261.00766272276377,3,-16.699244233993625,-19,11,1,4.163490813619511
1136,234901,411045.0,3397035.0,22,270,6,5,2585.0,9.2,502,0,5,411055,3397380,504,0,5,-110.0,524,10.0,345.0,345.14489710844634,2,-1.6602823689827915,-20,11,1,3.3163914226130697
1137,234901,411045.0,3397035.0,22,270,6,5,2585.0,9.2,502,0,5,410920,3397245,506,0,5,-91.5,524,-125.0,210.0,244.38698819699874,4,30.762719534238954,-18,11,1,4.212438455703498
1138,234901,411045.0,3397035.0,22,270,6,5,2585.0,9.2,502,0,5,411050,3397375,504,15,5,-112.0,524,5.0,340.0,340.03676271838606,2,-0.8425242607404471,-20,11,1,3.3660975390045555
1139,234901,411045.0,3397035.0,22,270,6,5,2585.0,9.2,502,0,5,411135,3397300,505,0,5,-104.0,524,90.0,265.0,279.8660393831306,3,-18.758650347842234,-19,11,1,3.8838293485283253
1140,234901,411045.0,3397035.0,22,270,6,5,2585.0,9.2,502,0,5,411010,3397175,503,0,7,-89.25,524,-35.0,140.0,144.30869689661813,1,14.03624346792651,-21,11,1,8.279642510622892
1141,234901,411045.0,3397035.0,22,270,6,5,2585.0,9.2,502,0,5,410930,3397255,506,6,7,-86.33,524,-115.0,220.0,248.2438317461282,4,27.597295868643755,-18,11,1,4.147221996836432
1142,234901,411045.0,3397035.0,22,270,6,5,2585.0,9.2,502,0,5,411005,3397170,503,0,7,-97.8,524,-40.0,135.0,140.80127840328723,1,16.504361381755018,-21,11,1,8.48292665301345
1143,234901,411045.0,3397035.0,22,270,6,5,2585.0,9.2,502,0,5,411000,3397165,503,0,7,-95.5,524,-45.0,130.0,137.56816492197603,1,19.09349200048564,-21,11,1,8.679289691142758
1144,234901,411045.0,3397035.0,22,270,6,5,2585.0,9.2,502,0,5,410980,3397315,505,0,7,-98.0,524,-65.0,280.0,287.4456470360962,3,13.0693178962822,-19,11,1,3.7817184638827612
1145,234901,411045.0,3397035.0,22,270,6,5,2585.0,9.2,502,0,5,410990,3397305,505,0,7,-96.67,524,-55.0,270.0,275.54491466909707,3,11.513831184487003,-19,11,1,3.9445451817657595
1146,234901,411045.0,3397035.0,22,270,6,5,2585.0,9.2,502,0,5,411115,3397270,505,0,7,-102.0,524,70.0,235.0,245.20399670478457,3,-16.58733855692742,-19,11,1,4.430795958971878
1147,234901,411045.0,3397035.0,22,270,6,5,2585.0,9.2,502,0,5,411105,3397280,505,0,7,-98.38,524,60.0,245.0,252.23996511258878,3,-13.760785111791222,-19,11,1,4.307675412355175
1148,234901,411045.0,3397035.0,22,270,6,5,2585.0,9.2,502,0,5,410960,3397295,505,0,5,-95.0,524,-85.0,260.0,273.5415873317986,3,18.103763034506642,-19,11,1,3.973341519407507
1149,234901,411045.0,3397035.0,22,270,6,5,2585.0,9.2,502,0,5,410975,3397290,505,0,14,-99.08,524,-70.0,255.0,264.43335644354704,3,15.35013649242444,-19,11,1,4.109739446596739
1150,234901,411045.0,3397035.0,22,270,6,5,2585.0,9.2,502,0,5,410970,3397285,505,0,14,-96.77,524,-75.0,250.0,261.00766272276377,3,16.699244233993625,-19,11,1,4.163490813619511
1151,234901,411045.0,3397035.0,22,270,6,5,2585.0,9.2,502,0,5,410965,3397300,505,0,5,-98.25,524,-80.0,265.0,276.81221071332817,3,16.79837178130532,-19,11,1,3.9265429636101987
1152,234901,411045.0,3397035.0,22,270,6,5,2585.0,9.2,502,0,5,410890,3397365,506,0,6,-102.5,524,-155.0,330.0,364.58880948268285,4,25.159301916031666,-18,11,1,2.8264370411785626
1153,234901,411045.0,3397035.0,22,270,6,5,2585.0,9.2,502,0,5,411040,3397215,504,12,7,-96.5,524,-5.0,180.0,180.06943105369106,2,1.5911402711946039,-20,11,1,6.3377669951999716
1154,234901,411045.0,3397035.0,22,270,6,5,2585.0,9.2,502,0,5,411100,3397275,505,0,7,-98.0,524,55.0,240.0,246.22144504490262,3,-12.907408671265841,-19,11,1,4.412559265390066
1155,234901,411045.0,3397035.0,22,270,6,5,2585.0,9.2,502,0,5,411070,3397485,504,0,6,-115.5,524,25.0,450.0,450.6939094329987,2,-3.1798301198642207,-20,11,1,2.5408914188567957
1156,234901,411045.0,3397035.0,22,270,6,5,2585.0,9.2,502,0,5,411075,3397490,504,0,5,-119.0,524,30.0,455.0,455.98793843697223,2,-3.7722836093798264,-20,11,1,2.511429611424342
1157,234901,411045.0,3397035.0,22,270,6,5,2585.0,9.2,502,0,5,410600,3396660,503,0,5,-91.0,524,-445.0,-375.0,581.936422644261,1,-229.87927378300674,-21,11,1,2.066702555333972
1158,234901,411045.0,3397035.0,22,270,6,5,2585.0,9.2,502,0,5,410750,3396655,505,6,14,-100.5,524,-295.0,-380.0,481.06652346634974,3,-217.822754149145,-19,11,1,2.2617543325749967
1159,234901,411045.0,3397035.0,22,270,6,5,2585.0,9.2,502,0,5,410875,3396780,503,0,14,-97.0,524,-170.0,-255.0,306.4718584144391,1,-213.69006752597977,-21,11,1,3.9198820505380354
1160,234901,411045.0,3397035.0,22,270,6,5,2585.0,9.2,502,0,5,410870,3396775,503,6,5,-92.5,524,-175.0,-260.0,313.40867888429636,1,-213.94358701975182,-21,11,1,3.8333830652772027
1161,234901,411045.0,3397035.0,22,270,6,5,2585.0,9.2,502,0,5,411070,3397450,504,0,6,-115.14,524,25.0,415.0,415.7523301197481,2,-3.44738685186519,-20,11,1,2.7541225731307293
1162,234901,411045.0,3397035.0,22,270,6,5,2585.0,9.2,502,0,5,411060,3397460,504,15,5,-114.0,524,15.0,425.0,425.26462349929835,2,-2.0213649403560225,-20,11,1,2.6926102231834186
1163,234901,411045.0,3397035.0,22,270,6,5,2585.0,9.2,502,0,5,411065,3397455,504,0,6,-112.67,524,20.0,420.0,420.47592083257274,2,-2.7263109939062815,-20,11,1,2.7232298331707168
1164,234901,411045.0,3397035.0,22,270,6,5,2585.0,9.2,502,0,5,411110,3396765,504,6,6,-98.5,524,65.0,-270.0,277.71388153997634,2,-166.46414363086575,-20,11,1,4.119133953449771
1165,234901,411045.0,3397035.0,22,270,6,5,2585.0,9.2,502,0,5,411190,3396685,504,6,14,-113.5,524,145.0,-350.0,378.8469347902923,2,-157.4964715002326,-20,11,1,3.0219403068415795
1166,234901,411045.0,3397035.0,22,270,6,5,2585.0,9.2,502,0,5,411195,3396690,504,6,5,-110.0,524,150.0,-345.0,376.19808611953357,2,-156.50143432404792,-20,11,1,3.0431782383158
1167,234901,411045.0,3397035.0,22,270,6,5,2585.0,9.2,502,0,5,411090,3396785,504,6,14,-102.67,524,45.0,-250.0,254.01771591761076,2,-169.7960262782683,-20,11,1,4.501876787329291
1168,234901,411045.0,3397035.0,22,270,6,5,2585.0,9.2,502,0,5,411165,3396720,504,6,5,-111.0,524,120.0,-315.0,337.08307581366347,2,-159.14554196042167,-20,11,1,3.3955242196250524
1169,234901,411045.0,3397035.0,22,270,6,5,2585.0,9.2,502,0,5,411100,3396775,504,0,14,-112.2,524,55.0,-260.0,265.75364531836624,2,-168.05582281155367,-20,11,1,4.303833840095825
1170,234901,411045.0,3397035.0,22,270,6,5,2585.0,9.2,502,0,5,411115,3396770,504,6,5,-125.0,524,70.0,-265.0,274.0894014733149,2,-165.20323775494268,-20,11,1,4.173412992985046
1171,234901,411045.0,3397035.0,22,270,6,5,2585.0,9.2,502,0,5,411170,3396705,504,0,14,-109.67,524,125.0,-330.0,352.8809997718778,2,-159.25391972431657,-20,11,1,3.2438441794948343
1172,234901,411045.0,3397035.0,22,270,6,5,2585.0,9.2,502,0,5,411185,3396700,504,0,5,-107.67,524,140.0,-335.0,363.07712679264165,2,-157.31944039297508,-20,11,1,3.1529352422911128
1173,234901,411045.0,3397035.0,22,270,6,5,2585.0,9.2,502,0,5,411140,3396655,504,0,5,-116.0,524,95.0,-380.0,391.69503443367773,2,-165.96375653207355,-20,11,1,2.922991591722765
1174,234901,411045.0,3397035.0,22,270,6,5,2585.0,9.2,502,0,5,411040,3396755,506,0,14,-102.67,524,-5.0,-280.0,280.04463929880893,4,-181.02303018866786,-18,11,1,3.6776540175401777
1175,234901,411045.0,3397035.0,22,270,6,5,2585.0,9.2,502,0,5,411105,3396780,504,6,14,-105.67,524,60.0,-255.0,261.9637379485947,2,-166.7594800848128,-20,11,1,4.36585965508869
1176,234901,411045.0,3397035.0,22,270,6,5,2585.0,9.2,502,0,5,411160,3396715,504,0,5,-112.0,524,115.0,-320.0,340.03676271838606,2,-160.23283132320836,-20,11,1,3.3660975390045555
1177,234901,411045.0,3397035.0,22,270,6,5,2585.0,9.2,502,0,5,411175,3396710,504,0,14,-108.33,524,130.0,-325.0,350.03571246374275,2,-158.19859051364818,-20,11,1,3.2701549751987686
1178,234901,411045.0,3397035.0,22,270,6,5,2585.0,9.2,502,0,5,411055,3396750,506,6,14,-100.33,524,10.0,-285.0,285.17538463198395,4,-177.99044618697886,-18,11,1,3.61166407753856
1179,234901,411045.0,3397035.0,22,270,6,5,2585.0,9.2,502,0,5,411080,3397190,503,0,14,-101.0,524,35.0,155.0,158.90248582070703,1,-12.724355685422381,-21,11,1,7.528384661332966
1180,234901,411045.0,3397035.0,22,270,6,5,2585.0,9.2,502,0,5,411090,3397200,504,0,7,-99.0,524,45.0,165.0,171.0263137648707,2,-15.255118703057775,-20,11,1,6.669935543365446
1181,234901,411045.0,3397035.0,22,270,6,5,2585.0,9.2,502,0,5,410945,3397325,506,15,5,-102.5,524,-100.0,290.0,306.75723300355935,4,19.025606037568707,-18,11,1,3.3581695668883835
1182,234901,411045.0,3397035.0,22,270,6,5,2585.0,9.2,502,0,5,411140,3397210,505,15,14,-106.33,524,95.0,175.0,199.12307751739877,3,-28.495638618244982,-19,11,1,5.4505681414910105
1183,234901,411045.0,3397035.0,22,270,6,5,2585.0,9.2,502,0,5,410910,3397300,506,0,14,-94.25,524,-135.0,265.0,297.40544715926103,4,26.995838394086604,-18,11,1,3.463512606044146
1184,234901,411045.0,3397035.0,22,270,6,5,2585.0,9.2,502,0,5,410895,3397315,507,0,14,-96.67,524,-150.0,280.0,317.6476034853718,5,28.178590109959146,-17,11,1,3.0634574022912138
1185,234901,411045.0,3397035.0,22,270,6,5,2585.0,9.2,502,0,5,410900,3397290,507,0,5,-96.03,524,-145.0,255.0,293.3428028774526,5,29.62374875117382,-17,11,1,3.3167338880253587
1186,234901,411045.0,3397035.0,22,270,6,5,2585.0,9.2,502,0,5,410890,3397320,507,0,14,-97.22,524,-155.0,285.0,324.4225639501667,5,28.539985187959985,-17,11,1,2.9996008789870525
1187,234901,411045.0,3397035.0,22,270,6,5,2585.0,9.2,502,0,5,410905,3397285,507,0,14,-96.21,524,-140.0,250.0,286.53097563788805,5,29.248826336546983,-17,11,1,3.395401721942544
1188,234901,411045.0,3397035.0,22,270,6,5,2585.0,9.2,502,0,5,410880,3397310,507,0,14,-94.9,524,-165.0,275.0,320.7023542164915,5,30.96375653207349,-17,11,1,3.034332180600303
1189,234901,411045.0,3397035.0,22,270,6,5,2585.0,9.2,502,0,5,410915,3397295,506,0,5,-96.18,524,-130.0,260.0,290.68883707497264,4,26.565051177077976,-18,11,1,3.543338381578365
1190,234901,411045.0,3397035.0,22,270,6,5,2585.0,9.2,502,0,5,410885,3397305,507,0,5,-98.52,524,-160.0,270.0,313.8470965295043,5,30.65066795705286,-17,11,1,3.100482155220673
1191,234901,411045.0,3397035.0,22,270,6,5,2585.0,9.2,502,0,5,411130,3397240,506,0,6,-103.67,524,85.0,205.0,221.92341021172146,4,-22.52056560289688,-18,11,1,4.637056233941222
1192,234901,411045.0,3397035.0,22,270,6,5,2585.0,9.2,502,0,5,411120,3397230,506,0,5,-103.0,524,75.0,195.0,208.92582415776178,4,-21.037511025421793,-18,11,1,4.924157223346862
1193,234901,411045.0,3397035.0,22,270,6,5,2585.0,9.2,502,0,5,410880,3396935,503,0,5,-85.33,524,-165.0,-100.0,192.93781381574738,1,-238.7815972356536,-21,11,1,6.211812004390609
1194,234901,411045.0,3397035.0,22,270,6,5,2585.0,9.2,502,0,5,410885,3396940,503,12,5,-81.0,524,-160.0,-95.0,186.07794065928394,1,-239.3002774491856,-21,11,1,6.438924633364208
1195,234901,411045.0,3397035.0,22,270,6,5,2585.0,9.2,502,0,5,410910,3396945,503,12,5,-78.0,524,-135.0,-90.0,162.24980739587951,1,-236.30993247402023,-21,11,1,7.374796534888486
1196,234901,411045.0,3397035.0,22,270,6,5,2585.0,9.2,502,0,5,410890,3396925,503,0,5,-87.0,524,-155.0,-110.0,190.06577808748213,1,-234.63753811293097,-21,11,1,6.304926753636349
1197,234901,411045.0,3397035.0,22,270,6,5,2585.0,9.2,502,0,5,411000,3396815,502,0,5,-106.0,524,-45.0,-220.0,224.5551157288562,0,-191.56013079421777,-22,11,1,5.595496040547377
1198,234901,411045.0,3397035.0,22,270,6,5,2585.0,9.2,502,0,5,411015,3396810,502,6,5,-97.0,524,-30.0,-225.0,226.99118925632334,0,-187.59464336859145,-22,11,1,5.535820103213722
1199,234901,411045.0,3397035.0,22,270,6,5,2585.0,9.2,502,0,5,410915,3396950,503,0,5,-85.29,524,-130.0,-85.0,155.32224567009067,1,-236.82148834060726,-21,11,1,7.699858158693675
1200,234901,411045.0,3397035.0,22,270,6,5,2585.0,9.2,502,0,5,410925,3396900,502,0,5,-83.25,524,-120.0,-135.0,180.62391868188442,0,-221.63353933657018,-22,11,1,6.94442213610748
1201,234901,411045.0,3397035.0,22,270,6,5,2585.0,9.2,502,0,5,411055,3397090,502,9,5,-92.0,524,10.0,55.0,55.90169943749474,0,-10.304846468766016,-22,11,1,21.4820173376628
1202,234901,411045.0,3397035.0,22,270,6,5,2585.0,9.2,502,0,5,411050,3397085,502,9,6,-92.5,524,5.0,50.0,50.24937810560445,0,-5.710593137499643,-22,11,1,23.6445901725916
1203,234901,411045.0,3397035.0,22,270,6,5,2585.0,9.2,502,0,5,410920,3396895,502,0,5,-85.25,524,-125.0,-140.0,187.6832437912346,0,-221.76029970389789,-22,11,1,6.6856317746762235
1204,234901,411045.0,3397035.0,22,270,6,5,2585.0,9.2,502,0,5,410895,3396930,503,0,14,-86.75,524,-150.0,-105.0,183.09833423600554,1,-235.00797980144134,-21,11,1,6.542805544472764
1205,234901,411045.0,3397035.0,22,270,6,5,2585.0,9.2,502,0,5,410900,3396955,503,0,5,-82.67,524,-145.0,-80.0,165.60495161679194,1,-241.1134182330893,-21,11,1,7.226979478762034
1206,234901,411045.0,3397035.0,22,270,6,5,2585.0,9.2,502,0,5,411235,3396770,502,0,5,-102.0,524,190.0,-265.0,326.0751447136074,0,-144.36019080191335,-22,11,1,3.859845600537697
1207,234901,411045.0,3397035.0,22,270,6,5,2585.0,9.2,502,0,5,410930,3397065,505,0,14,-87.0,524,-115.0,30.0,118.84864324004712,3,75.37912601136838,-19,11,1,9.082857898146711
1208,234901,411045.0,3397035.0,22,270,6,5,2585.0,9.2,502,0,5,410910,3397085,505,0,5,-90.0,524,-135.0,50.0,143.96180048887967,3,69.67686317033701,-19,11,1,7.518413351572272
1209,234901,411045.0,3397035.0,22,270,6,5,2585.0,9.2,502,0,5,410900,3397095,504,0,14,-86.0,524,-145.0,60.0,156.92354826475216,2,67.52056560289691,-20,11,1,7.263223157392938
1210,234901,411045.0,3397035.0,22,270,6,5,2585.0,9.2,502,0,5,410995,3397010,502,0,14,-82.17,524,-50.0,-25.0,55.90169943749474,0,-243.434948822922,-22,11,1,21.4820173376628
1211,234901,411045.0,3397035.0,22,270,6,5,2585.0,9.2,502,0,5,410980,3397015,502,0,14,-74.0,524,-65.0,-20.0,68.00735254367721,0,-252.89727103094762,-22,11,1,17.9261055437599
1212,234901,411045.0,3397035.0,22,270,6,5,2585.0,9.2,502,0,5,410905,3397100,504,0,14,-86.33,524,-140.0,65.0,154.35349040433132,2,65.09523119190482,-20,11,1,7.382835751265533
1213,234901,411045.0,3397035.0,22,270,6,5,2585.0,9.2,502,0,5,410985,3397020,502,0,5,-78.47,524,-60.0,-15.0,61.84658438426491,0,-255.96375653207352,-22,11,1,19.581434831158294
1214,234901,411045.0,3397035.0,22,270,6,5,2585.0,9.2,502,0,5,411265,3396740,502,6,14,-108.0,524,220.0,-295.0,368.00135869314397,0,-143.28579702395376,-22,11,1,3.421206674992151
1215,234901,411045.0,3397035.0,22,270,6,5,2585.0,9.2,502,0,5,411240,3396755,502,6,6,-111.5,524,195.0,-280.0,341.2110783664563,0,-145.14554443389633,-22,11,1,3.6891087468733312
1216,234901,411045.0,3397035.0,22,270,6,5,2585.0,9.2,502,0,5,411230,3396765,502,6,6,-103.0,524,185.0,-270.0,327.29955698106284,0,-145.5816355209438,-22,11,1,3.845449503423331
1217,234901,411045.0,3397035.0,22,270,6,5,2585.0,9.2,502,0,5,410975,3397030,503,0,5,-79.14,524,-70.0,-5.0,70.178344238091,1,-265.9143832200251,-21,11,1,16.65916084603122
1218,234901,411045.0,3397035.0,22,270,6,5,2585.0,9.2,502,0,5,411260,3396735,503,6,5,-102.0,524,215.0,-300.0,369.08671067921154,1,-144.3720927085791,-21,11,1,3.2564583585572864
1219,234901,411045.0,3397035.0,22,270,6,5,2585.0,9.2,502,0,5,411250,3396745,502,6,14,-115.67,524,205.0,-290.0,355.1408171415953,0,-144.74364128703718,-22,11,1,3.544786765536992
1220,234901,411045.0,3397035.0,22,270,6,5,2585.0,9.2,502,0,5,410970,3397025,503,0,5,-80.67,524,-75.0,-10.0,75.66372975210778,1,-262.4053566314086,-21,11,1,15.51166526616417
1221,234901,411045.0,3397035.0,22,270,6,5,2585.0,9.2,502,0,5,410895,3397110,504,0,5,-80.8,524,-150.0,75.0,167.70509831248424,2,63.434948822922024,-20,11,1,6.8008009563797565
1222,234901,411045.0,3397035.0,22,270,6,5,2585.0,9.2,502,0,5,410885,3397120,504,0,14,-83.0,524,-160.0,85.0,181.1767093199344,2,62.020525611519815,-20,11,1,6.2993454723688
1223,234901,411045.0,3397035.0,22,270,6,5,2585.0,9.2,502,0,5,410925,3397080,505,0,6,-87.0,524,-120.0,45.0,128.16005617976296,3,69.44395478041656,-19,11,1,8.432798130910372
1224,234901,411045.0,3397035.0,22,270,6,5,2585.0,9.2,502,0,5,410920,3397075,505,0,6,-84.25,524,-125.0,40.0,131.24404748406687,3,72.25532837494308,-19,11,1,8.237394298905146
1225,234901,411045.0,3397035.0,22,270,6,5,2585.0,9.2,502,0,5,410880,3397115,504,0,5,-82.5,524,-165.0,80.0,183.3712082089225,2,64.13364320590551,-20,11,1,6.22455322985451
1226,234901,411045.0,3397035.0,22,270,6,5,2585.0,9.2,502,0,5,410890,3397105,504,0,5,-86.67,524,-155.0,70.0,170.07351351694948,2,65.69545073406329,-20,11,1,6.706962938490843
1227,234901,411045.0,3397035.0,22,270,6,5,2585.0,9.2,502,0,5,411120,3396780,504,6,14,-107.33,524,75.0,-255.0,265.80067720004024,2,-163.6104596659652,-20,11,1,4.303075162393407
1228,234901,411045.0,3397035.0,22,270,6,5,2585.0,9.2,502,0,5,411135,3396765,504,6,6,-102.33,524,90.0,-270.0,284.60498941515414,2,-161.56505117707798,-20,11,1,4.019728821855589
1229,234901,411045.0,3397035.0,22,270,6,5,2585.0,9.2,502,0,5,411185,3396755,503,0,6,-96.5,524,140.0,-280.0,313.04951684997053,1,-153.43494882292202,-21,11,1,3.8377679742380146
1230,234901,411045.0,3397035.0,22,270,6,5,2585.0,9.2,502,0,5,411160,3396740,504,6,14,-104.8,524,115.0,-295.0,316.62280397975127,2,-158.70264595096626,-20,11,1,3.6143800664827586
1231,234901,411045.0,3397035.0,22,270,6,5,2585.0,9.2,502,0,5,411390,3397030,502,0,5,-105.6,524,345.0,-5.0,345.03622998172233,0,-90.830315486258,-22,11,1,3.6483215081838214
1232,234901,411045.0,3397035.0,22,270,6,5,2585.0,9.2,502,0,5,411195,3396745,503,6,14,-103.0,524,150.0,-290.0,326.49655434629017,1,-152.65012421993012,-21,11,1,3.6801499048930726
1233,234901,411045.0,3397035.0,22,270,6,5,2585.0,9.2,502,0,5,411175,3396725,503,6,14,-100.0,524,130.0,-310.0,336.1547262794322,1,-157.24902365721238,-21,11,1,3.5746925187483494
1234,234901,411045.0,3397035.0,22,270,6,5,2585.0,9.2,502,0,5,411170,3396730,504,6,14,-109.0,524,125.0,-305.0,329.6209944769902,2,-157.71441235316723,-20,11,1,3.4722073548423276
1235,234901,411045.0,3397035.0,22,270,6,5,2585.0,9.2,502,0,5,411130,3396770,504,6,5,-116.5,524,85.0,-265.0,278.29840100151495,2,-162.2161115573075,-20,11,1,4.110512084659818
1236,234901,411045.0,3397035.0,22,270,6,5,2585.0,9.2,502,0,5,411125,3396775,504,0,14,-102.0,524,80.0,-260.0,272.02941017470886,2,-162.89727103094765,-20,11,1,4.2049039747983485
1237,234901,411045.0,3397035.0,22,270,6,5,2585.0,9.2,502,0,5,411155,3396785,503,6,14,-106.67,524,110.0,-250.0,273.1300056749533,1,-156.25050550713325,-21,11,1,4.396619850281958
1238,234901,411045.0,3397035.0,22,270,6,5,2585.0,9.2,502,0,5,411190,3396750,503,0,14,-114.0,524,145.0,-285.0,319.7655391063896,1,-153.03428556712987,-21,11,1,3.757396858689882
1239,234901,411045.0,3397035.0,22,270,6,5,2585.0,9.2,502,0,5,410920,3396875,502,0,5,-82.5,524,-125.0,-160.0,203.03940504246953,0,-217.99873244250466,-22,11,1,6.1840638089261875
1240,234901,411045.0,3397035.0,22,270,6,5,2585.0,9.2,502,0,5,410930,3396865,502,0,14,-95.0,524,-115.0,-170.0,205.24375751773792,0,-214.07719528013075,-22,11,1,6.118152355466511
1241,234901,411045.0,3397035.0,22,270,6,5,2585.0,9.2,502,0,5,411090,3397025,501,0,5,-85.0,524,45.0,-10.0,46.09772228646444,-1,-102.52880770915152,-23,11,1,26.51644618877807
1242,234901,411045.0,3397035.0,22,270,6,5,2585.0,9.2,502,0,5,411005,3396960,499,0,5,-97.0,524,-40.0,-75.0,85.0,-3,-208.07248693585296,-25,11,1,16.389540334034784
1243,234901,411045.0,3397035.0,22,270,6,5,2585.0,9.2,502,0,5,410810,3396615,505,0,5,-87.25,524,-235.0,-420.0,481.27435003332556,3,-209.22805194314515,-19,11,1,2.260778662896541
1244,234901,411045.0,3397035.0,22,270,6,5,2585.0,9.2,502,0,5,410815,3396620,505,0,14,-86.33,524,-230.0,-415.0,474.4733922992943,3,-208.9959595141184,-19,11,1,2.29314962838134
1245,234901,411045.0,3397035.0,22,270,6,5,2585.0,9.2,502,0,5,410815,3397295,507,0,5,-97.0,524,-230.0,260.0,347.1310991541956,5,41.4964683552156,-17,11,1,2.803697764294146
1246,234901,411045.0,3397035.0,22,270,6,5,2585.0,9.2,502,0,5,410810,3397300,506,0,14,-99.67,524,-235.0,265.0,354.18921496849674,4,41.566369637549485,-18,11,1,2.909285470516745
1247,234901,411045.0,3397035.0,22,270,6,5,2585.0,9.2,502,0,5,410825,3397305,507,0,5,-101.0,524,-220.0,270.0,348.28149534536,5,39.17365797044425,-17,11,1,2.7944516734828335
1248,234901,411045.0,3397035.0,22,270,6,5,2585.0,9.2,502,0,5,410800,3397290,506,0,14,-97.0,524,-245.0,255.0,353.62409420173844,4,43.854237161824926,-18,11,1,2.913926744722833
1249,234901,411045.0,3397035.0,22,270,6,5,2585.0,9.2,502,0,5,410805,3397285,506,0,14,-103.5,524,-240.0,250.0,346.5544690232691,4,43.830860672092626,-18,11,1,2.9732645308001344
1250,234901,411045.0,3397035.0,22,270,6,5,2585.0,9.2,502,0,5,410835,3397315,507,0,5,-105.8,524,-210.0,280.0,350.0,5,36.86989764584405,-17,11,1,2.780752467489777
1251,234901,411045.0,3397035.0,22,270,6,5,2585.0,9.2,502,0,5,410535,3397015,505,0,5,-100.2,524,-510.0,-20.0,510.3920062069938,3,-267.75425743410494,-19,11,1,2.131924769005272
1252,234901,411045.0,3397035.0,22,270,6,5,2585.0,9.2,502,0,5,411135,3396755,504,0,14,-104.33,524,90.0,-280.0,294.10882339705483,2,-162.18111108547723,-20,11,1,3.890240754690596
1253,234901,411045.0,3397035.0,22,270,6,5,2585.0,9.2,502,0,5,411185,3396765,503,6,6,-102.5,524,140.0,-270.0,304.138126514911,1,-152.59242456218158,-21,11,1,3.949865491078634
1254,234901,411045.0,3397035.0,22,270,6,5,2585.0,9.2,502,0,5,411095,3396715,506,0,14,-117.5,524,50.0,-320.0,323.88269481403296,4,-171.11934084947976,-18,11,1,3.180979439325842
1255,234901,411045.0,3397035.0,22,270,6,5,2585.0,9.2,502,0,5,411400,3397030,503,0,5,-103.0,524,355.0,-5.0,355.0352095215346,1,-90.80692945510236,-21,11,1,3.385047696554847
1256,234901,411045.0,3397035.0,22,270,6,5,2585.0,9.2,502,0,5,411120,3396750,504,0,14,-113.5,524,75.0,-285.0,294.7032405658275,2,-165.25643716352926,-20,11,1,3.8824181502855337
1257,234901,411045.0,3397035.0,22,270,6,5,2585.0,9.2,502,0,5,411125,3396745,504,6,14,-118.67,524,80.0,-290.0,300.83217912982644,2,-164.5778386812613,-20,11,1,3.8035551357729256
1258,234901,411045.0,3397035.0,22,270,6,5,2585.0,9.2,502,0,5,411155,3396735,504,0,14,-107.5,524,110.0,-300.0,319.53090617340916,2,-159.86369657175186,-20,11,1,3.581571028712397
1259,234901,411045.0,3397035.0,22,270,6,5,2585.0,9.2,502,0,5,411035,3396615,502,6,5,-98.0,524,-10.0,-420.0,420.11903075200007,0,-181.36392753160294,-22,11,1,2.9976191448496143
1260,234901,411045.0,3397035.0,22,270,6,5,2585.0,9.2,502,0,5,411195,3396775,503,0,14,-102.4,524,150.0,-260.0,300.1666203960727,1,-150.01836063115067,-21,11,1,4.001957476346695
1261,234901,411045.0,3397035.0,22,270,6,5,2585.0,9.2,502,0,5,411190,3396780,503,0,14,-100.4,524,145.0,-255.0,293.3428028774526,1,-150.37625124882618,-21,11,1,4.094738982611202
1262,234901,411045.0,3397035.0,22,270,6,5,2585.0,9.2,502,0,5,411145,3396725,504,6,5,-115.8,524,100.0,-310.0,325.7299494980466,2,-162.12130340415865,-20,11,1,3.5135817138071506
1263,234901,411045.0,3397035.0,22,270,6,5,2585.0,9.2,502,0,5,410860,3397150,502,0,5,-81.0,524,-185.0,115.0,217.83020910791964,0,58.13402230639633,-22,11,1,5.767094388281319
1264,234901,411045.0,3397035.0,22,270,6,5,2585.0,9.2,502,0,5,410845,3397125,503,0,5,-90.0,524,-200.0,90.0,219.31712199461307,1,65.77225468204585,-21,11,1,5.469496779684539
1265,234901,411045.0,3397035.0,22,270,6,5,2585.0,9.2,502,0,5,410835,3397195,505,0,5,-95.33,524,-210.0,160.0,264.0075756488817,3,52.69605172201659,-19,11,1,4.116344703635176
1266,234901,411045.0,3397035.0,22,270,6,5,2585.0,9.2,502,0,5,410850,3397140,502,0,5,-81.8,524,-195.0,105.0,221.472345903501,0,61.699244233993625,-22,11,1,5.672877614944198
1267,234901,411045.0,3397035.0,22,270,6,5,2585.0,9.2,502,0,5,410820,3397190,505,12,5,-86.5,524,-225.0,155.0,273.22152184628504,3,55.43747535111817,-19,11,1,3.9779811575514388
1268,234901,411045.0,3397035.0,22,270,6,5,2585.0,9.2,502,0,5,410840,3397130,503,0,5,-84.67,524,-205.0,95.0,225.94247055390008,1,65.13630342824814,-21,11,1,5.3100443297235165
1269,234901,411045.0,3397035.0,22,270,6,5,2585.0,9.2,502,0,5,410855,3397135,503,0,5,-79.83,524,-190.0,100.0,214.7091055358389,1,62.24145939893998,-21,11,1,5.586146589218941
1270,234901,411045.0,3397035.0,22,270,6,5,2585.0,9.2,502,0,5,410880,3397170,504,0,7,-77.5,524,-165.0,135.0,213.19005605327843,2,50.7105931374997,-20,11,1,5.359403545850067
1271,234901,411045.0,3397035.0,22,270,6,5,2585.0,9.2,502,0,5,410915,3397195,505,0,7,-93.0,524,-130.0,160.0,206.15528128088303,3,39.0938588862295,-19,11,1,5.265706169947506
1272,234901,411045.0,3397035.0,22,270,6,5,2585.0,9.2,502,0,5,411000,3397210,504,12,7,-93.38,524,-45.0,175.0,180.6931099959265,2,14.420773127510984,-20,11,1,6.3160686996671895
1273,234901,411045.0,3397035.0,22,270,6,5,2585.0,9.2,502,0,5,411065,3397345,504,0,6,-106.0,524,20.0,310.0,310.64449134018133,2,-3.69138598645128,-20,11,1,3.6837486104813357
1274,234901,411045.0,3397035.0,22,270,6,5,2585.0,9.2,502,0,5,411055,3397335,504,0,5,-110.75,524,10.0,300.0,300.1666203960727,2,-1.9091524329963931,-20,11,1,3.8119639118057664
1275,234901,411045.0,3397035.0,22,270,6,5,2585.0,9.2,502,0,5,411060,3397350,504,0,6,-112.2,524,15.0,315.0,315.35694062442957,2,-2.7263109939062815,-20,11,1,3.6288497334786247
1276,234901,411045.0,3397035.0,22,270,6,5,2585.0,9.2,502,0,5,410980,3397270,505,0,14,-99.67,524,-65.0,235.0,243.82370680473218,3,15.461217740441896,-19,11,1,4.455778038865526
1277,234901,411045.0,3397035.0,22,270,6,5,2585.0,9.2,502,0,5,410985,3397265,505,0,14,-101.29,524,-60.0,230.0,237.69728648009425,3,14.620873988631672,-19,11,1,4.570141037220698
1278,234901,411045.0,3397035.0,22,270,6,5,2585.0,9.2,502,0,5,411005,3397205,504,0,7,-88.5,524,-40.0,170.0,174.64249196572982,2,13.240519915187178,-20,11,1,6.533033075626061
1279,234901,411045.0,3397035.0,22,270,6,5,2585.0,9.2,502,0,5,411070,3397360,504,0,6,-116.0,524,25.0,325.0,325.96012026013244,2,-4.3987053549955135,-20,11,1,3.511106871394865
1280,234901,411045.0,3397035.0,22,270,6,5,2585.0,9.2,502,0,5,411090,3397300,504,0,7,-99.63,524,45.0,265.0,268.79360111431225,2,-9.63753811293094,-20,11,1,4.255338889862626
1281,234901,411045.0,3397035.0,22,270,6,5,2585.0,9.2,502,0,5,410990,3397280,505,0,5,-100.25,524,-55.0,245.0,251.09759058979438,3,12.652556500557978,-19,11,1,4.327199015391632
1282,234901,411045.0,3397035.0,22,270,6,5,2585.0,9.2,502,0,5,410895,3397175,504,0,7,-87.0,524,-150.0,140.0,205.1828452868319,2,46.97493401088195,-20,11,1,5.567263441956087
1283,234901,411045.0,3397035.0,22,270,6,5,2585.0,9.2,502,0,5,411095,3397295,505,0,7,-98.86,524,50.0,260.0,264.76404589747455,3,-10.885527054658724,-19,11,1,4.10462395042988
1284,234901,411045.0,3397035.0,22,270,6,5,2585.0,9.2,502,0,5,411080,3397290,505,0,7,-103.9,524,35.0,255.0,257.390753524675,3,-7.815293546766895,-19,11,1,4.221786985469414
1285,234901,411045.0,3397035.0,22,270,6,5,2585.0,9.2,502,0,5,411015,3397215,504,12,7,-100.33,524,-30.0,180.0,182.4828759089466,2,9.462322208025626,-20,11,1,6.254614967760454
1286,234901,411045.0,3397035.0,22,270,6,5,2585.0,9.2,502,0,5,411085,3397285,505,0,7,-104.0,524,40.0,250.0,253.17977802344325,3,-9.090276920822305,-19,11,1,4.291745013637591
1287,234901,411045.0,3397035.0,22,270,6,5,2585.0,9.2,502,0,5,411050,3397340,504,0,5,-108.0,524,5.0,305.0,305.04098085339285,2,-0.939190945735561,-20,11,1,3.751226482173055
1288,234901,411045.0,3397035.0,22,270,6,5,2585.0,9.2,502,0,5,410960,3397250,505,0,7,-98.0,524,-85.0,215.0,231.19256043393784,3,21.57130719125462,-19,11,1,4.6981566169012465
1289,234901,411045.0,3397035.0,22,270,6,5,2585.0,9.2,502,0,5,410965,3397245,505,0,7,-102.25,524,-80.0,210.0,224.72205054244233,3,20.854458039578333,-19,11,1,4.832800664817579
1290,234901,411045.0,3397035.0,22,270,6,5,2585.0,9.2,502,0,5,410975,3397255,505,0,7,-101.67,524,-70.0,220.0,230.8679276123039,3,17.65012421993015,-19,11,1,4.704733252040484
1291,234901,411045.0,3397035.0,22,270,6,5,2585.0,9.2,502,0,5,410995,3397275,505,0,14,-99.21,524,-50.0,240.0,245.15301344262525,3,11.768288932020653,-19,11,1,4.431713739328418
1292,234901,411045.0,3397035.0,22,270,6,5,2585.0,9.2,502,0,5,410920,3397130,504,0,5,-87.78,524,-125.0,95.0,157.00318468107582,2,52.76516601842536,-20,11,1,7.259578359691397
1293,234901,411045.0,3397035.0,22,270,6,5,2585.0,9.2,502,0,5,411100,3397310,504,0,7,-101.2,524,55.0,275.0,280.4460732476032,2,-11.30993247402023,-20,11,1,4.0791402144885565
1294,234901,411045.0,3397035.0,22,270,6,5,2585.0,9.2,502,0,5,411105,3397305,504,0,7,-99.86,524,60.0,270.0,276.5863337187866,2,-12.528807709151522,-20,11,1,4.135868099189435
1295,234901,411045.0,3397035.0,22,270,6,5,2585.0,9.2,502,0,5,411010,3397220,504,12,7,-98.0,524,-35.0,185.0,188.2817038376273,2,10.713123022791024,-20,11,1,6.063438635480459
1296,234901,411045.0,3397035.0,22,270,6,5,2585.0,9.2,502,0,5,410925,3397125,504,0,5,-88.0,524,-120.0,90.0,150.0,2,53.13010235415595,-20,11,1,7.594643368591445
1297,234901,411045.0,3397035.0,22,270,6,5,2585.0,9.2,502,0,5,410830,3397095,505,0,5,-83.33,524,-215.0,60.0,223.21514285549716,3,74.40718906073369,-19,11,1,4.865270431382923
1298,234901,411045.0,3397035.0,22,270,6,5,2585.0,9.2,502,0,5,410835,3397100,504,0,14,-86.5,524,-210.0,65.0,219.82947936980608,2,72.80145877993414,-20,11,1,5.1984361326831054
1299,234901,411045.0,3397035.0,22,270,6,5,2585.0,9.2,502,0,5,410845,3397070,505,0,6,-87.0,524,-200.0,35.0,203.03940504246953,3,80.0737544933483,-19,11,1,5.346049874129945
1300,234901,411045.0,3397035.0,22,270,6,5,2585.0,9.2,502,0,5,410840,3397065,505,0,5,-93.2,524,-205.0,30.0,207.18349355100662,3,81.67434966957319,-19,11,1,5.239719289218321
1301,234901,411045.0,3397035.0,22,270,6,5,2585.0,9.2,502,0,5,410860,3397045,505,5,14,-90.88,524,-185.0,10.0,185.27007313648906,3,86.90594194108292,-19,11,1,5.8553835226596025
1302,234901,411045.0,3397035.0,22,270,6,5,2585.0,9.2,502,0,5,410720,3397025,506,0,5,-94.5,524,-325.0,-10.0,325.1538097577822,4,-268.2376089763395,-18,11,1,3.168569511005443
1303,234901,411045.0,3397035.0,22,270,6,5,2585.0,9.2,502,0,5,410775,3397000,505,0,5,-95.9,524,-270.0,-35.0,272.2590678012396,3,-262.61395684873276,-19,11,1,3.9919982015267346
1304,234901,411045.0,3397035.0,22,270,6,5,2585.0,9.2,502,0,5,410875,3397060,505,0,14,-90.81,524,-170.0,25.0,171.82840277439584,3,81.63411387596739,-19,11,1,6.309872152353677
1305,234901,411045.0,3397035.0,22,270,6,5,2585.0,9.2,502,0,5,410755,3397020,506,0,6,-96.13,524,-290.0,-15.0,290.38767191463205,4,-267.0390638658363,-18,11,1,3.5470038508039785
1306,234901,411045.0,3397035.0,22,270,6,5,2585.0,9.2,502,0,5,410760,3396985,505,0,6,-84.9,524,-285.0,-50.0,289.35272592460575,3,-260.0493733120484,-19,11,1,3.7568653595537205
1307,234901,411045.0,3397035.0,22,270,6,5,2585.0,9.2,502,0,5,410740,3397005,506,0,5,-92.57,524,-305.0,-30.0,306.4718584144391,4,-264.3824194098732,-18,11,1,3.361289396417888
1308,234901,411045.0,3397035.0,22,270,6,5,2585.0,9.2,502,0,5,410865,3397050,505,5,5,-85.62,524,-180.0,15.0,180.62391868188442,3,85.23635830927378,-19,11,1,6.004913556758473
1309,234901,411045.0,3397035.0,22,270,6,5,2585.0,9.2,502,0,5,410855,3397080,505,0,6,-88.25,524,-190.0,45.0,195.25624189766637,3,76.6754687381092,-19,11,1,5.55784130959903
1310,234901,411045.0,3397035.0,22,270,6,5,2585.0,9.2,502,0,5,410770,3396995,505,0,5,-95.67,524,-275.0,-40.0,277.89386463180506,3,-261.72410717292485,-19,11,1,3.911307102405541
1311,234901,411045.0,3397035.0,22,270,6,5,2585.0,9.2,502,0,5,410765,3396990,505,0,5,-87.85,524,-280.0,-45.0,283.59301824974466,3,-260.86982351772133,-19,11,1,3.832941225358567
1312,234901,411045.0,3397035.0,22,270,6,5,2585.0,9.2,502,0,5,410870,3397055,505,0,5,-85.86,524,-175.0,20.0,176.13914953808538,3,83.48019824834302,-19,11,1,6.156647945986208
1313,234901,411045.0,3397035.0,22,270,6,5,2585.0,9.2,502,0,5,410725,3397030,506,0,5,-96.33,524,-320.0,-5.0,320.0390601161052,4,-269.10482628978895,-18,11,1,3.2191027904768035
1314,234901,411045.0,3397035.0,22,270,6,5,2585.0,9.2,502,0,5,410750,3397015,506,0,14,-91.21,524,-295.0,-20.0,295.67718883945037,4,-266.1214754971523,-18,11,1,3.483707418315651
1315,234901,411045.0,3397035.0,22,270,6,5,2585.0,9.2,502,0,5,410745,3397010,506,0,14,-91.0,524,-300.0,-25.0,301.0398644698074,4,-265.2363583092738,-18,11,1,3.4217980035336772
1316,234901,411045.0,3397035.0,22,270,6,5,2585.0,9.2,502,0,5,411055,3397200,503,0,7,-103.5,524,10.0,165.0,165.3027525481654,1,-3.4682292589171766,-21,11,1,7.240051449782026
1317,234901,411045.0,3397035.0,22,270,6,5,2585.0,9.2,502,0,5,410970,3397435,505,15,5,-116.5,524,-75.0,400.0,406.97051490249265,3,10.619655276155129,-19,11,1,2.6729944230945226
1318,234901,411045.0,3397035.0,22,270,6,5,2585.0,9.2,502,0,5,410930,3397315,506,0,14,-97.0,524,-115.0,280.0,302.6962173533062,4,22.32865637801916,-18,11,1,3.4031180606508573
1319,234901,411045.0,3397035.0,22,270,6,5,2585.0,9.2,502,0,5,410905,3397330,506,0,5,-103.6,524,-140.0,295.0,326.5348373451139,4,25.38790629109593,-18,11,1,3.155195679642878
1320,234901,411045.0,3397035.0,22,270,6,5,2585.0,9.2,502,0,5,410900,3397325,506,0,14,-100.0,524,-145.0,290.0,324.2298567374695,4,26.565051177077976,-18,11,1,3.177580459496676
1321,234901,411045.0,3397035.0,22,270,6,5,2585.0,9.2,502,0,5,411120,3397265,506,0,5,-101.0,524,75.0,230.0,241.91940806805889,4,-18.06047193619918,-18,11,1,4.25524833553404
1322,234901,411045.0,3397035.0,22,270,6,5,2585.0,9.2,502,0,5,410945,3397290,506,0,7,-96.38,524,-100.0,255.0,273.9069184960467,4,21.412969474871772,-18,11,1,3.7598292885790436
1323,234901,411045.0,3397035.0,22,270,6,5,2585.0,9.2,502,0,5,410950,3397295,506,0,5,-96.5,524,-95.0,260.0,276.81221071332817,4,20.071525864538728,-18,11,1,3.7204792868511274
1324,234901,411045.0,3397035.0,22,270,6,5,2585.0,9.2,502,0,5,411130,3397275,506,0,6,-102.33,524,85.0,240.0,254.6075411294803,4,-19.502448506662233,-18,11,1,4.0439138231806515
1325,234901,411045.0,3397035.0,22,270,6,5,2585.0,9.2,502,0,5,411140,3397245,506,0,14,-107.0,524,95.0,210.0,230.4886114323222,4,-24.341089936692526,-18,11,1,4.4654486078027436
1326,234901,411045.0,3397035.0,22,270,6,5,2585.0,9.2,502,0,5,411135,3397280,506,0,5,-104.8,524,90.0,245.0,261.00766272276377,4,-20.170653411850395,-18,11,1,3.9450707710900366
1327,234901,411045.0,3397035.0,22,270,6,5,2585.0,9.2,502,0,5,410940,3397285,506,0,7,-94.81,524,-105.0,250.0,271.15493725912495,4,22.782405730481685,-18,11,1,3.7978770913858626
1328,234901,411045.0,3397035.0,22,270,6,5,2585.0,9.2,502,0,5,410910,3397335,506,0,5,-99.0,524,-135.0,300.0,328.97568299191965,4,24.227745317954145,-18,11,1,3.131832379485525
1329,234901,411045.0,3397035.0,22,270,6,5,2585.0,9.2,502,0,5,411045,3397190,503,0,7,-98.0,524,0.0,155.0,155.0,1,0.0,-21,11,1,7.715673563548468
1330,234901,411045.0,3397035.0,22,270,6,5,2585.0,9.2,502,0,5,411040,3397185,503,0,7,-95.8,524,-5.0,150.0,150.08331019803634,1,1.9091524329963931,-21,11,1,7.9652433133769955
1331,234901,411045.0,3397035.0,22,270,6,5,2585.0,9.2,502,0,5,410895,3397360,506,0,6,-99.25,524,-150.0,325.0,357.94552658190884,4,24.775140568831944,-18,11,1,2.878806803398266
1332,234901,411045.0,3397035.0,22,270,6,5,2585.0,9.2,502,0,5,410890,3397355,506,0,6,-97.5,524,-155.0,320.0,355.5629339512205,4,25.844387554560342,-18,11,1,2.8980646314772973
1333,234901,411045.0,3397035.0,22,270,6,5,2585.0,9.2,502,0,5,411125,3397270,506,0,6,-99.6,524,80.0,235.0,248.2438317461282,4,-18.799885158652643,-18,11,1,4.147221996836432
1334,234901,411045.0,3397035.0,22,270,6,5,2585.0,9.2,502,0,5,410955,3397300,506,0,5,-91.5,524,-90.0,265.0,279.8660393831306,4,18.758650347842263,-18,11,1,3.6799945100780964
1335,234901,411045.0,3397035.0,22,270,6,5,2585.0,9.2,502,0,5,410920,3397305,506,0,5,-102.4,524,-125.0,270.0,297.5315109362368,4,24.842389105455197,-18,11,1,3.4620486896113922
1336,234901,411045.0,3397035.0,22,270,6,5,2585.0,9.2,502,0,5,411020,3396715,509,0,14,-105.5,524,-25.0,-320.0,320.97507691408066,7,-184.46715906138928,-15,11,1,2.6756340957877978
1337,234901,411045.0,3397035.0,22,270,6,5,2585.0,9.2,502,0,5,411025,3396720,510,6,14,-101.0,524,-20.0,-315.0,315.6342820417326,8,-183.6329507394882,-14,11,1,2.539697177494585
1338,234901,411045.0,3397035.0,22,270,6,5,2585.0,9.2,502,0,5,411085,3396620,503,6,7,-121.2,524,40.0,-415.0,416.92325432865937,1,-174.49452214202165,-21,11,1,2.8834932421291835
1339,234901,411045.0,3397035.0,22,270,6,5,2585.0,9.2,502,0,5,411020,3397285,504,0,14,-116.5,524,-25.0,250.0,251.24689052802225,2,5.710593137499643,-20,11,1,4.551317363633067
1340,234901,411045.0,3397035.0,22,270,6,5,2585.0,9.2,502,0,5,411025,3397290,504,0,14,-111.25,524,-20.0,255.0,255.78311124857325,2,4.4846060095446205,-20,11,1,4.470931593321855
1341,234901,411045.0,3397035.0,22,270,6,5,2585.0,9.2,502,0,5,411030,3397295,504,0,5,-110.83,524,-15.0,260.0,260.43233286210835,2,3.301865674435021,-20,11,1,4.391431834805198
1342,234901,411045.0,3397035.0,22,270,6,5,2585.0,9.2,502,0,5,411055,3397280,504,0,5,-107.4,524,10.0,245.0,245.20399670478457,2,-2.3373058591238305,-20,11,1,4.662992921510106
1343,234901,411045.0,3397035.0,22,270,6,5,2585.0,9.2,502,0,5,411050,3397275,504,0,14,-108.75,524,5.0,240.0,240.05207768315609,2,-1.1934894239820437,-20,11,1,4.762613005004622
1344,234901,411045.0,3397035.0,22,270,6,5,2585.0,9.2,502,0,5,411130,3397195,504,0,6,-104.43,524,85.0,160.0,181.1767093199344,2,-27.979474388480156,-20,11,1,6.2993454723688
1345,234901,411045.0,3397035.0,22,270,6,5,2585.0,9.2,502,0,5,411045,3397270,504,0,14,-104.5,524,0.0,235.0,235.0,2,0.0,-20,11,1,4.864514437760526
1346,234901,411045.0,3397035.0,22,270,6,5,2585.0,9.2,502,0,5,411125,3397190,504,0,6,-107.33,524,80.0,155.0,174.42763542512407,2,-27.299572211332816,-20,11,1,6.541010641996068
1347,234901,411045.0,3397035.0,22,270,6,5,2585.0,9.2,502,0,5,411040,3397265,504,0,14,-109.0,524,-5.0,230.0,230.05434140654683,2,1.2453642667683198,-20,11,1,4.968572696847941
1348,234901,411045.0,3397035.0,22,270,6,5,2585.0,9.2,502,0,5,411075,3397260,505,0,5,-101.5,524,30.0,225.0,226.99118925632334,3,-7.5946433685914485,-19,11,1,4.7847145391926365
1349,234901,411045.0,3397035.0,22,270,6,5,2585.0,9.2,502,0,5,410950,3397110,504,0,5,-82.0,524,-95.0,75.0,121.03718436910205,2,51.709836807756915,-20,11,1,9.382686174024572
1350,234901,411045.0,3397035.0,22,270,6,5,2585.0,9.2,502,0,5,411010,3397010,501,0,6,-79.0,524,-35.0,-25.0,43.01162633521314,-1,-234.46232220802563,-23,11,1,28.135159685502884
1351,234901,411045.0,3397035.0,22,270,6,5,2585.0,9.2,502,0,5,410900,3397080,505,0,6,-85.6,524,-145.0,45.0,151.82226450688975,3,72.75854060106008,-19,11,1,7.133271597127983
1352,234901,411045.0,3397035.0,22,270,6,5,2585.0,9.2,502,0,5,411200,3396740,503,6,14,-107.33,524,155.0,-295.0,333.24165405903267,1,-152.28149837181664,-21,11,1,3.6058590358311036
1353,234901,411045.0,3397035.0,22,270,6,5,2585.0,9.2,502,0,5,410890,3397050,505,0,14,-83.44,524,-155.0,15.0,155.72411502397438,3,84.47245984834387,-19,11,1,6.956312481848435
1354,234901,411045.0,3397035.0,22,270,6,5,2585.0,9.2,502,0,5,411250,3396770,502,0,5,-101.5,524,205.0,-265.0,335.0373113550191,0,-142.27500495788925,-22,11,1,3.756895404274407
1355,234901,411045.0,3397035.0,22,270,6,5,2585.0,9.2,502,0,5,411035,3397025,501,0,5,-75.39,524,-10.0,-10.0,14.142135623730951,-1,-225.0,-23,11,1,58.41366190347208
1356,234901,411045.0,3397035.0,22,270,6,5,2585.0,9.2,502,0,5,410910,3397070,505,5,5,-86.88,524,-135.0,35.0,139.46325680981354,3,75.46554491945989,-19,11,1,7.758020152516126
1357,234901,411045.0,3397035.0,22,270,6,5,2585.0,9.2,502,0,5,410905,3397075,505,0,6,-85.47,524,-140.0,40.0,145.60219778561037,3,74.0546040990771,-19,11,1,7.434661603183604
1358,234901,411045.0,3397035.0,22,270,6,5,2585.0,9.2,502,0,5,410885,3397055,505,0,5,-87.0,524,-160.0,20.0,161.24515496597098,3,82.8749836510982,-19,11,1,6.720344662364318
1359,234901,411045.0,3397035.0,22,270,6,5,2585.0,9.2,502,0,5,410880,3397060,505,0,14,-89.68,524,-165.0,25.0,166.88319268278636,3,81.38435181583588,-19,11,1,6.495275939749246
1360,234901,411045.0,3397035.0,22,270,6,5,2585.0,9.2,502,0,5,411000,3397020,502,0,5,-79.08,524,-45.0,-15.0,47.43416490252569,0,-251.565051177078,-22,11,1,24.881904412572972
1361,234901,411045.0,3397035.0,22,270,6,5,2585.0,9.2,502,0,5,410930,3397090,505,0,5,-96.0,524,-115.0,55.0,127.47548783981962,3,64.44003482817618,-19,11,1,8.47742758645368
1362,234901,411045.0,3397035.0,22,270,6,5,2585.0,9.2,502,0,5,411005,3397015,501,0,6,-82.29,524,-40.0,-20.0,44.721359549995796,-1,-243.434948822922,-23,11,1,27.21656106883158
1363,234901,411045.0,3397035.0,22,270,6,5,2585.0,9.2,502,0,5,411030,3397030,501,0,5,-74.83,524,-15.0,-5.0,15.811388300841896,-1,-251.565051177078,-23,11,1,55.49335758659368
1364,234901,411045.0,3397035.0,22,270,6,5,2585.0,9.2,502,0,5,411215,3396725,503,6,14,-104.5,524,170.0,-310.0,353.5533905932738,1,-151.26020470831196,-21,11,1,3.399201967437826
1365,234901,411045.0,3397035.0,22,270,6,5,2585.0,9.2,502,0,5,411235,3396745,503,6,14,-101.75,524,190.0,-290.0,346.69871646719434,1,-146.76828893202065,-21,11,1,3.4662462304870907
1366,234901,411045.0,3397035.0,22,270,6,5,2585.0,9.2,502,0,5,411205,3396735,503,0,14,-100.0,524,160.0,-300.0,340.0,1,-151.92751306414704,-21,11,1,3.5343671387647557
1367,234901,411045.0,3397035.0,22,270,6,5,2585.0,9.2,502,0,5,410895,3397045,505,0,14,-87.27,524,-150.0,10.0,150.33296378372907,3,86.18592516570965,-19,11,1,7.2031999598264
1368,234901,411045.0,3397035.0,22,270,6,5,2585.0,9.2,502,0,5,410915,3397065,505,0,14,-84.13,524,-130.0,30.0,133.41664064126334,3,77.00538320808346,-19,11,1,8.105051104455274
1369,234901,411045.0,3397035.0,22,270,6,5,2585.0,9.2,502,0,5,410925,3397095,505,0,5,-90.5,524,-120.0,60.0,134.16407864998737,3,63.434948822922024,-19,11,1,8.060492312152014
1370,234901,411045.0,3397035.0,22,270,6,5,2585.0,9.2,502,0,5,411020,3396685,506,0,14,-94.5,524,-25.0,-350.0,350.891721190455,4,-184.08561677997488,-18,11,1,2.936577756540046
1371,234901,411045.0,3397035.0,22,270,6,5,2585.0,9.2,502,0,5,411015,3396720,509,6,14,-104.0,524,-30.0,-315.0,316.4253466459348,7,-185.4403320310055,-15,11,1,2.7140486551195933
1372,234901,411045.0,3397035.0,22,270,6,5,2585.0,9.2,502,0,5,411055,3396600,503,0,7,-98.4,524,10.0,-435.0,435.1149273467873,1,-178.68308759420674,-21,11,1,2.763128481967194
1373,234901,411045.0,3397035.0,22,270,6,5,2585.0,9.2,502,0,5,410900,3396725,506,6,14,-104.0,524,-145.0,-310.0,342.23529917295207,4,-205.06746343806049,-18,11,1,3.010719915786737
1374,234901,411045.0,3397035.0,22,270,6,5,2585.0,9.2,502,0,5,410885,3396750,505,6,14,-93.0,524,-160.0,-285.0,326.84093990808435,3,-209.31000707091613,-19,11,1,3.326988389288339
1375,234901,411045.0,3397035.0,22,270,6,5,2585.0,9.2,502,0,5,410950,3396775,504,0,5,-98.0,524,-95.0,-260.0,276.81221071332817,2,-200.07152586453873,-20,11,1,4.13250495408599
1376,234901,411045.0,3397035.0,22,270,6,5,2585.0,9.2,502,0,5,411025,3396690,507,6,14,-93.0,524,-20.0,-345.0,345.5792239125495,5,-183.31778116833485,-17,11,1,2.8162679645891275
1377,234901,411045.0,3397035.0,22,270,6,5,2585.0,9.2,502,0,5,410900,3397255,507,6,14,-101.0,524,-145.0,220.0,263.48624252510797,5,33.38851357611151,-17,11,1,3.6915781927869813
1378,234901,411045.0,3397035.0,22,270,6,5,2585.0,9.2,502,0,5,410975,3397190,504,0,7,-89.33,524,-70.0,155.0,170.07351351694948,2,24.304549265936714,-20,11,1,6.706962938490843
1379,234901,411045.0,3397035.0,22,270,6,5,2585.0,9.2,502,0,5,411005,3397160,503,0,5,-99.5,524,-40.0,125.0,131.24404748406687,1,17.744671625056924,-21,11,1,9.090682322052755
1380,234901,411045.0,3397035.0,22,270,6,5,2585.0,9.2,502,0,5,410985,3397180,504,0,7,-92.0,524,-60.0,145.0,156.92354826475216,2,22.47943439710309,-20,11,1,7.263223157392938
1381,234901,411045.0,3397035.0,22,270,6,5,2585.0,9.2,502,0,5,410920,3397235,506,0,7,-86.33,524,-125.0,200.0,235.8495283014151,4,32.005383208083515,-18,11,1,4.364344574930321
1382,234901,411045.0,3397035.0,22,270,6,5,2585.0,9.2,502,0,5,411060,3397415,504,0,5,-117.67,524,15.0,380.0,380.2959373961284,2,-2.2605019111412616,-20,11,1,3.0104473376811334
1383,234901,411045.0,3397035.0,22,270,6,5,2585.0,9.2,502,0,5,410925,3397240,506,0,7,-91.43,524,-120.0,205.0,237.53947040439405,4,30.343248884239586,-18,11,1,4.333413734974902
1384,234901,411045.0,3397035.0,22,270,6,5,2585.0,9.2,502,0,5,411065,3397420,504,0,6,-112.5,524,20.0,385.0,385.5191305240247,2,-2.9737310824800716,-20,11,1,2.9697339025808405
1385,234901,411045.0,3397035.0,22,270,6,5,2585.0,9.2,502,0,5,410955,3397210,505,0,7,-92.25,524,-90.0,175.0,196.78668654154427,3,27.2161115573075,-19,11,1,5.514884511929218
1386,234901,411045.0,3397035.0,22,270,6,5,2585.0,9.2,502,0,5,410885,3397280,507,0,5,-98.68,524,-160.0,245.0,292.61749776799064,5,33.14699583225598,-17,11,1,3.324936587780891
1387,234901,411045.0,3397035.0,22,270,6,5,2585.0,9.2,502,0,5,411185,3397300,507,0,5,-110.0,524,140.0,265.0,299.7081914129142,5,-27.84757825978818,-17,11,1,3.246443338377155
1388,234901,411045.0,3397035.0,22,270,6,5,2585.0,9.2,502,0,5,410910,3397245,507,6,14,-94.5,524,-135.0,210.0,249.64975465639858,5,32.73522627210758,-17,11,1,3.8955652498533215
1389,234901,411045.0,3397035.0,22,270,6,5,2585.0,9.2,502,0,5,410915,3397250,506,0,5,-90.5,524,-130.0,215.0,251.24689052802225,4,31.15930450834435,-18,11,1,4.097821708532467
1390,234901,411045.0,3397035.0,22,270,6,5,2585.0,9.2,502,0,5,410970,3397185,504,0,7,-91.0,524,-75.0,150.0,167.70509831248424,2,26.565051177077976,-20,11,1,6.8008009563797565
1391,234901,411045.0,3397035.0,22,270,6,5,2585.0,9.2,502,0,5,410980,3397175,504,0,7,-87.5,524,-65.0,140.0,154.35349040433132,2,24.904768808095184,-20,11,1,7.382835751265533
1392,234901,411045.0,3397035.0,22,270,6,5,2585.0,9.2,502,0,5,411160,3397315,506,0,14,-104.5,524,115.0,280.0,302.6962173533062,4,-22.32865637801916,-18,11,1,3.4031180606508573
1393,234901,411045.0,3397035.0,22,270,6,5,2585.0,9.2,502,0,5,410880,3397275,507,0,5,-103.5,524,-165.0,240.0,291.247317584214,5,34.508522987668414,-17,11,1,3.3405434922186816
1394,234901,411045.0,3397035.0,22,270,6,5,2585.0,9.2,502,0,5,410905,3397260,507,6,14,-95.5,524,-140.0,225.0,265.0,5,31.890791801845694,-17,11,1,3.6705486327161427
1395,234901,411045.0,3397035.0,22,270,6,5,2585.0,9.2,502,0,5,410990,3397165,503,0,7,-86.67,524,-55.0,130.0,141.15594213493105,1,22.93210043758978,-21,11,1,8.461921694541726
1396,234901,411045.0,3397035.0,22,270,6,5,2585.0,9.2,502,0,5,410895,3397270,507,6,5,-98.86,524,-150.0,235.0,278.792037189013,5,32.55000349219341,-17,11,1,3.4894243210573146
1397,234901,411045.0,3397035.0,22,270,6,5,2585.0,9.2,502,0,5,411045,3397175,502,0,5,-95.0,524,0.0,140.0,140.0,0,0.0,-22,11,1,8.930590100418996
1398,234901,411045.0,3397035.0,22,270,6,5,2585.0,9.2,502,0,5,411050,3397170,502,0,14,-102.0,524,5.0,135.0,135.09256086106296,0,-2.1210963966614713,-22,11,1,9.249495676964115
1399,234901,411045.0,3397035.0,22,270,6,5,2585.0,9.2,502,0,5,411065,3397195,503,0,7,-102.4,524,20.0,160.0,161.24515496597098,1,-7.125016348901795,-21,11,1,7.420235364524535
1400,234901,411045.0,3397035.0,22,270,6,5,2585.0,9.2,502,0,5,411130,3397250,506,0,6,-105.75,524,85.0,215.0,231.19256043393784,4,-21.57130719125462,-18,11,1,4.451906683702078
1401,234901,411045.0,3397035.0,22,270,6,5,2585.0,9.2,502,0,5,411120,3397260,506,0,5,-105.67,524,75.0,225.0,237.17082451262846,4,-18.434948822922024,-18,11,1,4.340123649491708
1402,234901,411045.0,3397035.0,22,270,6,5,2585.0,9.2,502,0,5,410905,3397355,506,0,6,-102.0,524,-140.0,320.0,349.28498393145964,4,23.629377730656813,-18,11,1,2.9500624283512993
1403,234901,411045.0,3397035.0,22,270,6,5,2585.0,9.2,502,0,5,410895,3397325,506,0,14,-99.5,524,-150.0,290.0,326.49655434629017,4,27.34987578006985,-18,11,1,3.155564891062222
1404,234901,411045.0,3397035.0,22,270,6,5,2585.0,9.2,502,0,5,410910,3397350,506,0,6,-101.25,524,-135.0,315.0,342.70978976387585,4,23.198590513648185,-18,11,1,3.0065591490544454
1405,234901,411045.0,3397035.0,22,270,6,5,2585.0,9.2,502,0,5,411055,3397165,502,0,14,-98.4,524,10.0,130.0,130.38404810405297,0,-4.3987053549955135,-22,11,1,9.57743672409178
1406,234901,411045.0,3397035.0,22,270,6,5,2585.0,9.2,502,0,5,411070,3397190,503,0,7,-102.63,524,25.0,155.0,157.00318468107582,1,-9.16234704572173,-21,11,1,7.618393766639491
1407,234901,411045.0,3397035.0,22,270,6,5,2585.0,9.2,502,0,5,410900,3397360,506,0,6,-97.8,524,-145.0,325.0,355.8791929854849,4,24.04422326936782,-18,11,1,2.895493594003433
1408,234901,411045.0,3397035.0,22,270,6,5,2585.0,9.2,502,0,5,410950,3397310,506,0,5,-98.0,524,-95.0,275.0,290.9467305195231,4,19.05770451012836,-18,11,1,3.5402055789449087
1409,234901,411045.0,3397035.0,22,270,6,5,2585.0,9.2,502,0,5,410955,3397305,506,0,7,-98.5,524,-90.0,270.0,284.60498941515414,4,18.434948822922024,-18,11,1,3.6188832299832416
1410,234901,411045.0,3397035.0,22,270,6,5,2585.0,9.2,502,0,5,410930,3397290,506,0,7,-95.0,524,-115.0,255.0,279.7320146139873,4,24.274441134439485,-18,11,1,3.6817528149183145
1411,234901,411045.0,3397035.0,22,270,6,5,2585.0,9.2,502,0,5,410935,3397285,506,0,7,-96.06,524,-110.0,250.0,273.1300056749533,4,23.749494492866745,-18,11,1,3.770493241140887
1412,234901,411045.0,3397035.0,22,270,6,5,2585.0,9.2,502,0,5,411145,3397275,506,0,5,-104.0,524,100.0,240.0,260.0,4,-22.61986494804043,-18,11,1,3.9603118304583846
1413,234901,411045.0,3397035.0,22,270,6,5,2585.0,9.2,502,0,5,411140,3397280,506,0,5,-103.75,524,95.0,245.0,262.77366686941826,4,-21.194056481542276,-18,11,1,3.918640297195129
1414,234901,411045.0,3397035.0,22,270,6,5,2585.0,9.2,502,0,5,410925,3397295,506,0,5,-97.0,524,-120.0,260.0,286.35642126552705,4,24.775140568831944,-18,11,1,3.5968074633886675
1415,234901,411045.0,3397035.0,22,270,6,5,2585.0,9.2,502,0,5,410890,3397330,507,0,5,-95.25,524,-155.0,295.0,333.24165405903267,5,27.71850162818339,-17,11,1,2.9203570728811066
1416,234901,411045.0,3397035.0,22,270,6,5,2585.0,9.2,502,0,5,410885,3397335,507,9,5,-94.0,524,-160.0,300.0,340.0,5,28.072486935852965,-17,11,1,2.8624052261117474
1417,234901,411045.0,3397035.0,22,270,6,5,2585.0,9.2,502,0,5,410880,3397340,507,9,5,-110.5,524,-165.0,305.0,346.77081768799405,5,28.41266144307258,-17,11,1,2.8066060427790473
1418,234901,411045.0,3397035.0,22,270,6,5,2585.0,9.2,502,0,5,411125,3397255,506,0,6,-107.75,524,80.0,220.0,234.0939982143925,4,-19.98310652189997,-18,11,1,4.396946024569446
1419,234901,411045.0,3397035.0,22,270,6,5,2585.0,9.2,502,0,5,410920,3397300,506,0,5,-99.43,524,-125.0,265.0,293.00170647967224,4,25.253163394573903,-18,11,1,3.515438730911653
1420,234901,411045.0,3397035.0,22,270,6,5,2585.0,9.2,502,0,5,411135,3397245,506,0,5,-103.0,524,90.0,210.0,228.47319317591726,4,-23.198590513648185,-18,11,1,4.5046780082949835
1421,234901,411045.0,3397035.0,22,270,6,5,2585.0,9.2,502,0,5,410885,3397095,504,0,5,-81.33,524,-160.0,60.0,170.88007490635061,2,69.44395478041656,-20,11,1,6.67559216607672
1422,234901,411045.0,3397035.0,22,270,6,5,2585.0,9.2,502,0,5,410920,3397060,505,0,5,-80.0,524,-125.0,25.0,127.47548783981962,3,78.69006752597977,-19,11,1,8.47742758645368
1423,234901,411045.0,3397035.0,22,270,6,5,2585.0,9.2,502,0,5,411200,3396780,503,0,14,-104.0,524,155.0,-255.0,298.41246622753545,1,-148.7069610040798,-21,11,1,4.025405021192177
1424,234901,411045.0,3397035.0,22,270,6,5,2585.0,9.2,502,0,5,410895,3397085,505,0,5,-86.0,524,-150.0,50.0,158.11388300841898,3,71.56505117707798,-19,11,1,6.852180437698146
1425,234901,411045.0,3397035.0,22,270,6,5,2585.0,9.2,502,0,5,410985,3397035,503,0,5,-78.33,524,-60.0,0.0,60.0,1,90.0,-21,11,1,19.290046219188735
1426,234901,411045.0,3397035.0,22,270,6,5,2585.0,9.2,502,0,5,410970,3397010,502,12,14,-85.2,524,-75.0,-25.0,79.05694150420949,0,-251.565051177078,-22,11,1,15.550844571615853
1427,234901,411045.0,3397035.0,22,270,6,5,2585.0,9.2,502,0,5,411205,3396775,503,0,14,-105.33,524,160.0,-260.0,305.28675044947494,1,-148.39249775375112,-21,11,1,3.9350511239967525
1428,234901,411045.0,3397035.0,22,270,6,5,2585.0,9.2,502,0,5,410900,3397120,504,0,14,-81.63,524,-145.0,85.0,168.0773631397161,2,59.620873988631615,-20,11,1,6.785878871778247
1429,234901,411045.0,3397035.0,22,270,6,5,2585.0,9.2,502,0,5,410995,3397025,502,0,5,-79.35,524,-50.0,-10.0,50.99019513592785,0,-258.69006752597977,-22,11,1,23.33804811782931
1430,234901,411045.0,3397035.0,22,270,6,5,2585.0,9.2,502,0,5,410905,3397115,504,0,14,-85.0,524,-140.0,80.0,161.24515496597098,2,60.25511870305775,-20,11,1,7.070555116965825
1431,234901,411045.0,3397035.0,22,270,6,5,2585.0,9.2,502,0,5,410910,3397110,504,0,14,-88.33,524,-135.0,75.0,154.434452114805,2,60.94539590092285,-20,11,1,7.379007992682631
1432,234901,411045.0,3397035.0,22,270,6,5,2585.0,9.2,502,0,5,410960,3397020,503,0,14,-78.85,524,-85.0,-15.0,86.31338250816034,1,-259.9920201985587,-21,11,1,13.674348549287606
1433,234901,411045.0,3397035.0,22,270,6,5,2585.0,9.2,502,0,5,410990,3397030,502,0,5,-78.9,524,-55.0,-5.0,55.226805085936306,0,-264.8055710922652,-22,11,1,21.72022495445403
1434,234901,411045.0,3397035.0,22,270,6,5,2585.0,9.2,502,0,5,410880,3397100,504,0,5,-87.33,524,-165.0,65.0,177.341478509682,2,68.49856567595214,-20,11,1,6.434446086424834
1435,234901,411045.0,3397035.0,22,270,6,5,2585.0,9.2,502,0,5,410890,3397090,504,0,5,-89.33,524,-155.0,55.0,164.46884203398528,2,70.46334506187162,-20,11,1,6.933330261354975
1436,234901,411045.0,3397035.0,22,270,6,5,2585.0,9.2,502,0,5,410965,3397015,503,0,14,-76.73,524,-80.0,-20.0,82.46211251235322,1,-255.96375653207352,-21,11,1,14.28738865060746
1437,234901,411045.0,3397035.0,22,270,6,5,2585.0,9.2,502,0,5,410915,3397105,504,0,14,-87.33,524,-130.0,70.0,147.648230602334,2,61.699244233993625,-20,11,1,7.714166909160776
1438,234901,411045.0,3397035.0,22,270,6,5,2585.0,9.2,502,0,5,410925,3397035,504,0,14,-82.0,524,-120.0,0.0,120.0,2,90.0,-20,11,1,9.462322208025617
1439,234901,411045.0,3397035.0,22,270,6,5,2585.0,9.2,502,0,5,410905,3396975,503,12,5,-89.0,524,-140.0,-60.0,152.31546211727817,1,-246.80140948635182,-21,11,1,7.849980194336061
1440,234901,411045.0,3397035.0,22,270,6,5,2585.0,9.2,502,0,5,410910,3396970,503,12,14,-83.25,524,-135.0,-65.0,149.83324063771698,1,-244.29004621918875,-21,11,1,7.97836614929153
1441,234901,411045.0,3397035.0,22,270,6,5,2585.0,9.2,502,0,5,410890,3396990,504,6,5,-85.25,524,-155.0,-45.0,161.40012391568973,2,-253.81079374297306,-20,11,1,7.063834912032278
1442,234901,411045.0,3397035.0,22,270,6,5,2585.0,9.2,502,0,5,410895,3396985,504,0,5,-96.4,524,-150.0,-50.0,158.11388300841898,2,-251.565051177078,-20,11,1,7.209120586689089
1443,234901,411045.0,3397035.0,22,270,6,5,2585.0,9.2,502,0,5,410950,3397010,503,12,14,-81.75,524,-95.0,-25.0,98.2344135219425,1,-255.25643716352928,-21,11,1,12.066742599256093
1444,234901,411045.0,3397035.0,22,270,6,5,2585.0,9.2,502,0,5,410900,3396980,503,12,5,-93.0,524,-145.0,-55.0,155.08062419270823,1,-249.22774531795417,-21,11,1,7.7117105773331796
1445,234901,411045.0,3397035.0,22,270,6,5,2585.0,9.2,502,0,5,410930,3397030,504,0,14,-81.91,524,-115.0,-5.0,115.10864433221339,2,-267.5104470780009,-20,11,1,9.85667790279831
1446,234901,411045.0,3397035.0,22,270,6,5,2585.0,9.2,502,0,5,410940,3397020,504,0,5,-81.46,524,-105.0,-15.0,106.06601717798213,2,-261.86989764584405,-20,11,1,10.678414922779545
1447,234901,411045.0,3397035.0,22,270,6,5,2585.0,9.2,502,0,5,410935,3397025,504,0,5,-82.06,524,-110.0,-10.0,110.45361017187261,2,-264.8055710922652,-20,11,1,10.26342789199355
1448,234901,411045.0,3397035.0,22,270,6,5,2585.0,9.2,502,0,5,410880,3397000,504,12,14,-83.5,524,-165.0,-35.0,168.67127793433,2,-258.02386755579664,-20,11,1,6.762206511474165
1449,234901,411045.0,3397035.0,22,270,6,5,2585.0,9.2,502,0,5,410915,3396965,503,0,14,-81.71,524,-130.0,-70.0,147.648230602334,1,-241.69924423399362,-21,11,1,8.094882298952445
1450,234901,411045.0,3397035.0,22,270,6,5,2585.0,9.2,502,0,5,410945,3397015,504,0,5,-77.88,524,-100.0,-20.0,101.9803902718557,2,-258.69006752597977,-20,11,1,11.095803283136393
1451,234901,411045.0,3397035.0,22,270,6,5,2585.0,9.2,502,0,5,410955,3397005,503,12,14,-84.33,524,-90.0,-30.0,94.86832980505137,1,-251.565051177078,-21,11,1,12.481691419986054
1452,234901,411045.0,3397035.0,22,270,6,5,2585.0,9.2,502,0,5,410910,3397310,506,0,14,-89.0,524,-135.0,275.0,306.3494736408078,4,26.146841235580894,-18,11,1,3.362629130612903
1453,234901,411045.0,3397035.0,22,270,6,5,2585.0,9.2,502,0,5,411130,3397210,505,0,6,-103.75,524,85.0,175.0,194.5507645834372,3,-25.90650799951436,-19,11,1,5.577868208505196
1454,234901,411045.0,3397035.0,22,270,6,5,2585.0,9.2,502,0,5,410900,3397320,506,0,14,-98.11,524,-145.0,285.0,319.7655391063896,4,26.965714432870186,-18,11,1,3.2218505478438417
1455,234901,411045.0,3397035.0,22,270,6,5,2585.0,9.2,502,0,5,411125,3397215,505,0,6,-104.2,524,80.0,180.0,196.9771560359221,3,-23.96248897457818,-19,11,1,5.509584654798148
1456,234901,411045.0,3397035.0,22,270,6,5,2585.0,9.2,502,0,5,410885,3397295,507,0,5,-97.94,524,-160.0,260.0,305.28675044947494,5,31.60750224624894,-17,11,1,3.1872439426806793
1457,234901,411045.0,3397035.0,22,270,6,5,2585.0,9.2,502,0,5,410880,3397300,507,0,5,-100.48,524,-165.0,265.0,312.1698255757593,5,31.908106935653166,-17,11,1,3.1171081081155947
1458,234901,411045.0,3397035.0,22,270,6,5,2585.0,9.2,502,0,5,410890,3397290,507,0,5,-99.84,524,-155.0,255.0,298.41246622753545,5,31.2930389959202,-17,11,1,3.2605092466576053
1459,234901,411045.0,3397035.0,22,270,6,5,2585.0,9.2,502,0,5,410895,3397285,507,0,5,-97.65,524,-150.0,250.0,291.547594742265,5,30.96375653207349,-17,11,1,3.3371107053581257
1460,234901,411045.0,3397035.0,22,270,6,5,2585.0,9.2,502,0,5,410915,3397305,506,0,5,-101.0,524,-130.0,270.0,299.66648127543397,4,25.709953780811247,-18,11,1,3.4374427193293746
1461,234901,411045.0,3397035.0,22,270,6,5,2585.0,9.2,502,0,5,411135,3397205,505,0,5,-106.33,524,90.0,170.0,192.35384061671346,3,-27.89727103094762,-19,11,1,5.6411659042729845
1462,234901,411045.0,3397035.0,22,270,6,5,2585.0,9.2,502,0,5,410865,3396965,504,0,14,-86.33,524,-180.0,-70.0,193.13207915827965,2,-248.74949449286677,-20,11,1,5.912252062621178
1463,234901,411045.0,3397035.0,22,270,6,5,2585.0,9.2,502,0,5,410875,3396975,504,12,5,-85.0,524,-170.0,-60.0,180.27756377319946,2,-250.55996517182382,-20,11,1,6.330509401162716
1464,234901,411045.0,3397035.0,22,270,6,5,2585.0,9.2,502,0,5,410835,3397015,505,0,14,-82.29,524,-210.0,-20.0,210.95023109728987,3,-264.5596679689945,-19,11,1,5.146665602834838
1465,234901,411045.0,3397035.0,22,270,6,5,2585.0,9.2,502,0,5,410810,3397040,505,0,10,-98.5,524,-235.0,5.0,235.05318547086316,3,88.78112476486871,-19,11,1,4.621328869008858
1466,234901,411045.0,3397035.0,22,270,6,5,2585.0,9.2,502,0,5,410800,3397030,506,0,10,-94.1,524,-245.0,-5.0,245.05101509685693,4,-268.8308606720926,-18,11,1,4.201064724809324
1467,234901,411045.0,3397035.0,22,270,6,5,2585.0,9.2,502,0,5,410825,3397005,505,0,5,-88.43,524,-220.0,-30.0,222.03603311174518,3,-262.23483398157464,-19,11,1,4.890982170612817
1468,234901,411045.0,3397035.0,22,270,6,5,2585.0,9.2,502,0,5,410830,3397020,505,0,5,-86.86,524,-215.0,-15.0,215.52262062252305,3,-266.0090869015702,-19,11,1,5.038045232258712
1469,234901,411045.0,3397035.0,22,270,6,5,2585.0,9.2,502,0,5,410820,3397010,505,0,5,-90.0,524,-225.0,-25.0,226.38462845343543,3,-263.6598082540901,-19,11,1,4.797474647077011
1470,234901,411045.0,3397035.0,22,270,6,5,2585.0,9.2,502,0,5,410805,3397025,505,0,5,-92.33,524,-240.0,-10.0,240.20824298928628,3,-267.6140559696112,-19,11,1,4.522567442171873
1471,234901,411045.0,3397035.0,22,270,6,5,2585.0,9.2,502,0,5,410850,3397000,504,0,14,-87.0,524,-195.0,-35.0,198.11612756158948,2,-259.8244891569568,-20,11,1,5.764530773257338
1472,234901,411045.0,3397035.0,22,270,6,5,2585.0,9.2,502,0,5,410870,3396980,504,0,5,-89.67,524,-175.0,-55.0,183.43936327844142,2,-252.5528115767178,-20,11,1,6.222258702876779
1473,234901,411045.0,3397035.0,22,270,6,5,2585.0,9.2,502,0,5,410885,3397155,503,0,7,-82.0,524,-160.0,120.0,200.0,1,53.13010235415595,-21,11,1,5.99409294910847
1474,234901,411045.0,3397035.0,22,270,6,5,2585.0,9.2,502,0,5,410965,3397235,505,12,7,-98.0,524,-80.0,200.0,215.40659228538016,3,21.801409486351815,-19,11,1,5.040744987837332
1475,234901,411045.0,3397035.0,22,270,6,5,2585.0,9.2,502,0,5,411050,3397310,504,0,7,-107.8,524,5.0,275.0,275.04545078950133,2,-1.0416266760099688,-20,11,1,4.158957332095226
1476,234901,411045.0,3397035.0,22,270,6,5,2585.0,9.2,502,0,5,411045,3397315,504,0,7,-105.33,524,0.0,280.0,280.0,2,0.0,-20,11,1,4.085616779974877
1477,234901,411045.0,3397035.0,22,270,6,5,2585.0,9.2,502,0,5,410960,3397240,505,0,7,-98.0,524,-85.0,205.0,221.92341021172146,3,22.52056560289691,-19,11,1,4.893452223310432
1478,234901,411045.0,3397035.0,22,270,6,5,2585.0,9.2,502,0,5,411060,3397300,504,0,5,-106.38,524,15.0,265.0,265.42418879973997,2,-3.2397002961021144,-20,11,1,4.309155843954867
1479,234901,411045.0,3397035.0,22,270,6,5,2585.0,9.2,502,0,5,410985,3397215,504,12,7,-94.53,524,-60.0,180.0,189.73665961010275,2,18.434948822922024,-20,11,1,6.0172848640320336
1480,234901,411045.0,3397035.0,22,270,6,5,2585.0,9.2,502,0,5,410995,3397205,504,0,7,-95.33,524,-50.0,170.0,177.2004514666935,2,16.38954033403479,-20,11,1,6.43952401689718
1481,234901,411045.0,3397035.0,22,270,6,5,2585.0,9.2,502,0,5,411000,3397280,505,0,5,-103.75,524,-45.0,245.0,249.09837414162303,3,10.40771131249005,-19,11,1,4.361794801570956
1482,234901,411045.0,3397035.0,22,270,6,5,2585.0,9.2,502,0,5,410970,3397230,505,12,7,-100.33,524,-75.0,195.0,208.92582415776178,3,21.03751102542185,-19,11,1,5.196263014383247
1483,234901,411045.0,3397035.0,22,270,6,5,2585.0,9.2,502,0,5,411065,3397295,504,0,5,-107.0,524,20.0,260.0,260.76809620810593,2,-4.3987053549955135,-20,11,1,4.385799530775009
1484,234901,411045.0,3397035.0,22,270,6,5,2585.0,9.2,502,0,5,410925,3397195,505,0,7,-85.6,524,-120.0,160.0,200.0,3,36.86989764584405,-19,11,1,5.42681249857282
1485,234901,411045.0,3397035.0,22,270,6,5,2585.0,9.2,502,0,5,411075,3397285,505,0,5,-103.43,524,30.0,250.0,251.79356624028344,3,-6.842773412630947,-19,11,1,4.3152835661447275
1486,234901,411045.0,3397035.0,22,270,6,5,2585.0,9.2,502,0,5,411010,3397270,504,0,14,-96.0,524,-35.0,235.0,237.59208741033444,2,8.47114463301483,-20,11,1,4.811693989101542
1487,234901,411045.0,3397035.0,22,270,6,5,2585.0,9.2,502,0,5,411055,3397305,504,0,5,-106.5,524,10.0,270.0,270.1851217221259,2,-2.1210963966614713,-20,11,1,4.233502721119429
1488,234901,411045.0,3397035.0,22,270,6,5,2585.0,9.2,502,0,5,410980,3397220,505,12,7,-92.71,524,-65.0,185.0,196.08671551127577,3,19.35899417569476,-19,11,1,5.5344489905043845
1489,234901,411045.0,3397035.0,22,270,6,5,2585.0,9.2,502,0,5,411070,3397290,504,0,5,-109.0,524,25.0,255.0,256.2225595063791,2,-5.599339336520529,-20,11,1,4.463294492367629
1490,234901,411045.0,3397035.0,22,270,6,5,2585.0,9.2,502,0,5,410920,3397200,505,0,7,-89.7,524,-125.0,165.0,207.0024154448445,3,37.14668669802177,-19,11,1,5.244277257424648
1491,234901,411045.0,3397035.0,22,270,6,5,2585.0,9.2,502,0,5,410990,3397210,504,12,7,-93.4,524,-55.0,175.0,183.43936327844142,2,17.447188423282228,-20,11,1,6.222258702876779
1492,234901,411045.0,3397035.0,22,270,6,5,2585.0,9.2,502,0,5,411005,3397275,504,0,14,-101.29,524,-40.0,240.0,243.3105012119288,2,9.462322208025626,-20,11,1,4.69911946436983
1493,234901,411045.0,3397035.0,22,270,6,5,2585.0,9.2,502,0,5,410905,3397135,504,0,5,-81.67,524,-140.0,100.0,172.04650534085255,2,54.462322208025626,-20,11,1,6.630737768078657
1494,234901,411045.0,3397035.0,22,270,6,5,2585.0,9.2,502,0,5,410895,3397145,503,0,5,-78.0,524,-150.0,110.0,186.01075237738274,1,53.74616226255523,-21,11,1,6.441230871253748
1495,234901,411045.0,3397035.0,22,270,6,5,2585.0,9.2,502,0,5,410975,3397225,505,0,7,-94.5,524,-70.0,190.0,202.48456731316588,3,20.224859431168056,-19,11,1,5.360613621403507
1496,234901,411045.0,3397035.0,22,270,6,5,2585.0,9.2,502,0,5,410900,3397140,503,0,5,-81.67,524,-145.0,105.0,179.02513789968157,1,54.09027692082236,-21,11,1,6.690333393289802
1497,234901,411045.0,3397035.0,22,270,6,5,2585.0,9.2,502,0,5,410930,3397190,505,0,7,-79.0,524,-115.0,155.0,193.00259065618783,3,36.57303097851934,-19,11,1,5.622325641656157
1498,234901,411045.0,3397035.0,22,270,6,5,2585.0,9.2,502,0,5,410890,3397150,503,0,5,-76.33,524,-155.0,115.0,193.00259065618783,1,53.42696902148066,-21,11,1,6.209743444463274
1499,234901,411045.0,3397035.0,22,270,6,5,2585.0,9.2,502,0,5,411050,3397065,503,9,5,-85.0,524,5.0,30.0,30.4138126514911,1,-9.462322208025626,-21,11,1,34.624137861473386
1500,234901,411045.0,3397035.0,22,270,6,5,2585.0,9.2,502,0,5,410970,3396825,502,0,14,-98.5,524,-75.0,-210.0,222.9910312097776,0,-199.65382405805332,-22,11,1,5.634491810100202
1501,234901,411045.0,3397035.0,22,270,6,5,2585.0,9.2,502,0,5,411045,3397080,503,0,6,-85.33,524,0.0,45.0,45.0,1,0.0,-21,11,1,25.016893478100023
1502,234901,411045.0,3397035.0,22,270,6,5,2585.0,9.2,502,0,5,410935,3396950,503,0,5,-79.0,524,-110.0,-85.0,139.01438774457844,1,-232.30575953331083,-21,11,1,8.59034952158448
1503,234901,411045.0,3397035.0,22,270,6,5,2585.0,9.2,502,0,5,411040,3397075,503,0,5,-98.5,524,-5.0,40.0,40.311288741492746,1,7.125016348901795,-21,11,1,27.51707508464421
1504,234901,411045.0,3397035.0,22,270,6,5,2585.0,9.2,502,0,5,410925,3396960,503,0,5,-83.0,524,-120.0,-75.0,141.50971698084905,1,-237.9946167919165,-21,11,1,8.441072007879388
1505,234901,411045.0,3397035.0,22,270,6,5,2585.0,9.2,502,0,5,410920,3396955,503,0,5,-83.0,524,-125.0,-80.0,148.4082207965583,1,-237.3807569288072,-21,11,1,8.053974141339717
1506,234901,411045.0,3397035.0,22,270,6,5,2585.0,9.2,502,0,5,410870,3397275,507,0,5,-100.78,524,-175.0,240.0,297.0269348055829,5,36.09828396710799,-17,11,1,3.2756853896956306
1507,234901,411045.0,3397035.0,22,270,6,5,2585.0,9.2,502,0,5,410865,3397270,507,0,5,-95.5,524,-180.0,235.0,296.0152023123137,5,37.4505782317367,-17,11,1,3.286856652041846
1508,234901,411045.0,3397035.0,22,270,6,5,2585.0,9.2,502,0,5,410860,3397265,508,0,5,-97.13,524,-185.0,230.0,295.16944286290885,6,38.811384036758454,-16,11,1,3.1027472304435793
1509,234901,411045.0,3397035.0,22,270,6,5,2585.0,9.2,502,0,5,410875,3397280,507,0,5,-102.48,524,-170.0,245.0,298.2029510249689,5,34.75591255354135,-17,11,1,3.2627951088556943
1510,234901,411045.0,3397035.0,22,270,6,5,2585.0,9.2,502,0,5,410965,3397305,505,0,7,-100.5,524,-80.0,270.0,281.60255680657446,3,16.504361381755018,-19,11,1,3.8599521274855575
1511,234901,411045.0,3397035.0,22,270,6,5,2585.0,9.2,502,0,5,410975,3397315,505,0,7,-102.5,524,-70.0,280.0,288.61739379323626,3,14.03624346792651,-19,11,1,3.766409490877731
1512,234901,411045.0,3397035.0,22,270,6,5,2585.0,9.2,502,0,5,411090,3397280,505,0,7,-102.0,524,45.0,245.0,249.09837414162303,3,-10.40771131249005,-19,11,1,4.361794801570956
1513,234901,411045.0,3397035.0,22,270,6,5,2585.0,9.2,502,0,5,411095,3397275,505,0,7,-99.67,524,50.0,240.0,245.15301344262525,3,-11.768288932020653,-19,11,1,4.431713739328418
1514,234901,411045.0,3397035.0,22,270,6,5,2585.0,9.2,502,0,5,410995,3397295,505,0,5,-105.13,524,-50.0,260.0,264.76404589747455,3,10.885527054658724,-19,11,1,4.10462395042988
1515,234901,411045.0,3397035.0,22,270,6,5,2585.0,9.2,502,0,5,410985,3397285,505,0,5,-101.68,524,-60.0,250.0,257.0992026436488,3,13.495733280795832,-19,11,1,4.226557159013509
1516,234901,411045.0,3397035.0,22,270,6,5,2585.0,9.2,502,0,5,410980,3397290,505,0,14,-100.5,524,-65.0,255.0,263.1539473388153,3,14.300277449185614,-19,11,1,4.129651329455542
1517,234901,411045.0,3397035.0,22,270,6,5,2585.0,9.2,502,0,5,410990,3397300,505,0,5,-104.36,524,-55.0,265.0,270.64737205448716,3,11.72511201516511,-19,11,1,4.01569286911609
1518,234901,411045.0,3397035.0,22,270,6,5,2585.0,9.2,502,0,5,411075,3397215,504,0,5,-108.0,524,30.0,180.0,182.4828759089466,2,-9.462322208025626,-20,11,1,6.254614967760454
1519,234901,411045.0,3397035.0,22,270,6,5,2585.0,9.2,502,0,5,411070,3397455,504,0,6,-116.0,524,25.0,420.0,420.7433897282285,2,-3.4064437549947115,-20,11,1,2.721501264461914
1520,234901,411045.0,3397035.0,22,270,6,5,2585.0,9.2,502,0,5,411060,3397445,504,0,5,-123.0,524,15.0,410.0,410.27429848821873,2,-2.09525256462382,-20,11,1,2.7908381920366336
1521,234901,411045.0,3397035.0,22,270,6,5,2585.0,9.2,502,0,5,410985,3396675,505,6,14,-101.5,524,-60.0,-360.0,364.9657518178932,3,-189.46232220802563,-19,11,1,2.980109609283151
1522,234901,411045.0,3397035.0,22,270,6,5,2585.0,9.2,502,0,5,410910,3396750,505,6,14,-104.5,524,-135.0,-285.0,315.35694062442957,3,-205.34617594194668,-19,11,1,3.447856428493706
1523,234901,411045.0,3397035.0,22,270,6,5,2585.0,9.2,502,0,5,410990,3396670,505,0,14,-100.33,524,-55.0,-365.0,369.120576505835,3,-188.56914187983764,-19,11,1,2.9466249182979767
1524,234901,411045.0,3397035.0,22,270,6,5,2585.0,9.2,502,0,5,411020,3396720,510,6,14,-101.0,524,-25.0,-315.0,315.9905061864992,8,-184.53777250790665,-14,11,1,2.536837854625262
1525,234901,411045.0,3397035.0,22,270,6,5,2585.0,9.2,502,0,5,411015,3396685,506,0,14,-96.0,524,-30.0,-350.0,351.2833614050059,4,-184.89909245378777,-18,11,1,2.9333095337562476
1526,234901,411045.0,3397035.0,22,270,6,5,2585.0,9.2,502,0,5,410945,3396795,503,0,6,-102.0,524,-100.0,-240.0,260.0,1,-202.61986494804043,-21,11,1,4.617711972493939
1527,234901,411045.0,3397035.0,22,270,6,5,2585.0,9.2,502,0,5,411175,3396720,504,6,5,-107.5,524,130.0,-315.0,340.77118422777477,2,-157.57413807864822,-20,11,1,3.3588596374356308
1528,234901,411045.0,3397035.0,22,270,6,5,2585.0,9.2,502,0,5,411165,3396710,504,0,5,-130.5,524,120.0,-325.0,346.44624402640017,2,-159.7343025290525,-20,11,1,3.3039617979159495
1529,234901,411045.0,3397035.0,22,270,6,5,2585.0,9.2,502,0,5,411105,3396770,504,6,5,-103.5,524,60.0,-265.0,271.7075633838705,2,-167.24246783912332,-20,11,1,4.209866928694661
1530,234901,411045.0,3397035.0,22,270,6,5,2585.0,9.2,502,0,5,410955,3396620,504,6,5,-95.5,524,-90.0,-415.0,424.64691215173104,2,-192.23611150941633,-20,11,1,2.696521243604819
1531,234901,411045.0,3397035.0,22,270,6,5,2585.0,9.2,502,0,5,411055,3396760,505,6,6,-100.5,524,10.0,-275.0,275.1817581163403,3,-177.9174347202691,-19,11,1,3.949734320962358
1532,234901,411045.0,3397035.0,22,270,6,5,2585.0,9.2,502,0,5,411190,3396695,504,6,5,-137.5,524,145.0,-340.0,369.6281915655244,2,-156.90317808183917,-20,11,1,3.097164310960822
1533,234901,411045.0,3397035.0,22,270,6,5,2585.0,9.2,502,0,5,411185,3396690,504,6,5,-121.5,524,140.0,-345.0,372.3237838226293,2,-157.91282839677166,-20,11,1,3.074784290353247
1534,234901,411045.0,3397035.0,22,270,6,5,2585.0,9.2,502,0,5,411075,3396740,506,6,14,-108.0,524,30.0,-295.0,296.52150006365474,4,-174.19327309446842,-18,11,1,3.4738122834432463
1535,234901,411045.0,3397035.0,22,270,6,5,2585.0,9.2,502,0,5,411100,3396765,504,6,6,-115.0,524,55.0,-270.0,275.54491466909707,2,-168.486168815513,-20,11,1,4.151445018656038
1536,234901,411045.0,3397035.0,22,270,6,5,2585.0,9.2,502,0,5,411160,3396705,504,0,14,-117.0,524,115.0,-330.0,349.4638751001311,2,-160.78732818281435,-20,11,1,3.2754943781007593
1537,234901,411045.0,3397035.0,22,270,6,5,2585.0,9.2,502,0,5,411110,3396775,504,0,14,-100.0,524,65.0,-260.0,268.00186566514793,2,-165.96375653207355,-20,11,1,4.2678636996043515
1538,234901,411045.0,3397035.0,22,270,6,5,2585.0,9.2,502,0,5,411080,3396785,504,6,14,-97.5,524,35.0,-250.0,252.43811122728675,2,-172.03038960567864,-20,11,1,4.5299299216935305
1539,234901,411045.0,3397035.0,22,270,6,5,2585.0,9.2,502,0,5,411060,3397255,505,0,7,-107.5,524,15.0,220.0,220.51077071199947,3,-3.9004937423818546,-19,11,1,4.924647053139296
1540,234901,411045.0,3397035.0,22,270,6,5,2585.0,9.2,502,0,5,411120,3397195,504,0,5,-107.67,524,75.0,160.0,176.70597047072292,2,-25.114834886144564,-20,11,1,6.457391912788534
1541,234901,411045.0,3397035.0,22,270,6,5,2585.0,9.2,502,0,5,411130,3397185,504,0,6,-105.25,524,85.0,150.0,172.40939649566667,2,-29.538782259558104,-20,11,1,6.61690513491109
1542,234901,411045.0,3397035.0,22,270,6,5,2585.0,9.2,502,0,5,411135,3397190,504,0,5,-113.0,524,90.0,155.0,179.2344832893492,2,-30.14138555207535,-20,11,1,6.367049008473474
1543,234901,411045.0,3397035.0,22,270,6,5,2585.0,9.2,502,0,5,411015,3397310,504,0,7,-101.0,524,-30.0,275.0,276.63152387246106,2,6.225829064425795,-20,11,1,4.135194813282632
1544,234901,411045.0,3397035.0,22,270,6,5,2585.0,9.2,502,0,5,411125,3397200,504,0,6,-108.0,524,80.0,165.0,183.3712082089225,2,-25.866356794094514,-20,11,1,6.22455322985451
1545,234901,411045.0,3397035.0,22,270,6,5,2585.0,9.2,502,0,5,411035,3397290,504,0,14,-108.8,524,-10.0,255.0,255.1960031034969,2,2.245742565895057,-20,11,1,4.481175645624642
1546,234901,411045.0,3397035.0,22,270,6,5,2585.0,9.2,502,0,5,411040,3397275,504,0,14,-105.67,524,-5.0,240.0,240.05207768315609,2,1.1934894239820437,-20,11,1,4.762613005004622
1547,234901,411045.0,3397035.0,22,270,6,5,2585.0,9.2,502,0,5,411115,3397210,504,0,7,-109.0,524,70.0,175.0,188.48076824970764,2,-21.801409486351815,-20,11,1,6.057082351585721
1548,234901,411045.0,3397035.0,22,270,6,5,2585.0,9.2,502,0,5,411030,3397285,504,0,5,-107.0,524,-15.0,250.0,250.44959572736389,2,3.433630362450515,-20,11,1,4.565745111102567
1549,234901,411045.0,3397035.0,22,270,6,5,2585.0,9.2,502,0,5,411045,3397280,504,0,14,-108.5,524,0.0,245.0,245.0,2,0.0,-20,11,1,4.666858371438996
1550,234901,411045.0,3397035.0,22,270,6,5,2585.0,9.2,502,0,5,411025,3397300,504,0,7,-108.17,524,-20.0,265.0,265.75364531836624,2,4.316027519865656,-20,11,1,4.303833840095825
1551,234901,411045.0,3397035.0,22,270,6,5,2585.0,9.2,502,0,5,411020,3397295,504,0,5,-105.23,524,-25.0,260.0,261.1991577321795,2,5.492324557127404,-20,11,1,4.378589740035642
1552,234901,411045.0,3397035.0,22,270,6,5,2585.0,9.2,502,0,5,411010,3397305,504,0,7,-101.33,524,-35.0,270.0,272.2590678012396,2,7.386043151267245,-20,11,1,4.201369734777764
1553,234901,411045.0,3397035.0,22,270,6,5,2585.0,9.2,502,0,5,410825,3397035,505,0,5,-99.0,524,-220.0,0.0,220.0,3,90.0,-19,11,1,4.936024110083987
1554,234901,411045.0,3397035.0,22,270,6,5,2585.0,9.2,502,0,5,410800,3397020,505,0,10,-94.6,524,-245.0,-15.0,245.45875417267155,3,-266.4964683552156,-19,11,1,4.426215594891461
1555,234901,411045.0,3397035.0,22,270,6,5,2585.0,9.2,502,0,5,410810,3397010,505,0,5,-92.83,524,-235.0,-25.0,236.32604596192948,3,-263.9275435927923,-19,11,1,4.5965451746120705
1556,234901,411045.0,3397035.0,22,270,6,5,2585.0,9.2,502,0,5,410870,3396990,504,6,5,-88.5,524,-175.0,-45.0,180.6931099959265,2,-255.57922687248902,-20,11,1,6.3160686996671895
1557,234901,411045.0,3397035.0,22,270,6,5,2585.0,9.2,502,0,5,410815,3397005,505,0,5,-91.5,524,-230.0,-30.0,231.94827009486403,3,-262.5685920288275,-19,11,1,4.682917761640758
1558,234901,411045.0,3397035.0,22,270,6,5,2585.0,9.2,502,0,5,410830,3397030,505,0,5,-85.63,524,-215.0,-5.0,215.05813167606567,3,-268.6677801461303,-19,11,1,5.048870370464536
1559,234901,411045.0,3397035.0,22,270,6,5,2585.0,9.2,502,0,5,410840,3396980,504,0,5,-97.29,524,-205.0,-55.0,212.24985276791125,2,-254.98163936884933,-20,11,1,5.383004947238669
1560,234901,411045.0,3397035.0,22,270,6,5,2585.0,9.2,502,0,5,410805,3397015,505,0,5,-87.33,524,-240.0,-20.0,240.8318915758459,3,-265.2363583092738,-19,11,1,4.51090438080893
1561,234901,411045.0,3397035.0,22,270,6,5,2585.0,9.2,502,0,5,410845,3396975,504,0,5,-90.2,524,-200.0,-60.0,208.806130178211,2,-253.3007557660064,-20,11,1,5.47124945343343
1562,234901,411045.0,3397035.0,22,270,6,5,2585.0,9.2,502,0,5,410835,3397025,505,0,5,-84.7,524,-210.0,-10.0,210.23796041628637,3,-267.2736890060937,-19,11,1,5.164008009612448
1563,234901,411045.0,3397035.0,22,270,6,5,2585.0,9.2,502,0,5,410860,3397000,504,12,14,-87.5,524,-185.0,-35.0,188.2817038376273,2,-259.286876977209,-20,11,1,6.063438635480459
1564,234901,411045.0,3397035.0,22,270,6,5,2585.0,9.2,502,0,5,410905,3397325,506,0,14,-98.67,524,-140.0,290.0,322.02484376209236,4,25.7693276243387,-18,11,1,3.1992933823730243
1565,234901,411045.0,3397035.0,22,270,6,5,2585.0,9.2,502,0,5,410940,3397290,506,0,7,-94.0,524,-105.0,255.0,275.77164466275354,4,22.3801350519596,-18,11,1,3.7344780780498508
1566,234901,411045.0,3397035.0,22,270,6,5,2585.0,9.2,502,0,5,410970,3397440,504,0,5,-118.0,524,-75.0,405.0,411.8859065323794,2,10.491477012331586,-20,11,1,2.7799354930795785
1567,234901,411045.0,3397035.0,22,270,6,5,2585.0,9.2,502,0,5,411055,3397195,503,0,7,-93.5,524,10.0,160.0,160.31219541881399,1,-3.576334374997373,-21,11,1,7.4629330903324895
1568,234901,411045.0,3397035.0,22,270,6,5,2585.0,9.2,502,0,5,410950,3397300,506,0,5,-95.0,524,-95.0,265.0,281.51376520518494,4,19.722277764447085,-18,11,1,3.6585138363761325
1569,234901,411045.0,3397035.0,22,270,6,5,2585.0,9.2,502,0,5,410955,3397295,506,0,5,-95.18,524,-90.0,260.0,275.13632984395207,4,19.09349200048564,-18,11,1,3.7430768414253333
1570,234901,411045.0,3397035.0,22,270,6,5,2585.0,9.2,502,0,5,411125,3397265,506,0,6,-100.5,524,80.0,230.0,243.51591323771842,4,-19.17900802581073,-18,11,1,4.227452138220514
1571,234901,411045.0,3397035.0,22,270,6,5,2585.0,9.2,502,0,5,410945,3397285,506,0,7,-95.05,524,-100.0,250.0,269.2582403567252,4,21.801409486351815,-18,11,1,3.8245508068331335
1572,234901,411045.0,3397035.0,22,270,6,5,2585.0,9.2,502,0,5,411130,3397280,506,0,6,-96.0,524,85.0,245.0,259.3260495977988,4,-19.133643205905486,-18,11,1,3.970571222747236
1573,234901,411045.0,3397035.0,22,270,6,5,2585.0,9.2,502,0,5,411120,3397270,506,0,5,-98.75,524,75.0,235.0,246.6779276708802,4,-17.700427788667184,-18,11,1,4.173455707090691
1574,234901,411045.0,3397035.0,22,270,6,5,2585.0,9.2,502,0,5,411135,3397275,506,0,5,-106.33,524,90.0,240.0,256.3201123595259,4,-20.556045219583467,-18,11,1,4.016983658795792
1575,234901,411045.0,3397035.0,22,270,6,5,2585.0,9.2,502,0,5,411140,3397250,506,0,14,-105.5,524,95.0,215.0,235.05318547086316,4,-23.838740183171723,-18,11,1,4.3790732344953796
1576,234901,411045.0,3397035.0,22,270,6,5,2585.0,9.2,502,0,5,410900,3397330,506,0,5,-96.83,524,-145.0,295.0,328.70959827787203,4,26.17528998175993,-18,11,1,3.1343624906247833
1577,234901,411045.0,3397035.0,22,270,6,5,2585.0,9.2,502,0,5,410910,3397340,506,0,5,-98.33,524,-135.0,305.0,333.54160160315837,4,23.875280853927507,-18,11,1,3.0890436955772023
1578,234901,411045.0,3397035.0,22,270,6,5,2585.0,9.2,502,0,5,410885,3397345,506,9,6,-107.5,524,-160.0,310.0,348.85527085024813,4,27.299572211332816,-18,11,1,2.953689826664387
1579,234901,411045.0,3397035.0,22,270,6,5,2585.0,9.2,502,0,5,410895,3397355,506,0,6,-100.0,524,-150.0,320.0,353.41194094144583,4,25.114834886144536,-18,11,1,2.915672958139338
1580,234901,411045.0,3397035.0,22,270,6,5,2585.0,9.2,502,0,5,410925,3397305,506,0,5,-98.5,524,-120.0,270.0,295.4657340538831,4,23.962488974578207,-18,11,1,3.4861944426277125
1581,234901,411045.0,3397035.0,22,270,6,5,2585.0,9.2,502,0,5,411040,3397190,503,0,7,-93.09,524,-5.0,155.0,155.08062419270823,1,1.8476102659946037,-21,11,1,7.7117105773331796
1582,234901,411045.0,3397035.0,22,270,6,5,2585.0,9.2,502,0,5,411045,3397185,503,0,7,-98.75,524,0.0,150.0,150.0,1,0.0,-21,11,1,7.96961039432136
1583,234901,411045.0,3397035.0,22,270,6,5,2585.0,9.2,502,0,5,410920,3397310,506,0,14,-95.2,524,-125.0,275.0,302.0761493398643,4,24.44395478041656,-18,11,1,3.4100871313380052
1584,234901,411045.0,3397035.0,22,270,6,5,2585.0,9.2,502,0,5,411130,3396795,503,0,14,-107.5,524,85.0,-240.0,254.6075411294803,1,-160.49755149333777,-21,11,1,4.715076359799503
1585,234901,411045.0,3397035.0,22,270,6,5,2585.0,9.2,502,0,5,411190,3396735,503,0,14,-103.5,524,145.0,-300.0,333.2041416309227,1,-154.20397350550007,-21,11,1,3.6062639155190603
1586,234901,411045.0,3397035.0,22,270,6,5,2585.0,9.2,502,0,5,411195,3396740,503,6,14,-119.0,524,150.0,-295.0,330.94561486745823,1,-153.04782106877107,-21,11,1,3.6308091259345634
1587,234901,411045.0,3397035.0,22,270,6,5,2585.0,9.2,502,0,5,411370,3397035,502,0,5,-105.33,524,325.0,0.0,325.0,0,-90.0,-22,11,1,3.8725757119732624
1588,234901,411045.0,3397035.0,22,270,6,5,2585.0,9.2,502,0,5,410990,3396615,503,6,5,-105.0,524,-55.0,-420.0,423.5858826731599,1,-187.46056612616835,-21,11,1,2.8382132137106386
1589,234901,411045.0,3397035.0,22,270,6,5,2585.0,9.2,502,0,5,411180,3396725,503,6,14,-108.0,524,135.0,-310.0,338.11980125393427,1,-156.46765143909897,-21,11,1,3.553970626276261
1590,234901,411045.0,3397035.0,22,270,6,5,2585.0,9.2,502,0,5,411365,3397030,502,0,5,-102.0,524,320.0,-5.0,320.0390601161052,0,-90.89517371021108,-22,11,1,3.932417776305347
1591,234901,411045.0,3397035.0,22,270,6,5,2585.0,9.2,502,0,5,411150,3396775,503,0,14,-105.0,524,105.0,-260.0,280.40149785619906,1,-158.00887008282285,-21,11,1,4.283034698525926
1592,234901,411045.0,3397035.0,22,270,6,5,2585.0,9.2,502,0,5,411185,3396730,503,6,14,-109.4,524,140.0,-305.0,335.5964838909967,1,-155.3441012559184,-21,11,1,3.5806233245122234
1593,234901,411045.0,3397035.0,22,270,6,5,2585.0,9.2,502,0,5,411140,3396765,504,6,6,-102.5,524,95.0,-270.0,286.2254356272342,2,-160.61548432064217,-20,11,1,3.997045367743929
1594,234901,411045.0,3397035.0,22,270,6,5,2585.0,9.2,502,0,5,411160,3396745,504,6,14,-100.5,524,115.0,-290.0,311.96954979612997,2,-158.36911316348207,-20,11,1,3.6681450774991715
1595,234901,411045.0,3397035.0,22,270,6,5,2585.0,9.2,502,0,5,411170,3396755,503,0,6,-104.67,524,125.0,-280.0,306.6349621292393,1,-155.9426505499883,-21,11,1,3.917803501651601
1596,234901,411045.0,3397035.0,22,270,6,5,2585.0,9.2,502,0,5,411055,3397160,502,0,14,-100.0,524,10.0,125.0,125.39936203984452,0,-4.573921259900885,-22,11,1,9.950676299239657
1597,234901,411045.0,3397035.0,22,270,6,5,2585.0,9.2,502,0,5,411115,3397180,503,0,5,-107.0,524,70.0,145.0,161.01242188104618,1,-25.7693276243387,-21,11,1,7.4308410561159155
1598,234901,411045.0,3397035.0,22,270,6,5,2585.0,9.2,502,0,5,410905,3397290,507,0,5,-92.19,524,-140.0,255.0,290.90376415577714,5,28.767649338843796,-17,11,1,3.344479678929566
1599,234901,411045.0,3397035.0,22,270,6,5,2585.0,9.2,502,0,5,410915,3397300,506,0,5,-96.0,524,-130.0,265.0,295.16944286290885,4,26.131000544938615,-18,11,1,3.4896852422180897
1600,234901,411045.0,3397035.0,22,270,6,5,2585.0,9.2,502,0,5,410910,3397295,506,0,14,-96.69,524,-135.0,260.0,292.95904150580503,4,27.439727948199334,-18,11,1,3.51594941623288
1601,234901,411045.0,3397035.0,22,270,6,5,2585.0,9.2,502,0,5,410890,3397315,507,0,14,-96.89,524,-155.0,280.0,320.0390601161052,5,28.96766064606402,-17,11,1,3.040609170211352
1602,234901,411045.0,3397035.0,22,270,6,5,2585.0,9.2,502,0,5,410895,3397320,507,0,14,-97.29,524,-150.0,285.0,322.0636583037583,5,27.75854060106002,-17,11,1,3.0215304303973864
1603,234901,411045.0,3397035.0,22,270,6,5,2585.0,9.2,502,0,5,411125,3397230,506,0,6,-105.67,524,80.0,195.0,210.77238908357992,4,-22.30620505490765,-18,11,1,4.881226312088442
1604,234901,411045.0,3397035.0,22,270,6,5,2585.0,9.2,502,0,5,410900,3397285,507,0,14,-95.81,524,-145.0,250.0,289.0069203323685,5,30.113733150982455,-17,11,1,3.366380238201431
1605,234901,411045.0,3397035.0,22,270,6,5,2585.0,9.2,502,0,5,410885,3397310,507,0,14,-96.25,524,-160.0,275.0,318.15876539866065,5,30.191622960957602,-17,11,1,3.0585449265477904
1606,234901,411045.0,3397035.0,22,270,6,5,2585.0,9.2,502,0,5,411135,3397240,506,0,5,-104.2,524,90.0,205.0,223.8861317723811,4,-23.70264595096623,-18,11,1,4.596579952719925
1607,234901,411045.0,3397035.0,22,270,6,5,2585.0,9.2,502,0,5,410880,3397305,507,0,5,-99.44,524,-165.0,270.0,316.4253466459348,5,31.42956561483851,-17,11,1,3.0752679556815212
1608,234901,411045.0,3397035.0,22,270,6,5,2585.0,9.2,502,0,5,411120,3397225,505,0,5,-102.67,524,75.0,190.0,204.26698215815497,3,-21.540975918538436,-19,11,1,5.314106363816753
1609,234901,411045.0,3397035.0,22,270,6,5,2585.0,9.2,502,0,5,410685,3397005,506,6,14,-100.67,524,-360.0,-30.0,361.24783736376884,4,-265.2363583092738,-18,11,1,2.8525341449704427
1610,234901,411045.0,3397035.0,22,270,6,5,2585.0,9.2,502,0,5,410775,3396935,504,0,5,-118.4,524,-270.0,-100.0,287.92360097775935,2,-249.67686317033704,-20,11,1,3.9735466456512007
1611,234901,411045.0,3397035.0,22,270,6,5,2585.0,9.2,502,0,5,410770,3396940,504,0,5,-114.67,524,-275.0,-95.0,290.9467305195231,2,-250.9422954898717,-20,11,1,3.9323890721033807
1612,234901,411045.0,3397035.0,22,270,6,5,2585.0,9.2,502,0,5,410785,3396945,504,69,10,-108.0,524,-260.0,-90.0,275.13632984395207,2,-250.9065079995144,-20,11,1,4.1575884233741425
1613,234901,411045.0,3397035.0,22,270,6,5,2585.0,9.2,502,0,5,410700,3397030,506,0,14,-92.6,524,-345.0,-5.0,345.03622998172233,4,-269.169684513742,-18,11,1,2.9863239510863644
1614,234901,411045.0,3397035.0,22,270,6,5,2585.0,9.2,502,0,5,410760,3396930,504,0,6,-107.33,524,-285.0,-105.0,303.7268509697488,2,-249.77514056883192,-20,11,1,3.7674102097968083
1615,234901,411045.0,3397035.0,22,270,6,5,2585.0,9.2,502,0,5,410695,3397015,506,0,5,-92.67,524,-350.0,-20.0,350.5709628591621,4,-266.72951207681643,-18,11,1,2.9392598977798006
1616,234901,411045.0,3397035.0,22,270,6,5,2585.0,9.2,502,0,5,410780,3396950,504,69,10,-117.33,524,-265.0,-85.0,278.29840100151495,2,-252.21611155730747,-20,11,1,4.110512084659818
1617,234901,411045.0,3397035.0,22,270,6,5,2585.0,9.2,502,0,5,410705,3397025,506,0,5,-91.86,524,-340.0,-10.0,340.14702703389895,4,-268.3153156821037,-18,11,1,3.0291693758465685
1618,234901,411045.0,3397035.0,22,270,6,5,2585.0,9.2,502,0,5,410680,3397010,506,0,5,-86.0,524,-365.0,-25.0,365.8551625985343,4,-266.0817511359326,-18,11,1,2.816669532627769
1619,234901,411045.0,3397035.0,22,270,6,5,2585.0,9.2,502,0,5,410690,3397020,506,0,5,-90.0,524,-355.0,-15.0,355.31676008879737,4,-267.58049078334363,-18,11,1,2.9000690691383983
1620,234901,411045.0,3397035.0,22,270,6,5,2585.0,9.2,502,0,5,410890,3397080,505,0,6,-86.75,524,-155.0,45.0,161.40012391568973,3,73.81079374297303,-19,11,1,6.713951031469632
1621,234901,411045.0,3397035.0,22,270,6,5,2585.0,9.2,502,0,5,411205,3396745,503,6,14,-99.5,524,160.0,-290.0,331.2099032335839,1,-151.1134182330893,-21,11,1,3.6279196688281212
1622,234901,411045.0,3397035.0,22,270,6,5,2585.0,9.2,502,0,5,411035,3397015,501,0,5,-74.33,524,-10.0,-20.0,22.360679774997898,-1,-206.56505117707798,-23,11,1,45.80748184641965
1623,234901,411045.0,3397035.0,22,270,6,5,2585.0,9.2,502,0,5,411215,3396755,503,6,6,-105.0,524,170.0,-280.0,327.566787083184,1,-148.7362683056226,-21,11,1,3.6681589275694884
1624,234901,411045.0,3397035.0,22,270,6,5,2585.0,9.2,502,0,5,411235,3396735,503,6,5,-101.0,524,190.0,-300.0,355.10561809129405,1,-147.65255650055798,-21,11,1,3.3843780864397623
1625,234901,411045.0,3397035.0,22,270,6,5,2585.0,9.2,502,0,5,411330,3396720,503,0,5,-105.0,524,285.0,-315.0,424.7940677551889,1,-137.86240522611175,-21,11,1,2.8301540054349266
1626,234901,411045.0,3397035.0,22,270,6,5,2585.0,9.2,502,0,5,410925,3397105,504,0,5,-95.0,524,-120.0,70.0,138.92443989449805,2,59.74356283647069,-20,11,1,8.19219487435178
1627,234901,411045.0,3397035.0,22,270,6,5,2585.0,9.2,502,0,5,411005,3397025,502,0,6,-78.89,524,-40.0,-10.0,41.23105625617661,0,-255.96375653207352,-22,11,1,28.083416508868634
1628,234901,411045.0,3397035.0,22,270,6,5,2585.0,9.2,502,0,5,410895,3397075,505,0,6,-88.0,524,-150.0,40.0,155.24174696260025,3,75.06858282186249,-19,11,1,6.977714417500189
1629,234901,411045.0,3397035.0,22,270,6,5,2585.0,9.2,502,0,5,410880,3397070,505,5,5,-83.71,524,-165.0,35.0,168.67127793433,3,78.02386755579664,-19,11,1,6.426998669346733
1630,234901,411045.0,3397035.0,22,270,6,5,2585.0,9.2,502,0,5,410915,3397055,505,5,5,-80.0,524,-130.0,20.0,131.52946437965906,3,81.25383773744477,-19,11,1,8.219763794455261
1631,234901,411045.0,3397035.0,22,270,6,5,2585.0,9.2,502,0,5,410885,3397065,505,5,14,-84.38,524,-160.0,30.0,162.78820596099706,3,79.38034472384487,-19,11,1,6.657217746604968
1632,234901,411045.0,3397035.0,22,270,6,5,2585.0,9.2,502,0,5,411015,3397035,502,0,5,-78.43,524,-30.0,0.0,30.0,0,90.0,-22,11,1,36.25383773744479
1633,234901,411045.0,3397035.0,22,270,6,5,2585.0,9.2,502,0,5,410900,3397050,505,0,14,-87.71,524,-145.0,15.0,145.7737973711325,3,84.0938588862295,-19,11,1,7.426007529510353
1634,234901,411045.0,3397035.0,22,270,6,5,2585.0,9.2,502,0,5,411030,3397020,501,0,5,-74.94,524,-15.0,-15.0,21.213203435596427,-1,-225.0,-23,11,1,47.31424584210774
1635,234901,411045.0,3397035.0,22,270,6,5,2585.0,9.2,502,0,5,411000,3397030,502,0,5,-83.0,524,-45.0,-5.0,45.27692569068709,0,-263.6598082540901,-22,11,1,25.91505730061508
1636,234901,411045.0,3397035.0,22,270,6,5,2585.0,9.2,502,0,5,411200,3396750,503,0,14,-103.75,524,155.0,-285.0,324.4225639501667,1,-151.46001481204004,-21,11,1,3.7036113413002085
1637,234901,411045.0,3397035.0,22,270,6,5,2585.0,9.2,502,0,5,411230,3396740,503,6,14,-108.5,524,185.0,-295.0,348.209706929603,1,-147.90740867126584,-21,11,1,3.4512415427778955
1638,234901,411045.0,3397035.0,22,270,6,5,2585.0,9.2,502,0,5,410910,3397060,505,5,14,-89.31,524,-135.0,25.0,137.2953021774598,3,79.50852298766841,-19,11,1,7.878995968682917
1639,234901,411045.0,3397035.0,22,270,6,5,2585.0,9.2,502,0,5,411020,3397010,501,0,5,-72.0,524,-25.0,-25.0,35.35533905932738,-1,-225.0,-23,11,1,33.0455415249917
1640,234901,411045.0,3397035.0,22,270,6,5,2585.0,9.2,502,0,5,410905,3397045,505,5,5,-82.29,524,-140.0,10.0,140.356688476182,3,85.91438322002512,-19,11,1,7.709232700266042
1641,234901,411045.0,3397035.0,22,270,6,5,2585.0,9.2,502,0,5,410940,3397220,505,0,7,-102.5,524,-105.0,185.0,212.72047386182646,3,29.57783868126137,-19,11,1,5.104062637456093
1642,234901,411045.0,3397035.0,22,270,6,5,2585.0,9.2,502,0,5,411020,3397140,502,0,5,-95.0,524,-25.0,105.0,107.93516572461452,0,13.392497753751115,-22,11,1,11.520562432441352
1643,234901,411045.0,3397035.0,22,270,6,5,2585.0,9.2,502,0,5,410900,3397260,507,6,14,-101.5,524,-145.0,225.0,267.67517628648346,5,32.79953127261922,-17,11,1,3.6339635437523197
1644,234901,411045.0,3397035.0,22,270,6,5,2585.0,9.2,502,0,5,410955,3397205,505,0,7,-86.08,524,-90.0,170.0,192.35384061671346,3,27.89727103094765,-19,11,1,5.6411659042729845
1645,234901,411045.0,3397035.0,22,270,6,5,2585.0,9.2,502,0,5,410960,3397200,505,0,7,-88.0,524,-85.0,165.0,185.60711193270586,3,27.255328374943076,-19,11,1,5.844824571737359
1646,234901,411045.0,3397035.0,22,270,6,5,2585.0,9.2,502,0,5,410880,3397280,507,0,5,-101.0,524,-165.0,245.0,295.3811097548386,5,33.95905981967627,-17,11,1,3.2938970044718223
1647,234901,411045.0,3397035.0,22,270,6,5,2585.0,9.2,502,0,5,411060,3397420,504,0,5,-113.0,524,15.0,385.0,385.2920969861697,2,-2.2311746080312105,-20,11,1,2.9714806843884976
1648,234901,411045.0,3397035.0,22,270,6,5,2585.0,9.2,502,0,5,410925,3397235,506,0,7,-92.75,524,-120.0,200.0,233.23807579381202,4,30.96375653207349,-18,11,1,4.413018037264607
1649,234901,411045.0,3397035.0,22,270,6,5,2585.0,9.2,502,0,5,410915,3397245,506,0,5,-85.8,524,-130.0,210.0,246.9817807045694,4,31.75948008481282,-18,11,1,4.1683393595427765
1650,234901,411045.0,3397035.0,22,270,6,5,2585.0,9.2,502,0,5,411065,3397415,504,0,6,-111.88,524,20.0,380.0,380.52595180880894,2,-3.0127875041833363,-20,11,1,3.0086309734848298
1651,234901,411045.0,3397035.0,22,270,6,5,2585.0,9.2,502,0,5,410885,3397275,507,0,5,-103.0,524,-160.0,240.0,288.44410203711914,5,33.69006752597977,-17,11,1,3.3729336407789217
1652,234901,411045.0,3397035.0,22,270,6,5,2585.0,9.2,502,0,5,410920,3397240,506,0,5,-91.83,524,-125.0,205.0,240.10414407085938,4,31.373005140108432,-18,11,1,4.287299866412388
1653,234901,411045.0,3397035.0,22,270,6,5,2585.0,9.2,502,0,5,410965,3397195,504,0,7,-82.5,524,-80.0,160.0,178.88543819998318,2,26.565051177077976,-20,11,1,6.379370208442803
1654,234901,411045.0,3397035.0,22,270,6,5,2585.0,9.2,502,0,5,410980,3397180,504,0,7,-89.0,524,-65.0,145.0,158.90248582070703,2,24.145541960421667,-20,11,1,7.173716741406465
1655,234901,411045.0,3397035.0,22,270,6,5,2585.0,9.2,502,0,5,410890,3397270,507,6,5,-99.5,524,-155.0,235.0,281.51376520518494,5,33.40782458970892,-17,11,1,3.455770067207204
1656,234901,411045.0,3397035.0,22,270,6,5,2585.0,9.2,502,0,5,411070,3397410,505,0,5,-113.67,524,25.0,375.0,375.8324094593227,3,-3.814074834290352,-19,11,1,2.894092656095117
1657,234901,411045.0,3397035.0,22,270,6,5,2585.0,9.2,502,0,5,410905,3397255,507,0,14,-89.6,524,-140.0,220.0,260.76809620810593,5,32.47119229084848,-17,11,1,3.729949716011716
1658,234901,411045.0,3397035.0,22,270,6,5,2585.0,9.2,502,0,5,410995,3397165,503,0,7,-88.0,524,-50.0,130.0,139.2838827718412,1,21.03751102542185,-21,11,1,8.573975644912657
1659,234901,411045.0,3397035.0,22,270,6,5,2585.0,9.2,502,0,5,410970,3397190,504,0,7,-87.5,524,-75.0,155.0,172.19175357722565,2,25.82099197418927,-20,11,1,6.62519431174314
1660,234901,411045.0,3397035.0,22,270,6,5,2585.0,9.2,502,0,5,411010,3397150,502,0,5,-88.0,524,-35.0,115.0,120.20815280171308,0,16.927513064147035,-22,11,1,10.371259152399912
1661,234901,411045.0,3397035.0,22,270,6,5,2585.0,9.2,502,0,5,410860,3397065,505,5,14,-87.33,524,-185.0,30.0,187.41664813991312,3,80.78897345918335,-19,11,1,5.78877699938632
1662,234901,411045.0,3397035.0,22,270,6,5,2585.0,9.2,502,0,5,410815,3397100,505,0,14,-87.67,524,-230.0,65.0,239.0083680543424,3,74.21924669048462,-19,11,1,4.545176836308843
1663,234901,411045.0,3397035.0,22,270,6,5,2585.0,9.2,502,0,5,410850,3397055,505,0,5,-91.5,524,-195.0,20.0,196.02295783912658,3,84.14398641457103,-19,11,1,5.53623792225696
1664,234901,411045.0,3397035.0,22,270,6,5,2585.0,9.2,502,0,5,410805,3397090,505,12,5,-86.25,524,-240.0,55.0,246.22144504490262,3,77.09259132873416,-19,11,1,4.412559265390066
1665,234901,411045.0,3397035.0,22,270,6,5,2585.0,9.2,502,0,5,410795,3397000,505,69,10,-90.67,524,-250.0,-35.0,252.43811122728675,3,-262.03038960567864,-19,11,1,4.304306903207795
1666,234901,411045.0,3397035.0,22,270,6,5,2585.0,9.2,502,0,5,410840,3397045,505,0,10,-87.0,524,-205.0,10.0,205.24375751773792,3,87.2072976342867,-19,11,1,5.288959768374366
1667,234901,411045.0,3397035.0,22,270,6,5,2585.0,9.2,502,0,5,410730,3397015,506,0,14,-98.69,524,-315.0,-20.0,315.6342820417326,4,-266.3670492605118,-18,11,1,3.2639299463763263
1668,234901,411045.0,3397035.0,22,270,6,5,2585.0,9.2,502,0,5,410870,3397075,505,0,6,-87.0,524,-175.0,40.0,179.51323071016242,3,77.12499844038751,-19,11,1,6.041793307583032
1669,234901,411045.0,3397035.0,22,270,6,5,2585.0,9.2,502,0,5,410760,3396965,505,0,6,-109.5,524,-285.0,-70.0,293.47061181658376,3,-256.20051460398065,-19,11,1,3.704298037903988
1670,234901,411045.0,3397035.0,22,270,6,5,2585.0,9.2,502,0,5,410740,3397025,506,0,5,-93.11,524,-305.0,-10.0,305.16389039334257,4,-268.12212255271464,-18,11,1,3.375663029797156
1671,234901,411045.0,3397035.0,22,270,6,5,2585.0,9.2,502,0,5,410735,3397020,506,0,14,-97.47,524,-310.0,-15.0,310.3626910567699,4,-267.2297842027998,-18,11,1,3.3192457215123508
1672,234901,411045.0,3397035.0,22,270,6,5,2585.0,9.2,502,0,5,410725,3397010,506,12,5,-95.5,524,-320.0,-25.0,320.97507691408066,4,-265.5328409386107,-18,11,1,3.209735007068167
1673,234901,411045.0,3397035.0,22,270,6,5,2585.0,9.2,502,0,5,410720,3397005,506,0,5,-81.67,524,-325.0,-30.0,326.3816784073518,4,-264.7261040426482,-18,11,1,3.156673303478539
1674,234901,411045.0,3397035.0,22,270,6,5,2585.0,9.2,502,0,5,410745,3397030,506,0,14,-94.5,524,-300.0,-5.0,300.04166377354994,4,-269.0451587461278,-18,11,1,3.433154709184059
1675,234901,411045.0,3397035.0,22,270,6,5,2585.0,9.2,502,0,5,410810,3397095,505,0,5,-90.0,524,-235.0,60.0,242.53865671269807,3,75.67728002179649,-19,11,1,4.479290401749955
1676,234901,411045.0,3397035.0,22,270,6,5,2585.0,9.2,502,0,5,410750,3397035,506,0,14,-90.0,524,-295.0,0.0,295.0,4,90.0,-18,11,1,3.4916846990204715
1677,234901,411045.0,3397035.0,22,270,6,5,2585.0,9.2,502,0,5,410865,3397070,505,5,5,-90.0,524,-180.0,35.0,183.3712082089225,3,78.9964591482505,-19,11,1,5.915590004490475
1678,234901,411045.0,3397035.0,22,270,6,5,2585.0,9.2,502,0,5,410855,3397060,505,5,14,-87.5,524,-190.0,25.0,191.637678967368,3,82.50414236027018,-19,11,1,5.66211055202435
1679,234901,411045.0,3397035.0,22,270,6,5,2585.0,9.2,502,0,5,410845,3397050,505,0,5,-85.33,524,-200.0,15.0,200.5617112013158,3,85.710846671181,-19,11,1,5.4117040372090734
1680,234901,411045.0,3397035.0,22,270,6,5,2585.0,9.2,502,0,5,410875,3397080,505,0,6,-84.71,524,-170.0,45.0,175.85505395068975,3,75.17352002964435,-19,11,1,6.166517504315724
1681,234901,411045.0,3397035.0,22,270,6,5,2585.0,9.2,502,0,5,410845,3397170,503,0,5,-78.0,524,-200.0,135.0,241.29857024027308,1,55.98065001017358,-21,11,1,4.973868535457039
1682,234901,411045.0,3397035.0,22,270,6,5,2585.0,9.2,502,0,5,410855,3397180,504,0,7,-86.0,524,-190.0,145.0,239.0083680543424,2,52.650650955359424,-20,11,1,4.783314248770298
1683,234901,411045.0,3397035.0,22,270,6,5,2585.0,9.2,502,0,5,410850,3397175,504,0,7,-82.0,524,-195.0,140.0,240.05207768315609,2,54.32359177813805,-20,11,1,4.762613005004622
1684,234901,411045.0,3397035.0,22,270,6,5,2585.0,9.2,502,0,5,410795,3397280,506,0,14,-101.0,524,-250.0,245.0,350.03571246374275,4,45.57872556560778,-18,11,1,2.9437465114032992
1685,234901,411045.0,3397035.0,22,270,6,5,2585.0,9.2,502,0,5,410860,3397185,504,0,7,-87.5,524,-185.0,150.0,238.17010727629108,2,50.9644871012531,-20,11,1,4.800071020758446
1686,234901,411045.0,3397035.0,22,270,6,5,2585.0,9.2,502,0,5,410865,3397190,505,9,7,-93.5,524,-180.0,155.0,237.53947040439405,3,49.26789330029084,-19,11,1,4.573164464921438
1687,234901,411045.0,3397035.0,22,270,6,5,2585.0,9.2,502,0,5,410845,3396940,503,6,5,-105.5,524,-200.0,-95.0,221.41589825484527,1,-244.59228189105156,-21,11,1,5.417962006051842
1688,234901,411045.0,3397035.0,22,270,6,5,2585.0,9.2,502,0,5,410630,3397025,506,0,5,-93.5,524,-415.0,-10.0,415.12046444375636,4,-268.61964592655556,-18,11,1,2.4828417132987917
1689,234901,411045.0,3397035.0,22,270,6,5,2585.0,9.2,502,0,5,410840,3396935,503,6,14,-107.0,524,-205.0,-100.0,228.08989455914087,1,-243.99665415548856,-21,11,1,5.2603330269620905
1690,234901,411045.0,3397035.0,22,270,6,5,2585.0,9.2,502,0,5,410860,3396955,503,0,5,-88.5,524,-185.0,-80.0,201.55644370746373,1,-246.61477894278624,-21,11,1,5.9481389567928575
1691,234901,411045.0,3397035.0,22,270,6,5,2585.0,9.2,502,0,5,411160,3396760,503,6,6,-107.0,524,115.0,-275.0,298.0771712157776,1,-157.30620505490765,-21,11,1,4.029918126798214
1692,234901,411045.0,3397035.0,22,270,6,5,2585.0,9.2,502,0,5,411190,3396730,503,6,14,-104.5,524,145.0,-305.0,337.71289581536564,1,-154.57312583041022,-21,11,1,3.558241759570269
1693,234901,411045.0,3397035.0,22,270,6,5,2585.0,9.2,502,0,5,411380,3397020,502,0,5,-99.0,524,335.0,-15.0,335.3356527421443,0,-92.563770211465,-22,11,1,3.753562529437911
1694,234901,411045.0,3397035.0,22,270,6,5,2585.0,9.2,502,0,5,411120,3396800,503,6,14,-103.5,524,75.0,-235.0,246.6779276708802,1,-162.29957221133282,-21,11,1,4.8659288884759215
1695,234901,411045.0,3397035.0,22,270,6,5,2585.0,9.2,502,0,5,410970,3396630,503,6,5,-97.5,524,-75.0,-405.0,411.8859065323794,1,-190.4914770123316,-21,11,1,2.918697637758104
1696,234901,411045.0,3397035.0,22,270,6,5,2585.0,9.2,502,0,5,411185,3396735,503,0,14,-103.67,524,140.0,-300.0,331.058907144937,1,-154.98310652189997,-21,11,1,3.6295699420513103
1697,234901,411045.0,3397035.0,22,270,6,5,2585.0,9.2,502,0,5,411195,3396725,503,6,14,-111.33,524,150.0,-310.0,344.3835071544513,1,-154.17900802581073,-21,11,1,3.4894915998974505
1698,234901,411045.0,3397035.0,22,270,6,5,2585.0,9.2,502,0,5,411145,3396775,503,0,14,-106.5,524,100.0,-260.0,278.5677655436824,1,-158.9624889745782,-21,11,1,4.311122748261087
1699,234901,411045.0,3397035.0,22,270,6,5,2585.0,9.2,502,0,5,411135,3396785,503,6,14,-109.5,524,90.0,-250.0,265.70660511172844,1,-160.2011236454751,-21,11,1,4.518952198747895
1700,234901,411045.0,3397035.0,22,270,6,5,2585.0,9.2,502,0,5,411155,3396765,503,6,6,-107.0,524,110.0,-270.0,291.547594742265,1,-157.83365417791754,-21,11,1,4.119865837297489
1701,234901,411045.0,3397035.0,22,270,6,5,2585.0,9.2,502,0,5,411165,3396755,503,0,6,-107.6,524,120.0,-280.0,304.63092423455635,1,-156.80140948635182,-21,11,1,3.9434960183020427
1702,234901,411045.0,3397035.0,22,270,6,5,2585.0,9.2,502,0,5,411170,3396750,503,0,14,-105.33,524,125.0,-285.0,311.20732639190874,1,-156.31791227546154,-21,11,1,3.8604171355485404
1703,234901,411045.0,3397035.0,22,270,6,5,2585.0,9.2,502,0,5,411175,3396745,503,6,14,-112.5,524,130.0,-290.0,317.80497164141406,1,-155.85445803957833,-21,11,1,3.7805095637798027
1704,234901,411045.0,3397035.0,22,270,6,5,2585.0,9.2,502,0,5,410995,3396780,504,0,14,-98.67,524,-50.0,-255.0,259.8557292037257,2,-191.09372301155787,-20,11,1,4.401137905003059
1705,234901,411045.0,3397035.0,22,270,6,5,2585.0,9.2,502,0,5,411020,3396725,509,6,14,-94.5,524,-25.0,-310.0,311.0064308016797,7,-184.61064931866062,-15,11,1,2.761265150860469
1706,234901,411045.0,3397035.0,22,270,6,5,2585.0,9.2,502,0,5,410980,3396765,505,6,6,-95.33,524,-65.0,-270.0,277.71388153997634,3,-193.53585636913425,-19,11,1,3.913834098899648
1707,234901,411045.0,3397035.0,22,270,6,5,2585.0,9.2,502,0,5,411025,3396730,509,6,14,-98.5,524,-20.0,-305.0,305.6550343115585,7,-183.75172907052598,-15,11,1,2.8095324807585134
1708,234901,411045.0,3397035.0,22,270,6,5,2585.0,9.2,502,0,5,410975,3396800,502,0,14,-99.5,524,-70.0,-235.0,245.20399670478457,0,-196.58733855692742,-22,11,1,5.126919185822534
1709,234901,411045.0,3397035.0,22,270,6,5,2585.0,9.2,502,0,5,411105,3396785,504,6,14,-119.33,524,60.0,-250.0,257.0992026436488,2,-166.50426671920417,-20,11,1,4.448136969335406
1710,234901,411045.0,3397035.0,22,270,6,5,2585.0,9.2,502,0,5,411090,3396780,504,6,14,-106.0,524,45.0,-255.0,258.940147524481,2,-169.99202019855866,-20,11,1,4.416638341446086
1711,234901,411045.0,3397035.0,22,270,6,5,2585.0,9.2,502,0,5,411095,3396775,504,0,14,-105.0,524,50.0,-260.0,264.76404589747455,2,-169.11447294534128,-20,11,1,4.3198593510923295
1712,234901,411045.0,3397035.0,22,270,6,5,2585.0,9.2,502,0,5,411085,3396765,504,6,6,-105.5,524,40.0,-270.0,272.9468812791236,2,-171.57303097851934,-20,11,1,4.190820246084337
1713,234901,411045.0,3397035.0,22,270,6,5,2585.0,9.2,502,0,5,411080,3396770,504,6,5,-100.67,524,35.0,-265.0,267.30132809247317,2,-172.4761795613614,-20,11,1,4.279007335215742
1714,234901,411045.0,3397035.0,22,270,6,5,2585.0,9.2,502,0,5,411110,3396800,503,6,14,-107.5,524,65.0,-235.0,243.82370680473218,1,-164.5387822595581,-21,11,1,4.922611576706128
1715,234901,411045.0,3397035.0,22,270,6,5,2585.0,9.2,502,0,5,411170,3396700,504,0,5,-109.5,524,125.0,-335.0,357.56118357562247,2,-159.5377284765778,-20,11,1,3.2014738139281818
1716,234901,411045.0,3397035.0,22,270,6,5,2585.0,9.2,502,0,5,411175,3396695,504,6,5,-105.5,524,130.0,-340.0,364.0054944640259,2,-159.07549825507883,-20,11,1,3.14491008857507
1717,234901,411045.0,3397035.0,22,270,6,5,2585.0,9.2,502,0,5,411190,3396720,503,6,5,-100.5,524,145.0,-315.0,346.77081768799405,1,-155.2825590889166,-21,11,1,3.465527278914112
1718,234901,411045.0,3397035.0,22,270,6,5,2585.0,9.2,502,0,5,411195,3396715,503,0,5,-109.33,524,150.0,-320.0,353.41194094144583,1,-154.88516511385544,-21,11,1,3.40055927253051
1719,234901,411045.0,3397035.0,22,270,6,5,2585.0,9.2,502,0,5,411060,3396750,506,6,14,-103.0,524,15.0,-285.0,285.3944638566067,4,-176.98721249581666,-18,11,1,3.6088989620373226
1720,234901,411045.0,3397035.0,22,270,6,5,2585.0,9.2,502,0,5,411040,3396730,508,6,14,-102.5,524,-5.0,-305.0,305.04098085339285,6,-180.9391909457356,-16,11,1,3.0025249300990757
1721,234901,411045.0,3397035.0,22,270,6,5,2585.0,9.2,502,0,5,411070,3396760,505,6,6,-95.5,524,25.0,-275.0,276.1340254296815,3,-174.8055710922652,-19,11,1,3.9361562781796136
1722,234901,411045.0,3397035.0,22,270,6,5,2585.0,9.2,502,0,5,411115,3396795,503,0,14,-105.5,524,70.0,-240.0,250.0,1,-163.73979529168804,-21,11,1,4.801573349873759
1723,234901,411045.0,3397035.0,22,270,6,5,2585.0,9.2,502,0,5,411100,3396790,503,6,6,-106.25,524,55.0,-245.0,251.09759058979438,1,-167.34744349944202,-21,11,1,4.780682341233119
1724,234901,411045.0,3397035.0,22,270,6,5,2585.0,9.2,502,0,5,411060,3397085,502,9,6,-89.0,524,15.0,50.0,52.20153254455275,0,-16.699244233993625,-22,11,1,22.85267737571386
1725,234901,411045.0,3397035.0,22,270,6,5,2585.0,9.2,502,0,5,410885,3396950,503,0,5,-89.5,524,-160.0,-85.0,181.1767093199344,1,-242.02052561151984,-21,11,1,6.6115896601994155
1726,234901,411045.0,3397035.0,22,270,6,5,2585.0,9.2,502,0,5,410930,3396915,502,0,5,-85.0,524,-115.0,-120.0,166.20770138594662,0,-223.7811247648687,-22,11,1,7.540096249349609
1727,234901,411045.0,3397035.0,22,270,6,5,2585.0,9.2,502,0,5,410880,3396945,503,12,5,-89.5,524,-165.0,-90.0,187.94946129212502,1,-241.3895403340348,-21,11,1,6.3753390975397295
1728,234901,411045.0,3397035.0,22,270,6,5,2585.0,9.2,502,0,5,410910,3396935,503,0,5,-92.5,524,-135.0,-100.0,168.00297616411441,1,-233.47114463301483,-21,11,1,7.1248914268002705
1729,234901,411045.0,3397035.0,22,270,6,5,2585.0,9.2,502,0,5,411070,3397095,502,9,5,-93.33,524,25.0,60.0,65.0,0,-22.61986494804043,-22,11,1,18.69898280418112
1730,234901,411045.0,3397035.0,22,270,6,5,2585.0,9.2,502,0,5,411065,3397090,502,9,5,-92.8,524,20.0,55.0,58.52349955359813,0,-19.98310652189997,-22,11,1,20.602112538380215
1731,234901,411045.0,3397035.0,22,270,6,5,2585.0,9.2,502,0,5,410925,3396910,502,0,5,-84.0,524,-120.0,-125.0,173.27723451163456,0,-223.8308606720926,-22,11,1,7.235796633215612
1732,234901,411045.0,3397035.0,22,270,6,5,2585.0,9.2,502,0,5,410920,3396905,502,0,5,-85.0,524,-125.0,-130.0,180.34688796871433,0,-223.87669728592456,-22,11,1,6.9549850568219025
1733,234901,411045.0,3397035.0,22,270,6,5,2585.0,9.2,502,0,5,410890,3396955,503,0,5,-80.5,524,-155.0,-80.0,174.42763542512407,1,-242.7004277886672,-21,11,1,6.8650132618998425
1734,234901,411045.0,3397035.0,22,270,6,5,2585.0,9.2,502,0,5,410905,3396930,503,0,14,-82.5,524,-140.0,-105.0,175.0,1,-233.13010235415598,-21,11,1,6.84277341263094
1735,234901,411045.0,3397035.0,22,270,6,5,2585.0,9.2,502,0,5,410895,3396960,503,0,5,-76.5,524,-150.0,-75.0,167.70509831248424,1,-243.434948822922,-21,11,1,7.137416257938384
1736,234901,411045.0,3397035.0,22,270,6,5,2585.0,9.2,502,0,5,411025,3396810,502,6,5,-104.0,524,-20.0,-225.0,225.88713996153035,0,-185.07960786001456,-22,11,1,5.562707761671421
1737,234901,411045.0,3397035.0,22,270,6,5,2585.0,9.2,502,0,5,410855,3396615,506,0,5,-93.5,524,-190.0,-420.0,460.9772228646444,4,-204.34108993669253,-18,11,1,2.2361199291917733
1738,234901,411045.0,3397035.0,22,270,6,5,2585.0,9.2,502,0,5,410815,3396610,505,0,14,-89.8,524,-230.0,-425.0,483.2442446630896,3,-208.42120922452688,-19,11,1,2.2515723394296137
1739,234901,411045.0,3397035.0,22,270,6,5,2585.0,9.2,502,0,5,410805,3396620,505,0,5,-86.5,524,-240.0,-415.0,479.40066750057827,3,-210.04136392627913,-19,11,1,2.26960543475671
1740,234901,411045.0,3397035.0,22,270,6,5,2585.0,9.2,502,0,5,410820,3397305,507,0,14,-96.67,524,-225.0,270.0,351.4612354157994,5,39.80557109226521,-17,11,1,2.7692092431028286
1741,234901,411045.0,3397035.0,22,270,6,5,2585.0,9.2,502,0,5,410810,3397295,506,0,5,-106.5,524,-235.0,260.0,350.46397817750113,4,42.10873040377942,-18,11,1,2.9401555793543874
1742,234901,411045.0,3397035.0,22,270,6,5,2585.0,9.2,502,0,5,410815,3397300,506,0,14,-100.0,524,-230.0,265.0,350.891721190455,4,40.95551442581893,-18,11,1,2.936577756540046
1743,234901,411045.0,3397035.0,22,270,6,5,2585.0,9.2,502,0,5,410895,3397240,507,6,14,-91.5,524,-150.0,205.0,254.01771591761076,5,36.19320730556467,-17,11,1,3.8287800402544936
1744,234901,411045.0,3397035.0,22,270,6,5,2585.0,9.2,502,0,5,410970,3397155,503,0,14,-80.0,524,-75.0,120.0,141.50971698084905,1,32.005383208083515,-21,11,1,8.441072007879388
1745,234901,411045.0,3397035.0,22,270,6,5,2585.0,9.2,502,0,5,410990,3397135,503,0,5,-78.5,524,-55.0,100.0,114.12712210513327,1,28.810793742973033,-21,11,1,10.426104511277678
1746,234901,411045.0,3397035.0,22,270,6,5,2585.0,9.2,502,0,5,411055,3397400,504,0,5,-117.67,524,10.0,365.0,365.1369606051954,2,-1.5693548047489685,-20,11,1,3.1351842871376374
1747,234901,411045.0,3397035.0,22,270,6,5,2585.0,9.2,502,0,5,411075,3397380,504,0,5,-115.0,524,30.0,345.0,346.30189141845585,2,-4.96974072811031,-20,11,1,3.30533596961459
1748,234901,411045.0,3397035.0,22,270,6,5,2585.0,9.2,502,0,5,411000,3397185,503,0,7,-101.67,524,-45.0,150.0,156.60459763365824,1,16.699244233993625,-21,11,1,7.6375553612829945
1749,234901,411045.0,3397035.0,22,270,6,5,2585.0,9.2,502,0,5,411015,3397200,503,0,7,-95.0,524,-30.0,165.0,167.70509831248424,1,10.304846468766016,-21,11,1,7.137416257938384
1750,234901,411045.0,3397035.0,22,270,6,5,2585.0,9.2,502,0,5,411005,3397190,503,0,7,-90.54,524,-40.0,155.0,160.0781059358212,1,14.470294100065871,-21,11,1,7.473723192034916
1751,234901,411045.0,3397035.0,22,270,6,5,2585.0,9.2,502,0,5,410935,3397280,506,0,7,-96.22,524,-110.0,245.0,268.5609800399157,4,24.179107146689148,-18,11,1,3.834450839463493
1752,234901,411045.0,3397035.0,22,270,6,5,2585.0,9.2,502,0,5,411155,3397300,506,0,14,-103.4,524,110.0,265.0,286.9233347080715,4,-22.54306100005789,-18,11,1,3.589719362996856
1753,234901,411045.0,3397035.0,22,270,6,5,2585.0,9.2,502,0,5,411060,3397365,504,0,6,-114.43,524,15.0,330.0,330.3407331831786,2,-2.6025622024998256,-20,11,1,3.4646606385732586
1754,234901,411045.0,3397035.0,22,270,6,5,2585.0,9.2,502,0,5,411010,3397195,503,0,7,-96.64,524,-35.0,160.0,163.783393541592,1,12.33908727832619,-21,11,1,7.306492280563654
1755,234901,411045.0,3397035.0,22,270,6,5,2585.0,9.2,502,0,5,410920,3397265,506,0,5,-90.6,524,-125.0,230.0,261.7728022541685,4,28.52311860631204,-18,11,1,3.933575918431389
1756,234901,411045.0,3397035.0,22,270,6,5,2585.0,9.2,502,0,5,410930,3397275,506,0,7,-94.44,524,-115.0,240.0,266.1296676434253,4,25.602187551441773,-18,11,1,3.8693757523014716
1757,234901,411045.0,3397035.0,22,270,6,5,2585.0,9.2,502,0,5,410940,3397245,506,0,7,-91.33,524,-105.0,210.0,234.7871376374779,4,26.565051177077976,-18,11,1,4.3840160246969875
1758,234901,411045.0,3397035.0,22,270,6,5,2585.0,9.2,502,0,5,410925,3397270,506,0,7,-93.17,524,-120.0,235.0,263.86549603917524,4,27.05059700708614,-18,11,1,3.90247585534932
1759,234901,411045.0,3397035.0,22,270,6,5,2585.0,9.2,502,0,5,411065,3397370,504,0,6,-109.43,524,20.0,335.0,335.5964838909967,2,-3.416588191771325,-20,11,1,3.410529948782414
1760,234901,411045.0,3397035.0,22,270,6,5,2585.0,9.2,502,0,5,411145,3397290,506,0,14,-106.33,524,100.0,255.0,273.9069184960467,4,-21.412969474871772,-18,11,1,3.7598292885790436
1761,234901,411045.0,3397035.0,22,270,6,5,2585.0,9.2,502,0,5,410945,3397250,506,0,7,-92.2,524,-100.0,215.0,237.11811402758752,4,24.943905263424597,-18,11,1,4.341084755389728
1762,234901,411045.0,3397035.0,22,270,6,5,2585.0,9.2,502,0,5,411150,3397295,506,0,14,-106.8,524,105.0,260.0,280.40149785619906,4,-21.991129917177147,-18,11,1,3.6729863983898987
1763,234901,411045.0,3397035.0,22,270,6,5,2585.0,9.2,502,0,5,410915,3397220,506,0,7,-92.33,524,-130.0,185.0,226.10838109190027,4,35.09581678702614,-18,11,1,4.551594384134453
1764,234901,411045.0,3397035.0,22,270,6,5,2585.0,9.2,502,0,5,411140,3397285,506,0,5,-108.0,524,95.0,250.0,267.44158240632663,4,-20.806791012711244,-18,11,1,3.8504520546596113
1765,234901,411045.0,3397035.0,22,270,6,5,2585.0,9.2,502,0,5,411120,3397305,505,0,5,-88.5,524,75.0,270.0,280.22312538404105,3,-15.524110996754246,-19,11,1,3.8788953347652173
1766,234901,411045.0,3397035.0,22,270,6,5,2585.0,9.2,502,0,5,411070,3397375,504,0,6,-110.0,524,25.0,340.0,340.91787867461574,2,-4.205357001708592,-20,11,1,3.357417651854506
1767,234901,411045.0,3397035.0,22,270,6,5,2585.0,9.2,502,0,5,410955,3397260,506,0,7,-94.5,524,-90.0,225.0,242.33241632105268,4,21.801409486351815,-18,11,1,4.248022666728544
1768,234901,411045.0,3397035.0,22,270,6,5,2585.0,9.2,502,0,5,411035,3397180,503,0,7,-94.0,524,-10.0,145.0,145.34441853748632,1,3.9451862290375743,-21,11,1,8.221451306049378
1769,234901,411045.0,3397035.0,22,270,6,5,2585.0,9.2,502,0,5,410995,3397140,503,0,5,-74.4,524,-50.0,105.0,116.29703349613007,1,25.46334506187162,-21,11,1,10.235720969427907
1770,234901,411045.0,3397035.0,22,270,6,5,2585.0,9.2,502,0,5,410910,3397215,506,0,7,-89.5,524,-135.0,180.0,225.0,4,36.86989764584405,-18,11,1,4.573921259900861
1771,234901,411045.0,3397035.0,22,270,6,5,2585.0,9.2,502,0,5,411050,3397395,504,0,5,-121.5,524,5.0,360.0,360.0347205478938,2,-0.7957235527392754,-20,11,1,3.1795240968486165
1772,234901,411045.0,3397035.0,22,270,6,5,2585.0,9.2,502,0,5,410915,3397140,504,0,5,-87.33,524,-130.0,105.0,167.10774967068403,2,51.07245640720771,-20,11,1,6.824882412055784
1773,234901,411045.0,3397035.0,22,270,6,5,2585.0,9.2,502,0,5,410910,3397135,504,0,5,-81.5,524,-135.0,100.0,168.00297616411441,2,53.47114463301483,-20,11,1,6.7888554305984306
1774,234901,411045.0,3397035.0,22,270,6,5,2585.0,9.2,502,0,5,410945,3397170,504,0,7,-90.67,524,-100.0,135.0,168.00297616411441,2,36.52885536698517,-20,11,1,6.7888554305984306
1775,234901,411045.0,3397035.0,22,270,6,5,2585.0,9.2,502,0,5,410885,3397150,503,0,5,-82.0,524,-160.0,115.0,197.0406049523803,1,54.29330859939711,-21,11,1,6.0834493713721844
1776,234901,411045.0,3397035.0,22,270,6,5,2585.0,9.2,502,0,5,410930,3397195,505,0,7,-86.4,524,-115.0,160.0,197.0406049523803,3,35.70669140060289,-19,11,1,5.507821428357971
1777,234901,411045.0,3397035.0,22,270,6,5,2585.0,9.2,502,0,5,410905,3397130,504,0,5,-90.5,524,-140.0,95.0,169.1892431568863,2,55.840305454330576,-20,11,1,6.741695162882925
1778,234901,411045.0,3397035.0,22,270,6,5,2585.0,9.2,502,0,5,410900,3397125,504,0,14,-81.33,524,-145.0,90.0,170.66048165876012,2,58.17255342332692,-20,11,1,6.684104150154789
1779,234901,411045.0,3397035.0,22,270,6,5,2585.0,9.2,502,0,5,411065,3397290,504,0,5,-107.86,524,20.0,255.0,255.78311124857325,2,-4.4846060095446205,-20,11,1,4.470931593321855
1780,234901,411045.0,3397035.0,22,270,6,5,2585.0,9.2,502,0,5,411055,3397320,504,0,5,-107.0,524,10.0,285.0,285.17538463198395,2,-2.0095538130211708,-20,11,1,4.011715015621567
1781,234901,411045.0,3397035.0,22,270,6,5,2585.0,9.2,502,0,5,411070,3397295,504,0,5,-105.0,524,25.0,260.0,261.1991577321795,2,-5.492324557127404,-20,11,1,4.378589740035642
1782,234901,411045.0,3397035.0,22,270,6,5,2585.0,9.2,502,0,5,410995,3397220,504,12,7,-91.55,524,-50.0,185.0,191.637678967368,2,15.124007308310581,-20,11,1,5.958025727148784
1783,234901,411045.0,3397035.0,22,270,6,5,2585.0,9.2,502,0,5,411040,3397305,504,0,7,-106.4,524,-5.0,270.0,270.04629232781554,2,1.06091169026422,-20,11,1,4.235671223939648
1784,234901,411045.0,3397035.0,22,270,6,5,2585.0,9.2,502,0,5,410970,3397235,505,12,7,-92.25,524,-75.0,200.0,213.60009363293827,3,20.55604521958344,-19,11,1,5.083154102131953
1785,234901,411045.0,3397035.0,22,270,6,5,2585.0,9.2,502,0,5,410985,3397210,504,12,7,-90.95,524,-60.0,175.0,185.0,2,18.92464441605125,-20,11,1,6.170175095029609
1786,234901,411045.0,3397035.0,22,270,6,5,2585.0,9.2,502,0,5,410990,3397215,504,12,7,-93.43,524,-55.0,180.0,188.2153022471871,2,16.990823291986203,-20,11,1,6.065561847823663
1787,234901,411045.0,3397035.0,22,270,6,5,2585.0,9.2,502,0,5,411060,3397285,504,0,5,-106.67,524,15.0,250.0,250.44959572736389,2,-3.433630362450515,-20,11,1,4.565745111102567
1788,234901,411045.0,3397035.0,22,270,6,5,2585.0,9.2,502,0,5,411015,3397280,504,0,14,-104.2,524,-30.0,245.0,246.82990094394967,2,6.981057406829791,-20,11,1,4.632411234824297
1789,234901,411045.0,3397035.0,22,270,6,5,2585.0,9.2,502,0,5,411010,3397275,504,0,14,-102.6,524,-35.0,240.0,242.53865671269807,2,8.297144969836893,-20,11,1,4.714006450432334
1790,234901,411045.0,3397035.0,22,270,6,5,2585.0,9.2,502,0,5,411000,3397265,505,0,14,-98.71,524,-45.0,230.0,234.3608329051593,3,11.07020257793937,-19,11,1,4.634921878068179
1791,234901,411045.0,3397035.0,22,270,6,5,2585.0,9.2,502,0,5,411005,3397270,504,0,14,-102.75,524,-40.0,235.0,238.37994882120435,2,9.659893078442337,-20,11,1,4.795865322639257
1792,234901,411045.0,3397035.0,22,270,6,5,2585.0,9.2,502,0,5,411075,3397300,504,0,5,-109.0,524,30.0,265.0,266.6927070618917,2,-6.458816378718666,-20,11,1,4.288736090196211
1793,234901,411045.0,3397035.0,22,270,6,5,2585.0,9.2,502,0,5,410975,3397240,505,0,7,-102.75,524,-70.0,205.0,216.6217902243447,3,18.853158764419106,-19,11,1,5.012612049709285
1794,234901,411045.0,3397035.0,22,270,6,5,2585.0,9.2,502,0,5,411025,3397250,504,0,7,-104.0,524,-20.0,215.0,215.92822881689185,2,5.314545669944778,-20,11,1,5.29182956523421
1795,234901,411045.0,3397035.0,22,270,6,5,2585.0,9.2,502,0,5,411045,3397310,504,0,7,-103.5,524,0.0,275.0,275.0,2,0.0,-20,11,1,4.1596422937126425
1796,234901,411045.0,3397035.0,22,270,6,5,2585.0,9.2,502,0,5,410980,3397205,504,0,7,-92.26,524,-65.0,170.0,182.00274723201295,2,20.924501744921145,-20,11,1,6.2709835451627045
1797,234901,411045.0,3397035.0,22,270,6,5,2585.0,9.2,502,0,5,410920,3397185,505,0,7,-91.5,524,-125.0,150.0,195.25624189766637,3,39.80557109226521,-19,11,1,5.55784130959903
1798,234901,411045.0,3397035.0,22,270,6,5,2585.0,9.2,502,0,5,410890,3397155,503,0,7,-77.4,524,-155.0,120.0,196.02295783912658,1,52.25319461272534,-21,11,1,6.114792756531577
1799,234901,411045.0,3397035.0,22,270,6,5,2585.0,9.2,502,0,5,410880,3397145,503,0,5,-85.33,524,-165.0,110.0,198.3053201505194,1,56.30993247402023,-21,11,1,6.0449396468296435
1800,234901,411045.0,3397035.0,22,270,6,5,2585.0,9.2,502,0,5,410925,3397190,505,0,7,-89.0,524,-120.0,155.0,196.02295783912658,3,37.74680538727466,-19,11,1,5.53623792225696
1801,234901,411045.0,3397035.0,22,270,6,5,2585.0,9.2,502,0,5,410925,3397315,506,0,14,-96.33,524,-120.0,280.0,304.63092423455635,4,23.198590513648185,-18,11,1,3.3815552182949613
1802,234901,411045.0,3397035.0,22,270,6,5,2585.0,9.2,502,0,5,410900,3397340,506,0,5,-100.83,524,-145.0,305.0,337.71289581536564,4,25.42687416958978,-18,11,1,3.0509616002513718
1803,234901,411045.0,3397035.0,22,270,6,5,2585.0,9.2,502,0,5,410955,3397285,506,0,7,-94.5,524,-90.0,250.0,265.70660511172844,4,19.798876354524907,-18,11,1,3.875517877879838
1804,234901,411045.0,3397035.0,22,270,6,5,2585.0,9.2,502,0,5,410945,3397295,506,0,5,-93.37,524,-100.0,260.0,278.5677655436824,4,21.03751102542185,-18,11,1,3.6970977831058702
1805,234901,411045.0,3397035.0,22,270,6,5,2585.0,9.2,502,0,5,410940,3397300,506,0,5,-92.14,524,-105.0,265.0,285.0438562747845,4,21.614778942786245,-18,11,1,3.613326200767612
1806,234901,411045.0,3397035.0,22,270,6,5,2585.0,9.2,502,0,5,410895,3397345,506,0,6,-97.75,524,-150.0,310.0,344.3835071544513,4,25.82099197418927,-18,11,1,2.991973767189416
1807,234901,411045.0,3397035.0,22,270,6,5,2585.0,9.2,502,0,5,411125,3397275,506,0,6,-102.86,524,80.0,240.0,252.98221281347034,4,-18.434948822922024,-18,11,1,4.069807627117499
1808,234901,411045.0,3397035.0,22,270,6,5,2585.0,9.2,502,0,5,411040,3397200,503,0,7,-98.5,524,-5.0,165.0,165.07574019219177,1,1.7357045889283995,-21,11,1,7.249902112418685
1809,234901,411045.0,3397035.0,22,270,6,5,2585.0,9.2,502,0,5,411130,3397270,506,0,6,-102.8,524,85.0,235.0,249.899979991996,4,-19.885165113855436,-18,11,1,4.119832294572182
1810,234901,411045.0,3397035.0,22,270,6,5,2585.0,9.2,502,0,5,410930,3397310,506,0,14,-98.5,524,-115.0,275.0,298.0771712157776,4,22.69379494509235,-18,11,1,3.455726433519679
1811,234901,411045.0,3397035.0,22,270,6,5,2585.0,9.2,502,0,5,410950,3397290,506,0,7,-95.06,524,-95.0,255.0,272.12129648375554,4,20.43282867939871,-18,11,1,3.7844293032291483
1812,234901,411045.0,3397035.0,22,270,6,5,2585.0,9.2,502,0,5,411135,3397265,506,0,5,-98.0,524,90.0,230.0,246.9817807045694,4,-21.370622269343187,-18,11,1,4.1683393595427765
1813,234901,411045.0,3397035.0,22,270,6,5,2585.0,9.2,502,0,5,410905,3397335,506,0,5,-100.6,524,-140.0,300.0,331.058907144937,4,25.01689347810003,-18,11,1,3.1121638462934267
1814,234901,411045.0,3397035.0,22,270,6,5,2585.0,9.2,502,0,5,410910,3397330,506,0,5,-95.0,524,-135.0,295.0,324.4225639501667,4,24.590117166196023,-18,11,1,3.175696839091786
1815,234901,411045.0,3397035.0,22,270,6,5,2585.0,9.2,502,0,5,410915,3397325,506,0,5,-95.67,524,-130.0,290.0,317.80497164141406,4,24.145541960421667,-18,11,1,3.241684174257212
1816,234901,411045.0,3397035.0,22,270,6,5,2585.0,9.2,502,0,5,410890,3397350,506,0,6,-105.8,524,-155.0,315.0,351.0697936308392,4,26.20011484134733,-18,11,1,2.935090847138067
1817,234901,411045.0,3397035.0,22,270,6,5,2585.0,9.2,502,0,5,411050,3397190,503,0,7,-99.5,524,5.0,155.0,155.08062419270823,1,-1.8476102659946037,-21,11,1,7.7117105773331796
1818,234901,411045.0,3397035.0,22,270,6,5,2585.0,9.2,502,0,5,410935,3397305,506,0,5,-100.0,524,-110.0,270.0,291.547594742265,4,22.166345822082462,-18,11,1,3.5329279007238
1819,234901,411045.0,3397035.0,22,270,6,5,2585.0,9.2,502,0,5,411055,3397185,503,0,7,-97.8,524,10.0,150.0,150.33296378372907,1,-3.814074834290352,-21,11,1,7.952185020745393
1820,234901,411045.0,3397035.0,22,270,6,5,2585.0,9.2,502,0,5,411045,3397195,503,0,7,-92.5,524,0.0,160.0,160.0,1,0.0,-21,11,1,7.4773303066608
1821,234901,411045.0,3397035.0,22,270,6,5,2585.0,9.2,502,0,5,411140,3397260,506,0,14,-101.5,524,95.0,225.0,244.23349483639626,4,-22.890551656248334,-18,11,1,4.2150763071550825
1822,234901,411045.0,3397035.0,22,270,6,5,2585.0,9.2,502,0,5,411035,3396770,505,6,5,-110.67,524,-10.0,-265.0,265.1886121235224,3,-182.1610794882264,-19,11,1,4.098074866242544
1823,234901,411045.0,3397035.0,22,270,6,5,2585.0,9.2,502,0,5,411015,3396790,503,6,5,-109.5,524,-30.0,-245.0,246.82990094394967,1,-186.9810574068298,-21,11,1,4.862947305617623
1824,234901,411045.0,3397035.0,22,270,6,5,2585.0,9.2,502,0,5,411025,3396780,504,0,14,-106.2,524,-20.0,-255.0,255.78311124857325,2,-184.48460600954462,-20,11,1,4.470931593321855
1825,234901,411045.0,3397035.0,22,270,6,5,2585.0,9.2,502,0,5,411020,3396775,505,0,5,-106.67,524,-25.0,-260.0,261.1991577321795,3,-185.49232455712743,-19,11,1,4.1604491228805776
1826,234901,411045.0,3397035.0,22,270,6,5,2585.0,9.2,502,0,5,411015,3397205,503,0,7,-98.25,524,-30.0,170.0,172.6267650163207,1,10.007979801441365,-21,11,1,6.935936123465352
1827,234901,411045.0,3397035.0,22,270,6,5,2585.0,9.2,502,0,5,411115,3397305,505,0,7,-98.8,524,70.0,270.0,278.9265136196271,3,-14.534455080540113,-19,11,1,3.896871256850408
1828,234901,411045.0,3397035.0,22,270,6,5,2585.0,9.2,502,0,5,410990,3397270,505,0,14,-99.38,524,-55.0,235.0,241.3503677229434,3,13.172553423326917,-19,11,1,4.501253785847439
1829,234901,411045.0,3397035.0,22,270,6,5,2585.0,9.2,502,0,5,411020,3397240,504,0,7,-95.0,524,-25.0,205.0,206.51876428063383,2,6.952957468173906,-20,11,1,5.531474262778222
1830,234901,411045.0,3397035.0,22,270,6,5,2585.0,9.2,502,0,5,411060,3397360,504,0,6,-111.33,524,15.0,325.0,325.3459696999488,2,-2.642545294064689,-20,11,1,3.5177181062034584
1831,234901,411045.0,3397035.0,22,270,6,5,2585.0,9.2,502,0,5,410890,3397170,504,0,7,-99.0,524,-155.0,135.0,205.54804791094466,2,48.945186229037574,-20,11,1,5.55743391683651
1832,234901,411045.0,3397035.0,22,270,6,5,2585.0,9.2,502,0,5,410965,3397255,505,0,7,-94.0,524,-80.0,220.0,234.0939982143925,3,19.98310652189997,-19,11,1,4.640181988655329
1833,234901,411045.0,3397035.0,22,270,6,5,2585.0,9.2,502,0,5,410985,3397275,505,0,14,-100.22,524,-60.0,240.0,247.38633753705963,3,14.03624346792651,-19,11,1,4.391862895321065
1834,234901,411045.0,3397035.0,22,270,6,5,2585.0,9.2,502,0,5,411065,3397355,504,0,6,-107.67,524,20.0,320.0,320.62439083762797,2,-3.576334374997373,-20,11,1,3.56938776775595
1835,234901,411045.0,3397035.0,22,270,6,5,2585.0,9.2,502,0,5,410970,3397250,505,0,7,-93.75,524,-75.0,215.0,227.705950734714,3,19.2306723756613,-19,11,1,4.769764880577137
1836,234901,411045.0,3397035.0,22,270,6,5,2585.0,9.2,502,0,5,411010,3397210,504,12,7,-91.88,524,-35.0,175.0,178.46568297574746,2,11.30993247402023,-20,11,1,6.394250497867188
1837,234901,411045.0,3397035.0,22,270,6,5,2585.0,9.2,502,0,5,411080,3397300,504,0,7,-105.14,524,35.0,265.0,267.30132809247317,2,-7.523820438638609,-20,11,1,4.279007335215742
1838,234901,411045.0,3397035.0,22,270,6,5,2585.0,9.2,502,0,5,410980,3397280,505,0,5,-98.89,524,-65.0,245.0,253.4758371127315,3,14.858614447924651,-19,11,1,4.286750963684048
1839,234901,411045.0,3397035.0,22,270,6,5,2585.0,9.2,502,0,5,411095,3397285,505,0,7,-98.89,524,50.0,250.0,254.95097567963924,3,-11.30993247402023,-19,11,1,4.262039612711057
1840,234901,411045.0,3397035.0,22,270,6,5,2585.0,9.2,502,0,5,411085,3397295,505,0,7,-102.92,524,40.0,260.0,263.0589287593181,3,-8.74616226255523,-19,11,1,4.131137822639761
1841,234901,411045.0,3397035.0,22,270,6,5,2585.0,9.2,502,0,5,410975,3397245,505,0,7,-102.0,524,-70.0,210.0,221.35943621178654,3,18.434948822922024,-19,11,1,4.905858868271647
1842,234901,411045.0,3397035.0,22,270,6,5,2585.0,9.2,502,0,5,411090,3397290,505,0,7,-103.0,524,45.0,255.0,258.940147524481,3,-10.007979801441365,-19,11,1,4.196616026860992
1843,234901,411045.0,3397035.0,22,270,6,5,2585.0,9.2,502,0,5,411030,3397230,504,12,7,-89.5,524,-15.0,195.0,195.57607215607945,2,4.3987053549955135,-20,11,1,5.838883961363821
1844,234901,411045.0,3397035.0,22,270,6,5,2585.0,9.2,502,0,5,410915,3397185,505,0,7,-88.67,524,-130.0,150.0,198.4943324127921,3,40.914383220025115,-19,11,1,5.467728742912241
1845,234901,411045.0,3397035.0,22,270,6,5,2585.0,9.2,502,0,5,411000,3397220,504,12,7,-95.67,524,-45.0,185.0,190.3943276465977,2,13.671307132195807,-20,11,1,5.996651421570145
1846,234901,411045.0,3397035.0,22,270,6,5,2585.0,9.2,502,0,5,411005,3397215,504,12,7,-93.2,524,-40.0,180.0,184.39088914585776,2,12.528807709151522,-20,11,1,6.190399458571856
1847,234901,411045.0,3397035.0,22,270,6,5,2585.0,9.2,502,0,5,410995,3397265,505,0,14,-95.25,524,-50.0,230.0,235.3720459187964,3,12.264773727892418,-19,11,1,4.6150953791550275
1848,234901,411045.0,3397035.0,22,270,6,5,2585.0,9.2,502,0,5,410920,3397140,504,0,5,-88.83,524,-125.0,105.0,163.24827717314508,2,49.96974072811031,-20,11,1,6.984658781092986
1849,234901,411045.0,3397035.0,22,270,6,5,2585.0,9.2,502,0,5,410925,3397135,504,0,5,-84.8,524,-120.0,100.0,156.20499351813308,2,50.194428907734846,-20,11,1,7.296275301016713
1850,234901,411045.0,3397035.0,22,270,6,5,2585.0,9.2,502,0,5,410905,3397220,506,6,7,-89.0,524,-140.0,185.0,232.0021551624036,4,37.11686068327026,-18,11,1,4.436433437968542
1851,234901,411045.0,3397035.0,22,270,6,5,2585.0,9.2,502,0,5,410880,3397235,507,0,7,-93.0,524,-165.0,200.0,259.2778432492835,5,39.52263127117112,-17,11,1,3.7513273314551
1852,234901,411045.0,3397035.0,22,270,6,5,2585.0,9.2,502,0,5,410985,3397140,503,0,5,-74.0,524,-60.0,105.0,120.93386622447825,1,29.744881296942253,-21,11,1,9.851101187140927
1853,234901,411045.0,3397035.0,22,270,6,5,2585.0,9.2,502,0,5,411055,3397390,504,0,5,-112.75,524,10.0,355.0,355.1408171415953,2,-1.6135389328811698,-20,11,1,3.2232467451200004
1854,234901,411045.0,3397035.0,22,270,6,5,2585.0,9.2,502,0,5,410915,3397210,505,0,7,-86.0,524,-130.0,175.0,218.0022935659164,3,36.60707481260749,-19,11,1,4.981029793818931
1855,234901,411045.0,3397035.0,22,270,6,5,2585.0,9.2,502,0,5,410920,3397275,506,0,5,-91.19,524,-125.0,240.0,270.60118255469615,4,27.51200262385146,-18,11,1,3.8056262022111818
1856,234901,411045.0,3397035.0,22,270,6,5,2585.0,9.2,502,0,5,410950,3397245,506,0,7,-93.33,524,-95.0,210.0,230.4886114323222,4,24.341089936692526,-18,11,1,4.4654486078027436
1857,234901,411045.0,3397035.0,22,270,6,5,2585.0,9.2,502,0,5,410940,3397255,506,0,7,-89.4,524,-105.0,220.0,243.77243486497812,4,25.513870427534243,-18,11,1,4.223019694300505
1858,234901,411045.0,3397035.0,22,270,6,5,2585.0,9.2,502,0,5,411010,3397185,503,0,7,-91.83,524,-35.0,150.0,154.02921800749363,1,13.134022306396332,-21,11,1,7.7637109995137585
1859,234901,411045.0,3397035.0,22,270,6,5,2585.0,9.2,502,0,5,411070,3397365,504,0,6,-108.5,524,25.0,330.0,330.94561486745823,2,-4.332313983188499,-20,11,1,3.4583435321241502
1860,234901,411045.0,3397035.0,22,270,6,5,2585.0,9.2,502,0,5,411005,3397200,504,0,7,-92.21,524,-40.0,165.0,169.77926846349644,2,13.62699485989151,-20,11,1,6.7184806323651145
1861,234901,411045.0,3397035.0,22,270,6,5,2585.0,9.2,502,0,5,410925,3397280,506,0,7,-95.5,524,-120.0,245.0,272.8094573140748,4,26.09542415738838,-18,11,1,3.774910730655273
1862,234901,411045.0,3397035.0,22,270,6,5,2585.0,9.2,502,0,5,411015,3397190,503,0,7,-92.13,524,-30.0,155.0,157.87653403846943,1,10.954062643398345,-21,11,1,7.576740890859324
1863,234901,411045.0,3397035.0,22,270,6,5,2585.0,9.2,502,0,5,411145,3397300,506,0,14,-112.5,524,100.0,265.0,283.24018076537095,4,-20.674424760873876,-18,11,1,3.6362743466311316
1864,234901,411045.0,3397035.0,22,270,6,5,2585.0,9.2,502,0,5,411150,3397285,506,0,14,-108.0,524,105.0,250.0,271.15493725912495,4,-22.782405730481685,-18,11,1,3.7978770913858626
1865,234901,411045.0,3397035.0,22,270,6,5,2585.0,9.2,502,0,5,410945,3397260,506,0,7,-92.0,524,-100.0,225.0,246.22144504490262,4,23.962488974578207,-18,11,1,4.181165676587974
1866,234901,411045.0,3397035.0,22,270,6,5,2585.0,9.2,502,0,5,411065,3397380,504,0,6,-109.4,524,20.0,345.0,345.5792239125495,2,-3.317781168334818,-20,11,1,3.3122326405159557
1867,234901,411045.0,3397035.0,22,270,6,5,2585.0,9.2,502,0,5,411000,3397195,504,0,7,-92.4,524,-45.0,160.0,166.20770138594662,2,15.708637829015743,-20,11,1,6.861489121849566
1868,234901,411045.0,3397035.0,22,270,6,5,2585.0,9.2,502,0,5,411140,3397295,506,0,5,-108.14,524,95.0,260.0,276.81221071332817,4,-20.071525864538728,-18,11,1,3.7204792868511274
1869,234901,411045.0,3397035.0,22,270,6,5,2585.0,9.2,502,0,5,410935,3397270,506,0,7,-93.83,524,-110.0,235.0,259.47061490658245,4,25.083594006190935,-18,11,1,3.968366069777684
1870,234901,411045.0,3397035.0,22,270,6,5,2585.0,9.2,502,0,5,411155,3397290,506,0,14,-109.25,524,110.0,255.0,277.71388153997634,4,-23.33404127670977,-18,11,1,3.708433539176367
1871,234901,411045.0,3397035.0,22,270,6,5,2585.0,9.2,502,0,5,411025,3397180,503,0,7,-97.5,524,-20.0,145.0,146.37281168304446,1,7.853313301978233,-21,11,1,8.164470091790598
1872,234901,411045.0,3397035.0,22,270,6,5,2585.0,9.2,502,0,5,411060,3397375,504,0,5,-110.0,524,15.0,340.0,340.3307215048327,2,-2.5261169116195106,-20,11,1,3.363196767583017
1873,234901,411045.0,3397035.0,22,270,6,5,2585.0,9.2,502,0,5,411135,3397310,505,0,5,-103.5,524,90.0,275.0,289.35272592460575,3,-18.12186024790134,-19,11,1,3.7568653595537205
1874,234901,411045.0,3397035.0,22,270,6,5,2585.0,9.2,502,0,5,411075,3397370,504,15,5,-116.0,524,30.0,335.0,336.34060117684277,2,-5.117314849972615,-20,11,1,3.4030022712012604
1875,234901,411045.0,3397035.0,22,270,6,5,2585.0,9.2,502,0,5,411050,3397385,504,15,5,-114.5,524,5.0,350.0,350.03571246374275,2,-0.8184554616885862,-20,11,1,3.2701549751987686
1876,234901,411045.0,3397035.0,22,270,6,5,2585.0,9.2,502,0,5,410965,3397160,504,0,14,-88.0,524,-80.0,125.0,148.4082207965583,2,32.61924307119284,-20,11,1,7.6751351668923355
1877,234901,411045.0,3397035.0,22,270,6,5,2585.0,9.2,502,0,5,411070,3397490,504,0,6,-119.33,524,25.0,455.0,455.6862956025779,2,-3.1449574646979954,-20,11,1,2.5130899286963264
1878,234901,411045.0,3397035.0,22,270,6,5,2585.0,9.2,502,0,5,410665,3397030,506,0,14,-99.0,524,-380.0,-5.0,380.0328933131973,4,-269.2461516669292,-18,11,1,2.711749085208992
1879,234901,411045.0,3397035.0,22,270,6,5,2585.0,9.2,502,0,5,410735,3396940,505,0,5,-108.0,524,-310.0,-95.0,324.2298567374695,3,-252.96223220437437,-19,11,1,3.3537203313090536
1880,234901,411045.0,3397035.0,22,270,6,5,2585.0,9.2,502,0,5,410795,3396920,504,69,5,-115.67,524,-250.0,-115.0,275.1817581163403,2,-245.29756977222868,-20,11,1,4.1569044757141445
1881,234901,411045.0,3397035.0,22,270,6,5,2585.0,9.2,502,0,5,410755,3396960,505,0,6,-104.0,524,-290.0,-75.0,299.5413160150032,3,-255.49983323344745,-19,11,1,3.629426996945946
1882,234901,411045.0,3397035.0,22,270,6,5,2585.0,9.2,502,0,5,410650,3397015,506,0,14,-89.6,524,-395.0,-20.0,395.50600501130197,4,-267.1014232007183,-18,11,1,2.6058083774131853
1883,234901,411045.0,3397035.0,22,270,6,5,2585.0,9.2,502,0,5,410655,3397020,506,0,5,-90.1,524,-390.0,-15.0,390.2883549377306,4,-267.79740183823424,-18,11,1,2.6405956790037646
1884,234901,411045.0,3397035.0,22,270,6,5,2585.0,9.2,502,0,5,410790,3396915,504,69,5,-115.5,524,-255.0,-120.0,281.82441342083905,2,-244.79887635452494,-20,11,1,4.059256906011322
1885,234901,411045.0,3397035.0,22,270,6,5,2585.0,9.2,502,0,5,410640,3397005,506,12,5,-94.5,524,-405.0,-30.0,406.1095911204265,4,-265.7636052009412,-18,11,1,2.5378604526266804
1886,234901,411045.0,3397035.0,22,270,6,5,2585.0,9.2,502,0,5,410710,3396995,506,6,5,-90.33,524,-335.0,-40.0,337.37960815674677,4,-263.1909498203866,-18,11,1,3.0539698553365184
1887,234901,411045.0,3397035.0,22,270,6,5,2585.0,9.2,502,0,5,410660,3397025,506,0,5,-95.6,524,-385.0,-10.0,385.12984823303424,4,-268.5121324711722,-18,11,1,2.675913279253936
1888,234901,411045.0,3397035.0,22,270,6,5,2585.0,9.2,502,0,5,410645,3397010,506,0,5,-91.0,524,-400.0,-25.0,400.7804885470349,4,-266.4236656250026,-18,11,1,2.571560901128544
1889,234901,411045.0,3397035.0,22,270,6,5,2585.0,9.2,502,0,5,410490,3397015,505,0,5,-92.0,524,-555.0,-20.0,555.3602434456395,3,-267.93618027154304,-19,11,1,1.9594405468228964
1890,234901,411045.0,3397035.0,22,270,6,5,2585.0,9.2,502,0,5,410860,3397340,507,9,5,-109.0,524,-185.0,305.0,356.72117963473937,5,31.239214888208778,-17,11,1,2.728438713955466
1891,234901,411045.0,3397035.0,22,270,6,5,2585.0,9.2,502,0,5,410820,3397300,507,0,14,-100.5,524,-225.0,265.0,347.6348659153739,5,40.33314162856101,-17,11,1,2.79964132128986
1892,234901,411045.0,3397035.0,22,270,6,5,2585.0,9.2,502,0,5,410835,3397285,507,0,14,-98.75,524,-210.0,250.0,326.49655434629017,5,40.03025927188969,-17,11,1,2.9805811069081387
1893,234901,411045.0,3397035.0,22,270,6,5,2585.0,9.2,502,0,5,410805,3397315,506,0,14,-94.5,524,-240.0,280.0,368.7817782917155,4,40.60129464500449,-18,11,1,2.7943522917136288
1894,234901,411045.0,3397035.0,22,270,6,5,2585.0,9.2,502,0,5,410815,3397305,506,0,14,-93.0,524,-230.0,270.0,354.682957019364,4,40.426078740099115,-18,11,1,2.905242496501498
1895,234901,411045.0,3397035.0,22,270,6,5,2585.0,9.2,502,0,5,410875,3397325,507,9,5,-96.5,524,-170.0,290.0,336.1547262794322,5,30.379126011368328,-17,11,1,2.8950928880609594
1896,234901,411045.0,3397035.0,22,270,6,5,2585.0,9.2,502,0,5,410810,3397310,506,0,14,-96.0,524,-235.0,275.0,361.7319449537185,4,40.51539399045538,-18,11,1,2.848722877425753
1897,234901,411045.0,3397035.0,22,270,6,5,2585.0,9.2,502,0,5,410870,3397330,507,9,5,-112.5,524,-175.0,295.0,343.0014577228499,5,30.677280021796435,-17,11,1,2.837398665120879
1898,234901,411045.0,3397035.0,22,270,6,5,2585.0,9.2,502,0,5,410850,3397100,504,0,5,-80.5,524,-195.0,65.0,205.54804791094466,2,71.56505117707798,-20,11,1,5.55743391683651
1899,234901,411045.0,3397035.0,22,270,6,5,2585.0,9.2,502,0,5,410845,3397085,504,0,5,-85.0,524,-200.0,50.0,206.15528128088303,2,75.96375653207349,-20,11,1,5.541166443639222
1900,234901,411045.0,3397035.0,22,270,6,5,2585.0,9.2,502,0,5,410875,3397115,504,0,5,-85.4,524,-170.0,80.0,187.88294228055935,2,64.79887635452496,-20,11,1,6.076211468268177
1901,234901,411045.0,3397035.0,22,270,6,5,2585.0,9.2,502,0,5,410770,3397020,506,0,5,-92.72,524,-275.0,-15.0,275.40878707840824,4,-266.8778695378843,-18,11,1,3.73938439040705
1902,234901,411045.0,3397035.0,22,270,6,5,2585.0,9.2,502,0,5,410745,3396985,505,12,5,-94.5,524,-300.0,-50.0,304.138126514911,3,-260.5376777919744,-19,11,1,3.5747143696543104
1903,234901,411045.0,3397035.0,22,270,6,5,2585.0,9.2,502,0,5,410870,3397120,503,0,14,-85.75,524,-175.0,85.0,194.5507645834372,1,64.09349200048564,-21,11,1,6.1607097580663615
1904,234901,411045.0,3397035.0,22,270,6,5,2585.0,9.2,502,0,5,410795,3397035,506,0,10,-92.0,524,-250.0,0.0,250.0,4,90.0,-18,11,1,4.118189703988783
1905,234901,411045.0,3397035.0,22,270,6,5,2585.0,9.2,502,0,5,410750,3397000,506,12,14,-100.0,524,-295.0,-35.0,297.06901555025894,4,-263.23382517744693,-18,11,1,3.467425480439498
1906,234901,411045.0,3397035.0,22,270,6,5,2585.0,9.2,502,0,5,410790,3397040,506,12,10,-95.75,524,-255.0,5.0,255.04901489713697,4,88.87669728592459,-18,11,1,4.036937226207545
1907,234901,411045.0,3397035.0,22,270,6,5,2585.0,9.2,502,0,5,410755,3396995,505,0,6,-88.4,524,-290.0,-40.0,292.7456233660889,3,-262.14668669802177,-19,11,1,3.713446144648541
1908,234901,411045.0,3397035.0,22,270,6,5,2585.0,9.2,502,0,5,410760,3397010,506,0,6,-89.55,524,-285.0,-25.0,286.09439001839934,4,-264.9868862449642,-18,11,1,3.6000930867348147
1909,234901,411045.0,3397035.0,22,270,6,5,2585.0,9.2,502,0,5,410855,3397095,504,0,14,-87.5,524,-190.0,60.0,199.24858845171275,2,72.47443162627712,-20,11,1,5.731985937680171
1910,234901,411045.0,3397035.0,22,270,6,5,2585.0,9.2,502,0,5,410740,3396990,505,0,5,-94.0,524,-305.0,-45.0,308.3018001893599,3,-261.6070748126075,-19,11,1,3.5265598486639766
1911,234901,411045.0,3397035.0,22,270,6,5,2585.0,9.2,502,0,5,410765,3397005,506,0,5,-92.58,524,-280.0,-30.0,281.60255680657446,4,-263.8844964337146,-18,11,1,3.657363408395787
1912,234901,411045.0,3397035.0,22,270,6,5,2585.0,9.2,502,0,5,410785,3397025,506,0,10,-88.57,524,-260.0,-10.0,260.1922366251537,4,-267.79740183823424,-18,11,1,3.9573951519500405
1913,234901,411045.0,3397035.0,22,270,6,5,2585.0,9.2,502,0,5,410810,3397060,506,0,5,-86.5,524,-235.0,25.0,236.32604596192948,4,83.92754359279229,-18,11,1,4.355578396607837
1914,234901,411045.0,3397035.0,22,270,6,5,2585.0,9.2,502,0,5,410775,3397015,506,0,5,-92.79,524,-270.0,-20.0,270.7397274136177,4,-265.7636052009412,-18,11,1,3.8036844783760957
1915,234901,411045.0,3397035.0,22,270,6,5,2585.0,9.2,502,0,5,410865,3397105,504,0,14,-79.67,524,-180.0,70.0,193.13207915827965,2,68.7494944928668,-20,11,1,5.912252062621178
1916,234901,411045.0,3397035.0,22,270,6,5,2585.0,9.2,502,0,5,410860,3397110,504,0,14,-81.38,524,-185.0,75.0,199.6246477767713,2,67.93210043758978,-20,11,1,5.721259540744757
1917,234901,411045.0,3397035.0,22,270,6,5,2585.0,9.2,502,0,5,410805,3397045,506,12,10,-83.0,524,-240.0,10.0,240.20824298928628,4,87.61405596961117,-18,11,1,4.2854488047356085
1918,234901,411045.0,3397035.0,22,270,6,5,2585.0,9.2,502,0,5,410780,3397030,506,0,10,-93.0,524,-265.0,-5.0,265.04716561397146,4,-268.9190758133393,-18,11,1,3.885130704703122
1919,234901,411045.0,3397035.0,22,270,6,5,2585.0,9.2,502,0,5,410770,3396930,504,0,5,-112.0,524,-275.0,-105.0,294.3637205907005,2,-249.10223450116115,-20,11,1,3.8868824244016884
1920,234901,411045.0,3397035.0,22,270,6,5,2585.0,9.2,502,0,5,410695,3397005,506,6,14,-93.0,524,-350.0,-30.0,351.2833614050059,4,-265.1009075462123,-18,11,1,2.9333095337562476
1921,234901,411045.0,3397035.0,22,270,6,5,2585.0,9.2,502,0,5,410680,3397020,506,0,5,-90.5,524,-365.0,-15.0,365.3080891521566,4,-267.6467031338917,-18,11,1,2.8208808767787943
1922,234901,411045.0,3397035.0,22,270,6,5,2585.0,9.2,502,0,5,410765,3396935,504,0,5,-116.0,524,-280.0,-100.0,297.3213749463701,2,-250.3461759419467,-20,11,1,3.8483337712111756
1923,234901,411045.0,3397035.0,22,270,6,5,2585.0,9.2,502,0,5,410685,3397015,506,0,5,-96.5,524,-360.0,-20.0,360.5551275463989,4,-266.8201698801357,-18,11,1,2.8580054454732076
1924,234901,411045.0,3397035.0,22,270,6,5,2585.0,9.2,502,0,5,410690,3397010,506,0,5,-94.71,524,-355.0,-25.0,355.8791929854849,4,-265.97173633351485,-18,11,1,2.895493594003433
1925,234901,411045.0,3397035.0,22,270,6,5,2585.0,9.2,502,0,5,410760,3396940,505,0,6,-110.5,524,-285.0,-95.0,300.416377715996,3,-251.565051177078,-19,11,1,3.6188832299832416
1926,234901,411045.0,3397035.0,22,270,6,5,2585.0,9.2,502,0,5,410715,3397025,506,0,5,-94.2,524,-330.0,-10.0,330.15148038438355,4,-268.26429541107166,-18,11,1,3.1207007956163957
1927,234901,411045.0,3397035.0,22,270,6,5,2585.0,9.2,502,0,5,410710,3397030,506,0,14,-94.83,524,-335.0,-5.0,335.0373113550191,4,-269.14490260373327,-18,11,1,3.075279782652464
1928,234901,411045.0,3397035.0,22,270,6,5,2585.0,9.2,502,0,5,410775,3396925,504,0,5,-110.5,524,-270.0,-110.0,291.547594742265,2,-247.83365417791757,-20,11,1,3.9243099740178784
1929,234901,411045.0,3397035.0,22,270,6,5,2585.0,9.2,502,0,5,410795,3396945,504,69,10,-115.5,524,-250.0,-90.0,265.70660511172844,2,-250.20112364547506,-20,11,1,4.304592919229669
1930,234901,411045.0,3397035.0,22,270,6,5,2585.0,9.2,502,0,5,410890,3396940,503,12,14,-86.33,524,-155.0,-95.0,181.79658962697843,1,-238.49573328079583,-21,11,1,6.589244399369187
1931,234901,411045.0,3397035.0,22,270,6,5,2585.0,9.2,502,0,5,410885,3396925,503,0,5,-83.67,524,-160.0,-110.0,194.164878389476,1,-235.4914770123316,-21,11,1,6.172859212578362
1932,234901,411045.0,3397035.0,22,270,6,5,2585.0,9.2,502,0,5,410910,3396960,503,0,5,-84.33,524,-135.0,-75.0,154.434452114805,1,-240.94539590092285,-21,11,1,7.743586603961101
1933,234901,411045.0,3397035.0,22,270,6,5,2585.0,9.2,502,0,5,410915,3396955,503,0,5,-84.0,524,-130.0,-80.0,152.64337522473747,1,-238.39249775375112,-21,11,1,7.833326204911447
1934,234901,411045.0,3397035.0,22,270,6,5,2585.0,9.2,502,0,5,410900,3396950,503,0,14,-88.67,524,-145.0,-85.0,168.0773631397161,1,-239.62087398863164,-21,11,1,7.121770508225266
1935,234901,411045.0,3397035.0,22,270,6,5,2585.0,9.2,502,0,5,410905,3396945,503,12,14,-87.4,524,-140.0,-90.0,166.43316977093238,1,-237.2647737278924,-21,11,1,7.191393442137518
1936,234901,411045.0,3397035.0,22,270,6,5,2585.0,9.2,502,0,5,411055,3397095,502,9,5,-94.25,524,10.0,60.0,60.8276253029822,0,-9.462322208025626,-22,11,1,19.883931077618954
1937,234901,411045.0,3397035.0,22,270,6,5,2585.0,9.2,502,0,5,410920,3396890,502,0,5,-84.0,524,-125.0,-145.0,191.44189719076647,0,-220.76360520094119,-22,11,1,6.555523998077629
1938,234901,411045.0,3397035.0,22,270,6,5,2585.0,9.2,502,0,5,410935,3396895,502,0,5,-81.33,524,-110.0,-140.0,178.04493814764857,0,-218.15722658736905,-22,11,1,7.044008655631209
1939,234901,411045.0,3397035.0,22,270,6,5,2585.0,9.2,502,0,5,410930,3396900,502,0,5,-82.5,524,-115.0,-135.0,177.341478509682,0,-220.42607874009914,-22,11,1,7.07166774286529
1940,234901,411045.0,3397035.0,22,270,6,5,2585.0,9.2,502,0,5,411045,3397085,503,0,6,-87.0,524,0.0,50.0,50.0,1,0.0,-21,11,1,22.78240573048169
1941,234901,411045.0,3397035.0,22,270,6,5,2585.0,9.2,502,0,5,410820,3397290,507,0,5,-92.0,524,-225.0,255.0,340.073521462639,5,41.42366562500263,-17,11,1,2.861787423401244
1942,234901,411045.0,3397035.0,22,270,6,5,2585.0,9.2,502,0,5,410830,3397300,507,0,5,-95.5,524,-215.0,265.0,341.2477106150311,5,39.053136946026484,-17,11,1,2.8519566686844033
1943,234901,411045.0,3397035.0,22,270,6,5,2585.0,9.2,502,0,5,410835,3397295,507,0,5,-97.29,524,-210.0,260.0,334.21549934136806,5,38.92754359279229,-17,11,1,2.9118623311653353
1944,234901,411045.0,3397035.0,22,270,6,5,2585.0,9.2,502,0,5,410865,3397325,507,9,5,-103.33,524,-180.0,290.0,341.32096331752024,5,31.82744657667314,-17,11,1,2.8513456053140476
1945,234901,411045.0,3397035.0,22,270,6,5,2585.0,9.2,502,0,5,410900,3396805,502,6,14,-96.5,524,-145.0,-230.0,271.89152248645047,0,-212.22875743509854,-22,11,1,4.625988236643601
1946,234901,411045.0,3397035.0,22,270,6,5,2585.0,9.2,502,0,5,410920,3396865,502,0,14,-96.0,524,-125.0,-170.0,211.00947846009194,0,-216.32682595212023,-22,11,1,5.9521939755567495
1947,234901,411045.0,3397035.0,22,270,6,5,2585.0,9.2,502,0,5,411080,3397025,501,0,5,-85.67,524,35.0,-10.0,36.40054944640259,-1,-105.94539590092285,-23,11,1,32.28709663442004
1948,234901,411045.0,3397035.0,22,270,6,5,2585.0,9.2,502,0,5,411085,3397030,501,0,5,-95.5,524,40.0,-5.0,40.311288741492746,-1,-97.1250163489018,-23,11,1,29.707342199153498
1949,234901,411045.0,3397035.0,22,270,6,5,2585.0,9.2,502,0,5,410830,3397305,507,0,5,-101.25,524,-215.0,270.0,345.14489710844634,5,38.53018001482678,-17,11,1,2.819806211142154
1950,234901,411045.0,3397035.0,22,270,6,5,2585.0,9.2,502,0,5,410810,3397285,507,0,14,-108.0,524,-235.0,250.0,343.11076928595526,5,43.22853025996591,-17,11,1,2.8364961755904416
1951,234901,411045.0,3397035.0,22,270,6,5,2585.0,9.2,502,0,5,410805,3397300,506,0,5,-102.33,524,-240.0,265.0,357.5262228144951,4,42.16588898369349,-18,11,1,2.882177354591341
1952,234901,411045.0,3397035.0,22,270,6,5,2585.0,9.2,502,0,5,410835,3397310,507,0,5,-90.67,524,-210.0,275.0,346.01300553591915,5,37.366669412768715,-17,11,1,2.812743003905797
1953,234901,411045.0,3397035.0,22,270,6,5,2585.0,9.2,502,0,5,410945,3397110,504,0,5,-82.67,524,-100.0,75.0,125.0,2,53.13010235415595,-20,11,1,9.090276920822323
1954,234901,411045.0,3397035.0,22,270,6,5,2585.0,9.2,502,0,5,411030,3397035,502,0,5,-69.5,524,-15.0,0.0,15.0,0,90.0,-22,11,1,55.71312302279104
1955,234901,411045.0,3397035.0,22,270,6,5,2585.0,9.2,502,0,5,411225,3396750,503,0,14,-104.5,524,180.0,-285.0,337.08307581366347,1,-147.72435568542238,-21,11,1,3.5648729972815905
1956,234901,411045.0,3397035.0,22,270,6,5,2585.0,9.2,502,0,5,411005,3397010,501,0,6,-78.33,524,-40.0,-25.0,47.16990566028302,-1,-237.9946167919165,-23,11,1,25.993817636932857
1957,234901,411045.0,3397035.0,22,270,6,5,2585.0,9.2,502,0,5,411245,3396770,502,0,5,-104.0,524,200.0,-265.0,332.00150602068055,0,-142.95752522691714,-22,11,1,3.791148540083536
1958,234901,411045.0,3397035.0,22,270,6,5,2585.0,9.2,502,0,5,411020,3397025,501,0,5,-76.79,524,-25.0,-10.0,26.92582403567252,-1,-248.19859051364818,-23,11,1,40.50390474091337
1959,234901,411045.0,3397035.0,22,270,6,5,2585.0,9.2,502,0,5,411000,3397005,501,0,5,-84.67,524,-45.0,-30.0,54.08326913195984,-1,-236.30993247402023,-23,11,1,23.038601145321028
1960,234901,411045.0,3397035.0,22,270,6,5,2585.0,9.2,502,0,5,410915,3397080,505,0,6,-84.14,524,-130.0,45.0,137.56816492197603,3,70.90650799951436,-19,11,1,7.8635638905156195
1961,234901,411045.0,3397035.0,22,270,6,5,2585.0,9.2,502,0,5,410885,3397050,505,0,14,-85.14,524,-160.0,15.0,160.70158679988197,3,84.64417495714486,-19,11,1,6.742867065962031
1962,234901,411045.0,3397035.0,22,270,6,5,2585.0,9.2,502,0,5,410895,3397060,505,0,14,-79.96,524,-150.0,25.0,152.0690632574555,3,80.53767779197437,-19,11,1,7.121813706239428
1963,234901,411045.0,3397035.0,22,270,6,5,2585.0,9.2,502,0,5,410905,3397070,505,5,5,-85.53,524,-140.0,35.0,144.30869689661813,3,75.96375653207349,-19,11,1,7.500546235536165
1964,234901,411045.0,3397035.0,22,270,6,5,2585.0,9.2,502,0,5,410880,3397045,505,0,14,-85.97,524,-165.0,10.0,165.3027525481654,3,86.53177074108288,-19,11,1,6.556838265565355
1965,234901,411045.0,3397035.0,22,270,6,5,2585.0,9.2,502,0,5,410890,3397055,505,0,5,-85.22,524,-155.0,20.0,156.28499608087785,3,82.64762064010768,-19,11,1,6.931590734345365
1966,234901,411045.0,3397035.0,22,270,6,5,2585.0,9.2,502,0,5,411015,3397020,501,0,5,-75.68,524,-30.0,-15.0,33.54101966249684,-1,-243.434948822922,-23,11,1,34.439504794174404
1967,234901,411045.0,3397035.0,22,270,6,5,2585.0,9.2,502,0,5,411025,3397030,501,0,5,-76.67,524,-20.0,-5.0,20.615528128088304,-1,-255.96375653207352,-23,11,1,48.12925951545734
1968,234901,411045.0,3397035.0,22,270,6,5,2585.0,9.2,502,0,5,410910,3397075,505,0,6,-86.42,524,-135.0,40.0,140.80127840328723,3,73.49563861824498,-19,11,1,7.685181628094281
1969,234901,411045.0,3397035.0,22,270,6,5,2585.0,9.2,502,0,5,411010,3397015,501,0,5,-76.0,524,-35.0,-20.0,40.311288741492746,-1,-240.25511870305778,-23,11,1,29.707342199153498
1970,234901,411045.0,3397035.0,22,270,6,5,2585.0,9.2,502,0,5,411220,3396745,503,6,14,-105.5,524,175.0,-290.0,338.71079108879894,1,-148.89119117145486,-21,11,1,3.5477854344272273
1971,234901,411045.0,3397035.0,22,270,6,5,2585.0,9.2,502,0,5,410920,3397085,505,0,5,-82.33,524,-125.0,50.0,134.6291201783626,3,68.19859051364818,-19,11,1,8.033013475170353
1972,234901,411045.0,3397035.0,22,270,6,5,2585.0,9.2,502,0,5,410900,3397065,505,5,14,-83.83,524,-145.0,30.0,148.07092894960846,3,78.3106308245608,-19,11,1,7.3120589548945825
1973,234901,411045.0,3397035.0,22,270,6,5,2585.0,9.2,502,0,5,410430,3397020,505,0,5,-98.0,524,-615.0,-15.0,615.1828996322963,3,-268.60281897270363,-19,11,1,1.769024899543198
1974,234901,411045.0,3397035.0,22,270,6,5,2585.0,9.2,502,0,5,411025,3396700,508,6,14,-104.33,524,-20.0,-335.0,335.5964838909967,6,-183.41658819177135,-16,11,1,2.7295841140812294
1975,234901,411045.0,3397035.0,22,270,6,5,2585.0,9.2,502,0,5,411090,3396625,503,6,7,-109.5,524,45.0,-410.0,412.4621194728069,1,-173.73650938566547,-21,11,1,2.9146272288958253
1976,234901,411045.0,3397035.0,22,270,6,5,2585.0,9.2,502,0,5,411000,3396715,509,0,14,-103.0,524,-45.0,-320.0,323.1485726411305,7,-188.00472885729286,-15,11,1,2.6576636834274447
1977,234901,411045.0,3397035.0,22,270,6,5,2585.0,9.2,502,0,5,410925,3397050,505,0,5,-85.33,524,-120.0,15.0,120.93386622447825,3,82.8749836510982,-19,11,1,8.928790000822561
1978,234901,411045.0,3397035.0,22,270,6,5,2585.0,9.2,502,0,5,410990,3397035,503,0,5,-78.5,524,-55.0,0.0,55.0,1,90.0,-21,11,1,20.897765498838858
1979,234901,411045.0,3397035.0,22,270,6,5,2585.0,9.2,502,0,5,410930,3397055,505,0,14,-81.33,524,-115.0,20.0,116.72617529928752,3,80.13419305691565,-19,11,1,9.245187211296576
1980,234901,411045.0,3397035.0,22,270,6,5,2585.0,9.2,502,0,5,410880,3397085,504,0,5,-89.0,524,-165.0,50.0,172.40939649566667,2,73.14160123226173,-20,11,1,6.61690513491109
1981,234901,411045.0,3397035.0,22,270,6,5,2585.0,9.2,502,0,5,410965,3397010,503,12,14,-79.67,524,-80.0,-25.0,83.81527307120105,1,-252.6459753637387,-21,11,1,14.065952219915578
1982,234901,411045.0,3397035.0,22,270,6,5,2585.0,9.2,502,0,5,410915,3397120,504,0,5,-83.5,524,-130.0,85.0,155.32224567009067,2,56.82148834060729,-20,11,1,7.337291837437717
1983,234901,411045.0,3397035.0,22,270,6,5,2585.0,9.2,502,0,5,411200,3396765,503,6,6,-101.33,524,155.0,-270.0,311.3278015211619,1,-150.1409838350769,-21,11,1,3.8589277767680357
1984,234901,411045.0,3397035.0,22,270,6,5,2585.0,9.2,502,0,5,410980,3397025,503,0,5,-78.96,524,-65.0,-10.0,65.76473218982953,1,-261.25383773744477,-21,11,1,17.70932707298064
1985,234901,411045.0,3397035.0,22,270,6,5,2585.0,9.2,502,0,5,410920,3397045,505,0,5,-84.5,524,-125.0,10.0,125.39936203984452,3,85.42607874009911,-19,11,1,8.615691357893432
1986,234901,411045.0,3397035.0,22,270,6,5,2585.0,9.2,502,0,5,410975,3397020,503,0,5,-78.4,524,-70.0,-15.0,71.58910531638176,1,-257.9052429229879,-21,11,1,16.348561463209975
1987,234901,411045.0,3397035.0,22,270,6,5,2585.0,9.2,502,0,5,410985,3397030,503,0,5,-80.56,524,-60.0,-5.0,60.207972893961475,1,-265.2363583092738,-21,11,1,19.228312757030942
1988,234901,411045.0,3397035.0,22,270,6,5,2585.0,9.2,502,0,5,410905,3397110,504,0,14,-84.8,524,-140.0,75.0,158.8238017426859,2,61.821409890040854,-20,11,1,7.177233672561356
1989,234901,411045.0,3397035.0,22,270,6,5,2585.0,9.2,502,0,5,410970,3397015,503,0,5,-76.75,524,-75.0,-20.0,77.62087348130012,1,-255.06858282186246,-21,11,1,15.138717419241116
1990,234901,411045.0,3397035.0,22,270,6,5,2585.0,9.2,502,0,5,411260,3396745,502,6,14,-108.5,524,215.0,-290.0,361.00554012369395,0,-143.44752724790845,-22,11,1,3.487343147324242
1991,234901,411045.0,3397035.0,22,270,6,5,2585.0,9.2,502,0,5,410900,3397105,504,0,14,-81.17,524,-145.0,70.0,161.01242188104618,2,64.23067237566124,-20,11,1,7.080671484593654
1992,234901,411045.0,3397035.0,22,270,6,5,2585.0,9.2,502,0,5,411210,3396775,503,0,14,-101.67,524,165.0,-260.0,307.9366818032564,1,-147.60015982608067,-21,11,1,3.9012932887539336
1993,234901,411045.0,3397035.0,22,270,6,5,2585.0,9.2,502,0,5,410910,3397115,504,0,14,-86.0,524,-135.0,80.0,156.92354826475216,2,59.34933204294714,-20,11,1,7.263223157392938
1994,234901,411045.0,3397035.0,22,270,6,5,2585.0,9.2,502,0,5,411140,3397215,505,0,5,-106.75,524,95.0,180.0,203.5313243704762,3,-27.824096384253266,-19,11,1,5.333203482749165
1995,234901,411045.0,3397035.0,22,270,6,5,2585.0,9.2,502,0,5,410885,3397320,507,0,14,-94.0,524,-160.0,285.0,326.84093990808435,5,29.31000707091613,-17,11,1,2.97744618401228
1996,234901,411045.0,3397035.0,22,270,6,5,2585.0,9.2,502,0,5,410910,3397285,506,0,5,-94.91,524,-135.0,250.0,284.1214529035075,4,28.369046293278586,-18,11,1,3.625025674116262
1997,234901,411045.0,3397035.0,22,270,6,5,2585.0,9.2,502,0,5,410890,3397305,507,0,5,-96.06,524,-155.0,270.0,311.3278015211619,5,29.859016164923105,-17,11,1,3.125522015002497
1998,234901,411045.0,3397035.0,22,270,6,5,2585.0,9.2,502,0,5,411130,3397225,506,0,6,-105.6,524,85.0,190.0,208.1465829649865,4,-24.10223450116115,-18,11,1,4.94250071101602
1999,234901,411045.0,3397035.0,22,270,6,5,2585.0,9.2,502,0,5,410905,3397300,506,0,14,-92.19,524,-140.0,265.0,299.7081914129142,4,27.84757825978818,-18,11,1,3.436965480169394
2000,234901,411045.0,3397035.0,22,270,6,5,2585.0,9.2,502,0,5,410900,3397295,507,0,14,-91.71,524,-145.0,260.0,297.6995129320839,5,29.148071845713048,-17,11,1,3.268300853282951
2001,234901,411045.0,3397035.0,22,270,6,5,2585.0,9.2,502,0,5,410915,3397290,506,0,5,-96.32,524,-130.0,255.0,286.2254356272342,4,27.012665347938537,-18,11,1,3.598449150063451
2002,234901,411045.0,3397035.0,22,270,6,5,2585.0,9.2,502,0,5,410880,3397315,507,0,14,-94.0,524,-165.0,280.0,325.0,5,30.51023740611555,-17,11,1,2.9942811160952982
2003,234901,411045.0,3397035.0,22,270,6,5,2585.0,9.2,502,0,5,410895,3397310,507,0,14,-91.0,524,-150.0,275.0,313.2491021535417,5,28.61045966596521,-17,11,1,3.1063894129267373
2004,234901,411045.0,3397035.0,22,270,6,5,2585.0,9.2,502,0,5,411135,3397230,506,0,5,-104.75,524,90.0,195.0,214.76731594914529,4,-24.775140568831915,-18,11,1,4.790856308572945
2005,234901,411045.0,3397035.0,22,270,6,5,2585.0,9.2,502,0,5,411115,3397170,502,0,5,-103.0,524,70.0,135.0,152.0690632574555,0,-27.407575437818423,-22,11,1,8.23193032963556
2006,234901,411045.0,3397035.0,22,270,6,5,2585.0,9.2,502,0,5,411325,3397035,502,0,5,-104.67,524,280.0,0.0,280.0,0,-90.0,-22,11,1,4.492581479915314
2007,234901,411045.0,3397035.0,22,270,6,5,2585.0,9.2,502,0,5,410975,3396665,505,6,14,-94.5,524,-70.0,-370.0,376.5634076752546,3,-190.71312302279102,-19,11,1,2.888484064440954
2008,234901,411045.0,3397035.0,22,270,6,5,2585.0,9.2,502,0,5,410955,3396765,504,6,6,-106.5,524,-90.0,-270.0,284.60498941515414,2,-198.43494882292202,-20,11,1,4.019728821855589
2009,234901,411045.0,3397035.0,22,270,6,5,2585.0,9.2,502,0,5,410545,3397015,505,0,5,-92.5,524,-500.0,-20.0,500.39984012787215,3,-267.7093899573615,-19,11,1,2.174455352704985
2010,234901,411045.0,3397035.0,22,270,6,5,2585.0,9.2,502,0,5,410540,3397020,505,0,5,-91.5,524,-505.0,-15.0,505.22272316276513,3,-268.2986453946739,-19,11,1,2.153717527665579
2011,234901,411045.0,3397035.0,22,270,6,5,2585.0,9.2,502,0,5,410555,3397005,505,6,5,-97.0,524,-490.0,-30.0,490.9175083453431,3,-266.4964683552156,-19,11,1,2.216414617931107
2012,234901,411045.0,3397035.0,22,270,6,5,2585.0,9.2,502,0,5,410840,3397180,504,0,5,-86.0,524,-205.0,145.0,251.09759058979438,2,54.72757855140162,-20,11,1,4.554012148539517
2013,234901,411045.0,3397035.0,22,270,6,5,2585.0,9.2,502,0,5,410850,3397170,503,0,7,-84.75,524,-195.0,135.0,237.17082451262846,1,55.30484646876607,-21,11,1,5.0599886759002635
2014,234901,411045.0,3397035.0,22,270,6,5,2585.0,9.2,502,0,5,410860,3397200,505,0,7,-88.33,524,-185.0,165.0,247.8911051248108,3,48.270487923183566,-19,11,1,4.382954859036287
2015,234901,411045.0,3397035.0,22,270,6,5,2585.0,9.2,502,0,5,410865,3397195,505,9,7,-85.25,524,-180.0,160.0,240.8318915758459,3,48.36646066342979,-19,11,1,4.51090438080893
2016,234901,411045.0,3397035.0,22,270,6,5,2585.0,9.2,502,0,5,410855,3397165,503,0,7,-80.17,524,-190.0,130.0,230.21728866442677,1,55.61965527615513,-21,11,1,5.211992245737119
2017,234901,411045.0,3397035.0,22,270,6,5,2585.0,9.2,502,0,5,411080,3397485,504,0,14,-121.0,524,35.0,450.0,451.3590588434002,2,-4.4473848500904865,-20,11,1,2.5371519074849105
2018,234901,411045.0,3397035.0,22,270,6,5,2585.0,9.2,502,0,5,411070,3397475,504,0,6,-117.33,524,25.0,440.0,440.70965498840616,2,-3.2519456003639107,-20,11,1,2.5983771615616784
2019,234901,411045.0,3397035.0,22,270,6,5,2585.0,9.2,502,0,5,411075,3397480,504,0,5,-111.0,524,30.0,445.0,446.0100895719737,2,-3.856800985589814,-20,11,1,2.5675393231230546
2020,234901,411045.0,3397035.0,22,270,6,5,2585.0,9.2,502,0,5,411065,3397470,504,0,6,-104.5,524,20.0,435.0,435.4595273960601,2,-2.632434868986479,-20,11,1,2.6296608408038127
2021,234901,411045.0,3397035.0,22,270,6,5,2585.0,9.2,502,0,5,411175,3396770,503,0,5,-109.0,524,130.0,-265.0,295.16944286290885,1,-153.8689994550614,-21,11,1,4.069484313288071
2022,234901,411045.0,3397035.0,22,270,6,5,2585.0,9.2,502,0,5,411120,3396735,504,0,14,-103.0,524,75.0,-300.0,309.23292192132453,2,-165.96375653207355,-20,11,1,3.7005173658394273
2023,234901,411045.0,3397035.0,22,270,6,5,2585.0,9.2,502,0,5,411130,3396725,504,6,5,-116.0,524,85.0,-310.0,321.4420632089086,2,-164.66671520694644,-20,11,1,3.560331476465502
2024,234901,411045.0,3397035.0,22,270,6,5,2585.0,9.2,502,0,5,411110,3396705,505,0,14,-108.5,524,65.0,-330.0,336.34060117684277,3,-168.85711014166068,-19,11,1,3.23322260931232
2025,234901,411045.0,3397035.0,22,270,6,5,2585.0,9.2,502,0,5,411150,3396745,504,6,14,-106.0,524,105.0,-290.0,308.4234102658227,2,-160.09625046269218,-20,11,1,3.710202932962603
2026,234901,411045.0,3397035.0,22,270,6,5,2585.0,9.2,502,0,5,411190,3396785,503,0,14,-105.0,524,145.0,-250.0,289.0069203323685,1,-149.88626684901757,-21,11,1,4.15595743231603
2027,234901,411045.0,3397035.0,22,270,6,5,2585.0,9.2,502,0,5,411420,3397035,503,0,5,-103.5,524,375.0,0.0,375.0,1,-90.0,-21,11,1,3.205215931013497
2028,234901,411045.0,3397035.0,22,270,6,5,2585.0,9.2,502,0,5,411000,3396615,502,6,5,-98.0,524,-45.0,-420.0,422.4038352098617,0,-186.1155035662854,-22,11,1,2.9814341986851947
2029,234901,411045.0,3397035.0,22,270,6,5,2585.0,9.2,502,0,5,411155,3396750,504,0,14,-108.0,524,110.0,-285.0,305.49140740780257,2,-158.89516141507036,-20,11,1,3.745711307936728
2030,234901,411045.0,3397035.0,22,270,6,5,2585.0,9.2,502,0,5,411145,3396760,504,6,6,-110.33,524,100.0,-275.0,292.61749776799064,2,-160.01689347810003,-20,11,1,3.9100060309689137
2031,234901,411045.0,3397035.0,22,270,6,5,2585.0,9.2,502,0,5,411040,3396655,504,6,5,-98.5,524,-5.0,-380.0,380.0328933131973,2,-180.75384833307078,-20,11,1,3.012527216151929
2032,234901,411045.0,3397035.0,22,270,6,5,2585.0,9.2,502,0,5,411195,3396790,503,0,6,-103.5,524,150.0,-245.0,287.2716484444645,1,-148.523160650416,-21,11,1,4.180972844523658
2033,234901,411045.0,3397035.0,22,270,6,5,2585.0,9.2,502,0,5,411080,3396750,505,6,14,-104.33,524,35.0,-285.0,287.14108030722457,3,-172.99873244250466,-19,11,1,3.785718024305536
2034,234901,411045.0,3397035.0,22,270,6,5,2585.0,9.2,502,0,5,411070,3396780,504,6,14,-100.33,524,25.0,-255.0,256.2225595063791,2,-174.40066066347944,-20,11,1,4.463294492367629
2035,234901,411045.0,3397035.0,22,270,6,5,2585.0,9.2,502,0,5,411200,3396950,501,0,5,-100.0,524,155.0,-85.0,176.7766952966369,-1,-118.73979529168804,-23,11,1,7.412977303222139
2036,234901,411045.0,3397035.0,22,270,6,5,2585.0,9.2,502,0,5,411440,3397030,503,0,5,-100.0,524,395.0,-5.0,395.03164430207363,1,-90.72522429905925,-21,11,1,3.0429963600435914
2037,234901,411045.0,3397035.0,22,270,6,5,2585.0,9.2,502,0,5,411040,3396790,503,6,5,-104.0,524,-5.0,-245.0,245.05101509685693,1,-181.16913932790743,-21,11,1,4.898077515489317
2038,234901,411045.0,3397035.0,22,270,6,5,2585.0,9.2,502,0,5,411075,3396775,504,0,5,-103.0,524,30.0,-260.0,261.72504656604804,2,-173.418055344822,-20,11,1,4.36982587280222
2039,234901,411045.0,3397035.0,22,270,6,5,2585.0,9.2,502,0,5,410890,3396760,504,0,6,-89.33,524,-155.0,-275.0,315.67388235329196,2,-209.40718906073369,-20,11,1,3.6252160301236724
2040,234901,411045.0,3397035.0,22,270,6,5,2585.0,9.2,502,0,5,410880,3396750,505,6,14,-97.0,524,-165.0,-285.0,329.31747600150226,3,-210.06858282186246,-19,11,1,3.302024314435954
2041,234901,411045.0,3397035.0,22,270,6,5,2585.0,9.2,502,0,5,410895,3396755,504,0,14,-98.0,524,-150.0,-280.0,317.6476034853718,2,-208.17859010995917,-20,11,1,3.602750060825394
2042,234901,411045.0,3397035.0,22,270,6,5,2585.0,9.2,502,0,5,410990,3396660,504,6,5,-108.5,524,-55.0,-375.0,379.0118731649445,2,-188.3438915840331,-20,11,1,3.020627654890762
2043,234901,411045.0,3397035.0,22,270,6,5,2585.0,9.2,502,0,5,410935,3396795,502,0,6,-106.5,524,-110.0,-240.0,264.0075756488817,0,-204.62356478616363,-22,11,1,4.763505627924038
2044,234901,411045.0,3397035.0,22,270,6,5,2585.0,9.2,502,0,5,411115,3396615,504,0,5,-130.0,524,70.0,-420.0,425.7933771208754,2,-170.53767779197437,-20,11,1,2.689271430047079
2045,234901,411045.0,3397035.0,22,270,6,5,2585.0,9.2,502,0,5,410645,3397035,506,0,14,-82.0,524,-400.0,0.0,400.0,4,90.0,-18,11,1,2.5765718302688305
2046,234901,411045.0,3397035.0,22,270,6,5,2585.0,9.2,502,0,5,410685,3396995,506,0,5,-94.5,524,-360.0,-40.0,362.2154055254967,4,-263.6598082540901,-18,11,1,2.8449268458706496
2047,234901,411045.0,3397035.0,22,270,6,5,2585.0,9.2,502,0,5,410670,3397010,506,0,5,-86.71,524,-375.0,-25.0,375.8324094593227,4,-266.18592516570965,-18,11,1,2.742010897981148
2048,234901,411045.0,3397035.0,22,270,6,5,2585.0,9.2,502,0,5,410665,3397015,506,0,5,-92.67,524,-380.0,-20.0,380.52595180880894,4,-266.98721249581666,-18,11,1,2.7082406280490754
2049,234901,411045.0,3397035.0,22,270,6,5,2585.0,9.2,502,0,5,410655,3397025,506,0,5,-87.5,524,-390.0,-10.0,390.1281840626232,4,-268.5311992856142,-18,11,1,2.6416782655135105
2050,234901,411045.0,3397035.0,22,270,6,5,2585.0,9.2,502,0,5,410660,3397020,506,0,5,-93.0,524,-385.0,-15.0,385.2920969861697,4,-267.7688253919688,-18,11,1,2.6747880733825986
2051,234901,411045.0,3397035.0,22,270,6,5,2585.0,9.2,502,0,5,411050,3396790,503,6,6,-106.75,524,5.0,-245.0,245.05101509685693,1,-178.83086067209257,-21,11,1,4.898077515489317
2052,234901,411045.0,3397035.0,22,270,6,5,2585.0,9.2,502,0,5,411055,3396785,504,6,14,-105.0,524,10.0,-250.0,250.19992006393608,2,-177.70938995736148,-20,11,1,4.570281997144873
2053,234901,411045.0,3397035.0,22,270,6,5,2585.0,9.2,502,0,5,411085,3396755,505,0,14,-104.67,524,40.0,-280.0,282.842712474619,3,-171.86989764584405,-19,11,1,3.843078560535127
2054,234901,411045.0,3397035.0,22,270,6,5,2585.0,9.2,502,0,5,411450,3397030,504,0,5,-96.67,524,405.0,-5.0,405.0308630215727,2,-90.70731936854426,-20,11,1,2.8269095030252185
2055,234901,411045.0,3397035.0,22,270,6,5,2585.0,9.2,502,0,5,411440,3397040,503,0,5,-110.0,524,395.0,5.0,395.03164430207363,1,-89.27477570094075,-21,11,1,3.0429963600435914
2056,234901,411045.0,3397035.0,22,270,6,5,2585.0,9.2,502,0,5,411060,3396780,504,6,14,-105.67,524,15.0,-255.0,255.44079548889601,2,-176.6335393365702,-20,11,1,4.476898740140696
2057,234901,411045.0,3397035.0,22,270,6,5,2585.0,9.2,502,0,5,411070,3396770,505,6,5,-104.75,524,25.0,-265.0,266.1766330841233,3,-174.6106882400266,-19,11,1,4.082914763272357
2058,234901,411045.0,3397035.0,22,270,6,5,2585.0,9.2,502,0,5,411455,3397025,504,0,5,-102.5,524,410.0,-10.0,410.1219330881976,2,-91.39718102729637,-20,11,1,2.79187338302039
2059,234901,411045.0,3397035.0,22,270,6,5,2585.0,9.2,502,0,5,411015,3396775,505,0,5,-108.0,524,-30.0,-260.0,261.72504656604804,3,-186.581944655178,-19,11,1,4.152118724244152
2060,234901,411045.0,3397035.0,22,270,6,5,2585.0,9.2,502,0,5,411010,3396780,504,0,14,-100.67,524,-35.0,-255.0,257.390753524675,2,-187.8152935467669,-20,11,1,4.44311867549612
2061,234901,411045.0,3397035.0,22,270,6,5,2585.0,9.2,502,0,5,411000,3396770,505,6,5,-108.0,524,-45.0,-265.0,268.79360111431225,3,-189.63753811293094,-19,11,1,4.043296089461982
2062,234901,411045.0,3397035.0,22,270,6,5,2585.0,9.2,502,0,5,411025,3396785,504,6,14,-103.5,524,-20.0,-250.0,250.79872407968904,2,-184.57392125990086,-20,11,1,4.559416109622995
2063,234901,411045.0,3397035.0,22,270,6,5,2585.0,9.2,502,0,5,411020,3396790,503,6,5,-101.0,524,-25.0,-245.0,246.272207120495,1,-185.8263420295558,-21,11,1,4.873906666786909
2064,234901,411045.0,3397035.0,22,270,6,5,2585.0,9.2,502,0,5,411030,3396800,503,0,14,-102.8,524,-15.0,-235.0,235.47823678633233,1,-183.65222278030635,-21,11,1,5.096168391142965
2065,234901,411045.0,3397035.0,22,270,6,5,2585.0,9.2,502,0,5,410995,3397150,503,0,5,-90.33,524,-50.0,115.0,125.39936203984452,1,23.498565675952136,-21,11,1,9.506819471457565
2066,234901,411045.0,3397035.0,22,270,6,5,2585.0,9.2,502,0,5,410990,3397145,503,0,5,-85.0,524,-55.0,110.0,122.98373876248843,1,26.565051177077976,-21,11,1,9.690043350322066
2067,234901,411045.0,3397035.0,22,270,6,5,2585.0,9.2,502,0,5,411005,3397180,503,0,7,-91.25,524,-40.0,145.0,150.41608956491322,1,15.422161318738688,-21,11,1,7.947846508162039
2068,234901,411045.0,3397035.0,22,270,6,5,2585.0,9.2,502,0,5,411035,3397190,503,0,7,-100.0,524,-10.0,155.0,155.32224567009067,1,3.69138598645128,-21,11,1,7.699858158693675
2069,234901,411045.0,3397035.0,22,270,6,5,2585.0,9.2,502,0,5,411120,3397295,505,0,5,-100.0,524,75.0,260.0,270.60118255469615,3,-16.090816348852172,-19,11,1,4.016376073328776
2070,234901,411045.0,3397035.0,22,270,6,5,2585.0,9.2,502,0,5,411025,3397200,503,0,7,-96.2,524,-20.0,165.0,166.20770138594662,1,6.911227119024716,-21,11,1,7.20104655890716
2071,234901,411045.0,3397035.0,22,270,6,5,2585.0,9.2,502,0,5,411150,3397305,506,0,14,-110.0,524,105.0,270.0,289.69811873741946,4,-21.250505507133255,-18,11,1,3.5554249660262354
2072,234901,411045.0,3397035.0,22,270,6,5,2585.0,9.2,502,0,5,411020,3397195,503,0,7,-91.89,524,-25.0,160.0,161.94134740701648,1,8.880659150520273,-21,11,1,7.388688705099248
2073,234901,411045.0,3397035.0,22,270,6,5,2585.0,9.2,502,0,5,410945,3397280,506,0,7,-95.71,524,-100.0,245.0,264.62237244798484,4,22.203478532057375,-18,11,1,3.891348283943495
2074,234901,411045.0,3397035.0,22,270,6,5,2585.0,9.2,502,0,5,411060,3397395,504,0,5,-110.33,524,15.0,360.0,360.3123644839294,2,-2.3859440303888277,-20,11,1,3.177079089287504
2075,234901,411045.0,3397035.0,22,270,6,5,2585.0,9.2,502,0,5,411135,3397290,506,0,5,-98.0,524,90.0,255.0,270.4163456597992,4,-19.44003482817618,-18,11,1,3.808219799072917
2076,234901,411045.0,3397035.0,22,270,6,5,2585.0,9.2,502,0,5,410935,3397250,506,6,7,-86.5,524,-110.0,215.0,241.50569351466643,4,27.095552493751825,-18,11,1,4.262511001796246
2077,234901,411045.0,3397035.0,22,270,6,5,2585.0,9.2,502,0,5,410920,3397255,506,6,5,-84.14,524,-125.0,220.0,253.03161857759991,4,29.604450746004886,-18,11,1,4.069015645073221
2078,234901,411045.0,3397035.0,22,270,6,5,2585.0,9.2,502,0,5,411055,3397370,504,0,5,-114.25,524,10.0,335.0,335.1492204973779,2,-1.709814044141524,-20,11,1,3.4150706048071746
2079,234901,411045.0,3397035.0,22,270,6,5,2585.0,9.2,502,0,5,410930,3397245,506,0,7,-90.6,524,-115.0,210.0,239.42639787625757,4,28.70595254340111,-18,11,1,4.29939051799651
2080,234901,411045.0,3397035.0,22,270,6,5,2585.0,9.2,502,0,5,410940,3397275,506,0,7,-94.0,524,-105.0,240.0,261.9637379485947,4,23.629377730656813,-18,11,1,3.9307178708252377
2081,234901,411045.0,3397035.0,22,270,6,5,2585.0,9.2,502,0,5,411125,3397300,505,0,6,-110.33,524,80.0,265.0,276.81221071332817,3,-16.798371781305292,-19,11,1,3.9265429636101987
2082,234901,411045.0,3397035.0,22,270,6,5,2585.0,9.2,502,0,5,410915,3397230,506,0,7,-93.6,524,-130.0,195.0,234.3608329051593,4,33.69006752597977,-18,11,1,4.39195942085685
2083,234901,411045.0,3397035.0,22,270,6,5,2585.0,9.2,502,0,5,411065,3397400,504,0,6,-110.0,524,20.0,365.0,365.54753452868476,2,-3.136358368332594,-20,11,1,3.1316699390106546
2084,234901,411045.0,3397035.0,22,270,6,5,2585.0,9.2,502,0,5,411070,3397385,504,0,5,-112.5,524,25.0,350.0,350.891721190455,2,-4.085616779974885,-20,11,1,3.262194604693493
2085,234901,411045.0,3397035.0,22,270,6,5,2585.0,9.2,502,0,5,411075,3397390,504,0,14,-106.0,524,30.0,355.0,356.2653505464712,2,-4.830419958289951,-20,11,1,3.213094082001354
2086,234901,411045.0,3397035.0,22,270,6,5,2585.0,9.2,502,0,5,410910,3397225,506,0,7,-96.0,524,-135.0,190.0,233.0772404161333,4,35.39479584498707,-18,11,1,4.416051206861289
2087,234901,411045.0,3397035.0,22,270,6,5,2585.0,9.2,502,0,5,411010,3397165,503,0,7,-100.0,524,-35.0,130.0,134.6291201783626,1,15.068488159492233,-21,11,1,8.86578579143473
2088,234901,411045.0,3397035.0,22,270,6,5,2585.0,9.2,502,0,5,411000,3397175,503,0,7,-102.0,524,-45.0,140.0,147.05441169852742,1,17.818888914522745,-21,11,1,8.127134325384013
2089,234901,411045.0,3397035.0,22,270,6,5,2585.0,9.2,502,0,5,411015,3397170,503,0,7,-96.0,524,-30.0,135.0,138.2931668593933,1,12.528807709151522,-21,11,1,8.634476058451309
2090,234901,411045.0,3397035.0,22,270,6,5,2585.0,9.2,502,0,5,410825,3397200,505,0,14,-93.0,524,-220.0,165.0,275.0,3,53.13010235415595,-19,11,1,3.9523365821157657
2091,234901,411045.0,3397035.0,22,270,6,5,2585.0,9.2,502,0,5,410850,3397125,503,0,5,-76.5,524,-195.0,90.0,214.76731594914529,1,65.22485943116806,-21,11,1,5.584642095815385
2092,234901,411045.0,3397035.0,22,270,6,5,2585.0,9.2,502,0,5,410870,3397145,503,0,5,-75.0,524,-175.0,110.0,206.70026608594387,1,57.847704858717634,-21,11,1,5.8011393197178265
2093,234901,411045.0,3397035.0,22,270,6,5,2585.0,9.2,502,0,5,410865,3397160,503,0,7,-84.5,524,-180.0,125.0,219.14607000811125,1,55.2221686336361,-21,11,1,5.4737400148465625
2094,234901,411045.0,3397035.0,22,270,6,5,2585.0,9.2,502,0,5,410830,3397185,504,12,14,-88.25,524,-215.0,150.0,262.15453457836657,2,55.09750438407531,-20,11,1,4.362694444954566
2095,234901,411045.0,3397035.0,22,270,6,5,2585.0,9.2,502,0,5,410820,3397195,505,12,5,-92.0,524,-225.0,160.0,276.08875384557047,3,54.58294472353259,-19,11,1,3.9367996790815183
2096,234901,411045.0,3397035.0,22,270,6,5,2585.0,9.2,502,0,5,410845,3397140,503,0,5,-93.5,524,-200.0,105.0,225.88713996153035,1,62.30052719194498,-21,11,1,5.31133757641493
2097,234901,411045.0,3397035.0,22,270,6,5,2585.0,9.2,502,0,5,410860,3397155,502,0,7,-81.0,524,-185.0,120.0,220.51077071199947,0,57.03059609653792,-22,11,1,5.6974527736592195
2098,234901,411045.0,3397035.0,22,270,6,5,2585.0,9.2,502,0,5,410855,3397130,503,0,5,-81.2,524,-190.0,95.0,212.42645786248002,1,63.434948822922024,-21,11,1,5.645787268431119
2099,234901,411045.0,3397035.0,22,270,6,5,2585.0,9.2,502,0,5,410875,3397150,503,0,5,-74.0,524,-170.0,115.0,205.24375751773792,1,55.922804719869305,-21,11,1,5.8420232542567305
2100,234901,411045.0,3397035.0,22,270,6,5,2585.0,9.2,502,0,5,410895,3397200,505,9,7,-96.0,524,-150.0,165.0,222.9910312097776,3,42.27368900609372,-19,11,1,4.870136645260546
2101,234901,411045.0,3397035.0,22,270,6,5,2585.0,9.2,502,0,5,411030,3397215,504,12,7,-99.25,524,-15.0,180.0,180.62391868188442,2,4.7636416907261605,-20,11,1,6.318468621306838
2102,234901,411045.0,3397035.0,22,270,6,5,2585.0,9.2,502,0,5,410960,3397265,505,0,5,-93.43,524,-85.0,230.0,245.20399670478457,3,20.282559088916628,-19,11,1,4.430795958971878
2103,234901,411045.0,3397035.0,22,270,6,5,2585.0,9.2,502,0,5,411100,3397285,505,0,7,-99.58,524,55.0,250.0,255.9785147234041,3,-12.40741852740075,-19,11,1,4.244993762898524
2104,234901,411045.0,3397035.0,22,270,6,5,2585.0,9.2,502,0,5,411055,3397360,504,0,6,-109.0,524,10.0,325.0,325.1538097577822,2,-1.7623910236604843,-20,11,1,3.519791788244585
2105,234901,411045.0,3397035.0,22,270,6,5,2585.0,9.2,502,0,5,411000,3397225,504,0,7,-92.14,524,-45.0,190.0,195.25624189766637,2,13.324531261890797,-20,11,1,5.848381828853835
2106,234901,411045.0,3397035.0,22,270,6,5,2585.0,9.2,502,0,5,411070,3397335,504,0,5,-107.0,524,25.0,300.0,301.0398644698074,2,-4.7636416907261605,-20,11,1,3.8009387837024193
2107,234901,411045.0,3397035.0,22,270,6,5,2585.0,9.2,502,0,5,411110,3397295,505,0,7,-105.8,524,65.0,260.0,268.00186566514793,3,-14.036243467926454,-19,11,1,4.055201068345757
2108,234901,411045.0,3397035.0,22,270,6,5,2585.0,9.2,502,0,5,411010,3397235,504,12,7,-96.0,524,-35.0,200.0,203.03940504246953,2,9.926245506651696,-20,11,1,5.625660705328928
2109,234901,411045.0,3397035.0,22,270,6,5,2585.0,9.2,502,0,5,411015,3397240,504,0,7,-95.0,524,-30.0,205.0,207.18349355100662,2,8.32565033042681,-20,11,1,5.513836578103253
2110,234901,411045.0,3397035.0,22,270,6,5,2585.0,9.2,502,0,5,411020,3397205,503,0,7,-97.0,524,-25.0,170.0,171.82840277439584,1,8.365886124032613,-21,11,1,6.967846319849827
2111,234901,411045.0,3397035.0,22,270,6,5,2585.0,9.2,502,0,5,411025,3397210,503,12,7,-97.0,524,-20.0,175.0,176.13914953808538,1,6.519801751656985,-21,11,1,6.798934550843904
2112,234901,411045.0,3397035.0,22,270,6,5,2585.0,9.2,502,0,5,410980,3397245,505,0,7,-95.67,524,-65.0,210.0,219.82947936980608,3,17.198541220065863,-19,11,1,4.939834020933737
2113,234901,411045.0,3397035.0,22,270,6,5,2585.0,9.2,502,0,5,410995,3397260,505,0,7,-97.0,524,-50.0,225.0,230.4886114323222,3,12.528807709151522,-19,11,1,4.712441011661823
2114,234901,411045.0,3397035.0,22,270,6,5,2585.0,9.2,502,0,5,411060,3397325,504,0,5,-108.0,524,15.0,290.0,290.38767191463205,2,-2.960936134163717,-20,11,1,3.939935944692208
2115,234901,411045.0,3397035.0,22,270,6,5,2585.0,9.2,502,0,5,410920,3397145,504,0,5,-86.38,524,-125.0,110.0,166.50825805346713,2,48.65222278030632,-20,11,1,6.849221512948449
2116,234901,411045.0,3397035.0,22,270,6,5,2585.0,9.2,502,0,5,410975,3397280,505,0,5,-100.07,524,-70.0,245.0,254.80384612481814,3,15.945395900922847,-19,11,1,4.264491535442778
2117,234901,411045.0,3397035.0,22,270,6,5,2585.0,9.2,502,0,5,411065,3397330,504,0,5,-110.38,524,20.0,295.0,295.67718883945037,2,-3.8785245028477107,-20,11,1,3.869668545380076
2118,234901,411045.0,3397035.0,22,270,6,5,2585.0,9.2,502,0,5,410990,3397255,505,0,7,-96.86,524,-55.0,220.0,226.77080940897133,3,14.03624346792651,-19,11,1,4.789342789435442
2119,234901,411045.0,3397035.0,22,270,6,5,2585.0,9.2,502,0,5,410985,3397250,505,0,7,-99.3,524,-60.0,215.0,223.21514285549716,3,15.592810939266315,-19,11,1,4.865270431382923
2120,234901,411045.0,3397035.0,22,270,6,5,2585.0,9.2,502,0,5,411085,3397310,504,0,7,-102.75,524,40.0,275.0,277.89386463180506,2,-8.27589282707521,-20,11,1,4.116475294425289
2121,234901,411045.0,3397035.0,22,270,6,5,2585.0,9.2,502,0,5,410965,3397270,505,0,14,-99.17,524,-80.0,235.0,248.2438317461282,3,18.79988515865267,-19,11,1,4.376751387673494
2122,234901,411045.0,3397035.0,22,270,6,5,2585.0,9.2,502,0,5,410970,3397275,505,0,14,-97.69,524,-75.0,240.0,251.44581921360316,3,17.35402463626133,-19,11,1,4.3212289698134
2123,234901,411045.0,3397035.0,22,270,6,5,2585.0,9.2,502,0,5,411090,3397315,504,0,7,-107.67,524,45.0,280.0,283.59301824974466,2,-9.13017648227867,-20,11,1,4.03402551881095
2124,234901,411045.0,3397035.0,22,270,6,5,2585.0,9.2,502,0,5,411080,3397305,504,0,7,-106.4,524,35.0,270.0,272.2590678012396,2,-7.386043151267245,-20,11,1,4.201369734777764
2125,234901,411045.0,3397035.0,22,270,6,5,2585.0,9.2,502,0,5,411105,3397290,505,0,7,-99.0,524,60.0,255.0,261.9637379485947,3,-13.240519915187178,-19,11,1,4.148348685364574
2126,234901,411045.0,3397035.0,22,270,6,5,2585.0,9.2,502,0,5,411005,3397230,504,12,7,-92.14,524,-40.0,195.0,199.06029237394384,2,11.592175410291077,-20,11,1,5.737371809903426
2127,234901,411045.0,3397035.0,22,270,6,5,2585.0,9.2,502,0,5,410915,3397180,504,0,7,-91.25,524,-130.0,145.0,194.74342094150447,2,41.877869537884294,-20,11,1,5.863675297317119
2128,234901,411045.0,3397035.0,22,270,6,5,2585.0,9.2,502,0,5,411050,3397355,504,15,6,-109.0,524,5.0,320.0,320.0390601161052,2,-0.8951737102110542,-20,11,1,3.5758990233004893
2129,234901,411045.0,3397035.0,22,270,6,5,2585.0,9.2,502,0,5,411115,3397300,505,0,7,-100.67,524,70.0,265.0,274.0894014733149,3,-14.796762245057323,-19,11,1,3.9654254831025413
2130,234901,411045.0,3397035.0,22,270,6,5,2585.0,9.2,502,0,5,411045,3397350,504,15,6,-119.33,524,0.0,315.0,315.0,2,0.0,-20,11,1,3.632950739488207
2131,234901,411045.0,3397035.0,22,270,6,5,2585.0,9.2,502,0,5,411035,3397220,504,12,7,-93.0,524,-10.0,185.0,185.27007313648906,2,3.094058058917085,-20,11,1,6.161249894146833
2132,234901,411045.0,3397035.0,22,270,6,5,2585.0,9.2,502,0,5,410925,3397150,504,0,5,-85.17,524,-120.0,115.0,166.20770138594662,2,46.21887523513135,-20,11,1,6.861489121849566
2133,234901,411045.0,3397035.0,22,270,6,5,2585.0,9.2,502,0,5,410855,3397175,504,0,7,-87.44,524,-190.0,140.0,236.00847442411893,2,53.615648184164115,-20,11,1,4.843827267755596
2134,234901,411045.0,3397035.0,22,270,6,5,2585.0,9.2,502,0,5,410840,3397170,503,0,5,-84.0,524,-205.0,135.0,245.45875417267155,1,56.63363399894047,-21,11,1,4.889980653550876
2135,234901,411045.0,3397035.0,22,270,6,5,2585.0,9.2,502,0,5,410790,3397280,506,0,14,-101.5,524,-255.0,245.0,353.62409420173844,4,46.145762838175074,-18,11,1,2.913926744722833
2136,234901,411045.0,3397035.0,22,270,6,5,2585.0,9.2,502,0,5,410845,3397165,503,0,5,-88.5,524,-200.0,130.0,238.53720883753127,1,56.97613244420336,-21,11,1,5.031153332588151
2137,234901,411045.0,3397035.0,22,270,6,5,2585.0,9.2,502,0,5,410850,3397180,504,0,7,-85.0,524,-195.0,145.0,243.00205760445732,2,53.36588612403261,-20,11,1,4.705057316023905
2138,234901,411045.0,3397035.0,22,270,6,5,2585.0,9.2,502,0,5,410860,3397190,505,0,7,-89.17,524,-185.0,155.0,241.3503677229434,3,50.04245106917091,-19,11,1,4.501253785847439
2139,234901,411045.0,3397035.0,22,270,6,5,2585.0,9.2,502,0,5,410930,3396825,502,6,14,-107.0,524,-115.0,-210.0,239.42639787625757,0,-208.7059525434011,-22,11,1,5.249953638694776
2140,234901,411045.0,3397035.0,22,270,6,5,2585.0,9.2,502,0,5,410925,3396840,502,0,14,-90.0,524,-120.0,-195.0,228.96506283710622,0,-211.6075022462489,-22,11,1,5.488389279304518
2141,234901,411045.0,3397035.0,22,270,6,5,2585.0,9.2,502,0,5,411055,3397030,501,0,5,-83.67,524,10.0,-5.0,11.180339887498949,-1,-116.56505117707798,-23,11,1,64.07553305964554
2142,234901,411045.0,3397035.0,22,270,6,5,2585.0,9.2,502,0,5,411040,3397035,502,0,5,-76.25,524,-5.0,0.0,5.0,0,90.0,-22,11,1,77.19573393471325
2143,234901,411045.0,3397035.0,22,270,6,5,2585.0,9.2,502,0,5,410950,3396805,502,6,14,-95.5,524,-95.0,-230.0,248.84734276258607,0,-202.44275336529435,-22,11,1,5.052247889826847
2144,234901,411045.0,3397035.0,22,270,6,5,2585.0,9.2,502,0,5,411050,3397025,501,0,5,-78.87,524,5.0,-10.0,11.180339887498949,-1,-153.43494882292202,-23,11,1,64.07553305964554
2145,234901,411045.0,3397035.0,22,270,6,5,2585.0,9.2,502,0,5,410940,3396815,502,0,5,-106.0,524,-105.0,-220.0,243.77243486497812,0,-205.51387042753424,-22,11,1,5.156865325897233
2146,234901,411045.0,3397035.0,22,270,6,5,2585.0,9.2,502,0,5,410895,3396870,502,0,14,-99.5,524,-150.0,-165.0,222.9910312097776,0,-222.27368900609375,-22,11,1,5.634491810100202
2147,234901,411045.0,3397035.0,22,270,6,5,2585.0,9.2,502,0,5,410920,3396835,502,0,5,-88.67,524,-125.0,-200.0,235.8495283014151,0,-212.00538320808352,-22,11,1,5.329118884256304
2148,234901,411045.0,3397035.0,22,270,6,5,2585.0,9.2,502,0,5,411065,3397020,501,0,5,-82.0,524,20.0,-15.0,25.0,-1,-126.86989764584402,-23,11,1,42.61405596961119
2149,234901,411045.0,3397035.0,22,270,6,5,2585.0,9.2,502,0,5,411045,3397040,502,0,5,-82.67,524,0.0,5.0,5.0,0,0.0,-22,11,1,77.19573393471325
2150,234901,411045.0,3397035.0,22,270,6,5,2585.0,9.2,502,0,5,410905,3396780,503,0,14,-96.0,524,-140.0,-255.0,290.90376415577714,1,-208.7676493388438,-21,11,1,4.128952457303229
2151,234901,411045.0,3397035.0,22,270,6,5,2585.0,9.2,502,0,5,410900,3396775,503,0,5,-97.5,524,-145.0,-260.0,297.6995129320839,1,-209.14807184571305,-21,11,1,4.035013560148203
2152,234901,411045.0,3397035.0,22,270,6,5,2585.0,9.2,502,0,5,411265,3397060,505,0,14,-105.6,524,220.0,25.0,221.41589825484527,3,-83.51692630710275,-19,11,1,4.904613955502575
2153,234901,411045.0,3397035.0,22,270,6,5,2585.0,9.2,502,0,5,411015,3396670,505,0,14,-93.5,524,-30.0,-365.0,366.23080154459973,3,-184.69868051729944,-19,11,1,2.9698340501344966
2154,234901,411045.0,3397035.0,22,270,6,5,2585.0,9.2,502,0,5,410890,3396785,503,6,14,-104.0,524,-155.0,-250.0,294.15132160165456,1,-211.79891282429443,-21,11,1,4.0835221095480625
2155,234901,411045.0,3397035.0,22,270,6,5,2585.0,9.2,502,0,5,411000,3396675,505,6,14,-102.25,524,-45.0,-360.0,362.80159867343474,3,-187.1250163489018,-19,11,1,2.9978539744209147
2156,234901,411045.0,3397035.0,22,270,6,5,2585.0,9.2,502,0,5,411015,3396780,504,0,14,-107.0,524,-30.0,-255.0,256.7586415293554,2,-186.70983680775694,-20,11,1,4.454013191879431
2157,234901,411045.0,3397035.0,22,270,6,5,2585.0,9.2,502,0,5,411020,3396785,504,6,14,-107.2,524,-25.0,-250.0,251.24689052802225,2,-185.71059313749964,-20,11,1,4.551317363633067
2158,234901,411045.0,3397035.0,22,270,6,5,2585.0,9.2,502,0,5,411010,3396775,505,0,5,-106.67,524,-35.0,-260.0,262.3451924468981,3,-187.66680426181418,-19,11,1,4.1423379254489
2159,234901,411045.0,3397035.0,22,270,6,5,2585.0,9.2,502,0,5,410995,3396760,506,6,6,-103.5,524,-50.0,-275.0,279.5084971874737,4,-190.30484646876602,-18,11,1,3.6846889321305167
2160,234901,411045.0,3397035.0,22,270,6,5,2585.0,9.2,502,0,5,411025,3396790,503,6,5,-102.75,524,-20.0,-245.0,245.81497106563708,1,-184.666858371439,-21,11,1,4.882928741098809
2161,234901,411045.0,3397035.0,22,270,6,5,2585.0,9.2,502,0,5,410855,3396950,503,0,5,-99.5,524,-190.0,-85.0,208.1465829649865,1,-245.89776549883888,-21,11,1,5.761101899534255
2162,234901,411045.0,3397035.0,22,270,6,5,2585.0,9.2,502,0,5,410865,3396940,503,12,14,-89.0,524,-180.0,-95.0,203.5313243704762,1,-242.17590361574673,-21,11,1,5.890831528316899
2163,234901,411045.0,3397035.0,22,270,6,5,2585.0,9.2,502,0,5,410565,3397000,506,6,5,-95.67,524,-480.0,-35.0,481.27435003332556,4,-265.8295634751579,-18,11,1,2.1419042131754127
2164,234901,411045.0,3397035.0,22,270,6,5,2585.0,9.2,502,0,5,410610,3397025,506,0,5,-84.5,524,-435.0,-10.0,435.1149273467873,4,-268.68308759420677,-18,11,1,2.3688829167665797
2165,234901,411045.0,3397035.0,22,270,6,5,2585.0,9.2,502,0,5,410805,3396920,504,0,5,-117.67,524,-240.0,-115.0,266.1296676434253,2,-244.39781244855823,-20,11,1,4.297775628900612
2166,234901,411045.0,3397035.0,22,270,6,5,2585.0,9.2,502,0,5,410840,3396955,504,6,10,-98.0,524,-205.0,-80.0,220.05681084665386,2,-248.68208772453846,-20,11,1,5.193095224005903
2167,234901,411045.0,3397035.0,22,270,6,5,2585.0,9.2,502,0,5,410620,3397015,506,0,5,-87.0,524,-425.0,-20.0,425.47032799009617,4,-267.3057157101439,-18,11,1,2.422517700193415
2168,234901,411045.0,3397035.0,22,270,6,5,2585.0,9.2,502,0,5,411100,3396760,504,6,6,-108.75,524,55.0,-275.0,280.4460732476032,2,-168.69006752597977,-20,11,1,4.0791402144885565
2169,234901,411045.0,3397035.0,22,270,6,5,2585.0,9.2,502,0,5,411090,3396730,506,6,5,-115.5,524,45.0,-305.0,308.3018001893599,4,-171.6070748126075,-18,11,1,3.3413836235801417
2170,234901,411045.0,3397035.0,22,270,6,5,2585.0,9.2,502,0,5,411460,3397040,504,0,14,-88.0,524,415.0,5.0,415.03011938894264,2,-89.30972280213493,-20,11,1,2.7589077352116913
2171,234901,411045.0,3397035.0,22,270,6,5,2585.0,9.2,502,0,5,411050,3396770,505,6,5,-101.0,524,5.0,-265.0,265.04716561397146,3,-178.9190758133393,-19,11,1,4.100254409958083
2172,234901,411045.0,3397035.0,22,270,6,5,2585.0,9.2,502,0,5,411110,3396750,504,0,14,-109.0,524,65.0,-285.0,292.31831964486935,2,-167.15229514128234,-20,11,1,3.9139953610463936
2173,234901,411045.0,3397035.0,22,270,6,5,2585.0,9.2,502,0,5,411040,3396780,504,0,14,-98.33,524,-5.0,-255.0,255.04901489713697,2,-181.12330271407544,-20,11,1,4.48374768005754
2174,234901,411045.0,3397035.0,22,270,6,5,2585.0,9.2,502,0,5,411045,3396775,505,0,5,-100.8,524,0.0,-260.0,260.0,3,-180.0,-19,11,1,4.179569873429808
2175,234901,411045.0,3397035.0,22,270,6,5,2585.0,9.2,502,0,5,411175,3396680,504,6,14,-109.0,524,130.0,-355.0,378.05422891431857,2,-159.88741171092454,-20,11,1,3.02826494395369
2176,234901,411045.0,3397035.0,22,270,6,5,2585.0,9.2,502,0,5,411075,3396780,504,6,14,-98.5,524,30.0,-255.0,256.7586415293554,2,-173.29016319224309,-20,11,1,4.454013191879431
2177,234901,411045.0,3397035.0,22,270,6,5,2585.0,9.2,502,0,5,411155,3396700,504,0,14,-105.0,524,110.0,-335.0,352.59750424527965,2,-161.8219812015815,-20,11,1,3.2464467194352107
2178,234901,411045.0,3397035.0,22,270,6,5,2585.0,9.2,502,0,5,411445,3397030,504,0,5,-110.0,524,400.0,-5.0,400.03124877939223,2,-90.7161599454704,-20,11,1,2.8621819987224173
2179,234901,411045.0,3397035.0,22,270,6,5,2585.0,9.2,502,0,5,411450,3397035,504,0,14,-101.5,524,405.0,0.0,405.0,2,-90.0,-20,11,1,2.827124578161273
2180,234901,411045.0,3397035.0,22,270,6,5,2585.0,9.2,502,0,5,411060,3396765,505,6,6,-98.5,524,15.0,-270.0,270.4163456597992,3,-176.82016988013578,-19,11,1,4.019112381424561
2181,234901,411045.0,3397035.0,22,270,6,5,2585.0,9.2,502,0,5,411065,3396770,505,6,5,-96.5,524,20.0,-265.0,265.75364531836624,3,-175.6839724801344,-19,11,1,4.089391319584157
2182,234901,411045.0,3397035.0,22,270,6,5,2585.0,9.2,502,0,5,411040,3396785,504,6,14,-103.33,524,-5.0,-250.0,250.04999500099976,2,-181.1457628381751,-20,11,1,4.573010629227879
2183,234901,411045.0,3397035.0,22,270,6,5,2585.0,9.2,502,0,5,411050,3396795,503,0,14,-100.0,524,5.0,-240.0,240.05207768315609,1,-178.80651057601796,-21,11,1,4.999565240380293
2184,234901,411045.0,3397035.0,22,270,6,5,2585.0,9.2,502,0,5,410855,3396775,503,6,5,-99.0,524,-190.0,-260.0,322.02484376209236,1,-216.15818543980834,-21,11,1,3.7311099403308168
2185,234901,411045.0,3397035.0,22,270,6,5,2585.0,9.2,502,0,5,410835,3396755,504,0,14,-99.5,524,-210.0,-280.0,350.0,2,-216.86989764584402,-20,11,1,3.2704879231835653
2186,234901,411045.0,3397035.0,22,270,6,5,2585.0,9.2,502,0,5,410970,3397110,504,9,5,-77.5,524,-75.0,75.0,106.06601717798213,2,45.0,-20,11,1,10.678414922779545
2187,234901,411045.0,3397035.0,22,270,6,5,2585.0,9.2,502,0,5,410965,3397115,504,0,5,-82.05,524,-80.0,80.0,113.13708498984761,2,45.0,-20,11,1,10.024987862075742
2188,234901,411045.0,3397035.0,22,270,6,5,2585.0,9.2,502,0,5,411215,3396705,503,0,14,-113.5,524,170.0,-330.0,371.2142238654117,1,-152.74467162505692,-21,11,1,3.2378346777261156
2189,234901,411045.0,3397035.0,22,270,6,5,2585.0,9.2,502,0,5,410900,3397020,504,0,5,-81.35,524,-145.0,-15.0,145.7737973711325,2,-264.0938588862295,-20,11,1,7.812142384069066
2190,234901,411045.0,3397035.0,22,270,6,5,2585.0,9.2,502,0,5,411110,3396810,503,6,5,-103.5,524,65.0,-225.0,234.2007685726074,1,-163.8865817669107,-21,11,1,5.123818311476441
2191,234901,411045.0,3397035.0,22,270,6,5,2585.0,9.2,502,0,5,411115,3396805,503,6,14,-106.33,524,70.0,-230.0,240.41630560342617,1,-163.07248693585296,-21,11,1,4.992029259361089
2192,234901,411045.0,3397035.0,22,270,6,5,2585.0,9.2,502,0,5,410895,3397025,504,0,14,-82.32,524,-150.0,-10.0,150.33296378372907,2,-266.18592516570965,-20,11,1,7.578018126690046
2193,234901,411045.0,3397035.0,22,270,6,5,2585.0,9.2,502,0,5,410915,3397005,504,12,5,-87.22,524,-130.0,-30.0,133.41664064126334,2,-257.00538320808346,-20,11,1,8.525517177156651
2194,234901,411045.0,3397035.0,22,270,6,5,2585.0,9.2,502,0,5,410925,3396995,503,0,5,-85.64,524,-120.0,-40.0,126.49110640673517,1,-251.565051177078,-21,11,1,9.426244969799084
2195,234901,411045.0,3397035.0,22,270,6,5,2585.0,9.2,502,0,5,410890,3397030,504,0,14,-86.25,524,-155.0,-5.0,155.08062419270823,2,-268.1523897340054,-20,11,1,7.348598755021567
2196,234901,411045.0,3397035.0,22,270,6,5,2585.0,9.2,502,0,5,411235,3396685,504,6,14,-109.5,524,190.0,-350.0,398.24615503479754,2,-151.50436138175502,-20,11,1,2.874989932506934
2197,234901,411045.0,3397035.0,22,270,6,5,2585.0,9.2,502,0,5,410880,3397040,505,0,5,-86.16,524,-165.0,5.0,165.07574019219177,3,88.26429541107166,-19,11,1,6.565776557925105
2198,234901,411045.0,3397035.0,22,270,6,5,2585.0,9.2,502,0,5,410920,3397000,504,0,5,-82.8,524,-125.0,-35.0,129.80754985747168,2,-254.35775354279127,-20,11,1,8.758928216328213
2199,234901,411045.0,3397035.0,22,270,6,5,2585.0,9.2,502,0,5,410930,3396990,503,0,14,-82.86,524,-115.0,-45.0,123.4908903522847,1,-248.6293777306568,-21,11,1,9.65099830531909
2200,234901,411045.0,3397035.0,22,270,6,5,2585.0,9.2,502,0,5,411030,3397050,502,0,5,-81.5,524,-15.0,15.0,21.213203435596427,0,45.0,-22,11,1,46.043087261119275
2201,234901,411045.0,3397035.0,22,270,6,5,2585.0,9.2,502,0,5,410935,3396985,503,0,5,-79.67,524,-110.0,-50.0,120.83045973594572,1,-245.55604521958347,-21,11,1,9.859366368396923
2202,234901,411045.0,3397035.0,22,270,6,5,2585.0,9.2,502,0,5,410905,3397015,504,0,5,-83.8,524,-140.0,-20.0,141.4213562373095,2,-261.86989764584405,-20,11,1,8.049466975528397
2203,234901,411045.0,3397035.0,22,270,6,5,2585.0,9.2,502,0,5,410910,3397010,504,12,5,-78.4,524,-135.0,-25.0,137.2953021774598,2,-259.5085229876684,-20,11,1,8.288060331826404
2204,234901,411045.0,3397035.0,22,270,6,5,2585.0,9.2,502,0,5,410885,3397035,505,0,14,-83.25,524,-160.0,0.0,160.0,3,90.0,-19,11,1,6.772159966113561
2205,234901,411045.0,3397035.0,22,270,6,5,2585.0,9.2,502,0,5,410885,3397070,505,5,5,-87.5,524,-160.0,35.0,163.783393541592,3,77.66091272167381,-19,11,1,6.61712669282246
2206,234901,411045.0,3397035.0,22,270,6,5,2585.0,9.2,502,0,5,410925,3397110,504,0,5,-90.5,524,-120.0,75.0,141.50971698084905,2,57.99461679191654,-20,11,1,8.044506584949069
2207,234901,411045.0,3397035.0,22,270,6,5,2585.0,9.2,502,0,5,411010,3397035,502,0,5,-75.0,524,-35.0,0.0,35.0,0,90.0,-22,11,1,32.15229514128234
2208,234901,411045.0,3397035.0,22,270,6,5,2585.0,9.2,502,0,5,410880,3397065,505,5,14,-85.54,524,-165.0,30.0,167.70509831248424,3,79.69515353123398,-19,11,1,6.463713306054913
2209,234901,411045.0,3397035.0,22,270,6,5,2585.0,9.2,502,0,5,411005,3397030,502,0,6,-77.33,524,-40.0,-5.0,40.311288741492746,0,-262.8749836510982,-22,11,1,28.623629728367664
2210,234901,411045.0,3397035.0,22,270,6,5,2585.0,9.2,502,0,5,411025,3397010,500,0,5,-82.0,524,-20.0,-25.0,32.01562118716424,-2,-218.6598082540901,-24,11,1,36.85647641776747
2211,234901,411045.0,3397035.0,22,270,6,5,2585.0,9.2,502,0,5,411235,3396740,503,6,14,-106.5,524,190.0,-295.0,350.891721190455,1,-147.21571913413086,-21,11,1,3.424925274742938
2212,234901,411045.0,3397035.0,22,270,6,5,2585.0,9.2,502,0,5,411035,3397020,501,0,5,-76.24,524,-10.0,-15.0,18.027756377319946,-1,-213.69006752597977,-23,11,1,51.91010164507813
2213,234901,411045.0,3397035.0,22,270,6,5,2585.0,9.2,502,0,5,410915,3397060,505,5,14,-81.0,524,-130.0,25.0,132.38202294873727,3,79.11447294534128,-19,11,1,8.167543867635878
2214,234901,411045.0,3397035.0,22,270,6,5,2585.0,9.2,502,0,5,410910,3397055,505,5,5,-85.42,524,-135.0,20.0,136.4734406395618,3,81.57303097851934,-19,11,1,7.925843122861305
2215,234901,411045.0,3397035.0,22,270,6,5,2585.0,9.2,502,0,5,410900,3397045,505,0,14,-88.58,524,-145.0,10.0,145.34441853748632,3,86.05481377096248,-19,11,1,7.447699632530754
2216,234901,411045.0,3397035.0,22,270,6,5,2585.0,9.2,502,0,5,411000,3397025,502,0,5,-81.0,524,-45.0,-10.0,46.09772228646444,0,-257.4711922908485,-22,11,1,25.512670167569127
2217,234901,411045.0,3397035.0,22,270,6,5,2585.0,9.2,502,0,5,410895,3397080,505,0,6,-87.43,524,-150.0,45.0,156.60459763365824,3,73.30075576600643,-19,11,1,6.91758182427769
2218,234901,411045.0,3397035.0,22,270,6,5,2585.0,9.2,502,0,5,410890,3397075,505,0,6,-88.5,524,-155.0,40.0,160.0781059358212,3,75.52970589993413,-19,11,1,6.768886334182364
2219,234901,411045.0,3397035.0,22,270,6,5,2585.0,9.2,502,0,5,411200,3396745,503,6,14,-111.0,524,155.0,-290.0,328.8236609491476,1,-151.87626461671118,-21,11,1,3.6541760611761966
2220,234901,411045.0,3397035.0,22,270,6,5,2585.0,9.2,502,0,5,410905,3397050,505,5,14,-82.57,524,-140.0,15.0,140.80127840328723,3,83.88449643371462,-19,11,1,7.685181628094281
2221,234901,411045.0,3397035.0,22,270,6,5,2585.0,9.2,502,0,5,411205,3396750,503,0,14,-107.6,524,160.0,-285.0,326.84093990808435,1,-150.68999292908387,-21,11,1,3.676282846400096
2222,234901,411045.0,3397035.0,22,270,6,5,2585.0,9.2,502,0,5,410975,3396655,504,6,5,-92.5,524,-70.0,-380.0,386.39358172723314,2,-190.4374753511182,-20,11,1,2.963025057809836
2223,234901,411045.0,3397035.0,22,270,6,5,2585.0,9.2,502,0,5,410995,3396675,505,6,14,-102.0,524,-50.0,-360.0,363.45563690772497,3,-187.90716270295846,-19,11,1,2.992469151537984
2224,234901,411045.0,3397035.0,22,270,6,5,2585.0,9.2,502,0,5,410985,3396665,505,6,14,-101.67,524,-60.0,-370.0,374.83329627982624,3,-189.21102654081668,-19,11,1,2.9017936546896896
2225,234901,411045.0,3397035.0,22,270,6,5,2585.0,9.2,502,0,5,411090,3396620,504,6,7,-112.75,524,45.0,-415.0,417.43262929483603,2,-173.8113840367584,-20,11,1,2.7430533197615095
2226,234901,411045.0,3397035.0,22,270,6,5,2585.0,9.2,502,0,5,410900,3396750,505,6,14,-96.33,524,-145.0,-285.0,319.7655391063896,3,-206.96571443287016,-19,11,1,3.4004332491806797
2227,234901,411045.0,3397035.0,22,270,6,5,2585.0,9.2,502,0,5,411340,3397030,502,0,5,-103.67,524,295.0,-5.0,295.0423698386386,0,-90.97102193107918,-22,11,1,4.264400272459086
2228,234901,411045.0,3397035.0,22,270,6,5,2585.0,9.2,502,0,5,410975,3397110,504,9,5,-76.25,524,-70.0,75.0,102.59142264341595,2,43.02506598911805,-20,11,1,11.031342683934671
2229,234901,411045.0,3397035.0,22,270,6,5,2585.0,9.2,502,0,5,410935,3396990,503,0,5,-73.8,524,-110.0,-45.0,118.84864324004712,1,-247.75097634278765,-21,11,1,10.020467069311518
2230,234901,411045.0,3397035.0,22,270,6,5,2585.0,9.2,502,0,5,411210,3396705,503,0,14,-110.0,524,165.0,-330.0,368.9512162874653,1,-153.43494882292202,-21,11,1,3.2576516917219247
2231,234901,411045.0,3397035.0,22,270,6,5,2585.0,9.2,502,0,5,410885,3397040,505,0,5,-85.0,524,-160.0,5.0,160.0781059358212,3,88.21008939175397,-19,11,1,6.768886334182364
2232,234901,411045.0,3397035.0,22,270,6,5,2585.0,9.2,502,0,5,410920,3396995,504,0,5,-84.47,524,-125.0,-40.0,131.24404748406687,2,-252.25532837494308,-20,11,1,8.664522427631548
2233,234901,411045.0,3397035.0,22,270,6,5,2585.0,9.2,502,0,5,410890,3397025,504,0,14,-84.04,524,-155.0,-10.0,155.32224567009067,2,-266.3086140135487,-20,11,1,7.337291837437717
2234,234901,411045.0,3397035.0,22,270,6,5,2585.0,9.2,502,0,5,410925,3397000,504,0,5,-85.0,524,-120.0,-35.0,125.0,2,-253.73979529168807,-20,11,1,9.090276920822323
2235,234901,411045.0,3397035.0,22,270,6,5,2585.0,9.2,502,0,5,410905,3397020,504,0,5,-82.17,524,-140.0,-15.0,140.80127840328723,2,-263.8844964337146,-20,11,1,8.084448562927347
2236,234901,411045.0,3397035.0,22,270,6,5,2585.0,9.2,502,0,5,411205,3396720,503,6,5,-105.5,524,160.0,-315.0,353.30581653859025,1,-153.0723221489595,-21,11,1,3.4015783190364046
2237,234901,411045.0,3397035.0,22,270,6,5,2585.0,9.2,502,0,5,411355,3396730,503,0,14,-112.0,524,310.0,-305.0,434.8850422812907,1,-134.534190917235,-21,11,1,2.7645868369861337
2238,234901,411045.0,3397035.0,22,270,6,5,2585.0,9.2,502,0,5,410910,3397005,504,12,5,-83.4,524,-135.0,-30.0,138.2931668593933,2,-257.4711922908485,-20,11,1,8.229079150298585
2239,234901,411045.0,3397035.0,22,270,6,5,2585.0,9.2,502,0,5,410915,3397010,504,12,5,-81.55,524,-130.0,-25.0,132.38202294873727,2,-259.1144729453413,-20,11,1,8.591156992059457
2240,234901,411045.0,3397035.0,22,270,6,5,2585.0,9.2,502,0,5,410895,3397030,504,0,14,-85.18,524,-150.0,-5.0,150.08331019803634,2,-268.0908475670036,-20,11,1,7.590476801475305
2241,234901,411045.0,3397035.0,22,270,6,5,2585.0,9.2,502,0,5,410900,3397015,504,0,5,-85.5,524,-145.0,-20.0,146.37281168304446,2,-262.14668669802177,-20,11,1,7.780564445728528
2242,234901,411045.0,3397035.0,22,270,6,5,2585.0,9.2,502,0,5,410930,3396985,503,6,14,-83.0,524,-115.0,-50.0,125.39936203984452,1,-246.50143432404792,-21,11,1,9.506819471457565
2243,234901,411045.0,3397035.0,22,270,6,5,2585.0,9.2,502,0,5,411225,3396700,503,0,14,-113.0,524,180.0,-335.0,380.2959373961284,1,-151.7502645050257,-21,11,1,3.160671766300188
2244,234901,411045.0,3397035.0,22,270,6,5,2585.0,9.2,502,0,5,410880,3397035,505,0,14,-86.06,524,-165.0,0.0,165.0,3,90.0,-19,11,1,6.5687641218211255
2245,234901,411045.0,3397035.0,22,270,6,5,2585.0,9.2,502,0,5,410860,3396900,502,0,14,-86.0,524,-185.0,-135.0,229.01964981197574,0,-233.88065915052024,-22,11,1,5.487089103118916
2246,234901,411045.0,3397035.0,22,270,6,5,2585.0,9.2,502,0,5,410815,3396945,504,0,10,-88.33,524,-230.0,-90.0,246.9817807045694,2,-248.6293777306568,-20,11,1,4.629574951783187
2247,234901,411045.0,3397035.0,22,270,6,5,2585.0,9.2,502,0,5,410580,3397020,505,0,14,-96.0,524,-465.0,-15.0,465.2418725781247,3,-268.1523897340054,-19,11,1,2.3386012134361973
2248,234901,411045.0,3397035.0,22,270,6,5,2585.0,9.2,502,0,5,410820,3396940,504,0,10,-95.33,524,-225.0,-95.0,244.23349483639626,2,-247.1094483437517,-20,11,1,4.681439894270602
2249,234901,411045.0,3397035.0,22,270,6,5,2585.0,9.2,502,0,5,410840,3396920,503,0,5,-108.6,524,-205.0,-115.0,235.05318547086316,1,-240.70863782901574,-21,11,1,5.105335235243752
2250,234901,411045.0,3397035.0,22,270,6,5,2585.0,9.2,502,0,5,410825,3396935,503,0,5,-95.0,524,-220.0,-100.0,241.66091947189145,1,-245.55604521958347,-21,11,1,4.966447986893593
2251,234901,411045.0,3397035.0,22,270,6,5,2585.0,9.2,502,0,5,410585,3397015,506,0,5,-89.33,524,-460.0,-20.0,460.43457732885355,4,-267.5104470780009,-18,11,1,2.2387526301275784
2252,234901,411045.0,3397035.0,22,270,6,5,2585.0,9.2,502,0,5,411045,3397200,503,0,7,-95.5,524,0.0,165.0,165.0,1,0.0,-21,11,1,7.253194612725333
2253,234901,411045.0,3397035.0,22,270,6,5,2585.0,9.2,502,0,5,410935,3397310,506,0,5,-97.0,524,-110.0,275.0,296.1840643923977,4,21.801409486351815,-18,11,1,3.477760209579376
2254,234901,411045.0,3397035.0,22,270,6,5,2585.0,9.2,502,0,5,411135,3397270,506,0,5,-104.22,524,90.0,235.0,251.6445906432324,4,-20.95577673063218,-18,11,1,4.091367504772813
2255,234901,411045.0,3397035.0,22,270,6,5,2585.0,9.2,502,0,5,411055,3397190,503,0,7,-96.5,524,10.0,155.0,155.32224567009067,1,-3.69138598645128,-21,11,1,7.699858158693675
2256,234901,411045.0,3397035.0,22,270,6,5,2585.0,9.2,502,0,5,411125,3397280,505,0,6,-99.64,524,80.0,245.0,257.73047937719747,3,-18.083445383048655,-19,11,1,4.2162421439497395
2257,234901,411045.0,3397035.0,22,270,6,5,2585.0,9.2,502,0,5,410940,3397295,506,0,5,-95.57,524,-105.0,260.0,280.40149785619906,4,21.991129917177147,-18,11,1,3.6729863983898987
2258,234901,411045.0,3397035.0,22,270,6,5,2585.0,9.2,502,0,5,410890,3397345,506,0,6,-97.0,524,-155.0,310.0,346.5905365124674,4,26.565051177077976,-18,11,1,2.9729556770177923
2259,234901,411045.0,3397035.0,22,270,6,5,2585.0,9.2,502,0,5,411040,3397195,503,0,7,-100.0,524,-5.0,160.0,160.0781059358212,1,1.789910608246089,-21,11,1,7.473723192034916
2260,234901,411045.0,3397035.0,22,270,6,5,2585.0,9.2,502,0,5,410945,3397300,506,0,5,-97.0,524,-100.0,265.0,283.24018076537095,4,20.674424760873876,-18,11,1,3.6362743466311316
2261,234901,411045.0,3397035.0,22,270,6,5,2585.0,9.2,502,0,5,410950,3397285,506,0,7,-95.14,524,-95.0,250.0,267.44158240632663,4,20.806791012711244,-18,11,1,3.8504520546596113
2262,234901,411045.0,3397035.0,22,270,6,5,2585.0,9.2,502,0,5,411130,3397265,506,0,6,-101.75,524,85.0,230.0,245.20399670478457,4,-20.282559088916628,-18,11,1,4.198453075718601
2263,234901,411045.0,3397035.0,22,270,6,5,2585.0,9.2,502,0,5,410955,3397290,506,0,7,-98.24,524,-90.0,255.0,270.4163456597992,4,19.44003482817618,-18,11,1,3.808219799072917
2264,234901,411045.0,3397035.0,22,270,6,5,2585.0,9.2,502,0,5,411120,3397275,505,0,5,-99.17,524,75.0,240.0,251.44581921360316,3,-17.35402463626133,-19,11,1,4.3212289698134
2265,234901,411045.0,3397035.0,22,270,6,5,2585.0,9.2,502,0,5,410905,3397340,506,0,5,-99.0,524,-140.0,305.0,335.5964838909967,4,24.655898744081583,-18,11,1,3.070165547102448
2266,234901,411045.0,3397035.0,22,270,6,5,2585.0,9.2,502,0,5,410900,3397335,506,0,5,-96.8,524,-145.0,300.0,333.2041416309227,4,25.796026494499984,-18,11,1,3.0921661258010205
2267,234901,411045.0,3397035.0,22,270,6,5,2585.0,9.2,502,0,5,410895,3397350,506,0,6,-103.0,524,-150.0,315.0,348.89110048839024,4,25.46334506187162,-18,11,1,2.953387032278769
2268,234901,411045.0,3397035.0,22,270,6,5,2585.0,9.2,502,0,5,410910,3397325,506,0,14,-98.67,524,-135.0,290.0,319.88279103446627,4,24.962789830807026,-18,11,1,3.2206720762376584
2269,234901,411045.0,3397035.0,22,270,6,5,2585.0,9.2,502,0,5,410915,3397330,506,0,5,-94.5,524,-130.0,295.0,322.37400639629743,4,23.782030423221386,-18,11,1,3.195835420699491
2270,234901,411045.0,3397035.0,22,270,6,5,2585.0,9.2,502,0,5,410925,3397320,506,0,5,-98.0,524,-120.0,285.0,309.23292192132453,4,22.833654177917538,-18,11,1,3.3313451801106333
2271,234901,411045.0,3397035.0,22,270,6,5,2585.0,9.2,502,0,5,411060,3397175,502,0,5,-95.0,524,15.0,140.0,140.80127840328723,0,-6.115503566285383,-22,11,1,8.88057980388744
2272,234901,411045.0,3397035.0,22,270,6,5,2585.0,9.2,502,0,5,410930,3397305,506,0,5,-96.67,524,-115.0,270.0,293.47061181658376,4,23.070412249824642,-18,11,1,3.5098358395617173
2273,234901,411045.0,3397035.0,22,270,6,5,2585.0,9.2,502,0,5,410860,3397235,507,0,7,-94.25,524,-185.0,200.0,272.44265451650557,5,42.76882539196879,-17,11,1,3.5705387265715234
2274,234901,411045.0,3397035.0,22,270,6,5,2585.0,9.2,502,0,5,410865,3397240,508,0,14,-96.0,524,-180.0,205.0,272.8094573140748,6,41.28471089457122,-16,11,1,3.356494855221416
2275,234901,411045.0,3397035.0,22,270,6,5,2585.0,9.2,502,0,5,410850,3397205,506,0,7,-94.4,524,-195.0,170.0,258.69866640553056,4,48.91824886406738,-18,11,1,3.9801695441897604
2276,234901,411045.0,3397035.0,22,270,6,5,2585.0,9.2,502,0,5,410855,3397210,506,0,7,-89.38,524,-190.0,175.0,258.3118270617898,4,47.35329686610828,-18,11,1,3.9861109156851597
2277,234901,411045.0,3397035.0,22,270,6,5,2585.0,9.2,502,0,5,410835,3397270,507,6,14,-104.0,524,-210.0,235.0,315.15869018638847,5,41.784516008251785,-17,11,1,3.0876039191844864
2278,234901,411045.0,3397035.0,22,270,6,5,2585.0,9.2,502,0,5,410495,3397015,505,0,5,-94.4,524,-550.0,-20.0,550.3635162326806,3,-267.91743472026917,-19,11,1,1.9772161685084881
2279,234901,411045.0,3397035.0,22,270,6,5,2585.0,9.2,502,0,5,410485,3397005,505,0,5,-97.0,524,-560.0,-30.0,560.8029957123981,3,-266.9335144988741,-19,11,1,1.940438229218792
2280,234901,411045.0,3397035.0,22,270,6,5,2585.0,9.2,502,0,5,410550,3397000,506,0,5,-93.0,524,-495.0,-35.0,496.2358310319802,4,-265.95551442581893,-18,11,1,2.077383386648231
2281,234901,411045.0,3397035.0,22,270,6,5,2585.0,9.2,502,0,5,410500,3397005,505,6,5,-92.25,524,-545.0,-30.0,545.8250635505849,3,-266.84928358673227,-19,11,1,1.9936432092648024
2282,234901,411045.0,3397035.0,22,270,6,5,2585.0,9.2,502,0,5,410510,3397015,505,0,5,-91.0,524,-535.0,-20.0,535.3737012592233,3,-267.8590986336769,-19,11,1,2.0325300246773477
2283,234901,411045.0,3397035.0,22,270,6,5,2585.0,9.2,502,0,5,410770,3396925,504,0,5,-115.67,524,-275.0,-110.0,296.1840643923977,2,-248.19859051364818,-20,11,1,3.8630662442261694
2284,234901,411045.0,3397035.0,22,270,6,5,2585.0,9.2,502,0,5,410780,3396955,504,69,10,-129.0,524,-265.0,-80.0,276.81221071332817,2,-253.2016282186947,-20,11,1,4.13250495408599
2285,234901,411045.0,3397035.0,22,270,6,5,2585.0,9.2,502,0,5,410790,3396945,504,69,10,-115.8,524,-255.0,-90.0,270.4163456597992,2,-250.55996517182382,-20,11,1,4.229895939277142
2286,234901,411045.0,3397035.0,22,270,6,5,2585.0,9.2,502,0,5,410775,3396930,504,0,5,-114.75,524,-270.0,-105.0,289.69811873741946,2,-248.74949449286677,-20,11,1,3.9492843262547233
2287,234901,411045.0,3397035.0,22,270,6,5,2585.0,9.2,502,0,5,410765,3396940,505,0,5,-110.8,524,-280.0,-95.0,295.67718883945037,3,-251.25865955480728,-19,11,1,3.6767297493617797
2288,234901,411045.0,3397035.0,22,270,6,5,2585.0,9.2,502,0,5,410870,3396865,502,12,14,-104.5,524,-175.0,-170.0,243.97745797511703,0,-225.830315486258,-22,11,1,5.15255516084779
2289,234901,411045.0,3397035.0,22,270,6,5,2585.0,9.2,502,0,5,410680,3397015,506,0,5,-90.33,524,-365.0,-20.0,365.54753452868476,4,-266.8636416316674,-18,11,1,2.8190360907590573
2290,234901,411045.0,3397035.0,22,270,6,5,2585.0,9.2,502,0,5,410795,3396950,504,69,10,-87.0,524,-250.0,-85.0,264.0549185302179,2,-251.22196677755446,-20,11,1,4.3314163715423355
2291,234901,411045.0,3397035.0,22,270,6,5,2585.0,9.2,502,0,5,410710,3397025,506,0,5,-91.13,524,-335.0,-10.0,335.1492204973779,4,-268.2901859558585,-18,11,1,3.0742548909297267
2292,234901,411045.0,3397035.0,22,270,6,5,2585.0,9.2,502,0,5,410715,3397030,506,0,5,-90.57,524,-330.0,-5.0,330.037876614185,4,-269.1319485502545,-18,11,1,3.1217728612891817
2293,234901,411045.0,3397035.0,22,270,6,5,2585.0,9.2,502,0,5,410685,3397020,506,0,5,-94.18,524,-360.0,-15.0,360.3123644839294,4,-267.6140559696112,-18,11,1,2.859927851532758
2294,234901,411045.0,3397035.0,22,270,6,5,2585.0,9.2,502,0,5,410695,3397010,506,0,5,-90.8,524,-350.0,-25.0,350.891721190455,4,-265.9143832200251,-18,11,1,2.936577756540046
2295,234901,411045.0,3397035.0,22,270,6,5,2585.0,9.2,502,0,5,410850,3397280,508,0,14,-98.14,524,-195.0,245.0,313.12936623702353,6,38.51692630710272,-16,11,1,2.925103750430169
2296,234901,411045.0,3397035.0,22,270,6,5,2585.0,9.2,502,0,5,410860,3397250,508,0,5,-97.44,524,-185.0,215.0,283.6370920736567,6,40.710846671181,-16,11,1,3.228639595358238
2297,234901,411045.0,3397035.0,22,270,6,5,2585.0,9.2,502,0,5,410855,3397275,508,0,14,-98.2,524,-190.0,240.0,306.10455730027934,6,38.36748538486154,-16,11,1,2.9921114885613598
2298,234901,411045.0,3397035.0,22,270,6,5,2585.0,9.2,502,0,5,410865,3397245,508,0,14,-99.0,524,-180.0,210.0,276.5863337187866,6,40.60129464500449,-16,11,1,3.3107634859684723
2299,234901,411045.0,3397035.0,22,270,6,5,2585.0,9.2,502,0,5,410870,3397260,507,0,5,-96.5,524,-175.0,225.0,285.0438562747845,5,37.874983651098205,-17,11,1,3.4130743070907017
2300,234901,411045.0,3397035.0,22,270,6,5,2585.0,9.2,502,0,5,410820,3396990,505,69,5,-92.0,524,-225.0,-45.0,229.4558781116753,3,-258.69006752597977,-19,11,1,4.7335545671684285
2301,234901,411045.0,3397035.0,22,270,6,5,2585.0,9.2,502,0,5,410765,3397085,507,0,6,-88.67,524,-280.0,50.0,284.42925306655786,5,79.87532834460217,-17,11,1,3.420431888757498
2302,234901,411045.0,3397035.0,22,270,6,5,2585.0,9.2,502,0,5,410830,3397000,505,69,5,-90.0,524,-215.0,-35.0,217.83020910791964,3,-260.7538872544368,-19,11,1,4.984944955376254
2303,234901,411045.0,3397035.0,22,270,6,5,2585.0,9.2,502,0,5,410865,3397025,504,0,14,-86.88,524,-180.0,-10.0,180.27756377319946,2,-266.8201698801357,-20,11,1,6.330509401162716
2304,234901,411045.0,3397035.0,22,270,6,5,2585.0,9.2,502,0,5,410875,3397035,505,0,14,-87.45,524,-170.0,0.0,170.0,3,90.0,-19,11,1,6.37718062360736
2305,234901,411045.0,3397035.0,22,270,6,5,2585.0,9.2,502,0,5,410855,3397015,504,0,5,-85.73,524,-190.0,-20.0,191.049731745428,2,-263.99099404250546,-20,11,1,5.976228793989439
2306,234901,411045.0,3397035.0,22,270,6,5,2585.0,9.2,502,0,5,410850,3397020,504,0,14,-86.32,524,-195.0,-15.0,195.57607215607945,2,-265.6012946450045,-20,11,1,5.838883961363821
2307,234901,411045.0,3397035.0,22,270,6,5,2585.0,9.2,502,0,5,410840,3397010,505,0,14,-86.88,524,-205.0,-25.0,206.51876428063383,3,-263.0470425318261,-19,11,1,5.256490234606749
2308,234901,411045.0,3397035.0,22,270,6,5,2585.0,9.2,502,0,5,410860,3397030,505,0,14,-88.63,524,-185.0,-5.0,185.06755523321746,3,-268.45184230102205,-19,11,1,5.86174642815649
2309,234901,411045.0,3397035.0,22,270,6,5,2585.0,9.2,502,0,5,410845,3397005,504,0,14,-84.4,524,-200.0,-30.0,202.23748416156684,2,-261.46923439005184,-20,11,1,5.647823882177047
2310,234901,411045.0,3397035.0,22,270,6,5,2585.0,9.2,502,0,5,410870,3397040,505,0,5,-87.0,524,-175.0,5.0,175.07141400011596,3,88.36342295838324,-19,11,1,6.193905478666842
2311,234901,411045.0,3397035.0,22,270,6,5,2585.0,9.2,502,0,5,410835,3396995,504,69,5,-89.2,524,-210.0,-40.0,213.7755832643195,2,-259.2157021324374,-20,11,1,5.344809369734946
2312,234901,411045.0,3397035.0,22,270,6,5,2585.0,9.2,502,0,5,410860,3396985,504,0,5,-89.0,524,-185.0,-50.0,191.637678967368,2,-254.87599269168942,-20,11,1,5.958025727148784
2313,234901,411045.0,3397035.0,22,270,6,5,2585.0,9.2,502,0,5,410805,3397010,505,0,5,-88.93,524,-240.0,-25.0,241.29857024027308,3,-264.0531369460265,-19,11,1,4.502216059063774
2314,234901,411045.0,3397035.0,22,270,6,5,2585.0,9.2,502,0,5,410840,3396965,504,6,5,-94.71,524,-205.0,-70.0,216.6217902243447,2,-251.1468412355809,-20,11,1,5.274982361022596
2315,234901,411045.0,3397035.0,22,270,6,5,2585.0,9.2,502,0,5,410810,3397015,505,0,5,-87.77,524,-235.0,-20.0,235.8495283014151,3,-265.1354855622395,-19,11,1,4.605792259841926
2316,234901,411045.0,3397035.0,22,270,6,5,2585.0,9.2,502,0,5,410830,3397035,505,0,5,-88.25,524,-215.0,0.0,215.0,3,90.0,-19,11,1,5.050228424832808
2317,234901,411045.0,3397035.0,22,270,6,5,2585.0,9.2,502,0,5,410815,3397020,505,0,5,-90.75,524,-230.0,-15.0,230.4886114323222,3,-266.26860300083956,-19,11,1,4.712441011661823
2318,234901,411045.0,3397035.0,22,270,6,5,2585.0,9.2,502,0,5,410820,3397025,505,0,5,-90.83,524,-225.0,-10.0,225.22211259110415,3,-267.45519562018694,-19,11,1,4.822121021831341
2319,234901,411045.0,3397035.0,22,270,6,5,2585.0,9.2,502,0,5,410800,3397005,505,0,10,-90.2,524,-245.0,-30.0,246.82990094394967,3,-263.0189425931702,-19,11,1,4.401724746557554
2320,234901,411045.0,3397035.0,22,270,6,5,2585.0,9.2,502,0,5,410835,3397040,505,0,10,-83.5,524,-210.0,5.0,210.05951537600004,3,88.63607246839706,-19,11,1,5.168371073501759
2321,234901,411045.0,3397035.0,22,270,6,5,2585.0,9.2,502,0,5,410825,3397030,505,0,5,-91.67,524,-220.0,-5.0,220.05681084665386,3,-268.69804732742114,-19,11,1,4.934756097430211
2322,234901,411045.0,3397035.0,22,270,6,5,2585.0,9.2,502,0,5,410770,3397055,507,12,5,-93.5,524,-275.0,20.0,275.72631357924473,5,85.84035770628736,-17,11,1,3.5281247878560253
2323,234901,411045.0,3397035.0,22,270,6,5,2585.0,9.2,502,0,5,410875,3397000,504,12,14,-85.75,524,-170.0,-35.0,173.5655495770978,2,-258.36636600105953,-20,11,1,6.573215677908823
2324,234901,411045.0,3397035.0,22,270,6,5,2585.0,9.2,502,0,5,410855,3396980,504,0,5,-92.5,524,-190.0,-55.0,197.80040444852483,2,-253.85566121971652,-20,11,1,5.773669832048473
2325,234901,411045.0,3397035.0,22,270,6,5,2585.0,9.2,502,0,5,410845,3396970,504,0,5,-98.0,524,-200.0,-65.0,210.2974084481309,2,-251.99583839408663,-20,11,1,5.432684225931829
2326,234901,411045.0,3397035.0,22,270,6,5,2585.0,9.2,502,0,5,410960,3397000,503,12,5,-87.0,524,-85.0,-35.0,91.92388155425118,1,-247.61986494804043,-21,11,1,12.868383116154853
2327,234901,411045.0,3397035.0,22,270,6,5,2585.0,9.2,502,0,5,411000,3397040,503,0,5,-87.0,524,-45.0,5.0,45.27692569068709,1,83.65980825409008,-21,11,1,24.882455437745982
2328,234901,411045.0,3397035.0,22,270,6,5,2585.0,9.2,502,0,5,410915,3397045,505,5,5,-85.0,524,-130.0,10.0,130.38404810405297,3,85.60129464500449,-19,11,1,8.290974400390276
2329,234901,411045.0,3397035.0,22,270,6,5,2585.0,9.2,502,0,5,411005,3397035,502,0,6,-76.67,524,-40.0,0.0,40.0,0,90.0,-22,11,1,28.810793742973058
2330,234901,411045.0,3397035.0,22,270,6,5,2585.0,9.2,502,0,5,411155,3396805,503,6,14,-108.0,524,110.0,-230.0,254.95097567963924,1,-154.44003482817618,-21,11,1,4.7087534432497735
2331,234901,411045.0,3397035.0,22,270,6,5,2585.0,9.2,502,0,5,411215,3396745,503,6,14,-103.25,524,170.0,-290.0,336.1547262794322,1,-149.62087398863167,-21,11,1,3.5746925187483494
2332,234901,411045.0,3397035.0,22,270,6,5,2585.0,9.2,502,0,5,411200,3396760,503,6,6,-105.25,524,155.0,-275.0,315.67388235329196,1,-150.59281093926634,-21,11,1,3.8059567233131832
2333,234901,411045.0,3397035.0,22,270,6,5,2585.0,9.2,502,0,5,410880,3397080,505,0,6,-91.33,524,-165.0,45.0,171.0263137648707,3,74.74488129694225,-19,11,1,6.339224198713656
2334,234901,411045.0,3397035.0,22,270,6,5,2585.0,9.2,502,0,5,410890,3397070,505,5,5,-85.57,524,-155.0,35.0,158.90248582070703,3,77.27564431457768,-19,11,1,6.8184953156840145
2335,234901,411045.0,3397035.0,22,270,6,5,2585.0,9.2,502,0,5,410905,3397055,505,5,5,-86.52,524,-140.0,20.0,141.4213562373095,3,81.86989764584405,-19,11,1,7.651885189910647
2336,234901,411045.0,3397035.0,22,270,6,5,2585.0,9.2,502,0,5,410925,3397115,504,0,5,-84.0,524,-120.0,80.0,144.22205101855957,2,56.30993247402023,-20,11,1,7.895142105045789
2337,234901,411045.0,3397035.0,22,270,6,5,2585.0,9.2,502,0,5,410895,3397065,505,5,14,-80.6,524,-150.0,30.0,152.97058540778355,3,78.69006752597977,-19,11,1,7.080268990881779
2338,234901,411045.0,3397035.0,22,270,6,5,2585.0,9.2,502,0,5,411015,3397025,501,0,5,-78.59,524,-30.0,-10.0,31.622776601683793,-1,-251.565051177078,-23,11,1,36.02928958267325
2339,234901,411045.0,3397035.0,22,270,6,5,2585.0,9.2,502,0,5,411325,3396715,503,0,5,-110.5,524,280.0,-320.0,425.20583250938597,1,-138.81407483429035,-21,11,1,2.8274177641443976
2340,234901,411045.0,3397035.0,22,270,6,5,2585.0,9.2,502,0,5,411020,3397020,501,0,5,-75.2,524,-25.0,-15.0,29.154759474226502,-1,-239.03624346792648,-23,11,1,38.269678619220066
2341,234901,411045.0,3397035.0,22,270,6,5,2585.0,9.2,502,0,5,410920,3397120,504,0,5,-85.67,524,-125.0,85.0,151.16216457830973,2,55.7842978675626,-20,11,1,7.536928047498609
2342,234901,411045.0,3397035.0,22,270,6,5,2585.0,9.2,502,0,5,411205,3396755,503,6,6,-101.0,524,160.0,-280.0,322.49030993194197,1,-150.25511870305778,-21,11,1,3.725739824329341
2343,234901,411045.0,3397035.0,22,270,6,5,2585.0,9.2,502,0,5,410900,3397060,505,5,14,-87.83,524,-145.0,25.0,147.13938969562162,3,80.21759296819272,-19,11,1,7.3578458811723895
2344,234901,411045.0,3397035.0,22,270,6,5,2585.0,9.2,502,0,5,411235,3396725,503,6,5,-106.33,524,190.0,-310.0,363.59317925395686,1,-148.49573328079583,-21,11,1,3.3055519108812885
2345,234901,411045.0,3397035.0,22,270,6,5,2585.0,9.2,502,0,5,411210,3396750,503,0,14,-102.57,524,165.0,-285.0,329.31747600150226,1,-149.93141717813756,-21,11,1,3.6487113987367676
2346,234901,411045.0,3397035.0,22,270,6,5,2585.0,9.2,502,0,5,411010,3397030,502,0,5,-77.86,524,-35.0,-5.0,35.35533905932738,0,-261.86989764584405,-22,11,1,31.892102999320755
2347,234901,411045.0,3397035.0,22,270,6,5,2585.0,9.2,502,0,5,410910,3397050,505,5,14,-83.5,524,-135.0,15.0,135.83077707206124,3,83.65980825409008,-19,11,1,7.962863195291388
2348,234901,411045.0,3397035.0,22,270,6,5,2585.0,9.2,502,0,5,411025,3397015,501,0,5,-79.0,524,-20.0,-20.0,28.284271247461902,-1,-225.0,-23,11,1,39.11707104818377
2349,234901,411045.0,3397035.0,22,270,6,5,2585.0,9.2,502,0,5,411030,3397010,500,0,5,-75.0,524,-15.0,-25.0,29.154759474226502,-2,-210.96375653207352,-24,11,1,39.46097957903341
2350,234901,411045.0,3397035.0,22,270,6,5,2585.0,9.2,502,0,5,411265,3396775,501,0,14,-107.5,524,220.0,-260.0,340.58772731852804,-1,-139.7636416907262,-23,11,1,3.863337034037923
2351,234901,411045.0,3397035.0,22,270,6,5,2585.0,9.2,502,0,5,410885,3397075,505,0,6,-87.0,524,-160.0,40.0,164.92422502470643,3,75.96375653207349,-19,11,1,6.571755767704941
2352,234901,411045.0,3397035.0,22,270,6,5,2585.0,9.2,502,0,5,410970,3397035,503,0,14,-80.5,524,-75.0,0.0,75.0,1,90.0,-21,11,1,15.642246457208728
2353,234901,411045.0,3397035.0,22,270,6,5,2585.0,9.2,502,0,5,410965,3397030,503,0,14,-81.0,524,-80.0,-5.0,80.15609770940699,1,-266.4236656250026,-21,11,1,14.680899090707605
2354,234901,411045.0,3397035.0,22,270,6,5,2585.0,9.2,502,0,5,411205,3396790,503,0,6,-105.0,524,160.0,-245.0,292.61749776799064,1,-146.85300416774402,-21,11,1,4.104853878045791
2355,234901,411045.0,3397035.0,22,270,6,5,2585.0,9.2,502,0,5,410880,3397105,504,0,5,-84.0,524,-165.0,70.0,179.2344832893492,2,67.0112831979194,-20,11,1,6.367049008473474
2356,234901,411045.0,3397035.0,22,270,6,5,2585.0,9.2,502,0,5,410995,3397020,502,0,5,-77.59,524,-50.0,-15.0,52.20153254455275,0,-253.3007557660064,-22,11,1,22.85267737571386
2357,234901,411045.0,3397035.0,22,270,6,5,2585.0,9.2,502,0,5,410905,3397090,505,0,5,-86.33,524,-140.0,55.0,150.41608956491322,3,68.5522636728947,-19,11,1,7.199260969875046
2358,234901,411045.0,3397035.0,22,270,6,5,2585.0,9.2,502,0,5,410920,3397065,505,0,5,-82.5,524,-125.0,30.0,128.5496013218244,3,76.50426671920422,-19,11,1,8.407609936410093
2359,234901,411045.0,3397035.0,22,270,6,5,2585.0,9.2,502,0,5,411235,3396780,502,0,14,-98.5,524,190.0,-255.0,318.0015723231569,0,-143.3102771675242,-22,11,1,3.9575336086280157
2360,234901,411045.0,3397035.0,22,270,6,5,2585.0,9.2,502,0,5,410895,3397120,504,0,14,-82.75,524,-150.0,85.0,172.40939649566667,2,60.46121774044195,-20,11,1,6.61690513491109
2361,234901,411045.0,3397035.0,22,270,6,5,2585.0,9.2,502,0,5,411240,3396745,503,6,14,-99.0,524,195.0,-290.0,349.4638751001311,1,-146.08256946302964,-21,11,1,3.438885384332245
2362,234901,411045.0,3397035.0,22,270,6,5,2585.0,9.2,502,0,5,410960,3397025,503,0,14,-80.07,524,-85.0,-10.0,85.58621384311844,1,-263.2901631922431,-21,11,1,13.786115304788256
2363,234901,411045.0,3397035.0,22,270,6,5,2585.0,9.2,502,0,5,410890,3397115,504,0,5,-81.44,524,-155.0,80.0,174.42763542512407,2,62.700427788667184,-20,11,1,6.541010641996068
2364,234901,411045.0,3397035.0,22,270,6,5,2585.0,9.2,502,0,5,410990,3397015,502,0,14,-78.4,524,-55.0,-20.0,58.52349955359813,0,-250.01689347810003,-22,11,1,20.602112538380215
2365,234901,411045.0,3397035.0,22,270,6,5,2585.0,9.2,502,0,5,411225,3396770,502,0,5,-98.67,524,180.0,-265.0,320.3513695928269,0,-145.81387751362496,-22,11,1,3.9285960858317694
2366,234901,411045.0,3397035.0,22,270,6,5,2585.0,9.2,502,0,5,410885,3397110,504,0,5,-85.25,524,-160.0,75.0,176.70597047072292,2,64.88516511385546,-20,11,1,6.457391912788534
2367,234901,411045.0,3397035.0,22,270,6,5,2585.0,9.2,502,0,5,410985,3397010,502,12,5,-76.2,524,-60.0,-25.0,65.0,0,-247.38013505195957,-22,11,1,18.69898280418112
2368,234901,411045.0,3397035.0,22,270,6,5,2585.0,9.2,502,0,5,410900,3397085,505,0,5,-87.25,524,-145.0,50.0,153.37861650177967,3,70.97439396243135,-19,11,1,7.061623860285766
2369,234901,411045.0,3397035.0,22,270,6,5,2585.0,9.2,502,0,5,410905,3396785,503,6,14,-97.5,524,-140.0,-250.0,286.53097563788805,1,-209.24882633654698,-21,11,1,4.19174204323588
2370,234901,411045.0,3397035.0,22,270,6,5,2585.0,9.2,502,0,5,410895,3396775,503,0,5,-95.5,524,-150.0,-260.0,300.1666203960727,1,-209.98163936884936,-21,11,1,4.001957476346695
2371,234901,411045.0,3397035.0,22,270,6,5,2585.0,9.2,502,0,5,411060,3396630,502,6,7,-102.5,524,15.0,-405.0,405.2776825831889,0,-177.87890360333853,-22,11,1,3.1071812343526446
2372,234901,411045.0,3397035.0,22,270,6,5,2585.0,9.2,502,0,5,410880,3396770,504,6,6,-97.0,524,-165.0,-265.0,312.1698255757593,2,-211.90810693565317,-20,11,1,3.66579816010003
2373,234901,411045.0,3397035.0,22,270,6,5,2585.0,9.2,502,0,5,410915,3397275,506,0,5,-93.58,524,-130.0,240.0,272.9468812791236,4,28.442928624363333,-18,11,1,3.773015620502161
2374,234901,411045.0,3397035.0,22,270,6,5,2585.0,9.2,502,0,5,410910,3397280,506,0,5,-94.13,524,-135.0,245.0,279.7320146139873,4,28.855661219716524,-18,11,1,3.6817528149183145
2375,234901,411045.0,3397035.0,22,270,6,5,2585.0,9.2,502,0,5,410925,3397205,505,0,7,-90.71,524,-120.0,170.0,208.08652046684813,3,35.21759296819272,-19,11,1,5.217106383445475
2376,234901,411045.0,3397035.0,22,270,6,5,2585.0,9.2,502,0,5,410995,3397195,504,0,7,-91.6,524,-50.0,160.0,167.6305461424021,2,17.35402463626133,-20,11,1,6.803797203718071
2377,234901,411045.0,3397035.0,22,270,6,5,2585.0,9.2,502,0,5,410985,3397185,504,0,7,-89.0,524,-60.0,150.0,161.55494421403512,2,21.801409486351815,-20,11,1,7.057133832785284
2378,234901,411045.0,3397035.0,22,270,6,5,2585.0,9.2,502,0,5,411160,3397290,506,0,5,-106.25,524,115.0,255.0,279.7320146139873,4,-24.274441134439456,-18,11,1,3.6817528149183145
2379,234901,411045.0,3397035.0,22,270,6,5,2585.0,9.2,502,0,5,410990,3397200,504,0,7,-93.25,524,-55.0,165.0,173.92527130926086,2,18.434948822922024,-20,11,1,6.559739205318192
2380,234901,411045.0,3397035.0,22,270,6,5,2585.0,9.2,502,0,5,411060,3397430,504,0,5,-116.0,524,15.0,395.0,395.28470752104744,2,-2.174744114610064,-20,11,1,2.896492628579106
2381,234901,411045.0,3397035.0,22,270,6,5,2585.0,9.2,502,0,5,411170,3397300,507,0,5,-112.75,524,125.0,265.0,293.00170647967224,5,-25.253163394573875,-17,11,1,3.3205864112644083
2382,234901,411045.0,3397035.0,22,270,6,5,2585.0,9.2,502,0,5,411075,3397435,504,0,14,-111.0,524,30.0,400.0,401.1234224026316,2,-4.289153328818998,-20,11,1,2.854401792554209
2383,234901,411045.0,3397035.0,22,270,6,5,2585.0,9.2,502,0,5,410980,3397190,504,0,7,-92.5,524,-65.0,155.0,168.0773631397161,2,22.750976342787624,-20,11,1,6.785878871778247
2384,234901,411045.0,3397035.0,22,270,6,5,2585.0,9.2,502,0,5,410885,3397245,507,0,14,-97.5,524,-160.0,210.0,264.0075756488817,5,37.30394827798341,-17,11,1,3.6843085682794388
2385,234901,411045.0,3397035.0,22,270,6,5,2585.0,9.2,502,0,5,411070,3397440,504,0,5,-114.67,524,25.0,405.0,405.77087130546965,2,-3.5322945838909163,-20,11,1,2.82176238049731
2386,234901,411045.0,3397035.0,22,270,6,5,2585.0,9.2,502,0,5,411065,3397425,504,0,6,-112.25,524,20.0,390.0,390.51248379533274,2,-2.9356734464211627,-20,11,1,2.931827580835157
2387,234901,411045.0,3397035.0,22,270,6,5,2585.0,9.2,502,0,5,410900,3397270,507,6,14,-97.0,524,-145.0,235.0,276.1340254296815,5,31.675468738109203,-17,11,1,3.5229286413404357
2388,234901,411045.0,3397035.0,22,270,6,5,2585.0,9.2,502,0,5,411055,3397415,504,0,5,-115.75,524,10.0,380.0,380.13155617496426,2,-1.5074357587749319,-20,11,1,3.0117467566453606
2389,234901,411045.0,3397035.0,22,270,6,5,2585.0,9.2,502,0,5,410880,3397250,507,0,14,-117.0,524,-165.0,215.0,271.01660465735307,5,37.50414236027018,-17,11,1,3.5892773943260106
2390,234901,411045.0,3397035.0,22,270,6,5,2585.0,9.2,502,0,5,410920,3397210,505,0,7,-93.2,524,-125.0,175.0,215.05813167606567,3,35.537677791974374,-19,11,1,5.048870370464536
2391,234901,411045.0,3397035.0,22,270,6,5,2585.0,9.2,502,0,5,410975,3397175,504,0,7,-90.33,524,-70.0,140.0,156.52475842498527,2,26.565051177077976,-20,11,1,7.281529854829641
2392,234901,411045.0,3397035.0,22,270,6,5,2585.0,9.2,502,0,5,410905,3397265,507,6,14,-95.0,524,-140.0,230.0,269.2582403567252,5,31.328692867804193,-17,11,1,3.612654940603383
2393,234901,411045.0,3397035.0,22,270,6,5,2585.0,9.2,502,0,5,411165,3397285,507,0,5,-110.0,524,120.0,250.0,277.308492477241,5,-25.641005824305296,-17,11,1,3.5080455449106394
2394,234901,411045.0,3397035.0,22,270,6,5,2585.0,9.2,502,0,5,410840,3397200,505,0,5,-95.5,524,-205.0,165.0,263.1539473388153,3,51.170175095029606,-19,11,1,4.129651329455542
2395,234901,411045.0,3397035.0,22,270,6,5,2585.0,9.2,502,0,5,410845,3397195,505,0,5,-88.0,524,-200.0,160.0,256.12496949731394,3,51.34019174590992,-19,11,1,4.2425752991625405
2396,234901,411045.0,3397035.0,22,270,6,5,2585.0,9.2,502,0,5,410835,3397125,503,0,5,-91.5,524,-210.0,90.0,228.47319317591726,1,66.80140948635182,-21,11,1,5.251557400319413
2397,234901,411045.0,3397035.0,22,270,6,5,2585.0,9.2,502,0,5,410855,3397185,504,0,7,-89.0,524,-190.0,150.0,242.0743687382041,2,51.709836807756915,-20,11,1,4.723006844495263
2398,234901,411045.0,3397035.0,22,270,6,5,2585.0,9.2,502,0,5,410850,3397190,505,0,7,-88.93,524,-195.0,155.0,249.09837414162303,3,51.519801751656985,-19,11,1,4.361794801570956
2399,234901,411045.0,3397035.0,22,270,6,5,2585.0,9.2,502,0,5,410860,3397180,504,0,7,-80.0,524,-185.0,145.0,235.05318547086316,2,51.911227119024716,-20,11,1,4.863419024383229
2400,234901,411045.0,3397035.0,22,270,6,5,2585.0,9.2,502,0,5,411055,3397015,501,0,5,-84.5,524,10.0,-20.0,22.360679774997898,-1,-153.43494882292202,-23,11,1,45.80748184641965
2401,234901,411045.0,3397035.0,22,270,6,5,2585.0,9.2,502,0,5,410970,3396940,501,0,5,-92.0,524,-75.0,-95.0,121.03718436910205,-1,-218.29016319224309,-23,11,1,10.759308011459119
2402,234901,411045.0,3397035.0,22,270,6,5,2585.0,9.2,502,0,5,411040,3397010,500,0,5,-75.5,524,-5.0,-25.0,25.495097567963924,-2,-191.30993247402023,-24,11,1,43.26979348672114
2403,234901,411045.0,3397035.0,22,270,6,5,2585.0,9.2,502,0,5,410890,3396860,502,0,14,-96.0,524,-155.0,-175.0,233.77339455121918,0,-221.53177074108288,-22,11,1,5.376170514485241
2404,234901,411045.0,3397035.0,22,270,6,5,2585.0,9.2,502,0,5,411050,3397020,501,0,5,-78.0,524,5.0,-15.0,15.811388300841896,-1,-161.56505117707798,-23,11,1,55.49335758659368
2405,234901,411045.0,3397035.0,22,270,6,5,2585.0,9.2,502,0,5,411060,3397030,501,0,5,-81.86,524,15.0,-5.0,15.811388300841896,-1,-108.43494882292202,-23,11,1,55.49335758659368
2406,234901,411045.0,3397035.0,22,270,6,5,2585.0,9.2,502,0,5,411120,3397090,502,0,6,-97.0,524,75.0,55.0,93.00537618869137,0,-53.7461622625552,-22,11,1,13.308436731827726
2407,234901,411045.0,3397035.0,22,270,6,5,2585.0,9.2,502,0,5,410915,3396875,502,0,5,-88.5,524,-130.0,-160.0,206.15528128088303,0,-219.0938588862295,-22,11,1,6.0913045223563165
2408,234901,411045.0,3397035.0,22,270,6,5,2585.0,9.2,502,0,5,411065,3397025,501,0,5,-79.73,524,20.0,-10.0,22.360679774997898,-1,-116.56505117707798,-23,11,1,45.80748184641965
2409,234901,411045.0,3397035.0,22,270,6,5,2585.0,9.2,502,0,5,411345,3397030,502,0,5,-93.5,524,300.0,-5.0,300.04166377354994,0,-90.95484125387219,-22,11,1,4.193602462246443
2410,234901,411045.0,3397035.0,22,270,6,5,2585.0,9.2,502,0,5,411025,3396710,509,0,14,-91.0,524,-20.0,-325.0,325.61480310329875,7,-183.52145337692224,-15,11,1,2.63756287741163
2411,234901,411045.0,3397035.0,22,270,6,5,2585.0,9.2,502,0,5,411035,3396720,509,6,14,-102.0,524,-10.0,-315.0,315.15869018638847,7,-181.81830296445185,-15,11,1,2.7249402985677142
2412,234901,411045.0,3397035.0,22,270,6,5,2585.0,9.2,502,0,5,411175,3396785,503,0,14,-97.67,524,130.0,-250.0,281.7800560721074,1,-152.52556837372288,-21,11,1,4.262158126908195
2413,234901,411045.0,3397035.0,22,270,6,5,2585.0,9.2,502,0,5,411165,3396795,503,0,14,-108.0,524,120.0,-240.0,268.32815729997475,1,-153.43494882292202,-21,11,1,4.4749824761082735
2414,234901,411045.0,3397035.0,22,270,6,5,2585.0,9.2,502,0,5,411170,3396790,503,0,6,-105.5,524,125.0,-245.0,275.04545078950133,1,-152.969139740157,-21,11,1,4.366120140452608
2415,234901,411045.0,3397035.0,22,270,6,5,2585.0,9.2,502,0,5,411145,3396735,504,0,5,-100.0,524,100.0,-300.0,316.22776601683796,2,-161.56505117707798,-20,11,1,3.6188832299832407
2416,234901,411045.0,3397035.0,22,270,6,5,2585.0,9.2,502,0,5,411120,3396760,504,6,6,-104.5,524,75.0,-275.0,285.0438562747845,2,-164.74488129694222,-20,11,1,4.013560100989388
2417,234901,411045.0,3397035.0,22,270,6,5,2585.0,9.2,502,0,5,411410,3397030,503,0,5,-108.17,524,365.0,-5.0,365.0342449688796,1,-90.78482460299188,-21,11,1,3.2925311687787
2418,234901,411045.0,3397035.0,22,270,6,5,2585.0,9.2,502,0,5,411020,3396620,501,6,5,-106.58,524,-25.0,-415.0,415.7523301197481,-1,-183.4473868518652,-23,11,1,3.166454970677681
2419,234901,411045.0,3397035.0,22,270,6,5,2585.0,9.2,502,0,5,411135,3396745,504,6,14,-110.5,524,90.0,-290.0,303.6445290137795,2,-162.75854060106002,-20,11,1,3.768428660714024
2420,234901,411045.0,3397035.0,22,270,6,5,2585.0,9.2,502,0,5,411195,3396765,503,6,6,-104.5,524,150.0,-270.0,308.86890422961,1,-150.94539590092285,-21,11,1,3.8895546741819014
2421,234901,411045.0,3397035.0,22,270,6,5,2585.0,9.2,502,0,5,411125,3396755,504,0,14,-112.67,524,80.0,-280.0,291.20439557122074,2,-164.05460409907715,-20,11,1,3.928920496307941
2422,234901,411045.0,3397035.0,22,270,6,5,2585.0,9.2,502,0,5,411415,3397025,503,0,5,-102.0,524,370.0,-10.0,370.1351104664349,1,-91.54815769897797,-21,11,1,3.2472542770015247
2423,234901,411045.0,3397035.0,22,270,6,5,2585.0,9.2,502,0,5,411110,3396690,505,6,14,-116.5,524,65.0,-345.0,351.0697936308392,3,-169.33021719550334,-19,11,1,3.0978421853263507
2424,234901,411045.0,3397035.0,22,270,6,5,2585.0,9.2,502,0,5,410790,3396675,505,5,6,-105.0,524,-255.0,-360.0,441.16323509558225,3,-215.3112134396332,-19,11,1,2.4660882801037123
2425,234901,411045.0,3397035.0,22,270,6,5,2585.0,9.2,502,0,5,410410,3397015,505,0,5,-95.5,524,-635.0,-20.0,635.3148825582476,3,-268.19600488379945,-19,11,1,1.7130016355771744
2426,234901,411045.0,3397035.0,22,270,6,5,2585.0,9.2,502,0,5,410885,3396930,503,0,5,-85.0,524,-160.0,-105.0,191.3765920900464,1,-236.72511201516508,-21,11,1,6.26208606418677
2427,234901,411045.0,3397035.0,22,270,6,5,2585.0,9.2,502,0,5,410890,3396935,503,0,14,-88.67,524,-155.0,-100.0,184.45866745696716,1,-237.1714582085875,-21,11,1,6.494967916470253
2428,234901,411045.0,3397035.0,22,270,6,5,2585.0,9.2,502,0,5,411055,3397100,502,9,14,-93.0,524,10.0,65.0,65.76473218982953,0,-8.74616226255523,-22,11,1,18.49641806204102
2429,234901,411045.0,3397035.0,22,270,6,5,2585.0,9.2,502,0,5,410925,3396890,502,0,5,-86.0,524,-120.0,-145.0,188.2153022471871,0,-219.6106882400266,-22,11,1,6.6669027927264874
2430,234901,411045.0,3397035.0,22,270,6,5,2585.0,9.2,502,0,5,410905,3396950,503,0,14,-83.0,524,-140.0,-85.0,163.783393541592,1,-238.73626830562256,-21,11,1,7.306492280563654
2431,234901,411045.0,3397035.0,22,270,6,5,2585.0,9.2,502,0,5,411050,3397095,502,9,5,-93.5,524,5.0,60.0,60.207972893961475,0,-4.7636416907261605,-22,11,1,20.072309141747528
2432,234901,411045.0,3397035.0,22,270,6,5,2585.0,9.2,502,0,5,410895,3396940,503,12,14,-88.33,524,-150.0,-95.0,177.55280904564702,1,-237.65255650055798,-21,11,1,6.745302810226109
2433,234901,411045.0,3397035.0,22,270,6,5,2585.0,9.2,502,0,5,410910,3396955,503,0,5,-83.2,524,-135.0,-80.0,156.92354826475216,1,-239.34933204294714,-21,11,1,7.62221454752919
2434,234901,411045.0,3397035.0,22,270,6,5,2585.0,9.2,502,0,5,410920,3396885,502,0,5,-86.0,524,-125.0,-150.0,195.25624189766637,0,-219.8055710922652,-22,11,1,6.428543956838117
2435,234901,411045.0,3397035.0,22,270,6,5,2585.0,9.2,502,0,5,410935,3396900,502,0,5,-83.67,524,-110.0,-135.0,174.14074767268,0,-219.17365797044425,-22,11,1,7.2002939224265425
2436,234901,411045.0,3397035.0,22,270,6,5,2585.0,9.2,502,0,5,410915,3396960,503,0,5,-78.5,524,-130.0,-75.0,150.08331019803634,1,-240.01836063115067,-21,11,1,7.9652433133769955
2437,234901,411045.0,3397035.0,22,270,6,5,2585.0,9.2,502,0,5,410900,3396945,503,12,14,-80.0,524,-145.0,-90.0,170.66048165876012,1,-238.17255342332692,-21,11,1,7.015057495226254
2438,234901,411045.0,3397035.0,22,270,6,5,2585.0,9.2,502,0,5,410960,3397030,503,0,14,-77.0,524,-85.0,-5.0,85.14693182963201,1,-266.63353933657015,-21,11,1,13.854505737698876
2439,234901,411045.0,3397035.0,22,270,6,5,2585.0,9.2,502,0,5,410920,3397070,505,0,5,-89.67,524,-125.0,35.0,129.80754985747168,3,74.35775354279127,-19,11,1,8.327280854244266
2440,234901,411045.0,3397035.0,22,270,6,5,2585.0,9.2,502,0,5,410940,3397050,505,0,5,-88.5,524,-105.0,15.0,106.06601717798213,3,81.86989764584405,-19,11,1,10.155889845067865
2441,234901,411045.0,3397035.0,22,270,6,5,2585.0,9.2,502,0,5,410885,3397105,504,0,5,-82.5,524,-160.0,70.0,174.64249196572982,2,66.37062226934319,-20,11,1,6.533033075626061
2442,234901,411045.0,3397035.0,22,270,6,5,2585.0,9.2,502,0,5,411225,3396765,502,6,6,-107.33,524,180.0,-270.0,324.49961479175903,0,-146.30993247402023,-22,11,1,3.878529092929079
2443,234901,411045.0,3397035.0,22,270,6,5,2585.0,9.2,502,0,5,410980,3397010,502,12,14,-81.5,524,-65.0,-25.0,69.6419413859206,0,-248.96248897457818,-22,11,1,17.531409456434453
2444,234901,411045.0,3397035.0,22,270,6,5,2585.0,9.2,502,0,5,410990,3397020,502,0,5,-79.5,524,-55.0,-15.0,57.0087712549569,0,-254.74488129694222,-22,11,1,21.10187722703879
2445,234901,411045.0,3397035.0,22,270,6,5,2585.0,9.2,502,0,5,410895,3397115,504,0,5,-85.57,524,-150.0,80.0,170.0,2,61.92751306414709,-20,11,1,6.7098368077569335
2446,234901,411045.0,3397035.0,22,270,6,5,2585.0,9.2,502,0,5,410880,3397110,504,0,5,-85.2,524,-165.0,75.0,181.24568960391858,2,65.55604521958344,-20,11,1,6.29696726737592
2447,234901,411045.0,3397035.0,22,270,6,5,2585.0,9.2,502,0,5,410975,3397035,503,0,14,-81.8,524,-70.0,0.0,70.0,1,90.0,-21,11,1,16.69924423399362
2448,234901,411045.0,3397035.0,22,270,6,5,2585.0,9.2,502,0,5,410905,3397085,505,0,5,-85.0,524,-140.0,50.0,148.66068747318505,3,70.34617594194674,-19,11,1,7.283363053534669
2449,234901,411045.0,3397035.0,22,270,6,5,2585.0,9.2,502,0,5,410900,3397090,504,0,5,-86.22,524,-145.0,55.0,155.08062419270823,2,69.22774531795415,-20,11,1,7.348598755021567
2450,234901,411045.0,3397035.0,22,270,6,5,2585.0,9.2,502,0,5,411235,3396775,502,0,14,-117.5,524,190.0,-260.0,322.02484376209236,0,-143.84181456019166,-22,11,1,3.908243690291267
2451,234901,411045.0,3397035.0,22,270,6,5,2585.0,9.2,502,0,5,410965,3397025,503,0,14,-80.36,524,-80.0,-10.0,80.62257748298549,1,-262.8749836510982,-21,11,1,14.599595080188077
2452,234901,411045.0,3397035.0,22,270,6,5,2585.0,9.2,502,0,5,411245,3396745,503,6,14,-112.5,524,200.0,-290.0,352.27829907617075,1,-145.40771131249005,-21,11,1,3.4114765677353796
2453,234901,411045.0,3397035.0,22,270,6,5,2585.0,9.2,502,0,5,410995,3397015,502,0,14,-75.17,524,-50.0,-20.0,53.85164807134504,0,-248.19859051364818,-22,11,1,22.221475307820867
2454,234901,411045.0,3397035.0,22,270,6,5,2585.0,9.2,502,0,5,410925,3397065,505,0,5,-77.33,524,-120.0,30.0,123.69316876852982,3,75.96375653207349,-19,11,1,8.732714292082512
2455,234901,411045.0,3397035.0,22,270,6,5,2585.0,9.2,502,0,5,410890,3397120,504,0,14,-82.9,524,-155.0,85.0,176.7766952966369,2,61.26020470831196,-20,11,1,6.454830247455114
2456,234901,411045.0,3397035.0,22,270,6,5,2585.0,9.2,502,0,5,410890,3397160,503,0,7,-84.67,524,-155.0,125.0,199.12307751739877,1,51.11550356628538,-21,11,1,6.02029701962169
2457,234901,411045.0,3397035.0,22,270,6,5,2585.0,9.2,502,0,5,410905,3397125,504,0,14,-84.33,524,-140.0,90.0,166.43316977093238,2,57.26477372789236,-20,11,1,6.852282245439308
2458,234901,411045.0,3397035.0,22,270,6,5,2585.0,9.2,502,0,5,410880,3397150,503,0,5,-77.5,524,-165.0,115.0,201.12185361118767,1,55.12467165539783,-21,11,1,5.960899427317918
2459,234901,411045.0,3397035.0,22,270,6,5,2585.0,9.2,502,0,5,411075,3397295,504,0,5,-108.7,524,30.0,260.0,261.72504656604804,2,-6.581944655178006,-20,11,1,4.36982587280222
2460,234901,411045.0,3397035.0,22,270,6,5,2585.0,9.2,502,0,5,411020,3397250,504,0,7,-97.5,524,-25.0,215.0,216.44860821913363,2,6.6325146151384615,-20,11,1,5.279179073098793
2461,234901,411045.0,3397035.0,22,270,6,5,2585.0,9.2,502,0,5,410970,3397240,505,0,7,-95.5,524,-75.0,205.0,218.28879952943075,3,20.095231191904816,-19,11,1,4.974524974410284
2462,234901,411045.0,3397035.0,22,270,6,5,2585.0,9.2,502,0,5,410900,3397130,504,0,5,-80.33,524,-145.0,95.0,173.34935823359717,2,56.76828893202065,-20,11,1,6.581341539958256
2463,234901,411045.0,3397035.0,22,270,6,5,2585.0,9.2,502,0,5,411005,3397265,504,0,14,-98.25,524,-40.0,230.0,233.45235059857504,2,9.865806943084408,-20,11,1,4.896606974764946
2464,234901,411045.0,3397035.0,22,270,6,5,2585.0,9.2,502,0,5,411010,3397280,504,0,14,-102.5,524,-35.0,245.0,247.48737341529164,2,8.130102354155952,-20,11,1,4.620158165632828
2465,234901,411045.0,3397035.0,22,270,6,5,2585.0,9.2,502,0,5,411065,3397285,504,0,5,-106.29,524,20.0,250.0,250.79872407968904,2,-4.573921259900885,-20,11,1,4.559416109622995
2466,234901,411045.0,3397035.0,22,270,6,5,2585.0,9.2,502,0,5,410975,3397235,505,12,7,-91.63,524,-70.0,200.0,211.8962010041709,3,19.290046219188753,-19,11,1,5.123811876734196
2467,234901,411045.0,3397035.0,22,270,6,5,2585.0,9.2,502,0,5,411060,3397290,504,0,5,-106.17,524,15.0,255.0,255.44079548889601,2,-3.366460663429791,-20,11,1,4.476898740140696
2468,234901,411045.0,3397035.0,22,270,6,5,2585.0,9.2,502,0,5,410990,3397220,504,12,7,-94.3,524,-55.0,185.0,193.00259065618783,2,16.557071375636667,-20,11,1,5.916190560991233
2469,234901,411045.0,3397035.0,22,270,6,5,2585.0,9.2,502,0,5,410985,3397205,504,0,7,-88.57,524,-60.0,170.0,180.27756377319946,2,19.44003482817618,-20,11,1,6.330509401162716
2470,234901,411045.0,3397035.0,22,270,6,5,2585.0,9.2,502,0,5,410980,3397210,504,12,7,-93.6,524,-65.0,175.0,186.6815470259447,2,20.376435213836373,-20,11,1,6.115019793815877
2471,234901,411045.0,3397035.0,22,270,6,5,2585.0,9.2,502,0,5,411055,3397315,504,0,5,-109.5,524,10.0,280.0,280.178514522438,2,-2.045408488887233,-20,11,1,4.083022453842381
2472,234901,411045.0,3397035.0,22,270,6,5,2585.0,9.2,502,0,5,411025,3397245,504,0,7,-97.0,524,-20.0,210.0,210.95023109728987,2,5.440332031005482,-20,11,1,5.415971951341969
2473,234901,411045.0,3397035.0,22,270,6,5,2585.0,9.2,502,0,5,411015,3397275,504,0,14,-99.0,524,-30.0,240.0,241.8677324489565,2,7.125016348901795,-20,11,1,4.727023601589911
2474,234901,411045.0,3397035.0,22,270,6,5,2585.0,9.2,502,0,5,411070,3397300,504,0,5,-105.71,524,25.0,265.0,266.1766330841233,2,-5.3893117599733955,-20,11,1,4.297020149953015
2475,234901,411045.0,3397035.0,22,270,6,5,2585.0,9.2,502,0,5,411045,3397305,504,0,7,-107.5,524,0.0,270.0,270.0,2,0.0,-20,11,1,4.23639479905884
2476,234901,411045.0,3397035.0,22,270,6,5,2585.0,9.2,502,0,5,411050,3397320,504,0,7,-108.0,524,5.0,285.0,285.0438562747845,2,-1.0050860052541566,-20,11,1,4.013560100989388
2477,234901,411045.0,3397035.0,22,270,6,5,2585.0,9.2,502,0,5,411040,3397310,504,0,7,-102.5,524,-5.0,275.0,275.04545078950133,2,1.0416266760099688,-20,11,1,4.158957332095226
2478,234901,411045.0,3397035.0,22,270,6,5,2585.0,9.2,502,0,5,410995,3397215,504,12,7,-92.83,524,-50.0,180.0,186.81541692269406,2,15.524110996754246,-20,11,1,6.110671001741464
2479,234901,411045.0,3397035.0,22,270,6,5,2585.0,9.2,502,0,5,410920,3397190,505,0,7,-87.0,524,-125.0,155.0,199.12307751739877,3,38.88449643371462,-19,11,1,5.4505681414910105
2480,234901,411045.0,3397035.0,22,270,6,5,2585.0,9.2,502,0,5,410910,3397140,504,0,5,-90.5,524,-135.0,105.0,171.0263137648707,2,52.125016348901795,-20,11,1,6.669935543365446
2481,234901,411045.0,3397035.0,22,270,6,5,2585.0,9.2,502,0,5,410930,3397200,505,0,7,-88.5,524,-115.0,165.0,201.12185361118767,3,34.87532834460217,-19,11,1,5.3967210658255516
2482,234901,411045.0,3397035.0,22,270,6,5,2585.0,9.2,502,0,5,410885,3397145,503,0,5,-78.25,524,-160.0,110.0,194.164878389476,1,55.491477012331586,-21,11,1,6.172859212578362
2483,234901,411045.0,3397035.0,22,270,6,5,2585.0,9.2,502,0,5,410895,3397155,503,0,7,-80.25,524,-150.0,120.0,192.09372712298546,1,51.34019174590992,-21,11,1,6.238892790916383
2484,234901,411045.0,3397035.0,22,270,6,5,2585.0,9.2,502,0,5,410865,3396760,504,0,6,-98.0,524,-180.0,-275.0,328.6715685908959,2,-213.20657031508955,-20,11,1,3.4822127938409553
2485,234901,411045.0,3397035.0,22,270,6,5,2585.0,9.2,502,0,5,410820,3396980,504,0,5,-98.0,524,-225.0,-55.0,231.62469643800938,2,-256.26373169437744,-20,11,1,4.93505399256248
2486,234901,411045.0,3397035.0,22,270,6,5,2585.0,9.2,502,0,5,410860,3397020,504,0,5,-83.42,524,-185.0,-15.0,185.60711193270586,2,-265.3645365730973,-20,11,1,6.150147669587623
2487,234901,411045.0,3397035.0,22,270,6,5,2585.0,9.2,502,0,5,410870,3397010,504,0,5,-82.43,524,-175.0,-25.0,176.7766952966369,2,-261.86989764584405,-20,11,1,6.454830247455114
2488,234901,411045.0,3397035.0,22,270,6,5,2585.0,9.2,502,0,5,410800,3397000,505,69,10,-96.63,524,-245.0,-35.0,247.48737341529164,3,-261.86989764584405,-19,11,1,4.390076942868887
2489,234901,411045.0,3397035.0,22,270,6,5,2585.0,9.2,502,0,5,410805,3396995,505,69,5,-95.0,524,-240.0,-40.0,243.3105012119288,3,-260.5376777919744,-19,11,1,4.465138475199307
2490,234901,411045.0,3397035.0,22,270,6,5,2585.0,9.2,502,0,5,410855,3397025,505,0,5,-87.35,524,-190.0,-10.0,190.26297590440447,3,-266.98721249581666,-19,11,1,5.702752184126061
2491,234901,411045.0,3397035.0,22,270,6,5,2585.0,9.2,502,0,5,410815,3396985,505,69,5,-94.0,524,-230.0,-50.0,235.3720459187964,3,-257.73522627210764,-19,11,1,4.6150953791550275
2492,234901,411045.0,3397035.0,22,270,6,5,2585.0,9.2,502,0,5,410840,3397040,505,0,10,-81.0,524,-205.0,5.0,205.0609665440988,3,88.60281897270363,-19,11,1,5.293647565422581
2493,234901,411045.0,3397035.0,22,270,6,5,2585.0,9.2,502,0,5,410845,3397035,505,0,5,-88.0,524,-200.0,0.0,200.0,3,90.0,-19,11,1,5.42681249857282
2494,234901,411045.0,3397035.0,22,270,6,5,2585.0,9.2,502,0,5,410850,3397030,505,0,5,-86.72,524,-195.0,-5.0,195.0640920313116,3,-268.5311992856142,-19,11,1,5.563281788446146
2495,234901,411045.0,3397035.0,22,270,6,5,2585.0,9.2,502,0,5,410810,3396990,505,69,5,-99.0,524,-235.0,-45.0,239.26972228010797,3,-259.1596945456695,-19,11,1,4.540232909778436
2496,234901,411045.0,3397035.0,22,270,6,5,2585.0,9.2,502,0,5,410865,3397015,504,0,5,-85.62,524,-180.0,-20.0,181.10770276274835,2,-263.6598082540901,-20,11,1,6.3017263739971945
2497,234901,411045.0,3397035.0,22,270,6,5,2585.0,9.2,502,0,5,410830,3396970,504,0,5,-99.0,524,-215.0,-65.0,224.61077445216202,2,-253.17859010995917,-20,11,1,5.088364086433069
2498,234901,411045.0,3397035.0,22,270,6,5,2585.0,9.2,502,0,5,410825,3396975,504,0,5,-95.67,524,-220.0,-60.0,228.0350850198276,2,-254.74488129694222,-20,11,1,5.012346376969023
2499,234901,411045.0,3397035.0,22,270,6,5,2585.0,9.2,502,0,5,410835,3397095,504,12,5,-84.0,524,-210.0,60.0,218.40329667841556,2,74.0546040990771,-20,11,1,5.23219433817877
2500,234901,411045.0,3397035.0,22,270,6,5,2585.0,9.2,502,0,5,410825,3397085,505,12,5,-91.0,524,-220.0,50.0,225.61028345356956,3,77.19573393471325,-19,11,1,4.8138634058772976
2501,234901,411045.0,3397035.0,22,270,6,5,2585.0,9.2,502,0,5,410735,3397035,506,12,14,-82.0,524,-310.0,0.0,310.0,4,90.0,-18,11,1,3.3231204451354426
2502,234901,411045.0,3397035.0,22,270,6,5,2585.0,9.2,502,0,5,410840,3397070,505,0,6,-88.5,524,-205.0,35.0,207.9663434308542,3,80.3112134396332,-19,11,1,5.220104530015074
2503,234901,411045.0,3397035.0,22,270,6,5,2585.0,9.2,502,0,5,410750,3397020,506,0,14,-91.76,524,-295.0,-15.0,295.3811097548386,4,-267.0891621738323,-18,11,1,3.4871907448319583
2504,234901,411045.0,3397035.0,22,270,6,5,2585.0,9.2,502,0,5,410720,3397030,506,0,5,-97.86,524,-325.0,-5.0,325.0384592629002,4,-269.1185960034179,-18,11,1,3.169691688739342
2505,234901,411045.0,3397035.0,22,270,6,5,2585.0,9.2,502,0,5,410875,3397055,505,0,5,-90.75,524,-170.0,20.0,171.1724276862369,3,83.29016319224309,-19,11,1,6.333856991052261
2506,234901,411045.0,3397035.0,22,270,6,5,2585.0,9.2,502,0,5,410765,3396985,505,0,5,-88.29,524,-280.0,-50.0,284.42925306655786,3,-259.87532834460217,-19,11,1,3.821705649200943
2507,234901,411045.0,3397035.0,22,270,6,5,2585.0,9.2,502,0,5,410740,3397010,506,0,5,-95.63,524,-305.0,-25.0,306.0228749619871,4,-265.31410016049733,-18,11,1,3.3662096019073897
2508,234901,411045.0,3397035.0,22,270,6,5,2585.0,9.2,502,0,5,410865,3397045,505,5,14,-88.56,524,-180.0,10.0,180.27756377319946,3,86.82016988013572,-19,11,1,6.016365847585433
2509,234901,411045.0,3397035.0,22,270,6,5,2585.0,9.2,502,0,5,410870,3397060,505,0,14,-92.33,524,-175.0,25.0,176.7766952966369,3,81.86989764584405,-19,11,1,6.134613582861085
2510,234901,411045.0,3397035.0,22,270,6,5,2585.0,9.2,502,0,5,410775,3396995,505,0,5,-99.33,524,-270.0,-40.0,272.9468812791236,3,-261.57303097851934,-19,11,1,3.9819709530066794
2511,234901,411045.0,3397035.0,22,270,6,5,2585.0,9.2,502,0,5,410760,3396990,505,0,6,-87.1,524,-285.0,-45.0,288.5307609250702,3,-261.0273733851036,-19,11,1,3.7675371184635424
2512,234901,411045.0,3397035.0,22,270,6,5,2585.0,9.2,502,0,5,410860,3397050,505,5,5,-87.86,524,-185.0,15.0,185.60711193270586,3,85.36453657309733,-19,11,1,5.844824571737359
2513,234901,411045.0,3397035.0,22,270,6,5,2585.0,9.2,502,0,5,410755,3397015,506,0,6,-93.38,524,-290.0,-20.0,290.68883707497264,4,-266.0548137709625,-18,11,1,3.543338381578365
2514,234901,411045.0,3397035.0,22,270,6,5,2585.0,9.2,502,0,5,410770,3397000,505,0,5,-94.88,524,-275.0,-35.0,277.2183255125822,3,-262.74680538727466,-19,11,1,3.920808674521488
2515,234901,411045.0,3397035.0,22,270,6,5,2585.0,9.2,502,0,5,410745,3397005,506,12,14,-88.5,524,-300.0,-30.0,301.4962686336267,4,-264.28940686250036,-18,11,1,3.4166303758495835
2516,234901,411045.0,3397035.0,22,270,6,5,2585.0,9.2,502,0,5,410725,3397025,506,0,5,-89.78,524,-320.0,-10.0,320.1562118716424,4,-268.21008939175397,-18,11,1,3.2179273303839278
2517,234901,411045.0,3397035.0,22,270,6,5,2585.0,9.2,502,0,5,410805,3397105,505,12,14,-91.0,524,-240.0,70.0,250.0,3,73.7397952916881,-19,11,1,4.34612435460243
2518,234901,411045.0,3397035.0,22,270,6,5,2585.0,9.2,502,0,5,410845,3397065,505,0,5,-90.0,524,-200.0,30.0,202.23748416156684,3,81.46923439005184,-19,11,1,5.3671247155751916
2519,234901,411045.0,3397035.0,22,270,6,5,2585.0,9.2,502,0,5,410860,3397285,507,0,5,-99.13,524,-185.0,250.0,311.0064308016797,5,36.50144112050634,-17,11,1,3.128745281742307
2520,234901,411045.0,3397035.0,22,270,6,5,2585.0,9.2,502,0,5,410845,3397310,507,0,5,-100.2,524,-200.0,275.0,340.03676271838606,5,36.0273733851036,-17,11,1,2.862096274747645
2521,234901,411045.0,3397035.0,22,270,6,5,2585.0,9.2,502,0,5,410840,3397305,507,0,5,-100.0,524,-205.0,270.0,339.00589965367857,5,37.207921921781576,-17,11,1,2.8707849179029807
2522,234901,411045.0,3397035.0,22,270,6,5,2585.0,9.2,502,0,5,410875,3397300,507,0,5,-103.39,524,-170.0,265.0,314.8412298286233,5,32.68055474336336,-17,11,1,3.090711175585981
2523,234901,411045.0,3397035.0,22,270,6,5,2585.0,9.2,502,0,5,410865,3397290,507,0,5,-101.31,524,-180.0,255.0,312.1297807002722,5,35.21759296819272,-17,11,1,3.1175072305683638
2524,234901,411045.0,3397035.0,22,270,6,5,2585.0,9.2,502,0,5,410870,3397295,507,0,5,-99.93,524,-175.0,260.0,313.40867888429636,5,33.94358701975182,-17,11,1,3.104810843458382
2525,234901,411045.0,3397035.0,22,270,6,5,2585.0,9.2,502,0,5,410950,3396960,502,0,5,-79.0,524,-95.0,-75.0,121.03718436910205,0,-231.70983680775691,-22,11,1,10.301748470471907
2526,234901,411045.0,3397035.0,22,270,6,5,2585.0,9.2,502,0,5,410965,3396805,502,6,14,-97.5,524,-80.0,-230.0,243.51591323771842,0,-199.17900802581073,-22,11,1,5.162268273804218
2527,234901,411045.0,3397035.0,22,270,6,5,2585.0,9.2,502,0,5,410970,3396820,502,0,14,-96.5,524,-75.0,-215.0,227.705950734714,0,-199.2306723756613,-22,11,1,5.518550783037505
2528,234901,411045.0,3397035.0,22,270,6,5,2585.0,9.2,502,0,5,411055,3397055,502,9,5,-88.5,524,10.0,20.0,22.360679774997898,0,-26.565051177077976,-22,11,1,44.53416012536895
2529,234901,411045.0,3397035.0,22,270,6,5,2585.0,9.2,502,0,5,410900,3396910,502,12,14,-99.0,524,-145.0,-125.0,191.44189719076647,0,-229.23639479905884,-22,11,1,6.555523998077629
2530,234901,411045.0,3397035.0,22,270,6,5,2585.0,9.2,502,0,5,411045,3397045,502,0,5,-82.0,524,0.0,10.0,10.0,0,0.0,-22,11,1,65.55604521958347
2531,234901,411045.0,3397035.0,22,270,6,5,2585.0,9.2,502,0,5,410960,3396810,502,6,5,-109.33,524,-85.0,-225.0,240.52026941611388,0,-200.6954507340633,-22,11,1,5.226209684725402
2532,234901,411045.0,3397035.0,22,270,6,5,2585.0,9.2,502,0,5,410920,3396930,503,0,5,-87.0,524,-125.0,-105.0,163.24827717314508,1,-229.9697407281103,-21,11,1,7.330182383174245
2533,234901,411045.0,3397035.0,22,270,6,5,2585.0,9.2,502,0,5,410885,3397265,507,6,5,-96.33,524,-160.0,230.0,280.178514522438,5,34.824489156956815,-17,11,1,3.472199081633984
2534,234901,411045.0,3397035.0,22,270,6,5,2585.0,9.2,502,0,5,411165,3397305,507,0,5,-110.0,524,120.0,270.0,295.4657340538831,5,-23.96248897457818,-17,11,1,3.2929556762842713
2535,234901,411045.0,3397035.0,22,270,6,5,2585.0,9.2,502,0,5,410910,3397260,507,6,5,-82.0,524,-135.0,225.0,262.39283526803854,5,30.96375653207349,-17,11,1,3.706918426033694
2536,234901,411045.0,3397035.0,22,270,6,5,2585.0,9.2,502,0,5,410890,3397280,507,0,5,-95.08,524,-155.0,245.0,289.9137802864845,5,32.31961650818016,-17,11,1,3.3558741928043894
2537,234901,411045.0,3397035.0,22,270,6,5,2585.0,9.2,502,0,5,411060,3397410,504,0,5,-113.17,524,15.0,375.0,375.2998800959041,2,-2.290610042638491,-20,11,1,3.050447744540894
2538,234901,411045.0,3397035.0,22,270,6,5,2585.0,9.2,502,0,5,410995,3397175,503,0,7,-94.67,524,-50.0,140.0,148.66068747318505,1,19.653824058053317,-21,11,1,8.04047529892008
2539,234901,411045.0,3397035.0,22,270,6,5,2585.0,9.2,502,0,5,410930,3397240,506,6,7,-92.25,524,-115.0,205.0,235.05318547086316,4,29.291362170984257,-18,11,1,4.3790732344953796
2540,234901,411045.0,3397035.0,22,270,6,5,2585.0,9.2,502,0,5,410920,3397230,506,0,7,-89.8,524,-125.0,195.0,231.62469643800938,4,32.66091272167381,-18,11,1,4.443634177204057
2541,234901,411045.0,3397035.0,22,270,6,5,2585.0,9.2,502,0,5,411070,3397420,504,0,5,-113.0,524,25.0,385.0,385.8108344772085,2,-3.7152891054287807,-20,11,1,2.967492560176127
2542,234901,411045.0,3397035.0,22,270,6,5,2585.0,9.2,502,0,5,410925,3397225,506,0,7,-83.33,524,-120.0,190.0,224.72205054244233,4,32.27564431457762,-18,11,1,4.579554505884082
2543,234901,411045.0,3397035.0,22,270,6,5,2585.0,9.2,502,0,5,411180,3397290,507,0,5,-106.0,524,135.0,255.0,288.5307609250702,5,-27.89727103094762,-17,11,1,3.3719229334853718
2544,234901,411045.0,3397035.0,22,270,6,5,2585.0,9.2,502,0,5,411005,3397145,503,0,5,-91.5,524,-40.0,110.0,117.04699910719626,1,19.98310652189997,-21,11,1,10.17151028667984
2545,234901,411045.0,3397035.0,22,270,6,5,2585.0,9.2,502,0,5,410990,3397180,503,0,7,-90.5,524,-55.0,145.0,155.08062419270823,1,20.772254682045855,-21,11,1,7.7117105773331796
2546,234901,411045.0,3397035.0,22,270,6,5,2585.0,9.2,502,0,5,410915,3397255,506,0,5,-82.0,524,-130.0,220.0,255.53864678361276,4,30.579226872489016,-18,11,1,4.0292276420600075
2547,234901,411045.0,3397035.0,22,270,6,5,2585.0,9.2,502,0,5,410970,3397200,504,0,7,-90.5,524,-75.0,165.0,181.24568960391858,2,24.44395478041656,-20,11,1,6.29696726737592
2548,234901,411045.0,3397035.0,22,270,6,5,2585.0,9.2,502,0,5,410975,3397195,504,0,7,-90.0,524,-70.0,160.0,174.64249196572982,2,23.629377730656813,-20,11,1,6.533033075626061
2549,234901,411045.0,3397035.0,22,270,6,5,2585.0,9.2,502,0,5,411065,3397405,504,0,6,-110.0,524,20.0,370.0,370.5401462729781,2,-3.094058058917085,-20,11,1,3.08955651207613
2550,234901,411045.0,3397035.0,22,270,6,5,2585.0,9.2,502,0,5,410895,3397275,507,0,5,-101.8,524,-150.0,240.0,283.0194339616981,5,32.005383208083515,-17,11,1,3.43742950588127
2551,234901,411045.0,3397035.0,22,270,6,5,2585.0,9.2,502,0,5,410880,3397270,507,6,5,-103.67,524,-165.0,235.0,287.14108030722457,5,35.073754493348304,-17,11,1,3.388204147686405
2552,234901,411045.0,3397035.0,22,270,6,5,2585.0,9.2,502,0,5,411160,3397310,506,0,14,-106.0,524,115.0,275.0,298.0771712157776,4,-22.69379494509235,-18,11,1,3.455726433519679
2553,234901,411045.0,3397035.0,22,270,6,5,2585.0,9.2,502,0,5,411010,3397160,502,0,7,-91.5,524,-35.0,125.0,129.80754985747168,0,15.642246457208728,-22,11,1,9.619178752312159
2554,234901,411045.0,3397035.0,22,270,6,5,2585.0,9.2,502,0,5,411015,3397155,502,0,5,-93.67,524,-30.0,120.0,123.69316876852982,0,14.03624346792651,-22,11,1,10.085134498148449
2555,234901,411045.0,3397035.0,22,270,6,5,2585.0,9.2,502,0,5,410870,3397270,507,0,5,-96.0,524,-175.0,235.0,293.00170647967224,5,36.67434966957319,-17,11,1,3.3205864112644083
2556,234901,411045.0,3397035.0,22,270,6,5,2585.0,9.2,502,0,5,410865,3397275,507,0,5,-98.0,524,-180.0,240.0,300.0,5,36.86989764584405,-17,11,1,3.243292282776195
2557,234901,411045.0,3397035.0,22,270,6,5,2585.0,9.2,502,0,5,410860,3397280,507,0,5,-94.83,524,-185.0,245.0,307.001628660175,5,37.05652818940962,-17,11,1,3.169476738892878
2558,234901,411045.0,3397035.0,22,270,6,5,2585.0,9.2,502,0,5,411135,3397180,504,0,5,-106.25,524,90.0,145.0,170.66048165876012,2,-31.82744657667311,-20,11,1,6.684104150154789
2559,234901,411045.0,3397035.0,22,270,6,5,2585.0,9.2,502,0,5,411010,3397295,504,0,5,-105.35,524,-35.0,260.0,262.3451924468981,2,7.66680426181415,-20,11,1,4.3595361091231455
2560,234901,411045.0,3397035.0,22,270,6,5,2585.0,9.2,502,0,5,411020,3397305,504,0,7,-106.33,524,-25.0,270.0,271.15493725912495,2,5.29008120537128,-20,11,1,4.218415888433301
2561,234901,411045.0,3397035.0,22,270,6,5,2585.0,9.2,502,0,5,411125,3397170,503,0,6,-105.5,524,80.0,135.0,156.92354826475216,1,-30.65066795705286,-21,11,1,7.62221454752919
2562,234901,411045.0,3397035.0,22,270,6,5,2585.0,9.2,502,0,5,411065,3397270,505,0,5,-107.0,524,20.0,235.0,235.8495283014151,3,-4.864514437760533,-19,11,1,4.605792259841926
2563,234901,411045.0,3397035.0,22,270,6,5,2585.0,9.2,502,0,5,411000,3397285,505,0,5,-102.64,524,-45.0,250.0,254.01771591761076,3,10.2039737217317,-19,11,1,4.277640307303783
2564,234901,411045.0,3397035.0,22,270,6,5,2585.0,9.2,502,0,5,411005,3397290,504,0,14,-103.31,524,-40.0,255.0,258.11818998280614,2,8.914926957147884,-20,11,1,4.430646873514528
2565,234901,411045.0,3397035.0,22,270,6,5,2585.0,9.2,502,0,5,411015,3397300,504,0,7,-106.11,524,-30.0,265.0,266.6927070618917,2,6.458816378718666,-20,11,1,4.288736090196211
2566,234901,411045.0,3397035.0,22,270,6,5,2585.0,9.2,502,0,5,411075,3397280,505,0,5,-107.86,524,30.0,245.0,246.82990094394967,3,-6.981057406829791,-19,11,1,4.401724746557554
2567,234901,411045.0,3397035.0,22,270,6,5,2585.0,9.2,502,0,5,411070,3397275,505,0,5,-103.0,524,25.0,240.0,241.29857024027308,3,-5.946863053973516,-19,11,1,4.502216059063774
2568,234901,411045.0,3397035.0,22,270,6,5,2585.0,9.2,502,0,5,411025,3397310,504,0,7,-106.33,524,-20.0,275.0,275.72631357924473,2,4.159642293712636,-20,11,1,4.14872334423617
2569,234901,411045.0,3397035.0,22,270,6,5,2585.0,9.2,502,0,5,411130,3397175,503,0,5,-111.33,524,85.0,140.0,163.783393541592,1,-31.263731694377412,-21,11,1,7.306492280563654
2570,234901,411045.0,3397035.0,22,270,6,5,2585.0,9.2,502,0,5,411060,3397265,505,0,5,-110.5,524,15.0,230.0,230.4886114323222,3,-3.731396999160438,-19,11,1,4.712441011661823
2571,234901,411045.0,3397035.0,22,270,6,5,2585.0,9.2,502,0,5,411120,3397165,502,0,6,-106.5,524,75.0,130.0,150.08331019803634,0,-29.98163936884933,-22,11,1,8.339325101487574
2572,234901,411045.0,3397035.0,22,270,6,5,2585.0,9.2,502,0,5,411075,3397150,501,0,14,-100.0,524,30.0,115.0,118.84864324004712,-1,-14.620873988631672,-23,11,1,10.95268568520511
2573,234901,411045.0,3397035.0,22,270,6,5,2585.0,9.2,502,0,5,410890,3397285,507,0,5,-97.74,524,-155.0,250.0,294.15132160165456,5,31.79891282429446,-17,11,1,3.307637620031971
2574,234901,411045.0,3397035.0,22,270,6,5,2585.0,9.2,502,0,5,410910,3397305,506,0,14,-90.5,524,-135.0,270.0,301.8691769624716,4,26.565051177077976,-18,11,1,3.4124196866611016
2575,234901,411045.0,3397035.0,22,270,6,5,2585.0,9.2,502,0,5,410885,3397300,507,0,5,-98.05,524,-160.0,265.0,309.5561338432821,5,31.122470196791994,-17,11,1,3.143374393681776
2576,234901,411045.0,3397035.0,22,270,6,5,2585.0,9.2,502,0,5,410880,3397295,507,0,5,-103.0,524,-165.0,260.0,307.9366818032564,5,32.39984017391936,-17,11,1,3.1598721202634
2577,234901,411045.0,3397035.0,22,270,6,5,2585.0,9.2,502,0,5,410895,3397290,507,0,5,-97.4,524,-150.0,255.0,295.8462438497403,5,30.465544919459887,-17,11,1,3.2887296642264707
2578,234901,411045.0,3397035.0,22,270,6,5,2585.0,9.2,502,0,5,411125,3397220,505,0,6,-107.0,524,80.0,185.0,201.55644370746373,3,-23.385221057213755,-19,11,1,5.385153295019114
2579,234901,411045.0,3397035.0,22,270,6,5,2585.0,9.2,502,0,5,410905,3397320,506,0,14,-97.0,524,-140.0,285.0,317.52952618614853,4,26.16156644201925,-18,11,1,3.244490213813402
2580,234901,411045.0,3397035.0,22,270,6,5,2585.0,9.2,502,0,5,411130,3397205,505,0,6,-101.33,524,85.0,170.0,190.06577808748213,3,-26.565051177077976,-19,11,1,5.708629867361996
2581,234901,411045.0,3397035.0,22,270,6,5,2585.0,9.2,502,0,5,411135,3397210,505,0,5,-108.0,524,90.0,175.0,196.78668654154427,3,-27.21611155730747,-19,11,1,5.514884511929218
2582,234901,411045.0,3397035.0,22,270,6,5,2585.0,9.2,502,0,5,410915,3397310,506,0,5,-94.5,524,-130.0,275.0,304.1792234851026,4,25.301378625419716,-18,11,1,3.386565089058377
2583,234901,411045.0,3397035.0,22,270,6,5,2585.0,9.2,502,0,5,410300,3397020,508,0,13,-92.5,524,-745.0,-15.0,745.1509914104657,6,-268.84654954889464,-16,11,1,1.2300750239084257
2584,234901,411045.0,3397035.0,22,270,6,5,2585.0,9.2,502,0,5,411190,3396755,503,0,6,-111.0,524,145.0,-280.0,315.3173005085512,1,-152.6222972286683,-21,11,1,3.8102480819739895
2585,234901,411045.0,3397035.0,22,270,6,5,2585.0,9.2,502,0,5,411180,3396745,503,6,14,-108.5,524,135.0,-290.0,319.88279103446627,1,-155.03721016919297,-21,11,1,3.7560235410379836
2586,234901,411045.0,3397035.0,22,270,6,5,2585.0,9.2,502,0,5,411125,3396770,504,6,5,-101.25,524,80.0,-265.0,276.81221071332817,2,-163.2016282186947,-20,11,1,4.13250495408599
2587,234901,411045.0,3397035.0,22,270,6,5,2585.0,9.2,502,0,5,411165,3396730,504,6,14,-110.75,524,120.0,-305.0,327.75753233144775,2,-158.5232090204596,-20,11,1,3.4918998452755825
2588,234901,411045.0,3397035.0,22,270,6,5,2585.0,9.2,502,0,5,411130,3396775,504,0,14,-106.0,524,85.0,-260.0,273.5415873317986,2,-161.89623696549336,-20,11,1,4.181741351334363
2589,234901,411045.0,3397035.0,22,270,6,5,2585.0,9.2,502,0,5,411185,3396750,503,0,14,-105.33,524,140.0,-285.0,317.52952618614853,1,-153.83843355798075,-21,11,1,3.78377949749905
2590,234901,411045.0,3397035.0,22,270,6,5,2585.0,9.2,502,0,5,411140,3396785,503,6,14,-111.0,524,95.0,-250.0,267.44158240632663,1,-159.19320898728876,-21,11,1,4.489756590588732
2591,234901,411045.0,3397035.0,22,270,6,5,2585.0,9.2,502,0,5,411120,3396765,504,6,6,-100.67,524,75.0,-270.0,280.22312538404105,2,-164.47588900324575,-20,11,1,4.082374644148754
2592,234901,411045.0,3397035.0,22,270,6,5,2585.0,9.2,502,0,5,410850,3396950,503,6,5,-87.5,524,-195.0,-85.0,212.72047386182646,1,-246.44773632710536,-21,11,1,5.638034137684737
2593,234901,411045.0,3397035.0,22,270,6,5,2585.0,9.2,502,0,5,410820,3396900,503,69,5,-110.5,524,-225.0,-135.0,262.39283526803854,1,-239.03624346792648,-21,11,1,4.575781379089767
2594,234901,411045.0,3397035.0,22,270,6,5,2585.0,9.2,502,0,5,410840,3396960,504,6,5,-95.0,524,-205.0,-75.0,218.28879952943075,2,-249.90476880809518,-20,11,1,5.234923492330658
2595,234901,411045.0,3397035.0,22,270,6,5,2585.0,9.2,502,0,5,410630,3397010,506,0,5,-85.5,524,-415.0,-25.0,415.7523301197481,4,-266.5526131481348,-18,11,1,2.479072970285362
2596,234901,411045.0,3397035.0,22,270,6,5,2585.0,9.2,502,0,5,410800,3396920,504,0,5,-116.67,524,-245.0,-115.0,270.64737205448716,2,-244.85521436932106,-20,11,1,4.226298360298457
2597,234901,411045.0,3397035.0,22,270,6,5,2585.0,9.2,502,0,5,410790,3397300,506,0,14,-101.33,524,-255.0,265.0,367.76351096866586,4,43.898293884793645,-18,11,1,2.802077008768387
2598,234901,411045.0,3397035.0,22,270,6,5,2585.0,9.2,502,0,5,410795,3397295,506,0,14,-131.5,524,-250.0,260.0,360.69377593742865,4,43.87669728592459,-18,11,1,2.8569086667590047
2599,234901,411045.0,3397035.0,22,270,6,5,2585.0,9.2,502,0,5,410945,3396990,503,0,5,-85.5,524,-100.0,-45.0,109.65856099730654,1,-245.77225468204585,-21,11,1,10.841087753238156
2600,234901,411045.0,3397035.0,22,270,6,5,2585.0,9.2,502,0,5,411235,3396720,503,6,5,-110.5,524,190.0,-315.0,367.8654645383282,1,-148.90268711422056,-21,11,1,3.2672458230921517
2601,234901,411045.0,3397035.0,22,270,6,5,2585.0,9.2,502,0,5,410935,3396980,503,0,5,-88.5,524,-110.0,-55.0,122.98373876248843,1,-243.434948822922,-21,11,1,9.690043350322066
2602,234901,411045.0,3397035.0,22,270,6,5,2585.0,9.2,502,0,5,410910,3397035,504,0,14,-85.5,524,-135.0,0.0,135.0,2,90.0,-20,11,1,8.426969021480673
2603,234901,411045.0,3397035.0,22,270,6,5,2585.0,9.2,502,0,5,410920,3396965,503,0,5,-81.8,524,-125.0,-70.0,143.26548781894402,1,-240.75117366345305,-21,11,1,8.339087145937095
2604,234901,411045.0,3397035.0,22,270,6,5,2585.0,9.2,502,0,5,411230,3396715,503,0,5,-105.5,524,185.0,-320.0,369.6281915655244,1,-149.96671956400485,-21,11,1,3.251698106520368
2605,234901,411045.0,3397035.0,22,270,6,5,2585.0,9.2,502,0,5,411210,3396695,504,6,5,-104.0,524,165.0,-340.0,377.9219496139381,2,-154.1129737336733,-20,11,1,3.0293229158386223
2606,234901,411045.0,3397035.0,22,270,6,5,2585.0,9.2,502,0,5,410890,3397015,504,0,5,-83.68,524,-155.0,-20.0,156.28499608087785,2,-262.6476206401077,-20,11,1,7.292580542503584
2607,234901,411045.0,3397035.0,22,270,6,5,2585.0,9.2,502,0,5,411200,3396685,504,6,5,-107.5,524,155.0,-350.0,382.78584090846414,2,-156.11350007836526,-20,11,1,2.990900978836547
2608,234901,411045.0,3397035.0,22,270,6,5,2585.0,9.2,502,0,5,410885,3397010,504,12,5,-87.7,524,-160.0,-25.0,161.94134740701648,2,-261.1193408494798,-20,11,1,7.040464216788308
2609,234901,411045.0,3397035.0,22,270,6,5,2585.0,9.2,502,0,5,410930,3396975,503,6,14,-83.83,524,-115.0,-60.0,129.71121771072848,1,-242.4471884232822,-21,11,1,9.196284072998608
2610,234901,411045.0,3397035.0,22,270,6,5,2585.0,9.2,502,0,5,410900,3397025,504,0,14,-83.9,524,-145.0,-10.0,145.34441853748632,2,-266.0548137709625,-20,11,1,7.834934924879067
2611,234901,411045.0,3397035.0,22,270,6,5,2585.0,9.2,502,0,5,410895,3397020,504,0,5,-82.95,524,-150.0,-15.0,150.74813431681335,2,-264.28940686250036,-20,11,1,7.557389307447516
2612,234901,411045.0,3397035.0,22,270,6,5,2585.0,9.2,502,0,5,410925,3396970,503,0,5,-77.0,524,-120.0,-65.0,136.4734406395618,1,-241.55707137563664,-21,11,1,8.747838044068223
2613,234901,411045.0,3397035.0,22,270,6,5,2585.0,9.2,502,0,5,410880,3397005,504,12,5,-80.4,524,-165.0,-30.0,167.70509831248424,2,-259.695153531234,-20,11,1,6.8008009563797565
2614,234901,411045.0,3397035.0,22,270,6,5,2585.0,9.2,502,0,5,410915,3397040,504,5,5,-76.0,524,-130.0,5.0,130.09611831257686,2,87.79740183823424,-20,11,1,8.739800183027265
2615,234901,411045.0,3397035.0,22,270,6,5,2585.0,9.2,502,0,5,410905,3397030,504,0,14,-79.25,524,-140.0,-5.0,140.089257261219,2,-267.95459151111277,-20,11,1,8.124991483087276
2616,234901,411045.0,3397035.0,22,270,6,5,2585.0,9.2,502,0,5,411205,3396690,504,6,5,-124.0,524,160.0,-345.0,380.2959373961284,2,-155.1196331408183,-20,11,1,3.0104473376811334
2617,234901,411045.0,3397035.0,22,270,6,5,2585.0,9.2,502,0,5,411070,3397460,504,0,6,-116.2,524,25.0,425.0,425.73465914816,2,-3.366460663429791,-20,11,1,2.689641793834065
2618,234901,411045.0,3397035.0,22,270,6,5,2585.0,9.2,502,0,5,411130,3396685,504,0,14,-105.5,524,85.0,-350.0,360.17356926904006,2,-166.349580865243,-20,11,1,3.1783008877306744
2619,234901,411045.0,3397035.0,22,270,6,5,2585.0,9.2,502,0,5,411235,3396950,500,0,14,-107.5,524,190.0,-85.0,208.1465829649865,-2,-114.10223450116115,-24,11,1,6.577350084914566
2620,234901,411045.0,3397035.0,22,270,6,5,2585.0,9.2,502,0,5,411440,3397015,504,0,5,-112.5,524,395.0,-20.0,395.50600501130197,2,-92.8985767992817,-20,11,1,2.894874711464709
2621,234901,411045.0,3397035.0,22,270,6,5,2585.0,9.2,502,0,5,411105,3396760,504,6,6,-109.5,524,60.0,-275.0,281.4693589007514,2,-167.69198418257207,-20,11,1,4.064360234083542
2622,234901,411045.0,3397035.0,22,270,6,5,2585.0,9.2,502,0,5,411070,3396785,504,6,14,-100.67,524,25.0,-250.0,251.24689052802225,2,-174.28940686250036,-20,11,1,4.551317363633067
2623,234901,411045.0,3397035.0,22,270,6,5,2585.0,9.2,502,0,5,411095,3396730,506,6,5,-107.5,524,50.0,-305.0,309.0711892105118,4,-170.69005982501398,-18,11,1,3.333084498080527
2624,234901,411045.0,3397035.0,22,270,6,5,2585.0,9.2,502,0,5,411055,3396770,505,6,5,-98.0,524,10.0,-265.0,265.1886121235224,3,-177.83892051177364,-19,11,1,4.098074866242544
2625,234901,411045.0,3397035.0,22,270,6,5,2585.0,9.2,502,0,5,411040,3396775,505,0,5,-102.5,524,-5.0,-260.0,260.0480724789169,3,-181.10170611520638,-19,11,1,4.178799975546264
2626,234901,411045.0,3397035.0,22,270,6,5,2585.0,9.2,502,0,5,411115,3396750,504,0,14,-109.5,524,70.0,-285.0,293.47061181658376,2,-166.20051460398065,-20,11,1,3.898674813359418
2627,234901,411045.0,3397035.0,22,270,6,5,2585.0,9.2,502,0,5,411150,3396705,504,0,14,-104.0,524,105.0,-330.0,346.30189141845585,2,-162.34987578006988,-20,11,1,3.30533596961459
2628,234901,411045.0,3397035.0,22,270,6,5,2585.0,9.2,502,0,5,411050,3396765,505,6,6,-103.0,524,5.0,-270.0,270.04629232781554,3,-178.93908830973578,-19,11,1,4.024601817595745
2629,234901,411045.0,3397035.0,22,270,6,5,2585.0,9.2,502,0,5,411045,3396780,504,0,14,-99.5,524,0.0,-255.0,255.0,2,-180.0,-20,11,1,4.484606009544626
2630,234901,411045.0,3397035.0,22,270,6,5,2585.0,9.2,502,0,5,410955,3397115,504,0,5,-81.95,524,-90.0,80.0,120.41594578792295,2,48.36646066342979,-20,11,1,9.430225138005694
2631,234901,411045.0,3397035.0,22,270,6,5,2585.0,9.2,502,0,5,410915,3397075,505,0,6,-88.0,524,-130.0,40.0,136.01470508735443,3,72.89727103094765,-19,11,1,7.9522331327140146
2632,234901,411045.0,3397035.0,22,270,6,5,2585.0,9.2,502,0,5,411225,3396745,503,6,14,-112.0,524,180.0,-290.0,341.32096331752024,1,-148.1725534233269,-21,11,1,3.5207230807970915
2633,234901,411045.0,3397035.0,22,270,6,5,2585.0,9.2,502,0,5,411035,3397035,502,0,5,-77.5,524,-10.0,0.0,10.0,0,90.0,-22,11,1,65.55604521958347
2634,234901,411045.0,3397035.0,22,270,6,5,2585.0,9.2,502,0,5,410890,3397060,505,0,14,-78.5,524,-155.0,25.0,157.00318468107582,3,80.83765295427827,-19,11,1,6.900189551220449
2635,234901,411045.0,3397035.0,22,270,6,5,2585.0,9.2,502,0,5,410880,3397050,505,0,14,-84.73,524,-165.0,15.0,165.6804152578089,3,84.80557109226521,-19,11,1,6.5420218915286386
2636,234901,411045.0,3397035.0,22,270,6,5,2585.0,9.2,502,0,5,411210,3396740,503,6,14,-105.25,524,165.0,-295.0,338.0088756231114,1,-150.7807533095154,-21,11,1,3.5551339552428587
2637,234901,411045.0,3397035.0,22,270,6,5,2585.0,9.2,502,0,5,411025,3397025,501,0,5,-76.46,524,-20.0,-10.0,22.360679774997898,-1,-243.434948822922,-23,11,1,45.80748184641965
2638,234901,411045.0,3397035.0,22,270,6,5,2585.0,9.2,502,0,5,410895,3397055,505,0,5,-83.48,524,-150.0,20.0,151.32745950421557,3,82.40535663140861,-19,11,1,7.156354273032834
2639,234901,411045.0,3397035.0,22,270,6,5,2585.0,9.2,502,0,5,410910,3397080,505,0,6,-88.25,524,-135.0,45.0,142.30249470757707,3,71.56505117707798,-19,11,1,7.605060882651513
2640,234901,411045.0,3397035.0,22,270,6,5,2585.0,9.2,502,0,5,410905,3397065,505,5,14,-85.83,524,-140.0,30.0,143.17821063276352,3,77.9052429229879,-19,11,1,7.559085808925371
2641,234901,411045.0,3397035.0,22,270,6,5,2585.0,9.2,502,0,5,411010,3397020,501,0,5,-76.81,524,-35.0,-15.0,38.07886552931954,-1,-246.80140948635182,-23,11,1,31.13237882883298
2642,234901,411045.0,3397035.0,22,270,6,5,2585.0,9.2,502,0,5,411020,3397030,501,0,5,-78.42,524,-25.0,-5.0,25.495097567963924,-1,-258.69006752597977,-23,11,1,42.05469990241444
2643,234901,411045.0,3397035.0,22,270,6,5,2585.0,9.2,502,0,5,411200,3396730,503,6,14,-112.5,524,155.0,-305.0,342.12570789112004,1,-153.06047193619918,-21,11,1,3.5124624296157965
2644,234901,411045.0,3397035.0,22,270,6,5,2585.0,9.2,502,0,5,411205,3396725,503,6,14,-113.5,524,160.0,-310.0,348.85527085024813,1,-152.70042778866718,-21,11,1,3.444870343151574
2645,234901,411045.0,3397035.0,22,270,6,5,2585.0,9.2,502,0,5,410900,3397070,505,5,5,-87.65,524,-145.0,35.0,149.164338901763,3,76.42956561483851,-19,11,1,7.259033626144391
2646,234901,411045.0,3397035.0,22,270,6,5,2585.0,9.2,502,0,5,410930,3397100,505,6,5,-88.0,524,-115.0,65.0,132.09844813622905,3,60.524110996754246,-19,11,1,8.184839766157928
2647,234901,411045.0,3397035.0,22,270,6,5,2585.0,9.2,502,0,5,410885,3397045,505,0,14,-83.92,524,-160.0,10.0,160.31219541881399,3,86.42366562500263,-19,11,1,6.759093849908679
2648,234901,411045.0,3397035.0,22,270,6,5,2585.0,9.2,502,0,5,411015,3397015,501,0,5,-76.67,524,-30.0,-20.0,36.05551275463989,-1,-236.30993247402023,-23,11,1,32.53401612721759
2649,234901,411045.0,3397035.0,22,270,6,5,2585.0,9.2,502,0,5,410920,3397090,505,0,5,-91.0,524,-125.0,55.0,136.56500283747664,3,66.25050550713325,-19,11,1,7.9205965800142515
2650,234901,411045.0,3397035.0,22,270,6,5,2585.0,9.2,502,0,5,411220,3396750,503,0,14,-104.75,524,175.0,-285.0,334.43983016381287,1,-148.44861505168652,-21,11,1,3.592974457655202
2651,234901,411045.0,3397035.0,22,270,6,5,2585.0,9.2,502,0,5,410860,3396950,503,0,14,-82.5,524,-185.0,-85.0,203.59273071502332,1,-245.32313682966296,-21,11,1,5.8890672622797124
2652,234901,411045.0,3397035.0,22,270,6,5,2585.0,9.2,502,0,5,410875,3396955,503,0,5,-81.0,524,-170.0,-80.0,187.88294228055935,1,-244.79887635452494,-21,11,1,6.37757765980451
2653,234901,411045.0,3397035.0,22,270,6,5,2585.0,9.2,502,0,5,410850,3396940,503,6,5,-99.33,524,-195.0,-95.0,216.91011963483862,1,-244.02560603756868,-21,11,1,5.52981638714978
2654,234901,411045.0,3397035.0,22,270,6,5,2585.0,9.2,502,0,5,410845,3396925,503,0,5,-102.5,524,-200.0,-110.0,228.25424421026653,1,-241.18920625702694,-21,11,1,5.25656666054015
2655,234901,411045.0,3397035.0,22,270,6,5,2585.0,9.2,502,0,5,410870,3396960,503,0,14,-92.33,524,-175.0,-75.0,190.3943276465977,1,-246.80140948635182,-21,11,1,6.294134197487801
2656,234901,411045.0,3397035.0,22,270,6,5,2585.0,9.2,502,0,5,410860,3396945,503,12,14,-91.0,524,-185.0,-90.0,205.73040611440985,1,-244.05770451012833,-21,11,1,5.828299381887789
2657,234901,411045.0,3397035.0,22,270,6,5,2585.0,9.2,502,0,5,410870,3396955,503,0,5,-92.0,524,-175.0,-80.0,192.41881404893857,1,-245.43282867939868,-21,11,1,6.228435244598175
2658,234901,411045.0,3397035.0,22,270,6,5,2585.0,9.2,502,0,5,410865,3396950,503,0,14,-86.0,524,-180.0,-85.0,199.06029237394384,1,-244.72227776444706,-21,11,1,6.0221819155670415
2659,234901,411045.0,3397035.0,22,270,6,5,2585.0,9.2,502,0,5,410840,3396925,503,0,5,-98.25,524,-205.0,-110.0,232.64780248263682,1,-241.78264414527072,-21,11,1,5.157836849358885
2660,234901,411045.0,3397035.0,22,270,6,5,2585.0,9.2,502,0,5,410835,3396920,503,0,5,-96.0,524,-210.0,-115.0,239.42639787625757,1,-241.29404745659892,-21,11,1,5.01256385197122
2661,234901,411045.0,3397035.0,22,270,6,5,2585.0,9.2,502,0,5,410625,3397030,506,0,5,-97.0,524,-420.0,-5.0,420.0297608503474,4,-269.31793960682734,-18,11,1,2.4538580087578086
2662,234901,411045.0,3397035.0,22,270,6,5,2585.0,9.2,502,0,5,410845,3396930,503,6,14,-95.33,524,-200.0,-105.0,225.88713996153035,1,-242.300527191945,-21,11,1,5.31133757641493
2663,234901,411045.0,3397035.0,22,270,6,5,2585.0,9.2,502,0,5,410950,3397005,503,12,14,-79.33,524,-95.0,-30.0,99.62429422585637,1,-252.47443162627712,-21,11,1,11.903231462874002
2664,234901,411045.0,3397035.0,22,270,6,5,2585.0,9.2,502,0,5,410905,3396980,503,12,5,-82.0,524,-140.0,-55.0,150.41608956491322,1,-248.55226367289467,-21,11,1,7.947846508162039
2665,234901,411045.0,3397035.0,22,270,6,5,2585.0,9.2,502,0,5,411270,3396685,504,6,5,-103.0,524,225.0,-350.0,416.08292442733097,2,-147.26477372789242,-20,11,1,2.751937679235127
2666,234901,411045.0,3397035.0,22,270,6,5,2585.0,9.2,502,0,5,410955,3397010,503,12,14,-78.0,524,-90.0,-25.0,93.40770846134703,1,-254.47588900324575,-21,11,1,12.67061294012178
2667,234901,411045.0,3397035.0,22,270,6,5,2585.0,9.2,502,0,5,410925,3397040,504,0,14,-86.0,524,-120.0,5.0,120.10412149464314,2,87.61405596961117,-20,11,1,9.454267221570255
2668,234901,411045.0,3397035.0,22,270,6,5,2585.0,9.2,502,0,5,410900,3396975,503,12,5,-90.17,524,-145.0,-60.0,156.92354826475216,1,-247.52056560289688,-21,11,1,7.62221454752919
2669,234901,411045.0,3397035.0,22,270,6,5,2585.0,9.2,502,0,5,410930,3397025,504,0,14,-81.14,524,-115.0,-10.0,115.43396380615195,2,-265.0302592718897,-20,11,1,9.82944209858692
2670,234901,411045.0,3397035.0,22,270,6,5,2585.0,9.2,502,0,5,410945,3397020,504,0,5,-79.64,524,-100.0,-15.0,101.11874208078342,2,-261.46923439005184,-20,11,1,11.18797686168974
2671,234901,411045.0,3397035.0,22,270,6,5,2585.0,9.2,502,0,5,410935,3397030,504,0,5,-81.2,524,-110.0,-5.0,110.11357772772621,2,-267.3974377975002,-20,11,1,10.294444826043298
2672,234901,411045.0,3397035.0,22,270,6,5,2585.0,9.2,502,0,5,411230,3396645,505,6,6,-102.0,524,185.0,-390.0,431.65379646193315,3,-154.62225613865084,-19,11,1,2.5203475053350886
2673,234901,411045.0,3397035.0,22,270,6,5,2585.0,9.2,502,0,5,410915,3396970,503,12,14,-87.5,524,-130.0,-65.0,145.34441853748632,1,-243.434948822922,-21,11,1,8.221451306049378
2674,234901,411045.0,3397035.0,22,270,6,5,2585.0,9.2,502,0,5,410910,3396965,503,0,14,-83.25,524,-135.0,-70.0,152.0690632574555,1,-242.5924245621816,-21,11,1,7.862540631821013
2675,234901,411045.0,3397035.0,22,270,6,5,2585.0,9.2,502,0,5,410890,3396985,504,0,5,-86.0,524,-155.0,-50.0,162.8649747490233,2,-252.12130340415865,-20,11,1,7.000934219995151
2676,234901,411045.0,3397035.0,22,270,6,5,2585.0,9.2,502,0,5,410940,3397015,504,0,5,-80.5,524,-105.0,-20.0,106.88779163215975,2,-259.2157021324374,-20,11,1,10.598183984868017
2677,234901,411045.0,3397035.0,22,270,6,5,2585.0,9.2,502,0,5,410895,3396990,504,6,5,-90.4,524,-150.0,-45.0,156.60459763365824,2,-253.3007557660064,-20,11,1,7.277857441161331
2678,234901,411045.0,3397035.0,22,270,6,5,2585.0,9.2,502,0,5,410865,3396955,503,0,5,-89.5,524,-180.0,-80.0,196.9771560359221,1,-246.03751102542182,-21,11,1,6.085394228813378
2679,234901,411045.0,3397035.0,22,270,6,5,2585.0,9.2,502,0,5,410850,3396930,503,6,14,-100.0,524,-195.0,-105.0,221.472345903501,1,-241.69924423399362,-21,11,1,5.416589319837961
2680,234901,411045.0,3397035.0,22,270,6,5,2585.0,9.2,502,0,5,410855,3396925,503,0,5,-96.0,524,-190.0,-110.0,219.5449840010015,1,-239.93141717813756,-21,11,1,5.463854452866448
2681,234901,411045.0,3397035.0,22,270,6,5,2585.0,9.2,502,0,5,410845,3396935,503,6,14,-96.33,524,-200.0,-100.0,223.60679774997897,1,-243.434948822922,-21,11,1,5.3651881044126535
2682,234901,411045.0,3397035.0,22,270,6,5,2585.0,9.2,502,0,5,410840,3396940,503,6,5,-101.0,524,-205.0,-95.0,225.94247055390008,1,-245.13630342824814,-21,11,1,5.3100443297235165
2683,234901,411045.0,3397035.0,22,270,6,5,2585.0,9.2,502,0,5,410635,3397025,506,0,5,-98.33,524,-410.0,-10.0,410.1219330881976,4,-268.60281897270363,-18,11,1,2.5130638151893203
2684,234901,411045.0,3397035.0,22,270,6,5,2585.0,9.2,502,0,5,410875,3396945,503,12,5,-85.17,524,-170.0,-90.0,192.35384061671346,1,-242.10272896905238,-21,11,1,6.230522546899904
2685,234901,411045.0,3397035.0,22,270,6,5,2585.0,9.2,502,0,5,410840,3397185,504,0,5,-85.0,524,-205.0,150.0,254.01771591761076,2,53.80679269443533,-20,11,1,4.501876787329291
2686,234901,411045.0,3397035.0,22,270,6,5,2585.0,9.2,502,0,5,410860,3397165,503,0,7,-83.25,524,-185.0,130.0,226.10838109190027,1,54.90418321297386,-21,11,1,5.306170250355738
2687,234901,411045.0,3397035.0,22,270,6,5,2585.0,9.2,502,0,5,410855,3397200,505,0,7,-90.8,524,-190.0,165.0,251.6445906432324,3,49.028263666485145,-19,11,1,4.317828589792252
2688,234901,411045.0,3397035.0,22,270,6,5,2585.0,9.2,502,0,5,410850,3397195,505,0,7,-91.81,524,-195.0,160.0,252.23996511258878,3,50.63068275763521,-19,11,1,4.307675412355175
2689,234901,411045.0,3397035.0,22,270,6,5,2585.0,9.2,502,0,5,410845,3397190,505,0,5,-87.63,524,-200.0,155.0,253.03161857759991,3,52.224315694045345,-19,11,1,4.294248592848131
2690,234901,411045.0,3397035.0,22,270,6,5,2585.0,9.2,502,0,5,410795,3397300,506,0,14,-99.5,524,-250.0,265.0,364.3144246389374,4,43.3316625517067,-18,11,1,2.828562327609816
2691,234901,411045.0,3397035.0,22,270,6,5,2585.0,9.2,502,0,5,410845,3397110,504,0,5,-88.0,524,-200.0,75.0,213.60009363293827,2,69.44395478041656,-20,11,1,5.3491750982856034
2692,234901,411045.0,3397035.0,22,270,6,5,2585.0,9.2,502,0,5,410850,3397115,503,0,5,-84.67,524,-195.0,80.0,210.77238908357992,1,67.69379494509235,-21,11,1,5.689803859529152
2693,234901,411045.0,3397035.0,22,270,6,5,2585.0,9.2,502,0,5,410775,3397040,506,12,5,-91.5,524,-270.0,5.0,270.04629232781554,4,88.93908830973578,-18,11,1,3.8134229408924667
2694,234901,411045.0,3397035.0,22,270,6,5,2585.0,9.2,502,0,5,410795,3397020,505,0,10,-93.87,524,-250.0,-15.0,250.44959572736389,3,-266.5663696375495,-19,11,1,4.338352202853658
2695,234901,411045.0,3397035.0,22,270,6,5,2585.0,9.2,502,0,5,410835,3397060,505,0,5,-84.5,524,-210.0,25.0,211.482859825566,3,83.21102542556122,-19,11,1,5.133772854785825
2696,234901,411045.0,3397035.0,22,270,6,5,2585.0,9.2,502,0,5,410785,3397010,505,0,10,-92.57,524,-260.0,-25.0,261.1991577321795,3,-264.5076754428726,-19,11,1,4.1604491228805776
2697,234901,411045.0,3397035.0,22,270,6,5,2585.0,9.2,502,0,5,410770,3397035,506,0,5,-96.25,524,-275.0,0.0,275.0,4,90.0,-18,11,1,3.7449271735420706
2698,234901,411045.0,3397035.0,22,270,6,5,2585.0,9.2,502,0,5,410790,3397015,505,0,10,-91.61,524,-255.0,-20.0,255.78311124857325,3,-265.5153939904554,-19,11,1,4.248224824251728
2699,234901,411045.0,3397035.0,22,270,6,5,2585.0,9.2,502,0,5,410760,3397025,506,0,6,-92.22,524,-285.0,-10.0,285.17538463198395,4,-267.99044618697883,-18,11,1,3.61166407753856
2700,234901,411045.0,3397035.0,22,270,6,5,2585.0,9.2,502,0,5,410755,3396980,505,0,6,-102.0,524,-290.0,-55.0,295.16944286290885,3,-259.26110289909457,-19,11,1,3.6830370105293713
2701,234901,411045.0,3397035.0,22,270,6,5,2585.0,9.2,502,0,5,410780,3397005,505,0,10,-96.0,524,-265.0,-30.0,266.6927070618917,3,-263.54118362128133,-19,11,1,4.075040604725994
2702,234901,411045.0,3397035.0,22,270,6,5,2585.0,9.2,502,0,5,410765,3397030,506,0,5,-91.67,524,-280.0,-5.0,280.04463929880893,4,-268.9769698113322,-18,11,1,3.6776540175401777
2703,234901,411045.0,3397035.0,22,270,6,5,2585.0,9.2,502,0,5,410855,3397120,503,0,14,-82.0,524,-190.0,85.0,208.1465829649865,1,65.89776549883891,-21,11,1,5.761101899534255
2704,234901,411045.0,3397035.0,22,270,6,5,2585.0,9.2,502,0,5,410735,3397000,506,12,14,-95.67,524,-310.0,-35.0,311.96954979612997,4,-263.558399900665,-18,11,1,3.3021872442641107
2705,234901,411045.0,3397035.0,22,270,6,5,2585.0,9.2,502,0,5,410745,3396970,505,12,5,-108.5,524,-300.0,-65.0,306.9609095634166,3,-257.77487732426425,-19,11,1,3.541925711054105
2706,234901,411045.0,3397035.0,22,270,6,5,2585.0,9.2,502,0,5,410730,3396995,506,12,5,-94.5,524,-315.0,-40.0,317.52952618614853,4,-262.763077974032,-18,11,1,3.244490213813402
2707,234901,411045.0,3397035.0,22,270,6,5,2585.0,9.2,502,0,5,410840,3397105,504,0,5,-87.5,524,-205.0,70.0,216.6217902243447,2,71.1468412355809,-20,11,1,5.274982361022596
2708,234901,411045.0,3397035.0,22,270,6,5,2585.0,9.2,502,0,5,410830,3397055,505,12,10,-85.0,524,-215.0,20.0,215.92822881689185,3,84.68545433005522,-19,11,1,5.028630136119307
2709,234901,411045.0,3397035.0,22,270,6,5,2585.0,9.2,502,0,5,410870,3397095,504,0,5,-88.0,524,-175.0,60.0,185.0,2,71.07535558394875,-20,11,1,6.170175095029609
2710,234901,411045.0,3397035.0,22,270,6,5,2585.0,9.2,502,0,5,410900,3396765,504,6,6,-106.0,524,-145.0,-270.0,306.4718584144391,2,-208.23744553816726,-20,11,1,3.7337621473839673
2711,234901,411045.0,3397035.0,22,270,6,5,2585.0,9.2,502,0,5,410895,3396800,502,0,14,-99.0,524,-150.0,-235.0,278.792037189013,0,-212.5500034921934,-22,11,1,4.511966937505418
2712,234901,411045.0,3397035.0,22,270,6,5,2585.0,9.2,502,0,5,411050,3396635,502,6,5,-114.5,524,5.0,-400.0,400.03124877939223,0,-179.2838400545296,-22,11,1,3.147850677949515
2713,234901,411045.0,3397035.0,22,270,6,5,2585.0,9.2,502,0,5,410985,3396690,506,6,14,-106.5,524,-60.0,-345.0,350.1785258978626,4,-189.86580694308438,-18,11,1,2.9425480725324293
2714,234901,411045.0,3397035.0,22,270,6,5,2585.0,9.2,502,0,5,411015,3396680,506,0,14,-103.0,524,-30.0,-355.0,356.2653505464712,4,-184.83041995828995,-18,11,1,2.892360487984763
2715,234901,411045.0,3397035.0,22,270,6,5,2585.0,9.2,502,0,5,410885,3397160,503,0,7,-83.0,524,-160.0,125.0,203.03940504246953,1,52.00126755749534,-21,11,1,5.905002974733504
2716,234901,411045.0,3397035.0,22,270,6,5,2585.0,9.2,502,0,5,411070,3397285,505,0,5,-107.0,524,25.0,250.0,251.24689052802225,3,-5.710593137499643,-19,11,1,4.32463739614232
2717,234901,411045.0,3397035.0,22,270,6,5,2585.0,9.2,502,0,5,411010,3397265,504,0,14,-92.5,524,-35.0,230.0,232.64780248263682,2,8.652541791114743,-20,11,1,4.913457779541389
2718,234901,411045.0,3397035.0,22,270,6,5,2585.0,9.2,502,0,5,411055,3397310,504,0,5,-106.86,524,10.0,275.0,275.1817581163403,2,-2.0825652797308862,-20,11,1,4.1569044757141445
2719,234901,411045.0,3397035.0,22,270,6,5,2585.0,9.2,502,0,5,410985,3397220,504,12,7,-91.0,524,-60.0,185.0,194.48650338776724,2,17.96913974015706,-20,11,1,5.871367160996484
2720,234901,411045.0,3397035.0,22,270,6,5,2585.0,9.2,502,0,5,410995,3397210,504,12,7,-92.13,524,-50.0,175.0,182.00274723201295,2,15.945395900922847,-20,11,1,6.2709835451627045
2721,234901,411045.0,3397035.0,22,270,6,5,2585.0,9.2,502,0,5,411060,3397295,504,0,5,-106.82,524,15.0,260.0,260.43233286210835,2,-3.301865674435021,-20,11,1,4.391431834805198
2722,234901,411045.0,3397035.0,22,270,6,5,2585.0,9.2,502,0,5,411075,3397290,504,0,5,-105.89,524,30.0,255.0,256.7586415293554,2,-6.709836807756915,-20,11,1,4.454013191879431
2723,234901,411045.0,3397035.0,22,270,6,5,2585.0,9.2,502,0,5,410980,3397215,504,12,7,-92.5,524,-65.0,180.0,191.3765920900464,2,19.85521436932106,-20,11,1,5.96609541821279
2724,234901,411045.0,3397035.0,22,270,6,5,2585.0,9.2,502,0,5,410990,3397205,504,0,7,-92.31,524,-55.0,170.0,178.67568385205638,2,17.927919762007264,-20,11,1,6.386797352187997
2725,234901,411045.0,3397035.0,22,270,6,5,2585.0,9.2,502,0,5,411005,3397280,504,0,14,-104.83,524,-40.0,245.0,248.2438317461282,2,9.272601777200293,-20,11,1,4.606140112054293
2726,234901,411045.0,3397035.0,22,270,6,5,2585.0,9.2,502,0,5,411000,3397275,505,0,14,-102.0,524,-45.0,240.0,244.1823089414956,3,10.619655276155129,-19,11,1,4.44926065015584
2727,234901,411045.0,3397035.0,22,270,6,5,2585.0,9.2,502,0,5,410970,3397225,505,12,7,-102.5,524,-75.0,190.0,204.26698215815497,3,21.540975918538436,-19,11,1,5.314106363816753
2728,234901,411045.0,3397035.0,22,270,6,5,2585.0,9.2,502,0,5,410965,3397240,505,0,7,-104.5,524,-80.0,205.0,220.05681084665386,3,21.317912275461538,-19,11,1,4.934756097430211
2729,234901,411045.0,3397035.0,22,270,6,5,2585.0,9.2,502,0,5,411065,3397300,504,0,5,-106.71,524,20.0,265.0,265.75364531836624,2,-4.3160275198655995,-20,11,1,4.303833840095825
2730,234901,411045.0,3397035.0,22,270,6,5,2585.0,9.2,502,0,5,411050,3397305,504,0,7,-107.63,524,5.0,270.0,270.04629232781554,2,-1.06091169026422,-20,11,1,4.235671223939648
2731,234901,411045.0,3397035.0,22,270,6,5,2585.0,9.2,502,0,5,410975,3397230,505,12,7,-94.5,524,-70.0,195.0,207.18349355100662,3,19.746836605426097,-19,11,1,5.239719289218321
2732,234901,411045.0,3397035.0,22,270,6,5,2585.0,9.2,502,0,5,411015,3397270,504,0,14,-103.75,524,-30.0,235.0,236.90715480964266,2,7.27500495788928,-20,11,1,4.825539690144427
2733,234901,411045.0,3397035.0,22,270,6,5,2585.0,9.2,502,0,5,410900,3397135,504,0,5,-85.75,524,-145.0,100.0,176.13914953808538,2,55.40771131249005,-20,11,1,6.477995631279924
2734,234901,411045.0,3397035.0,22,270,6,5,2585.0,9.2,502,0,5,410920,3397195,505,0,7,-91.14,524,-125.0,160.0,203.03940504246953,3,37.99873244250466,-19,11,1,5.346049874129945
2735,234901,411045.0,3397035.0,22,270,6,5,2585.0,9.2,502,0,5,410905,3397140,504,0,5,-91.0,524,-140.0,105.0,175.0,2,53.13010235415595,-20,11,1,6.519801751656986
2736,234901,411045.0,3397035.0,22,270,6,5,2585.0,9.2,502,0,5,410925,3397200,505,0,7,-88.6,524,-120.0,165.0,204.02205763103166,3,36.0273733851036,-19,11,1,5.320449257563168
2737,234901,411045.0,3397035.0,22,270,6,5,2585.0,9.2,502,0,5,411020,3397255,504,0,7,-103.5,524,-25.0,220.0,221.41589825484527,2,6.4830736928972215,-20,11,1,5.161391843434252
2738,234901,411045.0,3397035.0,22,270,6,5,2585.0,9.2,502,0,5,410880,3397155,503,0,7,-89.5,524,-165.0,120.0,204.02205763103166,1,53.9726266148964,-21,11,1,5.876761625993374
2739,234901,411045.0,3397035.0,22,270,6,5,2585.0,9.2,502,0,5,410890,3397145,503,0,5,-81.25,524,-155.0,110.0,190.06577808748213,1,54.637538112931,-21,11,1,6.304926753636349
2740,234901,411045.0,3397035.0,22,270,6,5,2585.0,9.2,502,0,5,410900,3396965,503,0,14,-80.0,524,-145.0,-70.0,161.01242188104618,1,-244.23067237566127,-21,11,1,7.4308410561159155
2741,234901,411045.0,3397035.0,22,270,6,5,2585.0,9.2,502,0,5,411275,3396700,503,0,14,-102.0,524,230.0,-335.0,406.3557554655772,1,-145.52778611996357,-21,11,1,2.958348506893422
2742,234901,411045.0,3397035.0,22,270,6,5,2585.0,9.2,502,0,5,410935,3397040,504,0,5,-80.0,524,-110.0,5.0,110.11357772772621,2,87.39743779750017,-20,11,1,10.294444826043298
2743,234901,411045.0,3397035.0,22,270,6,5,2585.0,9.2,502,0,5,410910,3396975,503,12,5,-83.5,524,-135.0,-60.0,147.73286702694156,1,-246.03751102542182,-21,11,1,8.090306141289219
2744,234901,411045.0,3397035.0,22,270,6,5,2585.0,9.2,502,0,5,411060,3396805,502,6,14,-102.5,524,15.0,-230.0,230.4886114323222,0,-176.26860300083956,-22,11,1,5.452329918567317
2745,234901,411045.0,3397035.0,22,270,6,5,2585.0,9.2,502,0,5,410940,3397005,503,12,5,-83.4,524,-105.0,-30.0,109.20164833920778,1,-254.05460409907712,-21,11,1,10.88536666897657
2746,234901,411045.0,3397035.0,22,270,6,5,2585.0,9.2,502,0,5,410930,3397035,504,0,14,-85.0,524,-115.0,0.0,115.0,2,90.0,-20,11,1,9.865806943084367
2747,234901,411045.0,3397035.0,22,270,6,5,2585.0,9.2,502,0,5,410920,3397025,504,0,5,-81.52,524,-125.0,-10.0,125.39936203984452,2,-265.4260787400991,-20,11,1,9.061808029985146
2748,234901,411045.0,3397035.0,22,270,6,5,2585.0,9.2,502,0,5,410915,3396980,503,12,5,-81.67,524,-130.0,-55.0,141.15594213493105,1,-247.06789956241022,-21,11,1,8.461921694541726
2749,234901,411045.0,3397035.0,22,270,6,5,2585.0,9.2,502,0,5,410950,3397015,503,0,5,-78.5,524,-95.0,-20.0,97.082439194738,1,-258.11134196037204,-21,11,1,12.205657071887387
2750,234901,411045.0,3397035.0,22,270,6,5,2585.0,9.2,502,0,5,410925,3397030,504,0,5,-79.44,524,-120.0,-5.0,120.10412149464314,2,-267.6140559696112,-20,11,1,9.454267221570255
2751,234901,411045.0,3397035.0,22,270,6,5,2585.0,9.2,502,0,5,410955,3397020,503,0,5,-80.35,524,-90.0,-15.0,91.2414379544733,1,-260.5376777919744,-21,11,1,12.96139380155953
2752,234901,411045.0,3397035.0,22,270,6,5,2585.0,9.2,502,0,5,411255,3396720,503,6,5,-105.5,524,210.0,-315.0,378.5828839237189,1,-146.30993247402023,-21,11,1,3.1749443283029497
2753,234901,411045.0,3397035.0,22,270,6,5,2585.0,9.2,502,0,5,410945,3397010,503,12,5,-76.5,524,-100.0,-25.0,103.07764064044152,1,-255.96375653207352,-21,11,1,11.515273691044966
2754,234901,411045.0,3397035.0,22,270,6,5,2585.0,9.2,502,0,5,411115,3396765,504,6,6,-99.5,524,70.0,-270.0,278.9265136196271,2,-165.4655449194599,-20,11,1,4.101287273957776
2755,234901,411045.0,3397035.0,22,270,6,5,2585.0,9.2,502,0,5,411085,3396795,503,0,14,-102.0,524,40.0,-240.0,243.3105012119288,1,-170.53767779197437,-21,11,1,4.9329434737413544
2756,234901,411045.0,3397035.0,22,270,6,5,2585.0,9.2,502,0,5,411105,3396775,504,0,14,-103.71,524,60.0,-260.0,266.8332812825267,2,-167.00538320808352,-20,11,1,4.286485103811266
2757,234901,411045.0,3397035.0,22,270,6,5,2585.0,9.2,502,0,5,411050,3396750,506,6,14,-104.0,524,5.0,-285.0,285.0438562747845,4,-178.99491399474584,-18,11,1,3.613326200767612
2758,234901,411045.0,3397035.0,22,270,6,5,2585.0,9.2,502,0,5,411180,3396700,504,0,5,-107.4,524,135.0,-335.0,361.178626167164,2,-158.05130091647302,-20,11,1,3.169474641405015
2759,234901,411045.0,3397035.0,22,270,6,5,2585.0,9.2,502,0,5,411175,3396705,504,0,14,-107.0,524,130.0,-330.0,354.682957019364,2,-158.49856567595208,-20,11,1,3.227398843143701
2760,234901,411045.0,3397035.0,22,270,6,5,2585.0,9.2,502,0,5,411185,3396695,504,6,5,-109.5,524,140.0,-340.0,367.6955262170047,2,-157.61986494804043,-20,11,1,3.1134115490172736
2761,234901,411045.0,3397035.0,22,270,6,5,2585.0,9.2,502,0,5,411110,3396770,504,6,5,-98.67,524,65.0,-265.0,272.8552729928451,2,-166.21840276434637,-20,11,1,4.192222254355531
2762,234901,411045.0,3397035.0,22,270,6,5,2585.0,9.2,502,0,5,411100,3396780,504,6,14,-110.86,524,55.0,-255.0,260.86394921491166,2,-167.82854179141253,-20,11,1,4.384194277399521
2763,234901,411045.0,3397035.0,22,270,6,5,2585.0,9.2,502,0,5,411190,3396690,504,6,5,-109.8,524,145.0,-345.0,374.2325480232846,2,-157.20347853205737,-20,11,1,3.0591312901480956
2764,234901,411045.0,3397035.0,22,270,6,5,2585.0,9.2,502,0,5,411130,3396800,503,6,14,-106.5,524,85.0,-235.0,249.899979991996,1,-160.11483488614456,-21,11,1,4.80348614185606
2765,234901,411045.0,3397035.0,22,270,6,5,2585.0,9.2,502,0,5,411185,3396725,503,6,14,-101.25,524,140.0,-310.0,340.14702703389895,1,-155.6954507340633,-21,11,1,3.5328432944074826
2766,234901,411045.0,3397035.0,22,270,6,5,2585.0,9.2,502,0,5,411195,3396735,503,0,14,-107.67,524,150.0,-300.0,335.4101966249685,1,-153.43494882292202,-21,11,1,3.582606829366999
2767,234901,411045.0,3397035.0,22,270,6,5,2585.0,9.2,502,0,5,410965,3396625,503,6,5,-93.5,524,-80.0,-410.0,417.73197148410844,1,-191.04094018032373,-21,11,1,2.8779202754032878
2768,234901,411045.0,3397035.0,22,270,6,5,2585.0,9.2,502,0,5,410995,3396615,502,6,5,-104.86,524,-50.0,-420.0,422.965719651132,0,-186.78897457443878,-22,11,1,2.977480674735453
2769,234901,411045.0,3397035.0,22,270,6,5,2585.0,9.2,502,0,5,411165,3396745,504,6,14,-106.5,524,120.0,-290.0,313.8470965295043,2,-157.5205656028969,-20,11,1,3.6462602862211506
2770,234901,411045.0,3397035.0,22,270,6,5,2585.0,9.2,502,0,5,411140,3396770,504,6,5,-106.25,524,95.0,-265.0,281.51376520518494,2,-160.27772223555297,-20,11,1,4.0637212652914
2771,234901,411045.0,3397035.0,22,270,6,5,2585.0,9.2,502,0,5,411125,3396785,503,6,14,-106.0,524,80.0,-250.0,262.48809496813374,1,-162.25532837494308,-21,11,1,4.574127827792713
2772,234901,411045.0,3397035.0,22,270,6,5,2585.0,9.2,502,0,5,411180,3396730,503,6,14,-111.5,524,135.0,-305.0,333.54160160315837,1,-156.1247191460725,-21,11,1,3.6026249000985624
2773,234901,411045.0,3397035.0,22,270,6,5,2585.0,9.2,502,0,5,411160,3396750,504,0,14,-114.25,524,115.0,-285.0,307.3271872125862,2,-158.02549200852803,-20,11,1,3.7233999072956667
2774,234901,411045.0,3397035.0,22,270,6,5,2585.0,9.2,502,0,5,411175,3396755,503,0,6,-97.5,524,130.0,-280.0,308.70698080866265,1,-155.09523119190482,-21,11,1,3.891588561788235
2775,234901,411045.0,3397035.0,22,270,6,5,2585.0,9.2,502,0,5,411190,3396740,503,6,14,-106.33,524,145.0,-295.0,328.70959827787203,1,-153.82471001824007,-21,11,1,3.6554406277292175
2776,234901,411045.0,3397035.0,22,270,6,5,2585.0,9.2,502,0,5,410770,3397090,506,0,5,-94.5,524,-275.0,55.0,280.4460732476032,4,78.69006752597977,-18,11,1,3.6724041947471915
2777,234901,411045.0,3397035.0,22,270,6,5,2585.0,9.2,502,0,5,410865,3397035,505,0,14,-86.29,524,-180.0,0.0,180.0,3,90.0,-19,11,1,6.025575008366681
2778,234901,411045.0,3397035.0,22,270,6,5,2585.0,9.2,502,0,5,410765,3397095,506,0,6,-84.0,524,-280.0,60.0,286.35642126552705,4,77.9052429229879,-18,11,1,3.5968074633886675
2779,234901,411045.0,3397035.0,22,270,6,5,2585.0,9.2,502,0,5,410820,3397000,505,69,5,-92.43,524,-225.0,-35.0,227.705950734714,3,-261.15818543980834,-19,11,1,4.769764880577137
2780,234901,411045.0,3397035.0,22,270,6,5,2585.0,9.2,502,0,5,410850,3397010,504,0,14,-84.85,524,-195.0,-25.0,196.596032513375,2,-262.69424046668917,-20,11,1,5.80879891589454
2781,234901,411045.0,3397035.0,22,270,6,5,2585.0,9.2,502,0,5,410875,3397025,504,0,14,-82.62,524,-170.0,-10.0,170.29386365926402,2,-266.63353933657015,-20,11,1,6.698363436736243
2782,234901,411045.0,3397035.0,22,270,6,5,2585.0,9.2,502,0,5,410840,3397020,505,0,14,-83.88,524,-205.0,-15.0,205.54804791094466,3,-265.81508387488157,-19,11,1,5.281174372680939
2783,234901,411045.0,3397035.0,22,270,6,5,2585.0,9.2,502,0,5,410855,3397005,504,0,5,-91.67,524,-190.0,-30.0,192.35384061671346,2,-261.0273733851036,-20,11,1,5.936001804797608
2784,234901,411045.0,3397035.0,22,270,6,5,2585.0,9.2,502,0,5,410845,3397015,504,0,14,-85.13,524,-200.0,-20.0,200.9975124224178,2,-264.28940686250036,-20,11,1,5.6824384835168384
2785,234901,411045.0,3397035.0,22,270,6,5,2585.0,9.2,502,0,5,410870,3397030,504,0,14,-85.58,524,-175.0,-5.0,175.07141400011596,2,-268.36342295838324,-20,11,1,6.517165121040428
2786,234901,411045.0,3397035.0,22,270,6,5,2585.0,9.2,502,0,5,410830,3396990,504,69,5,-87.5,524,-215.0,-45.0,219.65882636488797,2,-258.17851165939277,-20,11,1,5.202452646100834
2787,234901,411045.0,3397035.0,22,270,6,5,2585.0,9.2,502,0,5,410735,3397045,507,12,14,-100.0,524,-310.0,10.0,310.16124838541646,5,88.1523897340054,-17,11,1,3.1372540344158093
2788,234901,411045.0,3397035.0,22,270,6,5,2585.0,9.2,502,0,5,410860,3397040,505,5,5,-84.8,524,-185.0,5.0,185.06755523321746,3,88.45184230102205,-19,11,1,5.86174642815649
2789,234901,411045.0,3397035.0,22,270,6,5,2585.0,9.2,502,0,5,410825,3396995,505,69,5,-88.33,524,-220.0,-40.0,223.60679774997897,3,-259.695153531234,-19,11,1,4.856789543351406
2790,234901,411045.0,3397035.0,22,270,6,5,2585.0,9.2,502,0,5,410870,3396920,503,0,14,-86.0,524,-175.0,-115.0,209.40391591371923,1,-236.6893691754392,-21,11,1,5.726740877047162
2791,234901,411045.0,3397035.0,22,270,6,5,2585.0,9.2,502,0,5,410875,3396915,502,12,5,-84.0,524,-170.0,-120.0,208.08652046684813,0,-234.78240703180728,-22,11,1,6.035190640138791
2792,234901,411045.0,3397035.0,22,270,6,5,2585.0,9.2,502,0,5,410570,3397020,505,0,5,-94.0,524,-475.0,-15.0,475.2367830881781,3,-268.19126067750796,-19,11,1,2.289469978495838
2793,234901,411045.0,3397035.0,22,270,6,5,2585.0,9.2,502,0,5,410800,3396930,504,0,5,-114.0,524,-245.0,-105.0,266.5520587052368,2,-246.80140948635182,-20,11,1,4.290990626539655
2794,234901,411045.0,3397035.0,22,270,6,5,2585.0,9.2,502,0,5,410575,3397015,505,0,14,-92.6,524,-470.0,-20.0,470.425339453563,3,-267.56335175318986,-19,11,1,2.3128610514787353
2795,234901,411045.0,3397035.0,22,270,6,5,2585.0,9.2,502,0,5,410830,3396960,504,0,10,-93.25,524,-215.0,-75.0,227.705950734714,2,-250.76932762433873,-20,11,1,5.019554413223827
2796,234901,411045.0,3397035.0,22,270,6,5,2585.0,9.2,502,0,5,410815,3396935,504,0,5,-90.0,524,-230.0,-100.0,250.79872407968904,2,-246.50143432404792,-20,11,1,4.559416109622995
2797,234901,411045.0,3397035.0,22,270,6,5,2585.0,9.2,502,0,5,410565,3397005,506,6,5,-92.25,524,-480.0,-30.0,480.9365862564419,4,-266.4236656250026,-18,11,1,2.1434070788972206
2798,234901,411045.0,3397035.0,22,270,6,5,2585.0,9.2,502,0,5,410805,3396925,504,0,14,-107.67,524,-240.0,-110.0,264.0075756488817,2,-245.3764352138364,-20,11,1,4.3321901415073905
2799,234901,411045.0,3397035.0,22,270,6,5,2585.0,9.2,502,0,5,410835,3396955,504,6,10,-97.38,524,-210.0,-80.0,224.72205054244233,2,-249.14554196042167,-20,11,1,5.085857687964041
2800,234901,411045.0,3397035.0,22,270,6,5,2585.0,9.2,502,0,5,410770,3397095,506,0,5,-94.0,524,-275.0,60.0,281.4693589007514,4,77.69198418257207,-18,11,1,3.6590894576184003
2801,234901,411045.0,3397035.0,22,270,6,5,2585.0,9.2,502,0,5,410850,3397015,504,0,14,-82.46,524,-195.0,-20.0,196.02295783912658,2,-264.14398641457103,-20,11,1,5.825664352917111
2802,234901,411045.0,3397035.0,22,270,6,5,2585.0,9.2,502,0,5,410845,3397010,504,0,14,-87.88,524,-200.0,-25.0,201.55644370746373,2,-262.8749836510982,-20,11,1,5.666783353597029
2803,234901,411045.0,3397035.0,22,270,6,5,2585.0,9.2,502,0,5,410830,3396995,504,69,5,-88.25,524,-215.0,-40.0,218.68927728629038,2,-259.46081627137175,-20,11,1,5.2253900835454274
2804,234901,411045.0,3397035.0,22,270,6,5,2585.0,9.2,502,0,5,410875,3397040,505,0,5,-84.1,524,-170.0,5.0,170.07351351694948,3,88.31531568210369,-19,11,1,6.374446810491902
2805,234901,411045.0,3397035.0,22,270,6,5,2585.0,9.2,502,0,5,410860,3397025,504,0,14,-81.14,524,-185.0,-10.0,185.27007313648906,2,-266.9059419410829,-20,11,1,6.161249894146833
2806,234901,411045.0,3397035.0,22,270,6,5,2585.0,9.2,502,0,5,410855,3397020,504,0,5,-88.52,524,-190.0,-15.0,190.59118552545917,2,-265.4860115419987,-20,11,1,5.990502661618425
2807,234901,411045.0,3397035.0,22,270,6,5,2585.0,9.2,502,0,5,410865,3397030,505,0,14,-84.27,524,-180.0,-5.0,180.06943105369106,3,-268.4088597288054,-19,11,1,6.023268754043912
2808,234901,411045.0,3397035.0,22,270,6,5,2585.0,9.2,502,0,5,410835,3397000,504,69,5,-86.86,524,-210.0,-35.0,212.8966885604377,2,-260.5376777919744,-20,11,1,5.366745608592682
2809,234901,411045.0,3397035.0,22,270,6,5,2585.0,9.2,502,0,5,410840,3397005,504,0,14,-89.81,524,-205.0,-30.0,207.18349355100662,2,-261.6743496695732,-20,11,1,5.513836578103253
2810,234901,411045.0,3397035.0,22,270,6,5,2585.0,9.2,502,0,5,410815,3396980,504,0,5,-94.5,524,-230.0,-55.0,236.48467180770933,2,-256.5513849483135,-20,11,1,4.834119763173294
2811,234901,411045.0,3397035.0,22,270,6,5,2585.0,9.2,502,0,5,410825,3396990,504,69,5,-88.5,524,-220.0,-45.0,224.5551157288562,2,-258.4398692057822,-20,11,1,5.089618676070704
2812,234901,411045.0,3397035.0,22,270,6,5,2585.0,9.2,502,0,5,410870,3397035,505,0,14,-82.11,524,-175.0,0.0,175.0,3,90.0,-19,11,1,6.196413429104334
2813,234901,411045.0,3397035.0,22,270,6,5,2585.0,9.2,502,0,5,410810,3396975,504,0,5,-91.33,524,-235.0,-60.0,242.53865671269807,2,-255.67728002179646,-20,11,1,4.714006450432334
2814,234901,411045.0,3397035.0,22,270,6,5,2585.0,9.2,502,0,5,410865,3397300,507,0,5,-99.18,524,-180.0,265.0,320.3513695928269,5,34.18612248637504,-17,11,1,3.0376504447689983
2815,234901,411045.0,3397035.0,22,270,6,5,2585.0,9.2,502,0,5,410850,3397305,507,0,14,-100.33,524,-195.0,270.0,333.0540496676178,5,35.83765295427827,-17,11,1,2.9219992166062703
2816,234901,411045.0,3397035.0,22,270,6,5,2585.0,9.2,502,0,5,410840,3397315,507,0,14,-95.5,524,-205.0,280.0,347.02305398921266,5,36.20945681718604,-17,11,1,2.804569298380549
2817,234901,411045.0,3397035.0,22,270,6,5,2585.0,9.2,502,0,5,410875,3397290,507,0,5,-100.47,524,-170.0,255.0,306.4718584144391,5,33.69006752597977,-17,11,1,3.1749443283029497
2818,234901,411045.0,3397035.0,22,270,6,5,2585.0,9.2,502,0,5,410870,3397285,507,0,5,-97.72,524,-175.0,250.0,305.16389039334257,5,34.99202019855869,-17,11,1,3.188524491150483
2819,234901,411045.0,3397035.0,22,270,6,5,2585.0,9.2,502,0,5,410860,3397295,507,0,5,-101.92,524,-185.0,260.0,319.100297712177,5,35.433314010285585,-17,11,1,3.0495374908494672
2820,234901,411045.0,3397035.0,22,270,6,5,2585.0,9.2,502,0,5,410855,3397310,507,0,14,-102.33,524,-190.0,275.0,334.2528982671654,5,34.640947511916295,-17,11,1,2.9115370889985988
2821,234901,411045.0,3397035.0,22,270,6,5,2585.0,9.2,502,0,5,411185,3396710,503,0,14,-105.0,524,140.0,-325.0,353.8714455844099,1,-156.69510946079689,-21,11,1,3.396153963715476
2822,234901,411045.0,3397035.0,22,270,6,5,2585.0,9.2,502,0,5,411100,3396785,504,6,14,-110.0,524,55.0,-250.0,255.9785147234041,2,-167.59258147259925,-20,11,1,4.467532489673575
2823,234901,411045.0,3397035.0,22,270,6,5,2585.0,9.2,502,0,5,411105,3396790,503,6,6,-105.5,524,60.0,-245.0,252.23996511258878,1,-166.23921488820878,-21,11,1,4.75913068962317
2824,234901,411045.0,3397035.0,22,270,6,5,2585.0,9.2,502,0,5,411090,3396775,504,0,14,-106.25,524,45.0,-260.0,263.86549603917524,2,-170.1806993612421,-20,11,1,4.334513941874013
2825,234901,411045.0,3397035.0,22,270,6,5,2585.0,9.2,502,0,5,411095,3396780,504,6,14,-106.67,524,50.0,-255.0,259.8557292037257,2,-168.90627698844216,-20,11,1,4.401137905003059
2826,234901,411045.0,3397035.0,22,270,6,5,2585.0,9.2,502,0,5,411180,3396705,504,0,14,-108.0,524,135.0,-330.0,356.5459297201414,2,-157.75097634278762,-20,11,1,3.210570871104568
2827,234901,411045.0,3397035.0,22,270,6,5,2585.0,9.2,502,0,5,411190,3396715,503,0,5,-106.0,524,145.0,-320.0,351.31894341182345,1,-155.62353138332523,-21,11,1,3.4207702825636566
2828,234901,411045.0,3397035.0,22,270,6,5,2585.0,9.2,502,0,5,411195,3396720,503,6,5,-105.0,524,150.0,-315.0,348.89110048839024,1,-154.53665493812838,-21,11,1,3.444517421391547
2829,234901,411045.0,3397035.0,22,270,6,5,2585.0,9.2,502,0,5,411175,3396700,504,0,5,-107.5,524,130.0,-335.0,359.339672176619,2,-158.7907738657772,-20,11,1,3.1856613979006285
2830,234901,411045.0,3397035.0,22,270,6,5,2585.0,9.2,502,0,5,410935,3396620,504,6,5,-108.0,524,-110.0,-415.0,429.33087473416117,2,-194.84545208208382,-20,11,1,2.667145145503149
2831,234901,411045.0,3397035.0,22,270,6,5,2585.0,9.2,502,0,5,411045,3396730,508,6,14,-101.5,524,0.0,-305.0,305.0,6,-180.0,-16,11,1,3.002927621383909
2832,234901,411045.0,3397035.0,22,270,6,5,2585.0,9.2,502,0,5,411170,3396695,504,6,5,-116.67,524,125.0,-340.0,362.2499137335991,2,-159.81419699053515,-20,11,1,3.1601205278263365
2833,234901,411045.0,3397035.0,22,270,6,5,2585.0,9.2,502,0,5,410855,3397285,507,0,14,-98.23,524,-190.0,250.0,314.00636936215164,5,37.23483398157464,-17,11,1,3.098912569747327
2834,234901,411045.0,3397035.0,22,270,6,5,2585.0,9.2,502,0,5,410840,3397300,507,0,5,-103.56,524,-205.0,265.0,335.0373113550191,5,37.72499504211078,-17,11,1,2.904732079948869
2835,234901,411045.0,3397035.0,22,270,6,5,2585.0,9.2,502,0,5,410850,3397290,507,0,14,-93.91,524,-195.0,255.0,321.01401838549043,5,37.40535663140855,-17,11,1,3.0313917235230554
2836,234901,411045.0,3397035.0,22,270,6,5,2585.0,9.2,502,0,5,410845,3397295,507,0,5,-97.64,524,-200.0,260.0,328.0243893371345,5,37.56859202882748,-17,11,1,2.966723350620489
2837,234901,411045.0,3397035.0,22,270,6,5,2585.0,9.2,502,0,5,410875,3397305,507,0,5,-100.41,524,-170.0,270.0,319.06112267087633,5,32.195733934713246,-17,11,1,3.049911213050174
2838,234901,411045.0,3397035.0,22,270,6,5,2585.0,9.2,502,0,5,410870,3397310,507,0,5,-102.11,524,-175.0,275.0,325.96012026013244,5,32.47119229084848,-17,11,1,2.985477396601286
2839,234901,411045.0,3397035.0,22,270,6,5,2585.0,9.2,502,0,5,411065,3397460,504,0,6,-119.0,524,20.0,425.0,425.47032799009617,2,-2.694284289856114,-20,11,1,2.6913103265241296
2840,234901,411045.0,3397035.0,22,270,6,5,2585.0,9.2,502,0,5,411075,3397450,504,0,14,-112.5,524,30.0,415.0,416.08292442733097,2,-4.13467137373641,-20,11,1,2.751937679235127
2841,234901,411045.0,3397035.0,22,270,6,5,2585.0,9.2,502,0,5,411065,3397150,502,0,14,-102.0,524,20.0,115.0,116.72617529928752,0,-9.865806943084351,-22,11,1,10.673628038220224
2842,234901,411045.0,3397035.0,22,270,6,5,2585.0,9.2,502,0,5,411130,3397215,505,0,6,-104.0,524,85.0,180.0,199.06029237394384,3,-25.27772223555297,-19,11,1,5.452276934429082
2843,234901,411045.0,3397035.0,22,270,6,5,2585.0,9.2,502,0,5,410880,3397285,507,0,5,-100.68,524,-165.0,250.0,299.5413160150032,5,33.424811182603776,-17,11,1,3.2482480703139722
2844,234901,411045.0,3397035.0,22,270,6,5,2585.0,9.2,502,0,5,411135,3397220,505,0,5,-108.33,524,90.0,185.0,205.73040611440985,3,-25.94229548987167,-19,11,1,5.276519605692558
2845,234901,411045.0,3397035.0,22,270,6,5,2585.0,9.2,502,0,5,410900,3397305,507,0,14,-97.83,524,-145.0,270.0,306.4718584144391,5,28.237445538167265,-17,11,1,3.1749443283029497
2846,234901,411045.0,3397035.0,22,270,6,5,2585.0,9.2,502,0,5,410890,3397295,507,0,5,-95.82,524,-155.0,260.0,302.6962173533062,5,30.801445976136847,-17,11,1,3.21446403694022
2847,234901,411045.0,3397035.0,22,270,6,5,2585.0,9.2,502,0,5,410905,3397310,506,0,5,-96.0,524,-140.0,275.0,308.58548248418947,4,26.980230718222856,-18,11,1,3.3383188436328872
2848,234901,411045.0,3397035.0,22,270,6,5,2585.0,9.2,502,0,5,410895,3397300,507,0,14,-96.47,524,-150.0,265.0,304.50779957170226,5,29.511498557090306,-17,11,1,3.195380247458242
2849,234901,411045.0,3397035.0,22,270,6,5,2585.0,9.2,502,0,5,411125,3397210,505,0,6,-107.0,524,80.0,175.0,192.41881404893857,3,-24.56717132060129,-19,11,1,5.6392733502049515
2850,234901,411045.0,3397035.0,22,270,6,5,2585.0,9.2,502,0,5,410885,3397290,507,0,5,-101.3,524,-160.0,255.0,301.0398644698074,5,32.10625595511783,-17,11,1,3.2321129601060012
2851,234901,411045.0,3397035.0,22,270,6,5,2585.0,9.2,502,0,5,411140,3397225,506,0,5,-105.5,524,95.0,190.0,212.42645786248002,4,-26.565051177077976,-18,11,1,4.843399921734121
2852,234901,411045.0,3397035.0,22,270,6,5,2585.0,9.2,502,0,5,411065,3397335,504,0,5,-108.5,524,20.0,300.0,300.66592756745814,2,-3.814074834290352,-20,11,1,3.8056521119547404
2853,234901,411045.0,3397035.0,22,270,6,5,2585.0,9.2,502,0,5,410995,3397245,505,0,7,-95.0,524,-50.0,210.0,215.87033144922904,3,13.392497753751115,-19,11,1,5.029971918691721
2854,234901,411045.0,3397035.0,22,270,6,5,2585.0,9.2,502,0,5,411020,3397220,504,12,7,-96.0,524,-25.0,185.0,186.6815470259447,2,7.696051722016591,-20,11,1,6.115019793815877
2855,234901,411045.0,3397035.0,22,270,6,5,2585.0,9.2,502,0,5,411105,3397295,505,0,7,-97.88,524,60.0,260.0,266.8332812825267,3,-12.994616791916485,-19,11,1,4.072901001623055
2856,234901,411045.0,3397035.0,22,270,6,5,2585.0,9.2,502,0,5,410915,3397165,504,0,7,-89.0,524,-130.0,130.0,183.84776310850236,2,45.0,-20,11,1,6.208544626185846
2857,234901,411045.0,3397035.0,22,270,6,5,2585.0,9.2,502,0,5,410920,3397160,504,0,7,-85.0,524,-125.0,125.0,176.7766952966369,2,45.0,-20,11,1,6.454830247455114
2858,234901,411045.0,3397035.0,22,270,6,5,2585.0,9.2,502,0,5,410970,3397270,505,0,14,-97.0,524,-75.0,235.0,246.6779276708802,3,17.700427788667184,-19,11,1,4.404425892656444
2859,234901,411045.0,3397035.0,22,270,6,5,2585.0,9.2,502,0,5,411015,3397225,504,12,7,-100.5,524,-30.0,190.0,192.35384061671346,2,8.972626614896399,-20,11,1,5.936001804797608
2860,234901,411045.0,3397035.0,22,270,6,5,2585.0,9.2,502,0,5,411000,3397240,505,0,7,-95.67,524,-45.0,205.0,209.88091861815357,3,12.380756928807159,-19,11,1,5.172745215218803
2861,234901,411045.0,3397035.0,22,270,6,5,2585.0,9.2,502,0,5,411005,3397235,504,12,7,-97.0,524,-40.0,200.0,203.9607805437114,2,11.30993247402023,-20,11,1,5.600409184816616
2862,234901,411045.0,3397035.0,22,270,6,5,2585.0,9.2,502,0,5,411100,3397300,505,0,7,-100.67,524,55.0,265.0,270.64737205448716,3,-11.725112015165053,-19,11,1,4.01569286911609
2863,234901,411045.0,3397035.0,22,270,6,5,2585.0,9.2,502,0,5,410965,3397275,505,0,14,-94.31,524,-80.0,240.0,252.98221281347034,3,18.434948822922024,-19,11,1,4.295084093397465
2864,234901,411045.0,3397035.0,22,270,6,5,2585.0,9.2,502,0,5,410960,3397280,505,0,5,-95.1,524,-85.0,245.0,259.3260495977988,3,19.133643205905514,-19,11,1,4.190393320876561
2865,234901,411045.0,3397035.0,22,270,6,5,2585.0,9.2,502,0,5,411110,3397290,505,0,7,-105.0,524,65.0,255.0,263.1539473388153,3,-14.300277449185586,-19,11,1,4.129651329455542
2866,234901,411045.0,3397035.0,22,270,6,5,2585.0,9.2,502,0,5,411060,3397340,504,0,5,-107.0,524,15.0,305.0,305.3686296920494,2,-2.8155566842112307,-20,11,1,3.7472130334593943
2867,234901,411045.0,3397035.0,22,270,6,5,2585.0,9.2,502,0,5,410975,3397265,505,0,14,-98.2,524,-70.0,230.0,240.41630560342617,3,16.927513064147035,-19,11,1,4.518669709080961
2868,234901,411045.0,3397035.0,22,270,6,5,2585.0,9.2,502,0,5,411025,3397215,503,12,7,-101.0,524,-20.0,180.0,181.10770276274835,1,6.3401917459099195,-21,11,1,6.614086524592264
2869,234901,411045.0,3397035.0,22,270,6,5,2585.0,9.2,502,0,5,411010,3397230,504,12,7,-93.0,524,-35.0,195.0,198.11612756158948,2,10.175510843043185,-20,11,1,5.764530773257338
2870,234901,411045.0,3397035.0,22,270,6,5,2585.0,9.2,502,0,5,411055,3397345,504,0,6,-115.71,524,10.0,310.0,310.16124838541646,2,-1.8476102659946037,-20,11,1,3.689472189832271
2871,234901,411045.0,3397035.0,22,270,6,5,2585.0,9.2,502,0,5,411095,3397305,504,0,7,-103.09,524,50.0,270.0,274.5906043549196,2,-10.491477012331586,-20,11,1,4.165822216233385
2872,234901,411045.0,3397035.0,22,270,6,5,2585.0,9.2,502,0,5,410990,3397250,505,0,7,-96.09,524,-55.0,215.0,221.92341021172146,3,14.34933204294714,-19,11,1,4.893452223310432
2873,234901,411045.0,3397035.0,22,270,6,5,2585.0,9.2,502,0,5,410900,3397180,504,9,7,-89.5,524,-145.0,145.0,205.0609665440988,2,45.0,-20,11,1,5.570551559099997
2874,234901,411045.0,3397035.0,22,270,6,5,2585.0,9.2,502,0,5,410980,3397260,505,0,7,-97.75,524,-65.0,225.0,234.2007685726074,3,16.113418233089305,-19,11,1,4.6380757961589305
2875,234901,411045.0,3397035.0,22,270,6,5,2585.0,9.2,502,0,5,410985,3397255,505,0,7,-94.63,524,-60.0,220.0,228.0350850198276,3,15.255118703057803,-19,11,1,4.762912138492461
2876,234901,411045.0,3397035.0,22,270,6,5,2585.0,9.2,502,0,5,411115,3397285,505,0,7,-95.0,524,70.0,250.0,259.61509971494337,3,-15.642246457208728,-19,11,1,4.185744414495031
2877,234901,411045.0,3397035.0,22,270,6,5,2585.0,9.2,502,0,5,410910,3397170,504,0,7,-89.25,524,-135.0,135.0,190.91883092036784,2,45.0,-20,11,1,5.980296626689473
2878,234901,411045.0,3397035.0,22,270,6,5,2585.0,9.2,502,0,5,411030,3397210,503,12,7,-95.0,524,-15.0,175.0,175.64168070250295,1,4.899092453787773,-21,11,1,6.818010112050796
2879,234901,411045.0,3397035.0,22,270,6,5,2585.0,9.2,502,0,5,411085,3397315,504,0,7,-105.33,524,40.0,280.0,282.842712474619,2,-8.130102354155952,-20,11,1,4.044691235386268
2880,234901,411045.0,3397035.0,22,270,6,5,2585.0,9.2,502,0,5,411050,3397350,504,15,6,-114.5,524,5.0,315.0,315.03968004046726,2,-0.9093804491991477,-20,11,1,3.632494385431231
2881,234901,411045.0,3397035.0,22,270,6,5,2585.0,9.2,502,0,5,411035,3397205,503,0,7,-95.5,524,-10.0,170.0,170.29386365926402,1,3.366460663429791,-21,11,1,7.030008939636155
2882,234901,411045.0,3397035.0,22,270,6,5,2585.0,9.2,502,0,5,411075,3397325,504,0,5,-106.5,524,30.0,290.0,291.547594742265,2,-5.906141113770502,-20,11,1,3.9243099740178784
2883,234901,411045.0,3397035.0,22,270,6,5,2585.0,9.2,502,0,5,410925,3397155,504,0,5,-85.5,524,-120.0,120.0,169.7056274847714,2,45.0,-20,11,1,6.721369339369456
2884,234901,411045.0,3397035.0,22,270,6,5,2585.0,9.2,502,0,5,410850,3396740,506,6,5,-101.0,524,-195.0,-295.0,353.62409420173844,4,-213.4653793463553,-18,11,1,2.913926744722833
2885,234901,411045.0,3397035.0,22,270,6,5,2585.0,9.2,502,0,5,411055,3397340,504,0,5,-117.0,524,10.0,305.0,305.16389039334257,2,-1.877877447285357,-20,11,1,3.7497199281485347
2886,234901,411045.0,3397035.0,22,270,6,5,2585.0,9.2,502,0,5,411020,3397225,504,12,7,-98.5,524,-25.0,190.0,191.637678967368,2,7.495857639729877,-20,11,1,5.958025727148784
2887,234901,411045.0,3397035.0,22,270,6,5,2585.0,9.2,502,0,5,411090,3397295,505,0,7,-101.0,524,45.0,260.0,263.86549603917524,3,-9.819300638757909,-19,11,1,4.118553543525323
2888,234901,411045.0,3397035.0,22,270,6,5,2585.0,9.2,502,0,5,411105,3397310,504,0,7,-108.5,524,60.0,275.0,281.4693589007514,2,-12.308015817427929,-20,11,1,4.064360234083542
2889,234901,411045.0,3397035.0,22,270,6,5,2585.0,9.2,502,0,5,411005,3397210,504,12,7,-92.83,524,-40.0,175.0,179.51323071016242,2,12.875001559612485,-20,11,1,6.357243286506033
2890,234901,411045.0,3397035.0,22,270,6,5,2585.0,9.2,502,0,5,411100,3397305,504,0,7,-96.75,524,55.0,270.0,275.54491466909707,2,-11.513831184487003,-20,11,1,4.151445018656038
2891,234901,411045.0,3397035.0,22,270,6,5,2585.0,9.2,502,0,5,411060,3397345,504,0,6,-112.0,524,15.0,310.0,310.3626910567699,2,-2.770215797200194,-20,11,1,3.68708412469877
2892,234901,411045.0,3397035.0,22,270,6,5,2585.0,9.2,502,0,5,411035,3397240,504,0,7,-114.5,524,-10.0,205.0,205.24375751773792,2,2.7927023657132963,-20,11,1,5.565621565377207
2893,234901,411045.0,3397035.0,22,270,6,5,2585.0,9.2,502,0,5,410980,3397265,505,0,14,-98.0,524,-65.0,230.0,239.0083680543424,3,15.780753309515376,-19,11,1,4.545176836308843
2894,234901,411045.0,3397035.0,22,270,6,5,2585.0,9.2,502,0,5,410960,3397245,505,0,7,-96.67,524,-85.0,210.0,226.55021518418383,3,22.03622694014547,-19,11,1,4.793984496479898
2895,234901,411045.0,3397035.0,22,270,6,5,2585.0,9.2,502,0,5,410975,3397260,505,0,7,-99.33,524,-70.0,225.0,235.63743335896356,3,17.281498371816667,-19,11,1,4.609920028158488
2896,234901,411045.0,3397035.0,22,270,6,5,2585.0,9.2,502,0,5,411085,3397290,505,0,7,-105.43,524,40.0,255.0,258.11818998280614,3,-8.914926957147827,-19,11,1,4.209931856016897
2897,234901,411045.0,3397035.0,22,270,6,5,2585.0,9.2,502,0,5,411010,3397215,504,12,7,-93.9,524,-35.0,180.0,183.3712082089225,2,11.003540851749506,-20,11,1,6.22455322985451
2898,234901,411045.0,3397035.0,22,270,6,5,2585.0,9.2,502,0,5,411080,3397285,505,0,7,-105.63,524,35.0,250.0,252.43811122728675,3,-7.969610394321364,-19,11,1,4.304306903207795
2899,234901,411045.0,3397035.0,22,270,6,5,2585.0,9.2,502,0,5,410915,3397200,505,0,7,-92.67,524,-130.0,165.0,210.05951537600004,3,38.23382517744693,-19,11,1,5.168371073501759
2900,234901,411045.0,3397035.0,22,270,6,5,2585.0,9.2,502,0,5,410920,3397125,504,0,5,-86.0,524,-125.0,90.0,154.02921800749363,2,54.246112745563266,-20,11,1,7.398206572124034
2901,234901,411045.0,3397035.0,22,270,6,5,2585.0,9.2,502,0,5,411000,3397205,504,0,7,-91.75,524,-45.0,170.0,175.85505395068975,2,14.82647997035565,-20,11,1,6.488371726192789
2902,234901,411045.0,3397035.0,22,270,6,5,2585.0,9.2,502,0,5,411050,3397335,504,0,5,-111.33,524,5.0,300.0,300.04166377354994,2,-0.9548412538721891,-20,11,1,3.813546774916739
2903,234901,411045.0,3397035.0,22,270,6,5,2585.0,9.2,502,0,5,410990,3397275,505,0,14,-100.88,524,-55.0,240.0,246.22144504490262,3,12.907408671265841,-19,11,1,4.412559265390066
2904,234901,411045.0,3397035.0,22,270,6,5,2585.0,9.2,502,0,5,411065,3397350,504,0,6,-110.0,524,20.0,315.0,315.6342820417326,2,-3.6329507394881944,-20,11,1,3.625669646165155
2905,234901,411045.0,3397035.0,22,270,6,5,2585.0,9.2,502,0,5,411095,3397300,504,0,7,-99.92,524,50.0,265.0,269.675731203236,2,-10.684912400002702,-20,11,1,4.241470229286147
2906,234901,411045.0,3397035.0,22,270,6,5,2585.0,9.2,502,0,5,410995,3397280,505,0,5,-100.0,524,-50.0,245.0,250.04999500099976,3,11.534620653644708,-19,11,1,4.345258718848028
2907,234901,411045.0,3397035.0,22,270,6,5,2585.0,9.2,502,0,5,410965,3397250,505,0,7,-95.67,524,-80.0,215.0,229.40139493908924,3,20.409882833803977,-19,11,1,4.734673683043087
2908,234901,411045.0,3397035.0,22,270,6,5,2585.0,9.2,502,0,5,410985,3397270,505,0,14,-101.0,524,-60.0,235.0,242.53865671269807,3,14.322719978203565,-19,11,1,4.479290401749955
2909,234901,411045.0,3397035.0,22,270,6,5,2585.0,9.2,502,0,5,410895,3397180,504,9,7,-84.0,524,-150.0,145.0,208.62646045025065,2,45.97102193107918,-20,11,1,5.4759326815824085
2910,234901,411045.0,3397035.0,22,270,6,5,2585.0,9.2,502,0,5,410880,3397165,503,0,7,-78.5,524,-165.0,130.0,210.05951537600004,1,51.76617482255307,-21,11,1,5.708985865794672
2911,234901,411045.0,3397035.0,22,270,6,5,2585.0,9.2,502,0,5,411110,3397315,504,0,7,-103.0,524,65.0,280.0,287.4456470360962,2,-13.0693178962822,-20,11,1,3.9801324941165808
2912,234901,411045.0,3397035.0,22,270,6,5,2585.0,9.2,502,0,5,410925,3397130,504,0,5,-88.0,524,-120.0,95.0,153.05227865013967,2,51.63251461513846,-20,11,1,7.4449015492071435
2913,234901,411045.0,3397035.0,22,270,6,5,2585.0,9.2,502,0,5,411015,3397220,504,12,7,-90.5,524,-30.0,185.0,187.41664813991312,2,9.211026540816647,-20,11,1,6.091215619742459
2914,234901,411045.0,3397035.0,22,270,6,5,2585.0,9.2,502,0,5,410870,3397100,504,0,5,-88.5,524,-175.0,65.0,186.6815470259447,2,69.62356478616363,-20,11,1,6.115019793815877
2915,234901,411045.0,3397035.0,22,270,6,5,2585.0,9.2,502,0,5,410875,3397095,504,0,5,-87.75,524,-170.0,60.0,180.27756377319946,2,70.55996517182382,-20,11,1,6.330509401162716
2916,234901,411045.0,3397035.0,22,270,6,5,2585.0,9.2,502,0,5,410760,3397030,506,0,6,-97.57,524,-285.0,-5.0,285.0438562747845,4,-268.99491399474584,-18,11,1,3.613326200767612
2917,234901,411045.0,3397035.0,22,270,6,5,2585.0,9.2,502,0,5,410790,3397020,505,0,10,-89.58,524,-255.0,-15.0,255.44079548889601,3,-266.63353933657015,-19,11,1,4.253896978846283
2918,234901,411045.0,3397035.0,22,270,6,5,2585.0,9.2,502,0,5,410850,3397120,503,0,5,-81.2,524,-195.0,85.0,212.72047386182646,1,66.44773632710536,-21,11,1,5.638034137684737
2919,234901,411045.0,3397035.0,22,270,6,5,2585.0,9.2,502,0,5,410795,3397015,505,0,10,-88.81,524,-250.0,-20.0,250.79872407968904,3,-265.4260787400991,-19,11,1,4.332335939608765
2920,234901,411045.0,3397035.0,22,270,6,5,2585.0,9.2,502,0,5,410785,3397005,505,0,10,-96.2,524,-260.0,-30.0,261.72504656604804,3,-263.418055344822,-19,11,1,4.152118724244152
2921,234901,411045.0,3397035.0,22,270,6,5,2585.0,9.2,502,0,5,410735,3396995,506,12,5,-99.4,524,-310.0,-40.0,312.5699921617557,4,-262.6476206401077,-18,11,1,3.2958577886978833
2922,234901,411045.0,3397035.0,22,270,6,5,2585.0,9.2,502,0,5,410865,3397085,504,0,5,-88.0,524,-180.0,50.0,186.81541692269406,2,74.47588900324575,-20,11,1,6.110671001741464
2923,234901,411045.0,3397035.0,22,270,6,5,2585.0,9.2,502,0,5,410780,3397010,505,0,10,-88.79,524,-265.0,-25.0,266.1766330841233,3,-264.6106882400266,-19,11,1,4.082914763272357
2924,234901,411045.0,3397035.0,22,270,6,5,2585.0,9.2,502,0,5,410730,3397000,506,12,14,-93.33,524,-315.0,-35.0,316.9384798348096,4,-263.6598082540901,-18,11,1,3.250527776230977
2925,234901,411045.0,3397035.0,22,270,6,5,2585.0,9.2,502,0,5,410765,3397025,506,0,5,-91.27,524,-280.0,-10.0,280.178514522438,4,-267.95459151111277,-18,11,1,3.675901575802358
2926,234901,411045.0,3397035.0,22,270,6,5,2585.0,9.2,502,0,5,410840,3397110,504,0,5,-85.2,524,-205.0,75.0,218.28879952943075,2,69.90476880809518,-20,11,1,5.234923492330658
2927,234901,411045.0,3397035.0,22,270,6,5,2585.0,9.2,502,0,5,411015,3396730,509,6,14,-99.5,524,-30.0,-305.0,306.4718584144391,7,-185.61758059012683,-15,11,1,2.802056324256255
2928,234901,411045.0,3397035.0,22,270,6,5,2585.0,9.2,502,0,5,411030,3396745,507,6,14,-106.5,524,-15.0,-290.0,290.38767191463205,5,-182.96093613416377,-17,11,1,3.350410135389466
2929,234901,411045.0,3397035.0,22,270,6,5,2585.0,9.2,502,0,5,410975,3396770,504,6,5,-99.5,524,-70.0,-265.0,274.0894014733149,2,-194.79676224505735,-20,11,1,4.173412992985046
2930,234901,411045.0,3397035.0,22,270,6,5,2585.0,9.2,502,0,5,411130,3396605,505,0,14,-109.5,524,85.0,-430.0,438.32065887886233,3,-168.8182457898033,-19,11,1,2.4820613013069774
2931,234901,411045.0,3397035.0,22,270,6,5,2585.0,9.2,502,0,5,411035,3396750,507,6,14,-101.0,524,-10.0,-285.0,285.17538463198395,5,-182.00955381302114,-17,11,1,3.4115038505331516
2932,234901,411045.0,3397035.0,22,270,6,5,2585.0,9.2,502,0,5,410715,3397015,506,0,5,-93.0,524,-330.0,-20.0,330.6055050963308,4,-266.5317707410829,-18,11,1,3.1164235513740337
2933,234901,411045.0,3397035.0,22,270,6,5,2585.0,9.2,502,0,5,410710,3397020,506,0,5,-91.33,524,-335.0,-15.0,335.3356527421443,4,-267.436229788535,-18,11,1,3.0725490127911734
2934,234901,411045.0,3397035.0,22,270,6,5,2585.0,9.2,502,0,5,410760,3396950,505,0,6,-121.33,524,-285.0,-85.0,297.40544715926103,3,-253.393019421383,-19,11,1,3.6554219357498967
2935,234901,411045.0,3397035.0,22,270,6,5,2585.0,9.2,502,0,5,410765,3396945,505,0,5,-117.0,524,-280.0,-90.0,294.10882339705483,3,-252.18111108547723,-19,11,1,3.6962820768787195
2936,234901,411045.0,3397035.0,22,270,6,5,2585.0,9.2,502,0,5,410700,3397010,506,0,5,-85.75,524,-345.0,-25.0,345.90461112855957,4,-265.8553762588957,-18,11,1,2.9788404111233984
2937,234901,411045.0,3397035.0,22,270,6,5,2585.0,9.2,502,0,5,410785,3396925,504,69,14,-116.25,524,-260.0,-110.0,282.3118842698621,2,-247.06789956241022,-20,11,1,4.052271115510341
2938,234901,411045.0,3397035.0,22,270,6,5,2585.0,9.2,502,0,5,410780,3396930,504,0,5,-115.25,524,-265.0,-105.0,285.0438562747845,2,-248.38522105721376,-20,11,1,4.013560100989388
2939,234901,411045.0,3397035.0,22,270,6,5,2585.0,9.2,502,0,5,410870,3396860,502,0,14,-109.5,524,-175.0,-175.0,247.48737341529164,0,-225.0,-22,11,1,5.079865661140172
2940,234901,411045.0,3397035.0,22,270,6,5,2585.0,9.2,502,0,5,410790,3396940,504,0,10,-116.0,524,-255.0,-95.0,272.12129648375554,2,-249.56717132060132,-20,11,1,4.203489208792043
2941,234901,411045.0,3397035.0,22,270,6,5,2585.0,9.2,502,0,5,410795,3396935,504,0,5,-110.67,524,-250.0,-100.0,269.2582403567252,2,-248.19859051364818,-20,11,1,4.248022666728544
2942,234901,411045.0,3397035.0,22,270,6,5,2585.0,9.2,502,0,5,410680,3397030,507,0,14,-91.5,524,-365.0,-5.0,365.0342449688796,5,-269.2151753970081,-17,11,1,2.66639364539507
2943,234901,411045.0,3397035.0,22,270,6,5,2585.0,9.2,502,0,5,410775,3396955,505,0,5,-111.5,524,-270.0,-80.0,281.60255680657446,3,-253.49563861824498,-19,11,1,3.8599521274855575
2944,234901,411045.0,3397035.0,22,270,6,5,2585.0,9.2,502,0,5,410685,3397025,506,0,5,-93.0,524,-360.0,-10.0,360.1388621073821,4,-268.4088597288054,-18,11,1,2.8613033762111764
2945,234901,411045.0,3397035.0,22,270,6,5,2585.0,9.2,502,0,5,410705,3397005,506,6,14,-82.67,524,-340.0,-30.0,341.32096331752024,4,-264.9575489308291,-18,11,1,3.0187701810684664
2946,234901,411045.0,3397035.0,22,270,6,5,2585.0,9.2,502,0,5,410955,3397190,504,0,7,-92.0,524,-90.0,155.0,179.2344832893492,2,30.14138555207535,-20,11,1,6.367049008473474
2947,234901,411045.0,3397035.0,22,270,6,5,2585.0,9.2,502,0,5,410880,3397135,503,0,5,-86.67,524,-165.0,100.0,192.93781381574738,1,58.781597235653635,-21,11,1,6.211812004390609
2948,234901,411045.0,3397035.0,22,270,6,5,2585.0,9.2,502,0,5,410905,3397160,504,0,7,-85.33,524,-140.0,125.0,187.6832437912346,2,48.239700296102114,-20,11,1,6.082628229270933
2949,234901,411045.0,3397035.0,22,270,6,5,2585.0,9.2,502,0,5,411005,3397260,504,0,7,-100.58,524,-40.0,225.0,228.52789764052878,2,10.080597987542319,-20,11,1,5.001592309567984
2950,234901,411045.0,3397035.0,22,270,6,5,2585.0,9.2,502,0,5,411090,3397325,504,15,7,-106.5,524,45.0,290.0,293.47061181658376,2,-8.820379552021052,-20,11,1,3.898674813359418
2951,234901,411045.0,3397035.0,22,270,6,5,2585.0,9.2,502,0,5,411050,3397285,504,0,14,-110.88,524,5.0,250.0,250.04999500099976,2,-1.1457628381750737,-20,11,1,4.573010629227879
2952,234901,411045.0,3397035.0,22,270,6,5,2585.0,9.2,502,0,5,410970,3397205,504,0,7,-91.69,524,-75.0,170.0,185.80904176062046,2,23.805943518457752,-20,11,1,6.1435150741842035
2953,234901,411045.0,3397035.0,22,270,6,5,2585.0,9.2,502,0,5,411075,3397310,504,0,5,-104.1,524,30.0,275.0,276.63152387246106,2,-6.225829064425739,-20,11,1,4.135194813282632
2954,234901,411045.0,3397035.0,22,270,6,5,2585.0,9.2,502,0,5,411040,3397295,504,0,14,-112.13,524,-5.0,260.0,260.0480724789169,2,1.1017061152064116,-20,11,1,4.397895400884367
2955,234901,411045.0,3397035.0,22,270,6,5,2585.0,9.2,502,0,5,410995,3397230,504,12,7,-90.57,524,-50.0,195.0,201.30822139197394,2,14.381394591090611,-20,11,1,5.673725197004893
2956,234901,411045.0,3397035.0,22,270,6,5,2585.0,9.2,502,0,5,410985,3397240,505,0,7,-95.89,524,-60.0,205.0,213.60009363293827,3,16.313852426260553,-19,11,1,5.083154102131953
2957,234901,411045.0,3397035.0,22,270,6,5,2585.0,9.2,502,0,5,411000,3397255,505,0,7,-94.92,524,-45.0,220.0,224.5551157288562,3,11.560130794217798,-19,11,1,4.836376345255954
2958,234901,411045.0,3397035.0,22,270,6,5,2585.0,9.2,502,0,5,410990,3397225,504,0,7,-95.31,524,-55.0,190.0,197.80040444852483,2,16.144338780283476,-20,11,1,5.773669832048473
2959,234901,411045.0,3397035.0,22,270,6,5,2585.0,9.2,502,0,5,411055,3397290,504,0,5,-105.73,524,10.0,255.0,255.1960031034969,2,-2.245742565895057,-20,11,1,4.481175645624642
2960,234901,411045.0,3397035.0,22,270,6,5,2585.0,9.2,502,0,5,411060,3397315,504,0,5,-103.67,524,15.0,280.0,280.40149785619906,2,-3.0664855011258965,-20,11,1,4.079786485392771
2961,234901,411045.0,3397035.0,22,270,6,5,2585.0,9.2,502,0,5,411025,3397280,504,0,5,-106.75,524,-20.0,245.0,245.81497106563708,2,4.666858371438991,-20,11,1,4.651453948463954
2962,234901,411045.0,3397035.0,22,270,6,5,2585.0,9.2,502,0,5,411070,3397305,504,0,5,-103.83,524,25.0,270.0,271.15493725912495,2,-5.29008120537128,-20,11,1,4.218415888433301
2963,234901,411045.0,3397035.0,22,270,6,5,2585.0,9.2,502,0,5,411065,3397320,504,0,5,-103.0,524,20.0,285.0,285.70089254323307,2,-4.014175695411041,-20,11,1,4.004360038881799
2964,234901,411045.0,3397035.0,22,270,6,5,2585.0,9.2,502,0,5,411045,3397300,504,0,7,-106.67,524,0.0,265.0,265.0,2,0.0,-20,11,1,4.316027519865624
2965,234901,411045.0,3397035.0,22,270,6,5,2585.0,9.2,502,0,5,410980,3397235,505,12,7,-95.85,524,-65.0,200.0,210.2974084481309,3,18.004161605913396,-19,11,1,5.162556108646006
2966,234901,411045.0,3397035.0,22,270,6,5,2585.0,9.2,502,0,5,410925,3397180,505,0,7,-84.0,524,-120.0,145.0,188.2153022471871,3,39.610688240026604,-19,11,1,5.764379243981697
2967,234901,411045.0,3397035.0,22,270,6,5,2585.0,9.2,502,0,5,411080,3397335,504,15,5,-105.5,524,35.0,300.0,302.03476621077914,2,-6.654425046006622,-20,11,1,3.7884550215768793
2968,234901,411045.0,3397035.0,22,270,6,5,2585.0,9.2,502,0,5,410975,3397210,504,12,7,-91.17,524,-70.0,175.0,188.48076824970764,2,21.801409486351815,-20,11,1,6.057082351585721
2969,234901,411045.0,3397035.0,22,270,6,5,2585.0,9.2,502,0,5,410920,3397175,504,0,7,-90.4,524,-125.0,140.0,187.6832437912346,2,41.760299703897886,-20,11,1,6.082628229270933
2970,234901,411045.0,3397035.0,22,270,6,5,2585.0,9.2,502,0,5,410890,3397125,504,0,14,-81.0,524,-155.0,90.0,179.2344832893492,2,59.85861444792465,-20,11,1,6.367049008473474
2971,234901,411045.0,3397035.0,22,270,6,5,2585.0,9.2,502,0,5,410895,3397130,504,0,5,-78.43,524,-150.0,95.0,177.55280904564702,2,57.65255650055798,-20,11,1,6.426851664659936
2972,234901,411045.0,3397035.0,22,270,6,5,2585.0,9.2,502,0,5,410900,3397155,503,0,7,-83.5,524,-145.0,120.0,188.2153022471871,1,50.389311759973396,-21,11,1,6.366408363435813
2973,234901,411045.0,3397035.0,22,270,6,5,2585.0,9.2,502,0,5,411200,3396755,503,0,6,-103.6,524,155.0,-280.0,320.0390601161052,1,-151.03233935393598,-21,11,1,3.754194791057072
2974,234901,411045.0,3397035.0,22,270,6,5,2585.0,9.2,502,0,5,411020,3397015,501,0,5,-81.67,524,-25.0,-20.0,32.01562118716424,-1,-231.34019174590992,-23,11,1,35.693440259665564
2975,234901,411045.0,3397035.0,22,270,6,5,2585.0,9.2,502,0,5,410910,3397045,505,5,5,-85.67,524,-135.0,10.0,135.36986370680884,3,85.76360520094119,-19,11,1,7.989625988406572
2976,234901,411045.0,3397035.0,22,270,6,5,2585.0,9.2,502,0,5,411205,3396760,503,6,6,-102.0,524,160.0,-275.0,318.15876539866065,1,-149.8083770390424,-21,11,1,3.776317793600962
2977,234901,411045.0,3397035.0,22,270,6,5,2585.0,9.2,502,0,5,411025,3397020,501,0,5,-74.09,524,-20.0,-15.0,25.0,-1,-233.13010235415598,-23,11,1,42.61405596961119
2978,234901,411045.0,3397035.0,22,270,6,5,2585.0,9.2,502,0,5,411215,3396750,503,0,14,-110.0,524,170.0,-285.0,331.85087012090236,1,-149.18429424827082,-21,11,1,3.6209310361318687
2979,234901,411045.0,3397035.0,22,270,6,5,2585.0,9.2,502,0,5,410905,3397060,505,5,14,-86.57,524,-140.0,25.0,142.21462653327893,3,79.87532834460217,-19,11,1,7.609704669965769
2980,234901,411045.0,3397035.0,22,270,6,5,2585.0,9.2,502,0,5,410900,3397055,505,0,5,-85.45,524,-145.0,20.0,146.37281168304446,3,82.14668669802177,-19,11,1,7.395954568299191
2981,234901,411045.0,3397035.0,22,270,6,5,2585.0,9.2,502,0,5,410895,3397070,505,5,5,-89.33,524,-150.0,35.0,154.02921800749363,3,76.86597769360367,-19,11,1,7.032095640711637
2982,234901,411045.0,3397035.0,22,270,6,5,2585.0,9.2,502,0,5,410880,3397075,505,0,6,-87.0,524,-165.0,40.0,169.77926846349644,3,76.37300514010849,-19,11,1,6.385403215773164
2983,234901,411045.0,3397035.0,22,270,6,5,2585.0,9.2,502,0,5,411015,3397030,502,0,5,-79.33,524,-30.0,-5.0,30.4138126514911,0,-260.5376777919744,-22,11,1,35.880305050178556
2984,234901,411045.0,3397035.0,22,270,6,5,2585.0,9.2,502,0,5,411010,3397025,502,0,5,-79.21,524,-35.0,-10.0,36.40054944640259,0,-254.05460409907712,-22,11,1,31.148198128939175
2985,234901,411045.0,3397035.0,22,270,6,5,2585.0,9.2,502,0,5,410890,3397065,505,5,14,-87.38,524,-155.0,30.0,157.87653403846943,3,79.04593735660166,-19,11,1,6.862383730110939
2986,234901,411045.0,3397035.0,22,270,6,5,2585.0,9.2,502,0,5,411000,3397035,502,0,5,-82.0,524,-45.0,0.0,45.0,0,90.0,-22,11,1,26.05349531049095
2987,234901,411045.0,3397035.0,22,270,6,5,2585.0,9.2,502,0,5,410915,3397050,505,5,14,-81.56,524,-130.0,15.0,130.86252328302402,3,83.418055344822,-19,11,1,8.261079090400656
2988,234901,411045.0,3397035.0,22,270,6,5,2585.0,9.2,502,0,5,410760,3397080,507,0,6,-102.0,524,-285.0,45.0,288.5307609250702,5,81.0273733851036,-17,11,1,3.3719229334853718
2989,234901,411045.0,3397035.0,22,270,6,5,2585.0,9.2,502,0,5,410860,3396980,504,0,5,-88.0,524,-185.0,-55.0,193.00259065618783,2,-253.44292862436336,-20,11,1,5.916190560991233
2990,234901,411045.0,3397035.0,22,270,6,5,2585.0,9.2,502,0,5,410820,3397020,505,0,5,-89.29,524,-225.0,-15.0,225.49944567559362,3,-266.18592516570965,-19,11,1,4.816218394855389
2991,234901,411045.0,3397035.0,22,270,6,5,2585.0,9.2,502,0,5,410825,3397015,505,0,5,-86.04,524,-220.0,-20.0,220.90722034374522,3,-264.8055710922652,-19,11,1,4.915852416302111
2992,234901,411045.0,3397035.0,22,270,6,5,2585.0,9.2,502,0,5,410815,3397025,505,0,5,-89.58,524,-230.0,-10.0,230.21728866442677,3,-267.5104470780009,-19,11,1,4.717969805971917
2993,234901,411045.0,3397035.0,22,270,6,5,2585.0,9.2,502,0,5,410830,3397010,505,0,5,-89.0,524,-215.0,-25.0,216.44860821913363,3,-263.36748538486154,-19,11,1,5.016602217043057
2994,234901,411045.0,3397035.0,22,270,6,5,2585.0,9.2,502,0,5,410835,3397005,505,0,14,-88.63,524,-210.0,-30.0,212.13203435596427,3,-261.86989764584405,-19,11,1,5.118145857102647
2995,234901,411045.0,3397035.0,22,270,6,5,2585.0,9.2,502,0,5,410840,3397000,504,69,14,-89.6,524,-205.0,-35.0,207.9663434308542,2,-260.3112134396332,-20,11,1,5.493207979895749
2996,234901,411045.0,3397035.0,22,270,6,5,2585.0,9.2,502,0,5,410810,3397030,505,0,5,-91.5,524,-235.0,-5.0,235.05318547086316,3,-268.7811247648687,-19,11,1,4.621328869008858
2997,234901,411045.0,3397035.0,22,270,6,5,2585.0,9.2,502,0,5,410555,3397020,505,0,5,-99.5,524,-490.0,-15.0,490.2295380737477,3,-268.24659513992844,-19,11,1,2.2195219448161794
2998,234901,411045.0,3397035.0,22,270,6,5,2585.0,9.2,502,0,5,410550,3397015,505,0,5,-91.0,524,-495.0,-20.0,495.40387564087547,3,-267.6862775021758,-19,11,1,2.196362560069211
2999,234901,411045.0,3397035.0,22,270,6,5,2585.0,9.2,502,0,5,410545,3397010,505,0,5,-90.5,524,-500.0,-25.0,500.62460986251966,3,-267.1375947738883,-19,11,1,2.173480005326293
3000,234901,411045.0,3397035.0,22,270,6,5,2585.0,9.2,502,0,5,410865,3397295,507,0,5,-99.33,524,-180.0,260.0,316.22776601683796,5,34.695153531233984,-17,11,1,3.077185706309008
3001,234901,411045.0,3397035.0,22,270,6,5,2585.0,9.2,502,0,5,410875,3397285,507,0,5,-102.59,524,-170.0,250.0,302.32432915661946,5,34.2157021324374,-17,11,1,3.2184098317511514
3002,234901,411045.0,3397035.0,22,270,6,5,2585.0,9.2,502,0,5,410855,3397305,507,0,14,-101.25,524,-190.0,270.0,330.15148038438355,5,35.13419305691565,-17,11,1,2.947643242492133
3003,234901,411045.0,3397035.0,22,270,6,5,2585.0,9.2,502,0,5,410860,3397300,507,0,5,-104.17,524,-185.0,265.0,323.18725222384626,5,34.91940201245768,-17,11,1,3.0110451312346007
3004,234901,411045.0,3397035.0,22,270,6,5,2585.0,9.2,502,0,5,410870,3397290,507,0,5,-104.54,524,-175.0,255.0,309.2733418838423,5,34.460816271371755,-17,11,1,3.1462428463726595
3005,234901,411045.0,3397035.0,22,270,6,5,2585.0,9.2,502,0,5,410850,3397310,507,0,14,-97.5,524,-195.0,275.0,337.12015662075146,5,35.34010692155766,-17,11,1,2.886816088738754
3006,234901,411045.0,3397035.0,22,270,6,5,2585.0,9.2,502,0,5,410875,3397310,507,0,14,-94.8,524,-170.0,275.0,323.3032632065442,5,31.723602957684022,-17,11,1,3.009966664384669
3007,234901,411045.0,3397035.0,22,270,6,5,2585.0,9.2,502,0,5,410850,3397285,507,0,14,-97.4,524,-195.0,250.0,317.0567772497538,5,37.95423087513251,-17,11,1,3.0691551635910814
3008,234901,411045.0,3397035.0,22,270,6,5,2585.0,9.2,502,0,5,410870,3397305,507,0,5,-98.41,524,-175.0,270.0,321.7530108639234,5,32.94921511659044,-17,11,1,3.02444225674381
3009,234901,411045.0,3397035.0,22,270,6,5,2585.0,9.2,502,0,5,410840,3397295,507,0,5,-108.67,524,-205.0,260.0,331.09666262286606,5,38.25442035251717,-17,11,1,2.9392433761690944
3010,234901,411045.0,3397035.0,22,270,6,5,2585.0,9.2,502,0,5,410845,3397300,507,0,5,-99.17,524,-200.0,265.0,332.00150602068055,5,37.04247477308286,-17,11,1,2.931246694252631
3011,234901,411045.0,3397035.0,22,270,6,5,2585.0,9.2,502,0,5,410855,3397290,507,0,14,-97.09,524,-190.0,255.0,318.0015723231569,5,36.68972283247581,-17,11,1,3.0600539397458113
3012,234901,411045.0,3397035.0,22,270,6,5,2585.0,9.2,502,0,5,410860,3397315,507,0,5,-103.0,524,-185.0,280.0,335.5964838909967,5,33.45330945407272,-17,11,1,2.8999004689106673
3013,234901,411045.0,3397035.0,22,270,6,5,2585.0,9.2,502,0,5,411000,3397310,505,0,7,-101.0,524,-45.0,275.0,278.65749586185547,3,9.293308599397108,-19,11,1,3.9006217139854438
3014,234901,411045.0,3397035.0,22,270,6,5,2585.0,9.2,502,0,5,411015,3397315,504,0,7,-102.33,524,-30.0,280.0,281.60255680657446,2,6.115503566285383,-20,11,1,4.062444231274032
3015,234901,411045.0,3397035.0,22,270,6,5,2585.0,9.2,502,0,5,411130,3397200,504,0,6,-102.5,524,85.0,165.0,185.60711193270586,2,-27.255328374943076,-20,11,1,6.150147669587623
3016,234901,411045.0,3397035.0,22,270,6,5,2585.0,9.2,502,0,5,411050,3397280,504,0,14,-106.0,524,5.0,245.0,245.05101509685693,2,-1.1691393279074305,-20,11,1,4.665891107801682
3017,234901,411045.0,3397035.0,22,270,6,5,2585.0,9.2,502,0,5,411135,3397195,504,0,5,-103.67,524,90.0,160.0,183.5755975068582,2,-29.357753542791272,-20,11,1,6.217677251124683
3018,234901,411045.0,3397035.0,22,270,6,5,2585.0,9.2,502,0,5,411005,3397305,504,0,7,-109.0,524,-40.0,270.0,272.9468812791236,2,8.426969021480659,-20,11,1,4.190820246084337
3019,234901,411045.0,3397035.0,22,270,6,5,2585.0,9.2,502,0,5,411035,3397295,504,0,14,-113.56,524,-10.0,260.0,260.1922366251537,2,2.2025981617658204,-20,11,1,4.395468220456773
3020,234901,411045.0,3397035.0,22,270,6,5,2585.0,9.2,502,0,5,411065,3397245,505,0,7,-108.5,524,20.0,210.0,210.95023109728987,3,-5.440332031005482,-19,11,1,5.146665602834838
3021,234901,411045.0,3397035.0,22,270,6,5,2585.0,9.2,502,0,5,411020,3397290,504,0,14,-109.5,524,-25.0,255.0,256.2225595063791,2,5.599339336520586,-20,11,1,4.463294492367629
3022,234901,411045.0,3397035.0,22,270,6,5,2585.0,9.2,502,0,5,411055,3397275,504,0,14,-108.0,524,10.0,240.0,240.20824298928628,2,-2.3859440303888277,-20,11,1,4.759530941773413
3023,234901,411045.0,3397035.0,22,270,6,5,2585.0,9.2,502,0,5,411030,3397300,504,0,7,-109.38,524,-15.0,265.0,265.42418879973997,2,3.2397002961021144,-20,11,1,4.309155843954867
3024,234901,411045.0,3397035.0,22,270,6,5,2585.0,9.2,502,0,5,411025,3397285,504,0,14,-107.5,524,-20.0,250.0,250.79872407968904,2,4.573921259900885,-20,11,1,4.559416109622995
3025,234901,411045.0,3397035.0,22,270,6,5,2585.0,9.2,502,0,5,410705,3397030,506,0,14,-102.0,524,-340.0,-5.0,340.03676271838606,4,-269.1574757392596,-18,11,1,3.0301498196424013
3026,234901,411045.0,3397035.0,22,270,6,5,2585.0,9.2,502,0,5,410695,3397020,506,0,5,-86.83,524,-350.0,-15.0,350.3212811120672,4,-267.5459683254729,-18,11,1,2.941351096173527
3027,234901,411045.0,3397035.0,22,270,6,5,2585.0,9.2,502,0,5,410710,3397035,507,12,14,-103.25,524,-335.0,0.0,335.0,5,90.0,-17,11,1,2.90505504666447
3028,234901,411045.0,3397035.0,22,270,6,5,2585.0,9.2,502,0,5,410770,3396935,504,0,5,-119.25,524,-275.0,-100.0,292.61749776799064,2,-250.01689347810003,-20,11,1,3.9100060309689137
3029,234901,411045.0,3397035.0,22,270,6,5,2585.0,9.2,502,0,5,410765,3396930,504,0,5,-116.2,524,-280.0,-105.0,299.0401310861136,2,-249.44395478041653,-20,11,1,3.826281069379679
3030,234901,411045.0,3397035.0,22,270,6,5,2585.0,9.2,502,0,5,410690,3397015,506,0,5,-92.85,524,-355.0,-20.0,355.5629339512205,4,-266.7754773934801,-18,11,1,2.8980646314772973
3031,234901,411045.0,3397035.0,22,270,6,5,2585.0,9.2,502,0,5,410700,3397025,506,0,5,-89.5,524,-345.0,-10.0,345.14489710844634,4,-268.33971763101715,-18,11,1,2.9853854231830463
3032,234901,411045.0,3397035.0,22,270,6,5,2585.0,9.2,502,0,5,410685,3397010,506,0,5,-91.4,524,-360.0,-25.0,360.86701151532264,4,-266.02750405924934,-18,11,1,2.8555394673777794
3033,234901,411045.0,3397035.0,22,270,6,5,2585.0,9.2,502,0,5,410775,3396940,504,0,5,-116.44,524,-270.0,-95.0,286.2254356272342,2,-250.61548432064217,-20,11,1,3.997045367743929
3034,234901,411045.0,3397035.0,22,270,6,5,2585.0,9.2,502,0,5,410680,3397005,506,6,14,-94.75,524,-365.0,-30.0,366.23080154459973,4,-265.3013194827006,-18,11,1,2.8137851506104608
3035,234901,411045.0,3397035.0,22,270,6,5,2585.0,9.2,502,0,5,410875,3396970,504,12,14,-89.5,524,-170.0,-65.0,182.00274723201295,2,-249.07549825507886,-20,11,1,6.2709835451627045
3036,234901,411045.0,3397035.0,22,270,6,5,2585.0,9.2,502,0,5,410815,3397030,505,0,5,-85.67,524,-230.0,-5.0,230.05434140654683,3,-268.7546357332317,-19,11,1,4.721296437888426
3037,234901,411045.0,3397035.0,22,270,6,5,2585.0,9.2,502,0,5,410840,3396995,504,69,14,-83.0,524,-205.0,-40.0,208.86598574205422,2,-258.95905981967627,-20,11,1,5.469691045559608
3038,234901,411045.0,3397035.0,22,270,6,5,2585.0,9.2,502,0,5,410820,3397015,505,0,5,-90.3,524,-225.0,-20.0,225.88713996153035,3,-264.92039213998544,-19,11,1,4.807991014023596
3039,234901,411045.0,3397035.0,22,270,6,5,2585.0,9.2,502,0,5,410810,3397025,505,0,5,-93.42,524,-235.0,-10.0,235.2126697267815,3,-267.56335175318986,-19,11,1,4.618208968921681
3040,234901,411045.0,3397035.0,22,270,6,5,2585.0,9.2,502,0,5,410835,3397010,505,0,14,-87.43,524,-210.0,-25.0,211.482859825566,3,-263.2110254255612,-19,11,1,5.133772854785825
3041,234901,411045.0,3397035.0,22,270,6,5,2585.0,9.2,502,0,5,410830,3397005,505,0,5,-87.56,524,-215.0,-30.0,217.0829334609241,3,-262.0565281894096,-19,11,1,5.002017975855335
3042,234901,411045.0,3397035.0,22,270,6,5,2585.0,9.2,502,0,5,410825,3397020,505,0,5,-90.14,524,-220.0,-15.0,220.51077071199947,3,-266.09950625761815,-19,11,1,4.924647053139296
3043,234901,411045.0,3397035.0,22,270,6,5,2585.0,9.2,502,0,5,410845,3397000,504,0,14,-90.4,524,-200.0,-35.0,203.03940504246953,2,-260.0737544933483,-20,11,1,5.625660705328928
3044,234901,411045.0,3397035.0,22,270,6,5,2585.0,9.2,502,0,5,410800,3397035,506,0,10,-89.0,524,-245.0,0.0,245.0,4,90.0,-18,11,1,4.201936358159631
3045,234901,411045.0,3397035.0,22,270,6,5,2585.0,9.2,502,0,5,410855,3396990,504,0,5,-84.0,524,-190.0,-45.0,195.25624189766637,2,-256.6754687381092,-20,11,1,5.848381828853835
3046,234901,411045.0,3397035.0,22,270,6,5,2585.0,9.2,502,0,5,410850,3396985,504,0,14,-86.5,524,-195.0,-50.0,201.30822139197394,2,-255.6186054089094,-20,11,1,5.673725197004893
3047,234901,411045.0,3397035.0,22,270,6,5,2585.0,9.2,502,0,5,410765,3397080,507,0,6,-89.5,524,-280.0,45.0,283.59301824974466,5,80.86982351772133,-17,11,1,3.430493714002701
3048,234901,411045.0,3397035.0,22,270,6,5,2585.0,9.2,502,0,5,410860,3396975,504,12,5,-82.5,524,-185.0,-60.0,194.48650338776724,2,-252.030860259843,-20,11,1,5.871367160996484
3049,234901,411045.0,3397035.0,22,270,6,5,2585.0,9.2,502,0,5,410870,3396965,503,0,14,-79.0,524,-175.0,-70.0,188.48076824970764,1,-248.19859051364818,-21,11,1,6.357515056182176
3050,234901,411045.0,3397035.0,22,270,6,5,2585.0,9.2,502,0,5,410805,3397040,506,0,10,-88.33,524,-240.0,5.0,240.05207768315609,4,88.80651057601801,-18,11,1,4.288226297200223
3051,234901,411045.0,3397035.0,22,270,6,5,2585.0,9.2,502,0,5,411060,3397505,504,0,5,-114.0,524,15.0,470.0,470.2393007820593,2,-1.8279682443049978,-20,11,1,2.435409750644187
3052,234901,411045.0,3397035.0,22,270,6,5,2585.0,9.2,502,0,5,411165,3396760,503,6,6,-115.0,524,120.0,-275.0,300.04166377354994,1,-156.4252937980874,-21,11,1,4.003618729689112
3053,234901,411045.0,3397035.0,22,270,6,5,2585.0,9.2,502,0,5,411135,3396790,503,6,6,-138.0,524,90.0,-245.0,261.00766272276377,1,-159.8293465881496,-21,11,1,4.599961195182877
3054,234901,411045.0,3397035.0,22,270,6,5,2585.0,9.2,502,0,5,411180,3396735,503,0,14,-112.0,524,135.0,-300.0,328.97568299191965,1,-155.77225468204583,-21,11,1,3.652492012143578
3055,234901,411045.0,3397035.0,22,270,6,5,2585.0,9.2,502,0,5,411125,3396800,503,6,14,-111.67,524,80.0,-235.0,248.2438317461282,1,-161.20011484134736,-21,11,1,4.835380952624596
3056,234901,411045.0,3397035.0,22,270,6,5,2585.0,9.2,502,0,5,411185,3396740,503,6,14,-104.0,524,140.0,-295.0,326.5348373451139,1,-154.61209370890407,-21,11,1,3.6797196290051453
3057,234901,411045.0,3397035.0,22,270,6,5,2585.0,9.2,502,0,5,411160,3396755,504,0,5,-101.25,524,115.0,-280.0,302.6962173533062,2,-157.67134362198084,-20,11,1,3.7802005268650087
3058,234901,411045.0,3397035.0,22,270,6,5,2585.0,9.2,502,0,5,411090,3396665,504,6,14,-125.0,524,45.0,-370.0,372.7264412407577,2,-173.06565109873043,-20,11,1,3.0714689558375983
3059,234901,411045.0,3397035.0,22,270,6,5,2585.0,9.2,502,0,5,411150,3396765,504,6,6,-108.43,524,105.0,-270.0,289.69811873741946,2,-158.74949449286675,-20,11,1,3.9492843262547233
3060,234901,411045.0,3397035.0,22,270,6,5,2585.0,9.2,502,0,5,411085,3396680,505,6,14,-137.0,524,40.0,-355.0,357.24641355792505,3,-173.57125225117016,-19,11,1,3.044383609872871
3061,234901,411045.0,3397035.0,22,270,6,5,2585.0,9.2,502,0,5,411175,3396750,503,0,14,-112.5,524,130.0,-285.0,313.2491021535417,1,-155.48035731180926,-21,11,1,3.8353300572613778
3062,234901,411045.0,3397035.0,22,270,6,5,2585.0,9.2,502,0,5,411195,3396730,503,6,14,-102.0,524,150.0,-305.0,339.8896879871468,1,-153.81188930251915,-21,11,1,3.5355113169579284
3063,234901,411045.0,3397035.0,22,270,6,5,2585.0,9.2,502,0,5,411145,3396780,503,6,14,-111.5,524,100.0,-255.0,273.9069184960467,1,-158.58703052512823,-21,11,1,4.384197915436178
3064,234901,411045.0,3397035.0,22,270,6,5,2585.0,9.2,502,0,5,411105,3397255,506,0,7,-101.5,524,60.0,220.0,228.0350850198276,4,-15.255118703057775,-18,11,1,4.513296814440812
3065,234901,411045.0,3397035.0,22,270,6,5,2585.0,9.2,502,0,5,411120,3397160,502,0,6,-105.0,524,75.0,125.0,145.7737973711325,0,-30.963756532073518,-22,11,1,8.582241083266455
3066,234901,411045.0,3397035.0,22,270,6,5,2585.0,9.2,502,0,5,411085,3397275,505,0,7,-103.5,524,40.0,240.0,243.3105012119288,3,-9.462322208025626,-19,11,1,4.465138475199307
3067,234901,411045.0,3397035.0,22,270,6,5,2585.0,9.2,502,0,5,410895,3397385,506,0,6,-124.5,524,-150.0,350.0,380.7886552931954,4,23.198590513648185,-18,11,1,2.7063750102392277
3068,234901,411045.0,3397035.0,22,270,6,5,2585.0,9.2,502,0,5,410905,3397375,506,0,6,-103.0,524,-140.0,340.0,367.6955262170047,4,22.3801350519596,-18,11,1,2.802594270491743
3069,234901,411045.0,3397035.0,22,270,6,5,2585.0,9.2,502,0,5,411080,3397280,505,0,7,-105.67,524,35.0,245.0,247.48737341529164,3,-8.130102354155952,-19,11,1,4.390076942868887
3070,234901,411045.0,3397035.0,22,270,6,5,2585.0,9.2,502,0,5,411070,3397210,504,0,7,-109.0,524,25.0,175.0,176.7766952966369,2,-8.130102354155952,-20,11,1,6.454830247455114
3071,234901,411045.0,3397035.0,22,270,6,5,2585.0,9.2,502,0,5,410985,3397295,505,0,5,-103.78,524,-60.0,260.0,266.8332812825267,3,12.994616791916485,-19,11,1,4.072901001623055
3072,234901,411045.0,3397035.0,22,270,6,5,2585.0,9.2,502,0,5,410990,3397290,505,0,14,-103.32,524,-55.0,255.0,260.86394921491166,3,12.171458208587467,-19,11,1,4.165776464806029
3073,234901,411045.0,3397035.0,22,270,6,5,2585.0,9.2,502,0,5,410995,3397285,505,0,5,-100.9,524,-50.0,250.0,254.95097567963924,3,11.30993247402023,-19,11,1,4.262039612711057
3074,234901,411045.0,3397035.0,22,270,6,5,2585.0,9.2,502,0,5,410980,3397300,505,0,5,-103.5,524,-65.0,265.0,272.8552729928451,3,13.781597235653635,-19,11,1,3.9833035549742513
3075,234901,411045.0,3397035.0,22,270,6,5,2585.0,9.2,502,0,5,410975,3397305,505,0,7,-101.5,524,-70.0,270.0,278.9265136196271,3,14.534455080540113,-19,11,1,3.896871256850408
3076,234901,411045.0,3397035.0,22,270,6,5,2585.0,9.2,502,0,5,410970,3397310,505,0,7,-98.67,524,-75.0,275.0,285.0438562747845,3,15.255118703057803,-19,11,1,3.8134897400776286
3077,234901,411045.0,3397035.0,22,270,6,5,2585.0,9.2,502,0,5,411130,3397150,502,0,6,-102.0,524,85.0,115.0,143.0034964607509,0,-36.46923439005187,-22,11,1,8.745951723764515
3078,234901,411045.0,3397035.0,22,270,6,5,2585.0,9.2,502,0,5,410755,3397055,507,0,6,-102.5,524,-290.0,20.0,290.68883707497264,5,86.05481377096248,-17,11,1,3.3469468728580027
3079,234901,411045.0,3397035.0,22,270,6,5,2585.0,9.2,502,0,5,410810,3397000,505,69,5,-95.43,524,-235.0,-35.0,237.59208741033444,3,-261.52885536698517,-19,11,1,4.5721559890560695
3080,234901,411045.0,3397035.0,22,270,6,5,2585.0,9.2,502,0,5,410855,3397035,505,0,5,-84.0,524,-190.0,0.0,190.0,3,90.0,-19,11,1,5.710593137499642
3081,234901,411045.0,3397035.0,22,270,6,5,2585.0,9.2,502,0,5,410865,3397005,504,12,5,-80.8,524,-180.0,-30.0,182.4828759089466,2,-260.5376777919744,-20,11,1,6.254614967760454
3082,234901,411045.0,3397035.0,22,270,6,5,2585.0,9.2,502,0,5,410845,3397025,505,0,14,-88.9,524,-200.0,-10.0,200.24984394500785,3,-267.1375947738883,-19,11,1,5.420082022292971
3083,234901,411045.0,3397035.0,22,270,6,5,2585.0,9.2,502,0,5,410860,3397010,504,0,5,-83.5,524,-185.0,-25.0,186.6815470259447,2,-262.3039482779834,-20,11,1,6.115019793815877
3084,234901,411045.0,3397035.0,22,270,6,5,2585.0,9.2,502,0,5,410870,3397020,504,0,5,-86.25,524,-175.0,-15.0,175.64168070250295,2,-265.1009075462123,-20,11,1,6.496186601399314
3085,234901,411045.0,3397035.0,22,270,6,5,2585.0,9.2,502,0,5,410835,3396975,504,0,5,-94.8,524,-210.0,-60.0,218.40329667841556,2,-254.05460409907712,-20,11,1,5.23219433817877
3086,234901,411045.0,3397035.0,22,270,6,5,2585.0,9.2,502,0,5,410840,3397030,505,0,5,-81.57,524,-205.0,-5.0,205.0609665440988,3,-268.60281897270363,-19,11,1,5.293647565422581
3087,234901,411045.0,3397035.0,22,270,6,5,2585.0,9.2,502,0,5,410815,3396995,505,69,5,-91.0,524,-230.0,-40.0,233.45235059857504,3,-260.13419305691565,-19,11,1,4.652879683817344
3088,234901,411045.0,3397035.0,22,270,6,5,2585.0,9.2,502,0,5,410850,3397040,505,0,5,-89.75,524,-195.0,5.0,195.0640920313116,3,88.5311992856142,-19,11,1,5.563281788446146
3089,234901,411045.0,3397035.0,22,270,6,5,2585.0,9.2,502,0,5,410875,3397015,504,0,5,-83.28,524,-170.0,-20.0,171.1724276862369,2,-263.2901631922431,-20,11,1,6.664293276132566
3090,234901,411045.0,3397035.0,22,270,6,5,2585.0,9.2,502,0,5,410855,3397150,502,0,5,-84.6,524,-190.0,115.0,222.0923231451281,0,58.81502534126162,-22,11,1,5.657144473212773
3091,234901,411045.0,3397035.0,22,270,6,5,2585.0,9.2,502,0,5,410845,3397160,503,0,5,-77.5,524,-200.0,125.0,235.8495283014151,1,57.99461679191654,-21,11,1,5.088187778592565
3092,234901,411045.0,3397035.0,22,270,6,5,2585.0,9.2,502,0,5,410875,3397130,503,0,5,-80.0,524,-170.0,95.0,194.74342094150447,1,60.802513953935545,-21,11,1,6.1546618711972405
3093,234901,411045.0,3397035.0,22,270,6,5,2585.0,9.2,502,0,5,410870,3397125,503,0,14,-82.0,524,-175.0,90.0,196.78668654154427,1,62.7838884426925,-21,11,1,6.09124001213563
3094,234901,411045.0,3397035.0,22,270,6,5,2585.0,9.2,502,0,5,410865,3397140,503,0,5,-84.33,524,-180.0,105.0,208.38665984174708,1,59.74356283647069,-21,11,1,5.754509252636925
3095,234901,411045.0,3397035.0,22,270,6,5,2585.0,9.2,502,0,5,410815,3397190,505,0,5,-91.5,524,-230.0,155.0,277.35356496717327,3,56.02345596374312,-19,11,1,3.918902820468178
3096,234901,411045.0,3397035.0,22,270,6,5,2585.0,9.2,502,0,5,410850,3397145,502,0,5,-82.67,524,-195.0,110.0,223.8861317723811,0,60.572543596810306,-22,11,1,5.612109109239955
3097,234901,411045.0,3397035.0,22,270,6,5,2585.0,9.2,502,0,5,410860,3397135,503,0,5,-84.33,524,-185.0,100.0,210.2974084481309,1,61.606980578617026,-21,11,1,5.702570323623253
3098,234901,411045.0,3397035.0,22,270,6,5,2585.0,9.2,502,0,5,410940,3396995,503,0,5,-81.0,524,-105.0,-40.0,112.36102527122117,1,-249.14554196042167,-21,11,1,10.586305935598704
3099,234901,411045.0,3397035.0,22,270,6,5,2585.0,9.2,502,0,5,410925,3396980,503,0,5,-84.8,524,-120.0,-55.0,132.00378782444085,1,-245.3764352138364,-21,11,1,9.039227699751207
3100,234901,411045.0,3397035.0,22,270,6,5,2585.0,9.2,502,0,5,410910,3397025,504,0,5,-82.95,524,-135.0,-10.0,135.36986370680884,2,-265.7636052009412,-20,11,1,8.404273754113367
3101,234901,411045.0,3397035.0,22,270,6,5,2585.0,9.2,502,0,5,410895,3397010,504,12,5,-85.59,524,-150.0,-25.0,152.0690632574555,2,-260.5376777919744,-20,11,1,7.492492028240438
3102,234901,411045.0,3397035.0,22,270,6,5,2585.0,9.2,502,0,5,410915,3397030,504,0,14,-79.22,524,-130.0,-5.0,130.09611831257686,2,-267.79740183823424,-20,11,1,8.739800183027265
3103,234901,411045.0,3397035.0,22,270,6,5,2585.0,9.2,502,0,5,411235,3396710,503,0,14,-110.5,524,190.0,-325.0,376.46380968162134,1,-149.68878677331838,-21,11,1,3.1927788776499737
3104,234901,411045.0,3397035.0,22,270,6,5,2585.0,9.2,502,0,5,410885,3397020,504,0,5,-84.91,524,-160.0,-15.0,160.70158679988197,2,-264.64417495714486,-20,11,1,7.09422777055953
3105,234901,411045.0,3397035.0,22,270,6,5,2585.0,9.2,502,0,5,410920,3396975,503,0,5,-86.57,524,-125.0,-60.0,138.6542462386205,1,-244.3589941756947,-21,11,1,8.612328003972781
3106,234901,411045.0,3397035.0,22,270,6,5,2585.0,9.2,502,0,5,410890,3397005,504,12,5,-81.8,524,-155.0,-30.0,157.87653403846943,2,-259.04593735660166,-20,11,1,7.219844379055051
3107,234901,411045.0,3397035.0,22,270,6,5,2585.0,9.2,502,0,5,410880,3397015,504,0,5,-85.86,524,-165.0,-20.0,166.20770138594662,2,-263.08877288097534,-20,11,1,6.861489121849566
3108,234901,411045.0,3397035.0,22,270,6,5,2585.0,9.2,502,0,5,410905,3397040,505,5,5,-83.2,524,-140.0,5.0,140.089257261219,3,87.95459151111277,-19,11,1,7.723772187982988
3109,234901,411045.0,3397035.0,22,270,6,5,2585.0,9.2,502,0,5,410900,3397035,504,0,14,-83.75,524,-145.0,0.0,145.0,2,90.0,-20,11,1,7.853313301978219
3110,234901,411045.0,3397035.0,22,270,6,5,2585.0,9.2,502,0,5,410940,3397040,504,0,5,-81.0,524,-105.0,5.0,105.11898020814318,2,87.27368900609372,-20,11,1,10.772377311684824
3111,234901,411045.0,3397035.0,22,270,6,5,2585.0,9.2,502,0,5,410950,3397030,504,0,5,-79.33,524,-95.0,-5.0,95.13148795220224,2,-266.98721249581666,-20,11,1,11.8726925584651
3112,234901,411045.0,3397035.0,22,270,6,5,2585.0,9.2,502,0,5,410910,3396990,504,6,5,-82.75,524,-135.0,-45.0,142.30249470757707,2,-251.565051177078,-20,11,1,8.000271888571618
3113,234901,411045.0,3397035.0,22,270,6,5,2585.0,9.2,502,0,5,410890,3396970,503,12,14,-86.0,524,-155.0,-65.0,168.0773631397161,1,-247.24902365721235,-21,11,1,7.121770508225266
3114,234901,411045.0,3397035.0,22,270,6,5,2585.0,9.2,502,0,5,410955,3397025,503,0,5,-79.26,524,-90.0,-10.0,90.55385138137417,1,-263.6598082540901,-21,11,1,13.056451386879887
3115,234901,411045.0,3397035.0,22,270,6,5,2585.0,9.2,502,0,5,410925,3397015,504,0,5,-81.7,524,-120.0,-20.0,121.6552506059644,2,-260.5376777919744,-20,11,1,9.335859032003938
3116,234901,411045.0,3397035.0,22,270,6,5,2585.0,9.2,502,0,5,410920,3397020,504,0,5,-81.5,524,-125.0,-15.0,125.89678312014172,2,-263.15722658736905,-20,11,1,9.026595251274314
3117,234901,411045.0,3397035.0,22,270,6,5,2585.0,9.2,502,0,5,410930,3397010,504,12,14,-78.78,524,-115.0,-25.0,117.6860229593982,2,-257.73522627210764,-20,11,1,9.64491100148655
3118,234901,411045.0,3397035.0,22,270,6,5,2585.0,9.2,502,0,5,410905,3396995,504,0,14,-86.0,524,-140.0,-40.0,145.60219778561037,2,-254.05460409907712,-20,11,1,7.821235506499643
3119,234901,411045.0,3397035.0,22,270,6,5,2585.0,9.2,502,0,5,410895,3396965,503,0,14,-90.6,524,-150.0,-70.0,165.5294535724685,1,-244.9831065219,-21,11,1,7.230240832434729
3120,234901,411045.0,3397035.0,22,270,6,5,2585.0,9.2,502,0,5,410935,3397005,504,12,5,-82.8,524,-110.0,-30.0,114.0175425099138,2,-254.74488129694222,-20,11,1,9.949126297159781
3121,234901,411045.0,3397035.0,22,270,6,5,2585.0,9.2,502,0,5,410915,3396985,503,0,5,-84.2,524,-130.0,-50.0,139.2838827718412,1,-248.96248897457818,-21,11,1,8.573975644912657
3122,234901,411045.0,3397035.0,22,270,6,5,2585.0,9.2,502,0,5,411065,3397490,504,6,5,-119.33,524,20.0,455.0,455.4393483220351,2,-2.5168756569395327,-20,11,1,2.514450822138775
3123,234901,411045.0,3397035.0,22,270,6,5,2585.0,9.2,502,0,5,411030,3396780,504,0,14,-100.0,524,-15.0,-255.0,255.44079548889601,2,-183.3664606634298,-20,11,1,4.476898740140696
3124,234901,411045.0,3397035.0,22,270,6,5,2585.0,9.2,502,0,5,411015,3396795,503,0,6,-107.0,524,-30.0,-240.0,241.8677324489565,1,-187.1250163489018,-21,11,1,4.962222556601447
3125,234901,411045.0,3397035.0,22,270,6,5,2585.0,9.2,502,0,5,411035,3396775,505,0,5,-98.67,524,-10.0,-260.0,260.1922366251537,3,-182.20259816176582,-19,11,1,4.176492832140187
3126,234901,411045.0,3397035.0,22,270,6,5,2585.0,9.2,502,0,5,410660,3397035,506,12,5,-99.0,524,-385.0,0.0,385.0,4,90.0,-18,11,1,2.676814467086478
3127,234901,411045.0,3397035.0,22,270,6,5,2585.0,9.2,502,0,5,410875,3396830,501,0,6,-104.33,524,-170.0,-205.0,266.3174797117155,-1,-219.66784111834045,-23,11,1,4.935992937376229
3128,234901,411045.0,3397035.0,22,270,6,5,2585.0,9.2,502,0,5,410780,3396915,504,69,5,-114.5,524,-265.0,-120.0,290.90376415577714,2,-245.63754698468782,-20,11,1,3.932968061685696
3129,234901,411045.0,3397035.0,22,270,6,5,2585.0,9.2,502,0,5,410705,3397000,506,6,14,-97.5,524,-340.0,-35.0,341.796723214252,4,-264.1226073933569,-18,11,1,3.014575995513784
3130,234901,411045.0,3397035.0,22,270,6,5,2585.0,9.2,502,0,5,410675,3397030,507,0,14,-95.25,524,-370.0,-5.0,370.0337822415678,5,-269.22577983507193,-17,11,1,2.6304188675665428
3131,234901,411045.0,3397035.0,22,270,6,5,2585.0,9.2,502,0,5,410750,3396945,505,12,5,-116.5,524,-295.0,-90.0,308.4234102658227,3,-253.03385189146383,-19,11,1,3.5251728478346878
3132,234901,411045.0,3397035.0,22,270,6,5,2585.0,9.2,502,0,5,410785,3396920,504,69,14,-116.4,524,-260.0,-115.0,284.29737951659,2,-246.13982480865766,-20,11,1,4.024063889439431
3133,234901,411045.0,3397035.0,22,270,6,5,2585.0,9.2,502,0,5,410645,3397020,506,0,14,-92.17,524,-400.0,-15.0,400.2811511925087,4,-267.8524145717015,-18,11,1,2.5747645230003555
3134,234901,411045.0,3397035.0,22,270,6,5,2585.0,9.2,502,0,5,410670,3397025,506,0,5,-91.0,524,-375.0,-10.0,375.13330963805384,4,-268.4724745577871,-18,11,1,2.7471130990817483
3135,234901,411045.0,3397035.0,22,270,6,5,2585.0,9.2,502,0,5,410650,3397005,506,12,5,-91.33,524,-395.0,-30.0,396.13760235554514,4,-265.6567600483106,-18,11,1,2.6016594188492115
3136,234901,411045.0,3397035.0,22,270,6,5,2585.0,9.2,502,0,5,410840,3397150,502,0,5,-74.5,524,-205.0,115.0,235.05318547086316,0,60.70863782901574,-22,11,1,5.347069073182151
3137,234901,411045.0,3397035.0,22,270,6,5,2585.0,9.2,502,0,5,410870,3397140,503,0,5,-82.0,524,-175.0,105.0,204.08331631958552,1,59.03624346792651,-21,11,1,5.875009967692122
3138,234901,411045.0,3397035.0,22,270,6,5,2585.0,9.2,502,0,5,410860,3397130,503,0,5,-83.5,524,-185.0,95.0,207.9663434308542,1,62.8188889145228,-21,11,1,5.766061281556626
3139,234901,411045.0,3397035.0,22,270,6,5,2585.0,9.2,502,0,5,410855,3397155,502,0,7,-82.18,524,-190.0,120.0,224.72205054244233,0,57.72435568542238,-22,11,1,5.591365774814198
3140,234901,411045.0,3397035.0,22,270,6,5,2585.0,9.2,502,0,5,410865,3397125,503,0,14,-85.71,524,-180.0,90.0,201.24611797498108,1,63.434948822922024,-21,11,1,5.957245201015618
3141,234901,411045.0,3397035.0,22,270,6,5,2585.0,9.2,502,0,5,410815,3397195,505,0,5,-90.67,524,-230.0,160.0,280.178514522438,3,55.175510843043185,-19,11,1,3.879511058275984
3142,234901,411045.0,3397035.0,22,270,6,5,2585.0,9.2,502,0,5,410875,3397135,503,0,5,-83.5,524,-170.0,100.0,197.2308292331602,1,59.53445508054017,-21,11,1,6.0776259683161165
3143,234901,411045.0,3397035.0,22,270,6,5,2585.0,9.2,502,0,5,410845,3397145,502,0,5,-83.17,524,-200.0,110.0,228.25424421026653,0,61.18920625702697,-22,11,1,5.505376116841371
3144,234901,411045.0,3397035.0,22,270,6,5,2585.0,9.2,502,0,5,410850,3397160,503,0,7,-82.0,524,-195.0,125.0,231.62469643800938,1,57.33908727832619,-21,11,1,5.18049575988037
3145,234901,411045.0,3397035.0,22,270,6,5,2585.0,9.2,502,0,5,410855,3396725,507,6,14,-102.5,524,-190.0,-310.0,363.59317925395686,5,-211.5042667192042,-17,11,1,2.6769462914341022
3146,234901,411045.0,3397035.0,22,270,6,5,2585.0,9.2,502,0,5,410555,3397015,505,0,5,-94.75,524,-490.0,-20.0,490.40799340956914,3,-267.66269414087617,-19,11,1,2.218715086807537
3147,234901,411045.0,3397035.0,22,270,6,5,2585.0,9.2,502,0,5,410550,3397020,505,0,5,-89.0,524,-495.0,-15.0,495.22722057657535,3,-268.26429541107166,-19,11,1,2.1971452682048622
3148,234901,411045.0,3397035.0,22,270,6,5,2585.0,9.2,502,0,5,410495,3396995,505,6,5,-110.5,524,-550.0,-40.0,551.4526271584895,3,-265.84035770628736,-19,11,1,1.973314285600714
3149,234901,411045.0,3397035.0,22,270,6,5,2585.0,9.2,502,0,5,410765,3396955,505,0,5,-103.75,524,-280.0,-80.0,291.20439557122074,3,-254.05460409907712,-19,11,1,3.733044494413508
3150,234901,411045.0,3397035.0,22,270,6,5,2585.0,9.2,502,0,5,410700,3397020,506,0,5,-92.43,524,-345.0,-15.0,345.3259329966401,4,-267.5104470780009,-18,11,1,2.9838231744658548
3151,234901,411045.0,3397035.0,22,270,6,5,2585.0,9.2,502,0,5,410705,3397015,506,0,5,-96.83,524,-340.0,-20.0,340.58772731852804,4,-266.63353933657015,-18,11,1,3.0252570962201544
3152,234901,411045.0,3397035.0,22,270,6,5,2585.0,9.2,502,0,5,410795,3396925,504,69,14,-117.0,524,-250.0,-110.0,273.1300056749533,2,-246.25050550713325,-20,11,1,4.188020444257567
3153,234901,411045.0,3397035.0,22,270,6,5,2585.0,9.2,502,0,5,410770,3396950,505,0,5,-110.11,524,-275.0,-85.0,287.8367592924851,3,-252.82409638425327,-19,11,1,3.776594749961562
3154,234901,411045.0,3397035.0,22,270,6,5,2585.0,9.2,502,0,5,410785,3396935,504,0,10,-117.0,524,-260.0,-100.0,278.5677655436824,2,-248.96248897457818,-20,11,1,4.106550978833124
3155,234901,411045.0,3397035.0,22,270,6,5,2585.0,9.2,502,0,5,410710,3397010,506,6,14,-85.75,524,-335.0,-25.0,335.9315406448165,4,-265.7321066997092,-18,11,1,3.067109225956255
3156,234901,411045.0,3397035.0,22,270,6,5,2585.0,9.2,502,0,5,410695,3397025,506,0,5,-91.0,524,-350.0,-10.0,350.14282800023193,4,-268.36342295838324,-18,11,1,2.9428475450233624
3157,234901,411045.0,3397035.0,22,270,6,5,2585.0,9.2,502,0,5,410690,3397030,507,0,14,-100.33,524,-355.0,-5.0,355.0352095215346,5,-269.19307054489764,-17,11,1,2.7413756433506387
3158,234901,411045.0,3397035.0,22,270,6,5,2585.0,9.2,502,0,5,411165,3396775,503,0,14,-107.33,524,120.0,-260.0,286.35642126552705,1,-155.22485943116808,-21,11,1,4.194288088793801
3159,234901,411045.0,3397035.0,22,270,6,5,2585.0,9.2,502,0,5,411170,3396770,503,0,5,-110.5,524,125.0,-265.0,293.00170647967224,1,-154.74683660542613,-21,11,1,4.099489608711352
3160,234901,411045.0,3397035.0,22,270,6,5,2585.0,9.2,502,0,5,411160,3396780,503,6,14,-101.8,524,115.0,-255.0,279.7320146139873,1,-155.72555886556054,-21,11,1,4.293247014036392
3161,234901,411045.0,3397035.0,22,270,6,5,2585.0,9.2,502,0,5,411005,3396615,502,6,5,-104.0,524,-40.0,-420.0,421.90046219457975,0,-185.4403320310055,-22,11,1,2.9849849438512215
3162,234901,411045.0,3397035.0,22,270,6,5,2585.0,9.2,502,0,5,411425,3397035,503,0,5,-102.0,524,380.0,0.0,380.0,1,-90.0,-21,11,1,3.163128246116908
3163,234901,411045.0,3397035.0,22,270,6,5,2585.0,9.2,502,0,5,411085,3396695,506,6,14,-123.5,524,40.0,-340.0,342.3448553724738,4,-173.29016319224309,-18,11,1,3.0097582057426178
3164,234901,411045.0,3397035.0,22,270,6,5,2585.0,9.2,502,0,5,411150,3396750,504,0,14,-107.0,524,105.0,-285.0,303.7268509697488,2,-159.77514056883192,-20,11,1,3.7674102097968083
3165,234901,411045.0,3397035.0,22,270,6,5,2585.0,9.2,502,0,5,411145,3396755,504,0,14,-105.5,524,100.0,-280.0,297.3213749463701,2,-160.34617594194668,-20,11,1,3.8483337712111756
3166,234901,411045.0,3397035.0,22,270,6,5,2585.0,9.2,502,0,5,411070,3396670,505,0,14,-108.0,524,25.0,-365.0,365.8551625985343,3,-176.08175113593262,-19,11,1,2.9728778370970383
3167,234901,411045.0,3397035.0,22,270,6,5,2585.0,9.2,502,0,5,411155,3396745,504,6,14,-108.8,524,110.0,-290.0,310.16124838541646,2,-159.22774531795417,-20,11,1,3.689472189832271
3168,234901,411045.0,3397035.0,22,270,6,5,2585.0,9.2,502,0,5,411175,3396765,503,6,6,-108.5,524,130.0,-270.0,299.66648127543397,1,-154.29004621918875,-21,11,1,4.008614930145837
3169,234901,411045.0,3397035.0,22,270,6,5,2585.0,9.2,502,0,5,410860,3396905,502,12,14,-84.5,524,-185.0,-130.0,226.10838109190027,0,-234.9041832129739,-22,11,1,5.557298887215066
3170,234901,411045.0,3397035.0,22,270,6,5,2585.0,9.2,502,0,5,410800,3396925,504,0,14,-119.33,524,-245.0,-110.0,268.5609800399157,2,-245.82089285331082,-20,11,1,4.259011205547401
3171,234901,411045.0,3397035.0,22,270,6,5,2585.0,9.2,502,0,5,410825,3396950,504,0,10,-95.5,524,-220.0,-85.0,235.8495283014151,2,-248.8752808539275,-20,11,1,4.847076121817795
3172,234901,411045.0,3397035.0,22,270,6,5,2585.0,9.2,502,0,5,410835,3396960,504,6,10,-81.0,524,-210.0,-75.0,222.9910312097776,2,-250.3461759419467,-20,11,1,5.125128374737004
3173,234901,411045.0,3397035.0,22,270,6,5,2585.0,9.2,502,0,5,410810,3396935,504,0,5,-103.33,524,-235.0,-100.0,255.3918557824427,2,-246.948699083527,-20,11,1,4.477753141567117
3174,234901,411045.0,3397035.0,22,270,6,5,2585.0,9.2,502,0,5,410815,3396940,504,0,10,-102.25,524,-230.0,-95.0,248.84734276258607,2,-247.55724663470565,-20,11,1,4.5950170770786185
3175,234901,411045.0,3397035.0,22,270,6,5,2585.0,9.2,502,0,5,410575,3397020,505,0,14,-93.4,524,-470.0,-15.0,470.2393007820593,3,-268.172031755695,-19,11,1,2.3137750840646025
3176,234901,411045.0,3397035.0,22,270,6,5,2585.0,9.2,502,0,5,410830,3396955,504,0,10,-89.5,524,-215.0,-80.0,229.40139493908924,2,-249.59011716619602,-20,11,1,4.982643679849891
3177,234901,411045.0,3397035.0,22,270,6,5,2585.0,9.2,502,0,5,410570,3397015,505,0,5,-96.0,524,-475.0,-20.0,475.4208661806926,3,-267.58897025338877,-19,11,1,2.28858443786555
3178,234901,411045.0,3397035.0,22,270,6,5,2585.0,9.2,502,0,5,410565,3397010,505,0,5,-95.14,524,-480.0,-25.0,480.6506007486103,3,-267.0185387800178,-19,11,1,2.2637094675106444
3179,234901,411045.0,3397035.0,22,270,6,5,2585.0,9.2,502,0,5,410860,3396785,502,0,14,-95.0,524,-185.0,-250.0,311.0064308016797,0,-216.50144112050634,-22,11,1,4.046253839997748
3180,234901,411045.0,3397035.0,22,270,6,5,2585.0,9.2,502,0,5,410520,3397020,505,0,5,-91.5,524,-525.0,-15.0,525.2142420003479,3,-268.36342295838324,-19,11,1,2.0718122443352933
3181,234901,411045.0,3397035.0,22,270,6,5,2585.0,9.2,502,0,5,410525,3397015,505,0,5,-92.5,524,-520.0,-20.0,520.3844732503075,3,-267.79740183823424,-19,11,1,2.091024063059747
3182,234901,411045.0,3397035.0,22,270,6,5,2585.0,9.2,502,0,5,410895,3397135,503,0,5,-78.0,524,-150.0,100.0,180.27756377319946,1,56.30993247402023,-21,11,1,6.6442712569643865
3183,234901,411045.0,3397035.0,22,270,6,5,2585.0,9.2,502,0,5,410915,3397155,504,0,7,-85.0,524,-130.0,120.0,176.91806012954132,2,47.29061004263855,-20,11,1,6.449716049614203
3184,234901,411045.0,3397035.0,22,270,6,5,2585.0,9.2,502,0,5,410950,3397200,505,0,7,-94.33,524,-95.0,165.0,190.3943276465977,3,29.931511840507824,-19,11,1,5.698843799983976
3185,234901,411045.0,3397035.0,22,270,6,5,2585.0,9.2,502,0,5,410960,3397210,505,0,7,-86.63,524,-85.0,175.0,194.5507645834372,3,25.90650799951436,-19,11,1,5.577868208505196
3186,234901,411045.0,3397035.0,22,270,6,5,2585.0,9.2,502,0,5,411075,3397315,504,0,5,-103.14,524,30.0,280.0,281.60255680657446,2,-6.115503566285383,-20,11,1,4.062444231274032
3187,234901,411045.0,3397035.0,22,270,6,5,2585.0,9.2,502,0,5,411060,3397310,504,0,5,-107.08,524,15.0,275.0,275.40878707840824,2,-3.122130462115706,-20,11,1,4.153489793321802
3188,234901,411045.0,3397035.0,22,270,6,5,2585.0,9.2,502,0,5,411005,3397245,504,0,7,-97.0,524,-40.0,210.0,213.7755832643195,2,10.7842978675626,-20,11,1,5.344809369734946
3189,234901,411045.0,3397035.0,22,270,6,5,2585.0,9.2,502,0,5,411055,3397295,504,0,5,-106.0,524,10.0,260.0,260.1922366251537,2,-2.2025981617658204,-20,11,1,4.395468220456773
3190,234901,411045.0,3397035.0,22,270,6,5,2585.0,9.2,502,0,5,411040,3397290,504,0,14,-105.0,524,-5.0,255.0,255.04901489713697,2,1.1233027140754075,-20,11,1,4.48374768005754
3191,234901,411045.0,3397035.0,22,270,6,5,2585.0,9.2,502,0,5,411065,3397305,504,0,5,-106.31,524,20.0,270.0,270.7397274136177,2,-4.236394799058871,-20,11,1,4.224861896749412
3192,234901,411045.0,3397035.0,22,270,6,5,2585.0,9.2,502,0,5,410975,3397215,505,12,7,-91.0,524,-70.0,180.0,193.13207915827965,3,21.250505507133255,-19,11,1,5.618580191028008
3193,234901,411045.0,3397035.0,22,270,6,5,2585.0,9.2,502,0,5,410980,3397230,505,12,7,-99.56,524,-65.0,195.0,205.54804791094466,3,18.434948822922024,-19,11,1,5.281174372680939
3194,234901,411045.0,3397035.0,22,270,6,5,2585.0,9.2,502,0,5,411010,3397260,504,0,7,-93.33,524,-35.0,225.0,227.705950734714,2,8.841814560191665,-20,11,1,5.019554413223827
3195,234901,411045.0,3397035.0,22,270,6,5,2585.0,9.2,502,0,5,411000,3397250,505,0,7,-96.83,524,-45.0,215.0,219.65882636488797,3,11.821488340607289,-19,11,1,4.94365276760112
3196,234901,411045.0,3397035.0,22,270,6,5,2585.0,9.2,502,0,5,410995,3397235,505,12,7,-94.27,524,-50.0,200.0,206.15528128088303,3,14.03624346792651,-19,11,1,5.265706169947506
3197,234901,411045.0,3397035.0,22,270,6,5,2585.0,9.2,502,0,5,410925,3397165,504,0,5,-90.33,524,-120.0,130.0,176.91806012954132,2,42.70938995736151,-20,11,1,6.449716049614203
3198,234901,411045.0,3397035.0,22,270,6,5,2585.0,9.2,502,0,5,411035,3397275,504,0,14,-106.67,524,-10.0,240.0,240.20824298928628,2,2.3859440303888277,-20,11,1,4.759530941773413
3199,234901,411045.0,3397035.0,22,270,6,5,2585.0,9.2,502,0,5,410990,3397240,505,0,7,-94.14,524,-55.0,205.0,212.24985276791125,3,15.0183606311507,-19,11,1,5.115319887049628
3200,234901,411045.0,3397035.0,22,270,6,5,2585.0,9.2,502,0,5,411045,3397285,504,0,14,-107.0,524,0.0,250.0,250.0,2,0.0,-20,11,1,4.573921259900861
3201,234901,411045.0,3397035.0,22,270,6,5,2585.0,9.2,502,0,5,410900,3397150,503,0,5,-82.67,524,-145.0,115.0,185.06755523321746,1,51.581944655178006,-21,11,1,6.473780629877696
3202,234901,411045.0,3397035.0,22,270,6,5,2585.0,9.2,502,0,5,410985,3397225,505,0,7,-91.91,524,-60.0,190.0,199.24858845171275,3,17.525568373722876,-19,11,1,5.447155370078311
3203,234901,411045.0,3397035.0,22,270,6,5,2585.0,9.2,502,0,5,411050,3397300,504,0,7,-108.3,524,5.0,265.0,265.04716561397146,2,-1.0809241866606953,-20,11,1,4.31526237651794
3204,234901,411045.0,3397035.0,22,270,6,5,2585.0,9.2,502,0,5,411030,3397280,504,0,5,-108.5,524,-15.0,245.0,245.45875417267155,2,3.5035316447844593,-20,11,1,4.658174589183186
3205,234901,411045.0,3397035.0,22,270,6,5,2585.0,9.2,502,0,5,411070,3397320,504,0,5,-105.5,524,25.0,285.0,286.09439001839934,2,-5.013113755035818,-20,11,1,3.998870277017123
3206,234901,411045.0,3397035.0,22,270,6,5,2585.0,9.2,502,0,5,410885,3397125,504,0,14,-84.0,524,-160.0,90.0,183.5755975068582,2,60.64224645720873,-20,11,1,6.217677251124683
3207,234901,411045.0,3397035.0,22,270,6,5,2585.0,9.2,502,0,5,410880,3397130,503,0,5,-84.0,524,-165.0,95.0,190.3943276465977,1,60.06848815949223,-21,11,1,6.294134197487801
3208,234901,411045.0,3397035.0,22,270,6,5,2585.0,9.2,502,0,5,410920,3397170,504,0,7,-89.25,524,-125.0,135.0,183.98369492974098,2,42.79740183823424,-20,11,1,6.203993379001329
3209,234901,411045.0,3397035.0,22,270,6,5,2585.0,9.2,502,0,5,411085,3397335,504,15,5,-102.0,524,40.0,300.0,302.65491900843114,2,-7.5946433685914485,-20,11,1,3.78071485282813
3210,234901,411045.0,3397035.0,22,270,6,5,2585.0,9.2,502,0,5,410890,3397130,503,0,5,-81.0,524,-155.0,95.0,181.79658962697843,1,58.49573328079583,-21,11,1,6.589244399369187
3211,234901,411045.0,3397035.0,22,270,6,5,2585.0,9.2,502,0,5,410940,3397200,505,0,7,-84.0,524,-105.0,165.0,195.57607215607945,3,32.47119229084848,-19,11,1,5.548809206807626
3212,234901,411045.0,3397035.0,22,270,6,5,2585.0,9.2,502,0,5,410910,3397150,503,0,5,-84.0,524,-135.0,115.0,177.341478509682,1,49.573921259900885,-21,11,1,6.753266713317469
3213,234901,411045.0,3397035.0,22,270,6,5,2585.0,9.2,502,0,5,410965,3397215,505,12,7,-95.0,524,-80.0,180.0,196.9771560359221,3,23.962488974578207,-19,11,1,5.509584654798148
3214,234901,411045.0,3397035.0,22,270,6,5,2585.0,9.2,502,0,5,410970,3397210,505,0,7,-88.5,524,-75.0,175.0,190.3943276465977,3,23.198590513648185,-19,11,1,5.698843799983976
3215,234901,411045.0,3397035.0,22,270,6,5,2585.0,9.2,502,0,5,411070,3397310,504,0,5,-101.67,524,25.0,275.0,276.1340254296815,2,-5.194428907734789,-20,11,1,4.142619096366386
3216,234901,411045.0,3397035.0,22,270,6,5,2585.0,9.2,502,0,5,410975,3397205,504,0,7,-91.17,524,-70.0,170.0,183.84776310850236,2,22.3801350519596,-20,11,1,6.208544626185846
3217,234901,411045.0,3397035.0,22,270,6,5,2585.0,9.2,502,0,5,411040,3397300,504,0,7,-110.25,524,-5.0,265.0,265.04716561397146,2,1.0809241866606953,-20,11,1,4.31526237651794
3218,234901,411045.0,3397035.0,22,270,6,5,2585.0,9.2,502,0,5,410985,3397235,505,12,7,-95.07,524,-60.0,200.0,208.806130178211,3,16.699244233993625,-19,11,1,5.199225349182282
3219,234901,411045.0,3397035.0,22,270,6,5,2585.0,9.2,502,0,5,411075,3397305,504,0,5,-105.0,524,30.0,270.0,271.6615541441225,2,-6.3401917459099195,-20,11,1,4.210577357609904
3220,234901,411045.0,3397035.0,22,270,6,5,2585.0,9.2,502,0,5,411050,3397290,504,0,14,-105.0,524,5.0,255.0,255.04901489713697,2,-1.1233027140754075,-20,11,1,4.48374768005754
3221,234901,411045.0,3397035.0,22,270,6,5,2585.0,9.2,502,0,5,410990,3397230,505,12,7,-97.0,524,-55.0,195.0,202.6079958935481,3,15.751173663453017,-19,11,1,5.357366948074271
3222,234901,411045.0,3397035.0,22,270,6,5,2585.0,9.2,502,0,5,411055,3397285,504,0,5,-109.0,524,10.0,250.0,250.19992006393608,2,-2.290610042638491,-20,11,1,4.570281997144873
3223,234901,411045.0,3397035.0,22,270,6,5,2585.0,9.2,502,0,5,411020,3397280,504,0,14,-107.17,524,-25.0,245.0,246.272207120495,2,5.8263420295558035,-20,11,1,4.642855715544123
3224,234901,411045.0,3397035.0,22,270,6,5,2585.0,9.2,502,0,5,411060,3397320,504,0,5,-107.86,524,15.0,285.0,285.3944638566067,2,-3.0127875041833363,-20,11,1,4.008645520008926
3225,234901,411045.0,3397035.0,22,270,6,5,2585.0,9.2,502,0,5,411000,3397260,505,0,7,-95.5,524,-45.0,225.0,229.4558781116753,3,11.30993247402023,-19,11,1,4.7335545671684285
3226,234901,411045.0,3397035.0,22,270,6,5,2585.0,9.2,502,0,5,411005,3397255,504,0,7,-97.09,524,-40.0,220.0,223.60679774997897,2,10.304846468766016,-20,11,1,5.111089695288715
3227,234901,411045.0,3397035.0,22,270,6,5,2585.0,9.2,502,0,5,411065,3397315,504,0,5,-106.0,524,20.0,280.0,280.713376952364,2,-4.085616779974885,-20,11,1,4.0752690281321
3228,234901,411045.0,3397035.0,22,270,6,5,2585.0,9.2,502,0,5,410980,3397240,505,0,7,-95.91,524,-65.0,205.0,215.05813167606567,3,17.592424562181577,-19,11,1,5.048870370464536
3229,234901,411045.0,3397035.0,22,270,6,5,2585.0,9.2,502,0,5,410920,3397180,504,0,7,-88.8,524,-125.0,145.0,191.44189719076647,2,40.763605200941186,-20,11,1,5.964074921761458
3230,234901,411045.0,3397035.0,22,270,6,5,2585.0,9.2,502,0,5,411045,3397295,504,0,14,-109.83,524,0.0,260.0,260.0,2,0.0,-20,11,1,4.398705354995532
3231,234901,411045.0,3397035.0,22,270,6,5,2585.0,9.2,502,0,5,410995,3397225,504,0,7,-92.82,524,-50.0,190.0,196.468827043885,2,14.743562836470744,-20,11,1,5.812534130773947
3232,234901,411045.0,3397035.0,22,270,6,5,2585.0,9.2,502,0,5,410895,3397125,504,0,14,-81.33,524,-150.0,90.0,174.92855684535903,2,59.03624346792651,-20,11,1,6.522441584995145
3233,234901,411045.0,3397035.0,22,270,6,5,2585.0,9.2,502,0,5,410885,3397135,503,0,5,-80.22,524,-160.0,100.0,188.67962264113208,1,57.99461679191654,-21,11,1,6.350869480196178
3234,234901,411045.0,3397035.0,22,270,6,5,2585.0,9.2,502,0,5,411035,3397265,504,0,14,-108.0,524,-10.0,230.0,230.21728866442677,2,2.489552921999177,-20,11,1,4.96507353827371
3235,234901,411045.0,3397035.0,22,270,6,5,2585.0,9.2,502,0,5,410905,3397155,503,0,7,-84.0,524,-140.0,120.0,184.39088914585776,1,49.39870535499551,-21,11,1,6.497334922433115
3236,234901,411045.0,3397035.0,22,270,6,5,2585.0,9.2,502,0,5,410880,3397140,503,0,5,-87.5,524,-165.0,105.0,195.57607215607945,1,57.52880770915152,-21,11,1,6.128658669573428
3237,234901,411045.0,3397035.0,22,270,6,5,2585.0,9.2,502,0,5,410855,3397280,507,0,14,-96.25,524,-190.0,245.0,310.0403199585499,5,37.79394299861673,-17,11,1,3.1384752462488636
3238,234901,411045.0,3397035.0,22,270,6,5,2585.0,9.2,502,0,5,410870,3397255,507,0,14,-94.67,524,-175.0,220.0,281.1138559374119,5,38.50065372034544,-17,11,1,3.4606742656314475
3239,234901,411045.0,3397035.0,22,270,6,5,2585.0,9.2,502,0,5,410865,3397250,508,0,14,-91.4,524,-180.0,215.0,280.40149785619906,6,39.93638314696989,-16,11,1,3.265815160618454
3240,234901,411045.0,3397035.0,22,270,6,5,2585.0,9.2,502,0,5,410845,3397270,508,6,5,-95.0,524,-200.0,235.0,308.58548248418947,6,40.39990433373674,-16,11,1,2.9680990892719685
3241,234901,411045.0,3397035.0,22,270,6,5,2585.0,9.2,502,0,5,410850,3397275,508,0,14,-96.0,524,-195.0,240.0,309.23292192132453,6,39.0938588862295,-16,11,1,2.9618958717719717
3242,234901,411045.0,3397035.0,22,270,6,5,2585.0,9.2,502,0,5,410860,3397245,508,0,5,-96.33,524,-185.0,210.0,279.8660393831306,6,41.378515295882664,-16,11,1,3.2720499736102053
3243,234901,411045.0,3397035.0,22,270,6,5,2585.0,9.2,502,0,5,410840,3397265,507,6,5,-111.33,524,-205.0,230.0,308.09901006007794,5,41.71075732150814,-17,11,1,3.158210648172662
3244,234901,411045.0,3397035.0,22,270,6,5,2585.0,9.2,502,0,5,410930,3397045,505,0,5,-78.5,524,-115.0,10.0,115.43396380615195,3,85.03025927188969,-19,11,1,9.346864751446516
3245,234901,411045.0,3397035.0,22,270,6,5,2585.0,9.2,502,0,5,410880,3397095,504,0,5,-86.0,524,-165.0,60.0,175.57049866079439,2,70.01689347810003,-20,11,1,6.498797841668204
3246,234901,411045.0,3397035.0,22,270,6,5,2585.0,9.2,502,0,5,410925,3397060,505,0,5,-82.67,524,-120.0,25.0,122.57650672131263,3,78.23171106797935,-19,11,1,8.811025787181737
3247,234901,411045.0,3397035.0,22,270,6,5,2585.0,9.2,502,0,5,410970,3397005,502,12,14,-86.0,524,-75.0,-30.0,80.77747210701756,0,-248.19859051364818,-22,11,1,15.235165837615959
3248,234901,411045.0,3397035.0,22,270,6,5,2585.0,9.2,502,0,5,410975,3397010,502,12,14,-82.67,524,-70.0,-25.0,74.33034373659252,0,-250.3461759419467,-22,11,1,16.48749092053611
3249,234901,411045.0,3397035.0,22,270,6,5,2585.0,9.2,502,0,5,411275,3396750,502,0,14,-99.0,524,230.0,-285.0,366.23080154459973,0,-141.0958615445958,-22,11,1,3.4377070612553076
3250,234901,411045.0,3397035.0,22,270,6,5,2585.0,9.2,502,0,5,410915,3397110,504,0,14,-86.33,524,-130.0,75.0,150.08331019803634,2,60.0183606311507,-20,11,1,7.590476801475305
3251,234901,411045.0,3397035.0,22,270,6,5,2585.0,9.2,502,0,5,410980,3397035,503,0,14,-79.25,524,-65.0,0.0,65.0,1,90.0,-21,11,1,17.9044475062482
3252,234901,411045.0,3397035.0,22,270,6,5,2585.0,9.2,502,0,5,410965,3397020,503,0,14,-78.45,524,-80.0,-15.0,81.39410298049853,1,-259.38034472384487,-21,11,1,14.467040493747968
3253,234901,411045.0,3397035.0,22,270,6,5,2585.0,9.2,502,0,5,410990,3397025,502,0,5,-78.93,524,-55.0,-10.0,55.90169943749474,0,-259.695153531234,-22,11,1,21.4820173376628
3254,234901,411045.0,3397035.0,22,270,6,5,2585.0,9.2,502,0,5,410995,3397030,502,0,5,-81.91,524,-50.0,-5.0,50.24937810560445,0,-264.28940686250036,-22,11,1,23.6445901725916
3255,234901,411045.0,3397035.0,22,270,6,5,2585.0,9.2,502,0,5,410910,3397105,504,0,14,-83.33,524,-135.0,70.0,152.0690632574555,2,62.59242456218158,-20,11,1,7.492492028240438
3256,234901,411045.0,3397035.0,22,270,6,5,2585.0,9.2,502,0,5,410900,3397115,504,0,14,-79.4,524,-145.0,80.0,165.60495161679194,2,61.113418233089305,-20,11,1,6.886223403234235
3257,234901,411045.0,3397035.0,22,270,6,5,2585.0,9.2,502,0,5,410905,3397120,504,0,14,-85.75,524,-140.0,85.0,163.783393541592,2,58.73626830562256,-20,11,1,6.962062691084451
3258,234901,411045.0,3397035.0,22,270,6,5,2585.0,9.2,502,0,5,411245,3396740,503,6,14,-108.0,524,200.0,-295.0,356.4056677439347,1,-145.86405992208773,-21,11,1,3.3720615368366875
3259,234901,411045.0,3397035.0,22,270,6,5,2585.0,9.2,502,0,5,410890,3397085,505,0,5,-88.0,524,-155.0,50.0,162.8649747490233,3,72.12130340415865,-19,11,1,6.654107916007009
3260,234901,411045.0,3397035.0,22,270,6,5,2585.0,9.2,502,0,5,410960,3397015,503,0,14,-79.27,524,-85.0,-20.0,87.32124598286491,1,-256.7594800848128,-21,11,1,13.522346650697342
3261,234901,411045.0,3397035.0,22,270,6,5,2585.0,9.2,502,0,5,410895,3397090,504,0,5,-84.0,524,-150.0,55.0,159.76545308670458,2,69.86369657175186,-20,11,1,7.135368635716223
3262,234901,411045.0,3397035.0,22,270,6,5,2585.0,9.2,502,0,5,410885,3397100,504,0,5,-82.0,524,-160.0,65.0,172.69916039170545,2,67.89055165624836,-20,11,1,6.605901144062774
3263,234901,411045.0,3397035.0,22,270,6,5,2585.0,9.2,502,0,5,410990,3397310,505,0,7,-102.0,524,-55.0,275.0,280.4460732476032,3,11.30993247402023,-19,11,1,3.875821108691153
3264,234901,411045.0,3397035.0,22,270,6,5,2585.0,9.2,502,0,5,410995,3397305,505,0,7,-98.0,524,-50.0,270.0,274.5906043549196,3,10.491477012331586,-19,11,1,3.9582105262511735
3265,234901,411045.0,3397035.0,22,270,6,5,2585.0,9.2,502,0,5,410970,3397290,505,0,14,-98.11,524,-75.0,255.0,265.80067720004024,3,16.38954033403479,-19,11,1,4.088670179856952
3266,234901,411045.0,3397035.0,22,270,6,5,2585.0,9.2,502,0,5,410975,3397285,505,0,5,-100.05,524,-70.0,250.0,259.61509971494337,3,15.642246457208728,-19,11,1,4.185744414495031
3267,234901,411045.0,3397035.0,22,270,6,5,2585.0,9.2,502,0,5,410965,3397295,505,0,5,-99.54,524,-80.0,260.0,272.02941017470886,3,17.10272896905235,-19,11,1,3.9953574889861154
3268,234901,411045.0,3397035.0,22,270,6,5,2585.0,9.2,502,0,5,410960,3397300,505,0,5,-93.6,524,-85.0,265.0,278.29840100151495,3,17.7838884426925,-19,11,1,3.9056392096074513
3269,234901,411045.0,3397035.0,22,270,6,5,2585.0,9.2,502,0,5,411100,3397280,505,0,7,-98.4,524,55.0,245.0,251.09759058979438,3,-12.652556500557978,-19,11,1,4.327199015391632
3270,234901,411045.0,3397035.0,22,270,6,5,2585.0,9.2,502,0,5,411105,3397275,505,0,7,-98.33,524,60.0,240.0,247.38633753705963,3,-14.036243467926454,-19,11,1,4.391862895321065
3271,234901,411045.0,3397035.0,22,270,6,5,2585.0,9.2,502,0,5,411140,3397160,503,0,14,-104.5,524,95.0,125.0,157.00318468107582,1,-37.23483398157467,-21,11,1,7.618393766639491
3272,234901,411045.0,3397035.0,22,270,6,5,2585.0,9.2,502,0,5,411070,3397230,505,0,7,-104.0,524,25.0,195.0,196.596032513375,3,-7.305759533310834,-19,11,1,5.52019969300069
3273,234901,411045.0,3397035.0,22,270,6,5,2585.0,9.2,502,0,5,410695,3397050,507,0,5,-95.0,524,-350.0,15.0,350.3212811120672,5,87.54596832547293,-17,11,1,2.7782062250834128
3274,234901,411045.0,3397035.0,22,270,6,5,2585.0,9.2,502,0,5,410835,3396950,504,6,10,-105.83,524,-210.0,-85.0,226.55021518418383,2,-247.96377305985456,-20,11,1,5.045029619999112
3275,234901,411045.0,3397035.0,22,270,6,5,2585.0,9.2,502,0,5,410830,3396945,504,0,10,-101.31,524,-215.0,-90.0,233.0772404161333,2,-247.28558764683277,-20,11,1,4.904449075657325
3276,234901,411045.0,3397035.0,22,270,6,5,2585.0,9.2,502,0,5,410575,3397010,506,0,14,-87.0,524,-470.0,-25.0,470.6644239795483,4,-266.955221555806,-18,11,1,2.1901414648606803
3277,234901,411045.0,3397035.0,22,270,6,5,2585.0,9.2,502,0,5,410705,3397080,507,0,6,-101.0,524,-340.0,45.0,342.96501279285036,5,82.46055486049067,-17,11,1,2.837699686449005
3278,234901,411045.0,3397035.0,22,270,6,5,2585.0,9.2,502,0,5,410820,3396955,504,0,10,-97.0,524,-225.0,-80.0,238.79907872519107,2,-250.4268741695898,-20,11,1,4.787486984674831
3279,234901,411045.0,3397035.0,22,270,6,5,2585.0,9.2,502,0,5,410570,3397005,506,6,5,-90.0,524,-475.0,-30.0,475.94642555649057,4,-266.38611924799636,-18,11,1,2.165858791120687
3280,234901,411045.0,3397035.0,22,270,6,5,2585.0,9.2,502,0,5,410890,3396950,503,0,5,-93.0,524,-155.0,-85.0,176.7766952966369,1,-241.26020470831196,-21,11,1,6.774642478819881
3281,234901,411045.0,3397035.0,22,270,6,5,2585.0,9.2,502,0,5,410895,3396945,503,12,5,-85.0,524,-150.0,-90.0,174.92855684535903,1,-239.03624346792648,-21,11,1,6.845541577989249
3282,234901,411045.0,3397035.0,22,270,6,5,2585.0,9.2,502,0,5,411080,3397080,502,9,6,-99.5,524,35.0,45.0,57.0087712549569,0,-37.874983651098205,-22,11,1,21.10187722703879
3283,234901,411045.0,3397035.0,22,270,6,5,2585.0,9.2,502,0,5,410920,3396920,502,0,5,-86.0,524,-125.0,-115.0,169.85287751463028,0,-227.38594403038883,-22,11,1,7.3800829597238815
3284,234901,411045.0,3397035.0,22,270,6,5,2585.0,9.2,502,0,5,410915,3396925,502,0,5,-82.5,524,-130.0,-110.0,170.29386365926402,0,-229.7636416907262,-22,11,1,7.361181670807614
3285,234901,411045.0,3397035.0,22,270,6,5,2585.0,9.2,502,0,5,411060,3397100,502,9,5,-97.33,524,15.0,65.0,66.70832032063167,0,-12.994616791916485,-22,11,1,18.25224253372557
3286,234901,411045.0,3397035.0,22,270,6,5,2585.0,9.2,502,0,5,410905,3396935,503,0,14,-83.0,524,-140.0,-100.0,172.04650534085255,1,-234.46232220802563,-21,11,1,6.959099883809774
3287,234901,411045.0,3397035.0,22,270,6,5,2585.0,9.2,502,0,5,411005,3396835,501,0,5,-98.0,524,-40.0,-200.0,203.9607805437114,-1,-191.30993247402023,-23,11,1,6.43388048310782
3288,234901,411045.0,3397035.0,22,270,6,5,2585.0,9.2,502,0,5,410965,3396875,501,0,6,-84.0,524,-80.0,-160.0,178.88543819998318,-1,-206.56505117707798,-23,11,1,7.326546450561405
3289,234901,411045.0,3397035.0,22,270,6,5,2585.0,9.2,502,0,5,411075,3397085,502,9,6,-98.67,524,30.0,50.0,58.309518948453004,0,-30.963756532073518,-22,11,1,20.671335055030994
3290,234901,411045.0,3397035.0,22,270,6,5,2585.0,9.2,502,0,5,410885,3396955,503,0,5,-86.25,524,-160.0,-80.0,178.88543819998318,1,-243.434948822922,-21,11,1,6.695510757827917
3291,234901,411045.0,3397035.0,22,270,6,5,2585.0,9.2,502,0,5,410900,3396940,503,12,14,-89.0,524,-145.0,-95.0,173.34935823359717,1,-236.76828893202065,-21,11,1,6.907304108140624
3292,234901,411045.0,3397035.0,22,270,6,5,2585.0,9.2,502,0,5,411120,3397040,502,0,6,-104.0,524,75.0,5.0,75.16648189186454,0,-86.18592516570965,-22,11,1,16.31389039649723
3293,234901,411045.0,3397035.0,22,270,6,5,2585.0,9.2,502,0,5,411070,3397090,502,9,5,-97.67,524,25.0,55.0,60.41522986797286,0,-24.443954780416533,-22,11,1,20.008921988451537
3294,234901,411045.0,3397035.0,22,270,6,5,2585.0,9.2,502,0,5,411065,3397095,502,9,5,-90.6,524,20.0,60.0,63.245553203367585,0,-18.434948822922024,-22,11,1,19.180257996239774
3295,234901,411045.0,3397035.0,22,270,6,5,2585.0,9.2,502,0,5,410880,3396960,503,0,5,-86.0,524,-165.0,-75.0,181.24568960391858,1,-245.55604521958347,-21,11,1,6.609095621469866
3296,234901,411045.0,3397035.0,22,270,6,5,2585.0,9.2,502,0,5,411070,3396765,505,6,6,-100.5,524,25.0,-270.0,271.15493725912495,3,-174.70991879462872,-19,11,1,4.008200560812066
3297,234901,411045.0,3397035.0,22,270,6,5,2585.0,9.2,502,0,5,411050,3396785,504,6,14,-102.75,524,5.0,-250.0,250.04999500099976,2,-178.8542371618249,-20,11,1,4.573010629227879
3298,234901,411045.0,3397035.0,22,270,6,5,2585.0,9.2,502,0,5,411065,3396780,504,6,14,-103.0,524,20.0,-255.0,255.78311124857325,2,-175.51539399045538,-20,11,1,4.470931593321855
3299,234901,411045.0,3397035.0,22,270,6,5,2585.0,9.2,502,0,5,411055,3396790,503,6,6,-100.5,524,10.0,-245.0,245.20399670478457,1,-177.66269414087617,-21,11,1,4.8950364811759375
3300,234901,411045.0,3397035.0,22,270,6,5,2585.0,9.2,502,0,5,411045,3396800,503,0,14,-98.0,524,0.0,-235.0,235.0,1,-180.0,-21,11,1,5.1064845723283785
3301,234901,411045.0,3397035.0,22,270,6,5,2585.0,9.2,502,0,5,411075,3396770,504,6,5,-103.8,524,30.0,-265.0,266.6927070618917,2,-173.54118362128133,-20,11,1,4.288736090196211
3302,234901,411045.0,3397035.0,22,270,6,5,2585.0,9.2,502,0,5,411060,3396775,504,0,5,-104.5,524,15.0,-260.0,260.43233286210835,2,-176.698134325565,-20,11,1,4.391431834805198
3303,234901,411045.0,3397035.0,22,270,6,5,2585.0,9.2,502,0,5,410835,3397110,504,12,14,-80.0,524,-210.0,75.0,222.9910312097776,2,70.34617594194674,-20,11,1,5.125128374737004
3304,234901,411045.0,3397035.0,22,270,6,5,2585.0,9.2,502,0,5,410845,3397060,505,0,5,-91.5,524,-200.0,25.0,201.55644370746373,3,82.8749836510982,-19,11,1,5.385153295019114
3305,234901,411045.0,3397035.0,22,270,6,5,2585.0,9.2,502,0,5,410785,3397000,505,69,10,-92.56,524,-260.0,-35.0,262.3451924468981,3,-262.33319573818585,-19,11,1,4.1423379254489
3306,234901,411045.0,3397035.0,22,270,6,5,2585.0,9.2,502,0,5,410755,3397030,506,0,6,-91.0,524,-290.0,-5.0,290.0431002454635,4,-269.0122396003602,-18,11,1,3.5512069199328087
3307,234901,411045.0,3397035.0,22,270,6,5,2585.0,9.2,502,0,5,410765,3396980,505,0,5,-95.31,524,-280.0,-55.0,285.3506614676055,3,-258.8869594640517,-19,11,1,3.8094016062344678
3308,234901,411045.0,3397035.0,22,270,6,5,2585.0,9.2,502,0,5,410780,3396995,505,69,5,-97.0,524,-265.0,-40.0,268.00186566514793,3,-261.41637851988605,-19,11,1,4.055201068345757
3309,234901,411045.0,3397035.0,22,270,6,5,2585.0,9.2,502,0,5,410760,3396975,505,0,6,-94.0,524,-285.0,-60.0,291.247317584214,3,-258.11134196037204,-19,11,1,3.7324958994377746
3310,234901,411045.0,3397035.0,22,270,6,5,2585.0,9.2,502,0,5,410850,3397045,505,0,5,-88.22,524,-195.0,10.0,195.25624189766637,3,87.06432655357884,-19,11,1,5.55784130959903
3311,234901,411045.0,3397035.0,22,270,6,5,2585.0,9.2,502,0,5,410855,3397050,505,5,5,-88.0,524,-190.0,15.0,190.59118552545917,3,85.48601154199872,-19,11,1,5.692996261902162
3312,234901,411045.0,3397035.0,22,270,6,5,2585.0,9.2,502,0,5,410840,3397055,505,0,10,-88.0,524,-205.0,20.0,205.9732992404598,3,84.42780219603617,-19,11,1,5.270332352547675
3313,234901,411045.0,3397035.0,22,270,6,5,2585.0,9.2,502,0,5,410750,3397025,506,0,14,-94.83,524,-295.0,-10.0,295.16944286290885,4,-268.0585136090856,-18,11,1,3.4896852422180897
3314,234901,411045.0,3397035.0,22,270,6,5,2585.0,9.2,502,0,5,410725,3397020,506,0,5,-91.91,524,-320.0,-15.0,320.3513695928269,4,-267.31622484053105,-18,11,1,3.2159710884579824
3315,234901,411045.0,3397035.0,22,270,6,5,2585.0,9.2,502,0,5,410720,3397015,506,0,5,-95.33,524,-325.0,-20.0,325.61480310329875,4,-266.4785466230778,-18,11,1,3.1640926892820853
3316,234901,411045.0,3397035.0,22,270,6,5,2585.0,9.2,502,0,5,410740,3397035,506,12,5,-83.0,524,-305.0,0.0,305.0,4,90.0,-18,11,1,3.377472729316326
3317,234901,411045.0,3397035.0,22,270,6,5,2585.0,9.2,502,0,5,410800,3397095,505,0,5,-85.5,524,-245.0,60.0,252.23996511258878,3,76.23921488820872,-19,11,1,4.307675412355175
3318,234901,411045.0,3397035.0,22,270,6,5,2585.0,9.2,502,0,5,410735,3397010,506,12,14,-92.71,524,-310.0,-25.0,311.0064308016797,4,-265.3893506813394,-18,11,1,3.312390661718337
3319,234901,411045.0,3397035.0,22,270,6,5,2585.0,9.2,502,0,5,410805,3397100,505,0,14,-86.5,524,-240.0,65.0,248.64633518312712,3,74.84593194968738,-19,11,1,4.3696938580390015
3320,234901,411045.0,3397035.0,22,270,6,5,2585.0,9.2,502,0,5,410875,3397070,505,5,5,-89.0,524,-170.0,35.0,173.5655495770978,3,78.36636600105953,-19,11,1,6.24722104918166
3321,234901,411045.0,3397035.0,22,270,6,5,2585.0,9.2,502,0,5,410865,3397080,505,0,6,-93.33,524,-180.0,45.0,185.53975315279473,3,75.96375653207349,-19,11,1,5.846931792076928
3322,234901,411045.0,3397035.0,22,270,6,5,2585.0,9.2,502,0,5,410860,3397075,505,0,6,-90.67,524,-185.0,40.0,189.274932307477,3,77.79953127261922,-19,11,1,5.732323662600133
3323,234901,411045.0,3397035.0,22,270,6,5,2585.0,9.2,502,0,5,410870,3397065,505,5,14,-91.5,524,-175.0,30.0,177.55280904564702,3,80.27242144859838,-19,11,1,6.108001278128449
3324,234901,411045.0,3397035.0,22,270,6,5,2585.0,9.2,502,0,5,410985,3397155,503,0,5,-81.0,524,-60.0,120.0,134.16407864998737,1,26.565051177077976,-21,11,1,8.896025825607326
3325,234901,411045.0,3397035.0,22,270,6,5,2585.0,9.2,502,0,5,411035,3397185,503,0,7,-97.14,524,-10.0,150.0,150.33296378372907,1,3.814074834290352,-21,11,1,7.952185020745393
3326,234901,411045.0,3397035.0,22,270,6,5,2585.0,9.2,502,0,5,411060,3397400,504,0,5,-112.0,524,15.0,365.0,365.3080891521566,2,-2.3532968661082805,-20,11,1,3.133718538160184
3327,234901,411045.0,3397035.0,22,270,6,5,2585.0,9.2,502,0,5,410990,3397150,503,0,5,-73.0,524,-55.0,115.0,127.47548783981962,1,25.55996517182382,-21,11,1,9.354745938095656
3328,234901,411045.0,3397035.0,22,270,6,5,2585.0,9.2,502,0,5,411020,3397200,503,0,7,-91.5,524,-25.0,165.0,166.88319268278636,1,8.615648184164115,-21,11,1,7.172203103068412
3329,234901,411045.0,3397035.0,22,270,6,5,2585.0,9.2,502,0,5,410920,3397260,506,6,5,-89.0,524,-125.0,225.0,257.390753524675,4,29.054604099077153,-18,11,1,4.000328996180363
3330,234901,411045.0,3397035.0,22,270,6,5,2585.0,9.2,502,0,5,411120,3397300,505,0,5,-97.29,524,75.0,265.0,275.40878707840824,3,-15.802513953935517,-19,11,1,3.9464887112773437
3331,234901,411045.0,3397035.0,22,270,6,5,2585.0,9.2,502,0,5,411130,3397290,505,0,6,-101.83,524,85.0,255.0,268.79360111431225,3,-18.434948822922024,-19,11,1,4.043296089461982
3332,234901,411045.0,3397035.0,22,270,6,5,2585.0,9.2,502,0,5,410930,3397250,506,0,7,-90.5,524,-115.0,215.0,243.82370680473218,4,28.141601232261735,-18,11,1,4.222134877407434
3333,234901,411045.0,3397035.0,22,270,6,5,2585.0,9.2,502,0,5,411030,3397190,503,0,7,-96.07,524,-15.0,155.0,155.72411502397438,1,5.527540151656183,-21,11,1,7.680224996211206
3334,234901,411045.0,3397035.0,22,270,6,5,2585.0,9.2,502,0,5,410950,3397270,506,0,7,-95.0,524,-95.0,235.0,253.4758371127315,4,22.011283197919397,-18,11,1,4.061908550927512
3335,234901,411045.0,3397035.0,22,270,6,5,2585.0,9.2,502,0,5,410945,3397275,506,0,7,-92.5,524,-100.0,240.0,260.0,4,22.61986494804046,-18,11,1,3.9603118304583846
3336,234901,411045.0,3397035.0,22,270,6,5,2585.0,9.2,502,0,5,411025,3397195,503,0,7,-96.57,524,-20.0,160.0,161.24515496597098,1,7.125016348901795,-21,11,1,7.420235364524535
3337,234901,411045.0,3397035.0,22,270,6,5,2585.0,9.2,502,0,5,411125,3397295,505,0,6,-100.7,524,80.0,260.0,272.02941017470886,3,-17.10272896905235,-19,11,1,3.9953574889861154
3338,234901,411045.0,3397035.0,22,270,6,5,2585.0,9.2,502,0,5,410915,3397225,506,0,7,-93.5,524,-130.0,190.0,230.21728866442677,4,34.38034472384487,-18,11,1,4.470690043051321
3339,234901,411045.0,3397035.0,22,270,6,5,2585.0,9.2,502,0,5,410940,3397280,506,0,7,-94.95,524,-105.0,245.0,266.5520587052368,4,23.198590513648185,-18,11,1,3.8632627376119597
3340,234901,411045.0,3397035.0,22,270,6,5,2585.0,9.2,502,0,5,410935,3397245,506,0,7,-90.44,524,-110.0,210.0,237.06539182259397,4,27.64597536373867,-18,11,1,4.342046500073624
3341,234901,411045.0,3397035.0,22,270,6,5,2585.0,9.2,502,0,5,410910,3397230,506,6,7,-92.5,524,-135.0,195.0,237.17082451262846,4,34.695153531233984,-18,11,1,4.340123649491708
3342,234901,411045.0,3397035.0,22,270,6,5,2585.0,9.2,502,0,5,411135,3397285,506,0,5,-96.6,524,90.0,250.0,265.70660511172844,4,-19.798876354524907,-18,11,1,3.875517877879838
3343,234901,411045.0,3397035.0,22,270,6,5,2585.0,9.2,502,0,5,411070,3397390,504,0,5,-116.0,524,25.0,355.0,355.8791929854849,2,-4.028263666485145,-20,11,1,3.2165732307250026
3344,234901,411045.0,3397035.0,22,270,6,5,2585.0,9.2,502,0,5,411005,3397175,503,0,7,-97.5,524,-40.0,140.0,145.60219778561037,1,15.945395900922847,-21,11,1,8.207094216098282
3345,234901,411045.0,3397035.0,22,270,6,5,2585.0,9.2,502,0,5,410925,3397255,506,6,7,-83.4,524,-120.0,220.0,250.59928172283335,4,28.61045966596521,-18,11,1,4.108375250427507
3346,234901,411045.0,3397035.0,22,270,6,5,2585.0,9.2,502,0,5,411010,3397170,503,0,7,-94.75,524,-35.0,135.0,139.46325680981354,1,14.534455080540113,-21,11,1,8.563111603126707
3347,234901,411045.0,3397035.0,22,270,6,5,2585.0,9.2,502,0,5,411000,3397180,503,0,7,-93.0,524,-45.0,145.0,151.82226450688975,1,17.24145939893998,-21,11,1,7.87516155717928
3348,234901,411045.0,3397035.0,22,270,6,5,2585.0,9.2,502,0,5,410960,3397140,504,0,5,-74.67,524,-85.0,105.0,135.09256086106296,2,38.99099404250546,-20,11,1,8.421277970761942
3349,234901,411045.0,3397035.0,22,270,6,5,2585.0,9.2,502,0,5,410900,3396795,502,0,6,-90.67,524,-145.0,-240.0,280.40149785619906,0,-211.13897243697886,-22,11,1,4.486174975419298
3350,234901,411045.0,3397035.0,22,270,6,5,2585.0,9.2,502,0,5,410890,3396765,504,6,6,-95.0,524,-155.0,-270.0,311.3278015211619,2,-209.8590161649231,-20,11,1,3.6756856148159036
3351,234901,411045.0,3397035.0,22,270,6,5,2585.0,9.2,502,0,5,410895,3396770,504,6,6,-97.0,524,-150.0,-265.0,304.50779957170226,2,-209.5114985570903,-20,11,1,3.757775930613734
3352,234901,411045.0,3397035.0,22,270,6,5,2585.0,9.2,502,0,5,410905,3396800,502,0,14,-99.0,524,-140.0,-235.0,273.5415873317986,0,-210.78414652632645,-22,11,1,4.598203251583803
3353,234901,411045.0,3397035.0,22,270,6,5,2585.0,9.2,502,0,5,411040,3396615,502,6,5,-111.82,524,-5.0,-420.0,420.0297608503474,0,-180.68206039317266,-22,11,1,2.9982550735160682
3354,234901,411045.0,3397035.0,22,270,6,5,2585.0,9.2,502,0,5,411070,3396625,503,6,7,-104.83,524,25.0,-410.0,410.7614879708174,1,-176.5106750942036,-21,11,1,2.9266734097001468
3355,234901,411045.0,3397035.0,22,270,6,5,2585.0,9.2,502,0,5,411060,3396635,502,6,5,-104.67,524,15.0,-400.0,400.2811511925087,0,-177.8524145717015,-22,11,1,3.145889369184268
3356,234901,411045.0,3397035.0,22,270,6,5,2585.0,9.2,502,0,5,410880,3396775,503,0,5,-92.5,524,-165.0,-260.0,307.9366818032564,1,-212.39984017391936,-21,11,1,3.9012932887539336
3357,234901,411045.0,3397035.0,22,270,6,5,2585.0,9.2,502,0,5,410785,3397300,506,0,5,-98.5,524,-260.0,265.0,371.24789561693143,4,44.45434240658426,-18,11,1,2.775819158549805
3358,234901,411045.0,3397035.0,22,270,6,5,2585.0,9.2,502,0,5,410505,3397015,505,0,5,-98.67,524,-540.0,-20.0,540.3702434442519,3,-267.8789036033386,-19,11,1,2.0137517483869245
3359,234901,411045.0,3397035.0,22,270,6,5,2585.0,9.2,502,0,5,410530,3397015,505,0,5,-90.25,524,-515.0,-20.0,515.3882032022076,3,-267.77603875961455,-19,11,1,2.1112765865092564
3360,234901,411045.0,3397035.0,22,270,6,5,2585.0,9.2,502,0,5,410525,3397010,505,0,5,-97.0,524,-520.0,-25.0,520.6006146750117,3,-267.2475145997313,-19,11,1,2.0901566880411813
3361,234901,411045.0,3397035.0,22,270,6,5,2585.0,9.2,502,0,5,410990,3396765,505,6,6,-97.67,524,-55.0,-270.0,275.54491466909707,3,-191.513831184487,-19,11,1,3.9445451817657595
3362,234901,411045.0,3397035.0,22,270,6,5,2585.0,9.2,502,0,5,410910,3396685,506,6,5,-101.0,524,-135.0,-350.0,375.13330963805384,4,-201.0923395058275,-18,11,1,2.7471130990817483
3363,234901,411045.0,3397035.0,22,270,6,5,2585.0,9.2,502,0,5,410915,3396690,506,6,14,-98.0,524,-130.0,-345.0,368.6800781165155,4,-200.64699082497037,-18,11,1,2.7951218898663313
3364,234901,411045.0,3397035.0,22,270,6,5,2585.0,9.2,502,0,5,410925,3396680,505,6,5,-99.0,524,-120.0,-355.0,374.73323845103465,3,-198.6767017321901,-19,11,1,2.902567140212407
3365,234901,411045.0,3397035.0,22,270,6,5,2585.0,9.2,502,0,5,410930,3396665,505,6,5,-98.0,524,-115.0,-370.0,387.45967532118743,3,-197.2658094950146,-19,11,1,2.807384997700722
3366,234901,411045.0,3397035.0,22,270,6,5,2585.0,9.2,502,0,5,410995,3396770,505,6,5,-104.0,524,-50.0,-265.0,269.675731203236,3,-190.6849124000027,-19,11,1,4.030113808393263
3367,234901,411045.0,3397035.0,22,270,6,5,2585.0,9.2,502,0,5,411020,3396735,508,0,14,-103.0,524,-25.0,-300.0,301.0398644698074,6,-184.76364169072616,-16,11,1,3.0423569655542373
3368,234901,411045.0,3397035.0,22,270,6,5,2585.0,9.2,502,0,5,411350,3397045,502,0,5,-108.0,524,305.0,10.0,305.16389039334257,0,-88.12212255271464,-22,11,1,4.123457009231953
3369,234901,411045.0,3397035.0,22,270,6,5,2585.0,9.2,502,0,5,410890,3396910,502,12,14,-87.0,524,-155.0,-125.0,199.12307751739877,0,-231.1155035662854,-22,11,1,6.304721087979575
3370,234901,411045.0,3397035.0,22,270,6,5,2585.0,9.2,502,0,5,410930,3396950,503,6,5,-79.67,524,-115.0,-85.0,143.0034964607509,1,-233.53076560994813,-21,11,1,8.354149452869425
3371,234901,411045.0,3397035.0,22,270,6,5,2585.0,9.2,502,0,5,410925,3396955,503,0,5,-82.67,524,-120.0,-80.0,144.22205101855957,1,-236.30993247402023,-21,11,1,8.284547741468753
3372,234901,411045.0,3397035.0,22,270,6,5,2585.0,9.2,502,0,5,410920,3396960,503,0,5,-80.88,524,-125.0,-75.0,145.7737973711325,1,-239.03624346792648,-21,11,1,8.197564505457054
3373,234901,411045.0,3397035.0,22,270,6,5,2585.0,9.2,502,0,5,411055,3397170,502,0,14,-99.5,524,10.0,135.0,135.36986370680884,0,-4.236394799058871,-22,11,1,9.230874739733746
3374,234901,411045.0,3397035.0,22,270,6,5,2585.0,9.2,502,0,5,411065,3397200,503,0,7,-106.5,524,20.0,165.0,166.20770138594662,1,-6.911227119024716,-21,11,1,7.20104655890716
3375,234901,411045.0,3397035.0,22,270,6,5,2585.0,9.2,502,0,5,411045,3397180,503,0,7,-96.0,524,0.0,145.0,145.0,1,0.0,-21,11,1,8.24071182970788
3376,234901,411045.0,3397035.0,22,270,6,5,2585.0,9.2,502,0,5,410885,3397340,507,9,5,-97.29,524,-160.0,305.0,344.41980198589044,5,27.68106156848529,-17,11,1,2.8257330404705585
3377,234901,411045.0,3397035.0,22,270,6,5,2585.0,9.2,502,0,5,410920,3397295,506,0,5,-96.27,524,-125.0,260.0,288.4874347350331,4,25.676815681838207,-18,11,1,3.57030736492007
3378,234901,411045.0,3397035.0,22,270,6,5,2585.0,9.2,502,0,5,411125,3397260,506,0,6,-104.2,524,80.0,225.0,238.79907872519107,4,-19.57312583041019,-18,11,1,4.310642392314382
3379,234901,411045.0,3397035.0,22,270,6,5,2585.0,9.2,502,0,5,411145,3397280,506,0,5,-106.0,524,100.0,245.0,264.62237244798484,4,-22.203478532057375,-18,11,1,3.891348283943495
3380,234901,411045.0,3397035.0,22,270,6,5,2585.0,9.2,502,0,5,410930,3397285,506,0,7,-95.88,524,-115.0,250.0,275.1817581163403,4,24.702430227771288,-18,11,1,3.742460673273913
3381,234901,411045.0,3397035.0,22,270,6,5,2585.0,9.2,502,0,5,411140,3397275,506,0,5,-100.0,524,95.0,240.0,258.11818998280614,4,-21.595310448967666,-18,11,1,3.9890915964206135
3382,234901,411045.0,3397035.0,22,270,6,5,2585.0,9.2,502,0,5,410935,3397290,506,0,7,-92.55,524,-110.0,255.0,277.71388153997634,4,23.334041276709797,-18,11,1,3.708433539176367
3383,234901,411045.0,3397035.0,22,270,6,5,2585.0,9.2,502,0,5,410880,3397335,507,9,5,-99.25,524,-165.0,300.0,342.3813663153998,5,28.810793742973033,-17,11,1,2.8425290948393522
3384,234901,411045.0,3397035.0,22,270,6,5,2585.0,9.2,502,0,5,410895,3397330,506,0,5,-97.25,524,-150.0,295.0,330.94561486745823,4,26.952178931228957,-18,11,1,3.1132271348241156
3385,234901,411045.0,3397035.0,22,270,6,5,2585.0,9.2,502,0,5,410890,3397325,507,0,14,-96.93,524,-155.0,290.0,328.8236609491476,5,28.123735383288818,-17,11,1,2.9595249721782775
3386,234901,411045.0,3397035.0,22,270,6,5,2585.0,9.2,502,0,5,410955,3397310,506,0,7,-96.0,524,-90.0,275.0,289.35272592460575,4,18.12186024790134,-18,11,1,3.5596580782428964
3387,234901,411045.0,3397035.0,22,270,6,5,2585.0,9.2,502,0,5,410910,3397345,506,0,6,-94.0,524,-135.0,310.0,338.11980125393427,4,23.532348560901028,-18,11,1,3.047296888322431
3388,234901,411045.0,3397035.0,22,270,6,5,2585.0,9.2,502,0,5,410900,3397355,506,0,6,-101.5,524,-145.0,320.0,351.31894341182345,4,24.376468616674742,-18,11,1,2.9330129633918203
3389,234901,411045.0,3397035.0,22,270,6,5,2585.0,9.2,502,0,5,410950,3397305,506,0,5,-97.33,524,-95.0,270.0,286.2254356272342,4,19.384515679357833,-18,11,1,3.598449150063451
3390,234901,411045.0,3397035.0,22,270,6,5,2585.0,9.2,502,0,5,411155,3397270,506,0,5,-99.0,524,110.0,235.0,259.47061490658245,4,-25.083594006190935,-18,11,1,3.968366069777684
3391,234901,411045.0,3397035.0,22,270,6,5,2585.0,9.2,502,0,5,411130,3397245,506,0,6,-101.83,524,85.0,210.0,226.55021518418383,4,-22.03622694014544,-18,11,1,4.542754736878404
3392,234901,411045.0,3397035.0,22,270,6,5,2585.0,9.2,502,0,5,410925,3397300,506,0,5,-94.9,524,-120.0,265.0,290.90376415577714,4,24.362453015312212,-18,11,1,3.540727135696452
3393,234901,411045.0,3397035.0,22,270,6,5,2585.0,9.2,502,0,5,410670,3397005,506,6,14,-90.33,524,-375.0,-30.0,376.19808611953357,4,-265.4260787400991,-18,11,1,2.7393496368626264
3394,234901,411045.0,3397035.0,22,270,6,5,2585.0,9.2,502,0,5,410660,3397015,506,0,5,-89.33,524,-385.0,-20.0,385.5191305240247,4,-267.02626891751993,-18,11,1,2.6732151671310524
3395,234901,411045.0,3397035.0,22,270,6,5,2585.0,9.2,502,0,5,410650,3397025,506,0,5,-91.5,524,-395.0,-10.0,395.12656200260693,4,-268.54978370906656,-18,11,1,2.608307300605524
3396,234901,411045.0,3397035.0,22,270,6,5,2585.0,9.2,502,0,5,410655,3397030,506,0,5,-95.67,524,-390.0,-5.0,390.03204996512784,4,-269.26547896574516,-18,11,1,2.642328456894179
3397,234901,411045.0,3397035.0,22,270,6,5,2585.0,9.2,502,0,5,410770,3396905,504,0,5,-104.5,524,-275.0,-130.0,304.1792234851026,2,-244.69862137458028,-20,11,1,3.761823452012123
3398,234901,411045.0,3397035.0,22,270,6,5,2585.0,9.2,502,0,5,410665,3397020,506,0,5,-94.86,524,-380.0,-15.0,380.2959373961284,4,-267.73949808885874,-18,11,1,2.7098762124332145
3399,234901,411045.0,3397035.0,22,270,6,5,2585.0,9.2,502,0,5,410675,3397010,506,0,5,-85.0,524,-370.0,-25.0,370.84363281577316,4,-266.13453883014824,-18,11,1,2.7788403847055
3400,234901,411045.0,3397035.0,22,270,6,5,2585.0,9.2,502,0,5,410855,3397190,505,0,7,-90.88,524,-190.0,155.0,245.20399670478457,3,50.79279649503218,-19,11,1,4.430795958971878
3401,234901,411045.0,3397035.0,22,270,6,5,2585.0,9.2,502,0,5,410845,3397200,505,0,5,-89.0,524,-200.0,165.0,259.2778432492835,3,50.47736872882888,-19,11,1,4.191169645601169
3402,234901,411045.0,3397035.0,22,270,6,5,2585.0,9.2,502,0,5,410825,3397140,503,12,14,-78.5,524,-220.0,105.0,243.77243486497812,1,64.48612957246576,-21,11,1,4.92364184603836
3403,234901,411045.0,3397035.0,22,270,6,5,2585.0,9.2,502,0,5,410835,3397130,503,0,5,-91.57,524,-210.0,95.0,230.4886114323222,1,65.65891006330753,-21,11,1,5.205890610095235
3404,234901,411045.0,3397035.0,22,270,6,5,2585.0,9.2,502,0,5,410850,3397185,504,0,7,-86.21,524,-195.0,150.0,246.01829200285087,2,52.43140797117252,-20,11,1,4.647626618516633
3405,234901,411045.0,3397035.0,22,270,6,5,2585.0,9.2,502,0,5,410860,3397175,504,0,7,-83.4,524,-185.0,140.0,232.0021551624036,2,52.88313931672974,-20,11,1,4.927064403029923
3406,234901,411045.0,3397035.0,22,270,6,5,2585.0,9.2,502,0,5,410865,3397180,504,0,7,-85.5,524,-180.0,145.0,231.1384866265244,2,51.1466256596467,-20,11,1,4.945383663349026
3407,234901,411045.0,3397035.0,22,270,6,5,2585.0,9.2,502,0,5,411020,3396780,504,0,14,-101.75,524,-25.0,-255.0,256.2225595063791,2,-185.5993393365206,-20,11,1,4.463294492367629
3408,234901,411045.0,3397035.0,22,270,6,5,2585.0,9.2,502,0,5,411010,3396790,503,6,5,-101.0,524,-35.0,-245.0,247.48737341529164,1,-188.13010235415598,-21,11,1,4.850090156191999
3409,234901,411045.0,3397035.0,22,270,6,5,2585.0,9.2,502,0,5,411035,3396765,506,6,6,-102.0,524,-10.0,-270.0,270.1851217221259,4,-182.12109639666147,-18,11,1,3.811469264439561
3410,234901,411045.0,3397035.0,22,270,6,5,2585.0,9.2,502,0,5,411030,3396770,505,6,5,-104.0,524,-15.0,-265.0,265.42418879973997,3,-183.23970029610211,-19,11,1,4.094450004416188
3411,234901,411045.0,3397035.0,22,270,6,5,2585.0,9.2,502,0,5,411025,3396775,505,0,5,-102.4,524,-20.0,-260.0,260.76809620810593,3,-184.39870535499554,-19,11,1,4.167302325203091
3412,234901,411045.0,3397035.0,22,270,6,5,2585.0,9.2,502,0,5,410920,3396880,502,0,5,-83.0,524,-125.0,-155.0,199.12307751739877,0,-218.8844964337146,-22,11,1,6.304721087979575
3413,234901,411045.0,3397035.0,22,270,6,5,2585.0,9.2,502,0,5,410900,3396820,502,0,14,-95.5,524,-145.0,-215.0,259.3260495977988,0,-213.9964591482505,-22,11,1,4.849093159142275
3414,234901,411045.0,3397035.0,22,270,6,5,2585.0,9.2,502,0,5,410895,3396825,502,0,14,-97.5,524,-150.0,-210.0,258.0697580112788,0,-215.53767779197437,-22,11,1,4.8725853185887535
3415,234901,411045.0,3397035.0,22,270,6,5,2585.0,9.2,502,0,5,411080,3397030,501,0,5,-89.33,524,35.0,-5.0,35.35533905932738,-1,-98.13010235415598,-23,11,1,33.0455415249917
3416,234901,411045.0,3397035.0,22,270,6,5,2585.0,9.2,502,0,5,411085,3397025,501,0,5,-92.5,524,40.0,-10.0,41.23105625617661,-1,-104.03624346792648,-23,11,1,29.154173754105933
3417,234901,411045.0,3397035.0,22,270,6,5,2585.0,9.2,502,0,5,410925,3396865,502,0,14,-85.5,524,-120.0,-170.0,208.08652046684813,0,-215.21759296819272,-22,11,1,6.035190640138791
3418,234901,411045.0,3397035.0,22,270,6,5,2585.0,9.2,502,0,5,410580,3397010,506,0,14,-87.0,524,-465.0,-25.0,465.67155807500205,4,-266.92254460057563,-18,11,1,2.213600621704905
3419,234901,411045.0,3397035.0,22,270,6,5,2585.0,9.2,502,0,5,410705,3397045,507,12,14,-88.5,524,-340.0,10.0,340.14702703389895,5,88.31531568210369,-17,11,1,2.861170020545777
3420,234901,411045.0,3397035.0,22,270,6,5,2585.0,9.2,502,0,5,410830,3396940,503,0,5,-94.22,524,-215.0,-95.0,235.05318547086316,1,-246.16125981682828,-21,11,1,5.105335235243752
3421,234901,411045.0,3397035.0,22,270,6,5,2585.0,9.2,502,0,5,410805,3396945,504,0,10,-102.5,524,-240.0,-90.0,256.3201123595259,2,-249.44395478041653,-20,11,1,4.461602667270192
3422,234901,411045.0,3397035.0,22,270,6,5,2585.0,9.2,502,0,5,410835,3396935,503,0,5,-101.25,524,-210.0,-100.0,232.59406699226014,1,-244.5366549381284,-21,11,1,5.159022019048886
3423,234901,411045.0,3397035.0,22,270,6,5,2585.0,9.2,502,0,5,410575,3397035,505,0,14,-95.5,524,-470.0,0.0,470.0,3,90.0,-19,11,1,2.314951862702221
3424,234901,411045.0,3397035.0,22,270,6,5,2585.0,9.2,502,0,5,410900,3397170,504,0,7,-90.5,524,-145.0,135.0,198.11612756158948,2,47.04540848888723,-20,11,1,5.764530773257338
3425,234901,411045.0,3397035.0,22,270,6,5,2585.0,9.2,502,0,5,410880,3397190,505,9,7,-83.0,524,-165.0,155.0,226.38462845343543,3,46.78991060824603,-19,11,1,4.797474647077011
3426,234901,411045.0,3397035.0,22,270,6,5,2585.0,9.2,502,0,5,411110,3397300,505,0,7,-96.0,524,65.0,265.0,272.8552729928451,3,-13.781597235653635,-19,11,1,3.9833035549742513
3427,234901,411045.0,3397035.0,22,270,6,5,2585.0,9.2,502,0,5,411020,3397210,503,12,7,-99.67,524,-25.0,175.0,176.7766952966369,1,8.130102354155952,-21,11,1,6.774642478819881
3428,234901,411045.0,3397035.0,22,270,6,5,2585.0,9.2,502,0,5,411025,3397205,503,0,7,-92.75,524,-20.0,170.0,171.1724276862369,1,6.709836807756915,-21,11,1,6.994284838503712
3429,234901,411045.0,3397035.0,22,270,6,5,2585.0,9.2,502,0,5,411010,3397240,504,0,7,-97.33,524,-35.0,205.0,207.9663434308542,2,9.688786560366793,-20,11,1,5.493207979895749
3430,234901,411045.0,3397035.0,22,270,6,5,2585.0,9.2,502,0,5,410985,3397245,505,0,7,-96.93,524,-60.0,210.0,218.40329667841556,3,15.945395900922847,-19,11,1,4.971930172978394
3431,234901,411045.0,3397035.0,22,270,6,5,2585.0,9.2,502,0,5,411085,3397305,504,0,7,-107.2,524,40.0,270.0,272.9468812791236,2,-8.426969021480659,-20,11,1,4.190820246084337
3432,234901,411045.0,3397035.0,22,270,6,5,2585.0,9.2,502,0,5,411005,3397225,504,12,7,-95.0,524,-40.0,190.0,194.164878389476,2,11.888658039628012,-20,11,1,5.881024693804078
3433,234901,411045.0,3397035.0,22,270,6,5,2585.0,9.2,502,0,5,410990,3397260,505,0,7,-96.5,524,-55.0,225.0,231.62469643800938,3,13.73626830562256,-19,11,1,4.68943051970225
3434,234901,411045.0,3397035.0,22,270,6,5,2585.0,9.2,502,0,5,411065,3397325,504,0,5,-108.29,524,20.0,290.0,290.68883707497264,2,-3.9451862290375743,-20,11,1,3.9358668506738494
3435,234901,411045.0,3397035.0,22,270,6,5,2585.0,9.2,502,0,5,410975,3397275,505,0,14,-99.36,524,-70.0,240.0,250.0,3,16.26020470831196,-19,11,1,4.34612435460243
3436,234901,411045.0,3397035.0,22,270,6,5,2585.0,9.2,502,0,5,411060,3397330,504,0,5,-110.0,524,15.0,295.0,295.3811097548386,2,-2.9108378261677217,-20,11,1,3.8735355555865256
3437,234901,411045.0,3397035.0,22,270,6,5,2585.0,9.2,502,0,5,410995,3397255,505,0,7,-95.57,524,-50.0,220.0,225.61028345356956,3,12.804266065286754,-19,11,1,4.8138634058772976
3438,234901,411045.0,3397035.0,22,270,6,5,2585.0,9.2,502,0,5,411115,3397295,505,0,7,-102.0,524,70.0,260.0,269.2582403567252,3,-15.068488159492205,-19,11,1,4.036341950764206
3439,234901,411045.0,3397035.0,22,270,6,5,2585.0,9.2,502,0,5,411030,3397220,504,12,7,-95.5,524,-15.0,185.0,185.60711193270586,2,4.635463426902675,-20,11,1,6.150147669587623
3440,234901,411045.0,3397035.0,22,270,6,5,2585.0,9.2,502,0,5,411015,3397235,504,12,7,-92.5,524,-30.0,200.0,202.23748416156684,2,8.530765609948162,-20,11,1,5.647823882177047
3441,234901,411045.0,3397035.0,22,270,6,5,2585.0,9.2,502,0,5,410970,3397280,505,0,14,-98.13,524,-75.0,245.0,256.2225595063791,3,17.020525611519872,-19,11,1,4.240965284540677
3442,234901,411045.0,3397035.0,22,270,6,5,2585.0,9.2,502,0,5,411100,3397290,505,0,7,-104.0,524,55.0,255.0,260.86394921491166,3,-12.171458208587467,-19,11,1,4.165776464806029
3443,234901,411045.0,3397035.0,22,270,6,5,2585.0,9.2,502,0,5,410965,3397265,505,0,5,-97.0,524,-80.0,230.0,243.51591323771842,3,19.17900802581073,-19,11,1,4.461387226613286
3444,234901,411045.0,3397035.0,22,270,6,5,2585.0,9.2,502,0,5,410980,3397250,505,0,7,-96.0,524,-65.0,215.0,224.61077445216202,3,16.821409890040854,-19,11,1,4.8351835700623855
3445,234901,411045.0,3397035.0,22,270,6,5,2585.0,9.2,502,0,5,410960,3397270,505,0,5,-94.88,524,-85.0,235.0,249.899979991996,3,19.885165113855464,-19,11,1,4.347857179270117
3446,234901,411045.0,3397035.0,22,270,6,5,2585.0,9.2,502,0,5,411105,3397285,505,0,7,-103.67,524,60.0,250.0,257.0992026436488,3,-13.495733280795832,-19,11,1,4.226557159013509
3447,234901,411045.0,3397035.0,22,270,6,5,2585.0,9.2,502,0,5,411000,3397230,504,12,7,-94.5,524,-45.0,195.0,200.124960961895,2,12.994616791916485,-20,11,1,5.707050905171045
3448,234901,411045.0,3397035.0,22,270,6,5,2585.0,9.2,502,0,5,410925,3397145,504,0,5,-87.17,524,-120.0,110.0,162.78820596099706,2,47.48955292199918,-20,11,1,7.004202982116153
3449,234901,411045.0,3397035.0,22,270,6,5,2585.0,9.2,502,0,5,411055,3397355,504,0,6,-115.0,524,10.0,320.0,320.1562118716424,2,-1.789910608246032,-20,11,1,3.5745939215186993
3450,234901,411045.0,3397035.0,22,270,6,5,2585.0,9.2,502,0,5,410915,3397175,504,0,7,-90.5,524,-130.0,140.0,191.049731745428,2,42.878903603338586,-20,11,1,5.976228793989439
3451,234901,411045.0,3397035.0,22,270,6,5,2585.0,9.2,502,0,5,410905,3397165,504,0,7,-84.0,524,-140.0,130.0,191.049731745428,2,47.121096396661414,-20,11,1,5.976228793989439
3452,234901,411045.0,3397035.0,22,270,6,5,2585.0,9.2,502,0,5,411090,3397320,504,15,7,-103.0,524,45.0,285.0,288.5307609250702,2,-8.972626614896399,-20,11,1,3.9652117480075972
3453,234901,411045.0,3397035.0,22,270,6,5,2585.0,9.2,502,0,5,410910,3397180,504,9,7,-90.67,524,-135.0,145.0,198.11612756158948,2,42.95459151111277,-20,11,1,5.764530773257338
3454,234901,411045.0,3397035.0,22,270,6,5,2585.0,9.2,502,0,5,411050,3397360,504,15,6,-114.33,524,5.0,325.0,325.0384592629002,2,-0.8814039965821507,-20,11,1,3.5210377591525446
3455,234901,411045.0,3397035.0,22,270,6,5,2585.0,9.2,502,0,5,410920,3397150,504,0,5,-89.5,524,-125.0,115.0,169.85287751463028,2,47.38594403038883,-20,11,1,6.715595646746535
3456,234901,411045.0,3397035.0,22,270,6,5,2585.0,9.2,502,0,5,411045,3397345,504,0,6,-117.5,524,0.0,310.0,310.0,2,0.0,-20,11,1,3.6913859864512757
3457,234901,411045.0,3397035.0,22,270,6,5,2585.0,9.2,502,0,5,411035,3397215,504,12,7,-98.0,524,-10.0,180.0,180.27756377319946,2,3.1798301198642207,-20,11,1,6.330509401162716
3458,234901,411045.0,3397035.0,22,270,6,5,2585.0,9.2,502,0,5,410885,3397185,504,9,7,-92.0,524,-160.0,150.0,219.31712199461307,2,46.847610265994604,-20,11,1,5.210513682296117
3459,234901,411045.0,3397035.0,22,270,6,5,2585.0,9.2,502,0,5,411000,3396785,504,6,14,-94.0,524,-45.0,-250.0,254.01771591761076,2,-190.2039737217317,-20,11,1,4.501876787329291
3460,234901,411045.0,3397035.0,22,270,6,5,2585.0,9.2,502,0,5,411020,3396765,506,6,6,-104.75,524,-25.0,-270.0,271.15493725912495,4,-185.29008120537128,-18,11,1,3.7978770913858626
3461,234901,411045.0,3397035.0,22,270,6,5,2585.0,9.2,502,0,5,411005,3396790,503,6,5,-100.5,524,-40.0,-245.0,248.2438317461282,1,-189.2726017772003,-21,11,1,4.835380952624596
3462,234901,411045.0,3397035.0,22,270,6,5,2585.0,9.2,502,0,5,411010,3396795,503,0,6,-105.5,524,-35.0,-240.0,242.53865671269807,1,-188.2971449698369,-21,11,1,4.94856402942082
3463,234901,411045.0,3397035.0,22,270,6,5,2585.0,9.2,502,0,5,411030,3396775,505,0,5,-101.5,524,-15.0,-260.0,260.43233286210835,3,-183.30186567443502,-19,11,1,4.172656070520016
3464,234901,411045.0,3397035.0,22,270,6,5,2585.0,9.2,502,0,5,410905,3396915,502,12,14,-91.0,524,-140.0,-120.0,184.39088914585776,0,-229.39870535499554,-22,11,1,6.803896320851287
3465,234901,411045.0,3397035.0,22,270,6,5,2585.0,9.2,502,0,5,411050,3397050,502,9,5,-89.0,524,5.0,15.0,15.811388300841896,0,-18.434948822922024,-22,11,1,54.29521768819699
3466,234901,411045.0,3397035.0,22,270,6,5,2585.0,9.2,502,0,5,411040,3397060,503,0,5,-90.0,524,-5.0,25.0,25.495097567963924,1,11.30993247402023,-21,11,1,39.47786588524411
3467,234901,411045.0,3397035.0,22,270,6,5,2585.0,9.2,502,0,5,410925,3396935,503,0,5,-84.25,524,-120.0,-100.0,156.20499351813308,1,-230.19442890773482,-21,11,1,7.656862275512226
3468,234901,411045.0,3397035.0,22,270,6,5,2585.0,9.2,502,0,5,411085,3397095,502,9,5,-99.0,524,40.0,60.0,72.11102550927978,0,-33.69006752597977,-22,11,1,16.966167091928728
3469,234901,411045.0,3397035.0,22,270,6,5,2585.0,9.2,502,0,5,411060,3397080,502,9,6,-89.67,524,15.0,45.0,47.43416490252569,0,-18.434948822922024,-22,11,1,24.881904412572972
3470,234901,411045.0,3397035.0,22,270,6,5,2585.0,9.2,502,0,5,411085,3396775,504,0,14,-103.0,524,40.0,-260.0,263.0589287593181,2,-171.2538377374448,-20,11,1,4.347753151335396
3471,234901,411045.0,3397035.0,22,270,6,5,2585.0,9.2,502,0,5,411070,3396750,506,6,14,-112.5,524,25.0,-285.0,286.09439001839934,4,-174.98688624496418,-18,11,1,3.6000930867348147
3472,234901,411045.0,3397035.0,22,270,6,5,2585.0,9.2,502,0,5,411105,3396795,503,0,14,-107.67,524,60.0,-240.0,247.38633753705963,1,-165.96375653207355,-21,11,1,4.852061542814418
3473,234901,411045.0,3397035.0,22,270,6,5,2585.0,9.2,502,0,5,411160,3396700,504,0,14,-105.5,524,115.0,-335.0,354.18921496849674,2,-161.05349531049094,-20,11,1,3.2318883274501844
3474,234901,411045.0,3397035.0,22,270,6,5,2585.0,9.2,502,0,5,411170,3396690,504,6,5,-110.5,524,125.0,-345.0,366.94686263817545,2,-160.08359400619094,-20,11,1,3.11975115396836
3475,234901,411045.0,3397035.0,22,270,6,5,2585.0,9.2,502,0,5,411060,3396760,505,6,6,-108.0,524,15.0,-275.0,275.40878707840824,3,-176.8778695378843,-19,11,1,3.9464887112773437
3476,234901,411045.0,3397035.0,22,270,6,5,2585.0,9.2,502,0,5,411180,3396720,503,6,5,-119.0,524,135.0,-315.0,342.70978976387585,1,-156.80140948635182,-21,11,1,3.506491072704871
3477,234901,411045.0,3397035.0,22,270,6,5,2585.0,9.2,502,0,5,411095,3396765,504,6,6,-99.67,524,50.0,-270.0,274.5906043549196,2,-169.5085229876684,-20,11,1,4.165822216233385
3478,234901,411045.0,3397035.0,22,270,6,5,2585.0,9.2,502,0,5,411185,3396715,503,0,5,-109.33,524,140.0,-320.0,349.28498393145964,1,-156.3706222693432,-21,11,1,3.4406424273240352
3479,234901,411045.0,3397035.0,22,270,6,5,2585.0,9.2,502,0,5,411080,3396780,504,6,14,-105.0,524,35.0,-255.0,257.390753524675,2,-172.1847064532331,-20,11,1,4.44311867549612
3480,234901,411045.0,3397035.0,22,270,6,5,2585.0,9.2,502,0,5,410825,3397095,505,0,5,-77.0,524,-220.0,60.0,228.0350850198276,3,74.74488129694225,-19,11,1,4.762912138492461
3481,234901,411045.0,3397035.0,22,270,6,5,2585.0,9.2,502,0,5,410855,3397065,505,5,14,-92.5,524,-190.0,30.0,192.35384061671346,3,81.0273733851036,-19,11,1,5.6411659042729845
3482,234901,411045.0,3397035.0,22,270,6,5,2585.0,9.2,502,0,5,410865,3397055,505,5,5,-89.0,524,-180.0,20.0,181.10770276274835,3,83.65980825409008,-19,11,1,5.988989666500021
3483,234901,411045.0,3397035.0,22,270,6,5,2585.0,9.2,502,0,5,410810,3397110,505,0,14,-92.5,524,-235.0,75.0,246.6779276708802,3,72.29957221133282,-19,11,1,4.404425892656444
3484,234901,411045.0,3397035.0,22,270,6,5,2585.0,9.2,502,0,5,410845,3397075,505,0,6,-86.0,524,-200.0,40.0,203.9607805437114,3,78.69006752597977,-19,11,1,5.322038533038611
3485,234901,411045.0,3397035.0,22,270,6,5,2585.0,9.2,502,0,5,410785,3396975,505,69,10,-105.5,524,-260.0,-60.0,266.8332812825267,3,-257.00538320808346,-19,11,1,4.072901001623055
3486,234901,411045.0,3397035.0,22,270,6,5,2585.0,9.2,502,0,5,410840,3397080,505,12,6,-94.0,524,-205.0,45.0,209.88091861815357,3,77.61924307119284,-19,11,1,5.172745215218803
3487,234901,411045.0,3397035.0,22,270,6,5,2585.0,9.2,502,0,5,410850,3397070,505,0,5,-88.6,524,-195.0,35.0,198.11612756158948,3,79.82448915695682,-19,11,1,5.478103233438338
3488,234901,411045.0,3397035.0,22,270,6,5,2585.0,9.2,502,0,5,410790,3396970,505,69,10,-110.5,524,-255.0,-65.0,263.1539473388153,3,-255.6997225508144,-19,11,1,4.129651329455542
3489,234901,411045.0,3397035.0,22,270,6,5,2585.0,9.2,502,0,5,410770,3396990,505,0,5,-92.2,524,-275.0,-45.0,278.65749586185547,3,-260.7066914006029,-19,11,1,3.9006217139854438
3490,234901,411045.0,3397035.0,22,270,6,5,2585.0,9.2,502,0,5,410720,3397040,507,12,5,-98.0,524,-325.0,5.0,325.0384592629002,5,89.1185960034179,-17,11,1,2.993927470795338
3491,234901,411045.0,3397035.0,22,270,6,5,2585.0,9.2,502,0,5,410860,3397060,505,5,14,-88.9,524,-185.0,25.0,186.6815470259447,3,82.30394827798341,-19,11,1,5.811415915059137
3492,234901,411045.0,3397035.0,22,270,6,5,2585.0,9.2,502,0,5,410755,3397005,506,0,6,-88.67,524,-290.0,-30.0,291.547594742265,4,-264.0938588862295,-18,11,1,3.5329279007238
3493,234901,411045.0,3397035.0,22,270,6,5,2585.0,9.2,502,0,5,410760,3397000,506,0,6,-88.64,524,-285.0,-35.0,287.14108030722457,4,-262.99873244250466,-18,11,1,3.5870043072512954
3494,234901,411045.0,3397035.0,22,270,6,5,2585.0,9.2,502,0,5,410765,3396995,505,0,5,-89.64,524,-280.0,-40.0,282.842712474619,3,-261.86989764584405,-19,11,1,3.843078560535127
3495,234901,411045.0,3397035.0,22,270,6,5,2585.0,9.2,502,0,5,410875,3397045,505,0,14,-84.57,524,-170.0,10.0,170.29386365926402,3,86.63353933657015,-19,11,1,6.3662664184107705
3496,234901,411045.0,3397035.0,22,270,6,5,2585.0,9.2,502,0,5,410750,3397010,506,0,14,-88.08,524,-295.0,-25.0,296.05742686174926,4,-265.15599962491933,-18,11,1,3.4792441558873466
3497,234901,411045.0,3397035.0,22,270,6,5,2585.0,9.2,502,0,5,410740,3397020,506,0,5,-93.0,524,-305.0,-15.0,305.3686296920494,4,-267.18444331578877,-18,11,1,3.3734049908809607
3498,234901,411045.0,3397035.0,22,270,6,5,2585.0,9.2,502,0,5,410745,3397015,506,0,14,-93.0,524,-300.0,-20.0,300.66592756745814,4,-266.18592516570965,-18,11,1,3.4260435481074714
3499,234901,411045.0,3397035.0,22,270,6,5,2585.0,9.2,502,0,5,410735,3397025,506,0,14,-91.75,524,-310.0,-10.0,310.16124838541646,4,-268.1523897340054,-18,11,1,3.321396671297541
3500,234901,411045.0,3397035.0,22,270,6,5,2585.0,9.2,502,0,5,410835,3397085,505,12,5,-82.0,524,-210.0,50.0,215.87033144922904,3,76.60750224624894,-19,11,1,5.029971918691721
3501,234901,411045.0,3397035.0,22,270,6,5,2585.0,9.2,502,0,5,410870,3397050,505,0,5,-87.56,524,-175.0,15.0,175.64168070250295,3,85.10090754621228,-19,11,1,6.173950901533865
3502,234901,411045.0,3397035.0,22,270,6,5,2585.0,9.2,502,0,5,410725,3397035,506,12,5,-93.67,524,-320.0,0.0,320.0,4,90.0,-18,11,1,3.2194948968528294
3503,234901,411045.0,3397035.0,22,270,6,5,2585.0,9.2,502,0,5,410925,3396845,502,0,14,-91.5,524,-120.0,-190.0,224.72205054244233,0,-212.27564431457762,-22,11,1,5.591365774814198
3504,234901,411045.0,3397035.0,22,270,6,5,2585.0,9.2,502,0,5,410920,3396850,502,0,6,-83.88,524,-125.0,-185.0,223.27113561766106,0,-214.04593735660166,-22,11,1,5.62746846919261
3505,234901,411045.0,3397035.0,22,270,6,5,2585.0,9.2,502,0,5,410915,3396835,502,0,5,-90.0,524,-130.0,-200.0,238.53720883753127,0,-213.02386755579664,-22,11,1,5.269413793225679
3506,234901,411045.0,3397035.0,22,270,6,5,2585.0,9.2,502,0,5,410885,3396805,501,6,14,-98.67,524,-160.0,-230.0,280.178514522438,-1,-214.82448915695682,-23,11,1,4.69291759322877
3507,234901,411045.0,3397035.0,22,270,6,5,2585.0,9.2,502,0,5,410905,3396825,502,0,14,-99.5,524,-140.0,-210.0,252.38858928247924,0,-213.69006752597977,-22,11,1,4.9817194004186325
3508,234901,411045.0,3397035.0,22,270,6,5,2585.0,9.2,502,0,5,410900,3396830,502,0,6,-99.0,524,-145.0,-205.0,251.09759058979438,0,-215.2724214485984,-22,11,1,5.0072026402238246
3509,234901,411045.0,3397035.0,22,270,6,5,2585.0,9.2,502,0,5,411110,3397040,501,0,5,-90.5,524,65.0,5.0,65.19202405202648,-1,-85.60129464500446,-23,11,1,19.433040143213535
3510,234901,411045.0,3397035.0,22,270,6,5,2585.0,9.2,502,0,5,410795,3396620,505,0,14,-94.0,524,-250.0,-415.0,484.48426187029025,3,-211.06516488549863,-19,11,1,2.245815442561953
3511,234901,411045.0,3397035.0,22,270,6,5,2585.0,9.2,502,0,5,410935,3396835,502,6,5,-91.33,524,-110.0,-200.0,228.25424421026653,0,-208.81079374297306,-22,11,1,5.505376116841371
3512,234901,411045.0,3397035.0,22,270,6,5,2585.0,9.2,502,0,5,410925,3396825,502,0,14,-88.0,524,-120.0,-210.0,241.8677324489565,0,-209.74488129694222,-22,11,1,5.197253975822882
3513,234901,411045.0,3397035.0,22,270,6,5,2585.0,9.2,502,0,5,411060,3397010,501,0,5,-87.0,524,15.0,-25.0,29.154759474226502,-1,-149.03624346792648,-23,11,1,38.269678619220066
3514,234901,411045.0,3397035.0,22,270,6,5,2585.0,9.2,502,0,5,411055,3397035,501,0,5,-79.0,524,10.0,0.0,10.0,-1,-90.0,-23,11,1,66.5014343240479
3515,234901,411045.0,3397035.0,22,270,6,5,2585.0,9.2,502,0,5,410920,3396830,502,0,6,-93.75,524,-125.0,-205.0,240.10414407085938,0,-211.37300514010843,-22,11,1,5.2352169613717505
3516,234901,411045.0,3397035.0,22,270,6,5,2585.0,9.2,502,0,5,411050,3397040,502,0,5,-84.0,524,5.0,5.0,7.0710678118654755,0,-45.0,-22,11,1,72.1819626544587
3517,234901,411045.0,3397035.0,22,270,6,5,2585.0,9.2,502,0,5,411045,3397025,501,0,5,-77.11,524,0.0,-10.0,10.0,-1,-180.0,-23,11,1,66.5014343240479
3518,234901,411045.0,3397035.0,22,270,6,5,2585.0,9.2,502,0,5,411070,3397020,501,0,5,-87.0,524,25.0,-15.0,29.154759474226502,-1,-120.96375653207352,-23,11,1,38.269678619220066
3519,234901,411045.0,3397035.0,22,270,6,5,2585.0,9.2,502,0,5,411040,3397030,501,0,5,-79.0,524,-5.0,-5.0,7.0710678118654755,-1,-225.0,-23,11,1,72.9105966502609
3520,234901,411045.0,3397035.0,22,270,6,5,2585.0,9.2,502,0,5,410880,3396940,503,12,5,-90.0,524,-165.0,-95.0,190.3943276465977,1,-240.06848815949223,-21,11,1,6.294134197487801
3521,234901,411045.0,3397035.0,22,270,6,5,2585.0,9.2,502,0,5,410890,3396930,503,0,14,-85.83,524,-155.0,-105.0,187.21645226849054,1,-235.88552705465875,-21,11,1,6.40009375706436
3522,234901,411045.0,3397035.0,22,270,6,5,2585.0,9.2,502,0,5,410930,3396890,502,0,14,-82.5,524,-115.0,-145.0,185.06755523321746,0,-218.418055344822,-22,11,1,6.779251054289305
3523,234901,411045.0,3397035.0,22,270,6,5,2585.0,9.2,502,0,5,411090,3397050,502,12,5,-75.5,524,45.0,15.0,47.43416490252569,0,-71.56505117707798,-22,11,1,24.881904412572972
3524,234901,411045.0,3397035.0,22,270,6,5,2585.0,9.2,502,0,5,410885,3396935,503,0,5,-91.5,524,-160.0,-100.0,188.67962264113208,1,-237.9946167919165,-21,11,1,6.350869480196178
3525,234901,411045.0,3397035.0,22,270,6,5,2585.0,9.2,502,0,5,411050,3397090,502,9,5,-85.0,524,5.0,55.0,55.226805085936306,0,-5.194428907734789,-22,11,1,21.72022495445403
3526,234901,411045.0,3397035.0,22,270,6,5,2585.0,9.2,502,0,5,410905,3396955,503,0,5,-81.0,524,-140.0,-80.0,161.24515496597098,1,-240.25511870305778,-21,11,1,7.420235364524535
3527,234901,411045.0,3397035.0,22,270,6,5,2585.0,9.2,502,0,5,410915,3396945,503,12,5,-81.33,524,-130.0,-90.0,158.11388300841898,1,-235.30484646876604,-21,11,1,7.565499081965512
3528,234901,411045.0,3397035.0,22,270,6,5,2585.0,9.2,502,0,5,410925,3396895,502,0,5,-83.5,524,-120.0,-140.0,184.39088914585776,0,-220.6012946450045,-22,11,1,6.803896320851287
3529,234901,411045.0,3397035.0,22,270,6,5,2585.0,9.2,502,0,5,410920,3396900,502,0,5,-85.57,524,-125.0,-135.0,183.98369492974098,0,-222.7974018382342,-22,11,1,6.818813128826634
3530,234901,411045.0,3397035.0,22,270,6,5,2585.0,9.2,502,0,5,411055,3397085,502,9,6,-85.5,524,10.0,50.0,50.99019513592785,0,-11.30993247402023,-22,11,1,23.33804811782931
3531,234901,411045.0,3397035.0,22,270,6,5,2585.0,9.2,502,0,5,410900,3396960,503,0,5,-82.0,524,-145.0,-75.0,163.24827717314508,1,-242.65012421993012,-21,11,1,7.330182383174245
3532,234901,411045.0,3397035.0,22,270,6,5,2585.0,9.2,502,0,5,410910,3396950,503,0,5,-84.0,524,-135.0,-85.0,159.53056133543816,1,-237.80426606528675,-21,11,1,7.499083226184342
3533,234901,411045.0,3397035.0,22,270,6,5,2585.0,9.2,502,0,5,410930,3396845,502,0,14,-90.0,524,-115.0,-190.0,222.0923231451281,0,-211.18497465873838,-22,11,1,5.657144473212773
3534,234901,411045.0,3397035.0,22,270,6,5,2585.0,9.2,502,0,5,410925,3396860,502,0,14,-88.25,524,-120.0,-175.0,212.19095173922943,0,-214.43898930880363,-22,11,1,5.9192882923227605
3535,234901,411045.0,3397035.0,22,270,6,5,2585.0,9.2,502,0,5,410920,3396855,502,0,5,-92.0,524,-125.0,-180.0,219.14607000811125,0,-214.77783136636387,-22,11,1,5.7326972489960735
3536,234901,411045.0,3397035.0,22,270,6,5,2585.0,9.2,502,0,5,410915,3396830,502,0,6,-89.67,524,-130.0,-205.0,242.7447218787671,0,-212.38067770656923,-22,11,1,5.178579584797792
3537,234901,411045.0,3397035.0,22,270,6,5,2585.0,9.2,502,0,5,410890,3396805,501,6,14,-102.67,524,-155.0,-230.0,277.35356496717327,-1,-213.97654403625688,-23,11,1,4.740499960687842
3538,234901,411045.0,3397035.0,22,270,6,5,2585.0,9.2,502,0,5,411065,3397000,500,0,5,-99.67,524,20.0,-35.0,40.311288741492746,-2,-150.25511870305778,-24,11,1,30.768161119612284
3539,234901,411045.0,3397035.0,22,270,6,5,2585.0,9.2,502,0,5,411140,3397230,506,0,5,-105.2,524,95.0,195.0,216.91011963483862,4,-25.97439396243132,-18,11,1,4.743745630079875
3540,234901,411045.0,3397035.0,22,270,6,5,2585.0,9.2,502,0,5,410900,3397310,507,0,14,-94.67,524,-145.0,275.0,310.8858311341963,5,27.801458779934137,-17,11,1,3.1299565802741
3541,234901,411045.0,3397035.0,22,270,6,5,2585.0,9.2,502,0,5,410895,3397295,507,0,14,-94.7,524,-150.0,260.0,300.1666203960727,5,29.981639368849358,-17,11,1,3.2414957940174958
3542,234901,411045.0,3397035.0,22,270,6,5,2585.0,9.2,502,0,5,410890,3397300,507,0,5,-100.1,524,-155.0,265.0,307.001628660175,5,30.32360686254998,-17,11,1,3.169476738892878
3543,234901,411045.0,3397035.0,22,270,6,5,2585.0,9.2,502,0,5,410880,3397290,507,0,5,-106.27,524,-165.0,255.0,303.7268509697488,5,32.905242922987895,-17,11,1,3.203579182495023
3544,234901,411045.0,3397035.0,22,270,6,5,2585.0,9.2,502,0,5,411130,3397220,505,0,6,-106.56,524,85.0,185.0,203.59273071502332,3,-24.67686317033707,-19,11,1,5.331604186932867
3545,234901,411045.0,3397035.0,22,270,6,5,2585.0,9.2,502,0,5,411125,3397205,505,0,6,-104.43,524,80.0,170.0,187.88294228055935,3,-25.201123645475093,-19,11,1,5.7745074284988265
3546,234901,411045.0,3397035.0,22,270,6,5,2585.0,9.2,502,0,5,410885,3397285,507,0,5,-100.42,524,-160.0,250.0,296.8164415931166,5,32.61924307119284,-17,11,1,3.2780033423247814
3547,234901,411045.0,3397035.0,22,270,6,5,2585.0,9.2,502,0,5,410905,3397305,506,0,14,-96.2,524,-140.0,270.0,304.138126514911,4,27.407575437818423,-18,11,1,3.3870216367885724
3548,234901,411045.0,3397035.0,22,270,6,5,2585.0,9.2,502,0,5,410910,3397320,506,0,14,-101.33,524,-135.0,285.0,315.35694062442957,4,25.346175941946683,-18,11,1,3.2667942031563673
3549,234901,411045.0,3397035.0,22,270,6,5,2585.0,9.2,502,0,5,411135,3397215,505,0,5,-101.67,524,90.0,180.0,201.24611797498108,3,-26.565051177077976,-19,11,1,5.39340838403445
3550,234901,411045.0,3397035.0,22,270,6,5,2585.0,9.2,502,0,5,411115,3397195,504,0,5,-101.33,524,70.0,160.0,174.64249196572982,2,-23.629377730656813,-20,11,1,6.533033075626061
3551,234901,411045.0,3397035.0,22,270,6,5,2585.0,9.2,502,0,5,411120,3397200,504,0,5,-103.67,524,75.0,165.0,181.24568960391858,2,-24.443954780416533,-20,11,1,6.29696726737592
3552,234901,411045.0,3397035.0,22,270,6,5,2585.0,9.2,502,0,5,411010,3397310,504,0,7,-103.5,524,-35.0,275.0,277.2183255125822,2,7.253194612725338,-20,11,1,4.126471912106488
3553,234901,411045.0,3397035.0,22,270,6,5,2585.0,9.2,502,0,5,411135,3397185,504,0,5,-105.25,524,90.0,150.0,174.92855684535903,2,-30.963756532073518,-20,11,1,6.522441584995145
3554,234901,411045.0,3397035.0,22,270,6,5,2585.0,9.2,502,0,5,411040,3397280,504,0,14,-108.25,524,-5.0,245.0,245.05101509685693,2,1.1691393279074305,-20,11,1,4.665891107801682
3555,234901,411045.0,3397035.0,22,270,6,5,2585.0,9.2,502,0,5,411015,3397305,504,0,7,-106.67,524,-30.0,270.0,271.6615541441225,2,6.3401917459099195,-20,11,1,4.210577357609904
3556,234901,411045.0,3397035.0,22,270,6,5,2585.0,9.2,502,0,5,411045,3397275,504,0,14,-106.33,524,0.0,240.0,240.0,2,0.0,-20,11,1,4.763641690726178
3557,234901,411045.0,3397035.0,22,270,6,5,2585.0,9.2,502,0,5,411030,3397290,504,0,14,-109.33,524,-15.0,255.0,255.44079548889601,2,3.366460663429791,-20,11,1,4.476898740140696
3558,234901,411045.0,3397035.0,22,270,6,5,2585.0,9.2,502,0,5,411125,3397195,504,0,6,-105.75,524,80.0,160.0,178.88543819998318,2,-26.565051177077976,-20,11,1,6.379370208442803
3559,234901,411045.0,3397035.0,22,270,6,5,2585.0,9.2,502,0,5,411020,3397300,504,0,7,-107.89,524,-25.0,265.0,266.1766330841233,2,5.3893117599733955,-20,11,1,4.297020149953015
3560,234901,411045.0,3397035.0,22,270,6,5,2585.0,9.2,502,0,5,411025,3397295,504,0,5,-106.14,524,-20.0,260.0,260.76809620810593,2,4.3987053549955135,-20,11,1,4.385799530775009
3561,234901,411045.0,3397035.0,22,270,6,5,2585.0,9.2,502,0,5,411130,3397190,504,0,6,-105.2,524,85.0,155.0,176.7766952966369,2,-28.73979529168804,-20,11,1,6.454830247455114
3562,234901,411045.0,3397035.0,22,270,6,5,2585.0,9.2,502,0,5,411050,3397270,504,0,14,-109.0,524,5.0,235.0,235.05318547086316,2,-1.2188752351312928,-20,11,1,4.863419024383229
3563,234901,411045.0,3397035.0,22,270,6,5,2585.0,9.2,502,0,5,411140,3397180,504,15,14,-105.0,524,95.0,145.0,173.34935823359717,2,-33.23171106797935,-20,11,1,6.581341539958256
3564,234901,411045.0,3397035.0,22,270,6,5,2585.0,9.2,502,0,5,410915,3396865,502,0,14,-91.0,524,-130.0,-170.0,214.00934559032697,0,-217.40535663140855,-22,11,1,5.869345912453528
3565,234901,411045.0,3397035.0,22,270,6,5,2585.0,9.2,502,0,5,411070,3397030,501,0,5,-84.25,524,25.0,-5.0,25.495097567963924,-1,-101.3099324740202,-23,11,1,42.05469990241444
3566,234901,411045.0,3397035.0,22,270,6,5,2585.0,9.2,502,0,5,410920,3396820,502,0,14,-92.5,524,-125.0,-215.0,248.69660230891776,0,-210.17352002964432,-22,11,1,5.055294304518943
3567,234901,411045.0,3397035.0,22,270,6,5,2585.0,9.2,502,0,5,410925,3396815,502,6,5,-100.0,524,-120.0,-220.0,250.59928172283335,0,-208.6104596659652,-22,11,1,5.017108538644788
3568,234901,411045.0,3397035.0,22,270,6,5,2585.0,9.2,502,0,5,411040,3397020,501,0,5,-76.6,524,-5.0,-15.0,15.811388300841896,-1,-198.43494882292202,-23,11,1,55.49335758659368
3569,234901,411045.0,3397035.0,22,270,6,5,2585.0,9.2,502,0,5,411060,3397040,502,0,5,-75.75,524,15.0,5.0,15.811388300841896,0,-71.56505117707798,-22,11,1,54.29521768819699
3570,234901,411045.0,3397035.0,22,270,6,5,2585.0,9.2,502,0,5,411155,3397105,504,0,14,-115.5,524,110.0,70.0,130.38404810405297,2,-57.52880770915152,-20,11,1,8.720796928163413
3571,234901,411045.0,3397035.0,22,270,6,5,2585.0,9.2,502,0,5,411075,3397025,501,0,5,-92.75,524,30.0,-10.0,31.622776601683793,-1,-108.43494882292202,-23,11,1,36.02928958267325
3572,234901,411045.0,3397035.0,22,270,6,5,2585.0,9.2,502,0,5,411045,3397015,501,0,5,-75.4,524,0.0,-20.0,20.0,-1,-180.0,-23,11,1,48.99091309842978
3573,234901,411045.0,3397035.0,22,270,6,5,2585.0,9.2,502,0,5,410840,3397310,507,0,14,-97.5,524,-205.0,275.0,343.0014577228499,5,36.702855030163164,-17,11,1,2.837398665120879
3574,234901,411045.0,3397035.0,22,270,6,5,2585.0,9.2,502,0,5,410870,3397300,507,0,5,-104.28,524,-175.0,265.0,317.56889016400834,5,33.43986920578226,-17,11,1,3.0642152707141532
3575,234901,411045.0,3397035.0,22,270,6,5,2585.0,9.2,502,0,5,410860,3397290,507,0,5,-98.25,524,-185.0,255.0,315.03968004046726,5,35.9605171966449,-17,11,1,3.0887680417696033
3576,234901,411045.0,3397035.0,22,270,6,5,2585.0,9.2,502,0,5,410845,3397305,507,0,5,-99.25,524,-200.0,270.0,336.00595232822883,5,36.52885536698517,-17,11,1,2.896372571259596
3577,234901,411045.0,3397035.0,22,270,6,5,2585.0,9.2,502,0,5,410875,3397295,507,0,5,-101.89,524,-170.0,260.0,310.64449134018133,5,33.17851165939277,-17,11,1,3.1323834039461547
3578,234901,411045.0,3397035.0,22,270,6,5,2585.0,9.2,502,0,5,410865,3397285,507,0,5,-101.72,524,-180.0,250.0,308.05843601498725,5,35.75388725443679,-17,11,1,3.1586257704821423
3579,234901,411045.0,3397035.0,22,270,6,5,2585.0,9.2,502,0,5,410855,3397315,507,0,5,-100.5,524,-190.0,280.0,338.3784863137726,5,34.159694545669424,-17,11,1,2.8760989300049746
3580,234901,411045.0,3397035.0,22,270,6,5,2585.0,9.2,502,0,5,411135,3396770,504,6,5,-108.4,524,90.0,-265.0,279.8660393831306,2,-161.24134965215777,-20,11,1,4.087565773173166
3581,234901,411045.0,3397035.0,22,270,6,5,2585.0,9.2,502,0,5,411175,3396730,503,6,14,-109.5,524,130.0,-305.0,331.54939300200806,1,-156.91486632719173,-21,11,1,3.62421476909957
3582,234901,411045.0,3397035.0,22,270,6,5,2585.0,9.2,502,0,5,411095,3396650,504,6,5,-120.0,524,50.0,-385.0,388.2331773560833,2,-172.6004053401129,-20,11,1,2.94900996609104
3583,234901,411045.0,3397035.0,22,270,6,5,2585.0,9.2,502,0,5,411190,3396745,503,6,14,-112.5,524,145.0,-290.0,324.2298567374695,1,-153.43494882292202,-21,11,1,3.705806464302055
3584,234901,411045.0,3397035.0,22,270,6,5,2585.0,9.2,502,0,5,411160,3396735,504,0,14,-111.5,524,115.0,-300.0,321.2864765283469,2,-159.0265065786792,-20,11,1,3.562051169965899
3585,234901,411045.0,3397035.0,22,270,6,5,2585.0,9.2,502,0,5,411395,3397030,503,0,5,-106.67,524,350.0,-5.0,350.03571246374275,1,-90.81845546168861,-21,11,1,3.4332808836423525
3586,234901,411045.0,3397035.0,22,270,6,5,2585.0,9.2,502,0,5,411165,3396740,504,6,14,-109.5,524,120.0,-295.0,318.47291878588356,2,-157.86450812189963,-20,11,1,3.5934381117023775
3587,234901,411045.0,3397035.0,22,270,6,5,2585.0,9.2,502,0,5,411180,3396755,503,0,6,-99.5,524,135.0,-280.0,310.84562084739105,1,-154.25929164376714,-21,11,1,3.8648955800166824
3588,234901,411045.0,3397035.0,22,270,6,5,2585.0,9.2,502,0,5,411380,3397035,502,0,5,-104.0,524,335.0,0.0,335.0,0,-90.0,-22,11,1,3.757312638165375
3589,234901,411045.0,3397035.0,22,270,6,5,2585.0,9.2,502,0,5,411170,3396725,504,6,14,-109.0,524,125.0,-310.0,334.2528982671654,2,-158.03943597990354,-20,11,1,3.424206591275398
3590,234901,411045.0,3397035.0,22,270,6,5,2585.0,9.2,502,0,5,410940,3396990,503,0,5,-80.0,524,-105.0,-45.0,114.23659658795863,1,-246.80140948635182,-21,11,1,10.416331836297568
3591,234901,411045.0,3397035.0,22,270,6,5,2585.0,9.2,502,0,5,411235,3396715,503,0,5,-105.67,524,190.0,-320.0,372.1558813185679,1,-149.3002774491856,-21,11,1,3.2296594241313152
3592,234901,411045.0,3397035.0,22,270,6,5,2585.0,9.2,502,0,5,410930,3396980,503,6,14,-82.0,524,-115.0,-55.0,127.47548783981962,1,-244.4400348281762,-21,11,1,9.354745938095656
3593,234901,411045.0,3397035.0,22,270,6,5,2585.0,9.2,502,0,5,410880,3397010,504,12,5,-85.6,524,-165.0,-25.0,166.88319268278636,2,-261.3843518158359,-20,11,1,6.833979136069111
3594,234901,411045.0,3397035.0,22,270,6,5,2585.0,9.2,502,0,5,410935,3396975,503,0,5,-77.33,524,-110.0,-60.0,125.29964086141668,1,-241.3895403340348,-21,11,1,9.514247316317931
3595,234901,411045.0,3397035.0,22,270,6,5,2585.0,9.2,502,0,5,410950,3397000,503,12,5,-86.5,524,-95.0,-35.0,101.24228365658294,1,-249.77514056883192,-21,11,1,11.718303070404364
3596,234901,411045.0,3397035.0,22,270,6,5,2585.0,9.2,502,0,5,410915,3397035,504,0,14,-82.0,524,-130.0,0.0,130.0,2,90.0,-20,11,1,8.74616226255521
3597,234901,411045.0,3397035.0,22,270,6,5,2585.0,9.2,502,0,5,410885,3397005,504,12,5,-86.8,524,-160.0,-30.0,162.78820596099706,2,-259.38034472384487,-20,11,1,7.004202982116153
3598,234901,411045.0,3397035.0,22,270,6,5,2585.0,9.2,502,0,5,410925,3396965,503,0,5,-85.0,524,-120.0,-70.0,138.92443989449805,1,-239.74356283647072,-21,11,1,8.595828363194181
3599,234901,411045.0,3397035.0,22,270,6,5,2585.0,9.2,502,0,5,410910,3397040,504,5,5,-82.0,524,-135.0,5.0,135.09256086106296,2,87.87890360333859,-20,11,1,8.421277970761942
3600,234901,411045.0,3397035.0,22,270,6,5,2585.0,9.2,502,0,5,410905,3397025,504,0,14,-83.22,524,-140.0,-10.0,140.356688476182,2,-265.9143832200251,-20,11,1,8.10971651050075
3601,234901,411045.0,3397035.0,22,270,6,5,2585.0,9.2,502,0,5,410890,3397020,504,0,5,-83.3,524,-155.0,-15.0,155.72411502397438,2,-264.4724598483439,-20,11,1,7.318562407692817
3602,234901,411045.0,3397035.0,22,270,6,5,2585.0,9.2,502,0,5,410900,3397030,504,0,14,-76.67,524,-145.0,-5.0,145.08618128546908,2,-268.02506598911805,-20,11,1,7.848706584986847
3603,234901,411045.0,3397035.0,22,270,6,5,2585.0,9.2,502,0,5,411210,3396700,503,0,5,-112.33,524,165.0,-335.0,373.4300469967568,1,-153.77803322244554,-21,11,1,3.2186628416829937
3604,234901,411045.0,3397035.0,22,270,6,5,2585.0,9.2,502,0,5,410895,3397015,504,0,5,-85.0,524,-150.0,-20.0,151.32745950421557,2,-262.4053566314086,-20,11,1,7.5287899532992935
3605,234901,411045.0,3397035.0,22,270,6,5,2585.0,9.2,502,0,5,410920,3396970,503,0,5,-81.8,524,-125.0,-65.0,140.8900280360537,1,-242.52556837372288,-21,11,1,8.477660751312353
3606,234901,411045.0,3397035.0,22,270,6,5,2585.0,9.2,502,0,5,411215,3396695,504,6,14,-113.33,524,170.0,-340.0,380.13155617496426,2,-153.43494882292202,-20,11,1,3.0117467566453606
3607,234901,411045.0,3397035.0,22,270,6,5,2585.0,9.2,502,0,5,410800,3397280,506,0,14,-102.0,524,-245.0,245.0,346.4823227814083,4,45.0,-18,11,1,2.97388252725027
3608,234901,411045.0,3397035.0,22,270,6,5,2585.0,9.2,502,0,5,410865,3397215,506,0,7,-89.0,524,-180.0,180.0,254.55844122715712,4,45.0,-18,11,1,4.044691235386268
3609,234901,411045.0,3397035.0,22,270,6,5,2585.0,9.2,502,0,5,410860,3397220,507,0,7,-95.67,524,-185.0,185.0,261.6295090390226,5,45.0,-17,11,1,3.7177033873122336
3610,234901,411045.0,3397035.0,22,270,6,5,2585.0,9.2,502,0,5,410880,3396780,503,0,14,-91.0,524,-165.0,-255.0,303.7268509697488,1,-212.9052429229879,-21,11,1,3.9551970272526704
3611,234901,411045.0,3397035.0,22,270,6,5,2585.0,9.2,502,0,5,410885,3396775,503,0,5,-93.33,524,-160.0,-260.0,305.28675044947494,1,-211.6075022462489,-21,11,1,3.9350511239967525
3612,234901,411045.0,3397035.0,22,270,6,5,2585.0,9.2,502,0,5,410900,3396800,502,0,14,-96.33,524,-145.0,-235.0,276.1340254296815,0,-211.6754687381092,-22,11,1,4.555216325579945
3613,234901,411045.0,3397035.0,22,270,6,5,2585.0,9.2,502,0,5,410890,3396770,504,6,6,-100.5,524,-155.0,-265.0,307.001628660175,2,-210.32360686254998,-20,11,1,3.727337245858409
3614,234901,411045.0,3397035.0,22,270,6,5,2585.0,9.2,502,0,5,411060,3396640,503,6,5,-107.0,524,15.0,-395.0,395.28470752104744,1,-177.82525588538994,-21,11,1,3.0410518766155046
3615,234901,411045.0,3397035.0,22,270,6,5,2585.0,9.2,502,0,5,410905,3396795,502,0,6,-89.5,524,-140.0,-240.0,277.8488797889961,0,-210.25643716352926,-22,11,1,4.527219237497759
3616,234901,411045.0,3397035.0,22,270,6,5,2585.0,9.2,502,0,5,410875,3396785,503,6,14,-95.5,524,-170.0,-250.0,302.32432915661946,1,-214.2157021324374,-21,11,1,3.973487059588057
3617,234901,411045.0,3397035.0,22,270,6,5,2585.0,9.2,502,0,5,410870,3396790,502,6,14,-96.5,524,-175.0,-245.0,301.0813843464919,0,-215.53767779197437,-22,11,1,4.179172145774391
3618,234901,411045.0,3397035.0,22,270,6,5,2585.0,9.2,502,0,5,410865,3397020,504,0,5,-83.7,524,-180.0,-15.0,180.62391868188442,2,-265.2363583092738,-20,11,1,6.318468621306838
3619,234901,411045.0,3397035.0,22,270,6,5,2585.0,9.2,502,0,5,410800,3396995,505,69,5,-94.0,524,-245.0,-40.0,248.2438317461282,3,-260.7273982227997,-19,11,1,4.376751387673494
3620,234901,411045.0,3397035.0,22,270,6,5,2585.0,9.2,502,0,5,410805,3397000,505,69,5,-92.0,524,-240.0,-35.0,242.53865671269807,3,-261.70285503016316,-19,11,1,4.479290401749955
3621,234901,411045.0,3397035.0,22,270,6,5,2585.0,9.2,502,0,5,410850,3397025,505,0,14,-84.22,524,-195.0,-10.0,195.25624189766637,3,-267.06432655357884,-19,11,1,5.55784130959903
3622,234901,411045.0,3397035.0,22,270,6,5,2585.0,9.2,502,0,5,410840,3397035,505,0,5,-88.0,524,-205.0,0.0,205.0,3,90.0,-19,11,1,5.295212936617116
3623,234901,411045.0,3397035.0,22,270,6,5,2585.0,9.2,502,0,5,410875,3397010,504,12,5,-85.4,524,-170.0,-25.0,171.82840277439584,2,-261.6341138759674,-20,11,1,6.639079105677539
3624,234901,411045.0,3397035.0,22,270,6,5,2585.0,9.2,502,0,5,410855,3397030,505,0,5,-86.73,524,-190.0,-5.0,190.06577808748213,3,-268.49256424122507,-19,11,1,5.708629867361996
3625,234901,411045.0,3397035.0,22,270,6,5,2585.0,9.2,502,0,5,410830,3396965,504,0,5,-103.0,524,-215.0,-70.0,226.10838109190027,2,-251.96571443287016,-20,11,1,5.054836990982096
3626,234901,411045.0,3397035.0,22,270,6,5,2585.0,9.2,502,0,5,410835,3396970,504,0,5,-97.33,524,-210.0,-65.0,219.82947936980608,2,-252.80145877993414,-20,11,1,5.1984361326831054
3627,234901,411045.0,3397035.0,22,270,6,5,2585.0,9.2,502,0,5,410860,3397015,504,0,5,-85.45,524,-185.0,-20.0,186.07794065928394,2,-263.8298249049704,-20,11,1,6.134704902453796
3628,234901,411045.0,3397035.0,22,270,6,5,2585.0,9.2,502,0,5,410820,3396975,504,0,5,-94.0,524,-225.0,-60.0,232.86262044390037,2,-255.06858282186246,-20,11,1,4.908947227925351
3629,234901,411045.0,3397035.0,22,270,6,5,2585.0,9.2,502,0,5,410870,3397005,504,12,5,-83.88,524,-175.0,-30.0,177.55280904564702,2,-260.2724214485984,-20,11,1,6.426851664659936
3630,234901,411045.0,3397035.0,22,270,6,5,2585.0,9.2,502,0,5,410815,3396990,505,69,5,-89.0,524,-230.0,-45.0,234.3608329051593,3,-258.92979742206063,-19,11,1,4.634921878068179
3631,234901,411045.0,3397035.0,22,270,6,5,2585.0,9.2,502,0,5,410750,3397045,507,12,14,-102.0,524,-295.0,10.0,295.16944286290885,5,88.0585136090856,-17,11,1,3.296253861289076
3632,234901,411045.0,3397035.0,22,270,6,5,2585.0,9.2,502,0,5,410845,3397040,505,0,5,-83.0,524,-200.0,5.0,200.06249023742558,3,88.5679038158354,-19,11,1,5.425127529132217
3633,234901,411045.0,3397035.0,22,270,6,5,2585.0,9.2,502,0,5,411120,3397250,506,0,5,-112.0,524,75.0,215.0,227.705950734714,4,-19.2306723756613,-18,11,1,4.519793483241679
3634,234901,411045.0,3397035.0,22,270,6,5,2585.0,9.2,502,0,5,411140,3397270,506,0,5,-105.5,524,95.0,235.0,253.4758371127315,4,-22.01128319791934,-18,11,1,4.061908550927512
3635,234901,411045.0,3397035.0,22,270,6,5,2585.0,9.2,502,0,5,411070,3397200,503,0,7,-103.5,524,25.0,165.0,166.88319268278636,1,-8.615648184164115,-21,11,1,7.172203103068412
3636,234901,411045.0,3397035.0,22,270,6,5,2585.0,9.2,502,0,5,411135,3397255,506,0,5,-104.44,524,90.0,220.0,237.69728648009425,4,-22.249023657212376,-18,11,1,4.33054756877446
3637,234901,411045.0,3397035.0,22,270,6,5,2585.0,9.2,502,0,5,411055,3397175,502,0,5,-103.0,524,10.0,140.0,140.356688476182,0,-4.085616779974885,-22,11,1,8.908259228656227
3638,234901,411045.0,3397035.0,22,270,6,5,2585.0,9.2,502,0,5,411050,3397180,503,0,7,-91.5,524,5.0,145.0,145.08618128546908,1,-1.9749340108819524,-21,11,1,8.235884010250217
3639,234901,411045.0,3397035.0,22,270,6,5,2585.0,9.2,502,0,5,410925,3397285,506,0,7,-95.0,524,-120.0,250.0,277.308492477241,4,25.641005824305296,-18,11,1,3.7138396271862635
3640,234901,411045.0,3397035.0,22,270,6,5,2585.0,9.2,502,0,5,410935,3397295,506,0,14,-95.0,524,-110.0,260.0,282.3118842698621,4,22.93210043758978,-18,11,1,3.648198886971043
3641,234901,411045.0,3397035.0,22,270,6,5,2585.0,9.2,502,0,5,411130,3397260,506,0,6,-98.33,524,85.0,225.0,240.52026941611388,4,-20.695450734063286,-18,11,1,4.2799099723805405
3642,234901,411045.0,3397035.0,22,270,6,5,2585.0,9.2,502,0,5,410930,3397300,506,0,5,-100.4,524,-115.0,265.0,288.87713651308576,4,23.459024081461564,-18,11,1,3.565503372969601
3643,234901,411045.0,3397035.0,22,270,6,5,2585.0,9.2,502,0,5,410920,3397290,506,0,5,-93.18,524,-125.0,255.0,283.98943642325855,4,26.113912630290713,-18,11,1,3.6267063217182227
3644,234901,411045.0,3397035.0,22,270,6,5,2585.0,9.2,502,0,5,410880,3397330,507,9,5,-97.0,524,-165.0,295.0,338.0088756231114,5,29.219246690484624,-17,11,1,2.879238637925013
3645,234901,411045.0,3397035.0,22,270,6,5,2585.0,9.2,502,0,5,410895,3397335,506,0,5,-102.4,524,-150.0,300.0,335.4101966249685,4,26.565051177077976,-18,11,1,3.071867456220387
3646,234901,411045.0,3397035.0,22,270,6,5,2585.0,9.2,502,0,5,410885,3397325,507,0,14,-98.33,524,-160.0,290.0,331.2099032335839,5,28.886581766910695,-17,11,1,2.9382402105869767
3647,234901,411045.0,3397035.0,22,270,6,5,2585.0,9.2,502,0,5,410905,3397345,506,0,6,-101.33,524,-140.0,310.0,340.14702703389895,4,24.304549265936714,-18,11,1,3.0291693758465685
3648,234901,411045.0,3397035.0,22,270,6,5,2585.0,9.2,502,0,5,410890,3397340,506,0,5,-96.43,524,-155.0,305.0,342.12570789112004,4,26.93952806380082,-18,11,1,3.0116825483085714
3649,234901,411045.0,3397035.0,22,270,6,5,2585.0,9.2,502,0,5,411150,3397280,506,0,14,-103.25,524,105.0,245.0,266.5520587052368,4,-23.198590513648185,-18,11,1,3.8632627376119597
3650,234901,411045.0,3397035.0,22,270,6,5,2585.0,9.2,502,0,5,410945,3397305,506,0,5,-89.75,524,-100.0,270.0,287.92360097775935,4,20.32313682966293,-18,11,1,3.5772808727312335
3651,234901,411045.0,3397035.0,22,270,6,5,2585.0,9.2,502,0,5,411155,3397275,506,0,5,-107.33,524,110.0,240.0,264.0075756488817,4,-24.623564786163627,-18,11,1,3.9003821638958844
3652,234901,411045.0,3397035.0,22,270,6,5,2585.0,9.2,502,0,5,411060,3397190,503,0,7,-102.4,524,15.0,155.0,155.72411502397438,1,-5.527540151656183,-21,11,1,7.680224996211206
3653,234901,411045.0,3397035.0,22,270,6,5,2585.0,9.2,502,0,5,410825,3397275,507,0,5,-100.0,524,-220.0,240.0,325.5764119219941,5,42.51044707800088,-17,11,1,2.988989556841963
3654,234901,411045.0,3397035.0,22,270,6,5,2585.0,9.2,502,0,5,410855,3397205,506,0,7,-89.86,524,-190.0,170.0,254.95097567963924,4,48.17983011986428,-18,11,1,4.038484460418017
3655,234901,411045.0,3397035.0,22,270,6,5,2585.0,9.2,502,0,5,410865,3397235,507,0,7,-96.0,524,-180.0,200.0,269.0724809414742,5,41.987212495816664,-17,11,1,3.61514239521894
3656,234901,411045.0,3397035.0,22,270,6,5,2585.0,9.2,502,0,5,410860,3397240,508,0,14,-94.75,524,-185.0,205.0,276.1340254296815,6,42.06432655357884,-16,11,1,3.3161744325610085
3657,234901,411045.0,3397035.0,22,270,6,5,2585.0,9.2,502,0,5,410820,3397280,507,0,14,-103.0,524,-225.0,245.0,332.6409475695979,5,42.56335175318986,-17,11,1,2.925621705817543
3658,234901,411045.0,3397035.0,22,270,6,5,2585.0,9.2,502,0,5,410780,3396935,504,0,10,-116.0,524,-265.0,-100.0,283.24018076537095,2,-249.3255752391261,-20,11,1,4.039034156592505
3659,234901,411045.0,3397035.0,22,270,6,5,2585.0,9.2,502,0,5,410790,3396925,504,69,14,-114.38,524,-255.0,-110.0,277.71388153997634,2,-246.66595872329023,-20,11,1,4.119133953449771
3660,234901,411045.0,3397035.0,22,270,6,5,2585.0,9.2,502,0,5,410710,3397005,506,6,14,-87.0,524,-335.0,-30.0,336.34060117684277,4,-264.8826851500273,-18,11,1,3.0633860886947053
3661,234901,411045.0,3397035.0,22,270,6,5,2585.0,9.2,502,0,5,410770,3396945,505,0,5,-116.25,524,-275.0,-90.0,289.35272592460575,3,-251.87813975209863,-19,11,1,3.7568653595537205
3662,234901,411045.0,3397035.0,22,270,6,5,2585.0,9.2,502,0,5,410705,3397020,506,0,5,-93.56,524,-340.0,-15.0,340.3307215048327,4,-267.4738830883805,-18,11,1,3.0275374156293
3663,234901,411045.0,3397035.0,22,270,6,5,2585.0,9.2,502,0,5,410715,3397010,506,0,5,-95.18,524,-330.0,-25.0,330.94561486745823,4,-265.6676860168115,-18,11,1,3.1132271348241156
3664,234901,411045.0,3397035.0,22,270,6,5,2585.0,9.2,502,0,5,410680,3397035,507,12,14,-98.0,524,-365.0,0.0,365.0,5,90.0,-17,11,1,2.666643450245151
3665,234901,411045.0,3397035.0,22,270,6,5,2585.0,9.2,502,0,5,410795,3396930,504,0,5,-117.67,524,-250.0,-105.0,271.15493725912495,2,-247.21759426951832,-20,11,1,4.218415888433301
3666,234901,411045.0,3397035.0,22,270,6,5,2585.0,9.2,502,0,5,410695,3397030,506,0,14,-103.6,524,-350.0,-5.0,350.03571246374275,4,-269.1815445383114,-18,11,1,2.9437465114032992
3667,234901,411045.0,3397035.0,22,270,6,5,2585.0,9.2,502,0,5,410690,3397025,506,0,5,-98.0,524,-355.0,-10.0,355.1408171415953,4,-268.38646106711883,-18,11,1,2.9015033593945243
3668,234901,411045.0,3397035.0,22,270,6,5,2585.0,9.2,502,0,5,410700,3397015,506,0,5,-88.0,524,-345.0,-20.0,345.5792239125495,4,-266.6822188316652,-18,11,1,2.9816401408387296
3669,234901,411045.0,3397035.0,22,270,6,5,2585.0,9.2,502,0,5,410765,3396950,505,0,5,-108.2,524,-280.0,-85.0,292.61749776799064,3,-253.11320887605598,-19,11,1,3.715067562954298
3670,234901,411045.0,3397035.0,22,270,6,5,2585.0,9.2,502,0,5,410785,3396930,504,0,5,-112.67,524,-260.0,-105.0,280.40149785619906,2,-248.00887008282288,-20,11,1,4.079786485392771
3671,234901,411045.0,3397035.0,22,270,6,5,2585.0,9.2,502,0,5,410780,3396925,504,69,5,-111.25,524,-265.0,-110.0,286.9233347080715,2,-247.4569389999421,-20,11,1,3.987354537213087
3672,234901,411045.0,3397035.0,22,270,6,5,2585.0,9.2,502,0,5,410685,3397030,507,0,14,-94.83,524,-360.0,-5.0,360.0347205478938,5,-269.2042764472607,-17,11,1,2.7033652449776873
3673,234901,411045.0,3397035.0,22,270,6,5,2585.0,9.2,502,0,5,410705,3397010,506,6,14,-92.5,524,-340.0,-25.0,340.91787867461574,4,-265.79464299829147,-18,11,1,3.0223328140014702
3674,234901,411045.0,3397035.0,22,270,6,5,2585.0,9.2,502,0,5,410710,3397015,506,0,5,-91.3,524,-335.0,-20.0,335.5964838909967,4,-266.5834118082287,-18,11,1,3.070165547102448
3675,234901,411045.0,3397035.0,22,270,6,5,2585.0,9.2,502,0,5,410795,3396940,504,0,10,-116.5,524,-250.0,-95.0,267.44158240632663,2,-249.19320898728878,-20,11,1,4.276771624880091
3676,234901,411045.0,3397035.0,22,270,6,5,2585.0,9.2,502,0,5,410790,3396935,504,0,5,-117.71,524,-255.0,-100.0,273.9069184960467,2,-248.58703052512826,-20,11,1,4.176183581054955
3677,234901,411045.0,3397035.0,22,270,6,5,2585.0,9.2,502,0,5,410680,3397025,507,0,5,-93.22,524,-365.0,-10.0,365.1369606051954,5,-268.43064519525103,-17,11,1,2.6656446518549592
3678,234901,411045.0,3397035.0,22,270,6,5,2585.0,9.2,502,0,5,410715,3397020,506,0,5,-88.4,524,-330.0,-15.0,330.3407331831786,4,-267.3974377975002,-18,11,1,3.1189164713051953
3679,234901,411045.0,3397035.0,22,270,6,5,2585.0,9.2,502,0,5,410690,3397035,507,12,14,-100.0,524,-355.0,0.0,355.0,5,90.0,-17,11,1,2.741647122960003
3680,234901,411045.0,3397035.0,22,270,6,5,2585.0,9.2,502,0,5,410965,3397180,504,0,7,-93.0,524,-80.0,145.0,165.60495161679194,2,28.886581766910695,-20,11,1,6.886223403234235
3681,234901,411045.0,3397035.0,22,270,6,5,2585.0,9.2,502,0,5,410885,3397260,507,6,5,-108.5,524,-160.0,225.0,276.08875384557047,5,35.417055276467465,-17,11,1,3.5235048574552903
3682,234901,411045.0,3397035.0,22,270,6,5,2585.0,9.2,502,0,5,410980,3397195,504,0,7,-94.0,524,-65.0,160.0,172.69916039170545,2,22.109448343751694,-20,11,1,6.605901144062774
3683,234901,411045.0,3397035.0,22,270,6,5,2585.0,9.2,502,0,5,410910,3397265,507,6,5,-85.75,524,-135.0,230.0,266.6927070618917,5,30.411081267125383,-17,11,1,3.647314631032252
3684,234901,411045.0,3397035.0,22,270,6,5,2585.0,9.2,502,0,5,410995,3397190,504,0,7,-93.29,524,-50.0,155.0,162.8649747490233,2,17.878696595841348,-20,11,1,7.000934219995151
3685,234901,411045.0,3397035.0,22,270,6,5,2585.0,9.2,502,0,5,411065,3397440,504,0,6,-115.0,524,20.0,405.0,405.493526458808,2,-2.8271245781612606,-20,11,1,2.823689254965859
3686,234901,411045.0,3397035.0,22,270,6,5,2585.0,9.2,502,0,5,410990,3397185,504,0,7,-95.67,524,-55.0,150.0,159.76545308670458,2,20.13630342824814,-20,11,1,7.135368635716223
3687,234901,411045.0,3397035.0,22,270,6,5,2585.0,9.2,502,0,5,410925,3397220,506,0,7,-88.0,524,-120.0,185.0,220.51077071199947,4,32.96940390346214,-18,11,1,4.666631428434617
3688,234901,411045.0,3397035.0,22,270,6,5,2585.0,9.2,502,0,5,410985,3397200,504,0,7,-92.19,524,-60.0,165.0,175.57049866079439,2,19.98310652189997,-20,11,1,6.498797841668204
3689,234901,411045.0,3397035.0,22,270,6,5,2585.0,9.2,502,0,5,410920,3397215,506,0,7,-91.0,524,-125.0,180.0,219.14607000811125,4,34.7778313663639,-18,11,1,4.695562659346313
3690,234901,411045.0,3397035.0,22,270,6,5,2585.0,9.2,502,0,5,410915,3397270,506,0,5,-91.24,524,-130.0,235.0,268.5609800399157,4,28.950995207466804,-18,11,1,3.834450839463493
3691,234901,411045.0,3397035.0,22,270,6,5,2585.0,9.2,502,0,5,410905,3397280,507,0,14,-97.88,524,-140.0,245.0,282.17902119044925,5,29.744881296942253,-17,11,1,3.4476425322168054
3692,234901,411045.0,3397035.0,22,270,6,5,2585.0,9.2,502,0,5,411165,3397300,507,0,5,-115.0,524,120.0,265.0,290.90376415577714,5,-24.362453015312184,-17,11,1,3.344479678929566
3693,234901,411045.0,3397035.0,22,270,6,5,2585.0,9.2,502,0,5,411160,3397295,506,0,5,-114.67,524,115.0,260.0,284.29737951659,4,-23.860175191342336,-18,11,1,3.6227884408786744
3694,234901,411045.0,3397035.0,22,270,6,5,2585.0,9.2,502,0,5,410900,3397275,507,0,14,-95.33,524,-145.0,240.0,280.40149785619906,5,31.13897243697886,-17,11,1,3.469444636441985
3695,234901,411045.0,3397035.0,22,270,6,5,2585.0,9.2,502,0,5,411060,3397435,504,0,5,-115.67,524,15.0,400.0,400.2811511925087,2,-2.1475854282984983,-20,11,1,2.8603980577359898
3696,234901,411045.0,3397035.0,22,270,6,5,2585.0,9.2,502,0,5,410975,3397170,504,0,7,-93.67,524,-70.0,135.0,152.0690632574555,2,27.407575437818423,-20,11,1,7.492492028240438
3697,234901,411045.0,3397035.0,22,270,6,5,2585.0,9.2,502,0,5,410860,3397270,507,0,5,-98.0,524,-185.0,235.0,299.0819285747636,5,38.21102542556122,-17,11,1,3.2532266450190948
3698,234901,411045.0,3397035.0,22,270,6,5,2585.0,9.2,502,0,5,410875,3397275,507,0,5,-99.2,524,-170.0,240.0,294.10882339705483,5,35.31121343963321,-17,11,1,3.3081145064032587
3699,234901,411045.0,3397035.0,22,270,6,5,2585.0,9.2,502,0,5,410865,3397265,507,0,5,-93.33,524,-180.0,230.0,292.0616373302047,5,38.04704253182604,-17,11,1,3.3312504685137148
3700,234901,411045.0,3397035.0,22,270,6,5,2585.0,9.2,502,0,5,410870,3397280,507,0,5,-101.06,524,-175.0,245.0,301.0813843464919,5,35.537677791974374,-17,11,1,3.231668188413686
3701,234901,411045.0,3397035.0,22,270,6,5,2585.0,9.2,502,0,5,410855,3397255,508,9,5,-93.0,524,-190.0,220.0,290.68883707497264,6,40.815083874881566,-16,11,1,3.1504765968682116
3702,234901,411045.0,3397035.0,22,270,6,5,2585.0,9.2,502,0,5,410845,3397155,502,0,5,-84.33,524,-200.0,120.0,233.23807579381202,0,59.03624346792651,-22,11,1,5.38843714118542
3703,234901,411045.0,3397035.0,22,270,6,5,2585.0,9.2,502,0,5,410865,3397135,503,0,5,-77.5,524,-180.0,100.0,205.91260281974002,1,60.94539590092285,-21,11,1,5.823177809310504
3704,234901,411045.0,3397035.0,22,270,6,5,2585.0,9.2,502,0,5,410875,3397125,503,0,14,-76.33,524,-170.0,90.0,192.35384061671346,1,62.10272896905235,-21,11,1,6.230522546899904
3705,234901,411045.0,3397035.0,22,270,6,5,2585.0,9.2,502,0,5,410855,3397145,502,0,5,-84.25,524,-190.0,110.0,219.5449840010015,0,59.931417178137565,-22,11,1,5.722350109638194
3706,234901,411045.0,3397035.0,22,270,6,5,2585.0,9.2,502,0,5,410850,3397150,502,0,5,-84.29,524,-195.0,115.0,226.38462845343543,0,59.47029410006587,-22,11,1,5.550559929961746
3707,234901,411045.0,3397035.0,22,270,6,5,2585.0,9.2,502,0,5,410815,3397185,505,0,5,-91.0,524,-230.0,150.0,274.5906043549196,3,56.88865803962801,-19,11,1,3.9582105262511735
3708,234901,411045.0,3397035.0,22,270,6,5,2585.0,9.2,502,0,5,410860,3397140,503,0,5,-80.14,524,-185.0,105.0,212.72047386182646,1,60.42216131873869,-21,11,1,5.638034137684737
3709,234901,411045.0,3397035.0,22,270,6,5,2585.0,9.2,502,0,5,410820,3397180,504,0,5,-88.67,524,-225.0,145.0,267.67517628648346,2,57.20046872738078,-20,11,1,4.273053215848868
3710,234901,411045.0,3397035.0,22,270,6,5,2585.0,9.2,502,0,5,410940,3396925,502,0,5,-87.67,524,-105.0,-110.0,152.0690632574555,0,-223.66778014613035,-22,11,1,8.23193032963556
3711,234901,411045.0,3397035.0,22,270,6,5,2585.0,9.2,502,0,5,411045,3397070,503,0,5,-92.5,524,0.0,35.0,35.0,1,0.0,-21,11,1,30.96375653207352
3712,234901,411045.0,3397035.0,22,270,6,5,2585.0,9.2,502,0,5,411050,3397075,503,9,5,-92.0,524,5.0,40.0,40.311288741492746,1,-7.125016348901795,-21,11,1,27.51707508464421
3713,234901,411045.0,3397035.0,22,270,6,5,2585.0,9.2,502,0,5,411100,3397085,502,12,6,-110.0,524,55.0,50.0,74.33034373659252,0,-47.72631099390625,-22,11,1,16.48749092053611
3714,234901,411045.0,3397035.0,22,270,6,5,2585.0,9.2,502,0,5,410920,3396945,503,0,5,-83.78,524,-125.0,-90.0,154.02921800749363,1,-234.24611274556327,-21,11,1,7.7637109995137585
3715,234901,411045.0,3397035.0,22,270,6,5,2585.0,9.2,502,0,5,411055,3397080,502,9,6,-91.0,524,10.0,45.0,46.09772228646444,0,-12.528807709151522,-22,11,1,25.512670167569127
3716,234901,411045.0,3397035.0,22,270,6,5,2585.0,9.2,502,0,5,410925,3396950,503,0,5,-82.17,524,-120.0,-85.0,147.05441169852742,1,-234.6887865603668,-21,11,1,8.127134325384013
3717,234901,411045.0,3397035.0,22,270,6,5,2585.0,9.2,502,0,5,410930,3396955,503,6,5,-81.5,524,-115.0,-80.0,140.089257261219,1,-235.1755108430432,-21,11,1,8.525410167129976
3718,234901,411045.0,3397035.0,22,270,6,5,2585.0,9.2,502,0,5,410500,3396995,505,6,5,-94.5,524,-545.0,-40.0,546.465918424928,3,-265.8023316428391,-19,11,1,1.9913070950945306
3719,234901,411045.0,3397035.0,22,270,6,5,2585.0,9.2,502,0,5,410875,3396710,507,0,14,-95.0,524,-170.0,-325.0,366.7764987018661,5,-207.61302782308445,-17,11,1,2.6537459498168916
3720,234901,411045.0,3397035.0,22,270,6,5,2585.0,9.2,502,0,5,411030,3396760,506,6,6,-109.0,524,-15.0,-275.0,275.40878707840824,4,-183.1221304621157,-18,11,1,3.73938439040705
3721,234901,411045.0,3397035.0,22,270,6,5,2585.0,9.2,502,0,5,411025,3396745,508,6,14,-101.0,524,-20.0,-290.0,290.68883707497264,6,-183.94518622903757,-16,11,1,3.1504765968682116
3722,234901,411045.0,3397035.0,22,270,6,5,2585.0,9.2,502,0,5,411020,3396750,507,6,14,-117.0,524,-25.0,-285.0,286.09439001839934,5,-185.01311375503582,-17,11,1,3.4005710210184
3723,234901,411045.0,3397035.0,22,270,6,5,2585.0,9.2,502,0,5,410945,3396665,505,6,14,-109.0,524,-100.0,-370.0,383.275357934736,3,-195.12400730831058,-19,11,1,2.8379841187049637
3724,234901,411045.0,3397035.0,22,270,6,5,2585.0,9.2,502,0,5,410440,3397015,505,0,5,-95.0,524,-605.0,-20.0,605.3304882458838,3,-268.10661415425375,-19,11,1,1.797798958093022
3725,234901,411045.0,3397035.0,22,270,6,5,2585.0,9.2,502,0,5,410870,3396785,503,6,14,-97.0,524,-175.0,-250.0,305.16389039334257,1,-214.9920201985587,-21,11,1,3.936630409261849
3726,234901,411045.0,3397035.0,22,270,6,5,2585.0,9.2,502,0,5,410855,3396770,503,6,6,-98.0,524,-190.0,-265.0,326.0751447136074,1,-215.63980919808668,-21,11,1,3.6848929234225434
3727,234901,411045.0,3397035.0,22,270,6,5,2585.0,9.2,502,0,5,411150,3397290,506,0,14,-103.67,524,105.0,255.0,275.77164466275354,4,-22.38013505195957,-18,11,1,3.7344780780498508
3728,234901,411045.0,3397035.0,22,270,6,5,2585.0,9.2,502,0,5,410935,3397265,506,0,7,-90.33,524,-110.0,230.0,254.95097567963924,4,25.55996517182382,-18,11,1,4.038484460418017
3729,234901,411045.0,3397035.0,22,270,6,5,2585.0,9.2,502,0,5,410930,3397270,506,0,7,-91.5,524,-115.0,235.0,261.6295090390226,4,26.07535558394875,-18,11,1,3.9357235501248176
3730,234901,411045.0,3397035.0,22,270,6,5,2585.0,9.2,502,0,5,410925,3397275,506,0,7,-95.08,524,-120.0,240.0,268.32815729997475,4,26.565051177077976,-18,11,1,3.8377679742380146
3731,234901,411045.0,3397035.0,22,270,6,5,2585.0,9.2,502,0,5,410940,3397260,506,0,7,-92.33,524,-105.0,225.0,248.29418035870273,4,25.01689347810003,-18,11,1,4.146383964588246
3732,234901,411045.0,3397035.0,22,270,6,5,2585.0,9.2,502,0,5,411010,3397190,503,0,7,-96.4,524,-35.0,155.0,158.90248582070703,1,12.724355685422381,-21,11,1,7.528384661332966
3733,234901,411045.0,3397035.0,22,270,6,5,2585.0,9.2,502,0,5,411015,3397185,503,0,7,-91.5,524,-30.0,150.0,152.97058540778355,1,11.30993247402023,-21,11,1,7.816777766952081
3734,234901,411045.0,3397035.0,22,270,6,5,2585.0,9.2,502,0,5,411070,3397370,504,0,6,-111.75,524,25.0,335.0,335.9315406448165,2,-4.26789330029078,-20,11,1,3.4071363176003104
3735,234901,411045.0,3397035.0,22,270,6,5,2585.0,9.2,502,0,5,410920,3397280,506,0,5,-93.69,524,-125.0,245.0,275.04545078950133,4,27.030860259842996,-18,11,1,3.74431009130848
3736,234901,411045.0,3397035.0,22,270,6,5,2585.0,9.2,502,0,5,411000,3397200,504,0,7,-90.1,524,-45.0,165.0,171.0263137648707,2,15.255118703057803,-20,11,1,6.669935543365446
3737,234901,411045.0,3397035.0,22,270,6,5,2585.0,9.2,502,0,5,410955,3397245,506,0,7,-100.0,524,-90.0,210.0,228.47319317591726,4,23.198590513648185,-18,11,1,4.5046780082949835
3738,234901,411045.0,3397035.0,22,270,6,5,2585.0,9.2,502,0,5,411060,3397380,504,0,5,-115.8,524,15.0,345.0,345.3259329966401,2,-2.4895529219991204,-20,11,1,3.3146566938576254
3739,234901,411045.0,3397035.0,22,270,6,5,2585.0,9.2,502,0,5,411065,3397375,504,0,6,-109.67,524,20.0,340.0,340.58772731852804,2,-3.366460663429791,-20,11,1,3.3606647348940752
3740,234901,411045.0,3397035.0,22,270,6,5,2585.0,9.2,502,0,5,411005,3397195,503,0,7,-92.3,524,-40.0,160.0,164.92422502470643,1,14.03624346792651,-21,11,1,7.256491603022489
3741,234901,411045.0,3397035.0,22,270,6,5,2585.0,9.2,502,0,5,411145,3397295,506,0,14,-108.86,524,100.0,260.0,278.5677655436824,4,-21.037511025421793,-18,11,1,3.6970977831058702
3742,234901,411045.0,3397035.0,22,270,6,5,2585.0,9.2,502,0,5,410915,3397205,505,0,7,-94.5,524,-130.0,170.0,214.00934559032697,3,37.40535663140855,-19,11,1,5.07348432245485
3743,234901,411045.0,3397035.0,22,270,6,5,2585.0,9.2,502,0,5,410945,3397255,506,0,7,-89.2,524,-100.0,220.0,241.66091947189145,4,24.44395478041656,-18,11,1,4.259783146280911
3744,234901,411045.0,3397035.0,22,270,6,5,2585.0,9.2,502,0,5,411075,3397365,504,15,5,-109.5,524,30.0,330.0,331.3608305156178,2,-5.194428907734789,-20,11,1,3.4540205115104365
3745,234901,411045.0,3397035.0,22,270,6,5,2585.0,9.2,502,0,5,411020,3397180,503,0,7,-94.55,524,-25.0,145.0,147.13938969562162,1,9.782407031807281,-21,11,1,8.1225032812106
3746,234901,411045.0,3397035.0,22,270,6,5,2585.0,9.2,502,0,5,411055,3397385,504,0,5,-110.4,524,10.0,350.0,350.14282800023193,2,-1.6365770416167038,-20,11,1,3.269156741030331
3747,234901,411045.0,3397035.0,22,270,6,5,2585.0,9.2,502,0,5,411140,3397300,506,0,5,-108.0,524,95.0,265.0,281.51376520518494,4,-19.72227776444703,-18,11,1,3.6585138363761325
3748,234901,411045.0,3397035.0,22,270,6,5,2585.0,9.2,502,0,5,411025,3397175,503,0,7,-94.67,524,-20.0,140.0,141.4213562373095,1,8.130102354155952,-21,11,1,8.446269977482084
3749,234901,411045.0,3397035.0,22,270,6,5,2585.0,9.2,502,0,5,411155,3397285,506,0,14,-100.67,524,110.0,250.0,273.1300056749533,4,-23.749494492866745,-18,11,1,3.770493241140887
3750,234901,411045.0,3397035.0,22,270,6,5,2585.0,9.2,502,0,5,410980,3397140,503,0,5,-86.0,524,-65.0,105.0,123.4908903522847,1,31.75948008481282,-21,11,1,9.65099830531909
3751,234901,411045.0,3397035.0,22,270,6,5,2585.0,9.2,502,0,5,410745,3397050,507,12,14,-95.0,524,-300.0,15.0,300.3747659175118,5,87.13759477388828,-17,11,1,3.2392543755025787
3752,234901,411045.0,3397035.0,22,270,6,5,2585.0,9.2,502,0,5,410865,3397010,504,0,5,-88.4,524,-180.0,-25.0,181.72781845386248,2,-262.09283729704157,-20,11,1,6.280394912629286
3753,234901,411045.0,3397035.0,22,270,6,5,2585.0,9.2,502,0,5,410875,3397020,504,0,5,-83.07,524,-170.0,-15.0,170.66048165876012,2,-264.9575489308291,-20,11,1,6.684104150154789
3754,234901,411045.0,3397035.0,22,270,6,5,2585.0,9.2,502,0,5,410830,3396975,504,0,5,-95.67,524,-215.0,-60.0,223.21514285549716,2,-254.40718906073366,-20,11,1,5.12001002582533
3755,234901,411045.0,3397035.0,22,270,6,5,2585.0,9.2,502,0,5,410855,3397040,505,5,5,-83.67,524,-190.0,5.0,190.06577808748213,3,88.49256424122507,-19,11,1,5.708629867361996
3756,234901,411045.0,3397035.0,22,270,6,5,2585.0,9.2,502,0,5,410840,3397025,505,0,5,-85.6,524,-205.0,-10.0,205.24375751773792,3,-267.2072976342867,-19,11,1,5.288959768374366
3757,234901,411045.0,3397035.0,22,270,6,5,2585.0,9.2,502,0,5,410815,3397000,505,69,5,-89.5,524,-230.0,-35.0,232.64780248263682,3,-261.3474582088853,-19,11,1,4.6688993675698
3758,234901,411045.0,3397035.0,22,270,6,5,2585.0,9.2,502,0,5,410870,3397015,504,0,5,-84.58,524,-175.0,-20.0,176.13914953808538,2,-263.480198248343,-20,11,1,6.477995631279924
3759,234901,411045.0,3397035.0,22,270,6,5,2585.0,9.2,502,0,5,410805,3396990,505,69,5,-99.0,524,-240.0,-45.0,244.1823089414956,3,-259.38034472384487,-19,11,1,4.44926065015584
3760,234901,411045.0,3397035.0,22,270,6,5,2585.0,9.2,502,0,5,410835,3396980,504,0,5,-96.71,524,-210.0,-55.0,217.0829334609241,2,-255.32360686255,-20,11,1,5.263839874945204
3761,234901,411045.0,3397035.0,22,270,6,5,2585.0,9.2,502,0,5,410860,3397005,504,12,5,-80.6,524,-185.0,-30.0,187.41664813991312,2,-260.78897345918335,-20,11,1,6.091215619742459
3762,234901,411045.0,3397035.0,22,270,6,5,2585.0,9.2,502,0,5,410845,3397030,505,0,5,-88.54,524,-200.0,-5.0,200.06249023742558,3,-268.5679038158354,-19,11,1,5.425127529132217
3763,234901,411045.0,3397035.0,22,270,6,5,2585.0,9.2,502,0,5,410850,3397035,505,0,5,-88.4,524,-195.0,0.0,195.0,3,90.0,-19,11,1,5.565098834911646
3764,234901,411045.0,3397035.0,22,270,6,5,2585.0,9.2,502,0,5,410790,3397095,506,0,14,-77.5,524,-255.0,60.0,261.9637379485947,4,76.75948008481282,-18,11,1,3.9307178708252377
3765,234901,411045.0,3397035.0,22,270,6,5,2585.0,9.2,502,0,5,410800,3396985,505,69,5,-90.25,524,-245.0,-50.0,250.04999500099976,3,-258.4653793463553,-19,11,1,4.345258718848028
3766,234901,411045.0,3397035.0,22,270,6,5,2585.0,9.2,502,0,5,410825,3396970,504,0,5,-99.67,524,-220.0,-65.0,229.40139493908924,2,-253.53998518795996,-20,11,1,4.982643679849891
3767,234901,411045.0,3397035.0,22,270,6,5,2585.0,9.2,502,0,5,410810,3396995,505,69,5,-85.75,524,-235.0,-40.0,238.37994882120435,3,-260.34010692155766,-19,11,1,4.557108466920063
3768,234901,411045.0,3397035.0,22,270,6,5,2585.0,9.2,502,0,5,410765,3397110,506,0,6,-87.5,524,-280.0,75.0,289.8706608127149,4,75.00492087082398,-18,11,1,3.5533140653038964
3769,234901,411045.0,3397035.0,22,270,6,5,2585.0,9.2,502,0,5,411185,3396790,503,0,6,-106.0,524,140.0,-245.0,282.17902119044925,1,-150.25511870305778,-21,11,1,4.256154139057605
3770,234901,411045.0,3397035.0,22,270,6,5,2585.0,9.2,502,0,5,411165,3396770,503,0,5,-111.0,524,120.0,-265.0,290.90376415577714,1,-155.63754698468782,-21,11,1,4.128952457303229
3771,234901,411045.0,3397035.0,22,270,6,5,2585.0,9.2,502,0,5,411150,3396755,504,0,14,-116.0,524,105.0,-280.0,299.0401310861136,2,-159.44395478041653,-20,11,1,3.826281069379679
3772,234901,411045.0,3397035.0,22,270,6,5,2585.0,9.2,502,0,5,411160,3396765,503,6,6,-115.0,524,115.0,-270.0,293.47061181658376,1,-156.92958775017536,-21,11,1,4.092961751026374
3773,234901,411045.0,3397035.0,22,270,6,5,2585.0,9.2,502,0,5,411100,3396705,505,0,14,-109.0,524,55.0,-330.0,334.55193916640206,3,-170.53767779197437,-19,11,1,3.250471873466944
3774,234901,411045.0,3397035.0,22,270,6,5,2585.0,9.2,502,0,5,411010,3396615,502,6,5,-107.05,524,-35.0,-420.0,421.4558102577303,0,-184.76364169072616,-22,11,1,2.9881285123202987
3775,234901,411045.0,3397035.0,22,270,6,5,2585.0,9.2,502,0,5,411425,3397030,503,0,5,-103.0,524,380.0,-5.0,380.0328933131973,1,-90.75384833307078,-21,11,1,3.1628550210407034
3776,234901,411045.0,3397035.0,22,270,6,5,2585.0,9.2,502,0,5,411170,3396775,503,0,14,-110.0,524,125.0,-260.0,288.4874347350331,1,-154.3231843181618,-21,11,1,4.163414862638037
3777,234901,411045.0,3397035.0,22,270,6,5,2585.0,9.2,502,0,5,411140,3396745,504,6,14,-110.33,524,95.0,-290.0,305.16389039334257,2,-161.86191784440268,-20,11,1,3.7497199281485347
3778,234901,411045.0,3397035.0,22,270,6,5,2585.0,9.2,502,0,5,411145,3396750,504,0,14,-109.0,524,100.0,-285.0,302.03476621077914,2,-160.6651914621736,-20,11,1,3.7884550215768793
3779,234901,411045.0,3397035.0,22,270,6,5,2585.0,9.2,502,0,5,411155,3396760,504,6,6,-109.0,524,110.0,-275.0,296.1840643923977,2,-158.19859051364818,-20,11,1,3.8630662442261694
3780,234901,411045.0,3397035.0,22,270,6,5,2585.0,9.2,502,0,5,411420,3397025,503,0,5,-99.33,524,375.0,-10.0,375.13330963805384,1,-91.52752544221292,-21,11,1,3.204079279731673
